Adder graph: {{'A',[7;7;7],1,[1;1;1],0,3,[-1;-1;-1],0,0},{'M',[4;4;1],1,[1;1;1],0,[2;2;0]},{'A',[-505;519;135],2,[7;7;7],1,0,[-4;4;1],1,7},{'M',[14;7;56],2,[7;7;7],1,[1;0;3]},{'A',[617;575;313],3,[14;7;56],2,3,[505;519;-135],2,0},{'M',[1;128;4],1,[1;1;1],0,[0;7;2]},{'A',[18;526;30],2,[7;7;7],1,1,[1;128;4],1,2},{'M',[4;8;1],1,[1;1;1],0,[2;3;0]},{'A',[452;440;447],2,[7;7;7],1,6,[4;-8;-1],1,0},{'M',[18;1052;120],3,[18;526;30],2,[0;1;2]},{'M',[452;1760;1080],3,[-505;519;135],2,[NaN;NaN;3],[452;440;447],2,[0;2;NaN]},{'A',[-434;-708;-960],4,[18;1052;120],3,0,[-452;-1760;-1080],3,0},{'M',[452;1038;135],3,[-505;519;135],2,[NaN;1;0],[452;440;447],2,[0;NaN;NaN]},{'M',[18;440;540],3,[-505;519;135],2,[NaN;NaN;2],[18;526;30],2,[0;NaN;NaN],[452;440;447],2,[NaN;0;NaN]},{'A',[470;598;675],4,[452;1038;135],3,0,[18;-440;540],3,0},{'O',[434;708;960],4,[434;708;960],4,0},{'O',[470;598;675],4,[470;598;675],4,0},{'R',[617;575;313],4,[617;575;313],3},{'O',[617;575;313],4,[617;575;313],4,0}}
Adder graph: {{'M',[128;1;128],1,[1;1;1],0,[7;0;7]},{'M',[2;4;1],1,[1;1;1],0,[1;2;0]},{'A',[130;-3;127],2,[128;1;128],1,0,[2;-4;-1],1,0},{'M',[1;128;256],1,[1;1;1],0,[0;7;8]},{'M',[4;1;2],1,[1;1;1],0,[2;0;1]},{'A',[-7;130;260],2,[1;128;256],1,0,[-4;1;2],1,1},{'M',[2;32;1],1,[1;1;1],0,[1;5;0]},{'M',[2;1;1],1,[1;1;1],0,[1;0;0]},{'A',[80;224;40],2,[2;32;1],1,3,[2;-1;1],1,5},{'M',[-7;130;520],3,[-7;130;260],2,[0;0;1]},{'M',[-224;224;40],3,[-7;130;260],2,[5;NaN;NaN],[80;224;40],2,[NaN;0;0]},{'A',[217;354;480],4,[-7;130;520],3,0,[224;224;-40],3,0},{'A',[-50;221;167],3,[80;224;40],2,0,[-130;-3;127],2,0},{'M',[130;130;127],3,[130;-3;127],2,[0;NaN;0],[-7;130;260],2,[NaN;0;NaN]},{'A',[470;299;675],4,[130;130;127],3,2,[-50;-221;167],3,0},{'M',[-400;221;167],4,[-50;221;167],3,[3;0;0]},{'A',[617;575;313],5,[217;354;480],4,0,[400;221;-167],4,0},{'R',[217;354;480],5,[217;354;480],4},{'O',[434;708;960],5,[217;354;480],5,1},{'M',[470;598;675],5,[470;299;675],4,[0;1;0]},{'O',[470;598;675],5,[470;598;675],5,0},{'O',[617;575;313],5,[617;575;313],5,0}}
Adder graph: {{'A',[5;3;5],1,[1;1;1],0,2,[1;-1;1],0,0},{'A',[15;15;17],1,[1;1;1],0,4,[-1;-1;1],0,0},{'M',[15;12;5],2,[5;3;5],1,[NaN;2;0],[15;15;17],1,[0;NaN;NaN]},{'M',[5;15;160],2,[5;3;5],1,[0;NaN;5],[15;15;17],1,[NaN;0;NaN]},{'A',[470;354;480],3,[15;12;5],2,5,[-5;-15;160],2,1},{'M',[8;1;1],1,[1;1;1],0,[3;0;0]},{'A',[232;239;273],2,[15;15;17],1,4,[-8;-1;1],1,0},{'M',[15;60;40],2,[5;3;5],1,[NaN;NaN;3],[15;15;17],1,[0;2;NaN]},{'A',[217;299;313],3,[232;239;273],2,0,[-15;60;40],2,0},{'A',[632;383;641],2,[5;3;5],1,7,[-8;-1;1],1,0},{'M',[15;192;34],2,[5;3;5],1,[NaN;6;NaN],[15;15;17],1,[0;NaN;1]},{'A',[617;575;675],3,[632;383;641],2,0,[-15;192;34],2,0},{'M',[217;354;480],4,[470;354;480],3,[NaN;0;0],[217;299;313],3,[0;NaN;NaN]},{'O',[434;708;960],4,[217;354;480],4,1},{'M',[470;598;675],4,[470;354;480],3,[0;NaN;NaN],[217;299;313],3,[NaN;1;NaN],[617;575;675],3,[NaN;NaN;0]},{'O',[470;598;675],4,[470;598;675],4,0},{'M',[617;575;313],4,[217;299;313],3,[NaN;NaN;0],[617;575;675],3,[0;0;NaN]},{'O',[617;575;313],4,[617;575;313],4,0}}
Adder graph: {{'A',[17;15;17],1,[1;1;1],0,4,[1;-1;1],0,0},{'M',[2;1;1],1,[1;1;1],0,[1;0;0]},{'A',[138;119;135],2,[17;15;17],1,3,[2;-1;-1],1,0},{'M',[8;1;8],1,[1;1;1],0,[3;0;3]},{'A',[76;61;-60],2,[8;1;8],1,0,[17;15;-17],1,2},{'M',[1;4;1],1,[1;1;1],0,[0;2;0]},{'M',[1;1;8],1,[1;1;1],0,[0;0;3]},{'A',[65;257;56],2,[1;4;1],1,6,[1;1;-8],1,0},{'M',[276;257;270],3,[138;119;135],2,[1;NaN;1],[65;257;56],2,[NaN;0;NaN]},{'M',[65;61;-60],3,[76;61;-60],2,[NaN;0;0],[65;257;56],2,[0;NaN;NaN]},{'A',[617;575;480],4,[276;257;270],3,1,[65;61;-60],3,0},{'M',[65;476;540],3,[138;119;135],2,[NaN;2;2],[65;257;56],2,[0;NaN;NaN]},{'M',[152;122;135],3,[138;119;135],2,[NaN;NaN;0],[76;61;-60],2,[1;1;NaN]},{'A',[217;354;675],4,[65;476;540],3,0,[152;-122;135],3,0},{'M',[304;61;224],3,[76;61;-60],2,[2;0;NaN],[65;257;56],2,[NaN;NaN;2]},{'M',[138;476;135],3,[138;119;135],2,[0;2;0]},{'A',[470;598;313],4,[304;61;224],3,1,[-138;476;-135],3,0},{'M',[217;354;480],5,[617;575;480],4,[NaN;NaN;0],[217;354;675],4,[0;0;NaN]},{'O',[434;708;960],5,[217;354;480],5,1},{'M',[470;598;675],5,[217;354;675],4,[NaN;NaN;0],[470;598;313],4,[0;0;NaN]},{'O',[470;598;675],5,[470;598;675],5,0},{'M',[617;575;313],5,[617;575;480],4,[0;0;NaN],[470;598;313],4,[NaN;NaN;0]},{'O',[617;575;313],5,[617;575;313],5,0}}
Adder graph: {{'M',[1;1;4],1,[1;1;1],0,[0;0;2]},{'M',[64;1;64],1,[1;1;1],0,[6;0;6]},{'A',[-62;1;-56],2,[1;1;4],1,1,[-64;-1;-64],1,0},{'A',[7;7;7],1,[1;1;1],0,3,[-1;-1;-1],0,0},{'M',[1;16;16],1,[1;1;1],0,[0;4;4]},{'A',[57;72;40],2,[7;7;7],1,3,[1;16;-16],1,0},{'M',[-62;1;1280],3,[-62;1;-56],2,[0;0;NaN],[57;72;40],2,[NaN;NaN;5]},{'M',[-62;72;40],3,[-62;1;-56],2,[0;NaN;NaN],[57;72;40],2,[NaN;0;0]},{'A',[434;-575;960],4,[-62;1;1280],3,0,[62;-72;-40],3,3},{'M',[32;1;32],1,[1;1;1],0,[5;0;5]},{'A',[121;11;135],2,[32;1;32],1,2,[-7;7;7],1,0},{'M',[242;11;135],3,[121;11;135],2,[1;0;0]},{'M',[57;72;135],3,[57;72;40],2,[0;0;NaN],[121;11;135],2,[NaN;NaN;0]},{'A',[470;299;675],4,[242;11;135],3,0,[57;72;135],3,2},{'M',[-62;22;-56],3,[-62;1;-56],2,[0;NaN;0],[121;11;135],2,[NaN;1;NaN]},{'M',[121;1;135],3,[-62;1;-56],2,[NaN;0;NaN],[121;11;135],2,[0;NaN;0]},{'A',[-617;177;-313],4,[-62;22;-56],3,3,[-121;1;135],3,0},{'M',[434;708;960],5,[434;-575;960],4,[0;NaN;0],[-617;177;-313],4,[NaN;2;NaN]},{'O',[434;708;960],5,[434;708;960],5,0},{'M',[470;598;675],5,[470;299;675],4,[0;1;0]},{'O',[470;598;675],5,[470;598;675],5,0},{'M',[-617;-575;-313],5,[434;-575;960],4,[NaN;0;NaN],[-617;177;-313],4,[0;NaN;0]},{'O',[617;575;313],5,[617;575;313],5,0}}
Adder graph: {{'A',[33;31;33],1,[1;1;1],0,5,[1;-1;1],0,0},{'M',[16;1;16],1,[1;1;1],0,[4;0;4]},{'A',[200;252;328],2,[33;31;33],1,3,[-16;1;16],1,2},{'M',[1;8;4],1,[1;1;1],0,[0;3;2]},{'M',[64;64;1],1,[1;1;1],0,[6;6;0]},{'A',[-126;-112;10],2,[1;8;4],1,1,[-64;-64;1],1,1},{'M',[1;8;1],1,[1;1;1],0,[0;3;0]},{'A',[35;47;35],2,[33;31;33],1,0,[1;8;1],1,1},{'A',[-217;-177;-15],3,[-126;-112;10],2,1,[35;47;-35],2,0},{'M',[400;752;328],3,[200;252;328],2,[1;NaN;0],[35;47;35],2,[NaN;4;NaN]},{'A',[617;575;313],4,[400;752;328],3,0,[217;-177;-15],3,0},{'M',[400;504;35],3,[200;252;328],2,[1;1;NaN],[35;47;35],2,[NaN;NaN;0]},{'M',[35;47;320],3,[-126;-112;10],2,[NaN;NaN;5],[35;47;35],2,[0;0;NaN]},{'A',[470;598;675],4,[400;504;35],3,0,[35;47;320],3,1},{'M',[-217;-354;-480],4,[-217;-177;-15],3,[0;1;5]},{'O',[434;708;960],4,[217;354;480],4,1},{'O',[470;598;675],4,[470;598;675],4,0},{'O',[617;575;313],4,[617;575;313],4,0}}
Adder graph: {{'A',[7;7;7],1,[1;1;1],0,3,[-1;-1;-1],0,0},{'M',[64;1;64],1,[1;1;1],0,[6;0;6]},{'M',[1;8;8],1,[1;1;1],0,[0;3;3]},{'A',[224;260;512],2,[64;1;64],1,2,[-1;8;8],1,5},{'M',[4;4;1],1,[1;1;1],0,[2;2;0]},{'A',[505;519;135],2,[4;4;1],1,7,[-7;7;7],1,0},{'M',[1;8;1],1,[1;1;1],0,[0;3;0]},{'A',[11;39;11],2,[1;8;1],1,2,[7;7;7],1,0},{'M',[14;7;56],2,[7;7;7],1,[1;0;3]},{'A',[617;575;313],3,[14;7;56],2,3,[505;519;-135],2,0},{'M',[7;448;448],2,[7;7;7],1,[0;6;6]},{'A',[217;708;960],3,[224;260;512],2,0,[-7;448;448],2,0},{'M',[224;260;270],3,[224;260;512],2,[0;0;NaN],[505;519;135],2,[NaN;NaN;1]},{'M',[22;78;135],3,[505;519;135],2,[NaN;NaN;0],[11;39;11],2,[1;1;NaN]},{'A',[470;598;675],4,[224;260;270],3,1,[22;78;135],3,0},{'M',[434;708;960],4,[217;708;960],3,[1;0;0]},{'O',[434;708;960],4,[434;708;960],4,0},{'O',[470;598;675],4,[470;598;675],4,0},{'R',[617;575;313],4,[617;575;313],3},{'O',[617;575;313],4,[617;575;313],4,0}}
Adder graph: {{'A',[9;7;7],1,[1;1;1],0,3,[1;-1;-1],0,0},{'M',[1;4;4],1,[1;1;1],0,[0;2;2]},{'A',[41;121;135],2,[1;4;4],1,5,[9;-7;7],1,0},{'M',[72;7;56],2,[9;7;7],1,[3;0;3]},{'A',[617;177;313],3,[72;7;56],2,3,[41;121;-135],2,0},{'A',[153;105;119],2,[9;7;7],1,4,[9;-7;7],1,0},{'M',[41;210;135],3,[41;121;135],2,[0;NaN;0],[153;105;119],2,[NaN;1;NaN]},{'M',[306;242;135],3,[41;121;135],2,[NaN;1;0],[153;105;119],2,[1;NaN;NaN]},{'A',[470;598;675],4,[41;210;135],3,2,[306;-242;135],3,0},{'M',[1;8;1],1,[1;1;1],0,[0;3;0]},{'A',[73;519;71],2,[1;8;1],1,6,[9;7;7],1,0},{'M',[18;7;7],2,[9;7;7],1,[1;0;0]},{'A',[217;575;15],3,[73;519;71],2,0,[18;7;-7],2,3},{'M',[217;354;480],4,[617;177;313],3,[NaN;1;NaN],[217;575;15],3,[0;NaN;5]},{'O',[434;708;960],4,[217;354;480],4,1},{'O',[470;598;675],4,[470;598;675],4,0},{'M',[617;575;313],4,[617;177;313],3,[0;NaN;0],[217;575;15],3,[NaN;0;NaN]},{'O',[617;575;313],4,[617;575;313],4,0}}
Adder graph: {{'A',[7;9;7],1,[1;1;1],0,3,[-1;1;-1],0,0},{'A',[217;297;231],2,[7;9;7],1,5,[-7;9;7],1,0},{'M',[4;4;1],1,[1;1;1],0,[2;2;0]},{'A',[18;22;15],2,[4;4;1],1,0,[7;9;7],1,1},{'M',[64;1;16],1,[1;1;1],0,[6;0;4]},{'A',[505;-1;135],2,[64;1;16],1,3,[-7;-9;7],1,0},{'M',[505;352;240],3,[18;22;15],2,[NaN;4;4],[505;-1;135],2,[0;NaN;NaN]},{'M',[144;-1;120],3,[18;22;15],2,[3;NaN;3],[505;-1;135],2,[NaN;0;NaN]},{'A',[217;354;480],4,[505;352;240],3,0,[-144;1;120],3,1},{'M',[7;36;28],2,[7;9;7],1,[0;2;2]},{'A',[617;575;313],3,[7;36;28],2,4,[505;-1;-135],2,0},{'M',[434;594;135],3,[217;297;231],2,[1;1;NaN],[505;-1;135],2,[NaN;NaN;0]},{'M',[18;-2;270],3,[18;22;15],2,[0;NaN;NaN],[505;-1;135],2,[NaN;1;1]},{'A',[470;598;675],4,[434;594;135],3,0,[18;2;270],3,1},{'O',[434;708;960],4,[217;354;480],4,1},{'O',[470;598;675],4,[470;598;675],4,0},{'R',[617;575;313],4,[617;575;313],3},{'O',[617;575;313],4,[617;575;313],4,0}}
Finished solving after 14548.9 seconds
Adder graph: {{'A',[7;9;7],1,[1;1;1],0,3,[-1;1;-1],0,0},{'A',[217;297;231],2,[7;9;7],1,5,[-7;9;7],1,0},{'M',[4;4;1],1,[1;1;1],0,[2;2;0]},{'A',[18;22;15],2,[4;4;1],1,0,[7;9;7],1,1},{'M',[64;1;16],1,[1;1;1],0,[6;0;4]},{'A',[505;-1;135],2,[64;1;16],1,3,[-7;-9;7],1,0},{'M',[505;352;240],3,[18;22;15],2,[NaN;4;4],[505;-1;135],2,[0;NaN;NaN]},{'M',[144;-1;120],3,[18;22;15],2,[3;NaN;3],[505;-1;135],2,[NaN;0;NaN]},{'A',[217;354;480],4,[505;352;240],3,0,[-144;1;120],3,1},{'M',[7;36;28],2,[7;9;7],1,[0;2;2]},{'A',[617;575;313],3,[7;36;28],2,4,[505;-1;-135],2,0},{'M',[434;594;135],3,[217;297;231],2,[1;1;NaN],[505;-1;135],2,[NaN;NaN;0]},{'M',[18;-2;270],3,[18;22;15],2,[0;NaN;NaN],[505;-1;135],2,[NaN;1;1]},{'A',[470;598;675],4,[434;594;135],3,0,[18;2;270],3,1},{'O',[434;708;960],4,[217;354;480],4,1},{'O',[470;598;675],4,[470;598;675],4,0},{'R',[617;575;313],4,[617;575;313],3},{'O',[617;575;313],4,[617;575;313],4,0}}
# Add optimal = 0
# Mux optimal = 0
# Mux registers optimal = 0
# FAs optimal = 0
