Adder graph: {{'M',[1;1;32],1,[1;1;1],0,[0;0;5]},{'M',[2;2;1],1,[1;1;1],0,[1;1;0]},{'A',[-1;-1;31],2,[1;1;32],1,0,[-2;-2;-1],1,0},{'M',[1;1;2],1,[1;1;1],0,[0;0;1]},{'M',[4;1;1],1,[1;1;1],0,[2;0;0]},{'A',[-62;-14;-12],2,[1;1;2],1,1,[-4;-1;-1],1,4},{'M',[-62;-1;-192],3,[-1;-1;31],2,[NaN;0;NaN],[-62;-14;-12],2,[0;NaN;4]},{'M',[-496;-56;31],3,[-1;-1;31],2,[NaN;NaN;0],[-62;-14;-12],2,[3;2;NaN]},{'A',[-558;-57;-161],4,[-62;-1;-192],3,0,[-496;-56;31],3,0},{'A',[-125;27;55],3,[-1;-1;31],2,0,[-62;14;12],2,1},{'M',[-62;-32;31],3,[-1;-1;31],2,[NaN;5;0],[-62;-14;-12],2,[0;NaN;NaN]},{'M',[-8;-1;-96],3,[-1;-1;31],2,[3;0;NaN],[-62;-14;-12],2,[NaN;NaN;3]},{'A',[-1000;-513;400],4,[-62;-32;31],3,4,[-8;-1;-96],3,0},{'M',[-125;54;220],4,[-125;27;55],3,[0;1;2]},{'A',[750;621;840],5,[-125;54;220],4,1,[1000;513;400],4,0},{'M',[-1;-14;-24],3,[-1;-1;31],2,[0;NaN;NaN],[-62;-14;-12],2,[NaN;0;1]},{'A',[-157;-421;-823],4,[-1;-14;-24],3,5,[-125;27;-55],3,0},{'O',[750;621;840],5,[750;621;840],5,0},{'M',[-628;-421;-322],5,[-558;-57;-161],4,[NaN;NaN;1],[-157;-421;-823],4,[2;0;NaN]},{'O',[628;421;322],5,[628;421;322],5,0},{'M',[-558;-456;-823],5,[-558;-57;-161],4,[0;3;NaN],[-157;-421;-823],4,[NaN;NaN;0]},{'O',[558;456;823],5,[558;456;823],5,0}}
Adder graph: {{'A',[9;7;9],1,[1;1;1],0,3,[1;-1;1],0,0},{'M',[4;1;32],1,[1;1;1],0,[2;0;5]},{'A',[25;3;137],2,[9;7;9],1,0,[4;-1;32],1,2},{'M',[1;32;8],1,[1;1;1],0,[0;5;3]},{'M',[2;1;8],1,[1;1;1],0,[1;0;3]},{'A',[18;513;120],2,[1;32;8],1,4,[2;1;-8],1,0},{'M',[16;1;2],1,[1;1;1],0,[4;0;1]},{'A',[52;27;34],2,[9;7;9],1,2,[16;-1;-2],1,0},{'M',[72;54;120],3,[18;513;120],2,[2;NaN;0],[52;27;34],2,[NaN;1;NaN]},{'M',[18;24;137],3,[25;3;137],2,[NaN;3;0],[18;513;120],2,[0;NaN;NaN]},{'A',[558;456;823],4,[72;54;120],3,3,[-18;24;-137],3,0},{'M',[200;27;240],3,[25;3;137],2,[3;NaN;NaN],[18;513;120],2,[NaN;NaN;1],[52;27;34],2,[NaN;0;NaN]},{'M',[50;513;120],3,[25;3;137],2,[1;NaN;NaN],[18;513;120],2,[NaN;0;0]},{'A',[750;621;840],4,[200;27;240],3,2,[-50;513;-120],3,0},{'M',[18;14;9],2,[9;7;9],1,[1;1;0]},{'A',[628;421;322],3,[18;14;9],2,5,[52;-27;34],2,0},{'O',[750;621;840],4,[750;621;840],4,0},{'R',[628;421;322],4,[628;421;322],3},{'O',[628;421;322],4,[628;421;322],4,0},{'O',[558;456;823],4,[558;456;823],4,0}}
Adder graph: {{'A',[9;7;9],1,[1;1;1],0,3,[1;-1;1],0,0},{'M',[1;32;16],1,[1;1;1],0,[0;5;4]},{'A',[25;505;247],2,[1;32;16],1,4,[9;-7;-9],1,0},{'M',[1;1;8],1,[1;1;1],0,[0;0;3]},{'A',[35;29;28],2,[9;7;9],1,2,[-1;1;-8],1,0},{'M',[288;224;9],2,[9;7;9],1,[5;5;0]},{'M',[9;28;72],2,[9;7;9],1,[0;2;3]},{'A',[279;196;-63],3,[288;224;9],2,0,[-9;-28;-72],2,0},{'M',[800;505;896],3,[25;505;247],2,[5;0;NaN],[35;29;28],2,[NaN;NaN;5]},{'M',[25;58;28],3,[25;505;247],2,[0;NaN;NaN],[35;29;28],2,[NaN;1;0]},{'A',[750;621;840],4,[800;505;896],3,0,[-25;58;-28],3,1},{'M',[70;29;448],3,[35;29;28],2,[1;0;4]},{'A',[628;421;322],4,[70;29;448],3,0,[279;196;-63],3,1},{'M',[9;224;288],2,[9;7;9],1,[0;5;5]},{'A',[43;57;823],3,[25;505;247],2,0,[9;-224;288],2,1},{'O',[750;621;840],4,[750;621;840],4,0},{'O',[628;421;322],4,[628;421;322],4,0},{'M',[558;456;823],4,[279;196;-63],3,[1;NaN;NaN],[43;57;823],3,[NaN;3;0]},{'O',[558;456;823],4,[558;456;823],4,0}}
Adder graph: {{'M',[4;1;4],1,[1;1;1],0,[2;0;2]},{'M',[2048;2048;1],1,[1;1;1],0,[11;11;0]},{'A',[2112;2064;63],2,[4;1;4],1,4,[2048;2048;-1],1,0},{'M',[8;1;1],1,[1;1;1],0,[3;0;0]},{'A',[16;1;7],2,[4;1;4],1,1,[8;-1;-1],1,0},{'M',[2;2;1],1,[1;1;1],0,[1;1;0]},{'M',[1;1;8],1,[1;1;1],0,[0;0;3]},{'A',[18;14;24],2,[2;2;1],1,3,[1;-1;8],1,1},{'A',[612;420;816],3,[18;14;24],2,5,[18;-14;24],2,1},{'M',[2112;2064;24],3,[2112;2064;63],2,[0;0;NaN],[18;14;24],2,[NaN;NaN;0]},{'A',[375;621;210],4,[2112;2064;24],3,-2,[-612;420;816],3,-2},{'M',[18;14;7],3,[16;1;7],2,[NaN;NaN;0],[18;14;24],2,[0;0;NaN]},{'M',[18;8;63],3,[2112;2064;63],2,[NaN;NaN;0],[16;1;7],2,[NaN;3;NaN],[18;14;24],2,[0;NaN;NaN]},{'A',[558;456;161],4,[18;14;7],3,5,[-18;8;-63],3,0},{'R',[16;1;7],3,[16;1;7],2},{'A',[628;421;823],4,[16;1;7],3,0,[612;420;816],3,0},{'M',[750;621;840],5,[375;621;210],4,[1;0;2]},{'O',[750;621;840],5,[750;621;840],5,0},{'M',[628;421;322],5,[558;456;161],4,[NaN;NaN;1],[628;421;823],4,[0;0;NaN]},{'O',[628;421;322],5,[628;421;322],5,0},{'M',[558;456;823],5,[558;456;161],4,[0;0;NaN],[628;421;823],4,[NaN;NaN;0]},{'O',[558;456;823],5,[558;456;823],5,0}}
Adder graph: {{'A',[-6;-6;10],1,[1;1;1],0,1,[-1;-1;1],0,3},{'M',[1;1;256],1,[1;1;1],0,[0;0;8]},{'M',[1;4;4],1,[1;1;1],0,[0;2;2]},{'A',[9;33;224],2,[1;1;256],1,0,[1;4;-4],1,3},{'R',[1;1;1],1,[1;1;1],0},{'A',[250;-262;-246],2,[-6;-6;10],1,0,[1;-1;-1],1,8},{'M',[128;1;1],1,[1;1;1],0,[7;0;0]},{'A',[32;-97;161],2,[-6;-6;10],1,4,[128;-1;1],1,0},{'R',[32;-97;161],3,[32;-97;161],2},{'M',[250;-262;161],3,[250;-262;-246],2,[0;0;NaN],[32;-97;161],2,[NaN;NaN;0]},{'A',[314;-456;161],4,[32;-97;161],3,1,[250;-262;-161],3,0},{'M',[250;-97;161],3,[250;-262;-246],2,[0;NaN;NaN],[32;-97;161],2,[NaN;0;0]},{'M',[500;-262;-492],3,[250;-262;-246],2,[1;0;1]},{'A',[-750;-621;-823],4,[250;-97;161],3,0,[-500;-262;-492],3,1},{'R',[9;33;224],3,[9;33;224],2},{'M',[72;-97;161],3,[9;33;224],2,[3;NaN;NaN],[32;-97;161],2,[NaN;0;0]},{'A',[-279;421;-420],4,[9;33;224],3,0,[-72;97;-161],3,2},{'M',[-750;-621;-840],5,[-750;-621;-823],4,[0;0;NaN],[-279;421;-420],4,[NaN;NaN;1]},{'O',[750;621;840],5,[750;621;840],5,0},{'M',[628;421;322],5,[314;-456;161],4,[1;NaN;1],[-279;421;-420],4,[NaN;0;NaN]},{'O',[628;421;322],5,[628;421;322],5,0},{'M',[-558;-456;-823],5,[314;-456;161],4,[NaN;0;NaN],[-750;-621;-823],4,[NaN;NaN;0],[-279;421;-420],4,[1;NaN;NaN]},{'O',[558;456;823],5,[558;456;823],5,0}}
Adder graph: {{'M',[1;4;1],1,[1;1;1],0,[0;2;0]},{'M',[1;1;128],1,[1;1;1],0,[0;0;7]},{'A',[3;15;132],2,[1;4;1],1,2,[-1;-1;128],1,0},{'A',[9;45;396],3,[3;15;132],2,1,[3;15;132],2,0},{'M',[1;16;1],1,[1;1;1],0,[0;4;0]},{'M',[1;8;1],1,[1;1;1],0,[0;3;0]},{'A',[10;144;6],2,[1;16;1],1,3,[1;8;-1],1,1},{'M',[96;144;6],3,[3;15;132],2,[5;NaN;NaN],[10;144;6],2,[NaN;0;0]},{'A',[375;621;420],4,[96;144;6],3,2,[-9;45;396],3,0},{'M',[16;16;1],1,[1;1;1],0,[4;4;0]},{'M',[64;1;1],1,[1;1;1],0,[6;0;0]},{'A',[576;511;31],2,[16;16;1],1,5,[64;-1;-1],1,0},{'M',[320;144;192],3,[10;144;6],2,[5;0;5]},{'M',[6;30;31],3,[3;15;132],2,[1;1;NaN],[576;511;31],2,[NaN;NaN;0]},{'A',[628;228;322],4,[320;144;192],3,1,[-6;-30;-31],3,1},{'R',[576;511;31],3,[576;511;31],2},{'A',[558;421;823],4,[576;511;31],3,0,[-9;-45;396],3,1},{'M',[750;621;840],5,[375;621;420],4,[1;0;1]},{'O',[750;621;840],5,[750;621;840],5,0},{'M',[628;421;322],5,[628;228;322],4,[0;NaN;0],[558;421;823],4,[NaN;0;NaN]},{'O',[628;421;322],5,[628;421;322],5,0},{'M',[558;456;823],5,[628;228;322],4,[NaN;1;NaN],[558;421;823],4,[0;NaN;0]},{'O',[558;456;823],5,[558;456;823],5,0}}
Adder graph: {{'A',[7;7;9],1,[1;1;1],0,3,[-1;-1;1],0,0},{'M',[1;32;8],1,[1;1;1],0,[0;5;3]},{'A',[-6;25;17],2,[1;32;8],1,0,[-7;-7;9],1,0},{'A',[320;320;320],1,[1;1;1],0,6,[1;1;1],0,8},{'M',[2;1;256],1,[1;1;1],0,[1;0;8]},{'A',[446;449;832],2,[7;7;9],1,6,[-2;1;256],1,0},{'M',[112;28;9],2,[7;7;9],1,[4;2;0]},{'A',[558;421;823],3,[446;449;832],2,0,[112;-28;-9],2,0},{'M',[640;7;288],2,[7;7;9],1,[NaN;0;5],[320;320;320],1,[1;NaN;NaN]},{'A',[628;57;322],3,[-6;25;17],2,1,[640;7;288],2,0},{'M',[-192;200;17],3,[-6;25;17],2,[5;3;0]},{'A',[750;621;840],4,[558;421;823],3,0,[192;200;17],3,0},{'O',[750;621;840],4,[750;621;840],4,0},{'M',[628;421;322],4,[558;421;823],3,[NaN;0;NaN],[628;57;322],3,[0;NaN;0]},{'O',[628;421;322],4,[628;421;322],4,0},{'M',[558;456;823],4,[558;421;823],3,[0;NaN;0],[628;57;322],3,[NaN;3;NaN]},{'O',[558;456;823],4,[558;456;823],4,0}}
Adder graph: {{'A',[31;33;33],1,[1;1;1],0,5,[-1;1;1],0,0},{'M',[1;32;1],1,[1;1;1],0,[0;5;0]},{'A',[29;97;35],2,[31;33;33],1,0,[-1;32;1],1,1},{'M',[248;33;33],2,[31;33;33],1,[3;0;0]},{'M',[248;33;4224],2,[31;33;33],1,[3;0;7]},{'A',[744;33;-4158],3,[248;33;33],2,1,[248;-33;-4224],2,0},{'M',[2;2;1],1,[1;1;1],0,[1;1;0]},{'A',[250;262;263],2,[31;33;33],1,3,[2;-2;-1],1,0},{'M',[250;262;560],3,[29;97;35],2,[NaN;NaN;4],[250;262;263],2,[0;0;NaN]},{'M',[250;97;280],3,[29;97;35],2,[NaN;0;3],[250;262;263],2,[0;NaN;NaN]},{'A',[750;621;840],4,[250;262;560],3,1,[250;97;-280],3,0},{'M',[500;262;263],3,[250;262;263],2,[1;0;0]},{'M',[29;97;280],3,[29;97;35],2,[0;0;3]},{'A',[558;456;823],4,[500;262;263],3,0,[29;97;280],3,1},{'M',[29;97;1120],3,[29;97;35],2,[0;0;5]},{'A',[628;421;322],4,[744;33;-4158],3,0,[-29;97;1120],3,2},{'O',[750;621;840],4,[750;621;840],4,0},{'O',[628;421;322],4,[628;421;322],4,0},{'O',[558;456;823],4,[558;456;823],4,0}}
Finished solving after 14458.1 seconds
Adder graph: {{'A',[31;33;33],1,[1;1;1],0,5,[-1;1;1],0,0},{'M',[1;32;1],1,[1;1;1],0,[0;5;0]},{'A',[29;97;35],2,[31;33;33],1,0,[-1;32;1],1,1},{'M',[248;33;33],2,[31;33;33],1,[3;0;0]},{'M',[248;33;4224],2,[31;33;33],1,[3;0;7]},{'A',[744;33;-4158],3,[248;33;33],2,1,[248;-33;-4224],2,0},{'M',[2;2;1],1,[1;1;1],0,[1;1;0]},{'A',[250;262;263],2,[31;33;33],1,3,[2;-2;-1],1,0},{'M',[250;262;560],3,[29;97;35],2,[NaN;NaN;4],[250;262;263],2,[0;0;NaN]},{'M',[250;97;280],3,[29;97;35],2,[NaN;0;3],[250;262;263],2,[0;NaN;NaN]},{'A',[750;621;840],4,[250;262;560],3,1,[250;97;-280],3,0},{'M',[500;262;263],3,[250;262;263],2,[1;0;0]},{'M',[29;97;280],3,[29;97;35],2,[0;0;3]},{'A',[558;456;823],4,[500;262;263],3,0,[29;97;280],3,1},{'M',[29;97;1120],3,[29;97;35],2,[0;0;5]},{'A',[628;421;322],4,[744;33;-4158],3,0,[-29;97;1120],3,2},{'O',[750;621;840],4,[750;621;840],4,0},{'O',[628;421;322],4,[628;421;322],4,0},{'O',[558;456;823],4,[558;456;823],4,0}}
# Add optimal = 0
# Mux optimal = 0
# Mux registers optimal = 0
# FAs optimal = 0
