Adder graph: {{'A',[-255;257;-255],1,[1;1;1],0,0,[-1;1;-1],0,8},{'M',[64;1;32],1,[1;1;1],0,[6;0;5]},{'M',[2;1;1],1,[1;1;1],0,[1;0;0]},{'A',[252;2;130],2,[64;1;32],1,2,[-2;-1;1],1,1},{'M',[2;1;8],1,[1;1;1],0,[1;0;3]},{'A',[-271;249;-191],2,[-255;257;-255],1,0,[-2;-1;8],1,3},{'M',[4;16;1],1,[1;1;1],0,[2;4;0]},{'R',[1;1;1],1,[1;1;1],0},{'A',[127;513;31],2,[4;16;1],1,5,[-1;1;-1],1,0},{'M',[508;249;-382],3,[-271;249;-191],2,[NaN;0;1],[127;513;31],2,[2;NaN;NaN]},{'M',[-271;4;520],3,[252;2;130],2,[NaN;1;2],[-271;249;-191],2,[0;NaN;NaN]},{'A',[237;245;138],4,[508;249;-382],3,0,[-271;-4;520],3,0},{'M',[-271;256;-764],3,[252;2;130],2,[NaN;7;NaN],[-271;249;-191],2,[0;NaN;2]},{'M',[127;1026;31],3,[127;513;31],2,[0;1;0]},{'A',[-398;-770;-733],4,[-271;256;-764],3,0,[-127;-1026;31],3,0},{'M',[252;256;62],3,[252;2;130],2,[0;7;NaN],[127;513;31],2,[NaN;NaN;1]},{'M',[254;249;31],3,[-271;249;-191],2,[NaN;0;NaN],[127;513;31],2,[1;NaN;0]},{'A',[754;775;279],4,[252;256;62],3,2,[-254;-249;31],3,0},{'R',[754;775;279],5,[754;775;279],4},{'O',[754;775;279],5,[754;775;279],5,0},{'M',[237;490;552],5,[237;245;138],4,[0;1;2]},{'O',[237;490;552],5,[237;490;552],5,0},{'R',[-398;-770;-733],5,[-398;-770;-733],4},{'O',[398;770;733],5,[398;770;733],5,0}}
Adder graph: {{'A',[-15;17;-15],1,[1;1;1],0,0,[-1;1;-1],0,4},{'M',[16;1;1],1,[1;1;1],0,[4;0;0]},{'A',[-14;35;-29],2,[-15;17;-15],1,1,[16;1;1],1,0},{'M',[1;64;8],1,[1;1;1],0,[0;6;3]},{'M',[256;1;1],1,[1;1;1],0,[8;0;0]},{'A',[-192;4095;511],2,[1;64;8],1,6,[-256;-1;-1],1,0},{'M',[16;128;1],1,[1;1;1],0,[4;7;0]},{'A',[-79;-495;-11],2,[-15;17;-15],1,0,[-16;-128;1],1,2},{'M',[-14;280;-232],3,[-14;35;-29],2,[0;3;3]},{'M',[-768;-495;-44],3,[-192;4095;511],2,[2;NaN;NaN],[-79;-495;-11],2,[NaN;0;2]},{'A',[754;775;-276],4,[-14;280;-232],3,0,[768;495;-44],3,0},{'M',[-79;8190;-29],3,[-14;35;-29],2,[NaN;NaN;0],[-192;4095;511],2,[NaN;1;NaN],[-79;-495;-11],2,[0;NaN;NaN]},{'M',[-79;4480;-352],3,[-14;35;-29],2,[NaN;7;NaN],[-79;-495;-11],2,[0;NaN;5]},{'A',[-237;-770;-733],4,[-79;8190;-29],3,0,[-79;-4480;-352],3,1},{'M',[-14;35;-232],3,[-14;35;-29],2,[0;0;3]},{'M',[-384;280;511],3,[-14;35;-29],2,[NaN;3;NaN],[-192;4095;511],2,[1;NaN;0]},{'A',[-398;-245;279],4,[-14;35;-232],3,0,[-384;-280;511],3,0},{'M',[754;775;279],5,[754;775;-276],4,[0;0;NaN],[-398;-245;279],4,[NaN;NaN;0]},{'O',[754;775;279],5,[754;775;279],5,0},{'M',[-237;-490;-552],5,[754;775;-276],4,[NaN;NaN;1],[-237;-770;-733],4,[0;NaN;NaN],[-398;-245;279],4,[NaN;1;NaN]},{'O',[237;490;552],5,[237;490;552],5,0},{'M',[-398;-770;-733],5,[-237;-770;-733],4,[NaN;0;0],[-398;-245;279],4,[0;NaN;NaN]},{'O',[398;770;733],5,[398;770;733],5,0}}
Adder graph: {{'A',[7;7;9],1,[1;1;1],0,3,[-1;-1;1],0,0},{'A',[3;3;3],1,[1;1;1],0,1,[1;1;1],0,0},{'M',[32;64;1],1,[1;1;1],0,[5;6;0]},{'M',[1;1;2],1,[1;1;1],0,[0;0;1]},{'A',[60;124;-6],2,[32;64;1],1,1,[-1;-1;-2],1,2},{'M',[8;1;32],1,[1;1;1],0,[3;0;5]},{'A',[760;769;736],2,[3;3;3],1,8,[-8;1;-32],1,0},{'M',[3;6;576],2,[7;7;9],1,[NaN;NaN;6],[3;3;3],1,[0;1;NaN]},{'A',[237;490;552],3,[60;124;-6],2,2,[-3;-6;576],2,0},{'M',[6;384;3],2,[3;3;3],1,[1;7;0]},{'A',[754;385;733],3,[760;769;736],2,0,[-6;-384;-3],2,0},{'M',[7;384;144],2,[7;7;9],1,[0;NaN;4],[3;3;3],1,[NaN;7;NaN]},{'M',[384;7;9],2,[7;7;9],1,[NaN;0;0],[3;3;3],1,[7;NaN;NaN]},{'A',[398;775;279],3,[7;384;144],2,1,[384;7;-9],2,0},{'M',[754;775;279],4,[754;385;733],3,[0;NaN;NaN],[398;775;279],3,[NaN;0;0]},{'O',[754;775;279],4,[754;775;279],4,0},{'R',[237;490;552],4,[237;490;552],3},{'O',[237;490;552],4,[237;490;552],4,0},{'M',[398;770;733],4,[754;385;733],3,[NaN;1;0],[398;775;279],3,[0;NaN;NaN]},{'O',[398;770;733],4,[398;770;733],4,0}}
Adder graph: {{'M',[32;1;32],1,[1;1;1],0,[5;0;5]},{'M',[4;16;1],1,[1;1;1],0,[2;4;0]},{'A',[68;-14;65],2,[32;1;32],1,1,[4;-16;1],1,0},{'M',[1;8;1],1,[1;1;1],0,[0;3;0]},{'M',[1;1;512],1,[1;1;1],0,[0;0;9]},{'A',[7;63;-504],2,[1;8;1],1,3,[-1;-1;-512],1,0},{'A',[265;7;764],3,[68;-14;65],2,2,[-7;63;504],2,0},{'M',[28;63;260],3,[68;-14;65],2,[NaN;NaN;2],[7;63;-504],2,[2;0;NaN]},{'A',[377;-245;-276],4,[265;7;764],3,0,[28;-63;-260],3,2},{'M',[1;2;2],1,[1;1;1],0,[0;1;1]},{'M',[64;64;1],1,[1;1;1],0,[6;6;0]},{'A',[-48;96;31],2,[1;2;2],1,4,[-64;64;-1],1,0},{'M',[28;768;31],3,[7;63;-504],2,[2;NaN;NaN],[-48;96;31],2,[NaN;3;0]},{'A',[-237;775;-733],4,[28;768;31],3,0,[-265;7;-764],3,0},{'M',[-48;-112;31],3,[68;-14;65],2,[NaN;3;NaN],[-48;96;31],2,[0;NaN;0]},{'M',[14;126;31],3,[7;63;-504],2,[1;1;NaN],[-48;96;31],2,[NaN;NaN;0]},{'A',[-398;-770;279],4,[-48;-112;31],3,3,[-14;126;31],3,0},{'M',[754;775;279],5,[377;-245;-276],4,[1;NaN;NaN],[-237;775;-733],4,[NaN;0;NaN],[-398;-770;279],4,[NaN;NaN;0]},{'O',[754;775;279],5,[754;775;279],5,0},{'M',[-237;-490;-552],5,[377;-245;-276],4,[NaN;1;1],[-237;775;-733],4,[0;NaN;NaN]},{'O',[237;490;552],5,[237;490;552],5,0},{'M',[-398;-770;-733],5,[-237;775;-733],4,[NaN;NaN;0],[-398;-770;279],4,[0;0;NaN]},{'O',[398;770;733],5,[398;770;733],5,0}}
Adder graph: {{'M',[1;128;1],1,[1;1;1],0,[0;7;0]},{'M',[16;1;16],1,[1;1;1],0,[4;0;4]},{'A',[-14;255;-14],2,[1;128;1],1,1,[-16;-1;-16],1,0},{'A',[3;3;3],1,[1;1;1],0,2,[-1;-1;-1],0,0},{'M',[1;4;2],1,[1;1;1],0,[0;2;1]},{'M',[4;1;1],1,[1;1;1],0,[2;0;0]},{'A',[12;65;31],2,[1;4;2],1,4,[-4;1;-1],1,0},{'M',[96;65;31],3,[12;65;31],2,[3;0;0]},{'M',[-14;255;31],3,[-14;255;-14],2,[0;0;NaN],[12;65;31],2,[NaN;NaN;0]},{'A',[754;775;279],4,[96;65;31],3,3,[-14;255;31],3,0},{'M',[1;1;2],1,[1;1;1],0,[0;0;1]},{'A',[125;125;259],2,[1;1;2],1,7,[-3;-3;3],1,0},{'M',[-14;255;259],3,[-14;255;-14],2,[0;0;NaN],[125;125;259],2,[NaN;NaN;0]},{'M',[96;125;248],3,[12;65;31],2,[3;NaN;3],[125;125;259],2,[NaN;0;NaN]},{'A',[-398;-245;-733],4,[-14;255;259],3,0,[-96;-125;-248],3,2},{'M',[-112;125;-56],3,[-14;255;-14],2,[3;NaN;2],[125;125;259],2,[NaN;0;NaN]},{'M',[125;510;496],3,[-14;255;-14],2,[NaN;1;NaN],[12;65;31],2,[NaN;NaN;4],[125;125;259],2,[0;NaN;NaN]},{'A',[-237;-385;-552],4,[-112;125;-56],3,0,[-125;-510;-496],3,0},{'R',[754;775;279],5,[754;775;279],4},{'O',[754;775;279],5,[754;775;279],5,0},{'M',[-237;-490;-552],5,[-398;-245;-733],4,[NaN;1;NaN],[-237;-385;-552],4,[0;NaN;0]},{'O',[237;490;552],5,[237;490;552],5,0},{'M',[-398;-770;-733],5,[-398;-245;-733],4,[0;NaN;0],[-237;-385;-552],4,[NaN;1;NaN]},{'O',[398;770;733],5,[398;770;733],5,0}}
Adder graph: {{'A',[192;192;192],1,[1;1;1],0,7,[1;1;1],0,6},{'M',[4;1;8],1,[1;1;1],0,[2;0;3]},{'A',[196;193;184],2,[192;192;192],1,0,[4;1;-8],1,0},{'A',[3;3;3],2,[192;192;192],1,-7,[192;192;192],1,-7},{'M',[1;256;1],1,[1;1;1],0,[0;8;0]},{'M',[2;1;1],1,[1;1;1],0,[1;0;0]},{'A',[-15;248;9],2,[1;256;1],1,0,[-2;-1;1],1,3},{'M',[784;6;184],3,[196;193;184],2,[2;NaN;0],[3;3;3],2,[NaN;1;NaN]},{'M',[-15;248;368],3,[196;193;184],2,[NaN;NaN;1],[-15;248;9],2,[0;0;NaN]},{'A',[754;-490;-552],4,[784;6;184],3,0,[-15;-248;-368],3,1},{'M',[3;3;288],3,[3;3;3],2,[0;0;NaN],[-15;248;9],2,[NaN;NaN;5]},{'M',[-240;772;9],3,[196;193;184],2,[NaN;2;NaN],[-15;248;9],2,[4;NaN;0]},{'A',[-237;775;279],4,[3;3;288],3,0,[-240;772;-9],3,0},{'M',[196;384;736],3,[196;193;184],2,[0;NaN;2],[3;3;3],2,[NaN;7;NaN]},{'M',[3;386;3],3,[196;193;184],2,[NaN;1;NaN],[3;3;3],2,[0;NaN;0]},{'A',[199;770;733],4,[196;384;736],3,0,[3;386;-3],3,0},{'M',[754;775;279],5,[754;-490;-552],4,[0;NaN;NaN],[-237;775;279],4,[NaN;0;0]},{'O',[754;775;279],5,[754;775;279],5,0},{'M',[-237;-490;-552],5,[754;-490;-552],4,[NaN;0;0],[-237;775;279],4,[0;NaN;NaN]},{'O',[237;490;552],5,[237;490;552],5,0},{'M',[398;770;733],5,[199;770;733],4,[1;0;0]},{'O',[398;770;733],5,[398;770;733],5,0}}
Adder graph: {{'M',[4;1;4],1,[1;1;1],0,[2;0;2]},{'M',[1;16;1],1,[1;1;1],0,[0;4;0]},{'A',[-12;-255;-12],2,[4;1;4],1,0,[-1;-16;-1],1,4},{'A',[33;31;31],1,[1;1;1],0,5,[1;-1;-1],0,0},{'M',[1;256;1],1,[1;1;1],0,[0;8;0]},{'M',[2;1;2],1,[1;1;1],0,[1;0;1]},{'A',[-7;260;9],2,[1;256;1],1,0,[-2;1;2],1,2},{'M',[-768;-255;9],3,[-12;-255;-12],2,[6;0;NaN],[-7;260;9],2,[NaN;NaN;0]},{'M',[-7;260;144],3,[-7;260;9],2,[0;0;4]},{'A',[-754;-775;-279],4,[-768;-255;9],3,0,[7;-260;-144],3,1},{'M',[256;1;4],1,[1;1;1],0,[8;0;2]},{'A',[223;-30;35],2,[256;1;4],1,0,[-33;-31;31],1,0},{'M',[-192;-255;-384],3,[-12;-255;-12],2,[4;0;5]},{'M',[-14;260;35],3,[-7;260;9],2,[1;0;NaN],[223;-30;35],2,[NaN;NaN;0]},{'A',[-398;-770;-733],4,[-192;-255;-384],3,1,[-14;-260;35],3,0},{'M',[223;-30;-24],3,[-12;-255;-12],2,[NaN;NaN;1],[223;-30;35],2,[0;0;NaN]},{'M',[-7;260;288],3,[-7;260;9],2,[0;0;5]},{'A',[237;490;552],4,[223;-30;-24],3,0,[7;260;288],3,1},{'O',[754;775;279],4,[754;775;279],4,0},{'O',[237;490;552],4,[237;490;552],4,0},{'O',[398;770;733],4,[398;770;733],4,0}}
Adder graph: {{'M',[1;8;1],1,[1;1;1],0,[0;3;0]},{'M',[1;1;16],1,[1;1;1],0,[0;0;4]},{'A',[3;15;-14],2,[1;8;1],1,1,[1;-1;-16],1,0},{'M',[1;2;1],1,[1;1;1],0,[0;1;0]},{'M',[8;1;8],1,[1;1;1],0,[3;0;3]},{'A',[120;255;120],2,[1;2;1],1,7,[-8;-1;-8],1,0},{'M',[32;32;1],1,[1;1;1],0,[5;5;0]},{'M',[1;4;1],1,[1;1;1],0,[0;2;0]},{'A',[257;260;9],2,[32;32;1],1,3,[1;4;1],1,0},{'M',[240;260;240],3,[120;255;120],2,[1;NaN;1],[257;260;9],2,[NaN;0;NaN]},{'M',[3;15;36],3,[3;15;-14],2,[0;0;NaN],[257;260;9],2,[NaN;NaN;2]},{'A',[237;245;276],4,[240;260;240],3,0,[-3;-15;36],3,0},{'M',[120;255;288],3,[120;255;120],2,[0;0;NaN],[257;260;9],2,[NaN;NaN;5]},{'M',[257;520;9],3,[257;260;9],2,[0;1;0]},{'A',[377;775;279],4,[120;255;288],3,0,[257;520;-9],3,0},{'M',[48;255;-224],3,[3;15;-14],2,[4;NaN;4],[120;255;120],2,[NaN;0;NaN]},{'M',[257;15;9],3,[3;15;-14],2,[NaN;0;NaN],[257;260;9],2,[0;NaN;0]},{'A',[-161;525;-457],4,[48;255;-224],3,1,[-257;15;-9],3,0},{'A',[398;770;733],5,[237;245;276],4,0,[161;525;457],4,0},{'M',[754;775;279],5,[377;775;279],4,[1;0;0]},{'O',[754;775;279],5,[754;775;279],5,0},{'M',[237;490;552],5,[237;245;276],4,[0;1;1]},{'O',[237;490;552],5,[237;490;552],5,0},{'O',[398;770;733],5,[398;770;733],5,0}}
Adder graph: {{'A',[-7;-7;9],1,[1;1;1],0,0,[-1;-1;1],0,3},{'M',[128;64;1],1,[1;1;1],0,[7;6;0]},{'M',[32;1;2],1,[1;1;1],0,[5;0;1]},{'A',[96;65;3],2,[128;64;1],1,0,[-32;1;2],1,0},{'A',[-255;-255;-255],1,[1;1;1],0,0,[-1;-1;-1],0,8},{'M',[-14;-255;-255],2,[-7;-7;9],1,[1;NaN;NaN],[-255;-255;-255],1,[NaN;0;0]},{'A',[754;775;279],3,[96;65;3],2,3,[-14;255;255],2,0},{'M',[1;1;256],1,[1;1;1],0,[0;0;8]},{'A',[-251;259;769],2,[1;1;256],1,2,[-255;255;-255],1,0},{'M',[-7;-255;144],2,[-7;-7;9],1,[0;NaN;4],[-255;-255;-255],1,[NaN;0;NaN]},{'A',[-199;-385;138],3,[-7;-255;144],2,0,[-96;-65;-3],2,1},{'M',[-7;-7;18],2,[-7;-7;9],1,[0;0;1]},{'A',[237;245;-733],3,[-7;-7;18],2,1,[251;259;-769],2,0},{'R',[754;775;279],4,[754;775;279],3},{'O',[754;775;279],4,[754;775;279],4,0},{'M',[237;490;552],4,[-199;-385;138],3,[NaN;NaN;2],[237;245;-733],3,[0;1;NaN]},{'O',[237;490;552],4,[237;490;552],4,0},{'M',[-398;-770;-733],4,[-199;-385;138],3,[1;1;NaN],[237;245;-733],3,[NaN;NaN;0]},{'O',[398;770;733],4,[398;770;733],4,0}}
Adder graph: {{'A',[-7;-7;9],1,[1;1;1],0,0,[-1;-1;1],0,3},{'A',[-6;-6;-6],1,[1;1;1],0,1,[-1;-1;-1],0,3},{'M',[8;8;1],1,[1;1;1],0,[3;3;0]},{'A',[-760;-776;-769],2,[-6;-6;-6],1,7,[8;-8;-1],1,0},{'M',[-192;-768;9],2,[-7;-7;9],1,[NaN;NaN;0],[-6;-6;-6],1,[5;7;NaN]},{'M',[-7;-7;288],2,[-7;-7;9],1,[0;0;5]},{'A',[-199;-775;-279],3,[-192;-768;9],2,0,[-7;-7;-288],2,0},{'M',[4;4;1],1,[1;1;1],0,[2;2;0]},{'M',[2;1;1],1,[1;1;1],0,[1;0;0]},{'A',[480;496;144],2,[4;4;1],1,7,[-2;-1;1],1,4},{'R',[-6;-6;-6],2,[-6;-6;-6],1},{'A',[237;245;69],3,[-6;-6;-6],2,-1,[480;496;144],2,-1},{'M',[-6;-6;36],2,[-7;-7;9],1,[NaN;NaN;2],[-6;-6;-6],1,[0;0;NaN]},{'A',[-754;-770;-733],3,[-760;-776;-769],2,0,[6;6;36],2,0},{'M',[-754;-775;-279],4,[-199;-775;-279],3,[NaN;0;0],[-754;-770;-733],3,[0;NaN;NaN]},{'O',[754;775;279],4,[754;775;279],4,0},{'M',[237;490;552],4,[237;245;69],3,[0;1;3]},{'O',[237;490;552],4,[237;490;552],4,0},{'M',[-398;-770;-733],4,[-199;-775;-279],3,[1;NaN;NaN],[-754;-770;-733],3,[NaN;0;0]},{'O',[398;770;733],4,[398;770;733],4,0}}
Adder graph: {{'R',[1;1;1],1,[1;1;1],0},{'M',[1;1;32],1,[1;1;1],0,[0;0;5]},{'A',[4112;4112;4608],2,[1;1;1],1,12,[1;1;32],1,4},{'A',[320;192;192],1,[1;1;1],0,8,[1;-1;-1],0,6},{'R',[320;192;192],2,[320;192;192],1},{'A',[237;245;276],3,[4112;4112;4608],2,-4,[-320;-192;-192],2,-4},{'M',[1;1;16],1,[1;1;1],0,[0;0;4]},{'M',[16;1;1],1,[1;1;1],0,[4;0;0]},{'A',[-14;3;31],2,[1;1;16],1,1,[-16;1;-1],1,0},{'M',[128;1;1],1,[1;1;1],0,[7;0;0]},{'A',[384;386;382],2,[320;192;192],1,1,[-128;1;-1],1,1},{'M',[384;386;124],3,[-14;3;31],2,[NaN;NaN;2],[384;386;382],2,[0;0;NaN]},{'R',[-14;3;31],3,[-14;3;31],2},{'A',[754;775;279],4,[384;386;124],3,1,[-14;3;31],3,0},{'M',[384;386;764],3,[384;386;382],2,[0;0;1]},{'M',[-14;384;31],3,[-14;3;31],2,[0;7;0]},{'A',[398;770;733],4,[384;386;764],3,0,[14;384;-31],3,0},{'O',[754;775;279],4,[754;775;279],4,0},{'M',[237;490;552],4,[237;245;276],3,[0;1;1]},{'O',[237;490;552],4,[237;490;552],4,0},{'O',[398;770;733],4,[398;770;733],4,0}}
Adder graph: {{'A',[65;-63;-63],1,[1;1;1],0,0,[1;-1;-1],0,6},{'M',[8;1;1],1,[1;1;1],0,[3;0;0]},{'A',[321;-95;-31],2,[65;-63;-63],1,0,[8;-1;1],1,5},{'M',[1;32;32],1,[1;1;1],0,[0;5;5]},{'A',[122;130;-382],2,[65;-63;-63],1,1,[-1;32;-32],1,3},{'M',[1;1;1024],1,[1;1;1],0,[0;0;10]},{'M',[1;2;2],1,[1;1;1],0,[0;1;1]},{'A',[-7;-15;1040],2,[1;1;1024],1,0,[-1;-2;2],1,3},{'M',[122;-480;-382],3,[122;130;-382],2,[0;NaN;0],[-7;-15;1040],2,[NaN;5;NaN]},{'M',[642;-190;-31],3,[321;-95;-31],2,[1;1;0]},{'A',[-398;-770;-733],4,[122;-480;-382],3,1,[-642;190;31],3,0},{'M',[-14;-95;-31],3,[321;-95;-31],2,[NaN;0;0],[-7;-15;1040],2,[1;NaN;NaN]},{'M',[642;-15;-31],3,[321;-95;-31],2,[1;NaN;0],[-7;-15;1040],2,[NaN;0;NaN]},{'A',[-754;-775;-279],4,[-14;-95;-31],3,3,[-642;-15;-31],3,0},{'A',[237;245;276],3,[-7;-15;1040],2,0,[122;130;-382],2,1},{'O',[754;775;279],4,[754;775;279],4,0},{'M',[237;490;552],4,[237;245;276],3,[0;1;1]},{'O',[237;490;552],4,[237;490;552],4,0},{'O',[398;770;733],4,[398;770;733],4,0}}
Adder graph: {{'A',[3;3;3],1,[1;1;1],0,0,[1;1;1],0,1},{'A',[7;7;9],1,[1;1;1],0,3,[-1;-1;1],0,0},{'A',[-255;257;257],1,[1;1;1],0,0,[-1;1;1],0,8},{'M',[1;64;64],1,[1;1;1],0,[0;6;6]},{'A',[13;1027;1021],2,[1;64;64],1,4,[-3;3;-3],1,0},{'M',[24;24;9],2,[3;3;3],1,[3;3;NaN],[7;7;9],1,[NaN;NaN;0]},{'M',[14;7;9],2,[7;7;9],1,[1;0;0]},{'A',[754;775;279],3,[24;24;9],2,5,[-14;7;-9],2,0},{'M',[224;257;288],2,[7;7;9],1,[5;NaN;5],[-255;257;257],1,[NaN;0;NaN]},{'A',[237;-770;-733],3,[224;257;288],2,0,[13;-1027;-1021],2,0},{'M',[-255;257;288],2,[7;7;9],1,[NaN;NaN;5],[-255;257;257],1,[0;0;NaN]},{'M',[14;3;3],2,[3;3;3],1,[NaN;0;0],[7;7;9],1,[1;NaN;NaN]},{'A',[-199;245;276],3,[-255;257;288],2,0,[14;-3;-3],2,2},{'R',[754;775;279],4,[754;775;279],3},{'O',[754;775;279],4,[754;775;279],4,0},{'M',[237;490;552],4,[237;-770;-733],3,[0;NaN;NaN],[-199;245;276],3,[NaN;1;1]},{'O',[237;490;552],4,[237;490;552],4,0},{'M',[-398;-770;-733],4,[237;-770;-733],3,[NaN;0;0],[-199;245;276],3,[1;NaN;NaN]},{'O',[398;770;733],4,[398;770;733],4,0}}
Finished solving after 14481.2 seconds
Adder graph: {{'A',[3;3;3],1,[1;1;1],0,0,[1;1;1],0,1},{'A',[7;7;9],1,[1;1;1],0,3,[-1;-1;1],0,0},{'A',[-255;257;257],1,[1;1;1],0,0,[-1;1;1],0,8},{'M',[1;64;64],1,[1;1;1],0,[0;6;6]},{'A',[13;1027;1021],2,[1;64;64],1,4,[-3;3;-3],1,0},{'M',[24;24;9],2,[3;3;3],1,[3;3;NaN],[7;7;9],1,[NaN;NaN;0]},{'M',[14;7;9],2,[7;7;9],1,[1;0;0]},{'A',[754;775;279],3,[24;24;9],2,5,[-14;7;-9],2,0},{'M',[224;257;288],2,[7;7;9],1,[5;NaN;5],[-255;257;257],1,[NaN;0;NaN]},{'A',[237;-770;-733],3,[224;257;288],2,0,[13;-1027;-1021],2,0},{'M',[-255;257;288],2,[7;7;9],1,[NaN;NaN;5],[-255;257;257],1,[0;0;NaN]},{'M',[14;3;3],2,[3;3;3],1,[NaN;0;0],[7;7;9],1,[1;NaN;NaN]},{'A',[-199;245;276],3,[-255;257;288],2,0,[14;-3;-3],2,2},{'R',[754;775;279],4,[754;775;279],3},{'O',[754;775;279],4,[754;775;279],4,0},{'M',[237;490;552],4,[237;-770;-733],3,[0;NaN;NaN],[-199;245;276],3,[NaN;1;1]},{'O',[237;490;552],4,[237;490;552],4,0},{'M',[-398;-770;-733],4,[237;-770;-733],3,[NaN;0;0],[-199;245;276],3,[1;NaN;NaN]},{'O',[398;770;733],4,[398;770;733],4,0}}
# Add optimal = 0
# Mux optimal = 0
# Mux registers optimal = 0
# FAs optimal = 0
