Adder graph: {{'M',[1;2;1],1,[1;1;1],0,[0;1;0]},{'R',[1;1;1],1,[1;1;1],0},{'A',[-7;10;9],2,[1;2;1],1,0,[-1;1;1],1,3},{'M',[32;1;4],1,[1;1;1],0,[5;0;2]},{'M',[1;32;1],1,[1;1;1],0,[0;5;0]},{'A',[31;33;5],2,[32;1;4],1,0,[-1;32;1],1,0},{'M',[512;8;1],1,[1;1;1],0,[9;3;0]},{'M',[1;1;64],1,[1;1;1],0,[0;0;6]},{'A',[1025;17;-62],2,[512;8;1],1,1,[1;1;-64],1,0},{'M',[248;33;40],3,[31;33;5],2,[3;0;3]},{'M',[-7;544;9],3,[-7;10;9],2,[0;NaN;0],[1025;17;-62],2,[NaN;5;NaN]},{'A',[985;-412;169],4,[248;33;40],3,2,[-7;-544;9],3,0},{'A',[577;623;514],3,[-7;10;9],2,6,[1025;-17;-62],2,0},{'M',[1025;272;-62],3,[1025;17;-62],2,[0;4;0]},{'M',[-1792;33;144],3,[-7;10;9],2,[8;NaN;4],[31;33;5],2,[NaN;0;NaN]},{'A',[-767;305;-206],4,[1025;272;-62],3,0,[-1792;33;-144],3,0},{'M',[248;132;5],3,[31;33;5],2,[3;2;0]},{'A',[825;755;519],4,[577;623;514],3,0,[248;132;5],3,0},{'M',[825;305;519],5,[-767;305;-206],4,[NaN;0;NaN],[825;755;519],4,[0;NaN;0]},{'O',[825;305;519],5,[825;305;519],5,0},{'M',[-767;-412;-206],5,[985;-412;169],4,[NaN;0;NaN],[-767;305;-206],4,[0;NaN;0]},{'O',[767;412;206],5,[767;412;206],5,0},{'M',[985;755;338],5,[985;-412;169],4,[0;NaN;1],[825;755;519],4,[NaN;0;NaN]},{'O',[985;755;338],5,[985;755;338],5,0}}
Adder graph: {{'A',[31;33;33],1,[1;1;1],0,5,[-1;1;1],0,0},{'M',[64;1;1],1,[1;1;1],0,[6;0;0]},{'A',[-225;29;37],2,[31;33;33],1,0,[-64;-1;1],1,2},{'M',[16;1;32],1,[1;1;1],0,[4;0;5]},{'M',[1;2;1],1,[1;1;1],0,[0;1;0]},{'A',[65;2;127],2,[16;1;32],1,2,[1;-2;-1],1,0},{'M',[4;1;1],1,[1;1;1],0,[2;0;0]},{'A',[95;49;49],2,[31;33;33],1,0,[4;1;1],1,4},{'M',[-225;29;254],3,[-225;29;37],2,[0;0;NaN],[65;2;127],2,[NaN;NaN;1]},{'M',[95;98;74],3,[-225;29;37],2,[NaN;NaN;1],[95;49;49],2,[0;1;NaN]},{'A',[-985;-755;-338],4,[-225;29;254],3,0,[-95;-98;-74],3,3},{'M',[496;66;33],2,[31;33;33],1,[4;1;0]},{'A',[767;103;103],3,[496;66;33],2,1,[-225;-29;37],2,0},{'M',[65;256;127],3,[65;2;127],2,[0;7;0]},{'M',[760;49;392],3,[95;49;49],2,[3;0;3]},{'A',[825;305;519],4,[65;256;127],3,0,[760;49;392],3,0},{'O',[825;305;519],4,[825;305;519],4,0},{'M',[767;412;206],4,[767;103;103],3,[0;2;1]},{'O',[767;412;206],4,[767;412;206],4,0},{'O',[985;755;338],4,[985;755;338],4,0}}
Adder graph: {{'A',[20;12;12],1,[1;1;1],0,4,[1;-1;-1],0,2},{'M',[64;1;1],1,[1;1;1],0,[6;0;0]},{'R',[1;1;1],1,[1;1;1],0},{'A',[513;7;7],2,[64;1;1],1,3,[1;-1;-1],1,0},{'M',[160;12;12],2,[20;12;12],1,[3;0;0]},{'A',[767;103;103],3,[160;12;12],2,3,[-513;7;7],2,0},{'M',[256;1;256],1,[1;1;1],0,[8;0;8]},{'A',[-1024;769;-512],2,[256;1;256],1,0,[-20;12;-12],1,6},{'M',[1;256;2],1,[1;1;1],0,[0;8;1]},{'A',[-39;232;-22],2,[1;256;2],1,0,[-20;-12;-12],1,1},{'M',[-1024;14;-352],3,[513;7;7],2,[NaN;1;NaN],[-1024;769;-512],2,[0;NaN;NaN],[-39;232;-22],2,[NaN;NaN;4]},{'M',[-39;769;14],3,[513;7;7],2,[NaN;NaN;1],[-1024;769;-512],2,[NaN;0;NaN],[-39;232;-22],2,[0;NaN;NaN]},{'A',[-985;-755;-338],4,[-1024;14;-352],3,0,[39;-769;14],3,0},{'M',[-312;464;-512],3,[-1024;769;-512],2,[NaN;NaN;0],[-39;232;-22],2,[3;1;NaN]},{'M',[513;769;7],3,[513;7;7],2,[0;NaN;0],[-1024;769;-512],2,[NaN;0;NaN]},{'A',[-825;-305;-519],4,[-312;464;-512],3,0,[-513;-769;-7],3,0},{'O',[825;305;519],4,[825;305;519],4,0},{'M',[767;412;206],4,[767;103;103],3,[0;2;1]},{'O',[767;412;206],4,[767;412;206],4,0},{'O',[985;755;338],4,[985;755;338],4,0}}
Adder graph: {{'M',[128;1;1],1,[1;1;1],0,[7;0;0]},{'M',[1;32;32],1,[1;1;1],0,[0;5;5]},{'A',[127;33;33],2,[128;1;1],1,0,[-1;32;32],1,0},{'M',[32;1;1],1,[1;1;1],0,[5;0;0]},{'M',[1;16;16],1,[1;1;1],0,[0;4;4]},{'A',[31;17;17],2,[32;1;1],1,0,[-1;16;16],1,0},{'M',[127;34;34],3,[127;33;33],2,[0;NaN;NaN],[31;17;17],2,[NaN;1;1]},{'M',[31;66;66],3,[127;33;33],2,[NaN;1;1],[31;17;17],2,[0;NaN;NaN]},{'A',[985;206;338],4,[127;34;34],3,3,[-31;-66;66],3,0},{'A',[985;247;247],3,[127;33;33],2,3,[-31;-17;-17],2,0},{'M',[8;1;1],1,[1;1;1],0,[3;0;0]},{'M',[1;4;1],1,[1;1;1],0,[0;2;0]},{'A',[160;-508;-124],2,[8;1;1],1,2,[1;-4;-1],1,7},{'M',[160;-508;272],3,[31;17;17],2,[NaN;NaN;4],[160;-508;-124],2,[0;0;NaN]},{'A',[825;755;519],4,[985;247;247],3,0,[-160;508;272],3,0},{'M',[160;68;68],3,[31;17;17],2,[NaN;2;2],[160;-508;-124],2,[0;NaN;NaN]},{'M',[127;33;66],3,[127;33;33],2,[0;0;1]},{'A',[767;305;206],4,[160;68;68],3,2,[127;33;-66],3,0},{'M',[825;305;519],5,[825;755;519],4,[0;NaN;0],[767;305;206],4,[NaN;0;NaN]},{'O',[825;305;519],5,[825;305;519],5,0},{'M',[767;412;206],5,[985;206;338],4,[NaN;1;NaN],[767;305;206],4,[0;NaN;0]},{'O',[767;412;206],5,[767;412;206],5,0},{'M',[985;755;338],5,[985;206;338],4,[0;NaN;0],[825;755;519],4,[NaN;0;NaN]},{'O',[985;755;338],5,[985;755;338],5,0}}
Adder graph: {{'A',[7;7;7],1,[1;1;1],0,3,[-1;-1;-1],0,0},{'M',[1;4;1],1,[1;1;1],0,[0;2;0]},{'A',[71;249;71],2,[1;4;1],1,6,[7;-7;7],1,0},{'M',[112;7;56],2,[7;7;7],1,[4;0;3]},{'A',[825;305;519],3,[112;7;56],2,3,[-71;249;71],2,0},{'M',[1;1;512],1,[1;1;1],0,[0;0;9]},{'M',[1;8;1],1,[1;1;1],0,[0;3;0]},{'A',[33;257;480],2,[1;1;512],1,0,[1;8;-1],1,5},{'M',[8;1;8],1,[1;1;1],0,[3;0;3]},{'A',[25;11;39],2,[8;1;8],1,2,[-7;7;7],1,0},{'M',[1056;257;480],3,[33;257;480],2,[5;0;0]},{'M',[71;498;142],3,[71;249;71],2,[0;1;1]},{'A',[985;755;338],4,[1056;257;480],3,0,[-71;498;-142],3,0},{'M',[33;996;78],3,[71;249;71],2,[NaN;2;NaN],[33;257;480],2,[0;NaN;NaN],[25;11;39],2,[NaN;NaN;1]},{'M',[200;352;71],3,[71;249;71],2,[NaN;NaN;0],[25;11;39],2,[3;5;NaN]},{'A',[-767;-412;-206],4,[33;996;78],3,0,[-200;-352;-71],3,2},{'R',[825;305;519],4,[825;305;519],3},{'O',[825;305;519],4,[825;305;519],4,0},{'O',[767;412;206],4,[767;412;206],4,0},{'O',[985;755;338],4,[985;755;338],4,0}}
Adder graph: {{'M',[1;64;64],1,[1;1;1],0,[0;6;6]},{'M',[4;1;1],1,[1;1;1],0,[2;0;0]},{'A',[1025;-192;-192],2,[1;64;64],1,0,[4;-1;-1],1,8},{'M',[2;2;1],1,[1;1;1],0,[1;1;0]},{'M',[8;1;8],1,[1;1;1],0,[3;0;3]},{'A',[264;257;120],2,[2;2;1],1,7,[8;1;-8],1,0},{'A',[-7;-7;-7],1,[1;1;1],0,0,[-1;-1;-1],0,3},{'M',[1;4;1],1,[1;1;1],0,[0;2;0]},{'A',[71;249;71],2,[1;4;1],1,6,[7;-7;7],1,0},{'M',[1056;257;480],3,[264;257;120],2,[2;0;2]},{'M',[71;498;142],3,[71;249;71],2,[0;1;1]},{'A',[985;755;338],4,[1056;257;480],3,0,[-71;498;-142],3,0},{'M',[-112;-7;-56],2,[-7;-7;-7],1,[4;0;3]},{'A',[-825;-305;-519],3,[-112;-7;-56],2,3,[71;-249;-71],2,0},{'M',[-896;-7;-7],2,[-7;-7;-7],1,[7;0;0]},{'A',[-767;-206;-206],3,[-896;-7;-7],2,1,[1025;-192;-192],2,0},{'R',[-825;-305;-519],4,[-825;-305;-519],3},{'O',[825;305;519],4,[825;305;519],4,0},{'M',[-767;-412;-206],4,[-767;-206;-206],3,[0;1;0]},{'O',[767;412;206],4,[767;412;206],4,0},{'O',[985;755;338],4,[985;755;338],4,0}}
Adder graph: {{'A',[7;7;7],1,[1;1;1],0,3,[-1;-1;-1],0,0},{'M',[1;2;1],1,[1;1;1],0,[0;1;0]},{'A',[71;-121;71],2,[7;7;7],1,0,[1;-2;1],1,6},{'M',[1;16;1],1,[1;1;1],0,[0;4;0]},{'M',[1;1;2],1,[1;1;1],0,[0;0;1]},{'A',[33;513;34],2,[1;16;1],1,5,[1;1;2],1,0},{'M',[64;1;1],1,[1;1;1],0,[6;0;0]},{'A',[50;-13;15],2,[64;1;1],1,0,[-7;-7;7],1,1},{'A',[767;305;206],3,[50;-13;15],2,4,[-33;513;-34],2,0},{'M',[1056;513;480],3,[33;513;34],2,[5;0;NaN],[50;-13;15],2,[NaN;NaN;5]},{'M',[71;-242;142],3,[71;-121;71],2,[0;1;1]},{'A',[985;755;338],4,[1056;513;480],3,0,[-71;242;-142],3,0},{'M',[28;7;14],2,[7;7;7],1,[2;0;1]},{'A',[825;103;519],3,[28;7;14],2,5,[-71;-121;71],2,0},{'M',[825;305;519],4,[767;305;206],3,[NaN;0;NaN],[825;103;519],3,[0;NaN;0]},{'O',[825;305;519],4,[825;305;519],4,0},{'M',[767;412;206],4,[767;305;206],3,[0;NaN;0],[825;103;519],3,[NaN;2;NaN]},{'O',[767;412;206],4,[767;412;206],4,0},{'O',[985;755;338],4,[985;755;338],4,0}}
Finished solving after 14433.7 seconds
Adder graph: {{'A',[7;7;7],1,[1;1;1],0,3,[-1;-1;-1],0,0},{'M',[1;2;1],1,[1;1;1],0,[0;1;0]},{'A',[71;-121;71],2,[7;7;7],1,0,[1;-2;1],1,6},{'M',[1;16;1],1,[1;1;1],0,[0;4;0]},{'M',[1;1;2],1,[1;1;1],0,[0;0;1]},{'A',[33;513;34],2,[1;16;1],1,5,[1;1;2],1,0},{'M',[64;1;1],1,[1;1;1],0,[6;0;0]},{'A',[50;-13;15],2,[64;1;1],1,0,[-7;-7;7],1,1},{'A',[767;305;206],3,[50;-13;15],2,4,[-33;513;-34],2,0},{'M',[1056;513;480],3,[33;513;34],2,[5;0;NaN],[50;-13;15],2,[NaN;NaN;5]},{'M',[71;-242;142],3,[71;-121;71],2,[0;1;1]},{'A',[985;755;338],4,[1056;513;480],3,0,[-71;242;-142],3,0},{'M',[28;7;14],2,[7;7;7],1,[2;0;1]},{'A',[825;103;519],3,[28;7;14],2,5,[-71;-121;71],2,0},{'M',[825;305;519],4,[767;305;206],3,[NaN;0;NaN],[825;103;519],3,[0;NaN;0]},{'O',[825;305;519],4,[825;305;519],4,0},{'M',[767;412;206],4,[767;305;206],3,[0;NaN;0],[825;103;519],3,[NaN;2;NaN]},{'O',[767;412;206],4,[767;412;206],4,0},{'O',[985;755;338],4,[985;755;338],4,0}}
# Add optimal = 0
# Mux optimal = 0
# Mux registers optimal = 0
# FAs optimal = 0
