Adder graph: {{'A',[3;3;5],1,[1;1;1],0,2,[-1;-1;1],0,0},{'A',[33;31;31],1,[1;1;1],0,5,[1;-1;-1],0,0},{'M',[12;6;31],2,[3;3;5],1,[2;1;NaN],[33;31;31],1,[NaN;NaN;0]},{'M',[3;3;10],2,[3;3;5],1,[0;0;1]},{'A',[15;3;41],3,[12;6;31],2,0,[3;-3;10],2,0},{'M',[2;1;8],1,[1;1;1],0,[1;0;3]},{'M',[1;1;8],1,[1;1;1],0,[0;0;3]},{'A',[9;3;24],2,[2;1;8],1,2,[1;-1;-8],1,0},{'M',[66;248;5],2,[3;3;5],1,[NaN;NaN;0],[33;31;31],1,[1;3;NaN]},{'A',[354;152;773],3,[66;248;5],2,0,[9;-3;24],2,5},{'M',[16;4;1],1,[1;1;1],0,[4;2;0]},{'A',[515;-125;37],2,[3;3;5],1,0,[16;-4;1],1,5},{'A',[-15;17;17],1,[1;1;1],0,0,[-1;1;1],0,4},{'M',[-15;62;80],2,[3;3;5],1,[NaN;NaN;4],[33;31;31],1,[NaN;1;NaN],[-15;17;17],1,[0;NaN;NaN]},{'A',[395;371;677],3,[-15;62;80],2,3,[515;-125;37],2,0},{'M',[132;17;992],2,[33;31;31],1,[2;NaN;5],[-15;17;17],1,[NaN;0;NaN]},{'M',[-15;248;31],2,[33;31;31],1,[NaN;3;0],[-15;17;17],1,[0;NaN;NaN]},{'A',[147;265;961],3,[132;17;992],2,0,[15;248;-31],2,0},{'M',[24576;31;31],2,[3;3;5],1,[13;NaN;NaN],[33;31;31],1,[NaN;0;0]},{'A',[196093;123;211],3,[24576;31;31],2,3,[-515;-125;-37],2,0},{'M',[33;7936;68],2,[33;31;31],1,[0;8;NaN],[-15;17;17],1,[NaN;NaN;2]},{'A',[997;7686;6],3,[515;-125;37],2,1,[-33;7936;-68],2,0},{'M',[30;742;773],4,[15;3;41],3,[1;NaN;NaN],[354;152;773],3,[NaN;NaN;0],[395;371;677],3,[NaN;1;NaN]},{'O',[30;742;773],4,[30;742;773],4,0},{'R',[147;265;961],4,[147;265;961],3},{'O',[147;265;961],4,[147;265;961],4,0},{'M',[997;24;768],4,[15;3;41],3,[NaN;3;NaN],[997;7686;6],3,[0;NaN;7]},{'O',[997;24;768],4,[997;24;768],4,0},{'M',[708;152;677],4,[354;152;773],3,[1;0;NaN],[395;371;677],3,[NaN;NaN;0]},{'O',[708;152;677],4,[708;152;677],4,0},{'M',[395;123;41],4,[15;3;41],3,[NaN;NaN;0],[395;371;677],3,[0;NaN;NaN],[196093;123;211],3,[NaN;0;NaN]},{'O',[395;123;41],4,[395;123;41],4,0}}
Adder graph: {{'A',[17;-15;17],1,[1;1;1],0,0,[1;-1;1],0,4},{'A',[3;3;3],1,[1;1;1],0,2,[-1;-1;-1],0,0},{'M',[8;1;64],1,[1;1;1],0,[3;0;6]},{'A',[15;19;239],2,[8;1;64],1,2,[-17;15;-17],1,0},{'M',[32;2;1],1,[1;1;1],0,[5;1;0]},{'A',[-253;-13;-5],2,[3;3;3],1,0,[-32;-2;-1],1,3},{'M',[16;32;1],1,[1;1;1],0,[4;5;0]},{'A',[81;113;21],2,[16;32;1],1,2,[17;-15;17],1,0},{'M',[6;12;3],2,[3;3;3],1,[1;2;0]},{'M',[24;-15;6],2,[17;-15;17],1,[NaN;0;NaN],[3;3;3],1,[3;NaN;1]},{'A',[30;-3;-3],3,[6;12;3],2,0,[24;-15;-6],2,0},{'M',[162;19;168],3,[15;19;239],2,[NaN;0;NaN],[81;113;21],2,[1;NaN;3]},{'M',[60;76;-5],3,[15;19;239],2,[2;2;NaN],[-253;-13;-5],2,[NaN;NaN;0]},{'A',[708;152;677],4,[162;19;168],3,2,[60;76;5],3,0},{'M',[68;3;6],2,[17;-15;17],1,[2;NaN;NaN],[3;3;3],1,[NaN;0;1]},{'A',[8451;371;773],3,[68;3;6],2,7,[-253;-13;5],2,0},{'A',[-997;-33;219],3,[15;19;239],2,0,[-253;-13;-5],2,2},{'M',[81;76;478],3,[15;19;239],2,[NaN;2;1],[81;113;21],2,[0;NaN;NaN]},{'M',[15;113;-5],3,[15;19;239],2,[0;NaN;NaN],[-253;-13;-5],2,[NaN;NaN;0],[81;113;21],2,[NaN;0;NaN]},{'A',[147;265;961],4,[81;76;478],3,1,[-15;113;5],3,0},{'M',[648;19;21],3,[15;19;239],2,[NaN;0;NaN],[81;113;21],2,[3;NaN;0]},{'M',[-253;-104;-20],3,[-253;-13;-5],2,[0;3;2]},{'A',[395;123;41],4,[648;19;21],3,0,[-253;104;20],3,0},{'M',[30;742;773],4,[30;-3;-3],3,[0;NaN;NaN],[8451;371;773],3,[NaN;1;0]},{'O',[30;742;773],4,[30;742;773],4,0},{'O',[147;265;961],4,[147;265;961],4,0},{'M',[-997;-24;-768],4,[30;-3;-3],3,[NaN;3;8],[-997;-33;219],3,[0;NaN;NaN]},{'O',[997;24;768],4,[997;24;768],4,0},{'O',[708;152;677],4,[708;152;677],4,0},{'O',[395;123;41],4,[395;123;41],4,0}}
Adder graph: {{'A',[3;1;1],1,[1;1;1],0,1,[1;-1;-1],0,0},{'M',[2;1;4],1,[1;1;1],0,[1;0;2]},{'M',[4;1;8],1,[1;1;1],0,[2;0;3]},{'A',[20;9;40],2,[2;1;4],1,3,[4;1;8],1,0},{'A',[17;17;-15],1,[1;1;1],0,0,[1;1;-1],0,4},{'M',[17;34;128],2,[3;1;1],1,[NaN;NaN;7],[17;17;-15],1,[0;1;NaN]},{'A',[708;152;768],3,[20;9;40],2,5,[17;-34;-128],2,2},{'A',[127;129;129],1,[1;1;1],0,7,[-1;1;1],0,0},{'M',[12;16;1],2,[3;1;1],1,[2;4;0]},{'M',[3;8;-960],2,[3;1;1],1,[0;3;NaN],[17;17;-15],1,[NaN;NaN;6]},{'A',[15;24;961],3,[12;16;1],2,0,[3;8;960],2,0},{'A',[103;121;137],2,[127;129;129],1,0,[-3;-1;1],1,3},{'M',[8;1;2],1,[1;1;1],0,[3;0;1]},{'A',[1021;127;257],2,[8;1;2],1,7,[-3;-1;1],1,0},{'M',[6;1;129],2,[3;1;1],1,[1;0;NaN],[127;129;129],1,[NaN;NaN;0]},{'A',[997;123;773],3,[1021;127;257],2,0,[-6;-1;129],2,2},{'M',[127;256;1],2,[3;1;1],1,[NaN;8;0],[127;129;129],1,[0;NaN;NaN]},{'A',[147;265;41],3,[20;9;40],2,0,[127;256;1],2,0},{'M',[17;258;129],2,[17;17;-15],1,[0;NaN;NaN],[127;129;129],1,[NaN;1;0]},{'A',[395;742;677],3,[103;121;137],2,2,[-17;258;129],2,0},{'M',[30;742;773],4,[15;24;961],3,[1;NaN;NaN],[997;123;773],3,[NaN;NaN;0],[395;742;677],3,[NaN;0;NaN]},{'O',[30;742;773],4,[30;742;773],4,0},{'M',[147;265;961],4,[15;24;961],3,[NaN;NaN;0],[147;265;41],3,[0;0;NaN]},{'O',[147;265;961],4,[147;265;961],4,0},{'M',[997;24;768],4,[708;152;768],3,[NaN;NaN;0],[15;24;961],3,[NaN;0;NaN],[997;123;773],3,[0;NaN;NaN]},{'O',[997;24;768],4,[997;24;768],4,0},{'M',[708;152;677],4,[708;152;768],3,[0;0;NaN],[395;742;677],3,[NaN;NaN;0]},{'O',[708;152;677],4,[708;152;677],4,0},{'M',[395;123;41],4,[997;123;773],3,[NaN;0;NaN],[147;265;41],3,[NaN;NaN;0],[395;742;677],3,[0;NaN;NaN]},{'O',[395;123;41],4,[395;123;41],4,0}}
Adder graph: {{'A',[33;31;33],1,[1;1;1],0,5,[1;-1;1],0,0},{'A',[3;1;3],1,[1;1;1],0,1,[1;-1;1],0,0},{'M',[33;124;96],2,[33;31;33],1,[0;2;NaN],[3;1;3],1,[NaN;NaN;5]},{'M',[528;1;192],2,[33;31;33],1,[4;NaN;NaN],[3;1;3],1,[NaN;0;6]},{'A',[561;123;-96],3,[33;124;96],2,0,[528;-1;-192],2,0},{'M',[1;2;256],1,[1;1;1],0,[0;1;8]},{'A',[263;246;8],2,[33;31;33],1,3,[-1;-2;-256],1,0},{'M',[132;496;33],2,[33;31;33],1,[2;4;0]},{'A',[395;742;41],3,[132;496;33],2,0,[263;246;8],2,0},{'M',[4;1;4],1,[1;1;1],0,[2;0;2]},{'A',[-1021;257;1027],2,[3;1;3],1,0,[-4;1;4],1,8},{'M',[96;1;3],2,[3;1;3],1,[5;0;0]},{'M',[33;2;33],2,[33;31;33],1,[0;NaN;0],[3;1;3],1,[NaN;1;NaN]},{'A',[30;-3;69],3,[96;1;3],2,0,[-33;-2;33],2,1},{'M',[16;32;1],1,[1;1;1],0,[4;5;0]},{'M',[1;1;4],1,[1;1;1],0,[0;0;2]},{'A',[15;31;5],2,[16;32;1],1,0,[-1;-1;4],1,0},{'M',[66;1;384],2,[33;31;33],1,[1;NaN;NaN],[3;1;3],1,[NaN;0;7]},{'A',[147;29;773],3,[15;31;5],2,0,[66;-1;384],2,1},{'A',[708;152;677],4,[147;29;773],3,0,[561;123;-96],3,0},{'M',[12;4;33],2,[33;31;33],1,[NaN;NaN;0],[3;1;3],1,[2;2;NaN]},{'A',[-997;265;961],3,[-1021;257;1027],2,0,[12;4;-33],2,1},{'M',[30;742;773],4,[395;742;41],3,[NaN;0;NaN],[30;-3;69],3,[0;NaN;NaN],[147;29;773],3,[NaN;NaN;0]},{'O',[30;742;773],4,[30;742;773],4,0},{'M',[147;265;961],4,[147;29;773],3,[0;NaN;NaN],[-997;265;961],3,[NaN;0;0]},{'O',[147;265;961],4,[147;265;961],4,0},{'M',[-997;-24;-768],4,[561;123;-96],3,[NaN;NaN;3],[30;-3;69],3,[NaN;3;NaN],[-997;265;961],3,[0;NaN;NaN]},{'O',[997;24;768],4,[997;24;768],4,0},{'O',[708;152;677],4,[708;152;677],4,0},{'M',[395;123;41],4,[561;123;-96],3,[NaN;0;NaN],[395;742;41],3,[0;NaN;0]},{'O',[395;123;41],4,[395;123;41],4,0}}
Adder graph: {{'A',[3;3;5],1,[1;1;1],0,2,[-1;-1;1],0,0},{'M',[4;1;4],1,[1;1;1],0,[2;0;2]},{'M',[1;32;1],1,[1;1;1],0,[0;5;0]},{'A',[15;-28;17],2,[4;1;4],1,2,[-1;-32;1],1,0},{'A',[15;17;17],1,[1;1;1],0,4,[-1;1;1],0,0},{'M',[192;192;5],2,[3;3;5],1,[6;6;0]},{'M',[15;17;68],2,[15;17;17],1,[0;0;2]},{'A',[177;209;-63],3,[192;192;5],2,0,[-15;17;-68],2,0},{'M',[256;4;1],1,[1;1;1],0,[8;2;0]},{'A',[1021;13;-1],2,[256;4;1],1,2,[-3;-3;-5],1,0},{'M',[3;3;136],2,[3;3;5],1,[0;0;NaN],[15;17;17],1,[NaN;NaN;3]},{'M',[3;24;640],2,[3;3;5],1,[0;3;7]},{'A',[30;-24;-192],3,[3;3;136],2,3,[3;-24;-640],2,1},{'M',[15;-28;-512],3,[15;-28;17],2,[0;0;NaN],[1021;13;-1],2,[NaN;NaN;9]},{'A',[-147;-265;-961],4,[15;-28;-512],3,1,[-177;-209;63],3,0},{'M',[1;2;16],1,[1;1;1],0,[0;1;4]},{'A',[11;13;133],2,[1;2;16],1,3,[3;-3;5],1,0},{'A',[131;123;677],3,[15;17;68],2,3,[11;-13;133],2,0},{'M',[3;48;5],2,[3;3;5],1,[0;4;0]},{'A',[-997;371;41],3,[3;48;5],2,3,[-1021;-13;1],2,0},{'M',[192;3;320],2,[3;3;5],1,[6;0;6]},{'A',[395;19;773],3,[11;13;133],2,0,[192;3;320],2,1},{'M',[30;742;773],4,[30;-24;-192],3,[0;NaN;NaN],[-997;371;41],3,[NaN;1;NaN],[395;19;773],3,[NaN;NaN;0]},{'O',[30;742;773],4,[30;742;773],4,0},{'O',[147;265;961],4,[147;265;961],4,0},{'M',[-997;-24;-768],4,[30;-24;-192],3,[NaN;0;2],[-997;371;41],3,[0;NaN;NaN]},{'O',[997;24;768],4,[997;24;768],4,0},{'M',[708;152;677],4,[177;209;-63],3,[2;NaN;NaN],[131;123;677],3,[NaN;NaN;0],[395;19;773],3,[NaN;3;NaN]},{'O',[708;152;677],4,[708;152;677],4,0},{'M',[395;123;41],4,[131;123;677],3,[NaN;0;NaN],[-997;371;41],3,[NaN;NaN;0],[395;19;773],3,[0;NaN;NaN]},{'O',[395;123;41],4,[395;123;41],4,0}}
Adder graph: {{'A',[3;3;3],1,[1;1;1],0,0,[1;1;1],0,1},{'M',[2;1;2],1,[1;1;1],0,[1;0;1]},{'A',[29;19;35],2,[2;1;2],1,4,[-3;3;3],1,0},{'M',[1;2;2],1,[1;1;1],0,[0;1;1]},{'A',[11;-13;19],2,[3;3;3],1,0,[1;-2;2],1,3},{'R',[1;1;1],1,[1;1;1],0},{'M',[1;1;128],1,[1;1;1],0,[0;0;7]},{'A',[-3;-3;513],2,[1;1;1],1,0,[-1;-1;128],1,2},{'M',[8;1;1],1,[1;1;1],0,[3;0;0]},{'A',[513;-63;65],2,[1;1;1],1,0,[8;-1;1],1,6},{'M',[29;19;65],3,[29;19;35],2,[0;0;NaN],[513;-63;65],2,[NaN;NaN;0]},{'M',[88;-52;513],3,[11;-13;19],2,[3;2;NaN],[-3;-3;513],2,[NaN;NaN;0]},{'A',[-147;123;-961],4,[29;19;65],3,0,[-88;52;-513],3,1},{'M',[-384;-384;513],3,[-3;-3;513],2,[7;7;0]},{'M',[513;38;65],3,[29;19;35],2,[NaN;1;NaN],[513;-63;65],2,[0;NaN;0]},{'A',[1668;-536;773],4,[-384;-384;513],3,0,[513;-38;65],3,2},{'M',[44;-13;19],3,[11;-13;19],2,[2;0;0]},{'M',[58;38;35],3,[29;19;35],2,[1;1;0]},{'A',[30;12;3],4,[44;-13;19],3,1,[-58;38;-35],3,0},{'M',[11;-13;76],3,[11;-13;19],2,[0;0;2]},{'M',[-384;-384;35],3,[29;19;35],2,[NaN;NaN;0],[-3;-3;513],2,[7;7;NaN]},{'A',[395;371;41],4,[11;-13;76],3,0,[384;384;-35],3,0},{'M',[513;-126;65],3,[513;-63;65],2,[0;1;0]},{'M',[29;-13;35],3,[29;19;35],2,[0;NaN;0],[11;-13;19],2,[NaN;0;NaN]},{'A',[997;-265;165],4,[513;-126;65],3,1,[-29;-13;35],3,0},{'A',[-708;-152;-677],5,[30;12;3],4,5,[-1668;-536;-773],4,0},{'M',[30;742;773],5,[1668;-536;773],4,[NaN;NaN;0],[30;12;3],4,[0;NaN;NaN],[395;371;41],4,[NaN;1;NaN]},{'O',[30;742;773],5,[30;742;773],5,0},{'M',[-147;-265;-961],5,[-147;123;-961],4,[0;NaN;0],[997;-265;165],4,[NaN;0;NaN]},{'O',[147;265;961],5,[147;265;961],5,0},{'M',[997;24;768],5,[30;12;3],4,[NaN;1;8],[997;-265;165],4,[0;NaN;NaN]},{'O',[997;24;768],5,[997;24;768],5,0},{'O',[708;152;677],5,[708;152;677],5,0},{'M',[395;123;41],5,[-147;123;-961],4,[NaN;0;NaN],[395;371;41],4,[0;NaN;0]},{'O',[395;123;41],5,[395;123;41],5,0}}
Adder graph: {{'A',[5;-3;5],1,[1;1;1],0,0,[1;-1;1],0,2},{'M',[1;2;1],1,[1;1;1],0,[0;1;0]},{'M',[2;4;1],1,[1;1;1],0,[1;2;0]},{'A',[-63;-126;-31],2,[1;2;1],1,0,[-2;-4;-1],1,5},{'M',[8;1;8],1,[1;1;1],0,[3;0;3]},{'A',[-59;-11;69],2,[5;-3;5],1,0,[-8;-1;8],1,3},{'M',[5;-3;160],2,[5;-3;5],1,[0;0;5]},{'M',[5;-6;10],2,[5;-3;5],1,[0;1;1]},{'A',[-30;-54;400],3,[5;-3;160],2,1,[-5;-6;10],2,3},{'M',[1;1;8],1,[1;1;1],0,[0;0;3]},{'A',[11;13;123],2,[1;1;8],1,4,[-5;-3;-5],1,0},{'M',[4;4;1],1,[1;1;1],0,[2;2;0]},{'A',[-12;-12;28],2,[1;1;8],1,2,[-4;-4;-1],1,2},{'M',[-59;-252;-992],3,[-63;-126;-31],2,[NaN;1;5],[-59;-11;69],2,[0;NaN;NaN]},{'M',[88;13;-31],3,[-63;-126;-31],2,[NaN;NaN;0],[11;13;123],2,[3;0;NaN]},{'A',[-147;-265;-961],4,[-59;-252;-992],3,0,[-88;-13;31],3,0},{'M',[-768;-44;123],3,[-59;-11;69],2,[NaN;2;NaN],[11;13;123],2,[NaN;NaN;0],[-12;-12;28],2,[6;NaN;NaN]},{'A',[-708;-152;-677],4,[-768;-44;123],3,0,[30;-54;-400],3,1},{'A',[395;-371;-773],3,[11;13;123],2,0,[12;-12;-28],2,5},{'M',[10;-3;10],2,[5;-3;5],1,[1;0;1]},{'A',[73;123;41],3,[10;-3;10],2,0,[63;126;31],2,0},{'M',[-1008;-11;7168],3,[-63;-126;-31],2,[4;NaN;NaN],[-59;-11;69],2,[NaN;0;NaN],[-12;-12;28],2,[NaN;NaN;8]},{'M',[11;13;-7936],3,[-63;-126;-31],2,[NaN;NaN;8],[11;13;123],2,[0;0;NaN]},{'A',[-997;-24;-768],4,[-1008;-11;7168],3,0,[11;-13;-7936],3,0},{'M',[-30;-742;-773],4,[-30;-54;400],3,[0;NaN;NaN],[395;-371;-773],3,[NaN;1;0]},{'O',[30;742;773],4,[30;742;773],4,0},{'O',[147;265;961],4,[147;265;961],4,0},{'O',[997;24;768],4,[997;24;768],4,0},{'O',[708;152;677],4,[708;152;677],4,0},{'M',[395;123;41],4,[395;-371;-773],3,[0;NaN;NaN],[73;123;41],3,[NaN;0;0]},{'O',[395;123;41],4,[395;123;41],4,0}}
Adder graph: {{'A',[3;3;1],1,[1;1;1],0,1,[1;1;-1],0,0},{'R',[1;1;1],1,[1;1;1],0},{'M',[2;2;1],1,[1;1;1],0,[1;1;0]},{'A',[-28;-28;-12],2,[1;1;1],1,2,[-2;-2;-1],1,4},{'M',[1;8;2],1,[1;1;1],0,[0;3;1]},{'A',[35;259;65],2,[3;3;1],1,0,[1;8;2],1,5},{'M',[2;8;1],1,[1;1;1],0,[1;3;0]},{'M',[256;1;256],1,[1;1;1],0,[8;0;8]},{'A',[-248;31;260],2,[2;8;1],1,2,[-256;-1;256],1,0},{'M',[4;1;1],1,[1;1;1],0,[2;0;0]},{'A',[516;3;513],2,[256;1;256],1,1,[4;1;1],1,0},{'A',[147;371;17],3,[35;259;65],2,0,[28;28;-12],2,2},{'M',[3;24;512],2,[3;3;1],1,[0;3;9]},{'M',[3;3;32],2,[3;3;1],1,[0;0;5]},{'A',[30;24;768],3,[3;24;512],2,1,[3;-3;-32],2,3},{'M',[-248;248;-24],3,[-28;-28;-12],2,[NaN;NaN;1],[-248;31;260],2,[0;3;NaN]},{'A',[-395;-123;-41],4,[-248;248;-24],3,0,[-147;-371;-17],3,0},{'A',[-764;28;773],3,[-248;31;260],2,0,[-516;-3;513],2,0},{'M',[-28;62;-48],3,[-28;-28;-12],2,[0;NaN;2],[-248;31;260],2,[NaN;1;NaN]},{'A',[708;152;677],4,[-28;62;-48],3,1,[764;28;773],3,0},{'A',[997;265;961],3,[516;3;513],2,1,[-35;259;-65],2,0},{'M',[30;742;773],4,[147;371;17],3,[NaN;1;NaN],[30;24;768],3,[0;NaN;NaN],[-764;28;773],3,[NaN;NaN;0]},{'O',[30;742;773],4,[30;742;773],4,0},{'M',[147;265;961],4,[147;371;17],3,[0;NaN;NaN],[997;265;961],3,[NaN;0;0]},{'O',[147;265;961],4,[147;265;961],4,0},{'M',[997;24;768],4,[30;24;768],3,[NaN;0;0],[997;265;961],3,[0;NaN;NaN]},{'O',[997;24;768],4,[997;24;768],4,0},{'O',[708;152;677],4,[708;152;677],4,0},{'O',[395;123;41],4,[395;123;41],4,0}}
Adder graph: {{'A',[5;3;5],1,[1;1;1],0,2,[1;-1;1],0,0},{'M',[32;1;1],1,[1;1;1],0,[5;0;0]},{'M',[1;8;1],1,[1;1;1],0,[0;3;0]},{'A',[68;34;-2],2,[32;1;1],1,1,[1;8;-1],1,2},{'A',[-248;264;264],1,[1;1;1],0,3,[-1;1;1],0,8},{'A',[3;5;3],1,[1;1;1],0,2,[-1;1;-1],0,0},{'M',[1;1;4],1,[1;1;1],0,[0;0;2]},{'M',[8;1;8],1,[1;1;1],0,[3;0;3]},{'A',[640;496;1920],2,[1;1;4],1,9,[8;-1;-8],1,4},{'M',[5;12;5],2,[5;3;5],1,[0;2;0]},{'M',[-248;3;192],2,[5;3;5],1,[NaN;0;NaN],[-248;264;264],1,[0;NaN;NaN],[3;5;3],1,[NaN;NaN;6]},{'A',[997;24;773],3,[5;12;5],2,0,[248;3;192],2,2},{'M',[8;1;2],1,[1;1;1],0,[3;0;1]},{'A',[123;13;37],2,[8;1;2],1,4,[-5;-3;5],1,0},{'A',[354;265;961],3,[640;496;1920],2,-1,[68;34;2],2,-1},{'M',[272;136;37],3,[68;34;-2],2,[2;2;NaN],[123;13;37],2,[NaN;NaN;0]},{'M',[123;13;-4],3,[68;34;-2],2,[NaN;NaN;1],[123;13;37],2,[0;0;NaN]},{'A',[395;123;41],4,[272;136;37],3,0,[123;-13;4],3,0},{'M',[20;12;3],2,[5;3;5],1,[2;2;NaN],[3;5;3],1,[NaN;NaN;0]},{'M',[10;5;3],2,[5;3;5],1,[1;NaN;NaN],[3;5;3],1,[NaN;0;0]},{'A',[30;19;3],3,[20;12;3],2,1,[-10;-5;-3],2,0},{'M',[3;48;80],2,[5;3;5],1,[NaN;4;4],[3;5;3],1,[0;NaN;NaN]},{'A',[147;371;677],3,[3;48;80],2,3,[123;-13;37],2,0},{'M',[30;742;773],4,[997;24;773],3,[NaN;NaN;0],[30;19;3],3,[0;NaN;NaN],[147;371;677],3,[NaN;1;NaN]},{'O',[30;742;773],4,[30;742;773],4,0},{'M',[147;265;961],4,[354;265;961],3,[NaN;0;0],[147;371;677],3,[0;NaN;NaN]},{'O',[147;265;961],4,[147;265;961],4,0},{'M',[997;24;768],4,[997;24;773],3,[0;0;NaN],[30;19;3],3,[NaN;NaN;8]},{'O',[997;24;768],4,[997;24;768],4,0},{'M',[708;152;677],4,[354;265;961],3,[1;NaN;NaN],[30;19;3],3,[NaN;3;NaN],[147;371;677],3,[NaN;NaN;0]},{'O',[708;152;677],4,[708;152;677],4,0},{'O',[395;123;41],4,[395;123;41],4,0}}
Adder graph: {{'A',[2;2;6],1,[1;1;1],0,2,[-1;-1;1],0,1},{'M',[1;1;256],1,[1;1;1],0,[0;0;8]},{'M',[1;4;1],1,[1;1;1],0,[0;2;0]},{'A',[17;65;240],2,[1;1;256],1,0,[1;4;-1],1,4},{'A',[3;3;5],1,[1;1;1],0,2,[-1;-1;1],0,0},{'M',[256;2;1],1,[1;1;1],0,[8;1;0]},{'A',[-1021;-5;1],2,[3;3;5],1,0,[-256;-2;-1],1,2},{'M',[24;3;5],2,[3;3;5],1,[3;0;0]},{'M',[3;3;384],2,[2;2;6],1,[NaN;NaN;6],[3;3;5],1,[0;0;NaN]},{'A',[30;-3;773],3,[24;3;5],2,0,[3;-3;384],2,1},{'M',[3;16;5],2,[2;2;6],1,[NaN;3;NaN],[3;3;5],1,[0;NaN;0]},{'A',[-997;123;41],3,[3;16;5],2,3,[-1021;-5;1],2,0},{'A',[508;508;508],1,[1;1;1],0,9,[-1;-1;-1],0,2},{'M',[1;2;4],1,[1;1;1],0,[0;1;2]},{'A',[49;46;84],2,[3;3;5],1,4,[1;-2;4],1,0},{'M',[49;260;960],3,[17;65;240],2,[NaN;2;2],[49;46;84],2,[0;NaN;NaN]},{'M',[98;-5;1],3,[-1021;-5;1],2,[NaN;0;0],[49;46;84],2,[1;NaN;NaN]},{'A',[147;265;961],4,[49;260;960],3,0,[98;5;1],3,0},{'R',[3;3;5],2,[3;3;5],1},{'A',[395;371;677],3,[49;46;84],2,3,[3;3;5],2,0},{'M',[32;2;24],2,[2;2;6],1,[4;0;2]},{'A',[708;152;-48],3,[49;46;84],2,2,[32;-2;-24],2,4},{'M',[30;742;773],4,[30;-3;773],3,[0;NaN;0],[395;371;677],3,[NaN;1;NaN]},{'O',[30;742;773],4,[30;742;773],4,0},{'O',[147;265;961],4,[147;265;961],4,0},{'M',[-997;-24;-768],4,[30;-3;773],3,[NaN;3;NaN],[-997;123;41],3,[0;NaN;NaN],[708;152;-48],3,[NaN;NaN;4]},{'O',[997;24;768],4,[997;24;768],4,0},{'M',[708;152;677],4,[395;371;677],3,[NaN;NaN;0],[708;152;-48],3,[0;0;NaN]},{'O',[708;152;677],4,[708;152;677],4,0},{'M',[395;123;41],4,[-997;123;41],3,[NaN;0;0],[395;371;677],3,[0;NaN;NaN]},{'O',[395;123;41],4,[395;123;41],4,0}}
Adder graph: {{'A',[10;6;10],1,[1;1;1],0,3,[1;-1;1],0,1},{'M',[1;1;4],1,[1;1;1],0,[0;0;2]},{'M',[8;1;1],1,[1;1;1],0,[3;0;0]},{'A',[120;129;513],2,[1;1;4],1,7,[-8;1;1],1,0},{'M',[4;2;1],1,[1;1;1],0,[2;1;0]},{'M',[1;1;32],1,[1;1;1],0,[0;0;5]},{'A',[5;1;-31],2,[4;2;1],1,0,[1;-1;-32],1,0},{'A',[-127;129;129],1,[1;1;1],0,0,[-1;1;1],0,7},{'A',[31;33;31],1,[1;1;1],0,5,[-1;1;-1],0,0},{'M',[64;1;8],1,[1;1;1],0,[6;0;3]},{'A',[385;-121;-65],2,[64;1;8],1,3,[-127;-129;-129],1,0},{'M',[20;12;31],2,[10;6;10],1,[1;1;NaN],[31;33;31],1,[NaN;NaN;0]},{'M',[-127;6;10],2,[10;6;10],1,[NaN;0;0],[-127;129;129],1,[0;NaN;NaN]},{'A',[147;6;41],3,[20;12;31],2,0,[127;-6;10],2,0},{'M',[5;-242;-130],3,[5;1;-31],2,[0;NaN;NaN],[385;-121;-65],2,[NaN;1;1]},{'M',[40;258;513],3,[120;129;513],2,[NaN;1;0],[5;1;-31],2,[3;NaN;NaN]},{'A',[-30;-742;-773],4,[5;-242;-130],3,1,[-40;-258;-513],3,0},{'A',[395;123;3],3,[5;1;-31],2,1,[385;121;65],2,0},{'M',[124;33;124],2,[31;33;31],1,[2;0;2]},{'A',[997;265;961],3,[124;33;124],2,3,[5;1;-31],2,0},{'M',[120;128;513],3,[120;129;513],2,[0;NaN;0],[5;1;-31],2,[NaN;7;NaN]},{'A',[708;152;677],4,[120;128;513],3,0,[147;6;41],3,2},{'O',[30;742;773],4,[30;742;773],4,0},{'M',[147;265;961],4,[147;6;41],3,[0;NaN;NaN],[997;265;961],3,[NaN;0;0]},{'O',[147;265;961],4,[147;265;961],4,0},{'M',[997;24;768],4,[147;6;41],3,[NaN;2;NaN],[395;123;3],3,[NaN;NaN;8],[997;265;961],3,[0;NaN;NaN]},{'O',[997;24;768],4,[997;24;768],4,0},{'O',[708;152;677],4,[708;152;677],4,0},{'M',[395;123;41],4,[147;6;41],3,[NaN;NaN;0],[395;123;3],3,[0;0;NaN]},{'O',[395;123;41],4,[395;123;41],4,0}}
Adder graph: {{'A',[3;3;-1],1,[1;1;1],0,0,[1;1;-1],0,1},{'M',[8;8;1],1,[1;1;1],0,[3;3;0]},{'A',[61;67;9],2,[8;8;1],1,3,[-3;3;1],1,0},{'M',[3;48;-16],2,[3;3;-1],1,[0;4;4]},{'A',[55;-29;41],3,[61;67;9],2,0,[-3;-48;16],2,1},{'M',[1;1;2],1,[1;1;1],0,[0;0;1]},{'M',[2;2;1],1,[1;1;1],0,[1;1;0]},{'A',[60;68;130],2,[1;1;2],1,6,[-2;2;1],1,1},{'M',[2;1;2],1,[1;1;1],0,[1;0;1]},{'A',[515;259;513],2,[2;1;2],1,8,[3;3;1],1,0},{'M',[3;3;-64],2,[3;3;-1],1,[0;0;6]},{'M',[12;3;-1],2,[3;3;-1],1,[2;0;0]},{'A',[15;6;-65],3,[3;3;-64],2,0,[12;3;-1],2,0},{'A',[395;123;773],3,[515;259;513],2,0,[-60;-68;130],2,1},{'M',[1;256;256],1,[1;1;1],0,[0;8;8]},{'M',[16;16;1],1,[1;1;1],0,[4;4;0]},{'A',[33;224;258],2,[1;256;256],1,0,[16;-16;1],1,1},{'M',[488;268;513],3,[61;67;9],2,[3;2;NaN],[515;259;513],2,[NaN;NaN;0]},{'A',[708;152;677],4,[488;268;513],3,0,[55;-29;41],3,2},{'M',[132;259;1026],3,[515;259;513],2,[NaN;0;1],[33;224;258],2,[2;NaN;NaN]},{'A',[147;265;961],4,[15;6;-65],3,0,[132;259;1026],3,0},{'A',[997;742;768],3,[515;259;513],2,1,[-33;224;-258],2,0},{'M',[30;742;773],4,[15;6;-65],3,[1;NaN;NaN],[395;123;773],3,[NaN;NaN;0],[997;742;768],3,[NaN;0;NaN]},{'O',[30;742;773],4,[30;742;773],4,0},{'O',[147;265;961],4,[147;265;961],4,0},{'M',[997;24;768],4,[15;6;-65],3,[NaN;2;NaN],[997;742;768],3,[0;NaN;0]},{'O',[997;24;768],4,[997;24;768],4,0},{'O',[708;152;677],4,[708;152;677],4,0},{'M',[395;123;41],4,[55;-29;41],3,[NaN;NaN;0],[395;123;773],3,[0;0;NaN]},{'O',[395;123;41],4,[395;123;41],4,0}}
Adder graph: {{'A',[9;7;7],1,[1;1;1],0,3,[1;-1;-1],0,0},{'A',[-3;-3;5],1,[1;1;1],0,0,[-1;-1;1],0,2},{'A',[31;33;31],1,[1;1;1],0,5,[-1;1;-1],0,0},{'A',[129;129;129],1,[1;1;1],0,7,[1;1;1],0,0},{'M',[9;66;62],2,[9;7;7],1,[0;NaN;NaN],[31;33;31],1,[NaN;1;1]},{'M',[129;129;28],2,[9;7;7],1,[NaN;NaN;2],[129;129;129],1,[0;0;NaN]},{'A',[147;3;96],3,[9;66;62],2,1,[129;-129;-28],2,0},{'M',[1;4;4],1,[1;1;1],0,[0;2;2]},{'A',[392;416;672],2,[1;4;4],1,3,[3;3;5],1,7},{'M',[32;32;1],1,[1;1;1],0,[5;5;0]},{'A',[-1000;-1000;-1031],2,[32;32;1],1,0,[-129;-129;-129],1,3},{'M',[129;129;496],2,[31;33;31],1,[NaN;NaN;4],[129;129;129],1,[0;0;NaN]},{'M',[288;7;31],2,[9;7;7],1,[5;0;NaN],[31;33;31],1,[NaN;NaN;0]},{'A',[-30;265;961],3,[129;129;496],2,1,[-288;7;-31],2,0},{'M',[-3;258;258],2,[-3;-3;5],1,[0;NaN;NaN],[129;129;129],1,[NaN;1;1]},{'A',[997;-742;-773],3,[-3;258;258],2,0,[1000;-1000;-1031],2,0},{'M',[129;129;31],2,[31;33;31],1,[NaN;NaN;0],[129;129;129],1,[0;0;NaN]},{'M',[-24;-3;5],2,[-3;-3;5],1,[3;0;0]},{'A',[177;123;41],3,[129;129;31],2,0,[24;-3;5],2,1},{'M',[-3;264;5],2,[-3;-3;5],1,[0;NaN;0],[31;33;31],1,[NaN;3;NaN]},{'A',[395;152;677],3,[392;416;672],2,0,[3;-264;5],2,0},{'M',[-30;-742;-773],4,[-30;265;961],3,[0;NaN;NaN],[997;-742;-773],3,[NaN;0;0]},{'O',[30;742;773],4,[30;742;773],4,0},{'M',[147;265;961],4,[147;3;96],3,[0;NaN;NaN],[-30;265;961],3,[NaN;0;0]},{'O',[147;265;961],4,[147;265;961],4,0},{'M',[997;24;768],4,[147;3;96],3,[NaN;3;3],[997;-742;-773],3,[0;NaN;NaN]},{'O',[997;24;768],4,[997;24;768],4,0},{'M',[708;152;677],4,[177;123;41],3,[2;NaN;NaN],[395;152;677],3,[NaN;0;0]},{'O',[708;152;677],4,[708;152;677],4,0},{'M',[395;123;41],4,[177;123;41],3,[NaN;0;0],[395;152;677],3,[0;NaN;NaN]},{'O',[395;123;41],4,[395;123;41],4,0}}
Finished solving after 259196 seconds
Adder graph: {{'A',[9;7;7],1,[1;1;1],0,3,[1;-1;-1],0,0},{'A',[-3;-3;5],1,[1;1;1],0,0,[-1;-1;1],0,2},{'A',[31;33;31],1,[1;1;1],0,5,[-1;1;-1],0,0},{'A',[129;129;129],1,[1;1;1],0,7,[1;1;1],0,0},{'M',[9;66;62],2,[9;7;7],1,[0;NaN;NaN],[31;33;31],1,[NaN;1;1]},{'M',[129;129;28],2,[9;7;7],1,[NaN;NaN;2],[129;129;129],1,[0;0;NaN]},{'A',[147;3;96],3,[9;66;62],2,1,[129;-129;-28],2,0},{'M',[1;4;4],1,[1;1;1],0,[0;2;2]},{'A',[392;416;672],2,[1;4;4],1,3,[3;3;5],1,7},{'M',[32;32;1],1,[1;1;1],0,[5;5;0]},{'A',[-1000;-1000;-1031],2,[32;32;1],1,0,[-129;-129;-129],1,3},{'M',[129;129;496],2,[31;33;31],1,[NaN;NaN;4],[129;129;129],1,[0;0;NaN]},{'M',[288;7;31],2,[9;7;7],1,[5;0;NaN],[31;33;31],1,[NaN;NaN;0]},{'A',[-30;265;961],3,[129;129;496],2,1,[-288;7;-31],2,0},{'M',[-3;258;258],2,[-3;-3;5],1,[0;NaN;NaN],[129;129;129],1,[NaN;1;1]},{'A',[997;-742;-773],3,[-3;258;258],2,0,[1000;-1000;-1031],2,0},{'M',[129;129;31],2,[31;33;31],1,[NaN;NaN;0],[129;129;129],1,[0;0;NaN]},{'M',[-24;-3;5],2,[-3;-3;5],1,[3;0;0]},{'A',[177;123;41],3,[129;129;31],2,0,[24;-3;5],2,1},{'M',[-3;264;5],2,[-3;-3;5],1,[0;NaN;0],[31;33;31],1,[NaN;3;NaN]},{'A',[395;152;677],3,[392;416;672],2,0,[3;-264;5],2,0},{'M',[-30;-742;-773],4,[-30;265;961],3,[0;NaN;NaN],[997;-742;-773],3,[NaN;0;0]},{'O',[30;742;773],4,[30;742;773],4,0},{'M',[147;265;961],4,[147;3;96],3,[0;NaN;NaN],[-30;265;961],3,[NaN;0;0]},{'O',[147;265;961],4,[147;265;961],4,0},{'M',[997;24;768],4,[147;3;96],3,[NaN;3;3],[997;-742;-773],3,[0;NaN;NaN]},{'O',[997;24;768],4,[997;24;768],4,0},{'M',[708;152;677],4,[177;123;41],3,[2;NaN;NaN],[395;152;677],3,[NaN;0;0]},{'O',[708;152;677],4,[708;152;677],4,0},{'M',[395;123;41],4,[177;123;41],3,[NaN;0;0],[395;152;677],3,[0;NaN;NaN]},{'O',[395;123;41],4,[395;123;41],4,0}}
# Add optimal = 1
# Mux optimal = 0
# Mux registers optimal = 0
# FAs optimal = 0
