Adder graph: {{'A',[255;255;255],1,[1;1;1],0,8,[-1;-1;-1],0,0},{'M',[1;4;256],1,[1;1;1],0,[0;2;8]},{'M',[512;1;4],1,[1;1;1],0,[9;0;2]},{'A',[513;5;252],2,[1;4;256],1,0,[512;1;-4],1,0},{'M',[4;1;4],1,[1;1;1],0,[2;0;2]},{'M',[2;1;1],1,[1;1;1],0,[1;0;0]},{'A',[130;31;129],2,[4;1;4],1,5,[2;-1;1],1,0},{'A',[7;7;7],1,[1;1;1],0,3,[-1;-1;-1],0,0},{'M',[4;64;1],1,[1;1;1],0,[2;6;0]},{'A',[-25;519;-1],2,[7;7;7],1,0,[-4;64;-1],1,3},{'M',[255;896;7],2,[255;255;255],1,[0;NaN;NaN],[7;7;7],1,[NaN;7;0]},{'A',[205;142;5],3,[-25;519;-1],2,1,[255;-896;7],2,0},{'M',[7;224;7],2,[7;7;7],1,[0;5;0]},{'A',[2059;244;1001],3,[513;5;252],2,2,[7;224;-7],2,0},{'M',[7;14;56],2,[7;7;7],1,[0;1;3]},{'A',[137;45;185],3,[7;14;56],2,0,[130;31;129],2,0},{'M',[14;448;7],2,[7;7;7],1,[1;6;0]},{'M',[14;255;7],2,[255;255;255],1,[NaN;0;NaN],[7;7;7],1,[1;NaN;0]},{'A',[14;641;7],3,[14;448;7],2,1,[-14;-255;-7],2,0},{'M',[513;519;-64],3,[513;5;252],2,[0;NaN;NaN],[-25;519;-1],2,[NaN;0;6]},{'M',[130;62;504],3,[513;5;252],2,[NaN;NaN;1],[130;31;129],2,[0;1;NaN]},{'A',[383;457;440],4,[513;519;-64],3,0,[-130;-62;504],3,0},{'O',[383;457;440],4,[383;457;440],4,0},{'M',[205;244;370],4,[205;142;5],3,[0;NaN;NaN],[2059;244;1001],3,[NaN;0;NaN],[137;45;185],3,[NaN;NaN;1]},{'O',[410;488;740],4,[205;244;370],4,1},{'M',[820;45;896],4,[205;142;5],3,[2;NaN;NaN],[137;45;185],3,[NaN;0;NaN],[14;641;7],3,[NaN;NaN;7]},{'O',[820;45;896],4,[820;45;896],4,0},{'M',[137;568;1001],4,[205;142;5],3,[NaN;2;NaN],[2059;244;1001],3,[NaN;NaN;0],[137;45;185],3,[0;NaN;NaN]},{'O',[137;568;1001],4,[137;568;1001],4,0},{'M',[14;641;5],4,[205;142;5],3,[NaN;NaN;0],[14;641;7],3,[0;0;NaN]},{'O',[14;641;5],4,[14;641;5],4,0}}
Adder graph: {{'A',[65;-63;-63],1,[1;1;1],0,0,[1;-1;-1],0,6},{'A',[9;9;-7],1,[1;1;1],0,0,[1;1;-1],0,3},{'M',[2;1;2],1,[1;1;1],0,[1;0;1]},{'A',[-61;65;-59],2,[2;1;2],1,1,[-65;63;-63],1,0},{'A',[12;4;12],1,[1;1;1],0,3,[1;-1;1],0,2},{'M',[64;1;1],1,[1;1;1],0,[6;0;0]},{'M',[4;32;1],1,[1;1;1],0,[2;5;0]},{'A',[56;65;-1],2,[64;1;1],1,0,[-4;32;-1],1,1},{'M',[72;288;-63],2,[65;-63;-63],1,[NaN;NaN;0],[9;9;-7],1,[3;5;NaN]},{'A',[-205;641;-185],3,[-61;65;-59],2,0,[-72;288;-63],2,1},{'M',[130;-63;24],2,[65;-63;-63],1,[1;0;NaN],[12;4;12],1,[NaN;NaN;1]},{'A',[618;457;-448],3,[130;-63;24],2,0,[61;65;-59],2,3},{'M',[72;288;-7],2,[9;9;-7],1,[3;5;0]},{'M',[65;4;-1008],2,[65;-63;-63],1,[0;NaN;4],[12;4;12],1,[NaN;0;NaN]},{'A',[137;284;1001],3,[72;288;-7],2,0,[65;-4;1008],2,0},{'M',[72;-63;12],2,[65;-63;-63],1,[NaN;0;NaN],[9;9;-7],1,[3;NaN;NaN],[12;4;12],1,[NaN;NaN;0]},{'M',[65;18;-7],2,[65;-63;-63],1,[0;NaN;NaN],[9;9;-7],1,[NaN;1;0]},{'A',[7;-45;5],3,[72;-63;12],2,0,[-65;18;-7],2,0},{'M',[65;-1008;-448],2,[65;-63;-63],1,[0;4;NaN],[9;9;-7],1,[NaN;NaN;6]},{'A',[383;-488;440],3,[56;65;-1],2,3,[-65;-1008;448],2,0},{'M',[383;457;440],4,[618;457;-448],3,[NaN;0;NaN],[383;-488;440],3,[0;NaN;0]},{'O',[383;457;440],4,[383;457;440],4,0},{'M',[-410;-488;-740],4,[-205;641;-185],3,[1;NaN;2],[383;-488;440],3,[NaN;0;NaN]},{'O',[410;488;740],4,[410;488;740],4,0},{'M',[-820;-45;-896],4,[-205;641;-185],3,[2;NaN;NaN],[618;457;-448],3,[NaN;NaN;1],[7;-45;5],3,[NaN;0;NaN]},{'O',[820;45;896],4,[820;45;896],4,0},{'M',[137;568;1001],4,[137;284;1001],3,[0;1;0]},{'O',[137;568;1001],4,[137;568;1001],4,0},{'M',[14;641;5],4,[-205;641;-185],3,[NaN;0;NaN],[7;-45;5],3,[1;NaN;0]},{'O',[14;641;5],4,[14;641;5],4,0}}
Adder graph: {{'M',[32;1;8],1,[1;1;1],0,[5;0;3]},{'R',[1;1;1],1,[1;1;1],0},{'A',[65;1;15],2,[32;1;8],1,1,[1;-1;-1],1,0},{'M',[1;1;16],1,[1;1;1],0,[0;0;4]},{'A',[9;9;127],2,[1;1;16],1,3,[1;1;-1],1,0},{'M',[32;128;1],1,[1;1;1],0,[5;7;0]},{'M',[16;1;16],1,[1;1;1],0,[4;0;4]},{'A',[112;511;20],2,[32;128;1],1,2,[-16;-1;16],1,0},{'M',[130;511;15],3,[65;1;15],2,[1;NaN;0],[112;511;20],2,[NaN;0;NaN]},{'M',[144;1152;20],3,[9;9;127],2,[4;7;NaN],[112;511;20],2,[NaN;NaN;0]},{'A',[-14;-641;-5],4,[130;511;15],3,0,[-144;-1152;-20],3,0},{'A',[137;71;1001],3,[9;9;127],2,3,[65;-1;-15],2,0},{'A',[136;-120;136],1,[1;1;1],0,3,[1;-1;1],0,7},{'M',[4;1;64],1,[1;1;1],0,[2;0;6]},{'A',[140;121;200],2,[4;1;64],1,0,[136;120;136],1,0},{'M',[112;242;60],3,[65;1;15],2,[NaN;NaN;2],[112;511;20],2,[0;NaN;NaN],[140;121;200],2,[NaN;1;NaN]},{'M',[65;511;200],3,[65;1;15],2,[0;NaN;NaN],[112;511;20],2,[NaN;0;NaN],[140;121;200],2,[NaN;NaN;0]},{'A',[383;457;440],4,[112;242;60],3,2,[-65;-511;200],3,0},{'A',[410;244;370],3,[140;121;200],2,1,[65;1;-15],2,1},{'M',[560;9;1016],3,[9;9;127],2,[NaN;0;3],[140;121;200],2,[2;NaN;NaN]},{'M',[65;9;30],3,[65;1;15],2,[0;NaN;1],[9;9;127],2,[NaN;0;NaN]},{'A',[820;45;896],4,[560;9;1016],3,0,[65;9;-30],3,2},{'O',[383;457;440],4,[383;457;440],4,0},{'M',[410;488;740],4,[410;244;370],3,[0;1;1]},{'O',[410;488;740],4,[410;488;740],4,0},{'O',[820;45;896],4,[820;45;896],4,0},{'M',[137;568;1001],4,[137;71;1001],3,[0;3;0]},{'O',[137;568;1001],4,[137;568;1001],4,0},{'O',[14;641;5],4,[14;641;5],4,0}}
Adder graph: {{'A',[-1;-1;-1],1,[1;1;1],0,0,[-1;-1;-1],0,1},{'A',[17;15;15],1,[1;1;1],0,4,[1;-1;-1],0,0},{'M',[-2;-1;-2],2,[-1;-1;-1],1,[1;0;1]},{'M',[-1;240;-1],2,[-1;-1;-1],1,[0;NaN;0],[17;15;15],1,[NaN;4;NaN]},{'A',[-14;-488;-14],3,[-2;-1;-2],2,3,[1;-240;1],2,1},{'M',[8;1;8],1,[1;1;1],0,[3;0;3]},{'M',[2;2;1],1,[1;1;1],0,[1;1;0]},{'A',[-120;129;72],2,[8;1;8],1,0,[-2;2;1],1,6},{'M',[-1;15;-1],2,[-1;-1;-1],1,[0;NaN;0],[17;15;15],1,[NaN;0;NaN]},{'M',[34;15;-1],2,[-1;-1;-1],1,[NaN;NaN;0],[17;15;15],1,[1;0;NaN]},{'A',[-137;-45;-5],3,[-1;15;-1],2,0,[-34;-15;-1],2,2},{'M',[16;8;1],1,[1;1;1],0,[4;3;0]},{'M',[1;1;2],1,[1;1;1],0,[0;0;1]},{'A',[-48;-56;-127],2,[16;8;1],1,0,[-1;-1;-2],1,6},{'M',[2;1;512],1,[1;1;1],0,[1;0;9]},{'A',[70;59;-452],2,[17;15;15],1,2,[2;-1;-512],1,0},{'M',[-1;-512;-512],2,[-1;-1;-1],1,[0;9;9]},{'A',[-121;-641;-440],3,[-1;-512;-512],2,0,[-120;-129;72],2,0},{'M',[-1;120;15],2,[-1;-1;-1],1,[0;NaN;NaN],[17;15;15],1,[NaN;3;0]},{'A',[-383;-568;-1001],3,[-48;-56;-127],2,3,[1;-120;15],2,0},{'A',[-410;-457;-740],3,[70;59;-452],2,0,[-120;-129;-72],2,2},{'M',[-383;-457;-440],4,[-121;-641;-440],3,[NaN;NaN;0],[-383;-568;-1001],3,[0;NaN;NaN],[-410;-457;-740],3,[NaN;0;NaN]},{'O',[383;457;440],4,[383;457;440],4,0},{'M',[-410;-488;-740],4,[-14;-488;-14],3,[NaN;0;NaN],[-410;-457;-740],3,[0;NaN;0]},{'O',[410;488;740],4,[410;488;740],4,0},{'M',[-820;-45;-896],4,[-14;-488;-14],3,[NaN;NaN;6],[-137;-45;-5],3,[NaN;0;NaN],[-410;-457;-740],3,[1;NaN;NaN]},{'O',[820;45;896],4,[820;45;896],4,0},{'M',[-137;-568;-1001],4,[-137;-45;-5],3,[0;NaN;NaN],[-383;-568;-1001],3,[NaN;0;0]},{'O',[137;568;1001],4,[137;568;1001],4,0},{'M',[-14;-641;-5],4,[-14;-488;-14],3,[0;NaN;NaN],[-137;-45;-5],3,[NaN;NaN;0],[-121;-641;-440],3,[NaN;0;NaN]},{'O',[14;641;5],4,[14;641;5],4,0}}
Adder graph: {{'M',[1;8;1],1,[1;1;1],0,[0;3;0]},{'M',[1;1;16],1,[1;1;1],0,[0;0;4]},{'A',[5;33;-12],2,[1;8;1],1,2,[1;1;-16],1,0},{'M',[1;1;32],1,[1;1;1],0,[0;0;5]},{'M',[128;4;1],1,[1;1;1],0,[7;2;0]},{'A',[-127;5;31],2,[1;1;32],1,0,[-128;4;-1],1,0},{'A',[63;63;63],1,[1;1;1],0,6,[-1;-1;-1],0,0},{'A',[137;61;-55],3,[5;33;-12],2,1,[127;-5;-31],2,0},{'A',[548;284;28],3,[5;33;-12],2,3,[127;5;31],2,2},{'M',[1;16;512],1,[1;1;1],0,[0;4;9]},{'M',[64;1;1],1,[1;1;1],0,[6;0;0]},{'A',[-510;40;1032],2,[1;16;512],1,1,[-64;1;1],1,3},{'M',[4;256;1],1,[1;1;1],0,[2;8;0]},{'A',[47;-961;67],2,[63;63;63],1,0,[-4;-256;1],1,2},{'A',[-383;45;1001],3,[-510;40;1032],2,0,[127;5;-31],2,0},{'M',[40;160;31],3,[5;33;-12],2,[3;NaN;NaN],[-127;5;31],2,[NaN;NaN;0],[-510;40;1032],2,[NaN;2;NaN]},{'M',[94;-961;67],3,[47;-961;67],2,[1;0;0]},{'A',[-14;-641;-5],4,[40;160;31],3,1,[-94;-961;-67],3,0},{'M',[63;126;63],2,[63;63;63],1,[0;1;0]},{'A',[205;-457;185],3,[63;126;63],2,2,[-47;-961;-67],2,0},{'M',[-383;-457;-440],4,[137;61;-55],3,[NaN;NaN;3],[-383;45;1001],3,[0;NaN;NaN],[205;-457;185],3,[NaN;0;NaN]},{'O',[383;457;440],4,[383;457;440],4,0},{'M',[205;244;370],4,[137;61;-55],3,[NaN;2;NaN],[205;-457;185],3,[0;NaN;1]},{'O',[410;488;740],4,[205;244;370],4,1},{'M',[820;45;896],4,[548;284;28],3,[NaN;NaN;5],[-383;45;1001],3,[NaN;0;NaN],[205;-457;185],3,[2;NaN;NaN]},{'O',[820;45;896],4,[820;45;896],4,0},{'M',[137;568;1001],4,[137;61;-55],3,[0;NaN;NaN],[548;284;28],3,[NaN;1;NaN],[-383;45;1001],3,[NaN;NaN;0]},{'O',[137;568;1001],4,[137;568;1001],4,0},{'O',[14;641;5],4,[14;641;5],4,0}}
Adder graph: {{'A',[65;65;-63],1,[1;1;1],0,0,[1;1;-1],0,6},{'A',[6;10;6],1,[1;1;1],0,3,[-1;1;-1],0,1},{'A',[-7;9;-7],1,[1;1;1],0,0,[-1;1;-1],0,3},{'M',[65;65;-7],2,[65;65;-63],1,[0;0;NaN],[-7;9;-7],1,[NaN;NaN;0]},{'M',[-224;288;6],2,[6;10;6],1,[NaN;NaN;0],[-7;9;-7],1,[5;5;NaN]},{'A',[-383;641;5],3,[65;65;-7],2,0,[-224;288;6],2,1},{'M',[1;1;16],1,[1;1;1],0,[0;0;4]},{'A',[522;522;536],2,[1;1;16],1,1,[65;65;63],1,3},{'M',[-7;9;-1008],2,[65;65;-63],1,[NaN;NaN;4],[-7;9;-7],1,[0;0;NaN]},{'M',[130;36;-7],2,[65;65;-63],1,[1;NaN;NaN],[-7;9;-7],1,[NaN;2;0]},{'A',[-137;45;-1001],3,[-7;9;-1008],2,0,[-130;36;7],2,0},{'M',[256;1;256],1,[1;1;1],0,[8;0;8]},{'A',[64;321;64],2,[256;1;256],1,0,[-6;10;-6],1,5},{'M',[-7;36;-7],2,[-7;9;-7],1,[0;2;0]},{'M',[-7;160;96],2,[6;10;6],1,[NaN;4;4],[-7;9;-7],1,[0;NaN;NaN]},{'A',[7;-284;185],3,[-7;36;-7],2,0,[7;-160;96],2,1},{'M',[65;65;12],2,[65;65;-63],1,[0;0;NaN],[6;10;6],1,[NaN;NaN;1]},{'A',[-784;244;448],3,[64;321;64],2,2,[-65;-65;12],2,4},{'M',[-112;65;96],2,[65;65;-63],1,[NaN;0;NaN],[6;10;6],1,[NaN;NaN;4],[-7;9;-7],1,[4;NaN;NaN]},{'A',[410;-457;-440],3,[-112;65;96],2,0,[522;-522;-536],2,0},{'M',[-383;-457;-440],4,[-383;641;5],3,[0;NaN;NaN],[410;-457;-440],3,[NaN;0;0]},{'O',[383;457;440],4,[383;457;440],4,0},{'M',[410;488;740],4,[7;-284;185],3,[NaN;NaN;2],[-784;244;448],3,[NaN;1;NaN],[410;-457;-440],3,[0;NaN;NaN]},{'O',[410;488;740],4,[410;488;740],4,0},{'M',[820;45;896],4,[-137;45;-1001],3,[NaN;0;NaN],[-784;244;448],3,[NaN;NaN;1],[410;-457;-440],3,[1;NaN;NaN]},{'O',[820;45;896],4,[820;45;896],4,0},{'M',[-137;-568;-1001],4,[-137;45;-1001],3,[0;NaN;0],[7;-284;185],3,[NaN;1;NaN]},{'O',[137;568;1001],4,[137;568;1001],4,0},{'M',[14;641;5],4,[-383;641;5],3,[NaN;0;0],[7;-284;185],3,[1;NaN;NaN]},{'O',[14;641;5],4,[14;641;5],4,0}}
Adder graph: {{'A',[-31;-31;-31],1,[1;1;1],0,0,[-1;-1;-1],0,5},{'A',[-3;5;-3],1,[1;1;1],0,0,[-1;1;-1],0,2},{'M',[-24;40;-31],2,[-31;-31;-31],1,[NaN;NaN;0],[-3;5;-3],1,[3;3;NaN]},{'M',[-24;-31;-24],2,[-31;-31;-31],1,[NaN;0;NaN],[-3;5;-3],1,[3;NaN;3]},{'A',[-384;568;-56],3,[-24;40;-31],2,3,[-24;31;24],2,3},{'M',[4;1;1],1,[1;1;1],0,[2;0;0]},{'A',[13;1;-7],2,[-3;5;-3],1,0,[4;-1;-1],1,2},{'M',[-3;10;-3],2,[-3;5;-3],1,[0;1;0]},{'A',[-205;641;-185],3,[-3;10;-3],2,6,[-13;1;7],2,0},{'M',[1;1;512],1,[1;1;1],0,[0;0;9]},{'M',[1;2;1],1,[1;1;1],0,[0;1;0]},{'A',[5;-7;516],2,[1;1;512],1,0,[1;-2;1],1,2},{'M',[-62;-31;-6],2,[-31;-31;-31],1,[1;0;NaN],[-3;5;-3],1,[NaN;NaN;1]},{'A',[137;-61;5],3,[13;1;-7],2,0,[62;-31;6],2,1},{'M',[1;512;1],1,[1;1;1],0,[0;9;0]},{'M',[1;1;8],1,[1;1;1],0,[0;0;3]},{'A',[1;1025;-6],2,[1;512;1],1,1,[-1;1;-8],1,0},{'M',[1;1025;-384],3,[1;1025;-6],2,[0;0;6]},{'A',[-383;-457;-440],4,[-384;568;-56],3,0,[1;-1025;-384],3,0},{'M',[-3;-31;-31],2,[-31;-31;-31],1,[NaN;0;0],[-3;5;-3],1,[0;NaN;NaN]},{'A',[7;-45;1001],3,[-3;-31;-31],2,0,[5;-7;516],2,1},{'O',[383;457;440],4,[383;457;440],4,0},{'M',[-205;-244;-370],4,[-205;641;-185],3,[0;NaN;1],[137;-61;5],3,[NaN;2;NaN]},{'O',[410;488;740],4,[205;244;370],4,1},{'M',[-820;-45;-896],4,[-384;568;-56],3,[NaN;NaN;4],[-205;641;-185],3,[2;NaN;NaN],[7;-45;1001],3,[NaN;0;NaN]},{'O',[820;45;896],4,[820;45;896],4,0},{'M',[137;568;1001],4,[-384;568;-56],3,[NaN;0;NaN],[137;-61;5],3,[0;NaN;NaN],[7;-45;1001],3,[NaN;NaN;0]},{'O',[137;568;1001],4,[137;568;1001],4,0},{'M',[14;641;5],4,[-205;641;-185],3,[NaN;0;NaN],[137;-61;5],3,[NaN;NaN;0],[7;-45;1001],3,[1;NaN;NaN]},{'O',[14;641;5],4,[14;641;5],4,0}}
Adder graph: {{'A',[9;9;-7],1,[1;1;1],0,0,[1;1;-1],0,3},{'R',[1;1;1],1,[1;1;1],0},{'M',[1;1;8],1,[1;1;1],0,[0;0;3]},{'A',[25;7;121],2,[1;1;8],1,4,[9;-9;-7],1,0},{'M',[32;32;1],1,[1;1;1],0,[5;5;0]},{'A',[129;129;4],2,[1;1;8],1,0,[32;32;-1],1,2},{'M',[512;512;1],2,[1;1;1],1,[9;9;0]},{'A',[-383;641;5],3,[129;129;4],2,0,[-512;512;1],2,0},{'M',[4;9;4],2,[9;9;-7],1,[NaN;0;NaN],[1;1;1],1,[2;NaN;2]},{'M',[2;9;2],2,[9;9;-7],1,[NaN;0;NaN],[1;1;1],1,[1;NaN;1]},{'A',[14;45;14],3,[4;9;4],2,2,[-2;9;-2],2,0},{'M',[1;128;8],1,[1;1;1],0,[0;7;3]},{'A',[5;513;33],2,[1;1;1],1,0,[1;128;8],1,2},{'M',[2;9;-7],2,[9;9;-7],1,[NaN;0;0],[1;1;1],1,[1;NaN;NaN]},{'M',[9;8;8],2,[9;9;-7],1,[0;NaN;NaN],[1;1;1],1,[NaN;3;3]},{'A',[137;568;-440],3,[2;9;-7],2,6,[9;-8;8],2,0},{'M',[5;258;128],3,[129;129;4],2,[NaN;1;5],[5;513;33],2,[0;NaN;NaN]},{'M',[100;7;121],3,[25;7;121],2,[2;0;0]},{'A',[410;488;740],4,[5;258;128],3,1,[100;-7;121],3,2},{'A',[205;-457;1001],3,[25;7;121],2,3,[5;-513;33],2,0},{'M',[-383;-457;-440],4,[-383;641;5],3,[0;NaN;NaN],[137;568;-440],3,[NaN;NaN;0],[205;-457;1001],3,[NaN;0;NaN]},{'O',[383;457;440],4,[383;457;440],4,0},{'O',[410;488;740],4,[410;488;740],4,0},{'M',[820;45;896],4,[14;45;14],3,[NaN;0;6],[205;-457;1001],3,[2;NaN;NaN]},{'O',[820;45;896],4,[820;45;896],4,0},{'M',[137;568;1001],4,[137;568;-440],3,[0;0;NaN],[205;-457;1001],3,[NaN;NaN;0]},{'O',[137;568;1001],4,[137;568;1001],4,0},{'M',[14;641;5],4,[-383;641;5],3,[NaN;0;0],[14;45;14],3,[0;NaN;NaN]},{'O',[14;641;5],4,[14;641;5],4,0}}
Adder graph: {{'A',[9;9;9],1,[1;1;1],0,3,[1;1;1],0,0},{'A',[7;7;7],1,[1;1;1],0,3,[-1;-1;-1],0,0},{'A',[65;63;63],1,[1;1;1],0,6,[1;-1;-1],0,0},{'A',[1;8;1],2,[9;9;9],1,-1,[-7;7;-7],1,-1},{'M',[65;63;14],2,[7;7;7],1,[NaN;NaN;1],[65;63;63],1,[0;0;NaN]},{'A',[518;488;110],3,[65;63;14],2,3,[-1;-8;-1],2,1},{'M',[9;14;9],2,[9;9;9],1,[0;NaN;0],[7;7;7],1,[NaN;1;NaN]},{'A',[14;284;14],3,[1;8;1],2,5,[-9;14;-9],2,1},{'M',[224;224;7],2,[7;7;7],1,[5;5;0]},{'M',[65;9;9],2,[9;9;9],1,[NaN;0;0],[65;63;63],1,[0;NaN;NaN]},{'A',[383;457;5],3,[224;224;7],2,1,[-65;9;-9],2,0},{'M',[1;64;1],1,[1;1;1],0,[0;6;0]},{'A',[-61;193;-59],2,[1;64;1],1,2,[-65;-63;-63],1,0},{'M',[130;9;1008],2,[9;9;9],1,[NaN;0;NaN],[65;63;63],1,[1;NaN;4]},{'M',[7;36;7],2,[9;9;9],1,[NaN;2;NaN],[7;7;7],1,[0;NaN;0]},{'A',[137;45;1001],3,[130;9;1008],2,0,[7;36;-7],2,0},{'M',[72;224;63],2,[9;9;9],1,[3;NaN;NaN],[7;7;7],1,[NaN;5;NaN],[65;63;63],1,[NaN;NaN;0]},{'A',[205;641;185],3,[72;224;63],2,1,[61;193;59],2,0},{'M',[383;457;440],4,[518;488;110],3,[NaN;NaN;2],[383;457;5],3,[0;0;NaN]},{'O',[383;457;440],4,[383;457;440],4,0},{'M',[410;488;740],4,[518;488;110],3,[NaN;0;NaN],[205;641;185],3,[1;NaN;2]},{'O',[410;488;740],4,[410;488;740],4,0},{'M',[820;45;896],4,[14;284;14],3,[NaN;NaN;6],[137;45;1001],3,[NaN;0;NaN],[205;641;185],3,[2;NaN;NaN]},{'O',[820;45;896],4,[820;45;896],4,0},{'M',[137;568;1001],4,[14;284;14],3,[NaN;1;NaN],[137;45;1001],3,[0;NaN;0]},{'O',[137;568;1001],4,[137;568;1001],4,0},{'M',[14;641;5],4,[14;284;14],3,[0;NaN;NaN],[383;457;5],3,[NaN;NaN;0],[205;641;185],3,[NaN;0;NaN]},{'O',[14;641;5],4,[14;641;5],4,0}}
Adder graph: {{'A',[63;65;63],1,[1;1;1],0,6,[-1;1;-1],0,0},{'M',[4;4;1],1,[1;1;1],0,[2;2;0]},{'M',[16;1;1],1,[1;1;1],0,[4;0;0]},{'A',[16;33;9],2,[4;4;1],1,3,[-16;1;1],1,0},{'A',[9;9;-7],1,[1;1;1],0,0,[1;1;-1],0,3},{'A',[2;6;2],1,[1;1;1],0,2,[-1;1;-1],0,1},{'M',[64;6;64],2,[2;6;2],1,[5;0;5]},{'M',[63;65;8],2,[63;65;63],1,[0;0;NaN],[2;6;2],1,[NaN;NaN;2]},{'A',[127;71;56],3,[64;6;64],2,0,[63;65;-8],2,0},{'M',[2;12;4],2,[2;6;2],1,[0;1;1]},{'A',[14;45;5],3,[16;33;9],2,0,[-2;12;-4],2,0},{'M',[9;576;-7],2,[9;9;-7],1,[0;6;0]},{'M',[128;65;1008],2,[63;65;63],1,[NaN;0;4],[2;6;2],1,[6;NaN;NaN]},{'A',[137;641;1001],3,[9;576;-7],2,0,[128;65;1008],2,0},{'M',[1;8;8],1,[1;1;1],0,[0;3;3]},{'A',[67;97;31],2,[63;65;63],1,0,[1;8;-8],1,2},{'M',[16;33;31],3,[16;33;9],2,[0;0;NaN],[67;97;31],2,[NaN;NaN;0]},{'A',[383;457;440],4,[16;33;31],3,4,[127;-71;-56],3,0},{'M',[126;288;63],2,[63;65;63],1,[1;NaN;0],[9;9;-7],1,[NaN;5;NaN]},{'A',[410;488;185],3,[67;97;31],2,3,[-126;-288;-63],2,0},{'O',[383;457;440],4,[383;457;440],4,0},{'M',[410;488;740],4,[410;488;185],3,[0;0;2]},{'O',[410;488;740],4,[410;488;740],4,0},{'M',[820;45;896],4,[127;71;56],3,[NaN;NaN;4],[14;45;5],3,[NaN;0;NaN],[410;488;185],3,[1;NaN;NaN]},{'O',[820;45;896],4,[820;45;896],4,0},{'M',[137;568;1001],4,[127;71;56],3,[NaN;3;NaN],[137;641;1001],3,[0;NaN;0]},{'O',[137;568;1001],4,[137;568;1001],4,0},{'M',[14;641;5],4,[14;45;5],3,[0;NaN;0],[137;641;1001],3,[NaN;0;NaN]},{'O',[14;641;5],4,[14;641;5],4,0}}
Adder graph: {{'A',[-3;5;5],1,[1;1;1],0,0,[-1;1;1],0,2},{'M',[2;1;2],1,[1;1;1],0,[1;0;1]},{'A',[-208;312;336],2,[-3;5;5],1,6,[-2;-1;2],1,3},{'M',[1;2;2],1,[1;1;1],0,[0;1;1]},{'A',[-4;7;3],2,[-3;5;5],1,0,[-1;2;-2],1,0},{'A',[15;17;17],1,[1;1;1],0,4,[-1;1;1],0,0},{'M',[30;17;17],2,[15;17;17],1,[1;0;0]},{'A',[14;45;5],3,[30;17;17],2,0,[-4;7;-3],2,2},{'M',[128;1;1024],1,[1;1;1],0,[7;0;10]},{'M',[1;32;1],1,[1;1;1],0,[0;5;0]},{'A',[129;-31;1025],2,[128;1;1024],1,0,[1;-32;1],1,0},{'M',[-6;17;68],2,[-3;5;5],1,[1;NaN;NaN],[15;17;17],1,[NaN;0;2]},{'A',[410;641;740],3,[-6;17;68],2,0,[208;312;336],2,1},{'M',[30;34;5],2,[-3;5;5],1,[NaN;NaN;0],[15;17;17],1,[1;1;NaN]},{'A',[512;488;56],3,[30;34;5],2,4,[4;-7;-3],2,3},{'M',[129;-31;384],3,[-4;7;3],2,[NaN;NaN;7],[129;-31;1025],2,[0;0;NaN]},{'A',[383;457;440],4,[512;488;56],3,0,[-129;-31;384],3,0},{'M',[-4;28;12],3,[-4;7;3],2,[0;2;2]},{'M',[129;624;1025],3,[-208;312;336],2,[NaN;1;NaN],[129;-31;1025],2,[0;NaN;0]},{'A',[-137;-568;-1001],4,[-4;28;12],3,1,[-129;-624;-1025],3,0},{'O',[383;457;440],4,[383;457;440],4,0},{'M',[410;488;740],4,[410;641;740],3,[0;NaN;0],[512;488;56],3,[NaN;0;NaN]},{'O',[410;488;740],4,[410;488;740],4,0},{'M',[820;45;896],4,[14;45;5],3,[NaN;0;NaN],[410;641;740],3,[1;NaN;NaN],[512;488;56],3,[NaN;NaN;4]},{'O',[820;45;896],4,[820;45;896],4,0},{'O',[137;568;1001],4,[137;568;1001],4,0},{'M',[14;641;5],4,[14;45;5],3,[0;NaN;0],[410;641;740],3,[NaN;0;NaN]},{'O',[14;641;5],4,[14;641;5],4,0}}
Adder graph: {{'A',[24;8;24],1,[1;1;1],0,4,[1;-1;1],0,3},{'A',[7;9;7],1,[1;1;1],0,3,[-1;1;-1],0,0},{'A',[1;3;1],1,[1;1;1],0,1,[-1;1;-1],0,0},{'M',[1;4;1],1,[1;1;1],0,[0;2;0]},{'A',[-9;73;23],2,[7;9;7],1,0,[-1;4;1],1,4},{'M',[24;8;28],2,[24;8;24],1,[0;0;NaN],[7;9;7],1,[NaN;NaN;2]},{'M',[7;72;7],2,[7;9;7],1,[0;3;0]},{'A',[-32;-568;-28],3,[24;8;28],2,0,[-7;-72;-7],2,3},{'M',[1;3;8],2,[1;3;1],1,[0;0;3]},{'A',[-137;457;-1001],3,[-9;73;23],2,0,[-1;3;-8],2,7},{'M',[192;3;28],2,[24;8;24],1,[3;NaN;NaN],[7;9;7],1,[NaN;NaN;2],[1;3;1],1,[NaN;0;NaN]},{'M',[1;128;384],2,[24;8;24],1,[NaN;4;4],[1;3;1],1,[0;NaN;NaN]},{'A',[383;-122;440],3,[192;3;28],2,1,[-1;-128;384],2,0},{'M',[-18;73;23],3,[-9;73;23],2,[1;0;0]},{'A',[-14;-641;-5],4,[-32;-568;-28],3,0,[18;-73;23],3,0},{'M',[1;1;512],1,[1;1;1],0,[0;0;9]},{'A',[-13;19;526],2,[1;1;512],1,0,[-7;9;7],1,1},{'M',[24;8;112],2,[24;8;24],1,[0;0;NaN],[7;9;7],1,[NaN;NaN;4]},{'A',[-205;-45;-370],3,[-13;19;526],2,0,[-24;-8;-112],2,3},{'M',[383;457;440],4,[-137;457;-1001],3,[NaN;0;NaN],[383;-122;440],3,[0;NaN;0]},{'O',[383;457;440],4,[383;457;440],4,0},{'M',[-205;-244;-370],4,[383;-122;440],3,[NaN;1;NaN],[-205;-45;-370],3,[0;NaN;0]},{'O',[410;488;740],4,[205;244;370],4,1},{'M',[-820;-45;-896],4,[-32;-568;-28],3,[NaN;NaN;5],[-205;-45;-370],3,[2;0;NaN]},{'O',[820;45;896],4,[820;45;896],4,0},{'M',[-137;-568;-1001],4,[-32;-568;-28],3,[NaN;0;NaN],[-137;457;-1001],3,[0;NaN;0]},{'O',[137;568;1001],4,[137;568;1001],4,0},{'O',[14;641;5],4,[14;641;5],4,0}}
Adder graph: {{'A',[9;9;-7],1,[1;1;1],0,0,[1;1;-1],0,3},{'M',[1;1;4],1,[1;1;1],0,[0;0;2]},{'A',[-35;37;32],2,[1;1;4],1,0,[-9;9;7],1,2},{'A',[65;65;-63],1,[1;1;1],0,0,[1;1;-1],0,6},{'A',[1;3;3],1,[1;1;1],0,1,[-1;1;1],0,0},{'M',[576;576;-7],2,[9;9;-7],1,[6;6;0]},{'M',[65;65;-1008],2,[65;65;-63],1,[0;0;4]},{'A',[641;641;1001],3,[576;576;-7],2,0,[65;65;1008],2,0},{'M',[4;3;12],2,[1;3;3],1,[2;0;2]},{'A',[-27;31;8],3,[-35;37;32],2,0,[4;-3;-12],2,1},{'M',[65;96;96],2,[65;65;-63],1,[0;NaN;NaN],[1;3;3],1,[NaN;5;5]},{'A',[205;244;224],3,[65;96;96],2,0,[35;37;32],2,2},{'M',[9;48;-7],2,[9;9;-7],1,[0;NaN;0],[1;3;3],1,[NaN;4;NaN]},{'M',[16;65;24],2,[65;65;-63],1,[NaN;0;NaN],[1;3;3],1,[4;NaN;3]},{'A',[137;568;185],3,[9;48;-7],2,0,[16;65;24],2,3},{'A',[383;457;440],4,[205;244;224],3,1,[-27;-31;-8],3,0},{'M',[18;9;-7],2,[9;9;-7],1,[1;0;0]},{'M',[1;9;3],2,[9;9;-7],1,[NaN;0;NaN],[1;3;3],1,[0;NaN;0]},{'A',[14;45;5],3,[18;9;-7],2,0,[-1;9;3],2,2},{'O',[383;457;440],4,[383;457;440],4,0},{'M',[205;244;370],4,[205;244;224],3,[0;0;NaN],[137;568;185],3,[NaN;NaN;1]},{'O',[410;488;740],4,[205;244;370],4,1},{'M',[820;45;896],4,[205;244;224],3,[2;NaN;2],[14;45;5],3,[NaN;0;NaN]},{'O',[820;45;896],4,[820;45;896],4,0},{'M',[137;568;1001],4,[641;641;1001],3,[NaN;NaN;0],[137;568;185],3,[0;0;NaN]},{'O',[137;568;1001],4,[137;568;1001],4,0},{'M',[14;641;5],4,[641;641;1001],3,[NaN;0;NaN],[14;45;5],3,[0;NaN;0]},{'O',[14;641;5],4,[14;641;5],4,0}}
Finished solving after 259194 seconds
Adder graph: {{'A',[9;9;-7],1,[1;1;1],0,0,[1;1;-1],0,3},{'M',[1;1;4],1,[1;1;1],0,[0;0;2]},{'A',[-35;37;32],2,[1;1;4],1,0,[-9;9;7],1,2},{'A',[65;65;-63],1,[1;1;1],0,0,[1;1;-1],0,6},{'A',[1;3;3],1,[1;1;1],0,1,[-1;1;1],0,0},{'M',[576;576;-7],2,[9;9;-7],1,[6;6;0]},{'M',[65;65;-1008],2,[65;65;-63],1,[0;0;4]},{'A',[641;641;1001],3,[576;576;-7],2,0,[65;65;1008],2,0},{'M',[4;3;12],2,[1;3;3],1,[2;0;2]},{'A',[-27;31;8],3,[-35;37;32],2,0,[4;-3;-12],2,1},{'M',[65;96;96],2,[65;65;-63],1,[0;NaN;NaN],[1;3;3],1,[NaN;5;5]},{'A',[205;244;224],3,[65;96;96],2,0,[35;37;32],2,2},{'M',[9;48;-7],2,[9;9;-7],1,[0;NaN;0],[1;3;3],1,[NaN;4;NaN]},{'M',[16;65;24],2,[65;65;-63],1,[NaN;0;NaN],[1;3;3],1,[4;NaN;3]},{'A',[137;568;185],3,[9;48;-7],2,0,[16;65;24],2,3},{'A',[383;457;440],4,[205;244;224],3,1,[-27;-31;-8],3,0},{'M',[18;9;-7],2,[9;9;-7],1,[1;0;0]},{'M',[1;9;3],2,[9;9;-7],1,[NaN;0;NaN],[1;3;3],1,[0;NaN;0]},{'A',[14;45;5],3,[18;9;-7],2,0,[-1;9;3],2,2},{'O',[383;457;440],4,[383;457;440],4,0},{'M',[205;244;370],4,[205;244;224],3,[0;0;NaN],[137;568;185],3,[NaN;NaN;1]},{'O',[410;488;740],4,[205;244;370],4,1},{'M',[820;45;896],4,[205;244;224],3,[2;NaN;2],[14;45;5],3,[NaN;0;NaN]},{'O',[820;45;896],4,[820;45;896],4,0},{'M',[137;568;1001],4,[641;641;1001],3,[NaN;NaN;0],[137;568;185],3,[0;0;NaN]},{'O',[137;568;1001],4,[137;568;1001],4,0},{'M',[14;641;5],4,[641;641;1001],3,[NaN;0;NaN],[14;45;5],3,[0;NaN;0]},{'O',[14;641;5],4,[14;641;5],4,0}}
# Add optimal = 1
# Mux optimal = 0
# Mux registers optimal = 0
# FAs optimal = 0
