Adder graph: {{'A',[1280;768;768],1,[1;1;1],0,10,[1;-1;-1],0,8},{'R',[1;1;1],1,[1;1;1],0},{'A',[3;5;5],1,[1;1;1],0,2,[-1;1;1],0,0},{'M',[16;8;1],1,[1;1;1],0,[4;3;0]},{'A',[1312;-752;770],2,[16;8;1],1,1,[1280;-768;768],1,0},{'M',[3;40;8],2,[1;1;1],1,[NaN;NaN;3],[3;5;5],1,[0;3;NaN]},{'M',[768;32;1],2,[1;1;1],1,[NaN;5;0],[3;5;5],1,[8;NaN;NaN]},{'A',[-744;352;63],3,[3;40;8],2,3,[-768;32;-1],2,0},{'A',[-508;516;-508],1,[1;1;1],0,2,[-1;1;-1],0,9},{'M',[4096;64;1],1,[1;1;1],0,[12;6;0]},{'A',[4120;24;-39],2,[4096;64;1],1,0,[3;-5;-5],1,3},{'M',[1;16;32],2,[1;1;1],1,[0;4;5]},{'M',[-508;1;2],2,[1;1;1],1,[NaN;0;1],[-508;516;-508],1,[0;NaN;NaN]},{'A',[-506;33;66],3,[1;16;32],2,1,[-508;1;2],2,0},{'M',[-1016;5;320],2,[3;5;5],1,[NaN;0;6],[-508;516;-508],1,[1;NaN;NaN]},{'A',[296;-747;-450],3,[-1016;5;320],2,0,[1312;-752;-770],2,0},{'M',[1;1;16],1,[1;1;1],0,[0;0;4]},{'A',[67;59;1019],2,[1;1;16],1,6,[3;-5;-5],1,0},{'M',[1280;768;1],2,[1280;768;768],1,[0;0;NaN],[1;1;1],1,[NaN;NaN;0]},{'A',[675;99;-5],3,[4120;24;-39],2,-3,[1280;768;-1],2,-3},{'M',[8;768;-2032],2,[1280;768;768],1,[NaN;0;NaN],[1;1;1],1,[3;NaN;NaN],[-508;516;-508],1,[NaN;NaN;2]},{'A',[59;-709;-1013],3,[67;59;1019],2,0,[-8;-768;-2032],2,0},{'A',[8173;107;941],3,[4120;24;-39],2,1,[-67;59;1019],2,0},{'M',[-744;-709;-1013],4,[-744;352;63],3,[0;NaN;NaN],[59;-709;-1013],3,[NaN;0;0]},{'O',[744;709;1013],4,[744;709;1013],4,0},{'M',[592;33;66],4,[-506;33;66],3,[NaN;0;0],[296;-747;-450],3,[1;NaN;NaN]},{'O',[592;33;66],4,[592;33;66],4,0},{'M',[675;352;126],4,[-744;352;63],3,[NaN;0;1],[675;99;-5],3,[0;NaN;NaN]},{'O',[675;352;126],4,[675;352;126],4,0},{'M',[-506;-747;-450],4,[-506;33;66],3,[0;NaN;NaN],[296;-747;-450],3,[NaN;0;0]},{'O',[506;747;450],4,[506;747;450],4,0},{'M',[59;107;941],4,[59;-709;-1013],3,[0;NaN;NaN],[8173;107;941],3,[NaN;0;0]},{'O',[59;107;941],4,[59;107;941],4,0}}
Adder graph: {{'A',[65;-63;65],1,[1;1;1],0,0,[1;-1;1],0,6},{'A',[257;-255;-255],1,[1;1;1],0,0,[1;-1;-1],0,8},{'A',[-7;-7;-7],1,[1;1;1],0,0,[-1;-1;-1],0,3},{'M',[128;1;2],1,[1;1;1],0,[7;0;1]},{'M',[2;2;1],1,[1;1;1],0,[1;1;0]},{'A',[124;5;4],2,[128;1;2],1,0,[-2;2;1],1,1},{'M',[2;1;1],1,[1;1;1],0,[1;0;0]},{'M',[16;1;1],1,[1;1;1],0,[4;0;0]},{'A',[20;3;1],2,[2;1;1],1,1,[16;1;-1],1,0},{'M',[-28;-7;65],2,[65;-63;65],1,[NaN;NaN;0],[-7;-7;-7],1,[2;0;NaN]},{'A',[964;33;33],3,[-28;-7;65],2,0,[124;5;-4],2,3},{'M',[65;-224;65],2,[65;-63;65],1,[0;NaN;0],[-7;-7;-7],1,[NaN;5;NaN]},{'M',[-7;-14;-56],2,[-7;-7;-7],1,[0;1;3]},{'A',[186;-336;578],3,[65;-224;65],2,1,[7;14;56],2,3},{'A',[963;-1083;-955],2,[257;-255;-255],1,2,[-65;-63;65],1,0},{'A',[144;144;144],1,[1;1;1],0,7,[1;1;1],0,4},{'M',[65;-112;130],2,[65;-63;65],1,[0;NaN;1],[-7;-7;-7],1,[NaN;4;NaN]},{'A',[-59;-107;126],3,[65;-112;130],2,0,[-124;5;-4],2,0},{'M',[320;-1083;128],3,[124;5;4],2,[NaN;NaN;5],[20;3;1],2,[4;NaN;NaN],[963;-1083;-955],2,[NaN;0;NaN]},{'A',[506;747;450],4,[186;-336;578],3,0,[320;1083;-128],3,0},{'M',[144;-896;-7],2,[-7;-7;-7],1,[NaN;7;0],[144;144;144],1,[0;NaN;NaN]},{'A',[675;709;-941],3,[963;-1083;-955],2,0,[-144;896;7],2,1},{'M',[-56;144;-7],2,[-7;-7;-7],1,[3;NaN;0],[144;144;144],1,[NaN;0;NaN]},{'M',[65;-28;-510],2,[65;-63;65],1,[0;NaN;NaN],[257;-255;-255],1,[NaN;NaN;1],[-7;-7;-7],1,[NaN;2;NaN]},{'A',[74;88;1013],3,[-56;144;-7],2,0,[65;-28;510],2,1},{'M',[744;709;1013],4,[186;-336;578],3,[2;NaN;NaN],[675;709;-941],3,[NaN;0;NaN],[74;88;1013],3,[NaN;NaN;0]},{'O',[744;709;1013],4,[744;709;1013],4,0},{'M',[592;33;66],4,[964;33;33],3,[NaN;0;1],[74;88;1013],3,[3;NaN;NaN]},{'O',[592;33;66],4,[592;33;66],4,0},{'M',[675;352;126],4,[-59;-107;126],3,[NaN;NaN;0],[675;709;-941],3,[0;NaN;NaN],[74;88;1013],3,[NaN;2;NaN]},{'O',[675;352;126],4,[675;352;126],4,0},{'O',[506;747;450],4,[506;747;450],4,0},{'M',[-59;-107;-941],4,[-59;-107;126],3,[0;0;NaN],[675;709;-941],3,[NaN;NaN;0]},{'O',[59;107;941],4,[59;107;941],4,0}}
Adder graph: {{'A',[1;1;3],1,[1;1;1],0,1,[-1;-1;1],0,0},{'A',[3;3;-3],2,[1;1;3],1,0,[1;1;-3],1,1},{'A',[771;771;765],3,[3;3;-3],2,0,[3;3;3],2,8},{'M',[16;1;16],1,[1;1;1],0,[4;0;4]},{'M',[16;16;1],1,[1;1;1],0,[4;4;0]},{'A',[16;-14;33],2,[16;1;16],1,1,[-16;-16;1],1,0},{'R',[1;1;1],1,[1;1;1],0},{'A',[5;5;-11],2,[1;1;1],1,0,[1;1;-3],1,2},{'M',[3;3;-192],3,[3;3;-3],2,[0;0;6]},{'M',[192;5;66],3,[3;3;-3],2,[6;NaN;NaN],[16;-14;33],2,[NaN;NaN;1],[5;5;-11],2,[NaN;0;NaN]},{'A',[-186;11;-450],4,[3;3;-192],3,1,[-192;5;-66],3,0},{'A',[-765;-765;765],3,[3;3;-3],2,0,[-3;-3;3],2,8},{'M',[5;5;-6],3,[3;3;-3],2,[NaN;NaN;1],[5;5;-11],2,[0;0;NaN]},{'M',[16;-28;33],3,[16;-14;33],2,[0;1;0]},{'A',[-59;-107;126],4,[5;5;-6],3,0,[-16;-28;33],3,2},{'M',[32;-28;-11],3,[16;-14;33],2,[1;1;NaN],[5;5;-11],2,[NaN;NaN;0]},{'A',[-253;-1213;-941],4,[32;-28;-11],3,4,[-765;-765;-765],3,0},{'M',[1;8;8],1,[1;1;1],0,[0;3;3]},{'M',[4;1;256],1,[1;1;1],0,[2;0;8]},{'A',[-3;7;-248],2,[1;8;8],1,0,[-4;-1;-256],1,0},{'M',[20;20;-11],3,[5;5;-11],2,[2;2;0]},{'M',[-3;7;-88],3,[5;5;-11],2,[NaN;NaN;3],[-3;7;-248],2,[0;0;NaN]},{'A',[37;33;66],4,[20;20;-11],3,1,[-3;-7;88],3,0},{'M',[3;56;-3],3,[3;3;-3],2,[0;NaN;0],[-3;7;-248],2,[NaN;3;NaN]},{'A',[-762;-709;762],4,[3;56;-3],3,0,[-765;-765;765],3,0},{'M',[-96;24;-248],3,[3;3;-3],2,[NaN;3;NaN],[-3;7;-248],2,[5;NaN;0]},{'A',[675;-747;-1013],4,[-96;24;-248],3,0,[771;-771;-765],3,0},{'M',[-744;-709;-1013],5,[-186;11;-450],4,[2;NaN;NaN],[-762;-709;762],4,[NaN;0;NaN],[675;-747;-1013],4,[NaN;NaN;0]},{'O',[744;709;1013],5,[744;709;1013],5,0},{'M',[592;33;66],5,[37;33;66],4,[4;0;0]},{'O',[592;33;66],5,[592;33;66],5,0},{'M',[675;352;126],5,[-186;11;-450],4,[NaN;5;NaN],[-59;-107;126],4,[NaN;NaN;0],[675;-747;-1013],4,[0;NaN;NaN]},{'O',[675;352;126],5,[675;352;126],5,0},{'M',[-506;-747;-450],5,[-186;11;-450],4,[NaN;NaN;0],[-253;-1213;-941],4,[1;NaN;NaN],[675;-747;-1013],4,[NaN;0;NaN]},{'O',[506;747;450],5,[506;747;450],5,0},{'M',[-59;-107;-941],5,[-59;-107;126],4,[0;0;NaN],[-253;-1213;-941],4,[NaN;NaN;0]},{'O',[59;107;941],5,[59;107;941],5,0}}
Adder graph: {{'A',[-1;-1;3],1,[1;1;1],0,0,[-1;-1;1],0,1},{'M',[-1;-1;12],2,[-1;-1;3],1,[0;0;2]},{'M',[-4;-1;6],2,[-1;-1;3],1,[2;0;1]},{'A',[2;-3;30],3,[-1;-1;12],2,1,[4;-1;6],2,0},{'A',[-3;-3;5],1,[1;1;1],0,0,[-1;-1;1],0,2},{'M',[-3;-1;5],2,[-1;-1;3],1,[NaN;0;NaN],[-3;-3;5],1,[0;NaN;0]},{'M',[-1;-6;12],2,[-1;-1;3],1,[0;NaN;2],[-3;-3;5],1,[NaN;1;NaN]},{'A',[-5;11;-19],3,[-3;-1;5],2,0,[-1;6;-12],2,1},{'A',[59;107;941],4,[-5;11;-19],3,0,[2;3;30],3,5},{'A',[-31;-31;33],1,[1;1;1],0,0,[-1;-1;1],0,5},{'M',[-248;-248;33],2,[-31;-31;33],1,[3;3;0]},{'M',[-48;-3;66],2,[-3;-3;5],1,[4;0;NaN],[-31;-31;33],1,[NaN;NaN;1]},{'A',[-296;-251;-33],3,[-248;-248;33],2,0,[-48;-3;-66],2,0},{'M',[-3;-31;33],2,[-3;-3;5],1,[0;NaN;NaN],[-31;-31;33],1,[NaN;0;0]},{'M',[-512;-124;3],2,[-1;-1;3],1,[9;NaN;0],[-31;-31;33],1,[NaN;2;NaN]},{'A',[506;62;63],3,[-3;-31;33],2,1,[512;124;-3],2,0},{'M',[-31;-8;24],2,[-1;-1;3],1,[NaN;3;3],[-31;-31;33],1,[0;NaN;NaN]},{'M',[-496;-31;33],2,[-31;-31;33],1,[4;0;0]},{'A',[-744;-33;225],3,[-31;-8;24],2,3,[-496;31;33],2,0},{'A',[706;706;-1214],2,[-31;-31;33],1,1,[3;3;-5],1,8},{'M',[-31;-3;4224],2,[-3;-3;5],1,[NaN;0;NaN],[-31;-31;33],1,[0;NaN;7]},{'A',[675;-709;5438],3,[-31;-3;4224],2,0,[706;-706;1214],2,0},{'A',[-989;-995;1061],2,[-31;-31;33],1,5,[3;-3;5],1,0},{'M',[-31;-31;6],2,[-1;-1;3],1,[NaN;NaN;1],[-31;-31;33],1,[0;0;NaN]},{'A',[-1237;747;-1013],3,[-31;-31;6],2,3,[-989;995;-1061],2,0},{'M',[-744;-709;-1013],4,[-744;-33;225],3,[0;NaN;NaN],[675;-709;5438],3,[NaN;0;NaN],[-1237;747;-1013],3,[NaN;NaN;0]},{'O',[744;709;1013],4,[744;709;1013],4,0},{'M',[-592;-33;-66],4,[-296;-251;-33],3,[1;NaN;1],[-744;-33;225],3,[NaN;0;NaN]},{'O',[592;33;66],4,[592;33;66],4,0},{'M',[675;352;126],4,[-5;11;-19],3,[NaN;5;NaN],[506;62;63],3,[NaN;NaN;1],[675;-709;5438],3,[0;NaN;NaN]},{'O',[675;352;126],4,[675;352;126],4,0},{'M',[506;747;450],4,[506;62;63],3,[0;NaN;NaN],[-744;-33;225],3,[NaN;NaN;1],[-1237;747;-1013],3,[NaN;0;NaN]},{'O',[506;747;450],4,[506;747;450],4,0},{'O',[59;107;941],4,[59;107;941],4,0}}
Adder graph: {{'A',[3;5;5],1,[1;1;1],0,2,[-1;1;1],0,0},{'M',[32;4;1],1,[1;1;1],0,[5;2;0]},{'A',[-125;21;9],2,[3;5;5],1,0,[-32;4;1],1,2},{'A',[6;6;6],1,[1;1;1],0,2,[1;1;1],0,1},{'M',[2;1;128],1,[1;1;1],0,[1;0;7]},{'A',[2;-6;522],2,[2;1;128],1,2,[-3;-5;5],1,1},{'A',[14;14;14],1,[1;1;1],0,4,[-1;-1;-1],0,1},{'M',[-250;21;72],3,[-125;21;9],2,[1;0;3]},{'M',[256;-768;522],3,[2;-6;522],2,[7;7;0]},{'A',[-506;-747;-450],4,[-250;21;72],3,0,[-256;-768;-522],3,0},{'M',[28;14;28],2,[14;14;14],1,[1;0;1]},{'M',[3;5;10],2,[3;5;5],1,[0;0;1]},{'A',[59;33;66],3,[28;14;28],2,1,[3;5;10],2,0},{'M',[128;1;128],1,[1;1;1],0,[7;0;7]},{'M',[32;1;1],1,[1;1;1],0,[5;0;0]},{'A',[192;4;258],2,[128;1;128],1,1,[-32;1;1],1,1},{'A',[93;91;91],2,[6;6;6],1,4,[-3;-5;-5],1,0},{'M',[2;2;1],1,[1;1;1],0,[1;1;0]},{'A',[515;517;251],2,[2;2;1],1,8,[3;5;-5],1,0},{'M',[1488;517;1004],3,[93;91;91],2,[4;NaN;NaN],[515;517;251],2,[NaN;0;2]},{'M',[744;-192;9],3,[-125;21;9],2,[NaN;NaN;0],[2;-6;522],2,[NaN;5;NaN],[93;91;91],2,[3;NaN;NaN]},{'A',[744;709;1013],4,[1488;517;1004],3,0,[-744;192;9],3,0},{'A',[675;107;941],3,[192;4;258],2,2,[-93;91;-91],2,0},{'M',[112;6;56],2,[6;6;6],1,[NaN;0;NaN],[14;14;14],1,[3;NaN;2]},{'A',[74;176;126],3,[93;91;91],2,1,[-112;-6;-56],2,0},{'O',[744;709;1013],4,[744;709;1013],4,0},{'M',[592;33;66],4,[59;33;66],3,[NaN;0;0],[74;176;126],3,[3;NaN;NaN]},{'O',[592;33;66],4,[592;33;66],4,0},{'M',[675;352;126],4,[675;107;941],3,[0;NaN;NaN],[74;176;126],3,[NaN;1;0]},{'O',[675;352;126],4,[675;352;126],4,0},{'O',[506;747;450],4,[506;747;450],4,0},{'M',[59;107;941],4,[59;33;66],3,[0;NaN;NaN],[675;107;941],3,[NaN;0;0]},{'O',[59;107;941],4,[59;107;941],4,0}}
Adder graph: {{'A',[3;3;-1],1,[1;1;1],0,0,[1;1;-1],0,1},{'M',[1;2;1],1,[1;1;1],0,[0;1;0]},{'M',[4;4;1],1,[1;1;1],0,[2;2;0]},{'A',[384;384;288],2,[1;2;1],1,8,[4;-4;1],1,5},{'A',[5;5;5],1,[1;1;1],0,2,[1;1;1],0,0},{'A',[2304;-1792;2304],1,[1;1;1],0,8,[1;-1;1],0,11},{'A',[2314;-1802;2314],2,[2304;-1792;2304],1,0,[5;-5;5],1,1},{'M',[3;48;160],2,[3;3;-1],1,[0;4;NaN],[5;5;5],1,[NaN;NaN;5]},{'M',[48;40;-1],2,[3;3;-1],1,[4;NaN;0],[5;5;5],1,[NaN;3;NaN]},{'A',[-93;-32;162],3,[3;48;160],2,0,[-48;-40;1],2,1},{'M',[768;384;288],3,[384;384;288],2,[1;0;0]},{'A',[675;352;126],4,[768;384;288],3,0,[-93;-32;-162],3,0},{'M',[192;3;5],2,[3;3;-1],1,[6;0;NaN],[5;5;5],1,[NaN;NaN;0]},{'M',[5;10;40],2,[5;5;5],1,[0;1;3]},{'A',[187;13;45],3,[192;3;5],2,0,[-5;10;40],2,0},{'M',[16;1;2],1,[1;1;1],0,[4;0;1]},{'A',[32;47;-14],2,[3;3;-1],1,4,[-16;-1;2],1,0},{'M',[6;5;-1],2,[3;3;-1],1,[1;NaN;0],[5;5;5],1,[NaN;0;NaN]},{'A',[-506;-747;-225],3,[6;5;-1],2,0,[-32;-47;-14],2,4},{'M',[5;80;80],2,[5;5;5],1,[0;4;4]},{'A',[37;33;66],3,[5;80;80],2,0,[32;-47;-14],2,0},{'A',[-965;-709;-1013],3,[384;384;288],2,-1,[-2314;-1802;-2314],2,-1},{'M',[64;47;-448],3,[32;47;-14],2,[1;0;5]},{'A',[59;107;941],4,[187;13;45],3,0,[-64;47;448],3,1},{'M',[-744;-709;-1013],4,[-93;-32;162],3,[3;NaN;NaN],[-965;-709;-1013],3,[NaN;0;0]},{'O',[744;709;1013],4,[744;709;1013],4,0},{'M',[592;33;66],4,[37;33;66],3,[4;0;0]},{'O',[592;33;66],4,[592;33;66],4,0},{'O',[675;352;126],4,[675;352;126],4,0},{'M',[-506;-747;-450],4,[-506;-747;-225],3,[0;0;1]},{'O',[506;747;450],4,[506;747;450],4,0},{'O',[59;107;941],4,[59;107;941],4,0}}
Adder graph: {{'A',[8;24;8],1,[1;1;1],0,4,[-1;1;-1],0,3},{'M',[32;4;1],1,[1;1;1],0,[5;2;0]},{'A',[1536;-1408;-480],2,[32;4;1],1,5,[8;-24;-8],1,6},{'M',[128;1;1],1,[1;1;1],0,[7;0;0]},{'A',[384;767;257],2,[8;24;8],1,5,[128;-1;1],1,0},{'A',[528;528;528],1,[1;1;1],0,9,[1;1;1],0,4},{'A',[6;2;2],1,[1;1;1],0,2,[1;-1;-1],0,1},{'A',[-3;5;5],1,[1;1;1],0,0,[-1;1;1],0,2},{'M',[-3;5;8],2,[8;24;8],1,[NaN;NaN;0],[-3;5;5],1,[0;0;NaN]},{'A',[372;747;225],3,[384;767;257],2,0,[-3;-5;-8],2,2},{'M',[1;2;2],1,[1;1;1],0,[0;1;1]},{'A',[-11;-11;-11],2,[-3;5;5],1,0,[-1;-2;-2],1,3},{'M',[768;-11;-22],3,[384;767;257],2,[1;NaN;NaN],[-11;-11;-11],2,[NaN;0;1]},{'M',[-44;-11;-22],3,[-11;-11;-11],2,[2;0;1]},{'A',[592;33;66],4,[768;-11;-22],3,0,[-44;11;22],3,2},{'M',[12;24;256],2,[8;24;8],1,[NaN;0;NaN],[6;2;2],1,[1;NaN;7]},{'A',[59;107;1013],3,[12;24;256],2,2,[11;11;-11],2,0},{'A',[-4236;4244;4244],2,[-3;5;5],1,2,[-528;528;528],1,3},{'A',[-675;709;941],3,[1536;-1408;-480],2,-2,[-4236;4244;4244],2,-2},{'M',[512;32;2],2,[8;24;8],1,[6;NaN;NaN],[6;2;2],1,[NaN;4;0]},{'M',[-3;192;64],2,[8;24;8],1,[NaN;3;3],[-3;5;5],1,[0;NaN;NaN]},{'A',[506;-352;-126],3,[512;32;2],2,0,[-3;-192;-64],2,1},{'M',[744;709;1013],4,[372;747;225],3,[1;NaN;NaN],[59;107;1013],3,[NaN;NaN;0],[-675;709;941],3,[NaN;0;NaN]},{'O',[744;709;1013],4,[744;709;1013],4,0},{'O',[592;33;66],4,[592;33;66],4,0},{'M',[-675;-352;-126],4,[-675;709;941],3,[0;NaN;NaN],[506;-352;-126],3,[NaN;0;0]},{'O',[675;352;126],4,[675;352;126],4,0},{'M',[506;747;450],4,[372;747;225],3,[NaN;0;1],[506;-352;-126],3,[0;NaN;NaN]},{'O',[506;747;450],4,[506;747;450],4,0},{'M',[59;107;941],4,[59;107;1013],3,[0;0;NaN],[-675;709;941],3,[NaN;NaN;0]},{'O',[59;107;941],4,[59;107;941],4,0}}
Adder graph: {{'A',[3;5;5],1,[1;1;1],0,2,[-1;1;1],0,0},{'A',[7;7;7],1,[1;1;1],0,3,[-1;-1;-1],0,0},{'A',[36;36;-28],1,[1;1;1],0,2,[1;1;-1],0,5},{'A',[282;298;-234],2,[36;36;-28],1,3,[-3;5;-5],1,1},{'M',[768;1280;5],2,[3;5;5],1,[8;8;0]},{'A',[-360;88;941],3,[768;1280;5],2,0,[-282;-298;234],2,2},{'M',[1;64;1],1,[1;1;1],0,[0;6;0]},{'A',[578;704;-446],2,[36;36;-28],1,4,[1;64;1],1,1},{'M',[36;448;448],2,[7;7;7],1,[NaN;6;6],[36;36;-28],1,[0;NaN;NaN]},{'A',[506;1600;450],3,[578;704;-446],2,0,[-36;448;448],2,1},{'M',[1;8;1],1,[1;1;1],0,[0;3;0]},{'A',[35;261;27],2,[1;8;1],1,5,[3;5;-5],1,0},{'M',[7;14;14],2,[7;7;7],1,[0;1;1]},{'M',[3;5;14],2,[3;5;5],1,[0;0;NaN],[7;7;7],1,[NaN;NaN;1]},{'A',[59;107;126],3,[7;14;14],2,3,[3;-5;14],2,0},{'M',[24;7;14],2,[3;5;5],1,[3;NaN;NaN],[7;7;7],1,[NaN;0;1]},{'M',[3;5;10],2,[3;5;5],1,[0;0;1]},{'A',[93;33;66],3,[24;7;14],2,2,[-3;5;10],2,0},{'M',[1;8;8],1,[1;1;1],0,[0;3;3]},{'M',[32;1;1],1,[1;1;1],0,[5;0;0]},{'A',[640;1008;1040],2,[1;8;8],1,7,[32;-1;1],1,4},{'A',[675;747;1013],3,[640;1008;1040],2,0,[35;-261;-27],2,0},{'M',[14;5;14],2,[3;5;5],1,[NaN;0;NaN],[7;7;7],1,[1;NaN;1]},{'A',[592;709;-432],3,[14;5;14],2,0,[578;704;-446],2,0},{'M',[744;709;1013],4,[93;33;66],3,[3;NaN;NaN],[675;747;1013],3,[NaN;NaN;0],[592;709;-432],3,[NaN;0;NaN]},{'O',[744;709;1013],4,[744;709;1013],4,0},{'M',[592;33;66],4,[93;33;66],3,[NaN;0;0],[592;709;-432],3,[0;NaN;NaN]},{'O',[592;33;66],4,[592;33;66],4,0},{'M',[675;352;126],4,[-360;88;941],3,[NaN;2;NaN],[59;107;126],3,[NaN;NaN;0],[675;747;1013],3,[0;NaN;NaN]},{'O',[675;352;126],4,[675;352;126],4,0},{'M',[506;747;450],4,[506;1600;450],3,[0;NaN;0],[675;747;1013],3,[NaN;0;NaN]},{'O',[506;747;450],4,[506;747;450],4,0},{'M',[59;107;941],4,[-360;88;941],3,[NaN;NaN;0],[59;107;126],3,[0;0;NaN]},{'O',[59;107;941],4,[59;107;941],4,0}}
Adder graph: {{'A',[-3;-3;-3],1,[1;1;1],0,0,[-1;-1;-1],0,2},{'A',[31;31;33],1,[1;1;1],0,5,[-1;-1;1],0,0},{'A',[-353;-353;-351],2,[31;31;33],1,0,[-3;-3;-3],1,7},{'M',[2;2;1],1,[1;1;1],0,[1;1;0]},{'M',[1;32;32],1,[1;1;1],0,[0;5;5]},{'A',[-12;516;-510],2,[2;2;1],1,1,[-1;32;-32],1,4},{'M',[31;-3;-768],2,[-3;-3;-3],1,[NaN;0;8],[31;31;33],1,[0;NaN;NaN]},{'A',[-675;-709;66],3,[-353;-353;-351],2,1,[31;-3;768],2,0},{'A',[7;9;7],1,[1;1;1],0,3,[-1;1;-1],0,0},{'M',[-768;9;7],2,[-3;-3;-3],1,[8;NaN;NaN],[7;9;7],1,[NaN;0;0]},{'A',[-744;-1023;-1013],3,[-768;9;7],2,0,[12;-516;-510],2,1},{'A',[43;43;45],2,[31;31;33],1,0,[3;3;3],1,2},{'M',[496;36;33],2,[31;31;33],1,[4;NaN;0],[7;9;7],1,[NaN;2;NaN]},{'M',[-96;-3;-96],2,[-3;-3;-3],1,[5;0;5]},{'A',[592;33;-63],3,[496;36;33],2,0,[96;-3;-96],2,0},{'M',[7;9;-3],2,[-3;-3;-3],1,[NaN;NaN;0],[7;9;7],1,[0;0;NaN]},{'M',[-3;124;132],2,[-3;-3;-3],1,[0;NaN;NaN],[31;31;33],1,[NaN;2;2]},{'A',[50;-176;-288],3,[7;9;-3],2,3,[-3;-124;-132],2,1},{'M',[4;1;4],1,[1;1;1],0,[2;0;2]},{'A',[8;32;56],2,[4;1;4],1,3,[-3;3;3],1,3},{'M',[-706;43;-702],3,[-353;-353;-351],2,[1;NaN;1],[43;43;45],2,[NaN;0;NaN]},{'A',[-506;-747;-450],4,[50;-176;-288],3,2,[-706;-43;702],3,0},{'R',[43;43;45],3,[43;43;45],2},{'M',[8;32;448],3,[8;32;56],2,[0;0;3]},{'A',[59;107;941],4,[43;43;45],3,0,[8;32;448],3,1},{'M',[-744;-709;-1013],4,[-675;-709;66],3,[NaN;0;NaN],[-744;-1023;-1013],3,[0;NaN;0]},{'O',[744;709;1013],4,[744;709;1013],4,0},{'M',[592;33;66],4,[-675;-709;66],3,[NaN;NaN;0],[592;33;-63],3,[0;0;NaN]},{'O',[592;33;66],4,[592;33;66],4,0},{'M',[-675;-352;-126],4,[-675;-709;66],3,[0;NaN;NaN],[592;33;-63],3,[NaN;NaN;1],[50;-176;-288],3,[NaN;1;NaN]},{'O',[675;352;126],4,[675;352;126],4,0},{'O',[506;747;450],4,[506;747;450],4,0},{'O',[59;107;941],4,[59;107;941],4,0}}
Adder graph: {{'A',[1;3;3],1,[1;1;1],0,1,[-1;1;1],0,0},{'A',[17;17;15],1,[1;1;1],0,4,[1;1;-1],0,0},{'M',[1;384;384],2,[1;3;3],1,[0;7;7]},{'M',[1;3;96],2,[1;3;3],1,[0;0;5]},{'A',[-1;390;192],3,[1;384;384],2,0,[-1;3;-96],2,1},{'M',[1;3;15],2,[1;3;3],1,[0;0;NaN],[17;17;15],1,[NaN;NaN;0]},{'M',[2;3;3],2,[1;3;3],1,[1;0;0]},{'A',[12;30;126],3,[1;3;15],2,3,[2;3;3],2,1},{'A',[3;1;1],1,[1;1;1],0,1,[1;-1;-1],0,0},{'M',[3;136;64],2,[17;17;15],1,[NaN;3;NaN],[3;1;1],1,[0;NaN;6]},{'M',[34;3;3],2,[1;3;3],1,[NaN;0;0],[17;17;15],1,[1;NaN;NaN]},{'A',[37;133;67],3,[3;136;64],2,0,[34;-3;3],2,0},{'M',[16;1;2],2,[1;3;3],1,[4;NaN;NaN],[3;1;1],1,[NaN;0;1]},{'M',[4;1;2],2,[1;3;3],1,[2;NaN;NaN],[3;1;1],1,[NaN;0;1]},{'A',[508;33;66],3,[16;1;2],2,5,[-4;1;2],2,0},{'A',[336;112;112],2,[3;1;1],1,7,[-3;-1;-1],1,4},{'A',[506;747;450],4,[-1;390;192],3,1,[508;-33;66],3,0},{'M',[17;12;15],2,[1;3;3],1,[NaN;2;NaN],[17;17;15],1,[0;NaN;0]},{'M',[512;3;3],2,[1;3;3],1,[9;0;0]},{'A',[1152;1530;1914],3,[17;12;15],2,7,[-512;-3;-3],2,1},{'M',[3;128;128],2,[3;1;1],1,[0;7;7]},{'A',[675;352;-96],3,[3;128;128],2,0,[336;112;-112],2,1},{'A',[-59;-107;-941],4,[37;133;67],3,0,[-12;-30;-126],3,3},{'R',[336;112;112],3,[336;112;112],2},{'A',[744;709;1013],4,[1152;1530;1914],3,-1,[336;-112;112],3,-1},{'O',[744;709;1013],4,[744;709;1013],4,0},{'M',[592;33;66],4,[37;133;67],3,[4;NaN;NaN],[508;33;66],3,[NaN;0;0]},{'O',[592;33;66],4,[592;33;66],4,0},{'M',[675;352;126],4,[12;30;126],3,[NaN;NaN;0],[675;352;-96],3,[0;0;NaN]},{'O',[675;352;126],4,[675;352;126],4,0},{'O',[506;747;450],4,[506;747;450],4,0},{'O',[59;107;941],4,[59;107;941],4,0}}
Adder graph: {{'A',[2;2;2],1,[1;1;1],0,2,[-1;-1;-1],0,1},{'A',[3;3;5],1,[1;1;1],0,2,[-1;-1;1],0,0},{'M',[2;2;16],2,[2;2;2],1,[0;0;3]},{'M',[16;3;5],2,[2;2;2],1,[3;NaN;NaN],[3;3;5],1,[NaN;0;0]},{'A',[32;70;502],3,[2;2;16],2,5,[-16;3;-5],2,1},{'M',[64;3;64],2,[2;2;2],1,[5;NaN;5],[3;3;5],1,[NaN;0;NaN]},{'M',[96;2;2],2,[2;2;2],1,[NaN;0;0],[3;3;5],1,[5;NaN;NaN]},{'A',[-640;22;144],3,[64;3;64],2,1,[-96;2;2],2,3},{'M',[16;1;128],1,[1;1;1],0,[4;0;7]},{'A',[116;20;1004],2,[16;1;128],1,3,[-3;3;-5],1,2},{'M',[4;64;1],1,[1;1;1],0,[2;6;0]},{'A',[36;-508;-4],2,[2;2;2],1,1,[4;-64;-1],1,3},{'M',[16;2;2],2,[2;2;2],1,[3;0;0]},{'A',[592;-8126;66],3,[16;2;2],2,0,[36;-508;4],2,4},{'M',[32;192;5],2,[2;2;2],1,[4;NaN;NaN],[3;3;5],1,[NaN;6;0]},{'A',[372;-1516;1044],3,[116;20;1004],2,0,[32;-192;5],2,3},{'A',[-506;-747;-450],4,[-640;22;144],3,-1,[-372;-1516;-1044],3,-1},{'A',[5;33;63],3,[116;20;1004],2,-4,[-36;508;4],2,-4},{'M',[4;4;1],1,[1;1;1],0,[2;2;0]},{'A',[2816;2816;5056],2,[3;3;5],1,10,[-4;-4;-1],1,6},{'A',[675;709;1013],3,[2816;2816;5056],2,-2,[-116;20;-1004],2,-2},{'A',[-59;-107;-941],4,[5;33;63],3,0,[-32;-70;-502],3,1},{'M',[744;709;1013],4,[372;-1516;1044],3,[1;NaN;NaN],[675;709;1013],3,[NaN;0;0]},{'O',[744;709;1013],4,[744;709;1013],4,0},{'M',[592;33;66],4,[592;-8126;66],3,[0;NaN;0],[5;33;63],3,[NaN;0;NaN]},{'O',[592;33;66],4,[592;33;66],4,0},{'M',[675;352;126],4,[-640;22;144],3,[NaN;4;NaN],[5;33;63],3,[NaN;NaN;1],[675;709;1013],3,[0;NaN;NaN]},{'O',[675;352;126],4,[675;352;126],4,0},{'O',[506;747;450],4,[506;747;450],4,0},{'O',[59;107;941],4,[59;107;941],4,0}}
Adder graph: {{'A',[5;5;-3],1,[1;1;1],0,0,[1;1;-1],0,2},{'A',[3;1;1],1,[1;1;1],0,1,[1;-1;-1],0,0},{'A',[68;68;60],1,[1;1;1],0,6,[1;1;-1],0,2},{'M',[68;256;60],2,[3;1;1],1,[NaN;8;NaN],[68;68;60],1,[0;NaN;0]},{'M',[80;80;-3],2,[5;5;-3],1,[4;4;0]},{'A',[296;352;126],3,[68;256;60],2,1,[80;-80;3],2,1},{'A',[157;161;-97],2,[5;5;-3],1,5,[-3;1;-1],1,0},{'M',[3;1;2],2,[3;1;1],1,[0;0;1]},{'A',[93;33;66],3,[3;1;2],2,5,[-3;1;2],2,0},{'A',[262;282;246],2,[68;68;60],1,2,[-5;5;3],1,1},{'M',[64;64;1],1,[1;1;1],0,[6;6;0]},{'A',[1029;1029;19],2,[64;64;1],1,4,[5;5;3],1,0},{'M',[3;4;4],2,[3;1;1],1,[0;2;2]},{'A',[253;-33;225],3,[3;4;4],2,5,[157;-161;97],2,0},{'M',[68;20;60],2,[5;5;-3],1,[NaN;2;NaN],[68;68;60],1,[0;NaN;0]},{'A',[-59;709;-941],3,[1029;1029;19],2,0,[-68;-20;-60],2,4},{'A',[1291;747;-227],3,[1029;1029;19],2,0,[262;-282;-246],2,0},{'M',[1;1;8],1,[1;1;1],0,[0;0;3]},{'A',[131;127;1025],2,[1;1;8],1,7,[3;-1;1],1,0},{'M',[136;5;-3],2,[5;5;-3],1,[NaN;0;0],[68;68;60],1,[1;NaN;NaN]},{'A',[675;-107;1013],3,[136;5;-3],2,2,[131;-127;1025],2,0},{'M',[744;709;1013],4,[93;33;66],3,[3;NaN;NaN],[-59;709;-941],3,[NaN;0;NaN],[675;-107;1013],3,[NaN;NaN;0]},{'O',[744;709;1013],4,[744;709;1013],4,0},{'M',[592;33;66],4,[296;352;126],3,[1;NaN;NaN],[93;33;66],3,[NaN;0;0]},{'O',[592;33;66],4,[592;33;66],4,0},{'M',[675;352;126],4,[296;352;126],3,[NaN;0;0],[675;-107;1013],3,[0;NaN;NaN]},{'O',[675;352;126],4,[675;352;126],4,0},{'M',[506;747;450],4,[253;-33;225],3,[1;NaN;1],[1291;747;-227],3,[NaN;0;NaN]},{'O',[506;747;450],4,[506;747;450],4,0},{'M',[-59;-107;-941],4,[-59;709;-941],3,[0;NaN;0],[675;-107;1013],3,[NaN;0;NaN]},{'O',[59;107;941],4,[59;107;941],4,0}}
Adder graph: {{'A',[5;5;3],1,[1;1;1],0,2,[1;1;-1],0,0},{'R',[1;1;1],1,[1;1;1],0},{'A',[3;2;2],2,[5;5;3],1,-1,[1;-1;1],1,-1},{'A',[40;24;40],1,[1;1;1],0,5,[1;-1;1],0,3},{'M',[1;1;64],1,[1;1;1],0,[0;0;6]},{'A',[21;21;-1021],2,[5;5;3],1,0,[1;1;-64],1,4},{'M',[640;1;1],2,[5;5;3],1,[7;NaN;NaN],[1;1;1],1,[NaN;0;0]},{'A',[592;33;33],3,[640;1;1],2,0,[-3;2;2],2,4},{'M',[1;8;1],1,[1;1;1],0,[0;3;0]},{'A',[261;2053;-253],2,[5;5;3],1,0,[1;8;-1],1,8},{'M',[42;21;8],3,[3;2;2],2,[NaN;NaN;2],[21;21;-1021],2,[1;0;NaN]},{'M',[3;16;2],3,[3;2;2],2,[0;3;0]},{'A',[675;352;126],4,[42;21;8],3,4,[3;16;-2],3,0},{'M',[2;1;4],1,[1;1;1],0,[1;0;2]},{'A',[-638;641;-380],2,[2;1;4],1,0,[-5;5;-3],1,7},{'M',[10;10;1],2,[5;5;3],1,[1;1;NaN],[1;1;1],1,[NaN;NaN;0]},{'A',[-678;681;-384],3,[-638;641;-380],2,0,[-10;10;-1],2,2},{'M',[672;672;-380],3,[21;21;-1021],2,[5;5;NaN],[-638;641;-380],2,[NaN;NaN;0]},{'M',[2088;2053;-253],3,[261;2053;-253],2,[3;0;0]},{'A',[-744;-709;-1013],4,[672;672;-380],3,1,[-2088;-2053;-253],3,0},{'M',[40;64;40],2,[1;1;1],1,[NaN;6;NaN],[40;24;40],1,[0;NaN;0]},{'A',[-59;-107;-941],3,[21;21;-1021],2,0,[-40;-64;40],2,1},{'A',[506;747;450],4,[592;33;33],3,1,[-678;681;384],3,0},{'O',[744;709;1013],4,[744;709;1013],4,0},{'M',[592;33;66],4,[592;33;33],3,[0;0;1]},{'O',[592;33;66],4,[592;33;66],4,0},{'O',[675;352;126],4,[675;352;126],4,0},{'O',[506;747;450],4,[506;747;450],4,0},{'R',[-59;-107;-941],4,[-59;-107;-941],3},{'O',[59;107;941],4,[59;107;941],4,0}}
Finished solving after 259196 seconds
Adder graph: {{'A',[5;5;3],1,[1;1;1],0,2,[1;1;-1],0,0},{'R',[1;1;1],1,[1;1;1],0},{'A',[3;2;2],2,[5;5;3],1,-1,[1;-1;1],1,-1},{'A',[40;24;40],1,[1;1;1],0,5,[1;-1;1],0,3},{'M',[1;1;64],1,[1;1;1],0,[0;0;6]},{'A',[21;21;-1021],2,[5;5;3],1,0,[1;1;-64],1,4},{'M',[640;1;1],2,[5;5;3],1,[7;NaN;NaN],[1;1;1],1,[NaN;0;0]},{'A',[592;33;33],3,[640;1;1],2,0,[-3;2;2],2,4},{'M',[1;8;1],1,[1;1;1],0,[0;3;0]},{'A',[261;2053;-253],2,[5;5;3],1,0,[1;8;-1],1,8},{'M',[42;21;8],3,[3;2;2],2,[NaN;NaN;2],[21;21;-1021],2,[1;0;NaN]},{'M',[3;16;2],3,[3;2;2],2,[0;3;0]},{'A',[675;352;126],4,[42;21;8],3,4,[3;16;-2],3,0},{'M',[2;1;4],1,[1;1;1],0,[1;0;2]},{'A',[-638;641;-380],2,[2;1;4],1,0,[-5;5;-3],1,7},{'M',[10;10;1],2,[5;5;3],1,[1;1;NaN],[1;1;1],1,[NaN;NaN;0]},{'A',[-678;681;-384],3,[-638;641;-380],2,0,[-10;10;-1],2,2},{'M',[672;672;-380],3,[21;21;-1021],2,[5;5;NaN],[-638;641;-380],2,[NaN;NaN;0]},{'M',[2088;2053;-253],3,[261;2053;-253],2,[3;0;0]},{'A',[-744;-709;-1013],4,[672;672;-380],3,1,[-2088;-2053;-253],3,0},{'M',[40;64;40],2,[1;1;1],1,[NaN;6;NaN],[40;24;40],1,[0;NaN;0]},{'A',[-59;-107;-941],3,[21;21;-1021],2,0,[-40;-64;40],2,1},{'A',[506;747;450],4,[592;33;33],3,1,[-678;681;384],3,0},{'O',[744;709;1013],4,[744;709;1013],4,0},{'M',[592;33;66],4,[592;33;33],3,[0;0;1]},{'O',[592;33;66],4,[592;33;66],4,0},{'O',[675;352;126],4,[675;352;126],4,0},{'O',[506;747;450],4,[506;747;450],4,0},{'R',[-59;-107;-941],4,[-59;-107;-941],3},{'O',[59;107;941],4,[59;107;941],4,0}}
# Add optimal = 1
# Mux optimal = 0
# Mux registers optimal = 0
# FAs optimal = 0
