Adder graph: {{'A',[-1,0,1,0],1,0,[0,0,1,0],0,0,[-1,0,0,0],0,0},{'A',[0,-1,0,8],1,0,[0,0,0,1],0,3,[0,-1,0,0],0,0},{'A',[-8,-1,8,8],2,0,[0,-1,0,8],1,0,[-1,0,1,0],1,3},{'A',[0,1,0,-1],1,0,[0,1,0,0],0,0,[0,0,0,-1],0,0},{'A',[-1,-1,1,1],2,0,[-1,0,1,0],1,0,[0,-1,0,1],1,0},{'A',[-24,-3,24,24],3,0,[-8,-1,8,8],2,1,[-8,-1,8,8],2,0},{'A',[0,-7,0,0],3,0,[-1,-1,1,1],2,3,[8,1,-8,-8],2,0},{'A',[24,-11,-24,-24],4,0,[0,-7,0,0],3,1,[24,3,-24,-24],3,0},{'O',[-24,11,24,24],4,[-24,11,24,24],4,0}}
Adder graph: {{'A',[0,1,0,0],1,0,[0,1,0,0],0,1,[0,-1,0,0],0,0},{'A',[0,-1,0,0],2,0,[0,1,0,0],1,0,[0,-1,0,0],1,1},{'A',[0,1,8,0],1,0,[0,0,1,0],0,3,[0,1,0,0],0,0},{'A',[1,0,0,-1],1,0,[1,0,0,0],0,0,[0,0,0,-1],0,0},{'A',[-8,1,8,8],2,0,[0,1,8,0],1,0,[-1,0,0,1],1,3},{'A',[-8,3,8,8],3,0,[-8,1,8,8],2,0,[0,1,0,0],2,1},{'A',[-16,2,16,16],3,0,[-8,1,8,8],2,0,[-8,1,8,8],2,0},{'A',[-24,11,24,24],4,1,[-8,3,8,8],3,3,[16,-2,-16,-16],3,0},{'O',[-24,11,24,24],4,[-24,11,24,24],4,0}}
Adder graph: {{'A',[0,2,0,0],1,0,[0,1,0,0],0,0,[0,1,0,0],0,0},{'A',[0,-14,0,0],2,0,[0,2,0,0],1,0,[0,-2,0,0],1,3},{'A',[0,-70,0,0],3,0,[0,-14,0,0],2,0,[0,-14,0,0],2,2},{'A',[1,0,-1,0],1,0,[1,0,0,0],0,0,[0,0,-1,0],0,0},{'A',[0,-1,0,1],1,0,[0,0,0,1],0,0,[0,-1,0,0],0,0},{'A',[1,1,-1,-1],2,0,[1,0,-1,0],1,0,[0,1,0,-1],1,0},{'A',[-3,-3,3,3],3,0,[1,1,-1,-1],2,0,[-1,-1,1,1],2,2},{'A',[24,-11,-24,-24],4,1,[0,-70,0,0],3,0,[3,3,-3,-3],3,4},{'O',[-24,11,24,24],4,[-24,11,24,24],4,0}}
Adder graph: {{'A',[1,0,-1,0],1,0,[1,0,0,0],0,0,[0,0,-1,0],0,0},{'A',[0,1,0,2],1,0,[0,1,0,0],0,0,[0,0,0,1],0,1},{'A',[2,-1,-2,-2],2,0,[1,0,-1,0],1,1,[0,-1,0,-2],1,0},{'A',[0,0,0,1],1,0,[0,0,0,1],0,1,[0,0,0,-1],0,0},{'A',[-14,7,14,14],3,0,[2,-1,-2,-2],2,0,[-2,1,2,2],2,3},{'A',[-1,0,1,1],2,0,[0,0,0,1],1,0,[-1,0,1,0],1,0},{'A',[-5,2,5,5],3,0,[-1,0,1,1],2,0,[-2,1,2,2],2,1},{'A',[-24,11,24,24],4,0,[-14,7,14,14],3,0,[-5,2,5,5],3,1},{'O',[-24,11,24,24],4,[-24,11,24,24],4,0}}
Adder graph: {{'A',[0,-1,0,0],1,0,[0,1,0,0],0,0,[0,-1,0,0],0,1},{'A',[0,1,0,0],2,0,[0,-1,0,0],1,0,[0,1,0,0],1,1},{'A',[0,1,4,0],1,0,[0,0,1,0],0,2,[0,1,0,0],0,0},{'A',[-1,0,0,1],1,0,[0,0,0,1],0,0,[-1,0,0,0],0,0},{'A',[0,5,0,0],3,0,[0,1,0,0],2,0,[0,1,0,0],2,2},{'A',[-4,1,4,4],2,0,[0,1,4,0],1,0,[-1,0,0,1],1,2},{'A',[-12,3,12,12],3,0,[-4,1,4,4],2,2,[4,-1,-4,-4],2,0},{'A',[-24,11,24,24],4,0,[0,5,0,0],3,0,[-12,3,12,12],3,1},{'O',[-24,11,24,24],4,[-24,11,24,24],4,0}}
Adder graph: {{'A',[0,1,0,0],1,0,[0,1,0,0],0,1,[0,-1,0,0],0,0},{'A',[0,2,0,0],2,0,[0,1,0,0],1,0,[0,1,0,0],1,0},{'A',[0,1,2,0],1,0,[0,0,1,0],0,1,[0,1,0,0],0,0},{'A',[1,0,0,-1],1,0,[1,0,0,0],0,0,[0,0,0,-1],0,0},{'A',[2,-1,-2,-2],2,0,[1,0,0,-1],1,1,[0,-1,-2,0],1,0},{'A',[-6,3,6,6],3,0,[2,-1,-2,-2],2,0,[-2,1,2,2],2,2},{'A',[0,-1,0,0],3,1,[0,2,0,0],2,0,[0,-2,0,0],2,1},{'A',[-24,11,24,24],4,0,[0,-1,0,0],3,0,[-6,3,6,6],3,2},{'O',[-24,11,24,24],4,[-24,11,24,24],4,0}}
Adder graph: {{'A',[0,1,0,0],1,1,[0,1,0,0],0,0,[0,1,0,0],0,0},{'A',[0,1,0,0],2,0,[0,1,0,0],1,1,[0,-1,0,0],1,0},{'A',[0,0,1,1],1,0,[0,0,0,1],0,0,[0,0,1,0],0,0},{'A',[0,-1,0,0],3,0,[0,1,0,0],2,0,[0,-1,0,0],2,1},{'A',[2,-1,0,0],1,0,[1,0,0,0],0,1,[0,-1,0,0],0,0},{'A',[-2,1,2,2],2,0,[0,0,1,1],1,1,[-2,1,0,0],1,0},{'A',[6,-3,-6,-6],3,0,[-2,1,2,2],2,0,[2,-1,-2,-2],2,2},{'A',[-24,11,24,24],4,0,[0,-1,0,0],3,0,[-6,3,6,6],3,2},{'O',[-24,11,24,24],4,[-24,11,24,24],4,0}}
Adder graph: {{'A',[0,0,1,1],1,0,[0,0,0,1],0,0,[0,0,1,0],0,0},{'A',[2,-1,0,0],1,0,[1,0,0,0],0,1,[0,-1,0,0],0,0},{'A',[-2,1,2,2],2,0,[0,0,1,1],1,1,[-2,1,0,0],1,0},{'A',[-6,3,6,6],3,0,[-2,1,2,2],2,1,[-2,1,2,2],2,0},{'A',[0,1,0,0],1,0,[0,1,0,0],0,1,[0,-1,0,0],0,0},{'A',[0,1,0,0],2,0,[0,1,0,0],1,1,[0,-1,0,0],1,0},{'A',[0,1,0,0],3,0,[0,1,0,0],2,1,[0,-1,0,0],2,0},{'A',[-24,11,24,24],4,0,[-6,3,6,6],3,2,[0,-1,0,0],3,0},{'O',[-24,11,24,24],4,[-24,11,24,24],4,0}}
Finished solving after 27715.8 seconds
Adder graph: {{'A',[0,0,1,1],1,0,[0,0,0,1],0,0,[0,0,1,0],0,0},{'A',[2,-1,0,0],1,0,[1,0,0,0],0,1,[0,-1,0,0],0,0},{'A',[-2,1,2,2],2,0,[0,0,1,1],1,1,[-2,1,0,0],1,0},{'A',[-6,3,6,6],3,0,[-2,1,2,2],2,1,[-2,1,2,2],2,0},{'A',[0,1,0,0],1,0,[0,1,0,0],0,1,[0,-1,0,0],0,0},{'A',[0,1,0,0],2,0,[0,1,0,0],1,1,[0,-1,0,0],1,0},{'A',[0,1,0,0],3,0,[0,1,0,0],2,1,[0,-1,0,0],2,0},{'A',[-24,11,24,24],4,0,[-6,3,6,6],3,2,[0,-1,0,0],3,0},{'O',[-24,11,24,24],4,[-24,11,24,24],4,0}}
#Add optimal = 1
#FAs optimal = 1
