Adder graph: {{'A',[16,0,0,-1],1,0,[1,0,0,0],0,4,[0,0,0,-1],0,0},{'A',[-16,0,0,1],2,0,[16,0,0,-1],1,0,[-16,0,0,1],1,1},{'A',[-112,0,0,7],3,0,[-16,0,0,1],2,3,[16,0,0,-1],2,0},{'A',[0,-1,2,0],1,0,[0,0,1,0],0,1,[0,-1,0,0],0,0},{'A',[0,0,0,-15],1,0,[0,0,0,1],0,0,[0,0,0,-1],0,4},{'A',[0,8,-16,-15],2,0,[0,0,0,-15],1,0,[0,1,-2,0],1,3},{'A',[0,-24,48,45],3,0,[0,8,-16,-15],2,0,[0,-8,16,15],2,2},{'A',[-28,-6,12,13],4,2,[-112,0,0,7],3,0,[0,-24,48,45],3,0},{'O',[-28,-6,12,13],4,[-28,-6,12,13],4,0}}
Adder graph: {{'A',[0,2,0,1],1,0,[0,0,0,1],0,0,[0,1,0,0],0,1},{'A',[0,0,1,-1],1,0,[0,0,1,0],0,0,[0,0,0,-1],0,0},{'A',[0,2,-32,33],2,0,[0,2,0,1],1,0,[0,0,-1,1],1,5},{'A',[-1,0,1,0],1,0,[0,0,1,0],0,0,[-1,0,0,0],0,0},{'A',[8,2,-8,1],2,0,[0,2,0,1],1,0,[1,0,-1,0],1,3},{'A',[-32,-6,0,29],3,0,[0,2,-32,33],2,0,[-8,-2,8,-1],2,2},{'A',[-1,0,-3,4],3,3,[0,2,-32,33],2,0,[-8,-2,8,-1],2,0},{'A',[28,6,-12,-13],4,0,[-1,0,-3,4],3,2,[32,6,0,-29],3,0},{'O',[-28,-6,12,13],4,[-28,-6,12,13],4,0}}
Adder graph: {{'A',[0,3,0,0],1,0,[0,1,0,0],0,0,[0,1,0,0],0,1},{'A',[2,0,1,0],1,0,[0,0,1,0],0,0,[1,0,0,0],0,1},{'A',[0,0,2,1],1,0,[0,0,0,1],0,0,[0,0,1,0],0,1},{'A',[-2,0,1,1],2,0,[0,0,2,1],1,0,[-2,0,-1,0],1,0},{'A',[14,0,-7,-7],3,0,[-2,0,1,1],2,0,[2,0,-1,-1],2,3},{'A',[0,6,2,1],2,0,[0,3,0,0],1,1,[0,0,2,1],1,0},{'A',[0,-6,-2,-1],3,0,[0,6,2,1],2,0,[0,-6,-2,-1],2,1},{'A',[28,6,-12,-13],4,0,[14,0,-7,-7],3,1,[0,6,2,1],3,0},{'O',[-28,-6,12,13],4,[-28,-6,12,13],4,0}}
Adder graph: {{'A',[0,2,0,-1],1,0,[0,1,0,0],0,1,[0,0,0,-1],0,0},{'A',[1,0,1,0],1,0,[0,0,1,0],0,0,[1,0,0,0],0,0},{'A',[-4,2,-4,-1],2,0,[0,2,0,-1],1,0,[-1,0,-1,0],1,2},{'A',[0,1,2,0],1,0,[0,1,0,0],0,0,[0,0,1,0],0,1},{'A',[0,1,-2,-1],2,0,[0,2,0,-1],1,0,[0,-1,-2,0],1,0},{'A',[-4,6,-12,-5],3,0,[-4,2,-4,-1],2,0,[0,1,-2,-1],2,2},{'A',[-4,0,0,1],3,0,[-4,2,-4,-1],2,0,[0,-1,2,1],2,1},{'A',[-28,-6,12,13],4,0,[-4,0,0,1],3,3,[4,-6,12,5],3,0},{'O',[-28,-6,12,13],4,[-28,-6,12,13],4,0}}
Adder graph: {{'A',[0,2,0,1],1,0,[0,1,0,0],0,1,[0,0,0,1],0,0},{'A',[-1,0,0,1],1,0,[0,0,0,1],0,0,[-1,0,0,0],0,0},{'A',[-1,0,1,0],1,0,[0,0,1,0],0,0,[-1,0,0,0],0,0},{'A',[-1,0,0,1],2,0,[-1,0,0,1],1,1,[1,0,0,-1],1,0},{'A',[4,2,-4,1],2,0,[0,2,0,1],1,0,[1,0,-1,0],1,2},{'A',[-12,-2,4,7],3,0,[-1,0,0,1],2,3,[-4,-2,4,-1],2,0},{'A',[4,2,-4,1],3,0,[4,2,-4,1],2,1,[-4,-2,4,-1],2,0},{'A',[28,6,-12,-13],4,0,[4,2,-4,1],3,0,[12,2,-4,-7],3,1},{'O',[-28,-6,12,13],4,[-28,-6,12,13],4,0}}
Adder graph: {{'A',[0,2,0,1],1,0,[0,1,0,0],0,1,[0,0,0,1],0,0},{'A',[1,0,-1,0],1,0,[1,0,0,0],0,0,[0,0,-1,0],0,0},{'A',[4,2,-4,1],2,0,[0,2,0,1],1,0,[1,0,-1,0],1,2},{'A',[12,6,-12,3],3,0,[4,2,-4,1],2,2,[-4,-2,4,-1],2,0},{'A',[0,0,-1,1],1,0,[0,0,0,1],0,0,[0,0,-1,0],0,0},{'A',[-1,0,0,1],2,0,[0,0,-1,1],1,0,[-1,0,1,0],1,0},{'A',[-1,0,0,1],3,1,[-1,0,0,1],2,0,[-1,0,0,1],2,0},{'A',[28,6,-12,-13],4,0,[12,6,-12,3],3,0,[1,0,0,-1],3,4},{'O',[-28,-6,12,13],4,[-28,-6,12,13],4,0}}
Adder graph: {{'A',[0,0,0,1],1,0,[0,0,0,1],0,1,[0,0,0,-1],0,0},{'A',[1,0,0,0],1,1,[1,0,0,0],0,0,[1,0,0,0],0,0},{'A',[0,1,-2,0],1,0,[0,1,0,0],0,0,[0,0,-1,0],0,1},{'A',[-4,0,0,1],2,0,[0,0,0,1],1,0,[-1,0,0,0],1,2},{'A',[0,-1,2,1],2,0,[0,0,0,1],1,0,[0,-1,2,0],1,0},{'A',[4,-2,4,1],3,0,[0,-1,2,1],2,1,[4,0,0,-1],2,0},{'A',[-8,-1,2,3],3,0,[0,-1,2,1],2,0,[-4,0,0,1],2,1},{'A',[-28,-6,12,13],4,0,[4,-2,4,1],3,0,[-8,-1,2,3],3,2},{'O',[-28,-6,12,13],4,[-28,-6,12,13],4,0}}
Finished solving after 57293.8 seconds
Adder graph: {{'A',[0,0,0,1],1,0,[0,0,0,1],0,1,[0,0,0,-1],0,0},{'A',[1,0,0,0],1,1,[1,0,0,0],0,0,[1,0,0,0],0,0},{'A',[0,1,-2,0],1,0,[0,1,0,0],0,0,[0,0,-1,0],0,1},{'A',[-4,0,0,1],2,0,[0,0,0,1],1,0,[-1,0,0,0],1,2},{'A',[0,-1,2,1],2,0,[0,0,0,1],1,0,[0,-1,2,0],1,0},{'A',[4,-2,4,1],3,0,[0,-1,2,1],2,1,[4,0,0,-1],2,0},{'A',[-8,-1,2,3],3,0,[0,-1,2,1],2,0,[-4,0,0,1],2,1},{'A',[-28,-6,12,13],4,0,[4,-2,4,1],3,0,[-8,-1,2,3],3,2},{'O',[-28,-6,12,13],4,[-28,-6,12,13],4,0}}
#Add optimal = 1
#FAs optimal = 0
