Adder graph: {{'A',[32,0,1,0],1,0,[0,0,1,0],0,0,[1,0,0,0],0,5},{'A',[2,0,0,0],1,0,[1,0,0,0],0,0,[1,0,0,0],0,0},{'A',[0,8,0,1],1,0,[0,0,0,1],0,0,[0,1,0,0],0,3},{'A',[32,32,1,4],2,0,[32,0,1,0],1,0,[0,8,0,1],1,2},{'A',[6,0,0,0],2,0,[2,0,0,0],1,0,[2,0,0,0],1,1},{'A',[29,32,1,4],3,1,[32,32,1,4],2,1,[-6,0,0,0],2,0},{'O',[-29,-32,-1,-4],3,[-29,-32,-1,-4],3,0}}
Adder graph: {{'A',[-3,0,0,0],1,0,[1,0,0,0],0,0,[-1,0,0,0],0,2},{'A',[-21,0,0,0],2,0,[-3,0,0,0],1,3,[3,0,0,0],1,0},{'A',[0,0,1,4],1,0,[0,0,0,1],0,2,[0,0,1,0],0,0},{'A',[1,4,0,0],1,0,[1,0,0,0],0,0,[0,1,0,0],0,2},{'A',[8,32,1,4],2,0,[0,0,1,4],1,0,[1,4,0,0],1,3},{'A',[-29,-32,-1,-4],3,0,[-21,0,0,0],2,0,[-8,-32,-1,-4],2,0},{'O',[-29,-32,-1,-4],3,[-29,-32,-1,-4],3,0}}
Adder graph: {{'A',[5,0,0,0],1,0,[1,0,0,0],0,2,[1,0,0,0],0,0},{'A',[-1,0,1,0],1,0,[0,0,1,0],0,0,[-1,0,0,0],0,0},{'A',[11,0,-1,0],2,0,[5,0,0,0],1,1,[1,0,-1,0],1,0},{'A',[0,8,0,1],1,0,[0,1,0,0],0,3,[0,0,0,1],0,0},{'A',[10,8,0,1],2,0,[0,8,0,1],1,0,[5,0,0,0],1,1},{'A',[-29,-32,-1,-4],3,0,[11,0,-1,0],2,0,[-10,-8,0,-1],2,2},{'O',[-29,-32,-1,-4],3,[-29,-32,-1,-4],3,0}}
Adder graph: {{'A',[1,1,0,0],1,0,[0,1,0,0],0,0,[1,0,0,0],0,0},{'A',[-1,0,0,2],1,0,[0,0,0,1],0,1,[-1,0,0,0],0,0},{'A',[0,1,1,0],1,0,[0,0,1,0],0,0,[0,1,0,0],0,0},{'A',[15,16,0,2],2,0,[-1,0,0,2],1,0,[1,1,0,0],1,4},{'A',[1,0,-1,0],2,0,[1,1,0,0],1,0,[0,-1,-1,0],1,0},{'A',[-29,-32,-1,-4],3,0,[1,0,-1,0],2,0,[-15,-16,0,-2],2,1},{'O',[-29,-32,-1,-4],3,[-29,-32,-1,-4],3,0}}
Adder graph: {{'A',[0,1,0,2],1,0,[0,0,0,1],0,1,[0,1,0,0],0,0},{'A',[-1,0,0,2],1,0,[0,0,0,1],0,1,[-1,0,0,0],0,0},{'A',[-1,-1,0,0],2,0,[-1,0,0,2],1,0,[0,-1,0,-2],1,0},{'A',[-1,0,1,0],1,0,[0,0,1,0],0,0,[-1,0,0,0],0,0},{'A',[-3,0,1,4],2,0,[-1,0,1,0],1,0,[-1,0,0,2],1,1},{'A',[-29,-32,-1,-4],3,0,[-1,-1,0,0],2,5,[3,0,-1,-4],2,0},{'O',[-29,-32,-1,-4],3,[-29,-32,-1,-4],3,0}}
Adder graph: {{'A',[1,0,0,-1],1,0,[1,0,0,0],0,0,[0,0,0,-1],0,0},{'A',[1,0,1,0],1,0,[0,0,1,0],0,0,[1,0,0,0],0,0},{'A',[1,1,0,0],1,0,[1,0,0,0],0,0,[0,1,0,0],0,0},{'A',[-3,0,1,4],2,0,[1,0,1,0],1,0,[-1,0,0,1],1,2},{'A',[1,1,0,0],2,1,[1,1,0,0],1,0,[1,1,0,0],1,0},{'A',[29,32,1,4],3,0,[-3,0,1,4],2,0,[1,1,0,0],2,5},{'O',[-29,-32,-1,-4],3,[-29,-32,-1,-4],3,0}}
Finished solving after 38.49 seconds
Adder graph: {{'A',[1,0,0,-1],1,0,[1,0,0,0],0,0,[0,0,0,-1],0,0},{'A',[1,0,1,0],1,0,[0,0,1,0],0,0,[1,0,0,0],0,0},{'A',[1,1,0,0],1,0,[1,0,0,0],0,0,[0,1,0,0],0,0},{'A',[-3,0,1,4],2,0,[1,0,1,0],1,0,[-1,0,0,1],1,2},{'A',[1,1,0,0],2,1,[1,1,0,0],1,0,[1,1,0,0],1,0},{'A',[29,32,1,4],3,0,[-3,0,1,4],2,0,[1,1,0,0],2,5},{'O',[-29,-32,-1,-4],3,[-29,-32,-1,-4],3,0}}
#Add optimal = 1
#FAs optimal = 1
