Adder graph: {{'A',[0,2,0,1],1,0,[0,1,0,0],0,1,[0,0,0,1],0,0},{'A',[8,0,0,1],1,0,[1,0,0,0],0,3,[0,0,0,1],0,0},{'A',[8,2,0,2],2,0,[0,2,0,1],1,0,[8,0,0,1],1,0},{'A',[8,2,0,2],3,0,[8,2,0,2],2,1,[-8,-2,0,-2],2,0},{'A',[0,1,-1,0],1,0,[0,1,0,0],0,0,[0,0,-1,0],0,0},{'A',[0,-1,-1,-1],2,0,[0,1,-1,0],1,0,[0,-2,0,-1],1,0},{'A',[0,15,15,15],3,0,[0,-1,-1,-1],2,0,[0,1,1,1],2,4},{'A',[-16,11,15,11],4,0,[0,15,15,15],3,0,[-8,-2,0,-2],3,1},{'O',[16,-11,-15,-11],4,[16,-11,-15,-11],4,0}}
Adder graph: {{'A',[0,0,-3,0],1,0,[0,0,1,0],0,0,[0,0,-1,0],0,2},{'A',[0,1,0,1],1,0,[0,0,0,1],0,0,[0,1,0,0],0,0},{'A',[0,2,3,2],2,0,[0,1,0,1],1,1,[0,0,3,0],1,0},{'A',[2,0,0,0],1,0,[1,0,0,0],0,0,[1,0,0,0],0,0},{'A',[16,-1,0,-1],2,0,[2,0,0,0],1,3,[0,-1,0,-1],1,0},{'A',[0,6,9,6],3,0,[0,2,3,2],2,2,[0,-2,-3,-2],2,0},{'A',[16,-5,-6,-5],3,0,[16,-1,0,-1],2,0,[0,-2,-3,-2],2,1},{'A',[-16,11,15,11],4,0,[0,6,9,6],3,0,[-16,5,6,5],3,0},{'O',[16,-11,-15,-11],4,[16,-11,-15,-11],4,0}}
Adder graph: {{'A',[-2,0,1,0],1,0,[0,0,1,0],0,0,[-1,0,0,0],0,1},{'A',[0,1,0,1],1,0,[0,1,0,0],0,0,[0,0,0,1],0,0},{'A',[-2,1,1,1],2,0,[-2,0,1,0],1,0,[0,1,0,1],1,0},{'A',[-1,0,4,0],1,0,[0,0,1,0],0,2,[-1,0,0,0],0,0},{'A',[-18,9,9,9],3,0,[-2,1,1,1],2,0,[-2,1,1,1],2,3},{'A',[-3,0,-2,0],2,0,[-2,0,1,0],1,1,[1,0,-4,0],1,0},{'A',[-1,-1,-3,-1],3,0,[-3,0,-2,0],2,0,[2,-1,-1,-1],2,0},{'A',[16,-11,-15,-11],4,0,[-1,-1,-3,-1],3,1,[18,-9,-9,-9],3,0},{'O',[16,-11,-15,-11],4,[16,-11,-15,-11],4,0}}
Adder graph: {{'A',[0,1,0,1],1,0,[0,1,0,0],0,0,[0,0,0,1],0,0},{'A',[0,-1,0,-1],2,0,[0,1,0,1],1,0,[0,-1,0,-1],1,1},{'A',[0,7,0,7],3,0,[0,-1,0,-1],2,0,[0,1,0,1],2,3},{'A',[0,0,1,0],1,0,[0,0,1,0],0,1,[0,0,-1,0],0,0},{'A',[-1,0,1,0],1,0,[0,0,1,0],0,0,[-1,0,0,0],0,0},{'A',[-16,0,15,0],2,0,[-1,0,1,0],1,4,[0,0,-1,0],1,0},{'A',[-16,4,15,4],3,0,[-16,0,15,0],2,0,[0,1,0,1],2,2},{'A',[-16,11,15,11],4,0,[0,7,0,7],3,0,[-16,4,15,4],3,0},{'O',[16,-11,-15,-11],4,[16,-11,-15,-11],4,0}}
Adder graph: {{'A',[-1,0,1,0],1,0,[0,0,1,0],0,0,[-1,0,0,0],0,0},{'A',[0,1,0,1],1,0,[0,1,0,0],0,0,[0,0,0,1],0,0},{'A',[-1,1,1,1],2,0,[0,1,0,1],1,0,[-1,0,1,0],1,0},{'A',[1,0,0,0],1,1,[1,0,0,0],0,0,[1,0,0,0],0,0},{'A',[-7,7,7,7],3,0,[-1,1,1,1],2,3,[1,-1,-1,-1],2,0},{'A',[1,4,0,4],2,0,[0,1,0,1],1,2,[1,0,0,0],1,0},{'A',[-9,4,8,4],3,0,[-1,1,1,1],2,3,[-1,-4,0,-4],2,0},{'A',[-16,11,15,11],4,0,[-7,7,7,7],3,0,[-9,4,8,4],3,0},{'O',[16,-11,-15,-11],4,[16,-11,-15,-11],4,0}}
Adder graph: {{'A',[0,0,1,1],1,0,[0,0,0,1],0,0,[0,0,1,0],0,0},{'A',[0,1,0,0],1,1,[0,1,0,0],0,0,[0,1,0,0],0,0},{'A',[0,1,1,1],2,0,[0,0,1,1],1,0,[0,1,0,0],1,0},{'A',[0,7,7,7],3,0,[0,1,1,1],2,3,[0,-1,-1,-1],2,0},{'A',[4,0,-1,0],1,0,[1,0,0,0],0,2,[0,0,-1,0],0,0},{'A',[4,0,-1,0],2,1,[4,0,-1,0],1,0,[4,0,-1,0],1,0},{'A',[4,-1,-2,-1],3,0,[4,0,-1,0],2,0,[0,-1,-1,-1],2,0},{'A',[-16,11,15,11],4,0,[0,7,7,7],3,0,[-4,1,2,1],3,2},{'O',[16,-11,-15,-11],4,[16,-11,-15,-11],4,0}}
Adder graph: {{'A',[0,1,0,1],1,0,[0,0,0,1],0,0,[0,1,0,0],0,0},{'A',[0,0,3,0],1,0,[0,0,1,0],0,1,[0,0,1,0],0,0},{'A',[0,-1,3,-1],2,0,[0,0,3,0],1,0,[0,-1,0,-1],1,0},{'A',[0,-2,6,-2],3,0,[0,-1,3,-1],2,0,[0,-1,3,-1],2,0},{'A',[1,0,0,0],1,0,[1,0,0,0],0,1,[-1,0,0,0],0,0},{'A',[1,-1,0,-1],2,0,[1,0,0,0],1,0,[0,-1,0,-1],1,0},{'A',[4,-3,-3,-3],3,0,[1,-1,0,-1],2,2,[0,1,-3,1],2,0},{'A',[16,-11,-15,-11],4,1,[4,-3,-3,-3],3,3,[0,2,-6,2],3,0},{'O',[16,-11,-15,-11],4,[16,-11,-15,-11],4,0}}
Adder graph: {{'A',[-1,0,0,0],1,0,[1,0,0,0],0,0,[-1,0,0,0],0,1},{'A',[0,1,0,1],1,0,[0,0,0,1],0,0,[0,1,0,0],0,0},{'A',[0,0,-1,0],1,0,[0,0,1,0],0,0,[0,0,-1,0],0,1},{'A',[-4,-1,0,-1],2,0,[-1,0,0,0],1,2,[0,-1,0,-1],1,0},{'A',[0,-1,-1,-1],2,0,[0,0,-1,0],1,0,[0,-1,0,-1],1,0},{'A',[-4,3,4,3],3,0,[-4,-1,0,-1],2,0,[0,1,1,1],2,2},{'A',[0,1,1,1],3,0,[0,-1,-1,-1],2,0,[0,1,1,1],2,1},{'A',[-16,11,15,11],4,0,[-4,3,4,3],3,2,[0,-1,-1,-1],3,0},{'O',[16,-11,-15,-11],4,[16,-11,-15,-11],4,0}}
Adder graph: {{'A',[1,0,0,0],1,0,[1,0,0,0],0,1,[-1,0,0,0],0,0},{'A',[0,1,0,1],1,0,[0,1,0,0],0,0,[0,0,0,1],0,0},{'A',[0,0,1,0],1,0,[0,0,1,0],0,1,[0,0,-1,0],0,0},{'A',[0,1,1,1],2,0,[0,1,0,1],1,0,[0,0,1,0],1,0},{'A',[4,1,0,1],2,0,[1,0,0,0],1,2,[0,1,0,1],1,0},{'A',[0,1,1,1],3,1,[0,1,1,1],2,0,[0,1,1,1],2,0},{'A',[16,5,1,5],3,0,[0,1,1,1],2,0,[4,1,0,1],2,2},{'A',[-16,11,15,11],4,0,[0,1,1,1],3,4,[-16,-5,-1,-5],3,0},{'O',[16,-11,-15,-11],4,[16,-11,-15,-11],4,0}}
Adder graph: {{'A',[1,0,0,0],1,0,[1,0,0,0],0,1,[-1,0,0,0],0,0},{'A',[0,0,1,0],1,1,[0,0,1,0],0,0,[0,0,1,0],0,0},{'A',[0,1,0,1],1,0,[0,1,0,0],0,0,[0,0,0,1],0,0},{'A',[0,1,1,1],2,0,[0,1,0,1],1,0,[0,0,1,0],1,0},{'A',[4,1,0,1],2,0,[0,1,0,1],1,0,[1,0,0,0],1,2},{'A',[0,-1,-1,-1],3,0,[0,1,1,1],2,0,[0,-1,-1,-1],2,1},{'A',[-4,3,4,3],3,0,[0,1,1,1],2,2,[-4,-1,0,-1],2,0},{'A',[-16,11,15,11],4,0,[0,-1,-1,-1],3,0,[-4,3,4,3],3,2},{'O',[16,-11,-15,-11],4,[16,-11,-15,-11],4,0}}
Finished solving after 22522.9 seconds
Adder graph: {{'A',[1,0,0,0],1,0,[1,0,0,0],0,1,[-1,0,0,0],0,0},{'A',[0,0,1,0],1,1,[0,0,1,0],0,0,[0,0,1,0],0,0},{'A',[0,1,0,1],1,0,[0,1,0,0],0,0,[0,0,0,1],0,0},{'A',[0,1,1,1],2,0,[0,1,0,1],1,0,[0,0,1,0],1,0},{'A',[4,1,0,1],2,0,[0,1,0,1],1,0,[1,0,0,0],1,2},{'A',[0,-1,-1,-1],3,0,[0,1,1,1],2,0,[0,-1,-1,-1],2,1},{'A',[-4,3,4,3],3,0,[0,1,1,1],2,2,[-4,-1,0,-1],2,0},{'A',[-16,11,15,11],4,0,[0,-1,-1,-1],3,0,[-4,3,4,3],3,2},{'O',[16,-11,-15,-11],4,[16,-11,-15,-11],4,0}}
#Add optimal = 1
#FAs optimal = 1
