Adder graph: {{'A',[1,1,0,0],1,0,[1,0,0,0],0,0,[0,1,0,0],0,0},{'A',[0,0,-15,0],1,0,[0,0,1,0],0,0,[0,0,-1,0],0,4},{'A',[0,-1,0,2],1,0,[0,0,0,1],0,1,[0,-1,0,0],0,0},{'A',[8,8,15,0],2,0,[1,1,0,0],1,3,[0,0,15,0],1,0},{'A',[1,3,0,-4],2,0,[1,1,0,0],1,0,[0,1,0,-2],1,1},{'A',[7,21,0,-28],3,0,[1,3,0,-4],2,3,[-1,-3,0,4],2,0},{'A',[7,5,15,4],3,0,[8,8,15,0],2,0,[-1,-3,0,4],2,0},{'A',[21,31,30,-20],4,0,[7,5,15,4],3,1,[7,21,0,-28],3,0},{'O',[21,31,30,-20],4,[21,31,30,-20],4,0}}
Adder graph: {{'A',[1,1,0,0],1,0,[1,0,0,0],0,0,[0,1,0,0],0,0},{'A',[2,2,0,0],2,0,[1,1,0,0],1,0,[1,1,0,0],1,0},{'A',[0,0,1,2],1,0,[0,0,0,1],0,1,[0,0,1,0],0,0},{'A',[62,62,0,0],3,0,[2,2,0,0],2,5,[-2,-2,0,0],2,0},{'A',[-1,0,4,0],1,0,[0,0,1,0],0,2,[-1,0,0,0],0,0},{'A',[1,0,-3,2],2,0,[0,0,1,2],1,0,[1,0,-4,0],1,0},{'A',[5,0,-15,10],3,0,[1,0,-3,2],2,0,[1,0,-3,2],2,2},{'A',[-21,-31,-30,20],4,1,[5,0,-15,10],3,2,[-62,-62,0,0],3,0},{'O',[21,31,30,-20],4,[21,31,30,-20],4,0}}
Adder graph: {{'A',[0,0,-1,1],1,0,[0,0,0,1],0,0,[0,0,-1,0],0,0},{'A',[1,1,0,0],1,0,[0,1,0,0],0,0,[1,0,0,0],0,0},{'A',[-7,-7,0,0],2,0,[1,1,0,0],1,0,[-1,-1,0,0],1,3},{'A',[-21,-21,0,0],3,0,[-7,-7,0,0],2,0,[-7,-7,0,0],2,1},{'A',[0,1,1,0],1,0,[0,0,1,0],0,0,[0,1,0,0],0,0},{'A',[0,1,3,-2],2,0,[0,1,1,0],1,0,[0,0,1,-1],1,1},{'A',[0,5,15,-10],3,0,[0,1,3,-2],2,2,[0,1,3,-2],2,0},{'A',[21,31,30,-20],4,0,[0,5,15,-10],3,1,[21,21,0,0],3,0},{'O',[21,31,30,-20],4,[21,31,30,-20],4,0}}
Adder graph: {{'A',[1,1,0,0],1,0,[1,0,0,0],0,0,[0,1,0,0],0,0},{'A',[1,1,0,0],2,1,[1,1,0,0],1,0,[1,1,0,0],1,0},{'A',[1,0,1,0],1,0,[1,0,0,0],0,0,[0,0,1,0],0,0},{'A',[0,0,-2,1],1,0,[0,0,0,1],0,0,[0,0,-1,0],0,1},{'A',[1,0,-3,2],2,0,[1,0,1,0],1,0,[0,0,-2,1],1,1},{'A',[-15,-16,-3,2],3,0,[1,0,-3,2],2,0,[-1,-1,0,0],2,4},{'A',[9,1,-24,16],3,0,[1,0,-3,2],2,3,[1,1,0,0],2,0},{'A',[-21,-31,-30,20],4,0,[-15,-16,-3,2],3,1,[9,1,-24,16],3,0},{'O',[21,31,30,-20],4,[21,31,30,-20],4,0}}
Adder graph: {{'A',[0,0,2,-1],1,0,[0,0,1,0],0,1,[0,0,0,-1],0,0},{'A',[1,1,0,0],1,0,[1,0,0,0],0,0,[0,1,0,0],0,0},{'A',[1,0,1,0],1,0,[1,0,0,0],0,0,[0,0,1,0],0,0},{'A',[-1,0,3,-2],2,0,[0,0,2,-1],1,1,[-1,0,-1,0],1,0},{'A',[2,2,0,0],2,0,[1,1,0,0],1,0,[1,1,0,0],1,0},{'A',[6,2,-12,8],3,0,[2,2,0,0],2,0,[1,0,-3,2],2,2},{'A',[3,4,3,-2],3,0,[-1,0,3,-2],2,0,[2,2,0,0],2,1},{'A',[-21,-31,-30,20],4,1,[6,2,-12,8],3,0,[-3,-4,-3,2],3,4},{'O',[21,31,30,-20],4,[21,31,30,-20],4,0}}
Adder graph: {{'A',[1,1,0,0],1,0,[1,0,0,0],0,0,[0,1,0,0],0,0},{'A',[1,1,0,0],2,0,[1,1,0,0],1,1,[-1,-1,0,0],1,0},{'A',[-1,0,2,0],1,0,[0,0,1,0],0,1,[-1,0,0,0],0,0},{'A',[0,0,-1,2],1,0,[0,0,0,1],0,1,[0,0,-1,0],0,0},{'A',[1,0,-3,2],2,0,[0,0,-1,2],1,0,[1,0,-2,0],1,0},{'A',[3,1,-6,4],3,0,[1,0,-3,2],2,1,[1,1,0,0],2,0},{'A',[3,4,3,-2],3,0,[1,1,0,0],2,2,[-1,0,3,-2],2,0},{'A',[21,31,30,-20],4,0,[3,4,3,-2],3,3,[-3,-1,6,-4],3,0},{'O',[21,31,30,-20],4,[21,31,30,-20],4,0}}
Adder graph: {{'A',[1,1,0,0],1,0,[1,0,0,0],0,0,[0,1,0,0],0,0},{'A',[0,0,2,-1],1,0,[0,0,1,0],0,1,[0,0,0,-1],0,0},{'A',[1,0,1,0],1,0,[0,0,1,0],0,0,[1,0,0,0],0,0},{'A',[1,1,0,0],2,0,[1,1,0,0],1,1,[-1,-1,0,0],1,0},{'A',[-1,0,3,-2],2,0,[0,0,2,-1],1,1,[-1,0,-1,0],1,0},{'A',[3,1,-6,4],3,0,[1,1,0,0],2,0,[1,0,-3,2],2,1},{'A',[3,4,3,-2],3,0,[1,1,0,0],2,2,[-1,0,3,-2],2,0},{'A',[-21,-31,-30,20],4,0,[3,1,-6,4],3,0,[-3,-4,-3,2],3,3},{'O',[21,31,30,-20],4,[21,31,30,-20],4,0}}
Adder graph: {{'A',[0,0,-1,1],1,0,[0,0,0,1],0,0,[0,0,-1,0],0,0},{'A',[-1,0,1,0],1,0,[0,0,1,0],0,0,[-1,0,0,0],0,0},{'A',[0,1,1,0],1,0,[0,0,1,0],0,0,[0,1,0,0],0,0},{'A',[1,1,0,0],2,0,[0,1,1,0],1,0,[1,0,-1,0],1,0},{'A',[-1,0,3,-2],2,0,[-1,0,1,0],1,0,[0,0,1,-1],1,1},{'A',[3,4,3,-2],3,0,[1,1,0,0],2,2,[-1,0,3,-2],2,0},{'A',[-3,-1,6,-4],3,0,[-1,0,3,-2],2,1,[-1,-1,0,0],2,0},{'A',[21,31,30,-20],4,0,[-3,-1,6,-4],3,0,[3,4,3,-2],3,3},{'O',[21,31,30,-20],4,[21,31,30,-20],4,0}}
Finished solving after 45743.7 seconds
Adder graph: {{'A',[0,0,-1,1],1,0,[0,0,0,1],0,0,[0,0,-1,0],0,0},{'A',[-1,0,1,0],1,0,[0,0,1,0],0,0,[-1,0,0,0],0,0},{'A',[0,1,1,0],1,0,[0,0,1,0],0,0,[0,1,0,0],0,0},{'A',[1,1,0,0],2,0,[0,1,1,0],1,0,[1,0,-1,0],1,0},{'A',[-1,0,3,-2],2,0,[-1,0,1,0],1,0,[0,0,1,-1],1,1},{'A',[3,4,3,-2],3,0,[1,1,0,0],2,2,[-1,0,3,-2],2,0},{'A',[-3,-1,6,-4],3,0,[-1,0,3,-2],2,1,[-1,-1,0,0],2,0},{'A',[21,31,30,-20],4,0,[-3,-1,6,-4],3,0,[3,4,3,-2],3,3},{'O',[21,31,30,-20],4,[21,31,30,-20],4,0}}
#Add optimal = 1
#FAs optimal = 1
