Adder graph: {{'A',[0,2,0,0],1,0,[0,1,0,0],0,0,[0,1,0,0],0,0},{'A',[-1,0,0,1],1,0,[0,0,0,1],0,0,[-1,0,0,0],0,0},{'A',[-8,2,0,8],2,0,[0,2,0,0],1,0,[-1,0,0,1],1,3},{'A',[0,0,7,0],1,0,[0,0,1,0],0,3,[0,0,-1,0],0,0},{'A',[-1,0,7,1],2,0,[0,0,7,0],1,0,[-1,0,0,1],1,0},{'A',[28,-7,0,-28],3,1,[-8,2,0,8],2,0,[8,-2,0,-8],2,3},{'A',[-3,0,21,3],3,0,[-1,0,7,1],2,2,[1,0,-7,-1],2,0},{'A',[25,-7,21,-25],4,0,[28,-7,0,-28],3,0,[-3,0,21,3],3,0},{'O',[25,-7,21,-25],4,[25,-7,21,-25],4,0}}
Adder graph: {{'A',[-1,0,0,1],1,0,[0,0,0,1],0,0,[-1,0,0,0],0,0},{'A',[-5,0,0,5],2,0,[-1,0,0,1],1,0,[-1,0,0,1],1,2},{'A',[-25,0,0,25],3,0,[-5,0,0,5],2,2,[-5,0,0,5],2,0},{'A',[0,1,4,0],1,0,[0,0,1,0],0,2,[0,1,0,0],0,0},{'A',[0,0,-7,0],1,0,[0,0,1,0],0,0,[0,0,-1,0],0,3},{'A',[0,1,-3,0],2,0,[0,0,-7,0],1,0,[0,1,4,0],1,0},{'A',[0,7,-21,0],3,0,[0,1,-3,0],2,3,[0,-1,3,0],2,0},{'A',[-25,7,-21,25],4,0,[-25,0,0,25],3,0,[0,7,-21,0],3,0},{'O',[25,-7,21,-25],4,[25,-7,21,-25],4,0}}
Adder graph: {{'A',[0,8,1,0],1,0,[0,1,0,0],0,3,[0,0,1,0],0,0},{'A',[0,16,2,0],2,0,[0,8,1,0],1,0,[0,8,1,0],1,0},{'A',[0,-1,0,1],1,0,[0,0,0,1],0,0,[0,-1,0,0],0,0},{'A',[1,0,1,0],1,0,[1,0,0,0],0,0,[0,0,1,0],0,0},{'A',[1,1,1,-1],2,0,[1,0,1,0],1,0,[0,1,0,-1],1,0},{'A',[-7,-7,-7,7],3,0,[1,1,1,-1],2,0,[-1,-1,-1,1],2,3},{'A',[8,0,7,-8],3,1,[1,1,1,-1],2,4,[0,-16,-2,0],2,0},{'A',[25,-7,21,-25],4,0,[-7,-7,-7,7],3,0,[8,0,7,-8],3,2},{'O',[25,-7,21,-25],4,[25,-7,21,-25],4,0}}
Adder graph: {{'A',[0,-7,0,0],1,0,[0,1,0,0],0,0,[0,-1,0,0],0,3},{'A',[0,0,2,0],1,0,[0,0,1,0],0,0,[0,0,1,0],0,0},{'A',[0,-7,-4,0],2,0,[0,-7,0,0],1,0,[0,0,-2,0],1,1},{'A',[-1,0,0,1],1,0,[0,0,0,1],0,0,[-1,0,0,0],0,0},{'A',[-2,0,-2,2],2,0,[-1,0,0,1],1,1,[0,0,-2,0],1,0},{'A',[3,0,3,-3],3,1,[-2,0,-2,2],2,0,[2,0,2,-2],2,2},{'A',[-1,7,3,1],3,1,[-2,0,-2,2],2,0,[0,7,4,0],2,1},{'A',[25,-7,21,-25],4,0,[3,0,3,-3],3,3,[1,-7,-3,-1],3,0},{'O',[25,-7,21,-25],4,[25,-7,21,-25],4,0}}
Adder graph: {{'A',[0,0,7,0],1,0,[0,0,1,0],0,3,[0,0,-1,0],0,0},{'A',[0,1,1,0],1,0,[0,1,0,0],0,0,[0,0,1,0],0,0},{'A',[1,0,0,-1],1,0,[1,0,0,0],0,0,[0,0,0,-1],0,0},{'A',[1,1,1,-1],2,0,[0,1,1,0],1,0,[1,0,0,-1],1,0},{'A',[8,0,7,-8],2,0,[0,0,7,0],1,0,[1,0,0,-1],1,3},{'A',[6,-2,5,-6],3,0,[8,0,7,-8],2,0,[-1,-1,-1,1],2,1},{'A',[-1,-1,-1,1],3,0,[1,1,1,-1],2,0,[-1,-1,-1,1],2,1},{'A',[25,-7,21,-25],4,0,[6,-2,5,-6],3,2,[1,1,1,-1],3,0},{'O',[25,-7,21,-25],4,[25,-7,21,-25],4,0}}
Adder graph: {{'A',[0,0,1,0],1,1,[0,0,1,0],0,0,[0,0,1,0],0,0},{'A',[-1,0,0,1],1,0,[0,0,0,1],0,0,[-1,0,0,0],0,0},{'A',[0,-7,0,0],1,0,[0,1,0,0],0,0,[0,-1,0,0],0,3},{'A',[-1,0,-1,1],2,0,[-1,0,0,1],1,0,[0,0,-1,0],1,0},{'A',[0,-7,-4,0],2,0,[0,-7,0,0],1,0,[0,0,-1,0],1,2},{'A',[-3,0,-3,3],3,0,[-1,0,-1,1],2,0,[-1,0,-1,1],2,1},{'A',[1,-7,-3,-1],3,0,[0,-7,-4,0],2,0,[1,0,1,-1],2,0},{'A',[-25,7,-21,25],4,0,[-3,0,-3,3],3,3,[-1,7,3,1],3,0},{'O',[25,-7,21,-25],4,[25,-7,21,-25],4,0}}
Adder graph: {{'A',[1,0,0,-1],1,0,[1,0,0,0],0,0,[0,0,0,-1],0,0},{'A',[0,1,1,0],1,0,[0,0,1,0],0,0,[0,1,0,0],0,0},{'A',[5,0,0,-5],2,0,[1,0,0,-1],1,0,[1,0,0,-1],1,2},{'A',[0,0,1,0],1,1,[0,0,1,0],0,0,[0,0,1,0],0,0},{'A',[0,1,-3,0],2,0,[0,1,1,0],1,0,[0,0,-1,0],1,2},{'A',[5,1,-3,-5],3,0,[0,1,-3,0],2,0,[5,0,0,-5],2,0},{'A',[-5,2,-6,5],3,0,[0,1,-3,0],2,1,[-5,0,0,5],2,0},{'A',[-25,7,-21,25],4,0,[-5,2,-6,5],3,2,[-5,-1,3,5],3,0},{'O',[25,-7,21,-25],4,[25,-7,21,-25],4,0}}
Finished solving after 53590.6 seconds
Adder graph: {{'A',[1,0,0,-1],1,0,[1,0,0,0],0,0,[0,0,0,-1],0,0},{'A',[0,1,1,0],1,0,[0,0,1,0],0,0,[0,1,0,0],0,0},{'A',[5,0,0,-5],2,0,[1,0,0,-1],1,0,[1,0,0,-1],1,2},{'A',[0,0,1,0],1,1,[0,0,1,0],0,0,[0,0,1,0],0,0},{'A',[0,1,-3,0],2,0,[0,1,1,0],1,0,[0,0,-1,0],1,2},{'A',[5,1,-3,-5],3,0,[0,1,-3,0],2,0,[5,0,0,-5],2,0},{'A',[-5,2,-6,5],3,0,[0,1,-3,0],2,1,[-5,0,0,5],2,0},{'A',[-25,7,-21,25],4,0,[-5,2,-6,5],3,2,[-5,-1,3,5],3,0},{'O',[25,-7,21,-25],4,[25,-7,21,-25],4,0}}
#Add optimal = 1
#FAs optimal = 0
