Adder graph: {{'A',[0,0,0,1,0,1,0,0],1,0,[0,0,0,0,0,1,0,0],0,0,[0,0,0,1,0,0,0,0],0,0},{'A',[0,1,0,8,0,8,0,0],2,0,[0,0,0,1,0,1,0,0],1,3,[0,1,0,0,0,0,0,0],0,0},{'A',[0,1,0,8,0,8,0,8],3,0,[0,1,0,8,0,8,0,0],2,0,[0,0,0,0,0,0,0,1],0,3},{'A',[0,0,1,0,0,0,2,0],1,0,[0,0,1,0,0,0,0,0],0,0,[0,0,0,0,0,0,1,0],0,1},{'A',[0,-1,1,-8,0,-8,2,-8],4,0,[0,0,1,0,0,0,2,0],1,0,[0,-1,0,-8,0,-8,0,-8],3,0},{'A',[1,1,-1,8,0,8,-2,8],5,0,[1,0,0,0,0,0,0,0],0,0,[0,1,-1,8,0,8,-2,8],4,0},{'A',[0,0,0,0,1,0,0,-2],1,0,[0,0,0,0,1,0,0,0],0,0,[0,0,0,0,0,0,0,-1],0,1},{'A',[1,1,-1,8,1,8,-2,6],6,0,[0,0,0,0,1,0,0,-2],1,0,[1,1,-1,8,0,8,-2,8],5,0},{'O',[-1,-1,1,-8,-1,-8,2,-6],6,[-1,-1,1,-8,-1,-8,2,-6],6,0}}
Adder graph: {{'A',[0,1,0,0,1,0,0,0],1,0,[0,0,0,0,1,0,0,0],0,0,[0,1,0,0,0,0,0,0],0,0},{'A',[0,0,0,0,0,0,1,1],1,0,[0,0,0,0,0,0,0,1],0,0,[0,0,0,0,0,0,1,0],0,0},{'A',[0,-1,0,0,-1,0,2,2],2,0,[0,0,0,0,0,0,1,1],1,1,[0,-1,0,0,-1,0,0,0],1,0},{'A',[0,0,0,1,0,0,0,1],1,0,[0,0,0,1,0,0,0,0],0,0,[0,0,0,0,0,0,0,1],0,0},{'A',[1,1,0,0,1,0,-2,-2],3,0,[1,0,0,0,0,0,0,0],0,0,[0,1,0,0,1,0,-2,-2],2,0},{'A',[0,0,1,0,0,-8,0,0],1,0,[0,0,1,0,0,0,0,0],0,0,[0,0,0,0,0,-1,0,0],0,3},{'A',[0,0,-1,8,0,8,0,8],2,0,[0,0,0,1,0,0,0,1],1,3,[0,0,-1,0,0,8,0,0],1,0},{'A',[1,1,-1,8,1,8,-2,6],4,0,[1,1,0,0,1,0,-2,-2],3,0,[0,0,-1,8,0,8,0,8],2,0},{'O',[-1,-1,1,-8,-1,-8,2,-6],4,[-1,-1,1,-8,-1,-8,2,-6],4,0}}
Adder graph: {{'A',[1,0,0,0,0,0,-2,0],1,0,[1,0,0,0,0,0,0,0],0,0,[0,0,0,0,0,0,-1,0],0,1},{'A',[0,1,-1,0,0,0,0,0],1,0,[0,1,0,0,0,0,0,0],0,0,[0,0,-1,0,0,0,0,0],0,0},{'A',[0,0,0,0,1,8,0,0],1,0,[0,0,0,0,1,0,0,0],0,0,[0,0,0,0,0,1,0,0],0,3},{'A',[0,1,-1,0,0,0,0,4],2,0,[0,1,-1,0,0,0,0,0],1,0,[0,0,0,0,0,0,0,1],0,2},{'A',[1,0,0,0,0,0,-2,2],2,0,[0,0,0,0,0,0,0,1],0,1,[1,0,0,0,0,0,-2,0],1,0},{'A',[0,1,-1,0,1,8,0,4],3,0,[0,0,0,0,1,8,0,0],1,0,[0,1,-1,0,0,0,0,4],2,0},{'A',[1,0,0,8,0,0,-2,2],3,0,[0,0,0,1,0,0,0,0],0,3,[1,0,0,0,0,0,-2,2],2,0},{'A',[1,1,-1,8,1,8,-2,6],4,0,[0,1,-1,0,1,8,0,4],3,0,[1,0,0,8,0,0,-2,2],3,0},{'O',[-1,-1,1,-8,-1,-8,2,-6],4,[-1,-1,1,-8,-1,-8,2,-6],4,0}}
Adder graph: {{'A',[0,0,0,0,0,0,0,-3],1,0,[0,0,0,0,0,0,0,1],0,0,[0,0,0,0,0,0,0,-1],0,2},{'A',[0,0,0,1,0,1,0,0],1,0,[0,0,0,1,0,0,0,0],0,0,[0,0,0,0,0,1,0,0],0,0},{'A',[0,-1,1,0,0,0,0,0],1,0,[0,0,1,0,0,0,0,0],0,0,[0,-1,0,0,0,0,0,0],0,0},{'A',[0,-1,1,0,0,0,0,-6],2,0,[0,-1,1,0,0,0,0,0],1,0,[0,0,0,0,0,0,0,-3],1,1},{'A',[-1,0,0,0,0,0,2,0],1,0,[0,0,0,0,0,0,1,0],0,1,[-1,0,0,0,0,0,0,0],0,0},{'A',[1,0,0,0,1,0,-2,0],2,0,[0,0,0,0,1,0,0,0],0,0,[1,0,0,0,0,0,-2,0],1,0},{'A',[1,0,0,8,1,8,-2,0],3,0,[0,0,0,1,0,1,0,0],1,3,[1,0,0,0,1,0,-2,0],2,0},{'A',[-1,-1,1,-8,-1,-8,2,-6],4,0,[0,-1,1,0,0,0,0,-6],2,0,[-1,0,0,-8,-1,-8,2,0],3,0},{'O',[-1,-1,1,-8,-1,-8,2,-6],4,[-1,-1,1,-8,-1,-8,2,-6],4,0}}
Adder graph: {{'A',[1,0,0,0,1,0,0,0],1,0,[0,0,0,0,1,0,0,0],0,0,[1,0,0,0,0,0,0,0],0,0},{'A',[0,-1,1,0,0,0,0,0],1,0,[0,0,1,0,0,0,0,0],0,0,[0,-1,0,0,0,0,0,0],0,0},{'A',[1,1,-1,0,1,0,0,0],2,0,[1,0,0,0,1,0,0,0],1,0,[0,1,-1,0,0,0,0,0],1,0},{'A',[0,0,0,1,0,0,0,1],1,0,[0,0,0,1,0,0,0,0],0,0,[0,0,0,0,0,0,0,1],0,0},{'A',[0,0,0,1,0,1,0,1],2,0,[0,0,0,0,0,1,0,0],0,0,[0,0,0,1,0,0,0,1],1,0},{'A',[0,0,0,0,0,0,1,1],1,0,[0,0,0,0,0,0,1,0],0,0,[0,0,0,0,0,0,0,1],0,0},{'A',[1,1,-1,8,1,8,0,8],3,0,[0,0,0,1,0,1,0,1],2,3,[1,1,-1,0,1,0,0,0],2,0},{'A',[1,1,-1,8,1,8,-2,6],4,0,[1,1,-1,8,1,8,0,8],3,0,[0,0,0,0,0,0,-1,-1],1,1},{'O',[-1,-1,1,-8,-1,-8,2,-6],4,[-1,-1,1,-8,-1,-8,2,-6],4,0}}
Adder graph: {{'A',[1,0,-1,0,0,0,0,0],1,0,[1,0,0,0,0,0,0,0],0,0,[0,0,-1,0,0,0,0,0],0,0},{'A',[1,0,-1,0,0,0,-2,0],2,0,[1,0,-1,0,0,0,0,0],1,0,[0,0,0,0,0,0,-1,0],0,1},{'A',[0,0,0,0,1,0,0,-2],1,0,[0,0,0,0,1,0,0,0],0,0,[0,0,0,0,0,0,0,-1],0,1},{'A',[0,0,0,0,1,0,0,6],2,0,[0,0,0,0,1,0,0,-2],1,0,[0,0,0,0,0,0,0,1],0,3},{'A',[1,0,-1,8,0,0,-2,0],3,0,[0,0,0,1,0,0,0,0],0,3,[1,0,-1,0,0,0,-2,0],2,0},{'A',[0,1,0,0,1,0,0,6],3,0,[0,1,0,0,0,0,0,0],0,0,[0,0,0,0,1,0,0,6],2,0},{'A',[0,1,0,0,1,8,0,6],4,0,[0,1,0,0,1,0,0,6],3,0,[0,0,0,0,0,1,0,0],0,3},{'A',[1,1,-1,8,1,8,-2,6],5,0,[0,1,0,0,1,8,0,6],4,0,[1,0,-1,8,0,0,-2,0],3,0},{'O',[-1,-1,1,-8,-1,-8,2,-6],5,[-1,-1,1,-8,-1,-8,2,-6],5,0}}
Adder graph: {{'A',[0,0,1,0,0,0,2,0],1,0,[0,0,1,0,0,0,0,0],0,0,[0,0,0,0,0,0,1,0],0,1},{'A',[1,0,0,0,1,0,0,0],1,0,[1,0,0,0,0,0,0,0],0,0,[0,0,0,0,1,0,0,0],0,0},{'A',[0,-1,1,0,0,0,2,0],2,0,[0,0,1,0,0,0,2,0],1,0,[0,-1,0,0,0,0,0,0],0,0},{'A',[1,0,0,0,1,0,0,-2],2,0,[1,0,0,0,1,0,0,0],1,0,[0,0,0,0,0,0,0,-1],0,1},{'A',[1,0,0,0,1,0,0,6],3,0,[0,0,0,0,0,0,0,1],0,3,[1,0,0,0,1,0,0,-2],2,0},{'A',[1,1,-1,0,1,0,-2,6],4,0,[1,0,0,0,1,0,0,6],3,0,[0,1,-1,0,0,0,-2,0],2,0},{'A',[0,0,0,1,0,1,0,0],1,0,[0,0,0,0,0,1,0,0],0,0,[0,0,0,1,0,0,0,0],0,0},{'A',[1,1,-1,8,1,8,-2,6],5,0,[0,0,0,1,0,1,0,0],1,3,[1,1,-1,0,1,0,-2,6],4,0},{'O',[-1,-1,1,-8,-1,-8,2,-6],5,[-1,-1,1,-8,-1,-8,2,-6],5,0}}
Adder graph: {{'A',[0,-1,1,0,0,0,0,0],1,0,[0,0,1,0,0,0,0,0],0,0,[0,-1,0,0,0,0,0,0],0,0},{'A',[0,-1,1,0,0,0,0,2],2,0,[0,-1,1,0,0,0,0,0],1,0,[0,0,0,0,0,0,0,1],0,1},{'A',[1,0,0,0,1,0,0,0],1,0,[1,0,0,0,0,0,0,0],0,0,[0,0,0,0,1,0,0,0],0,0},{'A',[0,0,0,1,0,1,0,0],1,0,[0,0,0,0,0,1,0,0],0,0,[0,0,0,1,0,0,0,0],0,0},{'A',[1,0,0,0,1,0,-2,0],2,0,[1,0,0,0,1,0,0,0],1,0,[0,0,0,0,0,0,-1,0],0,1},{'A',[0,-1,1,0,0,0,0,-6],3,0,[0,-1,1,0,0,0,0,2],2,0,[0,0,0,0,0,0,0,-1],0,3},{'A',[-1,-1,1,0,-1,0,2,-6],4,0,[0,-1,1,0,0,0,0,-6],3,0,[-1,0,0,0,-1,0,2,0],2,0},{'A',[-1,-1,1,-8,-1,-8,2,-6],5,0,[-1,-1,1,0,-1,0,2,-6],4,0,[0,0,0,-1,0,-1,0,0],1,3},{'O',[-1,-1,1,-8,-1,-8,2,-6],5,[-1,-1,1,-8,-1,-8,2,-6],5,0}}
Finished solving after 48076.8 seconds
Adder graph: {{'A',[0,-1,1,0,0,0,0,0],1,0,[0,0,1,0,0,0,0,0],0,0,[0,-1,0,0,0,0,0,0],0,0},{'A',[0,-1,1,0,0,0,0,2],2,0,[0,-1,1,0,0,0,0,0],1,0,[0,0,0,0,0,0,0,1],0,1},{'A',[1,0,0,0,1,0,0,0],1,0,[1,0,0,0,0,0,0,0],0,0,[0,0,0,0,1,0,0,0],0,0},{'A',[0,0,0,1,0,1,0,0],1,0,[0,0,0,0,0,1,0,0],0,0,[0,0,0,1,0,0,0,0],0,0},{'A',[1,0,0,0,1,0,-2,0],2,0,[1,0,0,0,1,0,0,0],1,0,[0,0,0,0,0,0,-1,0],0,1},{'A',[0,-1,1,0,0,0,0,-6],3,0,[0,-1,1,0,0,0,0,2],2,0,[0,0,0,0,0,0,0,-1],0,3},{'A',[-1,-1,1,0,-1,0,2,-6],4,0,[0,-1,1,0,0,0,0,-6],3,0,[-1,0,0,0,-1,0,2,0],2,0},{'A',[-1,-1,1,-8,-1,-8,2,-6],5,0,[-1,-1,1,0,-1,0,2,-6],4,0,[0,0,0,-1,0,-1,0,0],1,3},{'O',[-1,-1,1,-8,-1,-8,2,-6],5,[-1,-1,1,-8,-1,-8,2,-6],5,0}}
#Add optimal = 1
#FAs optimal = 0
