Adder graph: {{'A',[0,0,0,1,-1,0,0,0],1,0,[0,0,0,1,0,0,0,0],0,0,[0,0,0,0,-1,0,0,0],0,0},{'A',[0,0,0,0,0,-1,0,4],1,0,[0,0,0,0,0,0,0,1],0,2,[0,0,0,0,0,-1,0,0],0,0},{'A',[0,0,0,-1,1,0,1,0],2,0,[0,0,0,0,0,0,1,0],0,0,[0,0,0,-1,1,0,0,0],1,0},{'A',[0,0,0,-1,1,1,1,0],3,0,[0,0,0,0,0,1,0,0],0,0,[0,0,0,-1,1,0,1,0],2,0},{'A',[0,0,0,7,-7,1,-7,0],4,0,[0,0,0,-1,1,1,1,0],3,0,[0,0,0,1,-1,0,-1,0],2,3},{'A',[1,-4,0,0,0,0,0,0],1,0,[1,0,0,0,0,0,0,0],0,0,[0,-1,0,0,0,0,0,0],0,2},{'A',[0,0,-4,7,-7,1,-7,0],5,0,[0,0,0,7,-7,1,-7,0],4,0,[0,0,-1,0,0,0,0,0],0,2},{'A',[-1,4,-4,7,-7,1,-7,0],6,0,[0,0,-4,7,-7,1,-7,0],5,0,[-1,4,0,0,0,0,0,0],1,0},{'A',[1,-4,4,-7,7,-3,7,8],7,0,[0,0,0,0,0,-1,0,4],1,1,[1,-4,4,-7,7,-1,7,0],6,0},{'O',[-1,4,-4,7,-7,3,-7,-8],7,[-1,4,-4,7,-7,3,-7,-8],7,0}}
Adder graph: {{'A',[0,0,0,0,1,0,1,0],1,0,[0,0,0,0,1,0,0,0],0,0,[0,0,0,0,0,0,1,0],0,0},{'A',[1,0,4,0,0,0,0,0],1,0,[1,0,0,0,0,0,0,0],0,0,[0,0,1,0,0,0,0,0],0,2},{'A',[1,0,4,0,0,-4,0,0],2,0,[1,0,4,0,0,0,0,0],1,0,[0,0,0,0,0,-1,0,0],0,2},{'A',[0,0,0,-1,1,0,1,0],2,0,[0,0,0,0,1,0,1,0],1,0,[0,0,0,-1,0,0,0,0],0,0},{'A',[0,0,0,-8,8,1,8,0],3,0,[0,0,0,-1,1,0,1,0],2,3,[0,0,0,0,0,1,0,0],0,0},{'A',[1,-4,4,0,0,-4,0,0],3,0,[1,0,4,0,0,-4,0,0],2,0,[0,-1,0,0,0,0,0,0],0,2},{'A',[0,0,0,7,-7,-1,-7,0],4,0,[0,0,0,-1,1,0,1,0],2,0,[0,0,0,8,-8,-1,-8,0],3,0},{'A',[1,-4,4,-7,7,-3,7,0],5,0,[1,-4,4,0,0,-4,0,0],3,0,[0,0,0,-7,7,1,7,0],4,0},{'A',[1,-4,4,-7,7,-3,7,8],6,0,[1,-4,4,-7,7,-3,7,0],5,0,[0,0,0,0,0,0,0,1],0,3},{'O',[-1,4,-4,7,-7,3,-7,-8],6,[-1,4,-4,7,-7,3,-7,-8],6,0}}
Adder graph: {{'A',[0,0,0,-1,0,0,1,0],1,0,[0,0,0,0,0,0,1,0],0,0,[0,0,0,-1,0,0,0,0],0,0},{'A',[1,0,0,0,0,-2,0,0],1,0,[1,0,0,0,0,0,0,0],0,0,[0,0,0,0,0,-1,0,0],0,1},{'A',[1,0,0,0,0,-3,0,0],2,0,[1,0,0,0,0,-2,0,0],1,0,[0,0,0,0,0,-1,0,0],0,0},{'A',[0,0,0,-1,1,0,1,0],2,0,[0,0,0,-1,0,0,1,0],1,0,[0,0,0,0,1,0,0,0],0,0},{'A',[0,0,0,-1,1,0,1,1],3,0,[0,0,0,0,0,0,0,1],0,0,[0,0,0,-1,1,0,1,0],2,0},{'A',[0,0,1,-2,2,0,2,2],4,0,[0,0,1,0,0,0,0,0],0,0,[0,0,0,-1,1,0,1,1],3,1},{'A',[1,-4,0,0,0,-3,0,0],3,0,[1,0,0,0,0,-3,0,0],2,0,[0,-1,0,0,0,0,0,0],0,2},{'A',[0,0,-4,7,-7,0,-7,-8],5,0,[0,0,0,-1,1,0,1,0],2,0,[0,0,-1,2,-2,0,-2,-2],4,2},{'A',[-1,4,-4,7,-7,3,-7,-8],6,0,[0,0,-4,7,-7,0,-7,-8],5,0,[-1,4,0,0,0,3,0,0],3,0},{'O',[-1,4,-4,7,-7,3,-7,-8],6,[-1,4,-4,7,-7,3,-7,-8],6,0}}
Adder graph: {{'A',[0,4,0,0,0,1,0,0],1,0,[0,1,0,0,0,0,0,0],0,2,[0,0,0,0,0,1,0,0],0,0},{'A',[-1,0,0,0,0,2,0,0],1,0,[0,0,0,0,0,1,0,0],0,1,[-1,0,0,0,0,0,0,0],0,0},{'A',[-1,4,0,0,0,3,0,0],2,0,[-1,0,0,0,0,2,0,0],1,0,[0,4,0,0,0,1,0,0],1,0},{'A',[-1,4,-4,0,0,3,0,0],3,0,[-1,4,0,0,0,3,0,0],2,0,[0,0,-1,0,0,0,0,0],0,2},{'A',[0,0,0,0,1,0,1,0],1,0,[0,0,0,0,0,0,1,0],0,0,[0,0,0,0,1,0,0,0],0,0},{'A',[0,0,0,1,-1,0,-1,0],2,0,[0,0,0,1,0,0,0,0],0,0,[0,0,0,0,-1,0,-1,0],1,0},{'A',[0,0,0,-1,1,0,1,1],3,0,[0,0,0,0,0,0,0,1],0,0,[0,0,0,-1,1,0,1,0],2,0},{'A',[-1,4,-4,-1,1,3,1,0],4,0,[-1,4,-4,0,0,3,0,0],3,0,[0,0,0,-1,1,0,1,0],2,0},{'A',[-1,4,-4,7,-7,3,-7,-8],5,0,[-1,4,-4,-1,1,3,1,0],4,0,[0,0,0,1,-1,0,-1,-1],3,3},{'O',[-1,4,-4,7,-7,3,-7,-8],5,[-1,4,-4,7,-7,3,-7,-8],5,0}}
Adder graph: {{'A',[0,0,0,-1,1,0,0,0],1,0,[0,0,0,0,1,0,0,0],0,0,[0,0,0,-1,0,0,0,0],0,0},{'A',[1,0,0,0,0,1,0,0],1,0,[1,0,0,0,0,0,0,0],0,0,[0,0,0,0,0,1,0,0],0,0},{'A',[0,0,0,-1,1,0,1,0],2,0,[0,0,0,-1,1,0,0,0],1,0,[0,0,0,0,0,0,1,0],0,0},{'A',[1,0,0,1,-1,1,-1,0],3,0,[1,0,0,0,0,1,0,0],1,0,[0,0,0,1,-1,0,-1,0],2,0},{'A',[0,0,1,0,0,-1,0,0],1,0,[0,0,1,0,0,0,0,0],0,0,[0,0,0,0,0,-1,0,0],0,0},{'A',[0,1,0,2,-2,0,-2,0],3,0,[0,1,0,0,0,0,0,0],0,0,[0,0,0,1,-1,0,-1,0],2,1},{'A',[0,0,1,0,0,-1,0,2],2,0,[0,0,0,0,0,0,0,1],0,1,[0,0,1,0,0,-1,0,0],1,0},{'A',[0,1,-1,2,-2,1,-2,-2],4,0,[0,1,0,2,-2,0,-2,0],3,0,[0,0,-1,0,0,1,0,-2],2,0},{'A',[1,-4,4,-7,7,-3,7,8],5,0,[1,0,0,1,-1,1,-1,0],3,0,[0,-1,1,-2,2,-1,2,2],4,2},{'O',[-1,4,-4,7,-7,3,-7,-8],5,[-1,4,-4,7,-7,3,-7,-8],5,0}}
Adder graph: {{'A',[0,0,1,0,0,-1,0,0],1,0,[0,0,1,0,0,0,0,0],0,0,[0,0,0,0,0,-1,0,0],0,0},{'A',[0,0,0,1,-1,0,0,0],1,0,[0,0,0,1,0,0,0,0],0,0,[0,0,0,0,-1,0,0,0],0,0},{'A',[0,0,4,0,0,-3,0,0],2,0,[0,0,0,0,0,1,0,0],0,0,[0,0,1,0,0,-1,0,0],1,2},{'A',[1,-4,0,0,0,0,0,0],1,0,[1,0,0,0,0,0,0,0],0,0,[0,-1,0,0,0,0,0,0],0,2},{'A',[0,0,0,-1,1,0,1,0],2,0,[0,0,0,0,0,0,1,0],0,0,[0,0,0,-1,1,0,0,0],1,0},{'A',[0,0,4,0,0,-3,0,8],3,0,[0,0,4,0,0,-3,0,0],2,0,[0,0,0,0,0,0,0,1],0,3},{'A',[-1,4,0,-1,1,0,1,0],3,0,[0,0,0,-1,1,0,1,0],2,0,[-1,4,0,0,0,0,0,0],1,0},{'A',[-1,4,0,7,-7,0,-7,0],4,0,[-1,4,0,-1,1,0,1,0],3,0,[0,0,0,1,-1,0,-1,0],2,3},{'A',[1,-4,4,-7,7,-3,7,8],5,0,[0,0,4,0,0,-3,0,8],3,0,[1,-4,0,-7,7,0,7,0],4,0},{'O',[-1,4,-4,7,-7,3,-7,-8],5,[-1,4,-4,7,-7,3,-7,-8],5,0}}
Adder graph: {{'A',[0,0,0,1,0,0,-1,0],1,0,[0,0,0,1,0,0,0,0],0,0,[0,0,0,0,0,0,-1,0],0,0},{'A',[0,1,-1,0,0,0,0,0],1,0,[0,1,0,0,0,0,0,0],0,0,[0,0,-1,0,0,0,0,0],0,0},{'A',[0,0,0,-1,1,0,1,0],2,0,[0,0,0,0,1,0,0,0],0,0,[0,0,0,-1,0,0,1,0],1,0},{'A',[1,0,0,0,0,1,0,0],1,0,[0,0,0,0,0,1,0,0],0,0,[1,0,0,0,0,0,0,0],0,0},{'A',[-1,0,0,-1,1,-1,1,0],3,0,[0,0,0,-1,1,0,1,0],2,0,[-1,0,0,0,0,-1,0,0],1,0},{'A',[-1,0,0,-1,1,3,1,0],4,0,[-1,0,0,-1,1,-1,1,0],3,0,[0,0,0,0,0,1,0,0],0,2},{'A',[0,1,-1,0,0,0,0,-2],2,0,[0,1,-1,0,0,0,0,0],1,0,[0,0,0,0,0,0,0,-1],0,1},{'A',[0,1,-1,2,-2,0,-2,-2],3,0,[0,1,-1,0,0,0,0,-2],2,0,[0,0,0,1,-1,0,-1,0],2,1},{'A',[-1,4,-4,7,-7,3,-7,-8],5,0,[0,1,-1,2,-2,0,-2,-2],3,2,[-1,0,0,-1,1,3,1,0],4,0},{'O',[-1,4,-4,7,-7,3,-7,-8],5,[-1,4,-4,7,-7,3,-7,-8],5,0}}
Adder graph: {{'A',[0,0,0,0,1,0,1,0],1,0,[0,0,0,0,1,0,0,0],0,0,[0,0,0,0,0,0,1,0],0,0},{'A',[0,0,0,-1,1,0,1,0],2,0,[0,0,0,0,1,0,1,0],1,0,[0,0,0,-1,0,0,0,0],0,0},{'A',[0,0,-4,-1,1,0,1,0],3,0,[0,0,0,-1,1,0,1,0],2,0,[0,0,-1,0,0,0,0,0],0,2},{'A',[1,0,0,0,0,1,0,0],1,0,[0,0,0,0,0,1,0,0],0,0,[1,0,0,0,0,0,0,0],0,0},{'A',[0,4,-4,-1,1,0,1,0],4,0,[0,1,0,0,0,0,0,0],0,2,[0,0,-4,-1,1,0,1,0],3,0},{'A',[1,0,0,0,0,-3,0,0],2,0,[1,0,0,0,0,1,0,0],1,0,[0,0,0,0,0,-1,0,0],0,2},{'A',[-1,4,-4,-1,1,3,1,0],5,0,[0,4,-4,-1,1,0,1,0],4,0,[-1,0,0,0,0,3,0,0],2,0},{'A',[-1,4,-4,-1,1,3,1,-8],6,0,[-1,4,-4,-1,1,3,1,0],5,0,[0,0,0,0,0,0,0,-1],0,3},{'A',[-1,4,-4,7,-7,3,-7,-8],7,0,[-1,4,-4,-1,1,3,1,-8],6,0,[0,0,0,1,-1,0,-1,0],2,3},{'O',[-1,4,-4,7,-7,3,-7,-8],7,[-1,4,-4,7,-7,3,-7,-8],7,0}}
Adder graph: {{'A',[1,0,0,0,0,1,0,0],1,0,[1,0,0,0,0,0,0,0],0,0,[0,0,0,0,0,1,0,0],0,0},{'A',[0,-1,1,0,0,0,0,0],1,0,[0,0,1,0,0,0,0,0],0,0,[0,-1,0,0,0,0,0,0],0,0},{'A',[0,0,0,-1,1,0,0,0],1,0,[0,0,0,0,1,0,0,0],0,0,[0,0,0,-1,0,0,0,0],0,0},{'A',[0,0,0,-1,1,0,1,0],2,0,[0,0,0,-1,1,0,0,0],1,0,[0,0,0,0,0,0,1,0],0,0},{'A',[1,0,0,0,0,-3,0,0],2,0,[1,0,0,0,0,1,0,0],1,0,[0,0,0,0,0,-1,0,0],0,2},{'A',[-1,0,0,-1,1,3,1,0],3,0,[0,0,0,-1,1,0,1,0],2,0,[-1,0,0,0,0,3,0,0],2,0},{'A',[-1,0,0,7,-7,3,-7,0],4,0,[-1,0,0,-1,1,3,1,0],3,0,[0,0,0,1,-1,0,-1,0],2,3},{'A',[0,-1,1,0,0,0,0,2],2,0,[0,-1,1,0,0,0,0,0],1,0,[0,0,0,0,0,0,0,1],0,1},{'A',[-1,4,-4,7,-7,3,-7,-8],5,0,[-1,0,0,7,-7,3,-7,0],4,0,[0,1,-1,0,0,0,0,-2],2,2},{'O',[-1,4,-4,7,-7,3,-7,-8],5,[-1,4,-4,7,-7,3,-7,-8],5,0}}
Finished solving after 66758.7 seconds
Adder graph: {{'A',[1,0,0,0,0,1,0,0],1,0,[1,0,0,0,0,0,0,0],0,0,[0,0,0,0,0,1,0,0],0,0},{'A',[0,-1,1,0,0,0,0,0],1,0,[0,0,1,0,0,0,0,0],0,0,[0,-1,0,0,0,0,0,0],0,0},{'A',[0,0,0,-1,1,0,0,0],1,0,[0,0,0,0,1,0,0,0],0,0,[0,0,0,-1,0,0,0,0],0,0},{'A',[0,0,0,-1,1,0,1,0],2,0,[0,0,0,-1,1,0,0,0],1,0,[0,0,0,0,0,0,1,0],0,0},{'A',[1,0,0,0,0,-3,0,0],2,0,[1,0,0,0,0,1,0,0],1,0,[0,0,0,0,0,-1,0,0],0,2},{'A',[-1,0,0,-1,1,3,1,0],3,0,[0,0,0,-1,1,0,1,0],2,0,[-1,0,0,0,0,3,0,0],2,0},{'A',[-1,0,0,7,-7,3,-7,0],4,0,[-1,0,0,-1,1,3,1,0],3,0,[0,0,0,1,-1,0,-1,0],2,3},{'A',[0,-1,1,0,0,0,0,2],2,0,[0,-1,1,0,0,0,0,0],1,0,[0,0,0,0,0,0,0,1],0,1},{'A',[-1,4,-4,7,-7,3,-7,-8],5,0,[-1,0,0,7,-7,3,-7,0],4,0,[0,1,-1,0,0,0,0,-2],2,2},{'O',[-1,4,-4,7,-7,3,-7,-8],5,[-1,4,-4,7,-7,3,-7,-8],5,0}}
#Add optimal = 1
#FAs optimal = 0
