Adder graph: {{'A',[0,2,0,0,0,0,1,0],1,0,[0,1,0,0,0,0,0,0],0,1,[0,0,0,0,0,0,1,0],0,0},{'A',[0,0,0,0,0,2,0,-1],1,0,[0,0,0,0,0,1,0,0],0,1,[0,0,0,0,0,0,0,-1],0,0},{'A',[0,-2,0,0,0,2,-1,-1],2,0,[0,0,0,0,0,2,0,-1],1,0,[0,-2,0,0,0,0,-1,0],1,0},{'A',[0,-2,0,1,0,0,-1,0],2,0,[0,0,0,1,0,0,0,0],0,0,[0,-2,0,0,0,0,-1,0],1,0},{'A',[0,2,0,0,1,-2,1,1],3,0,[0,0,0,0,1,0,0,0],0,0,[0,2,0,0,0,-2,1,1],2,0},{'A',[0,-2,-1,1,0,0,-1,0],3,0,[0,-2,0,1,0,0,-1,0],2,0,[0,0,-1,0,0,0,0,0],0,0},{'A',[1,2,1,-1,0,0,1,0],4,0,[1,0,0,0,0,0,0,0],0,0,[0,2,1,-1,0,0,1,0],3,0},{'A',[1,-6,1,-1,-4,8,-3,-4],5,0,[1,2,1,-1,0,0,1,0],4,0,[0,-2,0,0,-1,2,-1,-1],3,2},{'O',[-1,6,-1,1,4,-8,3,4],5,[-1,6,-1,1,4,-8,3,4],5,0}}
Adder graph: {{'A',[1,0,0,0,0,0,0,-4],1,0,[1,0,0,0,0,0,0,0],0,0,[0,0,0,0,0,0,0,-1],0,2},{'A',[1,0,0,0,0,8,0,-4],2,0,[1,0,0,0,0,0,0,-4],1,0,[0,0,0,0,0,1,0,0],0,3},{'A',[0,0,0,1,4,0,0,0],1,0,[0,0,0,0,1,0,0,0],0,2,[0,0,0,1,0,0,0,0],0,0},{'A',[0,2,0,0,0,0,1,0],1,0,[0,0,0,0,0,0,1,0],0,0,[0,1,0,0,0,0,0,0],0,1},{'A',[0,-2,0,1,4,0,-1,0],2,0,[0,0,0,1,4,0,0,0],1,0,[0,-2,0,0,0,0,-1,0],1,0},{'A',[1,-8,0,0,0,8,-4,-4],3,0,[1,0,0,0,0,8,0,-4],2,0,[0,-2,0,0,0,0,-1,0],1,2},{'A',[0,-2,-1,1,4,0,-1,0],3,0,[0,-2,0,1,4,0,-1,0],2,0,[0,0,-1,0,0,0,0,0],0,0},{'A',[-1,6,-1,1,4,-8,3,4],4,0,[0,-2,-1,1,4,0,-1,0],3,0,[-1,8,0,0,0,-8,4,4],3,0},{'O',[-1,6,-1,1,4,-8,3,4],4,[-1,6,-1,1,4,-8,3,4],4,0}}
Adder graph: {{'A',[0,2,0,0,0,0,1,0],1,0,[0,0,0,0,0,0,1,0],0,0,[0,1,0,0,0,0,0,0],0,1},{'A',[0,-6,0,0,0,0,-3,0],2,0,[0,2,0,0,0,0,1,0],1,0,[0,-2,0,0,0,0,-1,0],1,2},{'A',[0,-6,0,0,-4,0,-3,0],3,0,[0,-6,0,0,0,0,-3,0],2,0,[0,0,0,0,-1,0,0,0],0,2},{'A',[1,0,1,0,0,0,0,0],1,0,[0,0,1,0,0,0,0,0],0,0,[1,0,0,0,0,0,0,0],0,0},{'A',[1,-6,1,0,-4,0,-3,0],4,0,[1,0,1,0,0,0,0,0],1,0,[0,-6,0,0,-4,0,-3,0],3,0},{'A',[0,0,0,1,0,0,0,4],1,0,[0,0,0,0,0,0,0,1],0,2,[0,0,0,1,0,0,0,0],0,0},{'A',[1,-6,1,0,-4,8,-3,0],5,0,[1,-6,1,0,-4,0,-3,0],4,0,[0,0,0,0,0,1,0,0],0,3},{'A',[1,-6,1,-1,-4,8,-3,-4],6,0,[1,-6,1,0,-4,8,-3,0],5,0,[0,0,0,-1,0,0,0,-4],1,0},{'O',[-1,6,-1,1,4,-8,3,4],6,[-1,6,-1,1,4,-8,3,4],6,0}}
Adder graph: {{'A',[1,0,0,0,0,0,0,-4],1,0,[1,0,0,0,0,0,0,0],0,0,[0,0,0,0,0,0,0,-1],0,2},{'A',[0,2,0,0,0,0,1,0],1,0,[0,1,0,0,0,0,0,0],0,1,[0,0,0,0,0,0,1,0],0,0},{'A',[0,0,-1,1,0,0,0,0],1,0,[0,0,0,1,0,0,0,0],0,0,[0,0,-1,0,0,0,0,0],0,0},{'A',[1,0,0,0,0,8,0,-4],2,0,[1,0,0,0,0,0,0,-4],1,0,[0,0,0,0,0,1,0,0],0,3},{'A',[0,-2,-1,1,0,0,-1,0],2,0,[0,0,-1,1,0,0,0,0],1,0,[0,-2,0,0,0,0,-1,0],1,0},{'A',[1,0,0,0,-4,8,0,-4],3,0,[1,0,0,0,0,8,0,-4],2,0,[0,0,0,0,-1,0,0,0],0,2},{'A',[0,6,-1,1,0,0,3,0],3,0,[0,2,0,0,0,0,1,0],1,2,[0,-2,-1,1,0,0,-1,0],2,0},{'A',[-1,6,-1,1,4,-8,3,4],4,0,[0,6,-1,1,0,0,3,0],3,0,[-1,0,0,0,4,-8,0,4],3,0},{'O',[-1,6,-1,1,4,-8,3,4],4,[-1,6,-1,1,4,-8,3,4],4,0}}
Adder graph: {{'A',[0,0,1,0,0,0,0,-4],1,0,[0,0,1,0,0,0,0,0],0,0,[0,0,0,0,0,0,0,-1],0,2},{'A',[0,0,1,0,0,8,0,-4],2,0,[0,0,1,0,0,0,0,-4],1,0,[0,0,0,0,0,1,0,0],0,3},{'A',[0,2,0,0,0,0,1,0],1,0,[0,1,0,0,0,0,0,0],0,1,[0,0,0,0,0,0,1,0],0,0},{'A',[-1,0,0,1,0,0,0,0],1,0,[0,0,0,1,0,0,0,0],0,0,[-1,0,0,0,0,0,0,0],0,0},{'A',[0,2,0,0,-4,0,1,0],2,0,[0,2,0,0,0,0,1,0],1,0,[0,0,0,0,-1,0,0,0],0,2},{'A',[0,-6,0,0,-4,0,-3,0],3,0,[0,2,0,0,-4,0,1,0],2,0,[0,-2,0,0,0,0,-1,0],1,2},{'A',[1,-6,0,-1,-4,0,-3,0],4,0,[0,-6,0,0,-4,0,-3,0],3,0,[1,0,0,-1,0,0,0,0],1,0},{'A',[1,-6,1,-1,-4,8,-3,-4],5,0,[1,-6,0,-1,-4,0,-3,0],4,0,[0,0,1,0,0,8,0,-4],2,0},{'O',[-1,6,-1,1,4,-8,3,4],5,[-1,6,-1,1,4,-8,3,4],5,0}}
Adder graph: {{'A',[0,2,0,0,0,0,1,0],1,0,[0,0,0,0,0,0,1,0],0,0,[0,1,0,0,0,0,0,0],0,1},{'A',[0,-2,0,1,0,0,-1,0],2,0,[0,0,0,1,0,0,0,0],0,0,[0,-2,0,0,0,0,-1,0],1,0},{'A',[0,0,0,0,1,0,0,1],1,0,[0,0,0,0,0,0,0,1],0,0,[0,0,0,0,1,0,0,0],0,0},{'A',[0,0,0,0,1,-2,0,1],2,0,[0,0,0,0,1,0,0,1],1,0,[0,0,0,0,0,-1,0,0],0,1},{'A',[1,0,1,0,0,0,0,0],1,0,[0,0,1,0,0,0,0,0],0,0,[1,0,0,0,0,0,0,0],0,0},{'A',[1,-8,1,0,0,0,-4,0],2,0,[1,0,1,0,0,0,0,0],1,0,[0,-2,0,0,0,0,-1,0],1,2},{'A',[1,-6,1,-1,0,0,-3,0],3,0,[1,-8,1,0,0,0,-4,0],2,0,[0,2,0,-1,0,0,1,0],2,0},{'A',[1,-6,1,-1,-4,8,-3,-4],4,0,[1,-6,1,-1,0,0,-3,0],3,0,[0,0,0,0,-1,2,0,-1],2,2},{'O',[-1,6,-1,1,4,-8,3,4],4,[-1,6,-1,1,4,-8,3,4],4,0}}
Adder graph: {{'A',[0,0,0,0,1,0,0,1],1,0,[0,0,0,0,0,0,0,1],0,0,[0,0,0,0,1,0,0,0],0,0},{'A',[0,0,0,0,1,-2,0,1],2,0,[0,0,0,0,1,0,0,1],1,0,[0,0,0,0,0,-1,0,0],0,1},{'A',[0,2,0,0,0,0,1,0],1,0,[0,0,0,0,0,0,1,0],0,0,[0,1,0,0,0,0,0,0],0,1},{'A',[1,0,0,-1,0,0,0,0],1,0,[1,0,0,0,0,0,0,0],0,0,[0,0,0,-1,0,0,0,0],0,0},{'A',[0,2,1,0,0,0,1,0],2,0,[0,0,1,0,0,0,0,0],0,0,[0,2,0,0,0,0,1,0],1,0},{'A',[1,2,1,-1,0,0,1,0],3,0,[0,2,1,0,0,0,1,0],2,0,[1,0,0,-1,0,0,0,0],1,0},{'A',[1,-6,1,-1,0,0,-3,0],4,0,[1,2,1,-1,0,0,1,0],3,0,[0,-2,0,0,0,0,-1,0],1,2},{'A',[1,-6,1,-1,-4,8,-3,-4],5,0,[1,-6,1,-1,0,0,-3,0],4,0,[0,0,0,0,-1,2,0,-1],2,2},{'O',[-1,6,-1,1,4,-8,3,4],5,[-1,6,-1,1,4,-8,3,4],5,0}}
Finished solving after 48107.9 seconds
Adder graph: {{'A',[0,0,0,0,1,0,0,1],1,0,[0,0,0,0,0,0,0,1],0,0,[0,0,0,0,1,0,0,0],0,0},{'A',[0,0,0,0,1,-2,0,1],2,0,[0,0,0,0,1,0,0,1],1,0,[0,0,0,0,0,-1,0,0],0,1},{'A',[0,2,0,0,0,0,1,0],1,0,[0,0,0,0,0,0,1,0],0,0,[0,1,0,0,0,0,0,0],0,1},{'A',[1,0,0,-1,0,0,0,0],1,0,[1,0,0,0,0,0,0,0],0,0,[0,0,0,-1,0,0,0,0],0,0},{'A',[0,2,1,0,0,0,1,0],2,0,[0,0,1,0,0,0,0,0],0,0,[0,2,0,0,0,0,1,0],1,0},{'A',[1,2,1,-1,0,0,1,0],3,0,[0,2,1,0,0,0,1,0],2,0,[1,0,0,-1,0,0,0,0],1,0},{'A',[1,-6,1,-1,0,0,-3,0],4,0,[1,2,1,-1,0,0,1,0],3,0,[0,-2,0,0,0,0,-1,0],1,2},{'A',[1,-6,1,-1,-4,8,-3,-4],5,0,[1,-6,1,-1,0,0,-3,0],4,0,[0,0,0,0,-1,2,0,-1],2,2},{'O',[-1,6,-1,1,4,-8,3,4],5,[-1,6,-1,1,4,-8,3,4],5,0}}
#Add optimal = 1
#FAs optimal = 0
