Adder graph: {{'A',[0,0,1,2,0,0,0,0],1,0,[0,0,1,0,0,0,0,0],0,0,[0,0,0,1,0,0,0,0],0,1},{'A',[0,-2,1,2,0,0,0,0],2,0,[0,0,1,2,0,0,0,0],1,0,[0,-1,0,0,0,0,0,0],0,1},{'A',[0,-4,2,4,0,0,0,1],3,0,[0,0,0,0,0,0,0,1],0,0,[0,-2,1,2,0,0,0,0],2,1},{'A',[0,-4,2,4,0,8,0,1],4,0,[0,-4,2,4,0,0,0,1],3,0,[0,0,0,0,0,1,0,0],0,3},{'A',[0,0,0,0,1,0,-1,0],1,0,[0,0,0,0,1,0,0,0],0,0,[0,0,0,0,0,0,-1,0],0,0},{'A',[0,-2,1,2,8,0,0,0],3,0,[0,0,0,0,1,0,0,0],0,3,[0,-2,1,2,0,0,0,0],2,0},{'A',[2,-2,1,2,8,0,0,0],4,0,[0,-2,1,2,8,0,0,0],3,0,[1,0,0,0,0,0,0,0],0,1},{'A',[0,4,-2,-4,1,-8,-1,-1],5,0,[0,0,0,0,1,0,-1,0],1,0,[0,4,-2,-4,0,-8,0,-1],4,0},{'A',[2,-6,3,6,7,8,1,1],6,0,[2,-2,1,2,8,0,0,0],4,0,[0,-4,2,4,-1,8,1,1],5,0},{'O',[-2,6,-3,-6,-7,-8,-1,-1],6,[-2,6,-3,-6,-7,-8,-1,-1],6,0}}
Adder graph: {{'A',[0,-1,0,1,0,0,0,0],1,0,[0,0,0,1,0,0,0,0],0,0,[0,-1,0,0,0,0,0,0],0,0},{'A',[0,-2,1,2,0,0,0,0],2,0,[0,-1,0,1,0,0,0,0],1,1,[0,0,1,0,0,0,0,0],0,0},{'A',[0,0,0,0,8,0,0,1],1,0,[0,0,0,0,1,0,0,0],0,3,[0,0,0,0,0,0,0,1],0,0},{'A',[-2,0,0,0,1,0,0,0],1,0,[0,0,0,0,1,0,0,0],0,0,[-1,0,0,0,0,0,0,0],0,1},{'A',[0,-8,4,8,8,0,0,1],3,0,[0,-2,1,2,0,0,0,0],2,2,[0,0,0,0,8,0,0,1],1,0},{'A',[0,-2,1,2,0,0,-1,0],3,0,[0,-2,1,2,0,0,0,0],2,0,[0,0,0,0,0,0,-1,0],0,0},{'A',[-2,0,0,0,1,-8,0,0],2,0,[-2,0,0,0,1,0,0,0],1,0,[0,0,0,0,0,-1,0,0],0,3},{'A',[0,-6,3,6,8,0,1,1],4,0,[0,-8,4,8,8,0,0,1],3,0,[0,2,-1,-2,0,0,1,0],3,0},{'A',[2,-6,3,6,7,8,1,1],5,0,[0,-6,3,6,8,0,1,1],4,0,[2,0,0,0,-1,8,0,0],2,0},{'O',[-2,6,-3,-6,-7,-8,-1,-1],5,[-2,6,-3,-6,-7,-8,-1,-1],5,0}}
Adder graph: {{'A',[0,0,0,0,0,0,1,1],1,0,[0,0,0,0,0,0,0,1],0,0,[0,0,0,0,0,0,1,0],0,0},{'A',[0,0,0,0,1,2,0,0],1,0,[0,0,0,0,1,0,0,0],0,0,[0,0,0,0,0,1,0,0],0,1},{'A',[0,0,1,0,1,0,0,0],1,0,[0,0,0,0,1,0,0,0],0,0,[0,0,1,0,0,0,0,0],0,0},{'A',[0,-1,0,1,0,0,0,0],1,0,[0,0,0,1,0,0,0,0],0,0,[0,-1,0,0,0,0,0,0],0,0},{'A',[1,0,0,0,2,4,0,0],2,0,[0,0,0,0,1,2,0,0],1,1,[1,0,0,0,0,0,0,0],0,0},{'A',[0,-2,1,2,1,0,0,0],2,0,[0,-1,0,1,0,0,0,0],1,1,[0,0,1,0,1,0,0,0],1,0},{'A',[2,2,-1,-2,3,8,0,0],3,0,[1,0,0,0,2,4,0,0],2,1,[0,2,-1,-2,-1,0,0,0],2,0},{'A',[2,-6,3,6,7,8,0,0],4,0,[0,-2,1,2,1,0,0,0],2,2,[2,2,-1,-2,3,8,0,0],3,0},{'A',[2,-6,3,6,7,8,1,1],5,0,[2,-6,3,6,7,8,0,0],4,0,[0,0,0,0,0,0,1,1],1,0},{'O',[-2,6,-3,-6,-7,-8,-1,-1],5,[-2,6,-3,-6,-7,-8,-1,-1],5,0}}
Adder graph: {{'A',[0,1,0,-1,0,0,0,0],1,0,[0,1,0,0,0,0,0,0],0,0,[0,0,0,-1,0,0,0,0],0,0},{'A',[0,0,1,0,1,0,0,0],1,0,[0,0,0,0,1,0,0,0],0,0,[0,0,1,0,0,0,0,0],0,0},{'A',[0,-2,1,2,1,0,0,0],2,0,[0,0,1,0,1,0,0,0],1,0,[0,-1,0,1,0,0,0,0],1,1},{'A',[2,0,0,0,0,0,0,1],1,0,[1,0,0,0,0,0,0,0],0,1,[0,0,0,0,0,0,0,1],0,0},{'A',[2,0,0,0,0,0,1,1],2,0,[0,0,0,0,0,0,1,0],0,0,[2,0,0,0,0,0,0,1],1,0},{'A',[0,-2,1,2,5,0,0,0],3,0,[0,-2,1,2,1,0,0,0],2,0,[0,0,0,0,1,0,0,0],0,2},{'A',[2,-2,1,2,5,0,1,1],4,0,[2,0,0,0,0,0,1,1],2,0,[0,-2,1,2,5,0,0,0],3,0},{'A',[2,-6,3,6,7,0,1,1],5,0,[2,-2,1,2,5,0,1,1],4,0,[0,-2,1,2,1,0,0,0],2,1},{'A',[2,-6,3,6,7,8,1,1],6,0,[2,-6,3,6,7,0,1,1],5,0,[0,0,0,0,0,1,0,0],0,3},{'O',[-2,6,-3,-6,-7,-8,-1,-1],6,[-2,6,-3,-6,-7,-8,-1,-1],6,0}}
Adder graph: {{'A',[0,0,0,0,-1,0,1,0],1,0,[0,0,0,0,0,0,1,0],0,0,[0,0,0,0,-1,0,0,0],0,0},{'A',[0,0,0,0,1,1,0,0],1,0,[0,0,0,0,1,0,0,0],0,0,[0,0,0,0,0,1,0,0],0,0},{'A',[0,-2,1,0,0,0,0,0],1,0,[0,0,1,0,0,0,0,0],0,0,[0,-1,0,0,0,0,0,0],0,1},{'A',[2,0,0,0,-1,0,1,0],2,0,[0,0,0,0,-1,0,1,0],1,0,[1,0,0,0,0,0,0,0],0,1},{'A',[2,0,0,0,-1,0,1,1],3,0,[0,0,0,0,0,0,0,1],0,0,[2,0,0,0,-1,0,1,0],2,0},{'A',[0,-2,1,2,0,0,0,0],2,0,[0,0,0,1,0,0,0,0],0,1,[0,-2,1,0,0,0,0,0],1,0},{'A',[0,6,-3,-6,0,0,0,0],3,0,[0,-2,1,2,0,0,0,0],2,0,[0,2,-1,-2,0,0,0,0],2,2},{'A',[0,6,-3,-6,-8,-8,0,0],4,0,[0,6,-3,-6,0,0,0,0],3,0,[0,0,0,0,-1,-1,0,0],1,3},{'A',[-2,6,-3,-6,-7,-8,-1,-1],5,0,[0,6,-3,-6,-8,-8,0,0],4,0,[-2,0,0,0,1,0,-1,-1],3,0},{'O',[-2,6,-3,-6,-7,-8,-1,-1],5,[-2,6,-3,-6,-7,-8,-1,-1],5,0}}
Adder graph: {{'A',[0,0,1,0,1,0,0,0],1,0,[0,0,0,0,1,0,0,0],0,0,[0,0,1,0,0,0,0,0],0,0},{'A',[0,0,1,2,1,0,0,0],2,0,[0,0,1,0,1,0,0,0],1,0,[0,0,0,1,0,0,0,0],0,1},{'A',[0,-2,1,2,1,0,0,0],3,0,[0,0,1,2,1,0,0,0],2,0,[0,-1,0,0,0,0,0,0],0,1},{'A',[0,0,0,0,0,0,1,1],1,0,[0,0,0,0,0,0,1,0],0,0,[0,0,0,0,0,0,0,1],0,0},{'A',[0,-2,1,2,1,2,0,0],4,0,[0,-2,1,2,1,0,0,0],3,0,[0,0,0,0,0,1,0,0],0,1},{'A',[-2,-2,1,2,1,0,0,0],4,0,[0,-2,1,2,1,0,0,0],3,0,[-1,0,0,0,0,0,0,0],0,1},{'A',[0,0,0,0,4,0,1,1],2,0,[0,0,0,0,0,0,1,1],1,0,[0,0,0,0,1,0,0,0],0,2},{'A',[-2,-2,1,2,-3,0,-1,-1],5,0,[-2,-2,1,2,1,0,0,0],4,0,[0,0,0,0,-4,0,-1,-1],2,0},{'A',[-2,6,-3,-6,-7,-8,-1,-1],6,0,[-2,-2,1,2,-3,0,-1,-1],5,0,[0,2,-1,-2,-1,-2,0,0],4,2},{'O',[-2,6,-3,-6,-7,-8,-1,-1],6,[-2,6,-3,-6,-7,-8,-1,-1],6,0}}
Adder graph: {{'A',[0,0,1,0,1,0,0,0],1,0,[0,0,0,0,1,0,0,0],0,0,[0,0,1,0,0,0,0,0],0,0},{'A',[0,1,0,-1,0,0,0,0],1,0,[0,1,0,0,0,0,0,0],0,0,[0,0,0,-1,0,0,0,0],0,0},{'A',[0,0,0,0,0,0,1,1],1,0,[0,0,0,0,0,0,1,0],0,0,[0,0,0,0,0,0,0,1],0,0},{'A',[2,0,0,0,0,0,1,1],2,0,[0,0,0,0,0,0,1,1],1,0,[1,0,0,0,0,0,0,0],0,1},{'A',[0,-2,1,2,1,0,0,0],2,0,[0,0,1,0,1,0,0,0],1,0,[0,-1,0,1,0,0,0,0],1,1},{'A',[0,-2,1,2,-3,0,0,0],3,0,[0,-2,1,2,1,0,0,0],2,0,[0,0,0,0,-1,0,0,0],0,2},{'A',[0,-2,1,2,1,2,0,0],3,0,[0,-2,1,2,1,0,0,0],2,0,[0,0,0,0,0,1,0,0],0,1},{'A',[2,2,-1,-2,3,0,1,1],4,0,[2,0,0,0,0,0,1,1],2,0,[0,2,-1,-2,3,0,0,0],3,0},{'A',[2,-6,3,6,7,8,1,1],5,0,[2,2,-1,-2,3,0,1,1],4,0,[0,-2,1,2,1,2,0,0],3,2},{'O',[-2,6,-3,-6,-7,-8,-1,-1],5,[-2,6,-3,-6,-7,-8,-1,-1],5,0}}
Finished solving after 75357.9 seconds
Adder graph: {{'A',[0,0,1,0,1,0,0,0],1,0,[0,0,0,0,1,0,0,0],0,0,[0,0,1,0,0,0,0,0],0,0},{'A',[0,1,0,-1,0,0,0,0],1,0,[0,1,0,0,0,0,0,0],0,0,[0,0,0,-1,0,0,0,0],0,0},{'A',[0,0,0,0,0,0,1,1],1,0,[0,0,0,0,0,0,1,0],0,0,[0,0,0,0,0,0,0,1],0,0},{'A',[2,0,0,0,0,0,1,1],2,0,[0,0,0,0,0,0,1,1],1,0,[1,0,0,0,0,0,0,0],0,1},{'A',[0,-2,1,2,1,0,0,0],2,0,[0,0,1,0,1,0,0,0],1,0,[0,-1,0,1,0,0,0,0],1,1},{'A',[0,-2,1,2,-3,0,0,0],3,0,[0,-2,1,2,1,0,0,0],2,0,[0,0,0,0,-1,0,0,0],0,2},{'A',[0,-2,1,2,1,2,0,0],3,0,[0,-2,1,2,1,0,0,0],2,0,[0,0,0,0,0,1,0,0],0,1},{'A',[2,2,-1,-2,3,0,1,1],4,0,[2,0,0,0,0,0,1,1],2,0,[0,2,-1,-2,3,0,0,0],3,0},{'A',[2,-6,3,6,7,8,1,1],5,0,[2,2,-1,-2,3,0,1,1],4,0,[0,-2,1,2,1,2,0,0],3,2},{'O',[-2,6,-3,-6,-7,-8,-1,-1],5,[-2,6,-3,-6,-7,-8,-1,-1],5,0}}
#Add optimal = 1
#FAs optimal = 0
