Adder graph: {{'A',[0,1,0,0,0,0,-1,0],1,0,[0,1,0,0,0,0,0,0],0,0,[0,0,0,0,0,0,-1,0],0,0},{'A',[0,0,2,0,0,-1,0,0],1,0,[0,0,1,0,0,0,0,0],0,1,[0,0,0,0,0,-1,0,0],0,0},{'A',[0,-2,0,1,0,0,2,0],2,0,[0,0,0,1,0,0,0,0],0,0,[0,-1,0,0,0,0,1,0],1,1},{'A',[0,-2,0,1,-2,0,2,0],3,0,[0,-2,0,1,0,0,2,0],2,0,[0,0,0,0,-1,0,0,0],0,1},{'A',[4,0,2,0,0,-1,0,0],2,0,[1,0,0,0,0,0,0,0],0,2,[0,0,2,0,0,-1,0,0],1,0},{'A',[0,0,0,0,0,0,0,5],1,0,[0,0,0,0,0,0,0,1],0,2,[0,0,0,0,0,0,0,1],0,0},{'A',[4,0,3,0,0,-1,0,0],3,0,[4,0,2,0,0,-1,0,0],2,0,[0,0,1,0,0,0,0,0],0,0},{'A',[4,8,3,-4,8,-1,-8,0],4,0,[4,0,3,0,0,-1,0,0],3,0,[0,2,0,-1,2,0,-2,0],3,2},{'A',[0,1,0,0,0,0,-1,-5],2,0,[0,1,0,0,0,0,-1,0],1,0,[0,0,0,0,0,0,0,-5],1,0},{'A',[-4,-7,-3,4,-8,1,7,-5],5,0,[0,1,0,0,0,0,-1,-5],2,0,[-4,-8,-3,4,-8,1,8,0],4,0},{'O',[-4,-7,-3,4,-8,1,7,-5],5,[-4,-7,-3,4,-8,1,7,-5],5,0}}
Adder graph: {{'A',[0,0,1,0,-8,0,0,0],1,0,[0,0,1,0,0,0,0,0],0,0,[0,0,0,0,-1,0,0,0],0,3},{'A',[0,0,0,0,0,0,0,5],1,0,[0,0,0,0,0,0,0,1],0,2,[0,0,0,0,0,0,0,1],0,0},{'A',[0,0,-3,0,-8,0,0,0],2,0,[0,0,1,0,-8,0,0,0],1,0,[0,0,-1,0,0,0,0,0],0,2},{'A',[0,0,0,0,0,-1,0,5],2,0,[0,0,0,0,0,0,0,5],1,0,[0,0,0,0,0,-1,0,0],0,0},{'A',[0,0,0,-4,0,-1,0,5],3,0,[0,0,0,0,0,-1,0,5],2,0,[0,0,0,-1,0,0,0,0],0,2},{'A',[0,1,0,0,0,0,-1,0],1,0,[0,1,0,0,0,0,0,0],0,0,[0,0,0,0,0,0,-1,0],0,0},{'A',[0,8,0,-4,0,-1,-8,5],4,0,[0,1,0,0,0,0,-1,0],1,3,[0,0,0,-4,0,-1,0,5],3,0},{'A',[-4,1,0,0,0,0,-1,0],2,0,[0,1,0,0,0,0,-1,0],1,0,[-1,0,0,0,0,0,0,0],0,2},{'A',[-4,-7,0,4,0,1,7,-5],5,0,[-4,1,0,0,0,0,-1,0],2,0,[0,-8,0,4,0,1,8,-5],4,0},{'A',[-4,-7,-3,4,-8,1,7,-5],6,0,[-4,-7,0,4,0,1,7,-5],5,0,[0,0,-3,0,-8,0,0,0],2,0},{'O',[-4,-7,-3,4,-8,1,7,-5],6,[-4,-7,-3,4,-8,1,7,-5],6,0}}
Adder graph: {{'A',[0,1,0,0,0,0,-1,0],1,0,[0,1,0,0,0,0,0,0],0,0,[0,0,0,0,0,0,-1,0],0,0},{'A',[0,0,0,1,0,0,0,-2],1,0,[0,0,0,1,0,0,0,0],0,0,[0,0,0,0,0,0,0,-1],0,1},{'A',[0,1,0,0,1,0,-1,0],2,0,[0,0,0,0,1,0,0,0],0,0,[0,1,0,0,0,0,-1,0],1,0},{'A',[0,1,0,0,0,1,-1,0],2,0,[0,1,0,0,0,0,-1,0],1,0,[0,0,0,0,0,1,0,0],0,0},{'A',[0,0,-1,0,0,0,0,1],1,0,[0,0,0,0,0,0,0,1],0,0,[0,0,-1,0,0,0,0,0],0,0},{'A',[0,0,3,0,0,0,0,-3],2,0,[0,0,-1,0,0,0,0,1],1,0,[0,0,1,0,0,0,0,-1],1,2},{'A',[4,-1,0,0,0,-1,1,0],3,0,[1,0,0,0,0,0,0,0],0,2,[0,-1,0,0,0,-1,1,0],2,0},{'A',[4,7,0,0,8,-1,-7,0],4,0,[0,1,0,0,1,0,-1,0],2,3,[4,-1,0,0,0,-1,1,0],3,0},{'A',[4,7,3,0,8,-1,-7,-3],5,0,[4,7,0,0,8,-1,-7,0],4,0,[0,0,3,0,0,0,0,-3],2,0},{'A',[4,7,3,-4,8,-1,-7,5],6,0,[4,7,3,0,8,-1,-7,-3],5,0,[0,0,0,-1,0,0,0,2],1,2},{'O',[-4,-7,-3,4,-8,1,7,-5],6,[-4,-7,-3,4,-8,1,7,-5],6,0}}
Adder graph: {{'A',[0,1,0,0,0,0,-1,0],1,0,[0,1,0,0,0,0,0,0],0,0,[0,0,0,0,0,0,-1,0],0,0},{'A',[0,0,-2,0,0,1,0,0],1,0,[0,0,0,0,0,1,0,0],0,0,[0,0,-1,0,0,0,0,0],0,1},{'A',[-4,1,0,0,0,0,-1,0],2,0,[0,1,0,0,0,0,-1,0],1,0,[-1,0,0,0,0,0,0,0],0,2},{'A',[-4,1,0,0,0,0,-1,-1],3,0,[-4,1,0,0,0,0,-1,0],2,0,[0,0,0,0,0,0,0,-1],0,0},{'A',[0,0,-2,0,-8,1,0,0],2,0,[0,0,-2,0,0,1,0,0],1,0,[0,0,0,0,-1,0,0,0],0,3},{'A',[0,0,3,0,8,-1,0,0],3,0,[0,0,1,0,0,0,0,0],0,0,[0,0,2,0,8,-1,0,0],2,0},{'A',[0,0,0,-1,0,0,0,1],1,0,[0,0,0,0,0,0,0,1],0,0,[0,0,0,-1,0,0,0,0],0,0},{'A',[0,8,3,0,8,-1,-8,0],4,0,[0,1,0,0,0,0,-1,0],1,3,[0,0,3,0,8,-1,0,0],3,0},{'A',[-4,1,0,4,0,0,-1,-5],4,0,[-4,1,0,0,0,0,-1,-1],3,0,[0,0,0,1,0,0,0,-1],1,2},{'A',[-4,-7,-3,4,-8,1,7,-5],5,0,[-4,1,0,4,0,0,-1,-5],4,0,[0,-8,-3,0,-8,1,8,0],4,0},{'O',[-4,-7,-3,4,-8,1,7,-5],5,[-4,-7,-3,4,-8,1,7,-5],5,0}}
Adder graph: {{'A',[1,0,0,0,0,0,0,1],1,0,[1,0,0,0,0,0,0,0],0,0,[0,0,0,0,0,0,0,1],0,0},{'A',[0,1,0,0,0,0,-1,0],1,0,[0,1,0,0,0,0,0,0],0,0,[0,0,0,0,0,0,-1,0],0,0},{'A',[0,-1,0,0,0,0,1,1],2,0,[0,0,0,0,0,0,0,1],0,0,[0,-1,0,0,0,0,1,0],1,0},{'A',[0,-1,-1,0,0,0,1,1],3,0,[0,-1,0,0,0,0,1,1],2,0,[0,0,-1,0,0,0,0,0],0,0},{'A',[0,0,-1,1,0,0,0,0],1,0,[0,0,0,1,0,0,0,0],0,0,[0,0,-1,0,0,0,0,0],0,0},{'A',[-1,0,-1,1,0,0,0,-1],2,0,[0,0,-1,1,0,0,0,0],1,0,[-1,0,0,0,0,0,0,-1],1,0},{'A',[0,-1,-1,0,0,-1,1,1],4,0,[0,-1,-1,0,0,0,1,1],3,0,[0,0,0,0,0,-1,0,0],0,0},{'A',[0,-1,-1,0,8,-1,1,1],5,0,[0,-1,-1,0,0,-1,1,1],4,0,[0,0,0,0,1,0,0,0],0,3},{'A',[-1,-2,-1,1,0,0,2,-1],3,0,[-1,0,-1,1,0,0,0,-1],2,0,[0,-1,0,0,0,0,1,0],1,1},{'A',[-4,-7,-3,4,-8,1,7,-5],6,0,[-1,-2,-1,1,0,0,2,-1],3,2,[0,1,1,0,-8,1,-1,-1],5,0},{'O',[-4,-7,-3,4,-8,1,7,-5],6,[-4,-7,-3,4,-8,1,7,-5],6,0}}
Adder graph: {{'A',[0,-1,0,0,0,0,1,0],1,0,[0,0,0,0,0,0,1,0],0,0,[0,-1,0,0,0,0,0,0],0,0},{'A',[0,0,1,0,0,0,0,1],1,0,[0,0,0,0,0,0,0,1],0,0,[0,0,1,0,0,0,0,0],0,0},{'A',[-1,0,0,1,0,0,0,0],1,0,[0,0,0,1,0,0,0,0],0,0,[-1,0,0,0,0,0,0,0],0,0},{'A',[-1,-2,0,1,0,0,2,0],2,0,[-1,0,0,1,0,0,0,0],1,0,[0,-1,0,0,0,0,1,0],1,1},{'A',[0,-1,0,0,0,-1,1,0],2,0,[0,-1,0,0,0,0,1,0],1,0,[0,0,0,0,0,-1,0,0],0,0},{'A',[0,-1,0,0,8,-1,1,0],3,0,[0,0,0,0,1,0,0,0],0,3,[0,-1,0,0,0,-1,1,0],2,0},{'A',[1,2,1,-1,0,0,-2,1],3,0,[0,0,1,0,0,0,0,1],1,0,[1,2,0,-1,0,0,-2,0],2,0},{'A',[0,0,1,0,0,0,0,-1],1,0,[0,0,1,0,0,0,0,0],0,0,[0,0,0,0,0,0,0,-1],0,0},{'A',[0,1,1,0,-8,1,-1,-1],4,0,[0,0,1,0,0,0,0,-1],1,0,[0,1,0,0,-8,1,-1,0],3,0},{'A',[-4,-7,-3,4,-8,1,7,-5],5,0,[0,1,1,0,-8,1,-1,-1],4,0,[-1,-2,-1,1,0,0,2,-1],3,2},{'O',[-4,-7,-3,4,-8,1,7,-5],5,[-4,-7,-3,4,-8,1,7,-5],5,0}}
Adder graph: {{'A',[0,0,1,0,0,0,0,1],1,0,[0,0,0,0,0,0,0,1],0,0,[0,0,1,0,0,0,0,0],0,0},{'A',[0,0,-1,0,0,0,0,1],2,0,[0,0,1,0,0,0,0,1],1,0,[0,0,-1,0,0,0,0,0],0,1},{'A',[0,0,3,0,0,0,0,5],3,0,[0,0,-1,0,0,0,0,1],2,0,[0,0,1,0,0,0,0,1],1,2},{'A',[0,0,3,0,8,0,0,5],4,0,[0,0,3,0,0,0,0,5],3,0,[0,0,0,0,1,0,0,0],0,3},{'A',[0,-1,0,0,0,0,1,0],1,0,[0,0,0,0,0,0,1,0],0,0,[0,-1,0,0,0,0,0,0],0,0},{'A',[0,7,0,0,0,0,-7,0],2,0,[0,-1,0,0,0,0,1,0],1,0,[0,1,0,0,0,0,-1,0],1,3},{'A',[-1,0,0,1,0,0,0,0],1,0,[0,0,0,1,0,0,0,0],0,0,[-1,0,0,0,0,0,0,0],0,0},{'A',[0,-7,0,0,0,1,7,0],3,0,[0,0,0,0,0,1,0,0],0,0,[0,-7,0,0,0,0,7,0],2,0},{'A',[-4,-7,0,4,0,1,7,0],4,0,[0,-7,0,0,0,1,7,0],3,0,[-1,0,0,1,0,0,0,0],1,2},{'A',[-4,-7,-3,4,-8,1,7,-5],5,0,[-4,-7,0,4,0,1,7,0],4,0,[0,0,-3,0,-8,0,0,-5],4,0},{'O',[-4,-7,-3,4,-8,1,7,-5],5,[-4,-7,-3,4,-8,1,7,-5],5,0}}
Adder graph: {{'A',[-4,0,0,0,0,1,0,0],1,0,[0,0,0,0,0,1,0,0],0,0,[-1,0,0,0,0,0,0,0],0,2},{'A',[0,-1,0,0,0,0,1,0],1,0,[0,0,0,0,0,0,1,0],0,0,[0,-1,0,0,0,0,0,0],0,0},{'A',[0,0,-1,0,0,0,0,1],1,0,[0,0,0,0,0,0,0,1],0,0,[0,0,-1,0,0,0,0,0],0,0},{'A',[0,-1,0,-4,0,0,1,0],2,0,[0,-1,0,0,0,0,1,0],1,0,[0,0,0,-1,0,0,0,0],0,2},{'A',[0,0,1,0,0,0,0,1],2,0,[0,0,-1,0,0,0,0,1],1,0,[0,0,1,0,0,0,0,0],0,1},{'A',[0,0,1,0,2,0,0,1],3,0,[0,0,1,0,0,0,0,1],2,0,[0,0,0,0,1,0,0,0],0,1},{'A',[-4,0,1,0,0,1,0,-1],2,0,[-4,0,0,0,0,1,0,0],1,0,[0,0,1,0,0,0,0,-1],1,0},{'A',[4,-1,-1,-4,0,-1,1,1],3,0,[0,-1,0,-4,0,0,1,0],2,0,[4,0,-1,0,0,-1,0,1],2,0},{'A',[4,7,-1,-4,0,-1,-7,1],4,0,[4,-1,-1,-4,0,-1,1,1],3,0,[0,1,0,0,0,0,-1,0],1,3},{'A',[4,7,3,-4,8,-1,-7,5],5,0,[4,7,-1,-4,0,-1,-7,1],4,0,[0,0,1,0,2,0,0,1],3,2},{'O',[-4,-7,-3,4,-8,1,7,-5],5,[-4,-7,-3,4,-8,1,7,-5],5,0}}
Finished solving after 108298 seconds
Adder graph: {{'A',[-4,0,0,0,0,1,0,0],1,0,[0,0,0,0,0,1,0,0],0,0,[-1,0,0,0,0,0,0,0],0,2},{'A',[0,-1,0,0,0,0,1,0],1,0,[0,0,0,0,0,0,1,0],0,0,[0,-1,0,0,0,0,0,0],0,0},{'A',[0,0,-1,0,0,0,0,1],1,0,[0,0,0,0,0,0,0,1],0,0,[0,0,-1,0,0,0,0,0],0,0},{'A',[0,-1,0,-4,0,0,1,0],2,0,[0,-1,0,0,0,0,1,0],1,0,[0,0,0,-1,0,0,0,0],0,2},{'A',[0,0,1,0,0,0,0,1],2,0,[0,0,-1,0,0,0,0,1],1,0,[0,0,1,0,0,0,0,0],0,1},{'A',[0,0,1,0,2,0,0,1],3,0,[0,0,1,0,0,0,0,1],2,0,[0,0,0,0,1,0,0,0],0,1},{'A',[-4,0,1,0,0,1,0,-1],2,0,[-4,0,0,0,0,1,0,0],1,0,[0,0,1,0,0,0,0,-1],1,0},{'A',[4,-1,-1,-4,0,-1,1,1],3,0,[0,-1,0,-4,0,0,1,0],2,0,[4,0,-1,0,0,-1,0,1],2,0},{'A',[4,7,-1,-4,0,-1,-7,1],4,0,[4,-1,-1,-4,0,-1,1,1],3,0,[0,1,0,0,0,0,-1,0],1,3},{'A',[4,7,3,-4,8,-1,-7,5],5,0,[4,7,-1,-4,0,-1,-7,1],4,0,[0,0,1,0,2,0,0,1],3,2},{'O',[-4,-7,-3,4,-8,1,7,-5],5,[-4,-7,-3,4,-8,1,7,-5],5,0}}
#Add optimal = 0
#FAs optimal = 0
