Adder graph: {{'A',[1,0,0,0,-1,0,0,0],1,0,[1,0,0,0,0,0,0,0],0,0,[0,0,0,0,-1,0,0,0],0,0},{'A',[0,0,0,0,0,-4,1,0],1,0,[0,0,0,0,0,0,1,0],0,0,[0,0,0,0,0,-1,0,0],0,2},{'A',[1,0,0,0,-1,0,0,1],2,0,[0,0,0,0,0,0,0,1],0,0,[1,0,0,0,-1,0,0,0],1,0},{'A',[1,0,0,2,-1,0,0,1],3,0,[1,0,0,0,-1,0,0,1],2,0,[0,0,0,1,0,0,0,0],0,1},{'A',[1,2,0,2,-1,0,0,1],4,0,[1,0,0,2,-1,0,0,1],3,0,[0,1,0,0,0,0,0,0],0,1},{'A',[-1,-2,1,-2,1,0,0,-1],5,0,[0,0,1,0,0,0,0,0],0,0,[-1,-2,0,-2,1,0,0,-1],4,0},{'A',[2,2,-1,2,-2,0,0,1],6,0,[1,0,0,0,-1,0,0,0],1,0,[1,2,-1,2,-1,0,0,1],5,0},{'A',[5,6,-3,6,-5,0,0,3],7,0,[2,2,-1,2,-2,0,0,1],6,1,[1,2,-1,2,-1,0,0,1],5,0},{'A',[5,6,-3,6,-5,-4,1,3],8,0,[5,6,-3,6,-5,0,0,3],7,0,[0,0,0,0,0,-4,1,0],1,0},{'O',[-5,-6,3,-6,5,4,-1,-3],8,[-5,-6,3,-6,5,4,-1,-3],8,0}}
Adder graph: {{'A',[-1,0,0,0,1,0,0,0],1,0,[0,0,0,0,1,0,0,0],0,0,[-1,0,0,0,0,0,0,0],0,0},{'A',[0,2,0,0,0,0,0,1],1,0,[0,0,0,0,0,0,0,1],0,0,[0,1,0,0,0,0,0,0],0,1},{'A',[-1,0,0,0,1,4,0,0],2,0,[0,0,0,0,0,1,0,0],0,2,[-1,0,0,0,1,0,0,0],1,0},{'A',[0,-2,1,0,0,0,0,-1],2,0,[0,0,1,0,0,0,0,0],0,0,[0,-2,0,0,0,0,0,-1],1,0},{'A',[0,-2,1,-2,0,0,0,-1],3,0,[0,-2,1,0,0,0,0,-1],2,0,[0,0,0,-1,0,0,0,0],0,1},{'A',[-5,0,0,0,5,4,0,0],3,0,[-1,0,0,0,1,0,0,0],1,2,[-1,0,0,0,1,4,0,0],2,0},{'A',[0,-6,3,-6,0,0,0,-3],4,0,[0,-2,1,-2,0,0,0,-1],3,1,[0,-2,1,-2,0,0,0,-1],3,0},{'A',[-5,-6,3,-6,5,4,0,-3],5,0,[-5,0,0,0,5,4,0,0],3,0,[0,-6,3,-6,0,0,0,-3],4,0},{'A',[-5,-6,3,-6,5,4,-1,-3],6,0,[-5,-6,3,-6,5,4,0,-3],5,0,[0,0,0,0,0,0,-1,0],0,0},{'O',[-5,-6,3,-6,5,4,-1,-3],6,[-5,-6,3,-6,5,4,-1,-3],6,0}}
Adder graph: {{'A',[0,0,1,-2,0,0,0,0],1,0,[0,0,1,0,0,0,0,0],0,0,[0,0,0,-1,0,0,0,0],0,1},{'A',[0,0,1,-2,0,0,0,-1],2,0,[0,0,1,-2,0,0,0,0],1,0,[0,0,0,0,0,0,0,-1],0,0},{'A',[-1,0,0,0,1,0,0,0],1,0,[0,0,0,0,1,0,0,0],0,0,[-1,0,0,0,0,0,0,0],0,0},{'A',[1,0,1,-2,-1,0,0,-1],3,0,[0,0,1,-2,0,0,0,-1],2,0,[1,0,0,0,-1,0,0,0],1,0},{'A',[0,0,0,0,0,-4,1,0],1,0,[0,0,0,0,0,0,1,0],0,0,[0,0,0,0,0,-1,0,0],0,2},{'A',[1,-2,1,-2,-1,0,0,-1],4,0,[1,0,1,-2,-1,0,0,-1],3,0,[0,-1,0,0,0,0,0,0],0,1},{'A',[-1,2,-1,2,1,-4,1,1],5,0,[0,0,0,0,0,-4,1,0],1,0,[-1,2,-1,2,1,0,0,1],4,0},{'A',[7,2,-1,2,-7,-4,1,1],6,0,[-1,2,-1,2,1,-4,1,1],5,0,[1,0,0,0,-1,0,0,0],1,3},{'A',[5,6,-3,6,-5,-4,1,3],7,0,[7,2,-1,2,-7,-4,1,1],6,0,[-1,2,-1,2,1,0,0,1],4,1},{'O',[-5,-6,3,-6,5,4,-1,-3],7,[-5,-6,3,-6,5,4,-1,-3],7,0}}
Adder graph: {{'A',[0,0,1,-2,0,0,0,0],1,0,[0,0,1,0,0,0,0,0],0,0,[0,0,0,-1,0,0,0,0],0,1},{'A',[-1,0,0,0,1,0,0,0],1,0,[0,0,0,0,1,0,0,0],0,0,[-1,0,0,0,0,0,0,0],0,0},{'A',[-1,0,0,0,1,0,-1,0],2,0,[-1,0,0,0,1,0,0,0],1,0,[0,0,0,0,0,0,-1,0],0,0},{'A',[-1,0,0,0,1,4,-1,0],3,0,[0,0,0,0,0,1,0,0],0,2,[-1,0,0,0,1,0,-1,0],2,0},{'A',[0,0,1,-2,0,0,0,-1],2,0,[0,0,1,-2,0,0,0,0],1,0,[0,0,0,0,0,0,0,-1],0,0},{'A',[0,-2,1,-2,0,0,0,-1],3,0,[0,0,1,-2,0,0,0,-1],2,0,[0,-1,0,0,0,0,0,0],0,1},{'A',[1,-2,1,-2,-1,-4,1,-1],4,0,[0,-2,1,-2,0,0,0,-1],3,0,[1,0,0,0,-1,-4,1,0],3,0},{'A',[5,-2,1,-2,-5,-4,1,-1],5,0,[1,-2,1,-2,-1,-4,1,-1],4,0,[1,0,0,0,-1,0,0,0],1,2},{'A',[5,6,-3,6,-5,-4,1,3],6,0,[5,-2,1,-2,-5,-4,1,-1],5,0,[0,2,-1,2,0,0,0,1],3,2},{'O',[-5,-6,3,-6,5,4,-1,-3],6,[-5,-6,3,-6,5,4,-1,-3],6,0}}
Adder graph: {{'A',[0,1,0,1,0,0,0,0],1,0,[0,0,0,1,0,0,0,0],0,0,[0,1,0,0,0,0,0,0],0,0},{'A',[0,0,0,0,0,-4,1,0],1,0,[0,0,0,0,0,0,1,0],0,0,[0,0,0,0,0,-1,0,0],0,2},{'A',[-1,0,0,0,1,0,0,0],1,0,[0,0,0,0,1,0,0,0],0,0,[-1,0,0,0,0,0,0,0],0,0},{'A',[1,0,1,0,-1,0,0,0],2,0,[0,0,1,0,0,0,0,0],0,0,[1,0,0,0,-1,0,0,0],1,0},{'A',[-1,0,-1,0,1,0,0,1],3,0,[0,0,0,0,0,0,0,1],0,0,[-1,0,-1,0,1,0,0,0],2,0},{'A',[-1,2,-1,2,1,0,0,1],4,0,[-1,0,-1,0,1,0,0,1],3,0,[0,1,0,1,0,0,0,0],1,1},{'A',[1,-2,1,-2,-1,-4,1,-1],5,0,[0,0,0,0,0,-4,1,0],1,0,[1,-2,1,-2,-1,0,0,-1],4,0},{'A',[1,2,-1,2,-1,0,0,1],5,0,[-1,2,-1,2,1,0,0,1],4,0,[1,0,0,0,-1,0,0,0],1,1},{'A',[5,6,-3,6,-5,-4,1,3],6,0,[1,2,-1,2,-1,0,0,1],5,2,[1,-2,1,-2,-1,-4,1,-1],5,0},{'O',[-5,-6,3,-6,5,4,-1,-3],6,[-5,-6,3,-6,5,4,-1,-3],6,0}}
Adder graph: {{'A',[1,0,0,0,-1,0,0,0],1,0,[1,0,0,0,0,0,0,0],0,0,[0,0,0,0,-1,0,0,0],0,0},{'A',[0,0,1,0,0,0,0,-1],1,0,[0,0,1,0,0,0,0,0],0,0,[0,0,0,0,0,0,0,-1],0,0},{'A',[1,0,1,0,-1,0,0,-1],2,0,[0,0,1,0,0,0,0,-1],1,0,[1,0,0,0,-1,0,0,0],1,0},{'A',[0,1,0,1,0,0,0,0],1,0,[0,1,0,0,0,0,0,0],0,0,[0,0,0,1,0,0,0,0],0,0},{'A',[1,-2,1,-2,-1,0,0,-1],3,0,[1,0,1,0,-1,0,0,-1],2,0,[0,-1,0,-1,0,0,0,0],1,1},{'A',[0,0,0,0,0,-4,1,0],1,0,[0,0,0,0,0,0,1,0],0,0,[0,0,0,0,0,-1,0,0],0,2},{'A',[1,-2,1,-2,-1,-4,1,-1],4,0,[0,0,0,0,0,-4,1,0],1,0,[1,-2,1,-2,-1,0,0,-1],3,0},{'A',[9,-2,1,-2,-9,-4,1,-1],5,0,[1,0,0,0,-1,0,0,0],1,3,[1,-2,1,-2,-1,-4,1,-1],4,0},{'A',[5,6,-3,6,-5,-4,1,3],6,0,[9,-2,1,-2,-9,-4,1,-1],5,0,[-1,2,-1,2,1,0,0,1],3,2},{'O',[-5,-6,3,-6,5,4,-1,-3],6,[-5,-6,3,-6,5,4,-1,-3],6,0}}
Finished solving after 53547.3 seconds
Adder graph: {{'A',[1,0,0,0,-1,0,0,0],1,0,[1,0,0,0,0,0,0,0],0,0,[0,0,0,0,-1,0,0,0],0,0},{'A',[0,0,1,0,0,0,0,-1],1,0,[0,0,1,0,0,0,0,0],0,0,[0,0,0,0,0,0,0,-1],0,0},{'A',[1,0,1,0,-1,0,0,-1],2,0,[0,0,1,0,0,0,0,-1],1,0,[1,0,0,0,-1,0,0,0],1,0},{'A',[0,1,0,1,0,0,0,0],1,0,[0,1,0,0,0,0,0,0],0,0,[0,0,0,1,0,0,0,0],0,0},{'A',[1,-2,1,-2,-1,0,0,-1],3,0,[1,0,1,0,-1,0,0,-1],2,0,[0,-1,0,-1,0,0,0,0],1,1},{'A',[0,0,0,0,0,-4,1,0],1,0,[0,0,0,0,0,0,1,0],0,0,[0,0,0,0,0,-1,0,0],0,2},{'A',[1,-2,1,-2,-1,-4,1,-1],4,0,[0,0,0,0,0,-4,1,0],1,0,[1,-2,1,-2,-1,0,0,-1],3,0},{'A',[9,-2,1,-2,-9,-4,1,-1],5,0,[1,0,0,0,-1,0,0,0],1,3,[1,-2,1,-2,-1,-4,1,-1],4,0},{'A',[5,6,-3,6,-5,-4,1,3],6,0,[9,-2,1,-2,-9,-4,1,-1],5,0,[-1,2,-1,2,1,0,0,1],3,2},{'O',[-5,-6,3,-6,5,4,-1,-3],6,[-5,-6,3,-6,5,4,-1,-3],6,0}}
#Add optimal = 1
#FAs optimal = 0
