Adder graph: {{'A',[2,0,0,1,0,0,0,0],1,0,[1,0,0,0,0,0,0,0],0,1,[0,0,0,1,0,0,0,0],0,0},{'A',[2,0,0,1,0,0,0,1],2,0,[0,0,0,0,0,0,0,1],0,0,[2,0,0,1,0,0,0,0],1,0},{'A',[-2,0,0,-1,0,2,0,-1],3,0,[0,0,0,0,0,1,0,0],0,1,[-2,0,0,-1,0,0,0,-1],2,0},{'A',[2,0,0,1,0,-2,2,1],4,0,[0,0,0,0,0,0,1,0],0,1,[2,0,0,1,0,-2,0,1],3,0},{'A',[2,0,1,1,0,-2,0,1],4,0,[0,0,1,0,0,0,0,0],0,0,[2,0,0,1,0,-2,0,1],3,0},{'A',[-6,0,1,-3,0,6,-8,-3],5,0,[2,0,1,1,0,-2,0,1],4,0,[-2,0,0,-1,0,2,-2,-1],4,2},{'A',[-6,0,1,-3,1,6,-8,-3],6,0,[0,0,0,0,1,0,0,0],0,0,[-6,0,1,-3,0,6,-8,-3],5,0},{'A',[-6,0,1,5,1,6,-8,-3],7,0,[-6,0,1,-3,1,6,-8,-3],6,0,[0,0,0,1,0,0,0,0],0,3},{'A',[-6,-1,1,5,1,6,-8,-3],8,0,[-6,0,1,5,1,6,-8,-3],7,0,[0,-1,0,0,0,0,0,0],0,0},{'O',[-6,-1,1,5,1,6,-8,-3],8,[-6,-1,1,5,1,6,-8,-3],8,0}}
Adder graph: {{'A',[2,0,0,0,0,0,0,1],1,0,[1,0,0,0,0,0,0,0],0,1,[0,0,0,0,0,0,0,1],0,0},{'A',[2,0,0,1,0,0,0,1],2,0,[0,0,0,1,0,0,0,0],0,0,[2,0,0,0,0,0,0,1],1,0},{'A',[2,0,0,1,0,-2,0,1],3,0,[2,0,0,1,0,0,0,1],2,0,[0,0,0,0,0,-1,0,0],0,1},{'A',[-8,0,1,-4,0,8,0,-4],4,0,[0,0,1,0,0,0,0,0],0,0,[-2,0,0,-1,0,2,0,-1],3,2},{'A',[0,1,0,0,0,0,8,0],1,0,[0,1,0,0,0,0,0,0],0,0,[0,0,0,0,0,0,1,0],0,3},{'A',[-8,0,1,4,0,8,0,-4],5,0,[-8,0,1,-4,0,8,0,-4],4,0,[0,0,0,1,0,0,0,0],0,3},{'A',[0,-1,0,0,1,0,-8,0],2,0,[0,0,0,0,1,0,0,0],0,0,[0,-1,0,0,0,0,-8,0],1,0},{'A',[-6,0,1,5,0,6,0,-3],6,0,[2,0,0,1,0,-2,0,1],3,0,[-8,0,1,4,0,8,0,-4],5,0},{'A',[-6,-1,1,5,1,6,-8,-3],7,0,[0,-1,0,0,1,0,-8,0],2,0,[-6,0,1,5,0,6,0,-3],6,0},{'O',[-6,-1,1,5,1,6,-8,-3],7,[-6,-1,1,5,1,6,-8,-3],7,0}}
Adder graph: {{'A',[2,0,0,0,0,0,0,1],1,0,[1,0,0,0,0,0,0,0],0,1,[0,0,0,0,0,0,0,1],0,0},{'A',[0,0,0,1,0,1,0,0],1,0,[0,0,0,1,0,0,0,0],0,0,[0,0,0,0,0,1,0,0],0,0},{'A',[2,0,0,-2,0,-2,0,1],2,0,[2,0,0,0,0,0,0,1],1,0,[0,0,0,-1,0,-1,0,0],1,1},{'A',[-2,0,1,2,0,2,0,-1],3,0,[0,0,1,0,0,0,0,0],0,0,[-2,0,0,2,0,2,0,-1],2,0},{'A',[2,0,0,-2,0,-2,4,1],3,0,[2,0,0,-2,0,-2,0,1],2,0,[0,0,0,0,0,0,1,0],0,2},{'A',[-6,0,1,6,0,6,-8,-3],4,0,[-2,0,1,2,0,2,0,-1],3,0,[-2,0,0,2,0,2,-4,-1],3,1},{'A',[0,0,0,-1,1,0,0,0],1,0,[0,0,0,0,1,0,0,0],0,0,[0,0,0,-1,0,0,0,0],0,0},{'A',[-6,0,1,5,1,6,-8,-3],5,0,[-6,0,1,6,0,6,-8,-3],4,0,[0,0,0,-1,1,0,0,0],1,0},{'A',[6,1,-1,-5,-1,-6,8,3],6,0,[0,1,0,0,0,0,0,0],0,0,[6,0,-1,-5,-1,-6,8,3],5,0},{'O',[-6,-1,1,5,1,6,-8,-3],6,[-6,-1,1,5,1,6,-8,-3],6,0}}
Adder graph: {{'A',[0,0,0,1,0,0,-1,0],1,0,[0,0,0,1,0,0,0,0],0,0,[0,0,0,0,0,0,-1,0],0,0},{'A',[0,0,0,1,0,0,0,1],1,0,[0,0,0,1,0,0,0,0],0,0,[0,0,0,0,0,0,0,1],0,0},{'A',[-1,0,0,0,0,1,0,0],1,0,[0,0,0,0,0,1,0,0],0,0,[-1,0,0,0,0,0,0,0],0,0},{'A',[2,0,0,1,0,-2,0,1],2,0,[0,0,0,1,0,0,0,1],1,0,[1,0,0,0,0,-1,0,0],1,1},{'A',[0,0,1,8,0,0,-8,0],2,0,[0,0,1,0,0,0,0,0],0,0,[0,0,0,1,0,0,-1,0],1,3},{'A',[6,0,0,3,0,-6,0,3],3,0,[2,0,0,1,0,-2,0,1],2,1,[2,0,0,1,0,-2,0,1],2,0},{'A',[0,1,0,0,-1,0,0,0],1,0,[0,1,0,0,0,0,0,0],0,0,[0,0,0,0,-1,0,0,0],0,0},{'A',[6,0,-1,-5,0,-6,8,3],4,0,[6,0,0,3,0,-6,0,3],3,0,[0,0,-1,-8,0,0,8,0],2,0},{'A',[6,1,-1,-5,-1,-6,8,3],5,0,[6,0,-1,-5,0,-6,8,3],4,0,[0,1,0,0,-1,0,0,0],1,0},{'O',[-6,-1,1,5,1,6,-8,-3],5,[-6,-1,1,5,1,6,-8,-3],5,0}}
Adder graph: {{'A',[0,0,0,0,0,-2,0,1],1,0,[0,0,0,0,0,0,0,1],0,0,[0,0,0,0,0,-1,0,0],0,1},{'A',[2,0,0,1,0,0,0,0],1,0,[0,0,0,1,0,0,0,0],0,0,[1,0,0,0,0,0,0,0],0,1},{'A',[2,0,0,1,0,-2,0,1],2,0,[0,0,0,0,0,-2,0,1],1,0,[2,0,0,1,0,0,0,0],1,0},{'A',[0,1,-1,0,0,0,0,0],1,0,[0,1,0,0,0,0,0,0],0,0,[0,0,-1,0,0,0,0,0],0,0},{'A',[0,1,-1,-8,0,0,0,0],2,0,[0,1,-1,0,0,0,0,0],1,0,[0,0,0,-1,0,0,0,0],0,3},{'A',[-2,1,-1,-9,0,2,0,-1],3,0,[0,1,-1,-8,0,0,0,0],2,0,[-2,0,0,-1,0,2,0,-1],2,0},{'A',[6,1,-1,-5,0,-6,0,3],4,0,[-2,1,-1,-9,0,2,0,-1],3,0,[2,0,0,1,0,-2,0,1],2,2},{'A',[-6,-1,1,5,1,6,0,-3],5,0,[0,0,0,0,1,0,0,0],0,0,[-6,-1,1,5,0,6,0,-3],4,0},{'A',[-6,-1,1,5,1,6,-8,-3],6,0,[-6,-1,1,5,1,6,0,-3],5,0,[0,0,0,0,0,0,-1,0],0,3},{'O',[-6,-1,1,5,1,6,-8,-3],6,[-6,-1,1,5,1,6,-8,-3],6,0}}
Adder graph: {{'A',[1,0,0,0,0,-1,0,0],1,0,[1,0,0,0,0,0,0,0],0,0,[0,0,0,0,0,-1,0,0],0,0},{'A',[0,0,0,-1,0,0,0,1],1,0,[0,0,0,0,0,0,0,1],0,0,[0,0,0,-1,0,0,0,0],0,0},{'A',[2,0,0,-1,0,-2,0,1],2,0,[1,0,0,0,0,-1,0,0],1,1,[0,0,0,-1,0,0,0,1],1,0},{'A',[0,1,0,0,0,0,8,0],1,0,[0,1,0,0,0,0,0,0],0,0,[0,0,0,0,0,0,1,0],0,3},{'A',[2,0,0,-1,1,-2,0,1],3,0,[2,0,0,-1,0,-2,0,1],2,0,[0,0,0,0,1,0,0,0],0,0},{'A',[0,0,1,2,0,0,0,0],1,0,[0,0,1,0,0,0,0,0],0,0,[0,0,0,1,0,0,0,0],0,1},{'A',[2,0,1,1,1,-2,0,1],4,0,[0,0,1,2,0,0,0,0],1,0,[2,0,0,-1,1,-2,0,1],3,0},{'A',[2,-1,1,1,1,-2,-8,1],5,0,[2,0,1,1,1,-2,0,1],4,0,[0,-1,0,0,0,0,-8,0],1,0},{'A',[-6,-1,1,5,1,6,-8,-3],6,0,[2,-1,1,1,1,-2,-8,1],5,0,[-2,0,0,1,0,2,0,-1],2,2},{'O',[-6,-1,1,5,1,6,-8,-3],6,[-6,-1,1,5,1,6,-8,-3],6,0}}
Adder graph: {{'A',[0,0,0,-1,0,0,2,0],1,0,[0,0,0,0,0,0,1,0],0,1,[0,0,0,-1,0,0,0,0],0,0},{'A',[-1,0,0,0,0,1,0,0],1,0,[0,0,0,0,0,1,0,0],0,0,[-1,0,0,0,0,0,0,0],0,0},{'A',[2,0,0,0,0,-2,0,1],2,0,[0,0,0,0,0,0,0,1],0,0,[1,0,0,0,0,-1,0,0],1,1},{'A',[0,0,1,1,0,0,0,0],1,0,[0,0,1,0,0,0,0,0],0,0,[0,0,0,1,0,0,0,0],0,0},{'A',[0,0,1,1,1,0,0,0],2,0,[0,0,0,0,1,0,0,0],0,0,[0,0,1,1,0,0,0,0],1,0},{'A',[-6,0,0,0,0,6,0,-3],3,0,[2,0,0,0,0,-2,0,1],2,0,[-2,0,0,0,0,2,0,-1],2,2},{'A',[0,-1,1,1,1,0,0,0],3,0,[0,0,1,1,1,0,0,0],2,0,[0,-1,0,0,0,0,0,0],0,0},{'A',[0,-1,1,5,1,0,-8,0],4,0,[0,-1,1,1,1,0,0,0],3,0,[0,0,0,1,0,0,-2,0],1,2},{'A',[-6,-1,1,5,1,6,-8,-3],5,0,[0,-1,1,5,1,0,-8,0],4,0,[-6,0,0,0,0,6,0,-3],3,0},{'O',[-6,-1,1,5,1,6,-8,-3],5,[-6,-1,1,5,1,6,-8,-3],5,0}}
Adder graph: {{'A',[0,1,-1,0,0,0,0,0],1,0,[0,1,0,0,0,0,0,0],0,0,[0,0,-1,0,0,0,0,0],0,0},{'A',[0,0,0,1,1,0,0,0],1,0,[0,0,0,0,1,0,0,0],0,0,[0,0,0,1,0,0,0,0],0,0},{'A',[2,0,0,0,0,0,0,1],1,0,[1,0,0,0,0,0,0,0],0,1,[0,0,0,0,0,0,0,1],0,0},{'A',[2,0,0,0,0,-2,0,1],2,0,[2,0,0,0,0,0,0,1],1,0,[0,0,0,0,0,-1,0,0],0,1},{'A',[0,0,0,5,1,0,0,0],2,0,[0,0,0,1,1,0,0,0],1,0,[0,0,0,1,0,0,0,0],0,2},{'A',[-2,1,-1,0,0,2,0,-1],3,0,[0,1,-1,0,0,0,0,0],1,0,[-2,0,0,0,0,2,0,-1],2,0},{'A',[2,-1,1,5,1,-2,0,1],4,0,[0,0,0,5,1,0,0,0],2,0,[2,-1,1,0,0,-2,0,1],3,0},{'A',[2,0,0,0,0,-2,2,1],3,0,[2,0,0,0,0,-2,0,1],2,0,[0,0,0,0,0,0,1,0],0,1},{'A',[-6,-1,1,5,1,6,-8,-3],5,0,[2,-1,1,5,1,-2,0,1],4,0,[-2,0,0,0,0,2,-2,-1],3,2},{'O',[-6,-1,1,5,1,6,-8,-3],5,[-6,-1,1,5,1,6,-8,-3],5,0}}
Adder graph: {{'A',[2,0,0,0,0,0,0,1],1,0,[1,0,0,0,0,0,0,0],0,1,[0,0,0,0,0,0,0,1],0,0},{'A',[2,0,0,0,0,-2,0,1],2,0,[2,0,0,0,0,0,0,1],1,0,[0,0,0,0,0,-1,0,0],0,1},{'A',[-6,0,0,0,0,6,0,-3],3,0,[2,0,0,0,0,-2,0,1],2,0,[-2,0,0,0,0,2,0,-1],2,2},{'A',[0,1,-1,0,0,0,0,0],1,0,[0,1,0,0,0,0,0,0],0,0,[0,0,-1,0,0,0,0,0],0,0},{'A',[0,0,0,1,1,0,0,0],1,0,[0,0,0,1,0,0,0,0],0,0,[0,0,0,0,1,0,0,0],0,0},{'A',[0,0,0,1,0,0,-2,0],1,0,[0,0,0,1,0,0,0,0],0,0,[0,0,0,0,0,0,-1,0],0,1},{'A',[0,1,-1,-1,-1,0,0,0],2,0,[0,1,-1,0,0,0,0,0],1,0,[0,0,0,-1,-1,0,0,0],1,0},{'A',[0,1,-1,-5,-1,0,8,0],3,0,[0,1,-1,-1,-1,0,0,0],2,0,[0,0,0,-1,0,0,2,0],1,2},{'A',[6,1,-1,-5,-1,-6,8,3],4,0,[0,1,-1,-5,-1,0,8,0],3,0,[6,0,0,0,0,-6,0,3],3,0},{'O',[-6,-1,1,5,1,6,-8,-3],4,[-6,-1,1,5,1,6,-8,-3],4,0}}
Adder graph: {{'A',[0,0,0,1,1,0,0,0],1,0,[0,0,0,0,1,0,0,0],0,0,[0,0,0,1,0,0,0,0],0,0},{'A',[2,0,0,0,0,0,0,1],1,0,[1,0,0,0,0,0,0,0],0,1,[0,0,0,0,0,0,0,1],0,0},{'A',[0,1,-1,0,0,0,0,0],1,0,[0,1,0,0,0,0,0,0],0,0,[0,0,-1,0,0,0,0,0],0,0},{'A',[0,-1,1,1,1,0,0,0],2,0,[0,0,0,1,1,0,0,0],1,0,[0,-1,1,0,0,0,0,0],1,0},{'A',[2,0,0,0,0,-2,0,1],2,0,[2,0,0,0,0,0,0,1],1,0,[0,0,0,0,0,-1,0,0],0,1},{'A',[-6,0,0,0,0,6,0,-3],3,0,[2,0,0,0,0,-2,0,1],2,0,[-2,0,0,0,0,2,0,-1],2,2},{'A',[0,-1,1,5,1,0,0,0],3,0,[0,-1,1,1,1,0,0,0],2,0,[0,0,0,1,0,0,0,0],0,2},{'A',[0,-1,1,5,1,0,-8,0],4,0,[0,-1,1,5,1,0,0,0],3,0,[0,0,0,0,0,0,-1,0],0,3},{'A',[-6,-1,1,5,1,6,-8,-3],5,0,[-6,0,0,0,0,6,0,-3],3,0,[0,-1,1,5,1,0,-8,0],4,0},{'O',[-6,-1,1,5,1,6,-8,-3],5,[-6,-1,1,5,1,6,-8,-3],5,0}}
Finished solving after 84535.2 seconds
Adder graph: {{'A',[0,0,0,1,1,0,0,0],1,0,[0,0,0,0,1,0,0,0],0,0,[0,0,0,1,0,0,0,0],0,0},{'A',[2,0,0,0,0,0,0,1],1,0,[1,0,0,0,0,0,0,0],0,1,[0,0,0,0,0,0,0,1],0,0},{'A',[0,1,-1,0,0,0,0,0],1,0,[0,1,0,0,0,0,0,0],0,0,[0,0,-1,0,0,0,0,0],0,0},{'A',[0,-1,1,1,1,0,0,0],2,0,[0,0,0,1,1,0,0,0],1,0,[0,-1,1,0,0,0,0,0],1,0},{'A',[2,0,0,0,0,-2,0,1],2,0,[2,0,0,0,0,0,0,1],1,0,[0,0,0,0,0,-1,0,0],0,1},{'A',[-6,0,0,0,0,6,0,-3],3,0,[2,0,0,0,0,-2,0,1],2,0,[-2,0,0,0,0,2,0,-1],2,2},{'A',[0,-1,1,5,1,0,0,0],3,0,[0,-1,1,1,1,0,0,0],2,0,[0,0,0,1,0,0,0,0],0,2},{'A',[0,-1,1,5,1,0,-8,0],4,0,[0,-1,1,5,1,0,0,0],3,0,[0,0,0,0,0,0,-1,0],0,3},{'A',[-6,-1,1,5,1,6,-8,-3],5,0,[-6,0,0,0,0,6,0,-3],3,0,[0,-1,1,5,1,0,-8,0],4,0},{'O',[-6,-1,1,5,1,6,-8,-3],5,[-6,-1,1,5,1,6,-8,-3],5,0}}
#Add optimal = 1
#FAs optimal = 0
