Adder graph: {{'A',[1,0,0,0,-8,0,0,0],1,0,[1,0,0,0,0,0,0,0],0,0,[0,0,0,0,-1,0,0,0],0,3},{'A',[0,0,0,1,1,0,0,0],1,0,[0,0,0,1,0,0,0,0],0,0,[0,0,0,0,1,0,0,0],0,0},{'A',[0,1,0,0,0,0,-2,0],1,0,[0,1,0,0,0,0,0,0],0,0,[0,0,0,0,0,0,-1,0],0,1},{'A',[0,-2,0,0,0,0,4,1],2,0,[0,0,0,0,0,0,0,1],0,0,[0,-1,0,0,0,0,2,0],1,1},{'A',[4,0,0,-1,-1,0,0,0],2,0,[1,0,0,0,0,0,0,0],0,2,[0,0,0,-1,-1,0,0,0],1,0},{'A',[1,0,0,0,-8,4,0,0],2,0,[1,0,0,0,-8,0,0,0],1,0,[0,0,0,0,0,1,0,0],0,2},{'A',[8,0,1,-2,-2,0,0,0],3,0,[0,0,1,0,0,0,0,0],0,0,[4,0,0,-1,-1,0,0,0],2,1},{'A',[1,-2,0,0,-8,4,4,1],3,0,[0,-2,0,0,0,0,4,1],2,0,[1,0,0,0,-8,4,0,0],2,0},{'A',[-7,-2,-1,2,-6,4,4,1],4,0,[1,-2,0,0,-8,4,4,1],3,0,[-8,0,-1,2,2,0,0,0],3,0},{'O',[-7,-2,-1,2,-6,4,4,1],4,[-7,-2,-1,2,-6,4,4,1],4,0}}
Adder graph: {{'A',[1,0,0,0,0,0,4,0],1,0,[0,0,0,0,0,0,1,0],0,2,[1,0,0,0,0,0,0,0],0,0},{'A',[0,0,0,0,2,0,0,1],1,0,[0,0,0,0,1,0,0,0],0,1,[0,0,0,0,0,0,0,1],0,0},{'A',[0,0,0,0,-6,0,0,1],2,0,[0,0,0,0,2,0,0,1],1,0,[0,0,0,0,-1,0,0,0],0,3},{'A',[0,-1,0,0,0,2,0,0],1,0,[0,0,0,0,0,1,0,0],0,1,[0,-1,0,0,0,0,0,0],0,0},{'A',[1,-2,0,0,0,4,4,0],2,0,[1,0,0,0,0,0,4,0],1,0,[0,-1,0,0,0,2,0,0],1,1},{'A',[-7,-2,0,0,0,4,4,0],3,0,[1,-2,0,0,0,4,4,0],2,0,[-1,0,0,0,0,0,0,0],0,3},{'A',[-7,-2,0,0,-6,4,4,1],4,0,[-7,-2,0,0,0,4,4,0],3,0,[0,0,0,0,-6,0,0,1],2,0},{'A',[0,0,1,-2,0,0,0,0],1,0,[0,0,1,0,0,0,0,0],0,0,[0,0,0,-1,0,0,0,0],0,1},{'A',[7,2,1,-2,6,-4,-4,-1],5,0,[0,0,1,-2,0,0,0,0],1,0,[7,2,0,0,6,-4,-4,-1],4,0},{'O',[-7,-2,-1,2,-6,4,4,1],5,[-7,-2,-1,2,-6,4,4,1],5,0}}
Adder graph: {{'A',[-1,0,1,0,0,0,0,0],1,0,[0,0,1,0,0,0,0,0],0,0,[-1,0,0,0,0,0,0,0],0,0},{'A',[-1,0,1,-2,0,0,0,0],2,0,[-1,0,1,0,0,0,0,0],1,0,[0,0,0,-1,0,0,0,0],0,1},{'A',[-1,0,1,-2,0,-4,0,0],3,0,[-1,0,1,-2,0,0,0,0],2,0,[0,0,0,0,0,-1,0,0],0,2},{'A',[0,0,0,0,-8,0,0,1],1,0,[0,0,0,0,0,0,0,1],0,0,[0,0,0,0,-1,0,0,0],0,3},{'A',[0,1,0,0,-1,0,0,0],1,0,[0,1,0,0,0,0,0,0],0,0,[0,0,0,0,-1,0,0,0],0,0},{'A',[-8,0,0,0,-8,0,0,1],2,0,[0,0,0,0,-8,0,0,1],1,0,[-1,0,0,0,0,0,0,0],0,3},{'A',[0,-1,0,0,1,0,2,0],2,0,[0,0,0,0,0,0,1,0],0,1,[0,-1,0,0,1,0,0,0],1,0},{'A',[7,0,1,-2,8,-4,0,-1],4,0,[-1,0,1,-2,0,-4,0,0],3,0,[8,0,0,0,8,0,0,-1],2,0},{'A',[7,2,1,-2,6,-4,-4,-1],5,0,[7,0,1,-2,8,-4,0,-1],4,0,[0,1,0,0,-1,0,-2,0],2,1},{'O',[-7,-2,-1,2,-6,4,4,1],5,[-7,-2,-1,2,-6,4,4,1],5,0}}
Adder graph: {{'A',[0,0,0,1,0,0,2,0],1,0,[0,0,0,1,0,0,0,0],0,0,[0,0,0,0,0,0,1,0],0,1},{'A',[-4,0,0,1,0,0,2,0],2,0,[0,0,0,1,0,0,2,0],1,0,[-1,0,0,0,0,0,0,0],0,2},{'A',[0,1,0,0,0,-2,0,0],1,0,[0,1,0,0,0,0,0,0],0,0,[0,0,0,0,0,-1,0,0],0,1},{'A',[0,0,0,0,-3,0,0,0],1,0,[0,0,0,0,1,0,0,0],0,0,[0,0,0,0,-1,0,0,0],0,2},{'A',[1,0,0,0,0,0,0,1],1,0,[1,0,0,0,0,0,0,0],0,0,[0,0,0,0,0,0,0,1],0,0},{'A',[0,1,0,0,3,-2,0,0],2,0,[0,1,0,0,0,-2,0,0],1,0,[0,0,0,0,3,0,0,0],1,0},{'A',[4,1,0,-1,3,-2,-2,0],3,0,[0,1,0,0,3,-2,0,0],2,0,[4,0,0,-1,0,0,-2,0],2,0},{'A',[1,0,-1,0,0,0,0,1],2,0,[1,0,0,0,0,0,0,1],1,0,[0,0,-1,0,0,0,0,0],0,0},{'A',[-7,-2,-1,2,-6,4,4,1],4,0,[1,0,-1,0,0,0,0,1],2,0,[-4,-1,0,1,-3,2,2,0],3,1},{'O',[-7,-2,-1,2,-6,4,4,1],4,[-7,-2,-1,2,-6,4,4,1],4,0}}
Adder graph: {{'A',[0,0,1,0,-2,0,0,0],1,0,[0,0,1,0,0,0,0,0],0,0,[0,0,0,0,-1,0,0,0],0,1},{'A',[-1,0,1,0,-2,0,0,0],2,0,[0,0,1,0,-2,0,0,0],1,0,[-1,0,0,0,0,0,0,0],0,0},{'A',[-1,0,1,0,6,0,0,0],3,0,[0,0,0,0,1,0,0,0],0,3,[-1,0,1,0,-2,0,0,0],2,0},{'A',[0,-2,0,0,0,0,0,1],1,0,[0,0,0,0,0,0,0,1],0,0,[0,-1,0,0,0,0,0,0],0,1},{'A',[0,-2,0,0,0,0,4,1],2,0,[0,-2,0,0,0,0,0,1],1,0,[0,0,0,0,0,0,1,0],0,2},{'A',[7,0,1,0,6,0,0,0],4,0,[-1,0,1,0,6,0,0,0],3,0,[1,0,0,0,0,0,0,0],0,3},{'A',[0,-2,0,0,0,4,4,1],3,0,[0,-2,0,0,0,0,4,1],2,0,[0,0,0,0,0,1,0,0],0,2},{'A',[0,-2,0,2,0,4,4,1],4,0,[0,0,0,1,0,0,0,0],0,1,[0,-2,0,0,0,4,4,1],3,0},{'A',[7,2,1,-2,6,-4,-4,-1],5,0,[7,0,1,0,6,0,0,0],4,0,[0,2,0,-2,0,-4,-4,-1],4,0},{'O',[-7,-2,-1,2,-6,4,4,1],5,[-7,-2,-1,2,-6,4,4,1],5,0}}
Adder graph: {{'A',[0,1,0,0,-1,0,0,0],1,0,[0,1,0,0,0,0,0,0],0,0,[0,0,0,0,-1,0,0,0],0,0},{'A',[0,1,0,0,3,0,0,0],2,0,[0,1,0,0,-1,0,0,0],1,0,[0,0,0,0,1,0,0,0],0,2},{'A',[0,0,0,0,0,1,1,0],1,0,[0,0,0,0,0,1,0,0],0,0,[0,0,0,0,0,0,1,0],0,0},{'A',[0,1,0,0,3,-2,-2,0],3,0,[0,1,0,0,3,0,0,0],2,0,[0,0,0,0,0,-1,-1,0],1,1},{'A',[0,0,0,2,0,0,0,1],1,0,[0,0,0,0,0,0,0,1],0,0,[0,0,0,1,0,0,0,0],0,1},{'A',[-1,0,1,0,0,0,0,0],1,0,[0,0,1,0,0,0,0,0],0,0,[-1,0,0,0,0,0,0,0],0,0},{'A',[0,-2,0,2,-6,4,4,1],4,0,[0,0,0,2,0,0,0,1],1,0,[0,-1,0,0,-3,2,2,0],3,1},{'A',[7,0,1,0,0,0,0,0],2,0,[1,0,0,0,0,0,0,0],0,3,[-1,0,1,0,0,0,0,0],1,0},{'A',[-7,-2,-1,2,-6,4,4,1],5,0,[0,-2,0,2,-6,4,4,1],4,0,[-7,0,-1,0,0,0,0,0],2,0},{'O',[-7,-2,-1,2,-6,4,4,1],5,[-7,-2,-1,2,-6,4,4,1],5,0}}
Adder graph: {{'A',[0,0,0,1,1,0,0,0],1,0,[0,0,0,0,1,0,0,0],0,0,[0,0,0,1,0,0,0,0],0,0},{'A',[0,0,1,0,0,0,0,-1],1,0,[0,0,1,0,0,0,0,0],0,0,[0,0,0,0,0,0,0,-1],0,0},{'A',[-1,0,1,0,0,0,0,-1],2,0,[0,0,1,0,0,0,0,-1],1,0,[-1,0,0,0,0,0,0,0],0,0},{'A',[-1,0,1,0,0,0,-4,-1],3,0,[-1,0,1,0,0,0,0,-1],2,0,[0,0,0,0,0,0,-1,0],0,2},{'A',[0,0,0,1,-3,0,0,0],2,0,[0,0,0,1,1,0,0,0],1,0,[0,0,0,0,-1,0,0,0],0,2},{'A',[-1,0,1,-2,6,0,-4,-1],4,0,[-1,0,1,0,0,0,-4,-1],3,0,[0,0,0,-1,3,0,0,0],2,1},{'A',[0,1,0,0,0,-2,0,0],1,0,[0,1,0,0,0,0,0,0],0,0,[0,0,0,0,0,-1,0,0],0,1},{'A',[4,1,0,0,0,-2,0,0],2,0,[1,0,0,0,0,0,0,0],0,2,[0,1,0,0,0,-2,0,0],1,0},{'A',[7,2,1,-2,6,-4,-4,-1],5,0,[-1,0,1,-2,6,0,-4,-1],4,0,[4,1,0,0,0,-2,0,0],2,1},{'O',[-7,-2,-1,2,-6,4,4,1],5,[-7,-2,-1,2,-6,4,4,1],5,0}}
Finished solving after 89726.8 seconds
Adder graph: {{'A',[0,0,0,1,1,0,0,0],1,0,[0,0,0,0,1,0,0,0],0,0,[0,0,0,1,0,0,0,0],0,0},{'A',[0,0,1,0,0,0,0,-1],1,0,[0,0,1,0,0,0,0,0],0,0,[0,0,0,0,0,0,0,-1],0,0},{'A',[-1,0,1,0,0,0,0,-1],2,0,[0,0,1,0,0,0,0,-1],1,0,[-1,0,0,0,0,0,0,0],0,0},{'A',[-1,0,1,0,0,0,-4,-1],3,0,[-1,0,1,0,0,0,0,-1],2,0,[0,0,0,0,0,0,-1,0],0,2},{'A',[0,0,0,1,-3,0,0,0],2,0,[0,0,0,1,1,0,0,0],1,0,[0,0,0,0,-1,0,0,0],0,2},{'A',[-1,0,1,-2,6,0,-4,-1],4,0,[-1,0,1,0,0,0,-4,-1],3,0,[0,0,0,-1,3,0,0,0],2,1},{'A',[0,1,0,0,0,-2,0,0],1,0,[0,1,0,0,0,0,0,0],0,0,[0,0,0,0,0,-1,0,0],0,1},{'A',[4,1,0,0,0,-2,0,0],2,0,[1,0,0,0,0,0,0,0],0,2,[0,1,0,0,0,-2,0,0],1,0},{'A',[7,2,1,-2,6,-4,-4,-1],5,0,[-1,0,1,-2,6,0,-4,-1],4,0,[4,1,0,0,0,-2,0,0],2,1},{'O',[-7,-2,-1,2,-6,4,4,1],5,[-7,-2,-1,2,-6,4,4,1],5,0}}
#Add optimal = 0
#FAs optimal = 0
