Adder graph: {{'A',[0,0,0,4,0,-1,0,0],1,0,[0,0,0,1,0,0,0,0],0,2,[0,0,0,0,0,-1,0,0],0,0},{'A',[0,0,0,-4,0,1,8,0],2,0,[0,0,0,0,0,0,1,0],0,3,[0,0,0,-4,0,1,0,0],1,0},{'A',[2,0,0,1,0,0,0,0],1,0,[0,0,0,1,0,0,0,0],0,0,[1,0,0,0,0,0,0,0],0,1},{'A',[0,0,-1,0,1,0,0,0],1,0,[0,0,0,0,1,0,0,0],0,0,[0,0,-1,0,0,0,0,0],0,0},{'A',[0,0,-1,0,1,0,0,-1],2,0,[0,0,-1,0,1,0,0,0],1,0,[0,0,0,0,0,0,0,-1],0,0},{'A',[2,0,-1,1,1,0,0,-1],3,0,[0,0,-1,0,1,0,0,-1],2,0,[2,0,0,1,0,0,0,0],1,0},{'A',[2,0,3,1,-3,0,0,3],4,0,[2,0,-1,1,1,0,0,-1],3,0,[0,0,1,0,-1,0,0,1],2,2},{'A',[0,4,0,-4,0,1,8,0],3,0,[0,1,0,0,0,0,0,0],0,2,[0,0,0,-4,0,1,8,0],2,0},{'A',[-2,4,-3,-5,3,1,8,-3],5,0,[0,4,0,-4,0,1,8,0],3,0,[-2,0,-3,-1,3,0,0,-3],4,0},{'O',[2,-4,3,5,-3,-1,-8,3],5,[2,-4,3,5,-3,-1,-8,3],5,0}}
Adder graph: {{'A',[2,0,0,1,0,0,0,0],1,0,[0,0,0,1,0,0,0,0],0,0,[1,0,0,0,0,0,0,0],0,1},{'A',[0,0,0,0,0,1,8,0],1,0,[0,0,0,0,0,0,1,0],0,3,[0,0,0,0,0,1,0,0],0,0},{'A',[0,0,0,0,-1,0,0,1],1,0,[0,0,0,0,0,0,0,1],0,0,[0,0,0,0,-1,0,0,0],0,0},{'A',[0,0,1,0,-1,0,0,1],2,0,[0,0,0,0,-1,0,0,1],1,0,[0,0,1,0,0,0,0,0],0,0},{'A',[0,0,1,0,-1,1,8,1],3,0,[0,0,0,0,0,1,8,0],1,0,[0,0,1,0,-1,0,0,1],2,0},{'A',[0,4,1,0,-1,1,8,1],4,0,[0,0,1,0,-1,1,8,1],3,0,[0,1,0,0,0,0,0,0],0,2},{'A',[0,0,1,1,-1,0,0,1],3,0,[0,0,1,0,-1,0,0,1],2,0,[0,0,0,1,0,0,0,0],0,0},{'A',[-2,4,1,-1,-1,1,8,1],5,0,[0,4,1,0,-1,1,8,1],4,0,[-2,0,0,-1,0,0,0,0],1,0},{'A',[2,-4,3,5,-3,-1,-8,3],6,0,[0,0,1,1,-1,0,0,1],3,2,[2,-4,-1,1,1,-1,-8,-1],5,0},{'O',[2,-4,3,5,-3,-1,-8,3],6,[2,-4,3,5,-3,-1,-8,3],6,0}}
Adder graph: {{'A',[0,0,1,0,0,0,0,1],1,0,[0,0,0,0,0,0,0,1],0,0,[0,0,1,0,0,0,0,0],0,0},{'A',[0,0,0,-4,0,1,0,0],1,0,[0,0,0,0,0,1,0,0],0,0,[0,0,0,-1,0,0,0,0],0,2},{'A',[0,0,1,0,-1,0,0,1],2,0,[0,0,1,0,0,0,0,1],1,0,[0,0,0,0,-1,0,0,0],0,0},{'A',[-2,0,0,-4,0,1,0,0],2,0,[0,0,0,-4,0,1,0,0],1,0,[-1,0,0,0,0,0,0,0],0,1},{'A',[0,1,0,0,0,0,2,0],1,0,[0,1,0,0,0,0,0,0],0,0,[0,0,0,0,0,0,1,0],0,1},{'A',[0,4,1,0,-1,0,8,1],3,0,[0,0,1,0,-1,0,0,1],2,0,[0,1,0,0,0,0,2,0],1,2},{'A',[0,0,4,1,-4,0,0,4],3,0,[0,0,1,0,-1,0,0,1],2,2,[0,0,0,1,0,0,0,0],0,0},{'A',[0,-4,3,1,-3,0,-8,3],4,0,[0,0,4,1,-4,0,0,4],3,0,[0,-4,-1,0,1,0,-8,-1],3,0},{'A',[-2,4,-3,-5,3,1,8,-3],5,0,[-2,0,0,-4,0,1,0,0],2,0,[0,4,-3,-1,3,0,8,-3],4,0},{'O',[2,-4,3,5,-3,-1,-8,3],5,[2,-4,3,5,-3,-1,-8,3],5,0}}
Adder graph: {{'A',[0,0,0,-1,1,0,0,0],1,0,[0,0,0,0,1,0,0,0],0,0,[0,0,0,-1,0,0,0,0],0,0},{'A',[0,0,-1,-1,1,0,0,0],2,0,[0,0,0,-1,1,0,0,0],1,0,[0,0,-1,0,0,0,0,0],0,0},{'A',[0,0,-1,-1,1,0,0,-1],3,0,[0,0,-1,-1,1,0,0,0],2,0,[0,0,0,0,0,0,0,-1],0,0},{'A',[0,0,-1,1,1,0,0,-1],4,0,[0,0,-1,-1,1,0,0,-1],3,0,[0,0,0,1,0,0,0,0],0,1},{'A',[0,0,0,0,0,1,8,0],1,0,[0,0,0,0,0,1,0,0],0,0,[0,0,0,0,0,0,1,0],0,3},{'A',[0,-4,-1,1,1,0,0,-1],5,0,[0,0,-1,1,1,0,0,-1],4,0,[0,-1,0,0,0,0,0,0],0,2},{'A',[0,0,-4,-4,4,1,8,-4],4,0,[0,0,0,0,0,1,8,0],1,0,[0,0,-1,-1,1,0,0,-1],3,2},{'A',[0,-4,3,5,-3,-1,-8,3],6,0,[0,-4,-1,1,1,0,0,-1],5,0,[0,0,4,4,-4,-1,-8,4],4,0},{'A',[2,-4,3,5,-3,-1,-8,3],7,0,[0,-4,3,5,-3,-1,-8,3],6,0,[1,0,0,0,0,0,0,0],0,1},{'O',[2,-4,3,5,-3,-1,-8,3],7,[2,-4,3,5,-3,-1,-8,3],7,0}}
Adder graph: {{'A',[0,0,-1,1,0,0,0,0],1,0,[0,0,0,1,0,0,0,0],0,0,[0,0,-1,0,0,0,0,0],0,0},{'A',[0,0,1,-1,0,0,0,1],2,0,[0,0,0,0,0,0,0,1],0,0,[0,0,1,-1,0,0,0,0],1,0},{'A',[1,-2,0,0,0,0,0,0],1,0,[1,0,0,0,0,0,0,0],0,0,[0,-1,0,0,0,0,0,0],0,1},{'A',[0,0,-1,1,1,0,0,-1],3,0,[0,0,0,0,1,0,0,0],0,0,[0,0,-1,1,0,0,0,-1],2,0},{'A',[0,0,-1,1,1,0,-8,-1],4,0,[0,0,-1,1,1,0,0,-1],3,0,[0,0,0,0,0,0,-1,0],0,3},{'A',[1,-2,0,4,0,0,0,0],2,0,[1,-2,0,0,0,0,0,0],1,0,[0,0,0,1,0,0,0,0],0,2},{'A',[0,0,1,-1,-1,1,8,1],5,0,[0,0,0,0,0,1,0,0],0,0,[0,0,1,-1,-1,0,8,1],4,0},{'A',[0,0,-3,3,3,1,8,-3],6,0,[0,0,-1,1,1,0,0,-1],3,2,[0,0,1,-1,-1,1,8,1],5,0},{'A',[-2,4,-3,-5,3,1,8,-3],7,0,[0,0,-3,3,3,1,8,-3],6,0,[-1,2,0,-4,0,0,0,0],2,1},{'O',[2,-4,3,5,-3,-1,-8,3],7,[2,-4,3,5,-3,-1,-8,3],7,0}}
Adder graph: {{'A',[0,0,0,1,0,0,0,-1],1,0,[0,0,0,1,0,0,0,0],0,0,[0,0,0,0,0,0,0,-1],0,0},{'A',[0,0,-1,1,0,0,0,-1],2,0,[0,0,0,1,0,0,0,-1],1,0,[0,0,-1,0,0,0,0,0],0,0},{'A',[0,0,-1,1,1,0,0,-1],3,0,[0,0,-1,1,0,0,0,-1],2,0,[0,0,0,0,1,0,0,0],0,0},{'A',[-2,0,0,0,0,1,0,0],1,0,[0,0,0,0,0,1,0,0],0,0,[-1,0,0,0,0,0,0,0],0,1},{'A',[0,0,-1,-1,1,0,0,-1],4,0,[0,0,-1,1,1,0,0,-1],3,0,[0,0,0,-1,0,0,0,0],0,1},{'A',[0,0,3,5,-3,0,0,3],5,0,[0,0,-1,1,1,0,0,-1],3,0,[0,0,1,1,-1,0,0,1],4,2},{'A',[-2,0,0,0,0,1,8,0],2,0,[0,0,0,0,0,0,1,0],0,3,[-2,0,0,0,0,1,0,0],1,0},{'A',[0,-4,3,5,-3,0,0,3],6,0,[0,0,3,5,-3,0,0,3],5,0,[0,-1,0,0,0,0,0,0],0,2},{'A',[2,-4,3,5,-3,-1,-8,3],7,0,[0,-4,3,5,-3,0,0,3],6,0,[2,0,0,0,0,-1,-8,0],2,0},{'O',[2,-4,3,5,-3,-1,-8,3],7,[2,-4,3,5,-3,-1,-8,3],7,0}}
Adder graph: {{'A',[0,0,-1,0,1,0,0,0],1,0,[0,0,0,0,1,0,0,0],0,0,[0,0,-1,0,0,0,0,0],0,0},{'A',[0,0,0,-1,0,1,0,0],1,0,[0,0,0,0,0,1,0,0],0,0,[0,0,0,-1,0,0,0,0],0,0},{'A',[0,0,1,0,-1,0,0,1],2,0,[0,0,0,0,0,0,0,1],0,0,[0,0,1,0,-1,0,0,0],1,0},{'A',[-2,0,0,-1,0,1,0,0],2,0,[0,0,0,-1,0,1,0,0],1,0,[-1,0,0,0,0,0,0,0],0,1},{'A',[0,0,1,0,-1,0,-4,1],3,0,[0,0,1,0,-1,0,0,1],2,0,[0,0,0,0,0,0,-1,0],0,2},{'A',[-2,0,-1,-1,1,1,0,-1],3,0,[-2,0,0,-1,0,1,0,0],2,0,[0,0,-1,0,1,0,0,-1],2,0},{'A',[0,-1,0,1,0,0,0,0],1,0,[0,0,0,1,0,0,0,0],0,0,[0,-1,0,0,0,0,0,0],0,0},{'A',[0,-2,1,2,-1,0,-4,1],4,0,[0,0,1,0,-1,0,-4,1],3,0,[0,-1,0,1,0,0,0,0],1,1},{'A',[-2,4,-3,-5,3,1,8,-3],5,0,[-2,0,-1,-1,1,1,0,-1],3,0,[0,2,-1,-2,1,0,4,-1],4,1},{'O',[2,-4,3,5,-3,-1,-8,3],5,[2,-4,3,5,-3,-1,-8,3],5,0}}
Adder graph: {{'A',[0,0,1,0,0,0,0,1],1,0,[0,0,0,0,0,0,0,1],0,0,[0,0,1,0,0,0,0,0],0,0},{'A',[0,0,0,1,1,0,0,0],1,0,[0,0,0,1,0,0,0,0],0,0,[0,0,0,0,1,0,0,0],0,0},{'A',[0,0,1,-1,-1,0,0,1],2,0,[0,0,1,0,0,0,0,1],1,0,[0,0,0,-1,-1,0,0,0],1,0},{'A',[0,0,1,3,-1,0,0,1],3,0,[0,0,1,-1,-1,0,0,1],2,0,[0,0,0,1,0,0,0,0],0,2},{'A',[-2,0,0,0,0,1,0,0],1,0,[0,0,0,0,0,1,0,0],0,0,[-1,0,0,0,0,0,0,0],0,1},{'A',[-2,4,0,0,0,1,0,0],2,0,[0,1,0,0,0,0,0,0],0,2,[-2,0,0,0,0,1,0,0],1,0},{'A',[0,0,3,5,-3,0,0,3],4,0,[0,0,1,-1,-1,0,0,1],2,0,[0,0,1,3,-1,0,0,1],3,1},{'A',[-2,4,0,0,0,1,8,0],3,0,[-2,4,0,0,0,1,0,0],2,0,[0,0,0,0,0,0,1,0],0,3},{'A',[2,-4,3,5,-3,-1,-8,3],5,0,[0,0,3,5,-3,0,0,3],4,0,[2,-4,0,0,0,-1,-8,0],3,0},{'O',[2,-4,3,5,-3,-1,-8,3],5,[2,-4,3,5,-3,-1,-8,3],5,0}}
Adder graph: {{'A',[0,1,0,-1,0,0,0,0],1,0,[0,1,0,0,0,0,0,0],0,0,[0,0,0,-1,0,0,0,0],0,0},{'A',[0,0,-1,0,1,0,0,0],1,0,[0,0,0,0,1,0,0,0],0,0,[0,0,-1,0,0,0,0,0],0,0},{'A',[0,0,0,1,0,-1,0,0],1,0,[0,0,0,1,0,0,0,0],0,0,[0,0,0,0,0,-1,0,0],0,0},{'A',[0,0,1,0,-1,0,0,1],2,0,[0,0,0,0,0,0,0,1],0,0,[0,0,1,0,-1,0,0,0],1,0},{'A',[2,0,0,1,0,-1,0,0],2,0,[0,0,0,1,0,-1,0,0],1,0,[1,0,0,0,0,0,0,0],0,1},{'A',[-2,0,1,-1,-1,1,0,1],3,0,[0,0,1,0,-1,0,0,1],2,0,[-2,0,0,-1,0,1,0,0],2,0},{'A',[-2,0,-3,-1,3,1,0,-3],4,0,[-2,0,1,-1,-1,1,0,1],3,0,[0,0,-1,0,1,0,0,-1],2,2},{'A',[0,1,0,-1,0,0,2,0],2,0,[0,1,0,-1,0,0,0,0],1,0,[0,0,0,0,0,0,1,0],0,1},{'A',[-2,4,-3,-5,3,1,8,-3],5,0,[-2,0,-3,-1,3,1,0,-3],4,0,[0,1,0,-1,0,0,2,0],2,2},{'O',[2,-4,3,5,-3,-1,-8,3],5,[2,-4,3,5,-3,-1,-8,3],5,0}}
Finished solving after 75241.3 seconds
Adder graph: {{'A',[0,1,0,-1,0,0,0,0],1,0,[0,1,0,0,0,0,0,0],0,0,[0,0,0,-1,0,0,0,0],0,0},{'A',[0,0,-1,0,1,0,0,0],1,0,[0,0,0,0,1,0,0,0],0,0,[0,0,-1,0,0,0,0,0],0,0},{'A',[0,0,0,1,0,-1,0,0],1,0,[0,0,0,1,0,0,0,0],0,0,[0,0,0,0,0,-1,0,0],0,0},{'A',[0,0,1,0,-1,0,0,1],2,0,[0,0,0,0,0,0,0,1],0,0,[0,0,1,0,-1,0,0,0],1,0},{'A',[2,0,0,1,0,-1,0,0],2,0,[0,0,0,1,0,-1,0,0],1,0,[1,0,0,0,0,0,0,0],0,1},{'A',[-2,0,1,-1,-1,1,0,1],3,0,[0,0,1,0,-1,0,0,1],2,0,[-2,0,0,-1,0,1,0,0],2,0},{'A',[-2,0,-3,-1,3,1,0,-3],4,0,[-2,0,1,-1,-1,1,0,1],3,0,[0,0,-1,0,1,0,0,-1],2,2},{'A',[0,1,0,-1,0,0,2,0],2,0,[0,1,0,-1,0,0,0,0],1,0,[0,0,0,0,0,0,1,0],0,1},{'A',[-2,4,-3,-5,3,1,8,-3],5,0,[-2,0,-3,-1,3,1,0,-3],4,0,[0,1,0,-1,0,0,2,0],2,2},{'O',[2,-4,3,5,-3,-1,-8,3],5,[2,-4,3,5,-3,-1,-8,3],5,0}}
#Add optimal = 1
#FAs optimal = 0
