Adder graph: {{'M',[128;512;1],1,[1;1;1],0,[7;9;0]},{'M',[1;8;8],1,[1;1;1],0,[0;3;3]},{'A',[127;520;-7],2,[128;512;1],1,0,[-1;8;-8],1,0},{'M',[4;1;4],1,[1;1;1],0,[2;0;2]},{'M',[32;2;1],1,[1;1;1],0,[5;1;0]},{'A',[32;18;63],2,[4;1;4],1,4,[-32;2;-1],1,0},{'A',[130;126;130],1,[1;1;1],0,7,[1;-1;1],0,1},{'M',[508;18;63],3,[127;520;-7],2,[2;NaN;NaN],[32;18;63],2,[NaN;0;0]},{'M',[64;520;-14],3,[127;520;-7],2,[NaN;0;1],[32;18;63],2,[1;NaN;NaN]},{'A',[760;-2044;182],4,[508;18;63],3,1,[-64;-520;14],3,2},{'M',[127;72;-112],3,[127;520;-7],2,[0;NaN;4],[32;18;63],2,[NaN;2;NaN]},{'M',[128;18;-224],3,[127;520;-7],2,[NaN;NaN;5],[32;18;63],2,[2;0;NaN]},{'A',[1904;1134;-1568],4,[127;72;-112],3,4,[-128;-18;224],3,0},{'A',[15;17;15],1,[1;1;1],0,4,[-1;1;-1],0,0},{'M',[8;16;1],1,[1;1;1],0,[3;4;0]},{'A',[138;142;131],2,[130;126;130],1,0,[8;16;1],1,0},{'A',[495;527;465],2,[15;17;15],1,5,[15;-17;-15],1,0},{'M',[60;126;1040],2,[130;126;130],1,[NaN;0;3],[15;17;15],1,[2;NaN;NaN]},{'A',[465;1489;17105],3,[60;126;1040],2,4,[-495;-527;465],2,0},{'M',[127;527;465],3,[127;520;-7],2,[0;NaN;NaN],[495;527;465],2,[NaN;0;0]},{'M',[64;18;-28],3,[127;520;-7],2,[NaN;NaN;2],[32;18;63],2,[1;0;NaN]},{'A',[255;491;521],4,[127;527;465],3,0,[64;-18;28],3,1},{'M',[1104;520;1048],3,[127;520;-7],2,[NaN;0;NaN],[138;142;131],2,[3;NaN;3]},{'M',[256;142;465],3,[32;18;63],2,[3;NaN;NaN],[138;142;131],2,[NaN;0;NaN],[495;527;465],2,[NaN;NaN;0]},{'A',[848;662;583],4,[1104;520;1048],3,0,[-256;142;-465],3,0},{'M',[1;512;32],1,[1;1;1],0,[0;9;5]},{'A',[-29;478;2],2,[1;512;32],1,0,[-15;-17;-15],1,1},{'A',[-572;-455;-693],5,[760;-2044;182],4,-1,[-1904;1134;-1568],4,-1},{'M',[32;956;465],3,[32;18;63],2,[0;NaN;NaN],[495;527;465],2,[NaN;NaN;0],[-29;478;2],2,[NaN;1;NaN]},{'M',[990;527;4],3,[495;527;465],2,[1;0;NaN],[-29;478;2],2,[NaN;NaN;1]},{'A',[1022;429;461],4,[32;956;465],3,0,[990;-527;-4],3,0},{'M',[127;1136;16768],3,[127;520;-7],2,[0;NaN;NaN],[138;142;131],2,[NaN;3;7]},{'A',[338;353;337],4,[465;1489;17105],3,0,[-127;-1136;-16768],3,0},{'M',[255;706;337],5,[255;491;521],4,[0;NaN;NaN],[338;353;337],4,[NaN;1;0]},{'O',[255;706;337],5,[255;706;337],5,0},{'R',[848;662;583],5,[848;662;583],4},{'O',[848;662;583],5,[848;662;583],5,0},{'M',[1022;429;521],5,[255;491;521],4,[NaN;NaN;0],[1022;429;461],4,[0;0;NaN]},{'O',[1022;429;521],5,[1022;429;521],5,0},{'M',[338;491;461],5,[255;491;521],4,[NaN;0;NaN],[1022;429;461],4,[NaN;NaN;0],[338;353;337],4,[0;NaN;NaN]},{'O',[338;491;461],5,[338;491;461],5,0},{'O',[572;455;693],5,[572;455;693],5,0}}
Adder graph: {{'A',[264;264;264],1,[1;1;1],0,8,[1;1;1],0,3},{'M',[8;1;128],1,[1;1;1],0,[3;0;7]},{'A',[4736;4288;12416],2,[8;1;128],1,6,[264;264;264],1,4},{'M',[1;8;1],1,[1;1;1],0,[0;3;0]},{'M',[1;256;16],1,[1;1;1],0,[0;8;4]},{'A',[2032;12288;2304],2,[1;8;1],1,11,[-1;-256;16],1,4},{'M',[64;512;1],1,[1;1;1],0,[6;9;0]},{'A',[2048;1600;2113],2,[264;264;264],1,3,[-64;-512;1],1,0},{'A',[-254;258;-254],1,[1;1;1],0,1,[-1;1;-1],0,8},{'M',[-2032;264;528],2,[264;264;264],1,[NaN;0;1],[-254;258;-254],1,[3;NaN;NaN]},{'A',[6128;2936;3698],3,[2048;1600;2113],2,1,[2032;-264;-528],2,0},{'M',[32;1;4],1,[1;1;1],0,[5;0;2]},{'A',[-7104;8288;-8000],2,[-254;258;-254],1,5,[32;1;4],1,5},{'M',[1024;16;1],1,[1;1;1],0,[10;4;0]},{'M',[512;128;1],1,[1;1;1],0,[9;7;0]},{'A',[-2048;-992;10],2,[1024;16;1],1,1,[-512;-128;1],1,3},{'R',[-2048;-992;10],3,[-2048;-992;10],2},{'A',[-1022;-491;-461],4,[-2048;-992;10],3,-3,[-6128;-2936;-3698],3,-3},{'A',[-976;-1008;3088],2,[264;264;264],1,2,[-254;-258;254],1,3},{'M',[-2032;258;-2032],2,[-254;258;-254],1,[3;0;3]},{'A',[128;-5872;-16336],3,[-2032;258;-2032],2,3,[2048;-992;-10],2,3},{'M',[2032;12288;3088],3,[2032;12288;2304],2,[0;0;NaN],[-976;-1008;3088],2,[NaN;NaN;0]},{'M',[4736;-992;12416],3,[4736;4288;12416],2,[0;NaN;0],[-2048;-992;10],2,[NaN;0;NaN]},{'A',[-169;706;-583],4,[2032;12288;3088],3,-4,[-4736;-992;-12416],3,-4},{'M',[2048;-1008;2304],3,[2032;12288;2304],2,[NaN;NaN;0],[2048;1600;2113],2,[0;NaN;NaN],[-976;-1008;3088],2,[NaN;0;NaN]},{'M',[2032;8288;3088],3,[2032;12288;2304],2,[0;NaN;NaN],[-7104;8288;-8000],2,[NaN;0;NaN],[-976;-1008;3088],2,[NaN;NaN;0]},{'A',[255;455;337],4,[2048;-1008;2304],3,-4,[2032;8288;3088],3,-4},{'M',[2048;-1008;3088],3,[2048;1600;2113],2,[0;NaN;NaN],[-976;-1008;3088],2,[NaN;0;0]},{'M',[-7104;4288;-8000],3,[4736;4288;12416],2,[NaN;0;NaN],[-7104;8288;-8000],2,[0;NaN;0]},{'A',[572;-331;693],4,[2048;-1008;3088],3,-4,[7104;-4288;8000],3,-4},{'M',[-976;-992;-8000],3,[-7104;8288;-8000],2,[NaN;NaN;0],[-2048;-992;10],2,[NaN;0;NaN],[-976;-1008;3088],2,[0;NaN;NaN]},{'A',[-53;-429;-521],4,[128;-5872;-16336],3,-4,[-976;-992;8000],3,-4},{'M',[255;706;337],5,[-169;706;-583],4,[NaN;0;NaN],[255;455;337],4,[0;NaN;0]},{'O',[255;706;337],5,[255;706;337],5,0},{'M',[-848;-662;-583],5,[-169;706;-583],4,[NaN;NaN;0],[572;-331;693],4,[NaN;1;NaN],[-53;-429;-521],4,[4;NaN;NaN]},{'O',[848;662;583],5,[848;662;583],5,0},{'M',[-1022;-429;-521],5,[-1022;-491;-461],4,[0;NaN;NaN],[-53;-429;-521],4,[NaN;0;0]},{'O',[1022;429;521],5,[1022;429;521],5,0},{'M',[-338;-491;-461],5,[-1022;-491;-461],4,[NaN;0;0],[-169;706;-583],4,[1;NaN;NaN]},{'O',[338;491;461],5,[338;491;461],5,0},{'M',[572;455;693],5,[255;455;337],4,[NaN;0;NaN],[572;-331;693],4,[0;NaN;0]},{'O',[572;455;693],5,[572;455;693],5,0}}
Adder graph: {{'A',[5;5;3],1,[1;1;1],0,2,[1;1;-1],0,0},{'M',[1;1;4],1,[1;1;1],0,[0;0;2]},{'M',[2;1;8],1,[1;1;1],0,[1;0;3]},{'A',[-96;-32;640],2,[1;1;4],1,5,[-2;-1;8],1,6},{'A',[75;75;51],2,[5;5;3],1,4,[-5;-5;3],1,0},{'M',[1;8;8],1,[1;1;1],0,[0;3;3]},{'A',[448;-704;1216],2,[5;5;3],1,6,[1;-8;8],1,7},{'M',[5;320;768],2,[5;5;3],1,[0;6;8]},{'M',[20;5;12],2,[5;5;3],1,[2;0;2]},{'A',[45;310;744],3,[5;320;768],2,0,[20;-5;-12],2,1},{'A',[171;43;691],3,[75;75;51],2,0,[96;-32;640],2,0},{'M',[1;8;256],1,[1;1;1],0,[0;3;8]},{'M',[2;1;1],1,[1;1;1],0,[1;0;0]},{'A',[-1;7;257],2,[1;8;256],1,0,[-2;-1;1],1,0},{'A',[-2384;6832;10544],3,[75;75;51],2,4,[-448;704;1216],2,3},{'M',[-1;14;257],3,[-1;7;257],2,[0;1;0]},{'A',[169;71;-177],4,[-1;14;257],3,1,[171;43;-691],3,0},{'M',[-256;-128;51],3,[-96;-32;640],2,[NaN;2;NaN],[75;75;51],2,[NaN;NaN;0],[-1;7;257],2,[8;NaN;NaN]},{'M',[600;150;257],3,[75;75;51],2,[3;1;NaN],[-1;7;257],2,[NaN;NaN;0]},{'A',[-424;-662;461],4,[-256;-128;51],3,2,[600;-150;257],3,0},{'M',[512;1;1],1,[1;1;1],0,[9;0;0]},{'M',[1;64;4],1,[1;1;1],0,[0;6;2]},{'A',[510;-127;-7],2,[512;1;1],1,0,[-1;-64;-4],1,1},{'M',[300;-1016;51],3,[75;75;51],2,[2;NaN;0],[510;-127;-7],2,[NaN;3;NaN]},{'A',[-255;-706;693],4,[45;310;744],3,0,[-300;-1016;-51],3,0},{'M',[-2;448;-7],3,[-1;7;257],2,[1;6;NaN],[510;-127;-7],2,[NaN;NaN;0]},{'M',[1020;7;514],3,[-1;7;257],2,[NaN;0;1],[510;-127;-7],2,[1;NaN;NaN]},{'A',[-1022;455;-521],4,[-2;448;-7],3,0,[-1020;7;-514],3,0},{'M',[-96;112;257],3,[-96;-32;640],2,[0;NaN;NaN],[-1;7;257],2,[NaN;4;0]},{'A',[-213;491;-337],4,[171;43;691],3,0,[-96;112;-257],3,2},{'M',[-96;-32;1216],3,[-96;-32;640],2,[0;0;NaN],[448;-704;1216],2,[NaN;NaN;0]},{'A',[143;-429;-583],4,[-96;-32;1216],3,-4,[2384;-6832;-10544],3,-4},{'M',[-255;-706;-337],5,[-255;-706;693],4,[0;0;NaN],[-213;491;-337],4,[NaN;NaN;0]},{'O',[255;706;337],5,[255;706;337],5,0},{'M',[-848;-662;-583],5,[-424;-662;461],4,[1;0;NaN],[143;-429;-583],4,[NaN;NaN;0]},{'O',[848;662;583],5,[848;662;583],5,0},{'M',[-1022;-429;-521],5,[-1022;455;-521],4,[0;NaN;0],[143;-429;-583],4,[NaN;0;NaN]},{'O',[1022;429;521],5,[1022;429;521],5,0},{'M',[338;491;461],5,[169;71;-177],4,[1;NaN;NaN],[-424;-662;461],4,[NaN;NaN;0],[-213;491;-337],4,[NaN;0;NaN]},{'O',[338;491;461],5,[338;491;461],5,0},{'M',[572;455;693],5,[-255;-706;693],4,[NaN;NaN;0],[-1022;455;-521],4,[NaN;0;NaN],[143;-429;-583],4,[2;NaN;NaN]},{'O',[572;455;693],5,[572;455;693],5,0}}
Adder graph: {{'M',[256;1;16],1,[1;1;1],0,[8;0;4]},{'M',[1;8;2],1,[1;1;1],0,[0;3;1]},{'A',[8160;-224;576],2,[256;1;16],1,5,[-1;-8;2],1,5},{'A',[5;-3;5],1,[1;1;1],0,0,[1;-1;1],0,2},{'M',[1;32;8],1,[1;1;1],0,[0;5;3]},{'M',[8192;64;1],1,[1;1;1],0,[13;6;0]},{'A',[-8128;1984;513],2,[1;32;8],1,6,[-8192;-64;1],1,0},{'M',[2;32;1],1,[1;1;1],0,[1;5;0]},{'A',[21504;28672;20992],2,[2;32;1],1,9,[5;3;5],1,12},{'M',[64;16;1],1,[1;1;1],0,[6;4;0]},{'M',[256;1024;1],1,[1;1;1],0,[8;10;0]},{'A',[4608;16512;-8],2,[64;16;1],1,3,[256;1024;-1],1,4},{'M',[1;2;16],1,[1;1;1],0,[0;1;4]},{'A',[-40832;24832;43008],2,[1;2;16],1,7,[-5;3;5],1,13},{'M',[8;4;1],1,[1;1;1],0,[3;2;0]},{'A',[-7872;-4288;1344],2,[5;-3;5],1,6,[-8;-4;1],1,10},{'M',[5;-192;320],2,[5;-3;5],1,[0;6;6]},{'A',[32000;-25472;-38656],3,[8160;-224;576],2,2,[-5;-192;-320],2,7},{'M',[4608;-4288;1344],3,[4608;16512;-8],2,[0;NaN;NaN],[-7872;-4288;1344],2,[NaN;0;0]},{'A',[572;-331;-583],4,[32000;-25472;-38656],3,-6,[4608;4288;1344],3,-6},{'M',[80;-6;5],2,[5;-3;5],1,[4;1;0]},{'A',[-11264;-29440;-20352],3,[80;-6;5],2,7,[-21504;-28672;-20992],2,0},{'M',[-7872;1984;43008],3,[-8128;1984;513],2,[NaN;0;NaN],[-40832;24832;43008],2,[NaN;NaN;0],[-7872;-4288;1344],2,[0;NaN;NaN]},{'A',[-53;-491;354],4,[-11264;-29440;-20352],3,-6,[7872;-1984;43008],3,-6},{'M',[-32512;7936;-8],3,[-8128;1984;513],2,[2;2;NaN],[4608;16512;-8],2,[NaN;NaN;0]},{'M',[-32512;1984;513],3,[-8128;1984;513],2,[2;0;0]},{'A',[0;5952;-521],4,[-32512;7936;-8],3,0,[32512;-1984;-513],3,0},{'R',[-40832;24832;43008],3,[-40832;24832;43008],2},{'M',[-8128;-4288;1344],3,[-8128;1984;513],2,[0;NaN;NaN],[-7872;-4288;1344],2,[NaN;0;0]},{'A',[-511;455;693],4,[-40832;24832;43008],3,-6,[8128;4288;1344],3,-6},{'A',[-338;-429;-461],4,[-11264;-29440;-20352],3,-7,[-32000;-25472;-38656],3,-7},{'M',[8160;16512;576],3,[8160;-224;576],2,[0;NaN;0],[4608;16512;-8],2,[NaN;0;NaN]},{'M',[8160;28672;20992],3,[8160;-224;576],2,[0;NaN;NaN],[21504;28672;20992],2,[NaN;0;0]},{'A',[255;706;337],4,[8160;16512;576],3,-6,[8160;28672;20992],3,-6},{'R',[255;706;337],5,[255;706;337],4},{'O',[255;706;337],5,[255;706;337],5,0},{'M',[-848;-662;-583],5,[572;-331;-583],4,[NaN;1;0],[-53;-491;354],4,[4;NaN;NaN]},{'O',[848;662;583],5,[848;662;583],5,0},{'M',[-1022;-429;-521],5,[0;5952;-521],4,[NaN;NaN;0],[-511;455;693],4,[1;NaN;NaN],[-338;-429;-461],4,[NaN;0;NaN]},{'O',[1022;429;521],5,[1022;429;521],5,0},{'M',[-338;-491;-461],5,[-53;-491;354],4,[NaN;0;NaN],[-338;-429;-461],4,[0;NaN;0]},{'O',[338;491;461],5,[338;491;461],5,0},{'M',[572;455;693],5,[572;-331;-583],4,[0;NaN;NaN],[-511;455;693],4,[NaN;0;0]},{'O',[572;455;693],5,[572;455;693],5,0}}
Adder graph: {{'A',[-15;17;17],1,[1;1;1],0,0,[-1;1;1],0,4},{'A',[6;6;10],1,[1;1;1],0,3,[-1;-1;1],0,1},{'M',[1;512;256],1,[1;1;1],0,[0;9;8]},{'A',[25;488;216],2,[1;512;256],1,0,[6;-6;-10],1,2},{'A',[255;257;257],1,[1;1;1],0,8,[-1;1;1],0,0},{'M',[2;2;1],1,[1;1;1],0,[1;1;0]},{'M',[1;64;8],1,[1;1;1],0,[0;6;3]},{'A',[-6;514;65],2,[2;2;1],1,0,[-1;64;8],1,3},{'M',[48;68;10],2,[-15;17;17],1,[NaN;2;NaN],[6;6;10],1,[3;NaN;0]},{'M',[-240;17;80],2,[-15;17;17],1,[4;0;NaN],[6;6;10],1,[NaN;NaN;3]},{'A',[-288;238;200],3,[48;68;10],2,2,[-240;-17;80],2,1},{'M',[4;1;4],1,[1;1;1],0,[2;0;2]},{'A',[64;88;128],2,[6;6;10],1,4,[-4;-1;-4],1,3},{'M',[32;1;2],1,[1;1;1],0,[5;0;1]},{'A',[383;253;265],2,[255;257;257],1,0,[32;-1;2],1,2},{'M',[1;8;4],1,[1;1;1],0,[0;3;2]},{'A',[254;265;261],2,[255;257;257],1,0,[-1;8;4],1,0},{'M',[510;192;257],2,[6;6;10],1,[NaN;5;NaN],[255;257;257],1,[1;NaN;0]},{'M',[255;514;80],2,[6;6;10],1,[NaN;NaN;3],[255;257;257],1,[0;1;NaN]},{'A',[255;706;337],3,[510;192;257],2,0,[-255;514;80],2,0},{'A',[511;429;521],3,[383;253;265],2,0,[64;88;128],2,1},{'M',[1;2;8],1,[1;1;1],0,[0;1;3]},{'A',[-23;33;81],2,[-15;17;17],1,0,[-1;2;8],1,3},{'M',[50;253;261],3,[25;488;216],2,[1;NaN;NaN],[383;253;265],2,[NaN;0;NaN],[254;265;261],2,[NaN;NaN;0]},{'A',[338;491;461],4,[50;253;261],3,0,[288;238;200],3,0},{'M',[64;488;432],3,[25;488;216],2,[NaN;0;1],[64;88;128],2,[0;NaN;NaN]},{'M',[508;33;261],3,[254;265;261],2,[1;NaN;0],[-23;33;81],2,[NaN;0;NaN]},{'A',[572;455;693],4,[64;488;432],3,0,[508;-33;261],3,0},{'M',[400;265;324],3,[25;488;216],2,[4;NaN;NaN],[254;265;261],2,[NaN;0;NaN],[-23;33;81],2,[NaN;NaN;2]},{'M',[-48;132;65],3,[-6;514;65],2,[3;NaN;0],[-23;33;81],2,[NaN;2;NaN]},{'A',[848;662;583],4,[400;265;324],3,1,[48;132;-65],3,0},{'R',[255;706;337],4,[255;706;337],3},{'O',[255;706;337],4,[255;706;337],4,0},{'O',[848;662;583],4,[848;662;583],4,0},{'M',[1022;429;521],4,[511;429;521],3,[1;0;0]},{'O',[1022;429;521],4,[1022;429;521],4,0},{'O',[338;491;461],4,[338;491;461],4,0},{'O',[572;455;693],4,[572;455;693],4,0}}
Adder graph: {{'A',[-252;260;-252],1,[1;1;1],0,2,[-1;1;-1],0,8},{'A',[-31;33;33],1,[1;1;1],0,0,[-1;1;1],0,5},{'A',[-6;-6;10],1,[1;1;1],0,1,[-1;-1;1],0,3},{'M',[4;32;1],1,[1;1;1],0,[2;5;0]},{'M',[256;1;512],1,[1;1;1],0,[8;0;9]},{'A',[1280;2052;2112],2,[4;32;1],1,6,[256;1;512],1,2},{'M',[1;64;4],1,[1;1;1],0,[0;6;2]},{'A',[-260;772;-220],2,[-252;260;-252],1,0,[-1;64;4],1,3},{'M',[8;1;8],1,[1;1;1],0,[3;0;3]},{'M',[16;1;4],1,[1;1;1],0,[4;0;2]},{'A',[1984;260;2032],2,[8;1;8],1,8,[-16;1;-4],1,2},{'M',[-252;33;66],2,[-252;260;-252],1,[0;NaN;NaN],[-31;33;33],1,[NaN;0;1]},{'M',[-6;33;33],2,[-31;33;33],1,[NaN;0;0],[-6;-6;10],1,[0;NaN;NaN]},{'A',[-60;1089;-990],3,[-252;33;66],2,0,[6;33;-33],2,5},{'A',[217;-231;297],2,[-31;33;33],1,0,[31;-33;33],1,3},{'M',[-48;66;33],2,[-31;33;33],1,[NaN;1;0],[-6;-6;10],1,[3;NaN;NaN]},{'A',[-212;706;-187],3,[-260;772;-220],2,0,[48;-66;33],2,0},{'M',[1;8;8],1,[1;1;1],0,[0;3;3]},{'A',[128;-100;164],2,[1;8;8],1,2,[31;-33;33],1,2},{'A',[345;-331;461],3,[217;-231;297],2,0,[128;-100;164],2,0},{'M',[1984;-231;2032],3,[1984;260;2032],2,[0;NaN;0],[217;-231;297],2,[NaN;0;NaN]},{'A',[1022;429;521],4,[1984;-231;2032],3,-1,[60;1089;-990],3,-1},{'M',[512;1544;297],3,[-260;772;-220],2,[NaN;1;NaN],[217;-231;297],2,[NaN;NaN;0],[128;-100;164],2,[2;NaN;NaN]},{'A',[-572;-455;-693],4,[-60;1089;-990],3,0,[-512;-1544;297],3,0},{'A',[255;-320;-583],3,[-260;772;-220],2,-2,[1280;-2052;-2112],2,-2},{'M',[-48;260;40],2,[-252;260;-252],1,[NaN;0;NaN],[-6;-6;10],1,[3;NaN;2]},{'A',[169;491;337],3,[-48;260;40],2,0,[217;231;297],2,0},{'M',[255;706;337],4,[-212;706;-187],3,[NaN;0;NaN],[255;-320;-583],3,[0;NaN;NaN],[169;491;337],3,[NaN;NaN;0]},{'O',[255;706;337],4,[255;706;337],4,0},{'M',[-848;-662;-583],4,[-212;706;-187],3,[2;NaN;NaN],[345;-331;461],3,[NaN;1;NaN],[255;-320;-583],3,[NaN;NaN;0]},{'O',[848;662;583],4,[848;662;583],4,0},{'O',[1022;429;521],4,[1022;429;521],4,0},{'M',[338;491;461],4,[345;-331;461],3,[NaN;NaN;0],[169;491;337],3,[1;0;NaN]},{'O',[338;491;461],4,[338;491;461],4,0},{'O',[572;455;693],4,[572;455;693],4,0}}
Adder graph: {{'M',[8192;1;1],1,[1;1;1],0,[13;0;0]},{'M',[4;4;1],1,[1;1;1],0,[2;2;0]},{'A',[8704;-511;-127],2,[8192;1;1],1,0,[4;-4;-1],1,7},{'A',[80;48;80],1,[1;1;1],0,6,[1;-1;1],0,4},{'A',[-112;-112;-112],1,[1;1;1],0,4,[-1;-1;-1],0,7},{'M',[8;2;1],1,[1;1;1],0,[3;1;0]},{'M',[1024;256;1],1,[1;1;1],0,[10;8;0]},{'A',[1152;288;17],2,[8;2;1],1,4,[1024;256;1],1,0},{'M',[256;1;64],1,[1;1;1],0,[8;0;6]},{'M',[8;8;1],1,[1;1;1],0,[3;3;0]},{'A',[248;9;63],2,[256;1;64],1,0,[-8;8;-1],1,0},{'M',[1;1;2],1,[1;1;1],0,[0;0;1]},{'A',[2304;5888;9984],2,[1;1;2],1,12,[-112;112;112],1,4},{'A',[-832;360;521],3,[1152;288;17],2,0,[-248;9;63],2,3},{'A',[65;65;65],1,[1;1;1],0,6,[1;1;1],0,0},{'M',[1;16;16],1,[1;1;1],0,[0;4;4]},{'A',[16;-976;1104],2,[80;48;80],1,0,[-1;-16;16],1,6},{'M',[-224;-112;160],2,[80;48;80],1,[NaN;NaN;1],[-112;-112;-112],1,[1;0;NaN]},{'M',[-448;65;260],2,[-112;-112;-112],1,[2;NaN;NaN],[65;65;65],1,[NaN;0;2]},{'A',[14112;1968;8480],3,[-224;-112;160],2,0,[448;65;260],2,5},{'M',[8704;5888;1104],3,[8704;-511;-127],2,[0;NaN;NaN],[2304;5888;9984],2,[NaN;0;NaN],[16;-976;1104],2,[NaN;NaN;0]},{'A',[338;491;461],4,[14112;1968;8480],3,-4,[-8704;5888;-1104],3,-4},{'M',[80;130;130],2,[80;48;80],1,[0;NaN;NaN],[65;65;65],1,[NaN;1;1]},{'R',[65;65;65],2,[65;65;65],1},{'A',[255;455;455],3,[80;130;130],2,2,[-65;-65;-65],2,0},{'M',[130;65;320],2,[80;48;80],1,[NaN;NaN;2],[65;65;65],1,[1;0;NaN]},{'A',[1022;353;337],3,[1152;288;17],2,0,[-130;65;320],2,0},{'A',[143;429;693],3,[2304;5888;9984],2,-4,[-16;976;1104],2,-4},{'M',[16;-1022;1104],3,[8704;-511;-127],2,[NaN;1;NaN],[16;-976;1104],2,[0;NaN;0]},{'A',[-848;-662;-583],4,[-832;360;521],3,0,[-16;-1022;-1104],3,0},{'M',[255;706;337],4,[255;455;455],3,[0;NaN;NaN],[1022;353;337],3,[NaN;1;0]},{'O',[255;706;337],4,[255;706;337],4,0},{'O',[848;662;583],4,[848;662;583],4,0},{'M',[1022;429;521],4,[-832;360;521],3,[NaN;NaN;0],[1022;353;337],3,[0;NaN;NaN],[143;429;693],3,[NaN;0;NaN]},{'O',[1022;429;521],4,[1022;429;521],4,0},{'O',[338;491;461],4,[338;491;461],4,0},{'M',[572;455;693],4,[255;455;455],3,[NaN;0;NaN],[143;429;693],3,[2;NaN;0]},{'O',[572;455;693],4,[572;455;693],4,0}}
Adder graph: {{'A',[7;9;7],1,[1;1;1],0,3,[-1;1;-1],0,0},{'M',[64;1;64],1,[1;1;1],0,[6;0;6]},{'A',[498;26;498],2,[64;1;64],1,3,[-7;9;-7],1,1},{'M',[4;1;16],1,[1;1;1],0,[2;0;4]},{'A',[-10;19;2],2,[4;1;16],1,0,[-7;9;-7],1,1},{'A',[-120;-120;-120],1,[1;1;1],0,3,[-1;-1;-1],0,7},{'A',[5;3;5],1,[1;1;1],0,2,[1;-1;1],0,0},{'M',[-10;26;2],3,[498;26;498],2,[NaN;0;NaN],[-10;19;2],2,[0;NaN;0]},{'M',[-640;26;498],3,[498;26;498],2,[NaN;0;0],[-10;19;2],2,[6;NaN;NaN]},{'A',[-2600;0;-1984],4,[-10;26;2],3,2,[-640;-26;-498],3,2},{'A',[645;387;645],2,[5;3;5],1,0,[5;3;5],1,7},{'M',[4;1;8],1,[1;1;1],0,[2;0;3]},{'A',[-1;7;23],2,[7;9;7],1,0,[-4;-1;8],1,1},{'M',[-2;448;498],3,[498;26;498],2,[NaN;NaN;0],[-1;7;23],2,[1;6;NaN]},{'M',[-1024;19;23],3,[-10;19;2],2,[NaN;0;NaN],[-1;7;23],2,[10;NaN;0]},{'A',[1022;429;521],4,[-2;448;498],3,0,[1024;-19;23],3,0},{'M',[498;104;645],3,[498;26;498],2,[0;2;NaN],[645;387;645],2,[NaN;NaN;0]},{'M',[-160;387;184],3,[-10;19;2],2,[4;NaN;NaN],[645;387;645],2,[NaN;0;NaN],[-1;7;23],2,[NaN;NaN;3]},{'A',[338;491;461],4,[498;104;645],3,0,[-160;387;-184],3,0},{'A',[65;65;-63],1,[1;1;1],0,0,[1;1;-1],0,6},{'A',[-175;-305;-303],2,[-120;-120;-120],1,1,[65;-65;-63],1,0},{'M',[5;3;40],2,[5;3;5],1,[0;0;3]},{'A',[255;353;337],3,[5;3;40],2,4,[175;305;-303],2,0},{'M',[-350;-610;23],3,[-1;7;23],2,[NaN;NaN;0],[-175;-305;-303],2,[1;1;NaN]},{'M',[498;52;-606],3,[498;26;498],2,[0;1;NaN],[-175;-305;-303],2,[NaN;NaN;1]},{'A',[-848;-662;-583],4,[-350;-610;23],3,0,[-498;-52;-606],3,0},{'M',[-64;224;498],3,[498;26;498],2,[NaN;NaN;0],[-1;7;23],2,[6;5;NaN]},{'M',[-700;7;-303],3,[-1;7;23],2,[NaN;0;NaN],[-175;-305;-303],2,[2;NaN;0]},{'A',[572;455;693],4,[-64;224;498],3,1,[700;7;-303],3,0},{'M',[255;706;337],4,[255;353;337],3,[0;1;0]},{'O',[255;706;337],4,[255;706;337],4,0},{'O',[848;662;583],4,[848;662;583],4,0},{'O',[1022;429;521],4,[1022;429;521],4,0},{'O',[338;491;461],4,[338;491;461],4,0},{'O',[572;455;693],4,[572;455;693],4,0}}
Adder graph: {{'A',[-511;-511;513],1,[1;1;1],0,0,[-1;-1;1],0,9},{'R',[1;1;1],1,[1;1;1],0},{'R',[1;1;1],2,[1;1;1],1},{'M',[128;1;8],2,[1;1;1],1,[7;0;3]},{'A',[-64;65;72],3,[1;1;1],2,6,[-128;1;8],2,0},{'M',[1;1;256],1,[1;1;1],0,[0;0;8]},{'M',[64;64;1],1,[1;1;1],0,[6;6;0]},{'A',[257;-255;252],2,[1;1;256],1,0,[64;-64;-1],1,2},{'A',[-3;5;-3],1,[1;1;1],0,0,[-1;1;-1],0,2},{'M',[-3;512;-3],2,[1;1;1],1,[NaN;9;NaN],[-3;5;-3],1,[0;NaN;0]},{'M',[-511;8;-768],2,[-511;-511;513],1,[0;NaN;NaN],[1;1;1],1,[NaN;3;NaN],[-3;5;-3],1,[NaN;NaN;8]},{'A',[508;520;765],3,[-3;512;-3],2,0,[511;8;768],2,0},{'A',[-572;-455;-693],4,[-64;65;72],3,0,[-508;-520;-765],3,0},{'M',[8;1;2],1,[1;1;1],0,[3;0;1]},{'A',[-383;527;-481],2,[8;1;2],1,4,[-511;511;-513],1,0},{'M',[16;1;1],1,[1;1;1],0,[4;0;0]},{'A',[22;-9;-5],2,[16;1;1],1,0,[3;-5;-3],1,1},{'M',[1;1;2],1,[1;1;1],0,[0;0;1]},{'A',[-509;-509;-509],2,[1;1;2],1,1,[-511;-511;-513],1,0},{'M',[1;40;-6],2,[1;1;1],1,[0;NaN;NaN],[-3;5;-3],1,[NaN;3;1]},{'A',[-511;-429;-521],3,[-509;-509;-509],2,0,[-1;40;-6],2,1},{'M',[-24;5;64],2,[1;1;1],1,[NaN;NaN;6],[-3;5;-3],1,[3;0;NaN]},{'A',[70;-19;-133],3,[22;-9;-5],2,0,[24;-5;-64],2,1},{'M',[257;-18;-10],3,[257;-255;252],2,[0;NaN;NaN],[22;-9;-5],2,[NaN;1;1]},{'M',[176;527;-481],3,[-383;527;-481],2,[NaN;0;0],[22;-9;-5],2,[3;NaN;NaN]},{'A',[338;491;461],4,[257;-18;-10],3,1,[-176;527;481],3,0},{'M',[-383;-576;-481],3,[-383;527;-481],2,[0;NaN;0],[22;-9;-5],2,[NaN;6;NaN]},{'A',[-255;-706;-337],4,[-383;-576;-481],3,0,[64;-65;72],3,1},{'M',[1408;-510;-481],3,[257;-255;252],2,[NaN;1;NaN],[-383;527;-481],2,[NaN;NaN;0],[22;-9;-5],2,[6;NaN;NaN]},{'A',[-848;-662;-583],4,[70;-19;-133],3,3,[-1408;-510;481],3,0},{'O',[255;706;337],4,[255;706;337],4,0},{'O',[848;662;583],4,[848;662;583],4,0},{'M',[-1022;-429;-521],4,[-511;-429;-521],3,[1;0;0]},{'O',[1022;429;521],4,[1022;429;521],4,0},{'O',[338;491;461],4,[338;491;461],4,0},{'O',[572;455;693],4,[572;455;693],4,0}}
Adder graph: {{'A',[255;257;257],1,[1;1;1],0,8,[-1;1;1],0,0},{'A',[192;192;64],1,[1;1;1],0,7,[1;1;-1],0,6},{'A',[5120;3072;5120],1,[1;1;1],0,12,[1;-1;1],0,10},{'M',[256;1;128],1,[1;1;1],0,[8;0;7]},{'M',[32;8;1],1,[1;1;1],0,[5;3;0]},{'A',[128;-31;132],2,[256;1;128],1,0,[-32;-8;1],1,2},{'M',[1;4;2],1,[1;1;1],0,[0;2;1]},{'A',[263;225;273],2,[255;257;257],1,0,[1;-4;2],1,3},{'M',[64;8192;1],1,[1;1;1],0,[6;13;0]},{'R',[1;1;1],1,[1;1;1],0},{'A',[63;8193;2],2,[64;8192;1],1,0,[-1;1;1],1,0},{'M',[192;8224;64],2,[255;257;257],1,[NaN;5;NaN],[192;192;64],1,[0;NaN;0]},{'A',[255;-31;-62],3,[63;8193;2],2,0,[192;-8224;-64],2,0},{'M',[255;768;257],2,[255;257;257],1,[0;NaN;0],[192;192;64],1,[NaN;2;NaN]},{'A',[511;706;521],3,[128;-31;132],2,1,[255;768;257],2,0},{'A',[83;45;81],2,[5120;3072;5120],1,-6,[192;-192;64],1,-6},{'M',[255;384;256],2,[255;257;257],1,[0;NaN;NaN],[192;192;64],1,[NaN;1;2]},{'A',[-172;429;337],3,[83;45;81],2,0,[-255;384;256],2,0},{'M',[768;257;257],2,[255;257;257],1,[NaN;0;0],[192;192;64],1,[2;NaN;NaN]},{'A',[1100;437;581],3,[83;45;81],2,2,[768;257;257],2,0},{'M',[252;225;2],3,[263;225;273],2,[NaN;0;NaN],[63;8193;2],2,[2;NaN;0]},{'A',[848;662;583],4,[1100;437;581],3,0,[-252;225;2],3,0},{'M',[1;16;16],1,[1;1;1],0,[0;4;4]},{'M',[16;1;1],1,[1;1;1],0,[4;0;0]},{'A',[33;18;14],2,[1;16;16],1,0,[16;1;-1],1,1},{'A',[338;491;461],4,[-172;429;337],3,0,[255;31;62],3,1},{'M',[528;18;112],3,[33;18;14],2,[4;0;3]},{'A',[572;455;693],4,[1100;437;581],3,0,[-528;18;112],3,0},{'M',[255;706;337],4,[255;-31;-62],3,[0;NaN;NaN],[511;706;521],3,[NaN;0;NaN],[-172;429;337],3,[NaN;NaN;0]},{'O',[255;706;337],4,[255;706;337],4,0},{'O',[848;662;583],4,[848;662;583],4,0},{'M',[1022;429;521],4,[511;706;521],3,[1;NaN;0],[-172;429;337],3,[NaN;0;NaN]},{'O',[1022;429;521],4,[1022;429;521],4,0},{'O',[338;491;461],4,[338;491;461],4,0},{'O',[572;455;693],4,[572;455;693],4,0}}
Adder graph: {{'M',[128;8;1],1,[1;1;1],0,[7;3;0]},{'M',[1;16;32],1,[1;1;1],0,[0;4;5]},{'A',[520;160;260],2,[128;8;1],1,2,[1;16;32],1,3},{'M',[128;1;1],1,[1;1;1],0,[7;0;0]},{'M',[1;8;4],1,[1;1;1],0,[0;3;2]},{'A',[126;17;-7],2,[128;1;1],1,0,[-1;8;-4],1,1},{'M',[16;1;1],1,[1;1;1],0,[4;0;0]},{'M',[1;16;1],1,[1;1;1],0,[0;4;0]},{'A',[18;33;-1],2,[16;1;1],1,0,[1;16;-1],1,1},{'A',[17;-15;17],1,[1;1;1],0,0,[1;-1;1],0,4},{'A',[64;64;192],1,[1;1;1],0,7,[-1;-1;1],0,6},{'A',[324;316;700],2,[64;64;192],1,2,[17;15;-17],1,2},{'M',[1;4;64],1,[1;1;1],0,[0;2;6]},{'A',[273;244;336],2,[1;4;64],1,0,[17;15;17],1,4},{'M',[1092;488;-7],3,[126;17;-7],2,[NaN;NaN;0],[273;244;336],2,[2;1;NaN]},{'M',[520;33;700],3,[520;160;260],2,[0;NaN;NaN],[18;33;-1],2,[NaN;0;NaN],[324;316;700],2,[NaN;NaN;0]},{'A',[572;455;693],4,[1092;488;-7],3,0,[-520;-33;700],3,0},{'A',[561;465;-527],2,[17;-15;17],1,0,[17;15;-17],1,5},{'A',[28;36;28],1,[1;1;1],0,5,[-1;1;-1],0,2},{'A',[255;211;337],3,[273;244;336],2,0,[-18;-33;1],2,0},{'M',[112;-15;17],2,[17;-15;17],1,[NaN;0;0],[28;36;28],1,[2;NaN;NaN]},{'A',[-212;-331;717],3,[112;-15;17],2,0,[-324;-316;700],2,0},{'M',[126;160;-256],3,[520;160;260],2,[NaN;0;NaN],[126;17;-7],2,[0;NaN;NaN],[18;33;-1],2,[NaN;NaN;8]},{'A',[338;491;461],4,[126;160;-256],3,0,[212;331;717],3,0},{'A',[1022;353;521],3,[520;160;260],2,1,[-18;33;1],2,0},{'M',[28;36;56],2,[28;36;28],1,[0;0;1]},{'A',[533;429;-583],3,[561;465;-527],2,0,[-28;-36;-56],2,0},{'M',[255;706;337],4,[255;211;337],3,[0;NaN;0],[1022;353;521],3,[NaN;1;NaN]},{'O',[255;706;337],4,[255;706;337],4,0},{'M',[-848;-662;-583],4,[-212;-331;717],3,[2;1;NaN],[533;429;-583],3,[NaN;NaN;0]},{'O',[848;662;583],4,[848;662;583],4,0},{'M',[1022;429;521],4,[1022;353;521],3,[0;NaN;0],[533;429;-583],3,[NaN;0;NaN]},{'O',[1022;429;521],4,[1022;429;521],4,0},{'O',[338;491;461],4,[338;491;461],4,0},{'O',[572;455;693],4,[572;455;693],4,0}}
Adder graph: {{'M',[1;2;1],1,[1;1;1],0,[0;1;0]},{'M',[4;4;1],1,[1;1;1],0,[2;2;0]},{'A',[65;-62;-15],2,[1;2;1],1,0,[4;-4;-1],1,4},{'M',[1;8;1],1,[1;1;1],0,[0;3;0]},{'M',[128;1;4],1,[1;1;1],0,[7;0;2]},{'A',[258;18;10],2,[1;8;1],1,1,[128;1;4],1,1},{'A',[126;130;130],1,[1;1;1],0,7,[-1;1;1],0,1},{'A',[17;17;17],1,[1;1;1],0,0,[1;1;1],0,4},{'M',[2;1;8],1,[1;1;1],0,[1;0;3]},{'A',[19;18;25],2,[2;1;8],1,0,[17;17;17],1,0},{'M',[1;1;2],1,[1;1;1],0,[0;0;1]},{'M',[2;1;1],1,[1;1;1],0,[1;0;0]},{'A',[136;124;252],2,[1;1;2],1,7,[2;-1;-1],1,2},{'M',[17;544;17],2,[17;17;17],1,[0;5;0]},{'A',[255;792;521],3,[136;124;252],2,1,[-17;544;17],2,0},{'A',[-63;65;-63],1,[1;1;1],0,0,[-1;1;-1],0,6},{'M',[504;520;-63],2,[126;130;130],1,[2;2;NaN],[-63;65;-63],1,[NaN;NaN;0]},{'M',[68;65;520],2,[126;130;130],1,[NaN;NaN;2],[17;17;17],1,[2;NaN;NaN],[-63;65;-63],1,[NaN;0;NaN]},{'A',[572;455;-583],3,[504;520;-63],2,0,[68;-65;-520],2,0},{'A',[-441;455;-441],2,[-63;65;-63],1,3,[63;-65;63],1,0},{'M',[34;65;-63],2,[17;17;17],1,[1;NaN;NaN],[-63;65;-63],1,[NaN;0;0]},{'A',[338;353;337],3,[34;65;-63],2,0,[19;18;25],2,4},{'A',[957;491;461],3,[258;18;10],2,1,[441;455;441],2,0},{'M',[17;34;34],2,[17;17;17],1,[0;1;1]},{'A',[-848;978;-950],3,[-441;455;-441],2,1,[17;34;-34],2,1},{'A',[577;-331;693],3,[136;124;252],2,0,[441;-455;441],2,0},{'M',[65;-62;-60],3,[65;-62;-15],2,[0;0;2]},{'A',[1022;429;521],4,[957;491;461],3,0,[65;-62;60],3,0},{'M',[255;706;337],4,[255;792;521],3,[0;NaN;NaN],[338;353;337],3,[NaN;1;0]},{'O',[255;706;337],4,[255;706;337],4,0},{'M',[-848;-662;-583],4,[572;455;-583],3,[NaN;NaN;0],[-848;978;-950],3,[0;NaN;NaN],[577;-331;693],3,[NaN;1;NaN]},{'O',[848;662;583],4,[848;662;583],4,0},{'O',[1022;429;521],4,[1022;429;521],4,0},{'M',[338;491;461],4,[338;353;337],3,[0;NaN;NaN],[957;491;461],3,[NaN;0;0]},{'O',[338;491;461],4,[338;491;461],4,0},{'M',[572;455;693],4,[572;455;-583],3,[0;0;NaN],[577;-331;693],3,[NaN;NaN;0]},{'O',[572;455;693],4,[572;455;693],4,0}}
Adder graph: {{'A',[-31;33;-31],1,[1;1;1],0,0,[-1;1;-1],0,5},{'A',[33;31;33],1,[1;1;1],0,5,[1;-1;1],0,0},{'A',[7;7;7],1,[1;1;1],0,3,[-1;-1;-1],0,0},{'M',[7;124;112],2,[33;31;33],1,[NaN;2;NaN],[7;7;7],1,[0;NaN;4]},{'M',[224;31;28],2,[33;31;33],1,[NaN;0;NaN],[7;7;7],1,[5;NaN;2]},{'A',[-434;310;280],3,[7;124;112],2,1,[-224;31;28],2,1},{'M',[448;448;33],2,[33;31;33],1,[NaN;NaN;0],[7;7;7],1,[6;6;NaN]},{'M',[-124;7;264],2,[-31;33;-31],1,[2;NaN;NaN],[33;31;33],1,[NaN;NaN;3],[7;7;7],1,[NaN;0;NaN]},{'A',[572;455;-231],3,[448;448;33],2,0,[124;7;-264],2,0},{'A',[40;24;40],1,[1;1;1],0,5,[1;-1;1],0,3},{'M',[33;14;7],2,[33;31;33],1,[0;NaN;NaN],[7;7;7],1,[NaN;1;0]},{'M',[28;66;33],2,[-31;33;-31],1,[NaN;1;NaN],[33;31;33],1,[NaN;NaN;0],[7;7;7],1,[2;NaN;NaN]},{'A',[-415;-1042;-521],3,[33;14;7],2,0,[-28;-66;-33],2,4},{'A',[-572;-455;-693],4,[572;455;-231],3,0,[-572;-455;-231],3,1},{'M',[14;7;7],2,[7;7;7],1,[1;0;0]},{'M',[132;14;33],2,[33;31;33],1,[2;NaN;0],[7;7;7],1,[NaN;1;NaN]},{'A',[-20;42;23],3,[14;7;7],2,3,[-132;-14;-33],2,0},{'A',[848;662;583],4,[-20;42;23],3,0,[434;310;280],3,1},{'M',[1;2;1],1,[1;1;1],0,[0;1;0]},{'A',[-498;524;-494],2,[-31;33;-31],1,4,[-1;-2;1],1,1},{'M',[160;33;33],2,[-31;33;-31],1,[NaN;0;NaN],[33;31;33],1,[NaN;NaN;0],[40;24;40],1,[2;NaN;NaN]},{'A',[-338;-491;-461],3,[160;33;33],2,0,[-498;-524;-494],2,0},{'M',[2;1;1],1,[1;1;1],0,[1;0;0]},{'A',[-526;-495;-527],2,[2;1;1],1,0,[-33;-31;-33],1,4},{'M',[-248;33;-31],2,[-31;33;-31],1,[3;0;0]},{'A',[-1022;-429;-589],3,[-248;33;-31],2,1,[-526;-495;-527],2,0},{'A',[-255;-706;-337],4,[-415;-1042;-521],3,0,[20;42;23],3,3},{'O',[255;706;337],4,[255;706;337],4,0},{'O',[848;662;583],4,[848;662;583],4,0},{'M',[-1022;-429;-521],4,[-415;-1042;-521],3,[NaN;NaN;0],[-1022;-429;-589],3,[0;0;NaN]},{'O',[1022;429;521],4,[1022;429;521],4,0},{'R',[-338;-491;-461],4,[-338;-491;-461],3},{'O',[338;491;461],4,[338;491;461],4,0},{'O',[572;455;693],4,[572;455;693],4,0}}
Adder graph: {{'A',[63;65;65],1,[1;1;1],0,6,[-1;1;1],0,0},{'M',[1;512;1],1,[1;1;1],0,[0;9;0]},{'M',[1;2;2],1,[1;1;1],0,[0;1;1]},{'A',[5;520;9],2,[1;512;1],1,0,[1;2;2],1,2},{'A',[7;7;7],1,[1;1;1],0,3,[-1;-1;-1],0,0},{'A',[567;455;585],2,[63;65;65],1,3,[63;-65;65],1,0},{'M',[7;7;224],2,[7;7;7],1,[0;0;5]},{'A',[574;462;809],3,[567;455;585],2,0,[7;7;224],2,0},{'M',[4;1;1],1,[1;1;1],0,[2;0;0]},{'M',[4;1;4],1,[1;1;1],0,[2;0;2]},{'A',[-112;36;-124],2,[4;1;1],1,2,[-4;1;-4],1,5},{'A',[10;10;10],1,[1;1;1],0,3,[1;1;1],0,1},{'M',[128;1;256],1,[1;1;1],0,[7;0;8]},{'M',[1;8;8],1,[1;1;1],0,[0;3;3]},{'A',[124;33;288],2,[128;1;256],1,0,[-1;8;8],1,2},{'A',[343;527;337],3,[567;455;585],2,0,[-112;36;-124],2,1},{'M',[1;4;1],1,[1;1;1],0,[0;2;0]},{'A',[54;266;54],2,[1;4;1],1,6,[-10;10;-10],1,0},{'M',[7;640;7],2,[7;7;7],1,[0;NaN;0],[10;10;10],1,[NaN;6;NaN]},{'A',[255;706;583],3,[7;640;7],2,0,[124;33;288],2,1},{'M',[5;36;-124],3,[5;520;9],2,[0;NaN;NaN],[-112;36;-124],2,[NaN;0;0]},{'A',[-338;-491;-461],4,[5;36;-124],3,0,[-343;-527;-337],3,0},{'M',[160;65;160],2,[63;65;65],1,[NaN;0;NaN],[10;10;10],1,[4;NaN;4]},{'A',[106;331;214],3,[160;65;160],2,0,[-54;266;54],2,0},{'M',[5;910;108],3,[5;520;9],2,[0;NaN;NaN],[567;455;585],2,[NaN;1;NaN],[54;266;54],2,[NaN;NaN;1]},{'R',[567;455;585],3,[567;455;585],2},{'A',[572;455;693],4,[5;910;108],3,0,[567;-455;585],3,0},{'M',[-448;33;288],3,[5;520;9],2,[NaN;NaN;5],[-112;36;-124],2,[2;NaN;NaN],[124;33;288],2,[NaN;0;NaN]},{'A',[1022;429;521],4,[574;462;809],3,0,[448;-33;-288],3,0},{'M',[255;706;337],4,[343;527;337],3,[NaN;NaN;0],[255;706;583],3,[0;0;NaN]},{'O',[255;706;337],4,[255;706;337],4,0},{'M',[848;662;583],4,[255;706;583],3,[NaN;NaN;0],[106;331;214],3,[3;1;NaN]},{'O',[848;662;583],4,[848;662;583],4,0},{'O',[1022;429;521],4,[1022;429;521],4,0},{'O',[338;491;461],4,[338;491;461],4,0},{'O',[572;455;693],4,[572;455;693],4,0}}
Adder graph: {{'R',[1;1;1],1,[1;1;1],0},{'A',[3;5;3],1,[1;1;1],0,2,[-1;1;-1],0,0},{'A',[-186;-310;-186],2,[3;5;3],1,1,[-3;-5;-3],1,6},{'A',[-180;340;-180],2,[3;5;3],1,2,[-3;5;-3],1,6},{'A',[511;511;513],1,[1;1;1],0,9,[-1;-1;1],0,0},{'M',[4;16;1],1,[1;1;1],0,[2;4;0]},{'A',[44;64;49],2,[3;5;3],1,4,[-4;-16;1],1,0},{'A',[191;321;193],2,[3;5;3],1,6,[-1;1;1],1,0},{'M',[32;5;6],2,[1;1;1],1,[5;NaN;NaN],[3;5;3],1,[NaN;0;1]},{'A',[255;331;-181],3,[32;5;6],2,1,[191;321;-193],2,0},{'M',[1;1;32],1,[1;1;1],0,[0;0;5]},{'A',[513;509;449],2,[511;511;513],1,0,[1;-1;-32],1,1},{'M',[3;20;3],2,[3;5;3],1,[0;2;0]},{'A',[501;429;461],3,[513;509;449],2,0,[-3;-20;3],2,2},{'M',[32;32;513],2,[1;1;1],1,[5;5;NaN],[511;511;513],1,[NaN;NaN;0]},{'A',[212;372;693],3,[32;32;513],2,0,[180;340;180],2,0},{'M',[511;511;8],2,[1;1;1],1,[NaN;NaN;3],[511;511;513],1,[0;0;NaN]},{'M',[511;20;513],2,[3;5;3],1,[NaN;2;NaN],[511;511;513],1,[0;NaN;0]},{'A',[1022;491;521],3,[511;511;8],2,0,[511;-20;513],2,0},{'A',[338;706;337],3,[191;321;193],2,1,[-44;64;-49],2,0},{'M',[4;1;4],1,[1;1;1],0,[2;0;2]},{'A',[575;495;577],2,[511;511;513],1,0,[4;-1;4],1,4},{'M',[3;40;6],2,[3;5;3],1,[0;3;1]},{'A',[572;455;583],3,[575;495;577],2,0,[-3;-40;6],2,0},{'M',[255;706;337],4,[255;331;-181],3,[0;NaN;NaN],[338;706;337],3,[NaN;0;0]},{'O',[255;706;337],4,[255;706;337],4,0},{'M',[848;662;583],4,[255;331;-181],3,[NaN;1;NaN],[212;372;693],3,[2;NaN;NaN],[572;455;583],3,[NaN;NaN;0]},{'O',[848;662;583],4,[848;662;583],4,0},{'M',[1022;429;521],4,[501;429;461],3,[NaN;0;NaN],[1022;491;521],3,[0;NaN;0]},{'O',[1022;429;521],4,[1022;429;521],4,0},{'M',[338;491;461],4,[501;429;461],3,[NaN;NaN;0],[1022;491;521],3,[NaN;0;NaN],[338;706;337],3,[0;NaN;NaN]},{'O',[338;491;461],4,[338;491;461],4,0},{'M',[572;455;693],4,[212;372;693],3,[NaN;NaN;0],[572;455;583],3,[0;0;NaN]},{'O',[572;455;693],4,[572;455;693],4,0}}
Adder graph: {{'M',[16;16;1],1,[1;1;1],0,[4;4;0]},{'M',[1;16;1],1,[1;1;1],0,[0;4;0]},{'A',[544;0;64],2,[16;16;1],1,5,[1;-16;1],1,5},{'A',[129;129;-127],1,[1;1;1],0,0,[1;1;-1],0,7},{'M',[2;1;1],1,[1;1;1],0,[1;0;0]},{'M',[1;32;128],1,[1;1;1],0,[0;5;7]},{'A',[288;1152;-3968],2,[2;1;1],1,7,[1;32;-128],1,5},{'A',[255;257;257],1,[1;1;1],0,8,[-1;1;1],0,0},{'A',[80;80;80],1,[1;1;1],0,6,[1;1;1],0,4},{'A',[-28;-28;36],1,[1;1;1],0,2,[-1;-1;1],0,5},{'A',[-14112;-14560;18720],2,[-28;-28;36],1,9,[28;-28;36],1,3},{'M',[510;258;80],2,[129;129;-127],1,[NaN;1;NaN],[255;257;257],1,[1;NaN;NaN],[80;80;80],1,[NaN;NaN;0]},{'M',[255;-448;257],2,[255;257;257],1,[0;NaN;0],[-28;-28;36],1,[NaN;4;NaN]},{'A',[255;706;337],3,[510;258;80],2,0,[-255;448;257],2,0},{'A',[129;-127;129],1,[1;1;1],0,0,[1;-1;1],0,7},{'A',[-424;455;-583],3,[544;0;64],2,-5,[-14112;14560;-18720],2,-5},{'M',[-56;129;72],2,[129;129;-127],1,[NaN;0;NaN],[-28;-28;36],1,[1;NaN;1]},{'M',[255;-28;129],2,[255;257;257],1,[0;NaN;NaN],[-28;-28;36],1,[NaN;0;NaN],[129;-127;129],1,[NaN;NaN;0]},{'A',[143;230;15],3,[-56;129;72],2,1,[255;-28;-129],2,0},{'A',[450;491;461],3,[288;1152;-3968],2,-5,[14112;14560;18720],2,-5},{'A',[596;-588;436],2,[129;-127;129],1,2,[80;-80;-80],1,0},{'A',[1022;429;521],4,[143;230;15],3,2,[450;-491;461],3,0},{'M',[258;257;257],2,[255;257;257],1,[NaN;0;0],[129;-127;129],1,[1;NaN;NaN]},{'A',[338;-331;693],3,[596;-588;436],2,0,[-258;257;257],2,0},{'R',[255;706;337],4,[255;706;337],3},{'O',[255;706;337],4,[255;706;337],4,0},{'M',[-848;-662;-583],4,[-424;455;-583],3,[1;NaN;0],[338;-331;693],3,[NaN;1;NaN]},{'O',[848;662;583],4,[848;662;583],4,0},{'O',[1022;429;521],4,[1022;429;521],4,0},{'M',[338;491;461],4,[450;491;461],3,[NaN;0;0],[338;-331;693],3,[0;NaN;NaN]},{'O',[338;491;461],4,[338;491;461],4,0},{'M',[572;455;693],4,[-424;455;-583],3,[NaN;0;NaN],[143;230;15],3,[2;NaN;NaN],[338;-331;693],3,[NaN;NaN;0]},{'O',[572;455;693],4,[572;455;693],4,0}}
Adder graph: {{'A',[3;5;3],1,[1;1;1],0,2,[-1;1;-1],0,0},{'M',[2;1;1],1,[1;1;1],0,[1;0;0]},{'M',[1;64;64],1,[1;1;1],0,[0;6;6]},{'A',[3;-62;-62],2,[2;1;1],1,1,[-1;-64;-64],1,0},{'A',[4;12;4],1,[1;1;1],0,3,[-1;1;-1],0,2},{'A',[511;513;513],1,[1;1;1],0,9,[-1;1;1],0,0},{'A',[576;448;576],1,[1;1;1],0,9,[1;-1;1],0,6},{'A',[-764;-1268;772],2,[4;12;4],1,0,[-3;-5;3],1,8},{'A',[7;7;7],1,[1;1;1],0,3,[-1;-1;-1],0,0},{'M',[256;1;256],1,[1;1;1],0,[8;0;8]},{'A',[262;11;262],2,[256;1;256],1,0,[3;5;3],1,1},{'M',[1;1;2],1,[1;1;1],0,[0;0;1]},{'A',[976;944;2000],2,[1;1;2],1,10,[-3;-5;-3],1,4},{'M',[7;320;192],2,[3;5;3],1,[NaN;6;6],[7;7;7],1,[0;NaN;NaN]},{'A',[255;331;70],3,[262;11;262],2,0,[-7;320;-192],2,0},{'A',[53;553;693],3,[976;944;2000],2,-2,[-764;1268;772],2,-2},{'R',[576;448;576],2,[576;448;576],1},{'A',[335;429;337],3,[576;448;576],2,-2,[764;1268;772],2,-2},{'M',[3;-62;-124],3,[3;-62;-62],2,[0;0;1]},{'A',[338;491;461],4,[335;429;337],3,0,[3;62;124],3,0},{'M',[4;7;7],2,[4;12;4],1,[0;NaN;NaN],[7;7;7],1,[NaN;0;0]},{'A',[572;455;583],3,[576;448;576],2,0,[-4;7;7],2,0},{'M',[511;513;8],2,[4;12;4],1,[NaN;NaN;1],[511;513;513],1,[0;0;NaN]},{'M',[511;160;513],2,[3;5;3],1,[NaN;5;NaN],[511;513;513],1,[0;NaN;0]},{'A',[1022;353;521],3,[511;513;8],2,0,[511;-160;513],2,0},{'M',[255;706;337],4,[255;331;70],3,[0;NaN;NaN],[335;429;337],3,[NaN;NaN;0],[1022;353;521],3,[NaN;1;NaN]},{'O',[255;706;337],4,[255;706;337],4,0},{'M',[848;662;583],4,[255;331;70],3,[NaN;1;NaN],[53;553;693],3,[4;NaN;NaN],[572;455;583],3,[NaN;NaN;0]},{'O',[848;662;583],4,[848;662;583],4,0},{'M',[1022;429;521],4,[335;429;337],3,[NaN;0;NaN],[1022;353;521],3,[0;NaN;0]},{'O',[1022;429;521],4,[1022;429;521],4,0},{'O',[338;491;461],4,[338;491;461],4,0},{'M',[572;455;693],4,[53;553;693],3,[NaN;NaN;0],[572;455;583],3,[0;0;NaN]},{'O',[572;455;693],4,[572;455;693],4,0}}
Adder graph: {{'M',[2;1;1],1,[1;1;1],0,[1;0;0]},{'M',[4;4;1],1,[1;1;1],0,[2;2;0]},{'A',[-62;-63;17],2,[2;1;1],1,0,[-4;-4;1],1,4},{'M',[2;2;1],1,[1;1;1],0,[1;1;0]},{'M',[8;1;1],1,[1;1;1],0,[3;0;0]},{'A',[480;508;252],2,[2;2;1],1,8,[-8;-1;-1],1,2},{'M',[1;2;2],1,[1;1;1],0,[0;1;1]},{'A',[129;66;62],2,[2;1;1],1,6,[1;2;-2],1,0},{'A',[0;0;256],1,[1;1;1],0,7,[-1;-1;1],0,7},{'A',[-6;10;10],1,[1;1;1],0,1,[-1;1;1],0,3},{'A',[-56;79;79],2,[-6;10;10],1,3,[-8;-1;-1],1,0},{'M',[960;508;504],3,[480;508;252],2,[1;0;1]},{'M',[-62;79;17],3,[-62;-63;17],2,[0;NaN;0],[-56;79;79],2,[NaN;0;NaN]},{'A',[1022;429;521],4,[960;508;504],3,0,[62;-79;17],3,0},{'A',[254;254;258],1,[1;1;1],0,8,[-1;-1;1],0,1},{'A',[48;80;176],2,[0;0;256],1,0,[6;10;-10],1,3},{'M',[-112;158;79],3,[-56;79;79],2,[1;1;0]},{'M',[480;-252;252],3,[-62;-63;17],2,[NaN;2;NaN],[480;508;252],2,[0;NaN;0]},{'A',[848;662;583],4,[-112;158;79],3,0,[480;252;252],3,1},{'A',[255;706;1470],3,[48;80;176],2,3,[-129;66;62],2,0},{'M',[-24;254;258],2,[-6;10;10],1,[2;NaN;NaN],[254;254;258],1,[NaN;0;0]},{'A',[-80;333;337],3,[-24;254;258],2,0,[-56;79;79],2,0},{'M',[129;79;62],3,[129;66;62],2,[0;NaN;0],[-56;79;79],2,[NaN;0;NaN]},{'A',[338;491;461],4,[129;79;62],3,1,[80;333;337],3,0},{'M',[0;160;256],2,[0;0;256],1,[0;NaN;0],[-6;10;10],1,[NaN;4;NaN]},{'A',[56;719;945],3,[0;160;256],2,2,[56;79;-79],2,0},{'M',[516;264;252],3,[480;508;252],2,[NaN;NaN;0],[129;66;62],2,[2;2;NaN]},{'A',[572;455;693],4,[56;719;945],3,0,[516;-264;-252],3,0},{'M',[255;706;337],4,[255;706;1470],3,[0;0;NaN],[-80;333;337],3,[NaN;NaN;0]},{'O',[255;706;337],4,[255;706;337],4,0},{'O',[848;662;583],4,[848;662;583],4,0},{'O',[1022;429;521],4,[1022;429;521],4,0},{'O',[338;491;461],4,[338;491;461],4,0},{'O',[572;455;693],4,[572;455;693],4,0}}
Adder graph: {{'A',[5;5;5],1,[1;1;1],0,2,[1;1;1],0,0},{'A',[3;1;1],1,[1;1;1],0,1,[1;-1;-1],0,0},{'A',[26;22;22],2,[3;1;1],1,1,[5;5;5],1,2},{'M',[12;4;5],2,[5;5;5],1,[NaN;NaN;0],[3;1;1],1,[2;2;NaN]},{'M',[384;1;128],2,[3;1;1],1,[7;0;7]},{'A',[-576;62;-176],3,[12;4;5],2,4,[-384;-1;-128],2,1},{'M',[1;512;1],1,[1;1;1],0,[0;9;0]},{'A',[4;517;4],2,[5;5;5],1,0,[-1;512;-1],1,0},{'M',[16;16;1],1,[1;1;1],0,[4;4;0]},{'M',[1;32;32],1,[1;1;1],0,[0;5;5]},{'A',[65;32;-28],2,[16;16;1],1,2,[1;-32;-32],1,0},{'M',[32;1;32],1,[1;1;1],0,[5;0;5]},{'A',[507;21;517],2,[32;1;32],1,4,[-5;5;5],1,0},{'A',[108;429;-84],3,[4;517;4],2,0,[26;-22;-22],2,2},{'M',[4;517;517],3,[4;517;4],2,[0;0;NaN],[507;21;517],2,[NaN;NaN;0]},{'A',[-572;-455;-693],4,[-576;62;-176],3,0,[4;-517;-517],3,0},{'A',[637;641;639],2,[5;5;5],1,7,[-3;1;-1],1,0},{'M',[832;21;-56],3,[26;22;22],2,[5;NaN;NaN],[65;32;-28],2,[NaN;NaN;1],[507;21;517],2,[NaN;0;NaN]},{'M',[16;641;639],3,[4;517;4],2,[2;NaN;NaN],[637;641;639],2,[NaN;0;0]},{'A',[848;662;583],4,[832;21;-56],3,0,[16;641;639],3,0},{'A',[511;538;521],3,[4;517;4],2,0,[507;21;517],2,0},{'M',[6;1;1],2,[3;1;1],1,[1;0;0]},{'A',[256;-168;184],3,[6;1;1],2,3,[26;-22;22],2,3},{'M',[65;256;-28],3,[65;32;-28],2,[0;3;0]},{'M',[208;21;517],3,[26;22;22],2,[3;NaN;NaN],[507;21;517],2,[NaN;0;0]},{'A',[338;491;461],4,[65;256;-28],3,1,[208;-21;517],3,0},{'A',[-255;-706;-337],4,[256;-168;184],3,0,[-511;-538;-521],3,0},{'O',[255;706;337],4,[255;706;337],4,0},{'O',[848;662;583],4,[848;662;583],4,0},{'M',[1022;429;521],4,[108;429;-84],3,[NaN;0;NaN],[511;538;521],3,[1;NaN;0]},{'O',[1022;429;521],4,[1022;429;521],4,0},{'O',[338;491;461],4,[338;491;461],4,0},{'O',[572;455;693],4,[572;455;693],4,0}}
Adder graph: {{'A',[31;33;33],1,[1;1;1],0,5,[-1;1;1],0,0},{'A',[-24;40;40],1,[1;1;1],0,3,[-1;1;1],0,5},{'M',[16;1;1],1,[1;1;1],0,[4;0;0]},{'A',[-128;-624;-624],2,[16;1;1],1,4,[-24;-40;-40],1,4},{'M',[8;1;1],1,[1;1;1],0,[3;0;0]},{'A',[159;17;17],2,[31;33;33],1,0,[8;-1;-1],1,4},{'M',[2;1;1],1,[1;1;1],0,[1;0;0]},{'A',[-22;41;41],2,[-24;40;40],1,0,[2;1;1],1,0},{'M',[1;1;16],1,[1;1;1],0,[0;0;4]},{'A',[-386;638;608],2,[-24;40;40],1,4,[-1;-1;-16],1,1},{'A',[-298;474;444],3,[-386;638;608],2,0,[22;-41;-41],2,2},{'M',[-24;80;80],2,[-24;40;40],1,[0;1;1]},{'A',[255;-303;337],3,[159;17;17],2,0,[24;-80;80],2,2},{'M',[636;17;17],3,[159;17;17],2,[2;0;0]},{'A',[338;491;461],4,[636;17;17],3,0,[-298;474;444],3,0},{'A',[527;495;561],2,[31;33;33],1,4,[31;-33;33],1,0},{'M',[62;66;40],2,[31;33;33],1,[1;1;NaN],[-24;40;40],1,[NaN;NaN;0]},{'A',[-465;-429;-521],3,[62;66;40],2,0,[-527;-495;-561],2,0},{'M',[-384;40;132],2,[31;33;33],1,[NaN;NaN;2],[-24;40;40],1,[4;0;NaN]},{'A',[143;455;693],3,[527;495;561],2,0,[-384;-40;132],2,0},{'A',[-106;-583;-583],3,[-128;-624;-624],2,0,[22;41;41],2,0},{'A',[-1022;706;540],3,[-386;638;608],2,0,[-159;17;-17],2,2},{'A',[-615;-331;-397],3,[-22;41;41],2,2,[-527;-495;-561],2,0},{'M',[255;706;337],4,[255;-303;337],3,[0;NaN;0],[-1022;706;540],3,[NaN;0;NaN]},{'O',[255;706;337],4,[255;706;337],4,0},{'M',[-848;-662;-583],4,[-106;-583;-583],3,[3;NaN;0],[-615;-331;-397],3,[NaN;1;NaN]},{'O',[848;662;583],4,[848;662;583],4,0},{'M',[-1022;-429;-521],4,[-465;-429;-521],3,[NaN;0;0],[-1022;706;540],3,[0;NaN;NaN]},{'O',[1022;429;521],4,[1022;429;521],4,0},{'O',[338;491;461],4,[338;491;461],4,0},{'M',[572;455;693],4,[143;455;693],3,[2;0;0]},{'O',[572;455;693],4,[572;455;693],4,0}}
Finished solving after 259191 seconds
Adder graph: {{'A',[31;33;33],1,[1;1;1],0,5,[-1;1;1],0,0},{'A',[-24;40;40],1,[1;1;1],0,3,[-1;1;1],0,5},{'M',[16;1;1],1,[1;1;1],0,[4;0;0]},{'A',[-128;-624;-624],2,[16;1;1],1,4,[-24;-40;-40],1,4},{'M',[8;1;1],1,[1;1;1],0,[3;0;0]},{'A',[159;17;17],2,[31;33;33],1,0,[8;-1;-1],1,4},{'M',[2;1;1],1,[1;1;1],0,[1;0;0]},{'A',[-22;41;41],2,[-24;40;40],1,0,[2;1;1],1,0},{'M',[1;1;16],1,[1;1;1],0,[0;0;4]},{'A',[-386;638;608],2,[-24;40;40],1,4,[-1;-1;-16],1,1},{'A',[-298;474;444],3,[-386;638;608],2,0,[22;-41;-41],2,2},{'M',[-24;80;80],2,[-24;40;40],1,[0;1;1]},{'A',[255;-303;337],3,[159;17;17],2,0,[24;-80;80],2,2},{'M',[636;17;17],3,[159;17;17],2,[2;0;0]},{'A',[338;491;461],4,[636;17;17],3,0,[-298;474;444],3,0},{'A',[527;495;561],2,[31;33;33],1,4,[31;-33;33],1,0},{'M',[62;66;40],2,[31;33;33],1,[1;1;NaN],[-24;40;40],1,[NaN;NaN;0]},{'A',[-465;-429;-521],3,[62;66;40],2,0,[-527;-495;-561],2,0},{'M',[-384;40;132],2,[31;33;33],1,[NaN;NaN;2],[-24;40;40],1,[4;0;NaN]},{'A',[143;455;693],3,[527;495;561],2,0,[-384;-40;132],2,0},{'A',[-106;-583;-583],3,[-128;-624;-624],2,0,[22;41;41],2,0},{'A',[-1022;706;540],3,[-386;638;608],2,0,[-159;17;-17],2,2},{'A',[-615;-331;-397],3,[-22;41;41],2,2,[-527;-495;-561],2,0},{'M',[255;706;337],4,[255;-303;337],3,[0;NaN;0],[-1022;706;540],3,[NaN;0;NaN]},{'O',[255;706;337],4,[255;706;337],4,0},{'M',[-848;-662;-583],4,[-106;-583;-583],3,[3;NaN;0],[-615;-331;-397],3,[NaN;1;NaN]},{'O',[848;662;583],4,[848;662;583],4,0},{'M',[-1022;-429;-521],4,[-465;-429;-521],3,[NaN;0;0],[-1022;706;540],3,[0;NaN;NaN]},{'O',[1022;429;521],4,[1022;429;521],4,0},{'O',[338;491;461],4,[338;491;461],4,0},{'M',[572;455;693],4,[143;455;693],3,[2;0;0]},{'O',[572;455;693],4,[572;455;693],4,0}}
# Add optimal = 1
# Mux optimal = 0
# Mux registers optimal = 0
# FAs optimal = 0
