Adder graph: {{'A',[5;3;5],1,[1;1;1],0,2,[1;-1;1],0,0},{'M',[1;32;8],1,[1;1;1],0,[0;5;3]},{'M',[1;512;2],1,[1;1;1],0,[0;9;1]},{'A',[7;768;66],2,[1;32;8],1,3,[-1;512;2],1,0},{'M',[4;1;64],1,[1;1;1],0,[2;0;6]},{'R',[1;1;1],1,[1;1;1],0},{'A',[15;3;257],2,[4;1;64],1,2,[-1;-1;1],1,0},{'M',[1;128;256],1,[1;1;1],0,[0;7;8]},{'A',[-19;140;276],2,[1;128;256],1,0,[-5;3;5],1,2},{'M',[20;3;80],2,[5;3;5],1,[2;0;4]},{'M',[5;48;5],2,[5;3;5],1,[0;4;0]},{'A',[25;-45;75],3,[20;3;80],2,0,[5;-48;-5],2,0},{'A',[65;63;65],1,[1;1;1],0,6,[1;-1;1],0,0},{'M',[320;63;65],2,[5;3;5],1,[6;NaN;NaN],[65;63;65],1,[NaN;0;0]},{'A',[396;623;1169],3,[320;63;65],2,0,[19;140;276],2,2},{'M',[-76;48;276],3,[15;3;257],2,[NaN;4;NaN],[-19;140;276],2,[2;NaN;0]},{'M',[-19;6;257],3,[15;3;257],2,[NaN;1;0],[-19;140;276],2,[0;NaN;NaN]},{'A',[-57;42;19],4,[-76;48;276],3,0,[19;-6;-257],3,0},{'M',[25;-45;150],4,[25;-45;75],3,[0;0;1]},{'A',[-887;-717;-154],5,[25;-45;150],4,0,[-57;-42;-19],4,4},{'M',[1;16;64],1,[1;1;1],0,[0;4;6]},{'M',[1;1;2],1,[1;1;1],0,[0;0;1]},{'A',[-3;20;56],2,[1;16;64],1,0,[-1;1;-2],1,2},{'M',[15;96;896],3,[15;3;257],2,[0;5;NaN],[-3;20;56],2,[NaN;NaN;4]},{'A',[381;719;273],4,[396;623;1169],3,0,[-15;96;-896],3,0},{'M',[224;20;276],3,[7;768;66],2,[5;NaN;NaN],[-19;140;276],2,[NaN;NaN;0],[-3;20;56],2,[NaN;0;NaN]},{'M',[-19;3;264],3,[7;768;66],2,[NaN;NaN;2],[15;3;257],2,[NaN;0;NaN],[-19;140;276],2,[0;NaN;NaN]},{'A',[429;43;288],4,[224;20;276],3,1,[-19;3;-264],3,0},{'M',[112;6;257],3,[7;768;66],2,[4;NaN;NaN],[15;3;257],2,[NaN;1;0]},{'M',[-12;768;552],3,[7;768;66],2,[NaN;0;NaN],[-19;140;276],2,[NaN;NaN;1],[-3;20;56],2,[2;NaN;NaN]},{'A',[124;774;809],4,[112;6;257],3,0,[12;768;552],3,0},{'M',[15;96;448],3,[15;3;257],2,[0;5;NaN],[-3;20;56],2,[NaN;NaN;3]},{'M',[56;3;448],3,[7;768;66],2,[3;NaN;NaN],[15;3;257],2,[NaN;0;NaN],[-3;20;56],2,[NaN;NaN;3]},{'A',[86;195;448],4,[15;96;448],3,1,[56;3;-448],3,0},{'M',[50;-90;75],4,[25;-45;75],3,[1;1;0]},{'A',[-379;-133;-213],5,[50;-90;75],4,0,[-429;-43;-288],4,0},{'M',[381;774;546],5,[381;719;273],4,[0;NaN;1],[124;774;809],4,[NaN;0;NaN]},{'O',[381;774;546],5,[381;774;546],5,0},{'M',[124;719;809],5,[381;719;273],4,[NaN;0;NaN],[124;774;809],4,[0;NaN;0]},{'O',[124;719;809],5,[124;719;809],5,0},{'M',[86;344;288],5,[429;43;288],4,[NaN;3;0],[86;195;448],4,[0;NaN;NaN]},{'O',[86;344;288],5,[86;344;288],5,0},{'O',[887;717;154],5,[887;717;154],5,0},{'O',[379;133;213],5,[379;133;213],5,0}}
Adder graph: {{'A',[127;129;129],1,[1;1;1],0,7,[-1;1;1],0,0},{'R',[1;1;1],1,[1;1;1],0},{'M',[4;2048;1],1,[1;1;1],0,[2;11;0]},{'A',[60;2112;65],2,[1;1;1],1,6,[-4;2048;1],1,0},{'M',[4;1;16],1,[1;1;1],0,[2;0;4]},{'M',[1;16;32],1,[1;1;1],0,[0;4;5]},{'A',[3;-15;-16],2,[4;1;16],1,0,[-1;-16;-32],1,0},{'A',[7;7;9],1,[1;1;1],0,3,[-1;-1;1],0,0},{'M',[1;32;1],1,[1;1;1],0,[0;5;0]},{'A',[131;1;133],2,[127;129;129],1,0,[1;-32;1],1,2},{'A',[231;217;297],2,[7;7;9],1,5,[7;-7;9],1,0},{'M',[224;129;129],2,[127;129;129],1,[NaN;0;0],[7;7;9],1,[5;NaN;NaN]},{'A',[1127;733;219],3,[224;129;129],2,2,[231;217;-297],2,0},{'M',[7;56;1032],2,[127;129;129],1,[NaN;NaN;3],[7;7;9],1,[0;3;NaN]},{'A',[52;344;4000],3,[7;56;1032],2,2,[3;15;-16],2,3},{'M',[127;129;72],2,[127;129;129],1,[0;0;NaN],[7;7;9],1,[NaN;NaN;3]},{'M',[127;129;258],2,[127;129;129],1,[0;0;1]},{'A',[381;387;546],3,[127;129;72],2,2,[-127;-129;258],2,0},{'M',[1;2;16],1,[1;1;1],0,[0;1;4]},{'M',[1;16;1],1,[1;1;1],0,[0;4;0]},{'A',[5;66;20],2,[1;2;16],1,0,[1;16;1],1,2},{'A',[255;-337;169],3,[3;-15;-16],2,3,[231;-217;297],2,0},{'M',[384;1;133],3,[3;-15;-16],2,[7;NaN;NaN],[131;1;133],2,[NaN;0;0]},{'M',[5;132;80],3,[5;66;20],2,[0;1;2]},{'A',[379;133;213],4,[384;1;133],3,0,[-5;132;80],3,0},{'M',[131;1056;640],3,[131;1;133],2,[0;NaN;NaN],[5;66;20],2,[NaN;4;5]},{'A',[124;719;809],4,[255;-337;169],3,0,[-131;1056;640],3,0},{'M',[240;16;65],3,[60;2112;65],2,[2;NaN;0],[131;1;133],2,[NaN;4;NaN]},{'A',[887;717;154],4,[1127;733;219],3,0,[-240;-16;-65],3,0},{'A',[86;-1086;288],3,[3;-15;-16],2,1,[5;-66;20],2,4},{'M',[381;774;546],4,[381;387;546],3,[0;1;0]},{'O',[381;774;546],4,[381;774;546],4,0},{'O',[124;719;809],4,[124;719;809],4,0},{'M',[86;344;288],4,[52;344;4000],3,[NaN;0;NaN],[86;-1086;288],3,[0;NaN;0]},{'O',[86;344;288],4,[86;344;288],4,0},{'O',[887;717;154],4,[887;717;154],4,0},{'O',[379;133;213],4,[379;133;213],4,0}}
Adder graph: {{'M',[1;1;64],1,[1;1;1],0,[0;0;6]},{'M',[1;32;512],1,[1;1;1],0,[0;5;9]},{'A',[5;-127;-1984],2,[1;1;64],1,0,[1;-32;-512],1,2},{'A',[255;257;257],1,[1;1;1],0,8,[-1;1;1],0,0},{'M',[255;257;4112],2,[255;257;257],1,[0;0;4]},{'M',[255;514;514],2,[255;257;257],1,[0;1;1]},{'A',[765;1028;8738],3,[255;257;4112],2,1,[255;514;514],2,0},{'A',[3;3;3],1,[1;1;1],0,2,[-1;-1;-1],0,0},{'A',[7;7;7],1,[1;1;1],0,3,[-1;-1;-1],0,0},{'M',[4;4;1],1,[1;1;1],0,[2;2;0]},{'A',[384;1408;1024],2,[7;7;7],1,7,[-4;4;1],1,7},{'M',[4;2;1],1,[1;1;1],0,[2;1;0]},{'A',[24;40;48],2,[7;7;7],1,3,[-4;-2;-1],1,3},{'M',[7;3;1028],2,[255;257;257],1,[NaN;NaN;2],[3;3;3],1,[NaN;0;NaN],[7;7;7],1,[0;NaN;NaN]},{'A',[31;43;-980],3,[24;40;48],2,0,[7;3;-1028],2,0},{'A',[267;269;269],2,[255;257;257],1,0,[3;3;3],1,2},{'M',[7;6;6],2,[3;3;3],1,[NaN;1;1],[7;7;7],1,[0;NaN;NaN]},{'A',[86;922;154],3,[267;269;269],2,1,[-7;6;-6],2,6},{'M',[384;-254;8192],3,[5;-127;-1984],2,[NaN;1;NaN],[384;1408;1024],2,[0;NaN;3]},{'A',[381;774;546],4,[765;1028;8738],3,0,[-384;-254;-8192],3,0},{'M',[255;448;56],2,[255;257;257],1,[0;NaN;NaN],[7;7;7],1,[NaN;6;3]},{'A',[522;717;-213],3,[255;448;56],2,0,[267;269;-269],2,0},{'A',[775;775;761],2,[3;3;3],1,8,[7;7;-7],1,0},{'M',[14;7;6],2,[3;3;3],1,[NaN;NaN;1],[7;7;7],1,[1;0;NaN]},{'A',[887;719;809],3,[775;775;761],2,0,[14;-7;6],2,3},{'M',[192;3;1028],2,[255;257;257],1,[NaN;NaN;2],[3;3;3],1,[6;0;NaN]},{'A',[-379;-133;72],3,[5;-127;-1984],2,0,[-192;-3;1028],2,1},{'O',[381;774;546],4,[381;774;546],4,0},{'M',[124;719;809],4,[31;43;-980],3,[2;NaN;NaN],[887;719;809],3,[NaN;0;0]},{'O',[124;719;809],4,[124;719;809],4,0},{'M',[86;344;288],4,[31;43;-980],3,[NaN;3;NaN],[86;922;154],3,[0;NaN;NaN],[-379;-133;72],3,[NaN;NaN;2]},{'O',[86;344;288],4,[86;344;288],4,0},{'M',[887;717;154],4,[86;922;154],3,[NaN;NaN;0],[522;717;-213],3,[NaN;0;NaN],[887;719;809],3,[0;NaN;NaN]},{'O',[887;717;154],4,[887;717;154],4,0},{'M',[-379;-133;-213],4,[522;717;-213],3,[NaN;NaN;0],[-379;-133;72],3,[0;0;NaN]},{'O',[379;133;213],4,[379;133;213],4,0}}
Adder graph: {{'M',[1;512;1],1,[1;1;1],0,[0;9;0]},{'M',[1;1;4],1,[1;1;1],0,[0;0;2]},{'A',[-3;508;-15],2,[1;512;1],1,0,[-1;-1;-4],1,2},{'M',[1;4;1],1,[1;1;1],0,[0;2;0]},{'R',[1;1;1],1,[1;1;1],0},{'A',[1;9;1],2,[1;4;1],1,1,[-1;1;-1],1,0},{'A',[17;-15;17],1,[1;1;1],0,0,[1;-1;1],0,4},{'A',[60;68;60],1,[1;1;1],0,6,[-1;1;-1],0,2},{'M',[2;1;1],1,[1;1;1],0,[1;0;0]},{'M',[4;4;1],1,[1;1;1],0,[2;2;0]},{'A',[20;4;9],2,[2;1;1],1,3,[4;-4;1],1,0},{'A',[137;121;-103],2,[17;-15;17],1,0,[60;68;-60],1,1},{'M',[60;-60;68],2,[17;-15;17],1,[NaN;2;2],[60;68;60],1,[0;NaN;NaN]},{'A',[380;124;212],3,[20;4;9],2,4,[60;60;68],2,0},{'M',[16;1;16],1,[1;1;1],0,[4;0;4]},{'A',[-256;-239;-256],2,[16;1;16],1,0,[-17;-15;-17],1,4},{'M',[-3;1016;-15],3,[-3;508;-15],2,[0;1;0]},{'M',[-192;121;-412],3,[-3;508;-15],2,[6;NaN;NaN],[137;121;-103],2,[NaN;0;2]},{'A',[381;774;809],4,[-3;1016;-15],3,0,[192;-121;412],3,1},{'M',[-256;-239;144],3,[20;4;9],2,[NaN;NaN;4],[-256;-239;-256],2,[0;0;NaN]},{'M',[137;-239;-30],3,[-3;508;-15],2,[NaN;NaN;1],[137;121;-103],2,[0;NaN;NaN],[-256;-239;-256],2,[NaN;0;NaN]},{'A',[-887;-717;546],4,[-256;-239;144],3,2,[137;239;-30],3,0},{'R',[1;9;1],3,[1;9;1],2},{'A',[379;133;213],4,[380;124;212],3,0,[-1;9;1],3,0},{'A',[192;2880;320],3,[1;9;1],2,8,[-1;9;1],2,6},{'M',[20;4;-256],3,[20;4;9],2,[0;0;NaN],[-256;-239;-256],2,[NaN;NaN;0]},{'A',[43;719;144],4,[192;2880;320],3,-2,[-20;-4;256],3,-2},{'A',[34;28;-26],3,[137;121;-103],2,-2,[-1;-9;-1],2,-2},{'M',[-3;144;128],3,[-3;508;-15],2,[0;NaN;NaN],[1;9;1],2,[NaN;4;7]},{'A',[31;172;-154],4,[34;28;-26],3,0,[-3;144;-128],3,0},{'M',[381;774;546],5,[381;774;809],4,[0;0;NaN],[-887;-717;546],4,[NaN;NaN;0]},{'O',[381;774;546],5,[381;774;546],5,0},{'M',[124;719;809],5,[381;774;809],4,[NaN;NaN;0],[43;719;144],4,[NaN;0;NaN],[31;172;-154],4,[2;NaN;NaN]},{'O',[124;719;809],5,[124;719;809],5,0},{'M',[43;172;144],5,[43;719;144],4,[0;NaN;0],[31;172;-154],4,[NaN;0;NaN]},{'O',[86;344;288],5,[43;172;144],5,1},{'M',[-887;-717;-154],5,[-887;-717;546],4,[0;0;NaN],[31;172;-154],4,[NaN;NaN;0]},{'O',[887;717;154],5,[887;717;154],5,0},{'R',[379;133;213],5,[379;133;213],4},{'O',[379;133;213],5,[379;133;213],5,0}}
Adder graph: {{'A',[3;-1;-1],1,[1;1;1],0,0,[1;-1;-1],0,1},{'A',[17;-15;17],1,[1;1;1],0,0,[1;-1;1],0,4},{'M',[2;256;1],1,[1;1;1],0,[1;8;0]},{'M',[32;1;2],1,[1;1;1],0,[5;0;1]},{'A',[-126;252;9],2,[2;256;1],1,0,[-32;-1;2],1,2},{'M',[4;1;128],1,[1;1;1],0,[2;0;7]},{'A',[72;-59;196],2,[17;-15;17],1,2,[4;1;128],1,0},{'M',[12;-4;17],2,[3;-1;-1],1,[2;2;NaN],[17;-15;17],1,[NaN;NaN;0]},{'M',[17;-32;17],2,[3;-1;-1],1,[NaN;5;NaN],[17;-15;17],1,[0;NaN;0]},{'A',[62;-96;170],3,[12;-4;17],2,3,[-17;-32;17],2,1},{'M',[256;1;1],1,[1;1;1],0,[8;0;0]},{'M',[1;4;128],1,[1;1;1],0,[0;2;7]},{'A',[255;5;-127],2,[256;1;1],1,0,[-1;4;-128],1,0},{'M',[8;128;1],1,[1;1;1],0,[3;7;0]},{'A',[81;1039;25],2,[8;128;1],1,3,[17;15;17],1,0},{'M',[81;20;196],3,[72;-59;196],2,[NaN;NaN;0],[255;5;-127],2,[NaN;2;NaN],[81;1039;25],2,[0;NaN;NaN]},{'A',[-43;-172;-144],4,[81;20;196],3,0,[-62;-96;-170],3,1},{'M',[8;8;1],1,[1;1;1],0,[3;3;0]},{'A',[188;196;100],2,[8;8;1],1,5,[-17;-15;17],1,2},{'M',[255;-59;-127],3,[72;-59;196],2,[NaN;0;NaN],[255;5;-127],2,[0;NaN;0]},{'A',[379;133;213],4,[255;-59;-127],3,0,[62;96;170],3,1},{'M',[255;784;800],3,[255;5;-127],2,[0;NaN;NaN],[81;1039;25],2,[NaN;NaN;5],[188;196;100],2,[NaN;2;NaN]},{'M',[-126;10;-254],3,[-126;252;9],2,[0;NaN;NaN],[255;5;-127],2,[NaN;1;1]},{'A',[381;774;546],4,[255;784;800],3,0,[126;-10;-254],3,0},{'A',[1648;1686;408],3,[188;196;100],2,3,[72;59;-196],2,1},{'A',[-16239;719;8153],3,[81;1039;25],2,0,[-255;-5;127],2,6},{'M',[-126;252;100],3,[-126;252;9],2,[0;0;NaN],[188;196;100],2,[NaN;NaN;0]},{'A',[887;717;154],4,[1648;1686;408],3,-1,[126;-252;-100],3,-1},{'A',[207;-1275;809],3,[72;-59;196],2,2,[-81;-1039;25],2,0},{'O',[381;774;546],4,[381;774;546],4,0},{'M',[124;719;809],4,[62;-96;170],3,[1;NaN;NaN],[-16239;719;8153],3,[NaN;0;NaN],[207;-1275;809],3,[NaN;NaN;0]},{'O',[124;719;809],4,[124;719;809],4,0},{'O',[86;344;288],4,[43;172;144],4,1},{'O',[887;717;154],4,[887;717;154],4,0},{'O',[379;133;213],4,[379;133;213],4,0}}
Adder graph: {{'A',[65;65;-63],1,[1;1;1],0,0,[1;1;-1],0,6},{'M',[1;64;1],1,[1;1;1],0,[0;6;0]},{'M',[1;32;8],1,[1;1;1],0,[0;5;3]},{'A',[3;288;12],2,[1;64;1],1,2,[-1;32;8],1,0},{'A',[17;-15;-15],1,[1;1;1],0,0,[1;-1;-1],0,4},{'M',[16;16;1],1,[1;1;1],0,[4;4;0]},{'M',[1;2;1],1,[1;1;1],0,[0;1;0]},{'A',[30;28;4],2,[16;16;1],1,1,[-1;-2;1],1,1},{'A',[-7;-7;-7],1,[1;1;1],0,0,[-1;-1;-1],0,3},{'M',[17;-30;-28],2,[17;-15;-15],1,[0;1;NaN],[-7;-7;-7],1,[NaN;NaN;2]},{'A',[43;86;36],3,[30;28;4],2,1,[-17;30;28],2,0},{'M',[17;-120;-30],2,[17;-15;-15],1,[0;3;1]},{'M',[-224;65;-126],2,[65;65;-63],1,[NaN;0;1],[-7;-7;-7],1,[5;NaN;NaN]},{'A',[1928;-440;768],3,[17;-120;-30],2,3,[224;65;126],2,3},{'M',[64;1;1],1,[1;1;1],0,[6;0;0]},{'A',[444;68;-52],2,[64;1;1],1,3,[-17;15;-15],1,2},{'M',[-1792;-7;-7],2,[-7;-7;-7],1,[8;0;0]},{'A',[1804;1159;41],3,[3;288;12],2,2,[1792;7;-7],2,0},{'A',[277;-275;-267],2,[17;-15;-15],1,0,[65;-65;-63],1,2},{'M',[30;-275;-267],3,[30;28;4],2,[0;NaN;NaN],[277;-275;-267],2,[NaN;0;0]},{'A',[887;717;154],4,[1804;1159;41],3,-1,[-30;275;267],3,-1},{'M',[3;-550;-534],3,[3;288;12],2,[0;NaN;NaN],[277;-275;-267],2,[NaN;1;1]},{'M',[384;224;12],3,[3;288;12],2,[7;NaN;0],[30;28;4],2,[NaN;3;NaN]},{'A',[-381;-774;-546],4,[3;-550;-534],3,0,[-384;-224;-12],3,0},{'A',[124;719;809],4,[1928;-440;768],3,0,[-1804;1159;41],3,0},{'M',[17;-15;-1008],2,[65;65;-63],1,[NaN;NaN;4],[17;-15;-15],1,[0;0;NaN]},{'A',[1793;257;800],3,[444;68;-52],2,2,[17;-15;1008],2,0},{'M',[277;-275;-52],3,[444;68;-52],2,[NaN;NaN;0],[277;-275;-267],2,[0;0;NaN]},{'A',[-379;-133;-213],4,[277;-275;-52],3,-2,[-1793;-257;-800],3,-2},{'O',[381;774;546],4,[381;774;546],4,0},{'O',[124;719;809],4,[124;719;809],4,0},{'M',[43;172;144],4,[43;86;36],3,[0;1;2]},{'O',[86;344;288],4,[43;172;144],4,1},{'O',[887;717;154],4,[887;717;154],4,0},{'O',[379;133;213],4,[379;133;213],4,0}}
Adder graph: {{'A',[3;5;5],1,[1;1;1],0,2,[-1;1;1],0,0},{'M',[512;32;1],1,[1;1;1],0,[9;5;0]},{'M',[1;64;512],1,[1;1;1],0,[0;6;9]},{'A',[1023;128;-510],2,[512;32;1],1,1,[-1;64;-512],1,0},{'A',[5;-3;-3],1,[1;1;1],0,0,[1;-1;-1],0,2},{'M',[96;160;-3],2,[3;5;5],1,[5;5;NaN],[5;-3;-3],1,[NaN;NaN;0]},{'M',[5;-3;-24],2,[5;-3;-3],1,[0;0;3]},{'A',[187;323;18],3,[96;160;-3],2,1,[-5;3;24],2,0},{'A',[34;30;30],1,[1;1;1],0,5,[1;-1;-1],0,1},{'M',[6;5;5],2,[3;5;5],1,[1;0;0]},{'M',[34;40;30],2,[3;5;5],1,[NaN;3;NaN],[34;30;30],1,[0;NaN;0]},{'A',[74;-75;-55],3,[6;5;5],2,0,[34;-40;-30],2,1},{'M',[64;256;1],1,[1;1;1],0,[6;8;0]},{'A',[492;2036;20],2,[64;256;1],1,3,[-5;-3;3],1,2},{'M',[136;5;120],2,[3;5;5],1,[NaN;0;NaN],[34;30;30],1,[2;NaN;2]},{'A',[887;133;-630],3,[1023;128;-510],2,0,[-136;5;-120],2,0},{'M',[1;2;2],1,[1;1;1],0,[0;1;1]},{'A',[1024;832;832],2,[34;30;30],1,5,[-1;-2;-2],1,6},{'M',[1;256;256],1,[1;1;1],0,[0;8;8]},{'A',[7;-1019;1029],2,[3;5;5],1,0,[1;-256;256],1,2},{'A',[172;308;332],2,[3;5;5],1,6,[-5;-3;3],1,2},{'M',[3;10;5],2,[3;5;5],1,[0;1;0]},{'M',[5;-12;-3],2,[5;-3;-3],1,[0;2;0]},{'A',[86;344;154],3,[3;10;5],2,5,[-5;12;-3],2,1},{'M',[7;128;-510],3,[1023;128;-510],2,[NaN;0;0],[7;-1019;1029],2,[0;NaN;NaN]},{'A',[381;774;546],4,[187;323;18],3,1,[7;128;510],3,0},{'A',[379;717;213],3,[492;2036;20],2,-2,[1024;832;832],2,-2},{'M',[172;-1019;1029],3,[7;-1019;1029],2,[NaN;0;0],[172;308;332],2,[0;NaN;NaN]},{'A',[124;719;809],4,[74;-75;-55],3,2,[-172;1019;1029],3,0},{'O',[381;774;546],4,[381;774;546],4,0},{'O',[124;719;809],4,[124;719;809],4,0},{'M',[86;344;288],4,[187;323;18],3,[NaN;NaN;4],[86;344;154],3,[0;0;NaN]},{'O',[86;344;288],4,[86;344;288],4,0},{'M',[887;717;154],4,[887;133;-630],3,[0;NaN;NaN],[86;344;154],3,[NaN;NaN;0],[379;717;213],3,[NaN;0;NaN]},{'O',[887;717;154],4,[887;717;154],4,0},{'M',[379;133;213],4,[887;133;-630],3,[NaN;0;NaN],[379;717;213],3,[0;NaN;0]},{'O',[379;133;213],4,[379;133;213],4,0}}
Adder graph: {{'M',[4;4;1],1,[1;1;1],0,[2;2;0]},{'M',[1;2;2],1,[1;1;1],0,[0;1;1]},{'A',[15;14;6],2,[4;4;1],1,2,[-1;-2;2],1,0},{'M',[1;1;2],1,[1;1;1],0,[0;0;1]},{'M',[2;1;1],1,[1;1;1],0,[1;0;0]},{'A',[-7;5;6],2,[1;1;2],1,0,[-2;1;1],1,2},{'M',[2;2;1],1,[1;1;1],0,[1;1;0]},{'M',[32;1;1],1,[1;1;1],0,[5;0;0]},{'A',[-254;-6;9],2,[2;2;1],1,0,[-32;-1;1],1,3},{'M',[4;1;4],1,[1;1;1],0,[2;0;2]},{'A',[260;129;-124],2,[4;1;4],1,0,[2;1;-1],1,7},{'A',[-127;129;129],1,[1;1;1],0,0,[-1;1;1],0,7},{'M',[-7;5;36],3,[-7;5;6],2,[0;0;NaN],[-254;-6;9],2,[NaN;NaN;2]},{'M',[15;-192;288],3,[15;14;6],2,[0;NaN;NaN],[-254;-6;9],2,[NaN;5;5]},{'A',[-43;-172;-144],4,[-7;5;36],3,2,[-15;-192;-288],3,0},{'A',[-504;-280;432],3,[-7;5;6],2,3,[-7;-5;6],2,6},{'A',[-7;9;9],1,[1;1;1],0,0,[-1;1;1],0,3},{'M',[-254;14;6],3,[15;14;6],2,[NaN;0;0],[-254;-6;9],2,[0;NaN;NaN]},{'A',[-379;-133;-213],4,[-254;14;6],3,-1,[-504;-280;-432],3,-1},{'M',[16;1;1],1,[1;1;1],0,[4;0;0]},{'A',[2;19;17],2,[-7;9;9],1,1,[16;1;-1],1,0},{'M',[-224;129;288],2,[-127;129;129],1,[NaN;0;NaN],[-7;9;9],1,[5;NaN;5]},{'A',[-96;1345;-800],3,[-224;129;288],2,0,[2;19;-17],2,6},{'M',[-7;36;72],2,[-7;9;9],1,[0;2;3]},{'A',[253;165;-196],3,[260;129;-124],2,0,[-7;36;-72],2,0},{'M',[-127;129;288],2,[-127;129;129],1,[0;0;NaN],[-7;9;9],1,[NaN;NaN;5]},{'M',[-254;129;129],2,[-127;129;129],1,[1;0;0]},{'A',[381;387;546],3,[-127;129;288],2,0,[254;129;129],2,1},{'A',[887;717;154],4,[253;165;-196],3,1,[381;387;546],3,0},{'M',[-28;2064;9],3,[-7;5;6],2,[2;NaN;NaN],[-254;-6;9],2,[NaN;NaN;0],[260;129;-124],2,[NaN;4;NaN]},{'A',[-124;-719;-809],4,[-96;1345;-800],3,0,[-28;-2064;-9],3,0},{'M',[381;774;546],4,[381;387;546],3,[0;1;0]},{'O',[381;774;546],4,[381;774;546],4,0},{'O',[124;719;809],4,[124;719;809],4,0},{'O',[86;344;288],4,[43;172;144],4,1},{'O',[887;717;154],4,[887;717;154],4,0},{'O',[379;133;213],4,[379;133;213],4,0}}
Adder graph: {{'M',[1;4;1],1,[1;1;1],0,[0;2;0]},{'M',[512;1;1],1,[1;1;1],0,[9;0;0]},{'A',[-1023;6;-1],2,[1;4;1],1,0,[-512;1;-1],1,1},{'A',[112;144;144],1,[1;1;1],0,7,[-1;1;1],0,4},{'A',[225;292;289],2,[112;144;144],1,1,[1;4;1],1,0},{'A',[4;4;0],1,[1;1;1],0,1,[1;1;-1],0,1},{'A',[8;24;24],1,[1;1;1],0,4,[-1;1;1],0,3},{'A',[130;-126;130],1,[1;1;1],0,1,[1;-1;1],0,7},{'M',[8;1;8],1,[1;1;1],0,[3;0;3]},{'A',[136;127;8],2,[4;4;0],1,5,[8;-1;8],1,0},{'M',[130;144;130],2,[112;144;144],1,[NaN;0;NaN],[130;-126;130],1,[0;NaN;0]},{'M',[130;8;0],2,[4;4;0],1,[NaN;1;1],[130;-126;130],1,[0;NaN;NaN]},{'A',[130;296;260],3,[130;144;130],2,1,[-130;8;0],2,0},{'M',[136;127;289],3,[225;292;289],2,[NaN;NaN;0],[136;127;8],2,[0;0;NaN]},{'A',[124;719;809],4,[130;296;260],3,1,[-136;127;289],3,0},{'A',[-3;-3;5],1,[1;1;1],0,0,[-1;-1;1],0,2},{'A',[69;-51;53],2,[130;-126;130],1,-1,[8;24;-24],1,-1},{'M',[112;8;130],2,[112;144;144],1,[0;NaN;NaN],[4;4;0],1,[NaN;1;NaN],[130;-126;130],1,[NaN;NaN;0]},{'A',[-43;-43;-77],3,[69;-51;53],2,0,[-112;8;-130],2,0},{'M',[450;6;578],3,[-1023;6;-1],2,[NaN;0;NaN],[225;292;289],2,[1;NaN;1]},{'M',[69;768;-32],3,[-1023;6;-1],2,[NaN;7;5],[69;-51;53],2,[0;NaN;NaN]},{'A',[381;774;546],4,[450;6;578],3,0,[-69;768;-32],3,0},{'M',[112;-192;40],2,[112;144;144],1,[0;NaN;NaN],[-3;-3;5],1,[NaN;6;3]},{'A',[379;-717;213],3,[112;-192;40],2,2,[-69;51;53],2,0},{'A',[-887;133;-9],3,[-1023;6;-1],2,0,[136;127;-8],2,0},{'O',[381;774;546],4,[381;774;546],4,0},{'O',[124;719;809],4,[124;719;809],4,0},{'M',[-43;-172;-144],4,[-43;-43;-77],3,[0;2;NaN],[-887;133;-9],3,[NaN;NaN;4]},{'O',[86;344;288],4,[43;172;144],4,1},{'M',[-887;-717;-154],4,[-43;-43;-77],3,[NaN;NaN;1],[379;-717;213],3,[NaN;0;NaN],[-887;133;-9],3,[0;NaN;NaN]},{'O',[887;717;154],4,[887;717;154],4,0},{'M',[379;133;213],4,[379;-717;213],3,[0;NaN;0],[-887;133;-9],3,[NaN;0;NaN]},{'O',[379;133;213],4,[379;133;213],4,0}}
Adder graph: {{'M',[1;8;8],1,[1;1;1],0,[0;3;3]},{'M',[1;1;128],1,[1;1;1],0,[0;0;7]},{'A',[9;63;-64],2,[1;8;8],1,3,[1;-1;-128],1,0},{'A',[15;17;15],1,[1;1;1],0,4,[-1;1;-1],0,0},{'A',[30;102;90],2,[15;17;15],1,2,[-15;17;15],1,1},{'A',[96;160;96],1,[1;1;1],0,7,[-1;1;-1],0,5},{'M',[16;1;16],1,[1;1;1],0,[4;0;4]},{'A',[112;161;80],2,[96;160;96],1,0,[16;1;-16],1,0},{'A',[160;-96;-96],1,[1;1;1],0,5,[1;-1;-1],0,7},{'A',[127;129;129],1,[1;1;1],0,7,[-1;1;1],0,0},{'M',[384;129;129],2,[96;160;96],1,[2;NaN;NaN],[127;129;129],1,[NaN;0;0]},{'A',[64;515;449],3,[112;161;80],2,2,[-384;-129;129],2,0},{'A',[3072;3072;3072],1,[1;1;1],0,10,[1;1;1],0,11},{'M',[508;516;15],2,[15;17;15],1,[NaN;NaN;0],[127;129;129],1,[2;2;NaN]},{'M',[127;129;258],2,[127;129;129],1,[0;0;1]},{'A',[381;387;273],3,[508;516;15],2,0,[-127;-129;258],2,0},{'A',[101;99;93],2,[3072;3072;3072],1,-5,[160;96;-96],1,-5},{'M',[30;102;180],3,[30;102;90],2,[0;0;1]},{'A',[124;719;809],4,[64;515;449],3,0,[30;102;180],3,1},{'M',[896;816;90],3,[30;102;90],2,[NaN;3;0],[112;161;80],2,[3;NaN;NaN]},{'M',[9;99;-64],3,[9;63;-64],2,[0;NaN;0],[101;99;93],2,[NaN;0;NaN]},{'A',[887;717;154],4,[896;816;90],3,0,[-9;-99;64],3,0},{'M',[144;816;80],3,[9;63;-64],2,[4;NaN;NaN],[30;102;90],2,[NaN;3;NaN],[112;161;80],2,[NaN;NaN;0]},{'M',[101;644;-64],3,[9;63;-64],2,[NaN;NaN;0],[112;161;80],2,[NaN;2;NaN],[101;99;93],2,[0;NaN;NaN]},{'A',[86;344;288],4,[144;816;80],3,1,[-101;-644;64],3,1},{'M',[240;17;60],2,[15;17;15],1,[4;0;2]},{'A',[379;133;213],3,[240;17;60],2,1,[-101;99;93],2,0},{'M',[381;774;546],4,[381;387;273],3,[0;1;1]},{'O',[381;774;546],4,[381;774;546],4,0},{'O',[124;719;809],4,[124;719;809],4,0},{'O',[86;344;288],4,[86;344;288],4,0},{'O',[887;717;154],4,[887;717;154],4,0},{'R',[379;133;213],4,[379;133;213],3},{'O',[379;133;213],4,[379;133;213],4,0}}
Adder graph: {{'M',[1;4;4],1,[1;1;1],0,[0;2;2]},{'M',[4;4;1],1,[1;1;1],0,[2;2;0]},{'A',[32;288;264],2,[1;4;4],1,6,[-4;4;1],1,3},{'A',[5;3;5],1,[1;1;1],0,2,[1;-1;1],0,0},{'M',[1;8;1],1,[1;1;1],0,[0;3;0]},{'A',[3;67;13],2,[1;8;1],1,3,[-5;3;5],1,0},{'M',[40;24;5],2,[5;3;5],1,[3;3;0]},{'A',[43;43;18],3,[3;67;13],2,0,[40;-24;5],2,0},{'M',[1;1;512],1,[1;1;1],0,[0;0;9]},{'M',[128;1;1],1,[1;1;1],0,[7;0;0]},{'A',[257;-1;510],2,[1;1;512],1,0,[128;-1;-1],1,1},{'A',[9;9;9],1,[1;1;1],0,3,[1;1;1],0,0},{'A',[315;189;315],2,[5;3;5],1,6,[-5;-3;-5],1,0},{'M',[1;2;2],1,[1;1;1],0,[0;1;1]},{'M',[1;4;8],1,[1;1;1],0,[0;2;3]},{'A',[-127;514;-1022],2,[1;2;2],1,0,[-1;4;-8],1,7},{'A',[188;703;1337],3,[315;189;315],2,0,[-127;514;1022],2,0},{'A',[98;66;98],2,[9;9;9],1,1,[5;3;5],1,4},{'A',[124;132;132],1,[1;1;1],0,7,[-1;1;1],0,2},{'M',[257;528;784],3,[257;-1;510],2,[0;NaN;NaN],[98;66;98],2,[NaN;3;3]},{'M',[630;189;630],3,[315;189;315],2,[1;0;1]},{'A',[887;717;154],4,[257;528;784],3,0,[630;189;-630],3,0},{'A',[379;387;213],3,[32;288;264],2,1,[315;-189;-315],2,0},{'M',[32;-8;264],3,[32;288;264],2,[0;NaN;0],[257;-1;510],2,[NaN;3;NaN]},{'A',[124;719;809],4,[188;703;1337],3,0,[-32;8;-264],3,1},{'M',[124;132;1056],2,[124;132;132],1,[0;0;3]},{'A',[381;133;546],3,[124;132;1056],2,0,[257;1;-510],2,0},{'M',[381;774;546],4,[379;387;213],3,[NaN;1;NaN],[381;133;546],3,[0;NaN;0]},{'O',[381;774;546],4,[381;774;546],4,0},{'O',[124;719;809],4,[124;719;809],4,0},{'M',[43;172;144],4,[43;43;18],3,[0;2;3]},{'O',[86;344;288],4,[43;172;144],4,1},{'O',[887;717;154],4,[887;717;154],4,0},{'M',[379;133;213],4,[379;387;213],3,[0;NaN;0],[381;133;546],3,[NaN;0;NaN]},{'O',[379;133;213],4,[379;133;213],4,0}}
Adder graph: {{'A',[-3;5;5],1,[1;1;1],0,0,[-1;1;1],0,2},{'A',[5;3;3],1,[1;1;1],0,2,[1;-1;-1],0,0},{'M',[-3;5;20],2,[-3;5;5],1,[0;0;2]},{'M',[5;24;24],2,[5;3;3],1,[0;3;3]},{'A',[37;197;-172],3,[-3;5;20],2,0,[5;24;-24],2,3},{'A',[-1283;-763;-763],2,[-3;5;5],1,0,[-5;-3;-3],1,8},{'A',[12;4;12],1,[1;1;1],0,3,[1;-1;1],0,2},{'M',[64;1;1],1,[1;1;1],0,[6;0;0]},{'M',[1;1;4],1,[1;1;1],0,[0;0;2]},{'A',[248;-4;-28],2,[64;1;1],1,2,[-1;-1;-4],1,3},{'M',[-48;5;6],2,[-3;5;5],1,[4;0;NaN],[5;3;3],1,[NaN;NaN;1]},{'M',[-6;3;3],2,[-3;5;5],1,[1;NaN;NaN],[5;3;3],1,[NaN;0;0]},{'A',[-198;23;21],3,[-48;5;6],2,2,[-6;3;-3],2,0},{'M',[32;1;1],1,[1;1;1],0,[5;0;0]},{'A',[416;129;385],2,[12;4;12],1,5,[32;1;1],1,0},{'M',[80;5;48],2,[-3;5;5],1,[NaN;0;NaN],[5;3;3],1,[4;NaN;4]},{'M',[40;5;5],2,[-3;5;5],1,[NaN;0;0],[5;3;3],1,[3;NaN;NaN]},{'A',[-80;25;28],3,[80;5;48],2,0,[-40;5;-5],2,2},{'M',[-1283;258;770],3,[-1283;-763;-763],2,[0;NaN;NaN],[416;129;385],2,[NaN;1;1]},{'M',[416;129;-56],3,[248;-4;-28],2,[NaN;NaN;1],[416;129;385],2,[0;0;NaN]},{'A',[381;774;546],4,[-1283;258;770],3,0,[416;129;-56],3,2},{'A',[4800;2880;3264],2,[5;3;3],1,10,[-5;-3;3],1,6},{'M',[-1283;-763;-112],3,[-1283;-763;-763],2,[0;0;NaN],[248;-4;-28],2,[NaN;NaN;2]},{'A',[-887;-717;-154],4,[-1283;-763;-112],3,0,[198;23;-21],3,1},{'M',[248;2880;3264],3,[248;-4;-28],2,[0;NaN;NaN],[4800;2880;3264],2,[NaN;0;0]},{'R',[248;-4;-28],3,[248;-4;-28],2},{'A',[124;719;809],4,[248;2880;3264],3,-2,[248;-4;-28],3,-2},{'M',[416;-64;385],3,[248;-4;-28],2,[NaN;4;NaN],[416;129;385],2,[0;NaN;0]},{'A',[379;133;213],4,[416;-64;385],3,0,[-37;197;-172],3,0},{'A',[-43;-172;-144],4,[-80;25;28],3,0,[37;-197;-172],3,0},{'O',[381;774;546],4,[381;774;546],4,0},{'O',[124;719;809],4,[124;719;809],4,0},{'O',[86;344;288],4,[43;172;144],4,1},{'O',[887;717;154],4,[887;717;154],4,0},{'O',[379;133;213],4,[379;133;213],4,0}}
Adder graph: {{'A',[2;6;6],1,[1;1;1],0,2,[-1;1;1],0,1},{'M',[1;32;32],1,[1;1;1],0,[0;5;5]},{'A',[129;352;416],2,[2;6;6],1,6,[1;-32;32],1,0},{'M',[256;6;6],2,[2;6;6],1,[7;0;0]},{'A',[260;1414;1658],3,[129;352;416],2,2,[-256;6;-6],2,0},{'A',[9;9;-7],1,[1;1;1],0,0,[1;1;-1],0,3},{'M',[1;32;1],1,[1;1;1],0,[0;5;0]},{'A',[88;-440;-40],2,[9;9;-7],1,3,[1;-32;1],1,4},{'M',[8;8;1],1,[1;1;1],0,[3;3;0]},{'M',[1;4;4],1,[1;1;1],0,[0;2;2]},{'A',[12;24;17],2,[8;8;1],1,0,[1;4;4],1,2},{'A',[3;3;-1],1,[1;1;1],0,0,[1;1;-1],0,1},{'A',[25;39;41],2,[2;6;6],1,3,[9;-9;-7],1,0},{'M',[12;24;-40],3,[88;-440;-40],2,[NaN;NaN;0],[12;24;17],2,[0;0;NaN]},{'A',[124;719;809],4,[260;1414;1658],3,-1,[-12;24;-40],3,-1},{'M',[3;6;-2],2,[3;3;-1],1,[0;1;1]},{'A',[381;774;546],3,[12;24;17],2,5,[-3;6;2],2,0},{'M',[2;96;-32],2,[2;6;6],1,[0;NaN;NaN],[3;3;-1],1,[NaN;5;5]},{'A',[-86;-344;-72],3,[2;96;-32],2,0,[-88;-440;-40],2,0},{'M',[288;9;-7],2,[9;9;-7],1,[5;0;0]},{'M',[3;3;-16],2,[3;3;-1],1,[0;0;4]},{'A',[672;-78;498],3,[288;9;-7],2,1,[3;-3;16],2,5},{'A',[379;133;213],4,[672;-78;498],3,-1,[86;344;-72],3,-1},{'M',[24;24;-7],2,[9;9;-7],1,[NaN;NaN;0],[3;3;-1],1,[3;3;NaN]},{'M',[72;6;6],2,[2;6;6],1,[NaN;0;0],[9;9;-7],1,[3;NaN;NaN]},{'A',[456;378;-118],3,[24;24;-7],2,4,[72;-6;-6],2,0},{'M',[25;39;82],3,[25;39;41],2,[0;0;1]},{'A',[-887;-717;-154],4,[25;39;82],3,0,[-456;-378;-118],3,1},{'R',[381;774;546],4,[381;774;546],3},{'O',[381;774;546],4,[381;774;546],4,0},{'O',[124;719;809],4,[124;719;809],4,0},{'M',[-86;-344;-288],4,[-86;-344;-72],3,[0;0;2]},{'O',[86;344;288],4,[86;344;288],4,0},{'O',[887;717;154],4,[887;717;154],4,0},{'O',[379;133;213],4,[379;133;213],4,0}}
Adder graph: {{'A',[31;31;31],1,[1;1;1],0,5,[-1;-1;-1],0,0},{'A',[-7;9;-7],1,[1;1;1],0,0,[-1;1;-1],0,3},{'A',[14;14;18],1,[1;1;1],0,4,[-1;-1;1],0,1},{'A',[-127;129;129],1,[1;1;1],0,0,[-1;1;1],0,7},{'M',[2;1;2],1,[1;1;1],0,[1;0;1]},{'A',[27;29;27],2,[31;31;31],1,0,[-2;-1;-2],1,1},{'M',[8;1;1],1,[1;1;1],0,[3;0;0]},{'A',[22;-17;15],2,[8;1;1],1,0,[7;-9;7],1,1},{'M',[-127;129;288],2,[14;14;18],1,[NaN;NaN;4],[-127;129;129],1,[0;0;NaN]},{'M',[-254;129;129],2,[-127;129;129],1,[1;0;0]},{'A',[381;387;546],3,[-127;129;288],2,0,[254;129;129],2,1},{'A',[-31;33;33],1,[1;1;1],0,0,[-1;1;1],0,5},{'A',[379;-243;213],3,[22;-17;15],2,4,[27;29;-27],2,0},{'A',[86;133;93],3,[27;29;27],2,2,[-22;17;-15],2,0},{'M',[-56;144;18],2,[-7;9;-7],1,[3;4;NaN],[14;14;18],1,[NaN;NaN;0]},{'A',[-440;344;288],3,[-56;144;18],2,2,[-27;-29;27],2,3},{'M',[-124;31;132],2,[31;31;31],1,[NaN;0;NaN],[-31;33;33],1,[2;NaN;2]},{'M',[-508;31;31],2,[31;31;31],1,[NaN;0;0],[-127;129;129],1,[2;NaN;NaN]},{'A',[-756;31;233],3,[-124;31;132],2,1,[-508;-31;-31],2,0},{'M',[31;516;31],2,[31;31;31],1,[0;NaN;0],[-127;129;129],1,[NaN;2;NaN]},{'M',[896;31;31],2,[31;31;31],1,[NaN;0;0],[14;14;18],1,[6;NaN;NaN]},{'A',[-865;485;62],3,[31;516;31],2,0,[-896;-31;31],2,0},{'M',[22;232;216],3,[27;29;27],2,[NaN;3;3],[22;-17;15],2,[0;NaN;NaN]},{'A',[887;717;154],4,[22;232;216],3,0,[865;485;-62],3,0},{'A',[124;719;809],4,[-756;31;233],3,0,[440;344;288],3,1},{'M',[381;774;546],4,[381;387;546],3,[0;1;0]},{'O',[381;774;546],4,[381;774;546],4,0},{'O',[124;719;809],4,[124;719;809],4,0},{'M',[86;344;288],4,[86;133;93],3,[0;NaN;NaN],[-440;344;288],3,[NaN;0;0]},{'O',[86;344;288],4,[86;344;288],4,0},{'O',[887;717;154],4,[887;717;154],4,0},{'M',[379;133;213],4,[379;-243;213],3,[0;NaN;0],[86;133;93],3,[NaN;0;NaN]},{'O',[379;133;213],4,[379;133;213],4,0}}
Finished solving after 259192 seconds
Adder graph: {{'A',[31;31;31],1,[1;1;1],0,5,[-1;-1;-1],0,0},{'A',[-7;9;-7],1,[1;1;1],0,0,[-1;1;-1],0,3},{'A',[14;14;18],1,[1;1;1],0,4,[-1;-1;1],0,1},{'A',[-127;129;129],1,[1;1;1],0,0,[-1;1;1],0,7},{'M',[2;1;2],1,[1;1;1],0,[1;0;1]},{'A',[27;29;27],2,[31;31;31],1,0,[-2;-1;-2],1,1},{'M',[8;1;1],1,[1;1;1],0,[3;0;0]},{'A',[22;-17;15],2,[8;1;1],1,0,[7;-9;7],1,1},{'M',[-127;129;288],2,[14;14;18],1,[NaN;NaN;4],[-127;129;129],1,[0;0;NaN]},{'M',[-254;129;129],2,[-127;129;129],1,[1;0;0]},{'A',[381;387;546],3,[-127;129;288],2,0,[254;129;129],2,1},{'A',[-31;33;33],1,[1;1;1],0,0,[-1;1;1],0,5},{'A',[379;-243;213],3,[22;-17;15],2,4,[27;29;-27],2,0},{'A',[86;133;93],3,[27;29;27],2,2,[-22;17;-15],2,0},{'M',[-56;144;18],2,[-7;9;-7],1,[3;4;NaN],[14;14;18],1,[NaN;NaN;0]},{'A',[-440;344;288],3,[-56;144;18],2,2,[-27;-29;27],2,3},{'M',[-124;31;132],2,[31;31;31],1,[NaN;0;NaN],[-31;33;33],1,[2;NaN;2]},{'M',[-508;31;31],2,[31;31;31],1,[NaN;0;0],[-127;129;129],1,[2;NaN;NaN]},{'A',[-756;31;233],3,[-124;31;132],2,1,[-508;-31;-31],2,0},{'M',[31;516;31],2,[31;31;31],1,[0;NaN;0],[-127;129;129],1,[NaN;2;NaN]},{'M',[896;31;31],2,[31;31;31],1,[NaN;0;0],[14;14;18],1,[6;NaN;NaN]},{'A',[-865;485;62],3,[31;516;31],2,0,[-896;-31;31],2,0},{'M',[22;232;216],3,[27;29;27],2,[NaN;3;3],[22;-17;15],2,[0;NaN;NaN]},{'A',[887;717;154],4,[22;232;216],3,0,[865;485;-62],3,0},{'A',[124;719;809],4,[-756;31;233],3,0,[440;344;288],3,1},{'M',[381;774;546],4,[381;387;546],3,[0;1;0]},{'O',[381;774;546],4,[381;774;546],4,0},{'O',[124;719;809],4,[124;719;809],4,0},{'M',[86;344;288],4,[86;133;93],3,[0;NaN;NaN],[-440;344;288],3,[NaN;0;0]},{'O',[86;344;288],4,[86;344;288],4,0},{'O',[887;717;154],4,[887;717;154],4,0},{'M',[379;133;213],4,[379;-243;213],3,[0;NaN;0],[86;133;93],3,[NaN;0;NaN]},{'O',[379;133;213],4,[379;133;213],4,0}}
# Add optimal = 1
# Mux optimal = 0
# Mux registers optimal = 0
# FAs optimal = 0
