Adder graph: {{'A',[9;7;7],1,[1;1;1],0,3,[1;-1;-1],0,0},{'M',[8;2;1],1,[1;1;1],0,[3;1;0]},{'A',[247;57;39],2,[8;2;1],1,5,[-9;-7;7],1,0},{'A',[-1;-1;-1],1,[1;1;1],0,0,[-1;-1;-1],0,1},{'M',[-1;-64;-2],2,[-1;-1;-1],1,[0;6;1]},{'M',[-8;7;7],2,[9;7;7],1,[NaN;0;0],[-1;-1;-1],1,[3;NaN;NaN]},{'A',[7;-71;5],3,[-1;-64;-2],2,0,[8;-7;7],2,0},{'M',[1;32;1],1,[1;1;1],0,[0;5;0]},{'M',[2;1;8],1,[1;1;1],0,[1;0;3]},{'A',[68;160;-252],2,[1;32;1],1,2,[2;1;-8],1,5},{'A',[383;-263;-465],3,[247;57;39],2,0,[68;-160;-252],2,1},{'M',[-16;-1;-64],2,[-1;-1;-1],1,[4;0;6]},{'M',[9;-8;14],2,[9;7;7],1,[0;NaN;1],[-1;-1;-1],1,[NaN;3;NaN]},{'A',[-137;-16;-526],3,[-16;-1;-64],2,3,[-9;-8;-14],2,0},{'M',[-1;-1;7],2,[9;7;7],1,[NaN;NaN;0],[-1;-1;-1],1,[0;0;NaN]},{'A',[271;641;-1001],3,[68;160;-252],2,2,[-1;1;7],2,0},{'M',[-1024;-1;896],2,[9;7;7],1,[NaN;NaN;7],[-1;-1;-1],1,[10;0;NaN]},{'A',[1092;159;644],3,[68;160;-252],2,0,[1024;-1;896],2,0},{'M',[-1;-1;-128],2,[-1;-1;-1],1,[0;0;7]},{'A',[1975;457;440],3,[247;57;39],2,3,[-1;1;128],2,0},{'M',[68;228;156],3,[247;57;39],2,[NaN;2;2],[68;160;-252],2,[0;NaN;NaN]},{'A',[-410;-488;-740],4,[-137;-16;-526],3,1,[-68;-228;156],3,1},{'M',[272;114;-252],3,[247;57;39],2,[NaN;1;NaN],[68;160;-252],2,[2;NaN;0]},{'A',[-820;-45;-896],4,[272;114;-252],3,0,[-1092;-159;-644],3,0},{'M',[383;457;440],4,[383;-263;-465],3,[0;NaN;NaN],[1975;457;440],3,[NaN;0;0]},{'O',[383;457;440],4,[383;457;440],4,0},{'O',[410;488;740],4,[410;488;740],4,0},{'O',[820;45;896],4,[820;45;896],4,0},{'M',[-137;-568;-1001],4,[7;-71;5],3,[NaN;3;NaN],[-137;-16;-526],3,[0;NaN;NaN],[271;641;-1001],3,[NaN;NaN;0]},{'O',[137;568;1001],4,[137;568;1001],4,0},{'M',[14;641;5],4,[7;-71;5],3,[1;NaN;0],[271;641;-1001],3,[NaN;0;NaN]},{'O',[14;641;5],4,[14;641;5],4,0}}
Adder graph: {{'A',[-7;9;-7],1,[1;1;1],0,0,[-1;1;-1],0,3},{'M',[1;2;2],1,[1;1;1],0,[0;1;1]},{'M',[1;128;32],1,[1;1;1],0,[0;7;5]},{'A',[28;-448;192],2,[1;2;2],1,5,[-1;-128;32],1,2},{'M',[8;4;1],1,[1;1;1],0,[3;2;0]},{'A',[-44;44;-30],2,[-7;9;-7],1,2,[-8;4;-1],1,1},{'M',[-7;288;-224],2,[-7;9;-7],1,[0;5;5]},{'A',[74;488;-508],3,[-7;288;-224],2,1,[44;-44;-30],2,1},{'M',[32;1;128],1,[1;1;1],0,[5;0;7]},{'A',[249;-1;1031],2,[32;1;128],1,3,[-7;-9;7],1,0},{'A',[33;-31;33],1,[1;1;1],0,0,[1;-1;1],0,5},{'A',[65;-63;65],1,[1;1;1],0,0,[1;-1;1],0,6},{'M',[65;18;-14],2,[-7;9;-7],1,[NaN;1;1],[65;-63;65],1,[0;NaN;NaN]},{'M',[-7;9;33],2,[-7;9;-7],1,[0;0;NaN],[33;-31;33],1,[NaN;NaN;0]},{'A',[137;45;5],3,[65;18;-14],2,1,[7;9;33],2,0},{'M',[-14;9;-7],2,[-7;9;-7],1,[1;0;0]},{'A',[14;-457;185],3,[28;-448;192],2,0,[-14;-9;-7],2,0},{'M',[-56;9;-112],2,[-7;9;-7],1,[3;0;4]},{'M',[65;-496;-1792],2,[-7;9;-7],1,[NaN;NaN;8],[33;-31;33],1,[NaN;4;NaN],[65;-63;65],1,[0;NaN;NaN]},{'A',[-383;568;896],3,[-56;9;-112],2,3,[65;496;1792],2,0},{'M',[33;-63;260],2,[33;-31;33],1,[0;NaN;NaN],[65;-63;65],1,[NaN;0;2]},{'A',[-671;641;-220],3,[-44;44;-30],2,4,[33;-63;260],2,0},{'A',[205;-45;1001],3,[249;-1;1031],2,0,[-44;-44;-30],2,0},{'M',[-383;-457;-440],4,[14;-457;185],3,[NaN;0;NaN],[-383;568;896],3,[0;NaN;NaN],[-671;641;-220],3,[NaN;NaN;1]},{'O',[383;457;440],4,[383;457;440],4,0},{'M',[410;488;740],4,[74;488;-508],3,[NaN;0;NaN],[14;-457;185],3,[NaN;NaN;2],[205;-45;1001],3,[1;NaN;NaN]},{'O',[410;488;740],4,[410;488;740],4,0},{'M',[820;45;896],4,[137;45;5],3,[NaN;0;NaN],[-383;568;896],3,[NaN;NaN;0],[205;-45;1001],3,[2;NaN;NaN]},{'O',[820;45;896],4,[820;45;896],4,0},{'M',[137;568;1001],4,[137;45;5],3,[0;NaN;NaN],[-383;568;896],3,[NaN;0;NaN],[205;-45;1001],3,[NaN;NaN;0]},{'O',[137;568;1001],4,[137;568;1001],4,0},{'M',[14;641;5],4,[137;45;5],3,[NaN;NaN;0],[14;-457;185],3,[0;NaN;NaN],[-671;641;-220],3,[NaN;0;NaN]},{'O',[14;641;5],4,[14;641;5],4,0}}
Adder graph: {{'A',[-16320;16448;16448],1,[1;1;1],0,6,[-1;1;1],0,14},{'M',[1;64;64],1,[1;1;1],0,[0;6;6]},{'M',[8;16;1],1,[1;1;1],0,[3;4;0]},{'A',[144;768;1008],2,[1;64;64],1,4,[8;-16;-1],1,4},{'M',[16;1;1],1,[1;1;1],0,[4;0;0]},{'M',[8;1;16],1,[1;1;1],0,[3;0;4]},{'A',[-3072;-448;8256],2,[16;1;1],1,6,[-8;-1;16],1,9},{'M',[8;1;8],1,[1;1;1],0,[3;0;3]},{'M',[1;128;1],1,[1;1;1],0,[0;7;0]},{'A',[7;-127;7],2,[8;1;8],1,0,[-1;-128;-1],1,0},{'A',[-14;-14;-14],1,[1;1;1],0,1,[-1;-1;-1],0,4},{'A',[-137;641;-1001],3,[7;-127;7],2,0,[-144;768;-1008],2,0},{'M',[1;1;2],1,[1;1;1],0,[0;0;1]},{'M',[512;8;1],1,[1;1;1],0,[9;3;0]},{'A',[513;9;1],2,[1;1;2],1,0,[512;8;-1],1,0},{'M',[-14;-224;-28],2,[-14;-14;-14],1,[0;4;1]},{'A',[14;-284;56],3,[7;-127;7],2,2,[-14;224;28],2,0},{'M',[-224;-112;-14],2,[-14;-14;-14],1,[4;3;0]},{'A',[-383;-457;-55],3,[-224;-112;-14],2,2,[513;-9;1],2,0},{'M',[1;64;8],1,[1;1;1],0,[0;6;3]},{'A',[-16192;-8256;-15424],2,[1;64;8],1,7,[-16320;-16448;-16448],1,0},{'A',[1539;45;5],3,[513;9;1],2,2,[-513;9;1],2,0},{'A',[410;244;740],3,[-3072;-448;8256],2,-5,[16192;8256;15424],2,-5},{'M',[-383;-457;-440],4,[-383;-457;-55],3,[0;0;3]},{'O',[383;457;440],4,[383;457;440],4,0},{'M',[410;488;740],4,[410;244;740],3,[0;1;0]},{'O',[410;488;740],4,[410;488;740],4,0},{'M',[820;45;896],4,[14;-284;56],3,[NaN;NaN;4],[1539;45;5],3,[NaN;0;NaN],[410;244;740],3,[1;NaN;NaN]},{'O',[820;45;896],4,[820;45;896],4,0},{'M',[-137;-568;-1001],4,[-137;641;-1001],3,[0;NaN;0],[14;-284;56],3,[NaN;1;NaN]},{'O',[137;568;1001],4,[137;568;1001],4,0},{'M',[14;641;5],4,[-137;641;-1001],3,[NaN;0;NaN],[14;-284;56],3,[0;NaN;NaN],[1539;45;5],3,[NaN;NaN;0]},{'O',[14;641;5],4,[14;641;5],4,0}}
Adder graph: {{'A',[66;66;62],1,[1;1;1],0,6,[1;1;-1],0,1},{'A',[72;72;56],1,[1;1;1],0,6,[1;1;-1],0,3},{'M',[64;1;1],1,[1;1;1],0,[6;0;0]},{'M',[2;64;1],1,[1;1;1],0,[1;6;0]},{'A',[80;-511;9],2,[64;1;1],1,0,[2;-64;1],1,3},{'M',[1;4;4],1,[1;1;1],0,[0;2;2]},{'M',[128;128;1],1,[1;1;1],0,[7;7;0]},{'A',[-1023;-1020;-4],2,[1;4;4],1,0,[-128;-128;-1],1,3},{'M',[1;16;8],1,[1;1;1],0,[0;4;3]},{'A',[73;-56;-48],2,[1;16;8],1,0,[72;-72;-56],1,0},{'A',[5;5;5],1,[1;1;1],0,0,[1;1;1],0,2},{'M',[132;66;62],2,[66;66;62],1,[1;0;0]},{'A',[205;122;14],3,[132;66;62],2,0,[73;56;-48],2,0},{'M',[1;1;4],1,[1;1;1],0,[0;0;2]},{'A',[-27;-27;-123],2,[5;5;5],1,0,[-1;-1;-4],1,5},{'M',[66;320;5],2,[66;66;62],1,[0;NaN;NaN],[5;5;5],1,[NaN;6;0]},{'M',[5;72;5],2,[72;72;56],1,[NaN;0;NaN],[5;5;5],1,[0;NaN;0]},{'A',[137;568;5],3,[66;320;5],2,1,[5;-72;-5],2,0},{'M',[640;-511;72],3,[80;-511;9],2,[3;0;3]},{'M',[-1023;-54;-512],3,[-1023;-1020;-4],2,[0;NaN;7],[-27;-27;-123],2,[NaN;1;NaN]},{'A',[-383;-457;-440],4,[640;-511;72],3,0,[-1023;54;-512],3,0},{'M',[66;1152;992],2,[66;66;62],1,[0;NaN;4],[72;72;56],1,[NaN;4;NaN]},{'A',[14;641;1001],3,[80;-511;9],2,0,[-66;1152;992],2,0},{'M',[72;72;62],2,[66;66;62],1,[NaN;NaN;0],[72;72;56],1,[0;0;NaN]},{'A',[45;45;185],3,[72;72;62],2,0,[-27;-27;123],2,0},{'O',[383;457;440],4,[383;457;440],4,0},{'M',[205;244;370],4,[205;122;14],3,[0;1;NaN],[45;45;185],3,[NaN;NaN;1]},{'O',[410;488;740],4,[205;244;370],4,1},{'M',[820;45;896],4,[205;122;14],3,[2;NaN;6],[45;45;185],3,[NaN;0;NaN]},{'O',[820;45;896],4,[820;45;896],4,0},{'M',[137;568;1001],4,[137;568;5],3,[0;0;NaN],[14;641;1001],3,[NaN;NaN;0]},{'O',[137;568;1001],4,[137;568;1001],4,0},{'M',[14;641;5],4,[137;568;5],3,[NaN;NaN;0],[14;641;1001],3,[0;0;NaN]},{'O',[14;641;5],4,[14;641;5],4,0}}
Adder graph: {{'R',[1;1;1],1,[1;1;1],0},{'M',[16;16;1],1,[1;1;1],0,[4;4;0]},{'A',[18;18;1],2,[1;1;1],1,1,[16;16;-1],1,0},{'M',[36;36;1],3,[18;18;1],2,[1;1;0]},{'M',[72;18;1],3,[18;18;1],2,[2;0;0]},{'A',[72;162;5],4,[36;36;1],3,2,[-72;18;1],3,0},{'A',[-63;-63;-63],1,[1;1;1],0,0,[-1;-1;-1],0,6},{'M',[1;1;2],1,[1;1;1],0,[0;0;1]},{'M',[2;8;1],1,[1;1;1],0,[1;3;0]},{'A',[14;8;33],2,[1;1;2],1,4,[-2;-8;1],1,0},{'M',[128;128;1],1,[1;1;1],0,[7;7;0]},{'A',[-191;65;-64],2,[-63;-63;-63],1,0,[-128;128;-1],1,0},{'M',[14;576;32],3,[18;18;1],2,[NaN;5;5],[14;8;33],2,[0;NaN;NaN]},{'M',[-191;65;256],3,[18;18;1],2,[NaN;NaN;8],[-191;65;-64],2,[0;0;NaN]},{'A',[205;641;-224],4,[14;576;32],3,0,[191;65;-256],3,0},{'M',[1;1;8],1,[1;1;1],0,[0;0;3]},{'A',[65;-61;79],2,[1;1;8],1,1,[63;-63;63],1,0},{'M',[65;-61;128],3,[18;18;1],2,[NaN;NaN;7],[65;-61;79],2,[0;0;NaN]},{'M',[-3056;18;-1024],3,[18;18;1],2,[NaN;0;NaN],[-191;65;-64],2,[4;NaN;4]},{'A',[6177;-97;-1920],4,[65;-61;128],3,0,[3056;-18;-1024],3,1},{'M',[18;65;256],3,[18;18;1],2,[0;NaN;8],[-191;65;-64],2,[NaN;0;NaN]},{'M',[65;16;33],3,[14;8;33],2,[NaN;1;0],[65;-61;79],2,[0;NaN;NaN]},{'A',[7;244;991],4,[18;65;256],3,2,[-65;-16;-33],3,0},{'M',[-382;8;132],3,[14;8;33],2,[NaN;0;2],[-191;65;-64],2,[1;NaN;NaN]},{'M',[56;-61;79],3,[14;8;33],2,[2;NaN;NaN],[65;-61;79],2,[NaN;0;0]},{'A',[-820;-45;185],4,[-382;8;132],3,1,[-56;-61;-79],3,0},{'A',[-383;-457;-440],5,[-820;-45;185],4,3,[6177;-97;-1920],4,0},{'A',[137;568;1001],5,[72;162;5],4,1,[-7;244;991],4,0},{'O',[383;457;440],5,[383;457;440],5,0},{'M',[205;244;370],5,[205;641;-224],4,[0;NaN;NaN],[7;244;991],4,[NaN;0;NaN],[-820;-45;185],4,[NaN;NaN;1]},{'O',[410;488;740],5,[205;244;370],5,1},{'M',[-820;-45;-896],5,[205;641;-224],4,[NaN;NaN;2],[-820;-45;185],4,[0;0;NaN]},{'O',[820;45;896],5,[820;45;896],5,0},{'O',[137;568;1001],5,[137;568;1001],5,0},{'M',[14;641;5],5,[72;162;5],4,[NaN;NaN;0],[205;641;-224],4,[NaN;0;NaN],[7;244;991],4,[1;NaN;NaN]},{'O',[14;641;5],5,[14;641;5],5,0}}
Adder graph: {{'R',[1;1;1],1,[1;1;1],0},{'M',[16;1;16],1,[1;1;1],0,[4;0;4]},{'M',[32;32;1],1,[1;1;1],0,[5;5;0]},{'A',[4096;-3584;8064],2,[16;1;16],1,9,[-32;-32;-1],1,7},{'M',[1;1;4],1,[1;1;1],0,[0;0;2]},{'A',[511;513;516],2,[1;1;1],1,9,[-1;1;4],1,0},{'A',[-56;72;-56],1,[1;1;1],0,3,[-1;1;-1],0,6},{'R',[-56;72;-56],2,[-56;72;-56],1},{'A',[505;-457;1001],3,[4096;-3584;8064],2,-3,[-56;-72;-56],2,-3},{'A',[36;-28;36],1,[1;1;1],0,2,[1;-1;1],0,5},{'M',[32;32;-56],2,[1;1;1],1,[5;5;NaN],[-56;72;-56],1,[NaN;NaN;0]},{'A',[-383;641;-740],3,[32;32;-56],2,2,[-511;513;-516],2,0},{'A',[17;-15;-15],1,[1;1;1],0,0,[1;-1;-1],0,4},{'A',[19;-43;21],2,[36;-28;36],1,0,[-17;-15;-15],1,0},{'M',[1;-15;-56],2,[1;1;1],1,[0;NaN;NaN],[-56;72;-56],1,[NaN;NaN;0],[17;-15;-15],1,[NaN;0;NaN]},{'M',[136;-30;1],2,[1;1;1],1,[NaN;NaN;0],[17;-15;-15],1,[3;1;NaN]},{'A',[137;-45;-55],3,[1;-15;-56],2,0,[136;-30;1],2,0},{'M',[16;-240;1],2,[1;1;1],1,[4;NaN;0],[17;-15;-15],1,[NaN;4;NaN]},{'M',[1;2;2],2,[1;1;1],1,[0;1;1]},{'A',[14;-244;5],3,[16;-240;1],2,0,[-1;-2;2],2,1},{'M',[-448;-15;-56],2,[-56;72;-56],1,[3;NaN;0],[17;-15;-15],1,[NaN;0;NaN]},{'A',[-410;71;-14],3,[-448;-15;-56],2,0,[19;43;21],2,1},{'M',[-383;-457;-440],4,[505;-457;1001],3,[NaN;0;NaN],[-383;641;-740],3,[0;NaN;NaN],[137;-45;-55],3,[NaN;NaN;3]},{'O',[383;457;440],4,[383;457;440],4,0},{'M',[-410;-488;-740],4,[-383;641;-740],3,[NaN;NaN;0],[14;-244;5],3,[NaN;1;NaN],[-410;71;-14],3,[0;NaN;NaN]},{'O',[410;488;740],4,[410;488;740],4,0},{'M',[-820;-45;-896],4,[137;-45;-55],3,[NaN;0;NaN],[-410;71;-14],3,[1;NaN;6]},{'O',[820;45;896],4,[820;45;896],4,0},{'M',[137;568;1001],4,[505;-457;1001],3,[NaN;NaN;0],[137;-45;-55],3,[0;NaN;NaN],[-410;71;-14],3,[NaN;3;NaN]},{'O',[137;568;1001],4,[137;568;1001],4,0},{'M',[14;641;5],4,[-383;641;-740],3,[NaN;0;NaN],[14;-244;5],3,[0;NaN;0]},{'O',[14;641;5],4,[14;641;5],4,0}}
Adder graph: {{'A',[-12;20;-12],1,[1;1;1],0,2,[-1;1;-1],0,4},{'M',[1;1;2],1,[1;1;1],0,[0;0;1]},{'M',[2;1;4],1,[1;1;1],0,[1;0;2]},{'A',[-96;-32;-192],2,[1;1;2],1,5,[-2;-1;-4],1,6},{'M',[1;2;1],1,[1;1;1],0,[0;1;0]},{'M',[64;1;8],1,[1;1;1],0,[6;0;3]},{'A',[65;1;-7],2,[1;2;1],1,0,[64;-1;-8],1,0},{'A',[9;9;7],1,[1;1;1],0,3,[1;1;-1],0,0},{'M',[1;64;4],1,[1;1;1],0,[0;6;2]},{'A',[14;-238;-2],2,[9;9;7],1,1,[-1;-64;-4],1,2},{'A',[126;130;126],1,[1;1;1],0,7,[-1;1;-1],0,1},{'M',[9;9;126],2,[9;9;7],1,[0;0;NaN],[126;130;126],1,[NaN;NaN;0]},{'A',[7;71;1001],3,[9;9;126],2,3,[-65;-1;-7],2,0},{'A',[13;-19;14],2,[1;1;2],1,0,[12;-20;12],1,0},{'M',[126;130;28],2,[9;9;7],1,[NaN;NaN;2],[126;130;126],1,[0;0;NaN]},{'A',[1292;-244;-56],3,[65;1;-7],2,4,[126;-130;28],2,1},{'M',[72;640;-12],2,[-12;20;-12],1,[NaN;5;0],[9;9;7],1,[3;NaN;NaN]},{'A',[137;641;5],3,[65;1;-7],2,0,[72;640;12],2,0},{'M',[448;-19;56],3,[14;-238;-2],2,[5;NaN;NaN],[13;-19;14],2,[NaN;0;2]},{'M',[65;-476;-384],3,[-96;-32;-192],2,[NaN;NaN;1],[65;1;-7],2,[0;NaN;NaN],[14;-238;-2],2,[NaN;1;NaN]},{'A',[383;457;440],4,[448;-19;56],3,0,[-65;476;384],3,0},{'A',[-205;-45;-370],3,[-96;-32;-192],2,1,[-13;19;14],2,0},{'O',[383;457;440],4,[383;457;440],4,0},{'M',[-205;-244;-370],4,[1292;-244;-56],3,[NaN;0;NaN],[-205;-45;-370],3,[0;NaN;0]},{'O',[410;488;740],4,[205;244;370],4,1},{'M',[-820;-45;-896],4,[1292;-244;-56],3,[NaN;NaN;4],[-205;-45;-370],3,[2;0;NaN]},{'O',[820;45;896],4,[820;45;896],4,0},{'M',[137;568;1001],4,[7;71;1001],3,[NaN;3;0],[137;641;5],3,[0;NaN;NaN]},{'O',[137;568;1001],4,[137;568;1001],4,0},{'M',[14;641;5],4,[7;71;1001],3,[1;NaN;NaN],[137;641;5],3,[NaN;0;0]},{'O',[14;641;5],4,[14;641;5],4,0}}
Adder graph: {{'A',[129;129;129],1,[1;1;1],0,0,[1;1;1],0,7},{'M',[1;2;1],1,[1;1;1],0,[0;1;0]},{'M',[16;32;1],1,[1;1;1],0,[4;5;0]},{'A',[-8;-16;7],2,[1;2;1],1,3,[-16;-32;-1],1,0},{'M',[516;129;516],2,[129;129;129],1,[2;0;2]},{'A',[772;641;740],3,[516;129;516],2,0,[8;16;7],2,5},{'A',[65;63;63],1,[1;1;1],0,6,[1;-1;-1],0,0},{'M',[16;16;1],1,[1;1;1],0,[4;4;0]},{'M',[1;4;32],1,[1;1;1],0,[0;2;5]},{'A',[33;28;-30],2,[16;16;1],1,1,[1;-4;-32],1,0},{'M',[4;2;1],1,[1;1;1],0,[2;1;0]},{'A',[73;67;65],2,[65;63;63],1,0,[4;2;1],1,1},{'M',[8;1;8],1,[1;1;1],0,[3;0;3]},{'M',[1;1;128],1,[1;1;1],0,[0;0;7]},{'A',[-56;65;8200],2,[8;1;8],1,0,[-1;1;128],1,6},{'A',[7;11;5],3,[73;67;65],2,0,[-33;-28;-30],2,1},{'M',[65;63;66048],2,[129;129;129],1,[NaN;NaN;9],[65;63;63],1,[0;0;NaN]},{'A',[-383;-457;448],3,[65;63;66048],2,0,[-56;-65;-8200],2,3},{'M',[129;504;1008],2,[129;129;129],1,[0;NaN;NaN],[65;63;63],1,[NaN;3;4]},{'A',[-137;488;-1001],3,[-8;-16;7],2,0,[-129;504;-1008],2,0},{'A',[205;45;-55],3,[33;28;-30],2,2,[73;-67;65],2,0},{'A',[-95;-284;82],3,[-8;-16;7],2,4,[33;-28;-30],2,0},{'M',[-383;-457;-440],4,[-383;-457;448],3,[0;0;NaN],[205;45;-55],3,[NaN;NaN;3]},{'O',[383;457;440],4,[383;457;440],4,0},{'M',[410;488;740],4,[772;641;740],3,[NaN;NaN;0],[-137;488;-1001],3,[NaN;0;NaN],[205;45;-55],3,[1;NaN;NaN]},{'O',[410;488;740],4,[410;488;740],4,0},{'M',[820;45;896],4,[-383;-457;448],3,[NaN;NaN;1],[205;45;-55],3,[2;0;NaN]},{'O',[820;45;896],4,[820;45;896],4,0},{'M',[-137;-568;-1001],4,[-137;488;-1001],3,[0;NaN;0],[-95;-284;82],3,[NaN;1;NaN]},{'O',[137;568;1001],4,[137;568;1001],4,0},{'M',[14;641;5],4,[772;641;740],3,[NaN;0;NaN],[7;11;5],3,[1;NaN;0]},{'O',[14;641;5],4,[14;641;5],4,0}}
Adder graph: {{'A',[3;-1;-1],1,[1;1;1],0,0,[1;-1;-1],0,1},{'A',[9;7;9],1,[1;1;1],0,3,[1;-1;1],0,0},{'M',[1;1;32],1,[1;1;1],0,[0;0;5]},{'M',[256;1;256],1,[1;1;1],0,[8;0;8]},{'A',[-1023;-3;-992],2,[1;1;32],1,0,[-256;-1;-256],1,2},{'A',[7;9;7],1,[1;1;1],0,3,[-1;1;-1],0,0},{'M',[7;9;-1],2,[3;-1;-1],1,[NaN;NaN;0],[7;9;7],1,[0;0;NaN]},{'M',[9;28;9],2,[9;7;9],1,[0;2;0]},{'A',[-137;457;143],3,[7;9;-1],2,0,[-9;28;9],2,4},{'M',[1;128;128],1,[1;1;1],0,[0;7;7]},{'A',[-380;640;384],2,[1;128;128],1,2,[-3;1;-1],1,7},{'M',[7;36;7],2,[7;9;7],1,[0;2;0]},{'M',[7;9;-2],2,[3;-1;-1],1,[NaN;NaN;1],[7;9;7],1,[0;0;NaN]},{'A',[14;45;5],3,[7;36;7],2,0,[7;9;-2],2,0},{'A',[26;14;10],2,[7;9;7],1,1,[3;-1;-1],1,2},{'M',[18;-64;9],2,[3;-1;-1],1,[NaN;6;NaN],[9;7;9],1,[1;NaN;0]},{'A',[-1041;61;-1001],3,[-1023;-3;-992],2,0,[-18;64;-9],2,0},{'M',[3;7;144],2,[3;-1;-1],1,[0;NaN;NaN],[9;7;9],1,[NaN;0;4]},{'A',[205;119;224],3,[26;14;10],2,3,[-3;7;144],2,0},{'M',[7168;-1;14],2,[3;-1;-1],1,[NaN;0;NaN],[7;9;7],1,[10;NaN;1]},{'A',[6788;641;370],3,[-380;640;384],2,0,[7168;1;-14],2,0},{'M',[3;72;56],2,[3;-1;-1],1,[0;NaN;NaN],[7;9;7],1,[NaN;3;3]},{'A',[383;-568;440],3,[3;72;56],2,0,[380;-640;384],2,0},{'M',[383;457;440],4,[-137;457;143],3,[NaN;0;NaN],[383;-568;440],3,[0;NaN;0]},{'O',[383;457;440],4,[383;457;440],4,0},{'M',[205;244;370],4,[-1041;61;-1001],3,[NaN;2;NaN],[205;119;224],3,[0;NaN;NaN],[6788;641;370],3,[NaN;NaN;0]},{'O',[410;488;740],4,[205;244;370],4,1},{'M',[820;45;896],4,[14;45;5],3,[NaN;0;NaN],[205;119;224],3,[2;NaN;2]},{'O',[820;45;896],4,[820;45;896],4,0},{'M',[-137;-568;-1001],4,[-137;457;143],3,[0;NaN;NaN],[-1041;61;-1001],3,[NaN;NaN;0],[383;-568;440],3,[NaN;0;NaN]},{'O',[137;568;1001],4,[137;568;1001],4,0},{'M',[14;641;5],4,[14;45;5],3,[0;NaN;0],[6788;641;370],3,[NaN;0;NaN]},{'O',[14;641;5],4,[14;641;5],4,0}}
Adder graph: {{'A',[18;14;18],1,[1;1;1],0,4,[1;-1;1],0,1},{'A',[5;5;5],1,[1;1;1],0,0,[1;1;1],0,2},{'A',[-2;6;-2],1,[1;1;1],0,1,[-1;1;-1],0,2},{'A',[129;-127;129],1,[1;1;1],0,0,[1;-1;1],0,7},{'A',[1000;-920;1064],2,[129;-127;129],1,3,[-2;6;2],1,4},{'A',[201;183;201],2,[18;14;18],1,2,[129;127;129],1,0},{'M',[5;28;5],2,[18;14;18],1,[NaN;1;NaN],[5;5;5],1,[0;NaN;0]},{'M',[-4;5;5],2,[5;5;5],1,[NaN;0;0],[-2;6;-2],1,[1;NaN;NaN]},{'A',[14;61;5],3,[5;28;5],2,1,[4;5;-5],2,0},{'M',[2;16;1],1,[1;1;1],0,[1;4;0]},{'R',[1;1;1],1,[1;1;1],0},{'A',[65;513;31],2,[2;16;1],1,5,[1;1;-1],1,0},{'M',[5;5;80],2,[5;5;5],1,[0;0;4]},{'M',[5;5;-256],2,[5;5;5],1,[0;0;NaN],[-2;6;-2],1,[NaN;NaN;7]},{'A',[45;45;896],3,[5;5;80],2,3,[5;5;256],2,0},{'M',[129;-127;72],2,[18;14;18],1,[NaN;NaN;2],[129;-127;129],1,[0;0;NaN]},{'M',[-4;6;-4],2,[-2;6;-2],1,[1;0;1]},{'A',[-383;641;-440],3,[129;-127;72],2,0,[-4;6;-4],2,7},{'M',[-2;56;-8],2,[18;14;18],1,[NaN;2;NaN],[-2;6;-2],1,[0;NaN;2]},{'A',[205;71;185],3,[201;183;201],2,0,[2;-56;-8],2,1},{'M',[18;14;258],2,[18;14;18],1,[0;0;NaN],[129;-127;129],1,[NaN;NaN;1]},{'A',[137;-457;1001],3,[18;14;258],2,2,[65;-513;-31],2,0},{'M',[-383;-457;-440],4,[-383;641;-440],3,[0;NaN;0],[137;-457;1001],3,[NaN;0;NaN]},{'O',[383;457;440],4,[383;457;440],4,0},{'M',[205;244;370],4,[14;61;5],3,[NaN;2;NaN],[205;71;185],3,[0;NaN;1]},{'O',[410;488;740],4,[205;244;370],4,1},{'M',[820;45;896],4,[45;45;896],3,[NaN;0;0],[205;71;185],3,[2;NaN;NaN]},{'O',[820;45;896],4,[820;45;896],4,0},{'M',[137;568;1001],4,[205;71;185],3,[NaN;3;NaN],[137;-457;1001],3,[0;NaN;0]},{'O',[137;568;1001],4,[137;568;1001],4,0},{'M',[14;641;5],4,[14;61;5],3,[0;NaN;0],[-383;641;-440],3,[NaN;0;NaN]},{'O',[14;641;5],4,[14;641;5],4,0}}
Adder graph: {{'A',[-32;96;96],1,[1;1;1],0,5,[-1;1;1],0,6},{'M',[4;1;1],1,[1;1;1],0,[2;0;0]},{'M',[1;4;4],1,[1;1;1],0,[0;2;2]},{'A',[24;36;36],2,[4;1;1],1,2,[1;4;4],1,3},{'R',[-32;96;96],2,[-32;96;96],1},{'A',[14;33;33],3,[24;36;36],2,-2,[32;96;96],2,-2},{'M',[512;1;1],1,[1;1;1],0,[9;0;0]},{'M',[4;1;4],1,[1;1;1],0,[2;0;2]},{'A',[448;-15;-63],2,[512;1;1],1,0,[-4;-1;-4],1,4},{'A',[65;65;65],1,[1;1;1],0,0,[1;1;1],0,6},{'A',[17;-15;17],1,[1;1;1],0,0,[1;-1;1],0,4},{'M',[2;2;1],1,[1;1;1],0,[1;1;0]},{'A',[376;392;120],2,[2;2;1],1,8,[-17;-15;-17],1,3},{'M',[65;96;65],2,[-32;96;96],1,[NaN;0;NaN],[65;65;65],1,[0;NaN;0]},{'A',[311;488;55],3,[376;392;120],2,0,[-65;96;-65],2,0},{'M',[65;65;520],2,[65;65;65],1,[0;0;3]},{'A',[319;641;56],3,[24;36;36],2,4,[-65;65;-520],2,0},{'M',[65;-60;68],2,[65;65;65],1,[0;NaN;NaN],[17;-15;17],1,[NaN;2;2]},{'A',[383;45;5],3,[448;-15;-63],2,0,[-65;60;68],2,0},{'A',[-137;-568;-1001],4,[311;488;55],3,0,[-14;-33;-33],3,5},{'M',[34;65;65],2,[65;65;65],1,[NaN;0;0],[17;-15;17],1,[1;NaN;NaN]},{'A',[410;457;185],3,[34;65;65],2,0,[376;392;120],2,0},{'M',[383;457;440],4,[311;488;55],3,[NaN;NaN;3],[383;45;5],3,[0;NaN;NaN],[410;457;185],3,[NaN;0;NaN]},{'O',[383;457;440],4,[383;457;440],4,0},{'M',[410;488;740],4,[311;488;55],3,[NaN;0;NaN],[410;457;185],3,[0;NaN;2]},{'O',[410;488;740],4,[410;488;740],4,0},{'M',[820;45;896],4,[319;641;56],3,[NaN;NaN;4],[383;45;5],3,[NaN;0;NaN],[410;457;185],3,[1;NaN;NaN]},{'O',[820;45;896],4,[820;45;896],4,0},{'O',[137;568;1001],4,[137;568;1001],4,0},{'M',[14;641;5],4,[14;33;33],3,[0;NaN;NaN],[319;641;56],3,[NaN;0;NaN],[383;45;5],3,[NaN;NaN;0]},{'O',[14;641;5],4,[14;641;5],4,0}}
Adder graph: {{'R',[1;1;1],1,[1;1;1],0},{'M',[1;4;1],1,[1;1;1],0,[0;2;0]},{'A',[-1;9;-1],2,[1;1;1],1,0,[-1;4;-1],1,1},{'M',[1;64;1],1,[1;1;1],0,[0;6;0]},{'A',[17;48;-15],2,[1;64;1],1,0,[1;-1;-1],1,4},{'M',[64;64;1],1,[1;1;1],0,[6;6;0]},{'M',[2;1;1],1,[1;1;1],0,[1;0;0]},{'A',[192;224;-28],2,[64;64;1],1,2,[-2;-1;-1],1,5},{'A',[17;-15;-15],1,[1;1;1],0,0,[1;-1;-1],0,4},{'M',[1;1;4],1,[1;1;1],0,[0;0;2]},{'A',[137;121;-116],2,[1;1;4],1,0,[17;15;-15],1,3},{'A',[129;127;127],1,[1;1;1],0,7,[1;-1;-1],0,0},{'M',[136;127;-120],2,[17;-15;-15],1,[3;NaN;3],[129;127;127],1,[NaN;0;NaN]},{'A',[137;136;-119],3,[136;127;-120],2,0,[1;9;1],2,0},{'M',[34;-30;127],2,[17;-15;-15],1,[1;1;NaN],[129;127;127],1,[NaN;NaN;0]},{'A',[205;61;370],3,[34;-30;127],2,1,[137;121;116],2,0},{'M',[258;127;254],2,[129;127;127],1,[1;0;1]},{'M',[17;-60;-15],2,[17;-15;-15],1,[0;2;0]},{'A',[1049;568;1001],3,[258;127;254],2,2,[17;60;-15],2,0},{'A',[-14;-641;14],3,[258;127;254],2,0,[-17;-48;-15],2,4},{'A',[-5;45;-5],3,[-1;9;-1],2,2,[-1;9;-1],2,0},{'A',[383;457;55],3,[-1;9;-1],2,0,[192;224;28],2,1},{'M',[383;457;440],4,[383;457;55],3,[0;0;3]},{'O',[383;457;440],4,[383;457;440],4,0},{'M',[205;244;370],4,[205;61;370],3,[0;2;0]},{'O',[410;488;740],4,[205;244;370],4,1},{'M',[820;45;896],4,[205;61;370],3,[2;NaN;NaN],[-14;-641;14],3,[NaN;NaN;6],[-5;45;-5],3,[NaN;0;NaN]},{'O',[820;45;896],4,[820;45;896],4,0},{'M',[137;568;1001],4,[137;136;-119],3,[0;NaN;NaN],[1049;568;1001],3,[NaN;0;0]},{'O',[137;568;1001],4,[137;568;1001],4,0},{'M',[-14;-641;-5],4,[-14;-641;14],3,[0;0;NaN],[-5;45;-5],3,[NaN;NaN;0]},{'O',[14;641;5],4,[14;641;5],4,0}}
Adder graph: {{'A',[65;65;-63],1,[1;1;1],0,0,[1;1;-1],0,6},{'A',[12;20;12],1,[1;1;1],0,4,[-1;1;-1],0,2},{'A',[-975;1105;945],2,[65;65;-63],1,0,[-65;65;63],1,4},{'A',[36;36;-28],1,[1;1;1],0,2,[1;1;-1],0,5},{'M',[1;2;1],1,[1;1;1],0,[0;1;0]},{'M',[1;1;4],1,[1;1;1],0,[0;0;2]},{'A',[-7;10;-31],2,[1;2;1],1,0,[-1;1;-4],1,3},{'R',[1;1;1],1,[1;1;1],0},{'M',[2;128;1],1,[1;1;1],0,[1;7;0]},{'A',[522;648;505],2,[2;128;1],1,0,[65;65;63],1,3},{'M',[96;160;1],2,[12;20;12],1,[3;3;NaN],[1;1;1],1,[NaN;NaN;0]},{'R',[1;1;1],2,[1;1;1],1},{'A',[383;641;5],3,[96;160;1],2,2,[-1;1;1],2,0},{'A',[410;488;1001],3,[522;648;505],2,0,[-7;-10;31],2,4},{'A',[-453;457;440],3,[-975;1105;945],2,0,[522;-648;-505],2,0},{'M',[16;65;16],2,[65;65;-63],1,[NaN;0;NaN],[1;1;1],1,[4;NaN;4]},{'M',[2;20;12],2,[12;20;12],1,[NaN;0;0],[1;1;1],1,[1;NaN;NaN]},{'A',[14;45;28],3,[16;65;16],2,0,[-2;-20;12],2,0},{'M',[65;640;768],2,[65;65;-63],1,[0;NaN;NaN],[12;20;12],1,[NaN;5;6]},{'M',[72;72;-28],2,[36;36;-28],1,[1;1;0]},{'A',[137;568;740],3,[65;640;768],2,0,[72;-72;-28],2,0},{'M',[383;457;440],4,[383;641;5],3,[0;NaN;NaN],[-453;457;440],3,[NaN;0;0]},{'O',[383;457;440],4,[383;457;440],4,0},{'M',[410;488;740],4,[410;488;1001],3,[0;0;NaN],[137;568;740],3,[NaN;NaN;0]},{'O',[410;488;740],4,[410;488;740],4,0},{'M',[820;45;896],4,[410;488;1001],3,[1;NaN;NaN],[14;45;28],3,[NaN;0;5]},{'O',[820;45;896],4,[820;45;896],4,0},{'M',[137;568;1001],4,[410;488;1001],3,[NaN;NaN;0],[137;568;740],3,[0;0;NaN]},{'O',[137;568;1001],4,[137;568;1001],4,0},{'M',[14;641;5],4,[383;641;5],3,[NaN;0;0],[14;45;28],3,[0;NaN;NaN]},{'O',[14;641;5],4,[14;641;5],4,0}}
Adder graph: {{'A',[65;-63;-63],1,[1;1;1],0,0,[1;-1;-1],0,6},{'A',[3;5;3],1,[1;1;1],0,2,[-1;1;-1],0,0},{'A',[9;9;-7],1,[1;1;1],0,0,[1;1;-1],0,3},{'M',[32;1;32],1,[1;1;1],0,[5;0;5]},{'A',[1;-65;1],2,[65;-63;-63],1,0,[-32;-1;32],1,1},{'M',[3;288;3],2,[3;5;3],1,[0;NaN;0],[9;9;-7],1,[NaN;5;NaN]},{'A',[7;-641;-5],3,[1;-65;1],2,0,[3;-288;-3],2,1},{'M',[18;18;-63],2,[65;-63;-63],1,[NaN;NaN;0],[9;9;-7],1,[1;1;NaN]},{'M',[48;-63;-63],2,[65;-63;-63],1,[NaN;0;0],[3;5;3],1,[4;NaN;NaN]},{'A',[402;522;441],3,[18;18;-63],2,0,[48;63;63],2,3},{'M',[65;640;384],2,[65;-63;-63],1,[0;NaN;NaN],[3;5;3],1,[NaN;7;7]},{'M',[36;36;-7],2,[9;9;-7],1,[2;2;0]},{'A',[-7;568;370],3,[65;640;384],2,0,[-36;-36;-7],2,1},{'M',[72;9;-7],2,[9;9;-7],1,[3;0;0]},{'M',[65;36;-1008],2,[65;-63;-63],1,[0;NaN;4],[9;9;-7],1,[NaN;2;NaN]},{'A',[137;45;1001],3,[72;9;-7],2,0,[65;36;1008],2,0},{'M',[1;2;2],1,[1;1;1],0,[0;1;1]},{'A',[19;20;-16],2,[9;9;-7],1,1,[1;2;-2],1,0},{'M',[32;32;1],1,[1;1;1],0,[5;5;0]},{'A',[448;448;480],2,[32;32;1],1,5,[-9;-9;7],1,6},{'A',[410;488;448],3,[448;448;480],2,0,[-19;20;-16],2,1},{'M',[19;-65;1],3,[1;-65;1],2,[NaN;0;0],[19;20;-16],2,[0;NaN;NaN]},{'A',[383;457;440],4,[402;522;441],3,0,[-19;-65;-1],3,0},{'O',[383;457;440],4,[383;457;440],4,0},{'M',[410;488;740],4,[-7;568;370],3,[NaN;NaN;1],[410;488;448],3,[0;0;NaN]},{'O',[410;488;740],4,[410;488;740],4,0},{'M',[820;45;896],4,[137;45;1001],3,[NaN;0;NaN],[410;488;448],3,[1;NaN;1]},{'O',[820;45;896],4,[820;45;896],4,0},{'M',[137;568;1001],4,[-7;568;370],3,[NaN;0;NaN],[137;45;1001],3,[0;NaN;0]},{'O',[137;568;1001],4,[137;568;1001],4,0},{'M',[-14;-641;-5],4,[7;-641;-5],3,[NaN;0;0],[-7;568;370],3,[1;NaN;NaN]},{'O',[14;641;5],4,[14;641;5],4,0}}
Adder graph: {{'A',[3;5;5],1,[1;1;1],0,2,[-1;1;1],0,0},{'A',[9;9;7],1,[1;1;1],0,3,[1;1;-1],0,0},{'M',[1;64;1],1,[1;1;1],0,[0;6;0]},{'M',[2;1;16],1,[1;1;1],0,[1;0;4]},{'A',[-120;448;-1016],2,[1;64;1],1,3,[-2;-1;-16],1,6},{'M',[8;8;1],1,[1;1;1],0,[3;3;0]},{'A',[1;1;8],2,[9;9;7],1,0,[-8;-8;1],1,0},{'M',[6;10;7],2,[3;5;5],1,[1;1;NaN],[9;9;7],1,[NaN;NaN;0]},{'A',[383;641;440],3,[6;10;7],2,6,[-1;1;-8],2,0},{'A',[17;-15;-15],1,[1;1;1],0,0,[1;-1;-1],0,4},{'A',[560;-528;-464],2,[17;-15;-15],1,4,[9;-9;-7],1,5},{'A',[340;-488;-740],3,[560;-528;-464],2,-1,[120;-448;-1016],2,-1},{'M',[48;-15;-15],2,[3;5;5],1,[4;NaN;NaN],[17;-15;-15],1,[NaN;0;0]},{'M',[17;-15;10],2,[3;5;5],1,[NaN;NaN;1],[17;-15;-15],1,[0;0;NaN]},{'A',[14;-45;5],3,[48;-15;-15],2,0,[-17;-15;10],2,1},{'M',[1;16;16],1,[1;1;1],0,[0;4;4]},{'A',[273;-224;256],2,[1;16;16],1,0,[17;-15;15],1,4},{'M',[17;-15;-120],2,[17;-15;-15],1,[0;0;3]},{'A',[-205;-284;-224],3,[17;-15;-120],2,2,[-273;-224;256],2,0},{'M',[17;9;-15],2,[9;9;7],1,[NaN;0;NaN],[17;-15;-15],1,[0;NaN;0]},{'A',[-137;457;-1001],3,[-120;448;-1016],2,0,[-17;9;15],2,0},{'M',[383;457;440],4,[383;641;440],3,[0;NaN;0],[-137;457;-1001],3,[NaN;0;NaN]},{'O',[383;457;440],4,[383;457;440],4,0},{'M',[-410;-488;-740],4,[340;-488;-740],3,[NaN;0;0],[-205;-284;-224],3,[1;NaN;NaN]},{'O',[410;488;740],4,[410;488;740],4,0},{'M',[-820;-45;-896],4,[14;-45;5],3,[NaN;0;NaN],[-205;-284;-224],3,[2;NaN;2]},{'O',[820;45;896],4,[820;45;896],4,0},{'M',[-137;-568;-1001],4,[-205;-284;-224],3,[NaN;1;NaN],[-137;457;-1001],3,[0;NaN;0]},{'O',[137;568;1001],4,[137;568;1001],4,0},{'M',[14;641;5],4,[383;641;440],3,[NaN;0;NaN],[14;-45;5],3,[0;NaN;0]},{'O',[14;641;5],4,[14;641;5],4,0}}
Adder graph: {{'M',[16;1;16],1,[1;1;1],0,[4;0;4]},{'M',[1;32;1],1,[1;1;1],0,[0;5;0]},{'A',[31;-30;33],2,[16;1;16],1,1,[-1;-32;1],1,0},{'A',[3;5;3],1,[1;1;1],0,2,[-1;1;-1],0,0},{'R',[1;1;1],1,[1;1;1],0},{'A',[25;41;25],2,[3;5;3],1,3,[1;1;1],1,0},{'A',[208;304;176],2,[3;5;3],1,6,[1;-1;-1],1,4},{'M',[3;5;48],2,[3;5;3],1,[0;0;4]},{'A',[205;309;224],3,[208;304;176],2,0,[-3;5;48],2,0},{'A',[270;244;110],3,[208;304;176],2,0,[31;-30;-33],2,1},{'M',[1;1;24],2,[3;5;3],1,[NaN;NaN;3],[1;1;1],1,[0;0;NaN]},{'A',[21;45;121],3,[25;41;25],2,0,[-1;1;24],2,2},{'M',[1;2;2],1,[1;1;1],0,[0;1;1]},{'A',[1;13;5],2,[1;2;2],1,2,[-3;5;-3],1,0},{'A',[7;457;185],3,[1;13;5],2,5,[-25;41;25],2,0},{'M',[96;160;1],2,[3;5;3],1,[5;5;NaN],[1;1;1],1,[NaN;NaN;0]},{'R',[1;1;1],2,[1;1;1],1},{'A',[383;641;5],3,[96;160;1],2,2,[-1;1;1],2,0},{'M',[31;208;33],3,[31;-30;33],2,[0;NaN;0],[1;13;5],2,[NaN;4;NaN]},{'A',[137;568;1001],4,[21;45;121],3,3,[-31;208;33],3,0},{'M',[383;457;440],4,[270;244;110],3,[NaN;NaN;2],[7;457;185],3,[NaN;0;NaN],[383;641;5],3,[0;NaN;NaN]},{'O',[383;457;440],4,[383;457;440],4,0},{'M',[205;244;370],4,[205;309;224],3,[0;NaN;NaN],[270;244;110],3,[NaN;0;NaN],[7;457;185],3,[NaN;NaN;1]},{'O',[410;488;740],4,[205;244;370],4,1},{'M',[820;45;896],4,[205;309;224],3,[2;NaN;2],[21;45;121],3,[NaN;0;NaN]},{'O',[820;45;896],4,[820;45;896],4,0},{'O',[137;568;1001],4,[137;568;1001],4,0},{'M',[14;641;5],4,[7;457;185],3,[1;NaN;NaN],[383;641;5],3,[NaN;0;0]},{'O',[14;641;5],4,[14;641;5],4,0}}
Adder graph: {{'R',[1;1;1],1,[1;1;1],0},{'A',[6;10;6],1,[1;1;1],0,3,[-1;1;-1],0,1},{'A',[68;60;68],1,[1;1;1],0,6,[1;-1;1],0,2},{'M',[4;1;1],1,[1;1;1],0,[2;0;0]},{'A',[416;632;376],2,[6;10;6],1,6,[4;-1;-1],1,3},{'M',[6;16;6],2,[1;1;1],1,[NaN;4;NaN],[6;10;6],1,[0;NaN;0]},{'A',[410;648;370],3,[416;632;376],2,0,[-6;16;-6],2,0},{'M',[24;10;6],2,[6;10;6],1,[2;0;0]},{'A',[3200;3168;1888],3,[416;632;376],2,2,[24;10;6],2,6},{'M',[6;640;6],2,[6;10;6],1,[0;6;0]},{'M',[8;1;1],2,[1;1;1],1,[3;0;0]},{'A',[14;641;5],3,[6;640;6],2,0,[8;1;-1],2,0},{'M',[16;60;68],2,[1;1;1],1,[4;NaN;NaN],[68;60;68],1,[NaN;0;0]},{'M',[1;1;136],2,[1;1;1],1,[0;0;NaN],[68;60;68],1,[NaN;NaN;1]},{'A',[136;488;1632],3,[16;60;68],2,3,[1;1;136],2,3},{'M',[4;1;4],1,[1;1;1],0,[2;0;2]},{'A',[192;272;320],2,[1;1;1],1,8,[-4;1;4],1,4},{'A',[137;568;1001],4,[410;648;370],3,-1,[-136;488;1632],3,-1},{'A',[76;45;7],3,[416;632;376],2,-3,[192;-272;-320],2,-3},{'A',[383;457;440],4,[3200;3168;1888],3,-3,[-136;488;1632],3,-3},{'O',[383;457;440],4,[383;457;440],4,0},{'M',[410;488;740],4,[410;648;370],3,[0;NaN;1],[136;488;1632],3,[NaN;0;NaN]},{'O',[410;488;740],4,[410;488;740],4,0},{'M',[820;45;896],4,[410;648;370],3,[1;NaN;NaN],[76;45;7],3,[NaN;0;7]},{'O',[820;45;896],4,[820;45;896],4,0},{'O',[137;568;1001],4,[137;568;1001],4,0},{'R',[14;641;5],4,[14;641;5],3},{'O',[14;641;5],4,[14;641;5],4,0}}
Finished solving after 259190 seconds
Adder graph: {{'R',[1;1;1],1,[1;1;1],0},{'A',[6;10;6],1,[1;1;1],0,3,[-1;1;-1],0,1},{'A',[68;60;68],1,[1;1;1],0,6,[1;-1;1],0,2},{'M',[4;1;1],1,[1;1;1],0,[2;0;0]},{'A',[416;632;376],2,[6;10;6],1,6,[4;-1;-1],1,3},{'M',[6;16;6],2,[1;1;1],1,[NaN;4;NaN],[6;10;6],1,[0;NaN;0]},{'A',[410;648;370],3,[416;632;376],2,0,[-6;16;-6],2,0},{'M',[24;10;6],2,[6;10;6],1,[2;0;0]},{'A',[3200;3168;1888],3,[416;632;376],2,2,[24;10;6],2,6},{'M',[6;640;6],2,[6;10;6],1,[0;6;0]},{'M',[8;1;1],2,[1;1;1],1,[3;0;0]},{'A',[14;641;5],3,[6;640;6],2,0,[8;1;-1],2,0},{'M',[16;60;68],2,[1;1;1],1,[4;NaN;NaN],[68;60;68],1,[NaN;0;0]},{'M',[1;1;136],2,[1;1;1],1,[0;0;NaN],[68;60;68],1,[NaN;NaN;1]},{'A',[136;488;1632],3,[16;60;68],2,3,[1;1;136],2,3},{'M',[4;1;4],1,[1;1;1],0,[2;0;2]},{'A',[192;272;320],2,[1;1;1],1,8,[-4;1;4],1,4},{'A',[137;568;1001],4,[410;648;370],3,-1,[-136;488;1632],3,-1},{'A',[76;45;7],3,[416;632;376],2,-3,[192;-272;-320],2,-3},{'A',[383;457;440],4,[3200;3168;1888],3,-3,[-136;488;1632],3,-3},{'O',[383;457;440],4,[383;457;440],4,0},{'M',[410;488;740],4,[410;648;370],3,[0;NaN;1],[136;488;1632],3,[NaN;0;NaN]},{'O',[410;488;740],4,[410;488;740],4,0},{'M',[820;45;896],4,[410;648;370],3,[1;NaN;NaN],[76;45;7],3,[NaN;0;7]},{'O',[820;45;896],4,[820;45;896],4,0},{'O',[137;568;1001],4,[137;568;1001],4,0},{'R',[14;641;5],4,[14;641;5],3},{'O',[14;641;5],4,[14;641;5],4,0}}
# Add optimal = 1
# Mux optimal = 0
# Mux registers optimal = 0
# FAs optimal = 0
