Adder graph: {{'A',[33;-31;-31],1,[1;1;1],0,0,[1;-1;-1],0,5},{'A',[-3;-3;5],1,[1;1;1],0,0,[-1;-1;1],0,2},{'M',[8;8;1],1,[1;1;1],0,[3;3;0]},{'A',[65;-63;-27],2,[33;-31;-31],1,0,[8;-8;1],1,2},{'A',[624;-400;-656],2,[33;-31;-31],1,4,[3;3;-5],1,5},{'A',[689;337;-683],3,[65;-63;-27],2,0,[624;400;-656],2,0},{'M',[1;4;2],1,[1;1;1],0,[0;2;1]},{'A',[-2;-22;18],2,[-3;-3;5],1,1,[1;-4;2],1,2},{'M',[1;16;512],1,[1;1;1],0,[0;4;9]},{'A',[31;-63;993],2,[33;-31;-31],1,0,[-1;-16;512],1,1},{'M',[256;32;1],1,[1;1;1],0,[8;5;0]},{'A',[-991;-159;-27],2,[33;-31;-31],1,0,[-256;-32;1],1,2},{'A',[-743;-663;7917],3,[-991;-159;-27],2,0,[31;-63;993],2,3},{'M',[4;4;1],1,[1;1;1],0,[2;2;0]},{'M',[1;1;2],1,[1;1;1],0,[0;0;1]},{'A',[65;63;18],2,[4;4;1],1,4,[1;-1;2],1,0},{'M',[33;-124;-496],2,[33;-31;-31],1,[0;2;4]},{'A',[131;-185;-974],3,[65;63;18],2,0,[33;-124;-496],2,1},{'M',[264;-3;-248],2,[33;-31;-31],1,[3;NaN;3],[-3;-3;5],1,[NaN;0;NaN]},{'A',[-727;156;-221],3,[264;-3;-248],2,0,[-991;159;27],2,0},{'M',[31;-63;1152],3,[31;-63;993],2,[0;0;NaN],[65;63;18],2,[NaN;NaN;6]},{'M',[260;-159;993],3,[65;-63;-27],2,[2;NaN;NaN],[31;-63;993],2,[NaN;NaN;0],[-991;-159;-27],2,[NaN;0;NaN]},{'A',[-489;-381;-834],4,[31;-63;1152],3,0,[-260;-159;-993],3,1},{'M',[-3;-31;-31],2,[33;-31;-31],1,[NaN;0;0],[-3;-3;5],1,[0;NaN;NaN]},{'A',[-61;-673;545],3,[-2;-22;18],2,5,[3;31;-31],2,0},{'O',[489;381;834],4,[489;381;834],4,0},{'M',[-727;-185;-442],4,[131;-185;-974],3,[NaN;0;NaN],[-727;156;-221],3,[0;NaN;1]},{'O',[727;185;442],4,[727;185;442],4,0},{'M',[-743;-673;-683],4,[689;337;-683],3,[NaN;NaN;0],[-743;-663;7917],3,[0;NaN;NaN],[-61;-673;545],3,[NaN;0;NaN]},{'O',[743;673;683],4,[743;673;683],4,0},{'M',[262;337;545],4,[689;337;-683],3,[NaN;0;NaN],[131;-185;-974],3,[1;NaN;NaN],[-61;-673;545],3,[NaN;NaN;0]},{'O',[262;337;545],4,[262;337;545],4,0},{'M',[-61;-663;-974],4,[-743;-663;7917],3,[NaN;0;NaN],[131;-185;-974],3,[NaN;NaN;0],[-61;-673;545],3,[0;NaN;NaN]},{'O',[61;663;974],4,[61;663;974],4,0}}
Adder graph: {{'A',[68;68;-60],1,[1;1;1],0,2,[1;1;-1],0,6},{'A',[-63;65;-63],1,[1;1;1],0,0,[-1;1;-1],0,6},{'M',[136;65;-63],2,[68;68;-60],1,[1;NaN;NaN],[-63;65;-63],1,[NaN;0;0]},{'M',[-63;136;-240],2,[68;68;-60],1,[NaN;1;2],[-63;65;-63],1,[0;NaN;NaN]},{'A',[262;337;417],3,[136;65;-63],2,0,[63;136;240],2,1},{'A',[-255;257;257],1,[1;1;1],0,0,[-1;1;1],0,8},{'M',[1;128;1],1,[1;1;1],0,[0;7;0]},{'M',[4;1;4],1,[1;1;1],0,[2;0;2]},{'A',[-15;124;17],2,[1;128;1],1,0,[-4;-1;4],1,2},{'R',[1;1;1],1,[1;1;1],0},{'M',[32;2;1],1,[1;1;1],0,[5;1;0]},{'A',[-255;-15;9],2,[1;1;1],1,0,[-32;-2;1],1,3},{'M',[1;2;64],1,[1;1;1],0,[0;1;6]},{'M',[1;1;16],1,[1;1;1],0,[0;0;4]},{'A',[1;5;144],2,[1;2;64],1,1,[-1;1;16],1,0},{'M',[-63;257;257],2,[-63;65;-63],1,[0;NaN;NaN],[-255;257;257],1,[NaN;0;0]},{'A',[-61;267;545],3,[-63;257;257],2,0,[1;5;144],2,1},{'M',[1;4;8],1,[1;1;1],0,[0;2;3]},{'A',[-118;162;-190],2,[-63;65;-63],1,1,[1;4;-8],1,3},{'M',[-504;257;-504],2,[-63;65;-63],1,[3;NaN;3],[-255;257;257],1,[NaN;0;NaN]},{'A',[489;381;-487],3,[-15;124;17],2,0,[504;257;-504],2,0},{'M',[-63;65;514],2,[-63;65;-63],1,[0;0;NaN],[-255;257;257],1,[NaN;NaN;1]},{'A',[-1977;-185;-442],3,[-255;-15;9],2,3,[63;-65;-514],2,0},{'A',[-727;-663;-751],3,[-255;-15;9],2,0,[-118;-162;-190],2,2},{'M',[-118;-15;17],3,[-15;124;17],2,[NaN;NaN;0],[-255;-15;9],2,[NaN;0;NaN],[-118;162;-190],2,[0;NaN;NaN]},{'A',[9;22;25],4,[262;337;417],3,-4,[-118;15;-17],3,-4},{'M',[8;5;34],3,[-15;124;17],2,[NaN;NaN;1],[1;5;144],2,[3;0;NaN]},{'A',[-743;-673;-683],4,[-727;-663;-751],3,0,[-8;-5;34],3,1},{'M',[489;381;834],4,[262;337;417],3,[NaN;NaN;1],[489;381;-487],3,[0;0;NaN]},{'O',[489;381;834],4,[489;381;834],4,0},{'M',[-727;-185;-442],4,[-1977;-185;-442],3,[NaN;0;0],[-727;-663;-751],3,[0;NaN;NaN]},{'O',[727;185;442],4,[727;185;442],4,0},{'O',[743;673;683],4,[743;673;683],4,0},{'M',[262;337;545],4,[262;337;417],3,[0;0;NaN],[-61;267;545],3,[NaN;NaN;0]},{'O',[262;337;545],4,[262;337;545],4,0},{'M',[-61;-663;-974],4,[-61;267;545],3,[0;NaN;NaN],[489;381;-487],3,[NaN;NaN;1],[-727;-663;-751],3,[NaN;0;NaN]},{'O',[61;663;974],4,[61;663;974],4,0}}
Adder graph: {{'A',[384;128;128],1,[1;1;1],0,8,[1;-1;-1],0,7},{'A',[33;33;33],1,[1;1;1],0,0,[1;1;1],0,5},{'A',[15;17;17],1,[1;1;1],0,4,[-1;1;1],0,0},{'M',[33;33;68],2,[33;33;33],1,[0;0;NaN],[15;17;17],1,[NaN;NaN;2]},{'M',[384;2112;128],2,[384;128;128],1,[0;NaN;0],[33;33;33],1,[NaN;6;NaN]},{'A',[-735;-4191;324],3,[33;33;68],2,0,[-384;-2112;128],2,1},{'M',[1;4;32],1,[1;1;1],0,[0;2;5]},{'A',[-232;304;528],2,[1;4;32],1,3,[-15;17;17],1,4},{'M',[1;4;64],1,[1;1;1],0,[0;2;6]},{'A',[1;81;1007],2,[1;4;64],1,4,[-15;17;-17],1,0},{'M',[60;256;33],2,[384;128;128],1,[NaN;1;NaN],[33;33;33],1,[NaN;NaN;0],[15;17;17],1,[2;NaN;NaN]},{'A',[61;337;974],3,[1;81;1007],2,0,[60;256;-33],2,0},{'M',[8;4864;1007],3,[-232;304;528],2,[NaN;4;NaN],[1;81;1007],2,[3;NaN;0]},{'A',[743;673;683],4,[8;4864;1007],3,0,[735;-4191;-324],3,0},{'M',[32;1;8],1,[1;1;1],0,[5;0;3]},{'A',[416;-127;136],2,[32;1;8],1,0,[384;-128;128],1,0},{'A',[-1248;381;680],3,[416;-127;136],2,0,[-416;127;136],2,2},{'A',[105;119;153],2,[15;17;17],1,3,[-15;-17;17],1,0},{'M',[384;544;264],2,[384;128;128],1,[0;NaN;NaN],[33;33;33],1,[NaN;NaN;3],[15;17;17],1,[NaN;5;NaN]},{'A',[489;663;417],3,[384;544;264],2,0,[105;119;153],2,0},{'M',[832;304;136],3,[-232;304;528],2,[NaN;0;NaN],[416;-127;136],2,[1;NaN;0]},{'M',[105;119;306],3,[105;119;153],2,[0;0;1]},{'A',[727;185;442],4,[832;304;136],3,0,[-105;-119;306],3,0},{'M',[30;34;17],2,[15;17;17],1,[1;1;0]},{'A',[262;-270;545],3,[30;34;17],2,0,[232;-304;528],2,0},{'M',[489;381;834],4,[-1248;381;680],3,[NaN;0;NaN],[489;663;417],3,[0;NaN;1]},{'O',[489;381;834],4,[489;381;834],4,0},{'O',[727;185;442],4,[727;185;442],4,0},{'O',[743;673;683],4,[743;673;683],4,0},{'M',[262;337;545],4,[61;337;974],3,[NaN;0;NaN],[262;-270;545],3,[0;NaN;0]},{'O',[262;337;545],4,[262;337;545],4,0},{'M',[61;663;974],4,[61;337;974],3,[0;NaN;0],[489;663;417],3,[NaN;0;NaN]},{'O',[61;663;974],4,[61;663;974],4,0}}
Adder graph: {{'A',[12;20;20],1,[1;1;1],0,4,[-1;1;1],0,2},{'M',[1;8;8],1,[1;1;1],0,[0;3;3]},{'M',[512;1;1],1,[1;1;1],0,[9;0;0]},{'A',[-480;255;257],2,[1;8;8],1,5,[-512;-1;1],1,0},{'M',[1;8;1],1,[1;1;1],0,[0;3;0]},{'A',[190;304;318],2,[12;20;20],1,4,[-1;-8;-1],1,1},{'M',[4;1;1],1,[1;1;1],0,[2;0;0]},{'A',[28;41;41],2,[4;1;1],1,0,[12;20;20],1,1},{'A',[65;-63;-63],1,[1;1;1],0,0,[1;-1;-1],0,6},{'M',[4;1;8],1,[1;1;1],0,[2;0;3]},{'A',[33;-55;-127],2,[65;-63;-63],1,0,[-4;1;-8],1,3},{'A',[-727;1161;1145],3,[33;-55;-127],2,0,[-190;304;318],2,2},{'M',[24;20;320],2,[12;20;20],1,[1;0;4]},{'A',[-456;275;577],3,[-480;255;257],2,0,[24;20;320],2,0},{'M',[1;1;4],1,[1;1;1],0,[0;0;2]},{'M',[1;256;1],1,[1;1;1],0,[0;8;0]},{'A',[9;-248;31],2,[1;1;4],1,3,[1;-256;-1],1,0},{'M',[28;608;318],3,[190;304;318],2,[NaN;1;0],[28;41;41],2,[0;NaN;NaN]},{'M',[33;-55;656],3,[28;41;41],2,[NaN;NaN;4],[33;-55;-127],2,[0;0;NaN]},{'A',[61;663;974],4,[28;608;318],3,0,[33;55;656],3,0},{'M',[768;-63;-252],2,[12;20;20],1,[6;NaN;NaN],[65;-63;-63],1,[NaN;0;2]},{'A',[-759;-185;-221],3,[9;-248;31],2,0,[-768;63;-252],2,0},{'M',[72;82;31],3,[28;41;41],2,[NaN;1;NaN],[9;-248;31],2,[3;NaN;0]},{'M',[190;255;514],3,[-480;255;257],2,[NaN;0;1],[190;304;318],2,[0;NaN;NaN]},{'A',[262;337;545],4,[72;82;31],3,0,[190;255;514],3,0},{'M',[33;656;257],3,[-480;255;257],2,[NaN;NaN;0],[28;41;41],2,[NaN;4;NaN],[33;-55;-127],2,[0;NaN;NaN]},{'A',[489;381;834],4,[33;656;257],3,0,[456;-275;577],3,0},{'A',[-743;-673;-683],4,[-759;-185;-221],3,-1,[-727;-1161;-1145],3,-1},{'O',[489;381;834],4,[489;381;834],4,0},{'M',[-727;-185;-442],4,[-727;1161;1145],3,[0;NaN;NaN],[-759;-185;-221],3,[NaN;0;1]},{'O',[727;185;442],4,[727;185;442],4,0},{'O',[743;673;683],4,[743;673;683],4,0},{'O',[262;337;545],4,[262;337;545],4,0},{'O',[61;663;974],4,[61;663;974],4,0}}
Adder graph: {{'A',[33;-31;33],1,[1;1;1],0,0,[1;-1;1],0,5},{'A',[15;17;17],1,[1;1;1],0,4,[-1;1;1],0,0},{'M',[256;256;1],1,[1;1;1],0,[8;8;0]},{'A',[784;1296;276],2,[256;256;1],1,2,[-15;17;17],1,4},{'M',[1;2;1],1,[1;1;1],0,[0;1;0]},{'A',[31;36;35],2,[1;2;1],1,0,[15;17;17],1,1},{'M',[1;128;128],1,[1;1;1],0,[0;7;7]},{'A',[479;416;416],2,[15;17;17],1,5,[-1;-128;-128],1,0},{'M',[1;2;32],1,[1;1;1],0,[0;1;5]},{'M',[1;1;16],1,[1;1;1],0,[0;0;4]},{'A',[31;65;1008],2,[1;2;32],1,5,[-1;1;-16],1,0},{'M',[1;128;1],1,[1;1;1],0,[0;7;0]},{'M',[128;1;1],1,[1;1;1],0,[7;0;0]},{'A',[130;257;1],2,[1;128;1],1,1,[128;1;-1],1,0},{'M',[479;257;512],3,[479;416;416],2,[0;NaN;NaN],[130;257;1],2,[NaN;0;9]},{'M',[124;36;35],3,[31;36;35],2,[2;0;0]},{'A',[727;185;442],4,[479;257;512],3,0,[124;-36;-35],3,1},{'M',[4;1;32],1,[1;1;1],0,[2;0;5]},{'A',[194;-30;1090],2,[4;1;32],1,5,[33;-31;33],1,1},{'A',[609;673;417],3,[479;416;416],2,0,[130;257;1],2,0},{'M',[33;-496;33],2,[33;-31;33],1,[0;4;0]},{'A',[743;376;4393],3,[194;-30;1090],2,2,[-33;496;33],2,0},{'M',[15;136;17],2,[15;17;17],1,[0;3;0]},{'A',[61;337;974],3,[31;65;1008],2,0,[15;136;-17],2,1},{'M',[33;-31;136],2,[33;-31;33],1,[0;0;NaN],[15;17;17],1,[NaN;NaN;3]},{'A',[262;381;545],3,[130;257;1],2,0,[33;31;136],2,2},{'A',[489;663;683],3,[784;1296;276],2,-1,[194;30;1090],2,-1},{'M',[489;381;834],4,[609;673;417],3,[NaN;NaN;1],[262;381;545],3,[NaN;0;NaN],[489;663;683],3,[0;NaN;NaN]},{'O',[489;381;834],4,[489;381;834],4,0},{'O',[727;185;442],4,[727;185;442],4,0},{'M',[743;673;683],4,[609;673;417],3,[NaN;0;NaN],[743;376;4393],3,[0;NaN;NaN],[489;663;683],3,[NaN;NaN;0]},{'O',[743;673;683],4,[743;673;683],4,0},{'M',[262;337;545],4,[61;337;974],3,[NaN;0;NaN],[262;381;545],3,[0;NaN;0]},{'O',[262;337;545],4,[262;337;545],4,0},{'M',[61;663;974],4,[61;337;974],3,[0;NaN;0],[489;663;683],3,[NaN;0;NaN]},{'O',[61;663;974],4,[61;663;974],4,0}}
Adder graph: {{'A',[15;17;17],1,[1;1;1],0,4,[-1;1;1],0,0},{'M',[1;1;16],1,[1;1;1],0,[0;0;4]},{'M',[4;1;1],1,[1;1;1],0,[2;0;0]},{'A',[-7;3;18],2,[1;1;16],1,0,[-4;1;1],1,1},{'A',[45;85;51],2,[15;17;17],1,2,[-15;17;-17],1,0},{'M',[8;8;1],1,[1;1;1],0,[3;3;0]},{'M',[2;16;1],1,[1;1;1],0,[1;4;0]},{'A',[62;80;7],2,[8;8;1],1,3,[-2;16;-1],1,0},{'M',[30;17;34],2,[15;17;17],1,[1;0;1]},{'A',[330;663;442],3,[45;85;51],2,3,[-30;-17;34],2,0},{'A',[-63;-63;65],1,[1;1;1],0,0,[-1;-1;1],0,6},{'M',[256;1;1],1,[1;1;1],0,[8;0;0]},{'M',[1;64;32],1,[1;1;1],0,[0;6;5]},{'A',[255;-63;-31],2,[256;1;1],1,0,[-1;-64;-32],1,0},{'M',[255;340;-31],3,[45;85;51],2,[NaN;2;NaN],[255;-63;-31],2,[0;NaN;0]},{'M',[-7;3;576],3,[-7;3;18],2,[0;0;5]},{'A',[262;337;545],4,[255;340;-31],3,0,[7;-3;576],3,0},{'M',[62;48;102],3,[-7;3;18],2,[NaN;4;NaN],[45;85;51],2,[NaN;NaN;1],[62;80;7],2,[0;NaN;NaN]},{'R',[-7;3;18],3,[-7;3;18],2},{'A',[489;381;834],4,[62;48;102],3,3,[-7;-3;18],3,0},{'M',[16;128;1],1,[1;1;1],0,[4;7;0]},{'A',[-236;-124;-259],2,[16;128;1],1,0,[-63;-63;-65],1,2},{'M',[-63;68;65],2,[15;17;17],1,[NaN;2;NaN],[-63;-63;65],1,[0;NaN;0]},{'A',[61;-92;79],3,[-63;68;65],2,0,[62;-80;7],2,1},{'M',[255;-63;51],3,[45;85;51],2,[NaN;NaN;0],[255;-63;-31],2,[0;0;NaN]},{'A',[743;673;683],4,[255;-63;51],3,0,[61;92;79],3,3},{'A',[110;-154;22],3,[-7;3;18],2,1,[62;-80;-7],2,1},{'A',[727;185;487],3,[255;-63;-31],2,0,[236;124;259],2,1},{'O',[489;381;834],4,[489;381;834],4,0},{'M',[727;185;442],4,[330;663;442],3,[NaN;NaN;0],[727;185;487],3,[0;0;NaN]},{'O',[727;185;442],4,[727;185;442],4,0},{'O',[743;673;683],4,[743;673;683],4,0},{'O',[262;337;545],4,[262;337;545],4,0},{'M',[61;663;974],4,[330;663;442],3,[NaN;0;NaN],[61;-92;79],3,[0;NaN;NaN],[727;185;487],3,[NaN;NaN;1]},{'O',[61;663;974],4,[61;663;974],4,0}}
Adder graph: {{'A',[257;257;255],1,[1;1;1],0,8,[1;1;-1],0,0},{'M',[1;2;64],1,[1;1;1],0,[0;1;6]},{'A',[253;265;511],2,[257;257;255],1,0,[-1;2;64],1,2},{'M',[8;64;1],1,[1;1;1],0,[3;6;0]},{'M',[1;1;64],1,[1;1;1],0,[0;0;6]},{'A',[17;127;66],2,[8;64;1],1,1,[1;-1;64],1,0},{'A',[740;3092;3100],3,[253;265;511],2,2,[-17;127;66],2,4},{'A',[6;6;6],1,[1;1;1],0,3,[-1;-1;-1],0,1},{'M',[48;48;6],2,[6;6;6],1,[3;3;0]},{'A',[-61;457;-487],3,[48;48;6],2,2,[-253;265;-511],2,0},{'M',[1;16;16],1,[1;1;1],0,[0;4;4]},{'A',[10;58;58],2,[1;16;16],1,2,[6;-6;-6],1,0},{'M',[192;257;255],2,[257;257;255],1,[NaN;0;0],[6;6;6],1,[5;NaN;NaN]},{'A',[3712;-400;-368],3,[10;58;58],2,6,[192;-257;-255],2,4},{'M',[253;127;928],3,[253;265;511],2,[0;NaN;NaN],[17;127;66],2,[NaN;0;NaN],[10;58;58],2,[NaN;NaN;4]},{'M',[17;127;1022],3,[253;265;511],2,[NaN;NaN;1],[17;127;66],2,[0;0;NaN]},{'A',[489;381;834],4,[253;127;928],3,1,[-17;127;-1022],3,0},{'M',[10;127;511],3,[253;265;511],2,[NaN;NaN;0],[17;127;66],2,[NaN;0;NaN],[10;58;58],2,[0;NaN;NaN]},{'M',[34;58;132],3,[17;127;66],2,[1;NaN;1],[10;58;58],2,[NaN;0;NaN]},{'A',[-262;-337;-545],4,[10;127;511],3,0,[-34;-58;-132],3,3},{'A',[743;673;683],4,[3712;-400;-368],3,-2,[-740;3092;3100],3,-2},{'M',[24;257;384],2,[257;257;255],1,[NaN;0;NaN],[6;6;6],1,[2;NaN;6]},{'M',[12;6;12],2,[6;6;6],1,[1;0;1]},{'A',[-744;-127;-384],3,[24;257;384],2,0,[-12;-6;-12],2,6},{'M',[17;58;58],3,[17;127;66],2,[0;NaN;NaN],[10;58;58],2,[NaN;0;0]},{'A',[-727;-185;-442],4,[-744;-127;-384],3,0,[17;-58;-58],3,0},{'A',[93;-663;-417],3,[253;265;511],2,0,[-10;-58;-58],2,4},{'O',[489;381;834],4,[489;381;834],4,0},{'O',[727;185;442],4,[727;185;442],4,0},{'O',[743;673;683],4,[743;673;683],4,0},{'O',[262;337;545],4,[262;337;545],4,0},{'M',[-61;-663;-974],4,[-61;457;-487],3,[0;NaN;1],[93;-663;-417],3,[NaN;0;NaN]},{'O',[61;663;974],4,[61;663;974],4,0}}
Adder graph: {{'A',[257;257;257],1,[1;1;1],0,0,[1;1;1],0,8},{'A',[3;3;5],1,[1;1;1],0,2,[-1;-1;1],0,0},{'M',[64;1;1],1,[1;1;1],0,[6;0;0]},{'M',[1;1;64],1,[1;1;1],0,[0;0;6]},{'A',[513;7;72],2,[64;1;1],1,3,[1;-1;64],1,0},{'A',[-224;288;288],1,[1;1;1],0,5,[-1;1;1],0,8},{'M',[-224;384;288],2,[3;3;5],1,[NaN;7;NaN],[-224;288;288],1,[0;NaN;0]},{'M',[257;3;257],2,[257;257;257],1,[0;NaN;0],[3;3;5],1,[NaN;0;NaN]},{'A',[-481;381;545],3,[-224;384;288],2,0,[-257;-3;257],2,0},{'M',[257;257;640],2,[257;257;257],1,[0;0;NaN],[3;3;5],1,[NaN;NaN;7]},{'M',[-448;288;288],2,[-224;288;288],1,[1;0;0]},{'A',[3848;904;3968],3,[257;257;640],2,3,[448;-288;-288],2,2},{'M',[4;1;1],1,[1;1;1],0,[2;0;0]},{'A',[-122;-26;-22],2,[3;3;5],1,1,[-4;-1;-1],1,5},{'A',[4336;4400;3824],2,[257;257;257],1,4,[224;288;-288],1,0},{'M',[96;257;40],2,[257;257;257],1,[NaN;0;NaN],[3;3;5],1,[5;NaN;3]},{'A',[262;1054;138],3,[96;257;40],2,2,[-122;26;-22],2,0},{'A',[743;673;683],4,[262;1054;138],3,0,[481;-381;545],3,0},{'M',[12;96;257],2,[257;257;257],1,[NaN;NaN;0],[3;3;5],1,[2;5;NaN]},{'A',[489;-185;-442],3,[513;7;72],2,0,[-12;-96;-257],2,1},{'R',[4336;4400;3824],3,[4336;4400;3824],2},{'A',[61;663;974],4,[4336;4400;3824],3,-3,[-3848;904;3968],3,-3},{'M',[1;16;2],1,[1;1;1],0,[0;4;1]},{'A',[249;129;241],2,[257;257;257],1,0,[-1;-16;-2],1,3},{'A',[-727;337;417],3,[249;129;241],2,0,[-122;26;22],2,3},{'M',[489;381;834],4,[-481;381;545],3,[NaN;0;NaN],[489;-185;-442],3,[0;NaN;NaN],[-727;337;417],3,[NaN;NaN;1]},{'O',[489;381;834],4,[489;381;834],4,0},{'M',[-727;-185;-442],4,[489;-185;-442],3,[NaN;0;0],[-727;337;417],3,[0;NaN;NaN]},{'O',[727;185;442],4,[727;185;442],4,0},{'O',[743;673;683],4,[743;673;683],4,0},{'M',[262;337;545],4,[-481;381;545],3,[NaN;NaN;0],[262;1054;138],3,[0;NaN;NaN],[-727;337;417],3,[NaN;0;NaN]},{'O',[262;337;545],4,[262;337;545],4,0},{'O',[61;663;974],4,[61;663;974],4,0}}
Adder graph: {{'A',[-511;-511;-511],1,[1;1;1],0,0,[-1;-1;-1],0,9},{'M',[4;4;1],1,[1;1;1],0,[2;2;0]},{'A',[-503;-519;-513],2,[-511;-511;-511],1,0,[4;-4;-1],1,1},{'A',[1;1;3],1,[1;1;1],0,1,[-1;-1;1],0,0},{'A',[-496;528;-496],1,[1;1;1],0,4,[-1;1;-1],0,9},{'M',[2;1;2],1,[1;1;1],0,[1;0;1]},{'M',[2;1;1],1,[1;1;1],0,[1;0;0]},{'A',[-224;144;-96],2,[2;1;2],1,4,[-2;1;-1],1,7},{'M',[1;256;16],1,[1;1;1],0,[0;8;4]},{'A',[-497;272;-480],2,[-496;528;-496],1,0,[-1;-256;16],1,0},{'A',[65;65;65],1,[1;1;1],0,0,[1;1;1],0,6},{'M',[65;65;12],2,[1;1;3],1,[NaN;NaN;2],[65;65;65],1,[0;0;NaN]},{'M',[1;-511;-511],2,[-511;-511;-511],1,[NaN;0;0],[1;1;3],1,[0;NaN;NaN]},{'A',[131;-381;-487],3,[65;65;12],2,1,[1;-511;-511],2,0},{'A',[-727;-663;-417],3,[-503;-519;-513],2,0,[-224;-144;96],2,0},{'M',[4;1;3],2,[1;1;3],1,[2;0;0]},{'M',[2;2;65],2,[1;1;3],1,[1;1;NaN],[65;65;65],1,[NaN;NaN;0]},{'A',[8;5;133],3,[4;1;3],2,0,[2;2;65],2,1},{'M',[1;32;1],1,[1;1;1],0,[0;5;0]},{'A',[69;193;69],2,[1;32;1],1,2,[65;65;65],1,0},{'A',[-743;-673;-683],4,[-727;-663;-417],3,0,[-8;-5;-133],3,1},{'M',[8;65;65],2,[1;1;3],1,[3;NaN;NaN],[65;65;65],1,[NaN;0;0]},{'A',[-489;337;545],3,[8;65;65],2,0,[-497;272;480],2,0},{'M',[8;8;-511],2,[-511;-511;-511],1,[NaN;NaN;0],[1;1;3],1,[3;3;NaN]},{'A',[-61;-185;-442],3,[8;8;-511],2,0,[-69;-193;69],2,0},{'M',[-489;-381;-834],4,[131;-381;-487],3,[NaN;0;NaN],[-727;-663;-417],3,[NaN;NaN;1],[-489;337;545],3,[0;NaN;NaN]},{'O',[489;381;834],4,[489;381;834],4,0},{'M',[-727;-185;-442],4,[-727;-663;-417],3,[0;NaN;NaN],[-61;-185;-442],3,[NaN;0;0]},{'O',[727;185;442],4,[727;185;442],4,0},{'O',[743;673;683],4,[743;673;683],4,0},{'M',[262;337;545],4,[131;-381;-487],3,[1;NaN;NaN],[-489;337;545],3,[NaN;0;0]},{'O',[262;337;545],4,[262;337;545],4,0},{'M',[-61;-663;-974],4,[131;-381;-487],3,[NaN;NaN;1],[-727;-663;-417],3,[NaN;0;NaN],[-61;-185;-442],3,[0;NaN;NaN]},{'O',[61;663;974],4,[61;663;974],4,0}}
Adder graph: {{'A',[-7;-7;-7],1,[1;1;1],0,0,[-1;-1;-1],0,3},{'M',[16;1;16],1,[1;1;1],0,[4;0;4]},{'M',[1;2;2],1,[1;1;1],0,[0;1;1]},{'A',[257;14;258],2,[16;1;16],1,4,[1;-2;2],1,0},{'M',[2;1;8],1,[1;1;1],0,[1;0;3]},{'A',[-15;-11;25],2,[-7;-7;-7],1,0,[-2;-1;8],1,2},{'A',[240;272;272],1,[1;1;1],0,8,[-1;1;1],0,4},{'A',[-126;-98;-98],2,[-7;-7;-7],1,4,[-7;7;7],1,1},{'M',[4;1;4],1,[1;1;1],0,[2;0;2]},{'A',[-228;-225;-220],2,[-7;-7;-7],1,5,[-4;-1;4],1,0},{'A',[-967;-1095;-1095],2,[-7;-7;-7],1,0,[-240;-272;-272],1,2},{'A',[-267;-185;-221],3,[-126;-98;-98],2,1,[-15;11;-25],2,0},{'M',[32;1;1],1,[1;1;1],0,[5;0;0]},{'A',[4;-27;-29],2,[-7;-7;-7],1,2,[32;1;-1],1,0},{'M',[240;-28;-28],2,[-7;-7;-7],1,[NaN;2;2],[240;272;272],1,[0;NaN;NaN]},{'A',[-727;-1123;-1123],3,[240;-28;-28],2,0,[-967;-1095;-1095],2,0},{'M',[8;-225;-220],3,[-228;-225;-220],2,[NaN;0;0],[4;-27;-29],2,[1;NaN;NaN]},{'A',[743;673;683],4,[8;-225;-220],3,1,[727;1123;1123],3,0},{'M',[257;56;258],3,[257;14;258],2,[0;2;0]},{'M',[-252;-225;-29],3,[-126;-98;-98],2,[1;NaN;NaN],[-228;-225;-220],2,[NaN;0;NaN],[4;-27;-29],2,[NaN;NaN;0]},{'A',[262;337;545],4,[257;56;258],3,1,[-252;225;29],3,0},{'A',[489;381;417],3,[-15;-11;25],2,0,[126;98;98],2,2},{'M',[-967;-432;-58],3,[-967;-1095;-1095],2,[0;NaN;NaN],[4;-27;-29],2,[NaN;4;1]},{'M',[1028;-1095;1032],3,[257;14;258],2,[2;NaN;2],[-967;-1095;-1095],2,[NaN;0;NaN]},{'A',[61;663;974],4,[-967;-432;-58],3,0,[1028;1095;1032],3,0},{'M',[489;381;834],4,[489;381;417],3,[0;0;1]},{'O',[489;381;834],4,[489;381;834],4,0},{'M',[-727;-185;-442],4,[-267;-185;-221],3,[NaN;0;1],[-727;-1123;-1123],3,[0;NaN;NaN]},{'O',[727;185;442],4,[727;185;442],4,0},{'O',[743;673;683],4,[743;673;683],4,0},{'O',[262;337;545],4,[262;337;545],4,0},{'O',[61;663;974],4,[61;663;974],4,0}}
Adder graph: {{'A',[112;144;112],1,[1;1;1],0,7,[-1;1;-1],0,4},{'A',[9;9;9],1,[1;1;1],0,0,[1;1;1],0,3},{'A',[-567;-567;-567],2,[9;9;9],1,0,[-9;-9;-9],1,6},{'A',[10;-6;10],1,[1;1;1],0,1,[1;-1;1],0,3},{'A',[3;5;3],1,[1;1;1],0,2,[-1;1;-1],0,0},{'M',[32;2;1],1,[1;1;1],0,[5;1;0]},{'A',[-8;-22;-39],2,[32;2;1],1,0,[-10;-6;-10],1,2},{'M',[72;9;20],2,[9;9;9],1,[3;0;NaN],[10;-6;10],1,[NaN;NaN;1]},{'A',[176;106;-116],3,[72;9;20],2,1,[8;22;-39],2,2},{'R',[-567;-567;-567],3,[-567;-567;-567],2},{'A',[-743;-673;-683],4,[-567;-567;-567],3,0,[-176;-106;-116],3,0},{'M',[9;160;9],2,[9;9;9],1,[0;NaN;0],[3;5;3],1,[NaN;5;NaN]},{'M',[3;5;72],2,[9;9;9],1,[NaN;NaN;3],[3;5;3],1,[0;0;NaN]},{'A',[24;310;162],3,[9;160;9],2,1,[3;-5;72],2,1},{'M',[20;-12;10],2,[10;-6;10],1,[1;1;0]},{'A',[727;-663;-487],3,[20;-12;10],2,3,[567;-567;-567],2,0},{'R',[112;144;112],2,[112;144;112],1},{'M',[10;5;3],2,[10;-6;10],1,[0;NaN;NaN],[3;5;3],1,[NaN;0;0]},{'A',[214;283;221],3,[112;144;112],2,1,[-10;-5;-3],2,0},{'A',[262;337;545],4,[24;310;162],3,1,[214;-283;221],3,0},{'M',[3;9;80],2,[9;9;9],1,[NaN;0;NaN],[10;-6;10],1,[NaN;NaN;3],[3;5;3],1,[0;NaN;NaN]},{'A',[-61;185;392],3,[3;9;80],2,0,[-8;22;39],2,3},{'A',[489;381;834],4,[214;283;221],3,1,[61;-185;392],3,0},{'O',[489;381;834],4,[489;381;834],4,0},{'M',[727;185;442],4,[727;-663;-487],3,[0;NaN;NaN],[214;283;221],3,[NaN;NaN;1],[-61;185;392],3,[NaN;0;NaN]},{'O',[727;185;442],4,[727;185;442],4,0},{'O',[743;673;683],4,[743;673;683],4,0},{'O',[262;337;545],4,[262;337;545],4,0},{'M',[-61;-663;-974],4,[727;-663;-487],3,[NaN;0;1],[-61;185;392],3,[0;NaN;NaN]},{'O',[61;663;974],4,[61;663;974],4,0}}
Adder graph: {{'A',[31;33;31],1,[1;1;1],0,5,[-1;1;-1],0,0},{'A',[7;7;7],1,[1;1;1],0,3,[-1;-1;-1],0,0},{'A',[510;514;514],1,[1;1;1],0,9,[-1;1;1],0,1},{'A',[2;6;6],1,[1;1;1],0,2,[-1;1;1],0,1},{'M',[8;1;8],1,[1;1;1],0,[3;0;3]},{'A',[4032;2368;4032],2,[8;1;8],1,8,[31;33;31],1,6},{'A',[184;328;328],2,[2;6;6],1,6,[7;-7;-7],1,3},{'M',[128;128;1],1,[1;1;1],0,[7;7;0]},{'A',[5632;5632;3568],2,[7;7;7],1,9,[128;128;-1],1,4},{'M',[1;1;128],1,[1;1;1],0,[0;0;7]},{'A',[509;513;386],2,[510;514;514],1,0,[-1;-1;-128],1,0},{'M',[31;12;28],2,[31;33;31],1,[0;NaN;NaN],[7;7;7],1,[NaN;NaN;2],[2;6;6],1,[NaN;1;NaN]},{'M',[7;7;6],2,[7;7;7],1,[0;0;NaN],[2;6;6],1,[NaN;NaN;0]},{'A',[489;185;442],3,[31;12;28],2,4,[-7;-7;-6],2,0},{'M',[7;112;7],2,[7;7;7],1,[0;4;0]},{'M',[62;28;31],2,[31;33;31],1,[1;NaN;0],[7;7;7],1,[NaN;2;NaN]},{'A',[131;168;69],3,[7;112;7],2,0,[62;28;31],2,1},{'A',[481;337;545],3,[4032;2368;4032],2,-3,[-184;328;328],2,-3},{'A',[727;663;487],3,[5632;5632;3568],2,-3,[184;-328;328],2,-3},{'M',[112;33;112],2,[31;33;31],1,[NaN;0;NaN],[7;7;7],1,[4;NaN;4]},{'A',[61;381;834],3,[509;513;386],2,0,[-112;-33;112],2,2},{'A',[743;673;683],4,[131;168;69],3,1,[481;337;545],3,0},{'M',[489;381;834],4,[489;185;442],3,[0;NaN;NaN],[61;381;834],3,[NaN;0;0]},{'O',[489;381;834],4,[489;381;834],4,0},{'M',[727;185;442],4,[489;185;442],3,[NaN;0;0],[727;663;487],3,[0;NaN;NaN]},{'O',[727;185;442],4,[727;185;442],4,0},{'O',[743;673;683],4,[743;673;683],4,0},{'M',[262;337;545],4,[131;168;69],3,[1;NaN;NaN],[481;337;545],3,[NaN;0;0]},{'O',[262;337;545],4,[262;337;545],4,0},{'M',[61;663;974],4,[727;663;487],3,[NaN;0;1],[61;381;834],3,[0;NaN;NaN]},{'O',[61;663;974],4,[61;663;974],4,0}}
Finished solving after 259194 seconds
Adder graph: {{'A',[31;33;31],1,[1;1;1],0,5,[-1;1;-1],0,0},{'A',[7;7;7],1,[1;1;1],0,3,[-1;-1;-1],0,0},{'A',[510;514;514],1,[1;1;1],0,9,[-1;1;1],0,1},{'A',[2;6;6],1,[1;1;1],0,2,[-1;1;1],0,1},{'M',[8;1;8],1,[1;1;1],0,[3;0;3]},{'A',[4032;2368;4032],2,[8;1;8],1,8,[31;33;31],1,6},{'A',[184;328;328],2,[2;6;6],1,6,[7;-7;-7],1,3},{'M',[128;128;1],1,[1;1;1],0,[7;7;0]},{'A',[5632;5632;3568],2,[7;7;7],1,9,[128;128;-1],1,4},{'M',[1;1;128],1,[1;1;1],0,[0;0;7]},{'A',[509;513;386],2,[510;514;514],1,0,[-1;-1;-128],1,0},{'M',[31;12;28],2,[31;33;31],1,[0;NaN;NaN],[7;7;7],1,[NaN;NaN;2],[2;6;6],1,[NaN;1;NaN]},{'M',[7;7;6],2,[7;7;7],1,[0;0;NaN],[2;6;6],1,[NaN;NaN;0]},{'A',[489;185;442],3,[31;12;28],2,4,[-7;-7;-6],2,0},{'M',[7;112;7],2,[7;7;7],1,[0;4;0]},{'M',[62;28;31],2,[31;33;31],1,[1;NaN;0],[7;7;7],1,[NaN;2;NaN]},{'A',[131;168;69],3,[7;112;7],2,0,[62;28;31],2,1},{'A',[481;337;545],3,[4032;2368;4032],2,-3,[-184;328;328],2,-3},{'A',[727;663;487],3,[5632;5632;3568],2,-3,[184;-328;328],2,-3},{'M',[112;33;112],2,[31;33;31],1,[NaN;0;NaN],[7;7;7],1,[4;NaN;4]},{'A',[61;381;834],3,[509;513;386],2,0,[-112;-33;112],2,2},{'A',[743;673;683],4,[131;168;69],3,1,[481;337;545],3,0},{'M',[489;381;834],4,[489;185;442],3,[0;NaN;NaN],[61;381;834],3,[NaN;0;0]},{'O',[489;381;834],4,[489;381;834],4,0},{'M',[727;185;442],4,[489;185;442],3,[NaN;0;0],[727;663;487],3,[0;NaN;NaN]},{'O',[727;185;442],4,[727;185;442],4,0},{'O',[743;673;683],4,[743;673;683],4,0},{'M',[262;337;545],4,[131;168;69],3,[1;NaN;NaN],[481;337;545],3,[NaN;0;0]},{'O',[262;337;545],4,[262;337;545],4,0},{'M',[61;663;974],4,[727;663;487],3,[NaN;0;1],[61;381;834],3,[0;NaN;NaN]},{'O',[61;663;974],4,[61;663;974],4,0}}
# Add optimal = 1
# Mux optimal = 0
# Mux registers optimal = 0
# FAs optimal = 0
