Adder graph: {{'R',[1;1],1,[1;1],0},{'M',[1;256],1,[1;1],0,[0;8]},{'A',[129;-128],2,[1;1],1,7,[1;-256],1,0},{'A',[17;15],2,[1;1],1,4,[1;-1],1,0},{'R',[129;-128],3,[129;-128],2},{'M',[34;15],3,[17;15],2,[1;0]},{'A',[-415;-368],4,[129;-128],3,0,[-34;-15],3,4},{'M',[128;1],1,[1;1],0,[7;0]},{'M',[2;1],1,[1;1],0,[1;0]},{'A',[144;9],2,[128;1],1,0,[2;1],1,3},{'M',[17;30],3,[17;15],2,[0;1]},{'M',[17;-128],3,[129;-128],2,[NaN;0],[17;15],2,[0;NaN]},{'A',[-51;-482],4,[17;30],3,0,[-17;-128],3,2},{'M',[288;9],3,[144;9],2,[1;0]},{'M',[129;480],3,[129;-128],2,[0;NaN],[17;15],2,[NaN;5]},{'A',[30;969],4,[288;9],3,0,[-129;480],3,1},{'M',[60;969],5,[30;969],4,[1;0]},{'O',[60;969],5,[60;969],5,0},{'R',[-415;-368],5,[-415;-368],4},{'O',[415;368],5,[415;368],5,0},{'M',[-102;-482],5,[-51;-482],4,[1;0]},{'O',[102;482],5,[102;482],5,0}}
Adder graph: {{'R',[1;1],1,[1;1],0},{'M',[4;1],1,[1;1],0,[2;0]},{'A',[60;63],2,[1;1],1,6,[-4;-1],1,0},{'M',[32;1],1,[1;1],0,[5;0]},{'M',[1;32],1,[1;1],0,[0;5]},{'A',[65;34],2,[32;1],1,1,[1;32],1,0},{'M',[65;136],3,[65;34],2,[0;2]},{'R',[60;63],3,[60;63],2},{'A',[-415;-368],4,[65;136],3,0,[-60;-63],3,3},{'M',[1;256],1,[1;1],0,[0;8]},{'A',[-7;258],2,[1;256],1,0,[-4;1],1,1},{'A',[51;482],3,[-7;258],2,1,[65;-34],2,0},{'M',[60;516],3,[60;63],2,[0;NaN],[-7;258],2,[NaN;1]},{'A',[60;969],4,[60;516],3,1,[-60;-63],3,0},{'O',[60;969],4,[60;969],4,0},{'O',[415;368],4,[415;368],4,0},{'M',[102;482],4,[51;482],3,[1;0]},{'O',[102;482],4,[102;482],4,0}}
Adder graph: {{'M',[1;128],1,[1;1],0,[0;7]},{'M',[1;256],1,[1;1],0,[0;8]},{'A',[65;7936],2,[1;128],1,6,[1;-256],1,0},{'M',[4;1],1,[1;1],0,[2;0]},{'M',[2;1],1,[1;1],0,[1;0]},{'A',[6;1],2,[4;1],1,1,[-2;-1],1,0},{'M',[1;4],1,[1;1],0,[0;2]},{'M',[1;8],1,[1;1],0,[0;3]},{'A',[31;120],2,[1;4],1,5,[-1;-8],1,0},{'A',[415;184],3,[31;120],2,0,[6;1],2,6},{'M',[6;480],3,[6;1],2,[0;NaN],[31;120],2,[NaN;2]},{'M',[48;1],3,[6;1],2,[3;0]},{'A',[102;482],4,[6;480],3,0,[48;1],3,1},{'R',[65;7936],3,[65;7936],2},{'A',[60;969],4,[65;7936],3,-3,[415;-184],3,-3},{'O',[60;969],4,[60;969],4,0},{'M',[415;368],4,[415;184],3,[0;1]},{'O',[415;368],4,[415;368],4,0},{'O',[102;482],4,[102;482],4,0}}
Adder graph: {{'M',[1;16],1,[1;1],0,[0;4]},{'M',[128;1],1,[1;1],0,[7;0]},{'A',[-127;15],2,[1;16],1,0,[-128;-1],1,0},{'R',[1;1],1,[1;1],0},{'A',[9;-8],2,[1;1],1,3,[1;-16],1,0},{'A',[415;-241],3,[9;-8],2,5,[127;15],2,0},{'M',[1;8],1,[1;1],0,[0;3]},{'M',[64;1],1,[1;1],0,[6;0]},{'A',[-60;31],2,[1;8],1,2,[-64;-1],1,0},{'A',[-51;23],3,[-60;31],2,0,[9;-8],2,0},{'M',[9;992],3,[9;-8],2,[0;NaN],[-60;31],2,[NaN;5]},{'A',[-60;-969],4,[-51;23],3,0,[-9;-992],3,0},{'O',[60;969],4,[60;969],4,0},{'M',[415;368],4,[415;-241],3,[0;NaN],[-51;23],3,[NaN;4]},{'O',[415;368],4,[415;368],4,0},{'M',[-51;-241],4,[415;-241],3,[NaN;0],[-51;23],3,[0;NaN]},{'O',[102;482],4,[51;241],4,1}}
Adder graph: {{'R',[1;1],1,[1;1],0},{'M',[2;1],1,[1;1],0,[1;0]},{'A',[9;5],2,[1;1],1,0,[2;1],1,2},{'A',[17;17],1,[1;1],0,0,[1;1],0,4},{'A',[127;129],1,[1;1],0,7,[-1;1],0,0},{'M',[127;68],2,[17;17],1,[NaN;2],[127;129],1,[0;NaN]},{'A',[415;92],3,[9;5],2,5,[127;-68],2,0},{'M',[17;258],2,[17;17],1,[0;NaN],[127;129],1,[NaN;1]},{'M',[34;17],2,[17;17],1,[1;0]},{'A',[51;241],3,[17;258],2,0,[34;-17],2,0},{'M',[144;5],3,[9;5],2,[4;0]},{'A',[60;969],4,[51;241],3,2,[-144;5],3,0},{'O',[60;969],4,[60;969],4,0},{'M',[415;368],4,[415;92],3,[0;2]},{'O',[415;368],4,[415;368],4,0},{'R',[51;241],4,[51;241],3},{'O',[102;482],4,[51;241],4,1}}
Adder graph: {{'A',[7;9],1,[1;1],0,3,[-1;1],0,0},{'M',[1;16],1,[1;1],0,[0;4]},{'A',[1;137],2,[1;16],1,3,[-7;9],1,0},{'M',[1;8],1,[1;1],0,[0;3]},{'A',[26;52],2,[7;9],1,2,[-1;8],1,1},{'M',[7;18],2,[7;9],1,[0;1]},{'A',[30;92],3,[7;18],2,3,[-26;-52],2,0},{'M',[52;137],3,[1;137],2,[NaN;0],[26;52],2,[1;NaN]},{'M',[1;104],3,[1;137],2,[0;NaN],[26;52],2,[NaN;1]},{'A',[51;241],4,[52;137],3,0,[-1;104],3,0},{'A',[415;969],3,[26;52],2,4,[-1;137],2,0},{'M',[60;969],4,[30;92],3,[1;NaN],[415;969],3,[NaN;0]},{'O',[60;969],4,[60;969],4,0},{'M',[415;368],4,[30;92],3,[NaN;2],[415;969],3,[0;NaN]},{'O',[415;368],4,[415;368],4,0},{'O',[102;482],4,[51;241],4,1}}
Adder graph: {{'A',[-7;9],1,[1;1],0,0,[-1;1],0,3},{'M',[1;128],1,[1;1],0,[0;7]},{'M',[1;8],1,[1;1],0,[0;3]},{'A',[33;-128],2,[1;128],1,0,[1;-8],1,5},{'A',[-15;-15],1,[1;1],0,0,[-1;-1],0,4},{'M',[-28;-15],2,[-7;9],1,[2;NaN],[-15;-15],1,[NaN;0]},{'A',[-415;-368],3,[33;-128],2,0,[-28;-15],2,4},{'R',[-15;-15],2,[-15;-15],1},{'A',[51;241],3,[-15;-15],2,0,[33;128],2,1},{'M',[-60;9],2,[-7;9],1,[NaN;0],[-15;-15],1,[2;NaN]},{'M',[-15;-120],2,[-15;-15],1,[0;3]},{'A',[60;969],3,[-60;9],2,0,[15;120],2,3},{'O',[60;969],3,[60;969],3,0},{'O',[415;368],3,[415;368],3,0},{'O',[102;482],3,[51;241],3,1}}
Finished solving after 105079 seconds
Adder graph: {{'A',[-7;9],1,[1;1],0,0,[-1;1],0,3},{'M',[1;128],1,[1;1],0,[0;7]},{'M',[1;8],1,[1;1],0,[0;3]},{'A',[33;-128],2,[1;128],1,0,[1;-8],1,5},{'A',[-15;-15],1,[1;1],0,0,[-1;-1],0,4},{'M',[-28;-15],2,[-7;9],1,[2;NaN],[-15;-15],1,[NaN;0]},{'A',[-415;-368],3,[33;-128],2,0,[-28;-15],2,4},{'R',[-15;-15],2,[-15;-15],1},{'A',[51;241],3,[-15;-15],2,0,[33;128],2,1},{'M',[-60;9],2,[-7;9],1,[NaN;0],[-15;-15],1,[2;NaN]},{'M',[-15;-120],2,[-15;-15],1,[0;3]},{'A',[60;969],3,[-60;9],2,0,[15;120],2,3},{'O',[60;969],3,[60;969],3,0},{'O',[415;368],3,[415;368],3,0},{'O',[102;482],3,[51;241],3,1}}
# Add optimal = 1
# Mux optimal = 0
# Mux registers optimal = 1
# FAs optimal = 0
