Adder graph: {{'A',[15;15],1,[1;1],0,4,[-1;-1],0,0},{'M',[2;1],1,[1;1],0,[1;0]},{'M',[4;1],1,[1;1],0,[2;0]},{'A',[-30;-7],2,[2;1],1,0,[-4;-1],1,3},{'M',[1;2],1,[1;1],0,[0;1]},{'A',[79;143],2,[15;15],1,0,[1;2],1,6},{'M',[79;-7],3,[-30;-7],2,[NaN;0],[79;143],2,[0;NaN]},{'M',[632;143],3,[79;143],2,[3;0]},{'A',[-632;-342],4,[79;-7],3,3,[-632;-143],3,1},{'M',[15;240],2,[15;15],1,[0;4]},{'A',[331;812],3,[15;240],2,0,[79;143],2,2},{'M',[-60;-7],3,[-30;-7],2,[1;0]},{'A',[-391;-819],4,[-60;-7],3,0,[-331;-812],3,0},{'M',[-240;143],3,[-30;-7],2,[3;NaN],[79;143],2,[NaN;0]},{'A',[-571;-669],4,[-240;143],3,0,[-331;-812],3,0},{'M',[-632;-819],5,[-632;-342],4,[0;NaN],[-391;-819],4,[NaN;0]},{'O',[632;819],5,[632;819],5,0},{'R',[-571;-669],5,[-571;-669],4},{'O',[571;669],5,[571;669],5,0},{'M',[-782;-342],5,[-632;-342],4,[NaN;0],[-391;-819],4,[1;NaN]},{'O',[782;342],5,[782;342],5,0}}
Adder graph: {{'A',[15;17],1,[1;1],0,4,[-1;1],0,0},{'M',[1;2],1,[1;1],0,[0;1]},{'A',[992;1568],2,[15;17],1,5,[1;2],1,9},{'M',[256;1],1,[1;1],0,[8;0]},{'A',[572;70],2,[15;17],1,2,[256;1],1,1},{'M',[15;68],2,[15;17],1,[0;2]},{'A',[632;342],3,[15;68],2,2,[572;70],2,0},{'M',[1;32],1,[1;1],0,[0;5]},{'A',[1;529],2,[1;32],1,4,[-15;17],1,0},{'A',[782;819],3,[572;70],2,-1,[992;1568],2,-1},{'M',[572;140],3,[572;70],2,[0;1]},{'R',[1;529],3,[1;529],2},{'A',[571;669],4,[572;140],3,0,[-1;529],3,0},{'M',[632;819],4,[632;342],3,[0;NaN],[782;819],3,[NaN;0]},{'O',[632;819],4,[632;819],4,0},{'O',[571;669],4,[571;669],4,0},{'M',[782;342],4,[632;342],3,[NaN;0],[782;819],3,[0;NaN]},{'O',[782;342],4,[782;342],4,0}}
Adder graph: {{'A',[9;7],1,[1;1],0,3,[1;-1],0,0},{'M',[9;224],2,[9;7],1,[0;5]},{'M',[18;7],2,[9;7],1,[1;0]},{'A',[180;840],3,[9;224],2,2,[18;-7],2,3},{'M',[8;1],1,[1;1],0,[3;0]},{'A',[26;-13],2,[8;1],1,0,[9;-7],1,1},{'R',[1;1],1,[1;1],0},{'A',[-287;-223],2,[1;1],1,0,[-9;-7],1,5},{'M',[-287;-104],3,[26;-13],2,[NaN;3],[-287;-223],2,[0;NaN]},{'M',[1664;-13],3,[26;-13],2,[6;0]},{'A',[-632;-819],4,[-287;-104],3,3,[1664;13],3,0},{'A',[-391;-171],3,[-287;-223],2,0,[-26;13],2,2},{'A',[571;669],4,[180;840],3,0,[391;-171],3,0},{'O',[632;819],4,[632;819],4,0},{'O',[571;669],4,[571;669],4,0},{'R',[-391;-171],4,[-391;-171],3},{'O',[782;342],4,[391;171],4,1}}
Adder graph: {{'A',[-3;-3],1,[1;1],0,0,[-1;-1],0,2},{'A',[-31;33],1,[1;1],0,0,[-1;1],0,5},{'A',[-45;-51],2,[-3;-3],1,4,[3;-3],1,0},{'M',[-31;-1536],2,[-3;-3],1,[NaN;9],[-31;33],1,[0;NaN]},{'A',[-751;-720],3,[-31;-1536],2,0,[-45;51],2,4},{'M',[-31;-192],2,[-3;-3],1,[NaN;6],[-31;33],1,[0;NaN]},{'A',[-79;-819],3,[-31;-192],2,2,[45;-51],2,0},{'M',[-180;-51],3,[-45;-51],2,[2;0]},{'A',[-571;-669],4,[-751;-720],3,0,[180;51],3,0},{'M',[-31;66],2,[-31;33],1,[0;1]},{'A',[-391;-342],3,[-45;-51],2,3,[-31;66],2,0},{'M',[-632;-819],4,[-79;-819],3,[3;0]},{'O',[632;819],4,[632;819],4,0},{'O',[571;669],4,[571;669],4,0},{'M',[-782;-342],4,[-391;-342],3,[1;0]},{'O',[782;342],4,[782;342],4,0}}
Finished solving after 14422.2 seconds
Adder graph: {{'A',[-3;-3],1,[1;1],0,0,[-1;-1],0,2},{'A',[-31;33],1,[1;1],0,0,[-1;1],0,5},{'A',[-45;-51],2,[-3;-3],1,4,[3;-3],1,0},{'M',[-31;-1536],2,[-3;-3],1,[NaN;9],[-31;33],1,[0;NaN]},{'A',[-751;-720],3,[-31;-1536],2,0,[-45;51],2,4},{'M',[-31;-192],2,[-3;-3],1,[NaN;6],[-31;33],1,[0;NaN]},{'A',[-79;-819],3,[-31;-192],2,2,[45;-51],2,0},{'M',[-180;-51],3,[-45;-51],2,[2;0]},{'A',[-571;-669],4,[-751;-720],3,0,[180;51],3,0},{'M',[-31;66],2,[-31;33],1,[0;1]},{'A',[-391;-342],3,[-45;-51],2,3,[-31;66],2,0},{'M',[-632;-819],4,[-79;-819],3,[3;0]},{'O',[632;819],4,[632;819],4,0},{'O',[571;669],4,[571;669],4,0},{'M',[-782;-342],4,[-391;-342],3,[1;0]},{'O',[782;342],4,[782;342],4,0}}
# Add optimal = 0
# Mux optimal = 0
# Mux registers optimal = 0
# FAs optimal = 0
