Adder graph: {{'A',[-28;-28],1,[1;1],0,2,[-1;-1],0,5},{'M',[1;4],1,[1;1],0,[0;2]},{'M',[16;1],1,[1;1],0,[4;0]},{'A',[-15;5],2,[1;4],1,0,[-16;1],1,0},{'M',[32;1],1,[1;1],0,[5;0]},{'A',[8;58],2,[32;1],1,1,[-28;28],1,1},{'M',[-15;116],3,[-15;5],2,[0;NaN],[8;58],2,[NaN;1]},{'M',[512;5],3,[-15;5],2,[NaN;0],[8;58],2,[6;NaN]},{'A',[904;938],4,[-15;116],3,3,[512;5],3,1},{'M',[-112;-28],2,[-28;-28],1,[2;0]},{'A',[-911;-229],3,[-112;-28],2,3,[-15;-5],2,0},{'M',[-960;5],3,[-15;5],2,[6;0]},{'M',[8;116],3,[8;58],2,[0;1]},{'A',[-968;-111],4,[-960;5],3,0,[-8;-116],3,0},{'R',[-911;-229],4,[-911;-229],3},{'O',[911;229],4,[911;229],4,0},{'O',[904;938],4,[904;938],4,0},{'O',[968;111],4,[968;111],4,0}}
Adder graph: {{'A',[4;12],1,[1;1],0,3,[-1;1],0,2},{'A',[15;15],1,[1;1],0,4,[-1;-1],0,0},{'M',[32;1],1,[1;1],0,[5;0]},{'A',[-113;11],2,[15;15],1,0,[-32;-1],1,2},{'M',[4;120],2,[4;12],1,[0;NaN],[15;15],1,[NaN;3]},{'A',[121;229],3,[4;120],2,1,[113;-11],2,0},{'M',[120;15],2,[15;15],1,[3;0]},{'M',[128;12],2,[4;12],1,[5;0]},{'A',[-904;111],3,[120;15],2,0,[-128;12],2,3},{'M',[32;15],2,[4;12],1,[3;NaN],[15;15],1,[NaN;0]},{'A',[911;-469],3,[-113;11],2,0,[32;-15],2,5},{'M',[911;229],4,[121;229],3,[NaN;0],[911;-469],3,[0;NaN]},{'O',[911;229],4,[911;229],4,0},{'M',[-904;-938],4,[-904;111],3,[0;NaN],[911;-469],3,[NaN;1]},{'O',[904;938],4,[904;938],4,0},{'M',[968;111],4,[121;229],3,[3;NaN],[-904;111],3,[NaN;0]},{'O',[968;111],4,[968;111],4,0}}
Adder graph: {{'A',[15;15],1,[1;1],0,4,[-1;-1],0,0},{'R',[1;1],1,[1;1],0},{'A',[61;59],2,[15;15],1,2,[1;-1],1,0},{'M',[8;1],1,[1;1],0,[3;0]},{'A',[8;-6],2,[8;1],1,1,[-1;-1],1,3},{'R',[15;15],2,[15;15],1},{'A',[113;-111],3,[8;-6],2,4,[-15;-15],2,0},{'M',[512;59],3,[61;59],2,[NaN;0],[8;-6],2,[6;NaN]},{'A',[-911;-229],4,[113;-111],3,0,[-512;-59],3,1},{'A',[-968;938],3,[8;-6],2,0,[-61;59],2,4},{'O',[911;229],4,[911;229],4,0},{'M',[904;938],4,[113;-111],3,[3;NaN],[-968;938],3,[NaN;0]},{'O',[904;938],4,[904;938],4,0},{'M',[-968;-111],4,[113;-111],3,[NaN;0],[-968;938],3,[0;NaN]},{'O',[968;111],4,[968;111],4,0}}
Adder graph: {{'A',[7;7],1,[1;1],0,3,[-1;-1],0,0},{'A',[1;3],1,[1;1],0,1,[-1;1],0,0},{'A',[57;59],2,[7;7],1,3,[1;3],1,0},{'R',[7;7],2,[7;7],1},{'A',[121;111],3,[57;59],2,1,[7;-7],2,0},{'M',[1;6],2,[1;3],1,[0;1]},{'A',[-911;-938],3,[1;6],2,0,[-57;-59],2,4},{'M',[2;7],2,[7;7],1,[NaN;0],[1;3],1,[1;NaN]},{'A',[-226;-229],3,[2;7],2,0,[-57;-59],2,2},{'M',[-911;-229],4,[-911;-938],3,[0;NaN],[-226;-229],3,[NaN;0]},{'O',[911;229],4,[911;229],4,0},{'M',[-904;-938],4,[-911;-938],3,[NaN;0],[-226;-229],3,[2;NaN]},{'O',[904;938],4,[904;938],4,0},{'M',[968;111],4,[121;111],3,[3;0]},{'O',[968;111],4,[968;111],4,0}}
Finished solving after 59108.5 seconds
Adder graph: {{'A',[7;7],1,[1;1],0,3,[-1;-1],0,0},{'A',[1;3],1,[1;1],0,1,[-1;1],0,0},{'A',[57;59],2,[7;7],1,3,[1;3],1,0},{'R',[7;7],2,[7;7],1},{'A',[121;111],3,[57;59],2,1,[7;-7],2,0},{'M',[1;6],2,[1;3],1,[0;1]},{'A',[-911;-938],3,[1;6],2,0,[-57;-59],2,4},{'M',[2;7],2,[7;7],1,[NaN;0],[1;3],1,[1;NaN]},{'A',[-226;-229],3,[2;7],2,0,[-57;-59],2,2},{'M',[-911;-229],4,[-911;-938],3,[0;NaN],[-226;-229],3,[NaN;0]},{'O',[911;229],4,[911;229],4,0},{'M',[-904;-938],4,[-911;-938],3,[NaN;0],[-226;-229],3,[2;NaN]},{'O',[904;938],4,[904;938],4,0},{'M',[968;111],4,[121;111],3,[3;0]},{'O',[968;111],4,[968;111],4,0}}
# Add optimal = 1
# Mux optimal = 0
# Mux registers optimal = 1
# FAs optimal = 0
