Adder graph: {{'M',[64;16;1],1,[1;1;1],0,[6;4;0]},{'M',[128;256;1],1,[1;1;1],0,[7;8;0]},{'A',[896;512;17],2,[64;16;1],1,4,[-128;256;1],1,0},{'M',[16;1;16],1,[1;1;1],0,[4;0;4]},{'M',[3584;1;8],3,[1;1;1],0,[NaN;0;3],[896;512;17],2,[2;NaN;NaN]},{'A',[3712;9;120],4,[16;1;16],1,3,[3584;1;-8],3,0},{'M',[128;1;17],3,[1;1;1],0,[7;0;NaN],[896;512;17],2,[NaN;NaN;0]},{'M',[8;9;8],5,[1;1;1],0,[3;NaN;3],[3712;9;120],4,[NaN;0;NaN]},{'A',[144;19;1],6,[128;1;17],3,0,[8;9;-8],5,1},{'M',[1;8;64],7,[1;1;1],0,[0;3;NaN],[144;19;1],6,[NaN;NaN;6]},{'M',[144;36;256],7,[1;1;1],0,[NaN;NaN;8],[3712;9;120],4,[NaN;2;NaN],[144;19;1],6,[0;NaN;NaN]},{'A',[145;44;-192],8,[1;8;64],7,0,[144;36;-256],7,0},{'M',[145;304;32],9,[1;1;1],0,[NaN;NaN;5],[144;19;1],6,[NaN;4;NaN],[145;44;-192],8,[0;NaN;NaN]},{'M',[1;1408;8],9,[1;1;1],0,[0;NaN;3],[145;44;-192],8,[NaN;5;NaN]},{'A',[147;-2512;48],10,[145;304;32],9,0,[1;-1408;8],9,1},{'M',[2320;44;1],9,[1;1;1],0,[NaN;NaN;0],[145;44;-192],8,[4;0;NaN]},{'M',[3712;-40192;960],11,[3712;9;120],4,[0;NaN;3],[147;-2512;48],10,[NaN;4;NaN]},{'A',[-1392;40236;961],12,[2320;44;1],9,0,[-3712;40192;960],11,0},{'M',[290;72;48],11,[3712;9;120],4,[NaN;3;NaN],[145;44;-192],8,[1;NaN;NaN],[147;-2512;48],10,[NaN;NaN;0]},{'M',[1152;9;2],7,[3712;9;120],4,[NaN;0;NaN],[144;19;1],6,[3;NaN;1]},{'A',[-572;135;94],12,[290;72;48],11,1,[-1152;-9;-2],7,0},{'M',[147;16;961],13,[1;1;1],0,[NaN;4;NaN],[147;-2512;48],10,[0;NaN;NaN],[-1392;40236;961],12,[NaN;NaN;0]},{'M',[-1144;19;188],13,[144;19;1],6,[NaN;0;NaN],[-572;135;94],12,[1;NaN;1]},{'A',[-997;-3;773],14,[147;16;961],13,0,[-1144;-19;-188],13,0},{'M',[32;19;773],15,[1;1;1],0,[5;NaN;NaN],[144;19;1],6,[NaN;0;NaN],[-997;-3;773],14,[NaN;NaN;0]},{'M',[1;176;48],11,[1;1;1],0,[0;NaN;NaN],[145;44;-192],8,[NaN;2;NaN],[147;-2512;48],10,[NaN;NaN;0]},{'A',[30;371;677],16,[32;19;773],15,0,[-1;176;-48],11,1},{'M',[145;9;136],9,[896;512;17],2,[NaN;NaN;3],[3712;9;120],4,[NaN;0;NaN],[145;44;-192],8,[0;NaN;NaN]},{'M',[32;256;1],1,[1;1;1],0,[5;8;0]},{'A',[177;265;135],10,[145;9;136],9,0,[32;256;-1],1,0},{'M',[-997;135;135],15,[-572;135;94],12,[NaN;0;NaN],[-997;-3;773],14,[0;NaN;NaN],[177;265;135],10,[NaN;NaN;0]},{'M',[-1392;-12;94],15,[-1392;40236;961],12,[0;NaN;NaN],[-572;135;94],12,[NaN;NaN;0],[-997;-3;773],14,[NaN;2;NaN]},{'A',[395;123;41],16,[-997;135;135],15,0,[1392;-12;-94],15,0},{'M',[30;742;773],17,[-997;-3;773],14,[NaN;NaN;0],[30;371;677],16,[0;1;NaN]},{'O',[30;742;773],17,[30;742;773],17,0},{'M',[147;265;961],13,[147;-2512;48],10,[0;NaN;NaN],[-1392;40236;961],12,[NaN;NaN;0],[177;265;135],10,[NaN;0;NaN]},{'O',[147;265;961],13,[147;265;961],13,0},{'M',[-997;-24;-768],15,[145;44;-192],8,[NaN;NaN;2],[-997;-3;773],14,[0;3;NaN]},{'O',[997;24;768],15,[997;24;768],15,0},{'M',[708;152;677],17,[144;19;1],6,[NaN;3;NaN],[30;371;677],16,[NaN;NaN;0],[177;265;135],10,[2;NaN;NaN]},{'O',[708;152;677],17,[708;152;677],17,0},{'O',[395;123;41],16,[395;123;41],16,0}}
Adder graph: {{'M',[8192;1;4],1,[1;1;1],0,[13;0;2]},{'M',[128;256;1],1,[1;1;1],0,[7;8;0]},{'A',[33792;2052;24],2,[8192;1;4],1,2,[128;256;1],1,3},{'M',[1;8;4],1,[1;1;1],0,[0;3;2]},{'M',[8;64;1],1,[1;1;1],0,[3;6;0]},{'A',[9;-56;5],2,[1;8;4],1,0,[8;-64;1],1,0},{'M',[9;8;80],3,[1;1;1],0,[NaN;3;NaN],[9;-56;5],2,[0;NaN;4]},{'M',[18;1;1],3,[1;1;1],0,[NaN;0;0],[9;-56;5],2,[1;NaN;NaN]},{'A',[-27;6;82],4,[9;8;80],3,0,[-18;-1;1],3,1},{'M',[2304;512;24],3,[1;1;1],0,[NaN;9;NaN],[33792;2052;24],2,[NaN;NaN;0],[9;-56;5],2,[8;NaN;NaN]},{'M',[33792;2052;192],3,[33792;2052;24],2,[0;0;3]},{'A',[36096;-1540;-168],4,[2304;512;24],3,0,[33792;-2052;-192],3,0},{'M',[1024;-56;256],3,[1;1;1],0,[10;NaN;8],[9;-56;5],2,[NaN;0;NaN]},{'M',[-27;96;512],5,[1;1;1],0,[NaN;NaN;9],[-27;6;82],4,[0;4;NaN]},{'A',[997;-152;768],6,[1024;-56;256],3,0,[-27;-96;512],5,0},{'M',[18;1;320],3,[1;1;1],0,[NaN;0;NaN],[9;-56;5],2,[1;NaN;6]},{'M',[18;1;20],3,[1;1;1],0,[NaN;0;NaN],[9;-56;5],2,[1;NaN;2]},{'A',[162;9;160],4,[18;1;320],3,0,[18;1;-20],3,3},{'M',[1;2;1],1,[1;1;1],0,[0;1;0]},{'M',[8;96;160],5,[1;1;1],0,[3;NaN;NaN],[-27;6;82],4,[NaN;4;NaN],[162;9;160],4,[NaN;NaN;0]},{'A',[-15;194;-319],6,[1;2;1],1,0,[-8;96;-160],5,1},{'M',[576;256;-319],7,[1;1;1],0,[NaN;8;NaN],[9;-56;5],2,[6;NaN;NaN],[-15;194;-319],6,[NaN;NaN;0]},{'M',[1994;9;1280],7,[9;-56;5],2,[NaN;NaN;8],[997;-152;768],6,[1;NaN;NaN],[162;9;160],4,[NaN;0;NaN]},{'A',[-1418;265;961],8,[576;256;-319],7,0,[-1994;9;1280],7,0},{'M',[162;-1540;82],5,[-27;6;82],4,[NaN;NaN;0],[36096;-1540;-168],4,[NaN;0;NaN],[162;9;160],4,[0;NaN;NaN]},{'M',[-1418;-56;82],9,[9;-56;5],2,[NaN;0;NaN],[-27;6;82],4,[NaN;NaN;0],[-1418;265;961],8,[0;NaN;NaN]},{'A',[395;-371;41],10,[162;-1540;82],5,-2,[1418;56;82],9,-2},{'M',[-15;194;-168],7,[36096;-1540;-168],4,[NaN;NaN;0],[-15;194;-319],6,[0;0;NaN]},{'M',[648;6208;5],7,[9;-56;5],2,[NaN;NaN;0],[162;9;160],4,[2;NaN;NaN],[-15;194;-319],6,[NaN;5;NaN]},{'A',[-708;-5432;-677],8,[-15;194;-168],7,2,[-648;-6208;-5],7,0},{'M',[162;388;-677],9,[162;9;160],4,[0;NaN;NaN],[-15;194;-319],6,[NaN;1;NaN],[-708;-5432;-677],8,[NaN;NaN;0]},{'M',[-15;265;96],9,[33792;2052;24],2,[NaN;NaN;2],[-15;194;-319],6,[0;NaN;NaN],[-1418;265;961],8,[NaN;0;NaN]},{'A',[147;123;-773],10,[162;388;-677],9,0,[-15;-265;-96],9,0},{'M',[-30;-742;-773],11,[-15;194;-319],6,[1;NaN;NaN],[395;-371;41],10,[NaN;1;NaN],[147;123;-773],10,[NaN;NaN;0]},{'O',[30;742;773],11,[30;742;773],11,0},{'M',[147;265;961],11,[-1418;265;961],8,[NaN;0;0],[147;123;-773],10,[0;NaN;NaN]},{'O',[147;265;961],11,[147;265;961],11,0},{'M',[997;24;768],7,[-27;6;82],4,[NaN;2;NaN],[997;-152;768],6,[0;NaN;0]},{'O',[997;24;768],7,[997;24;768],7,0},{'M',[-708;-152;-677],9,[997;-152;768],6,[NaN;0;NaN],[-708;-5432;-677],8,[0;NaN;0]},{'O',[708;152;677],9,[708;152;677],9,0},{'M',[395;123;41],11,[395;-371;41],10,[0;NaN;0],[147;123;-773],10,[NaN;0;NaN]},{'O',[395;123;41],11,[395;123;41],11,0}}
Adder graph: {{'M',[32768;2;1],1,[1;1;1],0,[15;1;0]},{'A',[131071;7;5],2,[32768;2;1],1,2,[-1;-1;1],0,0},{'M',[32;1;1],1,[1;1;1],0,[5;0;0]},{'A',[28;5;5],2,[32;1;1],1,0,[-1;1;1],0,2},{'M',[1;1;10240],3,[1;1;1],0,[0;0;NaN],[131071;7;5],2,[NaN;NaN;11]},{'M',[28;14;8],3,[1;1;1],0,[NaN;NaN;3],[131071;7;5],2,[NaN;1;NaN],[28;5;5],2,[0;NaN;NaN]},{'A',[-27;15;10248],4,[1;1;10240],3,0,[-28;14;8],3,0},{'M',[28;112;5],3,[131071;7;5],2,[NaN;4;0],[28;5;5],2,[0;NaN;NaN]},{'M',[-216;5;10248],5,[28;5;5],2,[NaN;0;NaN],[-27;15;10248],4,[3;NaN;0]},{'A',[244;107;-10243],6,[28;112;5],3,0,[216;-5;-10248],5,0},{'M',[1;7;20],3,[1;1;1],0,[0;NaN;NaN],[131071;7;5],2,[NaN;0;2]},{'M',[28;1;1],3,[1;1;1],0,[NaN;0;0],[28;5;5],2,[0;NaN;NaN]},{'A',[30;13;41],4,[1;7;20],3,1,[28;-1;1],3,0},{'M',[2;107;10240],7,[1;1;1],0,[1;NaN;NaN],[131071;7;5],2,[NaN;NaN;11],[244;107;-10243],6,[NaN;0;NaN]},{'M',[60;16;-10243],7,[1;1;1],0,[NaN;4;NaN],[244;107;-10243],6,[NaN;NaN;0],[30;13;41],4,[1;NaN;NaN]},{'A',[62;123;-3],8,[2;107;10240],7,0,[60;16;-10243],7,0},{'M',[244;4;10],7,[1;1;1],0,[NaN;2;NaN],[131071;7;5],2,[NaN;NaN;1],[244;107;-10243],6,[0;NaN;NaN]},{'M',[-27;1;2],5,[1;1;1],0,[NaN;0;1],[-27;15;10248],4,[0;NaN;NaN]},{'A',[271;3;12],8,[244;4;10],7,0,[27;-1;2],5,0},{'M',[120;768;5],9,[28;5;5],2,[NaN;NaN;0],[30;13;41],4,[2;NaN;NaN],[271;3;12],8,[NaN;8;NaN]},{'M',[-27;26;-768],9,[-27;15;10248],4,[0;NaN;NaN],[30;13;41],4,[NaN;1;NaN],[62;123;-3],8,[NaN;NaN;8]},{'A',[147;742;773],10,[120;768;5],9,0,[27;-26;768],9,0},{'M',[147;240;96],11,[-27;15;10248],4,[NaN;4;NaN],[271;3;12],8,[NaN;NaN;3],[147;742;773],10,[0;NaN;NaN]},{'M',[60;742;773],11,[30;13;41],4,[1;NaN;NaN],[147;742;773],10,[NaN;0;0]},{'A',[354;-262;965],12,[147;240;96],11,1,[60;-742;773],11,0},{'M',[62;128;-48],9,[1;1;1],0,[NaN;7;NaN],[62;123;-3],8,[0;NaN;4]},{'M',[271;104;773],11,[30;13;41],4,[NaN;3;NaN],[271;3;12],8,[0;NaN;NaN],[147;742;773],10,[NaN;NaN;0]},{'A',[395;152;677],12,[62;128;-48],9,1,[271;-104;773],11,0},{'M',[-27;3;965],13,[-27;15;10248],4,[0;NaN;NaN],[271;3;12],8,[NaN;0;NaN],[354;-262;965],12,[NaN;NaN;0]},{'M',[1024;-262;4],13,[1;1;1],0,[10;NaN;2],[354;-262;965],12,[NaN;0;NaN]},{'A',[997;265;961],14,[-27;3;965],13,0,[1024;262;-4],13,0},{'M',[30;742;773],11,[30;13;41],4,[0;NaN;NaN],[147;742;773],10,[NaN;0;0]},{'O',[30;742;773],11,[30;742;773],11,0},{'M',[147;265;961],15,[147;742;773],10,[0;NaN;NaN],[997;265;961],14,[NaN;0;0]},{'O',[147;265;961],15,[147;265;961],15,0},{'M',[997;24;768],15,[271;3;12],8,[NaN;3;6],[997;265;961],14,[0;NaN;NaN]},{'O',[997;24;768],15,[997;24;768],15,0},{'M',[708;152;677],13,[354;-262;965],12,[1;NaN;NaN],[395;152;677],12,[NaN;0;0]},{'O',[708;152;677],13,[708;152;677],13,0},{'M',[395;123;41],13,[30;13;41],4,[NaN;NaN;0],[62;123;-3],8,[NaN;0;NaN],[395;152;677],12,[0;NaN;NaN]},{'O',[395;123;41],13,[395;123;41],13,0}}
Adder graph: {{'M',[32;4;1],1,[1;1;1],0,[5;2;0]},{'M',[1;1;2],1,[1;1;1],0,[0;0;1]},{'A',[514;62;20],2,[32;4;1],1,4,[1;-1;2],1,1},{'M',[32;4;20],3,[1;1;1],0,[5;2;NaN],[514;62;20],2,[NaN;NaN;0]},{'A',[33;-3;21],4,[1;1;1],0,0,[32;-4;20],3,0},{'M',[1;-6;1],5,[1;1;1],0,[0;NaN;0],[33;-3;21],4,[NaN;1;NaN]},{'M',[66;496;20],5,[514;62;20],2,[NaN;3;0],[33;-3;21],4,[1;NaN;NaN]},{'A',[-131;-998;41],6,[1;-6;1],5,0,[-66;-496;20],5,1},{'M',[1;16;1],1,[1;1;1],0,[0;4;0]},{'M',[2;2;20],3,[1;1;1],0,[1;1;NaN],[514;62;20],2,[NaN;NaN;0]},{'A',[80;1040;-96],4,[1;16;1],1,6,[2;2;-20],3,3},{'M',[4;32;1],1,[1;1;1],0,[2;5;0]},{'M',[4;4;1],1,[1;1;1],0,[2;2;0]},{'A',[20;16;5],2,[4;32;1],1,0,[4;-4;1],1,2},{'M',[20;62;20],3,[514;62;20],2,[NaN;0;0],[20;16;5],2,[0;NaN;NaN]},{'M',[80;62;-96],5,[514;62;20],2,[NaN;0;NaN],[80;1040;-96],4,[0;NaN;0]},{'A',[-15;31;29],6,[20;62;20],3,-2,[-80;62;96],5,-2},{'M',[512;128;1],3,[1;1;1],0,[9;NaN;0],[20;16;5],2,[NaN;3;NaN]},{'M',[16896;-998;29],7,[33;-3;21],4,[9;NaN;NaN],[-131;-998;41],6,[NaN;0;NaN],[-15;31;29],6,[NaN;NaN;0]},{'A',[-15872;-742;31],8,[512;128;1],3,1,[-16896;-998;29],7,0},{'M',[-15872;16;5],9,[20;16;5],2,[NaN;0;0],[-15872;-742;31],8,[0;NaN;NaN]},{'M',[80;1040;21],5,[33;-3;21],4,[NaN;NaN;0],[80;1040;-96],4,[0;0;NaN]},{'A',[-997;-64;-1],10,[-15872;16;5],9,-4,[-80;-1040;-21],5,-4},{'M',[264;124;21],5,[514;62;20],2,[NaN;1;NaN],[33;-3;21],4,[3;NaN;0]},{'M',[-131;1;656],7,[1;1;1],0,[NaN;0;NaN],[-131;-998;41],6,[0;NaN;4]},{'A',[395;123;677],8,[264;124;21],5,0,[131;-1;656],7,0},{'M',[33;-3;248],9,[33;-3;21],4,[0;0;NaN],[-15872;-742;31],8,[NaN;NaN;3]},{'M',[-15;31;31],9,[-15;31;29],6,[0;0;NaN],[-15872;-742;31],8,[NaN;NaN;0]},{'A',[147;19;961],10,[33;-3;248],9,2,[15;31;-31],9,0},{'M',[514;123;-384],9,[514;62;20],2,[0;NaN;NaN],[80;1040;-96],4,[NaN;NaN;2],[395;123;677],8,[NaN;0;NaN]},{'M',[320;19;5],11,[20;16;5],2,[4;NaN;0],[147;19;961],10,[NaN;0;NaN]},{'A',[708;265;-773],12,[514;123;-384],9,1,[-320;19;-5],11,0},{'M',[-30;-742;-773],13,[-15;31;29],6,[1;NaN;NaN],[-15872;-742;31],8,[NaN;0;NaN],[708;265;-773],12,[NaN;NaN;0]},{'O',[30;742;773],13,[30;742;773],13,0},{'M',[147;265;961],13,[147;19;961],10,[0;NaN;0],[708;265;-773],12,[NaN;0;NaN]},{'O',[147;265;961],13,[147;265;961],13,0},{'M',[-997;-24;-768],11,[33;-3;21],4,[NaN;3;NaN],[80;1040;-96],4,[NaN;NaN;3],[-997;-64;-1],10,[0;NaN;NaN]},{'O',[997;24;768],11,[997;24;768],11,0},{'M',[708;152;677],13,[395;123;677],8,[NaN;NaN;0],[147;19;961],10,[NaN;3;NaN],[708;265;-773],12,[0;NaN;NaN]},{'O',[708;152;677],13,[708;152;677],13,0},{'M',[395;123;41],9,[-131;-998;41],6,[NaN;NaN;0],[395;123;677],8,[0;0;NaN]},{'O',[395;123;41],9,[395;123;41],9,0}}
Adder graph: {{'M',[2;1;1],1,[1;1;1],0,[1;0;0]},{'A',[-3;-1;-1],2,[1;1;1],0,0,[-2;-1;-1],1,1},{'M',[-12;4;-1],3,[1;1;1],0,[NaN;2;NaN],[-3;-1;-1],2,[2;NaN;0]},{'M',[1;1;-2],3,[1;1;1],0,[0;0;NaN],[-3;-1;-1],2,[NaN;NaN;1]},{'A',[-49;17;-6],4,[-12;4;-1],3,2,[-1;1;-2],3,0},{'M',[-49;16;-1],5,[1;1;1],0,[NaN;4;NaN],[-3;-1;-1],2,[NaN;NaN;0],[-49;17;-6],4,[0;NaN;NaN]},{'M',[-3;-8;-1],3,[-3;-1;-1],2,[0;3;0]},{'A',[-395;120;-9],6,[-49;16;-1],5,3,[-3;-8;-1],3,0},{'M',[4;256;-9],7,[1;1;1],0,[2;8;NaN],[-395;120;-9],6,[NaN;NaN;0]},{'M',[-49;8;8],5,[1;1;1],0,[NaN;3;3],[-49;17;-6],4,[0;NaN;NaN]},{'A',[53;264;-1],8,[4;256;-9],7,0,[49;8;8],5,0},{'M',[128;4;-1],3,[1;1;1],0,[7;2;NaN],[-3;-1;-1],2,[NaN;NaN;0]},{'M',[-49;34;256],5,[1;1;1],0,[NaN;NaN;8],[-49;17;-6],4,[0;1;NaN]},{'A',[177;38;-257],6,[128;4;-1],3,0,[49;34;-256],5,0},{'M',[-790;-1;-6],7,[-3;-1;-1],2,[NaN;0;NaN],[-49;17;-6],4,[NaN;NaN;0],[-395;120;-9],6,[1;NaN;NaN]},{'M',[2832;264;16],9,[1;1;1],0,[NaN;NaN;4],[53;264;-1],8,[NaN;0;NaN],[177;38;-257],6,[4;NaN;NaN]},{'A',[2042;-265;-22],10,[-790;-1;-6],7,0,[2832;-264;-16],9,0},{'M',[-1568;120;-514],7,[-49;17;-6],4,[5;NaN;NaN],[-395;120;-9],6,[NaN;0;NaN],[177;38;-257],6,[NaN;NaN;1]},{'M',[2042;304;-176],11,[177;38;-257],6,[NaN;3;NaN],[2042;-265;-22],10,[0;NaN;3]},{'A',[474;-184;-338],12,[-1568;120;-514],7,0,[2042;-304;176],11,0},{'M',[-49;1;1],5,[1;1;1],0,[NaN;0;0],[-49;17;-6],4,[0;NaN;NaN]},{'M',[474;-2;-338],13,[-3;-1;-1],2,[NaN;1;NaN],[474;-184;-338],12,[0;NaN;0]},{'A',[-997;-3;677],14,[-49;1;1],5,0,[-474;-2;338],13,1},{'M',[-98;-184;-352],13,[-49;17;-6],4,[1;NaN;NaN],[2042;-265;-22],10,[NaN;NaN;4],[474;-184;-338],12,[NaN;0;NaN]},{'M',[-49;-3;-257],15,[-49;17;-6],4,[0;NaN;NaN],[177;38;-257],6,[NaN;NaN;0],[-997;-3;677],14,[NaN;0;NaN]},{'A',[-147;-371;-961],16,[-98;-184;-352],13,1,[49;-3;-257],15,0},{'M',[-997;-3;-32],15,[53;264;-1],8,[NaN;NaN;5],[-997;-3;677],14,[0;0;NaN]},{'A',[-602;-123;-41],16,[-997;-3;-32],15,0,[395;-120;-9],6,0},{'M',[-3;34;-12],5,[-3;-1;-1],2,[0;NaN;NaN],[-49;17;-6],4,[NaN;1;1]},{'M',[-6;-3;677],15,[-3;-1;-1],2,[1;NaN;NaN],[-997;-3;677],14,[NaN;0;0]},{'A',[-30;275;-773],16,[-3;34;-12],5,3,[-6;3;-677],15,0},{'M',[-30;-742;-773],17,[-147;-371;-961],16,[NaN;1;NaN],[-30;275;-773],16,[0;NaN;0]},{'O',[30;742;773],17,[30;742;773],17,0},{'M',[-147;-265;-961],17,[2042;-265;-22],10,[NaN;0;NaN],[-147;-371;-961],16,[0;NaN;0]},{'O',[147;265;961],17,[147;265;961],17,0},{'M',[-997;-24;-768],15,[-49;17;-6],4,[NaN;NaN;7],[-997;-3;677],14,[0;3;NaN]},{'O',[997;24;768],15,[997;24;768],15,0},{'M',[708;152;677],15,[177;38;-257],6,[2;2;NaN],[-997;-3;677],14,[NaN;NaN;0]},{'O',[708;152;677],15,[708;152;677],15,0},{'M',[-395;-123;-41],17,[-395;120;-9],6,[0;NaN;NaN],[-602;-123;-41],16,[NaN;0;0]},{'O',[395;123;41],17,[395;123;41],17,0}}
Adder graph: {{'M',[64;1;1],1,[1;1;1],0,[6;0;0]},{'M',[2;1;2],1,[1;1;1],0,[1;0;1]},{'A',[72;-3;-7],2,[64;1;1],1,0,[2;-1;-2],1,2},{'M',[8;1;8],1,[1;1;1],0,[3;0;3]},{'M',[1;64;8],1,[1;1;1],0,[0;6;3]},{'A',[33;68;24],2,[8;1;8],1,2,[1;64;-8],1,0},{'M',[2;1;96],3,[1;1;1],0,[1;0;NaN],[33;68;24],2,[NaN;NaN;2]},{'M',[1;1;2],1,[1;1;1],0,[0;0;1]},{'A',[15;7;766],4,[2;1;96],3,3,[-1;-1;-2],1,0},{'M',[144;-96;24],3,[72;-3;-7],2,[1;5;NaN],[33;68;24],2,[NaN;NaN;0]},{'M',[8192;-3;-7],3,[1;1;1],0,[13;NaN;NaN],[72;-3;-7],2,[NaN;0;0]},{'A',[-7904;-189;41],4,[144;-96;24],3,1,[-8192;3;-7],3,0},{'M',[-7904;-189;-7],5,[72;-3;-7],2,[NaN;NaN;0],[-7904;-189;41],4,[0;0;NaN]},{'M',[72;-3;41],5,[72;-3;-7],2,[0;0;NaN],[-7904;-189;41],4,[NaN;NaN;0]},{'A',[-997;-24;-6],6,[-7904;-189;-7],5,-3,[-72;-3;-41],5,-3},{'M',[33;4;1],3,[1;1;1],0,[NaN;2;0],[33;68;24],2,[0;NaN;NaN]},{'M',[15;7;2624],5,[15;7;766],4,[0;0;NaN],[-7904;-189;41],4,[NaN;NaN;6]},{'A',[2097;249;2688],6,[33;4;1],3,6,[-15;-7;2624],5,0},{'M',[-997;-756;164],7,[-7904;-189;41],4,[NaN;2;2],[-997;-24;-6],6,[0;NaN;NaN]},{'M',[15;7;41],5,[15;7;766],4,[0;0;NaN],[-7904;-189;41],4,[NaN;NaN;0]},{'A',[-967;-742;246],8,[-997;-756;164],7,0,[15;7;41],5,1},{'M',[60;1;2],5,[1;1;1],0,[NaN;0;1],[15;7;766],4,[2;NaN;NaN]},{'M',[2097;249;-1536],7,[-997;-24;-6],6,[NaN;NaN;8],[2097;249;2688],6,[0;0;NaN]},{'A',[-177;281;1600],8,[60;1;2],5,5,[-2097;249;1536],7,0},{'M',[132;-12;-7],3,[72;-3;-7],2,[NaN;2;0],[33;68;24],2,[2;NaN;NaN]},{'A',[147;-19;-773],5,[132;-12;-7],3,0,[15;-7;-766],4,0},{'M',[147;249;2688],7,[2097;249;2688],6,[NaN;0;0],[147;-19;-773],5,[0;NaN;NaN]},{'M',[-177;281;766],9,[15;7;766],4,[NaN;NaN;0],[-177;281;1600],8,[0;0;NaN]},{'A',[-15;265;961],10,[147;249;2688],7,-1,[-177;281;-766],9,-1},{'M',[-177;249;246],9,[2097;249;2688],6,[NaN;0;NaN],[-967;-742;246],8,[NaN;NaN;0],[-177;281;1600],8,[0;NaN;NaN]},{'M',[-967;-3;1600],9,[72;-3;-7],2,[NaN;0;NaN],[-967;-742;246],8,[0;NaN;NaN],[-177;281;1600],8,[NaN;NaN;0]},{'A',[395;123;-677],10,[-177;249;246],9,-1,[967;-3;-1600],9,-1},{'M',[-30;-742;-773],11,[-967;-742;246],8,[NaN;0;NaN],[147;-19;-773],5,[NaN;NaN;0],[-15;265;961],10,[1;NaN;NaN]},{'O',[30;742;773],11,[30;742;773],11,0},{'M',[147;265;961],11,[147;-19;-773],5,[0;NaN;NaN],[-15;265;961],10,[NaN;0;0]},{'O',[147;265;961],11,[147;265;961],11,0},{'M',[-997;-24;-768],7,[-997;-24;-6],6,[0;0;7]},{'O',[997;24;768],7,[997;24;768],7,0},{'M',[-708;-152;-677],11,[-177;281;1600],8,[2;NaN;NaN],[147;-19;-773],5,[NaN;3;NaN],[395;123;-677],10,[NaN;NaN;0]},{'O',[708;152;677],11,[708;152;677],11,0},{'M',[395;123;41],11,[-7904;-189;41],4,[NaN;NaN;0],[395;123;-677],10,[0;0;NaN]},{'O',[395;123;41],11,[395;123;41],11,0}}
Adder graph: {{'M',[1;1;256],1,[1;1;1],0,[0;0;8]},{'M',[32;1;1],1,[1;1;1],0,[5;0;0]},{'A',[-28;3;1025],2,[1;1;256],1,2,[-32;-1;1],1,0},{'M',[256;1;256],1,[1;1;1],0,[8;0;8]},{'M',[2048;96;1],3,[1;1;1],0,[11;NaN;0],[-28;3;1025],2,[NaN;5;NaN]},{'A',[-7936;-383;252],4,[256;1;256],1,0,[-2048;-96;-1],3,2},{'M',[32;-383;252],5,[1;1;1],0,[5;NaN;NaN],[-7936;-383;252],4,[NaN;0;0]},{'M',[8;12;1025],3,[1;1;1],0,[3;NaN;NaN],[-28;3;1025],2,[NaN;2;0]},{'A',[40;-371;-773],6,[32;-383;252],5,0,[8;12;-1025],3,0},{'M',[1;192;1],3,[1;1;1],0,[0;NaN;0],[-28;3;1025],2,[NaN;6;NaN]},{'M',[80;1;1],7,[1;1;1],0,[NaN;0;0],[40;-371;-773],6,[1;NaN;NaN]},{'A',[322;388;6],8,[1;192;1],3,1,[80;1;1],7,2},{'M',[16384;-383;252],5,[1;1;1],0,[14;NaN;NaN],[-7936;-383;252],4,[NaN;0;0]},{'A',[32769;-765;-503],6,[1;1;1],0,0,[16384;-383;-252],5,1},{'M',[4;-765;-503],7,[1;1;1],0,[2;NaN;NaN],[32769;-765;-503],6,[NaN;0;0]},{'M',[128;-371;-773],7,[1;1;1],0,[7;NaN;NaN],[40;-371;-773],6,[NaN;0;0]},{'A',[-124;-1136;270],8,[4;-765;-503],7,0,[-128;-371;773],7,0},{'M',[40;-371;270],9,[40;-371;-773],6,[0;0;NaN],[-124;-1136;270],8,[NaN;NaN;0]},{'M',[-7936;-765;6],9,[-7936;-383;252],4,[0;NaN;NaN],[322;388;6],8,[NaN;NaN;0],[32769;-765;-503],6,[NaN;0;NaN]},{'A',[997;-142;33],10,[40;-371;270],9,-3,[7936;-765;-6],9,-3},{'M',[322;388;-773],9,[40;-371;-773],6,[NaN;NaN;0],[322;388;6],8,[0;0;NaN]},{'M',[-28;-142;33],11,[-28;3;1025],2,[0;NaN;NaN],[997;-142;33],10,[NaN;0;0]},{'A',[147;265;-403],12,[322;388;-773],9,-1,[-28;142;-33],11,-1},{'M',[147;8;8],13,[1;1;1],0,[NaN;3;3],[147;265;-403],12,[0;NaN;NaN]},{'M',[-248;-2272;33],11,[-124;-1136;270],8,[1;1;NaN],[997;-142;33],10,[NaN;NaN;0]},{'A',[395;2280;41],14,[147;8;8],13,0,[248;2272;33],11,0},{'M',[1;6;540],9,[1;1;1],0,[0;NaN;NaN],[-28;3;1025],2,[NaN;1;NaN],[-124;-1136;270],8,[NaN;NaN;1]},{'M',[32;64;-403],13,[1;1;1],0,[5;6;NaN],[147;265;-403],12,[NaN;NaN;0]},{'A',[-30;76;677],14,[1;6;540],9,1,[-32;64;-403],13,0},{'M',[322;388;1025],9,[-28;3;1025],2,[NaN;NaN;0],[322;388;6],8,[0;0;NaN]},{'M',[32;265;64],13,[1;1;1],0,[5;NaN;6],[147;265;-403],12,[NaN;0;NaN]},{'A',[354;123;961],14,[322;388;1025],9,0,[32;-265;-64],13,0},{'M',[-30;-742;-773],15,[40;-371;-773],6,[NaN;1;0],[-30;76;677],14,[0;NaN;NaN]},{'O',[30;742;773],15,[30;742;773],15,0},{'M',[147;265;961],15,[147;265;-403],12,[0;0;NaN],[354;123;961],14,[NaN;NaN;0]},{'O',[147;265;961],15,[147;265;961],15,0},{'M',[997;24;768],11,[-28;3;1025],2,[NaN;3;NaN],[322;388;6],8,[NaN;NaN;7],[997;-142;33],10,[0;NaN;NaN]},{'O',[997;24;768],11,[997;24;768],11,0},{'M',[708;152;677],15,[-30;76;677],14,[NaN;1;0],[354;123;961],14,[1;NaN;NaN]},{'O',[708;152;677],15,[708;152;677],15,0},{'M',[395;123;41],15,[395;2280;41],14,[0;NaN;0],[354;123;961],14,[NaN;0;NaN]},{'O',[395;123;41],15,[395;123;41],15,0}}
Adder graph: {{'M',[4;1;2],1,[1;1;1],0,[2;0;1]},{'A',[15;3;7],2,[4;1;2],1,2,[-1;-1;-1],0,0},{'M',[120;16;1],3,[1;1;1],0,[NaN;4;0],[15;3;7],2,[3;NaN;NaN]},{'A',[-959;129;9],4,[1;1;1],0,0,[-120;16;1],3,3},{'M',[32;4;1],1,[1;1;1],0,[5;2;0]},{'M',[15;96;18],5,[15;3;7],2,[0;5;NaN],[-959;129;9],4,[NaN;NaN;1]},{'A',[94;-184;38],6,[32;4;1],1,1,[15;-96;18],5,1},{'M',[15;384;28],3,[15;3;7],2,[0;7;2]},{'M',[376;1;152],7,[1;1;1],0,[NaN;0;NaN],[94;-184;38],6,[2;NaN;2]},{'A',[406;767;-96],8,[15;384;28],3,1,[376;-1;-152],7,0},{'M',[60;3;7],3,[15;3;7],2,[2;0;0]},{'A',[248;-371;69],7,[94;-184;38],6,1,[60;-3;-7],3,0},{'M',[1;1;-96],9,[1;1;1],0,[0;0;NaN],[406;767;-96],8,[NaN;NaN;0]},{'M',[4;3;-96],9,[1;1;1],0,[2;NaN;NaN],[15;3;7],2,[NaN;0;NaN],[406;767;-96],8,[NaN;NaN;0]},{'A',[-30;-22;-960],10,[1;1;-96],9,1,[-4;-3;-96],9,3},{'M',[-959;64;608],7,[1;1;1],0,[NaN;6;NaN],[-959;129;9],4,[0;NaN;NaN],[94;-184;38],6,[NaN;NaN;4]},{'M',[8;-88;69],11,[1;1;1],0,[3;NaN;NaN],[248;-371;69],7,[NaN;NaN;0],[-30;-22;-960],10,[NaN;2;NaN]},{'A',[-967;152;677],12,[-959;64;608],7,0,[-8;88;69],11,0},{'M',[-967;2;1],13,[1;1;1],0,[NaN;1;0],[-967;152;677],12,[0;NaN;NaN]},{'A',[-997;-24;-961],14,[-30;-22;-960],10,0,[-967;-2;-1],13,0},{'M',[-959;1032;72],5,[-959;129;9],4,[0;3;3]},{'M',[812;129;9],9,[-959;129;9],4,[NaN;0;0],[406;767;-96],8,[1;NaN;NaN]},{'A',[-147;903;63],10,[-959;1032;72],5,0,[812;-129;-9],9,0},{'M',[-147;6;28],11,[15;3;7],2,[NaN;1;2],[-147;903;63],10,[0;NaN;NaN]},{'M',[248;129;69],8,[-959;129;9],4,[NaN;0;NaN],[248;-371;69],7,[0;NaN;0]},{'A',[-395;-123;-41],12,[-147;6;28],11,0,[-248;-129;-69],8,0},{'M',[-790;767;-96],13,[406;767;-96],8,[NaN;0;0],[-395;-123;-41],12,[1;NaN;NaN]},{'M',[-967;1032;677],13,[-959;129;9],4,[NaN;3;NaN],[-967;152;677],12,[0;NaN;0]},{'A',[177;-265;-773],14,[-790;767;-96],13,0,[967;-1032;-677],13,0},{'M',[-30;-742;-773],15,[248;-371;69],7,[NaN;1;NaN],[-30;-22;-960],10,[0;NaN;NaN],[177;-265;-773],14,[NaN;NaN;0]},{'O',[30;742;773],15,[30;742;773],15,0},{'M',[-147;-265;-961],15,[-997;-24;-961],14,[NaN;NaN;0],[-147;903;63],10,[0;NaN;NaN],[177;-265;-773],14,[NaN;0;NaN]},{'O',[147;265;961],15,[147;265;961],15,0},{'M',[-997;-24;-768],15,[406;767;-96],8,[NaN;NaN;3],[-997;-24;-961],14,[0;0;NaN]},{'O',[997;24;768],15,[997;24;768],15,0},{'M',[708;152;677],15,[-967;152;677],12,[NaN;0;0],[177;-265;-773],14,[2;NaN;NaN]},{'O',[708;152;677],15,[708;152;677],15,0},{'O',[395;123;41],12,[395;123;41],12,0}}
Adder graph: {{'M',[16;1;256],1,[1;1;1],0,[4;0;8]},{'M',[1;1;256],1,[1;1;1],0,[0;0;8]},{'A',[31;3;768],2,[16;1;256],1,1,[-1;1;256],1,0},{'M',[248;1;1],3,[1;1;1],0,[NaN;0;0],[31;3;768],2,[3;NaN;NaN]},{'M',[32;32;1],1,[1;1;1],0,[5;5;0]},{'A',[184;-63;-1],4,[248;1;1],3,0,[-32;-32;-1],1,1},{'M',[4;-63;4],5,[1;1;1],0,[2;NaN;2],[184;-63;-1],4,[NaN;0;NaN]},{'A',[7;-125;7],6,[4;-63;4],5,1,[-1;1;-1],0,0},{'M',[8;8;7],7,[1;1;1],0,[3;3;NaN],[7;-125;7],6,[NaN;NaN;0]},{'A',[71;189;49],8,[8;8;7],7,3,[7;125;-7],6,0},{'M',[1;1;4],1,[1;1;1],0,[0;0;2]},{'M',[1;12;196],9,[1;1;1],0,[0;NaN;NaN],[31;3;768],2,[NaN;2;NaN],[71;189;49],8,[NaN;NaN;2]},{'A',[5;49;-780],10,[1;1;4],1,0,[1;12;-196],9,2},{'M',[16;189;49],9,[1;1;1],0,[4;NaN;NaN],[71;189;49],8,[NaN;0;0]},{'A',[-15;-188;-45],10,[1;1;4],1,0,[-16;-189;-49],9,0},{'M',[7;-125;8],7,[1;1;1],0,[NaN;NaN;3],[7;-125;7],6,[0;0;NaN]},{'M',[80;2;49],11,[1;1;1],0,[NaN;1;NaN],[71;189;49],8,[NaN;NaN;0],[5;49;-780],10,[4;NaN;NaN]},{'A',[-73;-123;-41],12,[7;-125;8],7,0,[-80;2;-49],11,0},{'M',[-292;49;-780],13,[5;49;-780],10,[NaN;0;0],[-73;-123;-41],12,[2;NaN;NaN]},{'M',[62;-125;7],7,[31;3;768],2,[1;NaN;NaN],[7;-125;7],6,[NaN;0;0]},{'A',[-354;-76;-773],14,[-292;49;-780],13,0,[-62;-125;7],7,0},{'M',[496;-125;-328],13,[31;3;768],2,[4;NaN;NaN],[7;-125;7],6,[NaN;0;NaN],[-73;-123;-41],12,[NaN;NaN;3]},{'M',[5;-492;49],13,[71;189;49],8,[NaN;NaN;0],[5;49;-780],10,[0;NaN;NaN],[-73;-123;-41],12,[NaN;2;NaN]},{'A',[997;-742;-705],14,[496;-125;-328],13,1,[5;-492;-49],13,0},{'M',[-146;-76;-256],15,[184;-63;-1],4,[NaN;NaN;8],[-73;-123;-41],12,[1;NaN;NaN],[-354;-76;-773],14,[NaN;0;NaN]},{'M',[1;189;-705],15,[1;1;1],0,[0;NaN;NaN],[71;189;49],8,[NaN;0;NaN],[997;-742;-705],14,[NaN;NaN;0]},{'A',[-147;-265;-961],16,[-146;-76;-256],15,0,[-1;-189;-705],15,0},{'M',[-147;-265;-705],17,[997;-742;-705],14,[NaN;NaN;0],[-147;-265;-961],16,[0;0;NaN]},{'A',[-395;235;-677],18,[-147;-265;-705],17,0,[-62;125;7],7,2},{'M',[-30;-742;-773],15,[-15;-188;-45],10,[1;NaN;NaN],[-354;-76;-773],14,[NaN;NaN;0],[997;-742;-705],14,[NaN;0;NaN]},{'O',[30;742;773],15,[30;742;773],15,0},{'O',[147;265;961],16,[147;265;961],16,0},{'M',[997;24;768],15,[31;3;768],2,[NaN;3;0],[997;-742;-705],14,[0;NaN;NaN]},{'O',[997;24;768],15,[997;24;768],15,0},{'M',[-708;-152;-677],19,[-354;-76;-773],14,[1;1;NaN],[-395;235;-677],18,[NaN;NaN;0]},{'O',[708;152;677],19,[708;152;677],19,0},{'M',[-395;-123;-41],19,[-73;-123;-41],12,[NaN;0;0],[-395;235;-677],18,[0;NaN;NaN]},{'O',[395;123;41],19,[395;123;41],19,0}}
Adder graph: {{'M',[16;1;8],1,[1;1;1],0,[4;0;3]},{'A',[18;3;10],2,[1;1;1],0,1,[16;1;8],1,0},{'M',[72;12;1],3,[1;1;1],0,[NaN;NaN;0],[18;3;10],2,[2;2;NaN]},{'M',[1;4;4],1,[1;1;1],0,[0;2;2]},{'A',[71;16;-3],4,[72;12;1],3,0,[-1;4;-4],1,0},{'M',[288;1;1],3,[1;1;1],0,[NaN;0;0],[18;3;10],2,[4;NaN;NaN]},{'M',[18;3;20],3,[18;3;10],2,[0;0;1]},{'A',[324;-5;41],4,[288;1;1],3,0,[18;-3;20],3,1},{'M',[71;16;40],5,[18;3;10],2,[NaN;NaN;2],[71;16;-3],4,[0;0;NaN]},{'M',[324;-40;64],5,[1;1;1],0,[NaN;NaN;6],[324;-5;41],4,[0;3;NaN]},{'A',[395;-24;104],6,[71;16;40],5,0,[324;-40;64],5,0},{'M',[18;384;512],3,[1;1;1],0,[NaN;NaN;9],[18;3;10],2,[0;7;NaN]},{'M',[4;-24;104],7,[1;1;1],0,[2;NaN;NaN],[395;-24;104],6,[NaN;0;0]},{'A',[32;744;920],8,[18;384;512],3,1,[-4;-24;-104],7,0},{'M',[1;1;160],3,[1;1;1],0,[0;0;NaN],[18;3;10],2,[NaN;NaN;4]},{'M',[32;-5;41],5,[1;1;1],0,[5;NaN;NaN],[324;-5;41],4,[NaN;0;0]},{'A',[129;-19;-4],6,[1;1;160],3,0,[32;-5;-41],5,2},{'A',[-30;-742;922],9,[1;1;1],0,1,[-32;-744;920],8,0},{'M',[-120;-5;1],10,[1;1;1],0,[NaN;NaN;0],[324;-5;41],4,[NaN;0;NaN],[-30;-742;922],9,[2;NaN;NaN]},{'M',[129;128;-4],7,[1;1;1],0,[NaN;7;NaN],[129;-19;-4],6,[0;NaN;0]},{'A',[-249;123;5],11,[-120;-5;1],10,0,[-129;128;4],7,0},{'M',[18;1024;-192],5,[18;3;10],2,[0;NaN;NaN],[71;16;-3],4,[NaN;6;6]},{'A',[-177;3973;-773],12,[18;1024;-192],5,2,[-249;-123;-5],11,0},{'M',[-177;24;920],13,[18;3;10],2,[NaN;3;NaN],[32;744;920],8,[NaN;NaN;0],[-177;3973;-773],12,[0;NaN;NaN]},{'A',[147;29;961],14,[-177;24;920],13,0,[324;5;41],4,0},{'M',[-996;246;-773],13,[-249;123;5],11,[2;1;NaN],[-177;3973;-773],12,[NaN;NaN;0]},{'M',[1;-19;-96],7,[1;1;1],0,[0;NaN;NaN],[71;16;-3],4,[NaN;NaN;5],[129;-19;-4],6,[NaN;0;NaN]},{'A',[-997;265;-677],14,[-996;246;-773],13,0,[-1;19;96],7,0},{'M',[-30;-742;-773],13,[-30;-742;922],9,[0;0;NaN],[-177;3973;-773],12,[NaN;NaN;0]},{'O',[30;742;773],13,[30;742;773],13,0},{'M',[147;265;961],15,[147;29;961],14,[0;NaN;0],[-997;265;-677],14,[NaN;0;NaN]},{'O',[147;265;961],15,[147;265;961],15,0},{'M',[-997;-24;-768],15,[71;16;-3],4,[NaN;NaN;8],[395;-24;104],6,[NaN;0;NaN],[-997;265;-677],14,[0;NaN;NaN]},{'O',[997;24;768],15,[997;24;768],15,0},{'M',[-708;-152;-677],15,[129;-19;-4],6,[NaN;3;NaN],[-177;3973;-773],12,[2;NaN;NaN],[-997;265;-677],14,[NaN;NaN;0]},{'O',[708;152;677],15,[708;152;677],15,0},{'M',[395;123;41],12,[324;-5;41],4,[NaN;NaN;0],[395;-24;104],6,[0;NaN;NaN],[-249;123;5],11,[NaN;0;NaN]},{'O',[395;123;41],12,[395;123;41],12,0}}
Adder graph: {{'M',[16;16;1],1,[1;1;1],0,[4;4;0]},{'M',[2;1;2],1,[1;1;1],0,[1;0;1]},{'A',[24;20;9],2,[16;16;1],1,0,[2;1;2],1,2},{'M',[16;1;16],1,[1;1;1],0,[4;0;4]},{'M',[24;8;4],3,[1;1;1],0,[NaN;3;2],[24;20;9],2,[0;NaN;NaN]},{'A',[-704;260;192],4,[16;1;16],1,2,[-24;8;4],3,5},{'M',[1;1;192],5,[1;1;1],0,[0;0;NaN],[-704;260;192],4,[NaN;NaN;0]},{'A',[3;5;769],6,[1;1;192],5,2,[-1;1;1],0,0},{'M',[1;80;1],7,[1;1;1],0,[0;NaN;0],[3;5;769],6,[NaN;4;NaN]},{'M',[-704;260;576],5,[24;20;9],2,[NaN;NaN;6],[-704;260;192],4,[0;0;NaN]},{'A',[2832;240;2320],8,[1;80;1],7,4,[704;-260;576],5,2},{'M',[2;240;2320],9,[1;1;1],0,[1;NaN;NaN],[2832;240;2320],8,[NaN;0;0]},{'M',[192;1;9],7,[1;1;1],0,[NaN;0;NaN],[24;20;9],2,[NaN;NaN;0],[3;5;769],6,[6;NaN;NaN]},{'A',[196;479;4631],10,[2;240;2320],9,1,[192;-1;-9],7,0},{'M',[3;128;4631],11,[1;1;1],0,[NaN;7;NaN],[3;5;769],6,[0;NaN;NaN],[196;479;4631],10,[NaN;NaN;0]},{'M',[392;5;769],11,[3;5;769],6,[NaN;0;0],[196;479;4631],10,[1;NaN;NaN]},{'A',[395;123;5400],12,[3;128;4631],11,0,[392;-5;769],11,0},{'M',[24;40;2320],9,[3;5;769],6,[3;3;NaN],[2832;240;2320],8,[NaN;NaN;0]},{'M',[3;256;2304],7,[1;1;1],0,[NaN;8;NaN],[24;20;9],2,[NaN;NaN;8],[3;5;769],6,[0;NaN;NaN]},{'A',[27;-216;16],10,[24;40;2320],9,0,[3;-256;-2304],7,0},{'M',[1024;20;9],3,[1;1;1],0,[10;NaN;NaN],[24;20;9],2,[NaN;0;0]},{'M',[27;1;32],11,[1;1;1],0,[NaN;0;NaN],[27;-216;16],10,[0;NaN;1]},{'A',[997;19;41],12,[1024;20;9],3,0,[-27;-1;32],11,0},{'M',[2832;-216;16],11,[2832;240;2320],8,[0;NaN;NaN],[27;-216;16],10,[NaN;0;0]},{'M',[2832;240;5400],13,[2832;240;2320],8,[0;0;NaN],[395;123;5400],12,[NaN;NaN;0]},{'A',[708;3;677],14,[2832;-216;16],11,-3,[2832;240;5400],13,-3},{'M',[3;958;769],11,[3;5;769],6,[0;NaN;0],[196;479;4631],10,[NaN;1;NaN]},{'M',[27;-216;4],11,[1;1;1],0,[NaN;NaN;2],[27;-216;16],10,[0;0;NaN]},{'A',[30;742;773],12,[3;958;769],11,0,[27;-216;4],11,0},{'M',[27;5;769],11,[3;5;769],6,[NaN;0;0],[27;-216;16],10,[0;NaN;NaN]},{'M',[120;260;192],13,[-704;260;192],4,[NaN;0;0],[30;742;773],12,[2;NaN;NaN]},{'A',[147;265;961],14,[27;5;769],11,0,[120;260;192],13,0},{'O',[30;742;773],12,[30;742;773],12,0},{'O',[147;265;961],14,[147;265;961],14,0},{'M',[997;24;768],15,[-704;260;192],4,[NaN;NaN;2],[997;19;41],12,[0;NaN;NaN],[708;3;677],14,[NaN;3;NaN]},{'O',[997;24;768],15,[997;24;768],15,0},{'M',[708;152;677],15,[997;19;41],12,[NaN;3;NaN],[708;3;677],14,[0;NaN;0]},{'O',[708;152;677],15,[708;152;677],15,0},{'M',[395;123;41],13,[395;123;5400],12,[0;0;NaN],[997;19;41],12,[NaN;NaN;0]},{'O',[395;123;41],13,[395;123;41],13,0}}
Adder graph: {{'M',[32;1;1],1,[1;1;1],0,[5;0;0]},{'A',[-96;-3;-3],2,[32;1;1],1,0,[-32;-1;-1],1,2},{'M',[4;-3;1],3,[1;1;1],0,[2;NaN;0],[-96;-3;-3],2,[NaN;0;NaN]},{'A',[-15;-11;5],4,[1;1;1],0,0,[-4;-3;1],3,2},{'M',[-15;4;5],5,[1;1;1],0,[NaN;2;NaN],[-15;-11;5],4,[0;NaN;0]},{'M',[-15;-11;2],5,[1;1;1],0,[NaN;NaN;1],[-15;-11;5],4,[0;0;NaN]},{'A',[-45;19;12],6,[-15;4;5],5,1,[-15;11;2],5,0},{'M',[-45;19;256],7,[1;1;1],0,[NaN;NaN;8],[-45;19;12],6,[0;0;NaN]},{'M',[-192;1;-6],3,[1;1;1],0,[NaN;0;NaN],[-96;-3;-3],2,[1;NaN;1]},{'A',[147;20;262],8,[-45;19;256],7,0,[192;1;6],3,0},{'M',[147;-352;160],9,[-15;-11;5],4,[NaN;5;5],[147;20;262],8,[0;NaN;NaN]},{'M',[1176;19;512],9,[1;1;1],0,[NaN;NaN;9],[-45;19;12],6,[NaN;0;NaN],[147;20;262],8,[3;NaN;NaN]},{'A',[-1029;-371;672],10,[147;-352;160],9,0,[-1176;-19;512],9,0},{'M',[1;-24;-24],3,[1;1;1],0,[0;NaN;NaN],[-96;-3;-3],2,[NaN;3;3]},{'M',[-1029;-11;5],11,[-15;-11;5],4,[NaN;0;0],[-1029;-371;672],10,[0;NaN;NaN]},{'A',[-997;-779;-773],12,[1;-24;-24],3,5,[-1029;-11;-5],11,0},{'M',[147;-11;-24],9,[-96;-3;-3],2,[NaN;NaN;3],[-15;-11;5],4,[NaN;0;NaN],[147;20;262],8,[0;NaN;NaN]},{'M',[-15;-11;24],7,[-15;-11;5],4,[0;0;NaN],[-45;19;12],6,[NaN;NaN;1]},{'A',[87;33;-120],10,[147;-11;-24],9,0,[-15;11;-24],7,2},{'M',[8;8;1],1,[1;1;1],0,[3;3;0]},{'M',[696;152;-3],11,[-96;-3;-3],2,[NaN;NaN;0],[-45;19;12],6,[NaN;3;NaN],[87;33;-120],10,[3;NaN;NaN]},{'A',[-440;104;29],12,[8;8;1],1,5,[-696;-152;-3],11,0},{'M',[-440;1;1],13,[1;1;1],0,[NaN;0;0],[-440;104;29],12,[0;NaN;NaN]},{'A',[256;265;961],14,[-440;1;1],13,0,[87;33;120],10,3},{'A',[395;123;41],13,[-45;19;12],6,0,[440;104;29],12,0},{'M',[-60;-11;5],5,[-15;-11;5],4,[2;0;0]},{'M',[-768;-371;672],11,[-96;-3;-3],2,[3;NaN;NaN],[-1029;-371;672],10,[NaN;0;0]},{'A',[708;360;677],12,[-60;-11;5],5,0,[768;371;672],11,0},{'M',[-30;-742;-773],13,[-15;-11;5],4,[1;NaN;NaN],[-1029;-371;672],10,[NaN;1;NaN],[-997;-779;-773],12,[NaN;NaN;0]},{'O',[30;742;773],13,[30;742;773],13,0},{'M',[147;265;961],15,[147;20;262],8,[0;NaN;NaN],[256;265;961],14,[NaN;0;0]},{'O',[147;265;961],15,[147;265;961],15,0},{'M',[-997;-24;-768],13,[-96;-3;-3],2,[NaN;3;8],[-997;-779;-773],12,[0;NaN;NaN]},{'O',[997;24;768],13,[997;24;768],13,0},{'M',[708;152;677],13,[-45;19;12],6,[NaN;3;NaN],[708;360;677],12,[0;NaN;0]},{'O',[708;152;677],13,[708;152;677],13,0},{'O',[395;123;41],13,[395;123;41],13,0}}
Adder graph: {{'M',[4;4;1],1,[1;1;1],0,[2;2;0]},{'A',[-15;-15;5],2,[1;1;1],0,0,[-4;-4;1],1,2},{'M',[-15;16;5],3,[1;1;1],0,[NaN;4;NaN],[-15;-15;5],2,[0;NaN;0]},{'M',[1;1;5],3,[1;1;1],0,[0;0;NaN],[-15;-15;5],2,[NaN;NaN;0]},{'A',[-13;18;15],4,[-15;16;5],3,0,[1;1;5],3,1},{'M',[-104;2;15],5,[1;1;1],0,[NaN;1;NaN],[-13;18;15],4,[3;NaN;0]},{'M',[1;1024;1],1,[1;1;1],0,[0;10;0]},{'A',[-103;-1022;14],6,[-104;2;15],5,0,[1;-1024;-1],1,0},{'M',[64;1;64],1,[1;1;1],0,[6;0;6]},{'M',[-13;18;160],5,[-15;-15;5],2,[NaN;NaN;5],[-13;18;15],4,[0;0;NaN]},{'A',[51;19;-96],6,[64;1;64],1,0,[-13;18;-160],5,0},{'M',[1;8;15],5,[1;1;1],0,[0;3;NaN],[-13;18;15],4,[NaN;NaN;0]},{'M',[-13;18;1],5,[1;1;1],0,[NaN;NaN;0],[-13;18;15],4,[0;0;NaN]},{'A',[-207;-280;31],6,[1;8;15],5,0,[-13;-18;1],5,4},{'A',[-13;54;45],5,[-13;18;15],4,1,[13;18;15],4,0},{'M',[51;-30;-96],7,[-15;-15;5],2,[NaN;1;NaN],[51;19;-96],6,[0;NaN;0]},{'M',[-13;18;5],5,[-15;-15;5],2,[NaN;NaN;0],[-13;18;15],4,[0;0;NaN]},{'A',[395;-222;-773],8,[51;-30;-96],7,3,[-13;18;-5],5,0},{'M',[-60;-15;992],7,[-15;-15;5],2,[2;0;NaN],[-207;-280;31],6,[NaN;NaN;5]},{'A',[147;265;961],8,[-60;-15;992],7,0,[207;280;-31],6,0},{'M',[395;128;5],9,[1;1;1],0,[NaN;7;NaN],[-15;-15;5],2,[NaN;NaN;0],[395;-222;-773],8,[0;NaN;NaN]},{'A',[-997;-24;41],10,[-207;-280;31],6,0,[-395;128;5],9,1},{'M',[-416;-280;31],7,[-207;-280;31],6,[NaN;0;0],[-13;54;45],5,[5;NaN;NaN]},{'A',[313;-742;45],8,[-103;-1022;14],6,0,[416;280;31],7,0},{'M',[313;108;-96],9,[51;19;-96],6,[NaN;NaN;0],[-13;54;45],5,[NaN;1;NaN],[313;-742;45],8,[0;NaN;NaN]},{'M',[395;-15;-773],9,[-15;-15;5],2,[NaN;0;NaN],[395;-222;-773],8,[0;NaN;0]},{'A',[708;123;677],10,[313;108;-96],9,0,[395;15;773],9,0},{'M',[-30;-742;-773],9,[-15;-15;5],2,[1;NaN;NaN],[395;-222;-773],8,[NaN;NaN;0],[313;-742;45],8,[NaN;0;NaN]},{'O',[30;742;773],9,[30;742;773],9,0},{'O',[147;265;961],8,[147;265;961],8,0},{'M',[-997;-24;-768],11,[51;19;-96],6,[NaN;NaN;3],[-997;-24;41],10,[0;0;NaN]},{'O',[997;24;768],11,[997;24;768],11,0},{'M',[708;152;677],11,[51;19;-96],6,[NaN;3;NaN],[708;123;677],10,[0;NaN;0]},{'O',[708;152;677],11,[708;152;677],11,0},{'M',[395;123;41],11,[395;-222;-773],8,[0;NaN;NaN],[-997;-24;41],10,[NaN;NaN;0],[708;123;677],10,[NaN;0;NaN]},{'O',[395;123;41],11,[395;123;41],11,0}}
Adder graph: {{'A',[-24;40;-24],1,[1;1;1],0,3,[-1;1;-1],0,5},{'M',[32;2;-24],2,[1;1;1],0,[5;1;NaN],[-24;40;-24],1,[NaN;NaN;0]},{'A',[129;-7;97],3,[1;1;1],0,0,[32;-2;24],2,2},{'M',[129;64;64],4,[1;1;1],0,[NaN;6;6],[129;-7;97],3,[0;NaN;NaN]},{'M',[64;40;64],2,[1;1;1],0,[6;NaN;6],[-24;40;-24],1,[NaN;0;NaN]},{'A',[193;24;128],5,[129;64;64],4,0,[64;-40;64],2,0},{'M',[-24;80;-24],2,[-24;40;-24],1,[0;1;0]},{'A',[25;-79;25],3,[1;1;1],0,0,[24;-80;24],2,0},{'M',[193;80;128],6,[-24;40;-24],1,[NaN;1;NaN],[193;24;128],5,[0;NaN;0]},{'M',[400;-7;97],4,[129;-7;97],3,[NaN;0;0],[25;-79;25],3,[4;NaN;NaN]},{'A',[-207;73;31],7,[193;80;128],6,0,[-400;-7;-97],4,0},{'M',[193;4;4],6,[1;1;1],0,[NaN;2;2],[193;24;128],5,[0;NaN;NaN]},{'M',[-828;73;31],8,[-207;73;31],7,[2;0;0]},{'A',[1021;-69;-27],9,[193;4;4],6,0,[828;-73;-31],8,0},{'M',[1021;-112;-27],10,[129;-7;97],3,[NaN;4;NaN],[1021;-69;-27],9,[0;NaN;0]},{'A',[997;152;3],11,[-24;40;-24],1,0,[1021;112;27],10,0},{'M',[4;73;4],8,[1;1;1],0,[2;NaN;2],[-207;73;31],7,[NaN;0;NaN]},{'M',[1;-79;25],4,[1;1;1],0,[0;NaN;NaN],[25;-79;25],3,[NaN;0;0]},{'A',[15;371;41],9,[4;73;4],8,2,[-1;79;25],4,0},{'M',[15;584;248],10,[-207;73;31],7,[NaN;3;3],[15;371;41],9,[0;NaN;NaN]},{'A',[-147;-2263;-961],11,[-207;73;31],7,0,[15;-584;-248],10,2},{'M',[15;-316;100],10,[25;-79;25],3,[NaN;2;2],[15;371;41],9,[0;NaN;NaN]},{'M',[-588;-2263;-27],12,[1021;-69;-27],9,[NaN;NaN;0],[-147;-2263;-961],11,[2;0;NaN]},{'A',[708;-265;773],13,[15;-316;100],10,3,[588;2263;-27],12,0},{'M',[1416;192;773],14,[193;24;128],5,[NaN;3;NaN],[708;-265;773],13,[1;NaN;0]},{'M',[1021;-69;96],12,[1021;-69;-27],9,[0;0;NaN],[997;152;3],11,[NaN;NaN;5]},{'A',[395;123;677],15,[1416;192;773],14,0,[-1021;-69;-96],12,0},{'M',[30;742;773],14,[15;371;41],9,[1;1;NaN],[708;-265;773],13,[NaN;NaN;0]},{'O',[30;742;773],14,[30;742;773],14,0},{'M',[-147;-265;-961],14,[-147;-2263;-961],11,[0;NaN;0],[708;-265;773],13,[NaN;0;NaN]},{'O',[147;265;961],14,[147;265;961],14,0},{'M',[997;24;768],12,[193;24;128],5,[NaN;0;NaN],[997;152;3],11,[0;NaN;8]},{'O',[997;24;768],12,[997;24;768],12,0},{'M',[708;152;677],16,[997;152;3],11,[NaN;0;NaN],[708;-265;773],13,[0;NaN;NaN],[395;123;677],15,[NaN;NaN;0]},{'O',[708;152;677],16,[708;152;677],16,0},{'M',[395;123;41],16,[15;371;41],9,[NaN;NaN;0],[395;123;677],15,[0;0;NaN]},{'O',[395;123;41],16,[395;123;41],16,0}}
Adder graph: {{'M',[8;1;1],1,[1;1;1],0,[3;0;0]},{'A',[33;-3;-3],2,[1;1;1],0,0,[8;-1;-1],1,2},{'M',[33;32;32],3,[1;1;1],0,[NaN;5;5],[33;-3;-3],2,[0;NaN;NaN]},{'M',[8;1;8],1,[1;1;1],0,[3;0;3]},{'A',[50;62;48],4,[33;32;32],3,1,[-8;-1;-8],1,1},{'M',[16;4;48],5,[1;1;1],0,[4;2;NaN],[50;62;48],4,[NaN;NaN;0]},{'A',[30;6;94],6,[16;4;48],5,1,[-1;-1;-1],0,1},{'M',[1;62;48],5,[1;1;1],0,[0;NaN;NaN],[50;62;48],4,[NaN;0;0]},{'A',[3;-123;97],6,[1;1;1],0,0,[1;-62;48],5,1},{'M',[30;64;94],7,[1;1;1],0,[NaN;6;NaN],[30;6;94],6,[0;NaN;0]},{'M',[96;-3;-3],7,[33;-3;-3],2,[NaN;0;0],[3;-123;97],6,[5;NaN;NaN]},{'A',[-354;76;82],8,[30;64;94],7,0,[-96;3;-3],7,2},{'M',[3;-3;-12],7,[33;-3;-3],2,[NaN;0;2],[3;-123;97],6,[0;NaN;NaN]},{'A',[797;995;780],8,[50;62;48],4,4,[-3;3;12],7,0},{'M',[200;256;82],9,[1;1;1],0,[NaN;8;NaN],[50;62;48],4,[2;NaN;NaN],[-354;76;82],8,[NaN;NaN;0]},{'M',[797;-3;780],9,[33;-3;-3],2,[NaN;0;NaN],[797;995;780],8,[0;NaN;0]},{'A',[997;253;862],10,[200;256;82],9,0,[797;-3;780],9,0},{'M',[33;152;776],9,[33;-3;-3],2,[0;NaN;NaN],[3;-123;97],6,[NaN;NaN;3],[-354;76;82],8,[NaN;1;NaN]},{'M',[120;24;-3],7,[33;-3;-3],2,[NaN;NaN;0],[30;6;94],6,[2;2;NaN]},{'A',[-87;176;773],10,[33;152;776],9,0,[-120;24;-3],7,0},{'M',[60;12;48],7,[50;62;48],4,[NaN;NaN;0],[30;6;94],6,[1;1;NaN]},{'A',[207;-152;-677],11,[60;12;48],7,1,[87;-176;-773],10,0},{'M',[207;995;780],12,[797;995;780],8,[NaN;0;0],[207;-152;-677],11,[0;NaN;NaN]},{'A',[-395;371;-41],13,[207;995;780],12,-1,[-997;-253;-862],10,-1},{'M',[-87;253;773],11,[997;253;862],10,[NaN;0;NaN],[-87;176;773],10,[0;NaN;0]},{'A',[147;265;961],12,[30;6;94],6,1,[87;253;773],11,0},{'M',[30;742;773],14,[30;6;94],6,[0;NaN;NaN],[-87;176;773],10,[NaN;NaN;0],[-395;371;-41],13,[NaN;1;NaN]},{'O',[30;742;773],14,[30;742;773],14,0},{'O',[147;265;961],12,[147;265;961],12,0},{'M',[997;24;768],11,[50;62;48],4,[NaN;NaN;4],[30;6;94],6,[NaN;2;NaN],[997;253;862],10,[0;NaN;NaN]},{'O',[997;24;768],11,[997;24;768],11,0},{'M',[-708;-152;-677],12,[-354;76;82],8,[1;NaN;NaN],[207;-152;-677],11,[NaN;0;0]},{'O',[708;152;677],12,[708;152;677],12,0},{'M',[-395;-123;-41],14,[3;-123;97],6,[NaN;0;NaN],[-395;371;-41],13,[0;NaN;0]},{'O',[395;123;41],14,[395;123;41],14,0}}
Adder graph: {{'M',[4;1;1],1,[1;1;1],0,[2;0;0]},{'A',[257;63;65],2,[4;1;1],1,6,[1;-1;1],0,0},{'M',[32;1;1],1,[1;1;1],0,[5;0;0]},{'M',[1;1;16],1,[1;1;1],0,[0;0;4]},{'A',[31;2;17],2,[32;1;1],1,0,[-1;1;16],1,0},{'M',[514;2;1],3,[1;1;1],0,[NaN;1;0],[257;63;65],2,[1;NaN;NaN]},{'A',[-997;6;15],4,[31;2;17],2,0,[-514;2;-1],3,1},{'M',[16;16;15],5,[1;1;1],0,[4;4;NaN],[-997;6;15],4,[NaN;NaN;0]},{'M',[1;1;4],1,[1;1;1],0,[0;0;2]},{'A',[17;15;11],6,[16;16;15],5,0,[1;-1;-4],1,0},{'M',[257;63;704],7,[257;63;65],2,[0;0;NaN],[17;15;11],6,[NaN;NaN;6]},{'A',[-189;-3;-660],8,[17;15;11],6,2,[-257;-63;-704],7,0},{'M',[31;2;960],5,[31;2;17],2,[0;0;NaN],[-997;6;15],4,[NaN;NaN;6]},{'A',[30;3;961],6,[31;2;960],5,0,[-1;1;1],0,0},{'M',[31;2;4],3,[1;1;1],0,[NaN;NaN;2],[31;2;17],2,[0;0;NaN]},{'A',[45;19;-3],7,[31;2;4],3,1,[-17;15;-11],6,0},{'M',[8;8;17],3,[1;1;1],0,[3;3;NaN],[31;2;17],2,[NaN;NaN;0]},{'M',[-189;126;-660],9,[257;63;65],2,[NaN;1;NaN],[-189;-3;-660],8,[0;NaN;0]},{'A',[-181;134;677],10,[8;8;17],3,0,[-189;126;660],9,0},{'M',[17;304;-48],8,[17;15;11],6,[0;NaN;NaN],[45;19;-3],7,[NaN;4;4]},{'A',[-147;742;773],11,[-181;134;677],10,0,[17;304;48],8,1},{'M',[62;15;11],7,[31;2;17],2,[1;NaN;NaN],[17;15;11],6,[NaN;0;0]},{'M',[-147;63;-3],12,[257;63;65],2,[NaN;0;NaN],[45;19;-3],7,[NaN;NaN;0],[-147;742;773],11,[0;NaN;NaN]},{'A',[395;123;41],13,[62;15;11],7,2,[147;63;-3],12,0},{'M',[-147;268;1922],12,[30;3;961],6,[NaN;NaN;1],[-181;134;677],10,[NaN;1;NaN],[-147;742;773],11,[0;NaN;NaN]},{'A',[177;-265;-961],13,[30;3;961],6,0,[147;-268;-1922],12,0},{'M',[30;742;773],12,[30;3;961],6,[0;NaN;NaN],[-147;742;773],11,[NaN;0;0]},{'O',[30;742;773],12,[30;742;773],12,0},{'M',[-147;-265;-961],14,[-147;742;773],11,[0;NaN;NaN],[177;-265;-961],13,[NaN;0;0]},{'O',[147;265;961],14,[147;265;961],14,0},{'M',[-997;-24;-768],9,[-997;6;15],4,[0;NaN;NaN],[-189;-3;-660],8,[NaN;3;NaN],[45;19;-3],7,[NaN;NaN;8]},{'O',[997;24;768],9,[997;24;768],9,0},{'M',[708;152;677],14,[45;19;-3],7,[NaN;3;NaN],[-181;134;677],10,[NaN;NaN;0],[177;-265;-961],13,[2;NaN;NaN]},{'O',[708;152;677],14,[708;152;677],14,0},{'O',[395;123;41],13,[395;123;41],13,0}}
Adder graph: {{'A',[3;3;1],1,[1;1;1],0,1,[1;1;-1],0,0},{'M',[8;1;1],1,[1;1;1],0,[3;0;0]},{'A',[33;5;5],2,[8;1;1],1,2,[1;1;1],0,0},{'M',[132;20;1],3,[1;1;1],0,[NaN;NaN;0],[33;5;5],2,[2;2;NaN]},{'M',[1;1;128],1,[1;1;1],0,[0;0;7]},{'A',[131;21;-127],4,[132;20;1],3,0,[-1;1;-128],1,0},{'M',[33;16;5],3,[1;1;1],0,[NaN;4;NaN],[33;5;5],2,[0;NaN;0]},{'M',[131;5;1],5,[3;3;1],1,[NaN;NaN;0],[33;5;5],2,[NaN;0;NaN],[131;21;-127],4,[0;NaN;NaN]},{'A',[395;123;41],6,[33;16;5],3,3,[131;-5;1],5,0},{'M',[6;21;2],5,[3;3;1],1,[1;NaN;1],[131;21;-127],4,[NaN;0;NaN]},{'M',[1;1;32],1,[1;1;1],0,[0;0;5]},{'A',[22;37;514],6,[6;21;2],5,0,[1;1;32],1,4},{'M',[128;3;1],2,[1;1;1],0,[7;NaN;NaN],[3;3;1],1,[NaN;0;0]},{'A',[991;19;3],3,[128;3;1],2,3,[-33;-5;-5],2,0},{'M',[991;19;1028],7,[22;37;514],6,[NaN;NaN;1],[991;19;3],3,[0;0;NaN]},{'M',[3;6;656],7,[3;3;1],1,[0;1;NaN],[395;123;41],6,[NaN;NaN;4]},{'A',[997;31;-284],8,[991;19;1028],7,0,[3;6;-656],7,1},{'M',[22;37;96],7,[22;37;514],6,[0;0;NaN],[991;19;3],3,[NaN;NaN;5]},{'M',[32;5;5],3,[1;1;1],0,[5;NaN;NaN],[33;5;5],2,[NaN;0;0]},{'A',[144;301;773],8,[22;37;96],7,3,[-32;5;5],3,0},{'M',[1;42;-254],5,[1;1;1],0,[0;NaN;NaN],[131;21;-127],4,[NaN;1;1]},{'M',[1;301;773],9,[1;1;1],0,[0;NaN;NaN],[144;301;773],8,[NaN;0;0]},{'A',[30;742;-6582],10,[1;42;-254],5,5,[-1;-301;773],9,1},{'M',[33;5;96],4,[33;5;5],2,[0;0;NaN],[991;19;3],3,[NaN;NaN;5]},{'A',[177;296;677],9,[144;301;773],8,0,[33;-5;-96],4,0},{'M',[30;31;-284],11,[997;31;-284],8,[NaN;0;0],[30;742;-6582],10,[0;NaN;NaN]},{'A',[147;265;961],12,[177;296;677],9,0,[-30;-31;284],11,0},{'M',[30;742;773],11,[144;301;773],8,[NaN;NaN;0],[30;742;-6582],10,[0;0;NaN]},{'O',[30;742;773],11,[30;742;773],11,0},{'O',[147;265;961],12,[147;265;961],12,0},{'M',[997;24;768],9,[3;3;1],1,[NaN;3;NaN],[991;19;3],3,[NaN;NaN;8],[997;31;-284],8,[0;NaN;NaN]},{'O',[997;24;768],9,[997;24;768],9,0},{'M',[708;152;677],10,[991;19;3],3,[NaN;3;NaN],[177;296;677],9,[2;NaN;0]},{'O',[708;152;677],10,[708;152;677],10,0},{'O',[395;123;41],6,[395;123;41],6,0}}
Adder graph: {{'M',[32;1;32],1,[1;1;1],0,[5;0;5]},{'A',[128;66;0],2,[32;1;32],1,1,[1;1;-1],0,6},{'M',[1;8;8],1,[1;1;1],0,[0;3;3]},{'A',[-254;148;16],3,[1;8;8],1,1,[-128;66;0],2,1},{'M',[16;1;16],1,[1;1;1],0,[4;0;4]},{'M',[1;148;16],4,[1;1;1],0,[0;NaN;NaN],[-254;148;16],3,[NaN;0;0]},{'A',[14;-295;48],5,[16;1;16],1,0,[-1;-148;16],4,1},{'M',[-254;148;2],4,[1;1;1],0,[NaN;NaN;1],[-254;148;16],3,[0;0;NaN]},{'M',[112;64;1],6,[1;1;1],0,[NaN;6;0],[14;-295;48],5,[3;NaN;NaN]},{'A',[-396;232;5],7,[-254;148;2],4,1,[112;-64;1],6,0},{'M',[-508;232;32],8,[-254;148;16],3,[1;NaN;1],[-396;232;5],7,[NaN;0;NaN]},{'A',[572;744;480],9,[1;8;8],1,6,[508;232;-32],8,0},{'M',[128;1;1],1,[1;1;1],0,[7;0;0]},{'M',[28;132;48],6,[128;66;0],2,[NaN;1;NaN],[14;-295;48],5,[1;NaN;0]},{'A',[996;-124;-40],7,[128;1;1],1,3,[-28;-132;-48],6,0},{'A',[997;24;56],8,[1;148;16],4,0,[996;-124;40],7,0},{'M',[572;132;480],10,[128;66;0],2,[NaN;1;NaN],[572;744;480],9,[0;NaN;0]},{'M',[997;1;1],9,[1;1;1],0,[NaN;0;0],[997;24;56],8,[0;NaN;NaN]},{'A',[147;265;961],11,[572;132;480],10,1,[-997;1;1],9,0},{'M',[28;744;5],10,[14;-295;48],5,[1;NaN;NaN],[-396;232;5],7,[NaN;NaN;0],[572;744;480],9,[NaN;0;NaN]},{'M',[1;1;384],6,[1;1;1],0,[0;0;NaN],[14;-295;48],5,[NaN;NaN;3]},{'A',[30;742;773],11,[28;744;5],10,0,[1;-1;384],6,1},{'M',[-396;-124;-40],8,[-396;232;5],7,[0;NaN;NaN],[996;-124;-40],7,[NaN;0;0]},{'A',[-395;-123;-41],9,[-396;-124;-40],8,0,[1;1;-1],0,0},{'M',[-1580;742;773],12,[30;742;773],11,[NaN;0;0],[-395;-123;-41],9,[2;NaN;NaN]},{'M',[1144;-295;48],10,[14;-295;48],5,[NaN;0;0],[572;744;480],9,[1;NaN;NaN]},{'A',[708;152;677],13,[-1580;742;773],12,0,[1144;-295;-48],10,1},{'O',[30;742;773],11,[30;742;773],11,0},{'O',[147;265;961],11,[147;265;961],11,0},{'M',[997;24;768],9,[14;-295;48],5,[NaN;NaN;4],[997;24;56],8,[0;0;NaN]},{'O',[997;24;768],9,[997;24;768],9,0},{'O',[708;152;677],13,[708;152;677],13,0},{'O',[395;123;41],9,[395;123;41],9,0}}
Adder graph: {{'A',[3;-1;-1],1,[1;1;1],0,0,[1;-1;-1],0,1},{'M',[768;-1;-256],2,[3;-1;-1],1,[8;0;8]},{'A',[1537;-1;-513],3,[768;-1;-256],2,1,[1;1;-1],0,0},{'M',[1;-2;1],2,[1;1;1],0,[0;NaN;0],[3;-1;-1],1,[NaN;1;NaN]},{'A',[-15;33;-15],3,[1;1;1],0,0,[-1;2;-1],2,4},{'M',[3;32;-1],2,[1;1;1],0,[NaN;5;NaN],[3;-1;-1],1,[0;NaN;0]},{'A',[15;129;-3],3,[3;32;-1],2,2,[3;1;1],1,0},{'M',[3;132;16],4,[1;1;1],0,[NaN;NaN;4],[3;-1;-1],1,[0;NaN;NaN],[-15;33;-15],3,[NaN;2;NaN]},{'M',[960;-1;-192],4,[1537;-1;-513],3,[NaN;0;NaN],[15;129;-3],3,[6;NaN;6]},{'A',[1932;526;448],5,[3;132;16],4,2,[960;-1;192],4,1},{'M',[12;33;-4],4,[3;-1;-1],1,[2;NaN;2],[-15;33;-15],3,[NaN;0;NaN]},{'M',[15;258;-6],4,[15;129;-3],3,[0;1;1]},{'A',[111;6;-38],5,[12;33;-4],4,3,[15;-258;-6],4,0},{'M',[-120;6;-38],6,[-15;33;-15],3,[3;NaN;NaN],[111;6;-38],5,[NaN;0;0]},{'A',[-135;-123;-41],7,[-120;6;-38],6,0,[-15;-129;-3],3,0},{'M',[15;526;32],6,[1;1;1],0,[NaN;NaN;5],[15;129;-3],3,[0;NaN;NaN],[1932;526;448],5,[NaN;0;NaN]},{'A',[-177;590;96],7,[15;526;32],6,0,[-3;1;1],1,6},{'M',[-135;-32;-41],8,[3;-1;-1],1,[NaN;5;NaN],[-135;-123;-41],7,[0;NaN;0]},{'M',[1537;24;-513],6,[1537;-1;-513],3,[0;NaN;0],[111;6;-38],5,[NaN;2;NaN]},{'A',[997;-152;-677],9,[-135;-32;-41],8,2,[1537;-24;-513],6,0},{'M',[30;-152;-677],10,[15;129;-3],3,[1;NaN;NaN],[997;-152;-677],9,[NaN;0;0]},{'A',[-147;742;773],11,[-177;590;96],7,0,[30;152;677],10,0},{'M',[1932;264;448],6,[-15;33;-15],3,[NaN;3;NaN],[1932;526;448],5,[0;NaN;0]},{'A',[-395;-265;-961],7,[1537;-1;-513],3,0,[-1932;-264;-448],6,0},{'M',[30;742;773],12,[15;129;-3],3,[1;NaN;NaN],[-147;742;773],11,[NaN;0;0]},{'O',[30;742;773],12,[30;742;773],12,0},{'M',[-147;-265;-961],12,[-147;742;773],11,[0;NaN;NaN],[-395;-265;-961],7,[NaN;0;0]},{'O',[147;265;961],12,[147;265;961],12,0},{'M',[997;24;768],10,[111;6;-38],5,[NaN;2;NaN],[-177;590;96],7,[NaN;NaN;3],[997;-152;-677],9,[0;NaN;NaN]},{'O',[997;24;768],10,[997;24;768],10,0},{'M',[-708;-152;-677],10,[-177;590;96],7,[2;NaN;NaN],[997;-152;-677],9,[NaN;0;0]},{'O',[708;152;677],10,[708;152;677],10,0},{'M',[-395;-123;-41],8,[-135;-123;-41],7,[NaN;0;0],[-395;-265;-961],7,[0;NaN;NaN]},{'O',[395;123;41],8,[395;123;41],8,0}}
Adder graph: {{'A',[-3;-3;5],1,[1;1;1],0,0,[-1;-1;1],0,2},{'M',[1;-6;20],2,[1;1;1],0,[0;NaN;NaN],[-3;-3;5],1,[NaN;1;2]},{'A',[17;97;-319],3,[1;1;1],0,0,[1;6;-20],2,4},{'M',[-12;1;20],2,[1;1;1],0,[NaN;0;NaN],[-3;-3;5],1,[2;NaN;2]},{'A',[189;13;-315],3,[-3;-3;5],1,0,[12;1;-20],2,4},{'M',[189;416;-315],4,[189;13;-315],3,[0;5;0]},{'A',[-237;-464;395],5,[-3;-3;5],1,4,[-189;-416;315],4,0},{'M',[-237;-464;-315],6,[189;13;-315],3,[NaN;NaN;0],[-237;-464;395],5,[0;0;NaN]},{'M',[-96;97;-319],4,[-3;-3;5],1,[5;NaN;NaN],[17;97;-319],3,[NaN;0;0]},{'A',[147;-76;961],7,[-237;-464;-315],6,0,[96;97;319],4,2},{'M',[1;-3;5],2,[1;1;1],0,[0;NaN;NaN],[-3;-3;5],1,[NaN;0;0]},{'M',[147;-96;-319],8,[-3;-3;5],1,[NaN;5;NaN],[17;97;-319],3,[NaN;NaN;0],[147;-76;961],7,[0;NaN;NaN]},{'A',[-286;168;678],9,[1;-3;5],2,3,[-147;96;319],8,1},{'M',[-286;168;2048],10,[1;1;1],0,[NaN;NaN;11],[-286;168;678],9,[0;0;NaN]},{'M',[68;97;-319],4,[17;97;-319],3,[2;0;0]},{'A',[-354;265;1729],11,[-286;168;2048],10,0,[-68;97;-319],4,0},{'M',[-1144;672;1729],12,[-286;168;678],9,[2;2;NaN],[-354;265;1729],11,[NaN;NaN;0]},{'A',[-997;-748;-768],13,[147;-76;961],7,0,[-1144;-672;-1729],12,0},{'M',[189;13;20],4,[-3;-3;5],1,[NaN;NaN;2],[189;13;-315],3,[0;0;NaN]},{'M',[17;97;1],4,[1;1;1],0,[NaN;NaN;0],[17;97;-319],3,[0;0;NaN]},{'A',[395;123;41],5,[189;13;20],4,1,[17;97;1],4,0},{'A',[287;169;-677],10,[1;1;1],0,0,[286;168;-678],9,0},{'M',[-24;-748;-768],14,[-3;-3;5],1,[3;NaN;NaN],[-997;-748;-768],13,[NaN;0;0]},{'M',[-6;-6;5],2,[-3;-3;5],1,[1;1;0]},{'A',[-30;-742;-773],15,[-24;-748;-768],14,0,[-6;6;-5],2,0},{'O',[30;742;773],15,[30;742;773],15,0},{'M',[147;265;961],12,[147;-76;961],7,[0;NaN;0],[-354;265;1729],11,[NaN;0;NaN]},{'O',[147;265;961],12,[147;265;961],12,0},{'M',[-997;-24;-768],14,[-3;-3;5],1,[NaN;3;NaN],[-997;-748;-768],13,[0;NaN;0]},{'O',[997;24;768],14,[997;24;768],14,0},{'M',[-708;-152;-677],12,[147;-76;961],7,[NaN;1;NaN],[-354;265;1729],11,[1;NaN;NaN],[287;169;-677],10,[NaN;NaN;0]},{'O',[708;152;677],12,[708;152;677],12,0},{'O',[395;123;41],5,[395;123;41],5,0}}
Adder graph: {{'M',[1;1;16],1,[1;1;1],0,[0;0;4]},{'A',[3;3;-12],2,[1;1;1],0,2,[-1;-1;-16],1,0},{'M',[3;1;1],3,[1;1;1],0,[NaN;0;0],[3;3;-12],2,[0;NaN;NaN]},{'A',[27;11;-20],4,[3;3;-12],2,0,[3;1;-1],3,3},{'M',[64;11;-20],5,[1;1;1],0,[6;NaN;NaN],[27;11;-20],4,[NaN;0;0]},{'M',[3;3;16],3,[1;1;1],0,[NaN;NaN;4],[3;3;-12],2,[0;0;NaN]},{'A',[112;-37;236],6,[64;11;-20],5,0,[3;-3;16],3,4},{'M',[3;3;944],7,[3;3;-12],2,[0;0;NaN],[112;-37;236],6,[NaN;NaN;2]},{'A',[51;25;-984],8,[27;11;-20],4,1,[-3;3;-944],7,0},{'M',[128;25;128],9,[1;1;1],0,[7;NaN;7],[51;25;-984],8,[NaN;0;NaN]},{'M',[27;176;256],5,[1;1;1],0,[NaN;NaN;8],[27;11;-20],4,[0;4;NaN]},{'A',[997;24;768],10,[128;25;128],9,3,[-27;-176;-256],5,0},{'M',[224;-74;768],11,[112;-37;236],6,[1;1;NaN],[997;24;768],10,[NaN;NaN;0]},{'M',[51;1;1],9,[1;1;1],0,[NaN;0;0],[51;25;-984],8,[0;NaN;NaN]},{'A',[173;-75;769],12,[224;-74;768],11,0,[-51;-1;1],9,0},{'M',[54;25;-984],9,[27;11;-20],4,[1;NaN;NaN],[51;25;-984],8,[NaN;0;0]},{'M',[1;-296;1],7,[1;1;1],0,[0;NaN;0],[112;-37;236],6,[NaN;3;NaN]},{'A',[53;-271;-985],10,[54;25;-984],9,0,[-1;-296;-1],7,0},{'M',[4;-37;4],7,[1;1;1],0,[2;NaN;2],[112;-37;236],6,[NaN;0;NaN]},{'A',[177;38;773],13,[4;-37;4],7,0,[173;75;769],12,0},{'M',[3;88;-12],5,[3;3;-12],2,[0;NaN;0],[27;11;-20],4,[NaN;3;NaN]},{'M',[6;38;773],14,[3;3;-12],2,[1;NaN;NaN],[177;38;773],13,[NaN;0;0]},{'A',[30;742;677],15,[3;88;-12],5,3,[6;38;773],14,0},{'M',[30;-271;-985],16,[53;-271;-985],10,[NaN;0;0],[30;742;677],15,[0;NaN;NaN]},{'M',[177;6;-24],14,[3;3;-12],2,[NaN;1;1],[177;38;773],13,[0;NaN;NaN]},{'A',[-147;-265;-961],17,[30;-271;-985],16,0,[-177;6;24],14,0},{'A',[-395;-123;-41],11,[53;-271;-985],10,0,[-112;37;236],6,2},{'M',[30;742;773],16,[177;38;773],13,[NaN;NaN;0],[30;742;677],15,[0;0;NaN]},{'O',[30;742;773],16,[30;742;773],16,0},{'O',[147;265;961],17,[147;265;961],17,0},{'O',[997;24;768],10,[997;24;768],10,0},{'M',[708;152;677],16,[177;38;773],13,[2;2;NaN],[30;742;677],15,[NaN;NaN;0]},{'O',[708;152;677],16,[708;152;677],16,0},{'O',[395;123;41],11,[395;123;41],11,0}}
Adder graph: {{'M',[1;8;8],1,[1;1;1],0,[0;3;3]},{'A',[1;-6;-6],2,[1;1;1],0,1,[-1;-8;-8],1,0},{'M',[1;2;1],1,[1;1;1],0,[0;1;0]},{'A',[3;2;-2],3,[1;2;1],1,2,[-1;-6;-6],2,0},{'A',[129;129;129],1,[1;1;1],0,7,[1;1;1],0,0},{'A',[11;6;6],4,[1;1;1],0,3,[3;-2;-2],3,0},{'M',[12;8;-2],4,[3;2;-2],3,[2;2;0]},{'M',[516;516;129],2,[129;129;129],1,[2;2;0]},{'A',[-324;-388;-161],5,[12;8;-2],4,4,[-516;-516;-129],2,0},{'M',[192;128;129],4,[3;2;-2],3,[6;6;NaN],[129;129;129],1,[NaN;NaN;0]},{'M',[11;6;-161],6,[11;6;6],4,[0;0;NaN],[-324;-388;-161],5,[NaN;NaN;0]},{'A',[757;518;677],7,[192;128;129],4,2,[-11;6;161],6,0},{'M',[4;2;4],4,[1;1;1],0,[2;NaN;2],[3;2;-2],3,[NaN;0;NaN]},{'A',[15;14;22],5,[4;2;4],4,2,[-1;6;6],2,0},{'M',[129;6;768],5,[129;129;129],1,[0;NaN;NaN],[11;6;6],4,[NaN;0;7]},{'A',[177;38;-800],6,[3;2;-2],3,4,[129;6;-768],5,0},{'M',[384;129;129],4,[3;2;-2],3,[7;NaN;NaN],[129;129;129],1,[NaN;0;0]},{'M',[11;6;88],6,[11;6;6],4,[0;0;NaN],[15;14;22],5,[NaN;NaN;2]},{'A',[395;123;41],7,[384;129;129],4,0,[11;-6;-88],6,0},{'M',[177;123;-800],8,[177;38;-800],6,[0;NaN;0],[395;123;41],7,[NaN;0;NaN]},{'A',[-147;-265;-961],9,[177;123;-800],8,0,[-324;-388;-161],5,0},{'M',[15;14;6],6,[11;6;6],4,[NaN;NaN;0],[15;14;22],5,[0;0;NaN]},{'A',[997;742;773],8,[757;518;677],7,0,[15;14;6],6,4},{'M',[30;742;773],9,[15;14;22],5,[1;NaN;NaN],[997;742;773],8,[NaN;0;0]},{'O',[30;742;773],9,[30;742;773],9,0},{'O',[147;265;961],9,[147;265;961],9,0},{'M',[997;24;768],9,[11;6;6],4,[NaN;2;7],[997;742;773],8,[0;NaN;NaN]},{'O',[997;24;768],9,[997;24;768],9,0},{'M',[708;152;677],8,[757;518;677],7,[NaN;NaN;0],[177;38;-800],6,[2;2;NaN]},{'O',[708;152;677],8,[708;152;677],8,0},{'O',[395;123;41],7,[395;123;41],7,0}}
Adder graph: {{'M',[1;4;1],1,[1;1;1],0,[0;2;0]},{'A',[9;-4;-7],2,[1;4;1],1,0,[1;-1;-1],0,3},{'M',[2;2;1],1,[1;1;1],0,[1;1;0]},{'A',[6;2;5],2,[1;1;1],0,2,[2;-2;1],1,0},{'M',[12;-4;10],3,[9;-4;-7],2,[NaN;0;NaN],[6;2;5],2,[1;NaN;1]},{'A',[11;-5;9],4,[12;-4;10],3,0,[-1;-1;-1],0,0},{'M',[44;-4;36],5,[9;-4;-7],2,[NaN;0;NaN],[11;-5;9],4,[2;NaN;2]},{'A',[244;-124;-188],6,[9;-4;-7],2,5,[-44;4;36],5,0},{'M',[11;-256;-448],5,[9;-4;-7],2,[NaN;6;6],[11;-5;9],4,[0;NaN;NaN]},{'A',[-21;513;897],6,[1;1;1],0,0,[-11;256;448],5,1},{'M',[244;8;8],7,[1;1;1],0,[NaN;3;3],[244;-124;-188],6,[0;NaN;NaN]},{'M',[-21;8;8],7,[1;1;1],0,[NaN;3;3],[-21;513;897],6,[0;NaN;NaN]},{'A',[997;24;24],8,[244;8;8],7,2,[21;-8;-8],7,0},{'M',[12;4;1],3,[1;1;1],0,[NaN;NaN;0],[6;2;5],2,[1;1;NaN]},{'A',[395;123;41],5,[11;-5;9],4,0,[12;4;1],3,5},{'M',[6;2;192],9,[6;2;5],2,[0;0;NaN],[997;24;24],8,[NaN;NaN;3]},{'A',[30;6;773],10,[6;2;192],9,2,[6;-2;5],2,0},{'M',[-84;-124;32],7,[1;1;1],0,[NaN;NaN;5],[244;-124;-188],6,[NaN;0;NaN],[-21;513;897],6,[2;NaN;NaN]},{'A',[147;265;961],8,[-21;513;897],6,0,[84;-124;32],7,1},{'A',[-93;371;-335],7,[395;123;41],5,0,[-244;124;-188],6,1},{'M',[9;2;-7],3,[1;1;1],0,[NaN;1;NaN],[9;-4;-7],2,[0;NaN;0]},{'M',[-93;-20;-335],8,[11;-5;9],4,[NaN;2;NaN],[-93;371;-335],7,[0;NaN;0]},{'A',[-177;-38;-677],9,[9;2;-7],3,0,[-93;-20;-335],8,1},{'M',[30;742;773],11,[30;6;773],10,[0;NaN;0],[-93;371;-335],7,[NaN;1;NaN]},{'O',[30;742;773],11,[30;742;773],11,0},{'O',[147;265;961],8,[147;265;961],8,0},{'M',[997;24;768],9,[997;24;24],8,[0;0;5]},{'O',[997;24;768],9,[997;24;768],9,0},{'M',[-708;-152;-677],10,[-177;-38;-677],9,[2;2;0]},{'O',[708;152;677],10,[708;152;677],10,0},{'O',[395;123;41],5,[395;123;41],5,0}}
Adder graph: {{'A',[1;1;1],1,[1;1;1],0,-1,[1;1;1],0,-1},{'A',[-256;768;768],1,[1;1;1],0,8,[-1;1;1],0,9},{'A',[17;15;15],1,[1;1;1],0,4,[1;-1;-1],0,0},{'M',[16;16;1],2,[1;1;1],1,[4;4;0]},{'A',[20;-12;5],3,[1;1;1],0,2,[16;-16;1],2,0},{'M',[80;1;1],4,[1;1;1],0,[NaN;0;0],[20;-12;5],3,[2;NaN;NaN]},{'A',[-143;13;17],5,[17;15;15],1,0,[-80;-1;1],4,1},{'M',[-286;26;5],6,[20;-12;5],3,[NaN;NaN;0],[-143;13;17],5,[1;1;NaN]},{'A',[30;742;773],7,[-256;768;768],1,0,[286;-26;5],6,0},{'M',[-143;13;32],6,[1;1;1],0,[NaN;NaN;5],[-143;13;17],5,[0;0;NaN]},{'M',[1;30;1],2,[1;1;1],1,[0;NaN;0],[17;15;15],1,[NaN;1;NaN]},{'A',[-139;133;36],7,[-143;13;32],6,0,[1;30;1],2,2},{'M',[256;256;5],4,[1;1;1],1,[8;8;NaN],[20;-12;5],3,[NaN;NaN;0]},{'A',[395;123;41],8,[256;256;5],4,0,[139;-133;36],7,0},{'M',[1;1;20],4,[1;1;1],0,[0;0;NaN],[20;-12;5],3,[NaN;NaN;2]},{'M',[-139;256;256],8,[1;1;1],1,[NaN;8;8],[-139;133;36],7,[0;NaN;NaN]},{'A',[147;264;-96],9,[1;1;20],4,3,[139;256;-256],8,0},{'M',[30;416;773],8,[-143;13;17],5,[NaN;5;NaN],[30;742;773],7,[0;NaN;0]},{'A',[177;152;677],10,[30;416;773],8,0,[147;-264;-96],9,0},{'M',[-1144;1;1],6,[1;1;1],1,[NaN;0;0],[-143;13;17],5,[3;NaN;NaN]},{'M',[147;264;960],10,[17;15;15],1,[NaN;NaN;6],[147;264;-96],9,[0;0;NaN]},{'A',[-997;265;961],11,[-1144;1;1],6,0,[147;264;960],10,0},{'O',[30;742;773],7,[30;742;773],7,0},{'M',[147;265;961],12,[147;264;-96],9,[0;NaN;NaN],[-997;265;961],11,[NaN;0;0]},{'O',[147;265;961],12,[147;265;961],12,0},{'M',[-997;-24;-768],12,[20;-12;5],3,[NaN;1;NaN],[147;264;-96],9,[NaN;NaN;3],[-997;265;961],11,[0;NaN;NaN]},{'O',[997;24;768],12,[997;24;768],12,0},{'M',[708;152;677],11,[177;152;677],10,[2;0;0]},{'O',[708;152;677],11,[708;152;677],11,0},{'O',[395;123;41],8,[395;123;41],8,0}}
Adder graph: {{'A',[5;-3;5],1,[1;1;1],0,0,[1;-1;1],0,2},{'M',[20;1;1],2,[1;1;1],0,[NaN;0;0],[5;-3;5],1,[2;NaN;NaN]},{'A',[-256;48;48],3,[1;1;1],0,6,[-20;-1;-1],2,4},{'A',[6;10;6],2,[1;1;1],0,4,[-5;-3;-5],1,1},{'M',[1;4;4],1,[1;1;1],0,[0;2;2]},{'A',[59;253;261],2,[1;4;4],1,6,[-5;-3;5],1,0},{'M',[256;-192;1],2,[1;1;1],0,[8;NaN;0],[5;-3;5],1,[NaN;6;NaN]},{'A',[513;-383;1],3,[256;-192;1],2,1,[1;1;-1],0,0},{'M',[59;253;20],3,[5;-3;5],1,[NaN;NaN;2],[59;253;261],2,[0;0;NaN]},{'A',[395;123;41],4,[513;-383;1],3,0,[-59;253;20],3,1},{'M',[5;-383;1],4,[5;-3;5],1,[0;NaN;NaN],[513;-383;1],3,[NaN;0;0]},{'A',[15;371;21],5,[5;-3;5],1,2,[-5;383;1],4,0},{'M',[118;10;522],3,[6;10;6],2,[NaN;0;NaN],[59;253;261],2,[1;NaN;1]},{'M',[59;1;1],3,[1;1;1],0,[NaN;0;0],[59;253;261],2,[0;NaN;NaN]},{'A',[177;19;1043],4,[118;10;522],3,1,[-59;-1;-1],3,0},{'M',[15;123;41],6,[395;123;41],4,[NaN;0;0],[15;371;21],5,[0;NaN;NaN]},{'A',[147;265;961],7,[177;19;1043],4,0,[-15;123;-41],6,1},{'M',[480;123;672],6,[395;123;41],4,[NaN;0;NaN],[15;371;21],5,[5;NaN;5]},{'A',[485;120;677],7,[480;123;672],6,0,[5;-3;5],1,0},{'A',[997;24;773],8,[485;120;677],7,0,[256;-48;48],3,1},{'M',[30;742;773],9,[15;371;21],5,[1;1;NaN],[997;24;773],8,[NaN;NaN;0]},{'O',[30;742;773],9,[30;742;773],9,0},{'O',[147;265;961],7,[147;265;961],7,0},{'M',[997;24;768],9,[6;10;6],2,[NaN;NaN;7],[997;24;773],8,[0;0;NaN]},{'O',[997;24;768],9,[997;24;768],9,0},{'M',[708;152;677],8,[177;19;1043],4,[2;3;NaN],[485;120;677],7,[NaN;NaN;0]},{'O',[708;152;677],8,[708;152;677],8,0},{'O',[395;123;41],4,[395;123;41],4,0}}
Adder graph: {{'M',[4;1;1],1,[1;1;1],0,[2;0;0]},{'A',[139264;40960;40960],2,[1;1;1],0,13,[4;1;1],1,15},{'M',[1;2;2],1,[1;1;1],0,[0;1;1]},{'A',[5;9;7],2,[1;2;2],1,2,[1;1;-1],0,0},{'A',[68;20;20],3,[139264;40960;40960],2,-12,[139264;40960;40960],2,-12},{'A',[100;12;12],4,[1;1;1],0,5,[68;-20;-20],3,0},{'A',[31;33;31],1,[1;1;1],0,5,[-1;1;-1],0,0},{'M',[100;33;12],5,[100;12;12],4,[0;NaN;0],[31;33;31],1,[NaN;0;NaN]},{'A',[-395;-123;-41],6,[5;9;7],2,0,[-100;-33;-12],5,2},{'A',[117;389;-553],7,[-395;-123;-41],6,0,[1;1;-1],0,9},{'M',[5;9;-328],7,[5;9;7],2,[0;0;NaN],[-395;-123;-41],6,[NaN;NaN;3]},{'A',[15;9;-663],8,[5;9;-328],7,1,[5;-9;-7],2,0},{'A',[147;371;773],9,[117;389;-553],7,0,[15;-9;663],8,1},{'M',[160;33;31],3,[5;9;7],2,[5;NaN;NaN],[31;33;31],1,[NaN;0;0]},{'M',[68;20;-553],8,[68;20;20],3,[0;0;NaN],[117;389;-553],7,[NaN;NaN;0]},{'A',[708;152;677],9,[160;33;31],3,2,[68;20;553],8,0},{'M',[31;8;31],2,[1;1;1],0,[NaN;3;NaN],[31;33;31],1,[0;NaN;0]},{'M',[5;9;31],3,[5;9;7],2,[0;0;NaN],[31;33;31],1,[NaN;NaN;0]},{'A',[997;265;961],4,[31;8;31],2,5,[5;9;-31],3,0},{'M',[30;742;773],10,[15;9;-663],8,[1;NaN;NaN],[147;371;773],9,[NaN;1;0]},{'O',[30;742;773],10,[30;742;773],10,0},{'M',[147;265;961],10,[147;371;773],9,[0;NaN;NaN],[997;265;961],4,[NaN;0;0]},{'O',[147;265;961],10,[147;265;961],10,0},{'M',[997;24;768],5,[100;12;12],4,[NaN;1;6],[997;265;961],4,[0;NaN;NaN]},{'O',[997;24;768],5,[997;24;768],5,0},{'O',[708;152;677],9,[708;152;677],9,0},{'O',[395;123;41],6,[395;123;41],6,0}}
Adder graph: {{'A',[6;2;6],1,[1;1;1],0,2,[1;-1;1],0,1},{'A',[5;3;3],1,[1;1;1],0,2,[1;-1;-1],0,0},{'A',[39;25;25],2,[5;3;3],1,3,[-1;1;1],0,0},{'A',[27;29;13],3,[39;25;25],2,0,[-6;2;-6],1,1},{'A',[29;11;27],2,[6;2;6],1,2,[5;3;3],1,0},{'A',[997;1053;1011],4,[1;1;1],0,10,[-27;29;-13],3,0},{'M',[1;800;800],3,[1;1;1],0,[0;NaN;NaN],[39;25;25],2,[NaN;5;5]},{'M',[29;58;27],4,[27;29;13],3,[NaN;1;NaN],[29;11;27],2,[0;NaN;0]},{'A',[30;742;773],5,[1;800;800],3,0,[29;-58;-27],4,0},{'M',[192;64;773],6,[6;2;6],1,[5;5;NaN],[30;742;773],5,[NaN;NaN;0]},{'M',[29;11;12],3,[5;3;3],1,[NaN;NaN;2],[29;11;27],2,[0;0;NaN]},{'A',[424;152;677],7,[192;64;773],6,0,[29;11;-12],3,3},{'M',[216;1;104],4,[1;1;1],0,[NaN;0;NaN],[27;29;13],3,[3;NaN;3]},{'M',[39;29;13],4,[39;25;25],2,[0;NaN;NaN],[27;29;13],3,[NaN;0;0]},{'A',[177;30;117],5,[216;1;104],4,0,[-39;29;13],4,0},{'M',[424;152;54],8,[29;11;27],2,[NaN;NaN;1],[424;152;677],7,[0;0;NaN]},{'M',[29;29;13],4,[27;29;13],3,[NaN;0;0],[29;11;27],2,[0;NaN;NaN]},{'A',[395;123;41],9,[424;152;54],8,0,[-29;-29;-13],4,0},{'M',[27;60;234],6,[27;29;13],3,[0;NaN;NaN],[177;30;117],5,[NaN;1;1]},{'A',[147;265;961],7,[27;60;234],6,2,[39;25;25],2,0},{'O',[30;742;773],5,[30;742;773],5,0},{'O',[147;265;961],7,[147;265;961],7,0},{'M',[997;24;768],5,[6;2;6],1,[NaN;NaN;7],[5;3;3],1,[NaN;3;NaN],[997;1053;1011],4,[0;NaN;NaN]},{'O',[997;24;768],5,[997;24;768],5,0},{'M',[708;152;677],8,[424;152;677],7,[NaN;0;0],[177;30;117],5,[2;NaN;NaN]},{'O',[708;152;677],8,[708;152;677],8,0},{'O',[395;123;41],9,[395;123;41],9,0}}
Finished solving after 259187 seconds
Adder graph: {{'A',[6;2;6],1,[1;1;1],0,2,[1;-1;1],0,1},{'A',[5;3;3],1,[1;1;1],0,2,[1;-1;-1],0,0},{'A',[39;25;25],2,[5;3;3],1,3,[-1;1;1],0,0},{'A',[27;29;13],3,[39;25;25],2,0,[-6;2;-6],1,1},{'A',[29;11;27],2,[6;2;6],1,2,[5;3;3],1,0},{'A',[997;1053;1011],4,[1;1;1],0,10,[-27;29;-13],3,0},{'M',[1;800;800],3,[1;1;1],0,[0;NaN;NaN],[39;25;25],2,[NaN;5;5]},{'M',[29;58;27],4,[27;29;13],3,[NaN;1;NaN],[29;11;27],2,[0;NaN;0]},{'A',[30;742;773],5,[1;800;800],3,0,[29;-58;-27],4,0},{'M',[192;64;773],6,[6;2;6],1,[5;5;NaN],[30;742;773],5,[NaN;NaN;0]},{'M',[29;11;12],3,[5;3;3],1,[NaN;NaN;2],[29;11;27],2,[0;0;NaN]},{'A',[424;152;677],7,[192;64;773],6,0,[29;11;-12],3,3},{'M',[216;1;104],4,[1;1;1],0,[NaN;0;NaN],[27;29;13],3,[3;NaN;3]},{'M',[39;29;13],4,[39;25;25],2,[0;NaN;NaN],[27;29;13],3,[NaN;0;0]},{'A',[177;30;117],5,[216;1;104],4,0,[-39;29;13],4,0},{'M',[424;152;54],8,[29;11;27],2,[NaN;NaN;1],[424;152;677],7,[0;0;NaN]},{'M',[29;29;13],4,[27;29;13],3,[NaN;0;0],[29;11;27],2,[0;NaN;NaN]},{'A',[395;123;41],9,[424;152;54],8,0,[-29;-29;-13],4,0},{'M',[27;60;234],6,[27;29;13],3,[0;NaN;NaN],[177;30;117],5,[NaN;1;1]},{'A',[147;265;961],7,[27;60;234],6,2,[39;25;25],2,0},{'O',[30;742;773],5,[30;742;773],5,0},{'O',[147;265;961],7,[147;265;961],7,0},{'M',[997;24;768],5,[6;2;6],1,[NaN;NaN;7],[5;3;3],1,[NaN;3;NaN],[997;1053;1011],4,[0;NaN;NaN]},{'O',[997;24;768],5,[997;24;768],5,0},{'M',[708;152;677],8,[424;152;677],7,[NaN;0;0],[177;30;117],5,[2;NaN;NaN]},{'O',[708;152;677],8,[708;152;677],8,0},{'O',[395;123;41],9,[395;123;41],9,0}}
# Add optimal = 1
# Mux optimal = 0
# FAs optimal = 0
