Adder graph: {{'M',[1;16;64],1,[1;1;1],0,[0;4;6]},{'M',[1;8;512],1,[1;1;1],0,[0;3;9]},{'A',[3;32;-960],2,[1;16;64],1,0,[1;8;-512],1,1},{'M',[1024;256;1],1,[1;1;1],0,[10;8;0]},{'M',[3;32;2],3,[1;1;1],0,[NaN;NaN;1],[3;32;-960],2,[0;0;NaN]},{'A',[1030;320;5],4,[1024;256;1],1,0,[3;32;2],3,1},{'M',[4;16;5],5,[1;1;1],0,[2;4;NaN],[1030;320;5],4,[NaN;NaN;0]},{'M',[16;32;1],3,[1;1;1],0,[4;NaN;0],[3;32;-960],2,[NaN;0;NaN]},{'A',[20;-16;6],6,[4;16;5],5,0,[16;-32;1],3,0},{'M',[1030;8;5],5,[1;1;1],0,[NaN;3;NaN],[1030;320;5],4,[0;NaN;0]},{'M',[160;1;384],7,[1;1;1],0,[NaN;0;NaN],[20;-16;6],6,[3;NaN;6]},{'A',[870;9;-379],8,[1030;8;5],5,0,[-160;1;-384],7,0},{'M',[8;9;-1920],9,[1;1;1],0,[3;NaN;NaN],[3;32;-960],2,[NaN;NaN;1],[870;9;-379],8,[NaN;0;NaN]},{'M',[640;320;4],7,[1;1;1],0,[NaN;NaN;2],[1030;320;5],4,[NaN;0;NaN],[20;-16;6],6,[5;NaN;NaN]},{'A',[648;329;-1916],10,[8;9;-1920],9,0,[640;320;4],7,0},{'M',[3;8;12],7,[1;1;1],0,[NaN;3;NaN],[3;32;-960],2,[0;NaN;NaN],[20;-16;6],6,[NaN;NaN;1]},{'M',[20;9;20],9,[1030;320;5],4,[NaN;NaN;2],[20;-16;6],6,[0;NaN;NaN],[870;9;-379],8,[NaN;0;NaN]},{'A',[-637;296;-628],10,[3;8;12],7,0,[-20;9;-20],9,5},{'M',[1030;1;-628],11,[1;1;1],0,[NaN;0;NaN],[1030;320;5],4,[0;NaN;NaN],[-637;296;-628],10,[NaN;NaN;0]},{'M',[3072;-16;2048],7,[1;1;1],0,[NaN;NaN;11],[3;32;-960],2,[10;NaN;NaN],[20;-16;6],6,[NaN;0;NaN]},{'A',[4102;-15;-2676],12,[1030;1;-628],11,0,[3072;-16;-2048],7,0},{'M',[256;2;-628],11,[1;1;1],0,[8;1;NaN],[-637;296;-628],10,[NaN;NaN;0]},{'M',[5184;2304;-379],11,[870;9;-379],8,[NaN;8;0],[648;329;-1916],10,[3;NaN;NaN]},{'A',[-4928;-2302;-1007],12,[256;2;-628],11,0,[-5184;-2304;-379],11,0},{'M',[-4928;-16;-960],13,[3;32;-960],2,[NaN;NaN;0],[20;-16;6],6,[NaN;0;NaN],[-4928;-2302;-1007],12,[0;NaN;NaN]},{'M',[648;296;-2676],13,[648;329;-1916],10,[0;NaN;NaN],[-637;296;-628],10,[NaN;0;NaN],[4102;-15;-2676],12,[NaN;NaN;0]},{'A',[-1070;-78;429],14,[-4928;-16;-960],13,-2,[648;-296;2676],13,-2},{'M',[24;296;160],11,[3;32;-960],2,[3;NaN;NaN],[1030;320;5],4,[NaN;NaN;5],[-637;296;-628],10,[NaN;0;NaN]},{'M',[2;-15;24],13,[1;1;1],0,[1;NaN;NaN],[20;-16;6],6,[NaN;NaN;2],[4102;-15;-2676],12,[NaN;0;NaN]},{'A',[50;607;344],14,[24;296;160],11,1,[2;15;24],13,0},{'M',[96;-15;344],15,[3;32;-960],2,[5;NaN;NaN],[4102;-15;-2676],12,[NaN;0;NaN],[50;607;344],14,[NaN;NaN;0]},{'M',[-1070;-312;2],15,[1;1;1],0,[NaN;NaN;1],[-1070;-78;429],14,[0;2;NaN]},{'A',[-974;-327;342],16,[96;-15;344],15,0,[-1070;-312;-2],15,0},{'M',[-4928;-78;-628],15,[-637;296;-628],10,[NaN;NaN;0],[-4928;-2302;-1007],12,[0;NaN;NaN],[-1070;-78;429],14,[NaN;0;NaN]},{'M',[4102;296;342],17,[-637;296;-628],10,[NaN;0;NaN],[4102;-15;-2676],12,[0;NaN;NaN],[-974;-327;342],16,[NaN;NaN;0]},{'A',[-413;-187;-143],18,[-4928;-78;-628],15,-1,[4102;-296;342],17,-1},{'M',[-413;-187;-1007],19,[-4928;-2302;-1007],12,[NaN;NaN;0],[-413;-187;-143],18,[0;0;NaN]},{'O',[413;187;1007],19,[413;187;1007],19,0},{'M',[870;329;429],15,[870;9;-379],8,[0;NaN;NaN],[648;329;-1916],10,[NaN;0;NaN],[-1070;-78;429],14,[NaN;NaN;0]},{'O',[870;329;429],15,[870;329;429],15,0},{'M',[100;607;684],17,[50;607;344],14,[1;0;NaN],[-974;-327;342],16,[NaN;NaN;1]},{'O',[100;607;684],17,[100;607;684],17,0},{'M',[-637;-327;-379],17,[870;9;-379],8,[NaN;NaN;0],[-637;296;-628],10,[0;NaN;NaN],[-974;-327;342],16,[NaN;0;NaN]},{'O',[637;327;379],17,[637;327;379],17,0},{'M',[-974;-30;-286],19,[4102;-15;-2676],12,[NaN;1;NaN],[-974;-327;342],16,[0;NaN;NaN],[-413;-187;-143],18,[NaN;NaN;1]},{'O',[974;30;286],19,[974;30;286],19,0}}
Adder graph: {{'M',[1;1;256],1,[1;1;1],0,[0;0;8]},{'M',[4;4;1],1,[1;1;1],0,[2;2;0]},{'A',[-3;-3;255],2,[1;1;256],1,0,[-4;-4;-1],1,0},{'M',[-3;512;255],3,[1;1;1],0,[NaN;9;NaN],[-3;-3;255],2,[0;NaN;0]},{'A',[-2;511;-1],4,[-3;512;255],3,0,[1;-1;-256],1,0},{'M',[-128;511;-64],5,[-2;511;-1],4,[6;0;6]},{'M',[1;-768;-1],5,[1;1;1],0,[0;NaN;NaN],[-3;-3;255],2,[NaN;8;NaN],[-2;511;-1],4,[NaN;NaN;0]},{'A',[-129;-257;-65],6,[-128;511;-64],5,0,[-1;-768;-1],5,0},{'M',[-192;511;-260],7,[-3;-3;255],2,[6;NaN;NaN],[-2;511;-1],4,[NaN;0;NaN],[-129;-257;-65],6,[NaN;NaN;2]},{'M',[1;-24;-2],5,[1;1;1],0,[0;NaN;NaN],[-3;-3;255],2,[NaN;3;NaN],[-2;511;-1],4,[NaN;NaN;1]},{'A',[-208;127;-228],8,[-192;511;-260],7,0,[-1;-24;2],5,4},{'M',[-96;127;-456],9,[-3;-3;255],2,[5;NaN;NaN],[-208;127;-228],8,[NaN;0;1]},{'M',[-16;2;-228],9,[1;1;1],0,[NaN;1;NaN],[-2;511;-1],4,[3;NaN;NaN],[-208;127;-228],8,[NaN;NaN;0]},{'A',[-112;125;-684],10,[-96;127;-456],9,0,[-16;-2;-228],9,0},{'M',[-129;-24;255],7,[-3;-3;255],2,[NaN;3;0],[-129;-257;-65],6,[0;NaN;NaN]},{'M',[-112;-12;-16],11,[-3;-3;255],2,[NaN;2;NaN],[-2;511;-1],4,[NaN;NaN;4],[-112;125;-684],10,[0;NaN;NaN]},{'A',[-241;-36;271],12,[-129;-24;255],7,0,[-112;-12;16],11,0},{'M',[-4;32;271],13,[1;1;1],0,[NaN;5;NaN],[-2;511;-1],4,[1;NaN;NaN],[-241;-36;271],12,[NaN;NaN;0]},{'M',[-48;1;64],3,[1;1;1],0,[NaN;0;6],[-3;-3;255],2,[4;NaN;NaN]},{'A',[-100;30;143],14,[-4;32;271],13,0,[-48;-1;-64],3,1},{'M',[-482;125;-228],13,[-208;127;-228],8,[NaN;NaN;0],[-112;125;-684],10,[NaN;0;NaN],[-241;-36;271],12,[1;NaN;NaN]},{'M',[-129;-6;2],7,[1;1;1],0,[NaN;NaN;1],[-3;-3;255],2,[NaN;1;NaN],[-129;-257;-65],6,[0;NaN;NaN]},{'A',[-998;101;-236],14,[-482;125;-228],13,0,[-129;-6;-2],7,2},{'M',[-416;101;-1040],15,[-129;-257;-65],6,[NaN;NaN;4],[-208;127;-228],8,[1;NaN;NaN],[-998;101;-236],14,[NaN;0;NaN]},{'M',[-3;-288;-65],13,[-3;-3;255],2,[0;NaN;NaN],[-129;-257;-65],6,[NaN;NaN;0],[-241;-36;271],12,[NaN;3;NaN]},{'A',[-413;-187;-975],16,[-416;101;-1040],15,0,[3;-288;65],13,0},{'M',[-998;-72;143],15,[-241;-36;271],12,[NaN;1;NaN],[-100;30;143],14,[NaN;NaN;0],[-998;101;-236],14,[0;NaN;NaN]},{'M',[128;-257;572],15,[1;1;1],0,[7;NaN;NaN],[-129;-257;-65],6,[NaN;0;NaN],[-100;30;143],14,[NaN;NaN;2]},{'A',[-870;-329;-429],16,[-998;-72;143],15,0,[128;-257;-572],15,0},{'M',[-24;-514;-975],17,[-3;-3;255],2,[3;NaN;NaN],[-129;-257;-65],6,[NaN;1;NaN],[-413;-187;-975],16,[NaN;NaN;0]},{'M',[-998;-187;32],17,[1;1;1],0,[NaN;NaN;5],[-998;101;-236],14,[0;NaN;NaN],[-413;-187;-975],16,[NaN;0;NaN]},{'A',[974;-327;-1007],18,[-24;-514;-975],17,0,[998;187;-32],17,0},{'M',[-224;-96;-236],15,[-3;-3;255],2,[NaN;5;NaN],[-112;125;-684],10,[1;NaN;NaN],[-998;101;-236],14,[NaN;NaN;0]},{'M',[-413;511;143],17,[-2;511;-1],4,[NaN;0;NaN],[-100;30;143],14,[NaN;NaN;0],[-413;-187;-975],16,[0;NaN;NaN]},{'A',[-637;-607;-379],18,[-224;-96;-236],15,0,[-413;-511;-143],17,0},{'M',[-413;-187;-1007],19,[-413;-187;-975],16,[0;0;NaN],[974;-327;-1007],18,[NaN;NaN;0]},{'O',[413;187;1007],19,[413;187;1007],19,0},{'O',[870;329;429],16,[870;329;429],16,0},{'M',[-100;-607;-684],19,[-112;125;-684],10,[NaN;NaN;0],[-100;30;143],14,[0;NaN;NaN],[-637;-607;-379],18,[NaN;0;NaN]},{'O',[100;607;684],19,[100;607;684],19,0},{'M',[-637;-327;-379],19,[974;-327;-1007],18,[NaN;0;NaN],[-637;-607;-379],18,[0;NaN;0]},{'O',[637;327;379],19,[637;327;379],19,0},{'M',[974;30;286],19,[-100;30;143],14,[NaN;0;1],[974;-327;-1007],18,[0;NaN;NaN]},{'O',[974;30;286],19,[974;30;286],19,0}}
Adder graph: {{'M',[64;1;1],1,[1;1;1],0,[6;0;0]},{'M',[1;1;8],1,[1;1;1],0,[0;0;3]},{'A',[320;68;-508],2,[64;1;1],1,2,[1;1;-8],1,6},{'M',[640;1;64],3,[1;1;1],0,[NaN;0;6],[320;68;-508],2,[1;NaN;NaN]},{'M',[2048;1;1],1,[1;1;1],0,[11;0;0]},{'A',[3328;3;129],4,[640;1;64],3,1,[2048;1;1],1,0},{'M',[1;12;1],5,[1;1;1],0,[0;NaN;0],[3328;3;129],4,[NaN;2;NaN]},{'M',[8;8;1],1,[1;1;1],0,[3;3;0]},{'A',[24;184;17],6,[1;12;1],5,4,[8;-8;1],1,0},{'M',[768;3;544],7,[3328;3;129],4,[NaN;0;NaN],[24;184;17],6,[5;NaN;5]},{'M',[128;184;128],7,[1;1;1],0,[7;NaN;7],[24;184;17],6,[NaN;0;NaN]},{'A',[896;187;672],8,[768;3;544],7,0,[128;184;128],7,0},{'M',[2;1088;129],5,[1;1;1],0,[1;NaN;NaN],[320;68;-508],2,[NaN;4;NaN],[3328;3;129],4,[NaN;NaN;0]},{'M',[640;1024;-508],3,[1;1;1],0,[NaN;10;NaN],[320;68;-508],2,[1;NaN;0]},{'A',[-638;2112;-379],6,[2;1088;129],5,0,[-640;1024;-508],3,0},{'M',[320;3072;4128],5,[320;68;-508],2,[0;NaN;NaN],[3328;3;129],4,[NaN;10;5]},{'M',[1;3;129],5,[1;1;1],0,[0;NaN;NaN],[3328;3;129],4,[NaN;0;0]},{'A',[336;3120;2064],6,[320;3072;4128],5,0,[1;3;-129],5,4},{'M',[896;2112;17],9,[24;184;17],6,[NaN;NaN;0],[896;187;672],8,[0;NaN;NaN],[-638;2112;-379],6,[NaN;0;NaN]},{'M',[24;68;-379],7,[320;68;-508],2,[NaN;0;NaN],[24;184;17],6,[0;NaN;NaN],[-638;2112;-379],6,[NaN;NaN;0]},{'A',[218;511;99],10,[896;2112;17],9,-2,[-24;-68;379],7,-2},{'M',[1;368;4128],7,[1;1;1],0,[0;NaN;NaN],[24;184;17],6,[NaN;1;NaN],[336;3120;2064],6,[NaN;NaN;1]},{'M',[218;68;2],11,[1;1;1],0,[NaN;NaN;1],[320;68;-508],2,[NaN;0;NaN],[218;511;99],10,[0;NaN;NaN]},{'A',[-435;504;4132],12,[1;368;4128],7,0,[-218;68;2],11,1},{'M',[3328;504;672],13,[3328;3;129],4,[0;NaN;NaN],[896;187;672],8,[NaN;NaN;0],[-435;504;4132],12,[NaN;0;NaN]},{'M',[24;3120;2064],7,[24;184;17],6,[0;NaN;NaN],[336;3120;2064],6,[NaN;0;0]},{'A',[413;-327;342],14,[3328;504;672],13,-3,[-24;-3120;2064],7,-3},{'M',[24;-327;272],15,[24;184;17],6,[0;NaN;4],[413;-327;342],14,[NaN;0;NaN]},{'M',[1;2;129],5,[1;1;1],0,[0;1;NaN],[3328;3;129],4,[NaN;NaN;0]},{'A',[25;-329;143],16,[24;-327;272],15,0,[1;-2;-129],5,0},{'M',[336;32;143],17,[1;1;1],0,[NaN;5;NaN],[336;3120;2064],6,[0;NaN;NaN],[25;-329;143],16,[NaN;NaN;0]},{'M',[-638;2;572],17,[1;1;1],0,[NaN;1;NaN],[-638;2112;-379],6,[0;NaN;NaN],[25;-329;143],16,[NaN;NaN;2]},{'A',[974;30;-429],18,[336;32;143],17,0,[638;-2;-572],17,0},{'M',[-638;511;1024],11,[1;1;1],0,[NaN;NaN;10],[-638;2112;-379],6,[0;NaN;NaN],[218;511;99],10,[NaN;0;NaN]},{'M',[1;96;17],7,[1;1;1],0,[0;NaN;NaN],[3328;3;129],4,[NaN;5;NaN],[24;184;17],6,[NaN;NaN;0]},{'A',[-637;607;1007],12,[-638;511;1024],11,0,[1;96;-17],7,0},{'M',[413;187;1007],15,[896;187;672],8,[NaN;0;NaN],[413;-327;342],14,[0;NaN;NaN],[-637;607;1007],12,[NaN;NaN;0]},{'O',[413;187;1007],15,[413;187;1007],15,0},{'M',[-870;-329;-429],19,[-435;504;4132],12,[1;NaN;NaN],[25;-329;143],16,[NaN;0;NaN],[974;30;-429],18,[NaN;NaN;0]},{'O',[870;329;429],19,[870;329;429],19,0},{'M',[100;607;684],17,[413;-327;342],14,[NaN;NaN;1],[25;-329;143],16,[2;NaN;NaN],[-637;607;1007],12,[NaN;0;NaN]},{'O',[100;607;684],17,[100;607;684],17,0},{'M',[-637;-327;-379],15,[-638;2112;-379],6,[NaN;NaN;0],[413;-327;342],14,[NaN;0;NaN],[-637;607;1007],12,[0;NaN;NaN]},{'O',[637;327;379],15,[637;327;379],15,0},{'M',[974;30;286],19,[25;-329;143],16,[NaN;NaN;1],[974;30;-429],18,[0;0;NaN]},{'O',[974;30;286],19,[974;30;286],19,0}}
Adder graph: {{'M',[1;1;16],1,[1;1;1],0,[0;0;4]},{'M',[1;1;32],1,[1;1;1],0,[0;0;5]},{'A',[-1;-1;-48],2,[1;1;16],1,0,[-1;-1;-32],1,1},{'M',[-2;-128;-48],3,[-1;-1;-48],2,[1;7;0]},{'M',[1024;32;1],1,[1;1;1],0,[10;5;0]},{'A',[-1026;-160;-49],4,[-2;-128;-48],3,0,[-1024;-32;-1],1,0},{'M',[-4104;-32;1],5,[1;1;1],0,[NaN;NaN;0],[-1;-1;-48],2,[NaN;5;NaN],[-1026;-160;-49],4,[2;NaN;NaN]},{'M',[2;1;2],1,[1;1;1],0,[1;0;1]},{'A',[-4106;-33;-1],6,[-4104;-32;1],5,0,[-2;-1;-2],1,0},{'M',[-1026;-1;-1],7,[-1;-1;-48],2,[NaN;0;NaN],[-1026;-160;-49],4,[0;NaN;NaN],[-4106;-33;-1],6,[NaN;NaN;0]},{'M',[-4106;-33;-49],7,[-1026;-160;-49],4,[NaN;NaN;0],[-4106;-33;-1],6,[0;0;NaN]},{'A',[385;4;6],8,[-1026;-1;-1],7,-3,[4106;33;49],7,-3},{'M',[-8;-64;-49],5,[-1;-1;-48],2,[3;6;NaN],[-1026;-160;-49],4,[NaN;NaN;0]},{'M',[-1;-1;-192],3,[-1;-1;-48],2,[0;0;2]},{'A',[-9;-65;143],6,[-8;-64;-49],5,0,[-1;-1;192],3,0},{'M',[-2052;-264;-1],7,[-1026;-160;-49],4,[1;NaN;NaN],[-4106;-33;-1],6,[NaN;3;0]},{'M',[385;-65;-256],9,[-4106;-33;-1],6,[NaN;NaN;8],[385;4;6],8,[0;NaN;NaN],[-9;-65;143],6,[NaN;0;NaN]},{'A',[-1667;-329;255],10,[-2052;-264;-1],7,0,[385;-65;256],9,0},{'M',[-1;-8;-384],3,[-1;-1;-48],2,[0;3;3]},{'M',[-36;1;1],7,[1;1;1],0,[NaN;0;0],[-9;-65;143],6,[2;NaN;NaN]},{'A',[28;-63;-3073],8,[-1;-8;-384],3,3,[36;1;-1],7,0},{'M',[-9;-1;-196],7,[-1;-1;-48],2,[NaN;0;NaN],[-1026;-160;-49],4,[NaN;NaN;2],[-9;-65;143],6,[0;NaN;NaN]},{'M',[8;8;255],11,[1;1;1],0,[3;3;NaN],[-1667;-329;255],10,[NaN;NaN;0]},{'A',[-25;15;314],12,[-9;-1;-196],7,0,[-8;8;255],11,1},{'M',[64;16;255],11,[1;1;1],0,[6;4;NaN],[-1667;-329;255],10,[NaN;NaN;0]},{'M',[-50;30;-3073],13,[28;-63;-3073],8,[NaN;NaN;0],[-25;15;314],12,[1;1;NaN]},{'A',[974;226;1007],14,[64;16;255],11,4,[-50;-30;-3073],13,0},{'M',[-1667;-65;143],11,[-9;-65;143],6,[NaN;0;0],[-1667;-329;255],10,[0;NaN;NaN]},{'M',[-2304;-252;314],13,[-9;-65;143],6,[8;NaN;NaN],[28;-63;-3073],8,[NaN;2;NaN],[-25;15;314],12,[NaN;NaN;0]},{'A',[637;187;-171],14,[-1667;-65;143],11,0,[2304;252;-314],13,0},{'M',[-50;-1;-342],15,[-1;-1;-48],2,[NaN;0;NaN],[-25;15;314],12,[1;NaN;NaN],[637;187;-171],14,[NaN;NaN;1]},{'M',[770;-329;255],11,[385;4;6],8,[1;NaN;NaN],[-1667;-329;255],10,[NaN;0;0]},{'A',[-870;327;-429],16,[-50;-1;-342],15,1,[-770;329;255],11,0},{'M',[28;-640;1007],15,[-1026;-160;-49],4,[NaN;2;NaN],[28;-63;-3073],8,[0;NaN;NaN],[974;226;1007],14,[NaN;NaN;0]},{'M',[385;-33;628],13,[-4106;-33;-1],6,[NaN;0;NaN],[385;4;6],8,[0;NaN;NaN],[-25;15;314],12,[NaN;NaN;1]},{'A',[413;-607;379],16,[28;-640;1007],15,0,[385;33;-628],13,0},{'M',[413;187;1007],17,[974;226;1007],14,[NaN;NaN;0],[637;187;-171],14,[NaN;0;NaN],[413;-607;379],16,[0;NaN;NaN]},{'O',[413;187;1007],17,[413;187;1007],17,0},{'M',[-870;-329;-429],17,[-1667;-329;255],10,[NaN;0;NaN],[-870;327;-429],16,[0;NaN;0]},{'O',[870;329;429],17,[870;329;429],17,0},{'M',[-100;-607;-684],17,[-25;15;314],12,[2;NaN;NaN],[637;187;-171],14,[NaN;NaN;2],[413;-607;379],16,[NaN;0;NaN]},{'O',[100;607;684],17,[100;607;684],17,0},{'M',[637;327;379],17,[637;187;-171],14,[0;NaN;NaN],[-870;327;-429],16,[NaN;0;NaN],[413;-607;379],16,[NaN;NaN;0]},{'O',[637;327;379],17,[637;327;379],17,0},{'M',[974;30;286],15,[-9;-65;143],6,[NaN;NaN;1],[-25;15;314],12,[NaN;1;NaN],[974;226;1007],14,[0;NaN;NaN]},{'O',[974;30;286],15,[974;30;286],15,0}}
Adder graph: {{'M',[512;32;1],1,[1;1;1],0,[9;5;0]},{'M',[1024;32;1],1,[1;1;1],0,[10;5;0]},{'A',[1024;160;5],2,[512;32;1],1,2,[-1024;32;1],1,0},{'M',[1;8;1],1,[1;1;1],0,[0;3;0]},{'M',[2;160;64],3,[1;1;1],0,[1;NaN;6],[1024;160;5],2,[NaN;0;NaN]},{'A',[5;328;-127],4,[1;8;1],1,0,[2;160;-64],3,1},{'M',[160;16;1],5,[1;1;1],0,[NaN;4;0],[5;328;-127],4,[5;NaN;NaN]},{'M',[64;1;32],1,[1;1;1],0,[6;0;5]},{'A',[1408;126;72],6,[160;16;1],5,3,[64;-1;32],1,1},{'M',[1;1;20],3,[1;1;1],0,[0;0;NaN],[1024;160;5],2,[NaN;NaN;2]},{'M',[2;328;-127],5,[1;1;1],0,[1;NaN;NaN],[5;328;-127],4,[NaN;0;0]},{'A',[3;-327;-107],6,[1;1;20],3,0,[2;-328;-127],5,0},{'M',[6;160;64],7,[1;1;1],0,[NaN;NaN;6],[1024;160;5],2,[NaN;0;NaN],[3;-327;-107],6,[1;NaN;NaN]},{'M',[128;504;1],7,[1;1;1],0,[7;NaN;0],[1408;126;72],6,[NaN;2;NaN]},{'A',[134;-344;65],8,[6;160;64],7,0,[128;-504;1],7,0},{'M',[3;16;144],7,[1;1;1],0,[NaN;4;NaN],[1408;126;72],6,[NaN;NaN;1],[3;-327;-107],6,[0;NaN;NaN]},{'M',[640;1;1],5,[1;1;1],0,[NaN;0;0],[5;328;-127],4,[7;NaN;NaN]},{'A',[-637;15;143],8,[3;16;144],7,0,[-640;-1;-1],5,0},{'M',[5;15;1040],9,[5;328;-127],4,[0;NaN;NaN],[134;-344;65],8,[NaN;NaN;4],[-637;15;143],8,[NaN;0;NaN]},{'M',[5;128;128],5,[1;1;1],0,[NaN;7;7],[5;328;-127],4,[0;NaN;NaN]},{'A',[50;1054;3104],10,[5;15;1040],9,1,[5;128;128],5,3},{'M',[1;1;256],1,[1;1;1],0,[0;0;8]},{'M',[1408;126;-428],7,[1408;126;72],6,[0;0;NaN],[3;-327;-107],6,[NaN;NaN;2]},{'A',[1409;-125;684],8,[1;1;256],1,0,[1408;-126;428],7,0},{'M',[1024;160;65],9,[1024;160;5],2,[0;0;NaN],[134;-344;65],8,[NaN;NaN;0]},{'M',[50;1054;1],11,[1;1;1],0,[NaN;NaN;0],[50;1054;3104],10,[0;0;NaN]},{'A',[487;607;33],12,[1024;160;65],9,-1,[-50;1054;1],11,-1},{'M',[268;15;143],9,[134;-344;65],8,[1;NaN;NaN],[-637;15;143],8,[NaN;0;0]},{'M',[-2548;-344;572],9,[134;-344;65],8,[NaN;0;NaN],[-637;15;143],8,[2;NaN;2]},{'A',[-2280;-329;-429],10,[268;15;143],9,0,[-2548;-344;-572],9,0},{'M',[1948;-2616;33],13,[3;-327;-107],6,[NaN;3;NaN],[487;607;33],12,[2;NaN;0]},{'M',[1409;480;520],9,[134;-344;65],8,[NaN;NaN;3],[-637;15;143],8,[NaN;5;NaN],[1409;-125;684],8,[0;NaN;NaN]},{'A',[-870;-1656;-1007],14,[1948;-2616;33],13,0,[-1409;480;-520],9,1},{'M',[-2280;160;72],11,[1024;160;5],2,[NaN;0;NaN],[1408;126;72],6,[NaN;NaN;0],[-2280;-329;-429],10,[0;NaN;NaN]},{'M',[1024;-1656;3104],15,[1024;160;5],2,[0;NaN;NaN],[50;1054;3104],10,[NaN;NaN;0],[-870;-1656;-1007],14,[NaN;0;NaN]},{'A',[-413;-187;-379],16,[-2280;160;72],11,-3,[-1024;-1656;-3104],15,-3},{'M',[-413;-187;-1007],17,[-870;-1656;-1007],14,[NaN;NaN;0],[-413;-187;-379],16,[0;0;NaN]},{'O',[413;187;1007],17,[413;187;1007],17,0},{'M',[-870;-329;-429],15,[-2280;-329;-429],10,[NaN;0;0],[-870;-1656;-1007],14,[0;NaN;NaN]},{'O',[870;329;429],15,[870;329;429],15,0},{'M',[100;607;684],13,[50;1054;3104],10,[1;NaN;NaN],[1409;-125;684],8,[NaN;NaN;0],[487;607;33],12,[NaN;0;NaN]},{'O',[100;607;684],13,[100;607;684],13,0},{'M',[-637;-327;-379],17,[3;-327;-107],6,[NaN;0;NaN],[-637;15;143],8,[0;NaN;NaN],[-413;-187;-379],16,[NaN;NaN;0]},{'O',[637;327;379],17,[637;327;379],17,0},{'M',[487;15;143],13,[-637;15;143],8,[NaN;0;0],[487;607;33],12,[0;NaN;NaN]},{'O',[974;30;286],13,[487;15;143],13,1}}
Adder graph: {{'M',[4;1;2],1,[1;1;1],0,[2;0;1]},{'M',[16;4;1],1,[1;1;1],0,[4;2;0]},{'A',[-240;68;-8],2,[4;1;2],1,2,[-16;4;-1],1,4},{'M',[1;544;-64],3,[1;1;1],0,[0;NaN;NaN],[-240;68;-8],2,[NaN;3;3]},{'M',[8;136;1],3,[1;1;1],0,[3;NaN;0],[-240;68;-8],2,[NaN;1;NaN]},{'A',[-7;680;-65],4,[1;544;-64],3,0,[-8;136;-1],3,0},{'M',[-28;1;16],5,[1;1;1],0,[NaN;0;4],[-7;680;-65],4,[2;NaN;NaN]},{'M',[-1792;16;1],5,[1;1;1],0,[NaN;4;0],[-7;680;-65],4,[8;NaN;NaN]},{'A',[1568;-8;127],6,[-28;1;16],5,3,[1792;-16;-1],5,0},{'M',[1;32;32],1,[1;1;1],0,[0;5;5]},{'M',[8;1;127],7,[1;1;1],0,[3;0;NaN],[1568;-8;127],6,[NaN;NaN;0]},{'A',[17;30;286],8,[1;32;32],1,0,[8;-1;127],7,1},{'M',[1568;680;-8],7,[-240;68;-8],2,[NaN;NaN;0],[-7;680;-65],4,[NaN;0;NaN],[1568;-8;127],6,[0;NaN;NaN]},{'M',[-240;30;286],9,[-240;68;-8],2,[0;NaN;NaN],[17;30;286],8,[NaN;0;0]},{'A',[904;325;139],10,[1568;680;-8],7,-1,[240;-30;286],9,-1},{'M',[-480;1088;127],7,[-240;68;-8],2,[1;4;NaN],[1568;-8;127],6,[NaN;NaN;0]},{'M',[1;1;2],1,[1;1;1],0,[0;0;1]},{'A',[-481;1087;125],8,[-480;1088;127],7,0,[-1;-1;-2],1,0},{'M',[904;-256;-520],11,[-7;680;-65],4,[NaN;NaN;3],[1568;-8;127],6,[NaN;5;NaN],[904;325;139],10,[0;NaN;NaN]},{'M',[-481;32;32],9,[1;1;1],0,[NaN;5;5],[-481;1087;125],8,[0;NaN;NaN]},{'A',[2289;-480;-1008],12,[904;-256;-520],11,1,[481;32;32],9,0},{'M',[68;325;500],11,[17;30;286],8,[2;NaN;NaN],[904;325;139],10,[NaN;0;NaN],[-481;1087;125],8,[NaN;NaN;2]},{'M',[-481;512;286],9,[1;1;1],0,[NaN;9;NaN],[17;30;286],8,[NaN;NaN;0],[-481;1087;125],8,[0;NaN;NaN]},{'A',[-413;-187;214],12,[68;325;500],11,0,[-481;-512;-286],9,0},{'M',[2289;-480;254],13,[1568;-8;127],6,[NaN;NaN;1],[2289;-480;-1008],12,[0;0;NaN]},{'M',[-1652;1087;125],13,[-481;1087;125],8,[NaN;0;0],[-413;-187;214],12,[2;NaN;NaN]},{'A',[637;607;379],14,[2289;-480;254],13,0,[-1652;1087;125],13,0},{'M',[34;4;-1008],13,[1;1;1],0,[NaN;2;NaN],[17;30;286],8,[1;NaN;NaN],[2289;-480;-1008],12,[NaN;NaN;0]},{'M',[904;325;1],11,[1;1;1],0,[NaN;NaN;0],[904;325;139],10,[0;0;NaN]},{'A',[-870;329;-1007],14,[34;4;-1008],13,0,[-904;325;1],11,0},{'M',[16;1;16],1,[1;1;1],0,[4;0;4]},{'M',[-7;325;139],11,[-7;680;-65],4,[0;NaN;NaN],[904;325;139],10,[NaN;0;0]},{'A',[25;327;171],12,[16;1;16],1,1,[-7;325;139],11,0},{'M',[1024;329;127],15,[1;1;1],0,[10;NaN;NaN],[1568;-8;127],6,[NaN;NaN;0],[-870;329;-1007],14,[NaN;0;NaN]},{'M',[25;329;278],15,[904;325;139],10,[NaN;NaN;1],[-870;329;-1007],14,[NaN;0;NaN],[25;327;171],12,[0;NaN;NaN]},{'A',[974;-329;-429],16,[1024;329;127],15,0,[-25;-329;-278],15,1},{'M',[-413;-187;-1007],15,[-413;-187;214],12,[0;0;NaN],[-870;329;-1007],14,[NaN;NaN;0]},{'O',[413;187;1007],15,[413;187;1007],15,0},{'M',[-870;-329;-429],17,[-870;329;-1007],14,[0;NaN;NaN],[974;-329;-429],16,[NaN;0;0]},{'O',[870;329;429],17,[870;329;429],17,0},{'M',[100;607;684],15,[637;607;379],14,[NaN;0;NaN],[25;327;171],12,[2;NaN;2]},{'O',[100;607;684],15,[100;607;684],15,0},{'M',[637;327;379],15,[637;607;379],14,[0;NaN;0],[25;327;171],12,[NaN;0;NaN]},{'O',[637;327;379],15,[637;327;379],15,0},{'M',[974;30;286],17,[17;30;286],8,[NaN;0;0],[974;-329;-429],16,[0;NaN;NaN]},{'O',[974;30;286],17,[974;30;286],17,0}}
Adder graph: {{'M',[1;8;1],1,[1;1;1],0,[0;3;0]},{'M',[2;1;2],1,[1;1;1],0,[1;0;1]},{'A',[-1;7;-1],2,[1;8;1],1,0,[-2;-1;-2],1,0},{'M',[-1;2;-1],3,[1;1;1],0,[NaN;1;NaN],[-1;7;-1],2,[0;NaN;0]},{'M',[-2;1;512],3,[1;1;1],0,[NaN;0;9],[-1;7;-1],2,[1;NaN;NaN]},{'A',[-9;-2;-2049],4,[-1;2;-1],3,0,[-2;-1;-512],3,2},{'M',[-1;-16;-1],5,[-1;7;-1],2,[0;NaN;0],[-9;-2;-2049],4,[NaN;3;NaN]},{'M',[-64;-2;-64],5,[-1;7;-1],2,[6;NaN;6],[-9;-2;-2049],4,[NaN;0;NaN]},{'A',[127;-12;-129],6,[-1;-16;-1],5,0,[64;2;-64],5,1},{'M',[-9;-2;-129],7,[-9;-2;-2049],4,[0;0;NaN],[127;-12;-129],6,[NaN;NaN;0]},{'M',[2;1;1],1,[1;1;1],0,[1;0;0]},{'A',[7;-10;-137],8,[-9;-2;-129],7,0,[2;-1;-1],1,3},{'M',[112;-160;-137],9,[7;-10;-137],8,[4;4;0]},{'M',[-9;1;32],5,[1;1;1],0,[NaN;0;5],[-9;-2;-2049],4,[0;NaN;NaN]},{'A',[103;-161;-169],10,[112;-160;-137],9,0,[-9;-1;-32],5,0},{'M',[-18;-4;-169],11,[-9;-2;-2049],4,[1;1;NaN],[103;-161;-169],10,[NaN;NaN;0]},{'M',[-1;7;-2064],7,[-1;7;-1],2,[0;0;NaN],[127;-12;-129],6,[NaN;NaN;4]},{'A',[-17;-11;-2233],12,[-18;-4;-169],11,0,[1;-7;-2064],7,0},{'M',[-18;-4;-2233],13,[-9;-2;-2049],4,[1;1;NaN],[-17;-11;-2233],12,[NaN;NaN;0]},{'M',[-544;-11;-2704],13,[103;-161;-169],10,[NaN;NaN;4],[-17;-11;-2233],12,[5;0;NaN]},{'A',[-562;-15;471],14,[-18;-4;-2233],13,0,[-544;-11;2704],13,0},{'M',[127;-161;-129],11,[127;-12;-129],6,[0;NaN;0],[103;-161;-169],10,[NaN;0;NaN]},{'M',[-1124;7;942],15,[-1;7;-1],2,[NaN;0;NaN],[-562;-15;471],14,[1;NaN;1]},{'A',[-870;-329;684],16,[127;-161;-129],11,1,[-1124;-7;942],15,0},{'M',[-1;-15;-516],15,[-1;7;-1],2,[0;NaN;NaN],[127;-12;-129],6,[NaN;NaN;2],[-562;-15;471],14,[NaN;0;NaN]},{'M',[412;16;-137],11,[1;1;1],0,[NaN;4;NaN],[7;-10;-137],8,[NaN;NaN;0],[103;-161;-169],10,[2;NaN;NaN]},{'A',[-413;1;-379],16,[-1;-15;-516],15,0,[-412;16;137],11,0},{'M',[-413;-329;-2192],17,[7;-10;-137],8,[NaN;NaN;4],[-870;-329;684],16,[NaN;0;NaN],[-413;1;-379],16,[0;NaN;NaN]},{'M',[224;-2;-2049],9,[-9;-2;-2049],4,[NaN;0;0],[7;-10;-137],8,[5;NaN;NaN]},{'A',[-637;-327;-143],18,[-413;-329;-2192],17,0,[-224;2;2049],9,0},{'M',[-562;-161;-286],19,[103;-161;-169],10,[NaN;0;NaN],[-562;-15;471],14,[0;NaN;NaN],[-637;-327;-143],18,[NaN;NaN;1]},{'M',[412;-768;-143],19,[127;-12;-129],6,[NaN;6;NaN],[103;-161;-169],10,[2;NaN;NaN],[-637;-327;-143],18,[NaN;NaN;0]},{'A',[-974;607;-429],20,[-562;-161;-286],19,0,[-412;768;-143],19,0},{'M',[1;-22;-143],19,[1;1;1],0,[0;NaN;NaN],[-17;-11;-2233],12,[NaN;1;NaN],[-637;-327;-143],18,[NaN;NaN;0]},{'M',[-17;-11;-137],13,[7;-10;-137],8,[NaN;NaN;0],[-17;-11;-2233],12,[0;0;NaN]},{'A',[25;-187;-1007],20,[1;-22;-143],19,3,[17;-11;137],13,0},{'M',[-413;-187;-1007],21,[-413;1;-379],16,[0;NaN;NaN],[25;-187;-1007],20,[NaN;0;0]},{'O',[413;187;1007],21,[413;187;1007],21,0},{'M',[-870;-329;-429],21,[-870;-329;684],16,[0;0;NaN],[-974;607;-429],20,[NaN;NaN;0]},{'O',[870;329;429],21,[870;329;429],21,0},{'M',[100;607;684],21,[-870;-329;684],16,[NaN;NaN;0],[-974;607;-429],20,[NaN;0;NaN],[25;-187;-1007],20,[2;NaN;NaN]},{'O',[100;607;684],21,[100;607;684],21,0},{'M',[-637;-327;-379],19,[-413;1;-379],16,[NaN;NaN;0],[-637;-327;-143],18,[0;0;NaN]},{'O',[637;327;379],19,[637;327;379],19,0},{'M',[-974;-30;-286],21,[-562;-15;471],14,[NaN;1;NaN],[-637;-327;-143],18,[NaN;NaN;1],[-974;607;-429],20,[0;NaN;NaN]},{'O',[974;30;286],21,[974;30;286],21,0}}
Adder graph: {{'M',[2;2;1],1,[1;1;1],0,[1;1;0]},{'A',[6;6;9],2,[1;1;1],0,3,[-2;-2;1],1,0},{'M',[64;24;9],3,[1;1;1],0,[6;NaN;NaN],[6;6;9],2,[NaN;2;0]},{'M',[192;16;9],3,[1;1;1],0,[NaN;4;NaN],[6;6;9],2,[5;NaN;0]},{'A',[832;368;153],4,[64;24;9],3,4,[-192;-16;9],3,0},{'A',[413;187;81],5,[832;368;153],4,-1,[-6;6;9],2,-1},{'M',[1;256;18],3,[1;1;1],0,[0;8;NaN],[6;6;9],2,[NaN;NaN;1]},{'M',[832;48;72],5,[6;6;9],2,[NaN;3;3],[832;368;153],4,[0;NaN;NaN]},{'A',[833;304;-54],6,[1;256;18],3,0,[832;48;-72],5,0},{'M',[6;6;16],3,[1;1;1],0,[NaN;NaN;4],[6;6;9],2,[0;0;NaN]},{'M',[413;12;2],6,[1;1;1],0,[NaN;NaN;1],[6;6;9],2,[NaN;1;NaN],[413;187;81],5,[0;NaN;NaN]},{'A',[-317;108;254],7,[6;6;16],3,4,[-413;12;-2],6,0},{'M',[-2536;187;256],8,[1;1;1],0,[NaN;NaN;8],[413;187;81],5,[NaN;0;NaN],[-317;108;254],7,[3;NaN;NaN]},{'A',[-2853;-79;510],9,[-317;108;254],7,0,[-2536;-187;256],8,0},{'M',[512;187;162],6,[1;1;1],0,[9;NaN;NaN],[413;187;81],5,[NaN;0;1]},{'M',[-317;108;1224],8,[832;368;153],4,[NaN;NaN;3],[-317;108;254],7,[0;0;NaN]},{'A',[829;295;1386],9,[512;187;162],6,0,[317;108;1224],8,0},{'M',[64;295;254],10,[1;1;1],0,[6;NaN;NaN],[-317;108;254],7,[NaN;NaN;0],[829;295;1386],9,[NaN;0;NaN]},{'M',[1;4;4],1,[1;1;1],0,[0;2;2]},{'A',[56;327;286],11,[64;295;254],10,0,[-1;4;4],1,3},{'M',[-1268;1;-3456],8,[1;1;1],0,[NaN;0;NaN],[833;304;-54],6,[NaN;NaN;6],[-317;108;254],7,[2;NaN;NaN]},{'M',[833;608;2772],10,[833;304;-54],6,[0;1;NaN],[829;295;1386],9,[NaN;NaN;1]},{'A',[-435;-607;-684],11,[-1268;1;-3456],8,0,[833;-608;2772],10,0},{'M',[6;24;1016],8,[6;6;9],2,[0;2;NaN],[-317;108;254],7,[NaN;NaN;2]},{'M',[56;6;9],12,[6;6;9],2,[NaN;0;0],[56;327;286],11,[0;NaN;NaN]},{'A',[-50;30;1007],13,[6;24;1016],8,0,[-56;6;-9],12,0},{'M',[829;-632;1386],10,[-2853;-79;510],9,[NaN;3;NaN],[829;295;1386],9,[0;NaN;0]},{'M',[192;295;1007],14,[6;6;9],2,[5;NaN;NaN],[829;295;1386],9,[NaN;0;NaN],[-50;30;1007],13,[NaN;NaN;0]},{'A',[637;-337;379],15,[829;-632;1386],10,0,[-192;295;-1007],14,0},{'M',[1024;-337;81],16,[1;1;1],0,[10;NaN;NaN],[413;187;81],5,[NaN;NaN;0],[637;-337;379],15,[NaN;0;NaN]},{'M',[-50;8;510],14,[1;1;1],0,[NaN;3;NaN],[-2853;-79;510],9,[NaN;NaN;0],[-50;30;1007],13,[0;NaN;NaN]},{'A',[974;-329;-429],17,[1024;-337;81],16,0,[-50;8;-510],14,0},{'M',[413;187;1007],14,[413;187;81],5,[0;0;NaN],[-50;30;1007],13,[NaN;NaN;0]},{'O',[413;187;1007],14,[413;187;1007],14,0},{'M',[-870;-329;-429],18,[-435;-607;-684],11,[1;NaN;NaN],[974;-329;-429],17,[NaN;0;0]},{'O',[870;329;429],18,[870;329;429],18,0},{'M',[-100;-607;-684],14,[-435;-607;-684],11,[NaN;0;0],[-50;30;1007],13,[1;NaN;NaN]},{'O',[100;607;684],14,[100;607;684],14,0},{'M',[637;327;379],16,[56;327;286],11,[NaN;0;NaN],[637;-337;379],15,[0;NaN;0]},{'O',[637;327;379],16,[637;327;379],16,0},{'M',[974;30;286],18,[56;327;286],11,[NaN;NaN;0],[-50;30;1007],13,[NaN;0;NaN],[974;-329;-429],17,[0;NaN;NaN]},{'O',[974;30;286],18,[974;30;286],18,0}}
Adder graph: {{'M',[16;1;16],1,[1;1;1],0,[4;0;4]},{'M',[1;32;1],1,[1;1;1],0,[0;5;0]},{'A',[20;-127;20],2,[16;1;16],1,0,[1;-32;1],1,2},{'M',[1;1;2],1,[1;1;1],0,[0;0;1]},{'M',[640;1;640],3,[1;1;1],0,[NaN;0;NaN],[20;-127;20],2,[5;NaN;5]},{'A',[-638;1;644],4,[1;1;2],1,1,[-640;-1;640],3,0},{'M',[320;1;644],5,[20;-127;20],2,[4;NaN;NaN],[-638;1;644],4,[NaN;0;0]},{'M',[8;8;20],3,[1;1;1],0,[3;3;NaN],[20;-127;20],2,[NaN;NaN;0]},{'A',[336;-15;684],6,[320;1;644],5,0,[8;-8;20],3,1},{'M',[20;16;1],3,[1;1;1],0,[NaN;4;0],[20;-127;20],2,[0;NaN;NaN]},{'M',[64;64;1],1,[1;1;1],0,[6;6;0]},{'A',[104;96;1],4,[20;16;1],3,1,[64;64;-1],1,0},{'M',[8;1;2],1,[1;1;1],0,[3;0;1]},{'M',[-2552;192;1],5,[1;1;1],0,[NaN;NaN;0],[-638;1;644],4,[2;NaN;NaN],[104;96;1],4,[NaN;1;NaN]},{'A',[2616;200;17],6,[8;1;2],1,3,[2552;192;1],5,0},{'M',[336;32;2048],7,[1;1;1],0,[NaN;5;NaN],[336;-15;684],6,[0;NaN;NaN],[104;96;1],4,[NaN;NaN;11]},{'M',[-638;2;160],5,[1;1;1],0,[NaN;1;NaN],[20;-127;20],2,[NaN;NaN;3],[-638;1;644],4,[0;NaN;NaN]},{'A',[974;30;1888],8,[336;32;2048],7,0,[638;-2;-160],5,0},{'M',[20;-127;136],7,[20;-127;20],2,[0;0;NaN],[2616;200;17],6,[NaN;NaN;3]},{'M',[336;-254;320],7,[20;-127;20],2,[NaN;1;4],[336;-15;684],6,[0;NaN;NaN]},{'A',[1364;889;-1144],8,[20;-127;136],7,0,[336;254;-320],7,2},{'M',[974;889;160],9,[20;-127;20],2,[NaN;NaN;3],[974;30;1888],8,[0;NaN;NaN],[1364;889;-1144],8,[NaN;0;NaN]},{'M',[2616;512;17],7,[-638;1;644],4,[NaN;9;NaN],[2616;200;17],6,[0;NaN;0]},{'A',[-3284;754;286],10,[974;889;160],9,1,[-2616;-512;-17],7,1},{'M',[-638;-127;20],5,[20;-127;20],2,[NaN;0;0],[-638;1;644],4,[0;NaN;NaN]},{'M',[1;200;1],7,[1;1;1],0,[0;NaN;0],[2616;200;17],6,[NaN;0;NaN]},{'A',[-637;-327;21],8,[-638;-127;20],5,0,[1;-200;1],7,0},{'M',[20;120;256],9,[20;-127;20],2,[0;NaN;NaN],[104;96;1],4,[NaN;NaN;8],[974;30;1888],8,[NaN;2;NaN]},{'M',[20;-127;17],7,[20;-127;20],2,[0;0;NaN],[2616;200;17],6,[NaN;NaN;0]},{'A',[100;607;1007],10,[20;120;256],9,2,[20;127;-17],7,0},{'M',[20;889;-1144],9,[20;-127;20],2,[0;NaN;NaN],[1364;889;-1144],8,[NaN;0;0]},{'M',[-3284;607;1888],11,[974;30;1888],8,[NaN;NaN;0],[-3284;754;286],10,[0;NaN;NaN],[100;607;1007],10,[NaN;0;NaN]},{'A',[413;187;-379],12,[20;889;-1144],9,-3,[3284;607;-1888],11,-3},{'M',[104;96;-1144],9,[104;96;1],4,[0;0;NaN],[1364;889;-1144],8,[NaN;NaN;0]},{'M',[974;754;286],11,[974;30;1888],8,[0;NaN;NaN],[-3284;754;286],10,[NaN;0;0]},{'A',[-435;-329;-429],12,[104;96;-1144],9,-1,[-974;-754;286],11,-1},{'M',[413;187;1007],13,[100;607;1007],10,[NaN;NaN;0],[413;187;-379],12,[0;0;NaN]},{'O',[413;187;1007],13,[413;187;1007],13,0},{'M',[-870;-329;-429],13,[-435;-329;-429],12,[1;0;0]},{'O',[870;329;429],13,[870;329;429],13,0},{'M',[100;607;684],11,[336;-15;684],6,[NaN;NaN;0],[100;607;1007],10,[0;0;NaN]},{'O',[100;607;684],11,[100;607;684],11,0},{'M',[-637;-327;-379],13,[-637;-327;21],8,[0;0;NaN],[413;187;-379],12,[NaN;NaN;0]},{'O',[637;327;379],13,[637;327;379],13,0},{'M',[974;30;286],11,[974;30;1888],8,[0;0;NaN],[-3284;754;286],10,[NaN;NaN;0]},{'O',[974;30;286],11,[974;30;286],11,0}}
Adder graph: {{'M',[16;1;4],1,[1;1;1],0,[4;0;2]},{'A',[33;3;9],2,[16;1;4],1,1,[1;1;1],0,0},{'M',[32;1;1],1,[1;1;1],0,[5;0;0]},{'M',[2;2;9],3,[1;1;1],0,[1;1;NaN],[33;3;9],2,[NaN;NaN;0]},{'A',[28;5;-17],4,[32;1;1],1,0,[-2;2;-9],3,1},{'M',[2;3;2],3,[1;1;1],0,[1;NaN;1],[33;3;9],2,[NaN;0;NaN]},{'M',[2;3;9],3,[1;1;1],0,[1;NaN;NaN],[33;3;9],2,[NaN;0;0]},{'A',[34;45;41],4,[2;3;2],3,4,[2;-3;9],3,0},{'M',[33;640;9],5,[33;3;9],2,[0;NaN;0],[28;5;-17],4,[NaN;7;NaN]},{'M',[34;40;-136],5,[28;5;-17],4,[NaN;3;3],[34;45;41],4,[0;NaN;NaN]},{'A',[101;720;281],6,[33;640;9],5,0,[34;40;136],5,1},{'M',[34;64;41],5,[1;1;1],0,[NaN;6;NaN],[34;45;41],4,[0;NaN;0]},{'M',[448;1;-272],5,[1;1;1],0,[NaN;0;NaN],[28;5;-17],4,[4;NaN;4]},{'A',[-862;66;-503],6,[34;64;41],5,0,[-448;1;-272],5,1},{'M',[2048;2048;-503],7,[1;1;1],0,[11;11;NaN],[-862;66;-503],6,[NaN;NaN;0]},{'M',[34;3;41],5,[33;3;9],2,[NaN;0;NaN],[34;45;41],4,[0;NaN;0]},{'A',[4062;4099;-965],8,[2048;2048;-503],7,1,[-34;3;41],5,0},{'M',[1;720;-965],9,[1;1;1],0,[0;NaN;NaN],[101;720;281],6,[NaN;0;NaN],[4062;4099;-965],8,[NaN;NaN;0]},{'M',[101;66;281],7,[101;720;281],6,[0;NaN;0],[-862;66;-503],6,[NaN;0;NaN]},{'A',[-50;327;-342],10,[1;720;-965],9,-1,[-101;-66;281],7,-1},{'M',[-800;327;1024],11,[1;1;1],0,[NaN;NaN;10],[-50;327;-342],10,[4;0;NaN]},{'M',[2;2;-17],5,[1;1;1],0,[1;1;NaN],[28;5;-17],4,[NaN;NaN;0]},{'A',[-798;329;1007],12,[-800;327;1024],11,0,[2;2;-17],5,0},{'M',[56;327;-342],11,[28;5;-17],4,[1;NaN;NaN],[-50;327;-342],10,[NaN;0;0]},{'M',[-862;1;1312],7,[1;1;1],0,[NaN;0;NaN],[34;45;41],4,[NaN;NaN;5],[-862;66;-503],6,[0;NaN;NaN]},{'A',[974;655;628],12,[56;327;-342],11,1,[862;1;1312],7,0},{'M',[28;45;-342],11,[28;5;-17],4,[0;NaN;NaN],[34;45;41],4,[NaN;0;NaN],[-50;327;-342],10,[NaN;NaN;0]},{'M',[-798;329;628],13,[-798;329;1007],12,[0;0;NaN],[974;655;628],12,[NaN;NaN;0]},{'A',[413;187;143],14,[28;45;-342],11,-1,[798;329;628],13,-1},{'M',[413;48;1007],15,[33;3;9],2,[NaN;4;NaN],[-798;329;1007],12,[NaN;NaN;0],[413;187;143],14,[0;NaN;NaN]},{'M',[224;655;628],13,[28;5;-17],4,[3;NaN;NaN],[974;655;628],12,[NaN;0;0]},{'A',[637;-607;379],16,[413;48;1007],15,0,[224;-655;-628],13,0},{'M',[637;655;286],17,[974;655;628],12,[NaN;0;NaN],[413;187;143],14,[NaN;NaN;1],[637;-607;379],16,[0;NaN;NaN]},{'M',[404;1280;143],15,[28;5;-17],4,[NaN;8;NaN],[101;720;281],6,[2;NaN;NaN],[413;187;143],14,[NaN;NaN;0]},{'A',[870;30;429],18,[637;655;286],17,1,[-404;-1280;-143],15,0},{'M',[413;187;1007],15,[-798;329;1007],12,[NaN;NaN;0],[413;187;143],14,[0;0;NaN]},{'O',[413;187;1007],15,[413;187;1007],15,0},{'M',[870;329;429],19,[-798;329;1007],12,[NaN;0;NaN],[870;30;429],18,[0;NaN;0]},{'O',[870;329;429],19,[870;329;429],19,0},{'M',[-100;-607;-684],17,[-50;327;-342],10,[1;NaN;1],[637;-607;379],16,[NaN;0;NaN]},{'O',[100;607;684],17,[100;607;684],17,0},{'M',[637;327;379],17,[-50;327;-342],10,[NaN;0;NaN],[637;-607;379],16,[0;NaN;0]},{'O',[637;327;379],17,[637;327;379],17,0},{'M',[974;30;286],19,[974;655;628],12,[0;NaN;NaN],[413;187;143],14,[NaN;NaN;1],[870;30;429],18,[NaN;0;NaN]},{'O',[974;30;286],19,[974;30;286],19,0}}
Adder graph: {{'M',[4;4;1],1,[1;1;1],0,[2;2;0]},{'A',[-31;33;9],2,[1;1;1],0,0,[-4;4;1],1,3},{'M',[-31;33;288],3,[-31;33;9],2,[0;0;5]},{'M',[4;1;1],1,[1;1;1],0,[2;0;0]},{'A',[-504;328;2240],4,[-31;33;288],3,3,[-4;1;-1],1,6},{'M',[512;33;36],3,[1;1;1],0,[9;NaN;NaN],[-31;33;9],2,[NaN;0;2]},{'M',[1;528;144],3,[1;1;1],0,[0;NaN;NaN],[-31;33;9],2,[NaN;4;4]},{'A',[513;-495;180],4,[512;33;36],3,0,[1;-528;144],3,0},{'M',[1;2;1],1,[1;1;1],0,[0;1;0]},{'M',[1;1;36],3,[1;1;1],0,[0;0;NaN],[-31;33;9],2,[NaN;NaN;2]},{'A',[-7;-6;-287],4,[1;2;1],1,0,[-1;-1;-36],3,3},{'M',[512;328;4480],5,[1;1;1],0,[9;NaN;NaN],[-504;328;2240],4,[NaN;0;1]},{'A',[-543;361;4489],6,[-31;33;9],2,0,[-512;328;4480],5,0},{'M',[-543;-48;180],7,[513;-495;180],4,[NaN;NaN;0],[-7;-6;-287],4,[NaN;3;NaN],[-543;361;4489],6,[0;NaN;NaN]},{'M',[-56;33;9],5,[-31;33;9],2,[NaN;0;0],[-7;-6;-287],4,[3;NaN;NaN]},{'A',[-974;-30;342],8,[-543;-48;180],7,1,[56;33;-9],5,1},{'M',[-124;-6;18],5,[-31;33;9],2,[2;NaN;1],[-7;-6;-287],4,[NaN;0;NaN]},{'M',[513;1;-287],5,[1;1;1],0,[NaN;0;NaN],[513;-495;180],4,[0;NaN;NaN],[-7;-6;-287],4,[NaN;NaN;0]},{'A',[-637;-5;305],6,[-124;-6;18],5,0,[-513;1;287],5,0},{'M',[-504;-192;9],5,[-31;33;9],2,[NaN;NaN;0],[-504;328;2240],4,[0;NaN;NaN],[-7;-6;-287],4,[NaN;5;NaN]},{'M',[1024;-5;1024],7,[1;1;1],0,[10;NaN;10],[-637;-5;305],6,[NaN;0;NaN]},{'A',[520;-187;-1015],8,[-504;-192;9],5,0,[1024;5;-1024],7,0},{'M',[-637;128;-1015],9,[1;1;1],0,[NaN;7;NaN],[-637;-5;305],6,[0;NaN;NaN],[520;-187;-1015],8,[NaN;NaN;0]},{'M',[-112;-187;4],9,[1;1;1],0,[NaN;NaN;2],[-7;-6;-287],4,[4;NaN;NaN],[520;-187;-1015],8,[NaN;0;NaN]},{'A',[-413;-246;-1007],10,[-637;128;-1015],9,0,[112;-187;4],9,1},{'M',[-637;361;4489],7,[-543;361;4489],6,[NaN;0;0],[-637;-5;305],6,[0;NaN;NaN]},{'M',[520;8;-1015],9,[1;1;1],0,[NaN;3;NaN],[520;-187;-1015],8,[0;NaN;0]},{'A',[1443;329;429],10,[-637;361;4489],7,0,[520;-8;-1015],9,2},{'M',[513;361;1],7,[1;1;1],0,[NaN;NaN;0],[513;-495;180],4,[0;NaN;NaN],[-543;361;4489],6,[NaN;0;NaN]},{'M',[-413;-246;144],11,[-31;33;9],2,[NaN;NaN;4],[-413;-246;-1007],10,[0;0;NaN]},{'A',[100;607;-143],12,[513;361;1],7,0,[-413;246;-144],11,0},{'M',[1443;329;305],11,[-637;-5;305],6,[NaN;NaN;0],[1443;329;429],10,[0;0;NaN]},{'M',[-504;328;342],9,[-504;328;2240],4,[0;0;NaN],[-974;-30;342],8,[NaN;NaN;0]},{'A',[435;-327;-379],12,[1443;329;305],11,0,[-504;-328;-342],9,1},{'M',[-413;-187;-1007],11,[520;-187;-1015],8,[NaN;0;NaN],[-413;-246;-1007],10,[0;NaN;0]},{'O',[413;187;1007],11,[413;187;1007],11,0},{'M',[870;329;429],13,[1443;329;429],10,[NaN;0;0],[435;-327;-379],12,[1;NaN;NaN]},{'O',[870;329;429],13,[870;329;429],13,0},{'M',[100;607;684],13,[-974;-30;342],8,[NaN;NaN;1],[100;607;-143],12,[0;0;NaN]},{'O',[100;607;684],13,[100;607;684],13,0},{'M',[-637;-327;-379],13,[-637;-5;305],6,[0;NaN;NaN],[435;-327;-379],12,[NaN;0;0]},{'O',[637;327;379],13,[637;327;379],13,0},{'M',[-974;-30;-286],13,[-974;-30;342],8,[0;0;NaN],[100;607;-143],12,[NaN;NaN;1]},{'O',[974;30;286],13,[974;30;286],13,0}}
Adder graph: {{'M',[4;1;4],1,[1;1;1],0,[2;0;2]},{'A',[8;14;24],2,[1;1;1],0,4,[-4;-1;4],1,1},{'M',[32;14;24],3,[1;1;1],0,[5;NaN;NaN],[8;14;24],2,[NaN;0;0]},{'M',[256;1;1536],3,[1;1;1],0,[8;0;NaN],[8;14;24],2,[NaN;NaN;6]},{'A',[-192;27;-1488],4,[32;14;24],3,1,[-256;-1;-1536],3,0},{'M',[16;28;-1488],5,[8;14;24],2,[1;1;NaN],[-192;27;-1488],4,[NaN;NaN;0]},{'A',[14;26;-1486],6,[16;28;-1488],5,0,[-1;-1;1],0,1},{'M',[14;416;2048],7,[1;1;1],0,[NaN;NaN;11],[14;26;-1486],6,[0;4;NaN]},{'M',[8;14;768],3,[8;14;24],2,[0;0;5]},{'A',[-50;304;-4096],8,[14;416;2048],7,0,[-8;-14;-768],3,3},{'M',[-192;27;192],5,[8;14;24],2,[NaN;NaN;3],[-192;27;-1488],4,[0;0;NaN]},{'M',[1;2;2],1,[1;1;1],0,[0;1;1]},{'A',[-400;86;416],6,[-192;27;192],5,1,[-1;2;2],1,4},{'M',[-192;26;-1488],7,[-192;27;-1488],4,[0;NaN;0],[14;26;-1486],6,[NaN;0;NaN]},{'A',[13;7;-119],8,[-192;26;-1488],7,-4,[400;86;-416],6,-4},{'M',[13;1;1],9,[1;1;1],0,[NaN;0;0],[13;7;-119],8,[0;NaN;NaN]},{'M',[-400;14;-238],9,[-400;86;416],6,[0;NaN;NaN],[13;7;-119],8,[NaN;1;1]},{'A',[413;15;239],10,[13;1;1],9,0,[400;14;238],9,0},{'M',[4;1;239],11,[1;1;1],0,[2;0;NaN],[413;15;239],10,[NaN;NaN;0]},{'M',[413;608;96],11,[8;14;24],2,[NaN;NaN;2],[-50;304;-4096],8,[NaN;1;NaN],[413;15;239],10,[0;NaN;NaN]},{'A',[-409;-607;143],12,[4;1;239],11,0,[-413;-608;-96],11,0},{'M',[-409;172;572],13,[-400;86;416],6,[NaN;1;NaN],[-409;-607;143],12,[0;NaN;2]},{'M',[56;15;-1486],11,[14;26;-1486],6,[2;NaN;0],[413;15;239],10,[NaN;0;NaN]},{'A',[-874;329;-342],14,[-409;172;572],13,1,[-56;-15;-1486],11,0},{'M',[52;7;143],13,[13;7;-119],8,[2;0;NaN],[-409;-607;143],12,[NaN;NaN;0]},{'M',[-409;27;143],13,[-192;27;-1488],4,[NaN;0;NaN],[-409;-607;143],12,[0;NaN;0]},{'A',[870;-47;429],14,[52;7;143],13,0,[409;-27;143],13,1},{'M',[-874;-47;-342],15,[-874;329;-342],14,[0;NaN;0],[870;-47;429],14,[NaN;0;NaN]},{'M',[-400;-607;416],13,[-400;86;416],6,[0;NaN;0],[-409;-607;143],12,[NaN;0;NaN]},{'A',[-637;-327;-379],16,[-874;-47;-342],15,-1,[-400;-607;-416],13,-1},{'M',[870;15;239],15,[413;15;239],10,[NaN;0;0],[870;-47;429],14,[0;NaN;NaN]},{'M',[52;86;384],9,[8;14;24],2,[NaN;NaN;4],[-400;86;416],6,[NaN;0;NaN],[13;7;-119],8,[2;NaN;NaN]},{'A',[974;187;1007],16,[870;15;239],15,0,[52;86;384],9,1},{'M',[413;187;1007],17,[413;15;239],10,[0;NaN;NaN],[974;187;1007],16,[NaN;0;0]},{'O',[413;187;1007],17,[413;187;1007],17,0},{'M',[870;329;429],15,[-874;329;-342],14,[NaN;0;NaN],[870;-47;429],14,[0;NaN;0]},{'O',[870;329;429],15,[870;329;429],15,0},{'M',[-100;-607;-684],15,[-50;304;-4096],8,[1;NaN;NaN],[-409;-607;143],12,[NaN;0;NaN],[-874;329;-342],14,[NaN;NaN;1]},{'O',[100;607;684],15,[100;607;684],15,0},{'O',[637;327;379],16,[637;327;379],16,0},{'M',[974;30;286],17,[413;15;239],10,[NaN;1;NaN],[-409;-607;143],12,[NaN;NaN;1],[974;187;1007],16,[0;NaN;NaN]},{'O',[974;30;286],17,[974;30;286],17,0}}
Adder graph: {{'M',[1;1;2],1,[1;1;1],0,[0;0;1]},{'M',[1;1;32],1,[1;1;1],0,[0;0;5]},{'A',[5;5;40],2,[1;1;2],1,2,[1;1;32],1,0},{'M',[160;64;1],3,[1;1;1],0,[NaN;6;0],[5;5;40],2,[5;NaN;NaN]},{'M',[10;5;40],3,[5;5;40],2,[1;0;0]},{'A',[170;59;41],4,[160;64;1],3,0,[10;-5;40],3,0},{'M',[64;59;41],5,[1;1;1],0,[6;NaN;NaN],[170;59;41],4,[NaN;0;0]},{'M',[5;10;1],3,[1;1;1],0,[NaN;NaN;0],[5;5;40],2,[0;1;NaN]},{'A',[54;39;43],6,[64;59;41],5,0,[-5;-10;1],3,1},{'M',[1;4;4],1,[1;1;1],0,[0;2;2]},{'M',[256;39;8],7,[1;1;1],0,[8;NaN;3],[54;39;43],6,[NaN;0;NaN]},{'A',[257;43;12],8,[1;4;4],1,0,[256;39;8],7,0},{'M',[257;16;16],9,[1;1;1],0,[NaN;4;4],[257;43;12],8,[0;NaN;NaN]},{'M',[54;39;4],7,[1;1;1],0,[NaN;NaN;2],[54;39;43],6,[0;0;NaN]},{'A',[460;71;36],10,[257;16;16],9,1,[-54;39;4],7,0},{'M',[10;10;43],7,[5;5;40],2,[1;1;NaN],[54;39;43],6,[NaN;NaN;0]},{'M',[257;512;512],9,[1;1;1],0,[NaN;9;9],[257;43;12],8,[0;NaN;NaN]},{'A',[297;552;684],10,[10;10;43],7,2,[257;512;512],9,0},{'M',[5;39;16],7,[1;1;1],0,[NaN;NaN;4],[5;5;40],2,[0;NaN;NaN],[54;39;43],6,[NaN;0;NaN]},{'M',[5;156;172],7,[5;5;40],2,[0;NaN;NaN],[54;39;43],6,[NaN;2;2]},{'A',[25;312;236],8,[5;39;16],7,2,[5;156;172],7,0},{'M',[680;39;236],9,[170;59;41],4,[2;NaN;NaN],[54;39;43],6,[NaN;0;NaN],[25;312;236],8,[NaN;NaN;0]},{'M',[257;568;288],11,[257;43;12],8,[0;NaN;NaN],[460;71;36],10,[NaN;3;3]},{'A',[423;607;524],12,[680;39;236],9,0,[-257;568;288],11,0},{'M',[257;43;72],11,[257;43;12],8,[0;0;NaN],[460;71;36],10,[NaN;NaN;1]},{'M',[460;71;1],11,[1;1;1],0,[NaN;NaN;0],[460;71;36],10,[0;0;NaN]},{'A',[974;15;143],12,[257;43;72],11,1,[460;-71;-1],11,0},{'M',[423;128;1048],13,[1;1;1],0,[NaN;7;NaN],[423;607;524],12,[0;NaN;1]},{'M',[10;59;41],5,[5;5;40],2,[1;NaN;NaN],[170;59;41],4,[NaN;0;0]},{'A',[413;187;1007],14,[423;128;1048],13,0,[-10;59;-41],5,0},{'M',[297;312;236],11,[297;552;684],10,[0;NaN;NaN],[25;312;236],8,[NaN;0;0]},{'M',[340;15;143],13,[170;59;41],4,[1;NaN;NaN],[974;15;143],12,[NaN;0;0]},{'A',[637;327;379],14,[297;312;236],11,0,[340;15;143],13,0},{'M',[460;172;143],13,[257;43;12],8,[NaN;2;NaN],[460;71;36],10,[0;NaN;NaN],[974;15;143],12,[NaN;NaN;0]},{'M',[50;15;143],13,[25;312;236],8,[1;NaN;NaN],[974;15;143],12,[NaN;0;0]},{'A',[870;329;429],14,[460;172;143],13,1,[-50;-15;143],13,0},{'O',[413;187;1007],14,[413;187;1007],14,0},{'O',[870;329;429],14,[870;329;429],14,0},{'M',[100;607;684],13,[297;552;684],10,[NaN;NaN;0],[25;312;236],8,[2;NaN;NaN],[423;607;524],12,[NaN;0;NaN]},{'O',[100;607;684],13,[100;607;684],13,0},{'O',[637;327;379],14,[637;327;379],14,0},{'M',[974;30;286],13,[974;15;143],12,[0;1;1]},{'O',[974;30;286],13,[974;30;286],13,0}}
Adder graph: {{'M',[1;16;16],1,[1;1;1],0,[0;4;4]},{'A',[-3;65;-63],2,[1;1;1],0,0,[-1;16;-16],1,2},{'A',[-7;69;-59],3,[-3;65;-63],2,0,[-1;1;1],0,2},{'M',[-6;69;16],4,[1;1;1],0,[NaN;NaN;4],[-3;65;-63],2,[1;NaN;NaN],[-7;69;-59],3,[NaN;0;NaN]},{'M',[-28;128;1],4,[1;1;1],0,[NaN;7;0],[-7;69;-59],3,[2;NaN;NaN]},{'A',[50;-187;14],5,[-6;69;16],4,0,[28;-128;-1],4,1},{'M',[-12;69;1],4,[1;1;1],0,[NaN;NaN;0],[-3;65;-63],2,[2;NaN;NaN],[-7;69;-59],3,[NaN;0;NaN]},{'M',[512;1;1],1,[1;1;1],0,[9;0;0]},{'A',[-524;70;0],5,[-12;69;1],4,0,[-512;1;-1],1,0},{'M',[-1048;-187;-504],6,[-3;65;-63],2,[NaN;NaN;3],[50;-187;14],5,[NaN;0;NaN],[-524;70;0],5,[1;NaN;NaN]},{'M',[2;140;1],6,[1;1;1],0,[1;NaN;0],[-524;70;0],5,[NaN;1;NaN]},{'A',[-1050;-327;-505],7,[-1048;-187;-504],6,0,[-2;-140;-1],6,0},{'M',[512;140;-63],6,[1;1;1],0,[9;NaN;NaN],[-3;65;-63],2,[NaN;NaN;0],[-524;70;0],5,[NaN;1;NaN]},{'A',[-26;607;379],8,[512;140;-63],6,1,[-1050;327;505],7,0},{'M',[-3;280;0],6,[-3;65;-63],2,[0;NaN;NaN],[-524;70;0],5,[NaN;2;2]},{'M',[-384;607;379],9,[-3;65;-63],2,[7;NaN;NaN],[-26;607;379],8,[NaN;0;0]},{'A',[-387;-327;-379],10,[-3;280;0],6,0,[-384;-607;-379],9,0},{'M',[-3;4;-252],3,[1;1;1],0,[NaN;2;NaN],[-3;65;-63],2,[0;NaN;2]},{'M',[1;130;1],3,[1;1;1],0,[0;NaN;0],[-3;65;-63],2,[NaN;1;NaN]},{'A',[-13;-114;-1007],4,[-3;4;-252],3,2,[-1;-130;1],3,0},{'M',[-896;-327;-7552],11,[-7;69;-59],3,[7;NaN;7],[-387;-327;-379],10,[NaN;0;NaN]},{'A',[870;99;5538],12,[-13;-114;-1007],4,1,[896;327;7552],11,0},{'M',[870;99;112],13,[50;-187;14],5,[NaN;NaN;3],[870;99;5538],12,[0;0;NaN]},{'M',[-104;69;-59],5,[-7;69;-59],3,[NaN;0;0],[-13;-114;-1007],4,[3;NaN;NaN]},{'A',[974;30;171],14,[870;99;112],13,0,[104;-69;59],5,0},{'M',[-26;260;379],9,[-3;65;-63],2,[NaN;2;NaN],[-26;607;379],8,[0;NaN;0]},{'M',[-387;396;-236],13,[-7;69;-59],3,[NaN;NaN;2],[-387;-327;-379],10,[0;NaN;NaN],[870;99;5538],12,[NaN;2;NaN]},{'A',[-413;656;143],14,[-26;260;379],9,0,[-387;396;-236],13,0},{'M',[-1050;-327;572],15,[-1050;-327;-505],7,[0;0;NaN],[-413;656;143],14,[NaN;NaN;2]},{'A',[-637;329;429],16,[-1050;-327;572],15,0,[413;656;-143],14,0},{'M',[-413;-187;-1007],15,[50;-187;14],5,[NaN;0;NaN],[-13;-114;-1007],4,[NaN;NaN;0],[-413;656;143],14,[0;NaN;NaN]},{'O',[413;187;1007],15,[413;187;1007],15,0},{'M',[870;329;429],17,[870;99;5538],12,[0;NaN;NaN],[-637;329;429],16,[NaN;0;0]},{'O',[870;329;429],17,[870;329;429],17,0},{'M',[100;607;684],15,[50;-187;14],5,[1;NaN;NaN],[-26;607;379],8,[NaN;0;NaN],[974;30;171],14,[NaN;NaN;2]},{'O',[100;607;684],15,[100;607;684],15,0},{'M',[-637;-327;-379],17,[-387;-327;-379],10,[NaN;0;0],[-637;329;429],16,[0;NaN;NaN]},{'O',[637;327;379],17,[637;327;379],17,0},{'M',[974;30;286],15,[974;30;171],14,[0;0;NaN],[-413;656;143],14,[NaN;NaN;1]},{'O',[974;30;286],15,[974;30;286],15,0}}
Adder graph: {{'M',[8;16;1],1,[1;1;1],0,[3;4;0]},{'A',[31;63;5],2,[8;16;1],1,2,[-1;-1;1],0,0},{'M',[16;63;16],3,[1;1;1],0,[4;NaN;4],[31;63;5],2,[NaN;0;NaN]},{'M',[31;16;5],3,[1;1;1],0,[NaN;4;NaN],[31;63;5],2,[0;NaN;0]},{'A',[47;47;11],4,[16;63;16],3,0,[31;-16;-5],3,0},{'M',[64;63;64],3,[1;1;1],0,[6;NaN;6],[31;63;5],2,[NaN;0;NaN]},{'A',[440;313;152],5,[47;47;11],4,3,[64;-63;64],3,0},{'M',[16;16;1],1,[1;1;1],0,[4;4;0]},{'M',[31;4;4],3,[1;1;1],0,[NaN;2;2],[31;63;5],2,[0;NaN;NaN]},{'A',[97;132;4],4,[16;16;1],1,3,[-31;4;-4],3,0},{'M',[440;313;1024],6,[440;313;152],5,[0;0;NaN],[97;132;4],4,[NaN;NaN;8]},{'A',[409;329;1029],7,[440;313;1024],6,0,[-31;16;5],3,0},{'M',[97;132;32],5,[97;132;4],4,[0;0;3]},{'A',[435;575;139],6,[47;47;11],4,0,[97;132;32],5,2},{'M',[1;2;2],1,[1;1;1],0,[0;1;1]},{'A',[451;607;171],7,[1;2;2],1,4,[435;575;139],6,0},{'M',[194;264;1029],8,[97;132;4],4,[1;1;NaN],[409;329;1029],7,[NaN;NaN;0]},{'M',[47;313;11],6,[47;47;11],4,[0;NaN;0],[440;313;152],5,[NaN;0;NaN]},{'A',[100;-362;1007],9,[194;264;1029],8,0,[-47;-313;-11],6,1},{'M',[451;329;4],8,[97;132;4],4,[NaN;NaN;0],[409;329;1029],7,[NaN;0;NaN],[451;607;171],7,[0;NaN;NaN]},{'M',[376;512;139],7,[1;1;1],0,[NaN;9;NaN],[47;47;11],4,[3;NaN;NaN],[435;575;139],6,[NaN;NaN;0]},{'A',[75;-183;143],9,[451;329;4],8,0,[-376;-512;139],7,0},{'M',[1;1;352],5,[1;1;1],0,[0;0;NaN],[47;47;11],4,[NaN;NaN;5]},{'M',[409;-183;1029],10,[409;329;1029],7,[0;NaN;0],[75;-183;143],9,[NaN;0;NaN]},{'A',[413;187;379],11,[1;1;352],5,2,[409;183;-1029],10,0},{'M',[440;32;44],6,[1;1;1],0,[NaN;5;NaN],[47;47;11],4,[NaN;NaN;2],[440;313;152],5,[0;NaN;NaN]},{'A',[487;15;55],7,[47;47;11],4,0,[440;-32;44],6,0},{'M',[487;329;440],8,[409;329;1029],7,[NaN;0;NaN],[487;15;55],7,[0;NaN;3]},{'M',[150;2;11],10,[1;1;1],0,[NaN;1;NaN],[47;47;11],4,[NaN;NaN;0],[75;-183;143],9,[1;NaN;NaN]},{'A',[637;327;429],11,[487;329;440],8,0,[150;-2;-11],10,0},{'M',[413;187;1007],12,[100;-362;1007],9,[NaN;NaN;0],[413;187;379],11,[0;0;NaN]},{'O',[413;187;1007],12,[413;187;1007],12,0},{'M',[870;329;429],12,[409;329;1029],7,[NaN;0;NaN],[435;575;139],6,[1;NaN;NaN],[637;327;429],11,[NaN;NaN;0]},{'O',[870;329;429],12,[870;329;429],12,0},{'M',[100;607;684],10,[451;607;171],7,[NaN;0;2],[100;-362;1007],9,[0;NaN;NaN]},{'O',[100;607;684],10,[100;607;684],10,0},{'M',[637;327;379],12,[413;187;379],11,[NaN;NaN;0],[637;327;429],11,[0;0;NaN]},{'O',[637;327;379],12,[637;327;379],12,0},{'M',[487;15;143],10,[75;-183;143],9,[NaN;NaN;0],[487;15;55],7,[0;0;NaN]},{'O',[974;30;286],10,[487;15;143],10,1}}
Adder graph: {{'M',[64;1;1],1,[1;1;1],0,[6;0;0]},{'A',[68;-3;-3],2,[64;1;1],1,0,[1;-1;-1],0,2},{'M',[68;-384;-384],3,[68;-3;-3],2,[0;7;7]},{'A',[800;-2816;3328],4,[1;1;1],0,8,[68;-384;384],3,3},{'A',[0;-88;104],5,[800;-2816;3328],4,-6,[-800;-2816;3328],4,-6},{'M',[1;-176;1],6,[1;1;1],0,[0;NaN;0],[0;-88;104],5,[NaN;1;NaN]},{'M',[64;1;128],1,[1;1;1],0,[6;0;7]},{'A',[513;-184;1025],7,[1;-176;1],6,0,[64;-1;128],1,3},{'M',[0;-184;104],8,[0;-88;104],5,[0;NaN;0],[513;-184;1025],7,[NaN;0;NaN]},{'A',[100;329;429],9,[0;-184;104],8,-3,[800;2816;3328],4,-3},{'M',[513;-192;-192],8,[68;-3;-3],2,[NaN;6;6],[513;-184;1025],7,[0;NaN;NaN]},{'M',[8;1;8],1,[1;1;1],0,[3;0;3]},{'A',[521;-193;-184],9,[513;-192;-192],8,0,[8;-1;8],1,0},{'M',[513;-6;2050],8,[68;-3;-3],2,[NaN;1;NaN],[513;-184;1025],7,[0;NaN;1]},{'M',[100;-193;1716],10,[100;329;429],9,[0;NaN;2],[521;-193;-184],9,[NaN;0;NaN]},{'A',[413;187;334],11,[513;-6;2050],8,0,[-100;193;-1716],10,0},{'M',[413;16;334],12,[1;1;1],0,[NaN;4;NaN],[413;187;334],11,[0;NaN;0]},{'M',[3304;1;8],12,[1;1;1],0,[NaN;0;3],[413;187;334],11,[3;NaN;NaN]},{'A',[3717;15;342],13,[413;16;334],12,0,[3304;-1;8],12,0},{'M',[513;-768;1025],8,[68;-3;-3],2,[NaN;8;NaN],[513;-184;1025],7,[0;NaN;0]},{'M',[64;-88;-368],10,[1;1;1],0,[6;NaN;NaN],[0;-88;104],5,[NaN;0;NaN],[521;-193;-184],9,[NaN;NaN;1]},{'A',[385;-592;289],11,[513;-768;1025],8,0,[-64;88;-368],10,1},{'M',[521;-193;-24],10,[68;-3;-3],2,[NaN;NaN;3],[521;-193;-184],9,[0;0;NaN]},{'M',[68;-3;334],12,[68;-3;-3],2,[0;0;NaN],[413;187;334],11,[NaN;NaN;0]},{'A',[974;-389;286],13,[521;-193;-24],10,1,[-68;-3;334],12,0},{'M',[3717;15;668],14,[413;187;334],11,[NaN;NaN;1],[3717;15;342],13,[0;0;NaN]},{'M',[3080;-592;289],12,[385;-592;289],11,[3;0;0]},{'A',[637;607;379],15,[3717;15;668],14,0,[-3080;592;-289],12,0},{'M',[385;1;289],12,[1;1;1],0,[NaN;0;NaN],[385;-592;289],11,[0;NaN;0]},{'A',[870;327;1007],13,[100;329;429],9,0,[385;-1;289],12,1},{'M',[413;187;1007],14,[413;187;334],11,[0;0;NaN],[870;327;1007],13,[NaN;NaN;0]},{'O',[413;187;1007],14,[413;187;1007],14,0},{'M',[870;329;429],14,[100;329;429],9,[NaN;0;0],[870;327;1007],13,[0;NaN;NaN]},{'O',[870;329;429],14,[870;329;429],14,0},{'M',[100;607;684],16,[100;329;429],9,[0;NaN;NaN],[3717;15;342],13,[NaN;NaN;1],[637;607;379],15,[NaN;0;NaN]},{'O',[100;607;684],16,[100;607;684],16,0},{'M',[637;327;379],16,[637;607;379],15,[0;NaN;0],[870;327;1007],13,[NaN;0;NaN]},{'O',[637;327;379],16,[637;327;379],16,0},{'M',[974;30;286],14,[3717;15;342],13,[NaN;1;NaN],[974;-389;286],13,[0;NaN;0]},{'O',[974;30;286],14,[974;30;286],14,0}}
Adder graph: {{'M',[1;16;1],1,[1;1;1],0,[0;4;0]},{'A',[-3;12;5],2,[1;16;1],1,0,[-1;-1;1],0,2},{'M',[-6;1;4],3,[1;1;1],0,[NaN;0;2],[-3;12;5],2,[1;NaN;NaN]},{'A',[25;5;17],4,[1;1;1],0,0,[6;1;4],3,2},{'M',[1;96;40],3,[1;1;1],0,[0;NaN;NaN],[-3;12;5],2,[NaN;3;3]},{'M',[50;5;32],5,[1;1;1],0,[NaN;NaN;5],[25;5;17],4,[1;0;NaN]},{'A',[52;187;112],6,[1;96;40],3,1,[50;-5;32],5,0},{'M',[-3;96;40],3,[-3;12;5],2,[0;3;3]},{'M',[208;1;64],7,[1;1;1],0,[NaN;0;6],[52;187;112],6,[2;NaN;NaN]},{'A',[410;190;208],8,[-3;96;40],3,1,[208;-1;64],7,1},{'M',[820;187;544],9,[25;5;17],4,[NaN;NaN;5],[52;187;112],6,[NaN;0;NaN],[410;190;208],8,[1;NaN;NaN]},{'M',[25;12;17],5,[-3;12;5],2,[NaN;0;NaN],[25;5;17],4,[0;NaN;0]},{'A',[870;211;578],10,[820;187;544],9,0,[25;12;17],5,1},{'M',[410;422;1024],11,[1;1;1],0,[NaN;NaN;10],[410;190;208],8,[0;NaN;NaN],[870;211;578],10,[NaN;1;NaN]},{'M',[-3;5;17],5,[-3;12;5],2,[0;NaN;NaN],[25;5;17],4,[NaN;0;0]},{'A',[413;417;1007],12,[410;422;1024],11,0,[3;-5;-17],5,0},{'M',[128;5;40],5,[1;1;1],0,[7;NaN;NaN],[-3;12;5],2,[NaN;NaN;3],[25;5;17],4,[NaN;0;NaN]},{'A',[487;15;143],6,[128;5;40],5,2,[-25;-5;-17],4,0},{'A',[845;375;399],9,[410;190;208],8,1,[25;-5;-17],4,0},{'M',[52;12;5],7,[-3;12;5],2,[NaN;0;0],[52;187;112],6,[0;NaN;NaN]},{'A',[-637;-327;-379],10,[52;12;5],7,2,[-845;-375;-399],9,0},{'M',[2048;417;112],13,[1;1;1],0,[11;NaN;NaN],[52;187;112],6,[NaN;NaN;0],[413;417;1007],12,[NaN;0;NaN]},{'M',[1948;190;572],9,[410;190;208],8,[NaN;0;NaN],[487;15;143],6,[2;NaN;2]},{'A',[100;607;684],14,[2048;417;112],13,0,[-1948;190;572],9,0},{'A',[8;-22;12],3,[1;1;1],0,1,[3;-12;5],2,1},{'M',[870;-88;578],11,[870;211;578],10,[0;NaN;0],[8;-22;12],3,[NaN;2;NaN]},{'A',[1283;329;429],13,[413;417;1007],12,0,[870;-88;-578],11,0},{'M',[413;187;1007],13,[52;187;112],6,[NaN;0;NaN],[413;417;1007],12,[0;NaN;0]},{'O',[413;187;1007],13,[413;187;1007],13,0},{'M',[870;329;429],14,[870;211;578],10,[0;NaN;NaN],[1283;329;429],13,[NaN;0;0]},{'O',[870;329;429],14,[870;329;429],14,0},{'O',[100;607;684],14,[100;607;684],14,0},{'O',[637;327;379],10,[637;327;379],10,0},{'O',[974;30;286],6,[487;15;143],6,1}}
Adder graph: {{'M',[2;1;1],1,[1;1;1],0,[1;0;0]},{'M',[1;1;16],1,[1;1;1],0,[0;0;4]},{'A',[96;80;-1008],2,[2;1;1],1,4,[1;1;-16],1,6},{'M',[1;4;4],1,[1;1;1],0,[0;2;2]},{'A',[1;7;7],2,[1;4;4],1,1,[-1;-1;-1],0,0},{'M',[1;112;1],3,[1;1;1],0,[0;NaN;0],[1;7;7],2,[NaN;4;NaN]},{'A',[100;-368;-1004],4,[96;80;-1008],2,0,[1;-112;1],3,2},{'M',[100;-368;-2008],5,[100;-368;-1004],4,[0;0;1]},{'A',[101;-367;-2007],6,[100;-368;-2008],5,0,[1;1;1],0,0},{'M',[64;1;1],1,[1;1;1],0,[6;0;0]},{'A',[513;15;15],3,[64;1;1],1,3,[1;7;7],2,0},{'A',[-50;187;1007],7,[1;7;7],2,-1,[-101;367;2007],6,-1},{'M',[-50;56;1007],8,[1;7;7],2,[NaN;3;NaN],[-50;187;1007],7,[0;NaN;0]},{'M',[64;15;448],4,[1;7;7],2,[6;NaN;6],[513;15;15],3,[NaN;0;NaN]},{'A',[78;86;111],9,[-50;56;1007],8,0,[64;15;-448],4,1},{'M',[1;240;128],4,[1;1;1],0,[NaN;NaN;7],[1;7;7],2,[0;NaN;NaN],[513;15;15],3,[NaN;4;NaN]},{'M',[4992;-367;-2007],10,[101;-367;-2007],6,[NaN;0;0],[78;86;111],9,[6;NaN;NaN]},{'A',[5000;2287;3031],11,[1;240;128],4,3,[4992;367;2007],10,0},{'M',[513;172;222],10,[513;15;15],3,[0;NaN;NaN],[78;86;111],9,[NaN;1;1]},{'M',[156;15;15],10,[513;15;15],3,[NaN;0;0],[78;86;111],9,[1;NaN;NaN]},{'A',[870;329;429],11,[513;172;222],10,1,[-156;-15;-15],10,0},{'M',[96;329;1],12,[1;1;1],0,[NaN;NaN;0],[96;80;-1008],2,[0;NaN;NaN],[870;329;429],11,[NaN;0;NaN]},{'A',[637;327;379],13,[96;329;1],12,-3,[5000;2287;3031],11,-3},{'M',[78;60;60],10,[513;15;15],3,[NaN;2;2],[78;86;111],9,[0;NaN;NaN]},{'M',[101;-367;444],10,[101;-367;-2007],6,[0;0;NaN],[78;86;111],9,[NaN;NaN;2]},{'A',[413;607;684],11,[78;60;60],10,2,[101;367;444],10,0},{'M',[-50;187;256],8,[1;1;1],0,[NaN;NaN;8],[-50;187;1007],7,[0;0;NaN]},{'M',[512;15;15],4,[1;1;1],0,[9;NaN;NaN],[513;15;15],3,[NaN;0;0]},{'A',[974;217;286],9,[-50;187;256],8,0,[512;15;15],4,1},{'M',[413;187;1007],12,[-50;187;1007],7,[NaN;0;0],[413;607;684],11,[0;NaN;NaN]},{'O',[413;187;1007],12,[413;187;1007],12,0},{'O',[870;329;429],11,[870;329;429],11,0},{'M',[100;607;684],12,[100;-368;-1004],4,[0;NaN;NaN],[413;607;684],11,[NaN;0;0]},{'O',[100;607;684],12,[100;607;684],12,0},{'O',[637;327;379],13,[637;327;379],13,0},{'M',[974;30;286],10,[513;15;15],3,[NaN;1;NaN],[974;217;286],9,[0;NaN;0]},{'O',[974;30;286],10,[974;30;286],10,0}}
Adder graph: {{'A',[4;12;4],1,[1;1;1],0,3,[-1;1;-1],0,2},{'M',[1;32;1],1,[1;1;1],0,[0;5;0]},{'A',[255;224;257],2,[1;1;1],0,8,[-1;-32;1],1,0},{'M',[1;4;1],1,[1;1;1],0,[0;2;0]},{'A',[-127;-511;-127],2,[1;1;1],0,0,[-1;-4;-1],1,7},{'M',[1;1;-127],3,[1;1;1],0,[0;0;NaN],[-127;-511;-127],2,[NaN;NaN;0]},{'A',[17;15;143],4,[1;1;1],0,4,[1;-1;127],3,0},{'M',[17;32;143],5,[1;1;1],0,[NaN;5;NaN],[17;15;143],4,[0;NaN;0]},{'A',[161;-447;159],6,[17;32;143],5,1,[127;-511;-127],2,0},{'M',[34;30;1],5,[1;1;1],0,[NaN;NaN;0],[17;15;143],4,[1;1;NaN]},{'A',[391;344;261],6,[34;30;1],5,2,[255;224;257],2,0},{'M',[-127;-447;143],7,[-127;-511;-127],2,[0;NaN;NaN],[17;15;143],4,[NaN;NaN;0],[161;-447;159],6,[NaN;0;NaN]},{'M',[255;60;261],7,[255;224;257],2,[0;NaN;NaN],[17;15;143],4,[NaN;2;NaN],[391;344;261],6,[NaN;NaN;0]},{'A',[-637;-327;-379],8,[-127;-447;143],7,0,[-255;60;-261],7,1},{'M',[161;-447;64],7,[1;1;1],0,[NaN;NaN;6],[161;-447;159],6,[0;0;NaN]},{'A',[-157;-443;-60],8,[1;1;1],0,2,[-161;-447;-64],7,0},{'M',[-157;-443;636],9,[161;-447;159],6,[NaN;NaN;2],[-157;-443;-60],8,[0;0;NaN]},{'M',[128;128;4],2,[1;1;1],0,[7;7;NaN],[4;12;4],1,[NaN;NaN;0]},{'A',[-413;-187;628],10,[-157;-443;636],9,0,[-128;128;-4],2,1},{'M',[1288;-327;-379],9,[161;-447;159],6,[3;NaN;NaN],[-637;-327;-379],8,[NaN;0;0]},{'M',[-314;-886;628],11,[-157;-443;-60],8,[1;1;NaN],[-413;-187;628],10,[NaN;NaN;0]},{'A',[974;559;-1007],12,[1288;-327;-379],9,0,[-314;886;-628],11,0},{'M',[-826;15;143],11,[17;15;143],4,[NaN;0;0],[-413;-187;628],10,[1;NaN;NaN]},{'M',[391;344;572],7,[17;15;143],4,[NaN;NaN;2],[391;344;261],6,[0;0;NaN]},{'A',[-435;-329;-429],12,[-826;15;143],11,0,[391;-344;-572],7,0},{'M',[16;48;628],11,[4;12;4],1,[2;2;NaN],[-413;-187;628],10,[NaN;NaN;0]},{'M',[68;-511;572],5,[-127;-511;-127],2,[NaN;0;NaN],[17;15;143],4,[2;NaN;2]},{'A',[100;607;684],12,[16;48;628],11,1,[68;511;-572],5,0},{'M',[-413;-187;-1007],13,[-413;-187;628],10,[0;0;NaN],[974;559;-1007],12,[NaN;NaN;0]},{'O',[413;187;1007],13,[413;187;1007],13,0},{'M',[-870;-329;-429],13,[-435;-329;-429],12,[1;0;0]},{'O',[870;329;429],13,[870;329;429],13,0},{'O',[100;607;684],12,[100;607;684],12,0},{'O',[637;327;379],8,[637;327;379],8,0},{'M',[974;30;286],13,[17;15;143],4,[NaN;1;1],[974;559;-1007],12,[0;NaN;NaN]},{'O',[974;30;286],13,[974;30;286],13,0}}
Adder graph: {{'A',[-3;-3;5],1,[1;1;1],0,0,[-1;-1;1],0,2},{'M',[-3;2;2],2,[1;1;1],0,[NaN;1;1],[-3;-3;5],1,[0;NaN;NaN]},{'M',[-6;1;1],2,[1;1;1],0,[NaN;0;0],[-3;-3;5],1,[1;NaN;NaN]},{'A',[-60;30;34],3,[-3;2;2],2,4,[-6;-1;1],2,1},{'A',[-28;36;-28],1,[1;1;1],0,2,[-1;1;-1],0,5},{'M',[-60;36;34],4,[-60;30;34],3,[0;NaN;0],[-28;36;-28],1,[NaN;0;NaN]},{'A',[121;-71;69],5,[1;1;1],0,0,[60;-36;34],4,1},{'A',[239;-145;143],6,[121;-71;69],5,1,[-3;-3;5],1,0},{'M',[-3;-290;286],7,[-3;-3;5],1,[0;NaN;NaN],[239;-145;143],6,[NaN;1;1]},{'A',[233;435;-429],8,[239;-145;143],6,0,[-3;290;-286],7,1},{'M',[121;435;-429],9,[121;-71;69],5,[0;NaN;NaN],[233;435;-429],8,[NaN;0;0]},{'A',[25;339;-269],10,[121;435;-429],9,0,[-3;-3;5],1,5},{'M',[1024;-71;572],7,[1;1;1],0,[10;NaN;NaN],[121;-71;69],5,[NaN;0;NaN],[239;-145;143],6,[NaN;NaN;2]},{'M',[25;339;-56],11,[-28;36;-28],1,[NaN;NaN;1],[25;339;-269],10,[0;0;NaN]},{'A',[974;607;684],12,[1024;-71;572],7,0,[-25;339;56],11,1},{'M',[-240;-71;69],6,[-60;30;34],3,[2;NaN;NaN],[121;-71;69],5,[NaN;0;0]},{'M',[-60;30;320],4,[-3;-3;5],1,[NaN;NaN;6],[-60;30;34],3,[0;0;NaN]},{'A',[-1680;-688;-728],7,[-240;-71;69],6,3,[60;-30;-320],4,2},{'A',[-870;-329;381],8,[-60;30;34],3,-1,[-1680;-688;728],7,-1},{'M',[233;2;2],9,[1;1;1],0,[NaN;1;1],[233;435;-429],8,[0;NaN;NaN]},{'A',[-637;-327;-379],10,[233;2;2],9,0,[-870;-329;-381],8,0},{'M',[-637;-329;69],11,[121;-71;69],5,[NaN;NaN;0],[-870;-329;381],8,[NaN;0;NaN],[-637;-327;-379],10,[0;NaN;NaN]},{'M',[-112;-71;-538],11,[-28;36;-28],1,[2;NaN;NaN],[121;-71;69],5,[NaN;0;NaN],[25;339;-269],10,[NaN;NaN;1]},{'A',[-413;-187;-1007],12,[-637;-329;69],11,0,[112;71;-538],11,1},{'O',[413;187;1007],12,[413;187;1007],12,0},{'M',[-870;-329;-429],9,[233;435;-429],8,[NaN;NaN;0],[-870;-329;381],8,[0;0;NaN]},{'O',[870;329;429],9,[870;329;429],9,0},{'M',[100;607;684],13,[25;339;-269],10,[2;NaN;NaN],[974;607;684],12,[NaN;0;0]},{'O',[100;607;684],13,[100;607;684],13,0},{'O',[637;327;379],10,[637;327;379],10,0},{'M',[974;30;286],13,[-60;30;34],3,[NaN;0;NaN],[239;-145;143],6,[NaN;NaN;1],[974;607;684],12,[0;NaN;NaN]},{'O',[974;30;286],13,[974;30;286],13,0}}
Adder graph: {{'M',[4;1;1],1,[1;1;1],0,[2;0;0]},{'A',[68;15;17],2,[4;1;1],1,4,[4;-1;1],1,0},{'M',[16;16;1],1,[1;1;1],0,[4;4;0]},{'A',[-31;33;3],2,[1;1;1],0,0,[-16;16;1],1,1},{'M',[2;33;3],3,[1;1;1],0,[1;NaN;NaN],[-31;33;3],2,[NaN;0;0]},{'A',[2;37;7],4,[1;1;1],0,2,[-2;33;3],3,0},{'M',[68;15;1088],3,[68;15;17],2,[0;0;6]},{'A',[100;607;1200],5,[2;37;7],4,4,[68;15;1088],3,0},{'M',[100;33;3],6,[-31;33;3],2,[NaN;0;0],[100;607;1200],5,[0;NaN;NaN]},{'A',[28;161;125],7,[1;1;1],0,7,[-100;33;-3],6,0},{'M',[68;296;17],5,[68;15;17],2,[0;NaN;0],[2;37;7],4,[NaN;3;NaN]},{'M',[256;161;256],8,[1;1;1],0,[8;NaN;8],[28;161;125],7,[NaN;0;NaN]},{'A',[-444;-26;529],9,[68;296;17],5,0,[-256;-161;256],8,1},{'M',[-31;161;1536],8,[-31;33;3],2,[0;NaN;9],[28;161;125],7,[NaN;0;NaN]},{'A',[413;187;1007],10,[-31;161;1536],8,0,[444;26;-529],9,0},{'M',[28;30;34],8,[68;15;17],2,[NaN;1;1],[28;161;125],7,[0;NaN;NaN]},{'M',[413;187;14],11,[2;37;7],4,[NaN;NaN;1],[413;187;1007],10,[0;0;NaN]},{'A',[637;53;286],12,[28;30;34],8,3,[413;-187;14],11,0},{'M',[136;53;286],13,[68;15;17],2,[1;NaN;NaN],[637;53;286],12,[NaN;0;0]},{'M',[-444;-26;14],10,[2;37;7],4,[NaN;NaN;1],[-444;-26;529],9,[0;0;NaN]},{'A',[-1640;-51;342],14,[136;53;286],13,0,[-444;-26;14],10,2},{'A',[300;221;193],8,[68;15;17],2,2,[28;161;125],7,0},{'A',[974;327;379],13,[637;53;286],12,1,[-300;221;-193],8,0},{'A',[870;329;429],15,[100;607;1200],5,-1,[1640;51;-342],14,-1},{'O',[413;187;1007],10,[413;187;1007],10,0},{'O',[870;329;429],15,[870;329;429],15,0},{'M',[100;607;684],15,[100;607;1200],5,[0;0;NaN],[-1640;-51;342],14,[NaN;NaN;1]},{'O',[100;607;684],15,[100;607;684],15,0},{'M',[637;327;379],14,[637;53;286],12,[0;NaN;NaN],[974;327;379],13,[NaN;0;0]},{'O',[637;327;379],14,[637;327;379],14,0},{'M',[974;30;286],14,[68;15;17],2,[NaN;1;NaN],[637;53;286],12,[NaN;NaN;0],[974;327;379],13,[0;NaN;NaN]},{'O',[974;30;286],14,[974;30;286],14,0}}
Adder graph: {{'A',[257;-255;257],1,[1;1;1],0,0,[1;-1;1],0,8},{'A',[385;-383;385],2,[257;-255;257],1,0,[1;-1;1],0,7},{'M',[16;16;1],1,[1;1;1],0,[4;4;0]},{'A',[17;17;2],2,[16;16;1],1,0,[1;1;1],0,0},{'A',[-9;-9;6],3,[1;1;1],0,3,[-17;-17;-2],2,0},{'A',[-89;-55;50],4,[-9;-9;6],3,3,[-17;17;2],2,0},{'A',[457;-455;337],4,[385;-383;385],2,0,[9;-9;-6],3,3},{'M',[257;-1020;1028],2,[257;-255;257],1,[0;2;2]},{'M',[-89;-440;200],5,[-89;-55;50],4,[0;3;2]},{'A',[435;-140;628],6,[257;-1020;1028],2,0,[89;440;-200],5,1},{'M',[-9;-55;6],5,[-9;-9;6],3,[0;NaN;0],[-89;-55;50],4,[NaN;0;NaN]},{'M',[272;272;385],3,[385;-383;385],2,[NaN;NaN;0],[17;17;2],2,[4;4;NaN]},{'A',[-281;-327;-379],6,[-9;-55;6],5,0,[-272;-272;-385],3,0},{'M',[435;-220;200],7,[-89;-55;50],4,[NaN;2;2],[435;-140;628],6,[0;NaN;NaN]},{'M',[457;-455;257],5,[257;-255;257],1,[NaN;NaN;0],[457;-455;337],4,[0;0;NaN]},{'A',[413;15;143],8,[435;-220;200],7,1,[-457;455;-257],5,0},{'M',[770;-327;572],9,[385;-383;385],2,[1;NaN;NaN],[-281;-327;-379],6,[NaN;0;NaN],[413;15;143],8,[NaN;NaN;2]},{'A',[-100;-607;-684],10,[770;-327;572],9,0,[-435;-140;-628],6,1},{'M',[-89;2;50],5,[1;1;1],0,[NaN;1;NaN],[-89;-55;50],4,[0;NaN;0]},{'M',[-576;-327;-379],7,[-9;-9;6],3,[6;NaN;NaN],[-281;-327;-379],6,[NaN;0;0]},{'A',[487;329;429],8,[-89;2;50],5,0,[576;327;379],7,0},{'M',[-356;-140;628],7,[-89;-55;50],4,[2;NaN;NaN],[435;-140;628],6,[NaN;0;0]},{'A',[-637;187;1007],8,[-356;-140;628],7,0,[-281;327;379],6,0},{'M',[413;187;1007],9,[413;15;143],8,[0;NaN;NaN],[-637;187;1007],8,[NaN;0;0]},{'O',[413;187;1007],9,[413;187;1007],9,0},{'M',[870;329;429],9,[435;-140;628],6,[1;NaN;NaN],[487;329;429],8,[NaN;0;0]},{'O',[870;329;429],9,[870;329;429],9,0},{'O',[100;607;684],10,[100;607;684],10,0},{'M',[-637;-327;-379],9,[-281;-327;-379],6,[NaN;0;0],[-637;187;1007],8,[0;NaN;NaN]},{'O',[637;327;379],9,[637;327;379],9,0},{'M',[487;15;143],9,[413;15;143],8,[NaN;0;0],[487;329;429],8,[0;NaN;NaN]},{'O',[974;30;286],9,[487;15;143],9,1}}
Adder graph: {{'M',[2;1;1],1,[1;1;1],0,[1;0;0]},{'A',[-255;-127;129],2,[1;1;1],0,0,[-2;-1;1],1,7},{'M',[1;2;2],1,[1;1;1],0,[0;1;1]},{'M',[16;1;16],1,[1;1;1],0,[4;0;4]},{'A',[-24;18;48],2,[1;2;2],1,3,[-16;1;16],1,1},{'M',[-48;1;96],3,[1;1;1],0,[NaN;0;NaN],[-24;18;48],2,[1;NaN;1]},{'A',[-120;16;-144],4,[-24;18;48],2,0,[-48;-1;-96],3,1},{'M',[1;18;1],3,[1;1;1],0,[0;NaN;0],[-24;18;48],2,[NaN;0;NaN]},{'M',[-96;64;-144],5,[-24;18;48],2,[2;NaN;NaN],[-120;16;-144],4,[NaN;2;0]},{'A',[97;-46;-143],6,[1;18;1],3,0,[96;-64;-144],5,0},{'M',[-120;4;4],5,[1;1;1],0,[NaN;2;2],[-120;16;-144],4,[0;NaN;NaN]},{'A',[868;-200;-556],7,[97;-46;-143],6,2,[120;-4;4],5,2},{'A',[613;-327;-427],8,[-255;-127;129],2,0,[868;-200;-556],7,0},{'A',[-61;-35;-157],7,[-255;-127;129],2,0,[97;46;-143],6,1},{'M',[-24;-654;48],9,[-24;18;48],2,[0;NaN;0],[613;-327;-427],8,[NaN;1;NaN]},{'A',[-637;-327;-379],10,[-24;-654;48],9,0,[-613;327;-427],8,0},{'M',[868;-327;-427],9,[868;-200;-556],7,[0;NaN;NaN],[613;-327;-427],8,[NaN;0;0]},{'A',[870;329;429],10,[1;1;1],0,1,[868;327;427],9,0},{'M',[388;-327;-572],9,[97;-46;-143],6,[2;NaN;2],[613;-327;-427],8,[NaN;0;NaN]},{'A',[-100;-607;-684],10,[-61;-35;-157],7,3,[388;-327;572],9,0},{'M',[-488;16;-144],8,[-120;16;-144],4,[NaN;0;0],[-61;-35;-157],7,[3;NaN;NaN]},{'A',[-974;-30;-286],9,[1;1;1],0,1,[-488;-16;-144],8,1},{'M',[97;-327;-379],11,[97;-46;-143],6,[0;NaN;NaN],[-637;-327;-379],10,[NaN;0;0]},{'M',[-255;-70;-314],8,[-255;-127;129],2,[0;NaN;NaN],[-61;-35;-157],7,[NaN;1;1]},{'A',[-413;-187;-1007],12,[97;-327;-379],11,0,[-255;70;-314],8,1},{'O',[413;187;1007],12,[413;187;1007],12,0},{'O',[870;329;429],10,[870;329;429],10,0},{'O',[100;607;684],10,[100;607;684],10,0},{'O',[637;327;379],10,[637;327;379],10,0},{'O',[974;30;286],9,[974;30;286],9,0}}
Adder graph: {{'A',[12;12;20],1,[1;1;1],0,4,[-1;-1;1],0,2},{'A',[49;-47;81],2,[1;1;1],0,0,[12;-12;20],1,2},{'M',[12;4;20],2,[1;1;1],0,[NaN;2;NaN],[12;12;20],1,[0;NaN;0]},{'M',[49;2;2],3,[1;1;1],0,[NaN;1;1],[49;-47;81],2,[0;NaN;NaN]},{'A',[488;16;144],4,[12;4;20],2,3,[49;-2;-2],3,3},{'A',[-97;95;163],3,[1;1;1],0,0,[-49;47;81],2,1},{'M',[4;4;20],2,[1;1;1],0,[2;2;NaN],[12;12;20],1,[NaN;NaN;0]},{'A',[53;-43;101],3,[4;4;20],2,0,[49;-47;81],2,0},{'A',[-75;-171;-27],4,[53;-43;101],3,0,[-1;-1;-1],0,7},{'M',[-388;95;652],4,[-97;95;163],3,[2;0;2]},{'M',[488;512;32],5,[1;1;1],0,[NaN;9;5],[488;16;144],4,[0;NaN;NaN]},{'A',[100;607;684],6,[-388;95;652],4,0,[488;512;32],5,0},{'A',[487;15;143],5,[488;16;144],4,0,[-1;-1;-1],0,0},{'A',[-49;-47;-83],4,[12;12;20],1,2,[-97;-95;-163],3,0},{'M',[106;15;143],6,[53;-43;101],3,[1;NaN;NaN],[487;15;143],5,[NaN;0;0]},{'M',[488;-172;286],6,[488;16;144],4,[0;NaN;NaN],[53;-43;101],3,[NaN;2;NaN],[487;15;143],5,[NaN;NaN;1]},{'A',[-870;-329;-429],7,[106;15;143],6,0,[-488;-172;-286],6,1},{'M',[488;16;143],6,[488;16;144],4,[0;0;NaN],[487;15;143],5,[NaN;NaN;0]},{'M',[-75;-171;-864],5,[-75;-171;-27],4,[0;0;5]},{'A',[413;187;1007],7,[488;16;143],6,0,[-75;171;864],5,0},{'M',[-75;-171;-108],5,[-75;-171;-27],4,[0;0;2]},{'M',[487;15;163],6,[-97;95;163],3,[NaN;NaN;0],[487;15;143],5,[0;0;NaN]},{'A',[-637;-327;-379],7,[-75;-171;-108],5,1,[-487;15;-163],6,0},{'O',[413;187;1007],7,[413;187;1007],7,0},{'O',[870;329;429],7,[870;329;429],7,0},{'O',[100;607;684],6,[100;607;684],6,0},{'O',[637;327;379],7,[637;327;379],7,0},{'O',[974;30;286],5,[487;15;143],5,1}}
Adder graph: {{'A',[3;-1;3],1,[1;1;1],0,0,[1;-1;1],0,1},{'A',[-29;31;-29],2,[3;-1;3],1,0,[-1;1;-1],0,5},{'M',[128;-1;3],2,[1;1;1],0,[7;NaN;NaN],[3;-1;3],1,[NaN;0;0]},{'A',[483;27;-17],3,[-29;31;-29],2,0,[128;-1;3],2,2},{'A',[-53;39;-5],3,[-29;31;-29],2,0,[-3;1;3],1,3},{'M',[1;2;2],1,[1;1;1],0,[0;1;1]},{'A',[7;-9;11],2,[3;-1;3],1,0,[1;-2;2],1,2},{'A',[4;-12;20],2,[3;-1;3],1,2,[-1;-1;1],0,3},{'M',[4;-12;-160],4,[-53;39;-5],3,[NaN;NaN;5],[4;-12;20],2,[0;0;NaN]},{'A',[487;15;143],5,[483;27;-17],3,0,[4;-12;160],4,0},{'M',[128;31;640],3,[-29;31;-29],2,[NaN;0;NaN],[4;-12;20],2,[5;NaN;5]},{'M',[7;-144;11],3,[7;-9;11],2,[0;4;0]},{'A',[100;607;684],4,[128;31;640],3,0,[-7;144;11],3,2},{'M',[96;39;256],4,[1;1;1],0,[NaN;NaN;8],[3;-1;3],1,[5;NaN;NaN],[-53;39;-5],3,[NaN;0;NaN]},{'M',[-29;31;-17],4,[-29;31;-29],2,[0;0;NaN],[483;27;-17],3,[NaN;NaN;0]},{'A',[413;187;1007],5,[96;39;256],4,2,[29;31;-17],4,0},{'A',[-422;314;-38],4,[1;1;1],0,1,[-53;39;-5],3,3},{'M',[413;39;-5],6,[-53;39;-5],3,[NaN;0;0],[413;187;1007],5,[0;NaN;NaN]},{'M',[7;-9;12],3,[3;-1;3],1,[NaN;NaN;2],[7;-9;11],2,[0;0;NaN]},{'A',[637;327;379],7,[413;39;-5],6,0,[7;9;12],3,5},{'M',[448;15;143],6,[7;-9;11],2,[6;NaN;NaN],[487;15;143],5,[NaN;0;0]},{'M',[-422;314;286],6,[487;15;143],5,[NaN;NaN;1],[-422;314;-38],4,[0;0;NaN]},{'A',[870;329;429],7,[448;15;143],6,0,[422;314;286],6,0},{'O',[413;187;1007],5,[413;187;1007],5,0},{'O',[870;329;429],7,[870;329;429],7,0},{'O',[100;607;684],4,[100;607;684],4,0},{'O',[637;327;379],7,[637;327;379],7,0},{'O',[974;30;286],5,[487;15;143],5,1}}
Finished solving after 259188 seconds
Adder graph: {{'A',[3;-1;3],1,[1;1;1],0,0,[1;-1;1],0,1},{'A',[-29;31;-29],2,[3;-1;3],1,0,[-1;1;-1],0,5},{'M',[128;-1;3],2,[1;1;1],0,[7;NaN;NaN],[3;-1;3],1,[NaN;0;0]},{'A',[483;27;-17],3,[-29;31;-29],2,0,[128;-1;3],2,2},{'A',[-53;39;-5],3,[-29;31;-29],2,0,[-3;1;3],1,3},{'M',[1;2;2],1,[1;1;1],0,[0;1;1]},{'A',[7;-9;11],2,[3;-1;3],1,0,[1;-2;2],1,2},{'A',[4;-12;20],2,[3;-1;3],1,2,[-1;-1;1],0,3},{'M',[4;-12;-160],4,[-53;39;-5],3,[NaN;NaN;5],[4;-12;20],2,[0;0;NaN]},{'A',[487;15;143],5,[483;27;-17],3,0,[4;-12;160],4,0},{'M',[128;31;640],3,[-29;31;-29],2,[NaN;0;NaN],[4;-12;20],2,[5;NaN;5]},{'M',[7;-144;11],3,[7;-9;11],2,[0;4;0]},{'A',[100;607;684],4,[128;31;640],3,0,[-7;144;11],3,2},{'M',[96;39;256],4,[1;1;1],0,[NaN;NaN;8],[3;-1;3],1,[5;NaN;NaN],[-53;39;-5],3,[NaN;0;NaN]},{'M',[-29;31;-17],4,[-29;31;-29],2,[0;0;NaN],[483;27;-17],3,[NaN;NaN;0]},{'A',[413;187;1007],5,[96;39;256],4,2,[29;31;-17],4,0},{'A',[-422;314;-38],4,[1;1;1],0,1,[-53;39;-5],3,3},{'M',[413;39;-5],6,[-53;39;-5],3,[NaN;0;0],[413;187;1007],5,[0;NaN;NaN]},{'M',[7;-9;12],3,[3;-1;3],1,[NaN;NaN;2],[7;-9;11],2,[0;0;NaN]},{'A',[637;327;379],7,[413;39;-5],6,0,[7;9;12],3,5},{'M',[448;15;143],6,[7;-9;11],2,[6;NaN;NaN],[487;15;143],5,[NaN;0;0]},{'M',[-422;314;286],6,[487;15;143],5,[NaN;NaN;1],[-422;314;-38],4,[0;0;NaN]},{'A',[870;329;429],7,[448;15;143],6,0,[422;314;286],6,0},{'O',[413;187;1007],5,[413;187;1007],5,0},{'O',[870;329;429],7,[870;329;429],7,0},{'O',[100;607;684],4,[100;607;684],4,0},{'O',[637;327;379],7,[637;327;379],7,0},{'O',[974;30;286],5,[487;15;143],5,1}}
# Add optimal = 1
# Mux optimal = 0
# FAs optimal = 0
