Adder graph: {{'M',[1;1;2],1,[1;1;1],0,[0;0;1]},{'A',[-1;-1;-3],2,[1;1;1],0,0,[-1;-1;-2],1,1},{'M',[1;-1;-3],3,[1;1;1],0,[0;NaN;NaN],[-1;-1;-3],2,[NaN;0;0]},{'M',[32;1;128],1,[1;1;1],0,[5;0;7]},{'A',[-127;-5;-515],4,[1;-1;-3],3,0,[-32;-1;-128],1,2},{'M',[-16;-1;-3072],3,[-1;-1;-3],2,[4;0;10]},{'M',[-1;-32;1],3,[1;1;1],0,[NaN;NaN;0],[-1;-1;-3],2,[0;5;NaN]},{'A',[-17;-33;-3073],4,[-16;-1;-3072],3,0,[-1;-32;-1],3,0},{'M',[-68;-5;-515],5,[-127;-5;-515],4,[NaN;0;0],[-17;-33;-3073],4,[2;NaN;NaN]},{'M',[1;4;32],1,[1;1;1],0,[0;2;5]},{'A',[-69;-9;-547],6,[-68;-5;-515],5,0,[-1;-4;-32],1,0},{'M',[8;-32;-515],5,[1;1;1],0,[3;NaN;NaN],[-1;-1;-3],2,[NaN;5;NaN],[-127;-5;-515],4,[NaN;NaN;0]},{'M',[-69;1;2],7,[1;1;1],0,[NaN;0;1],[-69;-9;-547],6,[0;NaN;NaN]},{'A',[-61;-33;-517],8,[8;-32;-515],5,0,[-69;-1;-2],7,0},{'M',[1;-20;-384],5,[1;1;1],0,[0;NaN;NaN],[-1;-1;-3],2,[NaN;NaN;7],[-127;-5;-515],4,[NaN;2;NaN]},{'M',[-34;-9;-12],7,[-1;-1;-3],2,[NaN;NaN;2],[-17;-33;-3073],4,[1;NaN;NaN],[-69;-9;-547],6,[NaN;0;NaN]},{'A',[35;-11;-396],8,[1;-20;-384],5,0,[34;9;-12],7,0},{'M',[256;-640;-547],7,[1;1;1],0,[8;NaN;NaN],[-127;-5;-515],4,[NaN;7;NaN],[-69;-9;-547],6,[NaN;NaN;0]},{'M',[-488;-33;8],9,[1;1;1],0,[NaN;NaN;3],[-17;-33;-3073],4,[NaN;0;NaN],[-61;-33;-517],8,[3;NaN;NaN]},{'A',[744;-673;-555],10,[256;-640;-547],7,0,[488;-33;-8],9,0},{'M',[-127;-176;-547],9,[-127;-5;-515],4,[0;NaN;NaN],[-69;-9;-547],6,[NaN;NaN;0],[35;-11;-396],8,[NaN;4;NaN]},{'M',[-2208;-9;2],7,[1;1;1],0,[NaN;NaN;1],[-69;-9;-547],6,[5;0;NaN]},{'A',[2081;-185;-545],10,[-127;-176;-547],9,0,[2208;-9;2],7,0},{'M',[1;-370;-1536],11,[1;1;1],0,[0;NaN;NaN],[-1;-1;-3],2,[NaN;NaN;9],[2081;-185;-545],10,[NaN;1;NaN]},{'M',[744;-33;-1094],11,[-17;-33;-3073],4,[NaN;0;NaN],[-69;-9;-547],6,[NaN;NaN;1],[744;-673;-555],10,[0;NaN;NaN]},{'A',[-743;-337;-442],12,[1;-370;-1536],11,0,[-744;33;1094],11,0},{'M',[-743;-674;128],13,[1;1;1],0,[NaN;NaN;7],[-743;-337;-442],12,[0;1;NaN]},{'M',[-16;-11;-545],11,[-1;-1;-3],2,[4;NaN;NaN],[35;-11;-396],8,[NaN;0;NaN],[2081;-185;-545],10,[NaN;NaN;0]},{'A',[-727;-663;-417],14,[-743;-674;128],13,0,[16;11;-545],11,0},{'M',[-127;-370;-1034],11,[-127;-5;-515],4,[0;NaN;NaN],[-61;-33;-517],8,[NaN;NaN;1],[2081;-185;-545],10,[NaN;1;NaN]},{'M',[-4;-11;-547],9,[-1;-1;-3],2,[2;NaN;NaN],[-69;-9;-547],6,[NaN;NaN;0],[35;-11;-396],8,[NaN;0;NaN]},{'A',[-131;-381;-487],12,[-127;-370;-1034],11,0,[-4;-11;547],9,0},{'M',[-1;-320;-555],11,[-1;-1;-3],2,[0;NaN;NaN],[-127;-5;-515],4,[NaN;6;NaN],[744;-673;-555],10,[NaN;NaN;0]},{'M',[-61;-33;16],9,[1;1;1],0,[NaN;NaN;4],[-61;-33;-517],8,[0;0;NaN]},{'A',[-489;-56;-683],12,[-1;-320;-555],11,0,[-61;33;-16],9,3},{'M',[-489;-381;-834],15,[-727;-663;-417],14,[NaN;NaN;1],[-131;-381;-487],12,[NaN;0;NaN],[-489;-56;-683],12,[0;NaN;NaN]},{'O',[489;381;834],15,[489;381;834],15,0},{'M',[-727;-185;-442],15,[2081;-185;-545],10,[NaN;0;NaN],[-743;-337;-442],12,[NaN;NaN;0],[-727;-663;-417],14,[0;NaN;NaN]},{'O',[727;185;442],15,[727;185;442],15,0},{'M',[-743;-673;-683],13,[744;-673;-555],10,[NaN;0;NaN],[-743;-337;-442],12,[0;NaN;NaN],[-489;-56;-683],12,[NaN;NaN;0]},{'O',[743;673;683],13,[743;673;683],13,0},{'M',[-262;-337;-545],13,[2081;-185;-545],10,[NaN;NaN;0],[-743;-337;-442],12,[NaN;0;NaN],[-131;-381;-487],12,[1;NaN;NaN]},{'O',[262;337;545],13,[262;337;545],13,0},{'M',[-61;-663;-974],15,[-61;-33;-517],8,[0;NaN;NaN],[-727;-663;-417],14,[NaN;0;NaN],[-131;-381;-487],12,[NaN;NaN;1]},{'O',[61;663;974],15,[61;663;974],15,0}}
Adder graph: {{'M',[1;256;512],1,[1;1;1],0,[0;8;9]},{'M',[1;1;64],1,[1;1;1],0,[0;0;6]},{'A',[18;528;2048],2,[1;256;512],1,1,[1;1;64],1,4},{'M',[1;128;8],1,[1;1;1],0,[0;7;3]},{'M',[18;32;1],3,[1;1;1],0,[NaN;5;0],[18;528;2048],2,[0;NaN;NaN]},{'A',[37;192;10],4,[1;128;8],1,0,[18;32;1],3,1},{'M',[1;32;40],5,[1;1;1],0,[0;5;NaN],[37;192;10],4,[NaN;NaN;2]},{'M',[1;32;4],1,[1;1;1],0,[0;5;2]},{'A',[3;96;84],6,[1;32;40],5,1,[1;32;4],1,0},{'M',[3;8;672],7,[1;1;1],0,[NaN;3;NaN],[3;96;84],6,[0;NaN;3]},{'M',[148;2;1],5,[1;1;1],0,[NaN;1;0],[37;192;10],4,[2;NaN;NaN]},{'A',[151;10;673],8,[3;8;672],7,0,[148;2;1],5,0},{'M',[592;1;10],5,[1;1;1],0,[NaN;0;NaN],[37;192;10],4,[4;NaN;0]},{'M',[151;384;336],9,[3;96;84],6,[NaN;2;2],[151;10;673],8,[0;NaN;NaN]},{'A',[743;385;-326],10,[592;1;10],5,0,[151;384;-336],9,0},{'M',[12;4;673],9,[1;1;1],0,[NaN;2;NaN],[3;96;84],6,[2;NaN;NaN],[151;10;673],8,[NaN;NaN;0]},{'M',[256;385;10],11,[1;1;1],0,[8;NaN;NaN],[37;192;10],4,[NaN;NaN;0],[743;385;-326],10,[NaN;0;NaN]},{'A',[-244;-381;683],12,[12;4;673],9,0,[-256;-385;10],11,0},{'M',[256;10;80],9,[1;1;1],0,[8;NaN;NaN],[37;192;10],4,[NaN;NaN;3],[151;10;673],8,[NaN;0;NaN]},{'M',[3;16;16],7,[1;1;1],0,[NaN;4;4],[3;96;84],6,[0;NaN;NaN]},{'A',[262;42;48],10,[256;10;80],9,0,[3;16;-16],7,1},{'M',[1;336;384],11,[1;1;1],0,[0;NaN;NaN],[262;42;48],10,[NaN;3;3]},{'M',[148;1;-326],11,[1;1;1],0,[NaN;0;NaN],[37;192;10],4,[2;NaN;NaN],[743;385;-326],10,[NaN;NaN;0]},{'A',[-146;673;442],12,[1;336;384],11,1,[-148;1;-326],11,0},{'M',[-488;10;96],13,[151;10;673],8,[NaN;0;NaN],[-244;-381;683],12,[1;NaN;NaN],[262;42;48],10,[NaN;NaN;1]},{'M',[1;673;2],13,[1;1;1],0,[0;NaN;1],[-146;673;442],12,[NaN;0;NaN]},{'A',[-489;-663;98],14,[-488;10;96],13,0,[-1;-673;2],13,0},{'M',[-146;673;512],13,[1;1;1],0,[NaN;NaN;9],[-146;673;442],12,[0;0;NaN]},{'M',[24;168;673],11,[3;96;84],6,[3;NaN;NaN],[151;10;673],8,[NaN;NaN;0],[262;42;48],10,[NaN;2;NaN]},{'A',[-98;337;-834],14,[-146;673;512],13,0,[24;-168;-673],11,1},{'M',[-98;168;392],15,[262;42;48],10,[NaN;2;NaN],[-489;-663;98],14,[NaN;NaN;2],[-98;337;-834],14,[0;NaN;NaN]},{'M',[37;337;1366],15,[37;192;10],4,[0;NaN;NaN],[-244;-381;683],12,[NaN;NaN;1],[-98;337;-834],14,[NaN;0;NaN]},{'A',[-61;505;-974],16,[-98;168;392],15,0,[37;337;-1366],15,0},{'M',[743;505;673],17,[151;10;673],8,[NaN;NaN;0],[743;385;-326],10,[0;NaN;NaN],[-61;505;-974],16,[NaN;0;NaN]},{'M',[1;20;8],9,[1;1;1],0,[0;NaN;3],[151;10;673],8,[NaN;1;NaN]},{'A',[727;185;545],18,[743;505;673],17,0,[-1;-20;-8],9,4},{'M',[-489;-381;-834],15,[-244;-381;683],12,[NaN;0;NaN],[-489;-663;98],14,[0;NaN;NaN],[-98;337;-834],14,[NaN;NaN;0]},{'O',[489;381;834],15,[489;381;834],15,0},{'M',[727;185;442],19,[-146;673;442],12,[NaN;NaN;0],[727;185;545],18,[0;0;NaN]},{'O',[727;185;442],19,[727;185;442],19,0},{'M',[743;673;683],13,[743;385;-326],10,[0;NaN;NaN],[-244;-381;683],12,[NaN;NaN;0],[-146;673;442],12,[NaN;0;NaN]},{'O',[743;673;683],13,[743;673;683],13,0},{'M',[262;337;545],19,[262;42;48],10,[0;NaN;NaN],[-98;337;-834],14,[NaN;0;NaN],[727;185;545],18,[NaN;NaN;0]},{'O',[262;337;545],19,[262;337;545],19,0},{'M',[-61;-663;-974],17,[-489;-663;98],14,[NaN;0;NaN],[-61;505;-974],16,[0;NaN;0]},{'O',[61;663;974],17,[61;663;974],17,0}}
Adder graph: {{'M',[2;1;1],1,[1;1;1],0,[1;0;0]},{'M',[1;1;2],1,[1;1;1],0,[0;0;1]},{'A',[-62;65;129],2,[2;1;1],1,0,[-1;1;2],1,6},{'M',[1;32;32],1,[1;1;1],0,[0;5;5]},{'M',[-62;2;256],3,[1;1;1],0,[NaN;1;8],[-62;65;129],2,[0;NaN;NaN]},{'A',[-61;34;288],4,[1;32;32],1,0,[-62;2;256],3,0},{'M',[32;1;288],5,[1;1;1],0,[5;0;NaN],[-61;34;288],4,[NaN;NaN;0]},{'M',[-62;65;64],3,[1;1;1],0,[NaN;NaN;6],[-62;65;129],2,[0;0;NaN]},{'A',[-92;131;416],6,[32;1;288],5,0,[-62;65;64],3,1},{'M',[512;65;2],3,[1;1;1],0,[9;NaN;1],[-62;65;129],2,[NaN;0;NaN]},{'M',[-92;272;832],7,[-61;34;288],4,[NaN;3;NaN],[-92;131;416],6,[0;NaN;1]},{'A',[604;337;834],8,[512;65;2],3,0,[92;272;832],7,0},{'M',[604;512;258],9,[1;1;1],0,[NaN;9;NaN],[-62;65;129],2,[NaN;NaN;1],[604;337;834],8,[0;NaN;NaN]},{'M',[-61;131;512],7,[1;1;1],0,[NaN;NaN;9],[-61;34;288],4,[0;NaN;NaN],[-92;131;416],6,[NaN;0;NaN]},{'A',[665;381;770],10,[604;512;258],9,0,[61;-131;512],7,0},{'M',[-92;16;516],7,[1;1;1],0,[NaN;4;NaN],[-62;65;129],2,[NaN;NaN;2],[-92;131;416],6,[0;NaN;NaN]},{'M',[604;272;416],9,[-61;34;288],4,[NaN;3;NaN],[-92;131;416],6,[NaN;NaN;0],[604;337;834],8,[0;NaN;NaN]},{'A',[420;-240;616],10,[-92;16;516],7,1,[604;-272;-416],9,0},{'M',[1;-960;129],11,[1;1;1],0,[0;NaN;NaN],[-62;65;129],2,[NaN;NaN;0],[420;-240;616],10,[NaN;2;NaN]},{'M',[-488;1;616],11,[1;1;1],0,[NaN;0;NaN],[-61;34;288],4,[3;NaN;NaN],[420;-240;616],10,[NaN;NaN;0]},{'A',[489;-961;-487],12,[1;-960;129],11,0,[488;-1;-616],11,0},{'M',[256;-240;1232],11,[1;1;1],0,[8;NaN;NaN],[420;-240;616],10,[NaN;0;1]},{'M',[1;337;770],11,[1;1;1],0,[0;NaN;NaN],[604;337;834],8,[NaN;0;NaN],[665;381;770],10,[NaN;NaN;0]},{'A',[255;-577;462],12,[256;-240;1232],11,0,[-1;-337;-770],11,0},{'M',[-61;381;416],11,[-61;34;288],4,[0;NaN;NaN],[-92;131;416],6,[NaN;NaN;0],[665;381;770],10,[NaN;0;NaN]},{'M',[-61;-961;462],13,[-61;34;288],4,[0;NaN;NaN],[489;-961;-487],12,[NaN;0;NaN],[255;-577;462],12,[NaN;NaN;0]},{'A',[-61;671;-23],14,[-61;381;416],11,-1,[-61;961;-462],13,-1},{'M',[665;2;129],11,[1;1;1],0,[NaN;1;NaN],[-62;65;129],2,[NaN;NaN;0],[665;381;770],10,[0;NaN;NaN]},{'M',[-62;671;-92],15,[-62;65;129],2,[0;NaN;NaN],[-61;671;-23],14,[NaN;0;2]},{'A',[727;673;221],16,[665;2;129],11,0,[62;671;92],15,0},{'M',[-62;2;258],3,[1;1;1],0,[NaN;1;NaN],[-62;65;129],2,[0;NaN;1]},{'M',[510;671;-487],15,[489;-961;-487],12,[NaN;NaN;0],[255;-577;462],12,[1;NaN;NaN],[-61;671;-23],14,[NaN;0;NaN]},{'A',[262;-663;545],16,[-62;2;258],3,2,[510;-671;-487],15,0},{'M',[727;762;221],17,[665;381;770],10,[NaN;1;NaN],[727;673;221],16,[0;NaN;0]},{'M',[16;-577;462],13,[1;1;1],0,[4;NaN;NaN],[255;-577;462],12,[NaN;0;0]},{'A',[743;185;683],18,[727;762;221],17,0,[16;-577;462],13,0},{'M',[489;381;834],13,[604;337;834],8,[NaN;NaN;0],[665;381;770],10,[NaN;0;NaN],[489;-961;-487],12,[0;NaN;NaN]},{'O',[489;381;834],13,[489;381;834],13,0},{'M',[727;185;442],19,[727;673;221],16,[0;NaN;1],[743;185;683],18,[NaN;0;NaN]},{'O',[727;185;442],19,[727;185;442],19,0},{'M',[743;673;683],19,[727;673;221],16,[NaN;0;NaN],[743;185;683],18,[0;NaN;0]},{'O',[743;673;683],19,[743;673;683],19,0},{'M',[262;337;545],17,[604;337;834],8,[NaN;0;NaN],[262;-663;545],16,[0;NaN;0]},{'O',[262;337;545],17,[262;337;545],17,0},{'M',[-61;-663;-974],17,[489;-961;-487],12,[NaN;NaN;1],[-61;671;-23],14,[0;NaN;NaN],[262;-663;545],16,[NaN;0;NaN]},{'O',[61;663;974],17,[61;663;974],17,0}}
Adder graph: {{'M',[1;32;1],1,[1;1;1],0,[0;5;0]},{'M',[1;2;16],1,[1;1;1],0,[0;1;4]},{'A',[-3;24;65],2,[1;32;1],1,0,[-1;-2;16],1,2},{'M',[8;1;32],1,[1;1;1],0,[3;0;5]},{'M',[-24;1;65],3,[1;1;1],0,[NaN;0;NaN],[-3;24;65],2,[3;NaN;0]},{'A',[200;9;-488],4,[8;1;32],1,0,[24;1;-65],3,3},{'M',[3200;24;520],5,[-3;24;65],2,[NaN;0;3],[200;9;-488],4,[4;NaN;NaN]},{'M',[200;144;128],5,[1;1;1],0,[NaN;NaN;7],[200;9;-488],4,[0;4;NaN]},{'A',[3400;168;392],6,[3200;24;520],5,0,[200;144;-128],5,0},{'M',[200;96;260],5,[-3;24;65],2,[NaN;2;2],[200;9;-488],4,[0;NaN;NaN]},{'M',[1;384;-976],5,[1;1;1],0,[0;NaN;NaN],[-3;24;65],2,[NaN;4;NaN],[200;9;-488],4,[NaN;NaN;1]},{'A',[1598;0;128],6,[200;96;260],5,3,[-1;-384;-976],5,1},{'M',[1;336;32],7,[1;1;1],0,[0;NaN;5],[3400;168;392],6,[NaN;1;NaN]},{'M',[1;2;64],1,[1;1;1],0,[0;1;6]},{'A',[3;1346;64],8,[1;336;32],7,2,[-1;2;-64],1,0},{'M',[6;18;-488],9,[200;9;-488],4,[NaN;1;0],[3;1346;64],8,[1;NaN;NaN]},{'M',[1536;168;1],9,[1;1;1],0,[NaN;NaN;0],[3400;168;392],6,[NaN;0;NaN],[3;1346;64],8,[9;NaN;NaN]},{'A',[3084;372;-974],10,[6;18;-488],9,1,[1536;168;1],9,1},{'M',[24;1;512],9,[1;1;1],0,[NaN;0;9],[3;1346;64],8,[3;NaN;NaN]},{'A',[25;337;544],10,[1;336;32],7,0,[24;1;512],9,0},{'M',[6;9;1],9,[1;1;1],0,[NaN;NaN;0],[200;9;-488],4,[NaN;0;NaN],[3;1346;64],8,[1;NaN;NaN]},{'M',[256;372;544],11,[1;1;1],0,[8;NaN;NaN],[3084;372;-974],10,[NaN;0;NaN],[25;337;544],10,[NaN;NaN;0]},{'A',[262;381;545],12,[6;9;1],9,0,[256;372;544],11,0},{'M',[3;1152;520],9,[-3;24;65],2,[NaN;NaN;3],[200;9;-488],4,[NaN;7;NaN],[3;1346;64],8,[0;NaN;NaN]},{'M',[64;674;-974],11,[1;1;1],0,[6;NaN;NaN],[3084;372;-974],10,[NaN;NaN;0],[25;337;544],10,[NaN;1;NaN]},{'A',[-61;478;1494],12,[3;1152;520],9,0,[-64;-674;974],11,0},{'M',[3084;1346;1494],13,[3;1346;64],8,[NaN;0;NaN],[3084;372;-974],10,[0;NaN;NaN],[-61;478;1494],12,[NaN;NaN;0]},{'A',[-743;-673;-683],14,[1598;0;128],6,-1,[-3084;-1346;-1494],13,-1},{'M',[1;9;1090],13,[1;1;1],0,[0;NaN;NaN],[200;9;-488],4,[NaN;0;NaN],[262;381;545],12,[NaN;NaN;1]},{'M',[-122;168;64],13,[3400;168;392],6,[NaN;0;NaN],[3;1346;64],8,[NaN;NaN;0],[-61;478;1494],12,[1;NaN;NaN]},{'A',[489;-663;834],14,[1;9;1090],13,0,[122;-168;-64],13,2},{'M',[16;-663;392],15,[1;1;1],0,[4;NaN;NaN],[3400;168;392],6,[NaN;NaN;0],[489;-663;834],14,[NaN;0;NaN]},{'M',[-743;478;834],15,[-61;478;1494],12,[NaN;0;NaN],[-743;-673;-683],14,[0;NaN;NaN],[489;-663;834],14,[NaN;NaN;0]},{'A',[-727;-185;-442],16,[16;-663;392],15,0,[-743;478;-834],15,0},{'M',[489;381;834],15,[262;381;545],12,[NaN;0;NaN],[489;-663;834],14,[0;NaN;0]},{'O',[489;381;834],15,[489;381;834],15,0},{'O',[727;185;442],16,[727;185;442],16,0},{'O',[743;673;683],14,[743;673;683],14,0},{'M',[262;337;545],13,[25;337;544],10,[NaN;0;NaN],[262;381;545],12,[0;NaN;0]},{'O',[262;337;545],13,[262;337;545],13,0},{'M',[-61;-663;-974],15,[3084;372;-974],10,[NaN;NaN;0],[-61;478;1494],12,[0;NaN;NaN],[489;-663;834],14,[NaN;0;NaN]},{'O',[61;663;974],15,[61;663;974],15,0}}
Adder graph: {{'M',[1;16;4],1,[1;1;1],0,[0;4;2]},{'A',[4;132;36],2,[1;16;4],1,3,[-1;1;1],0,2},{'M',[32;2;36],3,[1;1;1],0,[5;1;NaN],[4;132;36],2,[NaN;NaN;0]},{'M',[128;1;36],3,[1;1;1],0,[7;0;NaN],[4;132;36],2,[NaN;NaN;0]},{'A',[512;18;360],4,[32;2;36],3,3,[128;1;36],3,1},{'M',[1;144;36],5,[1;1;1],0,[0;NaN;NaN],[4;132;36],2,[NaN;NaN;0],[512;18;360],4,[NaN;3;NaN]},{'M',[1;1;36],3,[1;1;1],0,[0;0;NaN],[4;132;36],2,[NaN;NaN;0]},{'A',[9;152;324],6,[1;144;36],5,0,[1;1;36],3,3},{'M',[1;4;4],1,[1;1;1],0,[0;2;2]},{'M',[1;1;32],1,[1;1;1],0,[0;0;5]},{'A',[7;33;64],2,[1;4;4],1,3,[-1;1;32],1,0},{'M',[9;132;144],7,[4;132;36],2,[NaN;0;2],[9;152;324],6,[0;NaN;NaN]},{'M',[7;256;64],3,[1;1;1],0,[NaN;8;NaN],[7;33;64],2,[0;NaN;0]},{'A',[23;-380;272],8,[9;132;144],7,0,[7;-256;64],3,1},{'M',[512;1;1],5,[1;1;1],0,[NaN;0;0],[512;18;360],4,[0;NaN;NaN]},{'M',[23;-380;544],9,[23;-380;272],8,[0;0;1]},{'A',[489;381;545],10,[512;1;1],5,0,[-23;380;544],9,0},{'M',[128;72;360],5,[1;1;1],0,[7;NaN;NaN],[512;18;360],4,[NaN;2;0]},{'M',[4;264;1],3,[1;1;1],0,[2;NaN;0],[7;33;64],2,[NaN;3;NaN]},{'A',[132;336;359],6,[128;72;360],5,0,[4;264;-1],3,0},{'M',[56;304;545],11,[9;152;324],6,[NaN;1;NaN],[7;33;64],2,[3;NaN;NaN],[489;381;545],10,[NaN;NaN;0]},{'M',[14;33;128],3,[7;33;64],2,[1;0;1]},{'A',[70;337;417],12,[56;304;545],11,0,[14;33;-128],3,0},{'M',[280;3048;359],13,[489;381;545],10,[NaN;3;NaN],[132;336;359],6,[NaN;NaN;0],[70;337;417],12,[2;NaN;NaN]},{'M',[18;337;324],13,[9;152;324],6,[1;NaN;0],[70;337;417],12,[NaN;0;NaN]},{'A',[262;2711;683],14,[280;3048;359],13,0,[-18;-337;324],13,0},{'M',[736;152;128],9,[9;152;324],6,[NaN;0;NaN],[7;33;64],2,[NaN;NaN;1],[23;-380;272],8,[5;NaN;NaN]},{'M',[9;33;359],7,[9;152;324],6,[0;NaN;NaN],[7;33;64],2,[NaN;0;NaN],[132;336;359],6,[NaN;NaN;0]},{'A',[727;185;487],10,[736;152;128],9,0,[-9;33;359],7,0},{'M',[70;336;1668],13,[132;336;359],6,[NaN;0;NaN],[70;337;417],12,[0;NaN;2]},{'M',[9;337;1366],15,[9;152;324],6,[0;NaN;NaN],[70;337;417],12,[NaN;0;NaN],[262;2711;683],14,[NaN;NaN;1]},{'A',[61;673;3034],16,[70;336;1668],13,0,[-9;337;1366],15,0},{'M',[16;2711;3034],17,[4;132;36],2,[2;NaN;NaN],[262;2711;683],14,[NaN;0;NaN],[61;673;3034],16,[NaN;NaN;0]},{'M',[727;2048;2592],11,[1;1;1],0,[NaN;11;NaN],[9;152;324],6,[NaN;NaN;3],[727;185;487],10,[0;NaN;NaN]},{'A',[743;663;442],18,[16;2711;3034],17,0,[727;-2048;-2592],11,0},{'M',[489;381;834],13,[489;381;545],10,[0;0;NaN],[70;337;417],12,[NaN;NaN;1]},{'O',[489;381;834],13,[489;381;834],13,0},{'M',[727;185;442],19,[727;185;487],10,[0;0;NaN],[743;663;442],18,[NaN;NaN;0]},{'O',[727;185;442],19,[727;185;442],19,0},{'M',[743;673;683],19,[262;2711;683],14,[NaN;NaN;0],[61;673;3034],16,[NaN;0;NaN],[743;663;442],18,[0;NaN;NaN]},{'O',[743;673;683],19,[743;673;683],19,0},{'M',[262;337;545],15,[489;381;545],10,[NaN;NaN;0],[70;337;417],12,[NaN;0;NaN],[262;2711;683],14,[0;NaN;NaN]},{'O',[262;337;545],15,[262;337;545],15,0},{'M',[61;663;974],19,[727;185;487],10,[NaN;NaN;1],[61;673;3034],16,[0;NaN;NaN],[743;663;442],18,[NaN;0;NaN]},{'O',[61;663;974],19,[61;663;974],19,0}}
Adder graph: {{'M',[1;16;8],1,[1;1;1],0,[0;4;3]},{'M',[64;1;1],1,[1;1;1],0,[6;0;0]},{'A',[-60;63;33],2,[1;16;8],1,2,[-64;-1;1],1,0},{'M',[1;8;32],1,[1;1;1],0,[0;3;5]},{'M',[1;2;33],3,[1;1;1],0,[0;1;NaN],[-60;63;33],2,[NaN;NaN;0]},{'A',[8;24;260],4,[1;8;32],1,2,[1;-2;33],3,2},{'M',[1;1;260],5,[1;1;1],0,[0;0;NaN],[8;24;260],4,[NaN;NaN;0]},{'M',[256;1;33],5,[1;1;1],0,[NaN;0;NaN],[-60;63;33],2,[NaN;NaN;0],[8;24;260],4,[5;NaN;NaN]},{'A',[-254;1;487],6,[1;1;260],5,1,[-256;-1;-33],5,0},{'M',[8;126;66],5,[-60;63;33],2,[NaN;1;1],[8;24;260],4,[0;NaN;NaN]},{'M',[-4064;1;487],7,[-254;1;487],6,[4;0;0]},{'A',[4072;125;-421],8,[8;126;66],5,0,[4064;-1;-487],7,0},{'M',[-60;63;1056],3,[-60;63;33],2,[0;0;5]},{'M',[64;1;64],1,[1;1;1],0,[6;0;6]},{'A',[452;55;544],4,[-60;63;1056],3,0,[64;-1;-64],1,3},{'M',[-508;96;487],7,[8;24;260],4,[NaN;2;NaN],[-254;1;487],6,[1;NaN;0]},{'M',[-254;1;264],7,[-60;63;33],2,[NaN;NaN;3],[-254;1;487],6,[0;0;NaN]},{'A',[-2032;196;-82],8,[-508;96;487],7,1,[-254;1;-264],7,2},{'M',[1;256;-1312],9,[1;1;1],0,[0;NaN;NaN],[-254;1;487],6,[NaN;8;NaN],[-2032;196;-82],8,[NaN;NaN;4]},{'M',[-60;125;-421],9,[-60;63;33],2,[0;NaN;NaN],[4072;125;-421],8,[NaN;0;0]},{'A',[61;381;-891],10,[1;256;-1312],9,0,[60;125;421],9,0},{'M',[1;392;1],9,[1;1;1],0,[0;NaN;0],[-2032;196;-82],8,[NaN;1;NaN]},{'M',[488;55;544],11,[452;55;544],4,[NaN;0;0],[61;381;-891],10,[3;NaN;NaN]},{'A',[489;337;545],12,[1;392;1],9,0,[488;-55;544],11,0},{'M',[-4064;125;-164],9,[4072;125;-421],8,[NaN;0;NaN],[-2032;196;-82],8,[1;NaN;1]},{'M',[1;55;33],5,[1;1;1],0,[0;NaN;NaN],[-60;63;33],2,[NaN;NaN;0],[452;55;544],4,[NaN;0;NaN]},{'A',[-4063;70;-131],10,[-4064;125;-164],9,0,[1;-55;33],5,0},{'M',[8;196;-524],11,[8;24;260],4,[0;NaN;NaN],[-2032;196;-82],8,[NaN;0;NaN],[-4063;70;-131],10,[NaN;NaN;2]},{'M',[-254;381;-82],11,[-254;1;487],6,[0;NaN;NaN],[-2032;196;-82],8,[NaN;NaN;0],[61;381;-891],10,[NaN;0;NaN]},{'A',[262;-185;-442],12,[8;196;-524],11,0,[254;-381;82],11,0},{'M',[-254;1000;545],13,[-254;1;487],6,[0;NaN;NaN],[4072;125;-421],8,[NaN;3;NaN],[489;337;545],12,[NaN;NaN;0]},{'M',[489;337;128],13,[1;1;1],0,[NaN;NaN;7],[489;337;545],12,[0;0;NaN]},{'A',[-743;663;417],14,[-254;1000;545],13,0,[-489;-337;-128],13,0},{'M',[16;1;-262],11,[8;24;260],4,[1;NaN;NaN],[-254;1;487],6,[NaN;0;NaN],[-4063;70;-131],10,[NaN;NaN;1]},{'M',[-743;674;-421],15,[4072;125;-421],8,[NaN;NaN;0],[489;337;545],12,[NaN;1;NaN],[-743;663;417],14,[0;NaN;NaN]},{'A',[-727;-673;-683],16,[16;1;-262],11,0,[-743;-674;-421],15,0},{'M',[489;381;834],15,[61;381;-891],10,[NaN;0;NaN],[489;337;545],12,[0;NaN;NaN],[-743;663;417],14,[NaN;NaN;1]},{'O',[489;381;834],15,[489;381;834],15,0},{'M',[-727;-185;-442],17,[262;-185;-442],12,[NaN;0;0],[-727;-673;-683],16,[0;NaN;NaN]},{'O',[727;185;442],17,[727;185;442],17,0},{'M',[-743;-673;-683],17,[-743;663;417],14,[0;NaN;NaN],[-727;-673;-683],16,[NaN;0;0]},{'O',[743;673;683],17,[743;673;683],17,0},{'M',[262;337;545],13,[489;337;545],12,[NaN;0;0],[262;-185;-442],12,[0;NaN;NaN]},{'O',[262;337;545],13,[262;337;545],13,0},{'M',[61;663;974],15,[-254;1;487],6,[NaN;NaN;1],[61;381;-891],10,[0;NaN;NaN],[-743;663;417],14,[NaN;0;NaN]},{'O',[61;663;974],15,[61;663;974],15,0}}
Adder graph: {{'M',[16;1;16],1,[1;1;1],0,[4;0;4]},{'A',[24;9;24],2,[16;1;16],1,0,[1;1;1],0,3},{'M',[64;1;1536],3,[1;1;1],0,[6;0;NaN],[24;9;24],2,[NaN;NaN;6]},{'M',[1;1;192],3,[1;1;1],0,[0;0;NaN],[24;9;24],2,[NaN;NaN;3]},{'A',[129;3;2880],4,[64;1;1536],3,1,[1;1;-192],3,0},{'M',[4;3;4],5,[1;1;1],0,[2;NaN;2],[129;3;2880],4,[NaN;0;NaN]},{'M',[24;3;8],5,[1;1;1],0,[NaN;NaN;3],[24;9;24],2,[0;NaN;NaN],[129;3;2880],4,[NaN;0;NaN]},{'A',[488;381;504],6,[4;3;4],5,7,[-24;-3;-8],5,0},{'M',[488;1;1],7,[1;1;1],0,[NaN;0;0],[488;381;504],6,[0;NaN;NaN]},{'M',[8;1;64],1,[1;1;1],0,[3;0;6]},{'A',[616;17;-1023],8,[488;1;1],7,0,[8;1;-64],1,4},{'M',[1;32;1],1,[1;1;1],0,[0;5;0]},{'M',[1;17;1],9,[1;1;1],0,[0;NaN;0],[616;17;-1023],8,[NaN;0;NaN]},{'A',[17;529;17],10,[1;32;1],1,4,[1;17;1],9,0},{'M',[1;762;136],11,[1;1;1],0,[0;NaN;NaN],[488;381;504],6,[NaN;1;NaN],[17;529;17],10,[NaN;NaN;3]},{'M',[488;529;512],11,[1;1;1],0,[NaN;NaN;9],[488;381;504],6,[0;NaN;NaN],[17;529;17],10,[NaN;0;NaN]},{'A',[489;233;648],12,[1;762;136],11,0,[488;-529;512],11,0},{'M',[616;72;272],11,[24;9;24],2,[NaN;3;NaN],[616;17;-1023],8,[0;NaN;NaN],[17;529;17],10,[NaN;NaN;4]},{'M',[489;233;1],13,[1;1;1],0,[NaN;NaN;0],[489;233;648],12,[0;0;NaN]},{'A',[743;377;545],14,[616;72;272],11,1,[-489;233;1],13,0},{'M',[743;288;504],15,[24;9;24],2,[NaN;5;NaN],[488;381;504],6,[NaN;NaN;0],[743;377;545],14,[0;NaN;NaN]},{'M',[8;377;17],15,[1;1;1],0,[3;NaN;NaN],[17;529;17],10,[NaN;NaN;0],[743;377;545],14,[NaN;0;NaN]},{'A',[735;665;487],16,[743;288;504],15,0,[-8;377;-17],15,0},{'M',[258;665;544],17,[129;3;2880],4,[1;NaN;NaN],[17;529;17],10,[NaN;NaN;5],[735;665;487],16,[NaN;0;NaN]},{'M',[2;2;-1023],9,[1;1;1],0,[1;1;NaN],[616;17;-1023],8,[NaN;NaN;0]},{'A',[260;663;1567],18,[258;665;544],17,0,[2;-2;1023],9,0},{'M',[129;233;2880],13,[129;3;2880],4,[0;NaN;0],[489;233;648],12,[NaN;0;NaN]},{'M',[34;24;-1023],11,[129;3;2880],4,[NaN;3;NaN],[616;17;-1023],8,[NaN;NaN;0],[17;529;17],10,[1;NaN;NaN]},{'A',[61;185;834],14,[129;233;2880],13,0,[-34;-24;-1023],11,1},{'M',[735;665;1090],17,[743;377;545],14,[NaN;NaN;1],[735;665;487],16,[0;0;NaN]},{'M',[8;8;648],13,[1;1;1],0,[3;3;NaN],[489;233;648],12,[NaN;NaN;0]},{'A',[727;673;442],18,[735;665;1090],17,0,[-8;8;-648],13,0},{'M',[260;529;1567],19,[17;529;17],10,[NaN;0;NaN],[260;663;1567],18,[0;NaN;0]},{'M',[1;96;442],19,[1;1;1],0,[0;NaN;NaN],[129;3;2880],4,[NaN;5;NaN],[727;673;442],18,[NaN;NaN;0]},{'A',[262;337;683],20,[260;529;1567],19,0,[1;-96;-442],19,1},{'M',[489;381;834],15,[488;381;504],6,[NaN;0;NaN],[489;233;648],12,[0;NaN;NaN],[61;185;834],14,[NaN;NaN;0]},{'O',[489;381;834],15,[489;381;834],15,0},{'M',[727;185;442],19,[61;185;834],14,[NaN;0;NaN],[727;673;442],18,[0;NaN;0]},{'O',[727;185;442],19,[727;185;442],19,0},{'M',[743;673;683],21,[743;377;545],14,[0;NaN;NaN],[727;673;442],18,[NaN;0;NaN],[262;337;683],20,[NaN;NaN;0]},{'O',[743;673;683],21,[743;673;683],21,0},{'M',[262;337;545],21,[743;377;545],14,[NaN;NaN;0],[262;337;683],20,[0;0;NaN]},{'O',[262;337;545],21,[262;337;545],21,0},{'M',[61;663;974],19,[735;665;487],16,[NaN;NaN;1],[260;663;1567],18,[NaN;0;NaN],[61;185;834],14,[0;NaN;NaN]},{'O',[61;663;974],19,[61;663;974],19,0}}
Adder graph: {{'M',[1;1;2],1,[1;1;1],0,[0;0;1]},{'M',[16;16;1],1,[1;1;1],0,[4;4;0]},{'A',[768;1280;2064],2,[1;1;2],1,10,[-16;16;1],1,4},{'M',[128;1;2],1,[1;1;1],0,[7;0;1]},{'A',[576;68;136],2,[128;1;2],1,2,[1;1;2],1,6},{'M',[2;8;136],3,[1;1;1],0,[1;3;NaN],[576;68;136],2,[NaN;NaN;0]},{'M',[2;16;1],1,[1;1;1],0,[1;4;0]},{'A',[-62;520;104],4,[2;8;136],3,0,[-2;16;-1],1,5},{'M',[576;68;104],5,[576;68;136],2,[0;0;NaN],[-62;520;104],4,[NaN;NaN;0]},{'A',[48;337;490],6,[768;1280;2064],2,-2,[-576;68;-104],5,-2},{'M',[96;674;490],7,[48;337;490],6,[1;1;0]},{'M',[2;1;8],1,[1;1;1],0,[1;0;3]},{'A',[92;672;474],8,[96;674;490],7,0,[-2;-1;-8],1,1},{'M',[2304;520;208],5,[576;68;136],2,[2;NaN;NaN],[-62;520;104],4,[NaN;0;1]},{'M',[92;672;3792],9,[92;672;474],8,[0;0;3]},{'A',[2396;-152;4000],10,[2304;520;208],5,0,[92;-672;3792],9,0},{'M',[1;337;1],7,[1;1;1],0,[0;NaN;0],[48;337;490],6,[NaN;0;NaN]},{'M',[-62;-152;416],11,[-62;520;104],4,[0;NaN;2],[2396;-152;4000],10,[NaN;0;NaN]},{'A',[-61;185;417],12,[1;337;1],7,0,[-62;-152;416],11,0},{'M',[1;185;417],13,[1;1;1],0,[0;NaN;NaN],[-61;185;417],12,[NaN;0;0]},{'M',[16;68;16],3,[1;1;1],0,[4;NaN;4],[576;68;136],2,[NaN;0;NaN]},{'A',[129;-359;545],14,[1;185;417],13,0,[16;-68;16],3,3},{'M',[384;-2432;474],11,[48;337;490],6,[3;NaN;NaN],[92;672;474],8,[NaN;NaN;0],[2396;-152;4000],10,[NaN;4;NaN]},{'M',[-122;68;32],13,[1;1;1],0,[NaN;NaN;5],[576;68;136],2,[NaN;0;NaN],[-61;185;417],12,[1;NaN;NaN]},{'A',[262;-2500;442],14,[384;-2432;474],11,0,[-122;-68;-32],13,0},{'M',[576;-2500;104],15,[576;68;136],2,[0;NaN;NaN],[-62;520;104],4,[NaN;NaN;0],[262;-2500;442],14,[NaN;0;NaN]},{'A',[743;-663;-974],16,[576;-2500;104],15,-2,[2396;-152;-4000],10,-2},{'M',[1;-359;474],15,[1;1;1],0,[0;NaN;NaN],[92;672;474],8,[NaN;NaN;0],[129;-359;545],14,[NaN;0;NaN]},{'M',[-244;370;104],13,[-62;520;104],4,[NaN;NaN;0],[-61;185;417],12,[2;1;NaN]},{'A',[489;381;682],16,[1;-359;474],15,0,[244;370;104],13,1},{'M',[743;1;1],17,[1;1;1],0,[NaN;0;0],[743;-663;-974],16,[0;NaN;NaN]},{'M',[16;672;682],17,[1;1;1],0,[4;NaN;NaN],[92;672;474],8,[NaN;0;NaN],[489;381;682],16,[NaN;NaN;0]},{'A',[727;673;683],18,[743;1;1],17,0,[-16;672;682],17,0},{'M',[489;381;834],17,[-61;185;417],12,[NaN;NaN;1],[489;381;682],16,[0;0;NaN]},{'O',[489;381;834],17,[489;381;834],17,0},{'M',[727;185;442],19,[-61;185;417],12,[NaN;0;NaN],[262;-2500;442],14,[NaN;NaN;0],[727;673;683],18,[0;NaN;NaN]},{'O',[727;185;442],19,[727;185;442],19,0},{'M',[743;673;683],19,[743;-663;-974],16,[0;NaN;NaN],[727;673;683],18,[NaN;0;0]},{'O',[743;673;683],19,[743;673;683],19,0},{'M',[262;337;545],15,[48;337;490],6,[NaN;0;NaN],[129;-359;545],14,[NaN;NaN;0],[262;-2500;442],14,[0;NaN;NaN]},{'O',[262;337;545],15,[262;337;545],15,0},{'M',[-61;-663;-974],17,[-61;185;417],12,[0;NaN;NaN],[743;-663;-974],16,[NaN;0;0]},{'O',[61;663;974],17,[61;663;974],17,0}}
Adder graph: {{'M',[1;1;256],1,[1;1;1],0,[0;0;8]},{'M',[1;2;32],1,[1;1;1],0,[0;1;5]},{'A',[3;5;192],2,[1;1;256],1,0,[1;2;-32],1,1},{'M',[1;80;192],3,[1;1;1],0,[0;NaN;NaN],[3;5;192],2,[NaN;4;0]},{'M',[1;4;1],1,[1;1;1],0,[0;2;0]},{'A',[2;84;193],4,[1;80;192],3,0,[1;4;1],1,0},{'M',[3;168;192],5,[3;5;192],2,[0;NaN;0],[2;84;193],4,[NaN;1;NaN]},{'M',[64;1;8],1,[1;1;1],0,[6;0;3]},{'A',[262;332;416],6,[3;168;192],5,1,[64;-1;8],1,2},{'M',[16;1;1],1,[1;1;1],0,[4;0;0]},{'M',[32;5;192],5,[3;5;192],2,[NaN;0;0],[2;84;193],4,[4;NaN;NaN]},{'A',[-48;11;-383],6,[16;1;1],1,0,[-32;5;-192],5,1},{'M',[262;352;1024],7,[1;1;1],0,[NaN;NaN;10],[262;332;416],6,[0;NaN;NaN],[-48;11;-383],6,[NaN;5;NaN]},{'A',[-122;-264;-4088],8,[-48;11;-383],6,3,[262;-352;-1024],7,0},{'M',[-122;-264;16],9,[1;1;1],0,[NaN;NaN;4],[-122;-264;-4088],8,[0;0;NaN]},{'M',[-122;320;1],9,[1;1;1],0,[NaN;NaN;0],[3;5;192],2,[NaN;6;NaN],[-122;-264;-4088],8,[0;NaN;NaN]},{'A',[-366;376;14],10,[-122;-264;16],9,0,[-122;320;-1],9,1},{'M',[1024;80;416],7,[1;1;1],0,[10;NaN;NaN],[3;5;192],2,[NaN;4;NaN],[262;332;416],6,[NaN;NaN;0]},{'M',[64;2816;1],7,[1;1;1],0,[NaN;NaN;0],[2;84;193],4,[5;NaN;NaN],[-48;11;-383],6,[NaN;8;NaN]},{'A',[1088;-2736;417],8,[1024;80;416],7,0,[64;-2816;1],7,0},{'M',[1;5;386],5,[1;1;1],0,[0;NaN;NaN],[3;5;192],2,[NaN;0;NaN],[2;84;193],4,[NaN;NaN;1]},{'M',[-488;376;56],11,[-122;-264;-4088],8,[2;NaN;NaN],[-366;376;14],10,[NaN;0;2]},{'A',[489;381;442],12,[1;5;386],5,0,[488;376;56],11,0},{'M',[1088;381;416],13,[262;332;416],6,[NaN;NaN;0],[1088;-2736;417],8,[0;NaN;NaN],[489;381;442],12,[NaN;0;NaN]},{'M',[-366;11;14],11,[-48;11;-383],6,[NaN;0;NaN],[-366;376;14],10,[0;NaN;0]},{'A',[727;185;201],14,[1088;381;416],13,-1,[366;-11;-14],11,-1},{'M',[-122;-2736;-4088],9,[-122;-264;-4088],8,[0;NaN;0],[1088;-2736;417],8,[NaN;0;NaN]},{'M',[2;84;192],5,[3;5;192],2,[NaN;NaN;0],[2;84;193],4,[0;0;NaN]},{'A',[-30;-663;-974],10,[-122;-2736;-4088],9,-2,[2;84;192],5,-2},{'M',[3;5;128],3,[1;1;1],0,[NaN;NaN;7],[3;5;192],2,[0;0;NaN]},{'M',[64;332;417],9,[2;84;193],4,[5;NaN;NaN],[262;332;416],6,[NaN;0;NaN],[1088;-2736;417],8,[NaN;NaN;0]},{'A',[-61;337;545],10,[3;5;128],3,0,[-64;332;417],9,0},{'M',[8;336;442],13,[2;84;193],4,[2;2;NaN],[489;381;442],12,[NaN;NaN;0]},{'M',[727;1;201],15,[1;1;1],0,[NaN;0;NaN],[727;185;201],14,[0;NaN;0]},{'A',[743;673;683],16,[8;336;442],13,1,[727;1;-201],15,0},{'M',[489;381;834],13,[1088;-2736;417],8,[NaN;NaN;1],[489;381;442],12,[0;0;NaN]},{'O',[489;381;834],13,[489;381;834],13,0},{'M',[727;185;442],15,[489;381;442],12,[NaN;NaN;0],[727;185;201],14,[0;0;NaN]},{'O',[727;185;442],15,[727;185;442],15,0},{'O',[743;673;683],16,[743;673;683],16,0},{'M',[262;337;545],11,[262;332;416],6,[0;NaN;NaN],[-61;337;545],10,[NaN;0;0]},{'O',[262;337;545],11,[262;337;545],11,0},{'M',[-61;-663;-974],11,[-30;-663;-974],10,[NaN;0;0],[-61;337;545],10,[0;NaN;NaN]},{'O',[61;663;974],11,[61;663;974],11,0}}
Adder graph: {{'M',[2;1;1],1,[1;1;1],0,[1;0;0]},{'A',[-3;3;3],2,[1;1;1],0,0,[-2;1;1],1,1},{'M',[-3;3;2],3,[1;1;1],0,[NaN;NaN;1],[-3;3;3],2,[0;0;NaN]},{'M',[2;64;1],1,[1;1;1],0,[1;6;0]},{'A',[61;2051;34],4,[-3;3;2],3,0,[2;64;1],1,5},{'M',[-3;12;3],3,[-3;3;3],2,[0;2;0]},{'M',[1;384;136],5,[1;1;1],0,[0;NaN;NaN],[-3;3;3],2,[NaN;7;NaN],[61;2051;34],4,[NaN;NaN;2]},{'A',[-7;1548;547],6,[-3;12;3],3,0,[-1;384;136],5,2},{'M',[-7;192;547],7,[-3;3;3],2,[NaN;6;NaN],[-7;1548;547],6,[0;NaN;0]},{'M',[976;6;34],5,[-3;3;3],2,[NaN;1;NaN],[61;2051;34],4,[4;NaN;0]},{'A',[-3911;168;683],8,[-7;192;547],7,0,[-976;-6;34],5,2},{'M',[-192;2048;683],9,[1;1;1],0,[NaN;11;NaN],[-3;3;3],2,[6;NaN;NaN],[-3911;168;683],8,[NaN;NaN;0]},{'M',[-7;1548;4],7,[1;1;1],0,[NaN;NaN;2],[-7;1548;547],6,[0;0;NaN]},{'A',[-199;500;679],10,[-192;2048;683],9,0,[-7;-1548;-4],7,0},{'M',[-1592;168;272],11,[61;2051;34],4,[NaN;NaN;3],[-3911;168;683],8,[NaN;0;NaN],[-199;500;679],10,[3;NaN;NaN]},{'M',[-3911;1;1],9,[1;1;1],0,[NaN;0;0],[-3911;168;683],8,[0;NaN;NaN]},{'A',[727;337;545],12,[-1592;168;272],11,1,[3911;1;1],9,0},{'M',[8;168;12],9,[1;1;1],0,[3;NaN;NaN],[-3;3;3],2,[NaN;NaN;2],[-3911;168;683],8,[NaN;0;NaN]},{'A',[743;673;569],13,[727;337;545],12,0,[8;168;12],9,1},{'M',[1;1;6],3,[1;1;1],0,[0;0;NaN],[-3;3;3],2,[NaN;NaN;1]},{'A',[-7;9;14],4,[1;1;6],3,0,[-1;1;1],0,3},{'M',[16;9;14],5,[1;1;1],0,[4;NaN;NaN],[-7;9;14],4,[NaN;0;0]},{'M',[-6;337;545],13,[-3;3;3],2,[1;NaN;NaN],[727;337;545],12,[NaN;0;0]},{'A',[2054;1489;2337],14,[16;9;14],5,7,[6;337;545],13,0},{'M',[-199;336;679],11,[-3911;168;683],8,[NaN;1;NaN],[-199;500;679],10,[0;NaN;0]},{'M',[-7;9;384],5,[-3;3;3],2,[NaN;NaN;7],[-7;9;14],4,[0;0;NaN]},{'A',[-391;663;974],12,[-199;336;679],11,1,[7;-9;-384],5,0},{'M',[1;1489;2337],15,[1;1;1],0,[0;NaN;NaN],[2054;1489;2337],14,[NaN;0;0]},{'M',[-3911;9;569],14,[-3911;168;683],8,[0;NaN;NaN],[743;673;569],13,[NaN;NaN;0],[-7;9;14],4,[NaN;0;NaN]},{'A',[489;185;221],16,[1;1489;2337],15,-3,[3911;-9;-569],14,-3},{'M',[2054;384;1090],15,[-3;3;3],2,[NaN;7;NaN],[727;337;545],12,[NaN;NaN;1],[2054;1489;2337],14,[0;NaN;NaN]},{'M',[-1792;3;256],5,[1;1;1],0,[NaN;NaN;8],[-3;3;3],2,[NaN;0;NaN],[-7;9;14],4,[8;NaN;NaN]},{'A',[262;381;834],16,[2054;384;1090],15,0,[-1792;-3;-256],5,0},{'M',[489;381;834],17,[489;185;221],16,[0;NaN;NaN],[262;381;834],16,[NaN;0;0]},{'O',[489;381;834],17,[489;381;834],17,0},{'M',[727;185;442],17,[727;337;545],12,[0;NaN;NaN],[489;185;221],16,[NaN;0;1]},{'O',[727;185;442],17,[727;185;442],17,0},{'M',[743;673;683],14,[-3911;168;683],8,[NaN;NaN;0],[743;673;569],13,[0;0;NaN]},{'O',[743;673;683],14,[743;673;683],14,0},{'M',[262;337;545],17,[727;337;545],12,[NaN;0;0],[262;381;834],16,[0;NaN;NaN]},{'O',[262;337;545],17,[262;337;545],17,0},{'M',[61;663;974],13,[61;2051;34],4,[0;NaN;NaN],[-391;663;974],12,[NaN;0;0]},{'O',[61;663;974],13,[61;663;974],13,0}}
Adder graph: {{'M',[1;8;2],1,[1;1;1],0,[0;3;1]},{'M',[64;1;1],1,[1;1;1],0,[6;0;0]},{'A',[-62;15;5],2,[1;8;2],1,1,[-64;-1;1],1,0},{'M',[1;60;1],3,[1;1;1],0,[0;NaN;0],[-62;15;5],2,[NaN;2;NaN]},{'M',[-62;15;32],3,[1;1;1],0,[NaN;NaN;5],[-62;15;5],2,[0;0;NaN]},{'A',[250;60;-126],4,[1;60;1],3,1,[62;-15;-32],3,2},{'M',[1;8;8],1,[1;1;1],0,[0;3;3]},{'M',[250;60;20],5,[-62;15;5],2,[NaN;2;2],[250;60;-126],4,[0;NaN;NaN]},{'A',[254;92;52],6,[1;8;8],1,2,[250;60;20],5,0},{'M',[250;184;1024],7,[1;1;1],0,[NaN;NaN;10],[250;60;-126],4,[0;NaN;NaN],[254;92;52],6,[NaN;1;NaN]},{'M',[1;1;2],1,[1;1;1],0,[0;0;1]},{'A',[249;185;1026],8,[250;184;1024],7,0,[-1;1;2],1,0},{'M',[996;92;640],9,[-62;15;5],2,[NaN;NaN;7],[254;92;52],6,[NaN;0;NaN],[249;185;1026],8,[2;NaN;NaN]},{'M',[16;1;16],1,[1;1;1],0,[4;0;4]},{'A',[1736;168;1024],10,[996;92;640],9,1,[-16;-1;-16],1,4},{'M',[-124;60;10],5,[-62;15;5],2,[1;NaN;1],[250;60;-126],4,[NaN;0;NaN]},{'M',[250;370;-126],9,[250;60;-126],4,[0;NaN;0],[249;185;1026],8,[NaN;1;NaN]},{'A',[8;-1000;584],10,[-124;60;10],5,3,[250;-370;126],9,2},{'M',[-62;30;1280],3,[-62;15;5],2,[0;1;8]},{'M',[1;672;40],11,[1;1;1],0,[0;NaN;NaN],[-62;15;5],2,[NaN;NaN;3],[1736;168;1024],10,[NaN;2;NaN]},{'A',[-61;702;1240],12,[-62;30;1280],3,0,[1;672;-40],11,0},{'M',[1736;702;1240],13,[1736;168;1024],10,[0;NaN;NaN],[-61;702;1240],12,[NaN;0;0]},{'A',[743;381;683],14,[1736;702;1240],13,-1,[-250;60;126],4,-1},{'M',[743;381;1026],15,[249;185;1026],8,[NaN;NaN;0],[743;381;683],14,[0;0;NaN]},{'M',[16;16;584],11,[1;1;1],0,[4;4;NaN],[8;-1000;584],10,[NaN;NaN;0]},{'A',[727;397;442],16,[743;381;1026],15,0,[-16;16;-584],11,0},{'M',[498;168;208],11,[254;92;52],6,[NaN;NaN;2],[249;185;1026],8,[1;NaN;NaN],[1736;168;1024],10,[NaN;0;NaN]},{'A',[997;337;417],12,[498;168;208],11,1,[1;1;1],0,0},{'M',[254;337;52],13,[254;92;52],6,[0;NaN;0],[997;337;417],12,[NaN;0;NaN]},{'M',[8;-1000;1026],11,[249;185;1026],8,[NaN;NaN;0],[8;-1000;584],10,[0;0;NaN]},{'A',[262;-663;-974],14,[254;337;52],13,0,[8;-1000;-1026],11,0},{'M',[743;168;64],15,[1;1;1],0,[NaN;NaN;6],[1736;168;1024],10,[NaN;0;NaN],[743;381;683],14,[0;NaN;NaN]},{'A',[489;673;545],16,[743;168;64],15,1,[-997;337;417],12,0},{'M',[489;381;834],17,[743;381;683],14,[NaN;0;NaN],[997;337;417],12,[NaN;NaN;1],[489;673;545],16,[0;NaN;NaN]},{'O',[489;381;834],17,[489;381;834],17,0},{'M',[727;185;442],17,[249;185;1026],8,[NaN;0;NaN],[727;397;442],16,[0;NaN;0]},{'O',[727;185;442],17,[727;185;442],17,0},{'M',[743;673;683],17,[743;381;683],14,[0;NaN;0],[489;673;545],16,[NaN;0;NaN]},{'O',[743;673;683],17,[743;673;683],17,0},{'M',[262;337;545],17,[997;337;417],12,[NaN;0;NaN],[262;-663;-974],14,[0;NaN;NaN],[489;673;545],16,[NaN;NaN;0]},{'O',[262;337;545],17,[262;337;545],17,0},{'M',[-61;-663;-974],15,[-61;702;1240],12,[0;NaN;NaN],[262;-663;-974],14,[NaN;0;0]},{'O',[61;663;974],15,[61;663;974],15,0}}
Adder graph: {{'M',[16;16;1],1,[1;1;1],0,[4;4;0]},{'A',[31;31;3],2,[16;16;1],1,1,[-1;-1;1],0,0},{'M',[1;8;16],1,[1;1;1],0,[0;3;4]},{'A',[29;15;35],3,[31;31;3],2,0,[-1;-8;16],1,1},{'M',[992;1;96],3,[1;1;1],0,[NaN;0;NaN],[31;31;3],2,[5;NaN;5]},{'M',[1;64;1],1,[1;1;1],0,[0;6;0]},{'A',[991;-63;97],4,[992;1;96],3,0,[-1;-64;1],1,0},{'M',[991;-63;35],5,[29;15;35],3,[NaN;NaN;0],[991;-63;97],4,[0;0;NaN]},{'M',[29;1;1536],4,[1;1;1],0,[NaN;0;NaN],[31;31;3],2,[NaN;NaN;9],[29;15;35],3,[0;NaN;NaN]},{'A',[3935;-253;-1396],6,[991;-63;35],5,2,[-29;-1;-1536],4,0},{'M',[58;30;-1396],7,[29;15;35],3,[1;1;NaN],[3935;-253;-1396],6,[NaN;NaN;0]},{'M',[248;1;1],3,[1;1;1],0,[NaN;0;0],[31;31;3],2,[3;NaN;NaN]},{'A',[-132;61;-2791],8,[58;30;-1396],7,1,[-248;1;1],3,0},{'M',[-132;61;1024],9,[1;1;1],0,[NaN;NaN;10],[-132;61;-2791],8,[0;0;NaN]},{'A',[727;185;1951],10,[-132;61;1024],9,1,[991;63;-97],4,0},{'M',[29;15;1951],11,[29;15;35],3,[0;0;NaN],[727;185;1951],10,[NaN;NaN;0]},{'A',[-1;23;974],12,[29;15;1951],11,-1,[-31;31;-3],2,-1},{'M',[3935;-253;140],7,[29;15;35],3,[NaN;NaN;2],[3935;-253;-1396],6,[0;0;NaN]},{'M',[128;128;974],13,[1;1;1],0,[7;7;NaN],[-1;23;974],12,[NaN;NaN;0]},{'A',[3807;-381;-834],14,[3935;-253;140],7,0,[-128;-128;-974],13,0},{'M',[29;15;768],4,[31;31;3],2,[NaN;NaN;8],[29;15;35],3,[0;0;NaN]},{'M',[32;92;97],13,[1;1;1],0,[5;NaN;NaN],[991;-63;97],4,[NaN;NaN;0],[-1;23;974],12,[NaN;2;NaN]},{'A',[61;-77;671],14,[29;15;768],4,0,[32;-92;-97],13,0},{'M',[2;31;12],3,[1;1;1],0,[1;NaN;NaN],[31;31;3],2,[NaN;0;2]},{'M',[-264;368;671],15,[-132;61;-2791],8,[1;NaN;NaN],[-1;23;974],12,[NaN;4;NaN],[61;-77;671],14,[NaN;NaN;0]},{'A',[-262;-337;683],16,[2;31;12],3,0,[-264;-368;671],15,0},{'M',[2;61;64],9,[1;1;1],0,[1;NaN;6],[-132;61;-2791],8,[NaN;0;NaN]},{'M',[727;185;70],11,[29;15;35],3,[NaN;NaN;1],[727;185;1951],10,[0;0;NaN]},{'A',[743;673;442],12,[2;61;64],9,3,[727;185;-70],11,0},{'M',[-1;-77;-3336],15,[-1;23;974],12,[0;NaN;NaN],[3807;-381;-834],14,[NaN;NaN;2],[61;-77;671],14,[NaN;0;NaN]},{'M',[488;740;-2791],15,[-132;61;-2791],8,[NaN;NaN;0],[727;185;1951],10,[NaN;2;NaN],[61;-77;671],14,[3;NaN;NaN]},{'A',[-489;663;-545],16,[-1;-77;-3336],15,0,[-488;740;2791],15,0},{'M',[-489;-381;-834],17,[3807;-381;-834],14,[NaN;0;0],[-489;663;-545],16,[0;NaN;NaN]},{'O',[489;381;834],17,[489;381;834],17,0},{'M',[727;185;442],13,[727;185;1951],10,[0;0;NaN],[743;673;442],12,[NaN;NaN;0]},{'O',[727;185;442],13,[727;185;442],13,0},{'M',[743;673;683],17,[-262;-337;683],16,[NaN;NaN;0],[743;673;442],12,[0;0;NaN]},{'O',[743;673;683],17,[743;673;683],17,0},{'M',[-262;-337;-545],17,[-262;-337;683],16,[0;0;NaN],[-489;663;-545],16,[NaN;NaN;0]},{'O',[262;337;545],17,[262;337;545],17,0},{'M',[61;663;974],17,[-1;23;974],12,[NaN;NaN;0],[61;-77;671],14,[0;NaN;NaN],[-489;663;-545],16,[NaN;0;NaN]},{'O',[61;663;974],17,[61;663;974],17,0}}
Adder graph: {{'M',[1;1;32],1,[1;1;1],0,[0;0;5]},{'M',[256;1;1],1,[1;1;1],0,[8;0;0]},{'A',[513;3;30],2,[1;1;32],1,0,[256;1;-1],1,1},{'M',[16;12;30],3,[1;1;1],0,[4;NaN;NaN],[513;3;30],2,[NaN;2;0]},{'M',[1;8;1],1,[1;1;1],0,[0;3;0]},{'A',[192;-320;416],4,[16;12;30],3,4,[-1;-8;-1],1,6},{'M',[32;3;30],3,[1;1;1],0,[5;NaN;NaN],[513;3;30],2,[NaN;0;0]},{'M',[1;192;4],3,[1;1;1],0,[0;NaN;2],[513;3;30],2,[NaN;6;NaN]},{'A',[30;-381;22],4,[32;3;30],3,0,[-1;-192;-4],3,1},{'M',[1;192;1],3,[1;1;1],0,[0;NaN;0],[513;3;30],2,[NaN;6;NaN]},{'M',[1;1;60],3,[1;1;1],0,[0;0;NaN],[513;3;30],2,[NaN;NaN;1]},{'A',[-3;196;241],4,[1;192;1],3,0,[-1;1;60],3,2},{'M',[30;-381;60],5,[513;3;30],2,[NaN;NaN;1],[30;-381;22],4,[0;0;NaN]},{'M',[60;-762;1],5,[1;1;1],0,[NaN;NaN;0],[30;-381;22],4,[1;1;NaN]},{'A',[90;381;59],6,[30;-381;60],5,0,[60;762;-1],5,0},{'M',[513;784;960],5,[513;3;30],2,[0;NaN;5],[-3;196;241],4,[NaN;2;NaN]},{'A',[603;403;901],7,[513;784;960],5,0,[90;-381;-59],6,0},{'M',[32;381;32],7,[1;1;1],0,[5;NaN;5],[90;381;59],6,[NaN;0;NaN]},{'A',[35;185;273],8,[32;381;32],7,0,[3;-196;241],4,0},{'M',[-24;-320;176],5,[192;-320;416],4,[NaN;0;NaN],[30;-381;22],4,[NaN;NaN;3],[-3;196;241],4,[3;NaN;NaN]},{'M',[513;403;241],8,[513;3;30],2,[0;NaN;NaN],[-3;196;241],4,[NaN;NaN;0],[603;403;901],7,[NaN;0;NaN]},{'A',[489;83;417],9,[-24;-320;176],5,0,[513;403;241],8,0},{'M',[30;332;546],10,[30;-381;22],4,[0;NaN;NaN],[35;185;273],8,[NaN;NaN;1],[489;83;417],9,[NaN;2;NaN]},{'M',[1;1;118],7,[1;1;1],0,[0;0;NaN],[90;381;59],6,[NaN;NaN;1]},{'A',[61;663;974],11,[30;332;546],10,1,[1;-1;-118],7,0},{'M',[35;185;32],9,[1;1;1],0,[NaN;NaN;5],[35;185;273],8,[0;0;NaN]},{'M',[603;403;417],10,[603;403;901],7,[0;0;NaN],[489;83;417],9,[NaN;NaN;0]},{'A',[743;337;545],11,[35;185;32],9,2,[603;-403;417],10,0},{'M',[743;337;472],12,[90;381;59],6,[NaN;NaN;3],[743;337;545],11,[0;0;NaN]},{'M',[16;16;30],3,[1;1;1],0,[4;4;NaN],[513;3;30],2,[NaN;NaN;0]},{'A',[727;353;442],13,[743;337;472],12,0,[-16;16;-30],3,0},{'M',[70;353;442],14,[35;185;273],8,[1;NaN;NaN],[727;353;442],13,[NaN;0;0]},{'M',[192;-320;241],5,[192;-320;416],4,[0;0;NaN],[-3;196;241],4,[NaN;NaN;0]},{'A',[262;673;683],15,[70;353;442],14,0,[192;320;241],5,0},{'M',[489;381;834],10,[90;381;59],6,[NaN;0;NaN],[489;83;417],9,[0;NaN;1]},{'O',[489;381;834],10,[489;381;834],10,0},{'M',[727;185;442],14,[35;185;273],8,[NaN;0;NaN],[727;353;442],13,[0;NaN;0]},{'O',[727;185;442],14,[727;185;442],14,0},{'M',[743;673;683],16,[743;337;545],11,[0;NaN;NaN],[262;673;683],15,[NaN;0;0]},{'O',[743;673;683],16,[743;673;683],16,0},{'M',[262;337;545],16,[743;337;545],11,[NaN;0;0],[262;673;683],15,[0;NaN;NaN]},{'O',[262;337;545],16,[262;337;545],16,0},{'O',[61;663;974],11,[61;663;974],11,0}}
Adder graph: {{'M',[1;16;1],1,[1;1;1],0,[0;4;0]},{'M',[1;16;16],1,[1;1;1],0,[0;4;4]},{'A',[-3;80;-63],2,[1;16;1],1,0,[-1;16;-16],1,2},{'M',[64;4;1],1,[1;1;1],0,[6;2;0]},{'A',[61;84;-62],3,[64;4;1],1,0,[-3;80;-63],2,0},{'M',[61;84;4],4,[1;1;1],0,[NaN;NaN;2],[61;84;-62],3,[0;0;NaN]},{'M',[1;1;-62],4,[1;1;1],0,[0;0;NaN],[61;84;-62],3,[NaN;NaN;0]},{'A',[243;337;78],5,[61;84;4],4,2,[-1;1;62],4,0},{'M',[64;1;64],1,[1;1;1],0,[6;0;6]},{'M',[243;4;78],6,[1;1;1],0,[NaN;2;NaN],[243;337;78],5,[0;NaN;0]},{'A',[781;20;1102],7,[64;1;64],1,4,[-243;4;78],6,0},{'M',[4;4;78],6,[1;1;1],0,[2;2;NaN],[243;337;78],5,[NaN;NaN;0]},{'A',[6;2;76],7,[4;4;78],6,0,[1;-1;-1],0,1},{'M',[6;4;-63],8,[1;1;1],0,[NaN;2;NaN],[-3;80;-63],2,[NaN;NaN;0],[6;2;76],7,[0;NaN;NaN]},{'M',[32;32;76],8,[1;1;1],0,[5;5;NaN],[6;2;76],7,[NaN;NaN;0]},{'A',[262;260;545],9,[6;4;-63],8,0,[32;32;76],8,3},{'M',[243;337;545],10,[243;337;78],5,[0;0;NaN],[262;260;545],9,[NaN;NaN;0]},{'M',[781;20;64],8,[1;1;1],0,[NaN;NaN;6],[781;20;1102],7,[0;0;NaN]},{'A',[1805;377;417],11,[243;337;545],10,0,[781;20;-64],8,1},{'M',[488;2;76],8,[61;84;-62],3,[3;NaN;NaN],[6;2;76],7,[NaN;0;0]},{'M',[1;1;64],1,[1;1;1],0,[0;0;6]},{'A',[489;3;12],9,[488;2;76],8,0,[1;1;-64],1,0},{'M',[1048;1040;-62],10,[61;84;-62],3,[NaN;NaN;0],[262;260;545],9,[2;2;NaN]},{'M',[1805;377;-504],12,[-3;80;-63],2,[NaN;NaN;3],[1805;377;417],11,[0;0;NaN]},{'A',[-757;663;442],13,[1048;1040;-62],10,0,[-1805;-377;504],12,0},{'M',[262;384;545],10,[262;260;545],9,[0;NaN;0],[489;3;12],9,[NaN;7;NaN]},{'A',[751;381;557],11,[262;384;545],10,0,[489;-3;12],9,0},{'M',[-24;377;417],12,[-3;80;-63],2,[3;NaN;NaN],[1805;377;417],11,[NaN;0;0]},{'M',[751;192;557],12,[489;3;12],9,[NaN;6;NaN],[751;381;557],11,[0;NaN;0]},{'A',[727;185;974],13,[-24;377;417],12,0,[751;-192;557],12,0},{'M',[751;672;557],12,[61;84;-62],3,[NaN;3;NaN],[751;381;557],11,[0;NaN;0]},{'M',[8;1;-126],3,[1;1;1],0,[3;0;NaN],[-3;80;-63],2,[NaN;NaN;1]},{'A',[743;673;683],13,[751;672;557],12,0,[-8;1;126],3,0},{'M',[489;381;834],12,[1805;377;417],11,[NaN;NaN;1],[489;3;12],9,[0;NaN;NaN],[751;381;557],11,[NaN;0;NaN]},{'O',[489;381;834],12,[489;381;834],12,0},{'M',[727;185;442],14,[-757;663;442],13,[NaN;NaN;0],[727;185;974],13,[0;0;NaN]},{'O',[727;185;442],14,[727;185;442],14,0},{'O',[743;673;683],13,[743;673;683],13,0},{'M',[262;337;545],10,[243;337;78],5,[NaN;0;NaN],[262;260;545],9,[0;NaN;0]},{'O',[262;337;545],10,[262;337;545],10,0},{'M',[61;663;974],14,[61;84;-62],3,[0;NaN;NaN],[-757;663;442],13,[NaN;0;NaN],[727;185;974],13,[NaN;NaN;0]},{'O',[61;663;974],14,[61;663;974],14,0}}
Adder graph: {{'A',[1008;1040;1040],1,[1;1;1],0,10,[-1;1;1],0,4},{'M',[32;1;32],1,[1;1;1],0,[5;0;5]},{'M',[4;1;2],1,[1;1;1],0,[2;0;1]},{'A',[252;7;254],2,[32;1;32],1,3,[-4;-1;-2],1,0},{'M',[1;1;64],1,[1;1;1],0,[0;0;6]},{'A',[-1;3;66],2,[1;1;64],1,0,[-1;1;1],0,1},{'M',[256;384;1040],3,[1;1;1],0,[8;NaN;NaN],[1008;1040;1040],1,[NaN;NaN;0],[-1;3;66],2,[NaN;7;NaN]},{'A',[255;-381;-974],4,[-1;3;66],2,0,[256;-384;-1040],3,0},{'M',[8;1;8],1,[1;1;1],0,[3;0;3]},{'M',[255;-381;528],5,[-1;3;66],2,[NaN;NaN;3],[255;-381;-974],4,[0;0;NaN]},{'A',[-478;766;1088],6,[8;1;8],1,2,[-255;381;528],5,1},{'M',[-1;3;508],3,[252;7;254],2,[NaN;NaN;1],[-1;3;66],2,[0;0;NaN]},{'M',[32;28;66],3,[1;1;1],0,[5;NaN;NaN],[252;7;254],2,[NaN;2;NaN],[-1;3;66],2,[NaN;NaN;0]},{'A',[31;-25;442],4,[-1;3;508],3,0,[32;-28;-66],3,0},{'M',[1008;1040;254],3,[1008;1040;1040],1,[0;0;NaN],[252;7;254],2,[NaN;NaN;0]},{'A',[743;137;-417],7,[1008;1040;254],3,-1,[478;-766;-1088],6,-1},{'M',[-4;12;1],3,[1;1;1],0,[NaN;NaN;0],[-1;3;66],2,[2;2;NaN]},{'A',[727;185;421],8,[-4;12;1],3,2,[743;137;417],7,0},{'M',[-64;137;-417],8,[-1;3;66],2,[6;NaN;NaN],[743;137;-417],7,[NaN;0;0]},{'M',[1;-800;1],5,[1;1;1],0,[0;NaN;0],[31;-25;442],4,[NaN;5;NaN]},{'A',[-65;-663;-418],9,[-64;137;-417],8,0,[-1;-800;-1],5,0},{'M',[248;-200;-417],8,[31;-25;442],4,[3;3;NaN],[743;137;-417],7,[NaN;NaN;0]},{'M',[510;137;128],8,[1;1;1],0,[NaN;NaN;7],[255;-381;-974],4,[1;NaN;NaN],[743;137;-417],7,[NaN;0;NaN]},{'A',[-262;-337;-545],9,[248;-200;-417],8,0,[-510;-137;-128],8,0},{'M',[2;224;-418],10,[1;1;1],0,[1;NaN;NaN],[252;7;254],2,[NaN;5;NaN],[-65;-663;-418],9,[NaN;NaN;0]},{'M',[-65;-381;-974],10,[255;-381;-974],4,[NaN;0;0],[-65;-663;-418],9,[0;NaN;NaN]},{'A',[-61;67;138],11,[2;224;-418],10,1,[-65;-381;974],10,0},{'M',[-1;137;421],9,[-1;3;66],2,[0;NaN;NaN],[743;137;-417],7,[NaN;0;NaN],[727;185;421],8,[NaN;NaN;0]},{'A',[-489;673;683],12,[-61;67;138],11,3,[-1;137;-421],9,0},{'M',[-489;-381;-834],13,[255;-381;-974],4,[NaN;0;NaN],[743;137;-417],7,[NaN;NaN;1],[-489;673;683],12,[0;NaN;NaN]},{'O',[489;381;834],13,[489;381;834],13,0},{'M',[727;185;442],9,[31;-25;442],4,[NaN;NaN;0],[727;185;421],8,[0;0;NaN]},{'O',[727;185;442],9,[727;185;442],9,0},{'M',[743;673;683],13,[743;137;-417],7,[0;NaN;NaN],[-489;673;683],12,[NaN;0;0]},{'O',[743;673;683],13,[743;673;683],13,0},{'O',[262;337;545],9,[262;337;545],9,0},{'M',[-61;-663;-974],12,[255;-381;-974],4,[NaN;NaN;0],[-65;-663;-418],9,[NaN;0;NaN],[-61;67;138],11,[0;NaN;NaN]},{'O',[61;663;974],12,[61;663;974],12,0}}
Adder graph: {{'M',[16;1;16],1,[1;1;1],0,[4;0;4]},{'A',[-63;5;-63],2,[1;1;1],0,0,[-16;1;-16],1,2},{'M',[-126;1;1],3,[1;1;1],0,[NaN;0;0],[-63;5;-63],2,[1;NaN;NaN]},{'M',[2;5;2],3,[1;1;1],0,[1;NaN;1],[-63;5;-63],2,[NaN;0;NaN]},{'A',[-142;-39;17],4,[-126;1;1],3,0,[-2;-5;2],3,3},{'M',[-63;-39;-1008],5,[-63;5;-63],2,[0;NaN;4],[-142;-39;17],4,[NaN;0;NaN]},{'M',[1;-312;17],5,[1;1;1],0,[0;NaN;NaN],[-142;-39;17],4,[NaN;3;0]},{'A',[-61;-663;-974],6,[-63;-39;-1008],5,0,[1;-312;17],5,1},{'M',[-63;256;256],3,[1;1;1],0,[NaN;8;8],[-63;5;-63],2,[0;NaN;NaN]},{'A',[65;-151;-462],7,[-61;-663;-974],6,0,[63;256;256],3,1},{'M',[1;40;1],3,[1;1;1],0,[0;NaN;0],[-63;5;-63],2,[NaN;3;NaN]},{'A',[256;-444;-1844],8,[65;-151;-462],7,2,[-1;40;1],3,2},{'A',[573;-225;-2714],9,[256;-444;-1844],8,1,[61;663;974],6,0},{'M',[1;640;1],3,[1;1;1],0,[0;NaN;0],[-63;5;-63],2,[NaN;7;NaN]},{'M',[-122;-39;272],7,[-142;-39;17],4,[NaN;0;4],[-61;-663;-974],6,[1;NaN;NaN]},{'A',[245;562;545],8,[1;640;1],3,0,[122;-39;272],7,1},{'M',[260;-225;-2714],10,[65;-151;-462],7,[2;NaN;NaN],[573;-225;-2714],9,[NaN;0;0]},{'M',[2;562;2],9,[1;1;1],0,[1;NaN;1],[245;562;545],8,[NaN;0;NaN]},{'A',[262;337;-2712],11,[260;-225;-2714],10,0,[2;562;2],9,0},{'M',[-142;-78;17],5,[-142;-39;17],4,[0;1;0]},{'M',[-61;-663;256],7,[1;1;1],0,[NaN;NaN;8],[-61;-663;-974],6,[0;0;NaN]},{'A',[-223;507;-222],8,[-142;-78;17],5,1,[61;663;-256],7,0},{'M',[-223;-225;-222],10,[573;-225;-2714],9,[NaN;0;NaN],[-223;507;-222],8,[0;NaN;0]},{'M',[-504;40;1],3,[1;1;1],0,[NaN;NaN;0],[-63;5;-63],2,[3;3;NaN]},{'A',[-727;-185;-221],11,[-223;-225;-222],10,0,[-504;40;1],3,0},{'M',[-727;507;-221],12,[-223;507;-222],8,[NaN;0;NaN],[-727;-185;-221],11,[0;NaN;0]},{'M',[16;-888;-462],9,[1;1;1],0,[4;NaN;NaN],[65;-151;-462],7,[NaN;NaN;0],[256;-444;-1844],8,[NaN;1;NaN]},{'A',[-743;-381;-683],13,[-727;507;-221],12,0,[-16;-888;-462],9,0},{'M',[1;1;256],1,[1;1;1],0,[0;0;8]},{'M',[245;337;545],12,[245;562;545],8,[0;NaN;0],[262;337;-2712],11,[NaN;0;NaN]},{'A',[-489;-673;-834],13,[1;1;256],1,0,[-245;-337;-545],12,1},{'M',[-489;-381;-834],14,[-743;-381;-683],13,[NaN;0;NaN],[-489;-673;-834],13,[0;NaN;0]},{'O',[489;381;834],14,[489;381;834],14,0},{'M',[-727;-185;-442],12,[-727;-185;-221],11,[0;0;1]},{'O',[727;185;442],12,[727;185;442],12,0},{'M',[-743;-673;-683],14,[-743;-381;-683],13,[0;NaN;0],[-489;-673;-834],13,[NaN;0;NaN]},{'O',[743;673;683],14,[743;673;683],14,0},{'M',[262;337;545],12,[245;562;545],8,[NaN;NaN;0],[262;337;-2712],11,[0;0;NaN]},{'O',[262;337;545],12,[262;337;545],12,0},{'O',[61;663;974],6,[61;663;974],6,0}}
Adder graph: {{'M',[1;1;4],1,[1;1;1],0,[0;0;2]},{'A',[5;5;17],2,[1;1;4],1,2,[1;1;1],0,0},{'M',[1;1;64],1,[1;1;1],0,[0;0;6]},{'A',[3;3;-111],3,[5;5;17],2,0,[-1;-1;-64],1,1},{'M',[8;5;8],3,[1;1;1],0,[3;NaN;3],[5;5;17],2,[NaN;0;NaN]},{'M',[5;48;17],4,[5;5;17],2,[0;NaN;0],[3;3;-111],3,[NaN;4;NaN]},{'A',[13;-43;-9],5,[8;5;8],3,0,[5;-48;-17],4,0},{'M',[1;5;1],3,[1;1;1],0,[0;NaN;0],[5;5;17],2,[NaN;0;NaN]},{'M',[13;-43;136],6,[5;5;17],2,[NaN;NaN;3],[13;-43;-9],5,[0;0;NaN]},{'A',[-51;177;545],7,[1;5;1],3,0,[-13;43;136],6,2},{'M',[-51;177;17],8,[5;5;17],2,[NaN;NaN;0],[-51;177;545],7,[0;0;NaN]},{'M',[5;5;68],3,[5;5;17],2,[0;0;2]},{'A',[-61;167;153],9,[-51;177;17],8,0,[-5;-5;68],3,1},{'M',[3;2;-111],4,[1;1;1],0,[NaN;1;NaN],[3;3;-111],3,[0;NaN;0]},{'M',[832;167;-576],10,[13;-43;-9],5,[6;NaN;6],[-61;167;153],9,[NaN;0;NaN]},{'A',[-829;169;-687],11,[3;2;-111],4,0,[-832;167;-576],10,0},{'M',[-829;169;-72],12,[13;-43;-9],5,[NaN;NaN;3],[-829;169;-687],11,[0;0;NaN]},{'M',[-51;177;306],10,[-51;177;545],7,[0;0;NaN],[-61;167;153],9,[NaN;NaN;1]},{'A',[-727;-185;-684],13,[-829;169;-72],12,0,[51;-177;-306],10,1},{'M',[-488;3;-222],10,[3;3;-111],3,[NaN;0;1],[-61;167;153],9,[3;NaN;NaN]},{'M',[1;384;1],4,[1;1;1],0,[0;NaN;0],[3;3;-111],3,[NaN;7;NaN]},{'A',[-489;-381;-221],11,[-488;3;-222],10,0,[-1;-384;1],4,0},{'M',[384;3;-111],4,[3;3;-111],3,[7;0;0]},{'A',[262;337;-417],10,[384;3;-111],4,0,[-61;167;-153],9,1},{'M',[16;16;1],1,[1;1;1],0,[4;4;0]},{'A',[-743;-169;-683],14,[-727;-185;-684],13,0,[-16;16;1],1,0},{'M',[-727;3;-684],14,[3;3;-111],3,[NaN;0;NaN],[-727;-185;-684],13,[0;NaN;0]},{'M',[-51;676;256],12,[1;1;1],0,[NaN;NaN;8],[-51;177;545],7,[0;NaN;NaN],[-829;169;-687],11,[NaN;2;NaN]},{'A',[-676;-673;-940],15,[-727;3;-684],14,0,[51;-676;-256],12,0},{'M',[-51;-673;-940],16,[-51;177;545],7,[0;NaN;NaN],[-676;-673;-940],15,[NaN;0;0]},{'A',[-61;-663;-974],17,[-51;-673;-940],16,0,[-5;5;-17],2,1},{'M',[-489;-381;-834],12,[-489;-381;-221],11,[0;0;NaN],[262;337;-417],10,[NaN;NaN;1]},{'O',[489;381;834],12,[489;381;834],12,0},{'M',[-727;-185;-442],14,[-727;-185;-684],13,[0;0;NaN],[-489;-381;-221],11,[NaN;NaN;1]},{'O',[727;185;442],14,[727;185;442],14,0},{'M',[-743;-673;-683],16,[-743;-169;-683],14,[0;NaN;0],[-676;-673;-940],15,[NaN;0;NaN]},{'O',[743;673;683],16,[743;673;683],16,0},{'M',[262;337;545],11,[-51;177;545],7,[NaN;NaN;0],[262;337;-417],10,[0;0;NaN]},{'O',[262;337;545],11,[262;337;545],11,0},{'O',[61;663;974],17,[61;663;974],17,0}}
Adder graph: {{'M',[1;16;1],1,[1;1;1],0,[0;4;0]},{'A',[12;252;20],2,[1;16;1],1,4,[-1;-1;1],0,2},{'A',[3;5;5],1,[1;1;1],0,2,[-1;1;1],0,0},{'M',[6;5;10],2,[3;5;5],1,[1;0;1]},{'A',[-21;25;-35],3,[3;5;5],1,0,[-6;5;-10],2,2},{'M',[32;1;1],1,[1;1;1],0,[5;0;0]},{'M',[12;252;256],3,[1;1;1],0,[NaN;NaN;8],[12;252;20],2,[0;0;NaN]},{'A',[304;-1000;1032],4,[32;1;1],1,3,[12;-252;256],3,2},{'M',[1;2;1],1,[1;1;1],0,[0;1;0]},{'A',[26;44;-38],2,[1;2;1],1,1,[3;5;-5],1,3},{'M',[48;1;80],2,[1;1;1],0,[NaN;0;NaN],[3;5;5],1,[4;NaN;4]},{'A',[244;-84;244],3,[48;1;80],2,2,[26;-44;-38],2,1},{'M',[244;-168;244],4,[244;-84;244],3,[0;1;0]},{'A',[489;-337;487],5,[244;-168;244],4,1,[1;-1;-1],0,0},{'M',[256;44;256],3,[1;1;1],0,[8;NaN;8],[26;44;-38],2,[NaN;0;NaN]},{'M',[-21;-337;-35],6,[-21;25;-35],3,[0;NaN;0],[489;-337;487],5,[NaN;0;NaN]},{'A',[235;381;291],7,[256;44;256],3,0,[-21;337;35],6,0},{'M',[235;1;291],8,[1;1;1],0,[NaN;0;NaN],[235;381;291],7,[0;NaN;0]},{'A',[-743;-673;-683],9,[235;1;291],8,0,[-489;-337;-487],5,1},{'M',[52;381;291],8,[26;44;-38],2,[1;NaN;NaN],[235;381;291],7,[NaN;0;0]},{'M',[235;-673;-140],10,[-21;25;-35],3,[NaN;NaN;2],[235;381;291],7,[0;NaN;NaN],[-743;-673;-683],9,[NaN;0;NaN]},{'A',[-131;89;442],11,[52;381;291],8,1,[-235;-673;-140],10,0},{'M',[608;80;-35],5,[3;5;5],1,[NaN;4;NaN],[-21;25;-35],3,[NaN;NaN;0],[304;-1000;1032],4,[1;NaN;NaN]},{'M',[489;25;487],6,[-21;25;-35],3,[NaN;0;NaN],[489;-337;487],5,[0;NaN;0]},{'A',[727;185;417],7,[608;80;-35],5,1,[-489;25;487],6,0},{'M',[-131;-337;487],12,[489;-337;487],5,[NaN;0;0],[-131;89;442],11,[0;NaN;NaN]},{'M',[192;-1000;1032],5,[3;5;5],1,[6;NaN;NaN],[304;-1000;1032],4,[NaN;0;0]},{'A',[61;663;-545],13,[-131;-337;487],12,0,[192;1000;-1032],5,0},{'M',[489;381;834],8,[489;-337;487],5,[0;NaN;NaN],[235;381;291],7,[NaN;0;NaN],[727;185;417],7,[NaN;NaN;1]},{'O',[489;381;834],8,[489;381;834],8,0},{'M',[727;185;442],12,[-131;89;442],11,[NaN;NaN;0],[727;185;417],7,[0;0;NaN]},{'O',[727;185;442],12,[727;185;442],12,0},{'O',[743;673;683],9,[743;673;683],9,0},{'M',[-262;-337;-545],14,[489;-337;487],5,[NaN;0;NaN],[-131;89;442],11,[1;NaN;NaN],[61;663;-545],13,[NaN;NaN;0]},{'O',[262;337;545],14,[262;337;545],14,0},{'M',[61;663;974],14,[489;-337;487],5,[NaN;NaN;1],[61;663;-545],13,[0;0;NaN]},{'O',[61;663;974],14,[61;663;974],14,0}}
Adder graph: {{'M',[2;2;1],1,[1;1;1],0,[1;1;0]},{'A',[5;-3;-1],2,[1;1;1],0,0,[2;-2;-1],1,1},{'A',[45;21;7],3,[5;-3;-1],2,0,[5;3;1],2,3},{'M',[90;-3;28],4,[5;-3;-1],2,[NaN;0;NaN],[45;21;7],3,[1;NaN;2]},{'A',[-719;-23;225],5,[1;1;1],0,0,[-90;-3;28],4,3},{'M',[32;32;225],6,[1;1;1],0,[5;5;NaN],[-719;-23;225],5,[NaN;NaN;0]},{'M',[5;-368;-1],6,[5;-3;-1],2,[0;NaN;0],[-719;-23;225],5,[NaN;4;NaN]},{'A',[12;1504;229],7,[32;32;225],6,0,[-5;368;1],6,2},{'M',[24;1;458],8,[1;1;1],0,[NaN;0;NaN],[12;1504;229],7,[1;NaN;1]},{'M',[-719;672;225],6,[45;21;7],3,[NaN;5;NaN],[-719;-23;225],5,[0;NaN;0]},{'A',[743;673;683],9,[24;1;458],8,0,[719;672;225],6,0},{'M',[32;-3;32],3,[1;1;1],0,[5;NaN;5],[5;-3;-1],2,[NaN;0;NaN]},{'M',[5;-384;-1],3,[5;-3;-1],2,[0;7;0]},{'A',[37;381;31],4,[32;-3;32],3,0,[5;384;-1],3,0},{'M',[148;1504;229],8,[12;1504;229],7,[NaN;0;0],[37;381;31],4,[2;NaN;NaN]},{'M',[37;84;31],5,[45;21;7],3,[NaN;2;NaN],[37;381;31],4,[0;NaN;0]},{'A',[222;1336;291],9,[148;1504;229],8,0,[37;-84;31],5,1},{'M',[12;1504;224],8,[45;21;7],3,[NaN;NaN;5],[12;1504;229],7,[0;0;NaN]},{'M',[37;1;31],5,[1;1;1],0,[NaN;0;NaN],[37;381;31],4,[0;NaN;0]},{'A',[61;3009;417],9,[12;1504;224],8,1,[37;1;-31],5,0},{'M',[45;3009;417],10,[45;21;7],3,[0;NaN;NaN],[61;3009;417],9,[NaN;0;0]},{'M',[222;1336;64],10,[1;1;1],0,[NaN;NaN;6],[222;1336;291],9,[0;0;NaN]},{'A',[489;337;545],11,[45;3009;417],10,0,[222;-1336;64],10,1},{'M',[743;-46;450],10,[-719;-23;225],5,[NaN;1;1],[743;673;683],9,[0;NaN;NaN]},{'M',[2;1;1],1,[1;1;1],0,[1;0;0]},{'A',[727;-38;442],11,[743;-46;450],10,0,[-2;1;-1],1,3},{'M',[40;673;683],10,[5;-3;-1],2,[3;NaN;NaN],[743;673;683],9,[NaN;0;0]},{'A',[262;663;974],11,[222;1336;291],9,0,[40;-673;683],10,0},{'A',[-2419;185;2313],12,[489;337;545],11,0,[-727;-38;442],11,2},{'M',[489;381;834],12,[37;381;31],4,[NaN;0;NaN],[61;3009;417],9,[NaN;NaN;1],[489;337;545],11,[0;NaN;NaN]},{'O',[489;381;834],12,[489;381;834],12,0},{'M',[727;185;442],13,[727;-38;442],11,[0;NaN;0],[-2419;185;2313],12,[NaN;0;NaN]},{'O',[727;185;442],13,[727;185;442],13,0},{'O',[743;673;683],9,[743;673;683],9,0},{'M',[262;337;545],12,[489;337;545],11,[NaN;0;0],[262;663;974],11,[0;NaN;NaN]},{'O',[262;337;545],12,[262;337;545],12,0},{'M',[61;663;974],12,[61;3009;417],9,[0;NaN;NaN],[262;663;974],11,[NaN;0;0]},{'O',[61;663;974],12,[61;663;974],12,0}}
Adder graph: {{'M',[4;1;1],1,[1;1;1],0,[2;0;0]},{'A',[-15;5;5],2,[1;1;1],0,0,[-4;1;1],1,2},{'M',[1;32;1],1,[1;1;1],0,[0;5;0]},{'A',[9;255;7],2,[1;32;1],1,3,[1;-1;-1],0,0},{'M',[-15;5;224],3,[-15;5;5],2,[0;0;NaN],[9;255;7],2,[NaN;NaN;5]},{'A',[31;21;-208],4,[1;1;1],0,4,[15;5;-224],3,0},{'M',[4;4;1],1,[1;1;1],0,[2;2;0]},{'A',[368;208;-48],3,[4;4;1],1,5,[15;5;-5],2,4},{'M',[1;1;-192],4,[1;1;1],0,[0;0;NaN],[368;208;-48],3,[NaN;NaN;2]},{'A',[367;209;-240],5,[368;208;-48],3,0,[-1;1;-192],4,0},{'M',[2;2;7],3,[1;1;1],0,[1;1;NaN],[9;255;7],2,[NaN;NaN;0]},{'A',[370;-206;55],4,[2;2;7],3,0,[368;-208;48],3,0},{'M',[370;320;55],5,[-15;5;5],2,[NaN;6;NaN],[370;-206;55],4,[0;NaN;0]},{'A',[704;-380;138],6,[370;320;55],5,1,[-9;-255;7],2,2},{'A',[743;673;487],6,[9;255;7],2,0,[367;209;240],5,1},{'M',[1;673;1],7,[1;1;1],0,[0;NaN;0],[743;673;487],6,[NaN;0;NaN]},{'M',[-30;5;-208],5,[-15;5;5],2,[1;0;NaN],[31;21;-208],4,[NaN;NaN;0]},{'A',[61;663;417],8,[1;673;1],7,0,[30;-5;208],5,1},{'M',[244;209;417],9,[367;209;-240],5,[NaN;0;NaN],[61;663;417],8,[2;NaN;0]},{'M',[9;64;64],3,[1;1;1],0,[NaN;6;6],[9;255;7],2,[0;NaN;NaN]},{'A',[262;337;545],10,[244;209;417],9,0,[9;64;64],3,1},{'M',[16;-206;110],5,[1;1;1],0,[4;NaN;NaN],[370;-206;55],4,[NaN;0;1]},{'M',[743;21;552],7,[31;21;-208],4,[NaN;0;NaN],[704;-380;138],6,[NaN;NaN;2],[743;673;487],6,[0;NaN;NaN]},{'A',[-727;-185;-442],8,[16;-206;110],5,0,[-743;21;-552],7,0},{'M',[1;1;545],11,[1;1;1],0,[0;0;NaN],[262;337;545],10,[NaN;NaN;0]},{'M',[488;-380;138],9,[704;-380;138],6,[NaN;0;0],[61;663;417],8,[3;NaN;NaN]},{'A',[489;381;683],12,[1;1;545],11,0,[488;380;138],9,0},{'M',[489;381;834],13,[61;663;417],8,[NaN;NaN;1],[489;381;683],12,[0;0;NaN]},{'O',[489;381;834],13,[489;381;834],13,0},{'O',[727;185;442],8,[727;185;442],8,0},{'M',[743;673;683],13,[743;673;487],6,[0;0;NaN],[489;381;683],12,[NaN;NaN;0]},{'O',[743;673;683],13,[743;673;683],13,0},{'O',[262;337;545],10,[262;337;545],10,0},{'M',[61;663;974],9,[743;673;487],6,[NaN;NaN;1],[61;663;417],8,[0;0;NaN]},{'O',[61;663;974],9,[61;663;974],9,0}}
Adder graph: {{'M',[1;1;2],1,[1;1;1],0,[0;0;1]},{'A',[9;9;6],2,[1;1;1],0,3,[1;1;-2],1,0},{'M',[1;1;8],1,[1;1;1],0,[0;0;3]},{'A',[3;3;17],2,[1;1;1],0,0,[1;1;8],1,1},{'M',[9;9;8],3,[1;1;1],0,[NaN;NaN;3],[9;9;6],2,[0;0;NaN]},{'A',[393;393;2168],4,[3;3;17],2,7,[9;9;-8],3,0},{'M',[393;393;1],5,[1;1;1],0,[NaN;NaN;0],[393;393;2168],4,[0;0;NaN]},{'M',[24;3;136],3,[3;3;17],2,[3;0;3]},{'A',[489;381;545],6,[393;393;1],5,0,[24;-3;136],3,2},{'M',[18;3;12],3,[9;9;6],2,[1;NaN;1],[3;3;17],2,[NaN;0;NaN]},{'A',[63;21;54],4,[18;3;12],3,2,[-9;9;6],2,0},{'M',[1;1;545],7,[1;1;1],0,[0;0;NaN],[489;381;545],6,[NaN;NaN;0]},{'M',[63;672;128],5,[1;1;1],0,[NaN;NaN;7],[63;21;54],4,[0;5;NaN]},{'A',[-62;-671;417],8,[1;1;545],7,0,[-63;-672;-128],5,0},{'M',[393;393;545],7,[393;393;2168],4,[0;0;NaN],[489;381;545],6,[NaN;NaN;0]},{'M',[-62;8;54],9,[1;1;1],0,[NaN;3;NaN],[63;21;54],4,[NaN;NaN;0],[-62;-671;417],8,[0;NaN;NaN]},{'A',[455;385;491],10,[393;393;545],7,0,[62;-8;-54],9,0},{'A',[743;673;683],11,[455;385;491],10,0,[9;9;6],2,5},{'M',[1;8;8],1,[1;1;1],0,[0;3;3]},{'M',[-62;-671;982],11,[-62;-671;417],8,[0;0;NaN],[455;385;491],10,[NaN;NaN;1]},{'A',[-61;-663;-974],12,[1;8;8],1,0,[-62;-671;-982],11,0},{'M',[16;21;54],5,[1;1;1],0,[4;NaN;NaN],[63;21;54],4,[NaN;0;0]},{'M',[6;1;34],3,[1;1;1],0,[NaN;0;NaN],[3;3;17],2,[1;NaN;1]},{'A',[262;337;898],6,[16;21;54],5,4,[6;1;34],3,0},{'A',[1303;1163;3150],11,[455;385;491],10,1,[393;393;2168],4,0},{'M',[743;1348;3592],12,[743;673;683],11,[0;NaN;NaN],[262;337;898],6,[NaN;2;2]},{'M',[16;1163;3150],12,[1;1;1],0,[4;NaN;NaN],[1303;1163;3150],11,[NaN;0;0]},{'A',[727;185;442],13,[743;1348;3592],12,0,[-16;-1163;-3150],12,0},{'M',[489;381;834],9,[489;381;545],6,[0;0;NaN],[-62;-671;417],8,[NaN;NaN;1]},{'O',[489;381;834],9,[489;381;834],9,0},{'O',[727;185;442],13,[727;185;442],13,0},{'O',[743;673;683],11,[743;673;683],11,0},{'M',[262;337;545],7,[489;381;545],6,[NaN;NaN;0],[262;337;898],6,[0;0;NaN]},{'O',[262;337;545],7,[262;337;545],7,0},{'O',[61;663;974],12,[61;663;974],12,0}}
Adder graph: {{'M',[2;1;1],1,[1;1;1],0,[1;0;0]},{'A',[-31;17;-15],2,[1;1;1],0,0,[-2;1;-1],1,4},{'M',[-31;17;16],3,[1;1;1],0,[NaN;NaN;4],[-31;17;-15],2,[0;0;NaN]},{'A',[-93;-17;46],4,[-31;17;16],3,0,[-31;-17;15],2,1},{'M',[-31;17;46],5,[-31;17;-15],2,[0;0;NaN],[-93;-17;46],4,[NaN;NaN;0]},{'A',[-61;35;93],6,[-31;17;46],5,1,[1;1;1],0,0},{'A',[80;80;80],1,[1;1;1],0,4,[1;1;1],0,6},{'M',[-93;70;186],7,[-93;-17;46],4,[0;NaN;NaN],[-61;35;93],6,[NaN;1;1]},{'A',[266;220;452],8,[80;80;80],1,0,[93;70;186],7,1},{'M',[2;2;1],1,[1;1;1],0,[1;1;0]},{'A',[195;-221;221],7,[-61;35;93],6,0,[2;-2;1],1,7},{'A',[727;219;-683],9,[195;-221;221],7,0,[266;220;-452],8,1},{'M',[4;35;93],7,[1;1;1],0,[2;NaN;NaN],[-61;35;93],6,[NaN;0;0]},{'A',[262;185;545],9,[266;220;452],8,0,[-4;-35;93],7,0},{'M',[32;80;80],2,[1;1;1],0,[5;NaN;NaN],[80;80;80],1,[NaN;0;0]},{'A',[35;337;274],5,[32;80;80],2,2,[-93;17;-46],4,0},{'M',[262;80;545],10,[80;80;80],1,[NaN;0;NaN],[262;185;545],9,[0;NaN;0]},{'M',[35;-221;256],8,[1;1;1],0,[NaN;NaN;8],[195;-221;221],7,[NaN;0;NaN],[35;337;274],5,[0;NaN;NaN]},{'A',[489;381;834],11,[262;80;545],10,1,[-35;221;-256],8,0},{'M',[1;1;16],1,[1;1;1],0,[0;0;4]},{'M',[-372;337;274],6,[-93;-17;46],4,[2;NaN;NaN],[35;337;274],5,[NaN;0;0]},{'A',[-743;-673;-532],7,[1;1;16],1,0,[-372;-337;-274],6,1},{'M',[-743;-221;-532],8,[195;-221;221],7,[NaN;0;NaN],[-743;-673;-532],7,[0;NaN;0]},{'A',[-353;-663;-974],9,[-743;-221;-532],8,0,[195;-221;-221],7,1},{'O',[489;381;834],11,[489;381;834],11,0},{'M',[727;185;442],10,[195;-221;221],7,[NaN;NaN;1],[727;219;-683],9,[0;NaN;NaN],[262;185;545],9,[NaN;0;NaN]},{'O',[727;185;442],10,[727;185;442],10,0},{'M',[-743;-673;-683],10,[727;219;-683],9,[NaN;NaN;0],[-743;-673;-532],7,[0;0;NaN]},{'O',[743;673;683],10,[743;673;683],10,0},{'M',[262;337;545],10,[262;185;545],9,[0;NaN;0],[35;337;274],5,[NaN;0;NaN]},{'O',[262;337;545],10,[262;337;545],10,0},{'M',[-61;-663;-974],10,[-61;35;93],6,[0;NaN;NaN],[-353;-663;-974],9,[NaN;0;0]},{'O',[61;663;974],10,[61;663;974],10,0}}
Adder graph: {{'A',[9;7;9],1,[1;1;1],0,3,[1;-1;1],0,0},{'M',[8;8;1],1,[1;1;1],0,[3;3;0]},{'A',[129;129;17],2,[1;1;1],0,0,[8;8;1],1,4},{'M',[64;7;9],2,[1;1;1],0,[6;NaN;NaN],[9;7;9],1,[NaN;0;0]},{'M',[18;14;17],3,[9;7;9],1,[1;1;NaN],[129;129;17],2,[NaN;NaN;0]},{'A',[46;21;26],4,[64;7;9],2,0,[-18;14;17],3,0},{'M',[92;21;26],5,[46;21;26],4,[1;0;0]},{'M',[1;256;256],1,[1;1;1],0,[0;8;8]},{'A',[96;1045;-998],6,[92;21;26],5,0,[1;256;-256],1,2},{'M',[129;1024;1024],3,[1;1;1],0,[NaN;10;10],[129;129;17],2,[0;NaN;NaN]},{'A',[131;1026;1022],4,[129;1024;1024],3,0,[1;1;-1],0,1},{'A',[-61;-1064;-974],7,[131;1026;1022],4,0,[-96;-1045;-998],6,1},{'M',[46;21;34],5,[129;129;17],2,[NaN;NaN;1],[46;21;26],4,[0;0;NaN]},{'A',[735;337;545],6,[46;21;34],5,4,[-1;1;1],0,0},{'M',[736;129;416],5,[129;129;17],2,[NaN;0;NaN],[46;21;26],4,[4;NaN;4]},{'M',[9;56;9],2,[9;7;9],1,[0;3;0]},{'A',[727;185;407],6,[736;129;416],5,0,[-9;56;-9],2,0},{'M',[18;1;18],2,[1;1;1],0,[NaN;0;NaN],[9;7;9],1,[1;NaN;1]},{'A',[201;125;-55],3,[129;129;17],2,0,[18;-1;-18],2,2},{'M',[735;337;2],7,[1;1;1],0,[NaN;NaN;1],[735;337;545],6,[0;0;NaN]},{'A',[-873;-663;442],8,[735;337;2],7,0,[-201;-125;55],3,3},{'M',[201;125;1090],7,[735;337;545],6,[NaN;NaN;1],[201;125;-55],3,[0;0;NaN]},{'M',[9;8;8],2,[1;1;1],0,[NaN;3;3],[9;7;9],1,[0;NaN;NaN]},{'A',[489;381;834],8,[201;125;1090],7,0,[9;8;-8],2,5},{'M',[727;1;407],7,[1;1;1],0,[NaN;0;NaN],[727;185;407],6,[0;NaN;0]},{'A',[743;673;683],8,[735;337;545],6,1,[-727;-1;-407],7,0},{'O',[489;381;834],8,[489;381;834],8,0},{'M',[727;185;442],9,[727;185;407],6,[0;0;NaN],[-873;-663;442],8,[NaN;NaN;0]},{'O',[727;185;442],9,[727;185;442],9,0},{'O',[743;673;683],8,[743;673;683],8,0},{'M',[262;337;545],7,[131;1026;1022],4,[1;NaN;NaN],[735;337;545],6,[NaN;0;0]},{'O',[262;337;545],7,[262;337;545],7,0},{'M',[-61;-663;-974],9,[-61;-1064;-974],7,[0;NaN;0],[-873;-663;442],8,[NaN;0;NaN]},{'O',[61;663;974],9,[61;663;974],9,0}}
Adder graph: {{'M',[32;1;32],1,[1;1;1],0,[5;0;5]},{'A',[-60;6;68],2,[1;1;1],0,2,[-32;1;32],1,1},{'A',[3;3;1],1,[1;1;1],0,1,[1;1;-1],0,0},{'M',[1;4;8],1,[1;1;1],0,[0;2;3]},{'M',[3;6;512],2,[1;1;1],0,[NaN;NaN;9],[3;3;1],1,[0;1;NaN]},{'A',[35;122;-256],3,[1;4;8],1,5,[3;-6;-512],2,0},{'A',[93;93;33],2,[3;3;1],1,5,[-3;-3;1],1,0},{'A',[-250;-250;258],2,[3;3;1],1,1,[-1;-1;1],0,8},{'M',[192;93;33],3,[3;3;1],1,[6;NaN;NaN],[93;93;33],2,[NaN;0;0]},{'A',[262;337;545],4,[192;93;33],3,0,[35;122;256],3,1},{'A',[-314;-314;582],3,[-250;-250;258],2,1,[93;93;33],2,1},{'M',[1;1;545],5,[1;1;1],0,[0;0;NaN],[262;337;545],4,[NaN;NaN;0]},{'M',[372;337;516],5,[93;93;33],2,[2;NaN;NaN],[-250;-250;258],2,[NaN;NaN;1],[262;337;545],4,[NaN;0;NaN]},{'A',[-743;-673;-487],6,[1;1;545],5,0,[-372;-337;-516],5,1},{'M',[186;1;66],3,[1;1;1],0,[NaN;0;NaN],[93;93;33],2,[1;NaN;1]},{'A',[-804;10;-196],4,[-60;6;68],2,0,[-186;1;-66],3,2},{'M',[4;122;-256],4,[1;1;1],0,[2;NaN;NaN],[35;122;-256],3,[NaN;0;0]},{'M',[-743;-673;582],7,[-314;-314;582],3,[NaN;NaN;0],[-743;-673;-487],6,[0;0;NaN]},{'A',[-727;-185;-442],8,[4;122;-256],4,2,[-743;-673;582],7,0},{'M',[262;192;545],5,[-60;6;68],2,[NaN;5;NaN],[262;337;545],4,[0;NaN;0]},{'M',[35;3;-256],4,[3;3;1],1,[NaN;0;NaN],[35;122;-256],3,[0;NaN;0]},{'A',[489;381;834],6,[262;192;545],5,1,[-35;-3;-256],4,0},{'A',[-61;-663;-683],7,[-804;10;-196],4,0,[743;-673;-487],6,0},{'O',[489;381;834],6,[489;381;834],6,0},{'O',[727;185;442],8,[727;185;442],8,0},{'M',[-743;-673;-683],8,[-743;-673;-487],6,[0;0;NaN],[-61;-663;-683],7,[NaN;NaN;0]},{'O',[743;673;683],8,[743;673;683],8,0},{'O',[262;337;545],4,[262;337;545],4,0},{'M',[-61;-663;-974],8,[-743;-673;-487],6,[NaN;NaN;1],[-61;-663;-683],7,[0;0;NaN]},{'O',[61;663;974],8,[61;663;974],8,0}}
Adder graph: {{'A',[-3;5;-3],1,[1;1;1],0,0,[-1;1;-1],0,2},{'A',[14;22;14],2,[1;1;1],0,1,[3;5;3],1,2},{'A',[61;69;61],2,[1;1;1],0,6,[-3;5;-3],1,0},{'A',[117;19;-5],3,[14;22;14],2,2,[61;-69;-61],2,0},{'A',[341;371;229],4,[14;22;14],2,4,[117;19;5],3,0},{'A',[743;673;397],5,[341;371;229],4,1,[61;-69;-61],2,0},{'A',[430;-327;196],6,[117;19;-5],3,-1,[743;-673;397],5,-1},{'M',[56;371;224],5,[14;22;14],2,[2;NaN;4],[341;371;229],4,[NaN;0;NaN]},{'A',[59;366;221],6,[56;371;224],5,0,[3;-5;-3],1,0},{'M',[118;366;442],7,[59;366;221],6,[1;0;1]},{'M',[61;69;397],6,[61;69;61],2,[0;0;NaN],[743;673;397],5,[NaN;NaN;0]},{'A',[297;663;487],8,[118;366;442],7,1,[61;-69;-397],6,0},{'M',[297;512;487],9,[1;1;1],0,[NaN;9;NaN],[297;663;487],8,[0;NaN;0]},{'A',[727;185;683],10,[430;-327;196],6,0,[297;512;487],9,0},{'M',[59;10;221],7,[-3;5;-3],1,[NaN;1;NaN],[59;366;221],6,[0;NaN;0]},{'A',[489;337;417],8,[59;10;221],7,0,[430;327;196],6,0},{'M',[14;22;64],3,[1;1;1],0,[NaN;NaN;6],[14;22;14],2,[0;0;NaN]},{'M',[234;337;417],9,[117;19;-5],3,[1;NaN;NaN],[489;337;417],8,[NaN;0;0]},{'A',[262;381;545],10,[14;22;64],3,1,[234;337;417],9,0},{'M',[489;381;834],11,[489;337;417],8,[0;NaN;1],[262;381;545],10,[NaN;0;NaN]},{'O',[489;381;834],11,[489;381;834],11,0},{'M',[727;185;442],11,[59;366;221],6,[NaN;NaN;1],[727;185;683],10,[0;0;NaN]},{'O',[727;185;442],11,[727;185;442],11,0},{'M',[743;673;683],11,[743;673;397],5,[0;0;NaN],[727;185;683],10,[NaN;NaN;0]},{'O',[743;673;683],11,[743;673;683],11,0},{'M',[262;337;545],11,[489;337;417],8,[NaN;0;NaN],[262;381;545],10,[0;NaN;0]},{'O',[262;337;545],11,[262;337;545],11,0},{'M',[61;663;974],9,[61;69;61],2,[0;NaN;NaN],[297;663;487],8,[NaN;0;1]},{'O',[61;663;974],9,[61;663;974],9,0}}
Adder graph: {{'A',[255;257;257],1,[1;1;1],0,8,[-1;1;1],0,0},{'A',[3;5;5],1,[1;1;1],0,2,[-1;1;1],0,0},{'M',[96;1;160],2,[1;1;1],0,[NaN;0;NaN],[3;5;5],1,[5;NaN;5]},{'A',[720;-72;1200],3,[96;1;160],2,3,[-3;-5;-5],1,4},{'M',[8;-72;5],4,[1;1;1],0,[3;NaN;NaN],[3;5;5],1,[NaN;NaN;0],[720;-72;1200],3,[NaN;0;NaN]},{'A',[35;-293;25],5,[8;-72;5],4,2,[3;-5;5],1,0},{'M',[720;1280;1200],4,[3;5;5],1,[NaN;8;NaN],[720;-72;1200],3,[0;NaN;0]},{'A',[1376;2624;2336],5,[720;1280;1200],4,1,[-1;1;-1],0,6},{'A',[281;-2345;201],6,[35;-293;25],5,3,[1;-1;1],0,0},{'M',[35;4;4],6,[1;1;1],0,[NaN;2;2],[35;-293;25],5,[0;NaN;NaN]},{'A',[59;44;-36],7,[35;4;4],6,0,[3;5;-5],1,3},{'A',[262;337;442],6,[1376;2624;2336],5,-3,[720;72;1200],3,-3},{'M',[472;-72;-288],8,[720;-72;1200],3,[NaN;0;NaN],[59;44;-36],7,[3;NaN;3]},{'A',[727;185;545],9,[255;257;257],1,0,[472;-72;288],8,0},{'M',[35;-293;50],6,[35;-293;25],5,[0;0;1]},{'A',[489;381;834],7,[262;337;442],6,1,[-35;-293;-50],6,0},{'M',[48;185;512],10,[1;1;1],0,[NaN;NaN;9],[3;5;5],1,[4;NaN;NaN],[727;185;545],9,[NaN;0;NaN]},{'A',[61;663;974],11,[48;185;512],10,1,[-35;293;-50],6,0},{'M',[512;337;442],7,[1;1;1],0,[9;NaN;NaN],[262;337;442],6,[NaN;0;0]},{'M',[281;1;201],7,[1;1;1],0,[NaN;0;NaN],[281;-2345;201],6,[0;NaN;0]},{'A',[743;673;683],8,[512;337;442],7,1,[-281;-1;-201],7,0},{'O',[489;381;834],7,[489;381;834],7,0},{'M',[727;185;442],10,[262;337;442],6,[NaN;NaN;0],[727;185;545],9,[0;0;NaN]},{'O',[727;185;442],10,[727;185;442],10,0},{'O',[743;673;683],8,[743;673;683],8,0},{'M',[262;337;545],10,[262;337;442],6,[0;0;NaN],[727;185;545],9,[NaN;NaN;0]},{'O',[262;337;545],10,[262;337;545],10,0},{'O',[61;663;974],11,[61;663;974],11,0}}
Finished solving after 259188 seconds
Adder graph: {{'A',[255;257;257],1,[1;1;1],0,8,[-1;1;1],0,0},{'A',[3;5;5],1,[1;1;1],0,2,[-1;1;1],0,0},{'M',[96;1;160],2,[1;1;1],0,[NaN;0;NaN],[3;5;5],1,[5;NaN;5]},{'A',[720;-72;1200],3,[96;1;160],2,3,[-3;-5;-5],1,4},{'M',[8;-72;5],4,[1;1;1],0,[3;NaN;NaN],[3;5;5],1,[NaN;NaN;0],[720;-72;1200],3,[NaN;0;NaN]},{'A',[35;-293;25],5,[8;-72;5],4,2,[3;-5;5],1,0},{'M',[720;1280;1200],4,[3;5;5],1,[NaN;8;NaN],[720;-72;1200],3,[0;NaN;0]},{'A',[1376;2624;2336],5,[720;1280;1200],4,1,[-1;1;-1],0,6},{'A',[281;-2345;201],6,[35;-293;25],5,3,[1;-1;1],0,0},{'M',[35;4;4],6,[1;1;1],0,[NaN;2;2],[35;-293;25],5,[0;NaN;NaN]},{'A',[59;44;-36],7,[35;4;4],6,0,[3;5;-5],1,3},{'A',[262;337;442],6,[1376;2624;2336],5,-3,[720;72;1200],3,-3},{'M',[472;-72;-288],8,[720;-72;1200],3,[NaN;0;NaN],[59;44;-36],7,[3;NaN;3]},{'A',[727;185;545],9,[255;257;257],1,0,[472;-72;288],8,0},{'M',[35;-293;50],6,[35;-293;25],5,[0;0;1]},{'A',[489;381;834],7,[262;337;442],6,1,[-35;-293;-50],6,0},{'M',[48;185;512],10,[1;1;1],0,[NaN;NaN;9],[3;5;5],1,[4;NaN;NaN],[727;185;545],9,[NaN;0;NaN]},{'A',[61;663;974],11,[48;185;512],10,1,[-35;293;-50],6,0},{'M',[512;337;442],7,[1;1;1],0,[9;NaN;NaN],[262;337;442],6,[NaN;0;0]},{'M',[281;1;201],7,[1;1;1],0,[NaN;0;NaN],[281;-2345;201],6,[0;NaN;0]},{'A',[743;673;683],8,[512;337;442],7,1,[-281;-1;-201],7,0},{'O',[489;381;834],7,[489;381;834],7,0},{'M',[727;185;442],10,[262;337;442],6,[NaN;NaN;0],[727;185;545],9,[0;0;NaN]},{'O',[727;185;442],10,[727;185;442],10,0},{'O',[743;673;683],8,[743;673;683],8,0},{'M',[262;337;545],10,[262;337;442],6,[0;0;NaN],[727;185;545],9,[NaN;NaN;0]},{'O',[262;337;545],10,[262;337;545],10,0},{'O',[61;663;974],11,[61;663;974],11,0}}
# Add optimal = 1
# Mux optimal = 0
# FAs optimal = 0
