Adder graph: {{'M',[1,0;8,0;16,0],1,[1,0;1,0;1,0],0,[0;3;4]},{'M',[2,0;0,1;0,2],1,[1,0;1,0;1,0],0,[1;NaN;NaN],[0,1;0,1;0,1],0,[NaN;0;1]},{'A',[17,0;8,-8;16,-16],2,[1,0;8,0;16,0],1,0,[2,0;0,-1;0,-2],1,3},{'M',[0,1;8,-8;0,1],3,[0,1;0,1;0,1],0,[0;NaN;0],[17,0;8,-8;16,-16],2,[NaN;0;NaN]},{'M',[0,1;0,32;4,0],1,[1,0;1,0;1,0],0,[NaN;NaN;2],[0,1;0,1;0,1],0,[0;5;NaN]},{'A',[0,2;8,24;4,1],4,[0,1;8,-8;0,1],3,0,[0,1;0,32;4,0],1,0},{'M',[0,1;16,0;16,-16],3,[1,0;1,0;1,0],0,[NaN;4;NaN],[0,1;0,1;0,1],0,[0;NaN;NaN],[17,0;8,-8;16,-16],2,[NaN;NaN;0]},{'M',[0,16;8,-8;4,1],5,[0,1;0,1;0,1],0,[4;NaN;NaN],[17,0;8,-8;16,-16],2,[NaN;0;NaN],[0,2;8,24;4,1],4,[NaN;NaN;0]},{'A',[0,17;24,-8;20,-15],6,[0,1;16,0;16,-16],3,0,[0,16;8,-8;4,1],5,0},{'M',[0,8;24,-8;16,4],7,[0,1;0,1;0,1],0,[3;NaN;NaN],[0,2;8,24;4,1],4,[NaN;NaN;2],[0,17;24,-8;20,-15],6,[NaN;0;NaN]},{'M',[0,17;0,1;1,0],7,[1,0;1,0;1,0],0,[NaN;NaN;0],[0,1;0,1;0,1],0,[NaN;0;NaN],[0,17;24,-8;20,-15],6,[0;NaN;NaN]},{'A',[0,25;24,-7;15,4],8,[0,8;24,-8;16,4],7,0,[0,17;0,1;-1,0],7,0},{'M',[8,0;8,24;15,4],9,[1,0;1,0;1,0],0,[3;NaN;NaN],[0,2;8,24;4,1],4,[NaN;0;NaN],[0,25;24,-7;15,4],8,[NaN;NaN;0]},{'M',[17,0;1,0;0,16],3,[1,0;1,0;1,0],0,[NaN;0;NaN],[0,1;0,1;0,1],0,[NaN;NaN;4],[17,0;8,-8;16,-16],2,[0;NaN;NaN]},{'A',[25,0;7,24;15,20],10,[8,0;8,24;15,4],9,0,[17,0;-1,0;0,16],3,0},{'M',[25,0;24,-7;20,-15],11,[0,17;24,-8;20,-15],6,[NaN;NaN;0],[0,25;24,-7;15,4],8,[NaN;0;NaN],[25,0;7,24;15,20],10,[0;NaN;NaN]},{'O',[25,0;24,-7;20,-15],11,[25,0;24,-7;20,-15],11,0},{'M',[0,25;7,24;15,20],11,[0,25;24,-7;15,4],8,[0;NaN;NaN],[25,0;7,24;15,20],10,[NaN;0;0]},{'O',[0,25;7,24;15,20],11,[0,25;7,24;15,20],11,0}}
Adder graph: {{'M',[0,16;0,1;1,0],1,[1,0;1,0;1,0],0,[NaN;NaN;0],[0,1;0,1;0,1],0,[4;0;NaN]},{'M',[0,2;8,0;0,1],1,[1,0;1,0;1,0],0,[NaN;3;NaN],[0,1;0,1;0,1],0,[1;NaN;0]},{'A',[0,24;32,1;1,-4],2,[0,16;0,1;1,0],1,0,[0,2;8,0;0,-1],1,2},{'M',[0,1;1,0;8,0],1,[1,0;1,0;1,0],0,[NaN;0;3],[0,1;0,1;0,1],0,[0;NaN;NaN]},{'M',[0,48;0,2;0,1],3,[0,1;0,1;0,1],0,[NaN;1;0],[0,24;32,1;1,-4],2,[1;NaN;NaN]},{'A',[0,50;2,2;16,1],4,[0,1;1,0;8,0],1,1,[0,48;0,2;0,1],3,0},{'M',[0,1;1,0;0,16],1,[1,0;1,0;1,0],0,[NaN;0;NaN],[0,1;0,1;0,1],0,[0;NaN;4]},{'M',[0,24;8,8;16,0],5,[1,0;1,0;1,0],0,[NaN;NaN;4],[0,24;32,1;1,-4],2,[0;NaN;NaN],[0,50;2,2;16,1],4,[NaN;2;NaN]},{'A',[0,25;-7,-8;16,16],6,[0,1;1,0;0,16],1,0,[0,24;-8,-8;16,0],5,0},{'M',[2,0;0,16;16,16],7,[1,0;1,0;1,0],0,[1;NaN;NaN],[0,1;0,1;0,1],0,[NaN;4;NaN],[0,25;-7,-8;16,16],6,[NaN;NaN;0]},{'M',[8,0;-7,-8;1,-4],7,[1,0;1,0;1,0],0,[3;NaN;NaN],[0,24;32,1;1,-4],2,[NaN;NaN;0],[0,25;-7,-8;16,16],6,[NaN;0;NaN]},{'A',[-6,0;7,24;15,20],8,[2,0;0,16;16,16],7,0,[-8,0;7,8;-1,4],7,0},{'M',[1,0;32,1;16,1],5,[1,0;1,0;1,0],0,[0;NaN;NaN],[0,24;32,1;1,-4],2,[NaN;0;NaN],[0,50;2,2;16,1],4,[NaN;NaN;0]},{'M',[-6,0;2,2;1,-4],9,[0,24;32,1;1,-4],2,[NaN;NaN;0],[0,50;2,2;16,1],4,[NaN;0;NaN],[-6,0;7,24;15,20],8,[0;NaN;NaN]},{'A',[25,0;24,-7;20,-15],10,[1,0;32,1;16,1],5,0,[6,0;-2,-2;1,-4],9,2},{'O',[25,0;24,-7;20,-15],10,[25,0;24,-7;20,-15],10,0},{'M',[0,25;7,24;15,20],9,[0,25;-7,-8;16,16],6,[0;NaN;NaN],[-6,0;7,24;15,20],8,[NaN;0;0]},{'O',[0,25;7,24;15,20],9,[0,25;7,24;15,20],9,0}}
Adder graph: {{'M',[0,2;0,1;2,0],1,[1,0;1,0;1,0],0,[NaN;NaN;1],[0,1;0,1;0,1],0,[1;0;NaN]},{'M',[0,2;16,0;0,1],1,[1,0;1,0;1,0],0,[NaN;4;NaN],[0,1;0,1;0,1],0,[1;NaN;0]},{'A',[0,6;32,1;2,-2],2,[0,2;0,1;2,0],1,0,[0,2;16,0;0,-1],1,1},{'M',[8,0;8,0;0,1],1,[1,0;1,0;1,0],0,[3;3;NaN],[0,1;0,1;0,1],0,[NaN;NaN;0]},{'M',[1,0;0,2;1,0],1,[1,0;1,0;1,0],0,[0;NaN;0],[0,1;0,1;0,1],0,[NaN;1;NaN]},{'A',[12,0;8,8;4,1],2,[8,0;8,0;0,1],1,0,[1,0;0,2;1,0],1,2},{'M',[1,0;8,8;4,1],3,[1,0;1,0;1,0],0,[0;NaN;NaN],[12,0;8,8;4,1],2,[NaN;0;0]},{'M',[12,0;0,8;8,-8],3,[0,1;0,1;0,1],0,[NaN;3;NaN],[0,6;32,1;2,-2],2,[NaN;NaN;2],[12,0;8,8;4,1],2,[0;NaN;NaN]},{'A',[25,0;8,24;20,-15],4,[1,0;8,8;4,1],3,0,[12,0;0,8;8,-8],3,1},{'M',[0,1;8,24;0,4],5,[0,1;0,1;0,1],0,[0;NaN;2],[25,0;8,24;20,-15],4,[NaN;0;NaN]},{'M',[0,24;1,0;4,1],3,[1,0;1,0;1,0],0,[NaN;0;NaN],[0,6;32,1;2,-2],2,[2;NaN;NaN],[12,0;8,8;4,1],2,[NaN;NaN;0]},{'A',[0,25;7,24;4,5],6,[0,1;8,24;0,4],5,0,[0,24;-1,0;4,1],3,0},{'M',[0,6;32,1;16,20],7,[0,6;32,1;2,-2],2,[0;0;NaN],[0,25;7,24;4,5],6,[NaN;NaN;2]},{'M',[0,96;8,8;1,0],3,[1,0;1,0;1,0],0,[NaN;NaN;0],[0,6;32,1;2,-2],2,[4;NaN;NaN],[12,0;8,8;4,1],2,[NaN;0;NaN]},{'A',[0,102;24,-7;15,20],8,[0,6;32,1;16,20],7,0,[0,96;-8,-8;-1,0],3,0},{'M',[25,0;24,-7;20,-15],9,[25,0;8,24;20,-15],4,[0;NaN;0],[0,102;24,-7;15,20],8,[NaN;0;NaN]},{'O',[25,0;24,-7;20,-15],9,[25,0;24,-7;20,-15],9,0},{'M',[0,25;7,24;15,20],9,[0,25;7,24;4,5],6,[0;0;NaN],[0,102;24,-7;15,20],8,[NaN;NaN;0]},{'O',[0,25;7,24;15,20],9,[0,25;7,24;15,20],9,0}}
Adder graph: {{'M',[0,4;1,0;1,0],1,[1,0;1,0;1,0],0,[NaN;0;0],[0,1;0,1;0,1],0,[2;NaN;NaN]},{'A',[0,-3;1,1;-1,1],2,[0,1;0,1;0,1],0,0,[0,-4;1,0;-1,0],1,0},{'M',[0,-3;1,0;-4,4],3,[1,0;1,0;1,0],0,[NaN;0;NaN],[0,-3;1,1;-1,1],2,[0;NaN;2]},{'M',[2,0;8,8;1,0],3,[1,0;1,0;1,0],0,[1;NaN;0],[0,-3;1,1;-1,1],2,[NaN;3;NaN]},{'A',[-2,-3;-7,-8;-5,4],4,[0,-3;1,0;-4,4],3,0,[-2,0;-8,-8;-1,0],3,0},{'M',[0,-6;2,2;-5,4],5,[0,-3;1,1;-1,1],2,[1;1;NaN],[-2,-3;-7,-8;-5,4],4,[NaN;NaN;0]},{'M',[0,1;0,1;-5,4],5,[0,1;0,1;0,1],0,[0;0;NaN],[-2,-3;-7,-8;-5,4],4,[NaN;NaN;0]},{'A',[0,-25;8,7;-15,12],6,[0,-6;2,2;-5,4],5,2,[0,-1;0,-1;5,-4],5,0},{'M',[4,0;-7,-8;-15,12],7,[1,0;1,0;1,0],0,[2;NaN;NaN],[-2,-3;-7,-8;-5,4],4,[NaN;0;NaN],[0,-25;8,7;-15,12],6,[NaN;NaN;0]},{'M',[1,0;0,1;0,2],1,[1,0;1,0;1,0],0,[0;NaN;NaN],[0,1;0,1;0,1],0,[NaN;0;1]},{'A',[-12,0;-7,-24;-15,-20],8,[4,0;-7,-8;-15,12],7,0,[-1,0;0,-1;0,-2],1,4},{'M',[-24,0;8,7;-20,16],9,[-2,-3;-7,-8;-5,4],4,[NaN;NaN;2],[0,-25;8,7;-15,12],6,[NaN;0;NaN],[-12,0;-7,-24;-15,-20],8,[1;NaN;NaN]},{'M',[1,0;32,0;0,1],1,[1,0;1,0;1,0],0,[0;5;NaN],[0,1;0,1;0,1],0,[NaN;NaN;0]},{'A',[-25,0;-24,7;-20,15],10,[-24,0;8,7;-20,16],9,0,[-1,0;-32,0;0,-1],1,0},{'O',[25,0;24,-7;20,-15],10,[25,0;24,-7;20,-15],10,0},{'M',[0,-25;-7,-24;-15,-20],9,[0,-25;8,7;-15,12],6,[0;NaN;NaN],[-12,0;-7,-24;-15,-20],8,[NaN;0;0]},{'O',[0,25;7,24;15,20],9,[0,25;7,24;15,20],9,0}}
Adder graph: {{'M',[1,0;0,8;0,1],1,[1,0;1,0;1,0],0,[0;NaN;NaN],[0,1;0,1;0,1],0,[NaN;3;0]},{'A',[5,0;-1,32;-1,4],2,[1,0;0,8;0,1],1,2,[1,0;-1,0;-1,0],0,0},{'M',[0,2;4,0;-1,4],3,[1,0;1,0;1,0],0,[NaN;2;NaN],[0,1;0,1;0,1],0,[1;NaN;NaN],[5,0;-1,32;-1,4],2,[NaN;NaN;0]},{'A',[0,9;16,1;4,-15],4,[0,1;0,1;0,1],0,0,[0,2;4,0;1,-4],3,2},{'M',[20,0;4,0;4,-15],5,[1,0;1,0;1,0],0,[NaN;2;NaN],[5,0;-1,32;-1,4],2,[2;NaN;NaN],[0,9;16,1;4,-15],4,[NaN;NaN;0]},{'M',[2,0;0,1;4,0],1,[1,0;1,0;1,0],0,[1;NaN;2],[0,1;0,1;0,1],0,[NaN;0;NaN]},{'A',[12,0;4,-4;20,-15],6,[20,0;4,0;4,-15],5,0,[-2,0;0,-1;4,0],1,2},{'M',[0,8;4,-4;0,8],7,[0,1;0,1;0,1],0,[3;NaN;3],[12,0;4,-4;20,-15],6,[NaN;0;NaN]},{'M',[0,9;-1,32;-1,4],5,[5,0;-1,32;-1,4],2,[NaN;0;0],[0,9;16,1;4,-15],4,[0;NaN;NaN]},{'A',[0,25;7,24;-1,20],8,[0,8;4,-4;0,8],7,1,[0,9;-1,32;-1,4],5,0},{'M',[12,0;4,-4;8,0],7,[1,0;1,0;1,0],0,[NaN;NaN;3],[12,0;4,-4;20,-15],6,[0;0;NaN]},{'M',[1,0;16,1;-1,20],9,[1,0;1,0;1,0],0,[0;NaN;NaN],[0,9;16,1;4,-15],4,[NaN;0;NaN],[0,25;7,24;-1,20],8,[NaN;NaN;0]},{'A',[25,0;24,-7;15,20],10,[12,0;4,-4;8,0],7,1,[1,0;16,1;-1,20],9,0},{'M',[25,0;24,-7;20,-15],11,[12,0;4,-4;20,-15],6,[NaN;NaN;0],[25,0;24,-7;15,20],10,[0;0;NaN]},{'O',[25,0;24,-7;20,-15],11,[25,0;24,-7;20,-15],11,0},{'M',[0,25;7,24;15,20],11,[0,25;7,24;-1,20],8,[0;0;NaN],[25,0;24,-7;15,20],10,[NaN;NaN;0]},{'O',[0,25;7,24;15,20],11,[0,25;7,24;15,20],11,0}}
Adder graph: {{'M',[8,0;0,1;0,1],1,[1,0;1,0;1,0],0,[3;NaN;NaN],[0,1;0,1;0,1],0,[NaN;0;0]},{'M',[1,0;1,0;16,0],1,[1,0;1,0;1,0],0,[0;0;4]},{'A',[9,0;-1,1;16,1],2,[8,0;0,1;0,1],1,0,[1,0;-1,0;16,0],1,0},{'M',[0,1;0,16;1,0],1,[1,0;1,0;1,0],0,[NaN;NaN;0],[0,1;0,1;0,1],0,[0;4;NaN]},{'M',[0,1;-1,1;0,1],3,[0,1;0,1;0,1],0,[0;NaN;0],[9,0;-1,1;16,1],2,[NaN;0;NaN]},{'A',[0,5;4,12;1,-4],4,[0,1;0,16;1,0],1,0,[0,1;1,-1;0,-1],3,2},{'M',[0,10;4,12;8,0],5,[1,0;1,0;1,0],0,[NaN;NaN;3],[0,5;4,12;1,-4],4,[1;0;NaN]},{'M',[0,5;1,0;1,-4],5,[1,0;1,0;1,0],0,[NaN;0;NaN],[0,5;4,12;1,-4],4,[0;NaN;0]},{'A',[0,25;7,24;15,4],6,[0,10;4,12;8,0],5,1,[0,5;-1,0;-1,4],5,0},{'M',[9,0;0,1;16,1],3,[0,1;0,1;0,1],0,[NaN;0;NaN],[9,0;-1,1;16,1],2,[0;NaN;0]},{'M',[4,0;4,0;1,-4],5,[1,0;1,0;1,0],0,[2;2;NaN],[0,5;4,12;1,-4],4,[NaN;NaN;0]},{'A',[25,0;16,1;20,-15],6,[9,0;0,1;16,1],3,0,[4,0;4,0;1,-4],5,2},{'M',[25,0;16,1;15,4],7,[0,25;7,24;15,4],6,[NaN;NaN;0],[25,0;16,1;20,-15],6,[0;0;NaN]},{'M',[0,2;-1,1;0,2],3,[0,1;0,1;0,1],0,[1;NaN;1],[9,0;-1,1;16,1],2,[NaN;0;NaN]},{'A',[25,16;24,-7;15,20],8,[25,0;16,1;15,4],7,0,[0,2;1,-1;0,2],3,3},{'M',[25,0;24,-7;20,-15],9,[25,0;16,1;20,-15],6,[0;NaN;0],[25,16;24,-7;15,20],8,[NaN;0;NaN]},{'O',[25,0;24,-7;20,-15],9,[25,0;24,-7;20,-15],9,0},{'M',[0,25;7,24;15,20],9,[0,25;7,24;15,4],6,[0;0;NaN],[25,16;24,-7;15,20],8,[NaN;NaN;0]},{'O',[0,25;7,24;15,20],9,[0,25;7,24;15,20],9,0}}
Adder graph: {{'M',[0,8;0,8;0,1],1,[0,1;0,1;0,1],0,[3;3;0]},{'M',[0,8;1,0;2,0],1,[1,0;1,0;1,0],0,[NaN;0;1],[0,1;0,1;0,1],0,[3;NaN;NaN]},{'A',[0,8;-1,16;2,2],2,[0,8;0,8;0,1],1,1,[0,-8;-1,0;2,0],1,0},{'M',[0,8;16,0;2,2],3,[1,0;1,0;1,0],0,[NaN;4;NaN],[0,8;-1,16;2,2],2,[0;NaN;0]},{'A',[0,17;32,1;4,5],4,[0,1;0,1;0,1],0,0,[0,8;16,0;2,2],3,1},{'M',[4,0;0,4;4,5],5,[1,0;1,0;1,0],0,[2;NaN;NaN],[0,1;0,1;0,1],0,[NaN;2;NaN],[0,17;32,1;4,5],4,[NaN;NaN;0]},{'M',[4,0;1,0;4,0],1,[1,0;1,0;1,0],0,[2;0;2]},{'A',[-24,0;8,8;-24,10],6,[4,0;0,4;4,5],5,1,[-4,0;1,0;-4,0],1,3},{'M',[-24,0;-1,16;16,20],7,[0,8;-1,16;2,2],2,[NaN;0;NaN],[0,17;32,1;4,5],4,[NaN;NaN;2],[-24,0;8,8;-24,10],6,[0;NaN;NaN]},{'M',[1,0;8,8;1,0],7,[1,0;1,0;1,0],0,[0;NaN;0],[-24,0;8,8;-24,10],6,[NaN;0;NaN]},{'A',[-25,0;7,24;15,20],8,[-24,0;-1,16;16,20],7,0,[-1,0;8,8;-1,0],7,0},{'M',[0,8;8,8;-24,10],7,[0,1;0,1;0,1],0,[3;NaN;NaN],[-24,0;8,8;-24,10],6,[NaN;0;0]},{'A',[0,25;-24,7;-20,15],8,[0,8;8,8;-24,10],7,0,[0,17;-32,-1;4,5],4,0},{'M',[-25,0;-24,7;-20,15],9,[-25,0;7,24;15,20],8,[0;NaN;NaN],[0,25;-24,7;-20,15],8,[NaN;0;0]},{'O',[25,0;24,-7;20,-15],9,[25,0;24,-7;20,-15],9,0},{'M',[0,25;7,24;15,20],9,[-25,0;7,24;15,20],8,[NaN;0;0],[0,25;-24,7;-20,15],8,[0;NaN;NaN]},{'O',[0,25;7,24;15,20],9,[0,25;7,24;15,20],9,0}}
Adder graph: {{'M',[1,0;1,0;16,0],1,[1,0;1,0;1,0],0,[0;0;4]},{'A',[-1,16;-1,16;16,16],2,[0,1;0,1;0,1],0,4,[-1,0;-1,0;16,0],1,0},{'M',[4,0;1,0;4,0],1,[1,0;1,0;1,0],0,[2;0;2]},{'M',[8,0;0,4;0,1],1,[1,0;1,0;1,0],0,[3;NaN;NaN],[0,1;0,1;0,1],0,[NaN;2;0]},{'A',[24,0;4,4;16,1],2,[4,0;1,0;4,0],1,2,[8,0;0,4;0,1],1,0},{'M',[0,1;8,0;0,1],1,[1,0;1,0;1,0],0,[NaN;3;NaN],[0,1;0,1;0,1],0,[0;NaN;0]},{'M',[0,1;0,1;1,0],1,[1,0;1,0;1,0],0,[NaN;NaN;0],[0,1;0,1;0,1],0,[0;0;NaN]},{'A',[0,5;32,1;-1,4],2,[0,1;8,0;0,1],1,2,[0,1;0,1;-1,0],1,0},{'M',[0,20;-1,16;16,16],3,[-1,16;-1,16;16,16],2,[NaN;0;0],[0,5;32,1;-1,4],2,[2;NaN;NaN]},{'M',[0,5;8,8;-1,4],3,[24,0;4,4;16,1],2,[NaN;1;NaN],[0,5;32,1;-1,4],2,[0;NaN;0]},{'A',[0,25;7,24;15,20],4,[0,20;-1,16;16,16],3,0,[0,5;8,8;-1,4],3,0},{'M',[24,0;32,1;16,1],3,[24,0;4,4;16,1],2,[0;NaN;0],[0,5;32,1;-1,4],2,[NaN;0;NaN]},{'M',[1,0;8,8;-4,16],3,[1,0;1,0;1,0],0,[0;NaN;NaN],[24,0;4,4;16,1],2,[NaN;1;NaN],[0,5;32,1;-1,4],2,[NaN;NaN;2]},{'A',[25,0;24,-7;20,-15],4,[24,0;32,1;16,1],3,0,[1,0;-8,-8;4,-16],3,0},{'O',[25,0;24,-7;20,-15],4,[25,0;24,-7;20,-15],4,0},{'O',[0,25;7,24;15,20],4,[0,25;7,24;15,20],4,0}}
Adder graph: {{'M',[8,0;0,1;0,1],1,[1,0;1,0;1,0],0,[3;NaN;NaN],[0,1;0,1;0,1],0,[NaN;0;0]},{'M',[1,0;1,0;4,0],1,[1,0;1,0;1,0],0,[0;0;2]},{'A',[9,0;-1,1;4,1],2,[8,0;0,1;0,1],1,0,[1,0;-1,0;4,0],1,0},{'M',[0,1;0,1;16,4],3,[0,1;0,1;0,1],0,[0;0;NaN],[9,0;-1,1;4,1],2,[NaN;NaN;2]},{'M',[0,8;-8,8;1,0],3,[1,0;1,0;1,0],0,[NaN;NaN;0],[0,1;0,1;0,1],0,[3;NaN;NaN],[9,0;-1,1;4,1],2,[NaN;3;NaN]},{'A',[0,9;8,-7;15,4],4,[0,1;0,1;16,4],3,0,[0,8;8,-8;-1,0],3,0},{'M',[9,0;-1,1;4,0],3,[1,0;1,0;1,0],0,[NaN;NaN;2],[9,0;-1,1;4,1],2,[0;0;NaN]},{'A',[18,8;2,6;-8,8],4,[0,1;0,1;0,1],0,3,[9,0;1,-1;-4,0],3,1},{'M',[0,4;2,6;0,4],5,[0,1;0,1;0,1],0,[2;NaN;2],[18,8;2,6;-8,8],4,[NaN;0;NaN]},{'M',[0,9;1,0;15,4],5,[1,0;1,0;1,0],0,[NaN;0;NaN],[0,9;8,-7;15,4],4,[0;NaN;0]},{'A',[0,25;7,24;15,20],6,[0,4;2,6;0,4],5,2,[0,9;-1,0;15,4],5,0},{'M',[9,0;8,-7;4,1],5,[9,0;-1,1;4,1],2,[0;NaN;0],[0,9;8,-7;15,4],4,[NaN;0;NaN]},{'M',[8,0;8,0;-8,8],5,[1,0;1,0;1,0],0,[3;3;NaN],[18,8;2,6;-8,8],4,[NaN;NaN;0]},{'A',[25,0;24,-7;20,-15],6,[9,0;8,-7;4,1],5,0,[8,0;8,0;8,-8],5,1},{'O',[25,0;24,-7;20,-15],6,[25,0;24,-7;20,-15],6,0},{'O',[0,25;7,24;15,20],6,[0,25;7,24;15,20],6,0}}
Adder graph: {{'M',[1,0;4,0;1,0],1,[1,0;1,0;1,0],0,[0;2;0]},{'M',[1,0;0,2;0,2],1,[1,0;1,0;1,0],0,[0;NaN;NaN],[0,1;0,1;0,1],0,[NaN;1;1]},{'A',[3,0;4,-4;1,-4],2,[1,0;4,0;1,0],1,0,[1,0;0,-2;0,-2],1,1},{'M',[0,32;0,32;1,0],1,[1,0;1,0;1,0],0,[NaN;NaN;0],[0,1;0,1;0,1],0,[5;5;NaN]},{'M',[0,1;8,-8;0,1],3,[0,1;0,1;0,1],0,[0;NaN;0],[3,0;4,-4;1,-4],2,[NaN;1;NaN]},{'A',[0,33;8,24;1,1],4,[0,32;0,32;1,0],1,0,[0,1;8,-8;0,1],3,0},{'M',[0,8;1,0;1,-4],3,[1,0;1,0;1,0],0,[NaN;0;NaN],[0,1;0,1;0,1],0,[3;NaN;NaN],[3,0;4,-4;1,-4],2,[NaN;NaN;0]},{'M',[0,33;8,24;16,16],5,[0,33;8,24;1,1],4,[0;0;4]},{'A',[0,-25;-7,-24;-15,-20],6,[0,8;1,0;1,-4],3,0,[0,-33;-8,-24;-16,-16],5,0},{'M',[3,0;4,-4;2,-8],3,[3,0;4,-4;1,-4],2,[0;0;1]},{'A',[22,0;24,-8;20,-16],4,[3,0;4,-4;2,-8],3,1,[1,0;1,0;1,0],0,4},{'M',[3,0;0,1;0,1],3,[0,1;0,1;0,1],0,[NaN;0;0],[3,0;4,-4;1,-4],2,[0;NaN;NaN]},{'A',[25,0;24,-7;20,-15],5,[22,0;24,-8;20,-16],4,0,[3,0;0,1;0,1],3,0},{'O',[25,0;24,-7;20,-15],5,[25,0;24,-7;20,-15],5,0},{'O',[0,25;7,24;15,20],6,[0,25;7,24;15,20],6,0}}
Adder graph: {{'M',[1,0;1,0;0,2],1,[1,0;1,0;1,0],0,[0;0;NaN],[0,1;0,1;0,1],0,[NaN;NaN;1]},{'M',[2,0;0,1;2,0],1,[1,0;1,0;1,0],0,[1;NaN;1],[0,1;0,1;0,1],0,[NaN;0;NaN]},{'A',[12,0;4,4;-8,8],2,[1,0;1,0;0,2],1,2,[2,0;0,1;-2,0],1,2},{'M',[0,1;32,0;0,1],1,[1,0;1,0;1,0],0,[NaN;5;NaN],[0,1;0,1;0,1],0,[0;NaN;0]},{'M',[0,1;0,1;4,0],1,[1,0;1,0;1,0],0,[NaN;NaN;2],[0,1;0,1;0,1],0,[0;0;NaN]},{'A',[0,2;32,1;4,1],2,[0,1;32,0;0,1],1,0,[0,1;0,1;4,0],1,0},{'M',[0,8;1,0;16,4],3,[1,0;1,0;1,0],0,[NaN;0;NaN],[0,2;32,1;4,1],2,[2;NaN;2]},{'A',[0,24;-1,16;16,20],4,[0,1;0,1;0,1],0,4,[0,8;-1,0;16,4],3,0},{'M',[1,0;32,1;4,1],3,[1,0;1,0;1,0],0,[0;NaN;NaN],[0,2;32,1;4,1],2,[NaN;0;0]},{'A',[25,0;24,-7;20,-15],4,[1,0;32,1;4,1],3,0,[12,0;-4,-4;8,-8],2,1},{'M',[0,1;8,8;1,0],3,[1,0;1,0;1,0],0,[NaN;NaN;0],[0,1;0,1;0,1],0,[0;NaN;NaN],[12,0;4,4;-8,8],2,[NaN;1;NaN]},{'A',[0,25;7,24;15,20],5,[0,24;-1,16;16,20],4,0,[0,1;8,8;-1,0],3,0},{'O',[25,0;24,-7;20,-15],4,[25,0;24,-7;20,-15],4,0},{'O',[0,25;7,24;15,20],5,[0,25;7,24;15,20],5,0}}
Adder graph: {{'M',[0,1;2,0;2,0],1,[1,0;1,0;1,0],0,[NaN;1;1],[0,1;0,1;0,1],0,[0;NaN;NaN]},{'A',[0,-7;16,1;16,1],2,[0,1;0,1;0,1],0,0,[0,-1;2,0;2,0],1,3},{'M',[1,0;0,8;0,8],1,[1,0;1,0;1,0],0,[0;NaN;NaN],[0,1;0,1;0,1],0,[NaN;3;3]},{'A',[-7,0;-8,8;8,8],2,[1,0;0,8;0,8],1,0,[-1,0;-1,0;1,0],0,3},{'M',[-7,0;-8,8;0,4],3,[0,1;0,1;0,1],0,[NaN;NaN;2],[-7,0;-8,8;8,8],2,[0;0;NaN]},{'A',[8,0;-7,8;1,-4],4,[1,0;1,0;1,0],0,0,[7,0;-8,8;0,-4],3,0},{'M',[32,0;16,1;4,-16],5,[0,-7;16,1;16,1],2,[NaN;0;NaN],[8,0;-7,8;1,-4],4,[2;NaN;2]},{'M',[-7,0;-8,8;16,1],3,[0,-7;16,1;16,1],2,[NaN;NaN;0],[-7,0;-8,8;8,8],2,[0;0;NaN]},{'A',[25,0;24,-7;20,-15],6,[32,0;16,1;4,-16],5,0,[-7,0;8,-8;16,1],3,0},{'M',[0,16;0,16;8,8],3,[0,1;0,1;0,1],0,[4;4;NaN],[-7,0;-8,8;8,8],2,[NaN;NaN;0]},{'M',[0,-7;-7,8;1,-4],5,[0,-7;16,1;16,1],2,[0;NaN;NaN],[8,0;-7,8;1,-4],4,[NaN;0;0]},{'A',[0,25;7,24;15,20],6,[0,16;0,16;8,8],3,1,[0,-7;7,-8;-1,4],5,0},{'O',[25,0;24,-7;20,-15],6,[25,0;24,-7;20,-15],6,0},{'O',[0,25;7,24;15,20],6,[0,25;7,24;15,20],6,0}}
Adder graph: {{'M',[0,1;1,0;1,0],1,[1,0;1,0;1,0],0,[NaN;0;0],[0,1;0,1;0,1],0,[0;NaN;NaN]},{'A',[0,33;-1,32;-1,32],2,[0,1;0,1;0,1],0,5,[0,1;-1,0;-1,0],1,0},{'M',[0,1;0,2;0,2],1,[0,1;0,1;0,1],0,[0;1;1]},{'M',[0,1;2,0;0,1],1,[1,0;1,0;1,0],0,[NaN;1;NaN],[0,1;0,1;0,1],0,[0;NaN;0]},{'A',[0,2;-2,2;0,3],2,[0,1;0,2;0,2],1,0,[0,1;-2,0;0,1],1,0},{'M',[1,0;-2,2;0,3],3,[1,0;1,0;1,0],0,[0;NaN;NaN],[0,2;-2,2;0,3],2,[NaN;0;0]},{'A',[5,0;6,-2;4,-3],4,[1,0;1,0;1,0],0,2,[1,0;2,-2;0,-3],3,0},{'M',[5,0;0,1;4,-3],5,[0,1;0,1;0,1],0,[NaN;0;NaN],[5,0;6,-2;4,-3],4,[0;NaN;0]},{'A',[25,0;24,-7;20,-15],6,[5,0;6,-2;4,-3],4,2,[5,0;0,1;4,-3],5,0},{'M',[0,2;-2,2;4,-3],5,[0,2;-2,2;0,3],2,[0;0;NaN],[5,0;6,-2;4,-3],4,[NaN;NaN;0]},{'A',[0,25;7,24;15,20],6,[0,33;-1,32;-1,32],2,0,[0,-2;2,-2;4,-3],5,2},{'O',[25,0;24,-7;20,-15],6,[25,0;24,-7;20,-15],6,0},{'O',[0,25;7,24;15,20],6,[0,25;7,24;15,20],6,0}}
Adder graph: {{'M',[1,0;0,2;1,0],1,[1,0;1,0;1,0],0,[0;NaN;0],[0,1;0,1;0,1],0,[NaN;1;NaN]},{'A',[3,0;2,2;3,0],2,[1,0;0,2;1,0],1,0,[1,0;1,0;1,0],0,1},{'M',[0,1;2,2;3,0],3,[0,1;0,1;0,1],0,[0;NaN;NaN],[3,0;2,2;3,0],2,[NaN;0;0]},{'A',[0,5;2,6;3,4],4,[0,1;0,1;0,1],0,2,[0,1;2,2;3,0],3,0},{'M',[0,5;1,0;3,4],5,[1,0;1,0;1,0],0,[NaN;0;NaN],[0,5;2,6;3,4],4,[0;NaN;0]},{'A',[0,25;7,24;15,20],6,[0,5;2,6;3,4],4,2,[0,5;-1,0;3,4],5,0},{'M',[3,0;2,2;3,4],5,[3,0;2,2;3,0],2,[0;0;NaN],[0,5;2,6;3,4],4,[NaN;NaN;0]},{'A',[5,0;6,-2;5,-4],6,[1,0;1,0;1,0],0,3,[-3,0;-2,-2;-3,-4],5,0},{'M',[5,0;0,1;0,1],7,[0,1;0,1;0,1],0,[NaN;0;0],[5,0;6,-2;5,-4],6,[0;NaN;NaN]},{'A',[25,0;24,-7;20,-15],8,[5,0;0,1;0,1],7,0,[5,0;6,-2;5,-4],6,2},{'O',[25,0;24,-7;20,-15],8,[25,0;24,-7;20,-15],8,0},{'O',[0,25;7,24;15,20],6,[0,25;7,24;15,20],6,0}}
Finished solving after 2583.4 seconds
Adder graph: {{'M',[1,0;0,2;1,0],1,[1,0;1,0;1,0],0,[0;NaN;0],[0,1;0,1;0,1],0,[NaN;1;NaN]},{'A',[3,0;2,2;3,0],2,[1,0;0,2;1,0],1,0,[1,0;1,0;1,0],0,1},{'M',[0,1;2,2;3,0],3,[0,1;0,1;0,1],0,[0;NaN;NaN],[3,0;2,2;3,0],2,[NaN;0;0]},{'A',[0,5;2,6;3,4],4,[0,1;0,1;0,1],0,2,[0,1;2,2;3,0],3,0},{'M',[0,5;1,0;3,4],5,[1,0;1,0;1,0],0,[NaN;0;NaN],[0,5;2,6;3,4],4,[0;NaN;0]},{'A',[0,25;7,24;15,20],6,[0,5;2,6;3,4],4,2,[0,5;-1,0;3,4],5,0},{'M',[3,0;2,2;3,4],5,[3,0;2,2;3,0],2,[0;0;NaN],[0,5;2,6;3,4],4,[NaN;NaN;0]},{'A',[5,0;6,-2;5,-4],6,[1,0;1,0;1,0],0,3,[-3,0;-2,-2;-3,-4],5,0},{'M',[5,0;0,1;0,1],7,[0,1;0,1;0,1],0,[NaN;0;0],[5,0;6,-2;5,-4],6,[0;NaN;NaN]},{'A',[25,0;24,-7;20,-15],8,[5,0;0,1;0,1],7,0,[5,0;6,-2;5,-4],6,2},{'O',[25,0;24,-7;20,-15],8,[25,0;24,-7;20,-15],8,0},{'O',[0,25;7,24;15,20],6,[0,25;7,24;15,20],6,0}}
# Add optimal = 1
# Mux optimal = 1
# FAs optimal = 0
