Adder graph: {{'M',[1,0;1,0;256,0;0,4;512,0;0,512;0,256;8,0;8,0],1,[1,0;1,0;1,0;1,0;1,0;1,0;1,0;1,0;1,0],0,[0;0;8;NaN;9;NaN;NaN;3;3],[0,1;0,1;0,1;0,1;0,1;0,1;0,1;0,1;0,1],0,[NaN;NaN;NaN;2;NaN;9;8;NaN;NaN]},{'M',[1,0;1024,0;0,1;512,0;0,4;4,0;4,0;1,0;0,512],1,[1,0;1,0;1,0;1,0;1,0;1,0;1,0;1,0;1,0],0,[0;10;NaN;9;NaN;2;2;0;NaN],[0,1;0,1;0,1;0,1;0,1;0,1;0,1;0,1;0,1],0,[NaN;NaN;0;NaN;2;NaN;NaN;NaN;9]},{'A',[2,0;1025,0;256,-1;-512,4;512,-4;4,512;4,256;7,0;8,512],2,[1,0;1,0;256,0;0,4;512,0;0,512;0,256;8,0;8,0],1,0,[1,0;1024,0;0,-1;-512,0;0,-4;4,0;4,0;-1,0;0,512],1,0},{'M',[0,1;512,0;2,0;0,1;0,256;0,1;4,256;0,1;0,8],3,[1,0;1,0;1,0;1,0;1,0;1,0;1,0;1,0;1,0],0,[NaN;9;1;NaN;NaN;NaN;NaN;NaN;NaN],[0,1;0,1;0,1;0,1;0,1;0,1;0,1;0,1;0,1],0,[0;NaN;NaN;0;8;0;NaN;0;3],[2,0;1025,0;256,-1;-512,4;512,-4;4,512;4,256;7,0;8,512],2,[NaN;NaN;NaN;NaN;NaN;NaN;0;NaN;NaN]},{'M',[16,0;0,1;0,512;-512,4;2,0;0,4;1,0;0,8;512,0],3,[1,0;1,0;1,0;1,0;1,0;1,0;1,0;1,0;1,0],0,[4;NaN;NaN;NaN;1;NaN;0;NaN;9],[0,1;0,1;0,1;0,1;0,1;0,1;0,1;0,1;0,1],0,[NaN;0;9;NaN;NaN;2;NaN;3;NaN],[2,0;1025,0;256,-1;-512,4;512,-4;4,512;4,256;7,0;8,512],2,[NaN;NaN;NaN;0;NaN;NaN;NaN;NaN;NaN]},{'A',[16,1;512,-1;2,512;512,-3;2,256;0,5;3,256;0,-7;-512,8],4,[0,1;512,0;2,0;0,1;0,256;0,1;4,256;0,1;0,8],3,0,[16,0;0,-1;0,512;512,-4;2,0;0,4;-1,0;0,-8;-512,0],3,0},{'M',[4,0;0,256;2,0;1,0;0,16;1,0;512,0;0,-7;-512,8],5,[1,0;1,0;1,0;1,0;1,0;1,0;1,0;1,0;1,0],0,[2;NaN;1;0;NaN;0;9;NaN;NaN],[0,1;0,1;0,1;0,1;0,1;0,1;0,1;0,1;0,1],0,[NaN;8;NaN;NaN;4;NaN;NaN;NaN;NaN],[16,1;512,-1;2,512;512,-3;2,256;0,5;3,256;0,-7;-512,8],4,[NaN;NaN;NaN;NaN;NaN;NaN;NaN;0;0]},{'M',[4,0;1,0;2,0;0,256;2,0;4,512;0,8;512,0;-1024,16],5,[1,0;1,0;1,0;1,0;1,0;1,0;1,0;1,0;1,0],0,[2;0;1;NaN;1;NaN;NaN;9;NaN],[0,1;0,1;0,1;0,1;0,1;0,1;0,1;0,1;0,1],0,[NaN;NaN;NaN;8;NaN;NaN;3;NaN;NaN],[2,0;1025,0;256,-1;-512,4;512,-4;4,512;4,256;7,0;8,512],2,[NaN;NaN;NaN;NaN;NaN;0;NaN;NaN;NaN],[16,1;512,-1;2,512;512,-3;2,256;0,5;3,256;0,-7;-512,8],4,[NaN;NaN;NaN;NaN;NaN;NaN;NaN;NaN;1]},{'A',[8,0;1,256;4,0;1,256;2,16;5,512;512,-8;512,-7;512,-8],6,[4,0;0,256;2,0;1,0;0,16;1,0;512,0;0,-7;-512,8],5,0,[4,0;1,0;2,0;0,256;2,0;4,512;0,-8;512,0;1024,-16],5,0},{'M',[4,0;0,256;4,0;2,512;1,0;512,0;512,-8;7,0;16,1024],7,[1,0;1,0;1,0;1,0;1,0;1,0;1,0;1,0;1,0],0,[2;NaN;NaN;NaN;0;9;NaN;NaN;NaN],[0,1;0,1;0,1;0,1;0,1;0,1;0,1;0,1;0,1],0,[NaN;8;NaN;NaN;NaN;NaN;NaN;NaN;NaN],[2,0;1025,0;256,-1;-512,4;512,-4;4,512;4,256;7,0;8,512],2,[NaN;NaN;NaN;NaN;NaN;NaN;NaN;0;1],[8,0;1,256;4,0;1,256;2,16;5,512;512,-8;512,-7;512,-8],6,[NaN;NaN;0;1;NaN;NaN;0;NaN;NaN]},{'M',[8,0;1,256;0,2;1,0;32768,262144;0,5;0,2;0,512;2048,131072],7,[1,0;1,0;1,0;1,0;1,0;1,0;1,0;1,0;1,0],0,[3;NaN;NaN;0;NaN;NaN;NaN;NaN;NaN],[0,1;0,1;0,1;0,1;0,1;0,1;0,1;0,1;0,1],0,[NaN;NaN;1;NaN;NaN;NaN;1;9;NaN],[2,0;1025,0;256,-1;-512,4;512,-4;4,512;4,256;7,0;8,512],2,[NaN;NaN;NaN;NaN;NaN;NaN;NaN;NaN;8],[16,1;512,-1;2,512;512,-3;2,256;0,5;3,256;0,-7;-512,8],4,[NaN;NaN;NaN;NaN;NaN;0;NaN;NaN;NaN],[8,0;1,256;4,0;1,256;2,16;5,512;512,-8;512,-7;512,-8],6,[NaN;0;NaN;NaN;14;NaN;NaN;NaN;NaN]},{'A',[12,0;1,512;4,2;3,512;32769,262144;512,-5;512,-6;7,512;2064,132096],8,[4,0;0,256;4,0;2,512;1,0;512,0;512,-8;7,0;16,1024],7,0,[8,0;1,256;0,2;1,0;32768,262144;0,-5;0,2;0,512;2048,131072],7,0},{'M',[512,0;512,-1;512,-2;512,-3;512,-4;512,-5;512,-6;512,-7;512,-8],9,[2,0;1025,0;256,-1;-512,4;512,-4;4,512;4,256;7,0;8,512],2,[NaN;NaN;1;NaN;0;NaN;NaN;NaN;NaN],[16,1;512,-1;2,512;512,-3;2,256;0,5;3,256;0,-7;-512,8],4,[NaN;0;NaN;0;NaN;NaN;NaN;NaN;NaN],[8,0;1,256;4,0;1,256;2,16;5,512;512,-8;512,-7;512,-8],6,[6;NaN;NaN;NaN;NaN;NaN;NaN;0;0],[12,0;1,512;4,2;3,512;32769,262144;512,-5;512,-6;7,512;2064,132096],8,[NaN;NaN;NaN;NaN;NaN;0;0;NaN;NaN]},{'O',[512,0;512,-1;512,-2;512,-3;512,-4;512,-5;512,-6;512,-7;512,-8],9,[512,0;512,-1;512,-2;512,-3;512,-4;512,-5;512,-6;512,-7;512,-8],9,0},{'M',[0,512;1,512;2,512;3,512;4,512;5,512;6,512;7,512;8,512],9,[0,1;0,1;0,1;0,1;0,1;0,1;0,1;0,1;0,1],0,[9;NaN;NaN;NaN;NaN;NaN;NaN;NaN;NaN],[2,0;1025,0;256,-1;-512,4;512,-4;4,512;4,256;7,0;8,512],2,[NaN;NaN;NaN;NaN;NaN;NaN;NaN;NaN;0],[16,1;512,-1;2,512;512,-3;2,256;0,5;3,256;0,-7;-512,8],4,[NaN;NaN;0;NaN;1;NaN;1;NaN;NaN],[8,0;1,256;4,0;1,256;2,16;5,512;512,-8;512,-7;512,-8],6,[NaN;NaN;NaN;NaN;NaN;0;NaN;NaN;NaN],[12,0;1,512;4,2;3,512;32769,262144;512,-5;512,-6;7,512;2064,132096],8,[NaN;0;NaN;0;NaN;NaN;NaN;0;NaN]},{'O',[0,512;1,512;2,512;3,512;4,512;5,512;6,512;7,512;8,512],9,[0,512;1,512;2,512;3,512;4,512;5,512;6,512;7,512;8,512],9,0}}
Adder graph: {{'M',[16,0;64,0;65536,0;0,1;0,4;4,0;1,0;0,8;0,8],1,[1,0;1,0;1,0;1,0;1,0;1,0;1,0;1,0;1,0],0,[4;6;16;NaN;NaN;2;0;NaN;NaN],[0,1;0,1;0,1;0,1;0,1;0,1;0,1;0,1;0,1],0,[NaN;NaN;NaN;0;2;NaN;NaN;3;3]},{'M',[0,1;1,0;8,0;32,0;32,0;0,32;0,16;32,0;32,0],1,[1,0;1,0;1,0;1,0;1,0;1,0;1,0;1,0;1,0],0,[NaN;0;3;5;5;NaN;NaN;5;5],[0,1;0,1;0,1;0,1;0,1;0,1;0,1;0,1;0,1],0,[0;NaN;NaN;NaN;NaN;5;4;NaN;NaN]},{'A',[16,16;48,0;65664,0;512,1;-512,4;4,512;1,-256;-512,8;-512,8],2,[16,0;64,0;65536,0;0,1;0,4;4,0;1,0;0,8;0,8],1,0,[0,1;-1,0;8,0;32,0;-32,0;0,32;0,-16;-32,0;-32,0],1,4},{'M',[0,256;0,512;0,64;1,0;2,0;4,512;0,4;-512,8;-131072,2048],3,[1,0;1,0;1,0;1,0;1,0;1,0;1,0;1,0;1,0],0,[NaN;NaN;NaN;0;1;NaN;NaN;NaN;NaN],[0,1;0,1;0,1;0,1;0,1;0,1;0,1;0,1;0,1],0,[8;9;6;NaN;NaN;NaN;2;NaN;NaN],[16,16;48,0;65664,0;512,1;-512,4;4,512;1,-256;-512,8;-512,8],2,[NaN;NaN;NaN;NaN;NaN;0;NaN;0;8]},{'M',[0,256;1,0;0,64;0,256;0,256;1,0;0,2;0,1;0,256],1,[1,0;1,0;1,0;1,0;1,0;1,0;1,0;1,0;1,0],0,[NaN;0;NaN;NaN;NaN;0;NaN;NaN;NaN],[0,1;0,1;0,1;0,1;0,1;0,1;0,1;0,1;0,1],0,[8;NaN;6;8;8;NaN;1;0;8]},{'A',[0,512;1,512;0,128;1,256;2,256;5,512;0,6;-512,7;-131072,2304],4,[0,256;0,512;0,64;1,0;2,0;4,512;0,4;-512,8;-131072,2048],3,0,[0,256;1,0;0,64;0,256;0,256;1,0;0,2;0,-1;0,256],1,0},{'M',[1,0;32,0;1,0;1,0;1024,0;512,0;8,0;0,512;32,0],1,[1,0;1,0;1,0;1,0;1,0;1,0;1,0;1,0;1,0],0,[0;5;0;0;10;9;3;NaN;5],[0,1;0,1;0,1;0,1;0,1;0,1;0,1;0,1;0,1],0,[NaN;NaN;NaN;NaN;NaN;NaN;NaN;9;NaN]},{'M',[16,16;48,0;0,256;2,512;1024,0;0,4;2,-512;1,0;1,0],5,[1,0;1,0;1,0;1,0;1,0;1,0;1,0;1,0;1,0],0,[NaN;NaN;NaN;NaN;10;NaN;NaN;0;0],[0,1;0,1;0,1;0,1;0,1;0,1;0,1;0,1;0,1],0,[NaN;NaN;NaN;NaN;NaN;2;NaN;NaN;NaN],[16,16;48,0;65664,0;512,1;-512,4;4,512;1,-256;-512,8;-512,8],2,[0;0;NaN;NaN;NaN;NaN;1;NaN;NaN],[0,512;1,512;0,128;1,256;2,256;5,512;0,6;-512,7;-131072,2304],4,[NaN;NaN;1;1;NaN;NaN;NaN;NaN;NaN]},{'A',[17,16;-16,0;1,256;3,512;2048,0;512,-4;6,512;-1,512;31,0],6,[1,0;32,0;1,0;1,0;1024,0;512,0;8,0;0,512;32,0],1,0,[16,16;-48,0;0,256;2,512;1024,0;0,-4;-2,512;-1,0;-1,0],5,0},{'M',[0,128;0,1;0,2;0,4;2048,0;0,1;0,6;8,0;0,128],7,[1,0;1,0;1,0;1,0;1,0;1,0;1,0;1,0;1,0],0,[NaN;NaN;NaN;NaN;NaN;NaN;NaN;3;NaN],[0,1;0,1;0,1;0,1;0,1;0,1;0,1;0,1;0,1],0,[7;0;1;2;NaN;0;NaN;NaN;7],[0,512;1,512;0,128;1,256;2,256;5,512;0,6;-512,7;-131072,2304],4,[NaN;NaN;NaN;NaN;NaN;NaN;0;NaN;NaN],[17,16;-16,0;1,256;3,512;2048,0;512,-4;6,512;-1,512;31,0],6,[NaN;NaN;NaN;NaN;0;NaN;NaN;NaN;NaN]},{'M',[128,128;-512,0;512,0;512,1;131072,0;512,-4;512,0;-1,512;2,0],7,[1,0;1,0;1,0;1,0;1,0;1,0;1,0;1,0;1,0],0,[NaN;NaN;9;NaN;17;NaN;9;NaN;1],[16,16;48,0;65664,0;512,1;-512,4;4,512;1,-256;-512,8;-512,8],2,[3;NaN;NaN;0;NaN;NaN;NaN;NaN;NaN],[17,16;-16,0;1,256;3,512;2048,0;512,-4;6,512;-1,512;31,0],6,[NaN;5;NaN;NaN;NaN;0;NaN;0;NaN]},{'A',[-128,0;-512,1;-512,2;-512,3;133120,0;-512,5;-512,6;7,512;2,128],8,[0,128;0,1;0,2;0,4;2048,0;0,1;0,6;8,0;0,128],7,0,[-128,-128;-512,0;-512,0;-512,-1;131072,0;-512,4;-512,0;-1,512;2,0],7,0},{'M',[-512,0;-512,1;-512,2;-512,3;-512,4;-512,5;-512,6;-512,7;-512,8],9,[16,16;48,0;65664,0;512,1;-512,4;4,512;1,-256;-512,8;-512,8],2,[NaN;NaN;NaN;NaN;0;NaN;NaN;NaN;0],[0,512;1,512;0,128;1,256;2,256;5,512;0,6;-512,7;-131072,2304],4,[NaN;NaN;NaN;NaN;NaN;NaN;NaN;0;NaN],[-128,0;-512,1;-512,2;-512,3;133120,0;-512,5;-512,6;7,512;2,128],8,[2;0;0;0;NaN;0;0;NaN;NaN]},{'O',[512,0;512,-1;512,-2;512,-3;512,-4;512,-5;512,-6;512,-7;512,-8],9,[512,0;512,-1;512,-2;512,-3;512,-4;512,-5;512,-6;512,-7;512,-8],9,0},{'M',[0,512;1,512;2,512;3,512;4,512;5,512;6,512;7,512;8,512],9,[0,512;1,512;0,128;1,256;2,256;5,512;0,6;-512,7;-131072,2304],4,[0;0;NaN;NaN;1;0;NaN;NaN;NaN],[17,16;-16,0;1,256;3,512;2048,0;512,-4;6,512;-1,512;31,0],6,[NaN;NaN;1;0;NaN;NaN;0;NaN;NaN],[-128,0;-512,1;-512,2;-512,3;133120,0;-512,5;-512,6;7,512;2,128],8,[NaN;NaN;NaN;NaN;NaN;NaN;NaN;0;2]},{'O',[0,512;1,512;2,512;3,512;4,512;5,512;6,512;7,512;8,512],9,[0,512;1,512;2,512;3,512;4,512;5,512;6,512;7,512;8,512],9,0}}
Adder graph: {{'M',[0,64;1,0;0,64;0,512;1,0;1,0;512,0;0,64;512,0],1,[1,0;1,0;1,0;1,0;1,0;1,0;1,0;1,0;1,0],0,[NaN;0;NaN;NaN;0;0;9;NaN;9],[0,1;0,1;0,1;0,1;0,1;0,1;0,1;0,1;0,1],0,[6;NaN;6;9;NaN;NaN;NaN;6;NaN]},{'M',[0,2;1,0;8192,0;4,0;8192,0;4,0;0,2;1,0;65536,0],1,[1,0;1,0;1,0;1,0;1,0;1,0;1,0;1,0;1,0],0,[NaN;0;13;2;13;2;NaN;0;16],[0,1;0,1;0,1;0,1;0,1;0,1;0,1;0,1;0,1],0,[1;NaN;NaN;NaN;NaN;NaN;1;NaN;NaN]},{'A',[0,66;2,0;-8192,64;4,512;-8191,0;5,0;512,-2;1,64;-65024,0],2,[0,64;1,0;0,64;0,512;1,0;1,0;512,0;0,64;512,0],1,0,[0,2;1,0;-8192,0;4,0;-8192,0;4,0;0,-2;1,0;-65536,0],1,0},{'M',[0,32;0,64;64,0;64,0;64,0;64,0;0,64;1,64;-65024,0],3,[1,0;1,0;1,0;1,0;1,0;1,0;1,0;1,0;1,0],0,[NaN;NaN;6;6;6;6;NaN;NaN;NaN],[0,1;0,1;0,1;0,1;0,1;0,1;0,1;0,1;0,1],0,[5;6;NaN;NaN;NaN;NaN;6;NaN;NaN],[0,66;2,0;-8192,64;4,512;-8191,0;5,0;512,-2;1,64;-65024,0],2,[NaN;NaN;NaN;NaN;NaN;NaN;NaN;0;0]},{'M',[0,512;1,0;0,2;0,4;0,4;0,4;2,0;1,0;0,1],1,[1,0;1,0;1,0;1,0;1,0;1,0;1,0;1,0;1,0],0,[NaN;0;NaN;NaN;NaN;NaN;1;0;NaN],[0,1;0,1;0,1;0,1;0,1;0,1;0,1;0,1;0,1],0,[9;NaN;1;2;2;2;NaN;NaN;0]},{'A',[0,-256;1,512;512,-2;512,-4;512,-4;512,-4;-2,512;7,512;-520192,-1],4,[0,32;0,64;64,0;64,0;64,0;64,0;0,64;1,64;-65024,0],3,3,[0,-512;1,0;0,-2;0,-4;0,-4;0,-4;-2,0;-1,0;0,-1],1,0},{'M',[0,-256;0,2;1,0;4,512;0,256;512,-4;8,0;512,0;0,256],5,[1,0;1,0;1,0;1,0;1,0;1,0;1,0;1,0;1,0],0,[NaN;NaN;0;NaN;NaN;NaN;3;9;NaN],[0,1;0,1;0,1;0,1;0,1;0,1;0,1;0,1;0,1],0,[NaN;1;NaN;NaN;8;NaN;NaN;NaN;8],[0,66;2,0;-8192,64;4,512;-8191,0;5,0;512,-2;1,64;-65024,0],2,[NaN;NaN;NaN;0;NaN;NaN;NaN;NaN;NaN],[0,-256;1,512;512,-2;512,-4;512,-4;512,-4;-2,512;7,512;-520192,-1],4,[0;NaN;NaN;NaN;NaN;0;NaN;NaN;NaN]},{'M',[0,-512;2,1024;0,256;1,0;2,0;0,1;-2,512;0,1;4,0],5,[1,0;1,0;1,0;1,0;1,0;1,0;1,0;1,0;1,0],0,[NaN;NaN;NaN;0;1;NaN;NaN;NaN;2],[0,1;0,1;0,1;0,1;0,1;0,1;0,1;0,1;0,1],0,[NaN;NaN;8;NaN;NaN;0;NaN;0;NaN],[0,-256;1,512;512,-2;512,-4;512,-4;512,-4;-2,512;7,512;-520192,-1],4,[1;1;NaN;NaN;NaN;NaN;0;NaN;NaN]},{'A',[0,256;-2,-1022;1,256;3,512;2,256;512,-5;6,512;512,1;4,256],6,[0,-256;0,2;1,0;4,512;0,256;512,-4;8,0;512,0;0,256],5,0,[0,512;-2,-1024;0,256;-1,0;2,0;0,-1;-2,512;0,1;4,0],5,0},{'M',[0,-256;512,0;512,0;512,-4;512,0;0,512;512,-2;512,1;512,0],7,[1,0;1,0;1,0;1,0;1,0;1,0;1,0;1,0;1,0],0,[NaN;9;9;NaN;9;NaN;NaN;NaN;9],[0,1;0,1;0,1;0,1;0,1;0,1;0,1;0,1;0,1],0,[NaN;NaN;NaN;NaN;NaN;9;NaN;NaN;NaN],[0,66;2,0;-8192,64;4,512;-8191,0;5,0;512,-2;1,64;-65024,0],2,[NaN;NaN;NaN;NaN;NaN;NaN;0;NaN;NaN],[0,-256;1,512;512,-2;512,-4;512,-4;512,-4;-2,512;7,512;-520192,-1],4,[0;NaN;NaN;0;NaN;NaN;NaN;NaN;NaN],[0,256;-2,-1022;1,256;3,512;2,256;512,-5;6,512;512,1;4,256],6,[NaN;NaN;NaN;NaN;NaN;NaN;NaN;0;NaN]},{'M',[4,0;0,1;0,131072;0,1;4,0;5,0;0,4;0,8;0,8],3,[1,0;1,0;1,0;1,0;1,0;1,0;1,0;1,0;1,0],0,[2;NaN;NaN;NaN;2;NaN;NaN;NaN;NaN],[0,1;0,1;0,1;0,1;0,1;0,1;0,1;0,1;0,1],0,[NaN;0;17;0;NaN;NaN;2;3;3],[0,66;2,0;-8192,64;4,512;-8191,0;5,0;512,-2;1,64;-65024,0],2,[NaN;NaN;NaN;NaN;NaN;0;NaN;NaN;NaN]},{'A',[-4,-256;512,-1;512,-131072;512,-3;508,0;5,512;512,-6;512,-7;512,-8],8,[0,-256;512,0;512,0;512,-4;512,0;0,512;512,-2;512,1;512,0],7,0,[-4,0;0,-1;0,-131072;0,1;-4,0;5,0;0,-4;0,-8;0,-8],3,0},{'M',[512,0;512,-1;512,-2;512,-3;512,-4;512,-5;512,-6;512,-7;512,-8],9,[1,0;1,0;1,0;1,0;1,0;1,0;1,0;1,0;1,0],0,[9;NaN;NaN;NaN;NaN;NaN;NaN;NaN;NaN],[0,-256;1,512;512,-2;512,-4;512,-4;512,-4;-2,512;7,512;-520192,-1],4,[NaN;NaN;0;NaN;0;NaN;NaN;NaN;NaN],[0,256;-2,-1022;1,256;3,512;2,256;512,-5;6,512;512,1;4,256],6,[NaN;NaN;NaN;NaN;NaN;0;NaN;NaN;NaN],[-4,-256;512,-1;512,-131072;512,-3;508,0;5,512;512,-6;512,-7;512,-8],8,[NaN;0;NaN;0;NaN;NaN;0;0;0]},{'O',[512,0;512,-1;512,-2;512,-3;512,-4;512,-5;512,-6;512,-7;512,-8],9,[512,0;512,-1;512,-2;512,-3;512,-4;512,-5;512,-6;512,-7;512,-8],9,0},{'M',[0,512;1,512;2,512;3,512;4,512;5,512;6,512;7,512;8,512],9,[0,-256;1,512;512,-2;512,-4;512,-4;512,-4;-2,512;7,512;-520192,-1],4,[NaN;0;NaN;NaN;NaN;NaN;NaN;0;NaN],[0,256;-2,-1022;1,256;3,512;2,256;512,-5;6,512;512,1;4,256],6,[1;NaN;1;0;1;NaN;0;NaN;1],[-4,-256;512,-1;512,-131072;512,-3;508,0;5,512;512,-6;512,-7;512,-8],8,[NaN;NaN;NaN;NaN;NaN;0;NaN;NaN;NaN]},{'O',[0,512;1,512;2,512;3,512;4,512;5,512;6,512;7,512;8,512],9,[0,512;1,512;2,512;3,512;4,512;5,512;6,512;7,512;8,512],9,0}}
Adder graph: {{'M',[0,4;1,0;2,0;512,0;0,1;0,1;0,1;512,0;0,1],1,[1,0;1,0;1,0;1,0;1,0;1,0;1,0;1,0;1,0],0,[NaN;0;1;9;NaN;NaN;NaN;9;NaN],[0,1;0,1;0,1;0,1;0,1;0,1;0,1;0,1;0,1],0,[2;NaN;NaN;NaN;0;0;0;NaN;0]},{'M',[0,8;0,512;0,512;0,1;128,0;0,4;128,0;0,1;64,0],1,[1,0;1,0;1,0;1,0;1,0;1,0;1,0;1,0;1,0],0,[NaN;NaN;NaN;NaN;7;NaN;7;NaN;6],[0,1;0,1;0,1;0,1;0,1;0,1;0,1;0,1;0,1],0,[3;9;9;0;NaN;2;NaN;0;NaN]},{'A',[0,-4;1,512;2,512;512,1;-128,1;0,5;-128,1;512,1;-64,1],2,[0,4;1,0;2,0;512,0;0,1;0,1;0,1;512,0;0,1],1,0,[0,-8;0,512;0,512;0,1;-128,0;0,4;-128,0;0,1;-64,0],1,0},{'M',[0,4;0,512;0,4;0,4;-128,1;0,5;0,512;0,512;0,4],3,[0,1;0,1;0,1;0,1;0,1;0,1;0,1;0,1;0,1],0,[2;9;2;2;NaN;NaN;9;9;2],[0,-4;1,512;2,512;512,1;-128,1;0,5;-128,1;512,1;-64,1],2,[NaN;NaN;NaN;NaN;0;0;NaN;NaN;NaN]},{'M',[0,-4;0,1;0,2;512,1;0,2;512,0;2,0;8,0;0,512],3,[1,0;1,0;1,0;1,0;1,0;1,0;1,0;1,0;1,0],0,[NaN;NaN;NaN;NaN;NaN;9;1;3;NaN],[0,1;0,1;0,1;0,1;0,1;0,1;0,1;0,1;0,1],0,[NaN;0;1;NaN;1;NaN;NaN;NaN;9],[0,-4;1,512;2,512;512,1;-128,1;0,5;-128,1;512,1;-64,1],2,[0;NaN;NaN;0;NaN;NaN;NaN;NaN;NaN]},{'A',[0,0;0,513;0,2;-512,3;-128,3;-512,5;2,512;8,512;0,516],4,[0,4;0,512;0,4;0,4;-128,1;0,5;0,512;0,512;0,4],3,0,[0,-4;0,1;0,-2;-512,-1;0,2;-512,0;2,0;8,0;0,512],3,0},{'M',[0,1;1,512;0,512;0,512;-512,12;0,512;2,512;0,8;0,8256],5,[0,1;0,1;0,1;0,1;0,1;0,1;0,1;0,1;0,1],0,[0;NaN;9;9;NaN;9;NaN;3;NaN],[0,-4;1,512;2,512;512,1;-128,1;0,5;-128,1;512,1;-64,1],2,[NaN;0;NaN;NaN;NaN;NaN;NaN;NaN;NaN],[0,0;0,513;0,2;-512,3;-128,3;-512,5;2,512;8,512;0,516],4,[NaN;NaN;NaN;NaN;2;NaN;0;NaN;4]},{'M',[4,0;0,8;4,0;4,0;0,8;4,0;4,0;512,1;0,8192],3,[1,0;1,0;1,0;1,0;1,0;1,0;1,0;1,0;1,0],0,[2;NaN;2;2;NaN;2;2;NaN;NaN],[0,1;0,1;0,1;0,1;0,1;0,1;0,1;0,1;0,1],0,[NaN;3;NaN;NaN;3;NaN;NaN;NaN;13],[0,-4;1,512;2,512;512,1;-128,1;0,5;-128,1;512,1;-64,1],2,[NaN;NaN;NaN;NaN;NaN;NaN;NaN;0;NaN]},{'A',[-4,1;1,520;-4,512;4,512;-512,4;4,512;6,512;-512,7;0,64],6,[0,1;1,512;0,512;0,512;-512,12;0,512;2,512;0,8;0,8256],5,0,[-4,0;0,8;-4,0;4,0;0,-8;4,0;4,0;-512,-1;0,-8192],3,0},{'M',[0,0;0,1;0,1;4,512;0,128;4,512;0,1;8,512;0,64],7,[0,1;0,1;0,1;0,1;0,1;0,1;0,1;0,1;0,1],0,[NaN;0;0;NaN;7;NaN;0;NaN;NaN],[0,0;0,513;0,2;-512,3;-128,3;-512,5;2,512;8,512;0,516],4,[0;NaN;NaN;NaN;NaN;NaN;NaN;0;NaN],[-4,1;1,520;-4,512;4,512;-512,4;4,512;6,512;-512,7;0,64],6,[NaN;NaN;NaN;0;NaN;0;NaN;NaN;0]},{'M',[256,0;512,0;256,0;1,0;1,0;1,0;-256,2;1,0;1,0],3,[1,0;1,0;1,0;1,0;1,0;1,0;1,0;1,0;1,0],0,[8;9;8;0;0;0;NaN;0;0],[0,-4;1,512;2,512;512,1;-128,1;0,5;-128,1;512,1;-64,1],2,[NaN;NaN;NaN;NaN;NaN;NaN;1;NaN;NaN]},{'A',[-256,0;-512,1;-256,1;3,512;1,128;5,512;-256,3;7,512;1,64],8,[0,0;0,1;0,1;4,512;0,128;4,512;0,1;8,512;0,64],7,0,[-256,0;-512,0;-256,0;-1,0;1,0;1,0;-256,2;-1,0;1,0],3,0},{'M',[-512,0;-512,1;-512,2;-512,3;-512,4;-512,5;-512,6;-512,7;-512,8],9,[0,-4;1,512;2,512;512,1;-128,1;0,5;-128,1;512,1;-64,1],2,[NaN;NaN;NaN;NaN;NaN;NaN;NaN;NaN;3],[0,0;0,513;0,2;-512,3;-128,3;-512,5;2,512;8,512;0,516],4,[NaN;NaN;NaN;0;NaN;0;NaN;NaN;NaN],[-4,1;1,520;-4,512;4,512;-512,4;4,512;6,512;-512,7;0,64],6,[NaN;NaN;NaN;NaN;0;NaN;NaN;0;NaN],[-256,0;-512,1;-256,1;3,512;1,128;5,512;-256,3;7,512;1,64],8,[1;0;1;NaN;NaN;NaN;1;NaN;NaN]},{'O',[512,0;512,-1;512,-2;512,-3;512,-4;512,-5;512,-6;512,-7;512,-8],9,[512,0;512,-1;512,-2;512,-3;512,-4;512,-5;512,-6;512,-7;512,-8],9,0},{'M',[0,512;1,512;2,512;3,512;4,512;5,512;6,512;7,512;8,512],9,[0,1;0,1;0,1;0,1;0,1;0,1;0,1;0,1;0,1],0,[9;NaN;NaN;NaN;NaN;NaN;NaN;NaN;NaN],[0,-4;1,512;2,512;512,1;-128,1;0,5;-128,1;512,1;-64,1],2,[NaN;0;0;NaN;NaN;NaN;NaN;NaN;NaN],[-4,1;1,520;-4,512;4,512;-512,4;4,512;6,512;-512,7;0,64],6,[NaN;NaN;NaN;NaN;NaN;NaN;0;NaN;NaN],[-256,0;-512,1;-256,1;3,512;1,128;5,512;-256,3;7,512;1,64],8,[NaN;NaN;NaN;0;2;0;NaN;0;3]},{'O',[0,512;1,512;2,512;3,512;4,512;5,512;6,512;7,512;8,512],9,[0,512;1,512;2,512;3,512;4,512;5,512;6,512;7,512;8,512],9,0}}
Adder graph: {{'M',[0,512;0,1;0,32;2,0;0,512;0,2;0,8;8,0;8,0],1,[1,0;1,0;1,0;1,0;1,0;1,0;1,0;1,0;1,0],0,[NaN;NaN;NaN;1;NaN;NaN;NaN;3;3],[0,1;0,1;0,1;0,1;0,1;0,1;0,1;0,1;0,1],0,[9;0;5;NaN;9;1;3;NaN;NaN]},{'M',[1,0;512,0;0,1;0,512;4,0;256,0;512,0;0,512;16,0],1,[1,0;1,0;1,0;1,0;1,0;1,0;1,0;1,0;1,0],0,[0;9;NaN;NaN;2;8;9;NaN;4],[0,1;0,1;0,1;0,1;0,1;0,1;0,1;0,1;0,1],0,[NaN;NaN;0;9;NaN;NaN;NaN;9;NaN]},{'A',[-1,512;-512,1;0,31;2,512;-4,512;-256,2;-512,8;8,512;-8,0],2,[0,512;0,1;0,32;2,0;0,512;0,2;0,8;8,0;8,0],1,0,[-1,0;-512,0;0,-1;0,512;-4,0;-256,0;-512,0;0,512;-16,0],1,0},{'M',[128,0;0,1;0,2;0,2;0,1;0,1;-512,8;0,1;0,2],3,[1,0;1,0;1,0;1,0;1,0;1,0;1,0;1,0;1,0],0,[7;NaN;NaN;NaN;NaN;NaN;NaN;NaN;NaN],[0,1;0,1;0,1;0,1;0,1;0,1;0,1;0,1;0,1],0,[NaN;0;1;1;0;0;NaN;0;1],[-1,512;-512,1;0,31;2,512;-4,512;-256,2;-512,8;8,512;-8,0],2,[NaN;NaN;NaN;NaN;NaN;NaN;0;NaN;NaN]},{'M',[128,0;256,0;256,0;256,0;64,0;-256,2;0,1;32,0;64,0],3,[1,0;1,0;1,0;1,0;1,0;1,0;1,0;1,0;1,0],0,[7;8;8;8;6;NaN;NaN;5;6],[0,1;0,1;0,1;0,1;0,1;0,1;0,1;0,1;0,1],0,[NaN;NaN;NaN;NaN;NaN;NaN;0;NaN;NaN],[-1,512;-512,1;0,31;2,512;-4,512;-256,2;-512,8;8,512;-8,0],2,[NaN;NaN;NaN;NaN;NaN;0;NaN;NaN;NaN]},{'A',[-128,0;-512,1;-512,2;-512,2;-128,1;-512,5;-512,6;-64,1;-128,2],4,[128,0;0,1;0,2;0,2;0,1;0,1;-512,8;0,1;0,2],3,0,[-128,0;-256,0;-256,0;-256,0;-64,0;-256,2;0,-1;-32,0;-64,0],3,1},{'M',[-1,512;1,0;0,248;1,0;-4,512;2,0;2,0;8,512;-8,0],3,[1,0;1,0;1,0;1,0;1,0;1,0;1,0;1,0;1,0],0,[NaN;0;NaN;0;NaN;1;1;NaN;NaN],[-1,512;-512,1;0,31;2,512;-4,512;-256,2;-512,8;8,512;-8,0],2,[0;NaN;3;NaN;0;NaN;NaN;0;0]},{'M',[1,0;0,512;1,0;2,512;0,1024;0,256;1,0;1,0;0,512],3,[1,0;1,0;1,0;1,0;1,0;1,0;1,0;1,0;1,0],0,[0;NaN;0;NaN;NaN;NaN;0;0;NaN],[0,1;0,1;0,1;0,1;0,1;0,1;0,1;0,1;0,1],0,[NaN;9;NaN;NaN;10;8;NaN;NaN;9],[-1,512;-512,1;0,31;2,512;-4,512;-256,2;-512,8;8,512;-8,0],2,[NaN;NaN;NaN;0;NaN;NaN;NaN;NaN;NaN]},{'A',[0,512;1,512;1,248;3,512;-4,-512;2,256;3,0;7,512;-8,-512],4,[-1,512;1,0;0,248;1,0;-4,512;2,0;2,0;8,512;-8,0],3,0,[1,0;0,512;1,0;2,512;0,-1024;0,256;1,0;-1,0;0,-512],3,0},{'M',[-1024,0;-262144,512;0,16;-512,2;-4,-512;1,0;0,512;-512,8;-8,-512],5,[1,0;1,0;1,0;1,0;1,0;1,0;1,0;1,0;1,0],0,[NaN;NaN;NaN;NaN;NaN;0;NaN;NaN;NaN],[0,1;0,1;0,1;0,1;0,1;0,1;0,1;0,1;0,1],0,[NaN;NaN;4;NaN;NaN;NaN;9;NaN;NaN],[-128,0;-512,1;-512,2;-512,2;-128,1;-512,5;-512,6;-64,1;-128,2],4,[3;9;NaN;0;NaN;NaN;NaN;3;NaN],[0,512;1,512;1,248;3,512;-4,-512;2,256;3,0;7,512;-8,-512],4,[NaN;NaN;NaN;NaN;0;NaN;NaN;NaN;0]},{'M',[0,1;0,1;2,496;0,1;-8,-1024;4,512;6,0;0,1;-16,-1024],5,[0,1;0,1;0,1;0,1;0,1;0,1;0,1;0,1;0,1],0,[0;0;NaN;0;NaN;NaN;NaN;0;NaN],[0,512;1,512;1,248;3,512;-4,-512;2,256;3,0;7,512;-8,-512],4,[NaN;NaN;1;NaN;1;1;1;NaN;1]},{'A',[-1024,1;-262144,513;2,512;-512,3;4,512;5,512;6,512;-512,7;8,512],6,[-1024,0;-262144,512;0,16;-512,2;-4,-512;1,0;0,512;-512,8;-8,-512],5,0,[0,1;0,1;2,496;0,1;8,1024;4,512;6,0;0,-1;16,1024],5,0},{'M',[-512,0;-512,1;-512,2;-512,3;-512,4;-512,5;-512,6;-512,7;-512,8],7,[-128,0;-512,1;-512,2;-512,2;-128,1;-512,5;-512,6;-64,1;-128,2],4,[2;0;0;NaN;2;0;0;NaN;2],[-1024,1;-262144,513;2,512;-512,3;4,512;5,512;6,512;-512,7;8,512],6,[NaN;NaN;NaN;0;NaN;NaN;NaN;0;NaN]},{'O',[512,0;512,-1;512,-2;512,-3;512,-4;512,-5;512,-6;512,-7;512,-8],7,[512,0;512,-1;512,-2;512,-3;512,-4;512,-5;512,-6;512,-7;512,-8],7,0},{'M',[0,512;1,512;2,512;3,512;4,512;5,512;6,512;7,512;8,512],7,[0,512;1,512;1,248;3,512;-4,-512;2,256;3,0;7,512;-8,-512],4,[0;0;NaN;0;NaN;NaN;NaN;0;NaN],[-1024,1;-262144,513;2,512;-512,3;4,512;5,512;6,512;-512,7;8,512],6,[NaN;NaN;0;NaN;0;0;0;NaN;0]},{'O',[0,512;1,512;2,512;3,512;4,512;5,512;6,512;7,512;8,512],7,[0,512;1,512;2,512;3,512;4,512;5,512;6,512;7,512;8,512],7,0}}
Adder graph: {{'M',[0,1;2,0;0,1;0,1;2,0;0,2;0,1;0,4;0,1],1,[1,0;1,0;1,0;1,0;1,0;1,0;1,0;1,0;1,0],0,[NaN;1;NaN;NaN;1;NaN;NaN;NaN;NaN],[0,1;0,1;0,1;0,1;0,1;0,1;0,1;0,1;0,1],0,[0;NaN;0;0;NaN;1;0;2;0]},{'M',[128,0;0,1;0,256;0,1;0,512;0,1;128,0;512,0;128,0],1,[1,0;1,0;1,0;1,0;1,0;1,0;1,0;1,0;1,0],0,[7;NaN;NaN;NaN;NaN;NaN;7;9;7],[0,1;0,1;0,1;0,1;0,1;0,1;0,1;0,1;0,1],0,[NaN;0;8;0;9;0;NaN;NaN;NaN]},{'A',[-128,2;4,1;0,258;0,3;4,512;0,5;-128,2;-512,8;128,2],2,[0,1;2,0;0,1;0,1;2,0;0,2;0,1;0,4;0,1],1,1,[-128,0;0,1;0,256;0,1;0,512;0,1;-128,0;-512,0;128,0],1,0},{'M',[128,0;0,1;2,0;512,0;512,0;512,0;0,1;0,1;512,0],1,[1,0;1,0;1,0;1,0;1,0;1,0;1,0;1,0;1,0],0,[7;NaN;1;9;9;9;NaN;NaN;9],[0,1;0,1;0,1;0,1;0,1;0,1;0,1;0,1;0,1],0,[NaN;0;NaN;NaN;NaN;NaN;0;0;NaN]},{'M',[-128,2;8,2;0,516;0,3;0,4;0,5;-256,4;-512,8;256,4],3,[0,1;0,1;0,1;0,1;0,1;0,1;0,1;0,1;0,1],0,[NaN;NaN;NaN;NaN;2;NaN;NaN;NaN;NaN],[-128,2;4,1;0,258;0,3;4,512;0,5;-128,2;-512,8;128,2],2,[0;1;1;0;NaN;0;1;0;1]},{'A',[256,-2;-8,-1;2,516;512,-3;512,-4;512,-5;256,-3;512,-7;256,-4],4,[128,0;0,1;2,0;512,0;512,0;512,0;0,1;0,1;512,0],1,0,[128,-2;-8,-2;0,516;0,-3;0,-4;0,-5;256,-4;512,-8;-256,-4],3,0},{'M',[1,0;512,0;512,0;1,0;1,0;4,0;2,0;8,0;4,0],1,[1,0;1,0;1,0;1,0;1,0;1,0;1,0;1,0;1,0],0,[0;9;9;0;0;2;1;3;2]},{'M',[0,256;0,1;0,2;4,0;4,512;1,0;0,256;1,0;0,256],3,[1,0;1,0;1,0;1,0;1,0;1,0;1,0;1,0;1,0],0,[NaN;NaN;NaN;2;NaN;0;NaN;0;NaN],[0,1;0,1;0,1;0,1;0,1;0,1;0,1;0,1;0,1],0,[8;0;1;NaN;NaN;NaN;8;NaN;8],[-128,2;4,1;0,258;0,3;4,512;0,5;-128,2;-512,8;128,2],2,[NaN;NaN;NaN;NaN;0;NaN;NaN;NaN;NaN]},{'A',[1,256;512,-1;512,-2;-3,0;5,512;5,0;2,256;7,0;4,-256],4,[1,0;512,0;512,0;1,0;1,0;4,0;2,0;8,0;4,0],1,0,[0,256;0,-1;0,-2;-4,0;4,512;1,0;0,256;-1,0;0,-256],3,0},{'M',[1,256;0,512;1,0;0,512;5,512;5,0;2,256;0,512;4,-256],5,[1,0;1,0;1,0;1,0;1,0;1,0;1,0;1,0;1,0],0,[NaN;NaN;0;NaN;NaN;NaN;NaN;NaN;NaN],[0,1;0,1;0,1;0,1;0,1;0,1;0,1;0,1;0,1],0,[NaN;9;NaN;9;NaN;NaN;NaN;9;NaN],[1,256;512,-1;512,-2;-3,0;5,512;5,0;2,256;7,0;4,-256],4,[0;NaN;NaN;NaN;0;0;0;NaN;0]},{'M',[1,0;1,0;0,256;-3,0;1,0;0,512;1,0;7,0;0,512],5,[1,0;1,0;1,0;1,0;1,0;1,0;1,0;1,0;1,0],0,[0;0;NaN;NaN;0;NaN;0;NaN;NaN],[0,1;0,1;0,1;0,1;0,1;0,1;0,1;0,1;0,1],0,[NaN;NaN;8;NaN;NaN;9;NaN;NaN;9],[1,256;512,-1;512,-2;-3,0;5,512;5,0;2,256;7,0;4,-256],4,[NaN;NaN;NaN;0;NaN;NaN;NaN;0;NaN]},{'A',[0,256;1,512;1,256;3,512;4,512;5,512;3,256;7,512;4,256],6,[1,256;0,512;1,0;0,512;5,512;5,0;2,256;0,512;4,-256],5,0,[-1,0;1,0;0,256;3,0;-1,0;0,512;1,0;7,0;0,512],5,0},{'M',[512,0;512,-1;512,-2;512,-3;512,-4;512,-5;512,-6;512,-7;512,-8],5,[1,0;1,0;1,0;1,0;1,0;1,0;1,0;1,0;1,0],0,[9;NaN;NaN;NaN;NaN;NaN;NaN;NaN;NaN],[256,-2;-8,-1;2,516;512,-3;512,-4;512,-5;256,-3;512,-7;256,-4],4,[NaN;NaN;NaN;0;0;0;1;0;1],[1,256;512,-1;512,-2;-3,0;5,512;5,0;2,256;7,0;4,-256],4,[NaN;0;0;NaN;NaN;NaN;NaN;NaN;NaN]},{'O',[512,0;512,-1;512,-2;512,-3;512,-4;512,-5;512,-6;512,-7;512,-8],5,[512,0;512,-1;512,-2;512,-3;512,-4;512,-5;512,-6;512,-7;512,-8],5,0},{'M',[0,512;1,512;2,512;3,512;4,512;5,512;6,512;7,512;8,512],7,[0,256;1,512;1,256;3,512;4,512;5,512;3,256;7,512;4,256],6,[1;0;1;0;0;0;1;0;1]},{'O',[0,512;1,512;2,512;3,512;4,512;5,512;6,512;7,512;8,512],7,[0,512;1,512;2,512;3,512;4,512;5,512;6,512;7,512;8,512],7,0}}
Adder graph: {{'M',[4,0;4,0;1,0;1,0;0,512;1,0;0,512;1,0;0,512],1,[1,0;1,0;1,0;1,0;1,0;1,0;1,0;1,0;1,0],0,[2;2;0;0;NaN;0;NaN;0;NaN],[0,1;0,1;0,1;0,1;0,1;0,1;0,1;0,1;0,1],0,[NaN;NaN;NaN;NaN;9;NaN;9;NaN;9]},{'M',[2,0;2,0;2,0;2,0;2,0;2,0;1,0;4,0;2,0],1,[1,0;1,0;1,0;1,0;1,0;1,0;1,0;1,0;1,0],0,[1;1;1;1;1;1;0;2;1]},{'A',[0,0;0,0;5,0;-3,0;-4,512;5,0;-2,512;-7,0;4,512],2,[4,0;4,0;1,0;1,0;0,512;1,0;0,512;1,0;0,512],1,0,[-2,0;-2,0;2,0;-2,0;-2,0;2,0;-1,0;-4,0;2,0],1,1},{'M',[0,0;0,0;5,0;0,4;0,1;0,4;-2,512;0,1;0,1],3,[0,1;0,1;0,1;0,1;0,1;0,1;0,1;0,1;0,1],0,[NaN;NaN;NaN;2;0;2;NaN;0;0],[0,0;0,0;5,0;-3,0;-4,512;5,0;-2,512;-7,0;4,512],2,[0;0;0;NaN;NaN;NaN;0;NaN;NaN]},{'M',[0,0;0,0;5,0;512,0;0,1;0,1;8,0;0,8;0,1],3,[1,0;1,0;1,0;1,0;1,0;1,0;1,0;1,0;1,0],0,[NaN;NaN;NaN;9;NaN;NaN;3;NaN;NaN],[0,1;0,1;0,1;0,1;0,1;0,1;0,1;0,1;0,1],0,[NaN;NaN;NaN;NaN;0;0;NaN;3;0],[0,0;0,0;5,0;-3,0;-4,512;5,0;-2,512;-7,0;4,512],2,[0;0;0;NaN;NaN;NaN;NaN;NaN;NaN]},{'A',[0,0;0,0;10,0;-512,4;0,2;0,5;6,512;0,-7;0,0],4,[0,0;0,0;5,0;0,4;0,1;0,4;-2,512;0,1;0,1],3,0,[0,0;0,0;5,0;-512,0;0,1;0,1;8,0;0,-8;0,-1],3,0},{'M',[1,0;1,0;1,0;0,1;1,0;1,0;1,0;1,0;1,0],1,[1,0;1,0;1,0;1,0;1,0;1,0;1,0;1,0;1,0],0,[0;0;0;NaN;0;0;0;0;0],[0,1;0,1;0,1;0,1;0,1;0,1;0,1;0,1;0,1],0,[NaN;NaN;NaN;0;NaN;NaN;NaN;NaN;NaN]},{'M',[0,0;0,1;0,2;-3,0;0,4;0,5;0,4;0,-7;0,8],5,[0,1;0,1;0,1;0,1;0,1;0,1;0,1;0,1;0,1],0,[NaN;0;1;NaN;2;NaN;2;NaN;3],[0,0;0,0;5,0;-3,0;-4,512;5,0;-2,512;-7,0;4,512],2,[NaN;NaN;NaN;0;NaN;NaN;NaN;NaN;NaN],[0,0;0,0;10,0;-512,4;0,2;0,5;6,512;0,-7;0,0],4,[0;NaN;NaN;NaN;NaN;0;NaN;0;NaN]},{'A',[512,0;512,-1;512,-2;3,512;512,-4;512,-5;512,-4;512,-7;512,-8],6,[1,0;1,0;1,0;0,1;1,0;1,0;1,0;1,0;1,0],1,9,[0,0;0,-1;0,-2;3,0;0,-4;0,-5;0,-4;0,-7;0,-8],5,0},{'M',[0,0;1,0;0,512;0,1;0,1024;0,512;512,-4;0,512;8,1024],7,[1,0;1,0;1,0;1,0;1,0;1,0;1,0;1,0;1,0],0,[NaN;0;NaN;NaN;NaN;NaN;NaN;NaN;NaN],[0,1;0,1;0,1;0,1;0,1;0,1;0,1;0,1;0,1],0,[NaN;NaN;9;0;NaN;9;NaN;9;NaN],[0,0;0,0;5,0;-3,0;-4,512;5,0;-2,512;-7,0;4,512],2,[1;NaN;NaN;NaN;NaN;NaN;NaN;NaN;1],[0,0;0,0;10,0;-512,4;0,2;0,5;6,512;0,-7;0,0],4,[NaN;NaN;NaN;NaN;9;NaN;NaN;NaN;NaN],[512,0;512,-1;512,-2;3,512;512,-4;512,-5;512,-4;512,-7;512,-8],6,[NaN;NaN;NaN;NaN;NaN;NaN;0;NaN;NaN]},{'M',[0,512;0,512;2,0;-512,4;-4,512;5,0;0,2;-7,0;0,512],5,[1,0;1,0;1,0;1,0;1,0;1,0;1,0;1,0;1,0],0,[NaN;NaN;1;NaN;NaN;NaN;NaN;NaN;NaN],[0,1;0,1;0,1;0,1;0,1;0,1;0,1;0,1;0,1],0,[9;9;NaN;NaN;NaN;NaN;1;NaN;9],[0,0;0,0;5,0;-3,0;-4,512;5,0;-2,512;-7,0;4,512],2,[NaN;NaN;NaN;NaN;0;0;NaN;0;NaN],[0,0;0,0;10,0;-512,4;0,2;0,5;6,512;0,-7;0,0],4,[NaN;NaN;NaN;0;NaN;NaN;NaN;NaN;NaN]},{'A',[0,512;1,512;2,512;512,-3;4,512;5,512;512,-6;7,512;8,512],8,[0,0;1,0;0,512;0,1;0,1024;0,512;512,-4;0,512;8,1024],7,0,[0,512;0,512;2,0;512,-4;4,-512;5,0;0,-2;7,0;0,-512],5,0},{'M',[512,0;512,-1;512,-2;512,-3;512,-4;512,-5;512,-6;512,-7;512,-8],9,[512,0;512,-1;512,-2;3,512;512,-4;512,-5;512,-4;512,-7;512,-8],6,[0;0;0;NaN;0;0;NaN;0;0],[0,512;1,512;2,512;512,-3;4,512;5,512;512,-6;7,512;8,512],8,[NaN;NaN;NaN;0;NaN;NaN;0;NaN;NaN]},{'O',[512,0;512,-1;512,-2;512,-3;512,-4;512,-5;512,-6;512,-7;512,-8],9,[512,0;512,-1;512,-2;512,-3;512,-4;512,-5;512,-6;512,-7;512,-8],9,0},{'M',[0,512;1,512;2,512;3,512;4,512;5,512;6,512;7,512;8,512],9,[0,0;0,0;10,0;-512,4;0,2;0,5;6,512;0,-7;0,0],4,[NaN;NaN;NaN;NaN;NaN;NaN;0;NaN;NaN],[512,0;512,-1;512,-2;3,512;512,-4;512,-5;512,-4;512,-7;512,-8],6,[NaN;NaN;NaN;0;NaN;NaN;NaN;NaN;NaN],[0,512;1,512;2,512;512,-3;4,512;5,512;512,-6;7,512;8,512],8,[0;0;0;NaN;0;0;NaN;0;0]},{'O',[0,512;1,512;2,512;3,512;4,512;5,512;6,512;7,512;8,512],9,[0,512;1,512;2,512;3,512;4,512;5,512;6,512;7,512;8,512],9,0}}
Adder graph: {{'M',[1,0;16,0;16,0;16,0;16,0;16,0;16,0;1,0;16,0],1,[1,0;1,0;1,0;1,0;1,0;1,0;1,0;1,0;1,0],0,[0;4;4;4;4;4;4;0;4]},{'M',[1,0;1,0;0,1;0,1;0,1;0,1;0,1;1,0;0,1],1,[1,0;1,0;1,0;1,0;1,0;1,0;1,0;1,0;1,0],0,[0;0;NaN;NaN;NaN;NaN;NaN;0;NaN],[0,1;0,1;0,1;0,1;0,1;0,1;0,1;0,1;0,1],0,[NaN;NaN;0;0;0;0;0;NaN;0]},{'A',[7,0;127,0;128,-1;128,-1;128,-1;128,-1;128,-1;7,0;128,-1],2,[1,0;16,0;16,0;16,0;16,0;16,0;16,0;1,0;16,0],1,3,[-1,0;-1,0;0,-1;0,-1;0,-1;0,-1;0,-1;-1,0;0,-1],1,0},{'M',[7,0;1,0;1,0;1,0;128,-1;128,-1;1,0;0,1;128,-1],3,[1,0;1,0;1,0;1,0;1,0;1,0;1,0;1,0;1,0],0,[NaN;0;0;0;NaN;NaN;0;NaN;NaN],[0,1;0,1;0,1;0,1;0,1;0,1;0,1;0,1;0,1],0,[NaN;NaN;NaN;NaN;NaN;NaN;NaN;0;NaN],[7,0;127,0;128,-1;128,-1;128,-1;128,-1;128,-1;7,0;128,-1],2,[0;NaN;NaN;NaN;0;0;NaN;NaN;0]},{'M',[256,0;256,0;2,0;0,512;256,0;0,1;2,0;256,0;0,4],1,[1,0;1,0;1,0;1,0;1,0;1,0;1,0;1,0;1,0],0,[8;8;1;NaN;8;NaN;1;8;NaN],[0,1;0,1;0,1;0,1;0,1;0,1;0,1;0,1;0,1],0,[NaN;NaN;NaN;9;NaN;0;NaN;NaN;2]},{'A',[-228,0;260,0;2,0;4,512;256,-4;512,-5;6,0;-256,4;512,-8],4,[7,0;1,0;1,0;1,0;128,-1;128,-1;1,0;0,1;128,-1],3,2,[-256,0;256,0;-2,0;0,512;-256,0;0,-1;2,0;-256,0;0,-4],1,0},{'M',[56,0;512,0;512,-4;0,1;1024,-8;4,0;512,-4;0,1;1024,-8],3,[1,0;1,0;1,0;1,0;1,0;1,0;1,0;1,0;1,0],0,[NaN;9;NaN;NaN;NaN;2;NaN;NaN;NaN],[0,1;0,1;0,1;0,1;0,1;0,1;0,1;0,1;0,1],0,[NaN;NaN;NaN;0;NaN;NaN;NaN;0;NaN],[7,0;127,0;128,-1;128,-1;128,-1;128,-1;128,-1;7,0;128,-1],2,[3;NaN;2;NaN;3;NaN;2;NaN;3]},{'M',[-456,0;0,1;0,2;512,-4;512,-4;1,0;0,2;-512,8;0,2],5,[1,0;1,0;1,0;1,0;1,0;1,0;1,0;1,0;1,0],0,[NaN;NaN;NaN;NaN;NaN;0;NaN;NaN;NaN],[0,1;0,1;0,1;0,1;0,1;0,1;0,1;0,1;0,1],0,[NaN;0;1;NaN;NaN;NaN;1;NaN;1],[7,0;127,0;128,-1;128,-1;128,-1;128,-1;128,-1;7,0;128,-1],2,[NaN;NaN;NaN;2;2;NaN;NaN;NaN;NaN],[-228,0;260,0;2,0;4,512;256,-4;512,-5;6,0;-256,4;512,-8],4,[1;NaN;NaN;NaN;NaN;NaN;NaN;1;NaN]},{'A',[512,0;512,-1;512,-2;512,-3;512,-4;5,0;512,-6;512,-7;1024,-6],6,[56,0;512,0;512,-4;0,1;1024,-8;4,0;512,-4;0,1;1024,-8],3,0,[456,0;0,-1;0,2;512,-4;-512,4;1,0;0,-2;512,-8;0,2],5,0},{'M',[0,512;0,512;2,0;4,512;0,512;0,512;6,0;7,0;8,0],5,[1,0;1,0;1,0;1,0;1,0;1,0;1,0;1,0;1,0],0,[NaN;NaN;NaN;NaN;NaN;NaN;NaN;NaN;3],[0,1;0,1;0,1;0,1;0,1;0,1;0,1;0,1;0,1],0,[9;9;NaN;NaN;9;9;NaN;NaN;NaN],[7,0;127,0;128,-1;128,-1;128,-1;128,-1;128,-1;7,0;128,-1],2,[NaN;NaN;NaN;NaN;NaN;NaN;NaN;0;NaN],[-228,0;260,0;2,0;4,512;256,-4;512,-5;6,0;-256,4;512,-8],4,[NaN;NaN;0;0;NaN;NaN;0;NaN;NaN]},{'M',[1,0;1,0;0,512;1,0;4,0;5,0;0,512;0,512;0,512],7,[1,0;1,0;1,0;1,0;1,0;1,0;1,0;1,0;1,0],0,[0;0;NaN;0;2;NaN;NaN;NaN;NaN],[0,1;0,1;0,1;0,1;0,1;0,1;0,1;0,1;0,1],0,[NaN;NaN;9;NaN;NaN;NaN;9;9;9],[512,0;512,-1;512,-2;512,-3;512,-4;5,0;512,-6;512,-7;1024,-6],6,[NaN;NaN;NaN;NaN;NaN;0;NaN;NaN;NaN]},{'A',[1,512;1,512;2,512;3,512;4,512;5,512;6,512;7,512;8,512],8,[0,512;0,512;2,0;4,512;0,512;0,512;6,0;7,0;8,0],5,0,[1,0;1,0;0,512;-1,0;4,0;5,0;0,512;0,512;0,512],7,0},{'M',[512,0;512,-1;512,-2;512,-3;512,-4;512,-5;512,-6;512,-7;512,-8],7,[-228,0;260,0;2,0;4,512;256,-4;512,-5;6,0;-256,4;512,-8],4,[NaN;NaN;NaN;NaN;NaN;0;NaN;NaN;0],[512,0;512,-1;512,-2;512,-3;512,-4;5,0;512,-6;512,-7;1024,-6],6,[0;0;0;0;0;NaN;0;0;NaN]},{'O',[512,0;512,-1;512,-2;512,-3;512,-4;512,-5;512,-6;512,-7;512,-8],7,[512,0;512,-1;512,-2;512,-3;512,-4;512,-5;512,-6;512,-7;512,-8],7,0},{'M',[0,512;1,512;2,512;3,512;4,512;5,512;6,512;7,512;8,512],9,[0,1;0,1;0,1;0,1;0,1;0,1;0,1;0,1;0,1],0,[9;NaN;NaN;NaN;NaN;NaN;NaN;NaN;NaN],[1,512;1,512;2,512;3,512;4,512;5,512;6,512;7,512;8,512],8,[NaN;0;0;0;0;0;0;0;0]},{'O',[0,512;1,512;2,512;3,512;4,512;5,512;6,512;7,512;8,512],9,[0,512;1,512;2,512;3,512;4,512;5,512;6,512;7,512;8,512],9,0}}
Adder graph: {{'M',[0,32;0,32;1,0;1,0;2,0;2,0;0,32;2,0;0,32],1,[1,0;1,0;1,0;1,0;1,0;1,0;1,0;1,0;1,0],0,[NaN;NaN;0;0;1;1;NaN;1;NaN],[0,1;0,1;0,1;0,1;0,1;0,1;0,1;0,1;0,1],0,[5;5;NaN;NaN;NaN;NaN;5;NaN;5]},{'M',[0,512;0,512;0,512;0,512;0,512;0,512;1,0;0,256;0,512],1,[1,0;1,0;1,0;1,0;1,0;1,0;1,0;1,0;1,0],0,[NaN;NaN;NaN;NaN;NaN;NaN;0;NaN;NaN],[0,1;0,1;0,1;0,1;0,1;0,1;0,1;0,1;0,1],0,[9;9;9;9;9;9;NaN;8;9]},{'A',[0,-448;0,576;2,512;2,512;4,512;4,512;1,64;4,256;0,576],2,[0,32;0,32;1,0;1,0;2,0;2,0;0,32;2,0;0,32],1,1,[0,-512;0,512;0,512;0,512;0,512;0,512;1,0;0,256;0,512],1,0},{'M',[0,64;1,0;1,0;1,0;1,0;1,0;8,512;8,512;0,64],3,[1,0;1,0;1,0;1,0;1,0;1,0;1,0;1,0;1,0],0,[NaN;0;0;0;0;0;NaN;NaN;NaN],[0,1;0,1;0,1;0,1;0,1;0,1;0,1;0,1;0,1],0,[6;NaN;NaN;NaN;NaN;NaN;NaN;NaN;6],[0,-448;0,576;2,512;2,512;4,512;4,512;1,64;4,256;0,576],2,[NaN;NaN;NaN;NaN;NaN;NaN;3;1;NaN]},{'M',[0,-448;0,512;1,0;2,512;0,512;4,512;2,0;1,0;1,0],3,[1,0;1,0;1,0;1,0;1,0;1,0;1,0;1,0;1,0],0,[NaN;NaN;0;NaN;NaN;NaN;1;0;0],[0,1;0,1;0,1;0,1;0,1;0,1;0,1;0,1;0,1],0,[NaN;9;NaN;NaN;9;NaN;NaN;NaN;NaN],[0,-448;0,576;2,512;2,512;4,512;4,512;1,64;4,256;0,576],2,[0;NaN;NaN;0;NaN;0;NaN;NaN;NaN]},{'A',[0,512;1,512;0,0;3,512;1,-512;5,512;6,512;7,512;1,64],4,[0,64;1,0;1,0;1,0;1,0;1,0;8,512;8,512;0,64],3,0,[0,448;0,512;-1,0;2,512;0,-512;4,512;-2,0;-1,0;1,0],3,0},{'M',[0,1;0,1;0,1;0,1;512,0;512,0;0,1;0,1;512,0],1,[1,0;1,0;1,0;1,0;1,0;1,0;1,0;1,0;1,0],0,[NaN;NaN;NaN;NaN;9;9;NaN;NaN;9],[0,1;0,1;0,1;0,1;0,1;0,1;0,1;0,1;0,1],0,[0;0;0;0;NaN;NaN;0;0;NaN]},{'M',[128,0;128,0;128,0;128,0;128,0;0,1;32,0;128,0;0,1],1,[1,0;1,0;1,0;1,0;1,0;1,0;1,0;1,0;1,0],0,[7;7;7;7;7;NaN;5;7;NaN],[0,1;0,1;0,1;0,1;0,1;0,1;0,1;0,1;0,1],0,[NaN;NaN;NaN;NaN;NaN;0;NaN;NaN;0]},{'A',[512,1;-512,1;-512,1;512,1;1024,0;512,-4;-128,1;512,1;512,4],2,[0,1;0,1;0,1;0,1;512,0;512,0;0,1;0,1;512,0],1,0,[128,0;-128,0;-128,0;128,0;128,0;0,-1;-32,0;128,0;0,1],1,2},{'M',[0,1;0,1;0,1;0,4;0,4;0,1;-512,4;0,8;0,8],3,[0,1;0,1;0,1;0,1;0,1;0,1;0,1;0,1;0,1],0,[0;0;0;2;2;0;NaN;3;3],[512,1;-512,1;-512,1;512,1;1024,0;512,-4;-128,1;512,1;512,4],2,[NaN;NaN;NaN;NaN;NaN;NaN;2;NaN;NaN]},{'M',[512,1;-512,1;-512,1;512,1;512,0;512,-4;0,2;512,1;512,0],3,[1,0;1,0;1,0;1,0;1,0;1,0;1,0;1,0;1,0],0,[NaN;NaN;NaN;NaN;9;NaN;NaN;NaN;9],[0,1;0,1;0,1;0,1;0,1;0,1;0,1;0,1;0,1],0,[NaN;NaN;NaN;NaN;NaN;NaN;1;NaN;NaN],[512,1;-512,1;-512,1;512,1;1024,0;512,-4;-128,1;512,1;512,4],2,[0;0;0;0;NaN;0;NaN;0;NaN]},{'A',[-512,0;512,0;-512,2;-512,3;-512,4;-512,5;-512,6;-512,7;-512,8],4,[0,1;0,1;0,1;0,4;0,4;0,1;-512,4;0,8;0,8],3,0,[-512,-1;512,-1;-512,1;-512,-1;-512,0;-512,4;0,2;-512,-1;-512,0],3,0},{'M',[-512,0;-512,1;-512,2;-512,3;-512,4;-512,5;-512,6;-512,7;-512,8],5,[512,1;-512,1;-512,1;512,1;1024,0;512,-4;-128,1;512,1;512,4],2,[NaN;0;NaN;NaN;NaN;NaN;NaN;NaN;NaN],[-512,0;512,0;-512,2;-512,3;-512,4;-512,5;-512,6;-512,7;-512,8],4,[0;NaN;0;0;0;0;0;0;0]},{'O',[512,0;512,-1;512,-2;512,-3;512,-4;512,-5;512,-6;512,-7;512,-8],5,[512,0;512,-1;512,-2;512,-3;512,-4;512,-5;512,-6;512,-7;512,-8],5,0},{'M',[0,512;1,512;2,512;3,512;4,512;5,512;6,512;7,512;8,512],5,[0,-448;0,576;2,512;2,512;4,512;4,512;1,64;4,256;0,576],2,[NaN;NaN;0;NaN;0;NaN;NaN;NaN;NaN],[0,512;1,512;0,0;3,512;1,-512;5,512;6,512;7,512;1,64],4,[0;0;NaN;0;NaN;0;0;0;3]},{'O',[0,512;1,512;2,512;3,512;4,512;5,512;6,512;7,512;8,512],5,[0,512;1,512;2,512;3,512;4,512;5,512;6,512;7,512;8,512],5,0}}
Adder graph: {{'M',[1,0;0,1024;1,0;4,0;1,0;4,0;8,0;8,0;2,0],1,[1,0;1,0;1,0;1,0;1,0;1,0;1,0;1,0;1,0],0,[0;NaN;0;2;0;2;3;3;1],[0,1;0,1;0,1;0,1;0,1;0,1;0,1;0,1;0,1],0,[NaN;10;NaN;NaN;NaN;NaN;NaN;NaN;NaN]},{'M',[0,4;0,4;0,4;0,4;0,1;0,4;0,4;0,4;0,1],1,[0,1;0,1;0,1;0,1;0,1;0,1;0,1;0,1;0,1],0,[2;2;2;2;0;2;2;2;0]},{'A',[1,512;0,512;1,512;4,512;1,128;4,512;8,512;8,512;2,128],2,[1,0;0,1024;1,0;4,0;1,0;4,0;8,0;8,0;2,0],1,0,[0,4;0,-4;0,4;0,4;0,1;0,4;0,4;0,4;0,1],1,7},{'M',[1,512;0,512;1,512;4,512;0,2;4,512;8,512;8,512;0,2],3,[0,1;0,1;0,1;0,1;0,1;0,1;0,1;0,1;0,1],0,[NaN;NaN;NaN;NaN;1;NaN;NaN;NaN;1],[1,512;0,512;1,512;4,512;1,128;4,512;8,512;8,512;2,128],2,[0;0;0;0;NaN;0;0;0;NaN]},{'M',[1,0;1,0;1,0;1,0;0,8;1,0;2,0;1,0;0,8],1,[1,0;1,0;1,0;1,0;1,0;1,0;1,0;1,0;1,0],0,[0;0;0;0;NaN;0;1;0;NaN],[0,1;0,1;0,1;0,1;0,1;0,1;0,1;0,1;0,1],0,[NaN;NaN;NaN;NaN;3;NaN;NaN;NaN;3]},{'A',[0,512;1,512;2,512;3,512;0,-6;5,512;6,512;7,512;0,10],4,[1,512;0,512;1,512;4,512;0,2;4,512;8,512;8,512;0,2],3,0,[-1,0;1,0;1,0;-1,0;0,-8;1,0;-2,0;-1,0;0,8],1,0},{'M',[0,1;256,0;0,1;256,0;256,0;256,0;0,1;256,0;0,1],1,[1,0;1,0;1,0;1,0;1,0;1,0;1,0;1,0;1,0],0,[NaN;8;NaN;8;8;8;NaN;8;NaN],[0,1;0,1;0,1;0,1;0,1;0,1;0,1;0,1;0,1],0,[0;NaN;0;NaN;NaN;NaN;0;NaN;0]},{'M',[512,0;0,1;512,0;0,1;0,-6;0,1;512,0;0,1;0,10],5,[1,0;1,0;1,0;1,0;1,0;1,0;1,0;1,0;1,0],0,[9;NaN;9;NaN;NaN;NaN;9;NaN;NaN],[0,1;0,1;0,1;0,1;0,1;0,1;0,1;0,1;0,1],0,[NaN;0;NaN;0;NaN;0;NaN;0;NaN],[0,512;1,512;2,512;3,512;0,-6;5,512;6,512;7,512;0,10],4,[NaN;NaN;NaN;NaN;0;NaN;NaN;NaN;0]},{'A',[512,2;512,1;512,2;512,1;512,-6;512,-1;512,2;512,1;0,-8],6,[0,1;256,0;0,1;256,0;256,0;256,0;0,1;256,0;0,1],1,1,[512,0;0,1;512,0;0,1;0,-6;0,-1;512,0;0,1;0,-10],5,0},{'M',[0,1;0,1;0,2;0,2;0,1;0,2;0,4;0,4;256,0],1,[1,0;1,0;1,0;1,0;1,0;1,0;1,0;1,0;1,0],0,[NaN;NaN;NaN;NaN;NaN;NaN;NaN;NaN;8],[0,1;0,1;0,1;0,1;0,1;0,1;0,1;0,1;0,1],0,[0;0;1;1;0;1;2;2;NaN]},{'A',[512,0;512,-1;512,-2;512,-3;512,-4;512,-5;512,-6;512,-7;512,-8],7,[512,2;512,1;512,2;512,1;512,-6;512,-1;512,2;512,1;0,-8],6,0,[0,-1;0,-1;0,-2;0,-2;0,1;0,-2;0,-4;0,-4;256,0],1,1},{'O',[512,0;512,-1;512,-2;512,-3;512,-4;512,-5;512,-6;512,-7;512,-8],7,[512,0;512,-1;512,-2;512,-3;512,-4;512,-5;512,-6;512,-7;512,-8],7,0},{'M',[0,512;1,512;2,512;3,512;4,512;5,512;6,512;7,512;8,512],5,[1,512;0,512;1,512;4,512;1,128;4,512;8,512;8,512;2,128],2,[NaN;NaN;NaN;NaN;2;NaN;NaN;NaN;2],[0,512;1,512;2,512;3,512;0,-6;5,512;6,512;7,512;0,10],4,[0;0;0;0;NaN;0;0;0;NaN]},{'O',[0,512;1,512;2,512;3,512;4,512;5,512;6,512;7,512;8,512],5,[0,512;1,512;2,512;3,512;4,512;5,512;6,512;7,512;8,512],5,0}}
Adder graph: {{'M',[512,0;0,2;0,2;512,0;0,2;0,1;0,1;256,0;0,2],1,[1,0;1,0;1,0;1,0;1,0;1,0;1,0;1,0;1,0],0,[9;NaN;NaN;9;NaN;NaN;NaN;8;NaN],[0,1;0,1;0,1;0,1;0,1;0,1;0,1;0,1;0,1],0,[NaN;1;1;NaN;1;0;0;NaN;1]},{'M',[0,1;512,0;0,4;0,4;0,4;0,4;0,4;0,4;0,4],1,[1,0;1,0;1,0;1,0;1,0;1,0;1,0;1,0;1,0],0,[NaN;9;NaN;NaN;NaN;NaN;NaN;NaN;NaN],[0,1;0,1;0,1;0,1;0,1;0,1;0,1;0,1;0,1],0,[0;NaN;2;2;2;2;2;2;2]},{'A',[512,-1;-512,2;0,-2;512,-4;0,-2;0,5;0,-3;256,-4;0,-2],2,[512,0;0,2;0,2;512,0;0,2;0,1;0,1;256,0;0,2],1,0,[0,-1;-512,0;0,-4;0,-4;0,-4;0,4;0,-4;0,-4;0,-4],1,0},{'M',[0,1;0,1;512,0;0,1;512,0;512,0;512,0;0,1;512,0],1,[1,0;1,0;1,0;1,0;1,0;1,0;1,0;1,0;1,0],0,[NaN;NaN;9;NaN;9;9;9;NaN;9],[0,1;0,1;0,1;0,1;0,1;0,1;0,1;0,1;0,1],0,[0;0;NaN;0;NaN;NaN;NaN;0;NaN]},{'M',[512,-1;-512,2;0,-2;512,-4;0,-4;0,5;0,-6;512,-8;0,-8],3,[512,-1;-512,2;0,-2;512,-4;0,-2;0,5;0,-3;256,-4;0,-2],2,[0;0;0;0;1;0;1;1;2]},{'A',[512,0;512,-1;512,-2;512,-3;512,-4;512,-5;512,-6;512,-7;512,-8],4,[0,1;0,1;512,0;0,1;512,0;512,0;512,0;0,1;512,0],1,0,[512,-1;512,-2;0,-2;512,-4;0,-4;0,-5;0,-6;512,-8;0,-8],3,0},{'M',[1,0;0,1024;1,0;2,0;4,0;4,0;2,0;1,0;0,1024],1,[1,0;1,0;1,0;1,0;1,0;1,0;1,0;1,0;1,0],0,[0;NaN;0;1;2;2;1;0;NaN],[0,1;0,1;0,1;0,1;0,1;0,1;0,1;0,1;0,1],0,[NaN;10;NaN;NaN;NaN;NaN;NaN;NaN;10]},{'M',[0,64;0,64;0,64;0,64;1,0;0,64;0,64;0,64;0,64],1,[1,0;1,0;1,0;1,0;1,0;1,0;1,0;1,0;1,0],0,[NaN;NaN;NaN;NaN;0;NaN;NaN;NaN;NaN],[0,1;0,1;0,1;0,1;0,1;0,1;0,1;0,1;0,1],0,[6;6;6;6;NaN;6;6;6;6]},{'A',[1,-512;0,512;1,512;2,512;-4,0;4,512;2,-512;1,-512;0,512],2,[1,0;0,1024;1,0;2,0;4,0;4,0;2,0;1,0;0,1024],1,0,[0,-64;0,-64;0,64;0,64;-1,0;0,64;0,-64;0,-64;0,-64],1,3},{'M',[1,0;1,0;1,0;1,0;0,512;1,0;8,0;8,0;8,0],1,[1,0;1,0;1,0;1,0;1,0;1,0;1,0;1,0;1,0],0,[0;0;0;0;NaN;0;3;3;3],[0,1;0,1;0,1;0,1;0,1;0,1;0,1;0,1;0,1],0,[NaN;NaN;NaN;NaN;9;NaN;NaN;NaN;NaN]},{'A',[0,512;1,512;2,512;3,512;4,512;5,512;6,512;7,512;8,512],3,[1,0;1,0;1,0;1,0;0,512;1,0;8,0;8,0;8,0],1,0,[-1,512;0,512;1,512;2,512;4,0;4,512;-2,512;-1,512;0,512],2,0},{'O',[512,0;512,-1;512,-2;512,-3;512,-4;512,-5;512,-6;512,-7;512,-8],4,[512,0;512,-1;512,-2;512,-3;512,-4;512,-5;512,-6;512,-7;512,-8],4,0},{'O',[0,512;1,512;2,512;3,512;4,512;5,512;6,512;7,512;8,512],3,[0,512;1,512;2,512;3,512;4,512;5,512;6,512;7,512;8,512],3,0}}
Adder graph: {{'M',[2,0;1,0;2,0;1,0;2,0;1,0;2,0;0,8;0,8],1,[1,0;1,0;1,0;1,0;1,0;1,0;1,0;1,0;1,0],0,[1;0;1;0;1;0;1;NaN;NaN],[0,1;0,1;0,1;0,1;0,1;0,1;0,1;0,1;0,1],0,[NaN;NaN;NaN;NaN;NaN;NaN;NaN;3;3]},{'M',[2,0;2,0;4,0;4,0;2,0;4,0;4,0;0,1;0,16],1,[1,0;1,0;1,0;1,0;1,0;1,0;1,0;1,0;1,0],0,[1;1;2;2;1;2;2;NaN;NaN],[0,1;0,1;0,1;0,1;0,1;0,1;0,1;0,1;0,1],0,[NaN;NaN;NaN;NaN;NaN;NaN;NaN;0;4]},{'A',[0,0;-1,0;-2,0;-3,0;4,0;5,0;6,0;0,7;0,-8],2,[2,0;1,0;2,0;1,0;2,0;1,0;2,0;0,8;0,8],1,0,[-2,0;-2,0;-4,0;-4,0;2,0;4,0;4,0;0,-1;0,-16],1,0},{'M',[0,0;-1,0;-2,0;-3,0;4,0;5,0;6,0;8,0;8,0],3,[1,0;1,0;1,0;1,0;1,0;1,0;1,0;1,0;1,0],0,[NaN;NaN;NaN;NaN;NaN;NaN;NaN;3;3],[0,0;-1,0;-2,0;-3,0;4,0;5,0;6,0;0,7;0,-8],2,[0;0;0;0;0;0;0;NaN;NaN]},{'A',[0,512;1,512;2,512;3,512;4,512;5,512;6,512;8,512;8,512],4,[0,1;0,1;0,1;0,1;0,1;0,1;0,1;0,1;0,1],0,9,[0,0;1,0;2,0;3,0;4,0;5,0;6,0;8,0;8,0],3,0},{'M',[0,512;0,2;0,4;0,4;0,2;0,4;0,4;8,512;0,4],5,[0,1;0,1;0,1;0,1;0,1;0,1;0,1;0,1;0,1],0,[NaN;1;2;2;1;2;2;NaN;2],[0,512;1,512;2,512;3,512;4,512;5,512;6,512;8,512;8,512],4,[0;NaN;NaN;NaN;NaN;NaN;NaN;0;NaN]},{'M',[0,1;0,1;0,2;0,1;0,2;0,1;0,2;1,0;1,0],1,[1,0;1,0;1,0;1,0;1,0;1,0;1,0;1,0;1,0],0,[NaN;NaN;NaN;NaN;NaN;NaN;NaN;0;0],[0,1;0,1;0,1;0,1;0,1;0,1;0,1;0,1;0,1],0,[0;0;1;0;1;0;1;NaN;NaN]},{'A',[0,513;0,1;0,2;0,3;0,4;0,5;0,6;7,512;1,4],6,[0,512;0,2;0,4;0,4;0,2;0,4;0,4;8,512;0,4],5,0,[0,1;0,-1;0,-2;0,-1;0,2;0,1;0,2;-1,0;1,0],1,0},{'M',[0,0;0,1;0,2;0,3;0,4;0,5;0,6;0,7;0,-8],7,[0,0;-1,0;-2,0;-3,0;4,0;5,0;6,0;0,7;0,-8],2,[0;NaN;NaN;NaN;NaN;NaN;NaN;0;0],[0,513;0,1;0,2;0,3;0,4;0,5;0,6;7,512;1,4],6,[NaN;0;0;0;0;0;0;NaN;NaN]},{'A',[512,0;512,-1;512,-2;512,-3;512,-4;512,-5;512,-6;512,-7;512,-8],8,[1,0;1,0;1,0;1,0;1,0;1,0;1,0;1,0;1,0],0,9,[0,0;0,-1;0,-2;0,-3;0,-4;0,-5;0,-6;0,-7;0,-8],7,0},{'O',[512,0;512,-1;512,-2;512,-3;512,-4;512,-5;512,-6;512,-7;512,-8],8,[512,0;512,-1;512,-2;512,-3;512,-4;512,-5;512,-6;512,-7;512,-8],8,0},{'M',[0,512;1,512;2,512;3,512;4,512;5,512;6,512;7,512;8,512],7,[0,512;1,512;2,512;3,512;4,512;5,512;6,512;8,512;8,512],4,[0;0;0;0;0;0;0;NaN;0],[0,513;0,1;0,2;0,3;0,4;0,5;0,6;7,512;1,4],6,[NaN;NaN;NaN;NaN;NaN;NaN;NaN;0;NaN]},{'O',[0,512;1,512;2,512;3,512;4,512;5,512;6,512;7,512;8,512],7,[0,512;1,512;2,512;3,512;4,512;5,512;6,512;7,512;8,512],7,0}}
Adder graph: {{'M',[0,4;0,4;0,1;256,0;0,4;256,0;0,1;256,0;0,4],1,[1,0;1,0;1,0;1,0;1,0;1,0;1,0;1,0;1,0],0,[NaN;NaN;NaN;8;NaN;8;NaN;8;NaN],[0,1;0,1;0,1;0,1;0,1;0,1;0,1;0,1;0,1],0,[2;2;0;NaN;2;NaN;0;NaN;2]},{'M',[0,2;0,2;0,1;0,1;0,1;0,1;0,1;0,2;0,4],1,[0,1;0,1;0,1;0,1;0,1;0,1;0,1;0,1;0,1],0,[1;1;0;0;0;0;0;1;2]},{'A',[0,0;0,0;0,-1;256,-2;0,2;256,-2;0,3;256,-4;0,-4],2,[0,4;0,4;0,1;256,0;0,4;256,0;0,1;256,0;0,4],1,0,[0,-2;0,-2;0,-1;0,-1;0,-1;0,-1;0,1;0,-2;0,-4],1,1},{'M',[0,0;1,0;2,0;1,0;0,512;1,0;2,0;1,0;0,-1024],3,[1,0;1,0;1,0;1,0;1,0;1,0;1,0;1,0;1,0],0,[NaN;0;1;0;NaN;0;1;0;NaN],[0,0;0,0;0,-1;256,-2;0,2;256,-2;0,3;256,-4;0,-4],2,[8;NaN;NaN;NaN;8;NaN;NaN;NaN;8]},{'M',[0,0;0,0;1,0;1,0;1,0;1,0;1,0;2,0;0,-128],3,[1,0;1,0;1,0;1,0;1,0;1,0;1,0;1,0;1,0],0,[NaN;NaN;0;0;0;0;0;1;NaN],[0,0;0,0;0,-1;256,-2;0,2;256,-2;0,3;256,-4;0,-4],2,[5;5;NaN;NaN;NaN;NaN;NaN;NaN;5]},{'A',[0,0;1,0;-2,0;-3,0;-4,512;5,0;6,0;-7,0;0,-512],4,[0,0;1,0;2,0;1,0;0,512;1,0;2,0;1,0;0,-1024],3,0,[0,0;0,0;-1,0;-1,0;-1,0;1,0;1,0;-2,0;0,128],3,2},{'M',[0,64;0,64;0,64;0,64;1,0;0,64;0,64;0,64;1,0],1,[1,0;1,0;1,0;1,0;1,0;1,0;1,0;1,0;1,0],0,[NaN;NaN;NaN;NaN;0;NaN;NaN;NaN;0],[0,1;0,1;0,1;0,1;0,1;0,1;0,1;0,1;0,1],0,[6;6;6;6;NaN;6;6;6;NaN]},{'A',[0,512;1,512;2,512;3,512;4,512;5,512;6,512;7,512;8,512],5,[0,64;0,64;0,64;0,64;1,0;0,64;0,64;0,64;1,0],1,3,[0,0;1,0;2,0;3,0;-4,512;5,0;6,0;7,0;0,512],4,0},{'M',[256,0;256,0;256,0;256,-2;256,0;256,-2;256,0;256,-4;256,0],3,[1,0;1,0;1,0;1,0;1,0;1,0;1,0;1,0;1,0],0,[8;8;8;NaN;8;NaN;8;NaN;8],[0,0;0,0;0,-1;256,-2;0,2;256,-2;0,3;256,-4;0,-4],2,[NaN;NaN;NaN;0;NaN;0;NaN;0;NaN]},{'M',[0,0;0,1;0,-2;0,1;0,4;0,1;0,6;0,1;0,-8],3,[0,1;0,1;0,1;0,1;0,1;0,1;0,1;0,1;0,1],0,[NaN;0;NaN;0;NaN;0;NaN;0;NaN],[0,0;0,0;0,-1;256,-2;0,2;256,-2;0,3;256,-4;0,-4],2,[1;NaN;1;NaN;1;NaN;1;NaN;1]},{'A',[512,0;512,-1;512,-2;512,-3;512,-4;512,-5;512,-6;512,-7;512,-8],4,[256,0;256,0;256,0;256,-2;256,0;256,-2;256,0;256,-4;256,0],3,1,[0,0;0,-1;0,-2;0,1;0,-4;0,-1;0,-6;0,1;0,-8],3,0},{'O',[512,0;512,-1;512,-2;512,-3;512,-4;512,-5;512,-6;512,-7;512,-8],4,[512,0;512,-1;512,-2;512,-3;512,-4;512,-5;512,-6;512,-7;512,-8],4,0},{'O',[0,512;1,512;2,512;3,512;4,512;5,512;6,512;7,512;8,512],5,[0,512;1,512;2,512;3,512;4,512;5,512;6,512;7,512;8,512],5,0}}
Adder graph: {{'M',[2,0;1,0;1,0;2,0;4,0;2,0;1,0;4,0;2,0],1,[1,0;1,0;1,0;1,0;1,0;1,0;1,0;1,0;1,0],0,[1;0;0;1;2;1;0;2;1]},{'M',[4,0;1,0;4,0;1,0;4,0;1,0;4,0;1,0;4,0],1,[1,0;1,0;1,0;1,0;1,0;1,0;1,0;1,0;1,0],0,[2;0;2;0;2;0;2;0;2]},{'A',[0,0;1,0;-2,0;3,0;4,0;5,0;6,0;7,0;8,0],2,[2,0;1,0;1,0;2,0;4,0;2,0;1,0;4,0;2,0],1,1,[-4,0;-1,0;-4,0;-1,0;-4,0;1,0;4,0;-1,0;4,0],1,0},{'M',[0,1;0,1;0,4;0,4;0,4;0,4;0,8;0,8;0,4],1,[0,1;0,1;0,1;0,1;0,1;0,1;0,1;0,1;0,1],0,[0;0;2;2;2;2;3;3;2]},{'M',[0,1;1024,0;0,2;0,1;1024,0;0,1;0,2;0,1;0,2],1,[1,0;1,0;1,0;1,0;1,0;1,0;1,0;1,0;1,0],0,[NaN;10;NaN;NaN;10;NaN;NaN;NaN;NaN],[0,1;0,1;0,1;0,1;0,1;0,1;0,1;0,1;0,1],0,[0;NaN;1;0;NaN;0;1;0;1]},{'A',[0,0;-1024,1;0,2;0,3;-1024,4;0,5;0,6;0,7;0,2],2,[0,1;0,1;0,4;0,4;0,4;0,4;0,8;0,8;0,4],1,0,[0,-1;-1024,0;0,-2;0,-1;-1024,0;0,1;0,-2;0,-1;0,-2],1,0},{'M',[0,0;-1024,1;0,2;0,3;-1024,4;0,5;0,6;0,7;0,8],3,[0,1;0,1;0,1;0,1;0,1;0,1;0,1;0,1;0,1],0,[NaN;NaN;NaN;NaN;NaN;NaN;NaN;NaN;3],[0,0;-1024,1;0,2;0,3;-1024,4;0,5;0,6;0,7;0,2],2,[0;0;0;0;0;0;0;0;NaN]},{'A',[-512,0;-512,1;-512,2;-512,3;-512,4;-512,5;-512,6;-512,7;-512,8],4,[0,0;-1024,1;0,2;0,3;-1024,4;0,5;0,6;0,7;0,8],3,0,[-1,0;1,0;-1,0;-1,0;1,0;-1,0;-1,0;-1,0;-1,0],0,9},{'A',[0,512;1,512;2,512;3,512;4,512;5,512;6,512;7,512;8,512],3,[0,1;0,1;0,1;0,1;0,1;0,1;0,1;0,1;0,1],0,9,[0,0;1,0;2,0;3,0;4,0;5,0;6,0;7,0;8,0],2,0},{'O',[512,0;512,-1;512,-2;512,-3;512,-4;512,-5;512,-6;512,-7;512,-8],4,[512,0;512,-1;512,-2;512,-3;512,-4;512,-5;512,-6;512,-7;512,-8],4,0},{'O',[0,512;1,512;2,512;3,512;4,512;5,512;6,512;7,512;8,512],3,[0,512;1,512;2,512;3,512;4,512;5,512;6,512;7,512;8,512],3,0}}
Adder graph: {{'M',[0,2;0,1;0,1;0,2;0,4;0,2;0,1;0,4;0,2],1,[0,1;0,1;0,1;0,1;0,1;0,1;0,1;0,1;0,1],0,[1;0;0;1;2;1;0;2;1]},{'M',[0,4;0,1;0,4;0,1;0,4;0,1;0,4;0,1;0,4],1,[0,1;0,1;0,1;0,1;0,1;0,1;0,1;0,1;0,1],0,[2;0;2;0;2;0;2;0;2]},{'A',[0,0;0,1;0,-2;0,3;0,4;0,5;0,6;0,7;0,8],2,[0,2;0,1;0,1;0,2;0,4;0,2;0,1;0,4;0,2],1,1,[0,-4;0,-1;0,-4;0,-1;0,-4;0,1;0,4;0,-1;0,4],1,0},{'M',[4,0;1,0;2,0;1,0;2,0;1,0;4,0;1,0;4,0],1,[1,0;1,0;1,0;1,0;1,0;1,0;1,0;1,0;1,0],0,[2;0;1;0;1;0;2;0;2]},{'A',[4,-512;1,-512;2,-512;1,-512;2,512;1,512;4,512;1,-512;4,512],2,[4,0;1,0;2,0;1,0;2,0;1,0;4,0;1,0;4,0],1,0,[0,-1;0,-1;0,-1;0,-1;0,1;0,1;0,1;0,-1;0,1],0,9},{'A',[512,0;512,-1;512,-2;512,-3;512,-4;512,-5;512,-6;512,-7;512,-8],3,[1,0;1,0;1,0;1,0;1,0;1,0;1,0;1,0;1,0],0,9,[0,0;0,-1;0,-2;0,-3;0,-4;0,-5;0,-6;0,-7;0,-8],2,0},{'M',[2,0;1,0;2,0;2,0;1,0;2,0;1,0;4,0;2,0],1,[1,0;1,0;1,0;1,0;1,0;1,0;1,0;1,0;1,0],0,[1;0;1;1;0;1;0;2;1]},{'A',[0,512;1,512;2,512;3,512;4,512;5,512;6,512;7,512;8,512],3,[2,0;1,0;2,0;2,0;1,0;2,0;1,0;4,0;2,0],1,1,[-4,512;-1,512;-2,512;-1,512;2,512;1,512;4,512;-1,512;4,512],2,0},{'O',[512,0;512,-1;512,-2;512,-3;512,-4;512,-5;512,-6;512,-7;512,-8],3,[512,0;512,-1;512,-2;512,-3;512,-4;512,-5;512,-6;512,-7;512,-8],3,0},{'O',[0,512;1,512;2,512;3,512;4,512;5,512;6,512;7,512;8,512],3,[0,512;1,512;2,512;3,512;4,512;5,512;6,512;7,512;8,512],3,0}}
Adder graph: {{'M',[0,2;0,1;0,1;0,1;0,4;0,2;0,1;0,4;0,2],1,[0,1;0,1;0,1;0,1;0,1;0,1;0,1;0,1;0,1],0,[1;0;0;0;2;1;0;2;1]},{'A',[512,-4;512,-2;512,2;512,-2;512,-8;512,-4;512,-2;512,-8;512,-4],2,[1,0;1,0;1,0;1,0;1,0;1,0;1,0;1,0;1,0],0,9,[0,-2;0,-1;0,1;0,-1;0,-4;0,-2;0,-1;0,-4;0,-2],1,1},{'M',[0,4;0,1;0,4;0,1;0,4;0,1;0,4;0,1;0,4],1,[0,1;0,1;0,1;0,1;0,1;0,1;0,1;0,1;0,1],0,[2;0;2;0;2;0;2;0;2]},{'A',[512,0;512,-1;512,-2;512,-3;512,-4;512,-5;512,-6;512,-7;512,-8],3,[512,-4;512,-2;512,2;512,-2;512,-8;512,-4;512,-2;512,-8;512,-4],2,0,[0,4;0,1;0,-4;0,-1;0,4;0,-1;0,-4;0,1;0,-4],1,0},{'M',[2,0;1,0;1,0;2,0;4,0;2,0;1,0;4,0;2,0],1,[1,0;1,0;1,0;1,0;1,0;1,0;1,0;1,0;1,0],0,[1;0;0;1;2;1;0;2;1]},{'A',[-4,512;2,512;-2,512;4,512;8,512;4,512;2,512;8,512;4,512],2,[0,1;0,1;0,1;0,1;0,1;0,1;0,1;0,1;0,1],0,9,[-2,0;1,0;-1,0;2,0;4,0;2,0;1,0;4,0;2,0],1,1},{'M',[4,0;1,0;4,0;1,0;4,0;1,0;4,0;1,0;4,0],1,[1,0;1,0;1,0;1,0;1,0;1,0;1,0;1,0;1,0],0,[2;0;2;0;2;0;2;0;2]},{'A',[0,512;1,512;2,512;3,512;4,512;5,512;6,512;7,512;8,512],3,[-4,512;2,512;-2,512;4,512;8,512;4,512;2,512;8,512;4,512],2,0,[4,0;-1,0;4,0;-1,0;-4,0;1,0;4,0;-1,0;4,0],1,0},{'O',[512,0;512,-1;512,-2;512,-3;512,-4;512,-5;512,-6;512,-7;512,-8],3,[512,0;512,-1;512,-2;512,-3;512,-4;512,-5;512,-6;512,-7;512,-8],3,0},{'O',[0,512;1,512;2,512;3,512;4,512;5,512;6,512;7,512;8,512],3,[0,512;1,512;2,512;3,512;4,512;5,512;6,512;7,512;8,512],3,0}}
Finished solving after 469.369 seconds
Adder graph: {{'M',[0,2;0,1;0,1;0,1;0,4;0,2;0,1;0,4;0,2],1,[0,1;0,1;0,1;0,1;0,1;0,1;0,1;0,1;0,1],0,[1;0;0;0;2;1;0;2;1]},{'A',[512,-4;512,-2;512,2;512,-2;512,-8;512,-4;512,-2;512,-8;512,-4],2,[1,0;1,0;1,0;1,0;1,0;1,0;1,0;1,0;1,0],0,9,[0,-2;0,-1;0,1;0,-1;0,-4;0,-2;0,-1;0,-4;0,-2],1,1},{'M',[0,4;0,1;0,4;0,1;0,4;0,1;0,4;0,1;0,4],1,[0,1;0,1;0,1;0,1;0,1;0,1;0,1;0,1;0,1],0,[2;0;2;0;2;0;2;0;2]},{'A',[512,0;512,-1;512,-2;512,-3;512,-4;512,-5;512,-6;512,-7;512,-8],3,[512,-4;512,-2;512,2;512,-2;512,-8;512,-4;512,-2;512,-8;512,-4],2,0,[0,4;0,1;0,-4;0,-1;0,4;0,-1;0,-4;0,1;0,-4],1,0},{'M',[2,0;1,0;1,0;2,0;4,0;2,0;1,0;4,0;2,0],1,[1,0;1,0;1,0;1,0;1,0;1,0;1,0;1,0;1,0],0,[1;0;0;1;2;1;0;2;1]},{'A',[-4,512;2,512;-2,512;4,512;8,512;4,512;2,512;8,512;4,512],2,[0,1;0,1;0,1;0,1;0,1;0,1;0,1;0,1;0,1],0,9,[-2,0;1,0;-1,0;2,0;4,0;2,0;1,0;4,0;2,0],1,1},{'M',[4,0;1,0;4,0;1,0;4,0;1,0;4,0;1,0;4,0],1,[1,0;1,0;1,0;1,0;1,0;1,0;1,0;1,0;1,0],0,[2;0;2;0;2;0;2;0;2]},{'A',[0,512;1,512;2,512;3,512;4,512;5,512;6,512;7,512;8,512],3,[-4,512;2,512;-2,512;4,512;8,512;4,512;2,512;8,512;4,512],2,0,[4,0;-1,0;4,0;-1,0;-4,0;1,0;4,0;-1,0;4,0],1,0},{'O',[512,0;512,-1;512,-2;512,-3;512,-4;512,-5;512,-6;512,-7;512,-8],3,[512,0;512,-1;512,-2;512,-3;512,-4;512,-5;512,-6;512,-7;512,-8],3,0},{'O',[0,512;1,512;2,512;3,512;4,512;5,512;6,512;7,512;8,512],3,[0,512;1,512;2,512;3,512;4,512;5,512;6,512;7,512;8,512],3,0}}
# Add optimal = 1
# Mux optimal = 1
# FAs optimal = 0
