Adder graph: {{'A',[5;3;5],1,[1;1;1],0,2,[1;-1;1],0,0},{'A',[9;7;7],1,[1;1;1],0,3,[1;-1;-1],0,0},{'M',[1;2;64],1,[1;1;1],0,[0;1;6]},{'A',[145;114;48],2,[9;7;7],1,4,[1;2;-64],1,0},{'A',[15;15;15],1,[1;1;1],0,4,[-1;-1;-1],0,0},{'M',[5;56;15],2,[5;3;5],1,[0;NaN;NaN],[9;7;7],1,[NaN;3;NaN],[15;15;15],1,[NaN;NaN;0]},{'A',[300;340;126],3,[5;56;15],2,1,[145;114;48],2,1},{'M',[145;114;96],3,[145;114;48],2,[0;0;1]},{'A',[-455;-566;-156],4,[145;114;96],3,0,[-300;-340;-126],3,1},{'M',[1;4;2],1,[1;1;1],0,[0;2;1]},{'A',[3;29;21],2,[1;4;2],1,3,[-5;-3;5],1,0},{'M',[120;3;28],2,[5;3;5],1,[NaN;0;NaN],[9;7;7],1,[NaN;NaN;2],[15;15;15],1,[3;NaN;NaN]},{'M',[5;14;15],2,[5;3;5],1,[0;NaN;NaN],[9;7;7],1,[NaN;1;NaN],[15;15;15],1,[NaN;NaN;0]},{'A',[955;10;209],3,[120;3;28],2,3,[-5;-14;-15],2,0},{'A',[-3;5;5],1,[1;1;1],0,0,[-1;1;1],0,2},{'M',[15;3;5],2,[5;3;5],1,[NaN;0;0],[15;15;15],1,[0;NaN;NaN]},{'M',[-3;10;15],2,[15;15;15],1,[NaN;NaN;0],[-3;5;5],1,[0;1;NaN]},{'A',[963;202;305],3,[15;3;5],2,6,[3;10;-15],2,0},{'M',[9;15;15],2,[9;7;7],1,[0;NaN;NaN],[15;15;15],1,[NaN;0;0]},{'A',[141;211;261],3,[9;15;15],2,4,[-3;-29;21],2,0},{'M',[5;6;14],2,[5;3;5],1,[0;1;NaN],[9;7;7],1,[NaN;NaN;1]},{'A',[-91;-922;-658],3,[5;6;14],2,0,[-3;-29;-21],2,5},{'M',[963;20;252],4,[300;340;126],3,[NaN;NaN;1],[955;10;209],3,[NaN;1;NaN],[963;202;305],3,[0;NaN;NaN]},{'O',[963;20;252],4,[963;20;252],4,0},{'M',[955;808;209],4,[955;10;209],3,[0;NaN;0],[963;202;305],3,[NaN;2;NaN]},{'O',[955;808;209],4,[955;808;209],4,0},{'M',[564;211;610],4,[963;202;305],3,[NaN;NaN;1],[141;211;261],3,[2;0;NaN]},{'O',[564;211;610],4,[564;211;610],4,0},{'R',[-91;-922;-658],4,[-91;-922;-658],3},{'O',[91;922;658],4,[91;922;658],4,0},{'O',[455;566;156],4,[455;566;156],4,0}}
Adder graph: {{'A',[257;257;257],1,[1;1;1],0,8,[1;1;1],0,0},{'A',[3;3;-1],1,[1;1;1],0,0,[1;1;-1],0,1},{'M',[1;2;8],1,[1;1;1],0,[0;1;3]},{'A',[450;642;2],2,[257;257;257],1,1,[-1;2;-8],1,6},{'A',[-3;5;5],1,[1;1;1],0,0,[-1;1;1],0,2},{'M',[2;1;2],1,[1;1;1],0,[1;0;1]},{'A',[29;19;31],2,[2;1;2],1,4,[-3;3;-1],1,0},{'M',[1;128;4],1,[1;1;1],0,[0;7;2]},{'A',[5;259;-9],2,[3;3;-1],1,0,[1;128;-4],1,1},{'A',[-30;-30;-30],1,[1;1;1],0,1,[-1;-1;-1],0,5},{'M',[-960;5;640],2,[-3;5;5],1,[NaN;0;7],[-30;-30;-30],1,[5;NaN;NaN]},{'M',[-3;10;-30],2,[-3;5;5],1,[0;1;NaN],[-30;-30;-30],1,[NaN;NaN;0]},{'A',[-963;-5;610],3,[-960;5;640],2,0,[-3;-10;-30],2,0},{'M',[450;642;124],3,[450;642;2],2,[0;0;NaN],[29;19;31],2,[NaN;NaN;2]},{'M',[5;76;32],3,[450;642;2],2,[NaN;NaN;4],[29;19;31],2,[NaN;2;NaN],[5;259;-9],2,[0;NaN;NaN]},{'A',[455;566;156],4,[450;642;124],3,0,[5;-76;32],3,0},{'M',[-60;3;20],2,[3;3;-1],1,[NaN;0;NaN],[-3;5;5],1,[NaN;NaN;2],[-30;-30;-30],1,[1;NaN;NaN]},{'A',[-955;211;-329],3,[5;259;-9],2,0,[-60;-3;-20],2,4},{'M',[257;-480;-2],2,[257;257;257],1,[0;NaN;NaN],[3;3;-1],1,[NaN;NaN;1],[-30;-30;-30],1,[NaN;4;NaN]},{'A',[141;-404;-126],3,[257;-480;-2],2,0,[-29;19;-31],2,2},{'M',[-30;-120;-60],2,[-30;-30;-30],1,[0;2;1]},{'A',[-91;-461;-209],3,[29;19;31],2,0,[-30;-120;-60],2,2},{'M',[-963;-20;-252],4,[-963;-5;610],3,[0;2;NaN],[141;-404;-126],3,[NaN;NaN;1]},{'O',[963;20;252],4,[963;20;252],4,0},{'M',[-955;-808;-209],4,[-955;211;-329],3,[0;NaN;NaN],[141;-404;-126],3,[NaN;1;NaN],[-91;-461;-209],3,[NaN;NaN;0]},{'O',[955;808;209],4,[955;808;209],4,0},{'M',[564;211;610],4,[-963;-5;610],3,[NaN;NaN;0],[-955;211;-329],3,[NaN;0;NaN],[141;-404;-126],3,[2;NaN;NaN]},{'O',[564;211;610],4,[564;211;610],4,0},{'M',[-91;-922;-658],4,[-955;211;-329],3,[NaN;NaN;1],[-91;-461;-209],3,[0;1;NaN]},{'O',[91;922;658],4,[91;922;658],4,0},{'O',[455;566;156],4,[455;566;156],4,0}}
Adder graph: {{'A',[7;9;9],1,[1;1;1],0,3,[-1;1;1],0,0},{'M',[256;128;1],1,[1;1;1],0,[8;7;0]},{'A',[-968;584;68],2,[7;9;9],1,3,[-256;128;-1],1,2},{'A',[-2;6;-2],1,[1;1;1],0,1,[-1;1;-1],0,2},{'A',[5;5;5],1,[1;1;1],0,2,[1;1;1],0,0},{'M',[5;18;320],2,[7;9;9],1,[NaN;1;NaN],[5;5;5],1,[0;NaN;6]},{'A',[-963;566;-252],3,[-968;584;68],2,0,[5;-18;-320],2,0},{'M',[7;2560;144],2,[7;9;9],1,[0;NaN;4],[5;5;5],1,[NaN;9;NaN]},{'A',[-961;3144;212],3,[7;2560;144],2,0,[-968;584;68],2,0},{'M',[4;64;1],1,[1;1;1],0,[2;6;0]},{'A',[6;58;3],2,[4;64;1],1,0,[2;-6;2],1,0},{'M',[5;6;9],2,[7;9;9],1,[NaN;NaN;0],[-2;6;-2],1,[NaN;0;NaN],[5;5;5],1,[0;NaN;NaN]},{'A',[91;922;39],3,[6;58;3],2,4,[-5;-6;-9],2,0},{'R',[1;1;1],1,[1;1;1],0},{'A',[74;54;74],2,[1;1;1],1,6,[5;-5;5],1,1},{'M',[14;5;9],2,[7;9;9],1,[1;NaN;0],[5;5;5],1,[NaN;0;NaN]},{'A',[282;211;305],3,[74;54;74],2,2,[-14;-5;9],2,0},{'M',[7;10;640],2,[7;9;9],1,[0;NaN;NaN],[5;5;5],1,[NaN;1;7]},{'M',[224;10;9],2,[7;9;9],1,[5;NaN;0],[5;5;5],1,[NaN;1;NaN]},{'A',[455;-10;658],3,[7;10;640],2,0,[224;-10;9],2,1},{'M',[6;2336;3],3,[-968;584;68],2,[NaN;2;NaN],[6;58;3],2,[0;NaN;0]},{'A',[-955;-808;-209],4,[6;2336;3],3,0,[-961;-3144;-212],3,0},{'M',[-963;-20;-252],4,[-963;566;-252],3,[0;NaN;0],[455;-10;658],3,[NaN;1;NaN]},{'O',[963;20;252],4,[963;20;252],4,0},{'O',[955;808;209],4,[955;808;209],4,0},{'M',[564;211;610],4,[282;211;305],3,[1;0;1]},{'O',[564;211;610],4,[564;211;610],4,0},{'M',[91;922;658],4,[91;922;39],3,[0;0;NaN],[455;-10;658],3,[NaN;NaN;0]},{'O',[91;922;658],4,[91;922;658],4,0},{'M',[455;566;156],4,[-963;566;-252],3,[NaN;0;NaN],[91;922;39],3,[NaN;NaN;2],[455;-10;658],3,[0;NaN;NaN]},{'O',[455;566;156],4,[455;566;156],4,0}}
Adder graph: {{'A',[3;3;-1],1,[1;1;1],0,0,[1;1;-1],0,1},{'M',[1;128;128],1,[1;1;1],0,[0;7;7]},{'M',[128;4;1],1,[1;1;1],0,[7;2;0]},{'A',[-1022;224;264],2,[1;128;128],1,1,[-128;-4;1],1,3},{'M',[1;2;4],1,[1;1;1],0,[0;1;2]},{'A',[97;94;-36],2,[3;3;-1],1,5,[1;-2;-4],1,0},{'M',[1;2;8],1,[1;1;1],0,[0;1;3]},{'M',[16;32;1],1,[1;1;1],0,[4;5;0]},{'A',[-14;-28;15],2,[1;2;8],1,1,[-16;-32;-1],1,0},{'M',[4;1;4],1,[1;1;1],0,[2;0;2]},{'A',[67;-13;-65],2,[3;3;-1],1,0,[4;-1;-4],1,4},{'A',[455;363;-209],3,[97;94;-36],2,2,[67;-13;-65],2,0},{'M',[8;1;8],1,[1;1;1],0,[3;0;3]},{'A',[-88;-95;40],2,[8;1;8],1,0,[-3;-3;1],1,5},{'M',[-448;94;-144],3,[97;94;-36],2,[NaN;0;2],[-14;-28;15],2,[5;NaN;NaN]},{'M',[67;-208;-36],3,[97;94;-36],2,[NaN;NaN;0],[67;-13;-65],2,[0;4;NaN]},{'A',[-963;-20;-252],4,[-448;94;-144],3,1,[-67;-208;36],3,0},{'A',[564;566;-224],3,[97;94;-36],2,2,[88;95;-40],2,1},{'A',[-955;211;-329],3,[67;-13;-65],2,0,[-1022;224;-264],2,0},{'M',[3;6;-1],2,[3;3;-1],1,[0;1;0]},{'A',[-91;-101;39],3,[-88;-95;40],2,0,[-3;-6;-1],2,0},{'A',[-291;-461;305],3,[-14;-28;15],2,4,[-67;-13;65],2,0},{'O',[963;20;252],4,[963;20;252],4,0},{'M',[-955;-808;-209],4,[455;363;-209],3,[NaN;NaN;0],[-955;211;-329],3,[0;NaN;NaN],[-91;-101;39],3,[NaN;3;NaN]},{'O',[955;808;209],4,[955;808;209],4,0},{'M',[564;211;610],4,[564;566;-224],3,[0;NaN;NaN],[-955;211;-329],3,[NaN;0;NaN],[-291;-461;305],3,[NaN;NaN;1]},{'O',[564;211;610],4,[564;211;610],4,0},{'M',[-91;-922;-658],4,[-955;211;-329],3,[NaN;NaN;1],[-91;-101;39],3,[0;NaN;NaN],[-291;-461;305],3,[NaN;1;NaN]},{'O',[91;922;658],4,[91;922;658],4,0},{'M',[455;566;156],4,[455;363;-209],3,[0;NaN;NaN],[564;566;-224],3,[NaN;0;NaN],[-91;-101;39],3,[NaN;NaN;2]},{'O',[455;566;156],4,[455;566;156],4,0}}
Adder graph: {{'A',[1;3;1],1,[1;1;1],0,1,[-1;1;-1],0,0},{'M',[1;4;16],1,[1;1;1],0,[0;2;4]},{'A',[5;19;63],2,[1;4;16],1,2,[1;3;-1],1,0},{'A',[30;34;34],1,[1;1;1],0,5,[-1;1;1],0,1},{'M',[1;1;32],1,[1;1;1],0,[0;0;5]},{'A',[241;273;304],2,[30;34;34],1,3,[1;1;32],1,0},{'M',[1;16;16],1,[1;1;1],0,[0;4;4]},{'A',[3;35;33],2,[1;16;16],1,1,[1;3;1],1,0},{'M',[30;6;32],2,[1;3;1],1,[NaN;1;5],[30;34;34],1,[0;NaN;NaN]},{'A',[115;5;191],3,[30;6;32],2,2,[-5;-19;63],2,0},{'M',[1;16;1],1,[1;1;1],0,[0;4;0]},{'A',[63;1021;65],2,[1;16;1],1,6,[-1;-3;1],1,0},{'M',[30;96;512],2,[1;3;1],1,[NaN;5;9],[30;34;34],1,[0;NaN;NaN]},{'A',[282;-3988;252],3,[30;96;512],2,0,[63;-1021;-65],2,2},{'M',[240;34;68],2,[30;34;34],1,[3;0;1]},{'A',[963;-101;305],3,[3;35;33],2,0,[240;-34;68],2,2},{'M',[120;24;34],2,[1;3;1],1,[NaN;3;NaN],[30;34;34],1,[2;NaN;0]},{'A',[-955;211;-209],3,[5;19;63],2,0,[-120;24;-34],2,3},{'M',[5;546;608],3,[5;19;63],2,[0;NaN;NaN],[241;273;304],2,[NaN;1;1]},{'A',[455;566;156],4,[115;5;191],3,2,[-5;546;-608],3,0},{'M',[48;1021;264],3,[3;35;33],2,[4;NaN;3],[63;1021;65],2,[NaN;0;NaN]},{'M',[5;1120;130],3,[5;19;63],2,[0;NaN;NaN],[3;35;33],2,[NaN;5;NaN],[63;1021;65],2,[NaN;NaN;1]},{'A',[91;922;658],4,[48;1021;264],3,1,[-5;-1120;130],3,0},{'M',[963;20;252],4,[115;5;191],3,[NaN;2;NaN],[282;-3988;252],3,[NaN;NaN;0],[963;-101;305],3,[0;NaN;NaN]},{'O',[963;20;252],4,[963;20;252],4,0},{'M',[-955;-808;-209],4,[963;-101;305],3,[NaN;3;NaN],[-955;211;-209],3,[0;NaN;0]},{'O',[955;808;209],4,[955;808;209],4,0},{'M',[564;211;610],4,[282;-3988;252],3,[1;NaN;NaN],[963;-101;305],3,[NaN;NaN;1],[-955;211;-209],3,[NaN;0;NaN]},{'O',[564;211;610],4,[564;211;610],4,0},{'O',[91;922;658],4,[91;922;658],4,0},{'O',[455;566;156],4,[455;566;156],4,0}}
Adder graph: {{'M',[4;1;1],1,[1;1;1],0,[2;0;0]},{'M',[1;4;32],1,[1;1;1],0,[0;2;5]},{'A',[511;124;160],2,[4;1;1],1,7,[-1;-4;32],1,0},{'A',[3;3;-1],1,[1;1;1],0,0,[1;1;-1],0,1},{'M',[16;4;1],1,[1;1;1],0,[4;2;0]},{'M',[1;64;1],1,[1;1;1],0,[0;6;0]},{'A',[56;528;-4],2,[16;4;1],1,2,[-1;64;-1],1,3},{'M',[2;1;8],1,[1;1;1],0,[1;0;3]},{'A',[67;35;-257],2,[3;3;-1],1,0,[2;1;-8],1,5},{'M',[4;4;1],1,[1;1;1],0,[2;2;0]},{'M',[1;1;8],1,[1;1;1],0,[0;0;3]},{'A',[3;5;9],2,[4;4;1],1,0,[-1;1;8],1,0},{'A',[91;5;329],3,[3;5;9],2,3,[67;-35;257],2,0},{'M',[32;16;1],1,[1;1;1],0,[5;4;0]},{'M',[8;1;1],1,[1;1;1],0,[3;0;0]},{'A',[896;496;48],2,[32;16;1],1,5,[-8;-1;1],1,4},{'A',[963;461;-209],3,[896;496;48],2,0,[67;-35;-257],2,0},{'A',[-45;51;-17],2,[3;3;-1],1,0,[-3;3;-1],1,4},{'A',[141;211;305],3,[3;5;9],2,5,[45;51;17],2,0},{'A',[-955;283;63],3,[67;35;-257],2,0,[-511;124;160],2,1},{'A',[455;-404;156],3,[511;124;160],2,0,[-56;-528;-4],2,0},{'M',[963;20;252],4,[91;5;329],3,[NaN;2;NaN],[963;461;-209],3,[0;NaN;NaN],[-955;283;63],3,[NaN;NaN;2]},{'O',[963;20;252],4,[963;20;252],4,0},{'M',[-955;-808;-209],4,[963;461;-209],3,[NaN;NaN;0],[-955;283;63],3,[0;NaN;NaN],[455;-404;156],3,[NaN;1;NaN]},{'O',[955;808;209],4,[955;808;209],4,0},{'M',[564;211;610],4,[141;211;305],3,[2;0;1]},{'O',[564;211;610],4,[564;211;610],4,0},{'M',[91;922;658],4,[91;5;329],3,[0;NaN;1],[963;461;-209],3,[NaN;1;NaN]},{'O',[91;922;658],4,[91;922;658],4,0},{'M',[455;566;156],4,[-955;283;63],3,[NaN;1;NaN],[455;-404;156],3,[0;NaN;0]},{'O',[455;566;156],4,[455;566;156],4,0}}
Adder graph: {{'A',[15;17;17],1,[1;1;1],0,4,[-1;1;1],0,0},{'M',[1;1;16],1,[1;1;1],0,[0;0;4]},{'A',[22;26;162],2,[15;17;17],1,1,[-1;-1;16],1,3},{'A',[14;18;14],1,[1;1;1],0,4,[-1;1;-1],0,1},{'M',[1;64;32],1,[1;1;1],0,[0;6;5]},{'A',[7;529;-239],2,[15;17;17],1,0,[-1;64;-32],1,3},{'M',[1;1;8],1,[1;1;1],0,[0;0;3]},{'M',[1;2;1],1,[1;1;1],0,[0;1;0]},{'A',[3;-3;10],2,[1;1;8],1,0,[1;-2;1],1,1},{'M',[960;17;68],2,[15;17;17],1,[6;0;2]},{'A',[963;20;78],3,[960;17;68],2,0,[3;3;10],2,0},{'A',[5;5;5],1,[1;1;1],0,2,[1;1;1],0,0},{'A',[91;101;658],3,[22;26;162],2,2,[3;-3;10],2,0},{'M',[60;18;5],2,[15;17;17],1,[2;NaN;NaN],[14;18;14],1,[NaN;0;NaN],[5;5;5],1,[NaN;NaN;0]},{'M',[5;5;17],2,[15;17;17],1,[NaN;NaN;0],[5;5;5],1,[0;0;NaN]},{'A',[955;283;63],3,[60;18;5],2,4,[-5;-5;-17],2,0},{'M',[112;17;112],2,[15;17;17],1,[NaN;0;NaN],[14;18;14],1,[3;NaN;3]},{'A',[455;461;209],3,[7;529;-239],2,0,[112;-17;112],2,2},{'A',[19;-13;19],2,[5;5;5],1,0,[14;-18;14],1,0},{'M',[152;52;162],3,[22;26;162],2,[NaN;1;0],[19;-13;19],2,[3;NaN;NaN]},{'M',[44;-3;38],3,[22;26;162],2,[1;NaN;NaN],[3;-3;10],2,[NaN;0;NaN],[19;-13;19],2,[NaN;NaN;1]},{'A',[564;211;610],4,[152;52;162],3,2,[-44;3;-38],3,0},{'M',[963;20;252],4,[963;20;78],3,[0;0;NaN],[955;283;63],3,[NaN;NaN;2]},{'O',[963;20;252],4,[963;20;252],4,0},{'M',[955;808;209],4,[91;101;658],3,[NaN;3;NaN],[955;283;63],3,[0;NaN;NaN],[455;461;209],3,[NaN;NaN;0]},{'O',[955;808;209],4,[955;808;209],4,0},{'O',[564;211;610],4,[564;211;610],4,0},{'M',[91;922;658],4,[91;101;658],3,[0;NaN;0],[455;461;209],3,[NaN;1;NaN]},{'O',[91;922;658],4,[91;922;658],4,0},{'M',[455;566;156],4,[963;20;78],3,[NaN;NaN;1],[955;283;63],3,[NaN;1;NaN],[455;461;209],3,[0;NaN;NaN]},{'O',[455;566;156],4,[455;566;156],4,0}}
Adder graph: {{'A',[-15;17;-15],1,[1;1;1],0,0,[-1;1;-1],0,4},{'M',[64;16;1],1,[1;1;1],0,[6;4;0]},{'A',[4;84;-61],2,[-15;17;-15],1,2,[64;16;-1],1,0},{'M',[1;4;1],1,[1;1;1],0,[0;2;0]},{'M',[1;1;8],1,[1;1;1],0,[0;0;3]},{'A',[33;127;24],2,[1;4;1],1,5,[1;-1;-8],1,0},{'M',[256;1;1],1,[1;1;1],0,[8;0;0]},{'M',[1;16;16],1,[1;1;1],0,[0;4;4]},{'A',[513;18;-14],2,[256;1;1],1,1,[1;16;-16],1,0},{'A',[-29;211;-85],3,[4;84;-61],2,0,[-33;127;-24],2,0},{'M',[8;4;1],1,[1;1;1],0,[3;2;0]},{'A',[572;188;4],2,[8;4;1],1,6,[15;-17;-15],1,2},{'M',[513;144;-14],3,[513;18;-14],2,[0;3;0]},{'A',[455;566;156],4,[513;144;-14],3,0,[-29;211;85],3,1},{'M',[33;1344;-488],3,[4;84;-61],2,[NaN;4;3],[33;127;24],2,[0;NaN;NaN]},{'A',[-91;-922;-658],4,[-29;211;-85],3,1,[-33;-1344;-488],3,0},{'M',[16;1;1],1,[1;1;1],0,[4;0;0]},{'M',[1;32;1],1,[1;1;1],0,[0;5;0]},{'A',[1023;96;65],2,[16;1;1],1,6,[-1;32;1],1,0},{'M',[-15;136;-60],2,[-15;17;-15],1,[0;3;2]},{'A',[963;640;305],3,[1023;96;65],2,0,[-15;136;60],2,2},{'M',[4;84;48],3,[4;84;-61],2,[0;0;NaN],[33;127;24],2,[NaN;NaN;1]},{'A',[955;808;209],4,[963;640;305],3,0,[-4;84;-48],3,1},{'A',[564;20;126],3,[572;188;4],2,0,[-4;-84;61],2,1},{'M',[963;20;252],4,[963;640;305],3,[0;NaN;NaN],[564;20;126],3,[NaN;0;1]},{'O',[963;20;252],4,[963;20;252],4,0},{'O',[955;808;209],4,[955;808;209],4,0},{'M',[564;211;610],4,[-29;211;-85],3,[NaN;0;NaN],[963;640;305],3,[NaN;NaN;1],[564;20;126],3,[0;NaN;NaN]},{'O',[564;211;610],4,[564;211;610],4,0},{'O',[91;922;658],4,[91;922;658],4,0},{'O',[455;566;156],4,[455;566;156],4,0}}
Adder graph: {{'A',[80;-48;80],1,[1;1;1],0,4,[1;-1;1],0,6},{'A',[-15;17;-15],1,[1;1;1],0,0,[-1;1;-1],0,4},{'M',[2;1;1],1,[1;1;1],0,[1;0;0]},{'A',[-11;19;17],2,[2;1;1],1,1,[-15;17;15],1,0},{'M',[2;2;1],1,[1;1;1],0,[1;1;0]},{'M',[1;32;32],1,[1;1;1],0,[0;5;5]},{'A',[3;-28;-30],2,[2;2;1],1,1,[-1;-32;-32],1,0},{'M',[1;2;1],1,[1;1;1],0,[0;1;0]},{'A',[152;-72;152],2,[1;2;1],1,5,[15;-17;15],1,3},{'M',[-240;-192;80],2,[80;-48;80],1,[NaN;2;0],[-15;17;-15],1,[4;NaN;NaN]},{'A',[229;211;-63],3,[-11;19;17],2,0,[240;192;-80],2,0},{'M',[1;1024;1],1,[1;1;1],0,[0;10;0]},{'A',[-479;480;481],2,[1;1024;1],1,0,[-15;-17;15],1,5},{'M',[-960;-48;640],2,[80;-48;80],1,[NaN;0;3],[-15;17;-15],1,[6;NaN;NaN]},{'A',[-963;-20;610],3,[-960;-48;640],2,0,[-3;28;-30],2,0},{'A',[282;-182;270],3,[152;-72;152],2,1,[-11;-19;-17],2,1},{'M',[3;-144;-30],3,[3;-28;-30],2,[0;NaN;0],[152;-72;152],2,[NaN;1;NaN]},{'A',[-455;-566;-156],4,[3;-144;-30],3,0,[-229;-211;-63],3,1},{'M',[3;152;272],3,[-11;19;17],2,[NaN;3;4],[3;-28;-30],2,[0;NaN;NaN]},{'M',[-958;960;481],3,[-479;480;481],2,[1;1;0]},{'A',[-955;-808;-209],4,[3;152;272],3,0,[-958;-960;-481],3,0},{'M',[3;960;962],3,[3;-28;-30],2,[0;NaN;NaN],[-479;480;481],2,[NaN;1;1]},{'M',[-44;19;152],3,[-11;19;17],2,[2;0;NaN],[152;-72;152],2,[NaN;NaN;0]},{'A',[91;922;658],4,[3;960;962],3,0,[44;-19;-152],3,1},{'M',[-963;-20;-252],4,[229;211;-63],3,[NaN;NaN;2],[-963;-20;610],3,[0;0;NaN]},{'O',[963;20;252],4,[963;20;252],4,0},{'O',[955;808;209],4,[955;808;209],4,0},{'M',[564;211;610],4,[229;211;-63],3,[NaN;0;NaN],[-963;-20;610],3,[NaN;NaN;0],[282;-182;270],3,[1;NaN;NaN]},{'O',[564;211;610],4,[564;211;610],4,0},{'O',[91;922;658],4,[91;922;658],4,0},{'O',[455;566;156],4,[455;566;156],4,0}}
Adder graph: {{'A',[7;9;9],1,[1;1;1],0,3,[-1;1;1],0,0},{'M',[1;4;1],1,[1;1;1],0,[0;2;0]},{'M',[32;1;8],1,[1;1;1],0,[5;0;3]},{'A',[-240;56;-48],2,[1;4;1],1,4,[-32;-1;-8],1,3},{'A',[5;5;3],1,[1;1;1],0,2,[1;1;-1],0,0},{'M',[1;2;4],1,[1;1;1],0,[0;1;2]},{'A',[5;13;17],2,[7;9;9],1,0,[-1;2;4],1,1},{'A',[-955;211;-209],3,[-240;56;-48],2,2,[5;-13;-17],2,0},{'M',[4;1;1],1,[1;1;1],0,[2;0;0]},{'A',[11;9;1],2,[4;1;1],1,2,[-5;5;-3],1,0},{'M',[5;5;9],2,[7;9;9],1,[NaN;NaN;0],[5;5;3],1,[0;0;NaN]},{'A',[91;89;145],3,[5;5;9],2,4,[11;9;1],2,0},{'M',[256;256;1],1,[1;1;1],0,[8;8;0]},{'A',[242;274;-17],2,[256;256;1],1,0,[-7;9;-9],1,1},{'M',[56;72;9],2,[7;9;9],1,[3;3;0]},{'M',[7;10;6],2,[7;9;9],1,[0;NaN;NaN],[5;5;3],1,[NaN;1;1]},{'A',[455;566;78],3,[56;72;9],2,3,[7;-10;6],2,0},{'M',[5;9;36],2,[7;9;9],1,[NaN;0;2],[5;5;3],1,[0;NaN;NaN]},{'A',[282;-202;305],3,[5;9;36],2,3,[242;-274;17],2,0},{'M',[968;56;256],3,[-240;56;-48],2,[NaN;0;NaN],[11;9;1],2,[NaN;NaN;8],[242;274;-17],2,[2;NaN;NaN]},{'M',[5;36;4],3,[5;13;17],2,[0;NaN;NaN],[11;9;1],2,[NaN;2;2]},{'A',[963;20;252],4,[968;56;256],3,0,[-5;-36;-4],3,0},{'A',[91;922;658],4,[455;566;78],3,0,[-91;89;145],3,2},{'O',[963;20;252],4,[963;20;252],4,0},{'M',[-955;-808;-209],4,[-955;211;-209],3,[0;NaN;0],[282;-202;305],3,[NaN;2;NaN]},{'O',[955;808;209],4,[955;808;209],4,0},{'M',[564;211;610],4,[-955;211;-209],3,[NaN;0;NaN],[282;-202;305],3,[1;NaN;1]},{'O',[564;211;610],4,[564;211;610],4,0},{'O',[91;922;658],4,[91;922;658],4,0},{'M',[455;566;156],4,[455;566;78],3,[0;0;1]},{'O',[455;566;156],4,[455;566;156],4,0}}
Adder graph: {{'A',[33;33;33],1,[1;1;1],0,0,[1;1;1],0,5},{'A',[7;7;7],1,[1;1;1],0,3,[-1;-1;-1],0,0},{'A',[34;34;34],1,[1;1;1],0,1,[1;1;1],0,5},{'M',[8;1;64],1,[1;1;1],0,[3;0;6]},{'A',[58;67;130],2,[33;33;33],1,1,[-8;1;64],1,0},{'M',[7;33;224],2,[33;33;33],1,[NaN;0;NaN],[7;7;7],1,[0;NaN;5]},{'A',[109;101;484],3,[58;67;130],2,1,[-7;-33;224],2,0},{'M',[33;528;528],2,[33;33;33],1,[0;4;4]},{'A',[91;461;658],3,[33;528;528],2,0,[58;-67;130],2,0},{'M',[28;28;7],2,[7;7;7],1,[2;2;0]},{'M',[7;136;14],2,[7;7;7],1,[0;NaN;1],[34;34;34],1,[NaN;2;NaN]},{'A',[455;312;126],3,[28;28;7],2,4,[7;-136;14],2,0},{'A',[59;59;73],2,[33;33;33],1,1,[-7;-7;7],1,0},{'M',[224;56;34],2,[7;7;7],1,[5;3;NaN],[34;34;34],1,[NaN;NaN;0]},{'A',[955;283;209],3,[224;56;34],2,2,[59;59;73],2,0},{'M',[32;1;1],1,[1;1;1],0,[5;0;0]},{'A',[956;-36;100],2,[32;1;1],1,5,[-34;-34;34],1,1},{'A',[564;211;610],4,[455;312;126],3,0,[109;-101;484],3,0},{'M',[7;56;56],2,[7;7;7],1,[0;3;3]},{'A',[963;20;156],3,[956;-36;100],2,0,[7;56;56],2,0},{'M',[963;20;252],4,[455;312;126],3,[NaN;NaN;1],[963;20;156],3,[0;0;NaN]},{'O',[963;20;252],4,[963;20;252],4,0},{'M',[955;808;209],4,[109;101;484],3,[NaN;3;NaN],[955;283;209],3,[0;NaN;0]},{'O',[955;808;209],4,[955;808;209],4,0},{'O',[564;211;610],4,[564;211;610],4,0},{'M',[91;922;658],4,[91;461;658],3,[0;1;0]},{'O',[91;922;658],4,[91;922;658],4,0},{'M',[455;566;156],4,[455;312;126],3,[0;NaN;NaN],[955;283;209],3,[NaN;1;NaN],[963;20;156],3,[NaN;NaN;0]},{'O',[455;566;156],4,[455;566;156],4,0}}
Adder graph: {{'A',[7;7;9],1,[1;1;1],0,3,[-1;-1;1],0,0},{'A',[3;5;5],1,[1;1;1],0,2,[-1;1;1],0,0},{'M',[8;4;1],1,[1;1;1],0,[3;2;0]},{'A',[-58;-22;18],2,[3;5;5],1,1,[-8;-4;1],1,3},{'M',[1;4;512],1,[1;1;1],0,[0;2;9]},{'A',[897;900;640],2,[7;7;9],1,7,[1;4;-512],1,0},{'A',[15;15;17],1,[1;1;1],0,4,[-1;-1;1],0,0},{'M',[3;320;320],2,[3;5;5],1,[0;6;6]},{'M',[3;56;5],2,[7;7;9],1,[NaN;3;NaN],[3;5;5],1,[0;NaN;0]},{'A',[-9;544;300],3,[3;320;320],2,0,[-3;56;-5],2,2},{'A',[240;400;400],2,[3;5;5],1,4,[3;5;5],1,6},{'M',[14;14;9],2,[7;7;9],1,[1;1;0]},{'A',[564;404;252],3,[14;14;9],2,5,[58;-22;-18],2,1},{'M',[-464;-22;144],3,[-58;-22;18],2,[3;0;3]},{'A',[455;566;156],4,[-9;544;300],3,0,[464;22;-144],3,0},{'A',[91;211;209],3,[240;400;400],2,-1,[-58;22;18],2,-1},{'M',[3;5;288],2,[7;7;9],1,[NaN;NaN;5],[3;5;5],1,[0;0;NaN]},{'M',[960;15;17],2,[15;15;17],1,[6;0;0]},{'A',[963;20;305],3,[3;5;288],2,0,[960;15;17],2,0},{'A',[955;922;658],3,[897;900;640],2,0,[58;22;18],2,0},{'M',[963;20;252],4,[564;404;252],3,[NaN;NaN;0],[963;20;305],3,[0;0;NaN]},{'O',[963;20;252],4,[963;20;252],4,0},{'M',[955;808;209],4,[564;404;252],3,[NaN;1;NaN],[91;211;209],3,[NaN;NaN;0],[955;922;658],3,[0;NaN;NaN]},{'O',[955;808;209],4,[955;808;209],4,0},{'M',[564;211;610],4,[564;404;252],3,[0;NaN;NaN],[91;211;209],3,[NaN;0;NaN],[963;20;305],3,[NaN;NaN;1]},{'O',[564;211;610],4,[564;211;610],4,0},{'M',[91;922;658],4,[91;211;209],3,[0;NaN;NaN],[955;922;658],3,[NaN;0;0]},{'O',[91;922;658],4,[91;922;658],4,0},{'O',[455;566;156],4,[455;566;156],4,0}}
Adder graph: {{'A',[5;-3;-3],1,[1;1;1],0,0,[1;-1;-1],0,2},{'A',[-15;-15;17],1,[1;1;1],0,0,[-1;-1;1],0,4},{'A',[-3;5;5],1,[1;1;1],0,0,[-1;1;1],0,2},{'M',[4;4;1],1,[1;1;1],0,[2;2;0]},{'A',[-7;9;4],2,[-3;5;5],1,0,[-4;4;-1],1,0},{'M',[-3;-30;34],2,[-15;-15;17],1,[NaN;1;1],[-3;5;5],1,[0;NaN;NaN]},{'A',[-109;114;98],3,[-7;9;4],2,4,[3;-30;34],2,0},{'M',[5;-192;-192],2,[5;-3;-3],1,[0;6;6]},{'M',[-960;-15;17],2,[-15;-15;17],1,[6;0;0]},{'A',[-955;-207;-209],3,[5;-192;-192],2,0,[-960;-15;-17],2,0},{'M',[-3;5;10],2,[-3;5;5],1,[0;0;1]},{'M',[-960;-15;136],2,[-15;-15;17],1,[6;0;3]},{'A',[-963;-10;-126],3,[-3;5;10],2,0,[-960;-15;-136],2,0},{'M',[1;8;8],1,[1;1;1],0,[0;3;3]},{'A',[6;5;5],2,[5;-3;-3],1,0,[1;8;8],1,0},{'M',[-3;-48;5],2,[5;-3;-3],1,[NaN;4;NaN],[-3;5;5],1,[0;NaN;0]},{'M',[-96;5;5],2,[-3;5;5],1,[5;0;0]},{'A',[-204;-202;30],3,[-3;-48;5],2,2,[-96;-5;5],2,1},{'M',[-7;10;4],3,[-7;9;4],2,[0;NaN;0],[6;5;5],2,[NaN;1;NaN]},{'M',[-14;18;5],3,[-7;9;4],2,[1;1;NaN],[6;5;5],2,[NaN;NaN;0]},{'A',[-455;-566;-156],4,[-7;10;4],3,0,[-14;-18;-5],3,5},{'A',[91;922;658],4,[-109;114;98],3,3,[963;10;-126],3,0},{'M',[768;9;640],3,[-7;9;4],2,[NaN;0;NaN],[6;5;5],2,[7;NaN;7]},{'A',[564;211;610],4,[768;9;640],3,0,[-204;202;-30],3,0},{'M',[-963;-20;-252],4,[-963;-10;-126],3,[0;1;1]},{'O',[963;20;252],4,[963;20;252],4,0},{'M',[-955;-808;-209],4,[-955;-207;-209],3,[0;NaN;0],[-204;-202;30],3,[NaN;2;NaN]},{'O',[955;808;209],4,[955;808;209],4,0},{'O',[564;211;610],4,[564;211;610],4,0},{'O',[91;922;658],4,[91;922;658],4,0},{'O',[455;566;156],4,[455;566;156],4,0}}
Finished solving after 259195 seconds
Adder graph: {{'A',[5;-3;-3],1,[1;1;1],0,0,[1;-1;-1],0,2},{'A',[-15;-15;17],1,[1;1;1],0,0,[-1;-1;1],0,4},{'A',[-3;5;5],1,[1;1;1],0,0,[-1;1;1],0,2},{'M',[4;4;1],1,[1;1;1],0,[2;2;0]},{'A',[-7;9;4],2,[-3;5;5],1,0,[-4;4;-1],1,0},{'M',[-3;-30;34],2,[-15;-15;17],1,[NaN;1;1],[-3;5;5],1,[0;NaN;NaN]},{'A',[-109;114;98],3,[-7;9;4],2,4,[3;-30;34],2,0},{'M',[5;-192;-192],2,[5;-3;-3],1,[0;6;6]},{'M',[-960;-15;17],2,[-15;-15;17],1,[6;0;0]},{'A',[-955;-207;-209],3,[5;-192;-192],2,0,[-960;-15;-17],2,0},{'M',[-3;5;10],2,[-3;5;5],1,[0;0;1]},{'M',[-960;-15;136],2,[-15;-15;17],1,[6;0;3]},{'A',[-963;-10;-126],3,[-3;5;10],2,0,[-960;-15;-136],2,0},{'M',[1;8;8],1,[1;1;1],0,[0;3;3]},{'A',[6;5;5],2,[5;-3;-3],1,0,[1;8;8],1,0},{'M',[-3;-48;5],2,[5;-3;-3],1,[NaN;4;NaN],[-3;5;5],1,[0;NaN;0]},{'M',[-96;5;5],2,[-3;5;5],1,[5;0;0]},{'A',[-204;-202;30],3,[-3;-48;5],2,2,[-96;-5;5],2,1},{'M',[-7;10;4],3,[-7;9;4],2,[0;NaN;0],[6;5;5],2,[NaN;1;NaN]},{'M',[-14;18;5],3,[-7;9;4],2,[1;1;NaN],[6;5;5],2,[NaN;NaN;0]},{'A',[-455;-566;-156],4,[-7;10;4],3,0,[-14;-18;-5],3,5},{'A',[91;922;658],4,[-109;114;98],3,3,[963;10;-126],3,0},{'M',[768;9;640],3,[-7;9;4],2,[NaN;0;NaN],[6;5;5],2,[7;NaN;7]},{'A',[564;211;610],4,[768;9;640],3,0,[-204;202;-30],3,0},{'M',[-963;-20;-252],4,[-963;-10;-126],3,[0;1;1]},{'O',[963;20;252],4,[963;20;252],4,0},{'M',[-955;-808;-209],4,[-955;-207;-209],3,[0;NaN;0],[-204;-202;30],3,[NaN;2;NaN]},{'O',[955;808;209],4,[955;808;209],4,0},{'O',[564;211;610],4,[564;211;610],4,0},{'O',[91;922;658],4,[91;922;658],4,0},{'O',[455;566;156],4,[455;566;156],4,0}}
# Add optimal = 1
# Mux optimal = 0
# Mux registers optimal = 0
# FAs optimal = 0
