Adder graph: {{'A',[0,0,0,-1,2,0],1,0,[0,0,0,0,1,0],0,1,[0,0,0,-1,0,0],0,0},{'A',[2,0,0,-1,0,0],1,0,[1,0,0,0,0,0],0,1,[0,0,0,-1,0,0],0,0},{'A',[0,1,-2,0,0,0],1,0,[0,1,0,0,0,0],0,0,[0,0,-1,0,0,0],0,1},{'A',[10,0,0,-5,0,0],2,0,[2,0,0,-1,0,0],1,0,[2,0,0,-1,0,0],1,2},{'A',[0,1,0,0,0,1],1,0,[0,1,0,0,0,0],0,0,[0,0,0,0,0,1],0,0},{'A',[0,8,-16,1,-2,0],2,0,[0,1,-2,0,0,0],1,3,[0,0,0,1,-2,0],1,0},{'A',[0,-1,0,-2,4,-1],2,0,[0,0,0,-1,2,0],1,1,[0,-1,0,0,0,-1],1,0},{'A',[0,7,0,14,-28,7],3,0,[0,-1,0,-2,4,-1],2,0,[0,1,0,2,-4,1],2,3},{'A',[20,8,-16,-9,-2,0],3,0,[0,8,-16,1,-2,0],2,0,[10,0,0,-5,0,0],2,1},{'A',[-20,-1,16,23,-26,7],4,0,[0,7,0,14,-28,7],3,0,[-20,-8,16,9,2,0],3,0},{'O',[-20,-1,16,23,-26,7],4,[-20,-1,16,23,-26,7],4,0}}
Adder graph: {{'A',[2,0,0,0,1,0],1,0,[1,0,0,0,0,0],0,1,[0,0,0,0,1,0],0,0},{'A',[0,-1,16,0,0,0],1,0,[0,0,1,0,0,0],0,4,[0,-1,0,0,0,0],0,0},{'A',[0,0,0,-1,1,0],1,0,[0,0,0,0,1,0],0,0,[0,0,0,-1,0,0],0,0},{'A',[2,0,0,-2,3,0],2,0,[0,0,0,-1,1,0],1,1,[2,0,0,0,1,0],1,0},{'A',[0,0,0,1,0,1],1,0,[0,0,0,1,0,0],0,0,[0,0,0,0,0,1],0,0},{'A',[-4,-1,16,0,-2,0],2,0,[0,-1,16,0,0,0],1,0,[-2,0,0,0,-1,0],1,1},{'A',[20,1,-16,-16,26,0],3,0,[2,0,0,-2,3,0],2,3,[4,1,-16,0,2,0],2,0},{'A',[0,0,0,2,0,2],2,0,[0,0,0,1,0,1],1,0,[0,0,0,1,0,1],1,0},{'A',[0,0,0,7,0,7],3,1,[0,0,0,2,0,2],2,3,[0,0,0,-2,0,-2],2,0},{'A',[20,1,-16,-23,26,-7],4,0,[20,1,-16,-16,26,0],3,0,[0,0,0,-7,0,-7],3,0},{'O',[-20,-1,16,23,-26,7],4,[-20,-1,16,23,-26,7],4,0}}
Adder graph: {{'A',[0,0,0,1,0,1],1,0,[0,0,0,1,0,0],0,0,[0,0,0,0,0,1],0,0},{'A',[0,-1,0,16,0,0],1,0,[0,0,0,1,0,0],0,4,[0,-1,0,0,0,0],0,0},{'A',[0,0,0,1,0,1],2,1,[0,0,0,1,0,1],1,0,[0,0,0,1,0,1],1,0},{'A',[0,0,0,7,0,7],3,0,[0,0,0,1,0,1],2,3,[0,0,0,-1,0,-1],2,0},{'A',[2,0,0,0,1,0],1,0,[0,0,0,0,1,0],0,0,[1,0,0,0,0,0],0,1},{'A',[0,0,-1,0,1,0],1,0,[0,0,0,0,1,0],0,0,[0,0,-1,0,0,0],0,0},{'A',[2,0,-2,0,3,0],2,0,[0,0,-1,0,1,0],1,1,[2,0,0,0,1,0],1,0},{'A',[4,1,0,-16,2,0],2,0,[2,0,0,0,1,0],1,1,[0,1,0,-16,0,0],1,0},{'A',[20,1,-16,-16,26,0],3,0,[2,0,-2,0,3,0],2,3,[4,1,0,-16,2,0],2,0},{'A',[-20,-1,16,23,-26,7],4,0,[0,0,0,7,0,7],3,0,[-20,-1,16,16,-26,0],3,0},{'O',[-20,-1,16,23,-26,7],4,[-20,-1,16,23,-26,7],4,0}}
Adder graph: {{'A',[0,1,0,0,0,1],1,0,[0,1,0,0,0,0],0,0,[0,0,0,0,0,1],0,0},{'A',[1,0,0,0,-1,0],1,0,[1,0,0,0,0,0],0,0,[0,0,0,0,-1,0],0,0},{'A',[-2,0,0,1,0,0],1,0,[0,0,0,1,0,0],0,0,[-1,0,0,0,0,0],0,1},{'A',[0,0,0,1,-2,0],2,0,[-2,0,0,1,0,0],1,0,[1,0,0,0,-1,0],1,1},{'A',[0,0,0,15,-30,0],3,0,[0,0,0,1,-2,0],2,4,[0,0,0,-1,2,0],2,0},{'A',[0,0,2,0,0,1],1,0,[0,0,0,0,0,1],0,0,[0,0,1,0,0,0],0,1},{'A',[4,1,0,0,-4,1],2,0,[1,0,0,0,-1,0],1,2,[0,1,0,0,0,1],1,0},{'A',[-2,0,2,1,0,1],2,0,[0,0,2,0,0,1],1,0,[-2,0,0,1,0,0],1,0},{'A',[-20,-1,16,8,4,7],3,0,[-2,0,2,1,0,1],2,3,[-4,-1,0,0,4,-1],2,0},{'A',[-20,-1,16,23,-26,7],4,0,[-20,-1,16,8,4,7],3,0,[0,0,0,15,-30,0],3,0},{'O',[-20,-1,16,23,-26,7],4,[-20,-1,16,23,-26,7],4,0}}
Adder graph: {{'A',[1,0,0,0,-1,0],1,0,[1,0,0,0,0,0],0,0,[0,0,0,0,-1,0],0,0},{'A',[0,0,2,0,0,1],1,0,[0,0,1,0,0,0],0,1,[0,0,0,0,0,1],0,0},{'A',[0,0,0,1,-2,0],1,0,[0,0,0,1,0,0],0,0,[0,0,0,0,-1,0],0,1},{'A',[-1,0,0,1,-1,0],2,0,[0,0,0,1,-2,0],1,0,[-1,0,0,0,1,0],1,0},{'A',[0,1,0,0,0,1],1,0,[0,1,0,0,0,0],0,0,[0,0,0,0,0,1],0,0},{'A',[-3,0,0,3,-3,0],3,0,[-1,0,0,1,-1,0],2,2,[1,0,0,-1,1,0],2,0},{'A',[0,0,16,-1,2,8],2,0,[0,0,2,0,0,1],1,3,[0,0,0,-1,2,0],1,0},{'A',[-4,1,0,0,4,1],2,0,[0,1,0,0,0,1],1,0,[-1,0,0,0,1,0],1,2},{'A',[4,-1,16,-1,-2,7],3,0,[0,0,16,-1,2,8],2,0,[4,-1,0,0,-4,-1],2,0},{'A',[-20,-1,16,23,-26,7],4,0,[-3,0,0,3,-3,0],3,3,[4,-1,16,-1,-2,7],3,0},{'O',[-20,-1,16,23,-26,7],4,[-20,-1,16,23,-26,7],4,0}}
Adder graph: {{'A',[0,0,0,1,-2,0],1,0,[0,0,0,1,0,0],0,0,[0,0,0,0,-1,0],0,1},{'A',[0,0,2,0,0,1],1,0,[0,0,1,0,0,0],0,1,[0,0,0,0,0,1],0,0},{'A',[0,1,0,0,0,1],1,0,[0,0,0,0,0,1],0,0,[0,1,0,0,0,0],0,0},{'A',[0,0,4,1,-2,2],2,0,[0,0,2,0,0,1],1,1,[0,0,0,1,-2,0],1,0},{'A',[0,1,0,1,-2,1],2,0,[0,0,0,1,-2,0],1,0,[0,1,0,0,0,1],1,0},{'A',[1,0,0,0,-1,0],1,0,[1,0,0,0,0,0],0,0,[0,0,0,0,-1,0],0,0},{'A',[0,-1,16,3,-6,7],3,0,[0,0,4,1,-2,2],2,2,[0,-1,0,-1,2,-1],2,0},{'A',[1,0,0,-1,1,0],2,0,[1,0,0,0,-1,0],1,0,[0,0,0,-1,2,0],1,0},{'A',[5,0,0,-5,5,0],3,0,[1,0,0,-1,1,0],2,0,[1,0,0,-1,1,0],2,2},{'A',[-20,-1,16,23,-26,7],4,0,[0,-1,16,3,-6,7],3,0,[-5,0,0,5,-5,0],3,2},{'O',[-20,-1,16,23,-26,7],4,[-20,-1,16,23,-26,7],4,0}}
Finished solving after 104141 seconds
Adder graph: {{'A',[0,0,0,1,-2,0],1,0,[0,0,0,1,0,0],0,0,[0,0,0,0,-1,0],0,1},{'A',[0,0,2,0,0,1],1,0,[0,0,1,0,0,0],0,1,[0,0,0,0,0,1],0,0},{'A',[0,1,0,0,0,1],1,0,[0,0,0,0,0,1],0,0,[0,1,0,0,0,0],0,0},{'A',[0,0,4,1,-2,2],2,0,[0,0,2,0,0,1],1,1,[0,0,0,1,-2,0],1,0},{'A',[0,1,0,1,-2,1],2,0,[0,0,0,1,-2,0],1,0,[0,1,0,0,0,1],1,0},{'A',[1,0,0,0,-1,0],1,0,[1,0,0,0,0,0],0,0,[0,0,0,0,-1,0],0,0},{'A',[0,-1,16,3,-6,7],3,0,[0,0,4,1,-2,2],2,2,[0,-1,0,-1,2,-1],2,0},{'A',[1,0,0,-1,1,0],2,0,[1,0,0,0,-1,0],1,0,[0,0,0,-1,2,0],1,0},{'A',[5,0,0,-5,5,0],3,0,[1,0,0,-1,1,0],2,0,[1,0,0,-1,1,0],2,2},{'A',[-20,-1,16,23,-26,7],4,0,[0,-1,16,3,-6,7],3,0,[-5,0,0,5,-5,0],3,2},{'O',[-20,-1,16,23,-26,7],4,[-20,-1,16,23,-26,7],4,0}}
#Add optimal = 0
#FAs optimal = 0
