Adder graph: {{'A',[2,-1,0,0,0,0],1,0,[1,0,0,0,0,0],0,1,[0,-1,0,0,0,0],0,0},{'A',[34,-17,0,0,0,0],2,0,[2,-1,0,0,0,0],1,4,[2,-1,0,0,0,0],1,0},{'A',[0,0,0,1,0,-8],1,0,[0,0,0,1,0,0],0,0,[0,0,0,0,0,-1],0,3},{'A',[1,0,0,0,0,2],1,0,[1,0,0,0,0,0],0,0,[0,0,0,0,0,1],0,1},{'A',[-1,0,0,1,0,-10],2,0,[0,0,0,1,0,-8],1,0,[-1,0,0,0,0,-2],1,0},{'A',[0,0,1,0,1,0],1,0,[0,0,1,0,0,0],0,0,[0,0,0,0,1,0],0,0},{'A',[-2,1,1,0,1,0],2,0,[0,0,1,0,1,0],1,0,[-2,1,0,0,0,0],1,0},{'A',[-7,4,4,-1,4,10],3,0,[-2,1,1,0,1,0],2,2,[1,0,0,-1,0,10],2,0},{'A',[36,-18,-1,0,-1,0],3,0,[34,-17,0,0,0,0],2,0,[2,-1,-1,0,-1,0],2,0},{'A',[29,-14,3,-1,3,10],4,0,[-7,4,4,-1,4,10],3,0,[36,-18,-1,0,-1,0],3,0},{'O',[29,-14,3,-1,3,10],4,[29,-14,3,-1,3,10],4,0}}
Adder graph: {{'A',[0,0,1,0,1,0],1,0,[0,0,1,0,0,0],0,0,[0,0,0,0,1,0],0,0},{'A',[-2,1,0,0,0,0],1,0,[0,1,0,0,0,0],0,0,[-1,0,0,0,0,0],0,1},{'A',[-8,4,-1,0,-1,0],2,0,[-2,1,0,0,0,0],1,2,[0,0,-1,0,-1,0],1,0},{'A',[0,0,1,0,1,0],2,0,[0,0,1,0,1,0],1,1,[0,0,-1,0,-1,0],1,0},{'A',[0,0,0,0,0,5],1,0,[0,0,0,0,0,1],0,2,[0,0,0,0,0,1],0,0},{'A',[1,0,0,-1,0,0],1,0,[1,0,0,0,0,0],0,0,[0,0,0,-1,0,0],0,0},{'A',[1,0,0,-1,0,10],2,0,[0,0,0,0,0,5],1,1,[1,0,0,-1,0,0],1,0},{'A',[33,-16,4,-1,4,10],3,0,[1,0,0,-1,0,10],2,0,[8,-4,1,0,1,0],2,2},{'A',[-8,4,-2,0,-2,0],3,0,[-8,4,-1,0,-1,0],2,0,[0,0,-1,0,-1,0],2,0},{'A',[29,-14,3,-1,3,10],4,1,[33,-16,4,-1,4,10],3,1,[-8,4,-2,0,-2,0],3,0},{'O',[29,-14,3,-1,3,10],4,[29,-14,3,-1,3,10],4,0}}
Adder graph: {{'A',[0,0,0,0,0,1],1,0,[0,0,0,0,0,1],0,1,[0,0,0,0,0,-1],0,0},{'A',[-2,1,0,0,0,0],1,0,[0,1,0,0,0,0],0,0,[-1,0,0,0,0,0],0,1},{'A',[0,0,1,0,1,0],1,0,[0,0,1,0,0,0],0,0,[0,0,0,0,1,0],0,0},{'A',[-4,2,-1,0,-1,0],2,0,[-2,1,0,0,0,0],1,1,[0,0,-1,0,-1,0],1,0},{'A',[-1,0,0,1,0,0],1,0,[0,0,0,1,0,0],0,0,[-1,0,0,0,0,0],0,0},{'A',[28,-14,7,0,7,0],3,0,[-4,2,-1,0,-1,0],2,0,[4,-2,1,0,1,0],2,3},{'A',[-1,0,0,1,0,-2],2,0,[-1,0,0,1,0,0],1,0,[0,0,0,0,0,-1],1,1},{'A',[0,0,-1,0,-1,2],2,0,[0,0,0,0,0,1],1,1,[0,0,-1,0,-1,0],1,0},{'A',[-1,0,4,1,4,-10],3,0,[-1,0,0,1,0,-2],2,0,[0,0,1,0,1,-2],2,2},{'A',[29,-14,3,-1,3,10],4,0,[28,-14,7,0,7,0],3,0,[1,0,-4,-1,-4,10],3,0},{'O',[29,-14,3,-1,3,10],4,[29,-14,3,-1,3,10],4,0}}
Adder graph: {{'A',[0,0,1,0,1,0],1,0,[0,0,1,0,0,0],0,0,[0,0,0,0,1,0],0,0},{'A',[-1,0,0,1,0,0],1,0,[0,0,0,1,0,0],0,0,[-1,0,0,0,0,0],0,0},{'A',[0,0,0,0,0,1],1,0,[0,0,0,0,0,1],0,1,[0,0,0,0,0,-1],0,0},{'A',[-1,0,1,1,1,0],2,0,[0,0,1,0,1,0],1,0,[-1,0,0,1,0,0],1,0},{'A',[2,-1,0,0,0,0],1,0,[1,0,0,0,0,0],0,1,[0,-1,0,0,0,0],0,0},{'A',[2,-1,0,0,0,1],2,0,[2,-1,0,0,0,0],1,0,[0,0,0,0,0,1],1,0},{'A',[-33,16,1,1,1,-16],3,0,[-1,0,1,1,1,0],2,0,[-2,1,0,0,0,-1],2,4},{'A',[0,0,-1,0,-1,1],2,0,[0,0,0,0,0,1],1,0,[0,0,-1,0,-1,0],1,0},{'A',[2,-1,-2,0,-2,3],3,0,[2,-1,0,0,0,1],2,0,[0,0,-1,0,-1,1],2,1},{'A',[-29,14,-3,1,-3,-10],4,0,[-33,16,1,1,1,-16],3,0,[2,-1,-2,0,-2,3],3,1},{'O',[29,-14,3,-1,3,10],4,[29,-14,3,-1,3,10],4,0}}
Adder graph: {{'A',[0,0,1,0,1,0],1,0,[0,0,0,0,1,0],0,0,[0,0,1,0,0,0],0,0},{'A',[1,0,0,-1,0,0],1,0,[1,0,0,0,0,0],0,0,[0,0,0,-1,0,0],0,0},{'A',[2,-1,0,0,0,0],1,0,[1,0,0,0,0,0],0,1,[0,-1,0,0,0,0],0,0},{'A',[3,-2,0,1,0,0],2,0,[2,-1,0,0,0,0],1,1,[-1,0,0,1,0,0],1,0},{'A',[0,0,0,0,0,1],1,1,[0,0,0,0,0,1],0,0,[0,0,0,0,0,1],0,0},{'A',[0,0,1,0,1,-2],2,0,[0,0,1,0,1,0],1,0,[0,0,0,0,0,-1],1,1},{'A',[3,-2,-1,1,-1,2],3,0,[3,-2,0,1,0,0],2,0,[0,0,-1,0,-1,2],2,0},{'A',[2,-1,0,0,0,1],2,0,[2,-1,0,0,0,0],1,0,[0,0,0,0,0,1],1,0},{'A',[16,-8,1,0,1,6],3,0,[0,0,1,0,1,-2],2,0,[2,-1,0,0,0,1],2,3},{'A',[29,-14,3,-1,3,10],4,0,[16,-8,1,0,1,6],3,1,[-3,2,1,-1,1,-2],3,0},{'O',[29,-14,3,-1,3,10],4,[29,-14,3,-1,3,10],4,0}}
Adder graph: {{'A',[0,0,1,0,1,0],1,0,[0,0,0,0,1,0],0,0,[0,0,1,0,0,0],0,0},{'A',[0,0,0,0,0,1],1,0,[0,0,0,0,0,1],0,1,[0,0,0,0,0,-1],0,0},{'A',[2,-1,0,0,0,0],1,0,[1,0,0,0,0,0],0,1,[0,-1,0,0,0,0],0,0},{'A',[4,-2,1,0,1,0],2,0,[0,0,1,0,1,0],1,0,[2,-1,0,0,0,0],1,1},{'A',[-1,0,0,1,0,0],1,0,[0,0,0,1,0,0],0,0,[-1,0,0,0,0,0],0,0},{'A',[-1,0,0,1,0,-2],2,0,[-1,0,0,1,0,0],1,0,[0,0,0,0,0,-1],1,1},{'A',[3,-2,1,1,1,-2],3,0,[-1,0,0,1,0,-2],2,0,[4,-2,1,0,1,0],2,0},{'A',[2,-1,0,0,0,1],2,0,[2,-1,0,0,0,0],1,0,[0,0,0,0,0,1],1,0},{'A',[8,-4,1,0,1,2],3,0,[4,-2,1,0,1,0],2,0,[2,-1,0,0,0,1],2,1},{'A',[-29,14,-3,1,-3,-10],4,0,[3,-2,1,1,1,-2],3,0,[-8,4,-1,0,-1,-2],3,2},{'O',[29,-14,3,-1,3,10],4,[29,-14,3,-1,3,10],4,0}}
Finished solving after 104463 seconds
Adder graph: {{'A',[0,0,1,0,1,0],1,0,[0,0,0,0,1,0],0,0,[0,0,1,0,0,0],0,0},{'A',[0,0,0,0,0,1],1,0,[0,0,0,0,0,1],0,1,[0,0,0,0,0,-1],0,0},{'A',[2,-1,0,0,0,0],1,0,[1,0,0,0,0,0],0,1,[0,-1,0,0,0,0],0,0},{'A',[4,-2,1,0,1,0],2,0,[0,0,1,0,1,0],1,0,[2,-1,0,0,0,0],1,1},{'A',[-1,0,0,1,0,0],1,0,[0,0,0,1,0,0],0,0,[-1,0,0,0,0,0],0,0},{'A',[-1,0,0,1,0,-2],2,0,[-1,0,0,1,0,0],1,0,[0,0,0,0,0,-1],1,1},{'A',[3,-2,1,1,1,-2],3,0,[-1,0,0,1,0,-2],2,0,[4,-2,1,0,1,0],2,0},{'A',[2,-1,0,0,0,1],2,0,[2,-1,0,0,0,0],1,0,[0,0,0,0,0,1],1,0},{'A',[8,-4,1,0,1,2],3,0,[4,-2,1,0,1,0],2,0,[2,-1,0,0,0,1],2,1},{'A',[-29,14,-3,1,-3,-10],4,0,[3,-2,1,1,1,-2],3,0,[-8,4,-1,0,-1,-2],3,2},{'O',[29,-14,3,-1,3,10],4,[29,-14,3,-1,3,10],4,0}}
#Add optimal = 0
#FAs optimal = 0
