Adder graph: {{'M',[2;128;1;8],1,[1;1;1;1],0,[1;7;0;3]},{'M',[16;4;128;1],1,[1;1;1;1],0,[4;2;7;0]},{'A',[-14;124;-127;9],2,[2;128;1;8],1,0,[-16;-4;-128;1],1,0},{'M',[1;512;32;9],3,[1;1;1;1],0,[0;9;5;NaN],[-14;124;-127;9],2,[NaN;NaN;NaN;0]},{'M',[8;16;-127;16],3,[1;1;1;1],0,[3;4;NaN;4],[-14;124;-127;9],2,[NaN;NaN;0;NaN]},{'A',[17;544;286;41],4,[1;512;32;9],3,0,[8;16;127;16],3,1},{'M',[256;248;-127;164],5,[1;1;1;1],0,[8;NaN;NaN;NaN],[-14;124;-127;9],2,[NaN;1;0;NaN],[17;544;286;41],4,[NaN;NaN;NaN;2]},{'M',[17;64;286;9],5,[1;1;1;1],0,[NaN;6;NaN;NaN],[-14;124;-127;9],2,[NaN;NaN;NaN;0],[17;544;286;41],4,[0;NaN;0;NaN]},{'A',[239;312;-413;155],6,[256;248;-127;164],5,0,[-17;64;-286;-9],5,0},{'M',[239;256;128;18],7,[1;1;1;1],0,[NaN;8;7;NaN],[-14;124;-127;9],2,[NaN;NaN;NaN;1],[239;312;-413;155],6,[0;NaN;NaN;NaN]},{'M',[272;312;572;155],7,[17;544;286;41],4,[4;NaN;1;NaN],[239;312;-413;155],6,[NaN;0;NaN;0]},{'A',[-33;-56;-444;-137],8,[239;256;128;18],7,0,[-272;-312;-572;-155],7,0},{'M',[-33;-224;-127;9],9,[-14;124;-127;9],2,[NaN;NaN;0;0],[-33;-56;-444;-137],8,[0;2;NaN;NaN]},{'M',[-14;312;16;620],7,[1;1;1;1],0,[NaN;NaN;4;NaN],[-14;124;-127;9],2,[0;NaN;NaN;NaN],[239;312;-413;155],6,[NaN;0;NaN;2]},{'A',[-19;-536;-143;-611],10,[-33;-224;-127;9],9,0,[14;-312;-16;-620],7,0},{'M',[478;124;-444;-548],9,[-14;124;-127;9],2,[NaN;0;NaN;NaN],[239;312;-413;155],6,[1;NaN;NaN;NaN],[-33;-56;-444;-137],8,[NaN;NaN;0;2]},{'M',[-528;544;286;41],9,[17;544;286;41],4,[NaN;0;0;0],[-33;-56;-444;-137],8,[4;NaN;NaN;NaN]},{'A',[-50;-420;-730;-589],10,[478;124;-444;-548],9,0,[-528;-544;-286;-41],9,0},{'M',[-19;-420;-730;-611],11,[-19;-536;-143;-611],10,[0;NaN;NaN;0],[-50;-420;-730;-589],10,[NaN;0;0;NaN]},{'O',[19;420;730;611],11,[19;420;730;611],11,0},{'M',[-14;-112;-286;-137],11,[-14;124;-127;9],2,[0;NaN;NaN;NaN],[-33;-56;-444;-137],8,[NaN;1;NaN;0],[-19;-536;-143;-611],10,[NaN;NaN;1;NaN]},{'O',[14;112;286;137],11,[14;112;286;137],11,0},{'M',[-800;-536;-413;-589],11,[239;312;-413;155],6,[NaN;NaN;0;NaN],[-19;-536;-143;-611],10,[NaN;0;NaN;NaN],[-50;-420;-730;-589],10,[4;NaN;NaN;0]},{'O',[800;536;413;589],11,[800;536;413;589],11,0}}
Adder graph: {{'M',[8;8;16;1],1,[1;1;1;1],0,[3;3;4;0]},{'M',[1;256;1;8],1,[1;1;1;1],0,[0;8;0;3]},{'A',[9;-248;15;9],2,[8;8;16;1],1,0,[1;-256;-1;8],1,0},{'M',[1;2;30;1],3,[1;1;1;1],0,[0;1;NaN;0],[9;-248;15;9],2,[NaN;NaN;1;NaN]},{'M',[1;4;64;144],3,[1;1;1;1],0,[0;2;6;NaN],[9;-248;15;9],2,[NaN;NaN;NaN;4]},{'A',[5;-14;286;-575],4,[1;2;30;1],3,0,[1;-4;64;-144],3,2},{'M',[9;-224;60;9],5,[9;-248;15;9],2,[0;NaN;2;0],[5;-14;286;-575],4,[NaN;4;NaN;NaN]},{'M',[5;-14;1;128],5,[1;1;1;1],0,[NaN;NaN;0;7],[5;-14;286;-575],4,[0;0;NaN;NaN]},{'A',[14;-210;59;137],6,[9;-224;60;9],5,0,[5;14;-1;128],5,0},{'M',[1;1;286;288],5,[1;1;1;1],0,[0;0;NaN;NaN],[9;-248;15;9],2,[NaN;NaN;NaN;5],[5;-14;286;-575],4,[NaN;NaN;0;NaN]},{'M',[64;64;1024;-575],5,[1;1;1;1],0,[6;6;10;NaN],[5;-14;286;-575],4,[NaN;NaN;NaN;0]},{'A',[-63;-63;-738;863],6,[1;1;286;288],5,0,[-64;-64;-1024;575],5,0},{'M',[9;16;-738;863],7,[1;1;1;1],0,[NaN;4;NaN;NaN],[9;-248;15;9],2,[0;NaN;NaN;NaN],[-63;-63;-738;863],6,[NaN;NaN;0;0]},{'M',[14;-126;4;137],7,[1;1;1;1],0,[NaN;NaN;2;NaN],[14;-210;59;137],6,[0;NaN;NaN;0],[-63;-63;-738;863],6,[NaN;1;NaN;NaN]},{'A',[-19;268;-730;589],8,[9;16;-738;863],7,0,[-14;126;4;-137],7,1},{'M',[80;-56;472;-575],7,[5;-14;286;-575],4,[4;2;NaN;0],[14;-210;59;137],6,[NaN;NaN;3;NaN]},{'M',[20;-63;59;36],7,[9;-248;15;9],2,[NaN;NaN;NaN;2],[5;-14;286;-575],4,[2;NaN;NaN;NaN],[14;-210;59;137],6,[NaN;NaN;0;NaN],[-63;-63;-738;863],6,[NaN;0;NaN;NaN]},{'A',[100;7;413;-611],8,[80;-56;472;-575],7,0,[20;63;-59;-36],7,0},{'M',[-19;-420;-730;-611],9,[14;-210;59;137],6,[NaN;1;NaN;NaN],[-19;268;-730;589],8,[0;NaN;0;NaN],[100;7;413;-611],8,[NaN;NaN;NaN;0]},{'O',[19;420;730;611],9,[19;420;730;611],9,0},{'M',[14;112;286;137],9,[5;-14;286;-575],4,[NaN;NaN;0;NaN],[14;-210;59;137],6,[0;NaN;NaN;0],[100;7;413;-611],8,[NaN;4;NaN;NaN]},{'O',[14;112;286;137],9,[14;112;286;137],9,0},{'M',[800;536;413;589],9,[-19;268;-730;589],8,[NaN;1;NaN;0],[100;7;413;-611],8,[3;NaN;0;NaN]},{'O',[800;536;413;589],9,[800;536;413;589],9,0}}
Adder graph: {{'M',[1;4;16;1],1,[1;1;1;1],0,[0;2;4;0]},{'M',[4;4;1;1],1,[1;1;1;1],0,[2;2;0;0]},{'A',[4;36;127;9],2,[1;4;16;1],1,3,[-4;4;-1;1],1,0},{'M',[16;72;32;9],3,[1;1;1;1],0,[4;NaN;5;NaN],[4;36;127;9],2,[NaN;1;NaN;0]},{'M',[1;32;127;128],3,[1;1;1;1],0,[0;5;NaN;7],[4;36;127;9],2,[NaN;NaN;0;NaN]},{'A',[14;136;286;265],4,[16;72;32;9],3,0,[-1;32;127;128],3,1},{'M',[32;144;286;72],5,[4;36;127;9],2,[3;2;NaN;3],[14;136;286;265],4,[NaN;NaN;0;NaN]},{'M',[14;32;127;9],5,[1;1;1;1],0,[NaN;5;NaN;NaN],[4;36;127;9],2,[NaN;NaN;0;0],[14;136;286;265],4,[0;NaN;NaN;NaN]},{'A',[18;112;413;81],6,[32;144;286;72],5,0,[-14;-32;127;9],5,0},{'M',[14;136;8;265],5,[1;1;1;1],0,[NaN;NaN;3;NaN],[14;136;286;265],4,[0;0;NaN;0]},{'M',[18;2;32;81],7,[1;1;1;1],0,[NaN;1;5;NaN],[18;112;413;81],6,[0;NaN;NaN;0]},{'A',[46;274;48;611],8,[14;136;8;265],5,1,[18;2;32;81],7,0},{'M',[1024;136;826;324],7,[4;36;127;9],2,[8;NaN;NaN;NaN],[14;136;286;265],4,[NaN;0;NaN;NaN],[18;112;413;81],6,[NaN;NaN;1;2]},{'M',[224;2;413;265],7,[1;1;1;1],0,[NaN;1;NaN;NaN],[14;136;286;265],4,[4;NaN;NaN;0],[18;112;413;81],6,[NaN;NaN;0;NaN]},{'A',[800;134;413;589],8,[1024;136;826;324],7,0,[-224;-2;-413;265],7,0},{'M',[18;548;413;265],9,[14;136;286;265],4,[NaN;NaN;NaN;0],[18;112;413;81],6,[0;NaN;0;NaN],[46;274;48;611],8,[NaN;1;NaN;NaN]},{'M',[1;128;48;128],9,[1;1;1;1],0,[0;7;NaN;7],[46;274;48;611],8,[NaN;NaN;0;NaN]},{'A',[19;420;365;137],10,[18;548;413;265],9,0,[1;-128;-48;-128],9,0},{'M',[19;420;730;611],11,[46;274;48;611],8,[NaN;NaN;NaN;0],[19;420;365;137],10,[0;0;1;NaN]},{'O',[19;420;730;611],11,[19;420;730;611],11,0},{'M',[14;112;286;137],11,[14;136;286;265],4,[0;NaN;0;NaN],[18;112;413;81],6,[NaN;0;NaN;NaN],[19;420;365;137],10,[NaN;NaN;NaN;0]},{'O',[14;112;286;137],11,[14;112;286;137],11,0},{'M',[800;536;413;589],9,[800;134;413;589],8,[0;2;0;0]},{'O',[800;536;413;589],9,[800;536;413;589],9,0}}
Adder graph: {{'M',[1;256;1;1],1,[1;1;1;1],0,[0;8;0;0]},{'M',[2;1;64;32],1,[1;1;1;1],0,[1;0;6;5]},{'A',[5;254;-127;-63],2,[1;256;1;1],1,0,[2;-1;-64;-32],1,1},{'M',[1;8128;64;1],3,[1;1;1;1],0,[0;NaN;6;0],[5;254;-127;-63],2,[NaN;5;NaN;NaN]},{'M',[80;4064;2;1],3,[1;1;1;1],0,[NaN;NaN;1;0],[5;254;-127;-63],2,[4;4;NaN;NaN]},{'A',[-72;60960;514;9],4,[1;8128;64;1],3,3,[-80;-4064;2;1],3,0},{'M',[1;8;1;9],5,[1;1;1;1],0,[0;3;0;NaN],[-72;60960;514;9],4,[NaN;NaN;NaN;0]},{'M',[10;8;-254;1],3,[1;1;1;1],0,[NaN;3;NaN;0],[5;254;-127;-63],2,[1;NaN;1;NaN]},{'A',[6;120;270;145],6,[1;8;1;9],5,4,[-10;-8;254;1],3,0},{'M',[5;1016;-127;9],5,[5;254;-127;-63],2,[0;2;0;NaN],[-72;60960;514;9],4,[NaN;NaN;NaN;0]},{'M',[6;120;4;145],7,[1;1;1;1],0,[NaN;NaN;2;NaN],[6;120;270;145],6,[0;0;NaN;0]},{'A',[-19;536;-143;589],8,[5;1016;-127;9],5,0,[-6;-120;-4;145],7,2},{'M',[6;508;270;8],7,[1;1;1;1],0,[NaN;NaN;NaN;3],[5;254;-127;-63],2,[NaN;1;NaN;NaN],[6;120;270;145],6,[0;NaN;0;NaN]},{'M',[-19;536;-143;145],9,[6;120;270;145],6,[NaN;NaN;NaN;0],[-19;536;-143;589],8,[0;0;0;NaN]},{'A',[25;-28;413;-137],10,[6;508;270;8],7,0,[19;-536;143;-145],9,0},{'M',[5;-448;-508;-63],11,[5;254;-127;-63],2,[0;NaN;2;0],[25;-28;413;-137],10,[NaN;4;NaN;NaN]},{'M',[-19;-28;-143;-548],11,[-19;536;-143;589],8,[0;NaN;0;NaN],[25;-28;413;-137],10,[NaN;0;NaN;2]},{'A',[-14;-420;-365;-611],12,[5;-448;-508;-63],11,0,[-19;28;143;-548],11,0},{'M',[-19;-420;-730;-611],13,[-19;536;-143;589],8,[0;NaN;NaN;NaN],[-14;-420;-365;-611],12,[NaN;0;1;0]},{'O',[19;420;730;611],13,[19;420;730;611],13,0},{'M',[-14;-112;-286;-137],13,[-19;536;-143;589],8,[NaN;NaN;1;NaN],[25;-28;413;-137],10,[NaN;2;NaN;0],[-14;-420;-365;-611],12,[0;NaN;NaN;NaN]},{'O',[14;112;286;137],13,[14;112;286;137],13,0},{'M',[800;536;413;589],11,[-19;536;-143;589],8,[NaN;0;NaN;0],[25;-28;413;-137],10,[5;NaN;0;NaN]},{'O',[800;536;413;589],11,[800;536;413;589],11,0}}
Adder graph: {{'M',[1;16;32;16],1,[1;1;1;1],0,[0;4;5;4]},{'M',[2;1;1;2],1,[1;1;1;1],0,[1;0;0;1]},{'A',[5;14;30;20],2,[1;16;32;16],1,0,[2;-1;-1;2],1,1},{'M',[20;14;256;1],3,[1;1;1;1],0,[NaN;NaN;8;0],[5;14;30;20],2,[2;0;NaN;NaN]},{'M',[5;224;30;20],3,[5;14;30;20],2,[0;4;0;0]},{'A',[25;-210;286;-19],4,[20;14;256;1],3,0,[5;-224;30;-20],3,0},{'M',[512;512;1;-19],5,[1;1;1;1],0,[9;9;0;NaN],[25;-210;286;-19],4,[NaN;NaN;NaN;0]},{'M',[80;1;8;-38],5,[1;1;1;1],0,[NaN;0;3;NaN],[5;14;30;20],2,[4;NaN;NaN;NaN],[25;-210;286;-19],4,[NaN;NaN;NaN;1]},{'A',[1792;528;-127;589],6,[512;512;1;-19],5,0,[80;1;-8;38],5,4},{'M',[8;8;286;1],5,[1;1;1;1],0,[3;3;NaN;0],[25;-210;286;-19],4,[NaN;NaN;0;NaN]},{'M',[4;528;-127;-152],7,[1;1;1;1],0,[2;NaN;NaN;NaN],[25;-210;286;-19],4,[NaN;NaN;NaN;3],[1792;528;-127;589],6,[NaN;0;0;NaN]},{'A',[4;536;413;153],8,[8;8;286;1],5,0,[-4;528;127;152],7,0},{'M',[1;1;286;1],5,[1;1;1;1],0,[0;0;NaN;0],[25;-210;286;-19],4,[NaN;NaN;0;NaN]},{'M',[5;536;-254;153],9,[5;14;30;20],2,[0;NaN;NaN;NaN],[1792;528;-127;589],6,[NaN;NaN;1;NaN],[4;536;413;153],8,[NaN;0;NaN;0]},{'A',[-19;2145;-730;-611],10,[1;1;286;1],5,0,[-5;536;-254;-153],9,2},{'M',[4;128;128;153],9,[1;1;1;1],0,[NaN;7;7;NaN],[4;536;413;153],8,[0;NaN;NaN;0]},{'M',[5;8;30;8],3,[1;1;1;1],0,[NaN;3;NaN;3],[5;14;30;20],2,[0;NaN;0;NaN]},{'A',[14;112;188;137],10,[4;128;128;153],9,0,[5;-8;30;-8],3,1},{'M',[-19;-420;-730;-611],11,[25;-210;286;-19],4,[NaN;1;NaN;NaN],[-19;2145;-730;-611],10,[0;NaN;0;0]},{'O',[19;420;730;611],11,[19;420;730;611],11,0},{'M',[14;112;286;137],11,[25;-210;286;-19],4,[NaN;NaN;0;NaN],[14;112;188;137],10,[0;0;NaN;0]},{'O',[14;112;286;137],11,[14;112;286;137],11,0},{'M',[800;536;413;589],9,[25;-210;286;-19],4,[5;NaN;NaN;NaN],[1792;528;-127;589],6,[NaN;NaN;NaN;0],[4;536;413;153],8,[NaN;0;0;NaN]},{'O',[800;536;413;589],9,[800;536;413;589],9,0}}
Adder graph: {{'M',[1;1;64;1],1,[1;1;1;1],0,[0;0;6;0]},{'M',[8;1;8;1],1,[1;1;1;1],0,[3;0;3;0]},{'A',[33;-3;96;-3],2,[1;1;64;1],1,0,[8;-1;8;-1],1,2},{'M',[16;-3;96;16],3,[1;1;1;1],0,[4;NaN;NaN;4],[33;-3;96;-3],2,[NaN;0;0;NaN]},{'M',[33;-3;1;-3],3,[1;1;1;1],0,[NaN;NaN;0;NaN],[33;-3;96;-3],2,[0;0;NaN;0]},{'A',[-17;0;95;19],4,[16;-3;96;16],3,0,[-33;3;-1;3],3,0},{'M',[16;16;95;19],5,[1;1;1;1],0,[4;4;NaN;NaN],[-17;0;95;19],4,[NaN;NaN;0;0]},{'M',[1;1;128;152],5,[1;1;1;1],0,[0;0;7;NaN],[-17;0;95;19],4,[NaN;NaN;NaN;3]},{'A',[20;20;-417;-589],6,[16;16;95;19],5,0,[1;1;-128;-152],5,2},{'M',[-34;20;-417;-3],7,[33;-3;96;-3],2,[NaN;NaN;NaN;0],[-17;0;95;19],4,[1;NaN;NaN;NaN],[20;20;-417;-589],6,[NaN;0;0;NaN]},{'M',[33;-3;2;304],5,[1;1;1;1],0,[NaN;NaN;1;NaN],[33;-3;96;-3],2,[0;0;NaN;NaN],[-17;0;95;19],4,[NaN;NaN;NaN;4]},{'A',[-100;14;-413;-611],8,[-34;20;-417;-3],7,0,[-33;-3;2;-304],5,1},{'M',[16;-3;96;76],5,[1;1;1;1],0,[4;NaN;NaN;NaN],[33;-3;96;-3],2,[NaN;0;0;NaN],[-17;0;95;19],4,[NaN;NaN;NaN;2]},{'M',[1;32;95;32],5,[1;1;1;1],0,[0;5;NaN;5],[-17;0;95;19],4,[NaN;NaN;0;NaN]},{'A',[14;-67;286;140],6,[16;-3;96;76],5,0,[-1;-32;95;32],5,1},{'M',[14;28;-826;140],9,[-100;14;-413;-611],8,[NaN;1;1;NaN],[14;-67;286;140],6,[0;NaN;NaN;0]},{'M',[33;448;96;-3],9,[33;-3;96;-3],2,[0;NaN;0;0],[-100;14;-413;-611],8,[NaN;5;NaN;NaN]},{'A',[-19;-420;-730;137],10,[14;28;-826;140],9,0,[-33;-448;96;-3],9,0},{'M',[-19;-420;-730;-611],11,[-100;14;-413;-611],8,[NaN;NaN;NaN;0],[-19;-420;-730;137],10,[0;0;0;NaN]},{'O',[19;420;730;611],11,[19;420;730;611],11,0},{'M',[14;112;286;137],11,[-100;14;-413;-611],8,[NaN;3;NaN;NaN],[14;-67;286;140],6,[0;NaN;0;NaN],[-19;-420;-730;137],10,[NaN;NaN;NaN;0]},{'O',[14;112;286;137],11,[14;112;286;137],11,0},{'M',[-800;-536;-413;-589],9,[20;20;-417;-589],6,[NaN;NaN;NaN;0],[-100;14;-413;-611],8,[3;NaN;0;NaN],[14;-67;286;140],6,[NaN;3;NaN;NaN]},{'O',[800;536;413;589],9,[800;536;413;589],9,0}}
Adder graph: {{'M',[1;1;1;8],1,[1;1;1;1],0,[0;0;0;3]},{'M',[1;1;128;1],1,[1;1;1;1],0,[0;0;7;0]},{'A',[2;0;-127;9],2,[1;1;1;8],1,0,[1;-1;-128;1],1,0},{'M',[1;1;8;2],1,[1;1;1;1],0,[0;0;3;1]},{'M',[4;16;-127;9],3,[1;1;1;1],0,[2;4;NaN;NaN],[2;0;-127;9],2,[NaN;NaN;0;0]},{'A',[-6;-30;270;22],4,[1;1;8;2],1,1,[-4;-16;127;9],3,1},{'M',[-6;32;270;22],5,[1;1;1;1],0,[NaN;5;NaN;NaN],[-6;-30;270;22],4,[0;NaN;0;0]},{'M',[1;1;2;72],3,[1;1;1;1],0,[0;0;1;NaN],[2;0;-127;9],2,[NaN;NaN;NaN;3]},{'A',[-20;56;556;620],6,[-6;32;270;22],5,1,[-1;-1;2;72],3,3},{'M',[1;-480;-127;9],5,[1;1;1;1],0,[0;NaN;NaN;NaN],[2;0;-127;9],2,[NaN;NaN;0;0],[-6;-30;270;22],4,[NaN;4;NaN;NaN]},{'M',[-20;-60;270;620],7,[-6;-30;270;22],4,[NaN;1;0;NaN],[-20;56;556;620],6,[0;NaN;NaN;0]},{'A',[-19;-420;143;-611],8,[1;-480;-127;9],5,0,[-20;60;270;-620],7,0},{'M',[2;16;-127;16],3,[1;1;1;1],0,[NaN;4;NaN;4],[2;0;-127;9],2,[0;NaN;0;NaN]},{'M',[2;16;286;9],9,[1;1;1;1],0,[NaN;4;NaN;NaN],[2;0;-127;9],2,[0;NaN;NaN;0],[-19;-420;143;-611],8,[NaN;NaN;1;NaN]},{'A',[14;112;-730;137],10,[2;16;-127;16],3,3,[-2;-16;286;9],9,0},{'M',[-6;-480;143;22],9,[-6;-30;270;22],4,[0;4;NaN;0],[-19;-420;143;-611],8,[NaN;NaN;0;NaN]},{'M',[-19;56;556;-611],9,[-20;56;556;620],6,[NaN;0;0;NaN],[-19;-420;143;-611],8,[0;NaN;NaN;0]},{'A',[-25;-536;-413;-589],10,[-6;-480;143;22],9,0,[-19;-56;-556;-611],9,0},{'M',[-19;-420;-730;-611],11,[-19;-420;143;-611],8,[0;0;NaN;0],[14;112;-730;137],10,[NaN;NaN;0;NaN]},{'O',[19;420;730;611],11,[19;420;730;611],11,0},{'M',[14;112;286;137],11,[-19;-420;143;-611],8,[NaN;NaN;1;NaN],[14;112;-730;137],10,[0;0;NaN;0]},{'O',[14;112;286;137],11,[14;112;286;137],11,0},{'M',[-800;-536;-413;-589],11,[-25;-536;-413;-589],10,[5;0;0;0]},{'O',[800;536;413;589],11,[800;536;413;589],11,0}}
Adder graph: {{'M',[16;16;1;32],1,[1;1;1;1],0,[4;4;0;5]},{'M',[1;128;128;1],1,[1;1;1;1],0,[0;7;7;0]},{'A',[17;144;-127;31],2,[16;16;1;32],1,0,[1;128;-128;-1],1,0},{'M',[16;1;16;124],3,[1;1;1;1],0,[4;0;4;NaN],[17;144;-127;31],2,[NaN;NaN;NaN;2]},{'M',[17;8;-127;31],3,[1;1;1;1],0,[NaN;3;NaN;NaN],[17;144;-127;31],2,[0;NaN;0;0]},{'A',[-1;-7;143;155],4,[16;1;16;124],3,0,[-17;-8;127;31],3,0},{'M',[-1;-7;143;310],5,[-1;-7;143;155],4,[0;0;0;1]},{'M',[17;144;-1016;31],3,[17;144;-127;31],2,[0;0;3;0]},{'A',[-19;130;-730;589],6,[-1;-7;143;310],5,1,[-17;144;-1016;-31],3,0},{'M',[17;1;-127;1],3,[1;1;1;1],0,[NaN;0;NaN;0],[17;144;-127;31],2,[0;NaN;0;NaN]},{'M',[32;32;32;155],5,[1;1;1;1],0,[5;5;5;NaN],[-1;-7;143;155],4,[NaN;NaN;NaN;0]},{'A',[2;-30;-286;-153],6,[17;1;-127;1],3,1,[-32;-32;-32;-155],5,0},{'M',[8;-120;-1144;-153],7,[2;-30;-286;-153],6,[2;2;2;0]},{'M',[68;-60;1;1],7,[1;1;1;1],0,[NaN;NaN;0;0],[17;144;-127;31],2,[2;NaN;NaN;NaN],[2;-30;-286;-153],6,[NaN;1;NaN;NaN]},{'A',[100;-420;-4575;-611],8,[8;-120;-1144;-153],7,2,[68;60;1;1],7,0},{'M',[2;520;286;-153],7,[-1;-7;143;155],4,[NaN;NaN;1;NaN],[-19;130;-730;589],6,[NaN;2;NaN;NaN],[2;-30;-286;-153],6,[0;NaN;NaN;0]},{'M',[16;16;-127;16],3,[1;1;1;1],0,[4;4;NaN;4],[17;144;-127;31],2,[NaN;NaN;0;NaN]},{'A',[-14;536;413;-137],8,[2;520;286;-153],7,0,[-16;16;127;16],3,0},{'M',[-19;-420;-730;-611],9,[-19;130;-730;589],6,[0;NaN;0;NaN],[100;-420;-4575;-611],8,[NaN;0;NaN;0]},{'O',[19;420;730;611],9,[19;420;730;611],9,0},{'M',[-14;-112;-286;-137],9,[-1;-7;143;155],4,[NaN;4;NaN;NaN],[2;-30;-286;-153],6,[NaN;NaN;0;NaN],[-14;536;413;-137],8,[0;NaN;NaN;0]},{'O',[14;112;286;137],9,[14;112;286;137],9,0},{'M',[800;536;413;589],9,[-19;130;-730;589],6,[NaN;NaN;NaN;0],[100;-420;-4575;-611],8,[3;NaN;NaN;NaN],[-14;536;413;-137],8,[NaN;0;0;NaN]},{'O',[800;536;413;589],9,[800;536;413;589],9,0}}
Adder graph: {{'M',[1;1;16;16],1,[1;1;1;1],0,[0;0;4;4]},{'A',[7;7;127;129],2,[1;1;16;16],1,3,[-1;-1;-1;1],0,0},{'M',[2;2;1;1],1,[1;1;1;1],0,[1;1;0;0]},{'M',[7;1;1;129],3,[1;1;1;1],0,[NaN;0;0;NaN],[7;7;127;129],2,[0;NaN;NaN;0]},{'A',[25;33;15;-113],4,[2;2;1;1],1,4,[-7;1;-1;-129],3,0},{'M',[7;7;32;129],3,[1;1;1;1],0,[NaN;NaN;5;NaN],[7;7;127;129],2,[0;0;NaN;0]},{'M',[7;16384;127;8],3,[1;1;1;1],0,[NaN;14;NaN;3],[7;7;127;129],2,[0;NaN;0;NaN]},{'A',[14;16391;-95;137],4,[7;7;32;129],3,0,[7;16384;-127;8],3,0},{'M',[28;28;508;137],5,[7;7;127;129],2,[2;2;2;NaN],[14;16391;-95;137],4,[NaN;NaN;NaN;0]},{'M',[25;33;-95;-452],5,[25;33;15;-113],4,[0;0;NaN;2],[14;16391;-95;137],4,[NaN;NaN;0;NaN]},{'A',[3;-5;413;589],6,[28;28;508;137],5,0,[-25;-33;-95;452],5,0},{'M',[24;33;15;-113],7,[25;33;15;-113],4,[NaN;0;0;0],[3;-5;413;589],6,[3;NaN;NaN;NaN]},{'M',[1;1;256;256],1,[1;1;1;1],0,[0;0;8;8]},{'A',[47;67;286;-482],8,[24;33;15;-113],7,1,[-1;1;256;-256],1,0},{'M',[28;28;286;-482],9,[7;7;127;129],2,[2;2;NaN;NaN],[47;67;286;-482],8,[NaN;NaN;0;0]},{'M',[47;448;1016;129],9,[7;7;127;129],2,[NaN;6;3;0],[47;67;286;-482],8,[0;NaN;NaN;NaN]},{'A',[-19;-420;-730;-611],10,[28;28;286;-482],9,0,[-47;-448;-1016;-129],9,0},{'O',[19;420;730;611],10,[19;420;730;611],10,0},{'M',[14;112;286;137],9,[7;7;127;129],2,[NaN;4;NaN;NaN],[14;16391;-95;137],4,[0;NaN;NaN;0],[47;67;286;-482],8,[NaN;NaN;0;NaN]},{'O',[14;112;286;137],9,[14;112;286;137],9,0},{'M',[800;536;413;589],9,[25;33;15;-113],4,[5;NaN;NaN;NaN],[3;-5;413;589],6,[NaN;NaN;0;0],[47;67;286;-482],8,[NaN;3;NaN;NaN]},{'O',[800;536;413;589],9,[800;536;413;589],9,0}}
Adder graph: {{'M',[4;4;64;1],1,[1;1;1;1],0,[2;2;6;0]},{'M',[1;1;1;32],1,[1;1;1;1],0,[0;0;0;5]},{'A',[7;7;127;34],2,[4;4;64;1],1,1,[-1;-1;-1;32],1,0},{'M',[7;7;8;34],3,[1;1;1;1],0,[NaN;NaN;3;NaN],[7;7;127;34],2,[0;0;NaN;0]},{'M',[1;14;254;1],3,[1;1;1;1],0,[0;NaN;NaN;0],[7;7;127;34],2,[NaN;1;1;NaN]},{'A',[15;0;-238;67],4,[7;7;8;34],3,1,[1;-14;-254;-1],3,0},{'M',[15;14;254;67],5,[7;7;127;34],2,[NaN;1;1;NaN],[15;0;-238;67],4,[0;NaN;NaN;0]},{'M',[2;56;-238;272],5,[1;1;1;1],0,[1;NaN;NaN;NaN],[7;7;127;34],2,[NaN;3;NaN;3],[15;0;-238;67],4,[NaN;NaN;0;NaN]},{'A',[19;126;730;611],6,[15;14;254;67],5,0,[2;56;238;272],5,1},{'M',[32;126;32;611],7,[1;1;1;1],0,[5;NaN;5;NaN],[19;126;730;611],6,[NaN;0;NaN;0]},{'M',[64;7;127;64],3,[1;1;1;1],0,[6;NaN;NaN;6],[7;7;127;34],2,[NaN;0;0;NaN]},{'A',[160;112;286;483],8,[32;126;32;611],7,0,[64;-7;127;-64],3,1},{'M',[14;112;286;68],9,[7;7;127;34],2,[1;NaN;NaN;1],[160;112;286;483],8,[NaN;0;0;NaN]},{'M',[14;14;254;1],3,[1;1;1;1],0,[NaN;NaN;NaN;0],[7;7;127;34],2,[1;1;1;NaN]},{'A',[14;210;826;137],10,[14;112;286;68],9,1,[-14;-14;254;1],3,0},{'M',[240;16;127;1072],5,[1;1;1;1],0,[NaN;4;NaN;NaN],[7;7;127;34],2,[NaN;NaN;0;NaN],[15;0;-238;67],4,[4;NaN;NaN;4]},{'M',[160;252;286;483],9,[19;126;730;611],6,[NaN;1;NaN;NaN],[160;112;286;483],8,[0;NaN;0;0]},{'A',[400;268;413;589],10,[240;16;127;1072],5,0,[160;252;286;-483],9,0},{'M',[19;420;730;611],11,[19;126;730;611],6,[0;NaN;0;0],[14;210;826;137],10,[NaN;1;NaN;NaN]},{'O',[19;420;730;611],11,[19;420;730;611],11,0},{'M',[14;112;286;137],11,[160;112;286;483],8,[NaN;0;0;NaN],[14;210;826;137],10,[0;NaN;NaN;0]},{'O',[14;112;286;137],11,[14;112;286;137],11,0},{'M',[800;536;413;589],11,[400;268;413;589],10,[1;1;0;0]},{'O',[800;536;413;589],11,[800;536;413;589],11,0}}
Adder graph: {{'M',[1;1;128;1],1,[1;1;1;1],0,[0;0;7;0]},{'M',[4;1;1;4],1,[1;1;1;1],0,[2;0;0;2]},{'A',[-3;2;127;-3],2,[1;1;128;1],1,0,[-4;1;-1;-4],1,0},{'M',[-3;2;127;32],3,[1;1;1;1],0,[NaN;NaN;NaN;5],[-3;2;127;-3],2,[0;0;0;NaN]},{'M',[1;16;16;1],1,[1;1;1;1],0,[0;4;4;0]},{'A',[-25;32;1032;255],4,[-3;2;127;32],3,3,[-1;16;16;-1],1,0},{'M',[8;1;1;1],1,[1;1;1;1],0,[3;0;0;0]},{'A',[125;-14;143;-19],3,[-3;2;127;-3],2,0,[8;-1;1;-1],1,4},{'M',[-3;-448;127;-608],4,[-3;2;127;-3],2,[0;NaN;0;NaN],[125;-14;143;-19],3,[NaN;5;NaN;5]},{'M',[16;-28;286;-3],4,[1;1;1;1],0,[4;NaN;NaN;NaN],[-3;2;127;-3],2,[NaN;NaN;NaN;0],[125;-14;143;-19],3,[NaN;1;1;NaN]},{'A',[-19;-420;413;-611],5,[-3;-448;127;-608],4,0,[-16;28;286;-3],4,0},{'M',[-3;2;127;-19],4,[-3;2;127;-3],2,[0;0;0;NaN],[125;-14;143;-19],3,[NaN;NaN;NaN;0]},{'M',[-25;32;413;255],6,[-25;32;1032;255],4,[0;0;NaN;0],[-19;-420;413;-611],5,[NaN;NaN;0;NaN]},{'A',[-14;17;-143;-137],7,[-3;2;127;-19],4,-1,[-25;32;-413;-255],6,-1},{'M',[-3200;544;143;-19],8,[-25;32;1032;255],4,[7;NaN;NaN;NaN],[125;-14;143;-19],3,[NaN;NaN;0;0],[-14;17;-143;-137],7,[NaN;5;NaN;NaN]},{'M',[1000;2;127;-152],4,[-3;2;127;-3],2,[NaN;0;0;NaN],[125;-14;143;-19],3,[3;NaN;NaN;3]},{'A',[800;536;-365;589],9,[-3200;544;143;-19],8,0,[1000;-2;-127;152],4,2},{'M',[-19;-420;-730;-611],10,[-19;-420;413;-611],5,[0;0;NaN;0],[800;536;-365;589],9,[NaN;NaN;1;NaN]},{'O',[19;420;730;611],10,[19;420;730;611],10,0},{'M',[-14;-112;-286;-137],8,[125;-14;143;-19],3,[NaN;3;NaN;NaN],[-14;17;-143;-137],7,[0;NaN;1;0]},{'O',[14;112;286;137],8,[14;112;286;137],8,0},{'M',[800;536;413;589],10,[-19;-420;413;-611],5,[NaN;NaN;0;NaN],[800;536;-365;589],9,[0;0;NaN;0]},{'O',[800;536;413;589],10,[800;536;413;589],10,0}}
Adder graph: {{'M',[1;1024;1;1],1,[1;1;1;1],0,[0;10;0;0]},{'M',[1;1;16;1],1,[1;1;1;1],0,[0;0;4;0]},{'A',[9;1016;-127;9],2,[1;1024;1;1],1,0,[1;-1;-16;1],1,3},{'M',[9;1;-127;9],3,[1;1;1;1],0,[NaN;0;NaN;NaN],[9;1016;-127;9],2,[0;NaN;0;0]},{'M',[1;1;1;9],3,[1;1;1;1],0,[0;0;0;NaN],[9;1016;-127;9],2,[NaN;NaN;NaN;0]},{'A',[-7;-15;-143;153],4,[9;1;-127;9],3,0,[-1;-1;-1;9],3,4},{'M',[9;-480;-127;1],5,[1;1;1;1],0,[NaN;NaN;NaN;0],[9;1016;-127;9],2,[0;NaN;0;NaN],[-7;-15;-143;153],4,[NaN;5;NaN;NaN]},{'M',[-7;-15;-127;153],5,[9;1016;-127;9],2,[NaN;NaN;0;NaN],[-7;-15;-143;153],4,[0;0;NaN;0]},{'A',[-19;-420;-635;-611],6,[9;-480;-127;1],5,0,[-7;15;-127;-153],5,2},{'M',[18;1016;-254;9],3,[9;1016;-127;9],2,[1;0;1;0]},{'A',[50;984;-222;41],4,[18;1016;-254;9],3,0,[1;-1;1;1],0,5},{'M',[-7;16;-143;16],5,[1;1;1;1],0,[NaN;4;NaN;4],[-7;-15;-143;153],4,[0;NaN;0;NaN]},{'M',[-7;128;-222;153],5,[1;1;1;1],0,[NaN;7;NaN;NaN],[-7;-15;-143;153],4,[0;NaN;NaN;0],[50;984;-222;41],4,[NaN;NaN;0;NaN]},{'A',[0;-112;-365;-137],6,[-7;16;-143;16],5,0,[7;-128;-222;-153],5,0},{'M',[-19;-448;-635;-548],7,[-19;-420;-635;-611],6,[0;NaN;0;NaN],[0;-112;-365;-137],6,[NaN;2;NaN;2]},{'A',[31;536;413;589],8,[50;984;-222;41],4,0,[-19;-448;635;548],7,0},{'M',[-19;-420;-730;-611],7,[-19;-420;-635;-611],6,[0;0;NaN;0],[0;-112;-365;-137],6,[NaN;NaN;1;NaN]},{'O',[19;420;730;611],7,[19;420;730;611],7,0},{'M',[-14;-112;-286;-137],7,[-7;-15;-143;153],4,[1;NaN;1;NaN],[0;-112;-365;-137],6,[NaN;0;NaN;0]},{'O',[14;112;286;137],7,[14;112;286;137],7,0},{'M',[800;536;413;589],9,[50;984;-222;41],4,[4;NaN;NaN;NaN],[31;536;413;589],8,[NaN;0;0;0]},{'O',[800;536;413;589],9,[800;536;413;589],9,0}}
Adder graph: {{'M',[1;1;16;1],1,[1;1;1;1],0,[0;0;4;0]},{'A',[9;9;127;9],2,[1;1;16;1],1,3,[1;1;-1;1],0,0},{'M',[9;16;127;16],3,[1;1;1;1],0,[NaN;4;NaN;4],[9;9;127;9],2,[0;NaN;0;NaN]},{'M',[8;8;127;9],3,[1;1;1;1],0,[3;3;NaN;NaN],[9;9;127;9],2,[NaN;NaN;0;0]},{'A',[10;40;381;41],4,[9;16;127;16],3,1,[-8;8;127;9],3,0},{'A',[-78;322;-3016;-326],5,[1;1;16;1],1,1,[-10;40;-381;-41],4,3},{'M',[1;8;1;8],1,[1;1;1;1],0,[0;3;0;3]},{'M',[9;16;127;9],3,[1;1;1;1],0,[NaN;4;NaN;NaN],[9;9;127;9],2,[0;NaN;0;0]},{'A',[7;112;143;137],4,[1;8;1;8],1,4,[-9;-16;127;9],3,0},{'M',[144;144;8;137],5,[1;1;1;1],0,[NaN;NaN;3;NaN],[9;9;127;9],2,[4;4;NaN;NaN],[7;112;143;137],4,[NaN;NaN;NaN;0]},{'M',[224;40;381;41],5,[10;40;381;41],4,[NaN;0;0;0],[7;112;143;137],4,[5;NaN;NaN;NaN]},{'A',[800;536;413;589],6,[144;144;8;137],5,2,[224;-40;381;41],5,0},{'M',[9;224;286;41],5,[9;9;127;9],2,[0;NaN;NaN;NaN],[10;40;381;41],4,[NaN;NaN;NaN;0],[7;112;143;137],4,[NaN;1;1;NaN]},{'M',[14;322;508;-326],6,[9;9;127;9],2,[NaN;NaN;2;NaN],[-78;322;-3016;-326],5,[NaN;0;NaN;0],[7;112;143;137],4,[1;NaN;NaN;NaN]},{'A',[-19;-420;-730;-611],7,[9;224;286;41],5,0,[-14;-322;-508;-326],6,1},{'O',[19;420;730;611],7,[19;420;730;611],7,0},{'M',[14;112;286;137],5,[7;112;143;137],4,[1;0;1;0]},{'O',[14;112;286;137],5,[14;112;286;137],5,0},{'O',[800;536;413;589],6,[800;536;413;589],6,0}}
Adder graph: {{'M',[1;16;16;16],1,[1;1;1;1],0,[0;4;4;4]},{'A',[5;65;63;63],2,[1;16;16;16],1,2,[1;1;-1;-1],0,0},{'M',[1;1;8;1],1,[1;1;1;1],0,[0;0;3;0]},{'A',[15;15;127;17],2,[1;1;8;1],1,4,[-1;-1;-1;1],0,0},{'M',[15;64;127;17],3,[1;1;1;1],0,[NaN;6;NaN;NaN],[15;15;127;17],2,[0;NaN;0;0]},{'M',[4;4;4;63],3,[1;1;1;1],0,[2;2;2;NaN],[5;65;63;63],2,[NaN;NaN;NaN;0]},{'A',[14;112;270;286],4,[15;64;127;17],3,1,[-4;-4;4;63],3,2},{'M',[1;16;16;1],1,[1;1;1;1],0,[0;4;4;0]},{'M',[14;120;270;136],5,[15;15;127;17],2,[NaN;3;NaN;3],[14;112;270;286],4,[0;NaN;0;NaN]},{'A',[15;-104;286;137],6,[1;16;16;1],1,0,[14;-120;270;136],5,0},{'M',[20;260;270;286],5,[5;65;63;63],2,[2;2;NaN;NaN],[14;112;270;286],4,[NaN;NaN;0;0]},{'M',[15;16;127;17],3,[1;1;1;1],0,[NaN;4;NaN;NaN],[15;15;127;17],2,[0;NaN;0;0]},{'A',[25;536;413;589],6,[20;260;270;286],5,1,[-15;16;-127;17],3,0},{'M',[4;4;1016;63],3,[1;1;1;1],0,[2;2;NaN;NaN],[5;65;63;63],2,[NaN;NaN;NaN;0],[15;15;127;17],2,[NaN;NaN;3;NaN]},{'M',[15;-416;286;548],7,[15;-104;286;137],6,[0;2;0;2]},{'A',[19;420;730;611],8,[4;4;1016;63],3,0,[15;416;-286;548],7,0},{'O',[19;420;730;611],8,[19;420;730;611],8,0},{'M',[14;112;286;137],7,[14;112;270;286],4,[0;0;NaN;NaN],[15;-104;286;137],6,[NaN;NaN;0;0]},{'O',[14;112;286;137],7,[14;112;286;137],7,0},{'M',[800;536;413;589],7,[25;536;413;589],6,[5;0;0;0]},{'O',[800;536;413;589],7,[800;536;413;589],7,0}}
Adder graph: {{'A',[15;17;15;17],1,[1;1;1;1],0,4,[-1;1;-1;1],0,0},{'M',[1;1;64;1],1,[1;1;1;1],0,[0;0;6;0]},{'M',[8;8;15;17],2,[1;1;1;1],0,[3;3;NaN;NaN],[15;17;15;17],1,[NaN;NaN;0;0]},{'A',[-6;-6;143;19],3,[1;1;64;1],1,1,[-8;-8;15;17],2,0},{'M',[2;16;1;2],1,[1;1;1;1],0,[1;4;0;1]},{'A',[14;58;-139;-11],4,[2;16;1;2],1,2,[6;-6;-143;-19],3,0},{'M',[-768;-768;143;19],4,[-6;-6;143;19],3,[7;7;0;0]},{'M',[8;58;-139;152],5,[1;1;1;1],0,[3;NaN;NaN;NaN],[-6;-6;143;19],3,[NaN;NaN;NaN;3],[14;58;-139;-11],4,[NaN;0;0;NaN]},{'A',[-800;-536;-413;-589],6,[-768;-768;143;19],4,0,[-8;58;-139;-152],5,2},{'M',[-6;17;15;17],4,[15;17;15;17],1,[NaN;0;0;0],[-6;-6;143;19],3,[0;NaN;NaN;NaN]},{'M',[1;-24;572;1],4,[1;1;1;1],0,[0;NaN;NaN;0],[-6;-6;143;19],3,[NaN;2;2;NaN]},{'A',[-47;112;-452;137],5,[-6;17;15;17],4,3,[1;-24;-572;1],4,0},{'M',[-47;-536;-452;-589],7,[-800;-536;-413;-589],6,[NaN;0;NaN;0],[-47;112;-452;137],5,[0;NaN;0;NaN]},{'A',[-19;-420;-730;-611],8,[14;58;-139;-11],4,1,[-47;-536;-452;-589],7,0},{'O',[19;420;730;611],8,[19;420;730;611],8,0},{'M',[14;112;286;137],6,[-6;-6;143;19],3,[NaN;NaN;1;NaN],[14;58;-139;-11],4,[0;NaN;NaN;NaN],[-47;112;-452;137],5,[NaN;0;NaN;0]},{'O',[14;112;286;137],6,[14;112;286;137],6,0},{'O',[800;536;413;589],6,[800;536;413;589],6,0}}
Adder graph: {{'M',[8;1;1;1],1,[1;1;1;1],0,[3;0;0;0]},{'M',[1;64;64;64],1,[1;1;1;1],0,[0;6;6;6]},{'A',[10;-127;-127;129],2,[8;1;1;1],1,0,[1;-64;-64;64],1,1},{'M',[1;2;2;2],1,[1;1;1;1],0,[0;1;1;1]},{'A',[14;135;-119;137],3,[1;2;2;2],1,2,[10;127;-127;129],2,0},{'M',[8;8;-127;8],3,[1;1;1;1],0,[3;3;NaN;3],[10;-127;-127;129],2,[NaN;NaN;0;NaN]},{'M',[14;256;-119;137],4,[1;1;1;1],0,[NaN;8;NaN;NaN],[14;135;-119;137],3,[0;NaN;0;0]},{'A',[120;-960;-540;612],5,[8;8;-127;8],3,3,[14;-256;119;137],4,2},{'M',[10;1080;-127;129],4,[10;-127;-127;129],2,[0;NaN;0;0],[14;135;-119;137],3,[NaN;3;NaN;NaN]},{'M',[120;2048;-540;2048],6,[1;1;1;1],0,[NaN;11;NaN;11],[120;-960;-540;612],5,[0;NaN;0;NaN]},{'A',[-100;112;286;-1790],7,[10;1080;-127;129],4,1,[-120;-2048;540;-2048],6,0},{'A',[10;-536;-413;-589],8,[120;-960;-540;612],5,-1,[-100;-112;-286;-1790],7,-1},{'M',[1;540;-476;1],4,[1;1;1;1],0,[0;NaN;NaN;0],[14;135;-119;137],3,[NaN;2;2;NaN]},{'M',[20;-960;-254;612],6,[10;-127;-127;129],2,[1;NaN;1;NaN],[120;-960;-540;612],5,[NaN;0;NaN;0]},{'A',[-19;-420;-730;-611],7,[1;540;-476;1],4,0,[-20;-960;-254;-612],6,0},{'O',[19;420;730;611],7,[19;420;730;611],7,0},{'M',[14;112;286;137],8,[14;135;-119;137],3,[0;NaN;NaN;0],[-100;112;286;-1790],7,[NaN;0;0;NaN]},{'O',[14;112;286;137],8,[14;112;286;137],8,0},{'M',[-800;-536;-413;-589],9,[-100;112;286;-1790],7,[3;NaN;NaN;NaN],[10;-536;-413;-589],8,[NaN;0;0;0]},{'O',[800;536;413;589],9,[800;536;413;589],9,0}}
Adder graph: {{'M',[1;1;16;1],1,[1;1;1;1],0,[0;0;4;0]},{'A',[9;-7;-127;9],2,[1;1;1;1],0,0,[1;-1;-16;1],1,3},{'M',[9;128;-127;128],3,[1;1;1;1],0,[NaN;7;NaN;7],[9;-7;-127;9],2,[0;NaN;0;NaN]},{'M',[16;16;-127;9],3,[1;1;1;1],0,[4;4;NaN;NaN],[9;-7;-127;9],2,[NaN;NaN;0;0]},{'A',[25;112;0;137],4,[9;128;-127;128],3,0,[16;-16;127;9],3,0},{'A',[-14;196;-508;310],5,[9;-7;-127;9],2,2,[-25;112;0;137],4,1},{'M',[18;-56;-254;9],3,[9;-7;-127;9],2,[1;3;1;0]},{'A',[14;88;286;41],4,[1;1;1;1],0,5,[-18;56;254;9],3,0},{'M',[9;-28;286;9],5,[9;-7;-127;9],2,[0;2;NaN;0],[14;88;286;41],4,[NaN;NaN;0;NaN]},{'A',[-19;-420;-730;-611],6,[9;-28;286;9],5,0,[-14;-196;-508;-310],5,1},{'M',[100;448;-127;548],5,[9;-7;-127;9],2,[NaN;NaN;0;NaN],[25;112;0;137],4,[2;2;NaN;2]},{'A',[114;536;413;589],6,[14;88;286;41],4,0,[100;448;127;548],5,0},{'O',[19;420;730;611],6,[19;420;730;611],6,0},{'M',[14;112;286;137],5,[25;112;0;137],4,[NaN;0;NaN;0],[14;88;286;41],4,[0;NaN;0;NaN]},{'O',[14;112;286;137],5,[14;112;286;137],5,0},{'M',[800;536;413;589],7,[25;112;0;137],4,[5;NaN;NaN;NaN],[114;536;413;589],6,[NaN;0;0;0]},{'O',[800;536;413;589],7,[800;536;413;589],7,0}}
Adder graph: {{'M',[1;1;16;1],1,[1;1;1;1],0,[0;0;4;0]},{'A',[9;-7;-127;9],2,[1;1;1;1],0,0,[1;-1;-16;1],1,3},{'M',[1;8;1;8],1,[1;1;1;1],0,[0;3;0;3]},{'M',[9;16;-127;9],3,[1;1;1;1],0,[NaN;4;NaN;NaN],[9;-7;-127;9],2,[0;NaN;0;0]},{'A',[7;112;143;137],4,[1;8;1;8],1,4,[-9;-16;127;9],3,0},{'M',[9;224;-127;274],5,[9;-7;-127;9],2,[0;NaN;0;NaN],[7;112;143;137],4,[NaN;1;NaN;1]},{'A',[25;240;143;290],6,[1;1;1;1],0,4,[9;224;127;274],5,0},{'M',[72;-56;-127;9],3,[9;-7;-127;9],2,[3;3;0;0]},{'A',[-22;536;413;589],7,[25;240;143;290],6,1,[-72;56;127;9],3,0},{'M',[1;-28;-508;1],3,[1;1;1;1],0,[0;NaN;NaN;0],[9;-7;-127;9],2,[NaN;2;2;NaN]},{'M',[1;1;2;1],1,[1;1;1;1],0,[0;0;1;0]},{'A',[-31;-60;-444;-31],4,[1;-28;-508;1],3,0,[-1;-1;2;-1],1,5},{'A',[19;420;730;611],7,[25;240;143;290],6,1,[-31;-60;444;31],4,0},{'O',[19;420;730;611],7,[19;420;730;611],7,0},{'M',[14;112;286;137],5,[7;112;143;137],4,[1;0;1;0]},{'O',[14;112;286;137],5,[14;112;286;137],5,0},{'M',[800;536;413;589],8,[25;240;143;290],6,[5;NaN;NaN;NaN],[-22;536;413;589],7,[NaN;0;0;0]},{'O',[800;536;413;589],8,[800;536;413;589],8,0}}
Adder graph: {{'M',[1;1;16;1],1,[1;1;1;1],0,[0;0;4;0]},{'M',[1;64;1;1],1,[1;1;1;1],0,[0;6;0;0]},{'A',[9;-56;127;9],2,[1;1;16;1],1,3,[1;-64;-1;1],1,0},{'M',[1;8;1;8],1,[1;1;1;1],0,[0;3;0;3]},{'M',[9;16;127;9],3,[1;1;1;1],0,[NaN;4;NaN;NaN],[9;-56;127;9],2,[0;NaN;0;0]},{'A',[7;112;143;137],4,[1;8;1;8],1,4,[-9;-16;127;9],3,0},{'A',[30;240;270;290],5,[7;112;143;137],4,1,[1;1;-1;1],0,4},{'M',[8;1;8;1],1,[1;1;1;1],0,[3;0;3;0]},{'A',[50;116;286;22],3,[8;1;8;1],1,2,[9;56;127;9],2,1},{'A',[69;536;413;589],6,[30;240;270;290],5,1,[9;56;-127;9],2,0},{'M',[69;536;1016;589],7,[9;-56;127;9],2,[NaN;NaN;3;NaN],[69;536;413;589],6,[0;0;NaN;0]},{'A',[19;420;730;611],8,[69;536;1016;589],7,0,[-50;-116;-286;22],3,0},{'O',[19;420;730;611],8,[19;420;730;611],8,0},{'M',[14;112;286;137],5,[7;112;143;137],4,[1;0;1;0]},{'O',[14;112;286;137],5,[14;112;286;137],5,0},{'M',[800;536;413;589],7,[50;116;286;22],3,[4;NaN;NaN;NaN],[69;536;413;589],6,[NaN;0;0;0]},{'O',[800;536;413;589],7,[800;536;413;589],7,0}}
Finished solving after 7234.17 seconds
Adder graph: {{'M',[1;1;16;1],1,[1;1;1;1],0,[0;0;4;0]},{'M',[1;64;1;1],1,[1;1;1;1],0,[0;6;0;0]},{'A',[9;-56;127;9],2,[1;1;16;1],1,3,[1;-64;-1;1],1,0},{'M',[1;8;1;8],1,[1;1;1;1],0,[0;3;0;3]},{'M',[9;16;127;9],3,[1;1;1;1],0,[NaN;4;NaN;NaN],[9;-56;127;9],2,[0;NaN;0;0]},{'A',[7;112;143;137],4,[1;8;1;8],1,4,[-9;-16;127;9],3,0},{'A',[30;240;270;290],5,[7;112;143;137],4,1,[1;1;-1;1],0,4},{'M',[8;1;8;1],1,[1;1;1;1],0,[3;0;3;0]},{'A',[50;116;286;22],3,[8;1;8;1],1,2,[9;56;127;9],2,1},{'A',[69;536;413;589],6,[30;240;270;290],5,1,[9;56;-127;9],2,0},{'M',[69;536;1016;589],7,[9;-56;127;9],2,[NaN;NaN;3;NaN],[69;536;413;589],6,[0;0;NaN;0]},{'A',[19;420;730;611],8,[69;536;1016;589],7,0,[-50;-116;-286;22],3,0},{'O',[19;420;730;611],8,[19;420;730;611],8,0},{'M',[14;112;286;137],5,[7;112;143;137],4,[1;0;1;0]},{'O',[14;112;286;137],5,[14;112;286;137],5,0},{'M',[800;536;413;589],7,[50;116;286;22],3,[4;NaN;NaN;NaN],[69;536;413;589],6,[NaN;0;0;0]},{'O',[800;536;413;589],7,[800;536;413;589],7,0}}
# Add optimal = 1
# Mux optimal = 0
# FAs optimal = 0
