Adder graph: {{'M',[8;1;32;4],1,[1;1;1;1],0,[3;0;5;2]},{'M',[1;16;4;16],1,[1;1;1;1],0,[0;4;2;4]},{'A',[7;-15;28;-12],2,[8;1;32;4],1,0,[-1;-16;-4;-16],1,0},{'M',[7;-60;1;256],3,[1;1;1;1],0,[NaN;NaN;0;8],[7;-15;28;-12],2,[0;2;NaN;NaN]},{'M',[32;1;28;1],3,[1;1;1;1],0,[5;0;NaN;0],[7;-15;28;-12],2,[NaN;NaN;0;NaN]},{'A',[-25;-61;-27;255],4,[7;-60;1;256],3,0,[-32;-1;-28;-1],3,0},{'M',[224;-488;-108;-12],5,[7;-15;28;-12],2,[5;NaN;NaN;0],[-25;-61;-27;255],4,[NaN;3;2;NaN]},{'M',[-100;1;1;32],5,[1;1;1;1],0,[NaN;0;0;5],[-25;-61;-27;255],4,[2;NaN;NaN;NaN]},{'A',[324;-489;-107;-44],6,[224;-488;-108;-12],5,0,[100;-1;1;-32],5,0},{'M',[-200;128;-856;-12],7,[1;1;1;1],0,[NaN;7;NaN;NaN],[7;-15;28;-12],2,[NaN;NaN;NaN;0],[-25;-61;-27;255],4,[3;NaN;NaN;NaN],[324;-489;-107;-44],6,[NaN;NaN;3;NaN]},{'M',[64;-15;-54;255],5,[1;1;1;1],0,[6;NaN;NaN;NaN],[7;-15;28;-12],2,[NaN;0;NaN;NaN],[-25;-61;-27;255],4,[NaN;NaN;1;0]},{'A',[-264;113;-910;-267],8,[-200;128;-856;-12],7,0,[-64;-15;-54;-255],5,0},{'M',[16;-61;896;-176],7,[1;1;1;1],0,[4;NaN;NaN;NaN],[7;-15;28;-12],2,[NaN;NaN;5;NaN],[-25;-61;-27;255],4,[NaN;0;NaN;NaN],[324;-489;-107;-44],6,[NaN;NaN;NaN;2]},{'M',[2;-120;-27;2],5,[1;1;1;1],0,[1;NaN;NaN;1],[7;-15;28;-12],2,[NaN;3;NaN;NaN],[-25;-61;-27;255],4,[NaN;NaN;0;NaN]},{'A',[18;-181;923;-174],8,[16;-61;896;-176],7,0,[2;-120;27;2],5,0},{'M',[-264;-362;-910;-174],9,[-264;113;-910;-267],8,[0;NaN;0;NaN],[18;-181;923;-174],8,[NaN;1;NaN;0]},{'O',[264;362;910;174],9,[264;362;910;174],9,0},{'M',[-25;-489;-107;-267],9,[-25;-61;-27;255],4,[0;NaN;NaN;NaN],[324;-489;-107;-44],6,[NaN;0;0;NaN],[-264;113;-910;-267],8,[NaN;NaN;NaN;0]},{'O',[25;489;107;267],9,[25;489;107;267],9,0},{'M',[324;113;923;255],9,[-25;-61;-27;255],4,[NaN;NaN;NaN;0],[324;-489;-107;-44],6,[0;NaN;NaN;NaN],[-264;113;-910;-267],8,[NaN;0;NaN;NaN],[18;-181;923;-174],8,[NaN;NaN;0;NaN]},{'O',[324;113;923;255],9,[324;113;923;255],9,0}}
Adder graph: {{'M',[4;1;32;8],1,[1;1;1;1],0,[2;0;5;3]},{'M',[4;8;2;1],1,[1;1;1;1],0,[2;3;1;0]},{'A',[-4;-15;28;6],2,[4;1;32;8],1,0,[-4;-8;-2;-1],1,1},{'M',[16;128;1;256],1,[1;1;1;1],0,[4;7;0;8]},{'M',[1;-15;28;1],3,[1;1;1;1],0,[0;NaN;NaN;0],[-4;-15;28;6],2,[NaN;0;0;NaN]},{'A',[17;113;-27;255],4,[16;128;1;256],1,0,[1;-15;-28;-1],3,0},{'M',[34;-60;896;1],5,[1;1;1;1],0,[NaN;NaN;NaN;0],[-4;-15;28;6],2,[NaN;2;5;NaN],[17;113;-27;255],4,[1;NaN;NaN;NaN]},{'M',[-128;1;-27;12],5,[1;1;1;1],0,[NaN;0;NaN;NaN],[-4;-15;28;6],2,[5;NaN;NaN;1],[17;113;-27;255],4,[NaN;NaN;0;NaN]},{'A',[162;-61;923;-11],6,[34;-60;896;1],5,0,[128;-1;27;-12],5,0},{'M',[-8;-120;1;1],3,[1;1;1;1],0,[NaN;NaN;0;0],[-4;-15;28;6],2,[1;3;NaN;NaN]},{'M',[17;-61;-108;-88],7,[17;113;-27;255],4,[0;NaN;2;NaN],[162;-61;923;-11],6,[NaN;0;NaN;3]},{'A',[-25;-181;-107;-87],8,[-8;-120;1;1],3,0,[-17;-61;-108;-88],7,0},{'M',[-100;-488;-428;-11],9,[162;-61;923;-11],6,[NaN;3;NaN;0],[-25;-181;-107;-87],8,[2;NaN;2;NaN]},{'M',[-32;1;-27;256],5,[1;1;1;1],0,[NaN;0;NaN;8],[-4;-15;28;6],2,[3;NaN;NaN;NaN],[17;113;-27;255],4,[NaN;NaN;0;NaN]},{'A',[-132;-489;-455;-267],10,[-100;-488;-428;-11],9,0,[-32;-1;-27;-256],5,0},{'M',[-132;-181;-455;-87],11,[-25;-181;-107;-87],8,[NaN;0;NaN;0],[-132;-489;-455;-267],10,[0;NaN;0;NaN]},{'O',[264;362;910;174],11,[132;181;455;87],11,1},{'M',[-25;-489;-107;-267],11,[-25;-181;-107;-87],8,[0;NaN;0;NaN],[-132;-489;-455;-267],10,[NaN;0;NaN;0]},{'O',[25;489;107;267],11,[25;489;107;267],11,0},{'M',[324;113;923;255],7,[17;113;-27;255],4,[NaN;0;NaN;0],[162;-61;923;-11],6,[1;NaN;0;NaN]},{'O',[324;113;923;255],7,[324;113;923;255],7,0}}
Adder graph: {{'M',[1;1;8;2],1,[1;1;1;1],0,[0;0;3;1]},{'M',[4;16;1;4],1,[1;1;1;1],0,[2;4;0;2]},{'A',[-3;-15;7;6],2,[1;1;8;2],1,0,[-4;-16;-1;4],1,0},{'M',[128;1;28;1],3,[1;1;1;1],0,[7;0;NaN;0],[-3;-15;7;6],2,[NaN;NaN;2;NaN]},{'M',[4;-60;1;24],3,[1;1;1;1],0,[2;NaN;0;NaN],[-3;-15;7;6],2,[NaN;2;NaN;2]},{'A',[132;61;27;-23],4,[128;1;28;1],3,0,[4;60;-1;-24],3,0},{'M',[132;122;896;256],5,[1;1;1;1],0,[NaN;NaN;NaN;8],[-3;-15;7;6],2,[NaN;NaN;7;NaN],[132;61;27;-23],4,[0;1;NaN;NaN]},{'M',[-192;-240;14;1],3,[1;1;1;1],0,[NaN;NaN;NaN;0],[-3;-15;7;6],2,[6;4;1;NaN]},{'A',[324;362;910;255],6,[132;122;896;256],5,0,[192;240;14;-1],3,0},{'M',[-3;488;108;128],5,[1;1;1;1],0,[NaN;NaN;NaN;7],[-3;-15;7;6],2,[0;NaN;NaN;NaN],[132;61;27;-23],4,[NaN;3;2;NaN]},{'M',[8;1;1;-46],5,[1;1;1;1],0,[3;0;0;NaN],[132;61;27;-23],4,[NaN;NaN;NaN;1]},{'A',[-11;489;107;174],6,[-3;488;108;128],5,0,[-8;1;-1;46],5,0},{'M',[1;128;27;255],7,[1;1;1;1],0,[0;7;NaN;NaN],[132;61;27;-23],4,[NaN;NaN;0;NaN],[324;362;910;255],6,[NaN;NaN;NaN;0]},{'M',[-24;-15;896;12],3,[-3;-15;7;6],2,[3;0;7;1]},{'A',[25;113;923;267],8,[1;128;27;255],7,0,[24;-15;896;12],3,0},{'M',[264;362;910;174],7,[132;61;27;-23],4,[1;NaN;NaN;NaN],[324;362;910;255],6,[NaN;0;0;NaN],[-11;489;107;174],6,[NaN;NaN;NaN;0]},{'O',[264;362;910;174],7,[264;362;910;174],7,0},{'M',[25;489;107;267],9,[-11;489;107;174],6,[NaN;0;0;NaN],[25;113;923;267],8,[0;NaN;NaN;0]},{'O',[25;489;107;267],9,[25;489;107;267],9,0},{'M',[324;113;923;255],9,[324;362;910;255],6,[0;NaN;NaN;0],[25;113;923;267],8,[NaN;0;0;NaN]},{'O',[324;113;923;255],9,[324;113;923;255],9,0}}
Adder graph: {{'M',[2;1;8;1],1,[1;1;1;1],0,[1;0;3;0]},{'M',[32;16;1;4],1,[1;1;1;1],0,[5;4;0;2]},{'A',[34;-15;7;-3],2,[2;1;8;1],1,0,[32;-16;-1;-4],1,0},{'M',[1;-60;1;-3],3,[1;1;1;1],0,[0;NaN;0;NaN],[34;-15;7;-3],2,[NaN;2;NaN;0]},{'M',[34;1;28;32],3,[1;1;1;1],0,[NaN;0;NaN;5],[34;-15;7;-3],2,[0;NaN;2;NaN]},{'A',[-33;-61;-27;29],4,[1;-60;1;-3],3,0,[-34;-1;-28;32],3,0},{'M',[-66;-122;-27;64],5,[1;1;1;1],0,[NaN;NaN;NaN;6],[-33;-61;-27;29],4,[1;1;0;NaN]},{'A',[-265;-489;-107;255],6,[-66;-122;-27;64],5,2,[-1;-1;1;-1],0,0},{'M',[-33;-61;896;29],5,[34;-15;7;-3],2,[NaN;NaN;7;NaN],[-33;-61;-27;29],4,[0;0;NaN;0]},{'M',[8;-120;-27;116],5,[1;1;1;1],0,[3;NaN;NaN;NaN],[34;-15;7;-3],2,[NaN;3;NaN;NaN],[-33;-61;-27;29],4,[NaN;NaN;0;2]},{'A',[-25;-181;923;-87],6,[-33;-61;896;29],5,0,[8;-120;27;-116],5,0},{'M',[34;-15;-856;-12],7,[34;-15;7;-3],2,[0;0;NaN;2],[-265;-489;-107;255],6,[NaN;NaN;3;NaN]},{'M',[128;128;-54;255],7,[1;1;1;1],0,[7;7;NaN;NaN],[-33;-61;-27;29],4,[NaN;NaN;1;NaN],[-265;-489;-107;255],6,[NaN;NaN;NaN;0]},{'A',[162;113;-910;-267],8,[34;-15;-856;-12],7,0,[128;128;-54;-255],7,0},{'M',[-264;-362;-910;-174],9,[-33;-61;-27;29],4,[3;NaN;NaN;NaN],[-25;-181;923;-87],6,[NaN;1;NaN;1],[162;113;-910;-267],8,[NaN;NaN;0;NaN]},{'O',[264;362;910;174],9,[264;362;910;174],9,0},{'M',[-25;-489;-107;-267],9,[-265;-489;-107;255],6,[NaN;0;0;NaN],[-25;-181;923;-87],6,[0;NaN;NaN;NaN],[162;113;-910;-267],8,[NaN;NaN;NaN;0]},{'O',[25;489;107;267],9,[25;489;107;267],9,0},{'M',[324;113;923;255],9,[-265;-489;-107;255],6,[NaN;NaN;NaN;0],[-25;-181;923;-87],6,[NaN;NaN;0;NaN],[162;113;-910;-267],8,[1;0;NaN;NaN]},{'O',[324;113;923;255],9,[324;113;923;255],9,0}}
Adder graph: {{'M',[1;8;16;2],1,[1;1;1;1],0,[0;3;4;1]},{'M',[64;1;4;1],1,[1;1;1;1],0,[6;0;2;0]},{'A',[66;15;28;3],2,[1;8;16;2],1,1,[64;-1;-4;-1],1,0},{'M',[16;128;28;32],3,[1;1;1;1],0,[4;7;NaN;5],[66;15;28;3],2,[NaN;NaN;0;NaN]},{'M',[1;15;1;3],3,[1;1;1;1],0,[0;NaN;0;NaN],[66;15;28;3],2,[NaN;0;NaN;0]},{'A',[17;113;27;29],4,[16;128;28;32],3,0,[1;-15;-1;-3],3,0},{'M',[64;30;27;64],5,[1;1;1;1],0,[6;NaN;NaN;6],[66;15;28;3],2,[NaN;1;NaN;NaN],[17;113;27;29],4,[NaN;NaN;0;NaN]},{'M',[2;2;1;1],1,[1;1;1;1],0,[1;1;0;0]},{'A',[258;122;107;255],6,[64;30;27;64],5,2,[2;2;-1;-1],1,0},{'M',[68;122;896;116],7,[66;15;28;3],2,[NaN;NaN;5;NaN],[17;113;27;29],4,[2;NaN;NaN;2],[258;122;107;255],6,[NaN;0;NaN;NaN]},{'M',[256;240;27;58],5,[1;1;1;1],0,[8;NaN;NaN;NaN],[66;15;28;3],2,[NaN;4;NaN;NaN],[17;113;27;29],4,[NaN;NaN;0;1]},{'A',[324;362;923;174],8,[68;122;896;116],7,0,[256;240;27;58],5,0},{'M',[8;488;428;255],7,[1;1;1;1],0,[3;NaN;NaN;NaN],[258;122;107;255],6,[NaN;2;2;0]},{'M',[17;1;27;12],5,[1;1;1;1],0,[NaN;0;NaN;NaN],[66;15;28;3],2,[NaN;NaN;NaN;2],[17;113;27;29],4,[0;NaN;0;NaN]},{'A',[25;489;455;267],8,[8;488;428;255],7,0,[17;1;27;12],5,0},{'M',[264;362;910;174],9,[66;15;28;3],2,[2;NaN;NaN;NaN],[324;362;923;174],8,[NaN;0;NaN;0],[25;489;455;267],8,[NaN;NaN;1;NaN]},{'O',[264;362;910;174],9,[264;362;910;174],9,0},{'M',[25;489;107;267],9,[258;122;107;255],6,[NaN;NaN;0;NaN],[25;489;455;267],8,[0;0;NaN;0]},{'O',[25;489;107;267],9,[25;489;107;267],9,0},{'M',[324;113;923;255],9,[17;113;27;29],4,[NaN;0;NaN;NaN],[258;122;107;255],6,[NaN;NaN;NaN;0],[324;362;923;174],8,[0;NaN;0;NaN]},{'O',[324;113;923;255],9,[324;113;923;255],9,0}}
Adder graph: {{'M',[2;2;1;8],1,[1;1;1;1],0,[1;1;0;3]},{'A',[17;15;7;63],2,[2;2;1;8],1,3,[1;-1;-1;-1],0,0},{'M',[2;2;7;4],3,[1;1;1;1],0,[1;1;NaN;2],[17;15;7;63],2,[NaN;NaN;0;NaN]},{'M',[4;15;7;1],3,[1;1;1;1],0,[2;NaN;NaN;0],[17;15;7;63],2,[NaN;0;0;NaN]},{'A',[132;113;455;255],4,[2;2;7;4],3,6,[4;-15;7;-1],3,0},{'M',[68;60;14;1],3,[1;1;1;1],0,[NaN;NaN;NaN;0],[17;15;7;63],2,[2;2;1;NaN]},{'M',[34;2;1;8],3,[1;1;1;1],0,[NaN;1;0;3],[17;15;7;63],2,[1;NaN;NaN;NaN]},{'A',[170;122;27;-6],4,[68;60;14;1],3,1,[34;2;-1;-8],3,0},{'M',[17;122;27;63],5,[17;15;7;63],2,[0;NaN;NaN;0],[170;122;27;-6],4,[NaN;0;0;NaN]},{'M',[2;60;224;-6],5,[1;1;1;1],0,[1;NaN;NaN;NaN],[17;15;7;63],2,[NaN;2;5;NaN],[170;122;27;-6],4,[NaN;NaN;NaN;0]},{'A',[25;362;923;87],6,[17;122;27;63],5,0,[2;60;224;6],5,2},{'M',[170;488;108;255],5,[132;113;455;255],4,[NaN;NaN;NaN;0],[170;122;27;-6],4,[0;2;2;NaN]},{'M',[8;1;1;-12],5,[1;1;1;1],0,[3;0;0;NaN],[170;122;27;-6],4,[NaN;NaN;NaN;1]},{'A',[162;489;107;267],6,[170;488;108;255],5,0,[-8;1;-1;12],5,0},{'M',[264;362;910;174],7,[132;113;455;255],4,[1;NaN;1;NaN],[25;362;923;87],6,[NaN;0;NaN;1]},{'O',[264;362;910;174],7,[264;362;910;174],7,0},{'M',[25;489;107;267],7,[25;362;923;87],6,[0;NaN;NaN;NaN],[162;489;107;267],6,[NaN;0;0;0]},{'O',[25;489;107;267],7,[25;489;107;267],7,0},{'M',[324;113;923;255],7,[132;113;455;255],4,[NaN;0;NaN;0],[25;362;923;87],6,[NaN;NaN;0;NaN],[162;489;107;267],6,[1;NaN;NaN;NaN]},{'O',[324;113;923;255],7,[324;113;923;255],7,0}}
Adder graph: {{'M',[2;1;32;2],1,[1;1;1;1],0,[1;0;5;1]},{'M',[2;4;1;2],1,[1;1;1;1],0,[1;2;0;1]},{'A',[-6;-15;28;-6],2,[2;1;32;2],1,0,[-2;-4;-1;-2],1,2},{'M',[-12;-60;28;-6],3,[-6;-15;28;-6],2,[1;2;0;0]},{'M',[-48;1;1;-48],3,[1;1;1;1],0,[NaN;0;0;NaN],[-6;-15;28;-6],2,[3;NaN;NaN;3]},{'A',[-60;-61;27;42],4,[-12;-60;28;-6],3,0,[-48;-1;-1;48],3,0},{'M',[-24;-15;1;-6],3,[1;1;1;1],0,[NaN;NaN;0;NaN],[-6;-15;28;-6],2,[2;0;NaN;0]},{'M',[1;128;108;168],5,[1;1;1;1],0,[0;7;NaN;NaN],[-60;-61;27;42],4,[NaN;NaN;2;2]},{'A',[-25;113;-107;-174],6,[-24;-15;1;-6],3,0,[-1;128;-108;-168],5,0},{'M',[-60;-488;27;256],5,[1;1;1;1],0,[NaN;NaN;NaN;8],[-60;-61;27;42],4,[0;3;0;NaN]},{'M',[-384;1;896;1],3,[1;1;1;1],0,[NaN;0;NaN;0],[-6;-15;28;-6],2,[6;NaN;5;NaN]},{'A',[324;-489;923;255],6,[-60;-488;27;256],5,0,[384;-1;896;-1],3,0},{'M',[-96;-60;-214;-6],7,[-6;-15;28;-6],2,[4;2;NaN;0],[-25;113;-107;-174],6,[NaN;NaN;1;NaN]},{'M',[-60;-61;27;255],7,[-60;-61;27;42],4,[0;0;0;NaN],[324;-489;923;255],6,[NaN;NaN;NaN;0]},{'A',[-132;-181;-455;-267],8,[-96;-60;-214;-6],7,1,[60;-61;-27;-255],7,0},{'M',[-264;-362;-910;-174],9,[-25;113;-107;-174],6,[NaN;NaN;NaN;0],[-132;-181;-455;-267],8,[1;1;1;NaN]},{'O',[264;362;910;174],9,[264;362;910;174],9,0},{'M',[-25;-489;-107;-267],9,[-25;113;-107;-174],6,[0;NaN;0;NaN],[324;-489;923;255],6,[NaN;0;NaN;NaN],[-132;-181;-455;-267],8,[NaN;NaN;NaN;0]},{'O',[25;489;107;267],9,[25;489;107;267],9,0},{'M',[324;113;923;255],7,[-25;113;-107;-174],6,[NaN;0;NaN;NaN],[324;-489;923;255],6,[0;NaN;0;0]},{'O',[324;113;923;255],7,[324;113;923;255],7,0}}
Adder graph: {{'M',[1;2;1;1],1,[1;1;1;1],0,[0;1;0;0]},{'M',[4;1;1;4],1,[1;1;1;1],0,[2;0;0;2]},{'A',[12;15;7;12],2,[1;2;1;1],1,3,[4;-1;-1;4],1,0},{'M',[128;64;7;12],3,[1;1;1;1],0,[7;6;NaN;NaN],[12;15;7;12],2,[NaN;NaN;0;0]},{'M',[8;15;896;1],3,[1;1;1;1],0,[3;NaN;NaN;0],[12;15;7;12],2,[NaN;0;7;NaN]},{'A',[264;113;910;23],4,[128;64;7;12],3,1,[8;-15;896;-1],3,0},{'M',[24;1;14;64],3,[1;1;1;1],0,[NaN;0;NaN;6],[12;15;7;12],2,[1;NaN;1;NaN]},{'M',[1;120;1;46],5,[1;1;1;1],0,[0;NaN;0;NaN],[12;15;7;12],2,[NaN;3;NaN;NaN],[264;113;910;23],4,[NaN;NaN;NaN;1]},{'A',[47;122;27;174],6,[24;1;14;64],3,1,[-1;120;-1;46],5,0},{'M',[512;122;27;256],7,[1;1;1;1],0,[9;NaN;NaN;8],[47;122;27;174],6,[NaN;0;0;NaN]},{'M',[188;240;896;1],7,[1;1;1;1],0,[NaN;NaN;NaN;0],[12;15;7;12],2,[NaN;4;7;NaN],[47;122;27;174],6,[2;NaN;NaN;NaN]},{'A',[324;362;923;255],8,[512;122;27;256],7,0,[-188;240;896;-1],7,0},{'M',[24;488;108;12],7,[12;15;7;12],2,[1;NaN;NaN;0],[47;122;27;174],6,[NaN;2;2;NaN]},{'M',[1;1;1;255],9,[1;1;1;1],0,[0;0;0;NaN],[324;362;923;255],8,[NaN;NaN;NaN;0]},{'A',[25;489;107;267],10,[24;488;108;12],7,0,[1;1;-1;255],9,0},{'M',[264;362;910;174],9,[264;113;910;23],4,[0;NaN;0;NaN],[47;122;27;174],6,[NaN;NaN;NaN;0],[324;362;923;255],8,[NaN;0;NaN;NaN]},{'O',[264;362;910;174],9,[264;362;910;174],9,0},{'O',[25;489;107;267],10,[25;489;107;267],10,0},{'M',[324;113;923;255],9,[264;113;910;23],4,[NaN;0;NaN;NaN],[324;362;923;255],8,[0;NaN;0;0]},{'O',[324;113;923;255],9,[324;113;923;255],9,0}}
Adder graph: {{'M',[1;1;1;16],1,[1;1;1;1],0,[0;0;0;4]},{'M',[1;1;2;1],1,[1;1;1;1],0,[0;0;1;0]},{'A',[15;15;14;255],2,[1;1;1;16],1,4,[-1;-1;-2;-1],1,0},{'M',[1;1;14;1],3,[1;1;1;1],0,[0;0;NaN;0],[15;15;14;255],2,[NaN;NaN;0;NaN]},{'M',[1;120;1;1],3,[1;1;1;1],0,[0;NaN;0;0],[15;15;14;255],2,[NaN;3;NaN;NaN]},{'A',[3;122;27;3],4,[1;1;14;1],3,1,[1;120;-1;1],3,0},{'M',[384;122;14;384],5,[15;15;14;255],2,[NaN;NaN;0;NaN],[3;122;27;3],4,[7;0;NaN;7]},{'M',[60;120;448;255],3,[15;15;14;255],2,[2;3;5;0]},{'A',[264;362;910;894],6,[384;122;14;384],5,0,[-60;120;448;255],3,1},{'M',[6;32;27;3],5,[1;1;1;1],0,[NaN;5;NaN;NaN],[3;122;27;3],4,[1;NaN;0;0]},{'M',[1;15;1;255],3,[1;1;1;1],0,[0;NaN;0;NaN],[15;15;14;255],2,[NaN;0;NaN;0]},{'A',[25;113;107;267],6,[6;32;27;3],5,2,[1;-15;-1;255],3,0},{'M',[15;122;224;267],7,[15;15;14;255],2,[0;NaN;4;NaN],[3;122;27;3],4,[NaN;0;NaN;NaN],[25;113;107;267],6,[NaN;NaN;NaN;0]},{'M',[264;1;27;894],7,[1;1;1;1],0,[NaN;0;NaN;NaN],[3;122;27;3],4,[NaN;NaN;0;NaN],[264;362;910;894],6,[0;NaN;NaN;0]},{'A',[324;489;923;174],8,[15;122;224;267],7,2,[264;1;27;-894],7,0},{'M',[264;362;910;174],9,[264;362;910;894],6,[0;0;0;NaN],[324;489;923;174],8,[NaN;NaN;NaN;0]},{'O',[264;362;910;174],9,[264;362;910;174],9,0},{'M',[25;489;107;267],9,[25;113;107;267],6,[0;NaN;0;0],[324;489;923;174],8,[NaN;0;NaN;NaN]},{'O',[25;489;107;267],9,[25;489;107;267],9,0},{'M',[324;113;923;255],9,[15;15;14;255],2,[NaN;NaN;NaN;0],[25;113;107;267],6,[NaN;0;NaN;NaN],[324;489;923;174],8,[0;NaN;0;NaN]},{'O',[324;113;923;255],9,[324;113;923;255],9,0}}
Adder graph: {{'M',[1;1;8;4],1,[1;1;1;1],0,[0;0;3;2]},{'M',[16;16;1;16],1,[1;1;1;1],0,[4;4;0;4]},{'A',[17;-15;7;-12],2,[1;1;8;4],1,0,[16;-16;-1;-16],1,0},{'M',[256;-60;1;256],3,[1;1;1;1],0,[8;NaN;0;8],[17;-15;7;-12],2,[NaN;2;NaN;NaN]},{'M',[68;1;28;1],3,[1;1;1;1],0,[NaN;0;NaN;0],[17;-15;7;-12],2,[2;NaN;2;NaN]},{'A',[324;-61;-27;255],4,[256;-60;1;256],3,0,[68;-1;-28;-1],3,0},{'M',[17;-244;-54;-12],5,[17;-15;7;-12],2,[0;NaN;NaN;0],[324;-61;-27;255],4,[NaN;2;1;NaN]},{'M',[1;1;1;-192],3,[1;1;1;1],0,[0;0;0;NaN],[17;-15;7;-12],2,[NaN;NaN;NaN;4]},{'A',[33;-489;-107;168],6,[17;-244;-54;-12],5,1,[-1;-1;1;192],3,0},{'M',[8;-15;896;-12],3,[1;1;1;1],0,[3;NaN;NaN;NaN],[17;-15;7;-12],2,[NaN;0;7;0]},{'M',[33;128;-27;255],7,[1;1;1;1],0,[NaN;7;NaN;NaN],[324;-61;-27;255],4,[NaN;NaN;0;0],[33;-489;-107;168],6,[0;NaN;NaN;NaN]},{'A',[-25;113;923;-267],8,[8;-15;896;-12],3,0,[-33;128;27;-255],7,0},{'M',[4;-61;-428;168],7,[1;1;1;1],0,[2;NaN;NaN;NaN],[324;-61;-27;255],4,[NaN;0;NaN;NaN],[33;-489;-107;168],6,[NaN;NaN;2;0]},{'M',[136;-120;-27;255],5,[17;-15;7;-12],2,[3;3;NaN;NaN],[324;-61;-27;255],4,[NaN;NaN;0;0]},{'A',[-132;-181;-455;-87],8,[4;-61;-428;168],7,0,[-136;-120;-27;-255],5,0},{'O',[264;362;910;174],8,[132;181;455;87],8,1},{'M',[-25;-489;-107;-267],9,[33;-489;-107;168],6,[NaN;0;0;NaN],[-25;113;923;-267],8,[0;NaN;NaN;0]},{'O',[25;489;107;267],9,[25;489;107;267],9,0},{'M',[324;113;923;255],9,[324;-61;-27;255],4,[0;NaN;NaN;0],[-25;113;923;-267],8,[NaN;0;0;NaN]},{'O',[324;113;923;255],9,[324;113;923;255],9,0}}
Adder graph: {{'M',[8;1;8;256],1,[1;1;1;1],0,[3;0;3;8]},{'M',[1;16;1;1],1,[1;1;1;1],0,[0;4;0;0]},{'A',[7;-15;7;255],2,[8;1;8;256],1,0,[-1;-16;-1;-1],1,0},{'M',[1;-120;1;1],3,[1;1;1;1],0,[0;NaN;0;0],[7;-15;7;255],2,[NaN;3;NaN;NaN]},{'M',[1;1;14;2],3,[1;1;1;1],0,[0;0;NaN;1],[7;-15;7;255],2,[NaN;NaN;1;NaN]},{'A',[-1;-122;-27;-3],4,[1;-120;1;1],3,0,[-1;-1;-14;-2],3,1},{'M',[-8;-122;-27;-3],5,[-1;-122;-27;-3],4,[3;0;0;0]},{'M',[7;1;1;255],3,[1;1;1;1],0,[NaN;0;0;NaN],[7;-15;7;255],2,[0;NaN;NaN;0]},{'A',[-25;-489;-107;-267],6,[-8;-122;-27;-3],5,2,[7;-1;1;-255],3,0},{'M',[-200;-15;-856;255],7,[7;-15;7;255],2,[NaN;0;NaN;0],[-25;-489;-107;-267],6,[3;NaN;3;NaN]},{'M',[-32;64;-27;-96],5,[1;1;1;1],0,[NaN;6;NaN;NaN],[-1;-122;-27;-3],4,[5;NaN;0;5]},{'A',[-264;113;-910;447],8,[-200;-15;-856;255],7,0,[-32;64;-27;96],5,1},{'M',[112;-120;448;447],9,[7;-15;7;255],2,[4;3;6;NaN],[-264;113;-910;447],8,[NaN;NaN;NaN;0]},{'M',[-100;-122;-27;-1068],7,[-1;-122;-27;-3],4,[NaN;0;0;NaN],[-25;-489;-107;-267],6,[2;NaN;NaN;2]},{'A',[324;-362;923;-174],10,[112;-120;448;447],9,1,[100;-122;27;-1068],7,0},{'M',[-264;-362;-910;-174],11,[-264;113;-910;447],8,[0;NaN;0;NaN],[324;-362;923;-174],10,[NaN;0;NaN;0]},{'O',[264;362;910;174],11,[264;362;910;174],11,0},{'O',[25;489;107;267],6,[25;489;107;267],6,0},{'M',[324;113;923;255],11,[7;-15;7;255],2,[NaN;NaN;NaN;0],[-264;113;-910;447],8,[NaN;0;NaN;NaN],[324;-362;923;-174],10,[0;NaN;0;NaN]},{'O',[324;113;923;255],11,[324;113;923;255],11,0}}
Adder graph: {{'M',[1;2;1;2],1,[1;1;1;1],0,[0;1;0;1]},{'A',[7;15;7;15],2,[1;2;1;2],1,3,[-1;-1;-1;-1],0,0},{'M',[28;60;28;15],3,[7;15;7;15],2,[2;2;2;0]},{'M',[1;1;1;4],1,[1;1;1;1],0,[0;0;0;2]},{'A',[27;61;27;11],4,[28;60;28;15],3,0,[-1;1;-1;-4],1,0},{'M',[8;8;28;15],3,[1;1;1;1],0,[3;3;NaN;NaN],[7;15;7;15],2,[NaN;NaN;2;0]},{'M',[4;15;7;15],3,[1;1;1;1],0,[2;NaN;NaN;NaN],[7;15;7;15],2,[NaN;0;0;0]},{'A',[132;113;455;255],4,[8;8;28;15],3,4,[4;-15;7;15],3,0},{'M',[27;61;112;11],5,[7;15;7;15],2,[NaN;NaN;4;NaN],[27;61;27;11],4,[0;0;NaN;0]},{'M',[108;1;27;1],5,[1;1;1;1],0,[NaN;0;NaN;0],[27;61;27;11],4,[2;NaN;0;NaN]},{'A',[324;489;923;87],6,[27;61;112;11],5,3,[108;1;27;-1],5,0},{'M',[27;61;108;11],5,[27;61;27;11],4,[0;0;2;0]},{'M',[2;120;1;256],3,[1;1;1;1],0,[1;NaN;0;8],[7;15;7;15],2,[NaN;3;NaN;NaN]},{'A',[25;181;107;267],6,[27;61;108;11],5,0,[-2;120;-1;256],3,0},{'M',[132;181;455;87],7,[132;113;455;255],4,[0;NaN;0;NaN],[324;489;923;87],6,[NaN;NaN;NaN;0],[25;181;107;267],6,[NaN;0;NaN;NaN]},{'O',[264;362;910;174],7,[132;181;455;87],7,1},{'M',[25;489;107;267],7,[324;489;923;87],6,[NaN;0;NaN;NaN],[25;181;107;267],6,[0;NaN;0;0]},{'O',[25;489;107;267],7,[25;489;107;267],7,0},{'M',[324;113;923;255],7,[132;113;455;255],4,[NaN;0;NaN;0],[324;489;923;87],6,[0;NaN;0;NaN]},{'O',[324;113;923;255],7,[324;113;923;255],7,0}}
Adder graph: {{'M',[1;1;2;1],1,[1;1;1;1],0,[0;0;1;0]},{'M',[4;1;4;4],1,[1;1;1;1],0,[2;0;2;2]},{'A',[12;15;28;12],2,[1;1;2;1],1,4,[-4;-1;-4;-4],1,0},{'M',[12;1;28;12],3,[1;1;1;1],0,[NaN;0;NaN;NaN],[12;15;28;12],2,[0;NaN;0;0]},{'M',[48;60;1;1],3,[1;1;1;1],0,[NaN;NaN;0;0],[12;15;28;12],2,[2;2;NaN;NaN]},{'A',[60;61;27;11],4,[12;1;28;12],3,0,[48;60;-1;-1],3,0},{'M',[48;15;112;32],3,[1;1;1;1],0,[NaN;NaN;NaN;5],[12;15;28;12],2,[2;0;2;NaN]},{'A',[324;181;923;267],5,[48;15;112;32],3,3,[-60;61;27;11],4,0},{'M',[12;244;54;44],5,[12;15;28;12],2,[0;NaN;NaN;NaN],[60;61;27;11],4,[NaN;2;1;2]},{'A',[25;489;107;87],6,[12;244;54;44],5,1,[1;1;-1;-1],0,0},{'M',[64;128;54;267],6,[1;1;1;1],0,[6;7;NaN;NaN],[60;61;27;11],4,[NaN;NaN;1;NaN],[324;181;923;267],5,[NaN;NaN;NaN;0]},{'M',[200;15;856;12],7,[12;15;28;12],2,[NaN;0;NaN;0],[25;489;107;87],6,[3;NaN;3;NaN]},{'A',[264;113;910;255],8,[64;128;54;267],6,0,[200;-15;856;-12],7,0},{'M',[264;362;910;174],9,[324;181;923;267],5,[NaN;1;NaN;NaN],[25;489;107;87],6,[NaN;NaN;NaN;1],[264;113;910;255],8,[0;NaN;0;NaN]},{'O',[264;362;910;174],9,[264;362;910;174],9,0},{'M',[25;489;107;267],7,[324;181;923;267],5,[NaN;NaN;NaN;0],[25;489;107;87],6,[0;0;0;NaN]},{'O',[25;489;107;267],7,[25;489;107;267],7,0},{'M',[324;113;923;255],9,[324;181;923;267],5,[0;NaN;0;NaN],[264;113;910;255],8,[NaN;0;NaN;0]},{'O',[324;113;923;255],9,[324;113;923;255],9,0}}
Adder graph: {{'M',[2;2;1;1],1,[1;1;1;1],0,[1;1;0;0]},{'A',[17;15;7;9],2,[2;2;1;1],1,3,[1;-1;-1;1],0,0},{'M',[1;30;14;1],3,[1;1;1;1],0,[0;NaN;NaN;0],[17;15;7;9],2,[NaN;1;1;NaN]},{'M',[1;1;1;9],3,[1;1;1;1],0,[0;0;0;NaN],[17;15;7;9],2,[NaN;NaN;NaN;0]},{'A',[3;61;27;11],4,[1;30;14;1],3,1,[1;1;-1;9],3,0},{'M',[6;122;27;22],5,[3;61;27;11],4,[1;1;0;1]},{'A',[25;489;107;87],6,[6;122;27;22],5,2,[1;1;-1;-1],0,0},{'M',[2;1;7;2],3,[1;1;1;1],0,[1;0;NaN;1],[17;15;7;9],2,[NaN;NaN;0;NaN]},{'M',[68;15;27;11],5,[17;15;7;9],2,[2;0;NaN;NaN],[3;61;27;11],4,[NaN;NaN;0;0]},{'A',[324;113;923;267],6,[2;1;7;2],3,7,[68;-15;27;11],5,0},{'M',[128;61;27;128],5,[1;1;1;1],0,[7;NaN;NaN;7],[3;61;27;11],4,[NaN;0;0;NaN]},{'M',[8;240;856;1],7,[1;1;1;1],0,[3;NaN;NaN;0],[17;15;7;9],2,[NaN;4;NaN;NaN],[25;489;107;87],6,[NaN;NaN;3;NaN]},{'A',[264;362;910;255],8,[128;61;27;128],5,1,[8;240;856;-1],7,0},{'M',[264;362;910;174],9,[25;489;107;87],6,[NaN;NaN;NaN;1],[264;362;910;255],8,[0;0;0;NaN]},{'O',[264;362;910;174],9,[264;362;910;174],9,0},{'M',[25;489;107;267],7,[25;489;107;87],6,[0;0;0;NaN],[324;113;923;267],6,[NaN;NaN;NaN;0]},{'O',[25;489;107;267],7,[25;489;107;267],7,0},{'M',[324;113;923;255],9,[324;113;923;267],6,[0;0;0;NaN],[264;362;910;255],8,[NaN;NaN;NaN;0]},{'O',[324;113;923;255],9,[324;113;923;255],9,0}}
Adder graph: {{'M',[1;1;2;2],1,[1;1;1;1],0,[0;0;1;1]},{'A',[17;15;14;18],2,[1;1;1;1],0,4,[1;-1;-2;2],1,0},{'M',[2;30;14;2],3,[1;1;1;1],0,[1;NaN;NaN;1],[17;15;14;18],2,[NaN;1;0;NaN]},{'A',[3;61;27;3],4,[2;30;14;2],3,1,[-1;1;-1;-1],0,0},{'M',[4;2;14;4],3,[1;1;1;1],0,[2;1;NaN;2],[17;15;14;18],2,[NaN;NaN;0;NaN]},{'M',[68;15;27;1],5,[1;1;1;1],0,[NaN;NaN;NaN;0],[17;15;14;18],2,[2;0;NaN;NaN],[3;61;27;3],4,[NaN;NaN;0;NaN]},{'A',[324;113;923;255],6,[4;2;14;4],3,6,[68;-15;27;-1],5,0},{'M',[17;15;56;12],5,[17;15;14;18],2,[0;0;2;NaN],[3;61;27;3],4,[NaN;NaN;NaN;2]},{'M',[8;122;14;18],5,[1;1;1;1],0,[3;NaN;NaN;NaN],[17;15;14;18],2,[NaN;NaN;0;0],[3;61;27;3],4,[NaN;1;NaN;NaN]},{'A',[264;362;910;174],6,[17;15;56;12],5,4,[-8;122;14;-18],5,0},{'M',[6;122;27;3],5,[3;61;27;3],4,[1;1;0;0]},{'M',[1;1;1;255],7,[1;1;1;1],0,[0;0;0;NaN],[324;113;923;255],6,[NaN;NaN;NaN;0]},{'A',[25;489;107;267],8,[6;122;27;3],5,2,[1;1;-1;255],7,0},{'O',[264;362;910;174],6,[264;362;910;174],6,0},{'O',[25;489;107;267],8,[25;489;107;267],8,0},{'O',[324;113;923;255],6,[324;113;923;255],6,0}}
Adder graph: {{'M',[1;4;2;1],1,[1;1;1;1],0,[0;2;1;0]},{'A',[5;15;7;3],2,[1;4;2;1],1,2,[1;-1;-1;-1],0,0},{'M',[1;15;7;16],3,[1;1;1;1],0,[0;NaN;NaN;4],[5;15;7;3],2,[NaN;0;0;NaN]},{'A',[3;61;27;63],4,[1;15;7;16],3,2,[-1;1;-1;-1],0,0},{'M',[4;128;27;63],5,[1;1;1;1],0,[2;7;NaN;NaN],[3;61;27;63],4,[NaN;NaN;0;0]},{'M',[320;15;896;192],3,[5;15;7;3],2,[6;0;7;6]},{'A',[324;113;923;255],6,[4;128;27;63],5,0,[320;-15;896;192],3,0},{'M',[6;122;27;3],5,[5;15;7;3],2,[NaN;NaN;NaN;0],[3;61;27;63],4,[1;1;0;NaN]},{'M',[1;1;1;255],7,[1;1;1;1],0,[0;0;0;NaN],[324;113;923;255],6,[NaN;NaN;NaN;0]},{'A',[25;489;107;267],8,[6;122;27;3],5,2,[1;1;-1;255],7,0},{'M',[25;30;107;6],9,[5;15;7;3],2,[NaN;1;NaN;1],[25;489;107;267],8,[0;NaN;0;NaN]},{'M',[32;61;27;63],5,[1;1;1;1],0,[5;NaN;NaN;NaN],[3;61;27;63],4,[NaN;0;0;0]},{'A',[132;181;455;87],10,[25;30;107;6],9,2,[32;61;27;63],5,0},{'O',[264;362;910;174],10,[132;181;455;87],10,1},{'O',[25;489;107;267],8,[25;489;107;267],8,0},{'O',[324;113;923;255],6,[324;113;923;255],6,0}}
Adder graph: {{'M',[1;4;4;1],1,[1;1;1;1],0,[0;2;2;0]},{'M',[2;1;2;1],1,[1;1;1;1],0,[1;0;1;0]},{'A',[6;15;14;3],2,[1;4;4;1],1,2,[2;-1;-2;-1],1,0},{'M',[6;30;14;32],3,[1;1;1;1],0,[NaN;NaN;NaN;5],[6;15;14;3],2,[0;1;0;NaN]},{'M',[48;1;1;1],3,[1;1;1;1],0,[NaN;0;0;0],[6;15;14;3],2,[3;NaN;NaN;NaN]},{'A',[60;61;27;63],4,[6;30;14;32],3,1,[48;1;-1;-1],3,0},{'M',[6;2;14;3],3,[1;1;1;1],0,[NaN;1;NaN;NaN],[6;15;14;3],2,[0;NaN;0;0]},{'M',[60;15;27;63],5,[6;15;14;3],2,[NaN;0;NaN;NaN],[60;61;27;63],4,[0;NaN;0;0]},{'A',[324;113;923;255],6,[6;2;14;3],3,6,[-60;-15;27;63],5,0},{'M',[6;122;27;3],5,[6;15;14;3],2,[0;NaN;NaN;0],[60;61;27;63],4,[NaN;1;0;NaN]},{'M',[1;1;1;255],7,[1;1;1;1],0,[0;0;0;NaN],[324;113;923;255],6,[NaN;NaN;NaN;0]},{'A',[25;489;107;267],8,[6;122;27;3],5,2,[1;1;-1;255],7,0},{'M',[24;15;56;3],3,[6;15;14;3],2,[2;0;2;0]},{'M',[120;122;14;126],5,[6;15;14;3],2,[NaN;NaN;0;NaN],[60;61;27;63],4,[1;1;NaN;1]},{'A',[264;362;910;174],6,[24;15;56;3],3,4,[-120;122;14;126],5,0},{'O',[264;362;910;174],6,[264;362;910;174],6,0},{'O',[25;489;107;267],8,[25;489;107;267],8,0},{'O',[324;113;923;255],6,[324;113;923;255],6,0}}
Finished solving after 1715.16 seconds
Adder graph: {{'M',[1;4;4;1],1,[1;1;1;1],0,[0;2;2;0]},{'M',[2;1;2;1],1,[1;1;1;1],0,[1;0;1;0]},{'A',[6;15;14;3],2,[1;4;4;1],1,2,[2;-1;-2;-1],1,0},{'M',[6;30;14;32],3,[1;1;1;1],0,[NaN;NaN;NaN;5],[6;15;14;3],2,[0;1;0;NaN]},{'M',[48;1;1;1],3,[1;1;1;1],0,[NaN;0;0;0],[6;15;14;3],2,[3;NaN;NaN;NaN]},{'A',[60;61;27;63],4,[6;30;14;32],3,1,[48;1;-1;-1],3,0},{'M',[6;2;14;3],3,[1;1;1;1],0,[NaN;1;NaN;NaN],[6;15;14;3],2,[0;NaN;0;0]},{'M',[60;15;27;63],5,[6;15;14;3],2,[NaN;0;NaN;NaN],[60;61;27;63],4,[0;NaN;0;0]},{'A',[324;113;923;255],6,[6;2;14;3],3,6,[-60;-15;27;63],5,0},{'M',[6;122;27;3],5,[6;15;14;3],2,[0;NaN;NaN;0],[60;61;27;63],4,[NaN;1;0;NaN]},{'M',[1;1;1;255],7,[1;1;1;1],0,[0;0;0;NaN],[324;113;923;255],6,[NaN;NaN;NaN;0]},{'A',[25;489;107;267],8,[6;122;27;3],5,2,[1;1;-1;255],7,0},{'M',[24;15;56;3],3,[6;15;14;3],2,[2;0;2;0]},{'M',[120;122;14;126],5,[6;15;14;3],2,[NaN;NaN;0;NaN],[60;61;27;63],4,[1;1;NaN;1]},{'A',[264;362;910;174],6,[24;15;56;3],3,4,[-120;122;14;126],5,0},{'O',[264;362;910;174],6,[264;362;910;174],6,0},{'O',[25;489;107;267],8,[25;489;107;267],8,0},{'O',[324;113;923;255],6,[324;113;923;255],6,0}}
# Add optimal = 1
# Mux optimal = 1
# FAs optimal = 0
