Adder graph: {{'M',[1;4;16;4],1,[1;1;1;1],0,[0;2;4;2]},{'M',[8;8;1;128],1,[1;1;1;1],0,[3;3;0;7]},{'A',[17;20;14;-252],2,[1;4;16;4],1,0,[8;8;-1;-128],1,1},{'M',[17;40;448;16],3,[1;1;1;1],0,[NaN;NaN;NaN;4],[17;20;14;-252],2,[0;1;5;NaN]},{'M',[128;1;16;4],1,[1;1;1;1],0,[7;0;4;2]},{'A',[-222;78;864;24],4,[17;40;448;16],3,1,[-128;-1;-16;-4],1,1},{'M',[4;156;864;32],5,[1;1;1;1],0,[2;NaN;NaN;5],[-222;78;864;24],4,[NaN;1;0;NaN]},{'M',[17;1;14;2],3,[1;1;1;1],0,[NaN;0;NaN;1],[17;20;14;-252],2,[0;NaN;0;NaN]},{'A',[21;155;850;34],6,[4;156;864;32],5,0,[17;-1;-14;2],3,0},{'M',[1;1;1700;1],7,[1;1;1;1],0,[0;0;NaN;0],[21;155;850;34],6,[NaN;NaN;1;NaN]},{'M',[-222;156;448;-504],5,[17;20;14;-252],2,[NaN;NaN;5;1],[-222;78;864;24],4,[0;1;NaN;NaN]},{'A',[445;313;804;1009],8,[1;1;1700;1],7,0,[222;156;-448;504],5,1},{'M',[445;1248;850;1009],9,[-222;78;864;24],4,[NaN;4;NaN;NaN],[21;155;850;34],6,[NaN;NaN;0;NaN],[445;313;804;1009],8,[0;NaN;NaN;0]},{'M',[168;313;1;68],9,[1;1;1;1],0,[NaN;NaN;0;NaN],[21;155;850;34],6,[3;NaN;NaN;1],[445;313;804;1009],8,[NaN;0;NaN;NaN]},{'A',[613;935;851;941],10,[445;1248;850;1009],9,0,[168;-313;1;-68],9,0},{'M',[544;313;851;3072],11,[17;20;14;-252],2,[5;NaN;NaN;NaN],[-222;78;864;24],4,[NaN;NaN;NaN;7],[445;313;804;1009],8,[NaN;0;NaN;NaN],[613;935;851;941],10,[NaN;NaN;0;NaN]},{'M',[21;160;128;1],7,[1;1;1;1],0,[NaN;NaN;7;0],[17;20;14;-252],2,[NaN;3;NaN;NaN],[21;155;850;34],6,[0;NaN;NaN;NaN]},{'A',[565;473;723;3073],12,[544;313;851;3072],11,0,[21;160;-128;1],7,0},{'M',[565;473;723;48],13,[-222;78;864;24],4,[NaN;NaN;NaN;1],[565;473;723;3073],12,[0;0;0;NaN]},{'O',[565;473;723;48],13,[565;473;723;48],13,0},{'M',[445;935;851;34],11,[21;155;850;34],6,[NaN;NaN;NaN;0],[445;313;804;1009],8,[0;NaN;NaN;NaN],[613;935;851;941],10,[NaN;0;0;NaN]},{'O',[445;935;851;34],11,[445;935;851;34],11,0},{'M',[613;155;804;941],11,[21;155;850;34],6,[NaN;0;NaN;NaN],[445;313;804;1009],8,[NaN;NaN;0;NaN],[613;935;851;941],10,[0;NaN;NaN;0]},{'O',[613;155;804;941],11,[613;155;804;941],11,0}}
Adder graph: {{'M',[1;1;8;2],1,[1;1;1;1],0,[0;0;3;1]},{'M',[1;1;8;8],1,[1;1;1;1],0,[0;0;3;3]},{'A',[-3;5;40;34],2,[1;1;8;2],1,0,[-1;1;8;8],1,2},{'M',[-48;320;1;4],3,[1;1;1;1],0,[NaN;NaN;0;2],[-3;5;40;34],2,[4;6;NaN;NaN]},{'M',[8;2;80;1],3,[1;1;1;1],0,[3;1;NaN;0],[-3;5;40;34],2,[NaN;NaN;1;NaN]},{'A',[-56;318;81;3],4,[-48;320;1;4],3,0,[-8;-2;80;-1],3,0},{'M',[-3;5;160;24],5,[-3;5;40;34],2,[0;0;2;NaN],[-56;318;81;3],4,[NaN;NaN;NaN;3]},{'M',[-448;160;81;192],5,[-3;5;40;34],2,[NaN;5;NaN;NaN],[-56;318;81;3],4,[3;NaN;0;6]},{'A',[445;-155;241;-168],6,[-3;5;160;24],5,0,[448;-160;81;-192],5,0},{'M',[-112;32;40;272],5,[1;1;1;1],0,[NaN;5;NaN;NaN],[-3;5;40;34],2,[NaN;NaN;0;3],[-56;318;81;3],4,[1;NaN;NaN;NaN]},{'M',[445;320;241;3],7,[-3;5;40;34],2,[NaN;6;NaN;NaN],[-56;318;81;3],4,[NaN;NaN;NaN;0],[445;-155;241;-168],6,[0;NaN;0;NaN]},{'A',[-557;352;-201;269],8,[-112;32;40;272],5,0,[-445;320;-241;-3],7,0},{'M',[-56;318;964;-672],7,[-56;318;81;3],4,[0;0;NaN;NaN],[445;-155;241;-168],6,[NaN;NaN;2;2]},{'M',[-557;-155;241;269],9,[445;-155;241;-168],6,[NaN;0;0;NaN],[-557;352;-201;269],8,[0;NaN;NaN;0]},{'A',[-613;473;723;-941],10,[-56;318;964;-672],7,0,[-557;155;-241;-269],9,0},{'M',[-12;352;32;269],9,[1;1;1;1],0,[NaN;NaN;5;NaN],[-3;5;40;34],2,[2;NaN;NaN;NaN],[-557;352;-201;269],8,[NaN;0;NaN;0]},{'A',[565;935;851;135],11,[-12;352;32;269],9,2,[613;-473;723;-941],10,0},{'M',[565;473;723;48],12,[-56;318;81;3],4,[NaN;NaN;NaN;4],[-613;473;723;-941],10,[NaN;0;0;NaN],[565;935;851;135],11,[0;NaN;NaN;NaN]},{'O',[565;473;723;48],12,[565;473;723;48],12,0},{'M',[445;935;851;34],12,[-3;5;40;34],2,[NaN;NaN;NaN;0],[445;-155;241;-168],6,[0;NaN;NaN;NaN],[565;935;851;135],11,[NaN;0;0;NaN]},{'O',[445;935;851;34],12,[445;935;851;34],12,0},{'M',[-613;-155;-804;-941],11,[445;-155;241;-168],6,[NaN;0;NaN;NaN],[-557;352;-201;269],8,[NaN;NaN;2;NaN],[-613;473;723;-941],10,[0;NaN;NaN;0]},{'O',[613;155;804;941],11,[613;155;804;941],11,0}}
Adder graph: {{'M',[32;16;1;16],1,[1;1;1;1],0,[5;4;0;4]},{'M',[1;32;1;2],1,[1;1;1;1],0,[0;5;0;1]},{'A',[28;-112;5;8],2,[32;16;1;16],1,0,[-1;-32;1;-2],1,2},{'M',[1;1;1;32],1,[1;1;1;1],0,[0;0;0;5]},{'M',[1;1;80;256],3,[1;1;1;1],0,[0;0;NaN;8],[28;-112;5;8],2,[NaN;NaN;4;NaN]},{'A',[5;5;321;-992],4,[1;1;1;32],1,0,[1;1;80;-256],3,2},{'M',[5;10;80;1],5,[1;1;1;1],0,[NaN;NaN;NaN;0],[28;-112;5;8],2,[NaN;NaN;4;NaN],[5;5;321;-992],4,[0;1;NaN;NaN]},{'M',[448;-224;321;16],5,[28;-112;5;8],2,[4;1;NaN;1],[5;5;321;-992],4,[NaN;NaN;0;NaN]},{'A',[453;234;401;17],6,[5;10;80;1],5,0,[448;224;321;16],5,0},{'M',[453;936;401;4],7,[1;1;1;1],0,[NaN;NaN;NaN;2],[453;234;401;17],6,[0;2;0;NaN]},{'M',[8;1;1;8],1,[1;1;1;1],0,[3;0;0;3]},{'A',[445;935;402;12],8,[453;936;401;4],7,0,[-8;-1;1;8],1,0},{'M',[112;468;402;68],9,[28;-112;5;8],2,[2;NaN;NaN;NaN],[453;234;401;17],6,[NaN;1;NaN;2],[445;935;402;12],8,[NaN;NaN;0;NaN]},{'M',[453;5;321;-992],7,[5;5;321;-992],4,[NaN;0;0;0],[453;234;401;17],6,[0;NaN;NaN;NaN]},{'A',[565;473;723;-924],10,[112;468;402;68],9,0,[453;5;321;-992],7,0},{'M',[453;160;128;17],7,[1;1;1;1],0,[NaN;NaN;7;NaN],[5;5;321;-992],4,[NaN;5;NaN;NaN],[453;234;401;17],6,[0;NaN;NaN;0]},{'M',[160;5;723;-924],11,[5;5;321;-992],4,[5;0;NaN;NaN],[565;473;723;-924],10,[NaN;NaN;0;0]},{'A',[613;155;851;941],12,[453;160;128;17],7,0,[160;-5;723;924],11,0},{'M',[565;473;723;48],11,[445;935;402;12],8,[NaN;NaN;NaN;2],[565;473;723;-924],10,[0;0;0;NaN]},{'O',[565;473;723;48],11,[565;473;723;48],11,0},{'M',[445;935;851;34],13,[453;234;401;17],6,[NaN;NaN;NaN;1],[445;935;402;12],8,[0;0;NaN;NaN],[613;155;851;941],12,[NaN;NaN;0;NaN]},{'O',[445;935;851;34],13,[445;935;851;34],13,0},{'M',[613;155;804;941],13,[445;935;402;12],8,[NaN;NaN;1;NaN],[613;155;851;941],12,[0;0;NaN;0]},{'O',[613;155;804;941],13,[613;155;804;941],13,0}}
Adder graph: {{'M',[1;8;1;1],1,[1;1;1;1],0,[0;3;0;0]},{'M',[1;1;2;1],1,[1;1;1;1],0,[0;0;1;0]},{'A',[3;31;6;5],2,[1;8;1;1],1,2,[-1;-1;2;1],1,0},{'M',[3;248;1;5],3,[1;1;1;1],0,[NaN;NaN;0;NaN],[3;31;6;5],2,[0;3;NaN;0]},{'M',[192;31;192;40],3,[3;31;6;5],2,[6;0;5;3]},{'A',[-189;217;193;45],4,[3;248;1;5],3,0,[-192;-31;192;40],3,0},{'M',[384;217;193;16],5,[1;1;1;1],0,[NaN;NaN;NaN;4],[3;31;6;5],2,[7;NaN;NaN;NaN],[-189;217;193;45],4,[NaN;0;0;NaN]},{'M',[4;31;4;5],3,[1;1;1;1],0,[2;NaN;2;NaN],[3;31;6;5],2,[NaN;0;NaN;0]},{'A',[376;155;201;6],6,[384;217;193;16],5,0,[-4;-31;4;-5],3,1},{'M',[376;128;402;12],7,[1;1;1;1],0,[NaN;7;NaN;NaN],[376;155;201;6],6,[0;NaN;1;1]},{'M',[-189;217;193;16],5,[1;1;1;1],0,[NaN;NaN;NaN;4],[-189;217;193;45],4,[0;0;0;NaN]},{'A',[565;-89;595;28],8,[376;128;402;12],7,0,[189;-217;193;16],5,0},{'M',[24;512;128;5],3,[1;1;1;1],0,[NaN;9;7;NaN],[3;31;6;5],2,[3;NaN;NaN;0]},{'M',[565;-89;595;24],9,[376;155;201;6],6,[NaN;NaN;NaN;2],[565;-89;595;28],8,[0;0;0;NaN]},{'A',[613;935;851;34],10,[24;512;128;5],3,1,[565;-89;595;24],9,0},{'M',[8;8;4;28],9,[1;1;1;1],0,[3;3;2;NaN],[565;-89;595;28],8,[NaN;NaN;NaN;0]},{'M',[-189;217;595;45],9,[-189;217;193;45],4,[0;0;NaN;0],[565;-89;595;28],8,[NaN;NaN;0;NaN]},{'A',[445;473;723;941],10,[8;8;4;28],9,5,[189;217;595;45],9,0},{'M',[565;473;723;48],11,[376;155;201;6],6,[NaN;NaN;NaN;3],[565;-89;595;28],8,[0;NaN;NaN;NaN],[445;473;723;941],10,[NaN;0;0;NaN]},{'O',[565;473;723;48],11,[565;473;723;48],11,0},{'M',[445;935;851;34],11,[613;935;851;34],10,[NaN;0;0;0],[445;473;723;941],10,[0;NaN;NaN;NaN]},{'O',[445;935;851;34],11,[445;935;851;34],11,0},{'M',[613;155;804;941],11,[376;155;201;6],6,[NaN;0;2;NaN],[613;935;851;34],10,[0;NaN;NaN;NaN],[445;473;723;941],10,[NaN;NaN;NaN;0]},{'O',[613;155;804;941],11,[613;155;804;941],11,0}}
Adder graph: {{'M',[1;2;2;2],1,[1;1;1;1],0,[0;1;1;1]},{'M',[16;1;1;16],1,[1;1;1;1],0,[4;0;0;4]},{'A',[-14;5;5;-12],2,[1;2;2;2],1,1,[-16;1;1;-16],1,0},{'M',[1;20;5;-12],3,[1;1;1;1],0,[0;NaN;NaN;NaN],[-14;5;5;-12],2,[NaN;2;0;0]},{'M',[1;2;1024;1],1,[1;1;1;1],0,[0;1;10;0]},{'A',[3;78;1044;-49],4,[1;20;5;-12],3,2,[-1;-2;1024;-1],1,0},{'M',[-56;78;160;-384],5,[-14;5;5;-12],2,[2;NaN;5;5],[3;78;1044;-49],4,[NaN;0;NaN;NaN]},{'M',[1;624;1;1],5,[1;1;1;1],0,[0;NaN;0;0],[3;78;1044;-49],4,[NaN;3;NaN;NaN]},{'A',[-113;-468;321;-767],6,[-56;78;160;-384],5,1,[-1;-624;1;1],5,0},{'M',[-448;-468;321;32],7,[1;1;1;1],0,[NaN;NaN;NaN;5],[-14;5;5;-12],2,[5;NaN;NaN;NaN],[-113;-468;321;-767],6,[NaN;0;0;NaN]},{'M',[3;5;1044;-49],5,[-14;5;5;-12],2,[NaN;0;NaN;NaN],[3;78;1044;-49],4,[0;NaN;0;0]},{'A',[-445;-473;-723;-17],8,[-448;-468;321;32],7,0,[3;-5;-1044;-49],5,0},{'M',[-452;-936;-723;-272],9,[-113;-468;321;-767],6,[2;1;NaN;NaN],[-445;-473;-723;-17],8,[NaN;NaN;0;4]},{'M',[-113;1;128;-767],7,[1;1;1;1],0,[NaN;0;7;NaN],[-113;-468;321;-767],6,[0;NaN;NaN;0]},{'A',[-565;-935;-851;-1039],10,[-452;-936;-723;-272],9,0,[-113;1;-128;-767],7,0},{'M',[24;78;1044;-49],5,[3;78;1044;-49],4,[3;0;0;0]},{'M',[-565;1;1284;-1039],11,[1;1;1;1],0,[NaN;0;NaN;NaN],[-113;-468;321;-767],6,[NaN;NaN;2;NaN],[-565;-935;-851;-1039],10,[0;NaN;NaN;0]},{'A',[613;155;804;941],12,[24;78;1044;-49],5,1,[565;-1;-1284;1039],11,0},{'M',[-565;-473;-723;-48],11,[-14;5;5;-12],2,[NaN;NaN;NaN;2],[-445;-473;-723;-17],8,[NaN;0;0;NaN],[-565;-935;-851;-1039],10,[0;NaN;NaN;NaN]},{'O',[565;473;723;48],11,[565;473;723;48],11,0},{'M',[-445;-935;-851;-34],11,[-445;-473;-723;-17],8,[0;NaN;NaN;1],[-565;-935;-851;-1039],10,[NaN;0;0;NaN]},{'O',[445;935;851;34],11,[445;935;851;34],11,0},{'O',[613;155;804;941],12,[613;155;804;941],12,0}}
Adder graph: {{'A',[3;5;3;5],1,[1;1;1;1],0,2,[-1;1;-1;1],0,0},{'M',[4;5;3;5],2,[1;1;1;1],0,[2;NaN;NaN;NaN],[3;5;3;5],1,[NaN;0;0;0]},{'M',[3;128;3;128],2,[1;1;1;1],0,[NaN;7;NaN;7],[3;5;3;5],1,[0;NaN;0;NaN]},{'A',[61;-48;51;-48],3,[4;5;3;5],2,4,[-3;-128;3;-128],2,0},{'M',[16;5;1;1],2,[1;1;1;1],0,[4;NaN;0;0],[3;5;3;5],1,[NaN;0;NaN;NaN]},{'M',[61;160;51;40],4,[3;5;3;5],1,[NaN;5;NaN;3],[61;-48;51;-48],3,[0;NaN;0;NaN]},{'A',[77;-155;-50;-39],5,[16;5;1;1],2,0,[61;-160;-51;-40],4,0},{'M',[61;-310;51;2],6,[1;1;1;1],0,[NaN;NaN;NaN;1],[61;-48;51;-48],3,[0;NaN;0;NaN],[77;-155;-50;-39],5,[NaN;1;NaN;NaN]},{'M',[384;-155;-800;32],6,[1;1;1;1],0,[NaN;NaN;NaN;5],[3;5;3;5],1,[7;NaN;NaN;NaN],[77;-155;-50;-39],5,[NaN;0;4;NaN]},{'A',[445;-465;851;34],7,[61;-310;51;2],6,0,[384;-155;800;32],6,0},{'M',[3;5;128;5],2,[1;1;1;1],0,[NaN;NaN;7;NaN],[3;5;3;5],1,[0;0;NaN;0]},{'M',[616;-930;851;-312],8,[77;-155;-50;-39],5,[3;NaN;NaN;3],[445;-465;851;34],7,[NaN;1;0;NaN]},{'A',[-613;935;-723;317],9,[3;5;128;5],2,0,[-616;930;-851;312],8,0},{'M',[48;-465;-800;-624],8,[3;5;3;5],1,[4;NaN;NaN;NaN],[77;-155;-50;-39],5,[NaN;NaN;4;4],[445;-465;851;34],7,[NaN;0;NaN;NaN]},{'M',[-613;8;4;317],10,[1;1;1;1],0,[NaN;3;2;NaN],[-613;935;-723;317],9,[0;NaN;NaN;0]},{'A',[-565;-473;-804;-941],11,[48;-465;-800;-624],8,0,[-613;-8;-4;-317],10,0},{'M',[-565;-473;-723;-48],12,[61;-48;51;-48],3,[NaN;NaN;NaN;0],[-613;935;-723;317],9,[NaN;NaN;0;NaN],[-565;-473;-804;-941],11,[0;0;NaN;NaN]},{'O',[565;473;723;48],12,[565;473;723;48],12,0},{'M',[445;935;851;34],10,[445;-465;851;34],7,[0;NaN;0;0],[-613;935;-723;317],9,[NaN;0;NaN;NaN]},{'O',[445;935;851;34],10,[445;935;851;34],10,0},{'M',[-613;-155;-804;-941],12,[77;-155;-50;-39],5,[NaN;0;NaN;NaN],[-613;935;-723;317],9,[0;NaN;NaN;NaN],[-565;-473;-804;-941],11,[NaN;NaN;0;0]},{'O',[613;155;804;941],12,[613;155;804;941],12,0}}
Adder graph: {{'A',[3;5;3;3],1,[1;1;1;1],0,2,[-1;1;-1;-1],0,0},{'M',[3;10;48;3],2,[3;5;3;3],1,[0;1;4;0]},{'M',[8;5;3;3],2,[1;1;1;1],0,[3;NaN;NaN;NaN],[3;5;3;3],1,[NaN;0;0;0]},{'A',[40;155;771;45],3,[3;10;48;3],2,4,[-8;-5;3;-3],2,0},{'M',[640;1;768;2],4,[1;1;1;1],0,[NaN;0;NaN;1],[3;5;3;3],1,[NaN;NaN;8;NaN],[40;155;771;45],3,[4;NaN;NaN;NaN]},{'M',[3;1240;24;16],4,[1;1;1;1],0,[NaN;NaN;NaN;4],[3;5;3;3],1,[0;NaN;3;NaN],[40;155;771;45],3,[NaN;3;NaN;NaN]},{'A',[637;1241;792;-14],5,[640;1;768;2],4,0,[-3;1240;24;-16],4,0},{'M',[637;155;792;45],6,[40;155;771;45],3,[NaN;0;NaN;0],[637;1241;792;-14],5,[0;NaN;0;NaN]},{'M',[12;1;6;-448],6,[1;1;1;1],0,[NaN;0;NaN;NaN],[3;5;3;3],1,[2;NaN;1;NaN],[637;1241;792;-14],5,[NaN;NaN;NaN;5]},{'A',[613;153;804;941],7,[637;155;792;45],6,0,[-12;-1;6;448],6,1},{'M',[613;320;771;192],8,[3;5;3;3],1,[NaN;6;NaN;6],[40;155;771;45],3,[NaN;NaN;0;NaN],[613;153;804;941],7,[0;NaN;NaN;NaN]},{'M',[48;153;48;941],8,[3;5;3;3],1,[4;NaN;4;NaN],[613;153;804;941],7,[NaN;0;NaN;0]},{'A',[565;473;723;-749],9,[613;320;771;192],8,0,[-48;153;-48;-941],8,0},{'M',[637;1241;128;-14],6,[1;1;1;1],0,[NaN;NaN;7;NaN],[637;1241;792;-14],5,[0;0;NaN;0]},{'M',[192;306;723;48],10,[3;5;3;3],1,[6;NaN;NaN;4],[613;153;804;941],7,[NaN;1;NaN;NaN],[565;473;723;-749],9,[NaN;NaN;0;NaN]},{'A',[445;935;851;34],11,[637;1241;128;-14],6,0,[-192;-306;723;48],10,0},{'M',[565;473;723;48],10,[3;5;3;3],1,[NaN;NaN;NaN;4],[565;473;723;-749],9,[0;0;0;NaN]},{'O',[565;473;723;48],10,[565;473;723;48],10,0},{'O',[445;935;851;34],11,[445;935;851;34],11,0},{'M',[613;155;804;941],8,[40;155;771;45],3,[NaN;0;NaN;NaN],[613;153;804;941],7,[0;NaN;0;0]},{'O',[613;155;804;941],8,[613;155;804;941],8,0}}
Adder graph: {{'M',[128;32;1;1],1,[1;1;1;1],0,[7;5;0;0]},{'M',[1;1;2;2],1,[1;1;1;1],0,[0;0;1;1]},{'A',[120;40;-15;17],2,[128;32;1;1],1,0,[-1;1;-2;2],1,3},{'M',[240;80;1;34],3,[1;1;1;1],0,[NaN;NaN;0;NaN],[120;40;-15;17],2,[1;1;NaN;1]},{'M',[64;1;-120;64],3,[1;1;1;1],0,[6;0;NaN;6],[120;40;-15;17],2,[NaN;NaN;3;NaN]},{'A',[112;78;241;-94],4,[240;80;1;34],3,0,[-64;-1;120;-64],3,1},{'M',[1;78;241;1],5,[1;1;1;1],0,[0;NaN;NaN;0],[112;78;241;-94],4,[NaN;0;0;NaN]},{'M',[1;1;241;1],5,[1;1;1;1],0,[0;0;NaN;0],[112;78;241;-94],4,[NaN;NaN;0;NaN]},{'A',[3;313;723;3],6,[1;78;241;1],5,2,[-1;1;-241;-1],5,0},{'M',[112;312;32;-188],5,[1;1;1;1],0,[NaN;NaN;5;NaN],[112;78;241;-94],4,[0;2;NaN;1]},{'A',[445;935;851;-749],7,[112;312;32;-188],5,2,[-3;-313;723;3],6,0},{'M',[120;313;-15;17],7,[120;40;-15;17],2,[0;NaN;0;0],[3;313;723;3],6,[NaN;0;NaN;NaN]},{'M',[445;160;851;68],8,[120;40;-15;17],2,[NaN;2;NaN;2],[445;935;851;-749],7,[0;NaN;0;NaN]},{'A',[565;473;836;85],9,[120;313;-15;17],7,0,[445;160;851;68],8,0},{'M',[565;156;836;192],10,[112;78;241;-94],4,[NaN;1;NaN;NaN],[3;313;723;3],6,[NaN;NaN;NaN;6],[565;473;836;85],9,[0;NaN;0;NaN]},{'M',[48;1;32;-749],8,[1;1;1;1],0,[NaN;0;5;NaN],[3;313;723;3],6,[4;NaN;NaN;NaN],[445;935;851;-749],7,[NaN;NaN;NaN;0]},{'A',[613;155;804;941],11,[565;156;836;192],10,0,[48;-1;-32;749],8,0},{'M',[565;473;723;48],10,[3;313;723;3],6,[NaN;NaN;0;4],[565;473;836;85],9,[0;0;NaN;NaN]},{'O',[565;473;723;48],10,[565;473;723;48],10,0},{'M',[445;935;851;34],8,[120;40;-15;17],2,[NaN;NaN;NaN;1],[445;935;851;-749],7,[0;0;0;NaN]},{'O',[445;935;851;34],8,[445;935;851;34],8,0},{'O',[613;155;804;941],11,[613;155;804;941],11,0}}
Adder graph: {{'M',[1;1;32;2],1,[1;1;1;1],0,[0;0;5;1]},{'A',[7;9;257;15],2,[1;1;32;2],1,3,[-1;1;1;-1],0,0},{'A',[11;5;261;19],3,[7;9;257;15],2,0,[1;-1;1;1],0,2},{'M',[448;160;257;960],4,[7;9;257;15],2,[6;NaN;0;6],[11;5;261;19],3,[NaN;5;NaN;NaN]},{'M',[11;5;64;19],4,[1;1;1;1],0,[NaN;NaN;6;NaN],[11;5;261;19],3,[0;0;NaN;0]},{'A',[437;155;193;941],5,[448;160;257;960],4,0,[-11;-5;-64;-19],4,0},{'M',[437;155;193;38],6,[11;5;261;19],3,[NaN;NaN;NaN;1],[437;155;193;941],5,[0;0;0;NaN]},{'M',[4;155;4;2],6,[1;1;1;1],0,[2;NaN;2;1],[437;155;193;941],5,[NaN;0;NaN;NaN]},{'A',[445;465;201;34],7,[437;155;193;38],6,0,[4;155;4;-2],6,1},{'M',[176;5;1044;76],4,[11;5;261;19],3,[4;0;2;2]},{'M',[437;930;193;68],8,[437;155;193;941],5,[0;NaN;0;NaN],[445;465;201;34],7,[NaN;1;NaN;1]},{'A',[613;935;851;144],9,[176;5;1044;76],4,0,[437;930;-193;68],8,0},{'M',[437;8;522;288],10,[1;1;1;1],0,[NaN;3;NaN;NaN],[11;5;261;19],3,[NaN;NaN;1;NaN],[437;155;193;941],5,[0;NaN;NaN;NaN],[613;935;851;144],9,[NaN;NaN;NaN;1]},{'M',[128;465;201;240],8,[1;1;1;1],0,[7;NaN;NaN;NaN],[7;9;257;15],2,[NaN;NaN;NaN;4],[445;465;201;34],7,[NaN;0;0;NaN]},{'A',[565;473;723;48],11,[437;8;522;288],10,0,[128;465;201;-240],8,0},{'O',[565;473;723;48],11,[565;473;723;48],11,0},{'M',[445;935;851;34],10,[445;465;201;34],7,[0;NaN;NaN;0],[613;935;851;144],9,[NaN;0;0;NaN]},{'O',[445;935;851;34],10,[445;935;851;34],10,0},{'M',[613;155;804;941],10,[437;155;193;941],5,[NaN;0;NaN;0],[445;465;201;34],7,[NaN;NaN;2;NaN],[613;935;851;144],9,[0;NaN;NaN;NaN]},{'O',[613;155;804;941],10,[613;155;804;941],10,0}}
Adder graph: {{'M',[1;1;1;2],1,[1;1;1;1],0,[0;0;0;1]},{'M',[2;1;4;4],1,[1;1;1;1],0,[1;0;2;2]},{'A',[-7;5;-15;-14],2,[1;1;1;2],1,0,[-2;1;-4;-4],1,2},{'M',[-112;5;-240;-224],3,[-7;5;-15;-14],2,[4;0;4;4]},{'M',[1;160;1;1],3,[1;1;1;1],0,[0;NaN;0;0],[-7;5;-15;-14],2,[NaN;5;NaN;NaN]},{'A',[-113;-155;-241;-223],4,[-112;5;-240;-224],3,0,[-1;-160;-1;1],3,0},{'M',[-113;2;-241;2],5,[1;1;1;1],0,[NaN;1;NaN;1],[-113;-155;-241;-223],4,[0;NaN;0;NaN]},{'M',[-113;16;-241;-56],5,[1;1;1;1],0,[NaN;4;NaN;NaN],[-7;5;-15;-14],2,[NaN;NaN;NaN;2],[-113;-155;-241;-223],4,[0;NaN;0;NaN]},{'A',[-565;-8;-723;-48],6,[-113;2;-241;2],5,2,[-113;-16;241;-56],5,0},{'M',[2;-155;-241;-223],5,[1;1;1;1],0,[1;NaN;NaN;NaN],[-113;-155;-241;-223],4,[NaN;0;0;0]},{'M',[-56;-155;128;1],5,[1;1;1;1],0,[NaN;NaN;7;0],[-7;5;-15;-14],2,[3;NaN;NaN;NaN],[-113;-155;-241;-223],4,[NaN;0;NaN;NaN]},{'A',[-48;-465;-836;-893],6,[2;-155;-241;-223],5,2,[-56;155;128;-1],5,0},{'M',[-565;-8;32;-48],7,[1;1;1;1],0,[NaN;NaN;5;NaN],[-565;-8;-723;-48],6,[0;0;NaN;0]},{'A',[-613;-473;-804;-941],8,[-565;-8;32;-48],7,0,[-48;-465;-836;-893],6,0},{'M',[-7;5;128;-14],3,[1;1;1;1],0,[NaN;NaN;7;NaN],[-7;5;-15;-14],2,[0;0;NaN;0]},{'M',[-452;-930;-723;-48],7,[-113;-155;-241;-223],4,[2;NaN;NaN;NaN],[-565;-8;-723;-48],6,[NaN;NaN;0;0],[-48;-465;-836;-893],6,[NaN;1;NaN;NaN]},{'A',[445;935;851;34],8,[-7;5;128;-14],3,0,[452;930;723;48],7,0},{'M',[-565;-473;-723;-48],9,[-565;-8;-723;-48],6,[0;NaN;0;0],[-613;-473;-804;-941],8,[NaN;0;NaN;NaN]},{'O',[565;473;723;48],9,[565;473;723;48],9,0},{'O',[445;935;851;34],8,[445;935;851;34],8,0},{'M',[-613;-155;-804;-941],9,[-113;-155;-241;-223],4,[NaN;0;NaN;NaN],[-613;-473;-804;-941],8,[0;NaN;0;0]},{'O',[613;155;804;941],9,[613;155;804;941],9,0}}
Adder graph: {{'M',[1;2;2;1],1,[1;1;1;1],0,[0;1;1;0]},{'A',[24;56;72;24],2,[1;2;2;1],1,5,[-1;-1;1;-1],0,3},{'M',[24;8;72;24],3,[1;1;1;1],0,[NaN;3;NaN;NaN],[24;56;72;24],2,[0;NaN;0;0]},{'M',[1;1;2;1],1,[1;1;1;1],0,[0;0;1;0]},{'A',[49;17;146;49],4,[24;8;72;24],3,1,[1;1;2;1],1,0},{'M',[4;56;576;192],3,[1;1;1;1],0,[2;NaN;NaN;NaN],[24;56;72;24],2,[NaN;0;3;3]},{'A',[53;39;722;143],5,[4;56;576;192],3,0,[49;-17;146;-49],4,0},{'M',[512;512;1;512],1,[1;1;1;1],0,[9;9;0;9]},{'A',[565;473;723;369],6,[512;512;1;512],1,0,[53;-39;722;-143],5,0},{'M',[392;896;146;49],5,[24;56;72;24],2,[NaN;4;NaN;NaN],[49;17;146;49],4,[3;NaN;0;0]},{'M',[53;39;256;32],6,[1;1;1;1],0,[NaN;NaN;8;5],[53;39;722;143],5,[0;0;NaN;NaN]},{'A',[445;935;402;17],7,[392;896;146;49],5,0,[53;39;256;-32],6,0},{'M',[24;78;64;286],6,[1;1;1;1],0,[NaN;NaN;6;NaN],[24;56;72;24],2,[0;NaN;NaN;NaN],[53;39;722;143],5,[NaN;1;NaN;1]},{'M',[565;1;723;369],7,[1;1;1;1],0,[NaN;0;NaN;NaN],[565;473;723;369],6,[0;NaN;0;0]},{'A',[613;155;851;941],8,[24;78;64;286],6,1,[565;-1;723;369],7,0},{'M',[565;473;723;48],7,[24;56;72;24],2,[NaN;NaN;NaN;1],[565;473;723;369],6,[0;0;0;NaN]},{'O',[565;473;723;48],7,[565;473;723;48],7,0},{'M',[445;935;851;34],9,[445;935;402;17],7,[0;0;NaN;1],[613;155;851;941],8,[NaN;NaN;0;NaN]},{'O',[445;935;851;34],9,[445;935;851;34],9,0},{'M',[613;155;804;941],9,[445;935;402;17],7,[NaN;NaN;1;NaN],[613;155;851;941],8,[0;0;NaN;0]},{'O',[613;155;804;941],9,[613;155;804;941],9,0}}
Adder graph: {{'M',[2;2;1;1],1,[1;1;1;1],0,[1;1;0;0]},{'M',[8;1;8;1],1,[1;1;1;1],0,[3;0;3;0]},{'A',[24;31;24;17],2,[2;2;1;1],1,4,[-8;-1;8;1],1,0},{'M',[1;31;1;17],3,[1;1;1;1],0,[0;NaN;0;NaN],[24;31;24;17],2,[NaN;0;NaN;0]},{'M',[2;31;2;2],3,[1;1;1;1],0,[1;NaN;1;1],[24;31;24;17],2,[NaN;0;NaN;NaN]},{'A',[-15;-217;-15;1],4,[1;31;1;17],3,0,[-2;-31;-2;-2],3,3},{'M',[16;16;24;17],3,[1;1;1;1],0,[4;4;NaN;NaN],[24;31;24;17],2,[NaN;NaN;0;0]},{'A',[113;-89;177;137],5,[-15;-217;-15;1],4,0,[16;16;24;17],3,3},{'M',[113;64;177;64],6,[1;1;1;1],0,[NaN;6;NaN;6],[113;-89;177;137],5,[0;NaN;0;NaN]},{'M',[113;-217;-15;137],6,[-15;-217;-15;1],4,[NaN;0;0;NaN],[113;-89;177;137],5,[0;NaN;NaN;0]},{'A',[565;473;723;393],7,[113;64;177;64],6,2,[113;217;15;137],6,0},{'M',[-15;128;16;1],5,[1;1;1;1],0,[NaN;7;4;NaN],[-15;-217;-15;1],4,[0;NaN;NaN;0]},{'M',[565;-89;723;2],8,[-15;-217;-15;1],4,[NaN;NaN;NaN;1],[113;-89;177;137],5,[NaN;0;NaN;NaN],[565;473;723;393],7,[0;NaN;0;NaN]},{'A',[445;935;851;6],9,[-15;128;16;1],5,3,[565;-89;723;-2],8,0},{'M',[48;31;708;548],6,[24;31;24;17],2,[1;0;NaN;NaN],[113;-89;177;137],5,[NaN;NaN;2;2]},{'M',[565;124;96;393],8,[24;31;24;17],2,[NaN;2;2;NaN],[565;473;723;393],7,[0;NaN;NaN;0]},{'A',[613;155;804;941],9,[48;31;708;548],6,0,[565;124;96;393],8,0},{'M',[565;473;723;48],10,[565;473;723;393],7,[0;0;0;NaN],[445;935;851;6],9,[NaN;NaN;NaN;3]},{'O',[565;473;723;48],10,[565;473;723;48],10,0},{'M',[445;935;851;34],10,[24;31;24;17],2,[NaN;NaN;NaN;1],[445;935;851;6],9,[0;0;0;NaN]},{'O',[445;935;851;34],10,[445;935;851;34],10,0},{'O',[613;155;804;941],9,[613;155;804;941],9,0}}
Adder graph: {{'A',[3;5;5;3],1,[1;1;1;1],0,2,[-1;1;1;-1],0,0},{'M',[3;5;8;8],2,[1;1;1;1],0,[NaN;NaN;3;3],[3;5;5;3],1,[0;0;NaN;NaN]},{'A',[7;11;-15;17],3,[1;1;1;1],0,0,[3;5;-8;8],2,1},{'M',[7;32;-15;17],4,[1;1;1;1],0,[NaN;5;NaN;NaN],[7;11;-15;17],3,[0;NaN;0;0]},{'A',[113;513;241;-271],5,[1;1;1;1],0,0,[7;32;15;-17],4,4},{'M',[226;20;241;-542],6,[3;5;5;3],1,[NaN;2;NaN;NaN],[113;513;241;-271],5,[1;NaN;0;1]},{'A',[565;473;723;813],7,[113;513;241;-271],5,0,[226;-20;241;542],6,1},{'M',[565;160;964;-1084],8,[3;5;5;3],1,[NaN;5;NaN;NaN],[113;513;241;-271],5,[NaN;NaN;2;2],[565;473;723;813],7,[0;NaN;NaN;NaN]},{'M',[48;5;160;96],2,[3;5;5;3],1,[4;0;5;5]},{'A',[613;155;804;-1180],9,[565;160;964;-1084],8,0,[48;-5;-160;-96],2,0},{'M',[113;352;32;32],6,[1;1;1;1],0,[NaN;NaN;5;5],[7;11;-15;17],3,[NaN;5;NaN;NaN],[113;513;241;-271],5,[0;NaN;NaN;NaN]},{'M',[7;473;723;813],8,[7;11;-15;17],3,[0;NaN;NaN;NaN],[565;473;723;813],7,[NaN;0;0;0]},{'A',[445;935;851;941],9,[113;352;32;32],6,2,[-7;-473;723;813],8,0},{'M',[565;473;723;48],8,[3;5;5;3],1,[NaN;NaN;NaN;4],[565;473;723;813],7,[0;0;0;NaN]},{'O',[565;473;723;48],8,[565;473;723;48],8,0},{'M',[445;935;851;34],10,[7;11;-15;17],3,[NaN;NaN;NaN;1],[445;935;851;941],9,[0;0;0;NaN]},{'O',[445;935;851;34],10,[445;935;851;34],10,0},{'M',[613;155;804;941],10,[613;155;804;-1180],9,[0;0;0;NaN],[445;935;851;941],9,[NaN;NaN;NaN;0]},{'O',[613;155;804;941],10,[613;155;804;941],10,0}}
Adder graph: {{'M',[2;1;1;2],1,[1;1;1;1],0,[1;0;0;1]},{'A',[6;5;5;6],2,[1;1;1;1],0,2,[2;1;1;2],1,0},{'M',[24;20;20;6],3,[6;5;5;6],2,[2;2;2;0]},{'M',[1;1;5;1],3,[1;1;1;1],0,[0;0;NaN;0],[6;5;5;6],2,[NaN;NaN;0;NaN]},{'A',[49;39;45;13],4,[24;20;20;6],3,1,[1;-1;5;1],3,0},{'M',[1;64;64;1],1,[1;1;1;1],0,[0;6;6;0]},{'A',[53;295;211;17],5,[1;64;64;1],1,2,[49;39;-45;13],4,0},{'M',[16;16;16;17],6,[1;1;1;1],0,[4;4;4;NaN],[53;295;211;17],5,[NaN;NaN;NaN;0]},{'M',[53;39;211;13],6,[49;39;45;13],4,[NaN;0;NaN;0],[53;295;211;17],5,[0;NaN;0;NaN]},{'A',[565;473;723;557],7,[16;16;16;17],6,5,[53;-39;211;13],6,0},{'M',[565;156;844;557],8,[49;39;45;13],4,[NaN;2;NaN;NaN],[53;295;211;17],5,[NaN;NaN;2;NaN],[565;473;723;557],7,[0;NaN;NaN;0]},{'M',[48;1;40;384],3,[1;1;1;1],0,[NaN;0;NaN;NaN],[6;5;5;6],2,[3;NaN;3;6]},{'A',[613;155;804;941],9,[565;156;844;557],8,0,[48;-1;-40;384],3,0},{'M',[392;640;640;17],6,[6;5;5;6],2,[NaN;7;7;NaN],[49;39;45;13],4,[3;NaN;NaN;NaN],[53;295;211;17],5,[NaN;NaN;NaN;0]},{'A',[445;935;851;34],7,[392;640;640;17],6,0,[53;295;211;17],5,0},{'M',[565;473;723;48],8,[6;5;5;6],2,[NaN;NaN;NaN;3],[565;473;723;557],7,[0;0;0;NaN]},{'O',[565;473;723;48],8,[565;473;723;48],8,0},{'O',[445;935;851;34],7,[445;935;851;34],7,0},{'O',[613;155;804;941],9,[613;155;804;941],9,0}}
Finished solving after 7206.86 seconds
Adder graph: {{'M',[2;1;1;2],1,[1;1;1;1],0,[1;0;0;1]},{'A',[6;5;5;6],2,[1;1;1;1],0,2,[2;1;1;2],1,0},{'M',[24;20;20;6],3,[6;5;5;6],2,[2;2;2;0]},{'M',[1;1;5;1],3,[1;1;1;1],0,[0;0;NaN;0],[6;5;5;6],2,[NaN;NaN;0;NaN]},{'A',[49;39;45;13],4,[24;20;20;6],3,1,[1;-1;5;1],3,0},{'M',[1;64;64;1],1,[1;1;1;1],0,[0;6;6;0]},{'A',[53;295;211;17],5,[1;64;64;1],1,2,[49;39;-45;13],4,0},{'M',[16;16;16;17],6,[1;1;1;1],0,[4;4;4;NaN],[53;295;211;17],5,[NaN;NaN;NaN;0]},{'M',[53;39;211;13],6,[49;39;45;13],4,[NaN;0;NaN;0],[53;295;211;17],5,[0;NaN;0;NaN]},{'A',[565;473;723;557],7,[16;16;16;17],6,5,[53;-39;211;13],6,0},{'M',[565;156;844;557],8,[49;39;45;13],4,[NaN;2;NaN;NaN],[53;295;211;17],5,[NaN;NaN;2;NaN],[565;473;723;557],7,[0;NaN;NaN;0]},{'M',[48;1;40;384],3,[1;1;1;1],0,[NaN;0;NaN;NaN],[6;5;5;6],2,[3;NaN;3;6]},{'A',[613;155;804;941],9,[565;156;844;557],8,0,[48;-1;-40;384],3,0},{'M',[392;640;640;17],6,[6;5;5;6],2,[NaN;7;7;NaN],[49;39;45;13],4,[3;NaN;NaN;NaN],[53;295;211;17],5,[NaN;NaN;NaN;0]},{'A',[445;935;851;34],7,[392;640;640;17],6,0,[53;295;211;17],5,0},{'M',[565;473;723;48],8,[6;5;5;6],2,[NaN;NaN;NaN;3],[565;473;723;557],7,[0;0;0;NaN]},{'O',[565;473;723;48],8,[565;473;723;48],8,0},{'O',[445;935;851;34],7,[445;935;851;34],7,0},{'O',[613;155;804;941],9,[613;155;804;941],9,0}}
# Add optimal = 1
# Mux optimal = 0
# FAs optimal = 0
