Adder graph: {{'M',[32;1;1;1],1,[1;1;1;1],0,[5;0;0;0]},{'M',[1;1;128;2],1,[1;1;1;1],0,[0;0;7;1]},{'A',[28;5;513;-7],2,[32;1;1;1],1,0,[-1;1;128;-2],1,2},{'M',[4;1;64;-56],3,[1;1;1;1],0,[2;0;6;NaN],[28;5;513;-7],2,[NaN;NaN;NaN;3]},{'M',[224;40;513;-7],3,[28;5;513;-7],2,[3;3;0;0]},{'A',[-216;42;-385;-105],4,[4;1;64;-56],3,1,[-224;40;-513;7],3,0},{'M',[1;10;8;-7],3,[1;1;1;1],0,[0;NaN;3;NaN],[28;5;513;-7],2,[NaN;1;NaN;0]},{'M',[-216;168;8;1],5,[1;1;1;1],0,[NaN;NaN;3;0],[-216;42;-385;-105],4,[0;2;NaN;NaN]},{'A',[-431;-326;-8;-5],6,[1;10;8;-7],3,0,[-216;-168;-8;1],5,1},{'M',[-216;-652;-8;-420],7,[-216;42;-385;-105],4,[0;NaN;NaN;2],[-431;-326;-8;-5],6,[NaN;1;0;NaN]},{'M',[2;42;1;-105],5,[1;1;1;1],0,[1;NaN;0;NaN],[-216;42;-385;-105],4,[NaN;0;NaN;0]},{'A',[-214;-694;-9;-525],8,[-216;-652;-8;-420],7,0,[2;-42;-1;-105],5,0},{'M',[-431;42;-9;-160],9,[-216;42;-385;-105],4,[NaN;0;NaN;NaN],[-431;-326;-8;-5],6,[0;NaN;NaN;5],[-214;-694;-9;-525],8,[NaN;NaN;0;NaN]},{'M',[224;320;-64;-5],7,[28;5;513;-7],2,[3;6;NaN;NaN],[-431;-326;-8;-5],6,[NaN;NaN;3;0]},{'A',[-655;-278;-73;-155],10,[-431;42;-9;-160],9,0,[-224;-320;-64;5],7,0},{'M',[-862;-278;-385;-155],11,[-216;42;-385;-105],4,[NaN;NaN;0;NaN],[-431;-326;-8;-5],6,[1;NaN;NaN;NaN],[-655;-278;-73;-155],10,[NaN;0;NaN;0]},{'O',[862;278;385;155],11,[862;278;385;155],11,0},{'M',[-214;-694;-72;-525],9,[-214;-694;-9;-525],8,[0;0;3;0]},{'O',[214;694;72;525],9,[214;694;72;525],9,0},{'M',[-655;-326;-73;-420],11,[-216;42;-385;-105],4,[NaN;NaN;NaN;2],[-431;-326;-8;-5],6,[NaN;0;NaN;NaN],[-655;-278;-73;-155],10,[0;NaN;0;NaN]},{'O',[655;326;73;420],11,[655;326;73;420],11,0}}
Adder graph: {{'M',[1;8;8;8],1,[1;1;1;1],0,[0;3;3;3]},{'M',[2;1;2;16],1,[1;1;1;1],0,[1;0;1;4]},{'A',[-3;10;12;40],2,[1;8;8;8],1,0,[-2;1;2;16],1,1},{'M',[64;10;32;32],3,[1;1;1;1],0,[6;NaN;5;5],[-3;10;12;40],2,[NaN;0;NaN;NaN]},{'M',[-3;1;1;1],3,[1;1;1;1],0,[NaN;0;0;0],[-3;10;12;40],2,[0;NaN;NaN;NaN]},{'A',[131;21;65;65],4,[64;10;32;32],3,1,[3;1;1;1],3,0},{'M',[-48;336;48;65],5,[-3;10;12;40],2,[4;NaN;2;NaN],[131;21;65;65],4,[NaN;4;NaN;0]},{'M',[262;10;24;40],5,[-3;10;12;40],2,[NaN;0;1;0],[131;21;65;65],4,[1;NaN;NaN;NaN]},{'A',[214;326;72;105],6,[-48;336;48;65],5,0,[262;-10;24;40],5,0},{'M',[428;160;1;420],7,[1;1;1;1],0,[NaN;NaN;0;NaN],[-3;10;12;40],2,[NaN;4;NaN;NaN],[214;326;72;105],6,[1;NaN;NaN;2]},{'M',[-3;21;72;105],7,[-3;10;12;40],2,[0;NaN;NaN;NaN],[131;21;65;65],4,[NaN;0;NaN;NaN],[214;326;72;105],6,[NaN;NaN;0;0]},{'A',[431;139;73;525],8,[428;160;1;420],7,0,[3;-21;72;105],7,0},{'M',[131;21;1;260],5,[1;1;1;1],0,[NaN;NaN;0;NaN],[131;21;65;65],4,[0;0;NaN;2]},{'M',[524;326;384;105],7,[-3;10;12;40],2,[NaN;NaN;5;NaN],[131;21;65;65],4,[2;NaN;NaN;NaN],[214;326;72;105],6,[NaN;0;NaN;0]},{'A',[655;347;385;155],8,[131;21;1;260],5,0,[524;326;384;-105],7,0},{'M',[862;278;385;155],9,[431;139;73;525],8,[1;1;NaN;NaN],[655;347;385;155],8,[NaN;NaN;0;0]},{'O',[862;278;385;155],9,[862;278;385;155],9,0},{'M',[214;694;72;525],9,[214;326;72;105],6,[0;NaN;0;NaN],[431;139;73;525],8,[NaN;NaN;NaN;0],[655;347;385;155],8,[NaN;1;NaN;NaN]},{'O',[214;694;72;525],9,[214;694;72;525],9,0},{'M',[655;326;73;420],9,[214;326;72;105],6,[NaN;0;NaN;2],[431;139;73;525],8,[NaN;NaN;0;NaN],[655;347;385;155],8,[0;NaN;NaN;NaN]},{'O',[655;326;73;420],9,[655;326;73;420],9,0}}
Adder graph: {{'M',[1;1;32;1],1,[1;1;1;1],0,[0;0;5;0]},{'A',[-3;5;36;5],2,[1;1;32;1],1,0,[-1;1;1;1],0,2},{'M',[64;5;1152;5],3,[1;1;1;1],0,[6;NaN;NaN;NaN],[-3;5;36;5],2,[NaN;0;5;0]},{'M',[-3;32;1;5],3,[1;1;1;1],0,[NaN;5;0;NaN],[-3;5;36;5],2,[0;NaN;NaN;0]},{'A',[131;42;2305;15],4,[64;5;1152;5],3,1,[3;32;1;5],3,0},{'M',[131;42;512;30],5,[1;1;1;1],0,[NaN;NaN;9;NaN],[131;42;2305;15],4,[0;0;NaN;1]},{'M',[131;5;128;15],5,[1;1;1;1],0,[NaN;NaN;7;NaN],[-3;5;36;5],2,[NaN;0;NaN;NaN],[131;42;2305;15],4,[0;NaN;NaN;0]},{'A',[655;163;1920;105],6,[131;42;512;30],5,2,[131;-5;-128;-15],5,0},{'M',[-48;42;1920;105],7,[-3;5;36;5],2,[4;NaN;NaN;NaN],[131;42;2305;15],4,[NaN;0;NaN;NaN],[655;163;1920;105],6,[NaN;NaN;0;0]},{'M',[262;652;2305;420],7,[131;42;2305;15],4,[1;NaN;0;NaN],[655;163;1920;105],6,[NaN;2;NaN;2]},{'A',[214;694;-385;525],8,[-48;42;1920;105],7,0,[262;652;-2305;420],7,0},{'M',[-3;42;72;5],5,[-3;5;36;5],2,[0;NaN;1;0],[131;42;2305;15],4,[NaN;0;NaN;NaN]},{'M',[428;320;1;160],9,[1;1;1;1],0,[NaN;NaN;0;NaN],[-3;5;36;5],2,[NaN;6;NaN;5],[214;694;-385;525],8,[1;NaN;NaN;NaN]},{'A',[-431;-278;73;-155],10,[-3;42;72;5],5,0,[-428;-320;1;-160],9,0},{'M',[-862;-278;-385;-155],11,[214;694;-385;525],8,[NaN;NaN;0;NaN],[-431;-278;73;-155],10,[1;0;NaN;0]},{'O',[862;278;385;155],11,[862;278;385;155],11,0},{'M',[214;694;72;525],9,[-3;5;36;5],2,[NaN;NaN;1;NaN],[214;694;-385;525],8,[0;0;NaN;0]},{'O',[214;694;72;525],9,[214;694;72;525],9,0},{'M',[655;326;73;420],11,[655;163;1920;105],6,[0;1;NaN;2],[-431;-278;73;-155],10,[NaN;NaN;0;NaN]},{'O',[655;326;73;420],11,[655;326;73;420],11,0}}
Adder graph: {{'M',[1;2;1;1],1,[1;1;1;1],0,[0;1;0;0]},{'M',[1;2;1;2],1,[1;1;1;1],0,[0;1;0;1]},{'A',[-3;10;-3;-7],2,[1;2;1;1],1,0,[-1;2;-1;-2],1,2},{'M',[-3;32;-3;32],3,[1;1;1;1],0,[NaN;5;NaN;5],[-3;10;-3;-7],2,[0;NaN;0;NaN]},{'M',[128;10;2;-7],3,[1;1;1;1],0,[7;NaN;1;NaN],[-3;10;-3;-7],2,[NaN;0;NaN;0]},{'A',[-131;42;-1;39],4,[-3;32;-3;32],3,0,[-128;10;2;7],3,0},{'M',[-131;42;-12;-112],5,[-3;10;-3;-7],2,[NaN;NaN;2;4],[-131;42;-1;39],4,[0;0;NaN;NaN]},{'M',[-24;320;-24;-7],3,[-3;10;-3;-7],2,[3;5;3;0]},{'A',[-107;-278;-36;-105],6,[-131;42;-12;-112],5,0,[24;-320;-24;7],3,0},{'M',[-524;10;-72;1],7,[1;1;1;1],0,[NaN;NaN;NaN;0],[-3;10;-3;-7],2,[NaN;0;NaN;NaN],[-131;42;-1;39],4,[2;NaN;NaN;NaN],[-107;-278;-36;-105],6,[NaN;NaN;1;NaN]},{'M',[-131;336;-1;156],5,[-131;42;-1;39],4,[0;3;0;2]},{'A',[-655;-326;-73;-155],8,[-524;10;-72;1],7,0,[-131;-336;-1;-156],5,0},{'M',[-856;-652;-384;-105],9,[-3;10;-3;-7],2,[NaN;NaN;7;NaN],[-107;-278;-36;-105],6,[3;NaN;NaN;0],[-655;-326;-73;-155],8,[NaN;1;NaN;NaN]},{'M',[-6;42;-1;-420],7,[-3;10;-3;-7],2,[1;NaN;NaN;NaN],[-131;42;-1;39],4,[NaN;0;0;NaN],[-107;-278;-36;-105],6,[NaN;NaN;NaN;2]},{'A',[-862;-694;-385;-525],10,[-856;-652;-384;-105],9,0,[-6;-42;-1;-420],7,0},{'M',[-862;-278;-385;-155],11,[-107;-278;-36;-105],6,[NaN;0;NaN;NaN],[-655;-326;-73;-155],8,[NaN;NaN;NaN;0],[-862;-694;-385;-525],10,[0;NaN;0;NaN]},{'O',[862;278;385;155],11,[862;278;385;155],11,0},{'M',[-214;-694;-72;-525],11,[-107;-278;-36;-105],6,[1;NaN;1;NaN],[-862;-694;-385;-525],10,[NaN;0;NaN;0]},{'O',[214;694;72;525],11,[214;694;72;525],11,0},{'M',[-655;-326;-73;-420],9,[-107;-278;-36;-105],6,[NaN;NaN;NaN;2],[-655;-326;-73;-155],8,[0;0;0;NaN]},{'O',[655;326;73;420],9,[655;326;73;420],9,0}}
Adder graph: {{'M',[4;1;1;32],1,[1;1;1;1],0,[2;0;0;5]},{'M',[2;1;2;2],1,[1;1;1;1],0,[1;0;1;1]},{'A',[28;10;12;260],2,[4;1;1;32],1,3,[-2;1;2;2],1,1},{'M',[28;10;8;8],3,[1;1;1;1],0,[NaN;NaN;3;3],[28;10;12;260],2,[0;0;NaN;NaN]},{'M',[1;32;1;1],1,[1;1;1;1],0,[0;5;0;0]},{'A',[27;42;9;7],4,[28;10;8;8],3,0,[-1;32;1;-1],1,0},{'M',[1;42;1;112],5,[1;1;1;1],0,[0;NaN;0;NaN],[27;42;9;7],4,[NaN;0;NaN;4]},{'M',[432;320;384;7],5,[28;10;12;260],2,[NaN;5;5;NaN],[27;42;9;7],4,[4;NaN;NaN;0]},{'A',[-431;-278;-383;105],6,[1;42;1;112],5,0,[-432;-320;-384;-7],5,0},{'M',[224;336;72;105],7,[28;10;12;260],2,[3;NaN;NaN;NaN],[27;42;9;7],4,[NaN;3;3;NaN],[-431;-278;-383;105],6,[NaN;NaN;NaN;0]},{'M',[-431;10;1;260],7,[1;1;1;1],0,[NaN;NaN;0;NaN],[28;10;12;260],2,[NaN;0;NaN;0],[-431;-278;-383;105],6,[0;NaN;NaN;NaN]},{'A',[655;326;73;-155],8,[224;336;72;105],7,0,[431;-10;1;-260],7,0},{'M',[216;42;-383;105],7,[27;42;9;7],4,[3;0;NaN;NaN],[-431;-278;-383;105],6,[NaN;NaN;0;0]},{'M',[1;326;1;210],9,[1;1;1;1],0,[0;NaN;0;NaN],[-431;-278;-383;105],6,[NaN;NaN;NaN;1],[655;326;73;-155],8,[NaN;0;NaN;NaN]},{'A',[214;694;-385;525],10,[216;42;-383;105],7,0,[-1;326;-1;210],9,1},{'M',[-862;-278;-385;-155],11,[-431;-278;-383;105],6,[1;0;NaN;NaN],[655;326;73;-155],8,[NaN;NaN;NaN;0],[214;694;-385;525],10,[NaN;NaN;0;NaN]},{'O',[862;278;385;155],11,[862;278;385;155],11,0},{'M',[214;694;72;525],11,[27;42;9;7],4,[NaN;NaN;3;NaN],[214;694;-385;525],10,[0;0;NaN;0]},{'O',[214;694;72;525],11,[214;694;72;525],11,0},{'M',[655;326;73;420],9,[-431;-278;-383;105],6,[NaN;NaN;NaN;2],[655;326;73;-155],8,[0;0;0;NaN]},{'O',[655;326;73;420],9,[655;326;73;420],9,0}}
Adder graph: {{'M',[16;1;16;1],1,[1;1;1;1],0,[4;0;4;0]},{'M',[1;2;2;32],1,[1;1;1;1],0,[0;1;1;5]},{'A',[18;5;12;65],2,[16;1;16;1],1,0,[1;2;-2;32],1,1},{'M',[72;20;1;2],3,[1;1;1;1],0,[NaN;NaN;0;1],[18;5;12;65],2,[2;2;NaN;NaN]},{'M',[1;2;1;1],1,[1;1;1;1],0,[0;1;0;0]},{'A',[143;42;1;5],4,[72;20;1;2],3,1,[-1;2;-1;1],1,0},{'M',[64;42;12;65],5,[1;1;1;1],0,[6;NaN;NaN;NaN],[18;5;12;65],2,[NaN;NaN;0;0],[143;42;1;5],4,[NaN;0;NaN;NaN]},{'M',[143;10;24;5],5,[18;5;12;65],2,[NaN;1;1;NaN],[143;42;1;5],4,[0;NaN;NaN;0]},{'A',[655;326;72;525],6,[64;42;12;65],5,3,[143;-10;-24;5],5,0},{'M',[286;652;72;160],7,[143;42;1;5],4,[1;NaN;NaN;5],[655;326;72;525],6,[NaN;1;0;NaN]},{'M',[72;42;1;5],5,[18;5;12;65],2,[2;NaN;NaN;NaN],[143;42;1;5],4,[NaN;0;0;0]},{'A',[214;694;73;155],8,[286;652;72;160],7,0,[-72;42;1;-5],5,0},{'M',[144;80;96;65],3,[18;5;12;65],2,[3;4;3;0]},{'M',[286;42;1;155],9,[143;42;1;5],4,[1;0;0;NaN],[214;694;73;155],8,[NaN;NaN;NaN;0]},{'A',[862;278;385;105],10,[144;80;96;65],3,2,[286;-42;1;-155],9,0},{'M',[862;278;385;155],11,[214;694;73;155],8,[NaN;NaN;NaN;0],[862;278;385;105],10,[0;0;0;NaN]},{'O',[862;278;385;155],11,[862;278;385;155],11,0},{'M',[214;694;72;525],9,[655;326;72;525],6,[NaN;NaN;0;0],[214;694;73;155],8,[0;0;NaN;NaN]},{'O',[214;694;72;525],9,[214;694;72;525],9,0},{'M',[655;326;73;420],11,[655;326;72;525],6,[0;0;NaN;NaN],[214;694;73;155],8,[NaN;NaN;0;NaN],[862;278;385;105],10,[NaN;NaN;NaN;2]},{'O',[655;326;73;420],11,[655;326;73;420],11,0}}
Adder graph: {{'M',[2;2;1;64],1,[1;1;1;1],0,[1;1;0;6]},{'A',[-3;5;3;-127],2,[1;1;1;1],0,0,[-2;2;1;-64],1,1},{'M',[32;5;24;2],3,[1;1;1;1],0,[5;NaN;NaN;1],[-3;5;3;-127],2,[NaN;0;3;NaN]},{'M',[-3;1;1;1],3,[1;1;1;1],0,[NaN;0;0;0],[-3;5;3;-127],2,[0;NaN;NaN;NaN]},{'A',[131;21;97;7],4,[32;5;24;2],3,2,[3;1;1;-1],3,0},{'M',[131;336;97;112],5,[131;21;97;7],4,[0;4;0;4]},{'M',[-24;10;24;7],5,[-3;5;3;-127],2,[3;1;3;NaN],[131;21;97;7],4,[NaN;NaN;NaN;0]},{'A',[107;326;73;105],6,[131;336;97;112],5,0,[-24;-10;-24;-7],5,0},{'M',[131;21;3;-127],5,[-3;5;3;-127],2,[NaN;NaN;0;0],[131;21;97;7],4,[0;0;NaN;NaN]},{'M',[131;40;97;7],5,[-3;5;3;-127],2,[NaN;3;NaN;NaN],[131;21;97;7],4,[0;NaN;0;0]},{'A',[655;-139;-385;-155],6,[131;21;3;-127],5,0,[131;-40;-97;-7],5,2},{'M',[-3;652;73;105],7,[-3;5;3;-127],2,[0;NaN;NaN;NaN],[107;326;73;105],6,[NaN;1;0;0]},{'M',[428;42;1;420],7,[1;1;1;1],0,[NaN;NaN;0;NaN],[131;21;97;7],4,[NaN;1;NaN;NaN],[107;326;73;105],6,[2;NaN;NaN;2]},{'A',[-431;694;72;525],8,[-3;652;73;105],7,0,[-428;42;-1;420],7,0},{'M',[-862;-278;-385;-155],9,[655;-139;-385;-155],6,[NaN;1;0;0],[-431;694;72;525],8,[1;NaN;NaN;NaN]},{'O',[862;278;385;155],9,[862;278;385;155],9,0},{'M',[214;694;72;525],9,[107;326;73;105],6,[1;NaN;NaN;NaN],[-431;694;72;525],8,[NaN;0;0;0]},{'O',[214;694;72;525],9,[214;694;72;525],9,0},{'M',[655;326;73;420],7,[107;326;73;105],6,[NaN;0;0;2],[655;-139;-385;-155],6,[0;NaN;NaN;NaN]},{'O',[655;326;73;420],7,[655;326;73;420],7,0}}
Adder graph: {{'M',[4;8;8;1],1,[1;1;1;1],0,[2;3;3;0]},{'M',[16;1;32;32],1,[1;1;1;1],0,[4;0;5;5]},{'A',[36;10;-56;65],2,[4;8;8;1],1,0,[16;1;-32;32],1,1},{'M',[36;10;32;1],3,[1;1;1;1],0,[NaN;NaN;5;0],[36;10;-56;65],2,[0;0;NaN;NaN]},{'M',[1;2;1;1],1,[1;1;1;1],0,[0;1;0;0]},{'A',[143;42;129;5],4,[36;10;32;1],3,2,[-1;2;1;1],1,0},{'M',[36;40;32;20],5,[1;1;1;1],0,[NaN;NaN;5;NaN],[36;10;-56;65],2,[0;2;NaN;NaN],[143;42;129;5],4,[NaN;NaN;NaN;2]},{'A',[431;278;385;155],6,[36;40;32;20],5,3,[143;-42;129;-5],4,0},{'M',[143;336;129;40],5,[143;42;129;5],4,[0;3;0;3]},{'M',[512;10;-56;65],3,[1;1;1;1],0,[9;NaN;NaN;NaN],[36;10;-56;65],2,[NaN;0;0;0]},{'A',[655;326;73;105],6,[143;336;129;40],5,0,[512;-10;-56;65],3,0},{'M',[143;326;32;260],7,[1;1;1;1],0,[NaN;NaN;5;NaN],[36;10;-56;65],2,[NaN;NaN;NaN;2],[143;42;129;5],4,[0;NaN;NaN;NaN],[655;326;73;105],6,[NaN;0;NaN;NaN]},{'M',[72;42;8;5],5,[1;1;1;1],0,[NaN;NaN;3;NaN],[36;10;-56;65],2,[1;NaN;NaN;NaN],[143;42;129;5],4,[NaN;0;NaN;0]},{'A',[214;694;72;525],8,[143;326;32;260],7,1,[-72;42;8;5],5,0},{'M',[862;278;385;155],7,[431;278;385;155],6,[1;0;0;0]},{'O',[862;278;385;155],7,[862;278;385;155],7,0},{'O',[214;694;72;525],8,[214;694;72;525],8,0},{'M',[655;326;73;420],7,[655;326;73;105],6,[0;0;0;2]},{'O',[655;326;73;420],7,[655;326;73;420],7,0}}
Adder graph: {{'M',[2;1;1;2],1,[1;1;1;1],0,[1;0;0;1]},{'A',[9;5;3;7],2,[2;1;1;2],1,2,[1;1;-1;-1],0,0},{'M',[1;1;3;7],3,[1;1;1;1],0,[0;0;NaN;NaN],[9;5;3;7],2,[NaN;NaN;0;0]},{'M',[36;5;3;28],3,[9;5;3;7],2,[2;0;0;2]},{'A',[-143;21;-9;-105],4,[1;1;3;7],3,0,[-36;5;-3;-28],3,2},{'M',[72;40;2;-105],5,[1;1;1;1],0,[NaN;NaN;1;NaN],[9;5;3;7],2,[3;3;NaN;NaN],[-143;21;-9;-105],4,[NaN;NaN;NaN;0]},{'A',[431;139;-1;-525],6,[72;40;2;-105],5,2,[143;-21;-9;-105],4,0},{'M',[-143;10;-64;14],7,[9;5;3;7],2,[NaN;1;NaN;1],[-143;21;-9;-105],4,[0;NaN;NaN;NaN],[431;139;-1;-525],6,[NaN;NaN;6;NaN]},{'M',[512;336;-9;-105],5,[1;1;1;1],0,[9;NaN;NaN;NaN],[-143;21;-9;-105],4,[NaN;4;0;0]},{'A',[-655;-326;-73;-91],8,[-143;10;-64;14],7,0,[-512;-336;-9;-105],5,0},{'M',[36;-326;384;64],9,[1;1;1;1],0,[NaN;NaN;NaN;6],[9;5;3;7],2,[2;NaN;7;NaN],[-655;-326;-73;-91],8,[NaN;0;NaN;NaN]},{'M',[-143;21;-1;-91],9,[-143;21;-9;-105],4,[0;0;NaN;NaN],[431;139;-1;-525],6,[NaN;NaN;0;NaN],[-655;-326;-73;-91],8,[NaN;NaN;NaN;0]},{'A',[-107;-347;385;155],10,[36;-326;384;64],9,0,[-143;-21;1;91],9,0},{'M',[862;278;385;155],11,[431;139;-1;-525],6,[1;1;NaN;NaN],[-107;-347;385;155],10,[NaN;NaN;0;0]},{'O',[862;278;385;155],11,[862;278;385;155],11,0},{'M',[-214;-694;-72;-525],11,[-143;21;-9;-105],4,[NaN;NaN;3;NaN],[431;139;-1;-525],6,[NaN;NaN;NaN;0],[-107;-347;385;155],10,[1;1;NaN;NaN]},{'O',[214;694;72;525],11,[214;694;72;525],11,0},{'M',[-655;-326;-73;-420],9,[-143;21;-9;-105],4,[NaN;NaN;NaN;2],[-655;-326;-73;-91],8,[0;0;0;NaN]},{'O',[655;326;73;420],9,[655;326;73;420],9,0}}
Adder graph: {{'M',[32;1;1;1],1,[1;1;1;1],0,[5;0;0;0]},{'A',[36;5;-3;5],2,[32;1;1;1],1,0,[1;1;-1;1],0,2},{'M',[144;20;64;5],3,[1;1;1;1],0,[NaN;NaN;6;NaN],[36;5;-3;5],2,[2;2;NaN;0]},{'M',[1;1;-6;10],3,[1;1;1;1],0,[0;0;NaN;NaN],[36;5;-3;5],2,[NaN;NaN;1;1]},{'A',[143;21;70;15],4,[144;20;64;5],3,0,[-1;1;6;10],3,0},{'M',[143;168;70;120],5,[143;21;70;15],4,[0;3;0;3]},{'M',[512;5;-3;15],5,[1;1;1;1],0,[9;NaN;NaN;NaN],[36;5;-3;5],2,[NaN;0;0;NaN],[143;21;70;15],4,[NaN;NaN;NaN;0]},{'A',[655;163;73;105],6,[143;168;70;120],5,0,[512;-5;3;-15],5,0},{'M',[288;160;1;160],3,[1;1;1;1],0,[NaN;NaN;0;NaN],[36;5;-3;5],2,[3;5;NaN;5]},{'M',[143;21;-384;5],5,[36;5;-3;5],2,[NaN;NaN;7;0],[143;21;70;15],4,[0;0;NaN;NaN]},{'A',[431;139;385;155],6,[288;160;1;160],3,0,[143;-21;384;-5],5,0},{'M',[286;42;73;105],7,[143;21;70;15],4,[1;1;NaN;NaN],[655;163;73;105],6,[NaN;NaN;0;0]},{'M',[72;652;1;420],7,[1;1;1;1],0,[NaN;NaN;0;NaN],[36;5;-3;5],2,[1;NaN;NaN;NaN],[655;163;73;105],6,[NaN;2;NaN;2]},{'A',[214;694;72;525],8,[286;42;73;105],7,0,[-72;652;-1;420],7,0},{'M',[862;278;385;155],7,[431;139;385;155],6,[1;1;0;0]},{'O',[862;278;385;155],7,[862;278;385;155],7,0},{'O',[214;694;72;525],8,[214;694;72;525],8,0},{'M',[655;326;73;420],7,[655;163;73;105],6,[0;1;0;2]},{'O',[655;326;73;420],7,[655;326;73;420],7,0}}
Adder graph: {{'M',[2;2;1;2],1,[1;1;1;1],0,[1;1;0;1]},{'A',[-3;5;-1;5],2,[1;1;1;1],0,0,[-2;2;-1;2],1,1},{'M',[16;2;-1;5],3,[1;1;1;1],0,[4;1;NaN;NaN],[-3;5;-1;5],2,[NaN;NaN;0;0]},{'A',[-131;21;-9;-35],4,[-3;5;-1;5],2,0,[-16;2;-1;-5],3,3},{'M',[-524;5;-1;-140],5,[-3;5;-1;5],2,[NaN;0;0;NaN],[-131;21;-9;-35],4,[2;NaN;NaN;2]},{'M',[-131;168;-72;-35],5,[-131;21;-9;-35],4,[0;3;3;0]},{'A',[-655;-163;-73;-105],6,[-524;5;-1;-140],5,0,[-131;-168;-72;35],5,0},{'M',[-131;-326;16;-210],7,[1;1;1;1],0,[NaN;NaN;4;NaN],[-131;21;-9;-35],4,[0;NaN;NaN;NaN],[-655;-163;-73;-105],6,[NaN;1;NaN;1]},{'M',[-48;42;-16;-105],7,[-3;5;-1;5],2,[4;NaN;4;NaN],[-131;21;-9;-35],4,[NaN;1;NaN;NaN],[-655;-163;-73;-105],6,[NaN;NaN;NaN;0]},{'A',[-214;-694;48;-525],8,[-131;-326;16;-210],7,1,[48;-42;16;-105],7,0},{'M',[-3;21;-1;5],5,[-3;5;-1;5],2,[0;NaN;0;0],[-131;21;-9;-35],4,[NaN;0;NaN;NaN]},{'M',[-214;80;192;80],9,[-3;5;-1;5],2,[NaN;4;NaN;4],[-214;-694;48;-525],8,[0;NaN;2;NaN]},{'A',[-431;-139;-385;-155],10,[-3;21;-1;5],5,0,[-214;-80;-192;-80],9,1},{'M',[-862;-278;-385;-155],11,[-431;-139;-385;-155],10,[1;1;0;0]},{'O',[862;278;385;155],11,[862;278;385;155],11,0},{'M',[-214;-694;-72;-525],9,[-131;21;-9;-35],4,[NaN;NaN;3;NaN],[-214;-694;48;-525],8,[0;0;NaN;0]},{'O',[214;694;72;525],9,[214;694;72;525],9,0},{'M',[-655;-326;-73;-420],7,[-655;-163;-73;-105],6,[0;1;0;2]},{'O',[655;326;73;420],7,[655;326;73;420],7,0}}
Adder graph: {{'M',[1;2;1;1],1,[1;1;1;1],0,[0;1;0;0]},{'A',[9;10;9;7],2,[1;1;1;1],0,3,[1;2;1;-1],1,0},{'M',[72;10;72;56],3,[9;10;9;7],2,[3;0;3;3]},{'M',[1;1;1;7],3,[1;1;1;1],0,[0;0;0;NaN],[9;10;9;7],2,[NaN;NaN;NaN;0]},{'A',[143;21;145;105],4,[72;10;72;56],3,1,[-1;1;1;-7],3,0},{'M',[32;21;32;4],5,[1;1;1;1],0,[5;NaN;5;2],[143;21;145;105],4,[NaN;0;NaN;NaN]},{'M',[143;10;145;105],5,[9;10;9;7],2,[NaN;0;NaN;NaN],[143;21;145;105],4,[0;NaN;0;0]},{'A',[655;326;367;169],6,[32;21;32;4],5,4,[143;-10;-145;105],5,0},{'M',[286;42;145;105],5,[143;21;145;105],4,[1;1;0;0]},{'M',[36;326;36;210],7,[9;10;9;7],2,[2;NaN;2;NaN],[143;21;145;105],4,[NaN;NaN;NaN;1],[655;326;367;169],6,[NaN;0;NaN;NaN]},{'A',[214;694;73;525],8,[286;42;145;105],5,0,[-36;326;-36;210],7,1},{'M',[576;320;367;169],7,[9;10;9;7],2,[6;5;NaN;NaN],[655;326;367;169],6,[NaN;NaN;0;0]},{'M',[143;21;9;7],5,[9;10;9;7],2,[NaN;NaN;0;0],[143;21;145;105],4,[0;0;NaN;NaN]},{'A',[862;278;385;155],8,[576;320;367;169],7,0,[143;-21;9;-7],5,1},{'O',[862;278;385;155],8,[862;278;385;155],8,0},{'M',[214;694;72;525],9,[9;10;9;7],2,[NaN;NaN;3;NaN],[214;694;73;525],8,[0;0;NaN;0]},{'O',[214;694;72;525],9,[214;694;72;525],9,0},{'M',[655;326;73;420],9,[143;21;145;105],4,[NaN;NaN;NaN;2],[655;326;367;169],6,[0;0;NaN;NaN],[214;694;73;525],8,[NaN;NaN;0;NaN]},{'O',[655;326;73;420],9,[655;326;73;420],9,0}}
Adder graph: {{'M',[16;1;16;1],1,[1;1;1;1],0,[4;0;4;0]},{'M',[1;2;2;2],1,[1;1;1;1],0,[0;1;1;1]},{'A',[18;5;12;5],2,[16;1;16;1],1,0,[1;2;-2;2],1,1},{'M',[36;5;24;10],3,[18;5;12;5],2,[1;0;1;1]},{'A',[143;21;97;41],4,[36;5;24;10],3,2,[-1;1;1;1],0,0},{'M',[143;336;97;41],5,[143;21;97;41],4,[0;4;0;0]},{'M',[256;5;12;32],3,[1;1;1;1],0,[8;NaN;NaN;5],[18;5;12;5],2,[NaN;0;0;NaN]},{'A',[655;326;73;105],6,[143;336;97;41],5,0,[256;-5;-12;32],3,1},{'M',[143;21;12;420],7,[18;5;12;5],2,[NaN;NaN;0;NaN],[143;21;97;41],4,[0;0;NaN;NaN],[655;326;73;105],6,[NaN;NaN;NaN;2]},{'M',[36;326;24;105],7,[18;5;12;5],2,[1;NaN;1;NaN],[655;326;73;105],6,[NaN;0;NaN;0]},{'A',[107;347;36;525],8,[143;21;12;420],7,0,[-36;326;24;105],7,0},{'M',[18;10;12;5],3,[18;5;12;5],2,[0;1;0;0]},{'M',[286;42;1;5],5,[1;1;1;1],0,[NaN;NaN;0;NaN],[18;5;12;5],2,[NaN;NaN;NaN;0],[143;21;97;41],4,[1;1;NaN;NaN]},{'A',[862;278;385;155],6,[18;10;12;5],3,5,[286;-42;1;-5],5,0},{'O',[862;278;385;155],6,[862;278;385;155],6,0},{'M',[214;694;72;525],9,[107;347;36;525],8,[1;1;1;0]},{'O',[214;694;72;525],9,[214;694;72;525],9,0},{'M',[655;326;73;420],7,[655;326;73;105],6,[0;0;0;2]},{'O',[655;326;73;420],7,[655;326;73;420],7,0}}
Adder graph: {{'M',[1;1;2;1],1,[1;1;1;1],0,[0;0;1;0]},{'A',[-3;5;9;5],2,[1;1;1;1],0,0,[-1;1;2;1],1,2},{'M',[16;2;8;5],3,[1;1;1;1],0,[4;1;3;NaN],[-3;5;9;5],2,[NaN;NaN;NaN;0]},{'A',[131;21;55;35],4,[16;2;8;5],3,3,[3;5;-9;-5],2,0},{'M',[131;336;55;560],5,[131;21;55;35],4,[0;4;0;4]},{'M',[262;5;9;70],5,[-3;5;9;5],2,[NaN;0;0;NaN],[131;21;55;35],4,[1;NaN;NaN;1]},{'A',[655;326;73;420],6,[131;336;55;560],5,0,[262;-5;9;-70],5,1},{'M',[131;21;55;280],5,[131;21;55;35],4,[0;0;0;3]},{'M',[-48;652;55;35],7,[-3;5;9;5],2,[4;NaN;NaN;NaN],[131;21;55;35],4,[NaN;NaN;0;0],[655;326;73;420],6,[NaN;1;NaN;NaN]},{'A',[214;694;165;525],8,[131;21;55;280],5,1,[-48;652;55;-35],7,0},{'M',[214;80;165;80],9,[-3;5;9;5],2,[NaN;4;NaN;4],[214;694;165;525],8,[0;NaN;0;NaN]},{'M',[-3;21;55;5],5,[-3;5;9;5],2,[0;NaN;NaN;0],[131;21;55;35],4,[NaN;0;0;NaN]},{'A',[431;139;385;155],10,[214;80;165;80],9,1,[3;-21;55;-5],5,0},{'M',[862;278;385;155],11,[431;139;385;155],10,[1;1;0;0]},{'O',[862;278;385;155],11,[862;278;385;155],11,0},{'M',[214;694;72;525],9,[-3;5;9;5],2,[NaN;NaN;3;NaN],[214;694;165;525],8,[0;0;NaN;0]},{'O',[214;694;72;525],9,[214;694;72;525],9,0},{'O',[655;326;73;420],6,[655;326;73;420],6,0}}
Finished solving after 2049.32 seconds
Adder graph: {{'M',[1;1;2;1],1,[1;1;1;1],0,[0;0;1;0]},{'A',[-3;5;9;5],2,[1;1;1;1],0,0,[-1;1;2;1],1,2},{'M',[16;2;8;5],3,[1;1;1;1],0,[4;1;3;NaN],[-3;5;9;5],2,[NaN;NaN;NaN;0]},{'A',[131;21;55;35],4,[16;2;8;5],3,3,[3;5;-9;-5],2,0},{'M',[131;336;55;560],5,[131;21;55;35],4,[0;4;0;4]},{'M',[262;5;9;70],5,[-3;5;9;5],2,[NaN;0;0;NaN],[131;21;55;35],4,[1;NaN;NaN;1]},{'A',[655;326;73;420],6,[131;336;55;560],5,0,[262;-5;9;-70],5,1},{'M',[131;21;55;280],5,[131;21;55;35],4,[0;0;0;3]},{'M',[-48;652;55;35],7,[-3;5;9;5],2,[4;NaN;NaN;NaN],[131;21;55;35],4,[NaN;NaN;0;0],[655;326;73;420],6,[NaN;1;NaN;NaN]},{'A',[214;694;165;525],8,[131;21;55;280],5,1,[-48;652;55;-35],7,0},{'M',[214;80;165;80],9,[-3;5;9;5],2,[NaN;4;NaN;4],[214;694;165;525],8,[0;NaN;0;NaN]},{'M',[-3;21;55;5],5,[-3;5;9;5],2,[0;NaN;NaN;0],[131;21;55;35],4,[NaN;0;0;NaN]},{'A',[431;139;385;155],10,[214;80;165;80],9,1,[3;-21;55;-5],5,0},{'M',[862;278;385;155],11,[431;139;385;155],10,[1;1;0;0]},{'O',[862;278;385;155],11,[862;278;385;155],11,0},{'M',[214;694;72;525],9,[-3;5;9;5],2,[NaN;NaN;3;NaN],[214;694;165;525],8,[0;0;NaN;0]},{'O',[214;694;72;525],9,[214;694;72;525],9,0},{'O',[655;326;73;420],6,[655;326;73;420],6,0}}
# Add optimal = 1
# Mux optimal = 1
# FAs optimal = 0
