Adder graph: {{'M',[2;1],1,[1;1],0,[1;0]},{'A',[17;-7],2,[1;1],0,0,[2;-1],1,3},{'M',[1;-28],3,[1;1],0,[0;NaN],[17;-7],2,[NaN;2]},{'M',[17;1],3,[1;1],0,[NaN;0],[17;-7],2,[0;NaN]},{'A',[-13;-113],4,[1;-28],3,2,[-17;-1],3,0},{'M',[272;-113],5,[17;-7],2,[4;NaN],[-13;-113],4,[NaN;0]},{'M',[1;4],1,[1;1],0,[0;2]},{'A',[271;-117],6,[272;-113],5,0,[-1;-4],1,0},{'M',[-52;-117],7,[-13;-113],4,[2;NaN],[271;-117],6,[NaN;0]},{'A',[-103;-206],8,[-52;-117],7,1,[1;28],3,0},{'M',[272;-206],9,[17;-7],2,[4;NaN],[-103;-206],8,[NaN;0]},{'M',[-103;-113],9,[-13;-113],4,[NaN;0],[-103;-206],8,[0;NaN]},{'A',[169;-93],10,[272;-206],9,0,[-103;113],9,0},{'M',[169;512],11,[1;1],0,[NaN;9],[169;-93],10,[0;NaN]},{'M',[1024;-206],9,[1;1],0,[10;NaN],[-103;-206],8,[NaN;0]},{'A',[-855;306],12,[169;512],11,0,[-1024;-206],9,0},{'M',[-855;-186],13,[169;-93],10,[NaN;1],[-855;306],12,[0;NaN]},{'M',[-416;-7],5,[17;-7],2,[NaN;0],[-13;-113],4,[5;NaN]},{'A',[-439;-179],14,[-855;-186],13,0,[416;7],5,0},{'M',[128;1],1,[1;1],0,[7;0]},{'M',[-103;-468],9,[271;-117],6,[NaN;2],[-103;-206],8,[0;NaN]},{'A',[231;469],10,[128;1],1,0,[103;468],9,0},{'M',[1;64],1,[1;1],0,[0;6]},{'M',[-855;-117],13,[271;-117],6,[NaN;0],[-855;306],12,[0;NaN]},{'A',[871;907],14,[1;64],1,4,[855;-117],13,0},{'M',[17;-14],3,[17;-7],2,[0;1]},{'M',[-439;-452],15,[-13;-113],4,[NaN;2],[-439;-179],14,[0;NaN]},{'A',[-422;-466],16,[17;-14],3,0,[-439;-452],15,0},{'M',[-103;-186],11,[-103;-206],8,[0;NaN],[169;-93],10,[NaN;1]},{'M',[169;469],11,[169;-93],10,[0;NaN],[231;469],10,[NaN;0]},{'A',[-37;-841],12,[-103;-186],11,1,[169;-469],11,0},{'M',[-74;-113],13,[-13;-113],4,[NaN;0],[-37;-841],12,[1;NaN]},{'O',[148;226],13,[74;113],13,1},{'M',[-206;-466],17,[-103;-206],8,[1;NaN],[-422;-466],16,[NaN;0]},{'O',[412;932],17,[206;466],17,1},{'M',[271;306],13,[271;-117],6,[0;NaN],[-855;306],12,[NaN;0]},{'O',[271;306],13,[271;306],13,0},{'M',[871;8],15,[1;1],0,[NaN;3],[871;907],14,[0;NaN]},{'O',[871;8],15,[871;8],15,0},{'M',[462;907],15,[231;469],10,[1;NaN],[871;907],14,[NaN;0]},{'O',[462;907],15,[462;907],15,0},{'M',[-855;-841],13,[-855;306],12,[0;NaN],[-37;-841],12,[NaN;0]},{'O',[855;841],13,[855;841],13,0},{'M',[-844;-179],17,[-439;-179],14,[NaN;0],[-422;-466],16,[1;NaN]},{'O',[844;179],17,[844;179],17,0},{'M',[-13;-234],7,[-13;-113],4,[0;NaN],[271;-117],6,[NaN;1]},{'O',[52;936],7,[13;234],7,2},{'M',[169;938],11,[169;-93],10,[0;NaN],[231;469],10,[NaN;1]},{'O',[169;938],11,[169;938],11,0},{'M',[-439;-372],15,[169;-93],10,[NaN;2],[-439;-179],14,[0;NaN]},{'O',[878;744],15,[439;372],15,1}}
Adder graph: {{'M',[16;1],1,[1;1],0,[4;0]},{'M',[1;16],1,[1;1],0,[0;4]},{'A',[17;17],2,[16;1],1,0,[1;16],1,0},{'M',[136;1],3,[1;1],0,[NaN;0],[17;17],2,[3;NaN]},{'M',[1;17],3,[1;1],0,[0;NaN],[17;17],2,[NaN;0]},{'A',[271;19],4,[136;1],3,1,[-1;17],3,0},{'M',[17;34],3,[17;17],2,[0;1]},{'M',[16;19],5,[1;1],0,[4;NaN],[271;19],4,[NaN;0]},{'A',[52;117],6,[17;34],3,2,[-16;-19],5,0},{'A',[103;233],7,[52;117],6,1,[-1;-1],0,0},{'M',[542;233],8,[271;19],4,[1;NaN],[103;233],7,[NaN;0]},{'M',[103;608],8,[271;19],4,[NaN;5],[103;233],7,[0;NaN]},{'A',[439;841],9,[542;233],8,0,[-103;608],8,0},{'M',[439;1],10,[1;1],0,[NaN;0],[439;841],9,[0;NaN]},{'A',[-462;938],11,[52;117],6,3,[-439;1],10,1},{'M',[878;17],10,[17;17],2,[NaN;0],[439;841],9,[1;NaN]},{'M',[17;38],5,[17;17],2,[0;NaN],[271;19],4,[NaN;1]},{'A',[844;93],11,[878;17],10,0,[-17;38],5,1},{'M',[416;117],7,[52;117],6,[3;0]},{'M',[439;4],10,[1;1],0,[NaN;2],[439;841],9,[0;NaN]},{'A',[855;113],11,[416;117],7,0,[439;-4],10,0},{'M',[855;272],12,[17;17],2,[NaN;4],[855;113],11,[0;NaN]},{'M',[16;93],12,[1;1],0,[4;NaN],[844;93],11,[NaN;0]},{'A',[871;179],13,[855;272],12,0,[16;-93],12,0},{'M',[272;117],7,[17;17],2,[4;NaN],[52;117],6,[NaN;0]},{'M',[103;1024],8,[1;1],0,[NaN;10],[103;233],7,[0;NaN]},{'A',[169;-907],9,[272;117],7,0,[-103;-1024],8,0},{'M',[103;152],8,[271;19],4,[NaN;3],[103;233],7,[0;NaN]},{'M',[169;2],10,[1;1],0,[NaN;1],[169;-907],9,[0;NaN]},{'A',[37;306],11,[103;152],8,1,[-169;2],10,0},{'M',[74;113],12,[855;113],11,[NaN;0],[37;306],11,[1;NaN]},{'O',[148;226],12,[74;113],12,1},{'O',[412;932],7,[103;233],7,2},{'M',[271;306],12,[271;19],4,[0;NaN],[37;306],11,[NaN;0]},{'O',[271;306],12,[271;306],12,0},{'M',[871;8],14,[1;1],0,[NaN;3],[871;179],13,[0;NaN]},{'O',[871;8],14,[871;8],14,0},{'M',[-462;-907],12,[-462;938],11,[0;NaN],[169;-907],9,[NaN;0]},{'O',[462;907],12,[462;907],12,0},{'M',[855;841],12,[439;841],9,[NaN;0],[855;113],11,[0;NaN]},{'O',[855;841],12,[855;841],12,0},{'M',[844;179],14,[844;93],11,[0;NaN],[871;179],13,[NaN;0]},{'O',[844;179],14,[844;179],14,0},{'M',[52;936],7,[52;117],6,[0;3]},{'O',[52;936],7,[52;936],7,0},{'M',[169;938],12,[-462;938],11,[NaN;0],[169;-907],9,[0;NaN]},{'O',[169;938],12,[169;938],12,0},{'M',[439;372],12,[439;841],9,[0;NaN],[844;93],11,[NaN;2]},{'O',[878;744],12,[439;372],12,1}}
Adder graph: {{'A',[5;-3],1,[1;1],0,0,[1;-1],0,2},{'M',[20;-3],2,[5;-3],1,[2;0]},{'M',[1;-3],2,[1;1],0,[0;NaN],[5;-3],1,[NaN;0]},{'A',[52;93],3,[20;-3],2,0,[1;3],2,5},{'M',[1;93],4,[1;1],0,[0;NaN],[52;93],3,[NaN;0]},{'M',[52;-12],4,[5;-3],1,[NaN;2],[52;93],3,[0;NaN]},{'A',[-103;117],5,[1;93],4,0,[-52;12],4,1},{'M',[-824;117],6,[-103;117],5,[3;0]},{'M',[5;256],2,[1;1],0,[NaN;8],[5;-3],1,[0;NaN]},{'A',[-844;-907],7,[-824;117],6,0,[-5;-256],2,2},{'M',[-103;-3],6,[5;-3],1,[NaN;0],[-103;117],5,[0;NaN]},{'M',[8;-3],2,[1;1],0,[3;NaN],[5;-3],1,[NaN;0]},{'A',[-231;-51],7,[-103;-3],6,0,[-8;-3],2,4},{'M',[5;2],2,[1;1],0,[NaN;1],[5;-3],1,[0;NaN]},{'M',[8;117],6,[1;1],0,[3;NaN],[-103;117],5,[NaN;0]},{'A',[74;-932],7,[5;2],2,1,[8;-117],6,3},{'M',[640;1],2,[1;1],0,[NaN;0],[5;-3],1,[7;NaN]},{'M',[-231;468],8,[-103;117],5,[NaN;2],[-231;-51],7,[0;NaN]},{'A',[871;469],9,[640;1],2,0,[231;468],8,0},{'M',[-231;234],8,[-103;117],5,[NaN;1],[-231;-51],7,[0;NaN]},{'M',[5;1],2,[1;1],0,[NaN;0],[5;-3],1,[0;NaN]},{'A',[-271;226],9,[-231;234],8,0,[-5;-1],2,3},{'M',[4;93],4,[1;1],0,[2;NaN],[52;93],3,[NaN;0]},{'A',[855;841],10,[871;469],9,0,[-4;93],4,2},{'M',[52;-51],8,[52;93],3,[0;NaN],[-231;-51],7,[NaN;0]},{'A',[439;-153],9,[52;-51],8,2,[231;51],7,0},{'M',[1024;-51],8,[1;1],0,[10;NaN],[-231;-51],7,[NaN;0]},{'M',[855;128],11,[1;1],0,[NaN;7],[855;841],10,[0;NaN]},{'A',[169;-179],12,[1024;-51],8,0,[-855;-128],11,0},{'M',[148;226],10,[74;-932],7,[1;NaN],[-271;226],9,[NaN;0]},{'O',[148;226],10,[148;226],10,0},{'M',[-412;-932],8,[-103;117],5,[2;NaN],[74;-932],7,[NaN;0]},{'O',[412;932],8,[412;932],8,0},{'M',[-271;-306],10,[-271;226],9,[0;NaN],[439;-153],9,[NaN;1]},{'O',[271;306],10,[271;306],10,0},{'M',[871;8],10,[1;1],0,[NaN;3],[871;469],9,[0;NaN]},{'O',[871;8],10,[871;8],10,0},{'M',[-462;-907],8,[-844;-907],7,[NaN;0],[-231;-51],7,[1;NaN]},{'O',[462;907],8,[462;907],8,0},{'O',[855;841],10,[855;841],10,0},{'M',[-844;-179],13,[-844;-907],7,[0;NaN],[169;-179],12,[NaN;0]},{'O',[844;179],13,[844;179],13,0},{'M',[52;936],6,[52;93],3,[0;NaN],[-103;117],5,[NaN;3]},{'O',[52;936],6,[52;936],6,0},{'M',[169;938],13,[871;469],9,[NaN;1],[169;-179],12,[0;NaN]},{'O',[169;938],13,[169;938],13,0},{'M',[439;372],10,[52;93],3,[NaN;2],[439;-153],9,[0;NaN]},{'O',[878;744],10,[439;372],10,1}}
Adder graph: {{'M',[4;1],1,[1;1],0,[2;0]},{'A',[-15;-3],2,[1;1],0,0,[-4;-1],1,2},{'M',[256;-3],3,[1;1],0,[8;NaN],[-15;-3],2,[NaN;0]},{'M',[-15;-96],3,[-15;-3],2,[0;5]},{'A',[271;93],4,[256;-3],3,0,[15;96],3,0},{'M',[-15;-24],3,[-15;-3],2,[0;3]},{'M',[2;93],5,[1;1],0,[1;NaN],[271;93],4,[NaN;0]},{'A',[-26;-234],6,[-15;-24],3,1,[2;-93],5,1},{'M',[-52;-234],7,[-26;-234],6,[1;0]},{'A',[-103;469],8,[1;1],0,0,[-52;234],7,1},{'M',[271;186],5,[271;93],4,[0;1]},{'A',[439;841],9,[-103;469],8,0,[271;186],5,1},{'M',[439;-234],10,[-26;-234],6,[NaN;0],[439;841],9,[0;NaN]},{'M',[-416;1],7,[1;1],0,[NaN;0],[-26;-234],6,[4;NaN]},{'A',[855;-233],11,[439;-234],10,0,[416;1],7,0},{'M',[1024;93],5,[1;1],0,[10;NaN],[271;93],4,[NaN;0]},{'M',[855;4],12,[1;1],0,[NaN;2],[855;-233],11,[0;NaN]},{'A',[169;89],13,[1024;93],5,0,[-855;-4],12,0},{'M',[-30;89],14,[-15;-3],2,[1;NaN],[169;89],13,[NaN;0]},{'M',[-26;-6],7,[-15;-3],2,[NaN;1],[-26;-234],6,[0;NaN]},{'A',[148;226],15,[-30;89],14,1,[26;6],7,3},{'M',[542;89],14,[271;93],4,[1;NaN],[169;89],13,[NaN;0]},{'M',[-240;1],3,[1;1],0,[NaN;0],[-15;-3],2,[4;NaN]},{'A',[844;179],15,[542;89],14,1,[-240;1],3,0},{'M',[855;89],14,[855;-233],11,[0;NaN],[169;89],13,[NaN;0]},{'M',[1;4],1,[1;1],0,[0;2]},{'A',[871;153],15,[855;89],14,0,[1;4],1,4},{'M',[-206;-3],9,[-15;-3],2,[NaN;0],[-103;469],8,[1;NaN]},{'M',[64;226],16,[1;1],0,[6;NaN],[148;226],15,[NaN;0]},{'A',[-462;-907],17,[-206;-3],9,0,[-64;-226],16,2},{'O',[148;226],15,[148;226],15,0},{'M',[-103;-233],12,[-103;469],8,[0;NaN],[855;-233],11,[NaN;0]},{'O',[412;932],12,[103;233],12,2},{'M',[271;306],16,[271;93],4,[0;NaN],[871;153],15,[NaN;1]},{'O',[271;306],16,[271;306],16,0},{'M',[871;8],16,[1;1],0,[NaN;3],[871;153],15,[0;NaN]},{'O',[871;8],16,[871;8],16,0},{'O',[462;907],17,[462;907],17,0},{'M',[855;841],12,[439;841],9,[NaN;0],[855;-233],11,[0;NaN]},{'O',[855;841],12,[855;841],12,0},{'O',[844;179],15,[844;179],15,0},{'M',[-26;-468],7,[-26;-234],6,[0;1]},{'O',[52;936],7,[26;468],7,1},{'M',[169;938],14,[-103;469],8,[NaN;1],[169;89],13,[0;NaN]},{'O',[169;938],14,[169;938],14,0},{'M',[439;372],10,[271;93],4,[NaN;2],[439;841],9,[0;NaN]},{'O',[878;744],10,[439;372],10,1}}
Adder graph: {{'M',[4;1],1,[1;1],0,[2;0]},{'A',[17;-3],2,[1;1],0,0,[4;-1],1,2},{'M',[1;-24],3,[1;1],0,[0;NaN],[17;-3],2,[NaN;3]},{'A',[13;93],4,[17;-3],2,0,[-1;24],3,2},{'M',[1;93],5,[1;1],0,[0;NaN],[13;93],4,[NaN;0]},{'M',[13;-3],5,[17;-3],2,[NaN;0],[13;93],4,[0;NaN]},{'A',[-103;117],6,[1;93],5,0,[-13;3],5,3},{'M',[136;117],7,[17;-3],2,[3;NaN],[-103;117],6,[NaN;0]},{'A',[-271;-233],8,[1;1],0,0,[-136;-117],7,1},{'M',[-103;-233],9,[-103;117],6,[0;NaN],[-271;-233],8,[NaN;0]},{'A',[169;-185],10,[-103;-233],9,0,[17;3],2,4},{'M',[-103;4],7,[1;1],0,[NaN;2],[-103;117],6,[0;NaN]},{'M',[128;117],7,[1;1],0,[7;NaN],[-103;117],6,[NaN;0]},{'A',[-462;-226],8,[-103;4],7,1,[-128;-117],7,1},{'M',[32;1],1,[1;1],0,[5;0]},{'A',[855;-153],11,[32;1],1,5,[-169;-185],10,0},{'M',[-271;512],9,[1;1],0,[NaN;9],[-271;-233],8,[0;NaN]},{'A',[439;-907],10,[-103;117],6,0,[271;-512],9,1},{'M',[16;1],1,[1;1],0,[4;0]},{'M',[855;468],12,[-103;117],6,[NaN;2],[855;-153],11,[0;NaN]},{'A',[871;469],13,[16;1],1,0,[855;468],12,0},{'M',[-103;-3],7,[17;-3],2,[NaN;0],[-103;117],6,[0;NaN]},{'A',[-37;179],11,[-103;-3],7,1,[169;185],10,0},{'M',[439;469],14,[439;-907],10,[0;NaN],[871;469],13,[NaN;0]},{'M',[17;372],5,[17;-3],2,[0;NaN],[13;93],4,[NaN;2]},{'A',[422;841],15,[439;469],14,0,[-17;372],5,0},{'M',[-148;-226],12,[-462;-226],8,[NaN;0],[-37;179],11,[2;NaN]},{'O',[148;226],12,[148;226],12,0},{'O',[412;932],9,[103;233],9,2},{'M',[-271;-306],12,[-271;-233],8,[0;NaN],[855;-153],11,[NaN;1]},{'O',[271;306],12,[271;306],12,0},{'M',[871;8],14,[1;1],0,[NaN;3],[871;469],13,[0;NaN]},{'O',[871;8],14,[871;8],14,0},{'M',[-462;-907],11,[-462;-226],8,[0;NaN],[439;-907],10,[NaN;0]},{'O',[462;907],11,[462;907],11,0},{'M',[855;841],16,[855;-153],11,[0;NaN],[422;841],15,[NaN;0]},{'O',[855;841],16,[855;841],16,0},{'M',[844;179],16,[-37;179],11,[NaN;0],[422;841],15,[1;NaN]},{'O',[844;179],16,[844;179],16,0},{'M',[13;234],7,[13;93],4,[0;NaN],[-103;117],6,[NaN;1]},{'O',[52;936],7,[13;234],7,2},{'M',[169;938],14,[169;-185],10,[0;NaN],[871;469],13,[NaN;1]},{'O',[169;938],14,[169;938],14,0},{'M',[439;372],11,[13;93],4,[NaN;2],[439;-907],10,[0;NaN]},{'O',[878;744],11,[439;372],11,1}}
Adder graph: {{'M',[8;1],1,[1;1],0,[3;0]},{'A',[15;3],2,[8;1],1,1,[-1;1],0,0},{'M',[8;3],3,[1;1],0,[3;NaN],[15;3],2,[NaN;0]},{'A',[271;93],4,[8;3],3,5,[15;-3],2,0},{'M',[15;48],3,[15;3],2,[0;4]},{'M',[1;93],5,[1;1],0,[0;NaN],[271;93],4,[NaN;0]},{'A',[26;468],6,[15;48],3,1,[-1;93],5,2},{'M',[26;48],7,[15;3],2,[NaN;4],[26;468],6,[0;NaN]},{'A',[-103;193],8,[1;1],0,0,[-26;48],7,2},{'M',[-103;2],9,[1;1],0,[NaN;1],[-103;193],8,[0;NaN]},{'M',[128;468],7,[1;1],0,[7;NaN],[26;468],6,[NaN;0]},{'A',[-231;-466],10,[-103;2],9,0,[-128;-468],7,0},{'M',[52;193],9,[26;468],6,[1;NaN],[-103;193],8,[NaN;0]},{'A',[439;306],11,[52;193],9,2,[231;-466],10,0},{'M',[30;193],9,[15;3],2,[1;NaN],[-103;193],8,[NaN;0]},{'M',[104;306],12,[26;468],6,[2;NaN],[439;306],11,[NaN;0]},{'A',[-74;-113],13,[30;193],9,0,[-104;-306],12,0},{'M',[439;1],12,[1;1],0,[NaN;0],[439;306],11,[0;NaN]},{'M',[416;468],7,[26;468],6,[4;0]},{'A',[855;469],13,[439;1],12,0,[416;468],7,0},{'M',[240;193],9,[15;3],2,[4;NaN],[-103;193],8,[NaN;0]},{'A',[-844;-179],10,[240;193],9,0,[-271;-93],4,2},{'M',[4;93],5,[1;1],0,[2;NaN],[271;93],4,[NaN;0]},{'A',[871;841],14,[4;93],5,2,[855;469],13,0},{'M',[128;-113],14,[1;1],0,[7;NaN],[-74;-113],13,[NaN;0]},{'M',[855;3],14,[15;3],2,[NaN;0],[855;469],13,[0;NaN]},{'A',[169;-907],15,[128;-113],14,3,[-855;-3],14,0},{'O',[148;226],13,[74;113],13,1},{'M',[-206;-466],11,[-103;193],8,[1;NaN],[-231;-466],10,[NaN;0]},{'O',[412;932],11,[206;466],11,1},{'M',[271;306],12,[271;93],4,[0;NaN],[439;306],11,[NaN;0]},{'O',[271;306],12,[271;306],12,0},{'M',[871;8],15,[1;1],0,[NaN;3],[871;841],14,[0;NaN]},{'O',[871;8],15,[871;8],15,0},{'M',[-462;-907],16,[-231;-466],10,[1;NaN],[169;-907],15,[NaN;0]},{'O',[462;907],16,[462;907],16,0},{'M',[855;841],15,[855;469],13,[0;NaN],[871;841],14,[NaN;0]},{'O',[855;841],15,[855;841],15,0},{'O',[844;179],10,[844;179],10,0},{'O',[52;936],6,[26;468],6,1},{'M',[169;938],16,[855;469],13,[NaN;1],[169;-907],15,[0;NaN]},{'O',[169;938],16,[169;938],16,0},{'M',[439;372],12,[271;93],4,[NaN;2],[439;306],11,[0;NaN]},{'O',[878;744],12,[439;372],12,1}}
Adder graph: {{'A',[15;15],1,[1;1],0,4,[-1;-1],0,0},{'M',[2;1],1,[1;1],0,[1;0]},{'A',[271;113],2,[2;1],1,7,[15;-15],1,0},{'M',[15;1],2,[1;1],0,[NaN;0],[15;15],1,[0;NaN]},{'A',[211;117],3,[271;113],2,0,[-15;1],2,2},{'M',[60;113],3,[15;15],1,[2;NaN],[271;113],2,[NaN;0]},{'M',[1;2],1,[1;1],0,[0;1]},{'A',[52;97],4,[60;113],3,0,[-1;-2],1,3},{'M',[15;4],2,[1;1],0,[NaN;2],[15;15],1,[0;NaN]},{'A',[37;93],5,[52;97],4,0,[-15;-4],2,0},{'M',[52;117],5,[211;117],3,[NaN;0],[52;97],4,[0;NaN]},{'A',[103;233],6,[52;117],5,1,[-1;-1],0,0},{'M',[103;30],7,[15;15],1,[NaN;1],[103;233],6,[0;NaN]},{'A',[169;153],8,[103;30],7,1,[-37;93],5,0},{'M',[169;117],9,[211;117],3,[NaN;0],[169;153],8,[0;NaN]},{'A',[855;907],10,[1;1],0,10,[-169;-117],9,0},{'M',[1084;1],3,[1;1],0,[NaN;0],[271;113],2,[2;NaN]},{'M',[103;234],7,[211;117],3,[NaN;1],[103;233],6,[0;NaN]},{'A',[878;469],8,[1084;1],3,0,[-103;234],7,1},{'M',[104;93],6,[52;97],4,[1;NaN],[37;93],5,[NaN;0]},{'A',[462;841],9,[878;469],8,0,[-104;93],6,2},{'M',[8;97],5,[1;1],0,[3;NaN],[52;97],4,[NaN;0]},{'M',[855;15],11,[15;15],1,[NaN;0],[855;907],10,[0;NaN]},{'A',[871;179],12,[8;97],5,1,[855;-15],11,0},{'M',[74;113],6,[271;113],2,[NaN;0],[37;93],5,[1;NaN]},{'O',[148;226],6,[74;113],6,1},{'O',[412;932],6,[103;233],6,2},{'M',[271;306],9,[271;113],2,[0;NaN],[169;153],8,[NaN;1]},{'O',[271;306],9,[271;306],9,0},{'M',[871;8],13,[1;1],0,[NaN;3],[871;179],12,[0;NaN]},{'O',[871;8],13,[871;8],13,0},{'M',[462;907],11,[855;907],10,[NaN;0],[462;841],9,[0;NaN]},{'O',[462;907],11,[462;907],11,0},{'M',[855;841],11,[855;907],10,[0;NaN],[462;841],9,[NaN;0]},{'O',[855;841],11,[855;841],11,0},{'M',[844;179],13,[211;117],3,[2;NaN],[871;179],12,[NaN;0]},{'O',[844;179],13,[844;179],13,0},{'M',[52;936],5,[211;117],3,[NaN;3],[52;97],4,[0;NaN]},{'O',[52;936],5,[52;936],5,0},{'M',[169;938],9,[169;153],8,[0;NaN],[878;469],8,[NaN;1]},{'O',[169;938],9,[169;938],9,0},{'M',[878;744],9,[37;93],5,[NaN;3],[878;469],8,[0;NaN]},{'O',[878;744],9,[878;744],9,0}}
Adder graph: {{'A',[5;-3],1,[1;1],0,0,[1;-1],0,2},{'M',[20;1],2,[1;1],0,[NaN;0],[5;-3],1,[2;NaN]},{'A',[52;33],3,[1;1],0,5,[20;1],2,0},{'M',[104;-3],4,[5;-3],1,[NaN;0],[52;33],3,[1;NaN]},{'M',[1;-96],2,[1;1],0,[0;NaN],[5;-3],1,[NaN;5]},{'A',[103;93],5,[104;-3],4,0,[-1;96],2,0},{'M',[16;-3],2,[1;1],0,[4;NaN],[5;-3],1,[NaN;0]},{'A',[231;117],6,[103;93],5,0,[16;3],2,3},{'M',[52;256],4,[1;1],0,[NaN;8],[52;33],3,[0;NaN]},{'A',[439;907],7,[52;256],4,2,[231;-117],6,0},{'M',[160;1],2,[1;1],0,[NaN;0],[5;-3],1,[5;NaN]},{'A',[871;-113],7,[160;1],2,2,[231;-117],6,0},{'M',[208;33],4,[52;33],3,[2;0]},{'A',[855;841],8,[439;907],7,0,[208;-33],4,1},{'M',[40;1],2,[1;1],0,[NaN;0],[5;-3],1,[3;NaN]},{'A',[422;233],7,[231;117],6,1,[-40;-1],2,0},{'M',[10;93],6,[5;-3],1,[1;NaN],[103;93],5,[NaN;0]},{'M',[231;66],7,[52;33],3,[NaN;1],[231;117],6,[0;NaN]},{'A',[271;306],8,[10;93],6,2,[231;-66],7,0},{'M',[512;33],4,[1;1],0,[9;NaN],[52;33],3,[NaN;0]},{'M',[855;-113],9,[871;-113],7,[NaN;0],[855;841],8,[0;NaN]},{'A',[169;179],10,[512;33],4,1,[-855;113],9,0},{'M',[338;841],11,[855;841],8,[NaN;0],[169;179],10,[1;NaN]},{'A',[-74;469],12,[338;841],11,0,[-103;-93],5,2},{'M',[-74;-113],13,[871;-113],7,[NaN;0],[-74;469],12,[0;NaN]},{'O',[148;226],13,[74;113],13,1},{'M',[103;233],8,[103;93],5,[0;NaN],[422;233],7,[NaN;0]},{'O',[412;932],8,[103;233],8,2},{'O',[271;306],8,[271;306],8,0},{'M',[871;8],8,[1;1],0,[NaN;3],[871;-113],7,[0;NaN]},{'O',[871;8],8,[871;8],8,0},{'M',[462;907],8,[231;117],6,[1;NaN],[439;907],7,[NaN;0]},{'O',[462;907],8,[462;907],8,0},{'O',[855;841],8,[855;841],8,0},{'M',[844;179],11,[422;233],7,[1;NaN],[169;179],10,[NaN;0]},{'O',[844;179],11,[844;179],11,0},{'M',[52;936],7,[52;33],3,[0;NaN],[231;117],6,[NaN;3]},{'O',[52;936],7,[52;936],7,0},{'M',[169;938],13,[169;179],10,[0;NaN],[-74;469],12,[NaN;1]},{'O',[169;938],13,[169;938],13,0},{'M',[439;372],8,[103;93],5,[NaN;2],[439;907],7,[0;NaN]},{'O',[878;744],8,[439;372],8,1}}
Adder graph: {{'M',[1;2],1,[1;1],0,[0;1]},{'A',[17;14],2,[1;1],0,4,[1;-2],1,0},{'M',[34;14],3,[17;14],2,[1;0]},{'A',[271;113],4,[34;14],3,3,[-1;1],0,0},{'M',[17;113],5,[17;14],2,[0;NaN],[271;113],4,[NaN;0]},{'A',[13;117],6,[17;113],5,0,[-1;1],0,2},{'M',[1;896],3,[1;1],0,[0;NaN],[17;14],2,[NaN;6]},{'A',[103;40],7,[13;117],6,3,[-1;-896],3,0},{'M',[272;113],5,[17;14],2,[4;NaN],[271;113],4,[NaN;0]},{'A',[169;153],8,[272;113],5,0,[-103;40],7,0},{'M',[103;80],8,[103;40],7,[0;1]},{'M',[271;226],5,[271;113],4,[0;1]},{'A',[-439;-372],9,[103;80],8,0,[-271;-226],5,1},{'A',[37;233],9,[103;40],7,1,[-169;153],8,0},{'M',[256;117],7,[1;1],0,[8;NaN],[13;117],6,[NaN;0]},{'M',[169;1],9,[1;1],0,[NaN;0],[169;153],8,[0;NaN]},{'A',[855;469],10,[256;117],7,2,[-169;1],9,0},{'A',[-211;-179],10,[17;14],2,-1,[-439;-372],9,-1},{'M',[16;-372],10,[1;1],0,[4;NaN],[-439;-372],9,[NaN;0]},{'A',[871;841],11,[855;469],10,0,[16;372],10,0},{'M',[1;4],1,[1;1],0,[0;2]},{'M',[206;117],8,[13;117],6,[NaN;0],[103;40],7,[1;NaN]},{'A',[462;907],9,[1;4],1,8,[206;-117],8,0},{'M',[74;113],10,[271;113],4,[NaN;0],[37;233],9,[1;NaN]},{'O',[148;226],10,[74;113],10,1},{'M',[103;233],10,[103;40],7,[0;NaN],[37;233],9,[NaN;0]},{'O',[412;932],10,[103;233],10,2},{'M',[271;306],9,[271;113],4,[0;NaN],[169;153],8,[NaN;1]},{'O',[271;306],9,[271;306],9,0},{'M',[871;8],12,[1;1],0,[NaN;3],[871;841],11,[0;NaN]},{'O',[871;8],12,[871;8],12,0},{'O',[462;907],9,[462;907],9,0},{'M',[855;841],12,[855;469],10,[0;NaN],[871;841],11,[NaN;0]},{'O',[855;841],12,[855;841],12,0},{'M',[-844;-179],11,[-211;-179],10,[2;0]},{'O',[844;179],11,[844;179],11,0},{'M',[13;234],7,[13;117],6,[0;1]},{'O',[52;936],7,[13;234],7,2},{'M',[169;938],11,[169;153],8,[0;NaN],[855;469],10,[NaN;1]},{'O',[169;938],11,[169;938],11,0},{'O',[878;744],9,[439;372],9,1}}
Finished solving after 7195.57 seconds
Adder graph: {{'M',[1;2],1,[1;1],0,[0;1]},{'A',[17;14],2,[1;1],0,4,[1;-2],1,0},{'M',[34;14],3,[17;14],2,[1;0]},{'A',[271;113],4,[34;14],3,3,[-1;1],0,0},{'M',[17;113],5,[17;14],2,[0;NaN],[271;113],4,[NaN;0]},{'A',[13;117],6,[17;113],5,0,[-1;1],0,2},{'M',[1;896],3,[1;1],0,[0;NaN],[17;14],2,[NaN;6]},{'A',[103;40],7,[13;117],6,3,[-1;-896],3,0},{'M',[272;113],5,[17;14],2,[4;NaN],[271;113],4,[NaN;0]},{'A',[169;153],8,[272;113],5,0,[-103;40],7,0},{'M',[103;80],8,[103;40],7,[0;1]},{'M',[271;226],5,[271;113],4,[0;1]},{'A',[-439;-372],9,[103;80],8,0,[-271;-226],5,1},{'A',[37;233],9,[103;40],7,1,[-169;153],8,0},{'M',[256;117],7,[1;1],0,[8;NaN],[13;117],6,[NaN;0]},{'M',[169;1],9,[1;1],0,[NaN;0],[169;153],8,[0;NaN]},{'A',[855;469],10,[256;117],7,2,[-169;1],9,0},{'A',[-211;-179],10,[17;14],2,-1,[-439;-372],9,-1},{'M',[16;-372],10,[1;1],0,[4;NaN],[-439;-372],9,[NaN;0]},{'A',[871;841],11,[855;469],10,0,[16;372],10,0},{'M',[1;4],1,[1;1],0,[0;2]},{'M',[206;117],8,[13;117],6,[NaN;0],[103;40],7,[1;NaN]},{'A',[462;907],9,[1;4],1,8,[206;-117],8,0},{'M',[74;113],10,[271;113],4,[NaN;0],[37;233],9,[1;NaN]},{'O',[148;226],10,[74;113],10,1},{'M',[103;233],10,[103;40],7,[0;NaN],[37;233],9,[NaN;0]},{'O',[412;932],10,[103;233],10,2},{'M',[271;306],9,[271;113],4,[0;NaN],[169;153],8,[NaN;1]},{'O',[271;306],9,[271;306],9,0},{'M',[871;8],12,[1;1],0,[NaN;3],[871;841],11,[0;NaN]},{'O',[871;8],12,[871;8],12,0},{'O',[462;907],9,[462;907],9,0},{'M',[855;841],12,[855;469],10,[0;NaN],[871;841],11,[NaN;0]},{'O',[855;841],12,[855;841],12,0},{'M',[-844;-179],11,[-211;-179],10,[2;0]},{'O',[844;179],11,[844;179],11,0},{'M',[13;234],7,[13;117],6,[0;1]},{'O',[52;936],7,[13;234],7,2},{'M',[169;938],11,[169;153],8,[0;NaN],[855;469],10,[NaN;1]},{'O',[169;938],11,[169;938],11,0},{'O',[878;744],9,[439;372],9,1}}
# Add optimal = 1
# Mux optimal = 0
# FAs optimal = 0
