Adder graph: {{'M',[4;1],1,[1;1],0,[2;0]},{'A',[65;15],2,[4;1],1,4,[1;-1],0,0},{'M',[65;64],3,[1;1],0,[NaN;6],[65;15],2,[0;NaN]},{'M',[1;4],1,[1;1],0,[0;2]},{'A',[57;96],4,[65;64],3,0,[-1;4],1,3},{'M',[57;16],5,[1;1],0,[NaN;4],[57;96],4,[0;NaN]},{'M',[65;2],3,[1;1],0,[NaN;1],[65;15],2,[0;NaN]},{'A',[374;40],6,[57;16],5,1,[65;2],3,2},{'M',[228;96],5,[57;96],4,[2;0]},{'M',[1;2],1,[1;1],0,[0;1]},{'A',[913;386],6,[228;96],5,2,[1;2],1,0},{'M',[748;386],7,[374;40],6,[1;NaN],[913;386],6,[NaN;0]},{'M',[913;80],7,[374;40],6,[NaN;1],[913;386],6,[0;NaN]},{'A',[-165;306],8,[748;386],7,0,[-913;-80],7,0},{'M',[520;15],3,[65;15],2,[3;0]},{'M',[57;386],7,[57;96],4,[0;NaN],[913;386],6,[NaN;0]},{'A',[406;-757],8,[520;15],3,0,[-57;-386],7,1},{'M',[65;96],5,[65;15],2,[0;NaN],[57;96],4,[NaN;0]},{'M',[374;1],7,[1;1],0,[NaN;0],[374;40],6,[0;NaN]},{'A',[-309;95],8,[65;96],5,0,[-374;-1],7,0},{'M',[-309;640],9,[374;40],6,[NaN;4],[-309;95],8,[0;NaN]},{'M',[520;95],9,[65;15],2,[3;NaN],[-309;95],8,[NaN;0]},{'A',[731;450],10,[-309;640],9,0,[520;-95],9,1},{'M',[731;120],11,[65;15],2,[NaN;3],[731;450],10,[0;NaN]},{'M',[4;96],5,[1;1],0,[2;NaN],[57;96],4,[NaN;0]},{'A',[723;312],12,[731;120],11,0,[-4;96],5,1},{'M',[731;312],13,[731;450],10,[0;NaN],[723;312],12,[NaN;0]},{'M',[913;96],7,[57;96],4,[NaN;0],[913;386],6,[0;NaN]},{'A',[411;102],14,[731;312],13,-2,[913;96],7,-2},{'M',[228;1],5,[1;1],0,[NaN;0],[57;96],4,[2;NaN]},{'M',[-618;450],11,[-309;95],8,[1;NaN],[731;450],10,[NaN;0]},{'A',[846;-449],12,[228;1],5,0,[618;-450],11,0},{'M',[260;96],5,[65;15],2,[2;NaN],[57;96],4,[NaN;0]},{'M',[411;-757],15,[406;-757],8,[NaN;0],[411;102],14,[0;NaN]},{'A',[-151;-661],16,[260;96],5,0,[-411;-757],15,0},{'M',[-151;-449],17,[846;-449],12,[NaN;0],[-151;-661],16,[0;NaN]},{'O',[151;449],17,[151;449],17,0},{'M',[-618;-661],17,[-309;95],8,[1;NaN],[-151;-661],16,[NaN;0]},{'O',[618;661],17,[618;661],17,0},{'M',[731;190],11,[-309;95],8,[NaN;1],[731;450],10,[0;NaN]},{'O',[731;190],11,[731;190],11,0},{'M',[57;450],11,[57;96],4,[0;NaN],[731;450],10,[NaN;0]},{'O',[57;450],11,[57;450],11,0},{'M',[-330;-757],9,[-165;306],8,[1;NaN],[406;-757],8,[NaN;0]},{'O',[330;757],9,[330;757],9,0},{'M',[723;256],13,[1;1],0,[NaN;8],[723;312],12,[0;NaN]},{'O',[723;256],13,[723;256],13,0},{'M',[411;408],15,[411;102],14,[0;2]},{'O',[411;408],15,[411;408],15,0},{'M',[406;306],9,[-165;306],8,[NaN;0],[406;-757],8,[0;NaN]},{'O',[812;612],9,[406;306],9,1},{'M',[846;512],13,[1;1],0,[NaN;9],[846;-449],12,[0;NaN]},{'O',[846;512],13,[846;512],13,0},{'M',[913;624],13,[913;386],6,[0;NaN],[723;312],12,[NaN;1]},{'O',[913;624],13,[913;624],13,0}}
Adder graph: {{'M',[8;1],1,[1;1],0,[3;0]},{'A',[65;7],2,[8;1],1,3,[1;-1],0,0},{'M',[65;448],3,[65;7],2,[0;6]},{'M',[4;1],1,[1;1],0,[2;0]},{'A',[57;450],4,[65;448],3,0,[-4;1],1,1},{'M',[65;14],3,[65;7],2,[0;1]},{'M',[57;256],5,[1;1],0,[NaN;8],[57;450],4,[0;NaN]},{'A',[203;312],6,[65;14],3,2,[-57;256],5,0},{'M',[128;1],1,[1;1],0,[7;0]},{'M',[203;1],7,[1;1],0,[NaN;0],[203;312],6,[0;NaN]},{'A',[309;5],8,[128;1],1,2,[-203;1],7,0},{'M',[1;160],9,[1;1],0,[0;NaN],[309;5],8,[NaN;5]},{'M',[64;7],3,[1;1],0,[6;NaN],[65;7],2,[NaN;0]},{'A',[-63;153],10,[1;160],9,0,[-64;-7],3,0},{'M',[1;640],9,[1;1],0,[0;NaN],[309;5],8,[NaN;7]},{'M',[912;450],5,[57;450],4,[4;0]},{'A',[913;190],10,[1;640],9,0,[912;-450],5,0},{'M',[57;320],9,[57;450],4,[0;NaN],[309;5],8,[NaN;6]},{'A',[846;1290],10,[57;320],9,2,[309;5],8,1},{'M',[309;1290],11,[309;5],8,[0;NaN],[846;1290],10,[NaN;0]},{'M',[913;1290],11,[913;190],10,[0;NaN],[846;1290],10,[NaN;0]},{'A',[-151;645],12,[309;1290],11,-2,[-913;1290],11,-2},{'M',[114;190],11,[57;450],4,[1;NaN],[913;190],10,[NaN;0]},{'M',[-63;28],11,[65;7],2,[NaN;2],[-63;153],10,[0;NaN]},{'A',[165;408],12,[114;190],11,1,[-63;28],11,0},{'M',[203;645],13,[203;312],6,[0;NaN],[-151;645],12,[NaN;0]},{'M',[65;2],3,[1;1],0,[NaN;1],[65;7],2,[0;NaN]},{'A',[723;661],14,[203;645],13,0,[65;2],3,3},{'M',[1;14],3,[1;1],0,[0;NaN],[65;7],2,[NaN;1]},{'M',[723;645],15,[-151;645],12,[NaN;0],[723;661],14,[0;NaN]},{'A',[731;757],16,[1;14],3,3,[723;645],15,0},{'M',[260;1],3,[1;1],0,[NaN;0],[65;7],2,[2;NaN]},{'M',[-151;450],13,[57;450],4,[NaN;0],[-151;645],12,[0;NaN]},{'A',[411;-449],14,[260;1],3,0,[151;-450],13,0},{'M',[-151;-449],15,[-151;645],12,[0;NaN],[411;-449],14,[NaN;0]},{'O',[151;449],15,[151;449],15,0},{'M',[618;661],15,[309;5],8,[1;NaN],[723;661],14,[NaN;0]},{'O',[618;661],15,[618;661],15,0},{'M',[731;190],17,[913;190],10,[NaN;0],[731;757],16,[0;NaN]},{'O',[731;190],17,[731;190],17,0},{'O',[57;450],4,[57;450],4,0},{'M',[330;757],17,[165;408],12,[1;NaN],[731;757],16,[NaN;0]},{'O',[330;757],17,[330;757],17,0},{'M',[723;256],15,[1;1],0,[NaN;8],[723;661],14,[0;NaN]},{'O',[723;256],15,[723;256],15,0},{'M',[411;408],15,[165;408],12,[NaN;0],[411;-449],14,[0;NaN]},{'O',[411;408],15,[411;408],15,0},{'M',[203;153],11,[203;312],6,[0;NaN],[-63;153],10,[NaN;0]},{'O',[812;612],11,[203;153],11,2},{'M',[846;512],11,[1;1],0,[NaN;9],[846;1290],10,[0;NaN]},{'O',[846;512],11,[846;512],11,0},{'M',[913;624],11,[203;312],6,[NaN;1],[913;190],10,[0;NaN]},{'O',[913;624],11,[913;624],11,0}}
Adder graph: {{'M',[1;64],1,[1;1],0,[0;6]},{'A',[65;0],2,[1;1],0,6,[1;-64],1,0},{'M',[65;64],3,[1;1],0,[NaN;6],[65;0],2,[0;NaN]},{'M',[8;1],1,[1;1],0,[3;0]},{'A',[57;63],4,[65;64],3,0,[-8;-1],1,0},{'M',[65;8],3,[1;1],0,[NaN;3],[65;0],2,[0;NaN]},{'M',[57;4],5,[1;1],0,[NaN;2],[57;63],4,[0;NaN]},{'A',[203;28],6,[65;8],3,2,[-57;-4],5,0},{'M',[203;2],7,[1;1],0,[NaN;1],[203;28],6,[0;NaN]},{'M',[65;56],7,[65;0],2,[0;NaN],[203;28],6,[NaN;1]},{'A',[723;450],8,[203;2],7,0,[65;56],7,3},{'M',[57;28],7,[57;63],4,[0;NaN],[203;28],6,[NaN;0]},{'A',[913;449],8,[57;28],7,4,[1;1],0,0},{'M',[203;63],7,[57;63],4,[NaN;0],[203;28],6,[0;NaN]},{'M',[16;1],1,[1;1],0,[4;0]},{'A',[-309;95],8,[203;63],7,0,[-16;1],1,5},{'M',[256;95],9,[1;1],0,[8;NaN],[-309;95],8,[NaN;0]},{'M',[913;112],9,[203;28],6,[NaN;2],[913;449],8,[0;NaN]},{'A',[-401;78],10,[256;95],9,1,[-913;-112],9,0},{'M',[812;1],7,[1;1],0,[NaN;0],[203;28],6,[2;NaN]},{'M',[-401;2],11,[1;1],0,[NaN;1],[-401;78],10,[0;NaN]},{'A',[411;3],12,[812;1],7,0,[-401;2],11,0},{'M',[411;190],13,[-309;95],8,[NaN;1],[411;3],12,[0;NaN]},{'M',[913;3],13,[913;449],8,[0;NaN],[411;3],12,[NaN;0]},{'A',[731;757],14,[411;190],13,2,[-913;-3],13,0},{'M',[-309;78],11,[-309;95],8,[0;NaN],[-401;78],10,[NaN;0]},{'A',[846;408],12,[57;63],4,2,[309;78],11,1},{'M',[411;384],13,[411;3],12,[0;7]},{'M',[260;78],11,[65;0],2,[2;NaN],[-401;78],10,[NaN;0]},{'A',[151;306],14,[411;384],13,0,[-260;-78],11,0},{'M',[-401;96],13,[-401;78],10,[0;NaN],[411;3],12,[NaN;5]},{'A',[330;-661],15,[-401;96],13,0,[731;-757],14,0},{'M',[151;449],15,[913;449],8,[NaN;0],[151;306],14,[0;NaN]},{'O',[151;449],15,[151;449],15,0},{'M',[-618;-661],16,[-309;95],8,[1;NaN],[330;-661],15,[NaN;0]},{'O',[618;661],16,[618;661],16,0},{'M',[731;190],15,[-309;95],8,[NaN;1],[731;757],14,[0;NaN]},{'O',[731;190],15,[731;190],15,0},{'M',[57;450],9,[57;63],4,[0;NaN],[723;450],8,[NaN;0]},{'O',[57;450],9,[57;450],9,0},{'M',[330;757],16,[731;757],14,[NaN;0],[330;-661],15,[0;NaN]},{'O',[330;757],16,[330;757],16,0},{'M',[723;256],9,[1;1],0,[NaN;8],[723;450],8,[0;NaN]},{'O',[723;256],9,[723;256],9,0},{'M',[411;408],13,[411;3],12,[0;NaN],[846;408],12,[NaN;0]},{'O',[411;408],13,[411;408],13,0},{'M',[406;306],15,[203;28],6,[1;NaN],[151;306],14,[NaN;0]},{'O',[812;612],15,[406;306],15,1},{'M',[846;512],13,[1;1],0,[NaN;9],[846;408],12,[0;NaN]},{'O',[846;512],13,[846;512],13,0},{'M',[913;624],11,[913;449],8,[0;NaN],[-401;78],10,[NaN;3]},{'O',[913;624],11,[913;624],11,0}}
Adder graph: {{'M',[32;1],1,[1;1],0,[5;0]},{'A',[65;3],2,[1;1],0,0,[32;1],1,1},{'M',[65;64],3,[1;1],0,[NaN;6],[65;3],2,[0;NaN]},{'M',[1;64],1,[1;1],0,[0;6]},{'A',[57;-448],4,[65;64],3,0,[-1;-64],1,3},{'M',[1;96],3,[1;1],0,[0;NaN],[65;3],2,[NaN;5]},{'M',[57;24],5,[65;3],2,[NaN;3],[57;-448],4,[0;NaN]},{'A',[913;-288],6,[1;96],3,0,[57;-24],5,4},{'M',[57;768],5,[65;3],2,[NaN;8],[57;-448],4,[0;NaN]},{'M',[65;2],3,[1;1],0,[NaN;1],[65;3],2,[0;NaN]},{'A',[-203;760],6,[57;768],5,0,[-65;-2],3,2},{'M',[-203;384],7,[65;3],2,[NaN;7],[-203;760],6,[0;NaN]},{'A',[723;408],8,[65;3],2,3,[203;384],7,0},{'M',[723;760],9,[-203;760],6,[NaN;0],[723;408],8,[0;NaN]},{'M',[8;3],3,[1;1],0,[3;NaN],[65;3],2,[NaN;0]},{'A',[731;757],10,[723;760],9,0,[8;-3],3,0},{'M',[731;1],11,[1;1],0,[NaN;0],[731;757],10,[0;NaN]},{'M',[1040;-448],5,[65;3],2,[4;NaN],[57;-448],4,[NaN;0]},{'A',[-309;449],12,[731;1],11,0,[-1040;448],5,0},{'M',[-203;6],7,[65;3],2,[NaN;1],[-203;760],6,[0;NaN]},{'A',[101;312],8,[-203;6],7,2,[913;288],6,0},{'M',[4;3],3,[1;1],0,[2;NaN],[65;3],2,[NaN;0]},{'M',[202;757],11,[731;757],10,[NaN;0],[101;312],8,[1;NaN]},{'A',[330;-661],12,[4;3],3,5,[202;-757],11,0},{'M',[114;1],5,[1;1],0,[NaN;0],[57;-448],4,[1;NaN]},{'A',[423;450],13,[114;1],5,0,[309;449],12,0},{'M',[913;312],9,[913;-288],6,[0;NaN],[101;312],8,[NaN;0]},{'M',[-309;-448],13,[57;-448],4,[NaN;0],[-309;449],12,[0;NaN]},{'A',[151;190],14,[913;312],9,-2,[-309;448],13,-2},{'M',[256;3],3,[1;1],0,[8;NaN],[65;3],2,[NaN;0]},{'A',[411;-306],9,[256;3],3,1,[-101;-312],8,0},{'M',[151;449],15,[-309;449],12,[NaN;0],[151;190],14,[0;NaN]},{'O',[151;449],15,[151;449],15,0},{'M',[-618;-661],13,[-309;449],12,[1;NaN],[330;-661],12,[NaN;0]},{'O',[618;661],13,[618;661],13,0},{'M',[731;190],15,[731;757],10,[0;NaN],[151;190],14,[NaN;0]},{'O',[731;190],15,[731;190],15,0},{'M',[57;450],14,[57;-448],4,[0;NaN],[423;450],13,[NaN;0]},{'O',[57;450],14,[57;450],14,0},{'M',[330;757],13,[731;757],10,[NaN;0],[330;-661],12,[0;NaN]},{'O',[330;757],13,[330;757],13,0},{'M',[723;256],9,[1;1],0,[NaN;8],[723;408],8,[0;NaN]},{'O',[723;256],9,[723;256],9,0},{'M',[411;408],10,[723;408],8,[NaN;0],[411;-306],9,[0;NaN]},{'O',[411;408],10,[411;408],10,0},{'M',[-406;-306],10,[-203;760],6,[1;NaN],[411;-306],9,[NaN;0]},{'O',[812;612],10,[406;306],10,1},{'M',[423;256],14,[1;1],0,[NaN;8],[423;450],13,[0;NaN]},{'O',[846;512],14,[423;256],14,1},{'M',[913;624],9,[913;-288],6,[0;NaN],[101;312],8,[NaN;1]},{'O',[913;624],9,[913;624],9,0}}
Adder graph: {{'M',[32;1],1,[1;1],0,[5;0]},{'A',[-28;3],2,[1;1],0,2,[-32;-1],1,0},{'M',[1;12],3,[1;1],0,[0;NaN],[-28;3],2,[NaN;2]},{'M',[-28;96],3,[-28;3],2,[0;5]},{'A',[57;204],4,[1;12],3,0,[28;96],3,1},{'M',[256;1],1,[1;1],0,[8;0]},{'M',[1;2],1,[1;1],0,[0;1]},{'A',[260;-7],2,[256;1],1,0,[1;-2],1,2},{'M',[260;-14],3,[260;-7],2,[0;1]},{'A',[-203;190],5,[57;204],4,0,[-260;-14],3,0},{'M',[-203;204],6,[57;204],4,[NaN;0],[-203;190],5,[0;NaN]},{'M',[260;408],5,[57;204],4,[NaN;1],[260;-7],2,[0;NaN]},{'A',[-723;-612],7,[-203;204],6,0,[-260;-408],5,1},{'M',[8;3],3,[1;1],0,[3;NaN],[-28;3],2,[NaN;0]},{'M',[-723;760],8,[-203;190],5,[NaN;2],[-723;-612],7,[0;NaN]},{'A',[731;-757],9,[8;3],3,0,[723;-760],8,0},{'M',[-896;1],3,[1;1],0,[NaN;0],[-28;3],2,[5;NaN]},{'M',[731;-224],10,[260;-7],2,[NaN;5],[731;-757],9,[0;NaN]},{'A',[-165;225],11,[-896;1],3,0,[731;224],10,0},{'M',[260;24],3,[-28;3],2,[NaN;3],[260;-7],2,[0;NaN]},{'A',[-309;-661],10,[731;-757],9,0,[-260;24],3,2},{'M',[456;225],12,[57;204],4,[3;NaN],[-165;225],11,[NaN;0]},{'A',[913;449],13,[456;225],12,1,[1;-1],0,0},{'M',[-309;204],11,[57;204],4,[NaN;0],[-309;-661],10,[0;NaN]},{'A',[423;204],12,[57;204],4,1,[309;-204],11,0},{'M',[-309;-7],11,[260;-7],2,[NaN;0],[-309;-661],10,[0;NaN]},{'M',[913;1],14,[1;1],0,[NaN;0],[913;449],13,[0;NaN]},{'A',[151;-2],15,[-309;-7],11,-2,[913;-1],14,-2},{'M',[151;32],16,[1;1],0,[NaN;5],[151;-2],15,[0;NaN]},{'A',[411;39],17,[151;32],16,0,[260;7],2,0},{'M',[151;449],16,[913;449],13,[NaN;0],[151;-2],15,[0;NaN]},{'O',[151;449],16,[151;449],16,0},{'M',[-618;-661],11,[-309;-661],10,[1;0]},{'O',[618;661],11,[618;661],11,0},{'M',[731;190],10,[-203;190],5,[NaN;0],[731;-757],9,[0;NaN]},{'O',[731;190],10,[731;190],10,0},{'M',[57;450],12,[57;204],4,[0;NaN],[-165;225],11,[NaN;1]},{'O',[57;450],12,[57;450],12,0},{'M',[-330;-757],12,[731;-757],9,[NaN;0],[-165;225],11,[1;NaN]},{'O',[330;757],12,[330;757],12,0},{'M',[-723;-256],16,[-723;-612],7,[0;NaN],[151;-2],15,[NaN;7]},{'O',[723;256],16,[723;256],16,0},{'M',[411;408],18,[423;204],12,[NaN;1],[411;39],17,[0;NaN]},{'O',[411;408],18,[411;408],18,0},{'M',[-812;-612],8,[-203;190],5,[2;NaN],[-723;-612],7,[NaN;0]},{'O',[812;612],8,[812;612],8,0},{'M',[423;256],13,[1;1],0,[NaN;8],[423;204],12,[0;NaN]},{'O',[846;512],13,[423;256],13,1},{'M',[913;624],18,[913;449],13,[0;NaN],[411;39],17,[NaN;4]},{'O',[913;624],18,[913;624],18,0}}
Adder graph: {{'M',[16;1],1,[1;1],0,[4;0]},{'A',[65;-3],2,[1;1],0,0,[16;-1],1,2},{'M',[65;4],3,[1;1],0,[NaN;2],[65;-3],2,[0;NaN]},{'A',[57;12],4,[65;4],3,0,[-1;1],0,3},{'M',[1;2],1,[1;1],0,[0;1]},{'A',[913;190],5,[57;12],4,4,[1;-2],1,0},{'M',[65;65536],3,[1;1],0,[NaN;16],[65;-3],2,[0;NaN]},{'A',[203;262156],5,[65;65536],3,2,[-57;12],4,0},{'M',[203;4],6,[1;1],0,[NaN;2],[203;262156],5,[0;NaN]},{'A',[723;-28],7,[65;-3],2,3,[203;-4],6,0},{'M',[1024;12],5,[1;1],0,[10;NaN],[57;12],4,[NaN;0]},{'M',[203;-96],6,[65;-3],2,[NaN;5],[203;262156],5,[0;NaN]},{'A',[618;204],7,[1024;12],5,0,[-203;96],6,1},{'M',[913;204],8,[913;190],5,[0;NaN],[618;204],7,[NaN;0]},{'M',[203;12],6,[57;12],4,[NaN;0],[203;262156],5,[0;NaN]},{'A',[101;156],9,[913;204],8,0,[-203;-12],6,2},{'M',[512;-3],3,[1;1],0,[9;NaN],[65;-3],2,[NaN;0]},{'M',[101;760],10,[913;190],5,[NaN;2],[101;156],9,[0;NaN]},{'A',[411;757],11,[512;-3],3,0,[-101;760],10,0},{'M',[723;757],12,[723;-28],7,[0;NaN],[411;757],11,[NaN;0]},{'M',[1;-12],3,[1;1],0,[0;NaN],[65;-3],2,[NaN;2]},{'A',[731;661],13,[723;757],12,0,[1;-12],3,3},{'M',[618;2],8,[1;1],0,[NaN;1],[618;204],7,[0;NaN]},{'M',[57;-112],8,[57;12],4,[0;NaN],[723;-28],7,[NaN;2]},{'A',[846;450],9,[618;2],8,0,[57;112],8,2},{'M',[64;-3],3,[1;1],0,[6;NaN],[65;-3],2,[NaN;0]},{'A',[165;153],10,[101;156],9,0,[64;-3],3,0},{'M',[65;-112],8,[65;-3],2,[0;NaN],[723;-28],7,[NaN;2]},{'M',[411;1],12,[1;1],0,[NaN;0],[411;757],11,[0;NaN]},{'A',[-151;-449],13,[65;-112],8,2,[-411;-1],12,0},{'O',[151;449],13,[151;449],13,0},{'M',[618;661],14,[618;204],7,[0;NaN],[731;661],13,[NaN;0]},{'O',[618;661],14,[618;661],14,0},{'M',[731;190],14,[913;190],5,[NaN;0],[731;661],13,[0;NaN]},{'O',[731;190],14,[731;190],14,0},{'M',[57;450],10,[57;12],4,[0;NaN],[846;450],9,[NaN;0]},{'O',[57;450],10,[57;450],10,0},{'M',[330;757],12,[411;757],11,[NaN;0],[165;153],10,[1;NaN]},{'O',[330;757],12,[330;757],12,0},{'M',[723;256],8,[1;1],0,[NaN;8],[723;-28],7,[0;NaN]},{'O',[723;256],8,[723;256],8,0},{'M',[411;408],12,[618;204],7,[NaN;1],[411;757],11,[0;NaN]},{'O',[411;408],12,[411;408],12,0},{'M',[203;153],11,[203;262156],5,[0;NaN],[165;153],10,[NaN;0]},{'O',[812;612],11,[203;153],11,2},{'M',[846;512],10,[1;1],0,[NaN;9],[846;450],9,[0;NaN]},{'O',[846;512],10,[846;512],10,0},{'M',[913;624],10,[913;190],5,[0;NaN],[101;156],9,[NaN;2]},{'O',[913;624],10,[913;624],10,0}}
Adder graph: {{'M',[4;1],1,[1;1],0,[2;0]},{'A',[65;17],2,[1;1],0,0,[4;1],1,4},{'M',[65;16],3,[1;1],0,[NaN;4],[65;17],2,[0;NaN]},{'A',[57;24],4,[65;16],3,0,[-1;1],0,3},{'M',[57;16],5,[1;1],0,[NaN;4],[57;24],4,[0;NaN]},{'A',[203;52],6,[65;17],2,2,[-57;-16],5,0},{'M',[4;17],3,[1;1],0,[2;NaN],[65;17],2,[NaN;0]},{'M',[1;208],7,[1;1],0,[0;NaN],[203;52],6,[NaN;2]},{'A',[5;225],8,[4;17],3,0,[1;208],7,0},{'M',[5;136],9,[65;17],2,[NaN;3],[5;225],8,[0;NaN]},{'M',[160;17],9,[65;17],2,[NaN;0],[5;225],8,[5;NaN]},{'A',[165;153],10,[5;136],9,0,[160;17],9,0},{'M',[512;1],1,[1;1],0,[9;0]},{'A',[-618;102],7,[203;52],6,1,[-512;-1],1,1},{'M',[130;52],7,[65;17],2,[1;NaN],[203;52],6,[NaN;0]},{'A',[723;156],8,[130;52],7,2,[203;-52],6,0},{'M',[114;102],8,[57;24],4,[1;NaN],[-618;102],7,[NaN;0]},{'A',[913;817],9,[114;102],8,3,[1;1],0,0},{'M',[8;817],10,[1;1],0,[3;NaN],[913;817],9,[NaN;0]},{'A',[731;-661],11,[723;156],8,0,[8;-817],10,0},{'M',[406;1],7,[1;1],0,[NaN;0],[203;52],6,[1;NaN]},{'M',[5;450],9,[5;225],8,[0;1]},{'A',[411;-449],10,[406;1],7,0,[5;-450],9,0},{'M',[65;24],5,[65;17],2,[0;NaN],[57;24],4,[NaN;0]},{'M',[411;-661],12,[731;-661],11,[NaN;0],[411;-449],10,[0;NaN]},{'A',[-151;757],13,[65;24],5,2,[-411;661],12,0},{'M',[-618;1],8,[1;1],0,[NaN;0],[-618;102],7,[0;NaN]},{'A',[846;95],9,[57;24],4,2,[618;-1],8,0},{'M',[-151;-449],14,[411;-449],10,[NaN;0],[-151;757],13,[0;NaN]},{'O',[151;449],14,[151;449],14,0},{'M',[-618;-661],12,[-618;102],7,[0;NaN],[731;-661],11,[NaN;0]},{'O',[618;661],12,[618;661],12,0},{'M',[731;190],12,[731;-661],11,[0;NaN],[846;95],9,[NaN;1]},{'O',[731;190],12,[731;190],12,0},{'M',[57;450],9,[57;24],4,[0;NaN],[5;225],8,[NaN;1]},{'O',[57;450],9,[57;450],9,0},{'M',[330;757],14,[165;153],10,[1;NaN],[-151;757],13,[NaN;0]},{'O',[330;757],14,[330;757],14,0},{'M',[723;256],9,[1;1],0,[NaN;8],[723;156],8,[0;NaN]},{'O',[723;256],9,[723;256],9,0},{'M',[411;408],11,[-618;102],7,[NaN;2],[411;-449],10,[0;NaN]},{'O',[411;408],11,[411;408],11,0},{'M',[203;153],11,[203;52],6,[0;NaN],[165;153],10,[NaN;0]},{'O',[812;612],11,[203;153],11,2},{'M',[846;512],10,[1;1],0,[NaN;9],[846;95],9,[0;NaN]},{'O',[846;512],10,[846;512],10,0},{'M',[913;624],10,[723;156],8,[NaN;2],[913;817],9,[0;NaN]},{'O',[913;624],10,[913;624],10,0}}
Adder graph: {{'M',[32;1],1,[1;1],0,[5;0]},{'A',[65;3],2,[1;1],0,0,[32;1],1,1},{'M',[4;1],1,[1;1],0,[2;0]},{'A',[57;5],3,[65;3],2,0,[-4;1],1,1},{'M',[1;192],3,[1;1],0,[0;NaN],[65;3],2,[NaN;6]},{'M',[456;1],4,[1;1],0,[NaN;0],[57;5],3,[3;NaN]},{'A',[913;190],5,[1;192],3,0,[456;-1],4,1},{'M',[65;4],3,[1;1],0,[NaN;2],[65;3],2,[0;NaN]},{'A',[-203;21],4,[57;5],3,0,[-65;4],3,2},{'M',[1024;3],3,[1;1],0,[10;NaN],[65;3],2,[NaN;0]},{'A',[618;39],5,[-203;21],4,1,[1024;-3],3,0},{'M',[618;21],6,[-203;21],4,[NaN;0],[618;39],5,[0;NaN]},{'M',[913;640],6,[57;5],3,[NaN;7],[913;190],5,[0;NaN]},{'A',[-295;661],7,[618;21],6,0,[-913;640],6,0},{'M',[-295;96],8,[65;3],2,[NaN;5],[-295;661],7,[0;NaN]},{'A',[-165;102],9,[65;3],2,1,[-295;96],8,0},{'M',[260;102],10,[65;3],2,[2;NaN],[-165;102],9,[NaN;0]},{'A',[723;225],11,[260;102],10,1,[203;21],4,0},{'M',[723;42],12,[-203;21],4,[NaN;1],[723;225],11,[0;NaN]},{'M',[2;190],6,[1;1],0,[1;NaN],[913;190],5,[NaN;0]},{'A',[731;802],13,[723;42],12,0,[2;190],6,2},{'A',[411;-153],14,[913;190],5,-2,[731;-802],13,-2},{'M',[260;1],3,[1;1],0,[NaN;0],[65;3],2,[2;NaN]},{'M',[411;450],15,[723;225],11,[NaN;1],[411;-153],14,[0;NaN]},{'A',[-151;-449],16,[260;1],3,0,[-411;-450],15,0},{'M',[228;3],4,[65;3],2,[NaN;0],[57;5],3,[2;NaN]},{'M',[618;760],6,[913;190],5,[NaN;2],[618;39],5,[0;NaN]},{'A',[846;-757],7,[228;3],4,0,[618;-760],6,0},{'O',[151;449],16,[151;449],16,0},{'M',[618;661],8,[618;39],5,[0;NaN],[-295;661],7,[NaN;0]},{'O',[618;661],8,[618;661],8,0},{'M',[731;190],14,[913;190],5,[NaN;0],[731;802],13,[0;NaN]},{'O',[731;190],14,[731;190],14,0},{'M',[57;450],12,[57;5],3,[0;NaN],[723;225],11,[NaN;1]},{'O',[57;450],12,[57;450],12,0},{'M',[-330;-757],10,[-165;102],9,[1;NaN],[846;-757],7,[NaN;0]},{'O',[330;757],10,[330;757],10,0},{'M',[723;256],12,[1;1],0,[NaN;8],[723;225],11,[0;NaN]},{'O',[723;256],12,[723;256],12,0},{'M',[411;408],15,[-165;102],9,[NaN;2],[411;-153],14,[0;NaN]},{'O',[411;408],15,[411;408],15,0},{'M',[-203;-153],15,[-203;21],4,[0;NaN],[411;-153],14,[NaN;0]},{'O',[812;612],15,[203;153],15,2},{'M',[846;512],8,[1;1],0,[NaN;9],[846;-757],7,[0;NaN]},{'O',[846;512],8,[846;512],8,0},{'M',[913;624],6,[913;190],5,[0;NaN],[618;39],5,[NaN;4]},{'O',[913;624],6,[913;624],6,0}}
Finished solving after 7310.22 seconds
Adder graph: {{'M',[32;1],1,[1;1],0,[5;0]},{'A',[65;3],2,[1;1],0,0,[32;1],1,1},{'M',[4;1],1,[1;1],0,[2;0]},{'A',[57;5],3,[65;3],2,0,[-4;1],1,1},{'M',[1;192],3,[1;1],0,[0;NaN],[65;3],2,[NaN;6]},{'M',[456;1],4,[1;1],0,[NaN;0],[57;5],3,[3;NaN]},{'A',[913;190],5,[1;192],3,0,[456;-1],4,1},{'M',[65;4],3,[1;1],0,[NaN;2],[65;3],2,[0;NaN]},{'A',[-203;21],4,[57;5],3,0,[-65;4],3,2},{'M',[1024;3],3,[1;1],0,[10;NaN],[65;3],2,[NaN;0]},{'A',[618;39],5,[-203;21],4,1,[1024;-3],3,0},{'M',[618;21],6,[-203;21],4,[NaN;0],[618;39],5,[0;NaN]},{'M',[913;640],6,[57;5],3,[NaN;7],[913;190],5,[0;NaN]},{'A',[-295;661],7,[618;21],6,0,[-913;640],6,0},{'M',[-295;96],8,[65;3],2,[NaN;5],[-295;661],7,[0;NaN]},{'A',[-165;102],9,[65;3],2,1,[-295;96],8,0},{'M',[260;102],10,[65;3],2,[2;NaN],[-165;102],9,[NaN;0]},{'A',[723;225],11,[260;102],10,1,[203;21],4,0},{'M',[723;42],12,[-203;21],4,[NaN;1],[723;225],11,[0;NaN]},{'M',[2;190],6,[1;1],0,[1;NaN],[913;190],5,[NaN;0]},{'A',[731;802],13,[723;42],12,0,[2;190],6,2},{'A',[411;-153],14,[913;190],5,-2,[731;-802],13,-2},{'M',[260;1],3,[1;1],0,[NaN;0],[65;3],2,[2;NaN]},{'M',[411;450],15,[723;225],11,[NaN;1],[411;-153],14,[0;NaN]},{'A',[-151;-449],16,[260;1],3,0,[-411;-450],15,0},{'M',[228;3],4,[65;3],2,[NaN;0],[57;5],3,[2;NaN]},{'M',[618;760],6,[913;190],5,[NaN;2],[618;39],5,[0;NaN]},{'A',[846;-757],7,[228;3],4,0,[618;-760],6,0},{'O',[151;449],16,[151;449],16,0},{'M',[618;661],8,[618;39],5,[0;NaN],[-295;661],7,[NaN;0]},{'O',[618;661],8,[618;661],8,0},{'M',[731;190],14,[913;190],5,[NaN;0],[731;802],13,[0;NaN]},{'O',[731;190],14,[731;190],14,0},{'M',[57;450],12,[57;5],3,[0;NaN],[723;225],11,[NaN;1]},{'O',[57;450],12,[57;450],12,0},{'M',[-330;-757],10,[-165;102],9,[1;NaN],[846;-757],7,[NaN;0]},{'O',[330;757],10,[330;757],10,0},{'M',[723;256],12,[1;1],0,[NaN;8],[723;225],11,[0;NaN]},{'O',[723;256],12,[723;256],12,0},{'M',[411;408],15,[-165;102],9,[NaN;2],[411;-153],14,[0;NaN]},{'O',[411;408],15,[411;408],15,0},{'M',[-203;-153],15,[-203;21],4,[0;NaN],[411;-153],14,[NaN;0]},{'O',[812;612],15,[203;153],15,2},{'M',[846;512],8,[1;1],0,[NaN;9],[846;-757],7,[0;NaN]},{'O',[846;512],8,[846;512],8,0},{'M',[913;624],6,[913;190],5,[0;NaN],[618;39],5,[NaN;4]},{'O',[913;624],6,[913;624],6,0}}
# Add optimal = 1
# Mux optimal = 0
# FAs optimal = 0
