Adder graph: {{'M',[4;1],1,[1;1],0,[2;0]},{'A',[28;7],2,[4;1],1,3,[-4;-1],1,0},{'M',[56;1],3,[1;1],0,[NaN;0],[28;7],2,[1;NaN]},{'M',[1;112],3,[1;1],0,[0;NaN],[28;7],2,[NaN;4]},{'A',[55;-111],4,[56;1],3,0,[-1;-112],3,0},{'M',[2;7],3,[1;1],0,[1;NaN],[28;7],2,[NaN;0]},{'M',[55;-222],5,[55;-111],4,[0;1]},{'A',[-53;229],6,[2;7],3,0,[-55;222],5,0},{'M',[-53;-111],7,[55;-111],4,[NaN;0],[-53;229],6,[0;NaN]},{'A',[-85;-119],8,[-53;-111],7,0,[-4;-1],1,3},{'M',[-85;256],9,[1;1],0,[NaN;8],[-85;-119],8,[0;NaN]},{'M',[110;-111],5,[55;-111],4,[1;0]},{'A',[25;367],10,[-85;256],9,0,[110;111],5,0},{'M',[25;7],11,[28;7],2,[NaN;0],[25;367],10,[0;NaN]},{'A',[147;167],12,[25;7],11,3,[-53;111],7,0},{'M',[-85;229],9,[-53;229],6,[NaN;0],[-85;-119],8,[0;NaN]},{'M',[-170;1],9,[1;1],0,[NaN;0],[-85;-119],8,[1;NaN]},{'A',[-765;225],10,[-85;229],9,0,[-170;-1],9,2},{'M',[220;367],11,[55;-111],4,[2;NaN],[25;367],10,[NaN;0]},{'A',[221;479],12,[1;112],3,0,[220;367],11,0},{'M',[55;1],5,[1;1],0,[NaN;0],[55;-111],4,[0;NaN]},{'M',[-85;479],13,[-85;-119],8,[0;NaN],[221;479],12,[NaN;0]},{'A',[525;-471],14,[55;1],5,3,[85;-479],13,0},{'M',[128;225],11,[1;1],0,[7;NaN],[-765;225],10,[NaN;0]},{'M',[55;479],13,[55;-111],4,[0;NaN],[221;479],12,[NaN;0]},{'A',[457;421],14,[128;225],11,2,[-55;-479],13,0},{'M',[50;7],11,[28;7],2,[NaN;0],[25;367],10,[1;NaN]},{'M',[221;1],13,[1;1],0,[NaN;0],[221;479],12,[0;NaN]},{'A',[321;13],14,[50;7],11,1,[221;-1],13,0},{'M',[525;668],15,[147;167],12,[NaN;2],[525;-471],14,[0;NaN]},{'O',[525;668],15,[525;668],15,0},{'M',[457;842],15,[457;421],14,[0;1]},{'O',[457;842],15,[457;842],15,0},{'M',[448;479],13,[28;7],2,[4;NaN],[221;479],12,[NaN;0]},{'O',[448;479],13,[448;479],13,0},{'M',[-53;-119],9,[-53;229],6,[0;NaN],[-85;-119],8,[NaN;0]},{'O',[106;238],9,[53;119],9,1},{'M',[55;900],11,[55;-111],4,[0;NaN],[-765;225],10,[NaN;2]},{'O',[55;900],11,[55;900],11,0},{'M',[-170;-471],15,[-85;-119],8,[1;NaN],[525;-471],14,[NaN;0]},{'O',[340;942],15,[170;471],15,1},{'M',[-765;-222],11,[55;-111],4,[NaN;1],[-765;225],10,[0;NaN]},{'O',[765;222],11,[765;222],11,0},{'O',[321;13],14,[321;13],14,0},{'M',[442;229],13,[-53;229],6,[NaN;0],[221;479],12,[1;NaN]},{'O',[442;229],13,[442;229],13,0},{'M',[147;367],13,[25;367],10,[NaN;0],[147;167],12,[0;NaN]},{'O',[147;367],13,[147;367],13,0}}
Adder graph: {{'A',[7;7],1,[1;1],0,3,[-1;-1],0,0},{'M',[7;14],2,[7;7],1,[0;1]},{'A',[55;111],3,[7;14],2,3,[-1;-1],0,0},{'M',[110;111],4,[55;111],3,[1;0]},{'M',[1;16],1,[1;1],0,[0;4]},{'A',[94;367],5,[110;111],4,0,[-1;16],1,4},{'M',[188;7],6,[7;7],1,[NaN;0],[94;367],5,[1;NaN]},{'M',[55;1],4,[1;1],0,[NaN;0],[55;111],3,[0;NaN]},{'A',[321;13],7,[188;7],6,1,[-55;-1],4,0},{'M',[55;367],6,[55;111],3,[0;NaN],[94;367],5,[NaN;0]},{'M',[1;56],2,[1;1],0,[0;NaN],[7;7],1,[NaN;3]},{'A',[53;479],7,[55;367],6,0,[-1;56],2,1},{'M',[94;8],6,[1;1],0,[NaN;3],[94;367],5,[0;NaN]},{'M',[53;111],8,[55;111],3,[NaN;0],[53;479],7,[0;NaN]},{'A',[147;119],9,[94;8],6,0,[53;111],8,0},{'M',[53;367],8,[94;367],5,[NaN;0],[53;479],7,[0;NaN]},{'M',[4;13],8,[1;1],0,[2;NaN],[321;13],7,[NaN;0]},{'A',[85;471],9,[53;367],8,0,[4;13],8,3},{'M',[170;119],10,[147;119],9,[NaN;0],[85;471],9,[1;NaN]},{'M',[85;26],10,[321;13],7,[NaN;1],[85;471],9,[0;NaN]},{'A',[765;450],11,[170;119],10,2,[85;-26],10,0},{'M',[1;111],4,[1;1],0,[0;NaN],[55;111],3,[NaN;0]},{'M',[55;14],4,[7;7],1,[NaN;1],[55;111],3,[0;NaN]},{'A',[221;167],5,[1;111],4,0,[55;14],4,2},{'M',[512;7],2,[1;1],0,[9;NaN],[7;7],1,[NaN;0]},{'M',[55;222],4,[55;111],3,[0;1]},{'A',[457;229],5,[512;7],2,0,[-55;222],4,0},{'M',[110;450],12,[55;111],3,[1;NaN],[765;450],11,[NaN;0]},{'M',[85;958],10,[53;479],7,[NaN;1],[85;471],9,[0;NaN]},{'A',[525;842],13,[110;450],12,2,[85;-958],10,0},{'M',[525;668],14,[221;167],5,[NaN;2],[525;842],13,[0;NaN]},{'O',[525;668],14,[525;668],14,0},{'M',[457;842],14,[457;229],5,[0;NaN],[525;842],13,[NaN;0]},{'O',[457;842],14,[457;842],14,0},{'M',[448;479],8,[7;7],1,[6;NaN],[53;479],7,[NaN;0]},{'O',[448;479],8,[448;479],8,0},{'M',[53;119],10,[53;479],7,[0;NaN],[147;119],9,[NaN;0]},{'O',[106;238],10,[53;119],10,1},{'M',[55;900],12,[55;111],3,[0;NaN],[765;450],11,[NaN;1]},{'O',[55;900],12,[55;900],12,0},{'M',[170;471],10,[85;471],9,[1;0]},{'O',[340;942],10,[170;471],10,1},{'M',[765;222],12,[55;111],3,[NaN;1],[765;450],11,[0;NaN]},{'O',[765;222],12,[765;222],12,0},{'O',[321;13],7,[321;13],7,0},{'M',[442;229],6,[221;167],5,[1;NaN],[457;229],5,[NaN;0]},{'O',[442;229],6,[442;229],6,0},{'M',[147;367],10,[94;367],5,[NaN;0],[147;119],9,[0;NaN]},{'O',[147;367],10,[147;367],10,0}}
Adder graph: {{'A',[7;7],1,[1;1],0,3,[-1;-1],0,0},{'M',[56;1],2,[1;1],0,[NaN;0],[7;7],1,[3;NaN]},{'M',[1;14],2,[1;1],0,[0;NaN],[7;7],1,[NaN;1]},{'A',[55;-13],3,[56;1],2,0,[-1;-14],2,0},{'M',[55;28],4,[7;7],1,[NaN;2],[55;-13],3,[0;NaN]},{'A',[221;-111],5,[1;1],0,0,[55;-28],4,2},{'M',[2;7],2,[1;1],0,[1;NaN],[7;7],1,[NaN;0]},{'M',[55;-222],6,[55;-13],3,[0;NaN],[221;-111],5,[NaN;1]},{'A',[-53;229],7,[2;7],2,0,[-55;222],6,0},{'M',[16;229],8,[1;1],0,[4;NaN],[-53;229],7,[NaN;0]},{'M',[55;2],4,[1;1],0,[NaN;1],[55;-13],3,[0;NaN]},{'A',[-94;225],9,[16;229],8,0,[-55;-2],4,1},{'M',[-376;-13],10,[55;-13],3,[NaN;0],[-94;225],9,[2;NaN]},{'M',[55;225],10,[55;-13],3,[0;NaN],[-94;225],9,[NaN;0]},{'A',[-321;-238],11,[-376;-13],10,0,[55;-225],10,0},{'M',[-53;-13],8,[55;-13],3,[NaN;0],[-53;229],7,[0;NaN]},{'A',[-85;-471],9,[-53;-13],8,0,[-16;-229],8,1},{'M',[-85;8],10,[1;1],0,[NaN;3],[-85;-471],9,[0;NaN]},{'M',[-680;-471],10,[-85;-471],9,[3;0]},{'A',[-765;479],11,[-85;8],10,0,[-680;471],10,0},{'M',[-85;-444],10,[221;-111],5,[NaN;2],[-85;-471],9,[0;NaN]},{'A',[525;668],11,[55;28],4,3,[85;444],10,0},{'M',[-94;112],10,[7;7],1,[NaN;4],[-94;225],9,[0;NaN]},{'M',[-53;479],12,[-53;229],7,[0;NaN],[-765;479],11,[NaN;0]},{'A',[-147;-367],13,[-94;112],10,0,[-53;-479],12,0},{'M',[55;958],12,[55;-13],3,[0;NaN],[-765;479],11,[NaN;1]},{'M',[64;225],10,[1;1],0,[6;NaN],[-94;225],9,[NaN;0]},{'A',[-457;-842],13,[55;958],12,0,[-64;-225],10,3},{'O',[525;668],11,[525;668],11,0},{'O',[457;842],13,[457;842],13,0},{'M',[448;479],12,[7;7],1,[6;NaN],[-765;479],11,[NaN;0]},{'O',[448;479],12,[448;479],12,0},{'M',[-106;-238],12,[-53;229],7,[1;NaN],[-321;-238],11,[NaN;0]},{'O',[106;238],12,[106;238],12,0},{'M',[55;900],10,[55;-13],3,[0;NaN],[-94;225],9,[NaN;2]},{'O',[55;900],10,[55;900],10,0},{'M',[-170;-471],10,[-85;-471],9,[1;0]},{'O',[340;942],10,[170;471],10,1},{'M',[-765;-222],12,[221;-111],5,[NaN;1],[-765;479],11,[0;NaN]},{'O',[765;222],12,[765;222],12,0},{'M',[-321;-13],12,[55;-13],3,[NaN;0],[-321;-238],11,[0;NaN]},{'O',[321;13],12,[321;13],12,0},{'M',[442;229],8,[221;-111],5,[1;NaN],[-53;229],7,[NaN;0]},{'O',[442;229],8,[442;229],8,0},{'O',[147;367],13,[147;367],13,0}}
Adder graph: {{'A',[7;7],1,[1;1],0,3,[-1;-1],0,0},{'M',[28;7],2,[7;7],1,[2;0]},{'A',[55;13],3,[28;7],2,1,[-1;-1],0,0},{'M',[7;1],2,[1;1],0,[NaN;0],[7;7],1,[0;NaN]},{'A',[119;-111],3,[7;1],2,0,[7;-7],1,4},{'M',[55;32],4,[1;1],0,[NaN;5],[55;13],3,[0;NaN]},{'M',[2;-111],4,[1;1],0,[1;NaN],[119;-111],3,[NaN;0]},{'A',[442;367],5,[55;32],4,3,[2;111],4,0},{'M',[119;367],6,[119;-111],3,[0;NaN],[442;367],5,[NaN;0]},{'M',[442;52],6,[55;13],3,[NaN;2],[442;367],5,[0;NaN]},{'A',[-765;471],7,[119;367],6,0,[-442;52],6,1},{'M',[7;2],2,[1;1],0,[NaN;1],[7;7],1,[0;NaN]},{'A',[147;119],4,[7;2],2,2,[119;111],3,0},{'M',[55;8],4,[1;1],0,[NaN;3],[55;13],3,[0;NaN]},{'M',[2;471],8,[1;1],0,[1;NaN],[-765;471],7,[NaN;0]},{'A',[53;479],9,[55;8],4,0,[-2;471],8,0},{'M',[256;119],5,[1;1],0,[8;NaN],[147;119],4,[NaN;0]},{'A',[457;225],6,[256;119],5,1,[-55;-13],3,0},{'M',[32;225],7,[1;1],0,[5;NaN],[457;225],6,[NaN;0]},{'M',[53;4],10,[1;1],0,[NaN;2],[53;479],9,[0;NaN]},{'A',[85;229],11,[32;225],7,0,[53;4],10,0},{'M',[85;224],12,[7;7],1,[NaN;5],[85;229],11,[0;NaN]},{'M',[110;-111],4,[55;13],3,[1;NaN],[119;-111],3,[NaN;0]},{'A',[525;668],13,[85;224],12,0,[110;111],4,2},{'M',[110;225],7,[55;13],3,[1;NaN],[457;225],6,[NaN;0]},{'M',[119;479],10,[119;-111],3,[0;NaN],[53;479],9,[NaN;0]},{'A',[321;421],11,[110;225],7,2,[-119;-479],10,0},{'O',[525;668],13,[525;668],13,0},{'M',[457;842],12,[457;225],6,[0;NaN],[321;421],11,[NaN;1]},{'O',[457;842],12,[457;842],12,0},{'M',[448;479],10,[7;7],1,[6;NaN],[53;479],9,[NaN;0]},{'O',[448;479],10,[448;479],10,0},{'M',[53;119],10,[147;119],4,[NaN;0],[53;479],9,[0;NaN]},{'O',[106;238],10,[53;119],10,1},{'M',[55;900],7,[55;13],3,[0;NaN],[457;225],6,[NaN;2]},{'O',[55;900],7,[55;900],7,0},{'M',[170;471],12,[-765;471],7,[NaN;0],[85;229],11,[1;NaN]},{'O',[340;942],12,[170;471],12,1},{'M',[-765;-222],8,[119;-111],3,[NaN;1],[-765;471],7,[0;NaN]},{'O',[765;222],8,[765;222],8,0},{'M',[321;13],12,[55;13],3,[NaN;0],[321;421],11,[0;NaN]},{'O',[321;13],12,[321;13],12,0},{'M',[442;229],12,[442;367],5,[0;NaN],[85;229],11,[NaN;0]},{'O',[442;229],12,[442;229],12,0},{'M',[147;367],6,[442;367],5,[NaN;0],[147;119],4,[0;NaN]},{'O',[147;367],6,[147;367],6,0}}
Adder graph: {{'A',[7;7],1,[1;1],0,3,[-1;-1],0,0},{'M',[7;14],2,[7;7],1,[0;1]},{'A',[-55;-111],3,[1;1],0,0,[-7;-14],2,3},{'M',[1;128],1,[1;1],0,[0;7]},{'A',[-53;367],4,[1;128],1,1,[-55;111],3,0},{'M',[-53;1],5,[1;1],0,[NaN;0],[-53;367],4,[0;NaN]},{'M',[16;7],2,[1;1],0,[4;NaN],[7;7],1,[NaN;0]},{'A',[-85;-13],6,[-53;1],5,0,[-16;-7],2,1},{'M',[-220;-111],4,[-55;-111],3,[2;0]},{'M',[1;8],1,[1;1],0,[0;3]},{'A',[-221;-119],5,[-220;-111],4,0,[-1;-8],1,0},{'M',[-340;-111],7,[-55;-111],3,[NaN;0],[-85;-13],6,[2;NaN]},{'M',[-85;7],7,[7;7],1,[NaN;0],[-85;-13],6,[0;NaN]},{'A',[-765;-229],8,[-340;-111],7,1,[-85;-7],7,0},{'M',[-220;-229],9,[-55;-111],3,[2;NaN],[-765;-229],8,[NaN;0]},{'A',[-525;-471],10,[-220;-229],9,1,[-85;-13],6,0},{'M',[-85;-916],9,[-85;-13],6,[0;NaN],[-765;-229],8,[NaN;2]},{'A',[-101;-900],10,[-85;-916],9,0,[-1;1],0,4},{'M',[-101;28],11,[7;7],1,[NaN;2],[-101;-900],10,[0;NaN]},{'A',[-457;479],12,[-101;28],11,2,[-53;367],4,0},{'M',[-101;224],11,[7;7],1,[NaN;5],[-101;-900],10,[0;NaN]},{'A',[-321;-668],12,[-55;-111],3,2,[-101;-224],11,0},{'M',[-55;958],13,[-55;-111],3,[0;NaN],[-457;479],12,[NaN;1]},{'A',[147;-842],14,[-55;958],13,0,[101;-900],10,1},{'M',[-525;-668],13,[-525;-471],10,[0;NaN],[-321;-668],12,[NaN;0]},{'O',[525;668],13,[525;668],13,0},{'M',[-457;-842],15,[-457;479],12,[0;NaN],[147;-842],14,[NaN;0]},{'O',[457;842],15,[457;842],15,0},{'M',[448;479],13,[7;7],1,[6;NaN],[-457;479],12,[NaN;0]},{'O',[448;479],13,[448;479],13,0},{'M',[-53;-119],6,[-53;367],4,[0;NaN],[-221;-119],5,[NaN;0]},{'O',[106;238],6,[53;119],6,1},{'M',[-55;-900],11,[-55;-111],3,[0;NaN],[-101;-900],10,[NaN;0]},{'O',[55;900],11,[55;900],11,0},{'M',[-170;-471],11,[-85;-13],6,[1;NaN],[-525;-471],10,[NaN;0]},{'O',[340;942],11,[170;471],11,1},{'M',[-765;-222],9,[-55;-111],3,[NaN;1],[-765;-229],8,[0;NaN]},{'O',[765;222],9,[765;222],9,0},{'M',[-321;-13],13,[-85;-13],6,[NaN;0],[-321;-668],12,[0;NaN]},{'O',[321;13],13,[321;13],13,0},{'M',[-442;-229],9,[-221;-119],5,[1;NaN],[-765;-229],8,[NaN;0]},{'O',[442;229],9,[442;229],9,0},{'M',[147;367],15,[-53;367],4,[NaN;0],[147;-842],14,[0;NaN]},{'O',[147;367],15,[147;367],15,0}}
Adder graph: {{'A',[7;7],1,[1;1],0,3,[-1;-1],0,0},{'M',[2;7],2,[1;1],0,[1;NaN],[7;7],1,[NaN;0]},{'A',[50;238],3,[2;7],2,5,[-7;7],1,1},{'M',[7;28],2,[7;7],1,[0;2]},{'A',[55;225],3,[7;28],2,3,[-1;1],0,0},{'M',[55;28],4,[7;7],1,[NaN;2],[55;225],3,[0;NaN]},{'A',[221;111],5,[55;28],4,2,[1;-1],0,0},{'M',[55;14],4,[7;7],1,[NaN;1],[55;225],3,[0;NaN]},{'M',[2;1],1,[1;1],0,[1;0]},{'A',[53;13],5,[55;14],4,0,[-2;-1],1,0},{'M',[128;1],1,[1;1],0,[7;0]},{'A',[-457;229],4,[55;225],3,0,[-128;1],1,2},{'M',[16;229],5,[1;1],0,[4;NaN],[-457;229],4,[NaN;0]},{'A',[85;471],6,[53;13],5,0,[16;229],5,1},{'M',[200;471],7,[50;238],3,[2;NaN],[85;471],6,[NaN;0]},{'M',[53;104],6,[53;13],5,[0;3]},{'A',[147;367],8,[200;471],7,0,[-53;-104],6,0},{'M',[85;444],7,[221;111],5,[NaN;2],[85;471],6,[0;NaN]},{'A',[525;668],8,[85;444],7,0,[55;28],4,3},{'M',[85;1],7,[1;1],0,[NaN;0],[85;471],6,[0;NaN]},{'A',[765;479],8,[85;1],7,3,[85;471],6,0},{'M',[221;479],9,[221;111],5,[0;NaN],[765;479],8,[NaN;0]},{'M',[50;450],4,[50;238],3,[0;NaN],[55;225],3,[NaN;1]},{'A',[321;-421],10,[221;479],9,0,[50;-450],4,1},{'O',[525;668],8,[525;668],8,0},{'M',[-457;-842],11,[-457;229],4,[0;NaN],[321;-421],10,[NaN;1]},{'O',[457;842],11,[457;842],11,0},{'M',[448;479],9,[7;7],1,[6;NaN],[765;479],8,[NaN;0]},{'O',[448;479],9,[448;479],9,0},{'M',[106;238],6,[50;238],3,[NaN;0],[53;13],5,[1;NaN]},{'O',[106;238],6,[106;238],6,0},{'M',[55;900],4,[55;225],3,[0;2]},{'O',[55;900],4,[55;900],4,0},{'M',[170;471],7,[85;471],6,[1;0]},{'O',[340;942],7,[170;471],7,1},{'M',[765;222],9,[221;111],5,[NaN;1],[765;479],8,[0;NaN]},{'O',[765;222],9,[765;222],9,0},{'M',[321;13],11,[53;13],5,[NaN;0],[321;-421],10,[0;NaN]},{'O',[321;13],11,[321;13],11,0},{'M',[442;229],6,[221;111],5,[1;NaN],[-457;229],4,[NaN;0]},{'O',[442;229],6,[442;229],6,0},{'O',[147;367],8,[147;367],8,0}}
Adder graph: {{'A',[7;7],1,[1;1],0,3,[-1;-1],0,0},{'M',[7;14],2,[7;7],1,[0;1]},{'A',[55;111],3,[7;14],2,3,[-1;-1],0,0},{'M',[55;222],4,[55;111],3,[0;1]},{'M',[512;7],2,[1;1],0,[9;NaN],[7;7],1,[NaN;0]},{'A',[-457;229],5,[55;222],4,0,[-512;7],2,0},{'A',[-47;119],4,[1;1],0,3,[-55;111],3,0},{'M',[55;56],4,[7;7],1,[NaN;3],[55;111],3,[0;NaN]},{'A',[221;225],5,[55;56],4,2,[1;1],0,0},{'M',[1;128],1,[1;1],0,[0;7]},{'A',[53;367],4,[55;111],3,0,[-1;128],1,1},{'M',[2;7],2,[1;1],0,[1;NaN],[7;7],1,[NaN;0]},{'A',[85;479],5,[2;7],2,4,[53;367],4,0},{'M',[85;1],6,[1;1],0,[NaN;0],[85;479],5,[0;NaN]},{'A',[765;471],7,[85;479],5,0,[85;-1],6,3},{'M',[85;444],6,[55;111],3,[NaN;2],[85;479],5,[0;NaN]},{'M',[55;28],4,[7;7],1,[NaN;2],[55;111],3,[0;NaN]},{'A',[525;668],7,[85;444],6,0,[55;28],4,3},{'M',[53;225],6,[221;225],5,[NaN;0],[53;367],4,[0;NaN]},{'A',[147;-13],7,[53;225],6,0,[47;-119],4,1},{'M',[-188;479],6,[-47;119],4,[2;NaN],[85;479],5,[NaN;0]},{'M',[55;1800],6,[55;111],3,[0;NaN],[221;225],5,[NaN;3]},{'A',[-321;-842],7,[-188;479],6,1,[55;-1800],6,0},{'O',[525;668],7,[525;668],7,0},{'M',[-457;-842],8,[-457;229],5,[0;NaN],[-321;-842],7,[NaN;0]},{'O',[457;842],8,[457;842],8,0},{'M',[448;479],6,[7;7],1,[6;NaN],[85;479],5,[NaN;0]},{'O',[448;479],6,[448;479],6,0},{'M',[53;119],5,[-47;119],4,[NaN;0],[53;367],4,[0;NaN]},{'O',[106;238],5,[53;119],5,1},{'M',[55;900],6,[55;111],3,[0;NaN],[221;225],5,[NaN;2]},{'O',[55;900],6,[55;900],6,0},{'M',[170;471],8,[85;479],5,[1;NaN],[765;471],7,[NaN;0]},{'O',[340;942],8,[170;471],8,1},{'M',[765;222],8,[55;111],3,[NaN;1],[765;471],7,[0;NaN]},{'O',[765;222],8,[765;222],8,0},{'M',[-321;-13],8,[147;-13],7,[NaN;0],[-321;-842],7,[0;NaN]},{'O',[321;13],8,[321;13],8,0},{'M',[442;229],6,[-457;229],5,[NaN;0],[221;225],5,[1;NaN]},{'O',[442;229],6,[442;229],6,0},{'M',[147;367],8,[53;367],4,[NaN;0],[147;-13],7,[0;NaN]},{'O',[147;367],8,[147;367],8,0}}
Adder graph: {{'A',[-7;-7],1,[1;1],0,0,[-1;-1],0,3},{'M',[-28;-7],2,[-7;-7],1,[2;0]},{'A',[-55;-13],3,[1;1],0,0,[-28;-7],2,1},{'M',[2;-7],2,[1;1],0,[1;NaN],[-7;-7],1,[NaN;0]},{'M',[-55;-112],4,[-7;-7],1,[NaN;4],[-55;-13],3,[0;NaN]},{'A',[-53;-119],5,[2;-7],2,0,[-55;-112],4,0},{'M',[4;1],1,[1;1],0,[2;0]},{'A',[-85;-111],6,[-53;-119],5,0,[-4;1],1,3},{'M',[-85;32],7,[1;1],0,[NaN;5],[-85;-111],6,[0;NaN]},{'A',[-765;-367],8,[-85;-111],6,0,[-85;-32],7,3},{'M',[-220;-111],7,[-55;-13],3,[2;NaN],[-85;-111],6,[NaN;0]},{'A',[-442;-229],8,[-220;-111],7,1,[-2;-7],2,0},{'M',[-56;-13],4,[-7;-7],1,[3;NaN],[-55;-13],3,[NaN;0]},{'A',[-317;-471],9,[-765;-367],8,0,[56;-13],4,3},{'M',[-317;-896],10,[-7;-7],1,[NaN;7],[-317;-471],9,[0;NaN]},{'A',[-321;-900],11,[-317;-896],10,0,[-1;-1],0,2},{'M',[-85;4],7,[1;1],0,[NaN;2],[-85;-111],6,[0;NaN]},{'A',[-147;-479],10,[-317;-471],9,0,[85;-4],7,1},{'M',[-85;-224],7,[-7;-7],1,[NaN;5],[-85;-111],6,[0;NaN]},{'M',[-110;-111],7,[-55;-13],3,[1;NaN],[-85;-111],6,[NaN;0]},{'A',[-525;-668],8,[-85;-224],7,0,[-110;-111],7,2},{'M',[256;-479],11,[1;1],0,[8;NaN],[-147;-479],10,[NaN;0]},{'M',[-55;-1800],12,[-55;-13],3,[0;NaN],[-321;-900],11,[NaN;1]},{'A',[457;842],13,[256;-479],11,1,[-55;1800],12,0},{'O',[525;668],8,[525;668],8,0},{'O',[457;842],13,[457;842],13,0},{'M',[-448;-479],11,[-7;-7],1,[6;NaN],[-147;-479],10,[NaN;0]},{'O',[448;479],11,[448;479],11,0},{'O',[106;238],5,[53;119],5,1},{'M',[-55;-900],12,[-55;-13],3,[0;NaN],[-321;-900],11,[NaN;0]},{'O',[55;900],12,[55;900],12,0},{'M',[-170;-471],10,[-85;-111],6,[1;NaN],[-317;-471],9,[NaN;0]},{'O',[340;942],10,[170;471],10,1},{'M',[-765;-222],9,[-85;-111],6,[NaN;1],[-765;-367],8,[0;NaN]},{'O',[765;222],9,[765;222],9,0},{'M',[-321;-13],12,[-55;-13],3,[NaN;0],[-321;-900],11,[0;NaN]},{'O',[321;13],12,[321;13],12,0},{'O',[442;229],8,[442;229],8,0},{'M',[-147;-367],11,[-765;-367],8,[NaN;0],[-147;-479],10,[0;NaN]},{'O',[147;367],11,[147;367],11,0}}
Finished solving after 7196.87 seconds
Adder graph: {{'A',[-7;-7],1,[1;1],0,0,[-1;-1],0,3},{'M',[-28;-7],2,[-7;-7],1,[2;0]},{'A',[-55;-13],3,[1;1],0,0,[-28;-7],2,1},{'M',[2;-7],2,[1;1],0,[1;NaN],[-7;-7],1,[NaN;0]},{'M',[-55;-112],4,[-7;-7],1,[NaN;4],[-55;-13],3,[0;NaN]},{'A',[-53;-119],5,[2;-7],2,0,[-55;-112],4,0},{'M',[4;1],1,[1;1],0,[2;0]},{'A',[-85;-111],6,[-53;-119],5,0,[-4;1],1,3},{'M',[-85;32],7,[1;1],0,[NaN;5],[-85;-111],6,[0;NaN]},{'A',[-765;-367],8,[-85;-111],6,0,[-85;-32],7,3},{'M',[-220;-111],7,[-55;-13],3,[2;NaN],[-85;-111],6,[NaN;0]},{'A',[-442;-229],8,[-220;-111],7,1,[-2;-7],2,0},{'M',[-56;-13],4,[-7;-7],1,[3;NaN],[-55;-13],3,[NaN;0]},{'A',[-317;-471],9,[-765;-367],8,0,[56;-13],4,3},{'M',[-317;-896],10,[-7;-7],1,[NaN;7],[-317;-471],9,[0;NaN]},{'A',[-321;-900],11,[-317;-896],10,0,[-1;-1],0,2},{'M',[-85;4],7,[1;1],0,[NaN;2],[-85;-111],6,[0;NaN]},{'A',[-147;-479],10,[-317;-471],9,0,[85;-4],7,1},{'M',[-85;-224],7,[-7;-7],1,[NaN;5],[-85;-111],6,[0;NaN]},{'M',[-110;-111],7,[-55;-13],3,[1;NaN],[-85;-111],6,[NaN;0]},{'A',[-525;-668],8,[-85;-224],7,0,[-110;-111],7,2},{'M',[256;-479],11,[1;1],0,[8;NaN],[-147;-479],10,[NaN;0]},{'M',[-55;-1800],12,[-55;-13],3,[0;NaN],[-321;-900],11,[NaN;1]},{'A',[457;842],13,[256;-479],11,1,[-55;1800],12,0},{'O',[525;668],8,[525;668],8,0},{'O',[457;842],13,[457;842],13,0},{'M',[-448;-479],11,[-7;-7],1,[6;NaN],[-147;-479],10,[NaN;0]},{'O',[448;479],11,[448;479],11,0},{'O',[106;238],5,[53;119],5,1},{'M',[-55;-900],12,[-55;-13],3,[0;NaN],[-321;-900],11,[NaN;0]},{'O',[55;900],12,[55;900],12,0},{'M',[-170;-471],10,[-85;-111],6,[1;NaN],[-317;-471],9,[NaN;0]},{'O',[340;942],10,[170;471],10,1},{'M',[-765;-222],9,[-85;-111],6,[NaN;1],[-765;-367],8,[0;NaN]},{'O',[765;222],9,[765;222],9,0},{'M',[-321;-13],12,[-55;-13],3,[NaN;0],[-321;-900],11,[0;NaN]},{'O',[321;13],12,[321;13],12,0},{'O',[442;229],8,[442;229],8,0},{'M',[-147;-367],11,[-765;-367],8,[NaN;0],[-147;-479],10,[0;NaN]},{'O',[147;367],11,[147;367],11,0}}
# Add optimal = 1
# Mux optimal = 0
# FAs optimal = 0
