<graph>
{{'R',[256],3,[1],2,8},{'A',[328],3,[1],2,3,[5],2,6},{'A',[364],3,[13],2,5,[-13],2,2},{'A',[302],3,[13],2,2,[125],2,1},{'A',[501],3,[1],2,0,[125],2,2},{'A',[541],3,[13],2,5,[125],2,0},{'A',[925],3,[25],2,5,[125],2,0},{'A',[943],3,[15],2,6,[-17],2,0},{'A',[963],3,[17],2,6,[-125],2,0},{'A',[1002],3,[1],2,1,[125],2,3},{'R',[1],2,[1],1},{'A',[5],2,[1],1,0,[1],1,2},{'A',[13],2,[1],1,0,[3],1,2},{'A',[15],2,[1],1,4,[-1],1,0},{'A',[17],2,[1],1,0,[1],1,4},{'A',[25],2,[1],1,0,[3],1,3},{'A',[125],2,[1],1,7,[-3],1,0},{'R',[1],1,[1],0},{'A',[3],1,[1],0,0,[1],0,1}}
</graph>
<graph>
{{'A',[22],3,[1],2,1,[5],2,2},{'A',[75],3,[5],2,4,[-5],2,0},{'A',[101],3,[1],2,0,[25],2,2},{'A',[207],3,[13],2,4,[-1],2,0},{'A',[770],3,[25],2,5,[-15],2,1},{'A',[958],3,[15],2,6,[-1],2,1},{'A',[531],3,[17],2,5,[-13],2,0},{'A',[665],3,[5],2,7,[25],2,0},{'A',[1015],3,[15],2,0,[125],2,3},{'A',[1023],3,[1],2,10,[-1],2,0},{'R',[1],2,[1],1},{'A',[5],2,[1],1,0,[1],1,2},{'A',[13],2,[1],1,0,[3],1,2},{'A',[15],2,[1],1,4,[-1],1,0},{'A',[17],2,[1],1,0,[1],1,4},{'A',[25],2,[1],1,0,[3],1,3},{'A',[125],2,[1],1,7,[-3],1,0},{'R',[1],1,[1],0},{'A',[3],1,[1],0,0,[1],0,1}}
</graph>
<graph>
{{'R',[640],3,[5],2,7},{'A',[94],3,[1],2,6,[15],2,1},{'A',[456],3,[1],2,8,[25],2,3},{'A',[115],3,[1],2,7,[-13],2,0},{'A',[374],3,[25],2,4,[-13],2,1},{'A',[956],3,[15],2,6,[-1],2,2},{'A',[1004],3,[1],2,10,[-5],2,2},{'A',[650],3,[5],2,1,[5],2,7},{'A',[806],3,[13],2,6,[-13],2,1},{'A',[838],3,[17],2,6,[-125],2,1},{'R',[1],2,[1],1},{'A',[5],2,[1],1,0,[1],1,2},{'A',[13],2,[1],1,0,[3],1,2},{'A',[15],2,[1],1,4,[-1],1,0},{'A',[17],2,[1],1,0,[1],1,4},{'A',[25],2,[1],1,0,[3],1,3},{'A',[125],2,[1],1,7,[-3],1,0},{'R',[1],1,[1],0},{'A',[3],1,[1],0,0,[1],0,1}}
</graph>
<merge>
541;101;806
</merge>
<merge>
1002;1023;115
</merge>
<merge>
501;22;456
</merge>
<merge>
256;665;640
</merge>
<merge>
364;1015;838
</merge>
<merge>
302;531;956
</merge>
<merge>
963;207;94
</merge>
<merge>
943;75;1004
</merge>
<merge>
925;958;374
</merge>
<merge>
328;770;650
</merge>