<graph>
{{'A',[28],3,[1],2,5,[-1],2,2},{'A',[302],3,[3],2,5,[103],2,1},{'A',[636],3,[131],2,3,[-103],2,2},{'A',[668],3,[21],2,5,[-1],2,2},{'A',[281],3,[3],2,7,[-103],2,0},{'A',[986],3,[29],2,1,[29],2,5},{'A',[643],3,[1],2,9,[131],2,0},{'A',[655],3,[131],2,0,[131],2,2},{'A',[797],3,[3],2,8,[29],2,0},{'A',[813],3,[29],2,0,[49],2,4},{'R',[3],2,[3],1},{'R',[1],2,[1],1},{'A',[21],2,[3],1,3,[-3],1,0},{'A',[29],2,[1],1,5,[-3],1,0},{'A',[49],2,[1],1,0,[3],1,4},{'A',[103],2,[3],1,5,[7],1,0},{'A',[131],2,[1],1,7,[3],1,0},{'R',[1],1,[1],0},{'A',[3],1,[1],0,0,[1],0,1},{'A',[7],1,[1],0,3,[-1],0,0}}
</graph>
<graph>
{{'R',[2],3,[1],2,1},{'A',[88],3,[1],2,6,[3],2,3},{'A',[26],3,[1],2,1,[3],2,3},{'A',[94],3,[3],2,5,[-1],2,1},{'A',[113],3,[1],2,6,[49],2,0},{'A',[153],3,[1],2,8,[-103],2,0},{'A',[261],3,[131],2,1,[-1],2,0},{'A',[381],3,[1],2,9,[-131],2,0},{'A',[513],3,[1],2,0,[1],2,9},{'A',[525],3,[1],2,0,[131],2,2},{'R',[3],2,[3],1},{'R',[1],2,[1],1},{'A',[49],2,[1],1,0,[3],1,4},{'A',[103],2,[3],1,5,[7],1,0},{'A',[131],2,[1],1,7,[3],1,0},{'R',[1],1,[1],0},{'A',[3],1,[1],0,0,[1],0,1},{'A',[7],1,[1],0,3,[-1],0,0}}
</graph>
<graph>
{{'A',[119],3,[1],2,4,[103],2,0},{'A',[764],3,[3],2,8,[-1],2,2},{'A',[772],3,[1],2,2,[3],2,8},{'A',[804],3,[49],2,3,[103],2,2},{'A',[654],3,[49],2,3,[131],2,1},{'A',[415],3,[3],2,0,[103],2,2},{'A',[934],3,[3],2,1,[29],2,5},{'A',[675],3,[3],2,0,[21],2,5},{'A',[747],3,[3],2,8,[-21],2,0},{'A',[823],3,[103],2,3,[-1],2,0},{'R',[3],2,[3],1},{'R',[1],2,[1],1},{'A',[21],2,[3],1,3,[-3],1,0},{'A',[29],2,[1],1,5,[-3],1,0},{'A',[49],2,[1],1,0,[3],1,4},{'A',[103],2,[3],1,5,[7],1,0},{'A',[131],2,[1],1,7,[3],1,0},{'R',[1],1,[1],0},{'A',[3],1,[1],0,0,[1],0,1},{'A',[7],1,[1],0,3,[-1],0,0}}
</graph>
<merge>
813;88;823
</merge>
<merge>
655;113;772
</merge>
<merge>
797;2;747
</merge>
<merge>
643;513;675
</merge>
<merge>
636;525;415
</merge>
<merge>
302;26;934
</merge>
<merge>
28;94;654
</merge>
<merge>
281;153;804
</merge>
<merge>
986;381;119
</merge>
<merge>
668;261;764
</merge>