Adder graph: {{'A',[0,0,1,0,0,-32,0],1,0,[0,0,1,0,0,0,0],0,0,[0,0,0,0,0,-1,0],0,5},{'A',[0,0,1,0,-4,-32,0],2,0,[0,0,1,0,0,-32,0],1,0,[0,0,0,0,-1,0,0],0,2},{'A',[-15,0,0,0,0,0,0],1,0,[1,0,0,0,0,0,0],0,0,[-1,0,0,0,0,0,0],0,4},{'A',[0,0,0,0,0,-1,4],1,0,[0,0,0,0,0,0,1],0,2,[0,0,0,0,0,-1,0],0,0},{'A',[0,1,-1,0,0,0,0],1,0,[0,1,0,0,0,0,0],0,0,[0,0,-1,0,0,0,0],0,0},{'A',[0,0,0,1,4,0,0],1,0,[0,0,0,1,0,0,0],0,0,[0,0,0,0,1,0,0],0,2},{'A',[0,4,-4,0,0,0,-1],2,0,[0,1,-1,0,0,0,0],1,2,[0,0,0,0,0,0,-1],0,0},{'A',[0,0,-1,0,4,24,32],3,0,[0,0,0,0,0,-1,4],1,3,[0,0,-1,0,4,32,0],2,0},{'A',[-15,0,0,4,16,0,0],2,0,[0,0,0,1,4,0,0],1,2,[-15,0,0,0,0,0,0],1,0},{'A',[-15,-32,32,4,16,0,0],3,0,[-15,0,0,4,16,0,0],2,0,[0,-1,1,0,0,0,0],1,5},{'A',[-15,-28,28,4,16,0,-1],4,0,[0,4,-4,0,0,0,-1],2,0,[-15,-32,32,4,16,0,0],3,0},{'A',[-15,-28,27,4,20,24,31],5,0,[-15,-28,28,4,16,0,-1],4,0,[0,0,-1,0,4,24,32],3,0},{'O',[-15,-28,27,4,20,24,31],5,[-15,-28,27,4,20,24,31],5,0}}
Adder graph: {{'A',[0,1,0,0,4,0,0],1,0,[0,1,0,0,0,0,0],0,0,[0,0,0,0,1,0,0],0,2},{'A',[1,0,0,0,0,0,-1],1,0,[1,0,0,0,0,0,0],0,0,[0,0,0,0,0,0,-1],0,0},{'A',[-1,0,2,0,0,0,1],2,0,[0,0,1,0,0,0,0],0,1,[-1,0,0,0,0,0,1],1,0},{'A',[0,0,1,0,0,-8,0],1,0,[0,0,1,0,0,0,0],0,0,[0,0,0,0,0,-1,0],0,3},{'A',[0,4,1,0,16,-8,0],2,0,[0,0,1,0,0,-8,0],1,0,[0,1,0,0,4,0,0],1,2},{'A',[-1,0,6,0,0,-32,1],3,0,[-1,0,2,0,0,0,1],2,0,[0,0,1,0,0,-8,0],1,2},{'A',[0,4,1,0,16,-8,16],3,0,[0,4,1,0,16,-8,0],2,0,[0,0,0,0,0,0,1],0,4},{'A',[0,0,0,1,1,0,0],1,0,[0,0,0,0,1,0,0],0,0,[0,0,0,1,0,0,0],0,0},{'A',[15,0,-26,0,0,-32,-15],4,0,[-1,0,6,0,0,-32,1],3,0,[1,0,-2,0,0,0,-1],2,4},{'A',[0,28,-1,0,-16,8,-16],4,0,[0,1,0,0,0,0,0],0,5,[0,-4,-1,0,-16,8,-16],3,0},{'A',[0,-28,1,4,20,-8,16],5,0,[0,0,0,1,1,0,0],1,2,[0,-28,1,0,16,-8,16],4,0},{'A',[-15,-28,27,4,20,24,31],6,0,[0,-28,1,4,20,-8,16],5,0,[-15,0,26,0,0,32,15],4,0},{'O',[-15,-28,27,4,20,24,31],6,[-15,-28,27,4,20,24,31],6,0}}
Adder graph: {{'A',[1,1,0,0,0,0,0],1,0,[0,1,0,0,0,0,0],0,0,[1,0,0,0,0,0,0],0,0},{'A',[0,0,-1,0,4,0,0],1,0,[0,0,0,0,1,0,0],0,2,[0,0,-1,0,0,0,0],0,0},{'A',[0,0,0,-4,0,0,1],1,0,[0,0,0,0,0,0,1],0,0,[0,0,0,-1,0,0,0],0,2},{'A',[1,1,0,0,0,0,-2],2,0,[1,1,0,0,0,0,0],1,0,[0,0,0,0,0,0,-1],0,1},{'A',[0,0,-5,0,20,0,0],2,0,[0,0,-1,0,4,0,0],1,2,[0,0,-1,0,4,0,0],1,0},{'A',[0,0,5,-4,-20,0,1],3,0,[0,0,0,-4,0,0,1],1,0,[0,0,5,0,-20,0,0],2,0},{'A',[0,-1,0,0,0,2,0],1,0,[0,0,0,0,0,1,0],0,1,[0,-1,0,0,0,0,0],0,0},{'A',[0,-4,5,-4,-20,8,1],4,0,[0,0,5,-4,-20,0,1],3,0,[0,-1,0,0,0,2,0],1,2},{'A',[1,-16,0,0,0,32,0],2,0,[1,0,0,0,0,0,0],0,0,[0,-1,0,0,0,2,0],1,4},{'A',[-15,-32,0,0,0,32,32],3,0,[1,-16,0,0,0,32,0],2,0,[-1,-1,0,0,0,0,2],2,4},{'A',[15,28,5,-4,-20,-24,-31],5,0,[0,-4,5,-4,-20,8,1],4,0,[15,32,0,0,0,-32,-32],3,0},{'A',[15,28,-27,-4,-20,-24,-31],6,0,[15,28,5,-4,-20,-24,-31],5,0,[0,0,-1,0,0,0,0],0,5},{'O',[-15,-28,27,4,20,24,31],6,[-15,-28,27,4,20,24,31],6,0}}
Adder graph: {{'A',[-15,0,0,0,0,0,0],1,0,[1,0,0,0,0,0,0],0,0,[-1,0,0,0,0,0,0],0,4},{'A',[0,1,-1,0,0,0,0],1,0,[0,1,0,0,0,0,0],0,0,[0,0,-1,0,0,0,0],0,0},{'A',[0,1,-1,0,0,-1,0],2,0,[0,1,-1,0,0,0,0],1,0,[0,0,0,0,0,-1,0],0,0},{'A',[0,0,0,1,1,0,0],1,0,[0,0,0,0,1,0,0],0,0,[0,0,0,1,0,0,0],0,0},{'A',[0,-8,8,1,1,8,0],3,0,[0,0,0,1,1,0,0],1,0,[0,-1,1,0,0,1,0],2,3},{'A',[-15,0,-1,0,0,0,0],2,0,[-15,0,0,0,0,0,0],1,0,[0,0,-1,0,0,0,0],0,0},{'A',[-15,8,-9,0,0,-8,0],3,0,[0,1,-1,0,0,-1,0],2,3,[-15,0,-1,0,0,0,0],2,0},{'A',[0,0,0,0,0,0,-31],1,0,[0,0,0,0,0,0,1],0,0,[0,0,0,0,0,0,-1],0,5},{'A',[-15,4,-5,0,0,-8,0],4,0,[-15,8,-9,0,0,-8,0],3,0,[0,-1,1,0,0,0,0],1,2},{'A',[-15,-28,27,4,4,24,0],5,0,[0,-8,8,1,1,8,0],3,2,[-15,4,-5,0,0,-8,0],4,0},{'A',[0,0,0,0,-16,0,-31],2,0,[0,0,0,0,0,0,-31],1,0,[0,0,0,0,-1,0,0],0,4},{'A',[15,28,-27,-4,-20,-24,-31],6,0,[0,0,0,0,-16,0,-31],2,0,[15,28,-27,-4,-4,-24,0],5,0},{'O',[-15,-28,27,4,20,24,31],6,[-15,-28,27,4,20,24,31],6,0}}
Adder graph: {{'A',[0,0,1,-1,0,0,0],1,0,[0,0,1,0,0,0,0],0,0,[0,0,0,-1,0,0,0],0,0},{'A',[0,-1,2,-2,0,0,0],2,0,[0,0,1,-1,0,0,0],1,1,[0,-1,0,0,0,0,0],0,0},{'A',[1,2,0,0,0,0,0],1,0,[1,0,0,0,0,0,0],0,0,[0,1,0,0,0,0,0],0,1},{'A',[0,-1,2,-2,0,-16,0],3,0,[0,-1,2,-2,0,0,0],2,0,[0,0,0,0,0,-1,0],0,4},{'A',[0,0,1,0,0,0,1],1,0,[0,0,0,0,0,0,1],0,0,[0,0,1,0,0,0,0],0,0},{'A',[0,0,1,0,-16,0,1],2,0,[0,0,1,0,0,0,1],1,0,[0,0,0,0,-1,0,0],0,4},{'A',[0,0,1,0,-20,0,1],3,0,[0,0,1,0,-16,0,1],2,0,[0,0,0,0,-1,0,0],0,2},{'A',[1,2,0,0,0,-8,0],2,0,[1,2,0,0,0,0,0],1,0,[0,0,0,0,0,-1,0],0,3},{'A',[1,2,32,0,0,-8,32],3,0,[1,2,0,0,0,-8,0],2,0,[0,0,1,0,0,0,1],1,5},{'A',[0,-2,5,-4,-20,-32,1],4,0,[0,-1,2,-2,0,-16,0],3,1,[0,0,1,0,-20,0,1],3,0},{'A',[16,30,5,-4,-20,-32,1],5,0,[0,-2,5,-4,-20,-32,1],4,0,[1,2,0,0,0,0,0],1,4},{'A',[15,28,-27,-4,-20,-24,-31],6,0,[16,30,5,-4,-20,-32,1],5,0,[-1,-2,-32,0,0,8,-32],3,0},{'O',[-15,-28,27,4,20,24,31],6,[-15,-28,27,4,20,24,31],6,0}}
Adder graph: {{'A',[0,-1,1,0,0,0,0],1,0,[0,0,1,0,0,0,0],0,0,[0,-1,0,0,0,0,0],0,0},{'A',[0,0,1,0,-16,0,0],1,0,[0,0,1,0,0,0,0],0,0,[0,0,0,0,-1,0,0],0,4},{'A',[1,0,0,0,0,0,-1],1,0,[1,0,0,0,0,0,0],0,0,[0,0,0,0,0,0,-1],0,0},{'A',[1,-4,4,0,0,0,-1],2,0,[1,0,0,0,0,0,-1],1,0,[0,-1,1,0,0,0,0],1,2},{'A',[0,-1,1,0,0,1,0],2,0,[0,-1,1,0,0,0,0],1,0,[0,0,0,0,0,1,0],0,0},{'A',[1,-4,3,0,16,0,-1],3,0,[1,-4,4,0,0,0,-1],2,0,[0,0,-1,0,16,0,0],1,0},{'A',[1,2,-2,0,0,-2,-1],3,0,[1,0,0,0,0,0,-1],1,0,[0,1,-1,0,0,-1,0],2,1},{'A',[0,0,0,1,1,0,0],1,0,[0,0,0,1,0,0,0],0,0,[0,0,0,0,1,0,0],0,0},{'A',[0,-1,1,0,0,1,-2],3,0,[0,-1,1,0,0,1,0],2,0,[0,0,0,0,0,0,-1],0,1},{'A',[1,-4,3,4,20,0,-1],4,0,[0,0,0,1,1,0,0],1,2,[1,-4,3,0,16,0,-1],3,0},{'A',[2,3,-3,0,0,-3,-4],4,0,[1,2,-2,0,0,-2,-1],3,1,[0,-1,1,0,0,1,-2],3,0},{'A',[-15,-28,27,4,20,24,31],5,0,[1,-4,3,4,20,0,-1],4,0,[-2,-3,3,0,0,3,4],4,3},{'O',[-15,-28,27,4,20,24,31],5,[-15,-28,27,4,20,24,31],5,0}}
Finished solving after 253528 seconds
Adder graph: {{'A',[0,-1,1,0,0,0,0],1,0,[0,0,1,0,0,0,0],0,0,[0,-1,0,0,0,0,0],0,0},{'A',[0,0,1,0,-16,0,0],1,0,[0,0,1,0,0,0,0],0,0,[0,0,0,0,-1,0,0],0,4},{'A',[1,0,0,0,0,0,-1],1,0,[1,0,0,0,0,0,0],0,0,[0,0,0,0,0,0,-1],0,0},{'A',[1,-4,4,0,0,0,-1],2,0,[1,0,0,0,0,0,-1],1,0,[0,-1,1,0,0,0,0],1,2},{'A',[0,-1,1,0,0,1,0],2,0,[0,-1,1,0,0,0,0],1,0,[0,0,0,0,0,1,0],0,0},{'A',[1,-4,3,0,16,0,-1],3,0,[1,-4,4,0,0,0,-1],2,0,[0,0,-1,0,16,0,0],1,0},{'A',[1,2,-2,0,0,-2,-1],3,0,[1,0,0,0,0,0,-1],1,0,[0,1,-1,0,0,-1,0],2,1},{'A',[0,0,0,1,1,0,0],1,0,[0,0,0,1,0,0,0],0,0,[0,0,0,0,1,0,0],0,0},{'A',[0,-1,1,0,0,1,-2],3,0,[0,-1,1,0,0,1,0],2,0,[0,0,0,0,0,0,-1],0,1},{'A',[1,-4,3,4,20,0,-1],4,0,[0,0,0,1,1,0,0],1,2,[1,-4,3,0,16,0,-1],3,0},{'A',[2,3,-3,0,0,-3,-4],4,0,[1,2,-2,0,0,-2,-1],3,1,[0,-1,1,0,0,1,-2],3,0},{'A',[-15,-28,27,4,20,24,31],5,0,[1,-4,3,4,20,0,-1],4,0,[-2,-3,3,0,0,3,4],4,3},{'O',[-15,-28,27,4,20,24,31],5,[-15,-28,27,4,20,24,31],5,0}}
#Add optimal = 0
#FAs optimal = 0
