Adder graph: {{'A',[0,0,0,0,0,-1,4],1,0,[0,0,0,0,0,0,1],0,2,[0,0,0,0,0,-1,0],0,0},{'A',[-1,0,0,0,0,-4,16],2,0,[0,0,0,0,0,-1,4],1,2,[-1,0,0,0,0,0,0],0,0},{'A',[-1,0,0,-16,0,-4,16],3,0,[-1,0,0,0,0,-4,16],2,0,[0,0,0,-1,0,0,0],0,4},{'A',[0,0,1,0,2,0,0],1,0,[0,0,0,0,1,0,0],0,1,[0,0,1,0,0,0,0],0,0},{'A',[-2,0,1,0,2,0,0],2,0,[0,0,1,0,2,0,0],1,0,[-1,0,0,0,0,0,0],0,1},{'A',[0,2,0,0,0,0,1],1,0,[0,0,0,0,0,0,1],0,0,[0,1,0,0,0,0,0],0,1},{'A',[0,4,0,1,0,0,2],2,0,[0,2,0,0,0,0,1],1,1,[0,0,0,1,0,0,0],0,0},{'A',[32,0,-16,0,-32,-1,4],3,0,[0,0,0,0,0,-1,4],1,0,[2,0,-1,0,-2,0,0],2,4},{'A',[30,0,-15,0,-30,-1,4],4,0,[32,0,-16,0,-32,-1,4],3,0,[-2,0,1,0,2,0,0],2,0},{'A',[-1,-4,0,-17,0,-4,14],4,0,[-1,0,0,-16,0,-4,16],3,0,[0,-4,0,-1,0,0,-2],2,0},{'A',[31,4,-15,17,-30,3,-10],5,0,[30,0,-15,0,-30,-1,4],4,0,[1,4,0,17,0,4,-14],4,0},{'O',[-31,-4,15,-17,30,-3,10],5,[-31,-4,15,-17,30,-3,10],5,0}}
Adder graph: {{'A',[1,0,0,0,-1,0,0],1,0,[1,0,0,0,0,0,0],0,0,[0,0,0,0,-1,0,0],0,0},{'A',[0,0,0,-1,0,0,2],1,0,[0,0,0,0,0,0,1],0,1,[0,0,0,-1,0,0,0],0,0},{'A',[0,0,0,0,0,1,8],1,0,[0,0,0,0,0,0,1],0,3,[0,0,0,0,0,1,0],0,0},{'A',[2,0,-1,0,-2,0,0],2,0,[1,0,0,0,-1,0,0],1,1,[0,0,-1,0,0,0,0],0,0},{'A',[2,0,-1,0,-2,1,8],3,0,[2,0,-1,0,-2,0,0],2,0,[0,0,0,0,0,1,8],1,0},{'A',[0,1,0,0,0,1,0],1,0,[0,1,0,0,0,0,0],0,0,[0,0,0,0,0,1,0],0,0},{'A',[0,0,0,-17,0,0,2],2,0,[0,0,0,-1,0,0,2],1,0,[0,0,0,-1,0,0,0],0,4},{'A',[-2,4,1,0,2,3,-8],4,0,[0,1,0,0,0,1,0],1,2,[-2,0,1,0,2,-1,-8],3,0},{'A',[-1,0,0,-17,0,0,2],3,0,[0,0,0,-17,0,0,2],2,0,[-1,0,0,0,0,0,0],0,0},{'A',[-33,0,16,-17,32,0,2],4,0,[-1,0,0,-17,0,0,2],3,0,[-2,0,1,0,2,0,0],2,4},{'A',[31,4,-15,17,-30,3,-10],5,0,[-2,4,1,0,2,3,-8],4,0,[33,0,-16,17,-32,0,-2],4,0},{'O',[-31,-4,15,-17,30,-3,10],5,[-31,-4,15,-17,30,-3,10],5,0}}
Adder graph: {{'A',[-1,0,0,1,0,0,0],1,0,[0,0,0,1,0,0,0],0,0,[-1,0,0,0,0,0,0],0,0},{'A',[0,0,1,0,2,0,0],1,0,[0,0,1,0,0,0,0],0,0,[0,0,0,0,1,0,0],0,1},{'A',[0,0,0,0,0,1,-4],1,0,[0,0,0,0,0,1,0],0,0,[0,0,0,0,0,0,-1],0,2},{'A',[0,0,0,0,0,2,-4],2,0,[0,0,0,0,0,1,0],0,0,[0,0,0,0,0,1,-4],1,0},{'A',[0,0,0,0,0,3,-10],3,1,[0,0,0,0,0,1,-4],1,2,[0,0,0,0,0,2,-4],2,0},{'A',[0,4,0,0,0,3,-10],4,0,[0,1,0,0,0,0,0],0,2,[0,0,0,0,0,3,-10],3,0},{'A',[-1,0,0,17,0,0,0],2,0,[-1,0,0,1,0,0,0],1,0,[0,0,0,1,0,0,0],0,4},{'A',[-1,0,-16,17,-32,0,0],3,0,[-1,0,0,17,0,0,0],2,0,[0,0,-1,0,-2,0,0],1,4},{'A',[-1,0,-15,17,-30,0,0],4,0,[-1,0,-16,17,-32,0,0],3,0,[0,0,1,0,2,0,0],1,0},{'A',[32,4,0,0,0,3,-10],5,0,[0,4,0,0,0,3,-10],4,0,[1,0,0,0,0,0,0],0,5},{'A',[31,4,-15,17,-30,3,-10],6,0,[32,4,0,0,0,3,-10],5,0,[-1,0,-15,17,-30,0,0],4,0},{'O',[-31,-4,15,-17,30,-3,10],6,[-31,-4,15,-17,30,-3,10],6,0}}
Adder graph: {{'A',[0,1,0,0,0,1,0],1,0,[0,1,0,0,0,0,0],0,0,[0,0,0,0,0,1,0],0,0},{'A',[0,0,1,0,2,0,0],1,0,[0,0,1,0,0,0,0],0,0,[0,0,0,0,1,0,0],0,1},{'A',[1,0,0,0,0,1,0],1,0,[0,0,0,0,0,1,0],0,0,[1,0,0,0,0,0,0],0,0},{'A',[1,0,0,-1,0,1,0],2,0,[1,0,0,0,0,1,0],1,0,[0,0,0,-1,0,0,0],0,0},{'A',[0,0,1,16,2,0,0],2,0,[0,0,1,0,2,0,0],1,0,[0,0,0,1,0,0,0],0,4},{'A',[8,1,0,0,0,1,0],2,0,[0,1,0,0,0,1,0],1,0,[1,0,0,0,0,0,0],0,3},{'A',[8,1,0,0,0,1,-2],3,0,[8,1,0,0,0,1,0],2,0,[0,0,0,0,0,0,-1],0,1},{'A',[0,0,8,0,16,0,1],2,0,[0,0,0,0,0,0,1],0,0,[0,0,1,0,2,0,0],1,3},{'A',[32,4,1,16,2,4,-8],4,0,[8,1,0,0,0,1,-2],3,2,[0,0,1,16,2,0,0],2,0},{'A',[1,0,16,-1,32,1,2],3,0,[1,0,0,-1,0,1,0],2,0,[0,0,8,0,16,0,1],2,1},{'A',[-31,-4,15,-17,30,-3,10],5,0,[1,0,16,-1,32,1,2],3,0,[-32,-4,-1,-16,-2,-4,8],4,0},{'O',[-31,-4,15,-17,30,-3,10],5,[-31,-4,15,-17,30,-3,10],5,0}}
Adder graph: {{'A',[-1,0,0,0,0,1,0],1,0,[0,0,0,0,0,1,0],0,0,[-1,0,0,0,0,0,0],0,0},{'A',[0,0,0,0,0,-1,1],1,0,[0,0,0,0,0,0,1],0,0,[0,0,0,0,0,-1,0],0,0},{'A',[0,0,1,0,2,0,0],1,0,[0,0,0,0,1,0,0],0,1,[0,0,1,0,0,0,0],0,0},{'A',[0,0,0,1,0,0,-8],1,0,[0,0,0,1,0,0,0],0,0,[0,0,0,0,0,0,-1],0,3},{'A',[-1,4,0,0,0,1,0],2,0,[0,1,0,0,0,0,0],0,2,[-1,0,0,0,0,1,0],1,0},{'A',[32,0,1,0,2,0,0],2,0,[1,0,0,0,0,0,0],0,5,[0,0,1,0,2,0,0],1,0},{'A',[1,-4,0,0,0,-3,2],3,0,[0,0,0,0,0,-1,1],1,1,[1,-4,0,0,0,-1,0],2,0},{'A',[0,0,-1,1,-2,0,0],2,0,[0,0,0,1,0,0,0],0,0,[0,0,-1,0,-2,0,0],1,0},{'A',[32,0,1,1,2,0,-8],3,0,[32,0,1,0,2,0,0],2,0,[0,0,0,1,0,0,-8],1,0},{'A',[32,0,-15,17,-30,0,-8],4,0,[32,0,1,1,2,0,-8],3,0,[0,0,-1,1,-2,0,0],2,4},{'A',[31,4,-15,17,-30,3,-10],5,0,[32,0,-15,17,-30,0,-8],4,0,[-1,4,0,0,0,3,-2],3,0},{'O',[-31,-4,15,-17,30,-3,10],5,[-31,-4,15,-17,30,-3,10],5,0}}
Adder graph: {{'A',[-2,0,0,0,0,0,1],1,0,[0,0,0,0,0,0,1],0,0,[-1,0,0,0,0,0,0],0,1},{'A',[0,2,0,0,0,1,0],1,0,[0,1,0,0,0,0,0],0,1,[0,0,0,0,0,1,0],0,0},{'A',[-1,0,1,0,0,0,0],1,0,[0,0,1,0,0,0,0],0,0,[-1,0,0,0,0,0,0],0,0},{'A',[-1,0,1,-1,0,0,0],2,0,[-1,0,1,0,0,0,0],1,0,[0,0,0,-1,0,0,0],0,0},{'A',[-1,0,1,-1,2,0,0],3,0,[0,0,0,0,1,0,0],0,1,[-1,0,1,-1,0,0,0],2,0},{'A',[0,0,0,-1,0,0,1],1,0,[0,0,0,0,0,0,1],0,0,[0,0,0,-1,0,0,0],0,0},{'A',[8,2,0,0,0,1,-4],2,0,[0,2,0,0,0,1,0],1,0,[2,0,0,0,0,0,-1],1,2},{'A',[16,4,0,0,0,3,-8],3,0,[0,0,0,0,0,1,0],0,0,[8,2,0,0,0,1,-4],2,1},{'A',[1,0,-1,-1,-2,0,2],4,0,[0,0,0,-1,0,0,1],1,1,[1,0,-1,1,-2,0,0],3,0},{'A',[32,4,-16,16,-32,3,-8],4,0,[16,4,0,0,0,3,-8],3,0,[1,0,-1,1,-2,0,0],3,4},{'A',[-31,-4,15,-17,30,-3,10],5,0,[1,0,-1,-1,-2,0,2],4,0,[-32,-4,16,-16,32,-3,8],4,0},{'O',[-31,-4,15,-17,30,-3,10],5,[-31,-4,15,-17,30,-3,10],5,0}}
Adder graph: {{'A',[1,0,0,-1,0,0,0],1,0,[1,0,0,0,0,0,0],0,0,[0,0,0,-1,0,0,0],0,0},{'A',[0,0,1,0,2,0,0],1,0,[0,0,0,0,1,0,0],0,1,[0,0,1,0,0,0,0],0,0},{'A',[0,0,0,-16,0,1,0],1,0,[0,0,0,0,0,1,0],0,0,[0,0,0,-1,0,0,0],0,4},{'A',[0,0,0,0,0,-2,1],1,0,[0,0,0,0,0,0,1],0,0,[0,0,0,0,0,-1,0],0,1},{'A',[1,0,0,-1,0,0,8],2,0,[1,0,0,-1,0,0,0],1,0,[0,0,0,0,0,0,1],0,3},{'A',[0,4,1,0,2,0,0],2,0,[0,0,1,0,2,0,0],1,0,[0,1,0,0,0,0,0],0,2},{'A',[-2,0,1,0,2,0,0],2,0,[0,0,1,0,2,0,0],1,0,[-1,0,0,0,0,0,0],0,1},{'A',[1,0,0,-1,0,-4,10],3,0,[1,0,0,-1,0,0,8],2,0,[0,0,0,0,0,-2,1],1,1},{'A',[-31,0,16,-1,32,-4,10],4,0,[1,0,0,-1,0,-4,10],3,0,[-2,0,1,0,2,0,0],2,4},{'A',[0,-4,-1,-16,-2,1,0],3,0,[0,0,0,-16,0,1,0],1,0,[0,-4,-1,0,-2,0,0],2,0},{'A',[-31,-4,15,-17,30,-3,10],5,0,[0,-4,-1,-16,-2,1,0],3,0,[-31,0,16,-1,32,-4,10],4,0},{'O',[-31,-4,15,-17,30,-3,10],5,[-31,-4,15,-17,30,-3,10],5,0}}
Adder graph: {{'A',[1,0,0,0,-1,0,0],1,0,[1,0,0,0,0,0,0],0,0,[0,0,0,0,-1,0,0],0,0},{'A',[-2,0,1,0,2,0,0],2,0,[0,0,1,0,0,0,0],0,0,[-1,0,0,0,1,0,0],1,1},{'A',[-2,0,1,1,2,0,0],3,0,[-2,0,1,0,2,0,0],2,0,[0,0,0,1,0,0,0],0,0},{'A',[-2,0,1,1,2,0,-8],4,0,[-2,0,1,1,2,0,0],3,0,[0,0,0,0,0,0,-1],0,3},{'A',[0,0,0,0,0,1,2],1,0,[0,0,0,0,0,1,0],0,0,[0,0,0,0,0,0,1],0,1},{'A',[-2,0,1,17,2,0,-8],5,0,[0,0,0,1,0,0,0],0,4,[-2,0,1,1,2,0,-8],4,0},{'A',[0,0,0,0,0,-3,2],2,0,[0,0,0,0,0,1,2],1,0,[0,0,0,0,0,-1,0],0,2},{'A',[30,0,-15,17,-30,0,-8],6,0,[-2,0,1,17,2,0,-8],5,0,[2,0,-1,0,-2,0,0],2,4},{'A',[1,4,0,0,0,0,0],1,0,[0,1,0,0,0,0,0],0,2,[1,0,0,0,0,0,0],0,0},{'A',[-1,-4,0,0,0,-3,2],3,0,[0,0,0,0,0,-3,2],2,0,[-1,-4,0,0,0,0,0],1,0},{'A',[31,4,-15,17,-30,3,-10],7,0,[30,0,-15,17,-30,0,-8],6,0,[1,4,0,0,0,3,-2],3,0},{'O',[-31,-4,15,-17,30,-3,10],7,[-31,-4,15,-17,30,-3,10],7,0}}
Adder graph: {{'A',[0,0,0,0,0,-1,1],1,0,[0,0,0,0,0,0,1],0,0,[0,0,0,0,0,-1,0],0,0},{'A',[0,0,1,0,2,0,0],1,0,[0,0,1,0,0,0,0],0,0,[0,0,0,0,1,0,0],0,1},{'A',[1,0,0,0,0,-1,0],1,0,[1,0,0,0,0,0,0],0,0,[0,0,0,0,0,-1,0],0,0},{'A',[0,0,0,1,0,0,-8],1,0,[0,0,0,1,0,0,0],0,0,[0,0,0,0,0,0,-1],0,3},{'A',[0,4,1,0,2,0,0],2,0,[0,0,1,0,2,0,0],1,0,[0,1,0,0,0,0,0],0,2},{'A',[1,0,0,0,0,-3,2],2,0,[0,0,0,0,0,-1,1],1,1,[1,0,0,0,0,-1,0],1,0},{'A',[1,0,0,-16,0,-3,2],3,0,[1,0,0,0,0,-3,2],2,0,[0,0,0,-1,0,0,0],0,4},{'A',[-1,0,0,17,0,3,-10],4,0,[0,0,0,1,0,0,-8],1,0,[-1,0,0,16,0,3,-2],3,0},{'A',[32,4,1,0,2,0,0],3,0,[1,0,0,0,0,0,0],0,5,[0,4,1,0,2,0,0],2,0},{'A',[32,4,-15,0,-30,0,0],4,0,[32,4,1,0,2,0,0],3,0,[0,0,-1,0,-2,0,0],1,4},{'A',[31,4,-15,17,-30,3,-10],5,0,[-1,0,0,17,0,3,-10],4,0,[32,4,-15,0,-30,0,0],4,0},{'O',[-31,-4,15,-17,30,-3,10],5,[-31,-4,15,-17,30,-3,10],5,0}}
Adder graph: {{'A',[0,0,0,1,0,1,0],1,0,[0,0,0,0,0,1,0],0,0,[0,0,0,1,0,0,0],0,0},{'A',[0,0,0,0,0,-1,1],1,0,[0,0,0,0,0,0,1],0,0,[0,0,0,0,0,-1,0],0,0},{'A',[0,0,1,0,2,0,0],1,0,[0,0,1,0,0,0,0],0,0,[0,0,0,0,1,0,0],0,1},{'A',[2,0,0,1,0,0,0],1,0,[0,0,0,1,0,0,0],0,0,[1,0,0,0,0,0,0],0,1},{'A',[1,-4,0,0,0,0,0],1,0,[1,0,0,0,0,0,0],0,0,[0,-1,0,0,0,0,0],0,2},{'A',[1,-4,-1,0,-2,0,0],2,0,[1,-4,0,0,0,0,0],1,0,[0,0,-1,0,-2,0,0],1,0},{'A',[0,0,0,1,0,3,-2],2,0,[0,0,0,1,0,1,0],1,0,[0,0,0,0,0,1,-1],1,1},{'A',[32,0,0,17,0,3,-2],3,0,[0,0,0,1,0,3,-2],2,0,[2,0,0,1,0,0,0],1,4},{'A',[1,-4,-1,0,-2,0,8],3,0,[0,0,0,0,0,0,1],0,3,[1,-4,-1,0,-2,0,0],2,0},{'A',[32,0,-16,17,-32,3,-2],4,0,[32,0,0,17,0,3,-2],3,0,[0,0,-1,0,-2,0,0],1,4},{'A',[-31,-4,15,-17,30,-3,10],5,0,[1,-4,-1,0,-2,0,8],3,0,[-32,0,16,-17,32,-3,2],4,0},{'O',[-31,-4,15,-17,30,-3,10],5,[-31,-4,15,-17,30,-3,10],5,0}}
Finished solving after 197739 seconds
Adder graph: {{'A',[0,0,0,1,0,1,0],1,0,[0,0,0,0,0,1,0],0,0,[0,0,0,1,0,0,0],0,0},{'A',[0,0,0,0,0,-1,1],1,0,[0,0,0,0,0,0,1],0,0,[0,0,0,0,0,-1,0],0,0},{'A',[0,0,1,0,2,0,0],1,0,[0,0,1,0,0,0,0],0,0,[0,0,0,0,1,0,0],0,1},{'A',[2,0,0,1,0,0,0],1,0,[0,0,0,1,0,0,0],0,0,[1,0,0,0,0,0,0],0,1},{'A',[1,-4,0,0,0,0,0],1,0,[1,0,0,0,0,0,0],0,0,[0,-1,0,0,0,0,0],0,2},{'A',[1,-4,-1,0,-2,0,0],2,0,[1,-4,0,0,0,0,0],1,0,[0,0,-1,0,-2,0,0],1,0},{'A',[0,0,0,1,0,3,-2],2,0,[0,0,0,1,0,1,0],1,0,[0,0,0,0,0,1,-1],1,1},{'A',[32,0,0,17,0,3,-2],3,0,[0,0,0,1,0,3,-2],2,0,[2,0,0,1,0,0,0],1,4},{'A',[1,-4,-1,0,-2,0,8],3,0,[0,0,0,0,0,0,1],0,3,[1,-4,-1,0,-2,0,0],2,0},{'A',[32,0,-16,17,-32,3,-2],4,0,[32,0,0,17,0,3,-2],3,0,[0,0,-1,0,-2,0,0],1,4},{'A',[-31,-4,15,-17,30,-3,10],5,0,[1,-4,-1,0,-2,0,8],3,0,[-32,0,16,-17,32,-3,2],4,0},{'O',[-31,-4,15,-17,30,-3,10],5,[-31,-4,15,-17,30,-3,10],5,0}}
#Add optimal = 0
#FAs optimal = 0
