Adder graph: {{'A',[1,0,0,0,0,0,-1],1,0,[1,0,0,0,0,0,0],0,0,[0,0,0,0,0,0,-1],0,0},{'A',[-2,1,0,0,0,0,2],2,0,[0,1,0,0,0,0,0],0,0,[-1,0,0,0,0,0,1],1,1},{'A',[-1,0,1,0,0,0,1],2,0,[0,0,1,0,0,0,0],0,0,[-1,0,0,0,0,0,1],1,0},{'A',[0,0,2,0,-1,0,0],1,0,[0,0,1,0,0,0,0],0,1,[0,0,0,0,-1,0,0],0,0},{'A',[0,0,-2,16,1,0,0],2,0,[0,0,0,1,0,0,0],0,4,[0,0,-2,0,1,0,0],1,0},{'A',[-1,0,1,0,1,0,1],3,0,[0,0,0,0,1,0,0],0,0,[-1,0,1,0,0,0,1],2,0},{'A',[0,0,0,0,0,1,2],1,0,[0,0,0,0,0,0,1],0,1,[0,0,0,0,0,1,0],0,0},{'A',[0,0,2,-16,-1,16,32],3,0,[0,0,0,0,0,1,2],1,4,[0,0,2,-16,-1,0,0],2,0},{'A',[8,0,-6,-16,-9,16,24],4,0,[0,0,2,-16,-1,16,32],3,0,[1,0,-1,0,-1,0,-1],3,3},{'A',[10,-1,-6,-16,-9,16,22],5,0,[8,0,-6,-16,-9,16,24],4,0,[2,-1,0,0,0,0,-2],2,0},{'O',[10,-1,-6,-16,-9,16,22],5,[10,-1,-6,-16,-9,16,22],5,0}}
Adder graph: {{'A',[1,0,0,0,0,0,2],1,0,[1,0,0,0,0,0,0],0,0,[0,0,0,0,0,0,1],0,1},{'A',[-1,0,2,0,0,0,-2],2,0,[0,0,1,0,0,0,0],0,1,[-1,0,0,0,0,0,-2],1,0},{'A',[7,0,2,0,0,0,14],3,0,[-1,0,2,0,0,0,-2],2,0,[1,0,0,0,0,0,2],1,3},{'A',[0,0,0,0,1,-16,0],1,0,[0,0,0,0,1,0,0],0,0,[0,0,0,0,0,-1,0],0,4},{'A',[7,0,2,-16,0,0,14],4,0,[7,0,2,0,0,0,14],3,0,[0,0,0,-1,0,0,0],0,4},{'A',[-1,0,2,0,2,0,-2],3,0,[0,0,0,0,1,0,0],0,1,[-1,0,2,0,0,0,-2],2,0},{'A',[11,0,-6,-16,-8,0,22],5,0,[7,0,2,-16,0,0,14],4,0,[1,0,-2,0,-2,0,2],3,2},{'A',[-11,0,6,16,9,-16,-22],6,0,[0,0,0,0,1,-16,0],1,0,[-11,0,6,16,8,0,-22],5,0},{'A',[1,1,0,0,0,0,0],1,0,[0,1,0,0,0,0,0],0,0,[1,0,0,0,0,0,0],0,0},{'A',[-10,1,6,16,9,-16,-22],7,0,[1,1,0,0,0,0,0],1,0,[-11,0,6,16,9,-16,-22],6,0},{'O',[10,-1,-6,-16,-9,16,22],7,[10,-1,-6,-16,-9,16,22],7,0}}
Adder graph: {{'A',[0,0,0,1,0,-1,0],1,0,[0,0,0,1,0,0,0],0,0,[0,0,0,0,0,-1,0],0,0},{'A',[0,0,0,0,1,0,-16],1,0,[0,0,0,0,1,0,0],0,0,[0,0,0,0,0,0,-1],0,4},{'A',[0,0,1,0,0,0,-1],1,0,[0,0,1,0,0,0,0],0,0,[0,0,0,0,0,0,-1],0,0},{'A',[0,1,2,0,0,0,-2],2,0,[0,0,1,0,0,0,-1],1,1,[0,1,0,0,0,0,0],0,0},{'A',[0,1,2,16,0,-16,-2],3,0,[0,0,0,1,0,-1,0],1,4,[0,1,2,0,0,0,-2],2,0},{'A',[0,0,1,0,2,0,-1],2,0,[0,0,1,0,0,0,-1],1,0,[0,0,0,0,1,0,0],0,1},{'A',[-1,0,2,0,4,0,-2],3,0,[0,0,1,0,2,0,-1],2,1,[-1,0,0,0,0,0,0],0,0},{'A',[0,1,2,16,1,-16,-18],4,0,[0,0,0,0,1,0,-16],1,0,[0,1,2,16,0,-16,-2],3,0},{'A',[5,0,-2,0,-4,0,2],4,0,[1,0,0,0,0,0,0],0,2,[1,0,-2,0,-4,0,2],3,0},{'A',[10,-1,-6,-16,-9,16,22],5,0,[5,0,-2,0,-4,0,2],4,1,[0,-1,-2,-16,-1,16,18],4,0},{'O',[10,-1,-6,-16,-9,16,22],5,[10,-1,-6,-16,-9,16,22],5,0}}
Adder graph: {{'A',[0,1,0,0,8,0,0],1,0,[0,1,0,0,0,0,0],0,0,[0,0,0,0,1,0,0],0,3},{'A',[0,0,0,0,1,-16,0],1,0,[0,0,0,0,1,0,0],0,0,[0,0,0,0,0,-1,0],0,4},{'A',[0,0,-1,0,0,0,1],1,0,[0,0,0,0,0,0,1],0,0,[0,0,-1,0,0,0,0],0,0},{'A',[1,0,0,0,0,0,2],1,0,[1,0,0,0,0,0,0],0,0,[0,0,0,0,0,0,1],0,1},{'A',[1,0,1,0,0,0,-1],2,0,[1,0,0,0,0,0,0],0,0,[0,0,1,0,0,0,-1],1,0},{'A',[0,0,8,0,1,-16,-8],2,0,[0,0,0,0,1,-16,0],1,0,[0,0,1,0,0,0,-1],1,3},{'A',[8,-1,0,0,-8,0,16],2,0,[1,0,0,0,0,0,2],1,3,[0,-1,0,0,-8,0,0],1,0},{'A',[-2,0,6,0,1,-16,-6],3,0,[0,0,8,0,1,-16,-8],2,0,[-1,0,-1,0,0,0,1],2,1},{'A',[-2,0,6,16,1,-16,-6],4,0,[-2,0,6,0,1,-16,-6],3,0,[0,0,0,1,0,0,0],0,4},{'A',[10,-1,-6,-16,-9,16,22],5,0,[8,-1,0,0,-8,0,16],2,0,[2,0,-6,-16,-1,16,6],4,0},{'O',[10,-1,-6,-16,-9,16,22],5,[10,-1,-6,-16,-9,16,22],5,0}}
Adder graph: {{'A',[-1,0,0,0,1,0,0],1,0,[0,0,0,0,1,0,0],0,0,[-1,0,0,0,0,0,0],0,0},{'A',[1,0,0,0,0,0,4],1,0,[0,0,0,0,0,0,1],0,2,[1,0,0,0,0,0,0],0,0},{'A',[1,0,0,0,-1,0,2],2,0,[0,0,0,0,0,0,1],0,1,[1,0,0,0,-1,0,0],1,0},{'A',[9,0,0,0,-8,0,20],3,0,[1,0,0,0,-1,0,2],2,3,[1,0,0,0,0,0,4],1,0},{'A',[0,1,4,0,0,0,0],1,0,[0,0,1,0,0,0,0],0,2,[0,1,0,0,0,0,0],0,0},{'A',[0,1,6,0,0,0,0],2,0,[0,1,4,0,0,0,0],1,0,[0,0,1,0,0,0,0],0,1},{'A',[0,1,6,16,0,0,0],3,0,[0,0,0,1,0,0,0],0,4,[0,1,6,0,0,0,0],2,0},{'A',[-1,1,6,16,1,0,-2],4,0,[0,1,6,16,0,0,0],3,0,[-1,0,0,0,1,0,-2],2,0},{'A',[9,0,0,0,-8,16,20],4,0,[0,0,0,0,0,1,0],0,4,[9,0,0,0,-8,0,20],3,0},{'A',[-10,1,6,16,9,-16,-22],5,0,[-1,1,6,16,1,0,-2],4,0,[-9,0,0,0,8,-16,-20],4,0},{'O',[10,-1,-6,-16,-9,16,22],5,[10,-1,-6,-16,-9,16,22],5,0}}
Adder graph: {{'A',[1,0,0,0,0,0,-1],1,0,[1,0,0,0,0,0,0],0,0,[0,0,0,0,0,0,-1],0,0},{'A',[0,0,0,16,1,0,0],1,0,[0,0,0,0,1,0,0],0,0,[0,0,0,1,0,0,0],0,4},{'A',[0,1,-2,0,0,0,0],1,0,[0,1,0,0,0,0,0],0,0,[0,0,-1,0,0,0,0],0,1},{'A',[1,0,0,0,0,0,15],2,0,[1,0,0,0,0,0,-1],1,0,[0,0,0,0,0,0,1],0,4},{'A',[0,0,1,0,1,0,0],1,0,[0,0,1,0,0,0,0],0,0,[0,0,0,0,1,0,0],0,0},{'A',[0,1,-2,16,1,0,0],2,0,[0,0,0,16,1,0,0],1,0,[0,1,-2,0,0,0,0],1,0},{'A',[1,0,-4,0,-4,0,15],3,0,[1,0,0,0,0,0,15],2,0,[0,0,-1,0,-1,0,0],1,2},{'A',[0,1,-2,16,1,-16,0],3,0,[0,1,-2,16,1,0,0],2,0,[0,0,0,0,0,-1,0],0,4},{'A',[-8,1,-2,16,1,-16,8],4,0,[0,1,-2,16,1,-16,0],3,0,[-1,0,0,0,0,0,1],1,3},{'A',[-10,1,6,16,9,-16,-22],5,0,[-8,1,-2,16,1,-16,8],4,0,[-1,0,4,0,4,0,-15],3,1},{'O',[10,-1,-6,-16,-9,16,22],5,[10,-1,-6,-16,-9,16,22],5,0}}
Adder graph: {{'A',[2,0,0,0,0,0,1],1,0,[0,0,0,0,0,0,1],0,0,[1,0,0,0,0,0,0],0,1},{'A',[0,0,0,0,-1,0,2],1,0,[0,0,0,0,0,0,1],0,1,[0,0,0,0,-1,0,0],0,0},{'A',[0,-1,0,0,-1,0,2],2,0,[0,0,0,0,-1,0,2],1,0,[0,-1,0,0,0,0,0],0,0},{'A',[1,0,1,0,0,0,0],1,0,[0,0,1,0,0,0,0],0,0,[1,0,0,0,0,0,0],0,0},{'A',[1,0,1,-8,0,0,0],2,0,[1,0,1,0,0,0,0],1,0,[0,0,0,-1,0,0,0],0,3},{'A',[1,0,1,-8,0,8,0],3,0,[1,0,1,-8,0,0,0],2,0,[0,0,0,0,0,1,0],0,3},{'A',[0,0,1,0,1,0,-2],2,0,[0,0,1,0,0,0,0],0,0,[0,0,0,0,1,0,-2],1,0},{'A',[8,-1,0,0,-1,0,6],3,0,[2,0,0,0,0,0,1],1,2,[0,-1,0,0,-1,0,2],2,0},{'A',[10,-1,2,-16,-1,16,6],4,0,[1,0,1,-8,0,8,0],3,1,[8,-1,0,0,-1,0,6],3,0},{'A',[10,-1,-6,-16,-9,16,22],5,0,[10,-1,2,-16,-1,16,6],4,0,[0,0,-1,0,-1,0,2],2,3},{'O',[10,-1,-6,-16,-9,16,22],5,[10,-1,-6,-16,-9,16,22],5,0}}
Adder graph: {{'A',[0,0,0,1,0,-1,0],1,0,[0,0,0,1,0,0,0],0,0,[0,0,0,0,0,-1,0],0,0},{'A',[1,0,0,0,0,0,-1],1,0,[1,0,0,0,0,0,0],0,0,[0,0,0,0,0,0,-1],0,0},{'A',[1,0,1,0,0,0,-1],2,0,[0,0,1,0,0,0,0],0,0,[1,0,0,0,0,0,-1],1,0},{'A',[0,1,0,0,0,0,-16],1,0,[0,1,0,0,0,0,0],0,0,[0,0,0,0,0,0,-1],0,4},{'A',[-2,0,-2,0,1,0,2],3,0,[0,0,0,0,1,0,0],0,0,[-1,0,-1,0,0,0,1],2,1},{'A',[-18,0,-2,0,1,0,2],4,0,[-2,0,-2,0,1,0,2],3,0,[-1,0,0,0,0,0,0],0,4},{'A',[0,1,0,0,8,0,-16],2,0,[0,1,0,0,0,0,-16],1,0,[0,0,0,0,1,0,0],0,3},{'A',[-10,0,6,0,1,0,-6],5,0,[-18,0,-2,0,1,0,2],4,0,[1,0,1,0,0,0,-1],2,3},{'A',[-10,0,6,16,1,-16,-6],6,0,[-10,0,6,0,1,0,-6],5,0,[0,0,0,1,0,-1,0],1,4},{'A',[-10,1,6,16,9,-16,-22],7,0,[0,1,0,0,8,0,-16],2,0,[-10,0,6,16,1,-16,-6],6,0},{'O',[10,-1,-6,-16,-9,16,22],7,[10,-1,-6,-16,-9,16,22],7,0}}
Adder graph: {{'A',[1,0,0,0,0,0,-1],1,0,[1,0,0,0,0,0,0],0,0,[0,0,0,0,0,0,-1],0,0},{'A',[0,0,-2,0,1,0,0],1,0,[0,0,0,0,1,0,0],0,0,[0,0,-1,0,0,0,0],0,1},{'A',[0,0,1,2,0,0,0],1,0,[0,0,0,1,0,0,0],0,1,[0,0,1,0,0,0,0],0,0},{'A',[1,0,0,0,0,2,-1],2,0,[0,0,0,0,0,1,0],0,1,[1,0,0,0,0,0,-1],1,0},{'A',[0,1,-2,0,1,0,0],2,0,[0,0,-2,0,1,0,0],1,0,[0,1,0,0,0,0,0],0,0},{'A',[-8,1,-2,0,1,-16,8],3,0,[0,1,-2,0,1,0,0],2,0,[-1,0,0,0,0,-2,1],2,3},{'A',[1,0,0,0,0,0,15],2,0,[1,0,0,0,0,0,-1],1,0,[0,0,0,0,0,0,1],0,4},{'A',[0,0,1,2,1,0,0],2,0,[0,0,0,0,1,0,0],0,0,[0,0,1,2,0,0,0],1,0},{'A',[1,0,-4,-8,-4,0,15],3,0,[1,0,0,0,0,0,15],2,0,[0,0,-1,-2,-1,0,0],2,2},{'A',[-10,1,6,16,9,-16,-22],4,0,[-8,1,-2,0,1,-16,8],3,0,[-1,0,4,8,4,0,-15],3,1},{'O',[10,-1,-6,-16,-9,16,22],4,[10,-1,-6,-16,-9,16,22],4,0}}
Adder graph: {{'A',[1,0,0,0,0,0,-1],1,0,[1,0,0,0,0,0,0],0,0,[0,0,0,0,0,0,-1],0,0},{'A',[0,0,1,0,1,0,0],1,0,[0,0,0,0,1,0,0],0,0,[0,0,1,0,0,0,0],0,0},{'A',[0,-1,0,0,1,0,0],1,0,[0,0,0,0,1,0,0],0,0,[0,-1,0,0,0,0,0],0,0},{'A',[1,0,-1,0,-1,0,-1],2,0,[1,0,0,0,0,0,-1],1,0,[0,0,-1,0,-1,0,0],1,0},{'A',[0,-1,0,0,1,16,0],2,0,[0,0,0,0,0,1,0],0,4,[0,-1,0,0,1,0,0],1,0},{'A',[1,0,1,0,-1,0,-1],3,0,[1,0,-1,0,-1,0,-1],2,0,[0,0,1,0,0,0,0],0,1},{'A',[8,-1,-8,0,-7,16,-8],3,0,[0,-1,0,0,1,16,0],2,0,[1,0,-1,0,-1,0,-1],2,3},{'A',[1,0,1,0,-1,0,15],4,0,[1,0,1,0,-1,0,-1],3,0,[0,0,0,0,0,0,1],0,4},{'A',[1,0,1,-8,-1,0,15],5,0,[1,0,1,0,-1,0,15],4,0,[0,0,0,-1,0,0,0],0,3},{'A',[10,-1,-6,-16,-9,16,22],6,0,[8,-1,-8,0,-7,16,-8],3,0,[1,0,1,-8,-1,0,15],5,1},{'O',[10,-1,-6,-16,-9,16,22],6,[10,-1,-6,-16,-9,16,22],6,0}}
Adder graph: {{'A',[1,0,0,0,0,0,-1],1,0,[1,0,0,0,0,0,0],0,0,[0,0,0,0,0,0,-1],0,0},{'A',[1,0,0,0,0,0,3],2,0,[0,0,0,0,0,0,1],0,2,[1,0,0,0,0,0,-1],1,0},{'A',[1,0,-1,0,0,0,3],3,0,[1,0,0,0,0,0,3],2,0,[0,0,-1,0,0,0,0],0,0},{'A',[1,0,1,0,0,0,-1],2,0,[1,0,0,0,0,0,-1],1,0,[0,0,1,0,0,0,0],0,0},{'A',[0,0,0,0,1,-2,0],1,0,[0,0,0,0,1,0,0],0,0,[0,0,0,0,0,-1,0],0,1},{'A',[1,0,-1,0,-1,2,3],4,0,[1,0,-1,0,0,0,3],3,0,[0,0,0,0,-1,2,0],1,0},{'A',[0,1,0,0,1,0,0],1,0,[0,1,0,0,0,0,0],0,0,[0,0,0,0,1,0,0],0,0},{'A',[-2,1,-2,0,1,0,2],3,0,[0,1,0,0,1,0,0],1,0,[-1,0,-1,0,0,0,1],2,1},{'A',[-2,1,-2,16,1,0,2],4,0,[-2,1,-2,0,1,0,2],3,0,[0,0,0,1,0,0,0],0,4},{'A',[-10,1,6,16,9,-16,-22],5,0,[-2,1,-2,16,1,0,2],4,0,[-1,0,1,0,1,-2,-3],4,3},{'O',[10,-1,-6,-16,-9,16,22],5,[10,-1,-6,-16,-9,16,22],5,0}}
Finished solving after 150726 seconds
Adder graph: {{'A',[1,0,0,0,0,0,-1],1,0,[1,0,0,0,0,0,0],0,0,[0,0,0,0,0,0,-1],0,0},{'A',[1,0,0,0,0,0,3],2,0,[0,0,0,0,0,0,1],0,2,[1,0,0,0,0,0,-1],1,0},{'A',[1,0,-1,0,0,0,3],3,0,[1,0,0,0,0,0,3],2,0,[0,0,-1,0,0,0,0],0,0},{'A',[1,0,1,0,0,0,-1],2,0,[1,0,0,0,0,0,-1],1,0,[0,0,1,0,0,0,0],0,0},{'A',[0,0,0,0,1,-2,0],1,0,[0,0,0,0,1,0,0],0,0,[0,0,0,0,0,-1,0],0,1},{'A',[1,0,-1,0,-1,2,3],4,0,[1,0,-1,0,0,0,3],3,0,[0,0,0,0,-1,2,0],1,0},{'A',[0,1,0,0,1,0,0],1,0,[0,1,0,0,0,0,0],0,0,[0,0,0,0,1,0,0],0,0},{'A',[-2,1,-2,0,1,0,2],3,0,[0,1,0,0,1,0,0],1,0,[-1,0,-1,0,0,0,1],2,1},{'A',[-2,1,-2,16,1,0,2],4,0,[-2,1,-2,0,1,0,2],3,0,[0,0,0,1,0,0,0],0,4},{'A',[-10,1,6,16,9,-16,-22],5,0,[-2,1,-2,16,1,0,2],4,0,[-1,0,1,0,1,-2,-3],4,3},{'O',[10,-1,-6,-16,-9,16,22],5,[10,-1,-6,-16,-9,16,22],5,0}}
#Add optimal = 0
#FAs optimal = 0
