Adder graph: {{'A',[0,-1,1,0,0,0,0],1,0,[0,0,1,0,0,0,0],0,0,[0,-1,0,0,0,0,0],0,0},{'A',[0,0,0,0,0,-1,4],1,0,[0,0,0,0,0,0,1],0,2,[0,0,0,0,0,-1,0],0,0},{'A',[0,1,-1,1,0,0,0],2,0,[0,0,0,1,0,0,0],0,0,[0,1,-1,0,0,0,0],1,0},{'A',[0,-5,5,-1,0,0,0],3,0,[0,-1,1,0,0,0,0],1,2,[0,-1,1,-1,0,0,0],2,0},{'A',[0,0,0,0,1,-2,0],1,0,[0,0,0,0,1,0,0],0,0,[0,0,0,0,0,-1,0],0,1},{'A',[-2,0,0,0,1,-2,0],2,0,[0,0,0,0,1,-2,0],1,0,[-1,0,0,0,0,0,0],0,1},{'A',[-16,0,0,0,9,-18,0],3,0,[0,0,0,0,1,-2,0],1,0,[-2,0,0,0,1,-2,0],2,3},{'A',[-24,0,0,0,13,-26,0],4,0,[-16,0,0,0,9,-18,0],3,0,[-2,0,0,0,1,-2,0],2,2},{'A',[0,-5,5,-1,0,4,-16],4,0,[0,-5,5,-1,0,0,0],3,0,[0,0,0,0,0,1,-4],1,2},{'A',[-24,-5,5,-1,13,-22,-16],5,0,[-24,0,0,0,13,-26,0],4,0,[0,-5,5,-1,0,4,-16],4,0},{'A',[-24,-21,5,-1,13,-22,-16],6,0,[-24,-5,5,-1,13,-22,-16],5,0,[0,-1,0,0,0,0,0],0,4},{'O',[24,21,-5,1,-13,22,16],6,[24,21,-5,1,-13,22,16],6,0}}
Adder graph: {{'A',[0,-1,0,0,1,0,0],1,0,[0,0,0,0,1,0,0],0,0,[0,-1,0,0,0,0,0],0,0},{'A',[0,1,1,0,-1,0,0],2,0,[0,0,1,0,0,0,0],0,0,[0,1,0,0,-1,0,0],1,0},{'A',[0,-1,0,0,1,-1,0],2,0,[0,-1,0,0,1,0,0],1,0,[0,0,0,0,0,-1,0],0,0},{'A',[0,1,1,0,-9,0,0],3,0,[0,1,1,0,-1,0,0],2,0,[0,0,0,0,-1,0,0],0,3},{'A',[0,-1,-2,0,1,-1,0],3,0,[0,-1,0,0,1,-1,0],2,0,[0,0,-1,0,0,0,0],0,1},{'A',[1,1,0,0,-1,1,0],3,0,[1,0,0,0,0,0,0],0,0,[0,1,0,0,-1,1,0],2,0},{'A',[4,3,-2,0,-3,3,0],4,0,[0,-1,-2,0,1,-1,0],3,0,[1,1,0,0,-1,1,0],3,2},{'A',[16,16,0,1,-16,16,0],4,0,[1,1,0,0,-1,1,0],3,4,[0,0,0,1,0,0,0],0,0},{'A',[-16,-15,1,-1,7,-16,0],5,0,[0,1,1,0,-9,0,0],3,0,[-16,-16,0,-1,16,-16,0],4,0},{'A',[-16,-15,1,-1,7,-16,-16],6,0,[-16,-15,1,-1,7,-16,0],5,0,[0,0,0,0,0,0,-1],0,4},{'A',[24,21,-5,1,-13,22,16],7,0,[4,3,-2,0,-3,3,0],4,1,[16,15,-1,1,-7,16,16],6,0},{'O',[24,21,-5,1,-13,22,16],7,[24,21,-5,1,-13,22,16],7,0}}
Adder graph: {{'A',[0,-1,0,0,1,0,0],1,0,[0,0,0,0,1,0,0],0,0,[0,-1,0,0,0,0,0],0,0},{'A',[0,7,0,0,1,0,0],2,0,[0,1,0,0,0,0,0],0,3,[0,-1,0,0,1,0,0],1,0},{'A',[0,7,0,0,1,8,0],3,0,[0,0,0,0,0,1,0],0,3,[0,7,0,0,1,0,0],2,0},{'A',[8,7,0,0,1,8,0],4,0,[0,7,0,0,1,8,0],3,0,[1,0,0,0,0,0,0],0,3},{'A',[8,7,0,-1,1,8,0],5,0,[8,7,0,0,1,8,0],4,0,[0,0,0,-1,0,0,0],0,0},{'A',[8,7,4,-1,1,8,0],6,0,[8,7,0,-1,1,8,0],5,0,[0,0,1,0,0,0,0],0,2},{'A',[0,0,1,0,0,2,0],1,0,[0,0,0,0,0,1,0],0,1,[0,0,1,0,0,0,0],0,0},{'A',[-32,-28,1,0,-4,-30,0],5,0,[0,0,1,0,0,2,0],1,0,[-8,-7,0,0,-1,-8,0],4,2},{'A',[-32,-28,1,0,-4,-30,-16],6,0,[-32,-28,1,0,-4,-30,0],5,0,[0,0,0,0,0,0,-1],0,4},{'A',[8,7,4,-1,17,8,0],7,0,[8,7,4,-1,1,8,0],6,0,[0,0,0,0,1,0,0],0,4},{'A',[-24,-21,5,-1,13,-22,-16],8,0,[8,7,4,-1,17,8,0],7,0,[-32,-28,1,0,-4,-30,-16],6,0},{'O',[24,21,-5,1,-13,22,16],8,[24,21,-5,1,-13,22,16],8,0}}
Adder graph: {{'A',[0,0,1,0,-1,0,0],1,0,[0,0,1,0,0,0,0],0,0,[0,0,0,0,-1,0,0],0,0},{'A',[0,0,1,0,-1,-2,0],2,0,[0,0,1,0,-1,0,0],1,0,[0,0,0,0,0,-1,0],0,1},{'A',[1,0,0,0,0,1,0],1,0,[1,0,0,0,0,0,0],0,0,[0,0,0,0,0,1,0],0,0},{'A',[0,1,2,0,0,0,0],1,0,[0,1,0,0,0,0,0],0,0,[0,0,1,0,0,0,0],0,1},{'A',[0,0,1,0,-1,-2,16],3,0,[0,0,1,0,-1,-2,0],2,0,[0,0,0,0,0,0,1],0,4},{'A',[0,1,2,0,4,0,0],2,0,[0,1,2,0,0,0,0],1,0,[0,0,0,0,1,0,0],0,2},{'A',[0,-7,2,0,4,0,0],3,0,[0,1,2,0,4,0,0],2,0,[0,-1,0,0,0,0,0],0,3},{'A',[-8,-7,2,0,4,-8,0],4,0,[0,-7,2,0,4,0,0],3,0,[-1,0,0,0,0,-1,0],1,3},{'A',[16,14,-4,1,-8,16,0],5,0,[0,0,0,1,0,0,0],0,0,[8,7,-2,0,-4,8,0],4,1},{'A',[24,21,-6,1,-12,24,0],6,0,[16,14,-4,1,-8,16,0],5,0,[8,7,-2,0,-4,8,0],4,0},{'A',[24,21,-5,1,-13,22,16],7,0,[0,0,1,0,-1,-2,16],3,0,[24,21,-6,1,-12,24,0],6,0},{'O',[24,21,-5,1,-13,22,16],7,[24,21,-5,1,-13,22,16],7,0}}
Adder graph: {{'A',[0,0,1,0,0,0,-16],1,0,[0,0,1,0,0,0,0],0,0,[0,0,0,0,0,0,-1],0,4},{'A',[0,1,0,0,-1,0,0],1,0,[0,1,0,0,0,0,0],0,0,[0,0,0,0,-1,0,0],0,0},{'A',[0,1,0,0,-1,-2,0],2,0,[0,1,0,0,-1,0,0],1,0,[0,0,0,0,0,-1,0],0,1},{'A',[2,1,0,0,-1,0,0],2,0,[1,0,0,0,0,0,0],0,1,[0,1,0,0,-1,0,0],1,0},{'A',[2,1,0,0,-1,2,0],3,0,[2,1,0,0,-1,0,0],2,0,[0,0,0,0,0,1,0],0,1},{'A',[0,9,0,0,-1,-2,0],3,0,[0,1,0,0,-1,-2,0],2,0,[0,1,0,0,0,0,0],0,3},{'A',[0,0,-4,1,0,0,0],1,0,[0,0,0,1,0,0,0],0,0,[0,0,-1,0,0,0,0],0,2},{'A',[8,13,0,0,-5,6,0],4,0,[0,9,0,0,-1,-2,0],3,0,[2,1,0,0,-1,2,0],3,2},{'A',[24,21,0,0,-13,22,0],5,0,[8,13,0,0,-5,6,0],4,0,[2,1,0,0,-1,2,0],3,3},{'A',[0,0,-5,1,0,0,16],2,0,[0,0,-4,1,0,0,0],1,0,[0,0,-1,0,0,0,16],1,0},{'A',[24,21,-5,1,-13,22,16],6,0,[0,0,-5,1,0,0,16],2,0,[24,21,0,0,-13,22,0],5,0},{'O',[24,21,-5,1,-13,22,16],6,[24,21,-5,1,-13,22,16],6,0}}
Adder graph: {{'A',[0,0,1,0,0,2,0],1,0,[0,0,0,0,0,1,0],0,1,[0,0,1,0,0,0,0],0,0},{'A',[0,0,1,0,0,2,-16],2,0,[0,0,1,0,0,2,0],1,0,[0,0,0,0,0,0,-1],0,4},{'A',[0,0,1,0,0,-6,0],2,0,[0,0,1,0,0,2,0],1,0,[0,0,0,0,0,-1,0],0,3},{'A',[0,-1,0,0,1,0,0],1,0,[0,0,0,0,1,0,0],0,0,[0,-1,0,0,0,0,0],0,0},{'A',[0,7,0,0,1,0,0],2,0,[0,-1,0,0,1,0,0],1,0,[0,1,0,0,0,0,0],0,3},{'A',[0,0,0,1,-16,0,0],1,0,[0,0,0,1,0,0,0],0,0,[0,0,0,0,-1,0,0],0,4},{'A',[8,7,0,0,1,0,0],3,0,[0,7,0,0,1,0,0],2,0,[1,0,0,0,0,0,0],0,3},{'A',[0,0,1,-1,16,2,-16],3,0,[0,0,1,0,0,2,-16],2,0,[0,0,0,-1,16,0,0],1,0},{'A',[-24,-21,0,0,-3,0,0],4,0,[8,7,0,0,1,0,0],3,0,[-8,-7,0,0,-1,0,0],3,2},{'A',[0,0,5,-1,16,-22,-16],4,0,[0,0,1,-1,16,2,-16],3,0,[0,0,1,0,0,-6,0],2,2},{'A',[-24,-21,5,-1,13,-22,-16],5,0,[-24,-21,0,0,-3,0,0],4,0,[0,0,5,-1,16,-22,-16],4,0},{'O',[24,21,-5,1,-13,22,16],5,[24,21,-5,1,-13,22,16],5,0}}
Adder graph: {{'A',[0,0,0,0,1,-2,0],1,0,[0,0,0,0,1,0,0],0,0,[0,0,0,0,0,-1,0],0,1},{'A',[0,0,0,0,1,2,0],2,0,[0,0,0,0,1,-2,0],1,0,[0,0,0,0,0,1,0],0,2},{'A',[0,-1,1,0,0,0,0],1,0,[0,0,1,0,0,0,0],0,0,[0,-1,0,0,0,0,0],0,0},{'A',[0,1,-1,1,0,0,0],2,0,[0,0,0,1,0,0,0],0,0,[0,1,-1,0,0,0,0],1,0},{'A',[0,1,-1,1,0,0,16],3,0,[0,1,-1,1,0,0,0],2,0,[0,0,0,0,0,0,1],0,4},{'A',[0,-5,1,0,0,0,0],2,0,[0,-1,1,0,0,0,0],1,0,[0,-1,0,0,0,0,0],0,2},{'A',[0,-20,4,0,1,2,0],3,0,[0,0,0,0,1,2,0],2,0,[0,-5,1,0,0,0,0],2,2},{'A',[2,0,0,0,-1,2,0],2,0,[1,0,0,0,0,0,0],0,1,[0,0,0,0,-1,2,0],1,0},{'A',[0,21,-5,1,-1,-2,16],4,0,[0,1,-1,1,0,0,16],3,0,[0,20,-4,0,-1,-2,0],3,0},{'A',[-6,0,0,0,3,-6,0],3,0,[2,0,0,0,-1,2,0],2,0,[-2,0,0,0,1,-2,0],2,2},{'A',[24,21,-5,1,-13,22,16],5,0,[0,21,-5,1,-1,-2,16],4,0,[6,0,0,0,-3,6,0],3,2},{'O',[24,21,-5,1,-13,22,16],5,[24,21,-5,1,-13,22,16],5,0}}
Finished solving after 191645 seconds
Adder graph: {{'A',[0,0,0,0,1,-2,0],1,0,[0,0,0,0,1,0,0],0,0,[0,0,0,0,0,-1,0],0,1},{'A',[0,0,0,0,1,2,0],2,0,[0,0,0,0,1,-2,0],1,0,[0,0,0,0,0,1,0],0,2},{'A',[0,-1,1,0,0,0,0],1,0,[0,0,1,0,0,0,0],0,0,[0,-1,0,0,0,0,0],0,0},{'A',[0,1,-1,1,0,0,0],2,0,[0,0,0,1,0,0,0],0,0,[0,1,-1,0,0,0,0],1,0},{'A',[0,1,-1,1,0,0,16],3,0,[0,1,-1,1,0,0,0],2,0,[0,0,0,0,0,0,1],0,4},{'A',[0,-5,1,0,0,0,0],2,0,[0,-1,1,0,0,0,0],1,0,[0,-1,0,0,0,0,0],0,2},{'A',[0,-20,4,0,1,2,0],3,0,[0,0,0,0,1,2,0],2,0,[0,-5,1,0,0,0,0],2,2},{'A',[2,0,0,0,-1,2,0],2,0,[1,0,0,0,0,0,0],0,1,[0,0,0,0,-1,2,0],1,0},{'A',[0,21,-5,1,-1,-2,16],4,0,[0,1,-1,1,0,0,16],3,0,[0,20,-4,0,-1,-2,0],3,0},{'A',[-6,0,0,0,3,-6,0],3,0,[2,0,0,0,-1,2,0],2,0,[-2,0,0,0,1,-2,0],2,2},{'A',[24,21,-5,1,-13,22,16],5,0,[0,21,-5,1,-1,-2,16],4,0,[6,0,0,0,-3,6,0],3,2},{'O',[24,21,-5,1,-13,22,16],5,[24,21,-5,1,-13,22,16],5,0}}
#Add optimal = 0
#FAs optimal = 0
