Adder graph: {{'A',[0,0,2,0,0,-1,0],1,0,[0,0,1,0,0,0,0],0,1,[0,0,0,0,0,-1,0],0,0},{'A',[0,0,0,2,0,0,1],1,0,[0,0,0,0,0,0,1],0,0,[0,0,0,1,0,0,0],0,1},{'A',[0,1,0,0,8,0,0],1,0,[0,0,0,0,1,0,0],0,3,[0,1,0,0,0,0,0],0,0},{'A',[1,0,0,0,0,1,0],1,0,[1,0,0,0,0,0,0],0,0,[0,0,0,0,0,1,0],0,0},{'A',[1,0,0,2,0,1,1],2,0,[0,0,0,2,0,0,1],1,0,[1,0,0,0,0,1,0],1,0},{'A',[9,0,0,18,0,9,9],3,0,[1,0,0,2,0,1,1],2,0,[1,0,0,2,0,1,1],2,3},{'A',[-9,0,4,-18,0,-11,-9],4,0,[0,0,2,0,0,-1,0],1,1,[-9,0,0,-18,0,-9,-9],3,0},{'A',[0,1,0,0,8,0,16],2,0,[0,0,0,0,0,0,1],0,4,[0,1,0,0,8,0,0],1,0},{'A',[9,1,-4,18,8,11,25],5,0,[0,1,0,0,8,0,16],2,0,[9,0,-4,18,0,11,9],4,0},{'O',[9,1,-4,18,8,11,25],5,[9,1,-4,18,8,11,25],5,0}}
Adder graph: {{'A',[0,0,0,0,0,1,1],1,0,[0,0,0,0,0,0,1],0,0,[0,0,0,0,0,1,0],0,0},{'A',[0,0,0,2,0,1,1],2,0,[0,0,0,1,0,0,0],0,1,[0,0,0,0,0,1,1],1,0},{'A',[1,0,0,2,0,1,1],3,0,[1,0,0,0,0,0,0],0,0,[0,0,0,2,0,1,1],2,0},{'A',[1,0,-4,2,0,1,1],4,0,[1,0,0,2,0,1,1],3,0,[0,0,-1,0,0,0,0],0,2},{'A',[0,0,0,0,0,1,8],1,0,[0,0,0,0,0,1,0],0,0,[0,0,0,0,0,0,1],0,3},{'A',[1,0,0,2,1,1,1],4,0,[0,0,0,0,1,0,0],0,0,[1,0,0,2,0,1,1],3,0},{'A',[1,0,-4,2,0,3,17],5,0,[1,0,-4,2,0,1,1],4,0,[0,0,0,0,0,1,8],1,1},{'A',[1,1,-4,2,0,3,17],6,0,[0,1,0,0,0,0,0],0,0,[1,0,-4,2,0,3,17],5,0},{'A',[9,1,-4,18,8,11,25],7,0,[1,1,-4,2,0,3,17],6,0,[1,0,0,2,1,1,1],4,3},{'O',[9,1,-4,18,8,11,25],7,[9,1,-4,18,8,11,25],7,0}}
Adder graph: {{'A',[0,0,0,0,0,1,8],1,0,[0,0,0,0,0,1,0],0,0,[0,0,0,0,0,0,1],0,3},{'A',[1,0,0,2,0,0,0],1,0,[0,0,0,1,0,0,0],0,1,[1,0,0,0,0,0,0],0,0},{'A',[0,0,0,0,0,1,1],1,0,[0,0,0,0,0,0,1],0,0,[0,0,0,0,0,1,0],0,0},{'A',[1,0,0,2,0,1,1],2,0,[1,0,0,2,0,0,0],1,0,[0,0,0,0,0,1,1],1,0},{'A',[1,0,0,2,8,1,1],3,0,[0,0,0,0,1,0,0],0,3,[1,0,0,2,0,1,1],2,0},{'A',[0,1,-4,0,0,0,0],1,0,[0,1,0,0,0,0,0],0,0,[0,0,-1,0,0,0,0],0,2},{'A',[9,0,0,18,8,9,9],4,0,[1,0,0,2,8,1,1],3,0,[1,0,0,2,0,1,1],2,3},{'A',[9,1,-4,18,8,9,9],5,0,[0,1,-4,0,0,0,0],1,0,[9,0,0,18,8,9,9],4,0},{'A',[9,1,-4,18,8,11,25],6,0,[9,1,-4,18,8,9,9],5,0,[0,0,0,0,0,1,8],1,1},{'O',[9,1,-4,18,8,11,25],6,[9,1,-4,18,8,11,25],6,0}}
Adder graph: {{'A',[1,0,0,0,0,0,1],1,0,[0,0,0,0,0,0,1],0,0,[1,0,0,0,0,0,0],0,0},{'A',[0,0,0,2,0,1,0],1,0,[0,0,0,0,0,1,0],0,0,[0,0,0,1,0,0,0],0,1},{'A',[0,0,1,0,-2,0,0],1,0,[0,0,1,0,0,0,0],0,0,[0,0,0,0,-1,0,0],0,1},{'A',[1,0,0,2,0,1,1],2,0,[0,0,0,2,0,1,0],1,0,[1,0,0,0,0,0,1],1,0},{'A',[0,1,0,0,0,2,0],1,0,[0,1,0,0,0,0,0],0,0,[0,0,0,0,0,1,0],0,1},{'A',[0,1,-4,0,8,2,0],2,0,[0,1,0,0,0,2,0],1,0,[0,0,-1,0,2,0,0],1,2},{'A',[1,0,0,2,0,1,3],3,0,[1,0,0,2,0,1,1],2,0,[0,0,0,0,0,0,1],0,1},{'A',[8,1,-4,16,8,10,24],4,0,[1,0,0,2,0,1,3],3,3,[0,1,-4,0,8,2,0],2,0},{'A',[9,1,-4,18,8,11,25],5,0,[8,1,-4,16,8,10,24],4,0,[1,0,0,2,0,1,1],2,0},{'O',[9,1,-4,18,8,11,25],5,[9,1,-4,18,8,11,25],5,0}}
Adder graph: {{'A',[0,0,0,0,0,-1,1],1,0,[0,0,0,0,0,0,1],0,0,[0,0,0,0,0,-1,0],0,0},{'A',[1,0,0,0,0,1,-1],2,0,[1,0,0,0,0,0,0],0,0,[0,0,0,0,0,1,-1],1,0},{'A',[1,0,0,2,0,1,-1],3,0,[0,0,0,1,0,0,0],0,1,[1,0,0,0,0,1,-1],2,0},{'A',[1,0,0,2,0,1,3],4,0,[1,0,0,2,0,1,-1],3,0,[0,0,0,0,0,0,1],0,2},{'A',[-1,0,0,-2,0,-3,-1],5,0,[0,0,0,0,0,-1,1],1,1,[-1,0,0,-2,0,-1,-3],4,0},{'A',[0,0,1,0,-2,0,0],1,0,[0,0,1,0,0,0,0],0,0,[0,0,0,0,-1,0,0],0,1},{'A',[0,1,-4,0,8,0,0],2,0,[0,1,0,0,0,0,0],0,0,[0,0,-1,0,2,0,0],1,2},{'A',[-1,-1,4,-2,-8,-3,-1],6,0,[-1,0,0,-2,0,-3,-1],5,0,[0,-1,4,0,-8,0,0],2,0},{'A',[-9,-1,4,-18,-8,-11,-25],7,0,[-1,-1,4,-2,-8,-3,-1],6,0,[-1,0,0,-2,0,-1,-3],4,3},{'O',[9,1,-4,18,8,11,25],7,[9,1,-4,18,8,11,25],7,0}}
Adder graph: {{'A',[0,0,0,0,0,1,-1],1,0,[0,0,0,0,0,1,0],0,0,[0,0,0,0,0,0,-1],0,0},{'A',[1,0,0,2,0,0,0],1,0,[0,0,0,1,0,0,0],0,1,[1,0,0,0,0,0,0],0,0},{'A',[1,0,0,2,0,4,0],2,0,[0,0,0,0,0,1,0],0,2,[1,0,0,2,0,0,0],1,0},{'A',[-1,0,0,-2,0,-3,-1],3,0,[0,0,0,0,0,1,-1],1,0,[-1,0,0,-2,0,-4,0],2,0},{'A',[0,0,0,0,1,-2,2],2,0,[0,0,0,0,1,0,0],0,0,[0,0,0,0,0,-1,1],1,1},{'A',[0,1,-4,0,0,0,0],1,0,[0,1,0,0,0,0,0],0,0,[0,0,-1,0,0,0,0],0,2},{'A',[1,0,0,2,1,1,3],4,0,[0,0,0,0,1,-2,2],2,0,[1,0,0,2,0,3,1],3,0},{'A',[-1,-1,4,-2,0,-3,-1],4,0,[-1,0,0,-2,0,-3,-1],3,0,[0,-1,4,0,0,0,0],1,0},{'A',[-9,-1,4,-18,-8,-11,-25],5,0,[-1,-1,4,-2,0,-3,-1],4,0,[-1,0,0,-2,-1,-1,-3],4,3},{'O',[9,1,-4,18,8,11,25],5,[9,1,-4,18,8,11,25],5,0}}
Adder graph: {{'A',[1,0,0,0,0,0,1],1,0,[1,0,0,0,0,0,0],0,0,[0,0,0,0,0,0,1],0,0},{'A',[0,0,0,2,0,1,0],1,0,[0,0,0,0,0,1,0],0,0,[0,0,0,1,0,0,0],0,1},{'A',[1,0,0,2,0,1,1],2,0,[1,0,0,0,0,0,1],1,0,[0,0,0,2,0,1,0],1,0},{'A',[0,1,0,0,0,2,0],1,0,[0,0,0,0,0,1,0],0,1,[0,1,0,0,0,0,0],0,0},{'A',[1,1,0,2,0,3,1],3,0,[1,0,0,2,0,1,1],2,0,[0,1,0,0,0,2,0],1,0},{'A',[0,0,1,0,-2,0,0],1,0,[0,0,1,0,0,0,0],0,0,[0,0,0,0,-1,0,0],0,1},{'A',[1,1,-4,2,8,3,1],4,0,[1,1,0,2,0,3,1],3,0,[0,0,-1,0,2,0,0],1,2},{'A',[1,1,-4,2,8,3,17],5,0,[1,1,-4,2,8,3,1],4,0,[0,0,0,0,0,0,1],0,4},{'A',[9,1,-4,18,8,11,25],6,0,[1,1,-4,2,8,3,17],5,0,[1,0,0,2,0,1,1],2,3},{'O',[9,1,-4,18,8,11,25],6,[9,1,-4,18,8,11,25],6,0}}
Finished solving after 108952 seconds
Adder graph: {{'A',[1,0,0,0,0,0,1],1,0,[1,0,0,0,0,0,0],0,0,[0,0,0,0,0,0,1],0,0},{'A',[0,0,0,2,0,1,0],1,0,[0,0,0,0,0,1,0],0,0,[0,0,0,1,0,0,0],0,1},{'A',[1,0,0,2,0,1,1],2,0,[1,0,0,0,0,0,1],1,0,[0,0,0,2,0,1,0],1,0},{'A',[0,1,0,0,0,2,0],1,0,[0,0,0,0,0,1,0],0,1,[0,1,0,0,0,0,0],0,0},{'A',[1,1,0,2,0,3,1],3,0,[1,0,0,2,0,1,1],2,0,[0,1,0,0,0,2,0],1,0},{'A',[0,0,1,0,-2,0,0],1,0,[0,0,1,0,0,0,0],0,0,[0,0,0,0,-1,0,0],0,1},{'A',[1,1,-4,2,8,3,1],4,0,[1,1,0,2,0,3,1],3,0,[0,0,-1,0,2,0,0],1,2},{'A',[1,1,-4,2,8,3,17],5,0,[1,1,-4,2,8,3,1],4,0,[0,0,0,0,0,0,1],0,4},{'A',[9,1,-4,18,8,11,25],6,0,[1,1,-4,2,8,3,17],5,0,[1,0,0,2,0,1,1],2,3},{'O',[9,1,-4,18,8,11,25],6,[9,1,-4,18,8,11,25],6,0}}
#Add optimal = 0
#FAs optimal = 0
