Adder graph: {{'A',[-8,1],1,0,[0,1],0,0,[-1,0],0,3},{'A',[1,4],1,0,[1,0],0,0,[0,1],0,2},{'A',[-8,2],2,0,[0,1],0,0,[-8,1],1,0},{'A',[-24,5],3,0,[-8,1],1,0,[-8,2],2,1},{'A',[1,8],1,0,[1,0],0,0,[0,1],0,3},{'A',[5,24],2,0,[1,8],1,0,[1,4],1,2},{'O',[-24,5],3,[-24,5],3,0},{'O',[-5,-24],2,[-5,-24],2,0}}
Adder graph: {{'A',[0,5],1,0,[0,1],0,0,[0,1],0,2},{'A',[3,0],1,0,[1,0],0,1,[1,0],0,0},{'A',[1,-1],1,0,[1,0],0,0,[0,-1],0,0},{'A',[5,-8],2,0,[1,-1],1,3,[-3,0],1,0},{'A',[-24,5],2,0,[0,5],1,0,[-3,0],1,3},{'A',[5,24],3,0,[5,-8],2,0,[0,1],0,5},{'O',[-24,5],2,[-24,5],2,0},{'O',[-5,-24],3,[-5,-24],3,0}}
Adder graph: {{'A',[-3,0],1,0,[1,0],0,0,[-1,0],0,2},{'A',[0,3],1,0,[0,1],0,2,[0,-1],0,0},{'A',[-3,1],2,0,[0,1],0,0,[-3,0],1,0},{'A',[24,-5],3,0,[0,3],1,0,[3,-1],2,3},{'A',[5,0],2,0,[1,0],0,3,[-3,0],1,0},{'A',[5,24],3,0,[5,0],2,0,[0,3],1,3},{'O',[-24,5],3,[-24,5],3,0},{'O',[-5,-24],3,[-5,-24],3,0}}
Adder graph: {{'A',[1,-1],1,0,[1,0],0,0,[0,-1],0,0},{'A',[1,3],2,0,[1,-1],1,0,[0,1],0,2},{'A',[-3,0],1,0,[1,0],0,0,[-1,0],0,2},{'A',[5,24],3,0,[1,3],2,3,[-3,0],1,0},{'A',[0,5],1,0,[0,1],0,0,[0,1],0,2},{'A',[-24,5],2,0,[0,5],1,0,[-3,0],1,3},{'O',[-24,5],2,[-24,5],2,0},{'O',[-5,-24],3,[-5,-24],3,0}}
Adder graph: {{'A',[-3,0],1,0,[1,0],0,0,[-1,0],0,2},{'A',[-1,1],1,0,[0,1],0,0,[-1,0],0,0},{'A',[5,-8],2,0,[-3,0],1,0,[1,-1],1,3},{'A',[0,5],1,0,[0,1],0,0,[0,1],0,2},{'A',[-24,5],2,0,[0,5],1,0,[-3,0],1,3},{'A',[5,24],3,0,[0,1],0,5,[5,-8],2,0},{'O',[-24,5],2,[-24,5],2,0},{'O',[-5,-24],3,[-5,-24],3,0}}
Adder graph: {{'A',[0,5],1,0,[0,1],0,0,[0,1],0,2},{'A',[0,-3],2,0,[0,5],1,0,[0,-1],0,3},{'A',[8,5],2,0,[0,5],1,0,[1,0],0,3},{'A',[5,0],1,0,[1,0],0,0,[1,0],0,2},{'A',[-24,5],3,0,[8,5],2,0,[-1,0],0,5},{'A',[5,24],3,0,[5,0],1,0,[0,3],2,3},{'O',[-24,5],3,[-24,5],3,0},{'O',[-5,-24],3,[-5,-24],3,0}}
Finished solving after 248.21 seconds
Adder graph: {{'A',[0,5],1,0,[0,1],0,0,[0,1],0,2},{'A',[0,-3],2,0,[0,5],1,0,[0,-1],0,3},{'A',[8,5],2,0,[0,5],1,0,[1,0],0,3},{'A',[5,0],1,0,[1,0],0,0,[1,0],0,2},{'A',[-24,5],3,0,[8,5],2,0,[-1,0],0,5},{'A',[5,24],3,0,[5,0],1,0,[0,3],2,3},{'O',[-24,5],3,[-24,5],3,0},{'O',[-5,-24],3,[-5,-24],3,0}}
#Add optimal = 1
#FAs optimal = 1
