Adder graph: {{'A',[-1,1],1,0,[0,1],0,0,[-1,0],0,0},{'A',[-4,1],1,0,[0,1],0,0,[-1,0],0,2},{'A',[-31,8],2,0,[-4,1],1,3,[1,0],0,0},{'A',[0,9],1,0,[0,1],0,0,[0,1],0,3},{'A',[-28,31],2,0,[-1,1],1,5,[4,-1],1,0},{'A',[-31,-28],3,0,[-31,8],2,0,[0,-9],1,2},{'O',[-31,-28],3,[-31,-28],3,0},{'O',[-28,31],2,[-28,31],2,0}}
Adder graph: {{'A',[1,4],1,0,[1,0],0,0,[0,1],0,2},{'A',[-1,28],2,0,[0,1],0,5,[-1,-4],1,0},{'A',[31,28],3,0,[1,0],0,5,[-1,28],2,0},{'A',[-8,-31],2,0,[0,1],0,0,[-1,-4],1,3},{'A',[9,0],1,0,[1,0],0,3,[1,0],0,0},{'A',[28,-31],3,0,[9,0],1,2,[-8,-31],2,0},{'O',[-31,-28],3,[-31,-28],3,0},{'O',[-28,31],3,[-28,31],3,0}}
Adder graph: {{'A',[31,0],1,0,[1,0],0,5,[-1,0],0,0},{'A',[0,-7],1,0,[0,1],0,0,[0,-1],0,3},{'A',[-31,-28],2,0,[0,-7],1,2,[-31,0],1,0},{'A',[-4,1],1,0,[0,1],0,0,[-1,0],0,2},{'A',[1,-1],1,0,[1,0],0,0,[0,-1],0,0},{'A',[28,-31],2,0,[-4,1],1,0,[1,-1],1,5},{'O',[-31,-28],2,[-31,-28],2,0},{'O',[-28,31],2,[-28,31],2,0}}
Adder graph: {{'A',[-8,1],1,0,[0,1],0,0,[-1,0],0,3},{'A',[-8,-7],2,0,[-8,1],1,0,[0,-1],0,3},{'A',[4,-1],1,0,[1,0],0,2,[0,-1],0,0},{'A',[-31,-28],3,0,[1,0],0,0,[-8,-7],2,2},{'A',[-1,1],1,0,[0,1],0,0,[-1,0],0,0},{'A',[-28,31],2,0,[-1,1],1,5,[4,-1],1,0},{'O',[-31,-28],3,[-31,-28],3,0},{'O',[-28,31],2,[-28,31],2,0}}
Adder graph: {{'A',[0,-31],1,0,[0,1],0,0,[0,-1],0,5},{'A',[1,-32],1,0,[1,0],0,0,[0,-1],0,5},{'A',[-7,0],1,0,[1,0],0,0,[-1,0],0,3},{'A',[-8,1],1,0,[0,1],0,0,[-1,0],0,3},{'A',[-31,-28],2,0,[-8,1],1,2,[1,-32],1,0},{'A',[28,-31],2,0,[0,-31],1,0,[7,0],1,2},{'O',[-31,-28],2,[-31,-28],2,0},{'O',[-28,31],2,[-28,31],2,0}}
Adder graph: {{'A',[1,4],1,0,[1,0],0,0,[0,1],0,2},{'A',[4,1],1,0,[0,1],0,0,[1,0],0,2},{'A',[1,1],1,0,[0,1],0,0,[1,0],0,0},{'A',[-3,4],2,0,[1,4],1,0,[-1,0],0,2},{'A',[-31,-28],2,0,[1,4],1,0,[-1,-1],1,5},{'A',[28,-31],3,0,[4,1],1,0,[3,-4],2,3},{'O',[-31,-28],2,[-31,-28],2,0},{'O',[-28,31],3,[-28,31],3,0}}
Adder graph: {{'A',[-4,1],1,0,[0,1],0,0,[-1,0],0,2},{'A',[-1,1],1,0,[0,1],0,0,[-1,0],0,0},{'A',[28,-31],2,0,[-4,1],1,0,[1,-1],1,5},{'A',[0,-7],1,0,[0,1],0,0,[0,-1],0,3},{'A',[-31,0],1,0,[1,0],0,0,[-1,0],0,5},{'A',[-31,-28],2,0,[0,-7],1,2,[-31,0],1,0},{'O',[-31,-28],2,[-31,-28],2,0},{'O',[-28,31],2,[-28,31],2,0}}
Adder graph: {{'A',[0,-31],1,0,[0,1],0,0,[0,-1],0,5},{'A',[1,4],1,0,[1,0],0,0,[0,1],0,2},{'A',[1,-28],2,0,[1,4],1,0,[0,-1],0,5},{'A',[-31,-28],3,0,[1,-28],2,0,[-1,0],0,5},{'A',[-7,0],1,0,[1,0],0,0,[-1,0],0,3},{'A',[28,-31],2,0,[0,-31],1,0,[7,0],1,2},{'O',[-31,-28],3,[-31,-28],3,0},{'O',[-28,31],2,[-28,31],2,0}}
Adder graph: {{'A',[-4,1],1,0,[0,1],0,0,[-1,0],0,2},{'A',[-4,-31],2,0,[-4,1],1,0,[0,-1],0,5},{'A',[1,4],1,0,[1,0],0,0,[0,1],0,2},{'A',[1,-28],2,0,[1,4],1,0,[0,-1],0,5},{'A',[-31,-28],3,0,[1,-28],2,0,[-1,0],0,5},{'A',[28,-31],3,0,[-4,-31],2,0,[1,0],0,5},{'O',[-31,-28],3,[-31,-28],3,0},{'O',[-28,31],3,[-28,31],3,0}}
Adder graph: {{'A',[1,4],1,0,[1,0],0,0,[0,1],0,2},{'A',[-4,1],1,0,[0,1],0,0,[-1,0],0,2},{'A',[1,-28],2,0,[1,4],1,0,[0,-1],0,5},{'A',[28,1],2,0,[-4,1],1,0,[1,0],0,5},{'A',[-31,-28],3,0,[1,-28],2,0,[-1,0],0,5},{'A',[28,-31],3,0,[28,1],2,0,[0,-1],0,5},{'O',[-31,-28],3,[-31,-28],3,0},{'O',[-28,31],3,[-28,31],3,0}}
Finished solving after 328.149 seconds
Adder graph: {{'A',[1,4],1,0,[1,0],0,0,[0,1],0,2},{'A',[-4,1],1,0,[0,1],0,0,[-1,0],0,2},{'A',[1,-28],2,0,[1,4],1,0,[0,-1],0,5},{'A',[28,1],2,0,[-4,1],1,0,[1,0],0,5},{'A',[-31,-28],3,0,[1,-28],2,0,[-1,0],0,5},{'A',[28,-31],3,0,[28,1],2,0,[0,-1],0,5},{'O',[-31,-28],3,[-31,-28],3,0},{'O',[-28,31],3,[-28,31],3,0}}
#Add optimal = 1
#FAs optimal = 1
