Adder graph: {{'A',[-2,1],1,0,[0,1],0,0,[-1,0],0,1},{'A',[1,2],1,0,[1,0],0,0,[0,1],0,1},{'A',[-31,18],2,0,[-2,1],1,4,[1,2],1,0},{'A',[-29,18],3,0,[1,0],0,1,[-31,18],2,0},{'A',[8,15],2,0,[1,2],1,3,[0,-1],0,0},{'A',[18,29],3,0,[8,15],2,1,[2,-1],1,0},{'O',[-29,18],3,[-29,18],3,0},{'O',[-18,-29],3,[-18,-29],3,0}}
Adder graph: {{'A',[1,-2],1,0,[1,0],0,0,[0,-1],0,1},{'A',[3,-4],2,0,[1,0],0,0,[1,-2],1,1},{'A',[17,-2],2,0,[1,0],0,4,[1,-2],1,0},{'A',[34,-3],3,0,[17,-2],2,1,[0,1],0,0},{'A',[18,29],4,0,[34,-3],3,0,[-1,2],1,4},{'A',[29,-18],3,0,[17,-2],2,0,[3,-4],2,2},{'O',[-29,18],3,[-29,18],3,0},{'O',[-18,-29],4,[-18,-29],4,0}}
Adder graph: {{'A',[-1,2],1,0,[0,1],0,1,[-1,0],0,0},{'A',[-1,-14],2,0,[-1,2],1,0,[0,-1],0,4},{'A',[-9,-14],3,0,[-1,-14],2,0,[-1,0],0,3},{'A',[-13,-14],4,0,[-9,-14],3,0,[-1,0],0,2},{'A',[18,29],4,0,[0,1],0,0,[9,14],3,1},{'A',[-29,18],5,0,[-13,-14],4,0,[-1,2],1,4},{'O',[-29,18],5,[-29,18],5,0},{'O',[-18,-29],4,[-18,-29],4,0}}
Adder graph: {{'A',[1,2],1,0,[0,1],0,1,[1,0],0,0},{'A',[-2,1],1,0,[0,1],0,0,[-1,0],0,1},{'A',[3,2],2,0,[1,2],1,0,[1,0],0,1},{'A',[-29,18],3,0,[3,2],2,0,[-2,1],1,4},{'A',[-18,-31],2,0,[-2,1],1,0,[-1,-2],1,4},{'A',[-18,-29],3,0,[-18,-31],2,0,[0,1],0,1},{'O',[-29,18],3,[-29,18],3,0},{'O',[-18,-29],3,[-18,-29],3,0}}
Adder graph: {{'A',[2,-1],1,0,[1,0],0,1,[0,-1],0,0},{'A',[2,-3],2,0,[2,-1],1,0,[0,-1],0,1},{'A',[1,2],1,0,[1,0],0,0,[0,1],0,1},{'A',[18,29],3,0,[2,-3],2,0,[1,2],1,4},{'A',[3,2],2,0,[1,2],1,0,[1,0],0,1},{'A',[-29,18],3,0,[3,2],2,0,[-2,1],1,4},{'O',[-29,18],3,[-29,18],3,0},{'O',[-18,-29],3,[-18,-29],3,0}}
Adder graph: {{'A',[1,2],1,0,[1,0],0,0,[0,1],0,1},{'A',[-2,1],1,0,[0,1],0,0,[-1,0],0,1},{'A',[3,2],2,0,[1,2],1,0,[1,0],0,1},{'A',[-2,3],2,0,[-2,1],1,0,[0,1],0,1},{'A',[-29,18],3,0,[3,2],2,0,[-2,1],1,4},{'A',[-18,-29],3,0,[-2,3],2,0,[-1,-2],1,4},{'O',[-29,18],3,[-29,18],3,0},{'O',[-18,-29],3,[-18,-29],3,0}}
Finished solving after 1201.21 seconds
Adder graph: {{'A',[1,2],1,0,[1,0],0,0,[0,1],0,1},{'A',[-2,1],1,0,[0,1],0,0,[-1,0],0,1},{'A',[3,2],2,0,[1,2],1,0,[1,0],0,1},{'A',[-2,3],2,0,[-2,1],1,0,[0,1],0,1},{'A',[-29,18],3,0,[3,2],2,0,[-2,1],1,4},{'A',[-18,-29],3,0,[-2,3],2,0,[-1,-2],1,4},{'O',[-29,18],3,[-29,18],3,0},{'O',[-18,-29],3,[-18,-29],3,0}}
#Add optimal = 1
#FAs optimal = 1
