Adder graph: {{'A',[1,1],1,0,[1,0],0,0,[0,1],0,0},{'A',[-1,15],2,0,[0,1],0,4,[-1,-1],1,0},{'A',[1,-14],3,0,[0,1],0,0,[1,-15],2,0},{'A',[8,-1],1,0,[1,0],0,3,[0,-1],0,0},{'A',[31,10],4,0,[8,-1],1,2,[-1,14],3,0},{'A',[10,-31],3,0,[8,-1],1,0,[1,-15],2,1},{'O',[-10,31],3,[-10,31],3,0},{'O',[31,10],4,[31,10],4,0}}
Adder graph: {{'A',[0,5],1,0,[0,1],0,2,[0,1],0,0},{'A',[1,-4],1,0,[1,0],0,0,[0,-1],0,2},{'A',[5,-16],2,0,[1,-4],1,2,[1,0],0,0},{'A',[1,-10],2,0,[1,0],0,0,[0,-5],1,1},{'A',[10,-31],3,0,[5,-16],2,1,[0,1],0,0},{'A',[-31,-10],3,0,[1,-10],2,0,[-1,0],0,5},{'O',[-10,31],3,[-10,31],3,0},{'O',[31,10],3,[31,10],3,0}}
Adder graph: {{'A',[-1,2],1,0,[0,1],0,1,[-1,0],0,0},{'A',[-1,1],2,0,[-1,2],1,0,[0,-1],0,0},{'A',[4,1],1,0,[1,0],0,2,[0,1],0,0},{'A',[31,10],2,0,[4,1],1,3,[-1,2],1,0},{'A',[6,-1],3,0,[4,1],1,0,[1,-1],2,1},{'A',[-10,31],4,0,[6,-1],3,0,[-1,2],1,4},{'O',[-10,31],4,[-10,31],4,0},{'O',[31,10],2,[31,10],2,0}}
Adder graph: {{'A',[1,-4],1,0,[1,0],0,0,[0,-1],0,2},{'A',[2,1],1,0,[0,1],0,0,[1,0],0,1},{'A',[0,-3],1,0,[0,1],0,0,[0,-1],0,2},{'A',[10,-31],2,0,[2,1],1,0,[1,-4],1,3},{'A',[-1,-6],2,0,[0,-3],1,1,[-1,0],0,0},{'A',[31,10],3,0,[2,1],1,4,[-1,-6],2,0},{'O',[-10,31],2,[-10,31],2,0},{'O',[31,10],3,[31,10],3,0}}
Adder graph: {{'A',[5,0],1,0,[1,0],0,0,[1,0],0,2},{'A',[0,-31],1,0,[0,1],0,0,[0,-1],0,5},{'A',[1,-2],1,0,[1,0],0,0,[0,-1],0,1},{'A',[10,-31],2,0,[0,-31],1,0,[5,0],1,1},{'A',[1,-10],2,0,[1,-2],1,0,[0,-1],0,3},{'A',[-31,-10],3,0,[1,-10],2,0,[-1,0],0,5},{'O',[-10,31],2,[-10,31],2,0},{'O',[31,10],3,[31,10],3,0}}
Adder graph: {{'A',[-3,0],1,0,[1,0],0,0,[-1,0],0,2},{'A',[-1,2],1,0,[0,1],0,1,[-1,0],0,0},{'A',[-1,10],2,0,[0,1],0,3,[-1,2],1,0},{'A',[31,10],3,0,[1,0],0,5,[-1,10],2,0},{'A',[-6,1],2,0,[0,1],0,0,[-3,0],1,1},{'A',[10,-31],3,0,[-6,1],2,0,[1,-2],1,4},{'O',[-10,31],3,[-10,31],3,0},{'O',[31,10],3,[31,10],3,0}}
Adder graph: {{'A',[2,1],1,0,[0,1],0,0,[1,0],0,1},{'A',[0,-3],1,0,[0,1],0,0,[0,-1],0,2},{'A',[10,1],2,0,[2,1],1,0,[1,0],0,3},{'A',[1,6],2,0,[1,0],0,0,[0,3],1,1},{'A',[10,-31],3,0,[10,1],2,0,[0,-1],0,5},{'A',[-31,-10],3,0,[1,6],2,0,[-2,-1],1,4},{'O',[-10,31],3,[-10,31],3,0},{'O',[31,10],3,[31,10],3,0}}
Adder graph: {{'A',[2,1],1,0,[0,1],0,0,[1,0],0,1},{'A',[10,1],2,0,[2,1],1,0,[1,0],0,3},{'A',[1,-2],1,0,[1,0],0,0,[0,-1],0,1},{'A',[10,-31],3,0,[10,1],2,0,[0,-1],0,5},{'A',[1,6],2,0,[0,1],0,3,[1,-2],1,0},{'A',[-31,-10],3,0,[1,6],2,0,[-2,-1],1,4},{'O',[-10,31],3,[-10,31],3,0},{'O',[31,10],3,[31,10],3,0}}
Finished solving after 292.169 seconds
Adder graph: {{'A',[2,1],1,0,[0,1],0,0,[1,0],0,1},{'A',[10,1],2,0,[2,1],1,0,[1,0],0,3},{'A',[1,-2],1,0,[1,0],0,0,[0,-1],0,1},{'A',[10,-31],3,0,[10,1],2,0,[0,-1],0,5},{'A',[1,6],2,0,[0,1],0,3,[1,-2],1,0},{'A',[-31,-10],3,0,[1,6],2,0,[-2,-1],1,4},{'O',[-10,31],3,[-10,31],3,0},{'O',[31,10],3,[31,10],3,0}}
#Add optimal = 1
#FAs optimal = 1
