Adder graph: {{'M',[4;8;1;1],1,[1;1;1;1],0,[2;3;0;0]},{'M',[1;2;2;1],1,[1;1;1;1],0,[0;1;1;0]},{'A',[31;62;10;9],2,[4;8;1;1],1,3,[-1;-2;2;1],1,0},{'M',[248;62;40;9],3,[31;62;10;9],2,[3;0;2;0]},{'M',[1;124;1;2],3,[1;1;1;1],0,[0;NaN;0;1],[31;62;10;9],2,[NaN;1;NaN;NaN]},{'A',[246;310;38;13],4,[248;62;40;9],3,0,[-1;124;-1;2],3,1},{'M',[124;128;76;1],5,[1;1;1;1],0,[NaN;7;NaN;0],[31;62;10;9],2,[2;NaN;NaN;NaN],[246;310;38;13],4,[NaN;NaN;1;NaN]},{'M',[31;310;640;26],5,[31;62;10;9],2,[0;NaN;6;NaN],[246;310;38;13],4,[NaN;0;NaN;1]},{'A',[93;438;716;27],6,[124;128;76;1],5,0,[-31;310;640;26],5,0},{'M',[16;1;64;16],1,[1;1;1;1],0,[4;0;6;4]},{'M',[1024;4;1;26],5,[1;1;1;1],0,[10;2;0;NaN],[246;310;38;13],4,[NaN;NaN;NaN;1]},{'A',[1040;5;65;42],6,[16;1;64;16],1,0,[1024;4;1;26],5,0},{'M',[512;512;1;9],3,[1;1;1;1],0,[9;9;0;NaN],[31;62;10;9],2,[NaN;NaN;NaN;0]},{'M',[32;5;160;672],7,[1;1;1;1],0,[5;NaN;NaN;NaN],[31;62;10;9],2,[NaN;NaN;4;NaN],[1040;5;65;42],6,[NaN;0;NaN;4]},{'A',[544;507;161;681],8,[512;512;1;9],3,0,[32;-5;160;672],7,0},{'M',[544;310;260;128],9,[1;1;1;1],0,[NaN;NaN;NaN;7],[246;310;38;13],4,[NaN;0;NaN;NaN],[1040;5;65;42],6,[NaN;NaN;2;NaN],[544;507;161;681],8,[0;NaN;NaN;NaN]},{'M',[1;16;161;13],9,[1;1;1;1],0,[0;4;NaN;NaN],[246;310;38;13],4,[NaN;NaN;NaN;0],[544;507;161;681],8,[NaN;NaN;0;NaN]},{'A',[545;326;99;141],10,[544;310;260;128],9,0,[1;16;-161;13],9,0},{'M',[1040;62;152;84],7,[31;62;10;9],2,[NaN;0;NaN;NaN],[246;310;38;13],4,[NaN;NaN;2;NaN],[1040;5;65;42],6,[0;NaN;NaN;1]},{'M',[246;5;65;1],7,[1;1;1;1],0,[NaN;NaN;NaN;0],[246;310;38;13],4,[0;NaN;NaN;NaN],[1040;5;65;42],6,[NaN;0;0;NaN]},{'A',[794;57;217;83],8,[1040;62;152;84],7,0,[-246;-5;65;-1],7,0},{'M',[93;32;716;672],7,[1;1;1;1],0,[NaN;5;NaN;NaN],[93;438;716;27],6,[0;NaN;0;NaN],[1040;5;65;42],6,[NaN;NaN;NaN;4]},{'M',[496;326;1;282],11,[1;1;1;1],0,[NaN;NaN;0;NaN],[31;62;10;9],2,[4;NaN;NaN;NaN],[545;326;99;141],10,[NaN;0;NaN;1]},{'A',[589;358;717;954],12,[93;32;716;672],7,0,[496;326;1;282],11,0},{'M',[246;876;434;681],9,[246;310;38;13],4,[0;NaN;NaN;NaN],[93;438;716;27],6,[NaN;1;NaN;NaN],[544;507;161;681],8,[NaN;NaN;NaN;0],[794;57;217;83],8,[NaN;NaN;1;NaN]},{'O',[246;876;434;681],9,[246;876;434;681],9,0},{'M',[186;652;99;108],11,[93;438;716;27],6,[1;NaN;NaN;2],[545;326;99;141],10,[NaN;1;0;NaN]},{'O',[186;652;99;108],11,[186;652;99;108],11,0},{'M',[589;507;717;83],13,[544;507;161;681],8,[NaN;0;NaN;NaN],[794;57;217;83],8,[NaN;NaN;NaN;0],[589;358;717;954],12,[0;NaN;0;NaN]},{'O',[589;507;717;83],13,[589;507;717;83],13,0},{'M',[794;716;161;52],13,[246;310;38;13],4,[NaN;NaN;NaN;2],[544;507;161;681],8,[NaN;NaN;0;NaN],[794;57;217;83],8,[0;NaN;NaN;NaN],[589;358;717;954],12,[NaN;1;NaN;NaN]},{'O',[794;716;161;52],13,[794;716;161;52],13,0},{'M',[545;456;20;954],13,[31;62;10;9],2,[NaN;NaN;1;NaN],[545;326;99;141],10,[0;NaN;NaN;NaN],[794;57;217;83],8,[NaN;3;NaN;NaN],[589;358;717;954],12,[NaN;NaN;NaN;0]},{'O',[545;456;20;954],13,[545;456;20;954],13,0}}
Adder graph: {{'M',[1;1;1;2],1,[1;1;1;1],0,[0;0;0;1]},{'M',[1;32;2;2],1,[1;1;1;1],0,[0;5;1;1]},{'A',[-3;-127;-7;-6],2,[1;1;1;2],1,0,[-1;-32;-2;-2],1,2},{'M',[-6;2;-7;-6],3,[1;1;1;1],0,[NaN;1;NaN;NaN],[-3;-127;-7;-6],2,[1;NaN;0;0]},{'M',[1;1;-448;1],3,[1;1;1;1],0,[0;0;NaN;0],[-3;-127;-7;-6],2,[NaN;NaN;6;NaN]},{'A',[-13;5;434;-13],4,[-6;2;-7;-6],3,1,[-1;1;448;-1],3,0},{'M',[-26;10;434;-13],5,[-13;5;434;-13],4,[1;1;0;0]},{'M',[4;-127;128;-208],5,[1;1;1;1],0,[2;NaN;7;NaN],[-3;-127;-7;-6],2,[NaN;0;NaN;NaN],[-13;5;434;-13],4,[NaN;NaN;NaN;4]},{'A',[-34;-244;178;-429],6,[-26;10;434;-13],5,0,[-4;-127;-128;-208],5,1},{'M',[-544;16;-7;-429],7,[1;1;1;1],0,[NaN;4;NaN;NaN],[-3;-127;-7;-6],2,[NaN;NaN;0;NaN],[-34;-244;178;-429],6,[4;NaN;NaN;0]},{'M',[1;-244;2;-48],7,[1;1;1;1],0,[0;NaN;1;NaN],[-3;-127;-7;-6],2,[NaN;NaN;NaN;3],[-34;-244;178;-429],6,[NaN;0;NaN;NaN]},{'A',[-545;-228;-5;-477],8,[-544;16;-7;-429],7,0,[-1;-244;2;-48],7,0},{'M',[-13;-488;-80;-52],9,[-13;5;434;-13],4,[0;NaN;NaN;2],[-34;-244;178;-429],6,[NaN;1;NaN;NaN],[-545;-228;-5;-477],8,[NaN;NaN;4;NaN]},{'M',[-384;-228;-5;2],9,[1;1;1;1],0,[NaN;NaN;NaN;1],[-3;-127;-7;-6],2,[7;NaN;NaN;NaN],[-545;-228;-5;-477],8,[NaN;0;0;NaN]},{'A',[-397;-716;-85;-54],10,[-13;-488;-80;-52],9,0,[-384;-228;-5;-2],9,0},{'M',[-397;5;-5;256],11,[1;1;1;1],0,[NaN;NaN;NaN;8],[-13;5;434;-13],4,[NaN;0;NaN;NaN],[-545;-228;-5;-477],8,[NaN;NaN;0;NaN],[-397;-716;-85;-54],10,[0;NaN;NaN;NaN]},{'M',[-192;512;712;-429],7,[1;1;1;1],0,[NaN;9;NaN;NaN],[-3;-127;-7;-6],2,[6;NaN;NaN;NaN],[-34;-244;178;-429],6,[NaN;NaN;2;0]},{'A',[-589;-507;-717;685],12,[-397;5;-5;256],11,0,[-192;-512;-712;429],7,0},{'M',[-13;80;-80;-48],9,[-3;-127;-7;-6],2,[NaN;NaN;NaN;3],[-13;5;434;-13],4,[0;4;NaN;NaN],[-545;-228;-5;-477],8,[NaN;NaN;4;NaN]},{'M',[-272;-716;1;-13],11,[1;1;1;1],0,[NaN;NaN;0;NaN],[-13;5;434;-13],4,[NaN;NaN;NaN;0],[-34;-244;178;-429],6,[3;NaN;NaN;NaN],[-397;-716;-85;-54],10,[NaN;0;NaN;NaN]},{'A',[246;876;-161;-83],12,[-13;80;-80;-48],9,1,[272;716;-1;13],11,0},{'M',[-96;-716;-14;685],13,[-3;-127;-7;-6],2,[5;NaN;1;NaN],[-397;-716;-85;-54],10,[NaN;0;NaN;NaN],[-589;-507;-717;685],12,[NaN;NaN;NaN;0]},{'M',[-3;64;-85;4],11,[1;1;1;1],0,[NaN;6;NaN;2],[-3;-127;-7;-6],2,[0;NaN;NaN;NaN],[-397;-716;-85;-54],10,[NaN;NaN;0;NaN]},{'A',[-93;-652;-99;681],14,[-96;-716;-14;685],13,0,[3;64;-85;-4],11,0},{'M',[246;876;434;681],15,[-13;5;434;-13],4,[NaN;NaN;0;NaN],[246;876;-161;-83],12,[0;0;NaN;NaN],[-93;-652;-99;681],14,[NaN;NaN;NaN;0]},{'O',[246;876;434;681],15,[246;876;434;681],15,0},{'M',[-186;-652;-99;-108],15,[-397;-716;-85;-54],10,[NaN;NaN;NaN;1],[-93;-652;-99;681],14,[1;0;0;NaN]},{'O',[186;652;99;108],15,[186;652;99;108],15,0},{'M',[-589;-507;-717;-83],13,[-589;-507;-717;685],12,[0;0;0;NaN],[246;876;-161;-83],12,[NaN;NaN;NaN;0]},{'O',[589;507;717;83],13,[589;507;717;83],13,0},{'M',[-794;-716;-161;-52],13,[-13;5;434;-13],4,[NaN;NaN;NaN;2],[-397;-716;-85;-54],10,[1;0;NaN;NaN],[246;876;-161;-83],12,[NaN;NaN;0;NaN]},{'O',[794;716;161;52],13,[794;716;161;52],13,0},{'M',[-545;-456;-20;-954],9,[-545;-228;-5;-477],8,[0;1;2;1]},{'O',[545;456;20;954],9,[545;456;20;954],9,0}}
Adder graph: {{'M',[1;256;1;16],1,[1;1;1;1],0,[0;8;0;4]},{'M',[16;1;2;1],1,[1;1;1;1],0,[4;0;1;0]},{'A',[-31;254;-3;14],2,[1;256;1;16],1,0,[-16;-1;-2;-1],1,1},{'M',[-31;16;-3;1],3,[1;1;1;1],0,[NaN;4;NaN;0],[-31;254;-3;14],2,[0;NaN;0;NaN]},{'M',[-248;64;-24;14],3,[1;1;1;1],0,[NaN;6;NaN;NaN],[-31;254;-3;14],2,[3;NaN;3;0]},{'A',[465;-112;-51;-27],4,[-31;16;-3;1],3,0,[248;-64;-24;-14],3,1},{'M',[1;1;-384;-108],5,[1;1;1;1],0,[0;0;NaN;NaN],[-31;254;-3;14],2,[NaN;NaN;7;NaN],[465;-112;-51;-27],4,[NaN;NaN;NaN;2]},{'M',[32;-112;-51;1],5,[1;1;1;1],0,[5;NaN;NaN;0],[465;-112;-51;-27],4,[NaN;0;0;NaN]},{'A',[34;114;-717;-217],6,[1;1;-384;-108],5,1,[32;112;51;-1],5,0},{'M',[544;1824;4;14],7,[1;1;1;1],0,[NaN;NaN;2;NaN],[-31;254;-3;14],2,[NaN;NaN;NaN;0],[34;114;-717;-217],6,[4;4;NaN;NaN]},{'M',[1;2032;1;1],3,[1;1;1;1],0,[0;NaN;0;0],[-31;254;-3;14],2,[NaN;3;NaN;NaN]},{'A',[545;-208;5;13],8,[544;1824;4;14],7,0,[1;-2032;1;-1],3,0},{'M',[-62;254;80;-108],9,[-31;254;-3;14],2,[1;0;NaN;NaN],[465;-112;-51;-27],4,[NaN;NaN;NaN;2],[545;-208;5;13],8,[NaN;NaN;4;NaN]},{'M',[465;-208;1;16],9,[1;1;1;1],0,[NaN;NaN;0;4],[465;-112;-51;-27],4,[0;NaN;NaN;NaN],[545;-208;5;13],8,[NaN;0;NaN;NaN]},{'A',[-589;716;161;-232],10,[-62;254;80;-108],9,1,[-465;208;1;-16],9,0},{'M',[-124;64;-384;-217],7,[1;1;1;1],0,[NaN;6;NaN;NaN],[-31;254;-3;14],2,[2;NaN;7;NaN],[34;114;-717;-217],6,[NaN;NaN;NaN;0]},{'M',[-62;716;161;-464],11,[-31;254;-3;14],2,[1;NaN;NaN;NaN],[-589;716;161;-232],10,[NaN;0;0;1]},{'A',[-186;-652;-223;-681],12,[-124;64;-384;-217],7,0,[-62;-716;161;-464],11,0},{'M',[465;1;-816;-27],5,[1;1;1;1],0,[NaN;0;NaN;NaN],[465;-112;-51;-27],4,[0;NaN;4;0]},{'M',[68;508;-717;56],7,[-31;254;-3;14],2,[NaN;1;NaN;2],[34;114;-717;-217],6,[1;NaN;0;NaN]},{'A',[397;-507;-99;-83],8,[465;1;-816;-27],5,0,[-68;-508;717;-56],7,0},{'M',[1;-652;-446;13],13,[1;1;1;1],0,[0;NaN;NaN;NaN],[545;-208;5;13],8,[NaN;NaN;NaN;0],[-186;-652;-223;-681],12,[NaN;0;1;NaN]},{'M',[-62;-112;-6;-232],11,[-31;254;-3;14],2,[1;NaN;1;NaN],[465;-112;-51;-27],4,[NaN;0;NaN;NaN],[-589;716;161;-232],10,[NaN;NaN;NaN;0]},{'A',[-123;-876;-434;477],14,[1;-652;-446;13],13,0,[-62;-112;6;232],11,1},{'M',[-246;-876;-434;-681],15,[-186;-652;-223;-681],12,[NaN;NaN;NaN;0],[-123;-876;-434;477],14,[1;0;0;NaN]},{'O',[246;876;434;681],15,[246;876;434;681],15,0},{'M',[-186;-652;-99;-108],13,[465;-112;-51;-27],4,[NaN;NaN;NaN;2],[-186;-652;-223;-681],12,[0;0;NaN;NaN],[397;-507;-99;-83],8,[NaN;NaN;0;NaN]},{'O',[186;652;99;108],13,[186;652;99;108],13,0},{'M',[-589;-507;-717;-83],11,[34;114;-717;-217],6,[NaN;NaN;0;NaN],[-589;716;161;-232],10,[0;NaN;NaN;NaN],[397;-507;-99;-83],8,[NaN;0;NaN;0]},{'O',[589;507;717;83],11,[589;507;717;83],11,0},{'M',[794;716;161;52],11,[545;-208;5;13],8,[NaN;NaN;NaN;2],[-589;716;161;-232],10,[NaN;0;0;NaN],[397;-507;-99;-83],8,[1;NaN;NaN;NaN]},{'O',[794;716;161;52],11,[794;716;161;52],11,0},{'M',[545;456;20;954],15,[34;114;-717;-217],6,[NaN;2;NaN;NaN],[545;-208;5;13],8,[0;NaN;2;NaN],[-123;-876;-434;477],14,[NaN;NaN;NaN;1]},{'O',[545;456;20;954],15,[545;456;20;954],15,0}}
Adder graph: {{'M',[1;2;2;2],1,[1;1;1;1],0,[0;1;1;1]},{'M',[4;1;1;1],1,[1;1;1;1],0,[2;0;0;0]},{'A',[33;-6;10;10],2,[1;2;2;2],1,0,[4;-1;1;1],1,3},{'M',[33;-6;8;40],3,[1;1;1;1],0,[NaN;NaN;3;NaN],[33;-6;10;10],2,[0;0;NaN;2]},{'M',[512;1;1;1],1,[1;1;1;1],0,[9;0;0;0]},{'A',[545;-5;9;41],4,[33;-6;8;40],3,0,[512;1;1;1],1,0},{'M',[132;-24;72;41],5,[33;-6;10;10],2,[2;2;NaN;NaN],[545;-5;9;41],4,[NaN;NaN;3;0]},{'M',[33;1;1;640],3,[1;1;1;1],0,[NaN;0;0;NaN],[33;-6;10;10],2,[0;NaN;NaN;6]},{'A',[99;-23;73;681],6,[132;-24;72;41],5,0,[-33;1;1;640],3,0},{'M',[1;-92;20;20],7,[1;1;1;1],0,[0;NaN;NaN;NaN],[33;-6;10;10],2,[NaN;NaN;1;1],[99;-23;73;681],6,[NaN;2;NaN;NaN]},{'M',[1;-160;64;16],5,[1;1;1;1],0,[0;NaN;6;4],[545;-5;9;41],4,[NaN;5;NaN;NaN]},{'A',[3;228;-108;52],8,[1;-92;20;20],7,0,[1;160;-64;16],5,1},{'M',[396;-10;-108;10],9,[33;-6;10;10],2,[NaN;NaN;NaN;0],[545;-5;9;41],4,[NaN;1;NaN;NaN],[99;-23;73;681],6,[2;NaN;NaN;NaN],[3;228;-108;52],8,[NaN;NaN;0;NaN]},{'M',[1;-368;9;64],7,[1;1;1;1],0,[0;NaN;NaN;6],[545;-5;9;41],4,[NaN;NaN;0;NaN],[99;-23;73;681],6,[NaN;4;NaN;NaN]},{'A',[397;358;-99;-54],10,[396;-10;-108;10],9,0,[1;368;9;-64],7,0},{'M',[198;512;1;1],7,[1;1;1;1],0,[NaN;9;0;0],[99;-23;73;681],6,[1;NaN;NaN;NaN]},{'M',[48;-5;-216;82],9,[545;-5;9;41],4,[NaN;0;NaN;1],[3;228;-108;52],8,[4;NaN;1;NaN]},{'A',[246;507;217;83],10,[198;512;1;1],7,0,[48;-5;216;82],9,0},{'M',[198;-640;1;332],11,[1;1;1;1],0,[NaN;NaN;0;NaN],[545;-5;9;41],4,[NaN;7;NaN;NaN],[99;-23;73;681],6,[1;NaN;NaN;NaN],[246;507;217;83],10,[NaN;NaN;NaN;2]},{'M',[192;-6;80;40],9,[33;-6;10;10],2,[NaN;0;3;2],[3;228;-108;52],8,[6;NaN;NaN;NaN]},{'A',[-186;-652;161;252],12,[198;-640;1;332],11,0,[-192;-6;80;-40],9,1},{'M',[192;358;73;-54],11,[99;-23;73;681],6,[NaN;NaN;0;NaN],[3;228;-108;52],8,[6;NaN;NaN;NaN],[397;358;-99;-54],10,[NaN;0;NaN;0]},{'M',[397;-80;644;1008],13,[545;-5;9;41],4,[NaN;4;NaN;NaN],[397;358;-99;-54],10,[0;NaN;NaN;NaN],[-186;-652;161;252],12,[NaN;NaN;2;2]},{'A',[589;438;717;954],14,[192;358;73;-54],11,0,[397;80;644;1008],13,0},{'M',[246;876;434;681],15,[99;-23;73;681],6,[NaN;NaN;NaN;0],[246;507;217;83],10,[0;NaN;1;NaN],[589;438;717;954],14,[NaN;1;NaN;NaN]},{'O',[246;876;434;681],15,[246;876;434;681],15,0},{'M',[-186;-652;-99;-108],13,[397;358;-99;-54],10,[NaN;NaN;0;1],[-186;-652;161;252],12,[0;0;NaN;NaN]},{'O',[186;652;99;108],13,[186;652;99;108],13,0},{'M',[589;507;717;83],15,[246;507;217;83],10,[NaN;0;NaN;0],[589;438;717;954],14,[0;NaN;0;NaN]},{'O',[589;507;717;83],15,[589;507;717;83],15,0},{'M',[794;716;161;52],13,[3;228;-108;52],8,[NaN;NaN;NaN;0],[397;358;-99;-54],10,[1;1;NaN;NaN],[-186;-652;161;252],12,[NaN;NaN;0;NaN]},{'O',[794;716;161;52],13,[794;716;161;52],13,0},{'M',[545;456;20;954],15,[33;-6;10;10],2,[NaN;NaN;1;NaN],[545;-5;9;41],4,[0;NaN;NaN;NaN],[3;228;-108;52],8,[NaN;1;NaN;NaN],[589;438;717;954],14,[NaN;NaN;NaN;0]},{'O',[545;456;20;954],15,[545;456;20;954],15,0}}
Adder graph: {{'M',[1;2;1;1],1,[1;1;1;1],0,[0;1;0;0]},{'M',[8;4;8;1],1,[1;1;1;1],0,[3;2;3;0]},{'A',[-31;-14;-31;5],2,[1;2;1;1],1,0,[-8;-4;-8;1],1,2},{'M',[1;1;-248;64],3,[1;1;1;1],0,[0;0;NaN;6],[-31;-14;-31;5],2,[NaN;NaN;3;NaN]},{'M',[-124;-56;-31;10],3,[-31;-14;-31;5],2,[2;2;0;1]},{'A',[-123;57;-217;54],4,[1;1;-248;64],3,0,[-124;56;31;-10],3,0},{'M',[16;1;1;16],1,[1;1;1;1],0,[4;0;0;4]},{'M',[-31;114;-31;1],5,[1;1;1;1],0,[NaN;NaN;NaN;0],[-31;-14;-31;5],2,[0;NaN;0;NaN],[-123;57;-217;54],4,[NaN;1;NaN;NaN]},{'A',[95;-110;35;63],6,[16;1;1;16],1,2,[31;-114;31;-1],5,0},{'M',[32;-220;35;54],7,[1;1;1;1],0,[5;NaN;NaN;NaN],[-123;57;-217;54],4,[NaN;NaN;NaN;0],[95;-110;35;63],6,[NaN;1;0;NaN]},{'M',[2;1;64;2],1,[1;1;1;1],0,[1;0;6;1]},{'A',[34;-219;99;52],8,[32;-220;35;54],7,0,[2;1;64;-2],1,0},{'M',[-31;-112;1584;52],9,[-31;-14;-31;5],2,[0;3;NaN;NaN],[34;-219;99;52],8,[NaN;NaN;4;0]},{'M',[-62;-219;-434;160],9,[-31;-14;-31;5],2,[1;NaN;NaN;5],[-123;57;-217;54],4,[NaN;NaN;1;NaN],[34;-219;99;52],8,[NaN;0;NaN;NaN]},{'A',[93;326;716;372],10,[-31;-112;1584;52],9,0,[62;219;-434;160],9,1},{'M',[1;512;4;1008],7,[1;1;1;1],0,[0;9;2;NaN],[95;-110;35;63],6,[NaN;NaN;NaN;4]},{'M',[544;4;16;54],9,[1;1;1;1],0,[NaN;2;4;NaN],[-123;57;-217;54],4,[NaN;NaN;NaN;0],[34;-219;99;52],8,[4;NaN;NaN;NaN]},{'A',[545;508;20;954],10,[1;512;4;1008],7,0,[544;-4;16;-54],9,0},{'M',[190;8;40;5],11,[1;1;1;1],0,[NaN;3;NaN;NaN],[-31;-14;-31;5],2,[NaN;NaN;NaN;0],[95;-110;35;63],6,[1;NaN;NaN;NaN],[545;508;20;954],10,[NaN;NaN;1;NaN]},{'M',[34;326;1;63],11,[1;1;1;1],0,[NaN;NaN;0;NaN],[95;-110;35;63],6,[NaN;NaN;NaN;0],[34;-219;99;52],8,[0;NaN;NaN;NaN],[93;326;716;372],10,[NaN;0;NaN;NaN]},{'A',[794;358;161;83],12,[190;8;40;5],11,2,[34;326;1;63],11,0},{'M',[93;508;716;63],11,[95;-110;35;63],6,[NaN;NaN;NaN;0],[93;326;716;372],10,[0;NaN;0;NaN],[545;508;20;954],10,[NaN;0;NaN;NaN]},{'M',[-496;1;1;744],11,[1;1;1;1],0,[NaN;0;0;NaN],[-31;-14;-31;5],2,[4;NaN;NaN;NaN],[93;326;716;372],10,[NaN;NaN;NaN;1]},{'A',[589;507;717;-681],12,[93;508;716;63],11,0,[496;-1;1;-744],11,0},{'M',[-246;-876;-434;-681],13,[-123;57;-217;54],4,[1;NaN;1;NaN],[34;-219;99;52],8,[NaN;2;NaN;NaN],[589;507;717;-681],12,[NaN;NaN;NaN;0]},{'O',[246;876;434;681],13,[246;876;434;681],13,0},{'M',[186;652;99;108],11,[-123;57;-217;54],4,[NaN;NaN;NaN;1],[34;-219;99;52],8,[NaN;NaN;0;NaN],[93;326;716;372],10,[1;1;NaN;NaN]},{'O',[186;652;99;108],11,[186;652;99;108],11,0},{'M',[589;507;717;83],13,[794;358;161;83],12,[NaN;NaN;NaN;0],[589;507;717;-681],12,[0;0;0;NaN]},{'O',[589;507;717;83],13,[589;507;717;83],13,0},{'M',[794;716;161;52],13,[34;-219;99;52],8,[NaN;NaN;NaN;0],[794;358;161;83],12,[0;1;0;NaN]},{'O',[794;716;161;52],13,[794;716;161;52],13,0},{'M',[545;456;20;954],11,[-123;57;-217;54],4,[NaN;3;NaN;NaN],[545;508;20;954],10,[0;NaN;0;0]},{'O',[545;456;20;954],11,[545;456;20;954],11,0}}
Adder graph: {{'M',[64;1;1;1],1,[1;1;1;1],0,[6;0;0;0]},{'M',[2;4;2;1],1,[1;1;1;1],0,[1;2;1;0]},{'A',[68;-7;5;3],2,[64;1;1;1],1,0,[2;-4;2;1],1,1},{'M',[1;2;5;64],3,[1;1;1;1],0,[0;1;NaN;6],[68;-7;5;3],2,[NaN;NaN;0;NaN]},{'M',[544;-112;64;3],3,[1;1;1;1],0,[NaN;NaN;6;NaN],[68;-7;5;3],2,[3;4;NaN;0]},{'A',[545;114;-59;61],4,[1;2;5;64],3,0,[544;112;-64;-3],3,0},{'M',[1;1;160;12],3,[1;1;1;1],0,[0;0;NaN;NaN],[68;-7;5;3],2,[NaN;NaN;5;2]},{'M',[32;64;1;1],1,[1;1;1;1],0,[5;6;0;0]},{'A',[-31;65;161;13],4,[1;1;160;12],3,0,[-32;64;1;1],1,0},{'M',[1;228;1288;61],5,[1;1;1;1],0,[0;NaN;NaN;NaN],[545;114;-59;61],4,[NaN;1;NaN;0],[-31;65;161;13],4,[NaN;NaN;3;NaN]},{'M',[64;130;-59;26],5,[1;1;1;1],0,[6;NaN;NaN;NaN],[545;114;-59;61],4,[NaN;NaN;0;NaN],[-31;65;161;13],4,[NaN;1;NaN;1]},{'A',[65;358;1229;87],6,[1;228;1288;61],5,0,[64;130;-59;26],5,0},{'M',[1;912;40;122],5,[1;1;1;1],0,[0;NaN;NaN;NaN],[68;-7;5;3],2,[NaN;NaN;3;NaN],[545;114;-59;61],4,[NaN;3;NaN;1]},{'M',[-124;260;-59;832],5,[545;114;-59;61],4,[NaN;NaN;0;NaN],[-31;65;161;13],4,[2;2;NaN;6]},{'A',[-123;652;99;954],6,[1;912;40;122],5,0,[-124;-260;59;832],5,0},{'M',[-31;2;161;2],5,[1;1;1;1],0,[NaN;1;NaN;1],[-31;65;161;13],4,[0;NaN;0;NaN]},{'M',[-124;-7;644;52],5,[68;-7;5;3],2,[NaN;0;NaN;NaN],[-31;65;161;13],4,[2;NaN;2;2]},{'A',[93;-5;-483;54],6,[-31;2;161;2],5,0,[124;-7;-644;52],5,0},{'M',[93;-5;1229;87],7,[65;358;1229;87],6,[NaN;NaN;0;0],[93;-5;-483;54],6,[0;0;NaN;NaN]},{'M',[-124;128;128;1],5,[1;1;1;1],0,[NaN;7;7;0],[-31;65;161;13],4,[2;NaN;NaN;NaN]},{'A',[589;507;717;83],8,[93;-5;1229;87],7,0,[124;128;-128;-1],5,2},{'M',[-246;-160;-236;87],7,[545;114;-59;61],4,[NaN;NaN;2;NaN],[65;358;1229;87],6,[NaN;NaN;NaN;0],[-123;652;99;954],6,[1;NaN;NaN;NaN],[93;-5;-483;54],6,[NaN;5;NaN;NaN]},{'M',[520;358;99;384],7,[68;-7;5;3],2,[NaN;NaN;NaN;7],[65;358;1229;87],6,[3;0;NaN;NaN],[-123;652;99;954],6,[NaN;NaN;0;NaN]},{'A',[794;-876;-434;-681],8,[-246;-160;-236;87],7,0,[520;-358;-99;-384],7,1},{'M',[-246;-876;-434;-681],9,[-123;652;99;954],6,[1;NaN;NaN;NaN],[794;-876;-434;-681],8,[NaN;0;0;0]},{'O',[246;876;434;681],9,[246;876;434;681],9,0},{'M',[186;652;99;108],7,[-123;652;99;954],6,[NaN;0;0;NaN],[93;-5;-483;54],6,[1;NaN;NaN;1]},{'O',[186;652;99;108],7,[186;652;99;108],7,0},{'O',[589;507;717;83],8,[589;507;717;83],8,0},{'M',[794;716;161;52],9,[-31;65;161;13],4,[NaN;NaN;0;2],[65;358;1229;87],6,[NaN;1;NaN;NaN],[794;-876;-434;-681],8,[0;NaN;NaN;NaN]},{'O',[794;716;161;52],9,[794;716;161;52],9,0},{'M',[545;456;20;954],7,[68;-7;5;3],2,[NaN;NaN;2;NaN],[545;114;-59;61],4,[0;2;NaN;NaN],[-123;652;99;954],6,[NaN;NaN;NaN;0]},{'O',[545;456;20;954],7,[545;456;20;954],7,0}}
Adder graph: {{'M',[4;2;2;1],1,[1;1;1;1],0,[2;1;1;0]},{'M',[1;1;4;1],1,[1;1;1;1],0,[0;0;2;0]},{'A',[31;17;20;7],2,[4;2;2;1],1,3,[-1;1;4;-1],1,0},{'M',[4;64;4;7],3,[1;1;1;1],0,[2;6;2;NaN],[31;17;20;7],2,[NaN;NaN;NaN;0]},{'M',[1;17;640;256],3,[1;1;1;1],0,[0;NaN;NaN;8],[31;17;20;7],2,[NaN;0;5;NaN]},{'A',[9;145;-632;-242],4,[4;64;4;7],3,1,[1;17;-640;-256],3,0},{'M',[9;4;4;56],5,[1;1;1;1],0,[NaN;2;2;NaN],[31;17;20;7],2,[NaN;NaN;NaN;3],[9;145;-632;-242],4,[0;NaN;NaN;NaN]},{'M',[256;32;1;448],3,[1;1;1;1],0,[8;5;0;NaN],[31;17;20;7],2,[NaN;NaN;NaN;6]},{'A',[548;80;14;1120],6,[9;4;4;56],5,2,[256;32;-1;448],3,1},{'M',[62;17;112;7],7,[31;17;20;7],2,[1;0;NaN;0],[548;80;14;1120],6,[NaN;NaN;3;NaN]},{'M',[2;290;14;2],7,[1;1;1;1],0,[1;NaN;NaN;1],[9;145;-632;-242],4,[NaN;1;NaN;NaN],[548;80;14;1120],6,[NaN;NaN;0;NaN]},{'A',[246;358;434;26],8,[62;17;112;7],7,2,[-2;290;-14;-2],7,0},{'M',[548;80;434;1120],9,[548;80;14;1120],6,[0;0;NaN;0],[246;358;434;26],8,[NaN;NaN;0;NaN]},{'M',[246;358;-632;-242],9,[9;145;-632;-242],4,[NaN;NaN;0;0],[246;358;434;26],8,[0;0;NaN;NaN]},{'A',[397;219;-99;681],10,[548;80;434;1120],9,-1,[246;358;-632;242],9,-1},{'M',[31;64;1;1],3,[1;1;1;1],0,[NaN;6;0;0],[31;17;20;7],2,[0;NaN;NaN;NaN]},{'M',[62;358;80;14],9,[31;17;20;7],2,[1;NaN;2;1],[246;358;434;26],8,[NaN;0;NaN;NaN]},{'A',[-93;-652;161;-27],10,[31;64;1;1],3,0,[-62;-358;80;-14],9,1},{'M',[-93;-652;-632;-27],11,[9;145;-632;-242],4,[NaN;NaN;0;NaN],[-93;-652;161;-27],10,[0;0;NaN;0]},{'M',[496;145;-99;56],11,[31;17;20;7],2,[4;NaN;NaN;3],[9;145;-632;-242],4,[NaN;0;NaN;NaN],[397;219;-99;681],10,[NaN;NaN;0;NaN]},{'A',[-589;-507;-731;-83],12,[-93;-652;-632;-27],11,0,[-496;145;-99;-56],11,0},{'M',[576;80;14;1120],7,[9;145;-632;-242],4,[6;NaN;NaN;NaN],[548;80;14;1120],6,[NaN;0;0;0]},{'M',[31;34;-731;-166],13,[31;17;20;7],2,[0;1;NaN;NaN],[-589;-507;-731;-83],12,[NaN;NaN;0;1]},{'A',[545;114;-717;954],14,[576;80;14;1120],7,0,[-31;34;-731;-166],13,0},{'M',[246;876;434;681],11,[246;358;434;26],8,[0;NaN;0;NaN],[397;219;-99;681],10,[NaN;2;NaN;0]},{'O',[246;876;434;681],11,[246;876;434;681],11,0},{'M',[-186;-652;-99;-108],11,[397;219;-99;681],10,[NaN;NaN;0;NaN],[-93;-652;161;-27],10,[1;0;NaN;2]},{'O',[186;652;99;108],11,[186;652;99;108],11,0},{'M',[-589;-507;-717;-83],15,[-589;-507;-731;-83],12,[0;0;NaN;0],[545;114;-717;954],14,[NaN;NaN;0;NaN]},{'O',[589;507;717;83],15,[589;507;717;83],15,0},{'M',[794;716;161;52],11,[246;358;434;26],8,[NaN;1;NaN;1],[397;219;-99;681],10,[1;NaN;NaN;NaN],[-93;-652;161;-27],10,[NaN;NaN;0;NaN]},{'O',[794;716;161;52],11,[794;716;161;52],11,0},{'M',[545;456;20;954],15,[31;17;20;7],2,[NaN;NaN;0;NaN],[545;114;-717;954],14,[0;2;NaN;0]},{'O',[545;456;20;954],15,[545;456;20;954],15,0}}
Adder graph: {{'M',[16;2;2;1],1,[1;1;1;1],0,[4;1;1;0]},{'A',[-31;5;5;3],2,[1;1;1;1],0,0,[-16;2;2;1],1,1},{'M',[-31;20;80;12],3,[-31;5;5;3],2,[0;2;4;2]},{'M',[-124;1;1;1],3,[1;1;1;1],0,[NaN;0;0;0],[-31;5;5;3],2,[2;NaN;NaN;NaN]},{'A',[93;19;79;13],4,[-31;20;80;12],3,0,[124;-1;-1;1],3,0},{'M',[1;320;320;192],3,[1;1;1;1],0,[0;NaN;NaN;NaN],[-31;5;5;3],2,[NaN;6;6;6]},{'M',[32;4;1;1],1,[1;1;1;1],0,[5;2;0;0]},{'A',[33;324;319;191],4,[1;320;320;192],3,0,[32;4;-1;-1],1,0},{'M',[93;512;79;512],5,[1;1;1;1],0,[NaN;9;NaN;9],[93;19;79;13],4,[0;NaN;0;NaN]},{'M',[-496;5;20;13],5,[-31;5;5;3],2,[4;0;2;NaN],[93;19;79;13],4,[NaN;NaN;NaN;0]},{'A',[589;507;99;525],6,[93;512;79;512],5,0,[496;-5;20;13],5,0},{'M',[1;152;80;1],5,[1;1;1;1],0,[0;NaN;NaN;0],[-31;5;5;3],2,[NaN;NaN;4;NaN],[93;19;79;13],4,[NaN;3;NaN;NaN]},{'M',[264;76;1;52],5,[1;1;1;1],0,[NaN;NaN;0;NaN],[93;19;79;13],4,[NaN;2;NaN;2],[33;324;319;191],4,[3;NaN;NaN;NaN]},{'A',[266;228;161;54],6,[1;152;80;1],5,1,[264;-76;1;52],5,0},{'M',[256;1;316;48],5,[1;1;1;1],0,[8;0;NaN;NaN],[-31;5;5;3],2,[NaN;NaN;NaN;4],[93;19;79;13],4,[NaN;NaN;2;NaN]},{'M',[33;324;198;13],7,[93;19;79;13],4,[NaN;NaN;NaN;0],[33;324;319;191],4,[0;0;NaN;NaN],[589;507;99;525],6,[NaN;NaN;1;NaN]},{'A',[545;326;434;83],8,[256;1;316;48],5,1,[33;324;-198;-13],7,0},{'M',[528;19;79;1050],7,[93;19;79;13],4,[NaN;0;0;NaN],[33;324;319;191],4,[4;NaN;NaN;NaN],[589;507;99;525],6,[NaN;NaN;NaN;1]},{'M',[266;160;160;96],7,[-31;5;5;3],2,[NaN;5;5;5],[266;228;161;54],6,[0;NaN;NaN;NaN]},{'A',[794;179;-81;954],8,[528;19;79;1050],7,0,[266;160;-160;-96],7,0},{'M',[256;324;319;382],5,[1;1;1;1],0,[8;NaN;NaN;NaN],[33;324;319;191],4,[NaN;0;0;1]},{'M',[266;228;79;83],9,[93;19;79;13],4,[NaN;NaN;0;NaN],[266;228;161;54],6,[0;0;NaN;NaN],[545;326;434;83],8,[NaN;NaN;NaN;0]},{'A',[246;876;717;681],10,[256;324;319;382],5,1,[-266;228;79;-83],9,0},{'M',[246;876;434;681],11,[545;326;434;83],8,[NaN;NaN;0;NaN],[246;876;717;681],10,[0;0;NaN;0]},{'O',[246;876;434;681],11,[246;876;434;681],11,0},{'M',[186;652;99;108],9,[93;19;79;13],4,[1;NaN;NaN;NaN],[589;507;99;525],6,[NaN;NaN;0;NaN],[266;228;161;54],6,[NaN;NaN;NaN;1],[545;326;434;83],8,[NaN;1;NaN;NaN]},{'O',[186;652;99;108],9,[186;652;99;108],9,0},{'M',[589;507;717;83],11,[589;507;99;525],6,[0;0;NaN;NaN],[545;326;434;83],8,[NaN;NaN;NaN;0],[246;876;717;681],10,[NaN;NaN;0;NaN]},{'O',[589;507;717;83],11,[589;507;717;83],11,0},{'M',[794;716;161;52],9,[93;19;79;13],4,[NaN;NaN;NaN;2],[266;228;161;54],6,[NaN;NaN;0;NaN],[794;179;-81;954],8,[0;2;NaN;NaN]},{'O',[794;716;161;52],9,[794;716;161;52],9,0},{'M',[545;456;20;954],9,[-31;5;5;3],2,[NaN;NaN;2;NaN],[266;228;161;54],6,[NaN;1;NaN;NaN],[545;326;434;83],8,[0;NaN;NaN;NaN],[794;179;-81;954],8,[NaN;NaN;NaN;0]},{'O',[545;456;20;954],9,[545;456;20;954],9,0}}
Adder graph: {{'M',[8;1;8;4],1,[1;1;1;1],0,[3;0;3;2]},{'M',[1;1;1;2],1,[1;1;1;1],0,[0;0;0;1]},{'A',[31;5;31;14],2,[8;1;8;4],1,2,[-1;1;-1;-2],1,0},{'M',[128;5;8;28],3,[1;1;1;1],0,[7;NaN;3;NaN],[31;5;31;14],2,[NaN;0;NaN;1]},{'A',[260;14;20;52],4,[128;5;8;28],3,1,[1;1;1;-1],0,2},{'M',[128;2;80;14],5,[1;1;1;1],0,[7;1;NaN;NaN],[31;5;31;14],2,[NaN;NaN;NaN;0],[260;14;20;52],4,[NaN;NaN;2;NaN]},{'A',[257;3;161;29],6,[128;2;80;14],5,1,[1;-1;1;1],0,0},{'M',[31;6;322;58],7,[31;5;31;14],2,[0;NaN;NaN;NaN],[257;3;161;29],6,[NaN;1;1;1]},{'M',[31;160;32;2],3,[1;1;1;1],0,[NaN;NaN;5;1],[31;5;31;14],2,[0;5;NaN;NaN]},{'A',[93;326;258;54],8,[31;6;322;58],7,0,[31;160;-32;-2],3,1},{'M',[124;652;258;464],9,[31;5;31;14],2,[2;NaN;NaN;NaN],[257;3;161;29],6,[NaN;NaN;NaN;4],[93;326;258;54],8,[NaN;1;0;NaN]},{'M',[1;64;20;1],5,[1;1;1;1],0,[0;6;NaN;0],[260;14;20;52],4,[NaN;NaN;0;NaN]},{'A',[123;716;278;465],10,[124;652;258;464],9,0,[-1;64;20;1],5,0},{'M',[520;160;161;216],9,[31;5;31;14],2,[NaN;5;NaN;NaN],[260;14;20;52],4,[1;NaN;NaN;NaN],[257;3;161;29],6,[NaN;NaN;0;NaN],[93;326;258;54],8,[NaN;NaN;NaN;2]},{'M',[123;716;62;465],11,[31;5;31;14],2,[NaN;NaN;1;NaN],[123;716;278;465],10,[0;0;NaN;0]},{'A',[397;876;99;681],12,[520;160;161;216],9,0,[-123;716;-62;465],11,0},{'M',[93;4;556;54],11,[1;1;1;1],0,[NaN;2;NaN;NaN],[93;326;258;54],8,[0;NaN;NaN;0],[123;716;278;465],10,[NaN;NaN;1;NaN]},{'M',[496;224;161;29],7,[31;5;31;14],2,[4;NaN;NaN;NaN],[260;14;20;52],4,[NaN;4;NaN;NaN],[257;3;161;29],6,[NaN;NaN;0;0]},{'A',[589;228;717;83],12,[93;4;556;54],11,0,[496;224;161;29],7,0},{'M',[257;256;124;29],7,[1;1;1;1],0,[NaN;8;NaN;NaN],[31;5;31;14],2,[NaN;NaN;2;NaN],[257;3;161;29],6,[0;NaN;NaN;0]},{'M',[31;5;31;896],3,[31;5;31;14],2,[0;0;0;6]},{'A',[545;507;217;954],8,[257;256;124;29],7,1,[31;-5;-31;896],3,0},{'M',[246;876;434;681],13,[123;716;278;465],10,[1;NaN;NaN;NaN],[397;876;99;681],12,[NaN;0;NaN;0],[545;507;217;954],8,[NaN;NaN;1;NaN]},{'O',[246;876;434;681],13,[246;876;434;681],13,0},{'M',[186;652;99;108],13,[93;326;258;54],8,[1;1;NaN;1],[397;876;99;681],12,[NaN;NaN;0;NaN]},{'O',[186;652;99;108],13,[186;652;99;108],13,0},{'M',[589;507;717;83],13,[589;228;717;83],12,[0;NaN;0;0],[545;507;217;954],8,[NaN;0;NaN;NaN]},{'O',[589;507;717;83],13,[589;507;717;83],13,0},{'M',[794;716;161;52],13,[260;14;20;52],4,[NaN;NaN;NaN;0],[257;3;161;29],6,[NaN;NaN;0;NaN],[123;716;278;465],10,[NaN;0;NaN;NaN],[397;876;99;681],12,[1;NaN;NaN;NaN]},{'O',[794;716;161;52],13,[794;716;161;52],13,0},{'M',[545;456;20;954],13,[260;14;20;52],4,[NaN;NaN;0;NaN],[589;228;717;83],12,[NaN;1;NaN;NaN],[545;507;217;954],8,[0;NaN;NaN;0]},{'O',[545;456;20;954],13,[545;456;20;954],13,0}}
Finished solving after 13288.5 seconds
Adder graph: {{'M',[8;1;8;4],1,[1;1;1;1],0,[3;0;3;2]},{'M',[1;1;1;2],1,[1;1;1;1],0,[0;0;0;1]},{'A',[31;5;31;14],2,[8;1;8;4],1,2,[-1;1;-1;-2],1,0},{'M',[128;5;8;28],3,[1;1;1;1],0,[7;NaN;3;NaN],[31;5;31;14],2,[NaN;0;NaN;1]},{'A',[260;14;20;52],4,[128;5;8;28],3,1,[1;1;1;-1],0,2},{'M',[128;2;80;14],5,[1;1;1;1],0,[7;1;NaN;NaN],[31;5;31;14],2,[NaN;NaN;NaN;0],[260;14;20;52],4,[NaN;NaN;2;NaN]},{'A',[257;3;161;29],6,[128;2;80;14],5,1,[1;-1;1;1],0,0},{'M',[31;6;322;58],7,[31;5;31;14],2,[0;NaN;NaN;NaN],[257;3;161;29],6,[NaN;1;1;1]},{'M',[31;160;32;2],3,[1;1;1;1],0,[NaN;NaN;5;1],[31;5;31;14],2,[0;5;NaN;NaN]},{'A',[93;326;258;54],8,[31;6;322;58],7,0,[31;160;-32;-2],3,1},{'M',[124;652;258;464],9,[31;5;31;14],2,[2;NaN;NaN;NaN],[257;3;161;29],6,[NaN;NaN;NaN;4],[93;326;258;54],8,[NaN;1;0;NaN]},{'M',[1;64;20;1],5,[1;1;1;1],0,[0;6;NaN;0],[260;14;20;52],4,[NaN;NaN;0;NaN]},{'A',[123;716;278;465],10,[124;652;258;464],9,0,[-1;64;20;1],5,0},{'M',[520;160;161;216],9,[31;5;31;14],2,[NaN;5;NaN;NaN],[260;14;20;52],4,[1;NaN;NaN;NaN],[257;3;161;29],6,[NaN;NaN;0;NaN],[93;326;258;54],8,[NaN;NaN;NaN;2]},{'M',[123;716;62;465],11,[31;5;31;14],2,[NaN;NaN;1;NaN],[123;716;278;465],10,[0;0;NaN;0]},{'A',[397;876;99;681],12,[520;160;161;216],9,0,[-123;716;-62;465],11,0},{'M',[93;4;556;54],11,[1;1;1;1],0,[NaN;2;NaN;NaN],[93;326;258;54],8,[0;NaN;NaN;0],[123;716;278;465],10,[NaN;NaN;1;NaN]},{'M',[496;224;161;29],7,[31;5;31;14],2,[4;NaN;NaN;NaN],[260;14;20;52],4,[NaN;4;NaN;NaN],[257;3;161;29],6,[NaN;NaN;0;0]},{'A',[589;228;717;83],12,[93;4;556;54],11,0,[496;224;161;29],7,0},{'M',[257;256;124;29],7,[1;1;1;1],0,[NaN;8;NaN;NaN],[31;5;31;14],2,[NaN;NaN;2;NaN],[257;3;161;29],6,[0;NaN;NaN;0]},{'M',[31;5;31;896],3,[31;5;31;14],2,[0;0;0;6]},{'A',[545;507;217;954],8,[257;256;124;29],7,1,[31;-5;-31;896],3,0},{'M',[246;876;434;681],13,[123;716;278;465],10,[1;NaN;NaN;NaN],[397;876;99;681],12,[NaN;0;NaN;0],[545;507;217;954],8,[NaN;NaN;1;NaN]},{'O',[246;876;434;681],13,[246;876;434;681],13,0},{'M',[186;652;99;108],13,[93;326;258;54],8,[1;1;NaN;1],[397;876;99;681],12,[NaN;NaN;0;NaN]},{'O',[186;652;99;108],13,[186;652;99;108],13,0},{'M',[589;507;717;83],13,[589;228;717;83],12,[0;NaN;0;0],[545;507;217;954],8,[NaN;0;NaN;NaN]},{'O',[589;507;717;83],13,[589;507;717;83],13,0},{'M',[794;716;161;52],13,[260;14;20;52],4,[NaN;NaN;NaN;0],[257;3;161;29],6,[NaN;NaN;0;NaN],[123;716;278;465],10,[NaN;0;NaN;NaN],[397;876;99;681],12,[1;NaN;NaN;NaN]},{'O',[794;716;161;52],13,[794;716;161;52],13,0},{'M',[545;456;20;954],13,[260;14;20;52],4,[NaN;NaN;0;NaN],[589;228;717;83],12,[NaN;1;NaN;NaN],[545;507;217;954],8,[0;NaN;NaN;0]},{'O',[545;456;20;954],13,[545;456;20;954],13,0}}
# Add optimal = 1
# Mux optimal = 0
# FAs optimal = 0
