Adder graph: {{'M',[1;1;1;4],1,[1;1;1;1],0,[0;0;0;2]},{'M',[1;2;16;32],1,[1;1;1;1],0,[0;1;4;5]},{'A',[-3;-7;-63;-124],2,[1;1;1;4],1,0,[-1;-2;-16;-32],1,2},{'M',[8;4;1;8],1,[1;1;1;1],0,[3;2;0;3]},{'M',[1;-896;-63;-124],3,[1;1;1;1],0,[0;NaN;NaN;NaN],[-3;-7;-63;-124],2,[NaN;7;0;0]},{'A',[17;904;-61;-108],4,[8;4;1;8],1,1,[1;896;-63;-124],3,0},{'M',[-6;64;-252;1],3,[1;1;1;1],0,[NaN;6;NaN;0],[-3;-7;-63;-124],2,[1;NaN;2;NaN]},{'M',[-384;-7;-61;-108],5,[-3;-7;-63;-124],2,[7;0;NaN;NaN],[17;904;-61;-108],4,[NaN;NaN;0;0]},{'A',[-396;135;-565;110],6,[-6;64;-252;1],3,1,[-384;7;-61;108],5,0},{'M',[-48;-7;-122;-216],5,[-3;-7;-63;-124],2,[4;0;NaN;NaN],[17;904;-61;-108],4,[NaN;NaN;1;1]},{'M',[1;32;-488;2],5,[1;1;1;1],0,[0;5;NaN;1],[17;904;-61;-108],4,[NaN;NaN;3;NaN]},{'A',[-49;-39;366;-214],6,[-48;-7;-122;-216],5,0,[-1;-32;488;2],5,0},{'M',[1;270;4;4],7,[1;1;1;1],0,[0;NaN;2;2],[-396;135;-565;110],6,[NaN;1;NaN;NaN]},{'M',[-396;904;-63;110],7,[-3;-7;-63;-124],2,[NaN;NaN;0;NaN],[17;904;-61;-108],4,[NaN;0;NaN;NaN],[-396;135;-565;110],6,[0;NaN;NaN;0]},{'A',[397;-634;-59;114],8,[1;270;4;4],7,0,[396;-904;-63;110],7,0},{'M',[-49;540;366;114],9,[-396;135;-565;110],6,[NaN;2;NaN;NaN],[-49;-39;366;-214],6,[0;NaN;0;NaN],[397;-634;-59;114],8,[NaN;NaN;NaN;0]},{'M',[-192;-7;-118;-124],9,[-3;-7;-63;-124],2,[6;0;NaN;0],[397;-634;-59;114],8,[NaN;NaN;1;NaN]},{'A',[-241;547;484;-10],10,[-49;540;366;114],9,0,[-192;7;118;-124],9,0},{'M',[-98;-28;366;220],7,[-3;-7;-63;-124],2,[NaN;2;NaN;NaN],[-396;135;-565;110],6,[NaN;NaN;NaN;1],[-49;-39;366;-214],6,[1;NaN;0;NaN]},{'M',[-241;1;-63;-214],11,[1;1;1;1],0,[NaN;0;NaN;NaN],[-3;-7;-63;-124],2,[NaN;NaN;0;NaN],[-49;-39;366;-214],6,[NaN;NaN;NaN;0],[-241;547;484;-10],10,[0;NaN;NaN;NaN]},{'A',[-437;-57;669;654],12,[-98;-28;366;220],7,1,[-241;-1;-63;214],11,0},{'M',[397;547;484;654],13,[397;-634;-59;114],8,[0;NaN;NaN;NaN],[-241;547;484;-10],10,[NaN;0;0;NaN],[-437;-57;669;654],12,[NaN;NaN;NaN;0]},{'O',[397;547;484;654],13,[397;547;484;654],13,0},{'M',[-241;-634;-63;-856],11,[-3;-7;-63;-124],2,[NaN;NaN;0;NaN],[-49;-39;366;-214],6,[NaN;NaN;NaN;2],[397;-634;-59;114],8,[NaN;0;NaN;NaN],[-241;547;484;-10],10,[0;NaN;NaN;NaN]},{'O',[241;634;63;856],11,[241;634;63;856],11,0},{'M',[-396;-312;-565;-108],7,[17;904;-61;-108],4,[NaN;NaN;NaN;0],[-396;135;-565;110],6,[0;NaN;0;NaN],[-49;-39;366;-214],6,[NaN;3;NaN;NaN]},{'O',[396;312;565;108],7,[396;312;565;108],7,0},{'M',[-437;-57;-236;-40],13,[397;-634;-59;114],8,[NaN;NaN;2;NaN],[-241;547;484;-10],10,[NaN;NaN;NaN;2],[-437;-57;669;654],12,[0;0;NaN;NaN]},{'O',[437;57;236;40],13,[437;57;236;40],13,0},{'M',[272;512;669;912],13,[1;1;1;1],0,[NaN;9;NaN;NaN],[17;904;-61;-108],4,[4;NaN;NaN;NaN],[397;-634;-59;114],8,[NaN;NaN;NaN;3],[-437;-57;669;654],12,[NaN;NaN;0;NaN]},{'O',[272;512;669;912],13,[272;512;669;912],13,0}}
Adder graph: {{'M',[16;1;16;8],1,[1;1;1;1],0,[4;0;4;3]},{'M',[4;1;1;8],1,[1;1;1;1],0,[2;0;0;3]},{'A',[68;5;63;40],2,[16;1;16;8],1,2,[4;1;-1;8],1,0},{'M',[272;5;126;1],3,[1;1;1;1],0,[NaN;NaN;NaN;0],[68;5;63;40],2,[2;0;1;NaN]},{'M',[4;5;1;1],3,[1;1;1;1],0,[2;NaN;0;0],[68;5;63;40],2,[NaN;0;NaN;NaN]},{'A',[240;-35;118;-7],4,[272;5;126;1],3,0,[-4;-5;-1;-1],3,3},{'M',[1;512;63;512],3,[1;1;1;1],0,[0;9;NaN;9],[68;5;63;40],2,[NaN;NaN;0;NaN]},{'M',[240;-35;118;-28],5,[240;-35;118;-7],4,[0;0;0;2]},{'A',[241;547;181;540],6,[1;512;63;512],3,0,[240;35;118;28],5,0},{'M',[68;64;63;-14],5,[1;1;1;1],0,[NaN;6;NaN;NaN],[68;5;63;40],2,[0;NaN;0;NaN],[240;-35;118;-7],4,[NaN;NaN;NaN;1]},{'M',[128;5;2;128],3,[1;1;1;1],0,[7;NaN;1;7],[68;5;63;40],2,[NaN;0;NaN;NaN]},{'A',[196;59;61;114],6,[68;64;63;-14],5,0,[128;-5;-2;128],3,0},{'M',[196;236;488;114],7,[196;59;61;114],6,[0;2;3;0]},{'M',[2;80;181;540],7,[1;1;1;1],0,[1;NaN;NaN;NaN],[68;5;63;40],2,[NaN;4;NaN;NaN],[241;547;181;540],6,[NaN;NaN;0;0]},{'A',[198;156;669;654],8,[196;236;488;114],7,0,[2;-80;181;540],7,0},{'M',[196;59;61;-14],7,[240;-35;118;-7],4,[NaN;NaN;NaN;1],[196;59;61;114],6,[0;0;0;NaN]},{'M',[241;2;504;228],7,[1;1;1;1],0,[NaN;1;NaN;NaN],[68;5;63;40],2,[NaN;NaN;3;NaN],[241;547;181;540],6,[0;NaN;NaN;NaN],[196;59;61;114],6,[NaN;NaN;NaN;1]},{'A',[437;57;565;214],8,[196;59;61;-14],7,0,[241;-2;504;228],7,0},{'M',[1;5;362;40],7,[1;1;1;1],0,[0;NaN;NaN;NaN],[68;5;63;40],2,[NaN;0;NaN;0],[241;547;181;540],6,[NaN;NaN;1;NaN]},{'M',[198;156;61;-7],9,[240;-35;118;-7],4,[NaN;NaN;NaN;0],[196;59;61;114],6,[NaN;NaN;0;NaN],[198;156;669;654],8,[0;0;NaN;NaN]},{'A',[397;317;484;54],10,[1;5;362;40],7,0,[198;156;61;7],9,1},{'M',[397;547;484;654],11,[241;547;181;540],6,[NaN;0;NaN;NaN],[198;156;669;654],8,[NaN;NaN;NaN;0],[397;317;484;54],10,[0;NaN;0;NaN]},{'O',[397;547;484;654],11,[397;547;484;654],11,0},{'M',[241;634;63;856],11,[68;5;63;40],2,[NaN;NaN;0;NaN],[241;547;181;540],6,[0;NaN;NaN;NaN],[437;57;565;214],8,[NaN;NaN;NaN;2],[397;317;484;54],10,[NaN;1;NaN;NaN]},{'O',[241;634;63;856],11,[241;634;63;856],11,0},{'M',[396;312;565;108],11,[198;156;669;654],8,[1;1;NaN;NaN],[437;57;565;214],8,[NaN;NaN;0;NaN],[397;317;484;54],10,[NaN;NaN;NaN;1]},{'O',[396;312;565;108],11,[396;312;565;108],11,0},{'M',[437;57;236;40],9,[68;5;63;40],2,[NaN;NaN;NaN;0],[240;-35;118;-7],4,[NaN;NaN;1;NaN],[437;57;565;214],8,[0;0;NaN;NaN]},{'O',[437;57;236;40],9,[437;57;236;40],9,0},{'M',[272;512;669;912],9,[1;1;1;1],0,[NaN;9;NaN;NaN],[68;5;63;40],2,[2;NaN;NaN;NaN],[196;59;61;114],6,[NaN;NaN;NaN;3],[198;156;669;654],8,[NaN;NaN;0;NaN]},{'O',[272;512;669;912],9,[272;512;669;912],9,0}}
Adder graph: {{'M',[1;64;64;16],1,[1;1;1;1],0,[0;6;6;4]},{'M',[32;1;1;2],1,[1;1;1;1],0,[5;0;0;1]},{'A',[-31;65;63;14],2,[1;64;64;16],1,0,[-32;1;-1;-2],1,0},{'M',[128;65;2;128],3,[1;1;1;1],0,[7;NaN;1;7],[-31;65;63;14],2,[NaN;0;NaN;NaN]},{'M',[8;8;63;14],3,[1;1;1;1],0,[3;3;NaN;NaN],[-31;65;63;14],2,[NaN;NaN;0;0]},{'A',[136;57;-61;114],4,[128;65;2;128],3,0,[8;-8;-63;-14],3,0},{'M',[8;8;-61;1024],5,[1;1;1;1],0,[3;3;NaN;10],[136;57;-61;114],4,[NaN;NaN;0;NaN]},{'M',[4;4;63;32],3,[1;1;1;1],0,[2;2;NaN;5],[-31;65;63;14],2,[NaN;NaN;0;NaN]},{'A',[40;40;-565;768],6,[8;8;-61;1024],5,0,[4;4;-63;-32],3,3},{'M',[-31;520;-488;14],5,[-31;65;63;14],2,[0;3;NaN;0],[136;57;-61;114],4,[NaN;NaN;3;NaN]},{'A',[241;634;366;214],6,[136;57;-61;114],4,1,[-31;520;488;-14],5,0},{'M',[-62;512;63;14],3,[1;1;1;1],0,[NaN;9;NaN;NaN],[-31;65;63;14],2,[1;NaN;0;0]},{'M',[136;4;4;4],5,[1;1;1;1],0,[NaN;2;2;2],[136;57;-61;114],4,[0;NaN;NaN;NaN]},{'A',[-198;508;59;10],6,[-62;512;63;14],3,0,[-136;-4;-4;-4],5,0},{'M',[1;1;732;2],7,[1;1;1;1],0,[0;0;NaN;1],[241;634;366;214],6,[NaN;NaN;1;NaN]},{'M',[-396;40;63;56],7,[-31;65;63;14],2,[NaN;NaN;0;2],[40;40;-565;768],6,[NaN;0;NaN;NaN],[-198;508;59;10],6,[1;NaN;NaN;NaN]},{'A',[397;-39;669;-54],8,[1;1;732;2],7,0,[396;-40;-63;-56],7,0},{'M',[40;508;118;768],7,[40;40;-565;768],6,[0;NaN;NaN;0],[-198;508;59;10],6,[NaN;0;1;NaN]},{'M',[397;-39;366;114],9,[136;57;-61;114],4,[NaN;NaN;NaN;0],[241;634;366;214],6,[NaN;NaN;0;NaN],[397;-39;669;-54],8,[0;0;NaN;NaN]},{'A',[437;547;484;654],10,[40;508;118;768],7,0,[397;39;366;-114],9,0},{'M',[397;547;484;654],11,[397;-39;669;-54],8,[0;NaN;NaN;NaN],[437;547;484;654],10,[NaN;0;0;0]},{'O',[397;547;484;654],11,[397;547;484;654],11,0},{'M',[241;634;63;856],7,[-31;65;63;14],2,[NaN;NaN;0;NaN],[241;634;366;214],6,[0;0;NaN;2]},{'O',[241;634;63;856],7,[241;634;63;856],7,0},{'M',[-396;-312;-565;-108],9,[40;40;-565;768],6,[NaN;NaN;0;NaN],[-198;508;59;10],6,[1;NaN;NaN;NaN],[397;-39;669;-54],8,[NaN;3;NaN;1]},{'O',[396;312;565;108],9,[396;312;565;108],9,0},{'M',[437;57;236;40],11,[136;57;-61;114],4,[NaN;0;NaN;NaN],[-198;508;59;10],6,[NaN;NaN;2;2],[437;547;484;654],10,[0;NaN;NaN;NaN]},{'O',[437;57;236;40],11,[437;57;236;40],11,0},{'M',[272;512;669;912],9,[1;1;1;1],0,[NaN;9;NaN;NaN],[136;57;-61;114],4,[1;NaN;NaN;3],[397;-39;669;-54],8,[NaN;NaN;0;NaN]},{'O',[272;512;669;912],9,[272;512;669;912],9,0}}
Adder graph: {{'M',[2;1;8;2],1,[1;1;1;1],0,[1;0;3;1]},{'M',[2;1;1;2],1,[1;1;1;1],0,[1;0;0;1]},{'A',[14;7;63;14],2,[2;1;8;2],1,3,[-2;-1;-1;-2],1,0},{'M',[16;16;63;14],3,[1;1;1;1],0,[4;4;NaN;NaN],[14;7;63;14],2,[NaN;NaN;0;0]},{'M',[1;2;2;2],1,[1;1;1;1],0,[0;1;1;1]},{'A',[17;18;61;12],4,[16;16;63;14],3,0,[1;2;-2;-2],1,0},{'M',[17;1;122;1],5,[1;1;1;1],0,[NaN;0;NaN;0],[17;18;61;12],4,[0;NaN;1;NaN]},{'M',[448;28;63;56],3,[14;7;63;14],2,[5;2;0;2]},{'A',[465;29;185;57],6,[17;1;122;1],5,0,[448;28;63;56],3,0},{'M',[465;29;488;96],7,[17;18;61;12],4,[NaN;NaN;3;3],[465;29;185;57],6,[0;0;NaN;NaN]},{'M',[56;7;1;14],3,[1;1;1;1],0,[NaN;NaN;0;NaN],[14;7;63;14],2,[2;0;NaN;0]},{'A',[241;57;484;40],8,[465;29;488;96],7,0,[-56;7;-1;-14],3,2},{'M',[465;114;185;80],9,[465;29;185;57],6,[0;NaN;0;NaN],[241;57;484;40],8,[NaN;1;NaN;1]},{'M',[28;36;484;28],9,[14;7;63;14],2,[1;NaN;NaN;1],[17;18;61;12],4,[NaN;1;NaN;NaN],[241;57;484;40],8,[NaN;NaN;0;NaN]},{'A',[437;78;669;108],10,[465;114;185;80],9,0,[-28;-36;484;28],9,0},{'M',[465;29;185;432],11,[465;29;185;57],6,[0;0;0;NaN],[437;78;669;108],10,[NaN;NaN;NaN;2]},{'M',[34;144;63;2],5,[1;1;1;1],0,[NaN;NaN;NaN;1],[14;7;63;14],2,[NaN;NaN;0;NaN],[17;18;61;12],4,[1;3;NaN;NaN]},{'A',[397;317;59;428],12,[465;29;185;432],11,0,[-34;144;-63;-2],5,1},{'M',[397;576;504;384],13,[14;7;63;14],2,[NaN;NaN;3;NaN],[17;18;61;12],4,[NaN;5;NaN;5],[397;317;59;428],12,[0;NaN;NaN;NaN]},{'M',[1;29;61;57],7,[1;1;1;1],0,[0;NaN;NaN;NaN],[17;18;61;12],4,[NaN;NaN;0;NaN],[465;29;185;57],6,[NaN;0;NaN;0]},{'A',[396;547;565;327],14,[397;576;504;384],13,0,[-1;-29;61;-57],7,0},{'M',[397;547;484;654],15,[241;57;484;40],8,[NaN;NaN;0;NaN],[397;317;59;428],12,[0;NaN;NaN;NaN],[396;547;565;327],14,[NaN;0;NaN;1]},{'O',[397;547;484;654],15,[397;547;484;654],15,0},{'M',[241;634;63;856],13,[14;7;63;14],2,[NaN;NaN;0;NaN],[241;57;484;40],8,[0;NaN;NaN;NaN],[397;317;59;428],12,[NaN;1;NaN;1]},{'O',[241;634;63;856],13,[241;634;63;856],13,0},{'M',[396;312;565;108],15,[437;78;669;108],10,[NaN;2;NaN;0],[396;547;565;327],14,[0;NaN;0;NaN]},{'O',[396;312;565;108],15,[396;312;565;108],15,0},{'M',[437;57;236;40],13,[241;57;484;40],8,[NaN;0;NaN;0],[437;78;669;108],10,[0;NaN;NaN;NaN],[397;317;59;428],12,[NaN;NaN;2;NaN]},{'O',[437;57;236;40],13,[437;57;236;40],13,0},{'M',[272;512;669;912],11,[1;1;1;1],0,[NaN;9;NaN;NaN],[17;18;61;12],4,[4;NaN;NaN;NaN],[465;29;185;57],6,[NaN;NaN;NaN;4],[437;78;669;108],10,[NaN;NaN;0;NaN]},{'O',[272;512;669;912],11,[272;512;669;912],11,0}}
Adder graph: {{'M',[1;1;16;1],1,[1;1;1;1],0,[0;0;4;0]},{'A',[3;3;63;5],2,[1;1;16;1],1,2,[-1;-1;-1;1],0,0},{'M',[96;64;63;32],3,[1;1;1;1],0,[NaN;6;NaN;5],[3;3;63;5],2,[5;NaN;0;NaN]},{'M',[3;1;2;5],3,[1;1;1;1],0,[NaN;0;1;NaN],[3;3;63;5],2,[0;NaN;NaN;0]},{'A',[99;63;61;27],4,[96;64;63;32],3,0,[3;-1;-2;-5],3,0},{'M',[24;126;61;54],5,[3;3;63;5],2,[3;NaN;NaN;NaN],[99;63;61;27],4,[NaN;1;0;1]},{'M',[1;256;1;1],1,[1;1;1;1],0,[0;8;0;0]},{'A',[49;508;121;107],6,[24;126;61;54],5,1,[1;256;-1;-1],1,0},{'M',[192;126;122;27],5,[3;3;63;5],2,[6;NaN;NaN;NaN],[99;63;61;27],4,[NaN;1;1;0]},{'M',[49;508;63;107],7,[3;3;63;5],2,[NaN;NaN;0;NaN],[49;508;121;107],6,[0;0;NaN;0]},{'A',[241;634;185;134],8,[192;126;122;27],5,0,[49;508;63;107],7,0},{'M',[196;63;61;428],7,[99;63;61;27],4,[NaN;0;0;NaN],[49;508;121;107],6,[2;NaN;NaN;2]},{'M',[16;3;63;16],3,[1;1;1;1],0,[4;NaN;NaN;4],[3;3;63;5],2,[NaN;0;0;NaN]},{'A',[68;39;565;300],8,[196;63;61;428],7,0,[-16;-3;63;-16],3,3},{'M',[1;39;484;54],9,[1;1;1;1],0,[0;NaN;NaN;NaN],[99;63;61;27],4,[NaN;NaN;NaN;1],[49;508;121;107],6,[NaN;NaN;2;NaN],[68;39;565;300],8,[NaN;0;NaN;NaN]},{'M',[396;508;185;600],9,[99;63;61;27],4,[2;NaN;NaN;NaN],[49;508;121;107],6,[NaN;0;NaN;NaN],[241;634;185;134],8,[NaN;NaN;0;NaN],[68;39;565;300],8,[NaN;NaN;NaN;1]},{'A',[397;547;669;654],10,[1;39;484;54],9,0,[396;508;185;600],9,0},{'M',[241;63;488;134],9,[99;63;61;27],4,[NaN;0;3;NaN],[241;634;185;134],8,[0;NaN;NaN;0]},{'M',[98;3;126;10],7,[3;3;63;5],2,[NaN;0;1;1],[49;508;121;107],6,[1;NaN;NaN;NaN]},{'A',[437;57;236;114],10,[241;63;488;134],9,0,[98;-3;-126;-10],7,1},{'M',[397;547;484;654],11,[49;508;121;107],6,[NaN;NaN;2;NaN],[397;547;669;654],10,[0;0;NaN;0]},{'O',[397;547;484;654],11,[397;547;484;654],11,0},{'M',[241;634;63;856],9,[3;3;63;5],2,[NaN;NaN;0;NaN],[49;508;121;107],6,[NaN;NaN;NaN;3],[241;634;185;134],8,[0;0;NaN;NaN]},{'O',[241;634;63;856],9,[241;634;63;856],9,0},{'M',[396;312;565;108],9,[99;63;61;27],4,[2;NaN;NaN;2],[68;39;565;300],8,[NaN;3;0;NaN]},{'O',[396;312;565;108],9,[396;312;565;108],9,0},{'M',[437;57;236;40],11,[3;3;63;5],2,[NaN;NaN;NaN;3],[437;57;236;114],10,[0;0;0;NaN]},{'O',[437;57;236;40],11,[437;57;236;40],11,0},{'M',[272;512;669;912],11,[1;1;1;1],0,[NaN;9;NaN;NaN],[68;39;565;300],8,[2;NaN;NaN;NaN],[397;547;669;654],10,[NaN;NaN;0;NaN],[437;57;236;114],10,[NaN;NaN;NaN;3]},{'O',[272;512;669;912],11,[272;512;669;912],11,0}}
Finished solving after 7249.09 seconds
Adder graph: {{'M',[1;1;16;1],1,[1;1;1;1],0,[0;0;4;0]},{'A',[3;3;63;5],2,[1;1;16;1],1,2,[-1;-1;-1;1],0,0},{'M',[96;64;63;32],3,[1;1;1;1],0,[NaN;6;NaN;5],[3;3;63;5],2,[5;NaN;0;NaN]},{'M',[3;1;2;5],3,[1;1;1;1],0,[NaN;0;1;NaN],[3;3;63;5],2,[0;NaN;NaN;0]},{'A',[99;63;61;27],4,[96;64;63;32],3,0,[3;-1;-2;-5],3,0},{'M',[24;126;61;54],5,[3;3;63;5],2,[3;NaN;NaN;NaN],[99;63;61;27],4,[NaN;1;0;1]},{'M',[1;256;1;1],1,[1;1;1;1],0,[0;8;0;0]},{'A',[49;508;121;107],6,[24;126;61;54],5,1,[1;256;-1;-1],1,0},{'M',[192;126;122;27],5,[3;3;63;5],2,[6;NaN;NaN;NaN],[99;63;61;27],4,[NaN;1;1;0]},{'M',[49;508;63;107],7,[3;3;63;5],2,[NaN;NaN;0;NaN],[49;508;121;107],6,[0;0;NaN;0]},{'A',[241;634;185;134],8,[192;126;122;27],5,0,[49;508;63;107],7,0},{'M',[196;63;61;428],7,[99;63;61;27],4,[NaN;0;0;NaN],[49;508;121;107],6,[2;NaN;NaN;2]},{'M',[16;3;63;16],3,[1;1;1;1],0,[4;NaN;NaN;4],[3;3;63;5],2,[NaN;0;0;NaN]},{'A',[68;39;565;300],8,[196;63;61;428],7,0,[-16;-3;63;-16],3,3},{'M',[1;39;484;54],9,[1;1;1;1],0,[0;NaN;NaN;NaN],[99;63;61;27],4,[NaN;NaN;NaN;1],[49;508;121;107],6,[NaN;NaN;2;NaN],[68;39;565;300],8,[NaN;0;NaN;NaN]},{'M',[396;508;185;600],9,[99;63;61;27],4,[2;NaN;NaN;NaN],[49;508;121;107],6,[NaN;0;NaN;NaN],[241;634;185;134],8,[NaN;NaN;0;NaN],[68;39;565;300],8,[NaN;NaN;NaN;1]},{'A',[397;547;669;654],10,[1;39;484;54],9,0,[396;508;185;600],9,0},{'M',[241;63;488;134],9,[99;63;61;27],4,[NaN;0;3;NaN],[241;634;185;134],8,[0;NaN;NaN;0]},{'M',[98;3;126;10],7,[3;3;63;5],2,[NaN;0;1;1],[49;508;121;107],6,[1;NaN;NaN;NaN]},{'A',[437;57;236;114],10,[241;63;488;134],9,0,[98;-3;-126;-10],7,1},{'M',[397;547;484;654],11,[49;508;121;107],6,[NaN;NaN;2;NaN],[397;547;669;654],10,[0;0;NaN;0]},{'O',[397;547;484;654],11,[397;547;484;654],11,0},{'M',[241;634;63;856],9,[3;3;63;5],2,[NaN;NaN;0;NaN],[49;508;121;107],6,[NaN;NaN;NaN;3],[241;634;185;134],8,[0;0;NaN;NaN]},{'O',[241;634;63;856],9,[241;634;63;856],9,0},{'M',[396;312;565;108],9,[99;63;61;27],4,[2;NaN;NaN;2],[68;39;565;300],8,[NaN;3;0;NaN]},{'O',[396;312;565;108],9,[396;312;565;108],9,0},{'M',[437;57;236;40],11,[3;3;63;5],2,[NaN;NaN;NaN;3],[437;57;236;114],10,[0;0;0;NaN]},{'O',[437;57;236;40],11,[437;57;236;40],11,0},{'M',[272;512;669;912],11,[1;1;1;1],0,[NaN;9;NaN;NaN],[68;39;565;300],8,[2;NaN;NaN;NaN],[397;547;669;654],10,[NaN;NaN;0;NaN],[437;57;236;114],10,[NaN;NaN;NaN;3]},{'O',[272;512;669;912],11,[272;512;669;912],11,0}}
# Add optimal = 1
# Mux optimal = 0
# FAs optimal = 0
