Adder graph: {{'M',[1;8;2;8],1,[1;1;1;1],0,[0;3;1;3]},{'M',[8;2;8;1],1,[1;1;1;1],0,[3;1;3;0]},{'A',[9;10;10;7],2,[1;8;2;8],1,0,[8;2;8;-1],1,0},{'M',[9;16;1;2],3,[1;1;1;1],0,[NaN;4;0;1],[9;10;10;7],2,[0;NaN;NaN;NaN]},{'M',[1;1;160;112],3,[1;1;1;1],0,[0;0;NaN;NaN],[9;10;10;7],2,[NaN;NaN;4;4]},{'A',[11;18;321;226],4,[9;16;1;2],3,0,[1;1;160;112],3,1},{'M',[9;288;128;452],5,[1;1;1;1],0,[NaN;NaN;7;NaN],[9;10;10;7],2,[0;NaN;NaN;NaN],[11;18;321;226],4,[NaN;4;NaN;1]},{'M',[352;10;10;7],5,[9;10;10;7],2,[NaN;0;0;0],[11;18;321;226],4,[5;NaN;NaN;NaN]},{'A',[361;298;138;459],6,[9;288;128;452],5,0,[352;10;10;7],5,0},{'M',[11;640;80;1024],5,[1;1;1;1],0,[NaN;NaN;NaN;10],[9;10;10;7],2,[NaN;6;3;NaN],[11;18;321;226],4,[0;NaN;NaN;NaN]},{'M',[144;1;321;918],7,[1;1;1;1],0,[NaN;0;NaN;NaN],[9;10;10;7],2,[4;NaN;NaN;NaN],[11;18;321;226],4,[NaN;NaN;0;NaN],[361;298;138;459],6,[NaN;NaN;NaN;1]},{'A',[-133;641;401;106],8,[11;640;80;1024],5,0,[-144;1;321;-918],7,0},{'M',[88;641;276;106],9,[11;18;321;226],4,[3;NaN;NaN;NaN],[361;298;138;459],6,[NaN;NaN;1;NaN],[-133;641;401;106],8,[NaN;0;NaN;0]},{'M',[11;36;321;7],5,[9;10;10;7],2,[NaN;NaN;NaN;0],[11;18;321;226],4,[0;1;0;NaN]},{'A',[77;677;597;99],10,[88;641;276;106],9,0,[-11;36;321;-7],5,0},{'M',[722;16;597;16],11,[1;1;1;1],0,[NaN;4;NaN;4],[361;298;138;459],6,[1;NaN;NaN;NaN],[77;677;597;99],10,[NaN;NaN;0;NaN]},{'M',[11;10;20;226],5,[9;10;10;7],2,[NaN;0;1;NaN],[11;18;321;226],4,[0;NaN;NaN;0]},{'A',[733;26;617;242],12,[722;16;597;16],11,0,[11;10;20;226],5,0},{'M',[77;298;617;1],13,[1;1;1;1],0,[NaN;NaN;NaN;0],[361;298;138;459],6,[NaN;0;NaN;NaN],[77;677;597;99],10,[0;NaN;NaN;NaN],[733;26;617;242],12,[NaN;NaN;0;NaN]},{'M',[8;104;138;212],13,[1;1;1;1],0,[3;NaN;NaN;NaN],[361;298;138;459],6,[NaN;NaN;0;NaN],[-133;641;401;106],8,[NaN;NaN;NaN;1],[733;26;617;242],12,[NaN;2;NaN;NaN]},{'A',[69;402;479;213],14,[77;298;617;1],13,0,[-8;104;-138;212],13,0},{'M',[512;18;642;213],15,[1;1;1;1],0,[9;NaN;NaN;NaN],[11;18;321;226],4,[NaN;0;1;NaN],[69;402;479;213],14,[NaN;NaN;NaN;0]},{'M',[-133;641;1;792],11,[1;1;1;1],0,[NaN;NaN;0;NaN],[-133;641;401;106],8,[0;0;NaN;NaN],[77;677;597;99],10,[NaN;NaN;NaN;3]},{'A',[379;659;643;1005],16,[512;18;642;213],15,0,[-133;641;1;792],11,0},{'M',[69;659;643;459],17,[361;298;138;459],6,[NaN;NaN;NaN;0],[69;402;479;213],14,[0;NaN;NaN;NaN],[379;659;643;1005],16,[NaN;0;0;NaN]},{'O',[69;659;643;459],17,[69;659;643;459],17,0},{'M',[361;52;597;1005],17,[361;298;138;459],6,[0;NaN;NaN;NaN],[77;677;597;99],10,[NaN;NaN;0;NaN],[733;26;617;242],12,[NaN;1;NaN;NaN],[379;659;643;1005],16,[NaN;NaN;NaN;0]},{'O',[361;52;597;1005],17,[361;52;597;1005],17,0},{'M',[379;402;802;242],17,[-133;641;401;106],8,[NaN;NaN;1;NaN],[733;26;617;242],12,[NaN;NaN;NaN;0],[69;402;479;213],14,[NaN;0;NaN;NaN],[379;659;643;1005],16,[0;NaN;NaN;NaN]},{'O',[379;402;802;242],17,[379;402;802;242],17,0},{'M',[77;298;617;426],15,[361;298;138;459],6,[NaN;0;NaN;NaN],[77;677;597;99],10,[0;NaN;NaN;NaN],[733;26;617;242],12,[NaN;NaN;0;NaN],[69;402;479;213],14,[NaN;NaN;NaN;1]},{'O',[77;298;617;426],15,[77;298;617;426],15,0},{'M',[733;677;958;99],15,[77;677;597;99],10,[NaN;0;NaN;0],[733;26;617;242],12,[0;NaN;NaN;NaN],[69;402;479;213],14,[NaN;NaN;1;NaN]},{'O',[733;677;958;99],15,[733;677;958;99],15,0}}
Adder graph: {{'M',[1;2;1;1],1,[1;1;1;1],0,[0;1;0;0]},{'M',[2;1;1;4],1,[1;1;1;1],0,[1;0;0;2]},{'A',[9;6;5;-15],2,[1;2;1;1],1,0,[2;1;1;-4],1,2},{'M',[1;32;320;-120],3,[1;1;1;1],0,[0;5;NaN;NaN],[9;6;5;-15],2,[NaN;NaN;6;3]},{'M',[72;6;10;-60],3,[9;6;5;-15],2,[3;0;1;2]},{'A',[-71;26;310;-180],4,[1;32;320;-120],3,0,[-72;-6;-10;-60],3,0},{'M',[-71;96;1;1],5,[1;1;1;1],0,[NaN;NaN;0;0],[9;6;5;-15],2,[NaN;4;NaN;NaN],[-71;26;310;-180],4,[0;NaN;NaN;NaN]},{'M',[1;26;40;16],5,[1;1;1;1],0,[0;NaN;NaN;4],[9;6;5;-15],2,[NaN;NaN;3;NaN],[-71;26;310;-180],4,[NaN;0;NaN;NaN]},{'A',[-69;148;81;33],6,[-71;96;1;1],5,0,[1;26;40;16],5,1},{'M',[256;148;81;33],7,[1;1;1;1],0,[8;NaN;NaN;NaN],[-69;148;81;33],6,[NaN;0;0;0]},{'M',[72;1;320;-180],5,[1;1;1;1],0,[NaN;0;NaN;NaN],[9;6;5;-15],2,[3;NaN;6;NaN],[-71;26;310;-180],4,[NaN;NaN;NaN;0]},{'A',[328;149;401;213],8,[256;148;81;33],7,0,[72;1;320;180],5,0},{'M',[8;149;5;1],9,[1;1;1;1],0,[3;NaN;NaN;0],[9;6;5;-15],2,[NaN;NaN;0;NaN],[328;149;401;213],8,[NaN;0;NaN;NaN]},{'M',[-69;16;648;-120],7,[1;1;1;1],0,[NaN;4;NaN;NaN],[9;6;5;-15],2,[NaN;NaN;NaN;3],[-69;148;81;33],6,[0;NaN;3;NaN]},{'A',[77;165;-643;121],10,[8;149;5;1],9,0,[69;16;-648;120],7,0},{'M',[77;1;-643;66],11,[1;1;1;1],0,[NaN;0;NaN;NaN],[-69;148;81;33],6,[NaN;NaN;NaN;1],[77;165;-643;121],10,[0;NaN;0;NaN]},{'M',[-284;660;1240;33],11,[-71;26;310;-180],4,[2;NaN;2;NaN],[-69;148;81;33],6,[NaN;NaN;NaN;0],[77;165;-643;121],10,[NaN;2;NaN;NaN]},{'A',[361;-659;597;99],12,[77;1;-643;66],11,0,[284;-660;1240;33],11,0},{'M',[328;256;10;-180],9,[1;1;1;1],0,[NaN;8;NaN;NaN],[9;6;5;-15],2,[NaN;NaN;1;NaN],[-71;26;310;-180],4,[NaN;NaN;NaN;0],[328;149;401;213],8,[0;NaN;NaN;NaN]},{'M',[77;165;597;99],13,[77;165;-643;121],10,[0;0;NaN;NaN],[361;-659;597;99],12,[NaN;NaN;0;0]},{'A',[733;677;617;-459],14,[328;256;10;-180],9,1,[77;165;597;-99],13,0},{'M',[308;149;648;213],11,[-69;148;81;33],6,[NaN;NaN;3;NaN],[328;149;401;213],8,[NaN;0;NaN;0],[77;165;-643;121],10,[2;NaN;NaN;NaN]},{'M',[-71;52;310;792],13,[-71;26;310;-180],4,[0;1;0;NaN],[361;-659;597;99],12,[NaN;NaN;NaN;3]},{'A',[379;201;958;1005],14,[308;149;648;213],11,0,[71;52;310;792],13,0},{'M',[-69;-659;-643;-459],15,[-69;148;81;33],6,[0;NaN;NaN;NaN],[77;165;-643;121],10,[NaN;NaN;0;NaN],[361;-659;597;99],12,[NaN;0;NaN;NaN],[733;677;617;-459],14,[NaN;NaN;NaN;0]},{'O',[69;659;643;459],15,[69;659;643;459],15,0},{'M',[361;52;597;1005],15,[-71;26;310;-180],4,[NaN;1;NaN;NaN],[361;-659;597;99],12,[0;NaN;0;NaN],[379;201;958;1005],14,[NaN;NaN;NaN;0]},{'O',[361;52;597;1005],15,[361;52;597;1005],15,0},{'M',[379;402;802;242],15,[328;149;401;213],8,[NaN;NaN;1;NaN],[77;165;-643;121],10,[NaN;NaN;NaN;1],[379;201;958;1005],14,[0;1;NaN;NaN]},{'O',[379;402;802;242],15,[379;402;802;242],15,0},{'M',[77;298;617;426],15,[328;149;401;213],8,[NaN;1;NaN;1],[77;165;-643;121],10,[0;NaN;NaN;NaN],[733;677;617;-459],14,[NaN;NaN;0;NaN]},{'O',[77;298;617;426],15,[77;298;617;426],15,0},{'M',[733;677;958;99],15,[361;-659;597;99],12,[NaN;NaN;NaN;0],[733;677;617;-459],14,[0;0;NaN;NaN],[379;201;958;1005],14,[NaN;NaN;0;NaN]},{'O',[733;677;958;99],15,[733;677;958;99],15,0}}
Adder graph: {{'M',[1;16;1;1],1,[1;1;1;1],0,[0;4;0;0]},{'M',[2;1;2;32],1,[1;1;1;1],0,[1;0;1;5]},{'A',[-3;18;5;65],2,[1;16;1;1],1,0,[-2;1;2;32],1,1},{'M',[-3;36;160;130],3,[-3;18;5;65],2,[0;1;5;1]},{'M',[2;16;2;1],1,[1;1;1;1],0,[1;4;1;0]},{'A',[-5;52;162;131],4,[-3;36;160;130],3,0,[-2;16;2;1],1,0},{'M',[-20;18;5;16],5,[1;1;1;1],0,[NaN;NaN;NaN;4],[-3;18;5;65],2,[NaN;0;0;NaN],[-5;52;162;131],4,[2;NaN;NaN;NaN]},{'M',[-192;64;324;131],5,[1;1;1;1],0,[NaN;6;NaN;NaN],[-3;18;5;65],2,[6;NaN;NaN;NaN],[-5;52;162;131],4,[NaN;NaN;1;0]},{'A',[364;-110;-643;278],6,[-20;18;5;16],5,0,[192;-64;-324;131],5,1},{'M',[-3;512;320;65],3,[1;1;1;1],0,[NaN;9;NaN;NaN],[-3;18;5;65],2,[0;NaN;6;0]},{'M',[-80;-110;10;524],7,[-3;18;5;65],2,[NaN;NaN;1;NaN],[-5;52;162;131],4,[4;NaN;NaN;2],[364;-110;-643;278],6,[NaN;0;NaN;NaN]},{'A',[77;402;310;-459],8,[-3;512;320;65],3,0,[80;-110;-10;-524],7,0},{'M',[728;72;648;131],7,[-3;18;5;65],2,[NaN;2;NaN;NaN],[-5;52;162;131],4,[NaN;NaN;2;0],[364;-110;-643;278],6,[1;NaN;NaN;NaN]},{'M',[-5;402;310;32],9,[1;1;1;1],0,[NaN;NaN;NaN;5],[-5;52;162;131],4,[0;NaN;NaN;NaN],[77;402;310;-459],8,[NaN;0;0;NaN]},{'A',[733;-330;958;99],10,[728;72;648;131],7,0,[5;-402;310;-32],9,0},{'M',[364;1;-643;278],7,[1;1;1;1],0,[NaN;0;NaN;NaN],[364;-110;-643;278],6,[0;NaN;0;0]},{'M',[-3;-660;1240;65],11,[-3;18;5;65],2,[0;NaN;NaN;0],[77;402;310;-459],8,[NaN;NaN;2;NaN],[733;-330;958;99],10,[NaN;1;NaN;NaN]},{'A',[361;-659;597;213],12,[364;1;-643;278],7,0,[-3;-660;1240;-65],11,0},{'M',[-5;402;162;213],13,[-5;52;162;131],4,[0;NaN;0;NaN],[77;402;310;-459],8,[NaN;0;NaN;NaN],[361;-659;597;213],12,[NaN;NaN;NaN;0]},{'M',[-192;52;320;396],11,[-3;18;5;65],2,[6;NaN;6;NaN],[-5;52;162;131],4,[NaN;0;NaN;NaN],[733;-330;958;99],10,[NaN;NaN;NaN;2]},{'A',[379;298;802;1005],14,[-5;402;162;213],13,0,[192;-52;320;396],11,1},{'M',[8;18;20;520],3,[1;1;1;1],0,[3;NaN;NaN;NaN],[-3;18;5;65],2,[NaN;0;2;3]},{'M',[77;-659;597;278],13,[364;-110;-643;278],6,[NaN;NaN;NaN;0],[77;402;310;-459],8,[0;NaN;NaN;NaN],[361;-659;597;213],12,[NaN;0;0;NaN]},{'A',[-69;677;617;242],14,[8;18;20;520],3,0,[-77;659;597;-278],13,0},{'M',[-69;-659;-643;-459],15,[364;-110;-643;278],6,[NaN;NaN;0;NaN],[77;402;310;-459],8,[NaN;NaN;NaN;0],[361;-659;597;213],12,[NaN;0;NaN;NaN],[-69;677;617;242],14,[0;NaN;NaN;NaN]},{'O',[69;659;643;459],15,[69;659;643;459],15,0},{'M',[361;52;597;1005],15,[-5;52;162;131],4,[NaN;0;NaN;NaN],[361;-659;597;213],12,[0;NaN;0;NaN],[379;298;802;1005],14,[NaN;NaN;NaN;0]},{'O',[361;52;597;1005],15,[361;52;597;1005],15,0},{'M',[379;402;802;242],15,[77;402;310;-459],8,[NaN;0;NaN;NaN],[379;298;802;1005],14,[0;NaN;0;NaN],[-69;677;617;242],14,[NaN;NaN;NaN;0]},{'O',[379;402;802;242],15,[379;402;802;242],15,0},{'M',[77;298;617;426],15,[77;402;310;-459],8,[0;NaN;NaN;NaN],[361;-659;597;213],12,[NaN;NaN;NaN;1],[379;298;802;1005],14,[NaN;0;NaN;NaN],[-69;677;617;242],14,[NaN;NaN;0;NaN]},{'O',[77;298;617;426],15,[77;298;617;426],15,0},{'M',[733;677;958;99],15,[733;-330;958;99],10,[0;NaN;0;0],[-69;677;617;242],14,[NaN;0;NaN;NaN]},{'O',[733;677;958;99],15,[733;677;958;99],15,0}}
Adder graph: {{'M',[2;4;1;1],1,[1;1;1;1],0,[1;2;0;0]},{'M',[1;64;1;1],1,[1;1;1;1],0,[0;6;0;0]},{'A',[7;80;5;3],2,[2;4;1;1],1,2,[-1;64;1;-1],1,0},{'M',[7;2;160;1],3,[1;1;1;1],0,[NaN;1;NaN;0],[7;80;5;3],2,[0;NaN;5;NaN]},{'M',[16;16;1;12],3,[1;1;1;1],0,[4;4;0;NaN],[7;80;5;3],2,[NaN;NaN;NaN;2]},{'A',[23;18;159;-11],4,[7;2;160;1],3,0,[16;16;-1;-12],3,0},{'M',[368;36;159;32],5,[1;1;1;1],0,[NaN;NaN;NaN;5],[23;18;159;-11],4,[4;1;0;NaN]},{'M',[7;16;320;192],3,[1;1;1;1],0,[NaN;4;NaN;NaN],[7;80;5;3],2,[0;NaN;6;6]},{'A',[361;52;479;224],6,[368;36;159;32],5,0,[-7;16;320;192],3,0},{'M',[92;640;636;224],7,[7;80;5;3],2,[NaN;3;NaN;NaN],[23;18;159;-11],4,[2;NaN;2;NaN],[361;52;479;224],6,[NaN;NaN;NaN;0]},{'M',[1;18;1;-11],5,[1;1;1;1],0,[0;NaN;0;NaN],[23;18;159;-11],4,[NaN;0;NaN;0]},{'A',[93;658;637;213],8,[92;640;636;224],7,0,[1;18;1;-11],5,0},{'M',[23;658;1280;96],9,[7;80;5;3],2,[NaN;NaN;8;5],[23;18;159;-11],4,[0;NaN;NaN;NaN],[93;658;637;213],8,[NaN;0;NaN;NaN]},{'M',[46;1;637;3],9,[1;1;1;1],0,[NaN;0;NaN;NaN],[7;80;5;3],2,[NaN;NaN;NaN;0],[23;18;159;-11],4,[1;NaN;NaN;NaN],[93;658;637;213],8,[NaN;NaN;0;NaN]},{'A',[69;659;643;99],10,[23;658;1280;96],9,0,[46;1;-637;3],9,0},{'M',[7;658;637;792],11,[7;80;5;3],2,[0;NaN;NaN;NaN],[93;658;637;213],8,[NaN;0;0;NaN],[69;659;643;99],10,[NaN;NaN;NaN;3]},{'M',[372;256;40;213],9,[1;1;1;1],0,[NaN;8;NaN;NaN],[7;80;5;3],2,[NaN;NaN;3;NaN],[93;658;637;213],8,[2;NaN;NaN;0]},{'A',[379;402;597;1005],12,[7;658;637;792],11,0,[372;-256;-40;213],9,0},{'M',[69;659;643;198],11,[69;659;643;99],10,[0;0;0;1]},{'M',[8;18;159;-44],5,[1;1;1;1],0,[3;NaN;NaN;NaN],[23;18;159;-11],4,[NaN;0;0;2]},{'A',[77;677;802;242],12,[69;659;643;198],11,0,[8;18;159;44],5,0},{'M',[361;402;637;448],13,[361;52;479;224],6,[0;NaN;NaN;1],[93;658;637;213],8,[NaN;NaN;0;NaN],[379;402;597;1005],12,[NaN;0;NaN;NaN]},{'M',[372;104;20;-11],9,[7;80;5;3],2,[NaN;NaN;2;NaN],[23;18;159;-11],4,[NaN;NaN;NaN;0],[361;52;479;224],6,[NaN;1;NaN;NaN],[93;658;637;213],8,[2;NaN;NaN;NaN]},{'A',[733;298;617;459],14,[361;402;637;448],13,0,[372;-104;-20;11],9,0},{'M',[69;659;643;459],15,[69;659;643;99],10,[0;0;0;NaN],[733;298;617;459],14,[NaN;NaN;NaN;0]},{'O',[69;659;643;459],15,[69;659;643;459],15,0},{'M',[361;52;597;1005],13,[361;52;479;224],6,[0;0;NaN;NaN],[379;402;597;1005],12,[NaN;NaN;0;0]},{'O',[361;52;597;1005],13,[361;52;597;1005],13,0},{'M',[379;402;802;242],13,[379;402;597;1005],12,[0;0;NaN;NaN],[77;677;802;242],12,[NaN;NaN;0;0]},{'O',[379;402;802;242],13,[379;402;802;242],13,0},{'M',[77;298;617;426],15,[93;658;637;213],8,[NaN;NaN;NaN;1],[77;677;802;242],12,[0;NaN;NaN;NaN],[733;298;617;459],14,[NaN;0;0;NaN]},{'O',[77;298;617;426],15,[77;298;617;426],15,0},{'M',[733;677;958;99],15,[361;52;479;224],6,[NaN;NaN;1;NaN],[69;659;643;99],10,[NaN;NaN;NaN;0],[77;677;802;242],12,[NaN;0;NaN;NaN],[733;298;617;459],14,[0;NaN;NaN;NaN]},{'O',[733;677;958;99],15,[733;677;958;99],15,0}}
Adder graph: {{'M',[1;4;4;1],1,[1;1;1;1],0,[0;2;2;0]},{'M',[8;1;1;8],1,[1;1;1;1],0,[3;0;0;3]},{'A',[9;3;5;-7],2,[1;4;4;1],1,0,[8;-1;1;-8],1,0},{'M',[36;12;5;1],3,[1;1;1;1],0,[NaN;NaN;NaN;0],[9;3;5;-7],2,[2;2;0;NaN]},{'M',[9;3;32;-112],3,[1;1;1;1],0,[NaN;NaN;5;NaN],[9;3;5;-7],2,[0;0;NaN;4]},{'A',[45;9;-27;113],4,[36;12;5;1],3,0,[9;-3;-32;112],3,0},{'M',[90;32;160;113],5,[1;1;1;1],0,[NaN;5;NaN;NaN],[9;3;5;-7],2,[NaN;NaN;5;NaN],[45;9;-27;113],4,[1;NaN;NaN;0]},{'M',[4;6;1;-14],3,[1;1;1;1],0,[2;NaN;0;NaN],[9;3;5;-7],2,[NaN;1;NaN;1]},{'A',[86;26;161;99],6,[90;32;160;113],5,0,[-4;-6;1;-14],3,0},{'M',[45;9;-27;-7],5,[9;3;5;-7],2,[NaN;NaN;NaN;0],[45;9;-27;113],4,[0;0;0;NaN]},{'M',[8;48;161;113],7,[1;1;1;1],0,[3;NaN;NaN;NaN],[9;3;5;-7],2,[NaN;4;NaN;NaN],[45;9;-27;113],4,[NaN;NaN;NaN;0],[86;26;161;99],6,[NaN;NaN;0;NaN]},{'A',[77;201;617;-459],8,[45;9;-27;-7],5,0,[8;48;161;-113],7,2},{'M',[360;72;617;226],9,[45;9;-27;113],4,[3;3;NaN;1],[77;201;617;-459],8,[NaN;NaN;0;NaN]},{'M',[1;402;20;16],9,[1;1;1;1],0,[0;NaN;NaN;4],[9;3;5;-7],2,[NaN;NaN;2;NaN],[77;201;617;-459],8,[NaN;1;NaN;NaN]},{'A',[361;-330;597;242],10,[360;72;617;226],9,0,[1;-402;-20;16],9,0},{'M',[8;1;1;1],1,[1;1;1;1],0,[3;0;0;0]},{'M',[77;-660;644;-1836],11,[86;26;161;99],6,[NaN;NaN;2;NaN],[77;201;617;-459],8,[0;NaN;NaN;2],[361;-330;597;242],10,[NaN;1;NaN;NaN]},{'A',[-69;-659;-643;-1835],12,[8;1;1;1],1,0,[-77;-660;-644;-1836],11,0},{'M',[361;402;1234;-1835],13,[77;201;617;-459],8,[NaN;1;1;NaN],[361;-330;597;242],10,[0;NaN;NaN;NaN],[-69;-659;-643;-1835],12,[NaN;NaN;NaN;0]},{'M',[9;52;-216;1024],7,[1;1;1;1],0,[NaN;NaN;NaN;10],[9;3;5;-7],2,[0;NaN;NaN;NaN],[45;9;-27;113],4,[NaN;NaN;3;NaN],[86;26;161;99],6,[NaN;1;NaN;NaN]},{'A',[379;298;802;213],14,[361;402;1234;-1835],13,0,[9;-52;-216;1024],7,1},{'M',[45;18;640;213],15,[9;3;5;-7],2,[NaN;NaN;7;NaN],[45;9;-27;113],4,[0;1;NaN;NaN],[379;298;802;213],14,[NaN;NaN;NaN;0]},{'M',[688;-659;161;792],13,[86;26;161;99],6,[3;NaN;0;3],[-69;-659;-643;-1835],12,[NaN;0;NaN;NaN]},{'A',[733;677;479;1005],16,[45;18;640;213],15,0,[688;659;-161;792],13,0},{'M',[-69;-659;-643;-459],13,[77;201;617;-459],8,[NaN;NaN;NaN;0],[-69;-659;-643;-1835],12,[0;0;0;NaN]},{'O',[69;659;643;459],13,[69;659;643;459],13,0},{'M',[361;52;597;1005],17,[86;26;161;99],6,[NaN;1;NaN;NaN],[361;-330;597;242],10,[0;NaN;0;NaN],[733;677;479;1005],16,[NaN;NaN;NaN;0]},{'O',[361;52;597;1005],17,[361;52;597;1005],17,0},{'M',[379;402;802;242],15,[77;201;617;-459],8,[NaN;1;NaN;NaN],[361;-330;597;242],10,[NaN;NaN;NaN;0],[379;298;802;213],14,[0;NaN;0;NaN]},{'O',[379;402;802;242],15,[379;402;802;242],15,0},{'M',[77;298;617;426],15,[77;201;617;-459],8,[0;NaN;0;NaN],[379;298;802;213],14,[NaN;0;NaN;1]},{'O',[77;298;617;426],15,[77;298;617;426],15,0},{'M',[733;677;958;99],17,[86;26;161;99],6,[NaN;NaN;NaN;0],[733;677;479;1005],16,[0;0;1;NaN]},{'O',[733;677;958;99],17,[733;677;958;99],17,0}}
Finished solving after 7567.97 seconds
Adder graph: {{'M',[1;4;4;1],1,[1;1;1;1],0,[0;2;2;0]},{'M',[8;1;1;8],1,[1;1;1;1],0,[3;0;0;3]},{'A',[9;3;5;-7],2,[1;4;4;1],1,0,[8;-1;1;-8],1,0},{'M',[36;12;5;1],3,[1;1;1;1],0,[NaN;NaN;NaN;0],[9;3;5;-7],2,[2;2;0;NaN]},{'M',[9;3;32;-112],3,[1;1;1;1],0,[NaN;NaN;5;NaN],[9;3;5;-7],2,[0;0;NaN;4]},{'A',[45;9;-27;113],4,[36;12;5;1],3,0,[9;-3;-32;112],3,0},{'M',[90;32;160;113],5,[1;1;1;1],0,[NaN;5;NaN;NaN],[9;3;5;-7],2,[NaN;NaN;5;NaN],[45;9;-27;113],4,[1;NaN;NaN;0]},{'M',[4;6;1;-14],3,[1;1;1;1],0,[2;NaN;0;NaN],[9;3;5;-7],2,[NaN;1;NaN;1]},{'A',[86;26;161;99],6,[90;32;160;113],5,0,[-4;-6;1;-14],3,0},{'M',[45;9;-27;-7],5,[9;3;5;-7],2,[NaN;NaN;NaN;0],[45;9;-27;113],4,[0;0;0;NaN]},{'M',[8;48;161;113],7,[1;1;1;1],0,[3;NaN;NaN;NaN],[9;3;5;-7],2,[NaN;4;NaN;NaN],[45;9;-27;113],4,[NaN;NaN;NaN;0],[86;26;161;99],6,[NaN;NaN;0;NaN]},{'A',[77;201;617;-459],8,[45;9;-27;-7],5,0,[8;48;161;-113],7,2},{'M',[360;72;617;226],9,[45;9;-27;113],4,[3;3;NaN;1],[77;201;617;-459],8,[NaN;NaN;0;NaN]},{'M',[1;402;20;16],9,[1;1;1;1],0,[0;NaN;NaN;4],[9;3;5;-7],2,[NaN;NaN;2;NaN],[77;201;617;-459],8,[NaN;1;NaN;NaN]},{'A',[361;-330;597;242],10,[360;72;617;226],9,0,[1;-402;-20;16],9,0},{'M',[8;1;1;1],1,[1;1;1;1],0,[3;0;0;0]},{'M',[77;-660;644;-1836],11,[86;26;161;99],6,[NaN;NaN;2;NaN],[77;201;617;-459],8,[0;NaN;NaN;2],[361;-330;597;242],10,[NaN;1;NaN;NaN]},{'A',[-69;-659;-643;-1835],12,[8;1;1;1],1,0,[-77;-660;-644;-1836],11,0},{'M',[361;402;1234;-1835],13,[77;201;617;-459],8,[NaN;1;1;NaN],[361;-330;597;242],10,[0;NaN;NaN;NaN],[-69;-659;-643;-1835],12,[NaN;NaN;NaN;0]},{'M',[9;52;-216;1024],7,[1;1;1;1],0,[NaN;NaN;NaN;10],[9;3;5;-7],2,[0;NaN;NaN;NaN],[45;9;-27;113],4,[NaN;NaN;3;NaN],[86;26;161;99],6,[NaN;1;NaN;NaN]},{'A',[379;298;802;213],14,[361;402;1234;-1835],13,0,[9;-52;-216;1024],7,1},{'M',[45;18;640;213],15,[9;3;5;-7],2,[NaN;NaN;7;NaN],[45;9;-27;113],4,[0;1;NaN;NaN],[379;298;802;213],14,[NaN;NaN;NaN;0]},{'M',[688;-659;161;792],13,[86;26;161;99],6,[3;NaN;0;3],[-69;-659;-643;-1835],12,[NaN;0;NaN;NaN]},{'A',[733;677;479;1005],16,[45;18;640;213],15,0,[688;659;-161;792],13,0},{'M',[-69;-659;-643;-459],13,[77;201;617;-459],8,[NaN;NaN;NaN;0],[-69;-659;-643;-1835],12,[0;0;0;NaN]},{'O',[69;659;643;459],13,[69;659;643;459],13,0},{'M',[361;52;597;1005],17,[86;26;161;99],6,[NaN;1;NaN;NaN],[361;-330;597;242],10,[0;NaN;0;NaN],[733;677;479;1005],16,[NaN;NaN;NaN;0]},{'O',[361;52;597;1005],17,[361;52;597;1005],17,0},{'M',[379;402;802;242],15,[77;201;617;-459],8,[NaN;1;NaN;NaN],[361;-330;597;242],10,[NaN;NaN;NaN;0],[379;298;802;213],14,[0;NaN;0;NaN]},{'O',[379;402;802;242],15,[379;402;802;242],15,0},{'M',[77;298;617;426],15,[77;201;617;-459],8,[0;NaN;0;NaN],[379;298;802;213],14,[NaN;0;NaN;1]},{'O',[77;298;617;426],15,[77;298;617;426],15,0},{'M',[733;677;958;99],17,[86;26;161;99],6,[NaN;NaN;NaN;0],[733;677;479;1005],16,[0;0;1;NaN]},{'O',[733;677;958;99],17,[733;677;958;99],17,0}}
# Add optimal = 1
# Mux optimal = 0
# FAs optimal = 0
