Adder graph: {{'M',[1;4;1;4],1,[1;1;1;1],0,[0;2;0;2]},{'M',[2;16;512;1],1,[1;1;1;1],0,[1;4;9;0]},{'A',[3;-12;513;5],2,[1;4;1;4],1,0,[2;-16;512;1],1,0},{'M',[8;1;1;32],1,[1;1;1;1],0,[3;0;0;5]},{'M',[384;-192;16;5],3,[1;1;1;1],0,[NaN;NaN;4;NaN],[3;-12;513;5],2,[7;4;NaN;0]},{'A',[-376;-191;17;27],4,[8;1;1;32],1,0,[-384;-192;16;-5],3,0},{'M',[64;-12;34;216],5,[1;1;1;1],0,[6;NaN;NaN;NaN],[3;-12;513;5],2,[NaN;0;NaN;NaN],[-376;-191;17;27],4,[NaN;NaN;1;3]},{'M',[1;-191;1;1280],5,[1;1;1;1],0,[0;NaN;0;NaN],[3;-12;513;5],2,[NaN;NaN;NaN;8],[-376;-191;17;27],4,[NaN;0;NaN;NaN]},{'A',[129;167;69;-848],6,[64;-12;34;216],5,1,[1;191;1;-1280],5,0},{'M',[24;668;1;-848],7,[1;1;1;1],0,[NaN;NaN;0;NaN],[3;-12;513;5],2,[3;NaN;NaN;NaN],[129;167;69;-848],6,[NaN;2;NaN;0]},{'M',[1;-24;512;1],3,[1;1;1;1],0,[0;NaN;9;0],[3;-12;513;5],2,[NaN;1;NaN;NaN]},{'A',[23;692;-511;-847],8,[24;668;1;-848],7,0,[-1;24;-512;1],3,0},{'M',[1;-768;8;64],3,[1;1;1;1],0,[0;NaN;3;6],[3;-12;513;5],2,[NaN;6;NaN;NaN]},{'M',[92;1;34;-847],9,[1;1;1;1],0,[NaN;0;NaN;NaN],[-376;-191;17;27],4,[NaN;NaN;1;NaN],[23;692;-511;-847],8,[2;NaN;NaN;0]},{'A',[-91;-769;42;-783],10,[1;-768;8;64],3,0,[-92;-1;34;-847],9,0},{'M',[-91;-769;512;27],11,[1;1;1;1],0,[NaN;NaN;9;NaN],[-376;-191;17;27],4,[NaN;NaN;NaN;0],[-91;-769;42;-783],10,[0;0;NaN;NaN]},{'M',[32;-48;513;216],5,[1;1;1;1],0,[5;NaN;NaN;NaN],[3;-12;513;5],2,[NaN;2;0;NaN],[-376;-191;17;27],4,[NaN;NaN;NaN;3]},{'A',[-27;-865;-514;459],12,[-91;-769;512;27],11,0,[32;-48;-513;216],5,1},{'M',[6;-769;42;27],11,[3;-12;513;5],2,[1;NaN;NaN;NaN],[-376;-191;17;27],4,[NaN;NaN;NaN;0],[-91;-769;42;-783],10,[NaN;0;0;NaN]},{'M',[-376;-24;69;1024],7,[1;1;1;1],0,[NaN;NaN;NaN;10],[3;-12;513;5],2,[NaN;1;NaN;NaN],[-376;-191;17;27],4,[0;NaN;NaN;NaN],[129;167;69;-848],6,[NaN;NaN;0;NaN]},{'A',[-370;-745;-27;-997],12,[6;-769;42;27],11,0,[-376;24;-69;-1024],7,0},{'M',[736;-191;69;640],9,[3;-12;513;5],2,[NaN;NaN;NaN;7],[-376;-191;17;27],4,[NaN;0;NaN;NaN],[129;167;69;-848],6,[NaN;NaN;0;NaN],[23;692;-511;-847],8,[5;NaN;NaN;NaN]},{'M',[1;-768;2;27],5,[1;1;1;1],0,[0;NaN;1;NaN],[3;-12;513;5],2,[NaN;6;NaN;NaN],[-376;-191;17;27],4,[NaN;NaN;NaN;0]},{'A',[737;-959;67;613],10,[736;-191;69;640],9,0,[1;-768;-2;-27],5,0},{'M',[737;334;69;613],11,[129;167;69;-848],6,[NaN;1;0;NaN],[737;-959;67;613],10,[0;NaN;NaN;0]},{'O',[737;334;69;613],11,[737;334;69;613],11,0},{'M',[-370;-959;-27;-997],13,[-370;-745;-27;-997],12,[0;NaN;0;0],[737;-959;67;613],10,[NaN;0;NaN;NaN]},{'O',[370;959;27;997],13,[370;959;27;997],13,0},{'M',[516;692;67;918],13,[129;167;69;-848],6,[2;NaN;NaN;NaN],[23;692;-511;-847],8,[NaN;0;NaN;NaN],[-27;-865;-514;459],12,[NaN;NaN;NaN;1],[737;-959;67;613],10,[NaN;NaN;0;NaN]},{'O',[516;692;67;918],13,[516;692;67;918],13,0},{'M',[-54;-745;-511;-847],13,[23;692;-511;-847],8,[NaN;NaN;0;0],[-27;-865;-514;459],12,[1;NaN;NaN;NaN],[-370;-745;-27;-997],12,[NaN;0;NaN;NaN]},{'O',[54;745;511;847],13,[54;745;511;847],13,0},{'M',[-91;-865;-514;-783],13,[-91;-769;42;-783],10,[0;NaN;NaN;0],[-27;-865;-514;459],12,[NaN;0;0;NaN]},{'O',[91;865;514;783],13,[91;865;514;783],13,0}}
Adder graph: {{'M',[16;16;1;1],1,[1;1;1;1],0,[4;4;0;0]},{'M',[1;1;8;4],1,[1;1;1;1],0,[0;0;3;2]},{'A',[15;15;9;-3],2,[16;16;1;1],1,0,[-1;-1;8;-4],1,0},{'M',[15;960;16;-3],3,[1;1;1;1],0,[NaN;NaN;4;NaN],[15;15;9;-3],2,[0;6;NaN;0]},{'M',[512;1;64;-24],3,[1;1;1;1],0,[9;0;6;NaN],[15;15;9;-3],2,[NaN;NaN;NaN;3]},{'A',[-497;959;-48;-27],4,[15;960;16;-3],3,0,[-512;-1;-64;-24],3,0},{'M',[16;1;36;-432],5,[1;1;1;1],0,[4;0;NaN;NaN],[15;15;9;-3],2,[NaN;NaN;2;NaN],[-497;959;-48;-27],4,[NaN;NaN;NaN;4]},{'M',[30;2;2;-27],5,[1;1;1;1],0,[NaN;1;1;NaN],[15;15;9;-3],2,[1;NaN;NaN;NaN],[-497;959;-48;-27],4,[NaN;NaN;NaN;0]},{'A',[46;-1;38;-459],6,[16;1;36;-432],5,0,[30;-2;2;-27],5,0},{'M',[-497;-64;1;-108],7,[1;1;1;1],0,[NaN;NaN;0;NaN],[-497;959;-48;-27],4,[0;NaN;NaN;2],[46;-1;38;-459],6,[NaN;6;NaN;NaN]},{'M',[368;30;512;-459],7,[1;1;1;1],0,[NaN;NaN;9;NaN],[15;15;9;-3],2,[NaN;1;NaN;NaN],[46;-1;38;-459],6,[3;NaN;NaN;0]},{'A',[-129;-94;-511;351],8,[-497;-64;1;-108],7,0,[368;-30;-512;459],7,0},{'M',[1;-188;-1536;-432],9,[1;1;1;1],0,[0;NaN;NaN;NaN],[-497;959;-48;-27],4,[NaN;NaN;5;4],[-129;-94;-511;351],8,[NaN;1;NaN;NaN]},{'M',[92;15;-1022;351],9,[15;15;9;-3],2,[NaN;0;NaN;NaN],[46;-1;38;-459],6,[1;NaN;NaN;NaN],[-129;-94;-511;351],8,[NaN;NaN;1;0]},{'A',[-91;-173;-514;-783],10,[1;-188;-1536;-432],9,0,[-92;15;1022;-351],9,0},{'M',[240;240;9;1024],3,[1;1;1;1],0,[NaN;NaN;NaN;10],[15;15;9;-3],2,[4;4;0;NaN]},{'M',[-497;-94;76;-27],9,[-497;959;-48;-27],4,[0;NaN;NaN;0],[46;-1;38;-459],6,[NaN;NaN;1;NaN],[-129;-94;-511;351],8,[NaN;0;NaN;NaN]},{'A',[737;334;-67;997],10,[240;240;9;1024],3,0,[497;94;-76;-27],9,0},{'M',[-91;-173;9;-783],11,[15;15;9;-3],2,[NaN;NaN;0;NaN],[-91;-173;-514;-783],10,[0;0;NaN;0]},{'M',[32;-346;9;32],11,[1;1;1;1],0,[5;NaN;NaN;5],[15;15;9;-3],2,[NaN;NaN;0;NaN],[-91;-173;-514;-783],10,[NaN;1;NaN;NaN]},{'A',[-27;-865;27;-847],12,[-91;-173;9;-783],11,0,[32;-346;9;-32],11,1},{'M',[1;60;1;-192],3,[1;1;1;1],0,[0;NaN;0;NaN],[15;15;9;-3],2,[NaN;2;NaN;6]},{'M',[368;-865;-67;997],13,[46;-1;38;-459],6,[3;NaN;NaN;NaN],[737;334;-67;997],10,[NaN;NaN;0;0],[-27;-865;27;-847],12,[NaN;0;NaN;NaN]},{'A',[370;-745;69;613],14,[1;60;1;-192],3,1,[368;-865;67;997],13,0},{'M',[737;334;69;613],15,[737;334;-67;997],10,[0;0;NaN;NaN],[370;-745;69;613],14,[NaN;NaN;0;0]},{'O',[737;334;69;613],15,[737;334;69;613],15,0},{'M',[370;959;27;997],15,[-497;959;-48;-27],4,[NaN;0;NaN;NaN],[737;334;-67;997],10,[NaN;NaN;NaN;0],[-27;-865;27;-847],12,[NaN;NaN;0;NaN],[370;-745;69;613],14,[0;NaN;NaN;NaN]},{'O',[370;959;27;997],15,[370;959;27;997],15,0},{'M',[-516;-692;-67;-918],11,[46;-1;38;-459],6,[NaN;NaN;NaN;1],[-129;-94;-511;351],8,[2;NaN;NaN;NaN],[-91;-173;-514;-783],10,[NaN;2;NaN;NaN],[737;334;-67;997],10,[NaN;NaN;0;NaN]},{'O',[516;692;67;918],11,[516;692;67;918],11,0},{'M',[-54;-745;-511;-847],15,[-129;-94;-511;351],8,[NaN;NaN;0;NaN],[-27;-865;27;-847],12,[1;NaN;NaN;0],[370;-745;69;613],14,[NaN;0;NaN;NaN]},{'O',[54;745;511;847],15,[54;745;511;847],15,0},{'M',[-91;-865;-514;-783],13,[-91;-173;-514;-783],10,[0;NaN;0;0],[-27;-865;27;-847],12,[NaN;0;NaN;NaN]},{'O',[91;865;514;783],13,[91;865;514;783],13,0}}
Adder graph: {{'M',[1;1;1;16],1,[1;1;1;1],0,[0;0;0;4]},{'M',[1;2;4;8],1,[1;1;1;1],0,[0;1;2;3]},{'A',[9;-15;33;-48],2,[1;1;1;16],1,0,[1;-2;4;-8],1,3},{'M',[16;16;1;2],1,[1;1;1;1],0,[4;4;0;1]},{'M',[36;-15;1;1],3,[1;1;1;1],0,[NaN;NaN;0;0],[9;-15;33;-48],2,[2;0;NaN;NaN]},{'A',[92;113;9;15],4,[16;16;1;2],1,3,[-36;-15;1;-1],3,0},{'M',[128;113;128;15],5,[1;1;1;1],0,[7;NaN;7;NaN],[92;113;9;15],4,[NaN;0;NaN;0]},{'M',[4;-240;2;15],5,[1;1;1;1],0,[2;NaN;1;NaN],[9;-15;33;-48],2,[NaN;4;NaN;NaN],[92;113;9;15],4,[NaN;NaN;NaN;0]},{'A',[516;692;514;75],6,[128;113;128;15],5,2,[4;240;2;15],5,0},{'M',[1;32;9;15],5,[1;1;1;1],0,[0;5;NaN;NaN],[92;113;9;15],4,[NaN;NaN;0;0]},{'M',[736;-15;18;-768],5,[9;-15;33;-48],2,[NaN;0;NaN;4],[92;113;9;15],4,[3;NaN;1;NaN]},{'A',[737;47;27;783],6,[1;32;9;15],5,0,[736;15;18;768],5,0},{'M',[92;188;9;16],7,[1;1;1;1],0,[NaN;NaN;NaN;4],[92;113;9;15],4,[0;NaN;0;NaN],[737;47;27;783],6,[NaN;2;NaN;NaN]},{'M',[92;113;33;783],7,[9;-15;33;-48],2,[NaN;NaN;0;NaN],[92;113;9;15],4,[0;0;NaN;NaN],[737;47;27;783],6,[NaN;NaN;NaN;0]},{'A',[460;865;69;847],8,[92;188;9;16],7,2,[92;113;33;783],7,0},{'M',[36;47;512;75],7,[1;1;1;1],0,[NaN;NaN;9;NaN],[9;-15;33;-48],2,[2;NaN;NaN;NaN],[516;692;514;75],6,[NaN;NaN;NaN;0],[737;47;27;783],6,[NaN;0;NaN;NaN]},{'M',[18;-120;1;-384],3,[1;1;1;1],0,[NaN;NaN;0;NaN],[9;-15;33;-48],2,[1;3;NaN;3]},{'A',[54;167;511;459],8,[36;47;512;75],7,0,[18;120;-1;384],3,0},{'M',[92;94;9;150],7,[92;113;9;15],4,[0;NaN;0;NaN],[516;692;514;75],6,[NaN;NaN;NaN;1],[737;47;27;783],6,[NaN;1;NaN;NaN]},{'M',[1;865;1;847],9,[1;1;1;1],0,[0;NaN;0;NaN],[460;865;69;847],8,[NaN;0;NaN;0]},{'A',[91;959;10;997],10,[92;94;9;150],7,0,[-1;865;1;847],9,0},{'M',[1;-120;1;-384],3,[1;1;1;1],0,[0;NaN;0;NaN],[9;-15;33;-48],2,[NaN;3;NaN;3]},{'M',[184;865;66;997],11,[9;-15;33;-48],2,[NaN;NaN;1;NaN],[92;113;9;15],4,[1;NaN;NaN;NaN],[460;865;69;847],8,[NaN;0;NaN;NaN],[91;959;10;997],10,[NaN;NaN;NaN;0]},{'A',[185;745;67;613],12,[1;-120;1;-384],3,0,[184;865;66;997],11,0},{'M',[737;334;69;613],13,[737;47;27;783],6,[0;NaN;NaN;NaN],[460;865;69;847],8,[NaN;NaN;0;NaN],[54;167;511;459],8,[NaN;1;NaN;NaN],[185;745;67;613],12,[NaN;NaN;NaN;0]},{'O',[737;334;69;613],13,[737;334;69;613],13,0},{'M',[370;959;27;997],13,[737;47;27;783],6,[NaN;NaN;0;NaN],[91;959;10;997],10,[NaN;0;NaN;0],[185;745;67;613],12,[1;NaN;NaN;NaN]},{'O',[370;959;27;997],13,[370;959;27;997],13,0},{'M',[516;692;67;918],13,[516;692;514;75],6,[0;0;NaN;NaN],[54;167;511;459],8,[NaN;NaN;NaN;1],[185;745;67;613],12,[NaN;NaN;0;NaN]},{'O',[516;692;67;918],13,[516;692;67;918],13,0},{'M',[54;745;511;847],13,[460;865;69;847],8,[NaN;NaN;NaN;0],[54;167;511;459],8,[0;NaN;0;NaN],[185;745;67;613],12,[NaN;0;NaN;NaN]},{'O',[54;745;511;847],13,[54;745;511;847],13,0},{'M',[91;865;514;783],11,[516;692;514;75],6,[NaN;NaN;0;NaN],[737;47;27;783],6,[NaN;NaN;NaN;0],[460;865;69;847],8,[NaN;0;NaN;NaN],[91;959;10;997],10,[0;NaN;NaN;NaN]},{'O',[91;865;514;783],11,[91;865;514;783],11,0}}
Adder graph: {{'M',[2;1;1;1],1,[1;1;1;1],0,[1;0;0;0]},{'M',[4;1;2;1],1,[1;1;1;1],0,[2;0;1;0]},{'A',[36;15;14;15],2,[2;1;1;1],1,4,[4;-1;-2;-1],1,0},{'M',[1;64;4;1],1,[1;1;1;1],0,[0;6;2;0]},{'M',[64;15;56;2],3,[1;1;1;1],0,[6;NaN;NaN;1],[36;15;14;15],2,[NaN;0;2;NaN]},{'A',[-127;94;-108;-3],4,[1;64;4;1],1,0,[-64;15;-56;-2],3,1},{'M',[36;16;512;-24],5,[1;1;1;1],0,[NaN;4;9;NaN],[36;15;14;15],2,[0;NaN;NaN;NaN],[-127;94;-108;-3],4,[NaN;NaN;NaN;3]},{'M',[1;60;1;-3],5,[1;1;1;1],0,[0;NaN;0;NaN],[36;15;14;15],2,[NaN;2;NaN;NaN],[-127;94;-108;-3],4,[NaN;NaN;NaN;0]},{'A',[37;76;511;-27],6,[36;16;512;-24],5,0,[1;60;-1;-3],5,0},{'M',[32;480;14;-432],7,[1;1;1;1],0,[5;NaN;NaN;NaN],[36;15;14;15],2,[NaN;5;0;NaN],[37;76;511;-27],6,[NaN;NaN;NaN;4]},{'M',[37;1;1;-54],7,[1;1;1;1],0,[NaN;0;0;NaN],[37;76;511;-27],6,[0;NaN;NaN;1]},{'A',[27;959;27;-918],8,[32;480;14;-432],7,1,[-37;-1;-1;-54],7,0},{'M',[74;152;2;-27],7,[1;1;1;1],0,[NaN;NaN;1;NaN],[37;76;511;-27],6,[1;1;NaN;0]},{'M',[296;15;512;1024],7,[1;1;1;1],0,[NaN;NaN;9;10],[36;15;14;15],2,[NaN;0;NaN;NaN],[37;76;511;-27],6,[3;NaN;NaN;NaN]},{'A',[370;167;514;997],8,[74;152;2;-27],7,0,[296;15;512;1024],7,0},{'M',[27;959;27;15],9,[36;15;14;15],2,[NaN;NaN;NaN;0],[27;959;27;-918],8,[0;0;0;NaN]},{'M',[64;94;14;-768],5,[1;1;1;1],0,[6;NaN;NaN;NaN],[36;15;14;15],2,[NaN;NaN;0;NaN],[-127;94;-108;-3],4,[NaN;0;NaN;8]},{'A',[91;865;41;783],10,[27;959;27;15],9,0,[64;-94;14;768],5,0},{'M',[-127;865;41;783],11,[-127;94;-108;-3],4,[0;NaN;NaN;NaN],[91;865;41;783],10,[NaN;0;0;0]},{'M',[1;60;14;32],3,[1;1;1;1],0,[0;NaN;NaN;5],[36;15;14;15],2,[NaN;2;0;NaN]},{'A',[-129;745;69;847],12,[-127;865;41;783],11,0,[-1;-60;14;32],3,1},{'M',[864;60;41;997],11,[36;15;14;15],2,[NaN;2;NaN;NaN],[27;959;27;-918],8,[5;NaN;NaN;NaN],[370;167;514;997],8,[NaN;NaN;NaN;0],[91;865;41;783],10,[NaN;NaN;0;NaN]},{'M',[-127;752;-108;-384],5,[-127;94;-108;-3],4,[0;3;0;7]},{'A',[737;-692;-67;613],12,[864;60;41;997],11,0,[-127;-752;-108;-384],5,0},{'M',[737;334;69;613],13,[370;167;514;997],8,[NaN;1;NaN;NaN],[-129;745;69;847],12,[NaN;NaN;0;NaN],[737;-692;-67;613],12,[0;NaN;NaN;0]},{'O',[737;334;69;613],13,[737;334;69;613],13,0},{'M',[370;959;27;997],9,[27;959;27;-918],8,[NaN;0;0;NaN],[370;167;514;997],8,[0;NaN;NaN;0]},{'O',[370;959;27;997],9,[370;959;27;997],9,0},{'M',[-516;-692;-67;-918],13,[27;959;27;-918],8,[NaN;NaN;NaN;0],[-129;745;69;847],12,[2;NaN;NaN;NaN],[737;-692;-67;613],12,[NaN;0;0;NaN]},{'O',[516;692;67;918],13,[516;692;67;918],13,0},{'M',[54;745;511;847],13,[37;76;511;-27],6,[NaN;NaN;0;NaN],[27;959;27;-918],8,[1;NaN;NaN;NaN],[-129;745;69;847],12,[NaN;0;NaN;0]},{'O',[54;745;511;847],13,[54;745;511;847],13,0},{'M',[91;865;514;783],11,[370;167;514;997],8,[NaN;NaN;0;NaN],[91;865;41;783],10,[0;0;NaN;0]},{'O',[91;865;514;783],11,[91;865;514;783],11,0}}
Adder graph: {{'M',[2;32;1;1],1,[1;1;1;1],0,[1;5;0;0]},{'M',[8;1;2;2],1,[1;1;1;1],0,[3;0;1;1]},{'A',[-14;30;-3;-3],2,[2;32;1;1],1,0,[-8;-1;-2;-2],1,1},{'M',[-56;1;-24;-12],3,[1;1;1;1],0,[NaN;0;NaN;NaN],[-14;30;-3;-3],2,[2;NaN;3;2]},{'M',[128;960;-3;-3],3,[1;1;1;1],0,[7;NaN;NaN;NaN],[-14;30;-3;-3],2,[NaN;5;0;0]},{'A',[-184;-959;-27;-15],4,[-56;1;-24;-12],3,0,[-128;-960;-3;-3],3,0},{'M',[-368;1;1;-30],5,[1;1;1;1],0,[NaN;0;0;NaN],[-184;-959;-27;-15],4,[1;NaN;NaN;1]},{'M',[2;2;-27;-120],5,[1;1;1;1],0,[1;1;NaN;NaN],[-184;-959;-27;-15],4,[NaN;NaN;0;3]},{'A',[-370;3;-26;-150],6,[-368;1;1;-30],5,0,[-2;2;-27;-120],5,0},{'M',[-740;96;-832;-15],7,[-184;-959;-27;-15],4,[NaN;NaN;NaN;0],[-370;3;-26;-150],6,[1;5;5;NaN]},{'M',[-224;3;-768;-768],7,[-14;30;-3;-3],2,[4;NaN;8;8],[-370;3;-26;-150],6,[NaN;0;NaN;NaN]},{'A',[-516;99;-64;-783],8,[-740;96;-832;-15],7,0,[224;3;768;-768],7,0},{'M',[1;-959;1;-783],9,[1;1;1;1],0,[0;NaN;0;NaN],[-184;-959;-27;-15],4,[NaN;0;NaN;NaN],[-516;99;-64;-783],8,[NaN;NaN;NaN;0]},{'M',[-14;396;-256;32],9,[1;1;1;1],0,[NaN;NaN;NaN;5],[-14;30;-3;-3],2,[0;NaN;NaN;NaN],[-516;99;-64;-783],8,[NaN;2;2;NaN]},{'A',[-27;-167;-511;-847],10,[1;-959;1;-783],9,0,[-14;396;-256;-32],9,1},{'M',[-27;-167;-96;-768],11,[-14;30;-3;-3],2,[NaN;NaN;5;8],[-27;-167;-511;-847],10,[0;0;NaN;NaN]},{'M',[64;6;-27;-150],7,[1;1;1;1],0,[6;NaN;NaN;NaN],[-184;-959;-27;-15],4,[NaN;NaN;0;NaN],[-370;3;-26;-150],6,[NaN;1;NaN;0]},{'A',[-91;-173;-69;-918],12,[-27;-167;-96;-768],11,0,[-64;-6;27;-150],7,0},{'M',[-182;-692;-3;-150],13,[-14;30;-3;-3],2,[NaN;NaN;0;NaN],[-370;3;-26;-150],6,[NaN;NaN;NaN;0],[-91;-173;-69;-918],12,[1;2;NaN;NaN]},{'M',[-91;-173;-511;-847],13,[-27;-167;-511;-847],10,[NaN;NaN;0;0],[-91;-173;-69;-918],12,[0;0;NaN;NaN]},{'A',[-91;-865;-514;-997],14,[-182;-692;-3;-150],13,0,[91;-173;-511;-847],13,0},{'M',[-736;-865;-64;-997],15,[-184;-959;-27;-15],4,[2;NaN;NaN;NaN],[-516;99;-64;-783],8,[NaN;NaN;0;NaN],[-91;-865;-514;-997],14,[NaN;0;NaN;0]},{'M',[1;120;-3;-384],3,[1;1;1;1],0,[0;NaN;NaN;NaN],[-14;30;-3;-3],2,[NaN;2;0;7]},{'A',[-737;-745;-67;-613],16,[-736;-865;-64;-997],15,0,[-1;120;-3;384],3,0},{'M',[-737;-334;-69;-613],17,[-27;-167;-511;-847],10,[NaN;1;NaN;NaN],[-91;-173;-69;-918],12,[NaN;NaN;0;NaN],[-737;-745;-67;-613],16,[0;NaN;NaN;0]},{'O',[737;334;69;613],17,[737;334;69;613],17,0},{'M',[-370;-959;-27;-997],15,[-184;-959;-27;-15],4,[NaN;0;0;NaN],[-370;3;-26;-150],6,[0;NaN;NaN;NaN],[-91;-865;-514;-997],14,[NaN;NaN;NaN;0]},{'O',[370;959;27;997],15,[370;959;27;997],15,0},{'M',[-516;-692;-67;-918],17,[-516;99;-64;-783],8,[0;NaN;NaN;NaN],[-91;-173;-69;-918],12,[NaN;2;NaN;0],[-737;-745;-67;-613],16,[NaN;NaN;0;NaN]},{'O',[516;692;67;918],17,[516;692;67;918],17,0},{'M',[-54;-745;-511;-847],17,[-27;-167;-511;-847],10,[1;NaN;0;0],[-737;-745;-67;-613],16,[NaN;0;NaN;NaN]},{'O',[54;745;511;847],17,[54;745;511;847],17,0},{'M',[-91;-865;-514;-783],15,[-516;99;-64;-783],8,[NaN;NaN;NaN;0],[-91;-865;-514;-997],14,[0;0;0;NaN]},{'O',[91;865;514;783],15,[91;865;514;783],15,0}}
Adder graph: {{'M',[2;4;2;1],1,[1;1;1;1],0,[1;2;1;0]},{'A',[9;15;9;5],2,[2;4;2;1],1,2,[1;-1;1;1],0,0},{'M',[512;512;512;5],3,[1;1;1;1],0,[9;9;9;NaN],[9;15;9;5],2,[NaN;NaN;NaN;0]},{'M',[4;15;1;32],3,[1;1;1;1],0,[2;NaN;0;5],[9;15;9;5],2,[NaN;0;NaN;NaN]},{'A',[508;527;511;-27],4,[512;512;512;5],3,0,[-4;15;-1;-32],3,0},{'M',[64;120;1;-27],5,[1;1;1;1],0,[6;NaN;0;NaN],[9;15;9;5],2,[NaN;3;NaN;NaN],[508;527;511;-27],4,[NaN;NaN;NaN;0]},{'M',[72;527;72;-864],5,[9;15;9;5],2,[3;NaN;3;NaN],[508;527;511;-27],4,[NaN;0;NaN;5]},{'A',[184;-47;-68;756],6,[64;120;1;-27],5,2,[-72;-527;-72;864],5,0},{'M',[184;-752;-68;756],7,[184;-47;-68;756],6,[0;4;0;0]},{'M',[1;60;1;-27],5,[1;1;1;1],0,[0;NaN;0;NaN],[9;15;9;5],2,[NaN;2;NaN;NaN],[508;527;511;-27],4,[NaN;NaN;NaN;0]},{'A',[185;-692;-67;783],8,[184;-752;-68;756],7,0,[1;60;1;27],5,0},{'M',[1;960;1;783],9,[1;1;1;1],0,[0;NaN;0;NaN],[9;15;9;5],2,[NaN;6;NaN;NaN],[185;-692;-67;783],8,[NaN;NaN;NaN;0]},{'M',[736;1;256;64],7,[1;1;1;1],0,[NaN;0;8;6],[184;-47;-68;756],6,[2;NaN;NaN;NaN]},{'A',[737;959;257;847],10,[1;960;1;783],9,0,[736;-1;256;64],7,0},{'M',[9;959;9;-27],11,[9;15;9;5],2,[0;NaN;0;NaN],[508;527;511;-27],4,[NaN;NaN;NaN;0],[737;959;257;847],10,[NaN;0;NaN;NaN]},{'M',[9;-47;9;512],7,[1;1;1;1],0,[NaN;NaN;NaN;9],[9;15;9;5],2,[0;NaN;0;NaN],[184;-47;-68;756],6,[NaN;0;NaN;NaN]},{'A',[27;865;27;997],12,[9;959;9;-27],11,0,[9;-47;9;512],7,1},{'M',[508;240;-67;-27],9,[9;15;9;5],2,[NaN;4;NaN;NaN],[508;527;511;-27],4,[0;NaN;NaN;0],[185;-692;-67;783],8,[NaN;NaN;0;NaN]},{'M',[512;-47;-68;320],7,[1;1;1;1],0,[9;NaN;NaN;NaN],[9;15;9;5],2,[NaN;NaN;NaN;6],[184;-47;-68;756],6,[NaN;0;0;NaN]},{'A',[-516;334;69;613],10,[508;240;-67;-27],9,0,[-512;47;68;320],7,1},{'M',[27;865;27;-27],13,[508;527;511;-27],4,[NaN;NaN;NaN;0],[27;865;27;997],12,[0;0;0;NaN]},{'M',[8;15;9;-54],5,[1;1;1;1],0,[3;NaN;NaN;NaN],[9;15;9;5],2,[NaN;0;0;NaN],[508;527;511;-27],4,[NaN;NaN;NaN;1]},{'A',[91;745;-45;-459],14,[27;865;27;-27],13,0,[8;-15;-9;-54],5,3},{'M',[737;334;69;613],11,[737;959;257;847],10,[0;NaN;NaN;NaN],[-516;334;69;613],10,[NaN;0;0;0]},{'O',[737;334;69;613],11,[737;334;69;613],11,0},{'M',[370;959;27;997],13,[185;-692;-67;783],8,[1;NaN;NaN;NaN],[737;959;257;847],10,[NaN;0;NaN;NaN],[27;865;27;997],12,[NaN;NaN;0;0]},{'O',[370;959;27;997],13,[370;959;27;997],13,0},{'M',[-516;-692;-67;-918],15,[185;-692;-67;783],8,[NaN;0;0;NaN],[-516;334;69;613],10,[0;NaN;NaN;NaN],[91;745;-45;-459],14,[NaN;NaN;NaN;1]},{'O',[516;692;67;918],15,[516;692;67;918],15,0},{'M',[54;745;511;847],15,[508;527;511;-27],4,[NaN;NaN;0;NaN],[737;959;257;847],10,[NaN;NaN;NaN;0],[27;865;27;997],12,[1;NaN;NaN;NaN],[91;745;-45;-459],14,[NaN;0;NaN;NaN]},{'O',[54;745;511;847],15,[54;745;511;847],15,0},{'M',[91;865;514;783],15,[185;-692;-67;783],8,[NaN;NaN;NaN;0],[737;959;257;847],10,[NaN;NaN;1;NaN],[27;865;27;997],12,[NaN;0;NaN;NaN],[91;745;-45;-459],14,[0;NaN;NaN;NaN]},{'O',[91;865;514;783],15,[91;865;514;783],15,0}}
Adder graph: {{'M',[4;1;1;1],1,[1;1;1;1],0,[2;0;0;0]},{'M',[1;32;1;1],1,[1;1;1;1],0,[0;5;0;0]},{'A',[7;-30;3;3],2,[4;1;1;1],1,1,[-1;-32;1;1],1,0},{'M',[2;1;1;1],1,[1;1;1;1],0,[1;0;0;0]},{'M',[7;-120;64;6],3,[1;1;1;1],0,[NaN;NaN;6;NaN],[7;-30;3;3],2,[0;2;NaN;1]},{'A',[-54;-959;-511;49],4,[2;1;1;1],1,0,[-7;-120;-64;6],3,3},{'M',[-54;-959;32;64],5,[1;1;1;1],0,[NaN;NaN;5;6],[-54;-959;-511;49],4,[0;0;NaN;NaN]},{'M',[8;-30;3;3],3,[1;1;1;1],0,[3;NaN;NaN;NaN],[7;-30;3;3],2,[NaN;0;0;0]},{'A',[-46;-929;35;67],6,[-54;-959;32;64],5,0,[8;30;3;3],3,0},{'M',[1;-929;3;1],7,[1;1;1;1],0,[0;NaN;NaN;0],[7;-30;3;3],2,[NaN;NaN;0;NaN],[-46;-929;35;67],6,[NaN;0;NaN;NaN]},{'M',[-46;32;32;392],7,[1;1;1;1],0,[NaN;5;5;NaN],[-54;-959;-511;49],4,[NaN;NaN;NaN;3],[-46;-929;35;67],6,[0;NaN;NaN;NaN]},{'A',[-91;-865;67;-783],8,[1;-929;3;1],7,0,[-46;32;32;-392],7,1},{'M',[-184;64;1;-783],9,[1;1;1;1],0,[NaN;6;0;NaN],[-46;-929;35;67],6,[2;NaN;NaN;NaN],[-91;-865;67;-783],8,[NaN;NaN;NaN;0]},{'M',[2;-30;70;64],7,[1;1;1;1],0,[1;NaN;NaN;6],[7;-30;3;3],2,[NaN;0;NaN;NaN],[-46;-929;35;67],6,[NaN;NaN;1;NaN]},{'A',[-186;94;-69;-847],10,[-184;64;1;-783],9,0,[-2;30;-70;-64],7,0},{'M',[256;-865;16;392],9,[1;1;1;1],0,[8;NaN;4;NaN],[-54;-959;-511;49],4,[NaN;NaN;NaN;3],[-91;-865;67;-783],8,[NaN;0;NaN;NaN]},{'M',[2;-120;35;67],7,[1;1;1;1],0,[1;NaN;NaN;NaN],[7;-30;3;3],2,[NaN;2;NaN;NaN],[-46;-929;35;67],6,[NaN;NaN;0;0]},{'A',[258;-745;-19;459],10,[256;-865;16;392],9,0,[2;120;-35;67],7,0},{'M',[-184;-240;-19;459],11,[7;-30;3;3],2,[NaN;3;NaN;NaN],[-46;-929;35;67],6,[2;NaN;NaN;NaN],[258;-745;-19;459],10,[NaN;NaN;0;0]},{'M',[-186;94;8;1072],11,[1;1;1;1],0,[NaN;NaN;3;NaN],[-46;-929;35;67],6,[NaN;NaN;NaN;4],[-186;94;-69;-847],10,[0;0;NaN;NaN]},{'A',[-370;-334;-27;-613],12,[-184;-240;-19;459],11,0,[-186;-94;-8;-1072],11,0},{'M',[-744;376;-276;-613],13,[-186;94;-69;-847],10,[2;2;2;NaN],[-370;-334;-27;-613],12,[NaN;NaN;NaN;0]},{'M',[7;-30;-19;384],11,[7;-30;3;3],2,[0;0;NaN;7],[258;-745;-19;459],10,[NaN;NaN;0;NaN]},{'A',[-737;346;-257;-997],14,[-744;376;-276;-613],13,0,[7;-30;19;-384],11,0},{'M',[-737;-334;-69;-613],15,[-186;94;-69;-847],10,[NaN;NaN;0;NaN],[-370;-334;-27;-613],12,[NaN;0;NaN;0],[-737;346;-257;-997],14,[0;NaN;NaN;NaN]},{'O',[737;334;69;613],15,[737;334;69;613],15,0},{'M',[-370;-959;-27;-997],15,[-54;-959;-511;49],4,[NaN;0;NaN;NaN],[-370;-334;-27;-613],12,[0;NaN;0;NaN],[-737;346;-257;-997],14,[NaN;NaN;NaN;0]},{'O',[370;959;27;997],15,[370;959;27;997],15,0},{'M',[516;692;67;918],15,[-91;-865;67;-783],8,[NaN;NaN;0;NaN],[258;-745;-19;459],10,[1;NaN;NaN;1],[-737;346;-257;-997],14,[NaN;1;NaN;NaN]},{'O',[516;692;67;918],15,[516;692;67;918],15,0},{'M',[-54;-745;-511;-847],11,[-54;-959;-511;49],4,[0;NaN;0;NaN],[-186;94;-69;-847],10,[NaN;NaN;NaN;0],[258;-745;-19;459],10,[NaN;0;NaN;NaN]},{'O',[54;745;511;847],11,[54;745;511;847],11,0},{'M',[-91;-865;-514;-783],15,[-91;-865;67;-783],8,[0;0;NaN;0],[-737;346;-257;-997],14,[NaN;NaN;1;NaN]},{'O',[91;865;514;783],15,[91;865;514;783],15,0}}
Adder graph: {{'M',[1;2;16;2],1,[1;1;1;1],0,[0;1;4;1]},{'M',[1;8;1;128],1,[1;1;1;1],0,[0;3;0;7]},{'A',[31;56;511;192],2,[1;2;16;2],1,5,[-1;-8;-1;128],1,0},{'M',[31;56;511;16],3,[1;1;1;1],0,[NaN;NaN;NaN;4],[31;56;511;192],2,[0;0;0;NaN]},{'M',[4;1;4;1],1,[1;1;1;1],0,[2;0;2;0]},{'A',[27;57;515;15],4,[31;56;511;16],3,0,[-4;1;4;-1],1,0},{'M',[27;57;515;30],5,[27;57;515;15],4,[0;0;0;1]},{'M',[64;224;1;120],5,[1;1;1;1],0,[6;NaN;0;NaN],[31;56;511;192],2,[NaN;2;NaN;NaN],[27;57;515;15],4,[NaN;NaN;NaN;3]},{'A',[91;-167;514;150],6,[27;57;515;30],5,0,[64;-224;-1;120],5,0},{'M',[32;8;515;15],5,[1;1;1;1],0,[5;3;NaN;NaN],[27;57;515;15],4,[NaN;NaN;0;0]},{'M',[8;-167;512;768],7,[1;1;1;1],0,[3;NaN;9;NaN],[31;56;511;192],2,[NaN;NaN;NaN;2],[91;-167;514;150],6,[NaN;0;NaN;NaN]},{'A',[24;-159;3;783],8,[32;8;515;15],5,0,[-8;-167;-512;768],7,0},{'M',[54;114;3;8],9,[1;1;1;1],0,[NaN;NaN;NaN;3],[27;57;515;15],4,[1;1;NaN;NaN],[24;-159;3;783],8,[NaN;NaN;0;NaN]},{'M',[62;-167;3;783],9,[31;56;511;192],2,[1;NaN;NaN;NaN],[91;-167;514;150],6,[NaN;0;NaN;NaN],[24;-159;3;783],8,[NaN;NaN;0;0]},{'A',[370;745;27;847],10,[54;114;3;8],9,3,[-62;-167;3;783],9,0},{'M',[31;-159;27;847],11,[31;56;511;192],2,[0;NaN;NaN;NaN],[24;-159;3;783],8,[NaN;0;NaN;NaN],[370;745;27;847],10,[NaN;NaN;0;0]},{'M',[768;1024;96;150],9,[1;1;1;1],0,[NaN;10;NaN;NaN],[91;-167;514;150],6,[NaN;NaN;NaN;0],[24;-159;3;783],8,[5;NaN;5;NaN]},{'A',[-737;865;-69;997],12,[31;-159;27;847],11,0,[-768;1024;-96;150],9,0},{'M',[4;56;3;150],9,[1;1;1;1],0,[2;NaN;NaN;NaN],[31;56;511;192],2,[NaN;0;NaN;NaN],[91;-167;514;150],6,[NaN;NaN;NaN;0],[24;-159;3;783],8,[NaN;NaN;0;NaN]},{'M',[128;-159;16;192],9,[1;1;1;1],0,[7;NaN;4;NaN],[31;56;511;192],2,[NaN;NaN;NaN;0],[24;-159;3;783],8,[NaN;0;NaN;NaN]},{'A',[516;692;67;918],10,[4;56;3;150],9,0,[128;159;16;192],9,2},{'M',[432;912;511;192],5,[31;56;511;192],2,[NaN;NaN;0;0],[27;57;515;15],4,[4;4;NaN;NaN]},{'M',[370;865;27;997],13,[370;745;27;847],10,[0;NaN;0;NaN],[-737;865;-69;997],12,[NaN;0;NaN;0]},{'A',[494;959;1049;-613],14,[432;912;511;192],5,1,[-370;-865;27;-997],13,0},{'M',[-737;-334;-69;-613],15,[91;-167;514;150],6,[NaN;1;NaN;NaN],[-737;865;-69;997],12,[0;NaN;0;NaN],[494;959;1049;-613],14,[NaN;NaN;NaN;0]},{'O',[737;334;69;613],15,[737;334;69;613],15,0},{'M',[370;959;27;997],15,[370;745;27;847],10,[0;NaN;0;NaN],[-737;865;-69;997],12,[NaN;NaN;NaN;0],[494;959;1049;-613],14,[NaN;0;NaN;NaN]},{'O',[370;959;27;997],15,[370;959;27;997],15,0},{'O',[516;692;67;918],10,[516;692;67;918],10,0},{'M',[54;745;511;847],11,[31;56;511;192],2,[NaN;NaN;0;NaN],[27;57;515;15],4,[1;NaN;NaN;NaN],[370;745;27;847],10,[NaN;0;NaN;0]},{'O',[54;745;511;847],11,[54;745;511;847],11,0},{'M',[91;865;514;783],13,[91;-167;514;150],6,[0;NaN;0;NaN],[24;-159;3;783],8,[NaN;NaN;NaN;0],[-737;865;-69;997],12,[NaN;0;NaN;NaN]},{'O',[91;865;514;783],13,[91;865;514;783],13,0}}
Adder graph: {{'M',[1;8;1;16],1,[1;1;1;1],0,[0;3;0;4]},{'M',[4;64;64;1],1,[1;1;1;1],0,[2;6;6;0]},{'A',[-3;-56;-63;15],2,[1;8;1;16],1,0,[-4;-64;-64;-1],1,0},{'M',[16;1;2;1],1,[1;1;1;1],0,[4;0;1;0]},{'M',[-3;-56;8;4],3,[1;1;1;1],0,[NaN;NaN;3;2],[-3;-56;-63;15],2,[0;0;NaN;NaN]},{'A',[19;57;-6;-3],4,[16;1;2;1],1,0,[3;56;-8;-4],3,0},{'M',[4;4;256;15],3,[1;1;1;1],0,[2;2;8;NaN],[-3;-56;-63;15],2,[NaN;NaN;NaN;0]},{'M',[19;2;2;-3],5,[1;1;1;1],0,[NaN;1;1;NaN],[19;57;-6;-3],4,[0;NaN;NaN;0]},{'A',[27;6;514;27],6,[4;4;256;15],3,1,[19;-2;2;-3],5,0},{'M',[27;57;-63;15],7,[-3;-56;-63;15],2,[NaN;NaN;0;0],[19;57;-6;-3],4,[NaN;0;NaN;NaN],[27;6;514;27],6,[0;NaN;NaN;NaN]},{'M',[16;-56;-96;-192],5,[1;1;1;1],0,[4;NaN;NaN;NaN],[-3;-56;-63;15],2,[NaN;0;NaN;NaN],[19;57;-6;-3],4,[NaN;NaN;4;6]},{'A',[91;-167;-447;783],8,[27;57;-63;15],7,0,[16;-56;-96;192],5,2},{'M',[19;57;4;4],5,[1;1;1;1],0,[NaN;NaN;2;2],[19;57;-6;-3],4,[0;0;NaN;NaN]},{'M',[19;-167;-447;783],9,[19;57;-6;-3],4,[0;NaN;NaN;NaN],[91;-167;-447;783],8,[NaN;0;0;0]},{'A',[285;745;511;847],10,[19;57;4;4],5,4,[-19;-167;447;783],9,0},{'M',[-6;6;514;27],7,[-3;-56;-63;15],2,[1;NaN;NaN;NaN],[27;6;514;27],6,[NaN;0;0;0]},{'M',[364;-167;-447;1024],9,[1;1;1;1],0,[NaN;NaN;NaN;10],[91;-167;-447;783],8,[2;0;0;NaN]},{'A',[-370;173;67;-997],10,[-6;6;514;27],7,0,[-364;167;-447;-1024],9,0},{'M',[-740;173;-6;-997],11,[19;57;-6;-3],4,[NaN;NaN;0;NaN],[-370;173;67;-997],10,[1;0;NaN;0]},{'M',[-3;692;-63;-384],11,[-3;-56;-63;15],2,[0;NaN;0;NaN],[19;57;-6;-3],4,[NaN;NaN;NaN;7],[-370;173;67;-997],10,[NaN;2;NaN;NaN]},{'A',[-737;865;-69;-613],12,[-740;173;-6;-997],11,0,[3;692;-63;384],11,0},{'M',[285;865;-96;432],13,[19;57;-6;-3],4,[NaN;NaN;4;NaN],[27;6;514;27],6,[NaN;NaN;NaN;4],[285;745;511;847],10,[0;NaN;NaN;NaN],[-737;865;-69;-613],12,[NaN;0;NaN;NaN]},{'M',[27;1824;-69;27],13,[19;57;-6;-3],4,[NaN;5;NaN;NaN],[27;6;514;27],6,[0;NaN;NaN;0],[-737;865;-69;-613],12,[NaN;NaN;0;NaN]},{'A',[258;-959;-27;459],14,[285;865;-96;432],13,0,[-27;-1824;69;27],13,0},{'M',[-737;-334;-69;-613],13,[91;-167;-447;783],8,[NaN;1;NaN;NaN],[-737;865;-69;-613],12,[0;NaN;0;0]},{'O',[737;334;69;613],13,[737;334;69;613],13,0},{'M',[-370;-959;-27;-997],15,[-370;173;67;-997],10,[0;NaN;NaN;0],[258;-959;-27;459],14,[NaN;0;0;NaN]},{'O',[370;959;27;997],15,[370;959;27;997],15,0},{'M',[516;692;67;918],15,[-370;173;67;-997],10,[NaN;2;0;NaN],[258;-959;-27;459],14,[1;NaN;NaN;1]},{'O',[516;692;67;918],15,[516;692;67;918],15,0},{'M',[54;745;511;847],11,[27;6;514;27],6,[1;NaN;NaN;NaN],[285;745;511;847],10,[NaN;0;0;0]},{'O',[54;745;511;847],11,[54;745;511;847],11,0},{'M',[91;865;514;783],13,[27;6;514;27],6,[NaN;NaN;0;NaN],[91;-167;-447;783],8,[0;NaN;NaN;0],[-737;865;-69;-613],12,[NaN;0;NaN;NaN]},{'O',[91;865;514;783],13,[91;865;514;783],13,0}}
Adder graph: {{'M',[4;8;1;8],1,[1;1;1;1],0,[2;3;0;3]},{'A',[-7;-15;3;-15],2,[1;1;1;1],0,0,[-4;-8;1;-8],1,1},{'M',[2;-15;3;-15],3,[1;1;1;1],0,[1;NaN;NaN;NaN],[-7;-15;3;-15],2,[NaN;0;0;0]},{'M',[8;8;4;-15],3,[1;1;1;1],0,[3;3;2;NaN],[-7;-15;3;-15],2,[NaN;NaN;NaN;0]},{'A',[34;-47;-13;-75],4,[2;-15;3;-15],3,0,[8;-8;-4;-15],3,2},{'M',[2;-94;1;2],5,[1;1;1;1],0,[1;NaN;0;1],[34;-47;-13;-75],4,[NaN;1;NaN;NaN]},{'M',[-14;-30;128;1],3,[1;1;1;1],0,[NaN;NaN;7;0],[-7;-15;3;-15],2,[1;1;NaN;NaN]},{'A',[-54;-214;-511;6],6,[2;-94;1;2],5,0,[-14;-30;-128;1],3,2},{'M',[16;-960;-511;-15],7,[1;1;1;1],0,[4;NaN;NaN;NaN],[-7;-15;3;-15],2,[NaN;6;NaN;0],[-54;-214;-511;6],6,[NaN;NaN;0;NaN]},{'M',[-108;1;3;768],7,[1;1;1;1],0,[NaN;0;NaN;NaN],[-7;-15;3;-15],2,[NaN;NaN;0;NaN],[-54;-214;-511;6],6,[1;NaN;NaN;7]},{'A',[-92;-959;-514;-783],8,[16;-960;-511;-15],7,0,[-108;1;-3;-768],7,0},{'M',[-92;-959;96;-783],9,[-7;-15;3;-15],2,[NaN;NaN;5;NaN],[-92;-959;-514;-783],8,[0;0;NaN;0]},{'M',[1;-214;3;64],7,[1;1;1;1],0,[0;NaN;NaN;6],[-7;-15;3;-15],2,[NaN;NaN;0;NaN],[-54;-214;-511;6],6,[NaN;0;NaN;NaN]},{'A',[-91;-745;93;-847],10,[-92;-959;96;-783],9,0,[1;214;-3;-64],7,0},{'M',[-7;-15;-26;-150],5,[-7;-15;3;-15],2,[0;0;NaN;NaN],[34;-47;-13;-75],4,[NaN;NaN;1;1]},{'M',[136;-188;1;-847],11,[1;1;1;1],0,[NaN;NaN;0;NaN],[34;-47;-13;-75],4,[2;2;NaN;NaN],[-91;-745;93;-847],10,[NaN;NaN;NaN;0]},{'A',[129;173;-27;-997],12,[-7;-15;-26;-150],5,0,[136;188;-1;-847],11,0},{'M',[-736;-745;93;768],11,[-54;-214;-511;6],6,[NaN;NaN;NaN;7],[-92;-959;-514;-783],8,[3;NaN;NaN;NaN],[-91;-745;93;-847],10,[NaN;0;0;NaN]},{'M',[1;-120;-26;-150],5,[1;1;1;1],0,[0;NaN;NaN;NaN],[-7;-15;3;-15],2,[NaN;3;NaN;NaN],[34;-47;-13;-75],4,[NaN;NaN;1;1]},{'A',[-737;-865;67;918],12,[-736;-745;93;768],11,0,[-1;-120;-26;150],5,0},{'M',[-7;-15;3;48],7,[-7;-15;3;-15],2,[0;0;0;NaN],[-54;-214;-511;6],6,[NaN;NaN;NaN;3]},{'M',[129;-214;93;-997],13,[-54;-214;-511;6],6,[NaN;0;NaN;NaN],[-91;-745;93;-847],10,[NaN;NaN;0;NaN],[129;173;-27;-997],12,[0;NaN;NaN;0]},{'A',[-185;-334;-69;-613],14,[-7;-15;3;48],7,3,[-129;-214;-93;-997],13,0},{'M',[-737;-334;-69;-613],15,[-737;-865;67;918],12,[0;NaN;NaN;NaN],[-185;-334;-69;-613],14,[NaN;0;0;0]},{'O',[737;334;69;613],15,[737;334;69;613],15,0},{'M',[-370;-959;-27;-997],15,[-92;-959;-514;-783],8,[NaN;0;NaN;NaN],[129;173;-27;-997],12,[NaN;NaN;0;0],[-185;-334;-69;-613],14,[1;NaN;NaN;NaN]},{'O',[370;959;27;997],15,[370;959;27;997],15,0},{'M',[516;692;67;918],13,[129;173;-27;-997],12,[2;2;NaN;NaN],[-737;-865;67;918],12,[NaN;NaN;0;0]},{'O',[516;692;67;918],13,[516;692;67;918],13,0},{'M',[-54;-745;-511;-847],11,[-54;-214;-511;6],6,[0;NaN;0;NaN],[-91;-745;93;-847],10,[NaN;0;NaN;0]},{'O',[54;745;511;847],11,[54;745;511;847],11,0},{'M',[-91;-865;-514;-783],13,[-92;-959;-514;-783],8,[NaN;NaN;0;0],[-91;-745;93;-847],10,[0;NaN;NaN;NaN],[-737;-865;67;918],12,[NaN;0;NaN;NaN]},{'O',[91;865;514;783],13,[91;865;514;783],13,0}}
Adder graph: {{'M',[1;4;1;1],1,[1;1;1;1],0,[0;2;0;0]},{'A',[3;15;5;5],2,[1;4;1;1],1,2,[-1;-1;1;1],0,0},{'M',[2;15;40;40],3,[1;1;1;1],0,[1;NaN;NaN;NaN],[3;15;5;5],2,[NaN;0;3;3]},{'M',[96;64;64;1],3,[1;1;1;1],0,[NaN;6;6;0],[3;15;5;5],2,[5;NaN;NaN;NaN]},{'A',[-92;94;16;81],4,[2;15;40;40],3,1,[-96;64;-64;1],3,0},{'M',[1;1;1;32],1,[1;1;1;1],0,[0;0;0;5]},{'M',[2;960;2;5],3,[1;1;1;1],0,[1;NaN;1;NaN],[3;15;5;5],2,[NaN;6;NaN;0]},{'A',[-1;-959;-1;27],4,[1;1;1;32],1,0,[-2;-960;-2;-5],3,0},{'M',[-128;15;5;640],5,[3;15;5;5],2,[NaN;0;0;7],[-1;-959;-1;27],4,[7;NaN;NaN;NaN]},{'M',[-1;188;32;27],5,[-92;94;16;81],4,[NaN;1;1;NaN],[-1;-959;-1;27],4,[0;NaN;NaN;0]},{'A',[-129;-173;-27;613],6,[-128;15;5;640],5,0,[-1;-188;-32;-27],5,0},{'M',[-92;15;-27;81],7,[3;15;5;5],2,[NaN;0;NaN;NaN],[-92;94;16;81],4,[0;NaN;NaN;0],[-129;-173;-27;613],6,[NaN;NaN;0;NaN]},{'M',[-1;752;40;864],5,[3;15;5;5],2,[NaN;NaN;3;NaN],[-92;94;16;81],4,[NaN;3;NaN;NaN],[-1;-959;-1;27],4,[0;NaN;NaN;5]},{'A',[-91;-737;-67;-783],8,[-92;15;-27;81],7,0,[1;-752;-40;-864],5,0},{'M',[-2;-959;-2;27],5,[-1;-959;-1;27],4,[1;0;1;0]},{'M',[-368;94;512;1024],5,[1;1;1;1],0,[NaN;NaN;9;10],[-92;94;16;81],4,[2;0;NaN;NaN]},{'A',[-370;-865;-514;-997],6,[-2;-959;-2;27],5,0,[-368;94;-512;-1024],5,0},{'M',[1;240;5;-783],9,[1;1;1;1],0,[0;NaN;NaN;NaN],[3;15;5;5],2,[NaN;4;0;NaN],[-91;-737;-67;-783],8,[NaN;NaN;NaN;0]},{'M',[-736;94;64;324],5,[-92;94;16;81],4,[3;0;2;2]},{'A',[737;334;69;-459],10,[1;240;5;-783],9,0,[736;94;64;324],5,0},{'M',[-91;-737;1;-783],9,[1;1;1;1],0,[NaN;NaN;0;NaN],[-91;-737;-67;-783],8,[0;0;NaN;0]},{'M',[8;1;-64;8],5,[1;1;1;1],0,[3;0;NaN;3],[-1;-959;-1;27],4,[NaN;NaN;6;NaN]},{'A',[-27;-745;-511;-847],10,[-91;-737;1;-783],9,0,[8;-1;-64;-8],5,3},{'M',[737;334;69;613],11,[-129;-173;-27;613],6,[NaN;NaN;NaN;0],[737;334;69;-459],10,[0;0;0;NaN]},{'O',[737;334;69;613],11,[737;334;69;613],11,0},{'M',[-370;-959;-27;-997],7,[-1;-959;-1;27],4,[NaN;0;NaN;NaN],[-129;-173;-27;613],6,[NaN;NaN;0;NaN],[-370;-865;-514;-997],6,[0;NaN;NaN;0]},{'O',[370;959;27;997],7,[370;959;27;997],7,0},{'M',[-516;-692;-67;-918],11,[-129;-173;-27;613],6,[2;2;NaN;NaN],[-91;-737;-67;-783],8,[NaN;NaN;0;NaN],[737;334;69;-459],10,[NaN;NaN;NaN;1]},{'O',[516;692;67;918],11,[516;692;67;918],11,0},{'M',[-54;-745;-511;-847],11,[-27;-745;-511;-847],10,[1;0;0;0]},{'O',[54;745;511;847],11,[54;745;511;847],11,0},{'M',[-91;-865;-514;-783],9,[-91;-737;-67;-783],8,[0;NaN;NaN;0],[-370;-865;-514;-997],6,[NaN;0;0;NaN]},{'O',[91;865;514;783],9,[91;865;514;783],9,0}}
Adder graph: {{'M',[128;64;128;1],1,[1;1;1;1],0,[7;6;7;0]},{'M',[8;1;1;1],1,[1;1;1;1],0,[3;0;0;0]},{'A',[96;60;132;5],2,[128;64;128;1],1,0,[-8;-1;1;1],1,2},{'M',[1;8;8;8],1,[1;1;1;1],0,[0;3;3;3]},{'M',[96;8;8;5],3,[1;1;1;1],0,[NaN;3;3;NaN],[96;60;132;5],2,[0;NaN;NaN;0]},{'A',[-92;24;24;27],4,[1;8;8;8],1,2,[-96;-8;-8;-5],3,0},{'M',[16;96;16;27],5,[1;1;1;1],0,[4;NaN;4;NaN],[-92;24;24;27],4,[NaN;2;NaN;0]},{'M',[1;1;1;432],5,[1;1;1;1],0,[0;0;0;NaN],[-92;24;24;27],4,[NaN;NaN;NaN;4]},{'A',[14;94;14;-837],6,[16;96;16;27],5,0,[-1;-1;-1;-432],5,1},{'M',[1;1;1;640],3,[1;1;1;1],0,[0;0;0;NaN],[96;60;132;5],2,[NaN;NaN;NaN;7]},{'M',[-736;960;28;27],7,[96;60;132;5],2,[NaN;4;NaN;NaN],[-92;24;24;27],4,[3;NaN;NaN;0],[14;94;14;-837],6,[NaN;NaN;1;NaN]},{'A',[737;-959;-27;613],8,[1;1;1;640],3,0,[736;-960;-28;-27],7,0},{'M',[4;752;1;864],7,[1;1;1;1],0,[2;NaN;0;NaN],[-92;24;24;27],4,[NaN;NaN;NaN;5],[14;94;14;-837],6,[NaN;3;NaN;NaN]},{'M',[512;60;512;54],5,[1;1;1;1],0,[9;NaN;9;NaN],[96;60;132;5],2,[NaN;0;NaN;NaN],[-92;24;24;27],4,[NaN;NaN;NaN;1]},{'A',[516;692;-511;918],8,[4;752;1;864],7,0,[512;-60;-512;54],5,0},{'M',[-92;94;14;-837],7,[-92;24;24;27],4,[0;NaN;NaN;NaN],[14;94;14;-837],6,[NaN;0;0;0]},{'M',[1;-959;528;10],9,[1;1;1;1],0,[0;NaN;NaN;NaN],[96;60;132;5],2,[NaN;NaN;2;1],[737;-959;-27;613],8,[NaN;0;NaN;NaN]},{'A',[-91;-865;-514;-847],10,[-92;94;14;-837],7,0,[1;-959;-528;-10],9,0},{'M',[14;94;-27;-837],9,[14;94;14;-837],6,[0;0;NaN;0],[737;-959;-27;613],8,[NaN;NaN;0;NaN]},{'M',[96;60;24;40],5,[96;60;132;5],2,[0;0;NaN;3],[-92;24;24;27],4,[NaN;NaN;0;NaN]},{'A',[-370;334;69;-997],10,[14;94;-27;-837],9,0,[-96;60;24;-40],5,2},{'M',[64;120;69;64],11,[1;1;1;1],0,[6;NaN;NaN;6],[96;60;132;5],2,[NaN;1;NaN;NaN],[-370;334;69;-997],10,[NaN;NaN;0;NaN]},{'M',[-91;-865;2;-847],11,[1;1;1;1],0,[NaN;NaN;1;NaN],[-91;-865;-514;-847],10,[0;0;NaN;0]},{'A',[-27;-745;67;-783],12,[64;120;69;64],11,0,[-91;-865;-2;-847],11,0},{'M',[737;334;69;613],11,[737;-959;-27;613],8,[0;NaN;NaN;0],[-370;334;69;-997],10,[NaN;0;0;NaN]},{'O',[737;334;69;613],11,[737;334;69;613],11,0},{'M',[-370;-959;-27;-997],11,[737;-959;-27;613],8,[NaN;0;0;NaN],[-370;334;69;-997],10,[0;NaN;NaN;0]},{'O',[370;959;27;997],11,[370;959;27;997],11,0},{'M',[516;692;67;918],13,[516;692;-511;918],8,[0;0;NaN;0],[-27;-745;67;-783],12,[NaN;NaN;0;NaN]},{'O',[516;692;67;918],13,[516;692;67;918],13,0},{'M',[-54;-745;-511;-847],13,[516;692;-511;918],8,[NaN;NaN;0;NaN],[-91;-865;-514;-847],10,[NaN;NaN;NaN;0],[-27;-745;67;-783],12,[1;0;NaN;NaN]},{'O',[54;745;511;847],13,[54;745;511;847],13,0},{'M',[-91;-865;-514;-783],13,[-91;-865;-514;-847],10,[0;0;0;NaN],[-27;-745;67;-783],12,[NaN;NaN;NaN;0]},{'O',[91;865;514;783],13,[91;865;514;783],13,0}}
Finished solving after 7337.98 seconds
Adder graph: {{'M',[128;64;128;1],1,[1;1;1;1],0,[7;6;7;0]},{'M',[8;1;1;1],1,[1;1;1;1],0,[3;0;0;0]},{'A',[96;60;132;5],2,[128;64;128;1],1,0,[-8;-1;1;1],1,2},{'M',[1;8;8;8],1,[1;1;1;1],0,[0;3;3;3]},{'M',[96;8;8;5],3,[1;1;1;1],0,[NaN;3;3;NaN],[96;60;132;5],2,[0;NaN;NaN;0]},{'A',[-92;24;24;27],4,[1;8;8;8],1,2,[-96;-8;-8;-5],3,0},{'M',[16;96;16;27],5,[1;1;1;1],0,[4;NaN;4;NaN],[-92;24;24;27],4,[NaN;2;NaN;0]},{'M',[1;1;1;432],5,[1;1;1;1],0,[0;0;0;NaN],[-92;24;24;27],4,[NaN;NaN;NaN;4]},{'A',[14;94;14;-837],6,[16;96;16;27],5,0,[-1;-1;-1;-432],5,1},{'M',[1;1;1;640],3,[1;1;1;1],0,[0;0;0;NaN],[96;60;132;5],2,[NaN;NaN;NaN;7]},{'M',[-736;960;28;27],7,[96;60;132;5],2,[NaN;4;NaN;NaN],[-92;24;24;27],4,[3;NaN;NaN;0],[14;94;14;-837],6,[NaN;NaN;1;NaN]},{'A',[737;-959;-27;613],8,[1;1;1;640],3,0,[736;-960;-28;-27],7,0},{'M',[4;752;1;864],7,[1;1;1;1],0,[2;NaN;0;NaN],[-92;24;24;27],4,[NaN;NaN;NaN;5],[14;94;14;-837],6,[NaN;3;NaN;NaN]},{'M',[512;60;512;54],5,[1;1;1;1],0,[9;NaN;9;NaN],[96;60;132;5],2,[NaN;0;NaN;NaN],[-92;24;24;27],4,[NaN;NaN;NaN;1]},{'A',[516;692;-511;918],8,[4;752;1;864],7,0,[512;-60;-512;54],5,0},{'M',[-92;94;14;-837],7,[-92;24;24;27],4,[0;NaN;NaN;NaN],[14;94;14;-837],6,[NaN;0;0;0]},{'M',[1;-959;528;10],9,[1;1;1;1],0,[0;NaN;NaN;NaN],[96;60;132;5],2,[NaN;NaN;2;1],[737;-959;-27;613],8,[NaN;0;NaN;NaN]},{'A',[-91;-865;-514;-847],10,[-92;94;14;-837],7,0,[1;-959;-528;-10],9,0},{'M',[14;94;-27;-837],9,[14;94;14;-837],6,[0;0;NaN;0],[737;-959;-27;613],8,[NaN;NaN;0;NaN]},{'M',[96;60;24;40],5,[96;60;132;5],2,[0;0;NaN;3],[-92;24;24;27],4,[NaN;NaN;0;NaN]},{'A',[-370;334;69;-997],10,[14;94;-27;-837],9,0,[-96;60;24;-40],5,2},{'M',[64;120;69;64],11,[1;1;1;1],0,[6;NaN;NaN;6],[96;60;132;5],2,[NaN;1;NaN;NaN],[-370;334;69;-997],10,[NaN;NaN;0;NaN]},{'M',[-91;-865;2;-847],11,[1;1;1;1],0,[NaN;NaN;1;NaN],[-91;-865;-514;-847],10,[0;0;NaN;0]},{'A',[-27;-745;67;-783],12,[64;120;69;64],11,0,[-91;-865;-2;-847],11,0},{'M',[737;334;69;613],11,[737;-959;-27;613],8,[0;NaN;NaN;0],[-370;334;69;-997],10,[NaN;0;0;NaN]},{'O',[737;334;69;613],11,[737;334;69;613],11,0},{'M',[-370;-959;-27;-997],11,[737;-959;-27;613],8,[NaN;0;0;NaN],[-370;334;69;-997],10,[0;NaN;NaN;0]},{'O',[370;959;27;997],11,[370;959;27;997],11,0},{'M',[516;692;67;918],13,[516;692;-511;918],8,[0;0;NaN;0],[-27;-745;67;-783],12,[NaN;NaN;0;NaN]},{'O',[516;692;67;918],13,[516;692;67;918],13,0},{'M',[-54;-745;-511;-847],13,[516;692;-511;918],8,[NaN;NaN;0;NaN],[-91;-865;-514;-847],10,[NaN;NaN;NaN;0],[-27;-745;67;-783],12,[1;0;NaN;NaN]},{'O',[54;745;511;847],13,[54;745;511;847],13,0},{'M',[-91;-865;-514;-783],13,[-91;-865;-514;-847],10,[0;0;0;NaN],[-27;-745;67;-783],12,[NaN;NaN;NaN;0]},{'O',[91;865;514;783],13,[91;865;514;783],13,0}}
# Add optimal = 1
# Mux optimal = 0
# FAs optimal = 0
