Adder graph: {{'M',[1;8;1;1],1,[1;1;1;1],0,[0;3;0;0]},{'M',[512;1;16;4],1,[1;1;1;1],0,[9;0;4;2]},{'A',[-511;7;17;-3],2,[1;8;1;1],1,0,[-512;-1;16;-4],1,0},{'M',[2;1;1;-48],3,[1;1;1;1],0,[1;0;0;NaN],[-511;7;17;-3],2,[NaN;NaN;NaN;4]},{'M',[16;224;64;-3],3,[1;1;1;1],0,[4;NaN;6;NaN],[-511;7;17;-3],2,[NaN;5;NaN;0]},{'A',[18;-223;-63;-45],4,[2;1;1;-48],3,0,[16;-224;-64;3],3,0},{'M',[18;-892;64;1024],5,[1;1;1;1],0,[NaN;NaN;6;10],[18;-223;-63;-45],4,[0;2;NaN;NaN]},{'M',[4;7;17;2],3,[1;1;1;1],0,[2;NaN;NaN;1],[-511;7;17;-3],2,[NaN;0;0;NaN]},{'A',[22;-885;47;1022],6,[18;-892;64;1024],5,0,[4;7;-17;-2],3,0},{'M',[88;512;-63;-384],7,[1;1;1;1],0,[NaN;9;NaN;NaN],[-511;7;17;-3],2,[NaN;NaN;NaN;7],[18;-223;-63;-45],4,[NaN;NaN;0;NaN],[22;-885;47;1022],6,[2;NaN;NaN;NaN]},{'M',[-511;1;256;-3],3,[1;1;1;1],0,[NaN;0;8;NaN],[-511;7;17;-3],2,[0;NaN;NaN;0]},{'A',[-423;511;-319;-387],8,[88;512;-63;-384],7,0,[-511;-1;-256;-3],3,0},{'M',[-423;-223;-638;128],9,[1;1;1;1],0,[NaN;NaN;NaN;7],[18;-223;-63;-45],4,[NaN;0;NaN;NaN],[-423;511;-319;-387],8,[0;NaN;1;NaN]},{'M',[64;14;1504;-45],7,[1;1;1;1],0,[6;NaN;NaN;NaN],[-511;7;17;-3],2,[NaN;1;NaN;NaN],[18;-223;-63;-45],4,[NaN;NaN;NaN;0],[22;-885;47;1022],6,[NaN;NaN;5;NaN]},{'A',[-359;-209;866;173],10,[-423;-223;-638;128],9,0,[64;14;1504;45],7,0},{'M',[72;56;1;-360],5,[1;1;1;1],0,[NaN;NaN;0;NaN],[-511;7;17;-3],2,[NaN;3;NaN;NaN],[18;-223;-63;-45],4,[2;NaN;NaN;3]},{'M',[-718;-209;272;-45],11,[-511;7;17;-3],2,[NaN;NaN;4;NaN],[18;-223;-63;-45],4,[NaN;NaN;NaN;0],[-359;-209;866;173],10,[1;0;NaN;NaN]},{'A',[790;265;-271;-405],12,[72;56;1;-360],5,0,[718;209;-272;-45],11,0},{'M',[-511;1022;-63;346],11,[-511;7;17;-3],2,[0;NaN;NaN;NaN],[18;-223;-63;-45],4,[NaN;NaN;0;NaN],[-423;511;-319;-387],8,[NaN;1;NaN;NaN],[-359;-209;866;173],10,[NaN;NaN;NaN;1]},{'M',[288;56;-63;-24],5,[-511;7;17;-3],2,[NaN;3;NaN;3],[18;-223;-63;-45],4,[4;NaN;0;NaN]},{'A',[-799;966;0;370],12,[-511;1022;-63;346],11,0,[-288;-56;63;24],5,0},{'M',[22;448;68;1022],7,[-511;7;17;-3],2,[NaN;6;2;NaN],[22;-885;47;1022],6,[0;NaN;NaN;0]},{'M',[-359;265;-126;-48],13,[-511;7;17;-3],2,[NaN;NaN;NaN;4],[18;-223;-63;-45],4,[NaN;NaN;1;NaN],[-359;-209;866;173],10,[0;NaN;NaN;NaN],[790;265;-271;-405],12,[NaN;0;NaN;NaN]},{'A',[381;183;194;974],14,[22;448;68;1022],7,0,[359;-265;126;-48],13,0},{'M',[790;966;866;974],15,[-359;-209;866;173],10,[NaN;NaN;0;NaN],[790;265;-271;-405],12,[0;NaN;NaN;NaN],[-799;966;0;370],12,[NaN;0;NaN;NaN],[381;183;194;974],14,[NaN;NaN;NaN;0]},{'O',[790;966;866;974],15,[790;966;866;974],15,0},{'M',[-423;-885;-319;-405],13,[22;-885;47;1022],6,[NaN;0;NaN;NaN],[-423;511;-319;-387],8,[0;NaN;0;NaN],[790;265;-271;-405],12,[NaN;NaN;NaN;0]},{'O',[423;885;319;405],13,[423;885;319;405],13,0},{'M',[-799;-836;-271;-387],13,[-423;511;-319;-387],8,[NaN;NaN;NaN;0],[-359;-209;866;173],10,[NaN;2;NaN;NaN],[790;265;-271;-405],12,[NaN;NaN;0;NaN],[-799;966;0;370],12,[0;NaN;NaN;NaN]},{'O',[799;836;271;387],13,[799;836;271;387],13,0},{'M',[381;265;136;173],15,[-511;7;17;-3],2,[NaN;NaN;3;NaN],[-359;-209;866;173],10,[NaN;NaN;NaN;0],[790;265;-271;-405],12,[NaN;0;NaN;NaN],[381;183;194;974],14,[0;NaN;NaN;NaN]},{'O',[381;265;136;173],15,[381;265;136;173],15,0},{'M',[176;732;194;740],15,[22;-885;47;1022],6,[3;NaN;NaN;NaN],[-799;966;0;370],12,[NaN;NaN;NaN;1],[381;183;194;974],14,[NaN;2;0;NaN]},{'O',[176;732;194;740],15,[176;732;194;740],15,0}}
Adder graph: {{'M',[2;1;2;4],1,[1;1;1;1],0,[1;0;1;2]},{'M',[16;8;32;1],1,[1;1;1;1],0,[4;3;5;0]},{'A',[-14;9;34;5],2,[2;1;2;4],1,0,[-16;8;32;1],1,0},{'M',[128;64;1;160],3,[1;1;1;1],0,[7;6;0;NaN],[-14;9;34;5],2,[NaN;NaN;NaN;5]},{'M',[1;36;34;5],3,[1;1;1;1],0,[0;NaN;NaN;NaN],[-14;9;34;5],2,[NaN;2;0;0]},{'A',[127;28;-33;165],4,[128;64;1;160],3,0,[-1;-36;-34;5],3,0},{'M',[127;256;64;165],5,[1;1;1;1],0,[NaN;8;6;NaN],[127;28;-33;165],4,[0;NaN;NaN;0]},{'M',[254;9;256;8],5,[1;1;1;1],0,[NaN;NaN;8;3],[-14;9;34;5],2,[NaN;0;NaN;NaN],[127;28;-33;165],4,[1;NaN;NaN;NaN]},{'A',[381;265;320;173],6,[127;256;64;165],5,0,[254;9;256;8],5,0},{'M',[2;112;-132;165],5,[1;1;1;1],0,[1;NaN;NaN;NaN],[127;28;-33;165],4,[NaN;2;2;0]},{'M',[-14;265;320;173],7,[-14;9;34;5],2,[0;NaN;NaN;NaN],[381;265;320;173],6,[NaN;0;0;0]},{'A',[22;183;-208;487],8,[2;112;-132;165],5,2,[14;-265;320;-173],7,0},{'M',[381;896;272;80],7,[-14;9;34;5],2,[NaN;NaN;3;4],[127;28;-33;165],4,[NaN;5;NaN;NaN],[381;265;320;173],6,[0;NaN;NaN;NaN]},{'M',[-14;2;1;20],3,[1;1;1;1],0,[NaN;1;0;NaN],[-14;9;34;5],2,[0;NaN;NaN;2]},{'A',[395;894;271;100],8,[381;896;272;80],7,0,[14;-2;-1;20],3,0},{'M',[-14;530;320;5],7,[-14;9;34;5],2,[0;NaN;NaN;0],[381;265;320;173],6,[NaN;1;0;NaN]},{'M',[-56;112;1;400],9,[1;1;1;1],0,[NaN;NaN;0;NaN],[-14;9;34;5],2,[2;NaN;NaN;NaN],[127;28;-33;165],4,[NaN;2;NaN;NaN],[395;894;271;100],8,[NaN;NaN;NaN;2]},{'A',[42;418;319;405],10,[-14;530;320;5],7,0,[56;-112;-1;400],9,0},{'M',[127;72;34;487],9,[-14;9;34;5],2,[NaN;3;0;NaN],[127;28;-33;165],4,[0;NaN;NaN;NaN],[22;183;-208;487],8,[NaN;NaN;NaN;0]},{'M',[672;894;-832;100],11,[22;183;-208;487],8,[NaN;NaN;2;NaN],[395;894;271;100],8,[NaN;0;NaN;0],[42;418;319;405],10,[4;NaN;NaN;NaN]},{'A',[799;966;866;387],12,[127;72;34;487],9,0,[672;894;832;-100],11,0},{'M',[381;894;128;40],9,[1;1;1;1],0,[NaN;NaN;7;NaN],[-14;9;34;5],2,[NaN;NaN;NaN;3],[381;265;320;173],6,[0;NaN;NaN;NaN],[395;894;271;100],8,[NaN;0;NaN;NaN]},{'M',[42;9;-66;330],11,[-14;9;34;5],2,[NaN;0;NaN;NaN],[127;28;-33;165],4,[NaN;NaN;1;1],[42;418;319;405],10,[0;NaN;NaN;NaN]},{'A',[423;885;194;370],12,[381;894;128;40],9,0,[42;-9;66;330],11,0},{'M',[790;966;866;974],13,[22;183;-208;487],8,[NaN;NaN;NaN;1],[395;894;271;100],8,[1;NaN;NaN;NaN],[799;966;866;387],12,[NaN;0;0;NaN]},{'O',[790;966;866;974],13,[790;966;866;974],13,0},{'M',[423;885;319;405],13,[42;418;319;405],10,[NaN;NaN;0;0],[423;885;194;370],12,[0;0;NaN;NaN]},{'O',[423;885;319;405],13,[423;885;319;405],13,0},{'M',[799;836;271;387],13,[395;894;271;100],8,[NaN;NaN;0;NaN],[42;418;319;405],10,[NaN;1;NaN;NaN],[799;966;866;387],12,[0;NaN;NaN;0]},{'O',[799;836;271;387],13,[799;836;271;387],13,0},{'M',[381;265;136;173],7,[-14;9;34;5],2,[NaN;NaN;2;NaN],[381;265;320;173],6,[0;0;NaN;0]},{'O',[381;265;136;173],7,[381;265;136;173],7,0},{'M',[176;732;194;740],13,[22;183;-208;487],8,[3;2;NaN;NaN],[423;885;194;370],12,[NaN;NaN;0;1]},{'O',[176;732;194;740],13,[176;732;194;740],13,0}}
Adder graph: {{'M',[1;4;2;2],1,[1;1;1;1],0,[0;2;1;1]},{'M',[8;1;16;1],1,[1;1;1;1],0,[3;0;4;0]},{'A',[-6;7;-12;3],2,[1;4;2;2],1,1,[-8;-1;-16;-1],1,0},{'M',[4;1;16;6],3,[1;1;1;1],0,[2;0;4;NaN],[-6;7;-12;3],2,[NaN;NaN;NaN;1]},{'M',[-6;7;1;3],3,[1;1;1;1],0,[NaN;NaN;0;NaN],[-6;7;-12;3],2,[0;0;NaN;0]},{'A',[22;11;65;21],4,[4;1;16;6],3,2,[6;7;1;-3],3,0},{'M',[-768;7;32;4],3,[1;1;1;1],0,[NaN;NaN;5;2],[-6;7;-12;3],2,[7;0;NaN;NaN]},{'M',[22;176;65;168],5,[22;11;65;21],4,[0;4;0;3]},{'A',[-790;183;97;-164],6,[-768;7;32;4],3,0,[-22;176;65;-168],5,0},{'M',[176;448;520;21],5,[-6;7;-12;3],2,[NaN;6;NaN;NaN],[22;11;65;21],4,[3;NaN;3;0]},{'M',[-12;183;-384;-164],7,[-6;7;-12;3],2,[1;NaN;5;NaN],[-790;183;97;-164],6,[NaN;0;NaN;0]},{'A',[164;265;136;185],8,[176;448;520;21],5,0,[-12;-183;-384;164],7,0},{'M',[-96;530;65;21],9,[-6;7;-12;3],2,[4;NaN;NaN;NaN],[22;11;65;21],4,[NaN;NaN;0;0],[164;265;136;185],8,[NaN;1;NaN;NaN]},{'M',[1;1464;16;384],7,[1;1;1;1],0,[0;NaN;4;NaN],[-6;7;-12;3],2,[NaN;NaN;NaN;7],[-790;183;97;-164],6,[NaN;3;NaN;NaN]},{'A',[-95;-934;49;405],10,[-96;530;65;21],9,0,[1;-1464;-16;384],7,0},{'M',[704;1060;272;3],9,[-6;7;-12;3],2,[NaN;NaN;NaN;0],[22;11;65;21],4,[5;NaN;NaN;NaN],[164;265;136;185],8,[NaN;2;1;NaN]},{'M',[-95;224;1;384],11,[1;1;1;1],0,[NaN;NaN;0;NaN],[-6;7;-12;3],2,[NaN;5;NaN;7],[-95;-934;49;405],10,[0;NaN;NaN;NaN]},{'A',[799;836;271;387],12,[704;1060;272;3],9,0,[95;-224;-1;384],11,0},{'M',[328;896;-384;-164],9,[-6;7;-12;3],2,[NaN;7;5;NaN],[-790;183;97;-164],6,[NaN;NaN;NaN;0],[164;265;136;185],8,[1;NaN;NaN;NaN]},{'M',[-95;11;49;810],11,[22;11;65;21],4,[NaN;0;NaN;NaN],[-95;-934;49;405],10,[0;NaN;0;1]},{'A',[423;885;-433;-974],12,[328;896;-384;-164],9,0,[95;-11;-49;-810],11,0},{'M',[1;-934;271;185],13,[1;1;1;1],0,[0;NaN;NaN;NaN],[164;265;136;185],8,[NaN;NaN;NaN;0],[-95;-934;49;405],10,[NaN;0;NaN;NaN],[799;836;271;387],12,[NaN;NaN;0;NaN]},{'M',[-95;8;-12;3],11,[1;1;1;1],0,[NaN;3;NaN;NaN],[-6;7;-12;3],2,[NaN;NaN;0;0],[-95;-934;49;405],10,[0;NaN;NaN;NaN]},{'A',[381;-966;319;173],14,[1;-934;271;185],13,0,[95;-8;12;-3],11,2},{'M',[-790;-966;-866;-974],15,[-790;183;97;-164],6,[0;NaN;NaN;NaN],[423;885;-433;-974],12,[NaN;NaN;1;0],[381;-966;319;173],14,[NaN;0;NaN;NaN]},{'O',[790;966;866;974],15,[790;966;866;974],15,0},{'M',[423;885;319;405],15,[-95;-934;49;405],10,[NaN;NaN;NaN;0],[423;885;-433;-974],12,[0;0;NaN;NaN],[381;-966;319;173],14,[NaN;NaN;0;NaN]},{'O',[423;885;319;405],15,[423;885;319;405],15,0},{'O',[799;836;271;387],12,[799;836;271;387],12,0},{'M',[381;265;136;173],15,[164;265;136;185],8,[NaN;0;0;NaN],[381;-966;319;173],14,[0;NaN;NaN;0]},{'O',[381;265;136;173],15,[381;265;136;173],15,0},{'M',[88;366;97;370],9,[22;11;65;21],4,[2;NaN;NaN;NaN],[-790;183;97;-164],6,[NaN;1;0;NaN],[164;265;136;185],8,[NaN;NaN;NaN;1]},{'O',[176;732;194;740],9,[88;366;97;370],9,1}}
Adder graph: {{'M',[1;8;8;4],1,[1;1;1;1],0,[0;3;3;2]},{'M',[1;8;1;1],1,[1;1;1;1],0,[0;3;0;0]},{'A',[3;24;15;9],2,[1;8;8;4],1,1,[1;8;-1;1],1,0},{'M',[1;1;32;4],1,[1;1;1;1],0,[0;0;5;2]},{'M',[3;24;4;72],3,[1;1;1;1],0,[NaN;NaN;2;NaN],[3;24;15;9],2,[0;0;NaN;3]},{'A',[7;49;40;-140],4,[1;1;32;4],1,0,[3;24;4;-72],3,1},{'M',[1024;49;240;36],5,[1;1;1;1],0,[10;NaN;NaN;NaN],[3;24;15;9],2,[NaN;NaN;4;2],[7;49;40;-140],4,[NaN;0;NaN;NaN]},{'M',[1;192;128;128],3,[1;1;1;1],0,[0;NaN;7;7],[3;24;15;9],2,[NaN;3;NaN;NaN]},{'A',[1023;241;112;164],6,[1024;49;240;36],5,0,[-1;192;-128;128],3,0},{'M',[384;241;320;164],7,[3;24;15;9],2,[7;NaN;NaN;NaN],[7;49;40;-140],4,[NaN;NaN;3;NaN],[1023;241;112;164],6,[NaN;0;NaN;0]},{'M',[3;24;1;9],3,[1;1;1;1],0,[NaN;NaN;0;NaN],[3;24;15;9],2,[0;0;NaN;0]},{'A',[381;265;319;173],8,[384;241;320;164],7,0,[-3;24;-1;9],3,0},{'M',[224;64;256;173],9,[1;1;1;1],0,[NaN;6;8;NaN],[7;49;40;-140],4,[5;NaN;NaN;NaN],[381;265;319;173],8,[NaN;NaN;NaN;0]},{'M',[1023;482;120;-560],7,[3;24;15;9],2,[NaN;NaN;3;NaN],[7;49;40;-140],4,[NaN;NaN;NaN;2],[1023;241;112;164],6,[0;1;NaN;NaN]},{'A',[-799;-418;136;-387],10,[224;64;256;173],9,0,[-1023;-482;-120;-560],7,0},{'M',[14;1;1;18],5,[1;1;1;1],0,[NaN;0;0;NaN],[3;24;15;9],2,[NaN;NaN;NaN;1],[7;49;40;-140],4,[1;NaN;NaN;NaN]},{'M',[381;482;272;-387],11,[1023;241;112;164],6,[NaN;1;NaN;NaN],[381;265;319;173],8,[0;NaN;NaN;NaN],[-799;-418;136;-387],10,[NaN;NaN;1;0]},{'A',[395;483;-271;405],12,[14;1;1;18],5,0,[381;482;-272;387],11,0},{'M',[790;49;896;810],13,[7;49;40;-140],4,[NaN;0;NaN;NaN],[1023;241;112;164],6,[NaN;NaN;3;NaN],[395;483;-271;405],12,[1;NaN;NaN;1]},{'M',[768;-836;30;164],11,[3;24;15;9],2,[8;NaN;1;NaN],[1023;241;112;164],6,[NaN;NaN;NaN;0],[-799;-418;136;-387],10,[NaN;1;NaN;NaN]},{'A',[22;885;866;974],14,[790;49;896;810],13,0,[-768;836;-30;164],11,0},{'M',[28;-836;224;164],11,[7;49;40;-140],4,[2;NaN;NaN;NaN],[1023;241;112;164],6,[NaN;NaN;1;0],[-799;-418;136;-387],10,[NaN;1;NaN;NaN]},{'M',[395;1568;30;576],13,[3;24;15;9],2,[NaN;NaN;1;6],[7;49;40;-140],4,[NaN;5;NaN;NaN],[395;483;-271;405],12,[0;NaN;NaN;NaN]},{'A',[423;732;194;740],14,[28;-836;224;164],11,0,[395;1568;-30;576],13,0},{'M',[790;966;866;974],15,[395;483;-271;405],12,[1;1;NaN;NaN],[22;885;866;974],14,[NaN;NaN;0;0]},{'O',[790;966;866;974],15,[790;966;866;974],15,0},{'M',[423;885;319;405],15,[381;265;319;173],8,[NaN;NaN;0;NaN],[395;483;-271;405],12,[NaN;NaN;NaN;0],[22;885;866;974],14,[NaN;0;NaN;NaN],[423;732;194;740],14,[0;NaN;NaN;NaN]},{'O',[423;885;319;405],15,[423;885;319;405],15,0},{'M',[-799;-836;-271;-387],13,[-799;-418;136;-387],10,[0;1;NaN;0],[395;483;-271;405],12,[NaN;NaN;0;NaN]},{'O',[799;836;271;387],13,[799;836;271;387],13,0},{'M',[381;265;136;173],11,[381;265;319;173],8,[0;0;NaN;0],[-799;-418;136;-387],10,[NaN;NaN;0;NaN]},{'O',[381;265;136;173],11,[381;265;136;173],11,0},{'M',[176;732;194;740],15,[22;885;866;974],14,[3;NaN;NaN;NaN],[423;732;194;740],14,[NaN;0;0;0]},{'O',[176;732;194;740],15,[176;732;194;740],15,0}}
Adder graph: {{'M',[8;8;64;1],1,[1;1;1;1],0,[3;3;6;0]},{'M',[1;1;4;4],1,[1;1;1;1],0,[0;0;2;2]},{'A',[7;9;68;-3],2,[8;8;64;1],1,0,[-1;1;4;-4],1,0},{'M',[4;9;4;4],3,[1;1;1;1],0,[2;NaN;2;2],[7;9;68;-3],2,[NaN;0;NaN;NaN]},{'M',[7;256;32;-3],3,[1;1;1;1],0,[NaN;8;5;NaN],[7;9;68;-3],2,[0;NaN;NaN;0]},{'A',[-3;265;-28;7],4,[4;9;4;4],3,0,[-7;256;-32;3],3,0},{'M',[-3;265;-112;7],5,[-3;265;-28;7],4,[0;0;2;0]},{'M',[-96;16;1;-96],5,[1;1;1;1],0,[NaN;4;0;NaN],[7;9;68;-3],2,[NaN;NaN;NaN;5],[-3;265;-28;7],4,[5;NaN;NaN;NaN]},{'A',[381;201;-108;391],6,[-3;265;-112;7],5,0,[96;-16;1;96],5,2},{'M',[-6;530;1;-96],5,[1;1;1;1],0,[NaN;NaN;0;NaN],[7;9;68;-3],2,[NaN;NaN;NaN;5],[-3;265;-28;7],4,[1;1;NaN;NaN]},{'M',[-3;576;-864;7],7,[7;9;68;-3],2,[NaN;6;NaN;NaN],[-3;265;-28;7],4,[0;NaN;NaN;0],[381;201;-108;391],6,[NaN;NaN;3;NaN]},{'A',[-9;484;866;-185],8,[-6;530;1;-96],5,1,[3;-576;864;7],7,0},{'M',[-6;9;-56;-6],5,[7;9;68;-3],2,[NaN;0;NaN;1],[-3;265;-28;7],4,[1;NaN;1;NaN]},{'M',[1;201;1;-185],9,[1;1;1;1],0,[0;NaN;0;NaN],[381;201;-108;391],6,[NaN;0;NaN;NaN],[-9;484;866;-185],8,[NaN;NaN;NaN;0]},{'A',[-11;-183;-113;173],10,[-6;9;-56;-6],5,1,[1;-201;-1;185],9,0},{'M',[7;4;-113;7],11,[1;1;1;1],0,[NaN;2;NaN;NaN],[7;9;68;-3],2,[0;NaN;NaN;NaN],[-3;265;-28;7],4,[NaN;NaN;NaN;0],[-11;-183;-113;173],10,[NaN;NaN;0;NaN]},{'M',[381;201;32;391],7,[1;1;1;1],0,[NaN;NaN;5;NaN],[381;201;-108;391],6,[0;0;NaN;0]},{'A',[395;209;-194;405],12,[7;4;-113;7],11,1,[381;201;32;391],7,0},{'M',[28;484;272;391],9,[7;9;68;-3],2,[2;NaN;2;NaN],[381;201;-108;391],6,[NaN;NaN;NaN;0],[-9;484;866;-185],8,[NaN;0;NaN;NaN]},{'M',[395;1;1;-96],13,[1;1;1;1],0,[NaN;0;0;NaN],[7;9;68;-3],2,[NaN;NaN;NaN;5],[395;209;-194;405],12,[0;NaN;NaN;NaN]},{'A',[423;483;271;487],14,[28;484;272;391],9,0,[395;-1;-1;96],13,0},{'M',[790;483;-113;391],15,[381;201;-108;391],6,[NaN;NaN;NaN;0],[-11;-183;-113;173],10,[NaN;NaN;0;NaN],[395;209;-194;405],12,[1;NaN;NaN;NaN],[423;483;271;487],14,[NaN;0;NaN;NaN]},{'M',[-9;402;-432;4],9,[1;1;1;1],0,[NaN;NaN;NaN;2],[381;201;-108;391],6,[NaN;1;2;NaN],[-9;484;866;-185],8,[0;NaN;NaN;NaN]},{'A',[799;885;319;387],16,[790;483;-113;391],15,0,[9;402;432;-4],9,0},{'M',[790;966;866;974],15,[-9;484;866;-185],8,[NaN;NaN;0;NaN],[395;209;-194;405],12,[1;NaN;NaN;NaN],[423;483;271;487],14,[NaN;1;NaN;1]},{'O',[790;966;866;974],15,[790;966;866;974],15,0},{'M',[423;885;319;405],17,[395;209;-194;405],12,[NaN;NaN;NaN;0],[423;483;271;487],14,[0;NaN;NaN;NaN],[799;885;319;387],16,[NaN;0;0;NaN]},{'O',[423;885;319;405],17,[423;885;319;405],17,0},{'M',[799;836;271;387],17,[395;209;-194;405],12,[NaN;2;NaN;NaN],[423;483;271;487],14,[NaN;NaN;0;NaN],[799;885;319;387],16,[0;NaN;NaN;0]},{'O',[799;836;271;387],17,[799;836;271;387],17,0},{'M',[381;265;136;173],11,[7;9;68;-3],2,[NaN;NaN;1;NaN],[-3;265;-28;7],4,[NaN;0;NaN;NaN],[381;201;-108;391],6,[0;NaN;NaN;NaN],[-11;-183;-113;173],10,[NaN;NaN;NaN;0]},{'O',[381;265;136;173],11,[381;265;136;173],11,0},{'M',[-176;-732;-194;-740],13,[-9;484;866;-185],8,[NaN;NaN;NaN;2],[-11;-183;-113;173],10,[4;2;NaN;NaN],[395;209;-194;405],12,[NaN;NaN;0;NaN]},{'O',[176;732;194;740],13,[176;732;194;740],13,0}}
Adder graph: {{'M',[8;8;1;8],1,[1;1;1;1],0,[3;3;0;3]},{'M',[16;1;16;1],1,[1;1;1;1],0,[4;0;4;0]},{'A',[24;7;17;9],2,[8;8;1;8],1,0,[16;-1;16;1],1,0},{'M',[24;7;2;1],3,[1;1;1;1],0,[NaN;NaN;1;0],[24;7;17;9],2,[0;0;NaN;NaN]},{'M',[1;56;2;2],3,[1;1;1;1],0,[0;NaN;1;1],[24;7;17;9],2,[NaN;3;NaN;NaN]},{'A',[22;119;6;-3],4,[24;7;2;1],3,0,[-1;56;2;-2],3,1},{'M',[1;119;1;-3],5,[1;1;1;1],0,[0;NaN;0;NaN],[22;119;6;-3],4,[NaN;0;NaN;0]},{'M',[1408;32;17;-192],5,[1;1;1;1],0,[NaN;5;NaN;NaN],[24;7;17;9],2,[NaN;NaN;0;NaN],[22;119;6;-3],4,[6;NaN;NaN;6]},{'A',[-2815;183;-33;-387],6,[1;119;1;-3],5,0,[-1408;32;-17;-192],5,1},{'M',[1;56;1;64],3,[1;1;1;1],0,[0;NaN;0;6],[24;7;17;9],2,[NaN;3;NaN;NaN]},{'M',[24;183;48;9],7,[24;7;17;9],2,[0;NaN;NaN;0],[22;119;6;-3],4,[NaN;NaN;3;NaN],[-2815;183;-33;-387],6,[NaN;0;NaN;NaN]},{'A',[-47;-310;97;82],8,[1;56;1;64],3,0,[-24;-183;48;9],7,1},{'M',[-47;448;-33;-387],9,[24;7;17;9],2,[NaN;6;NaN;NaN],[-2815;183;-33;-387],6,[NaN;NaN;0;0],[-47;-310;97;82],8,[0;NaN;NaN;NaN]},{'M',[-752;183;272;18],9,[24;7;17;9],2,[NaN;NaN;4;1],[-2815;183;-33;-387],6,[NaN;0;NaN;NaN],[-47;-310;97;82],8,[4;NaN;NaN;NaN]},{'A',[-799;265;-305;-405],10,[-47;448;-33;-387],9,0,[-752;-183;-272;-18],9,0},{'M',[-2815;224;128;164],9,[1;1;1;1],0,[NaN;NaN;7;NaN],[24;7;17;9],2,[NaN;5;NaN;NaN],[-2815;183;-33;-387],6,[0;NaN;NaN;NaN],[-47;-310;97;82],8,[NaN;NaN;NaN;1]},{'M',[-3196;1060;-305;9],11,[24;7;17;9],2,[NaN;NaN;NaN;0],[-799;265;-305;-405],10,[2;2;0;NaN]},{'A',[381;-836;433;173],12,[-2815;224;128;164],9,0,[3196;-1060;305;9],11,0},{'M',[384;476;17;144],5,[24;7;17;9],2,[4;NaN;0;4],[22;119;6;-3],4,[NaN;2;NaN;NaN]},{'M',[22;14;-305;82],11,[24;7;17;9],2,[NaN;1;NaN;NaN],[22;119;6;-3],4,[0;NaN;NaN;NaN],[-47;-310;97;82],8,[NaN;NaN;NaN;0],[-799;265;-305;-405],10,[NaN;NaN;0;NaN]},{'A',[790;966;-271;370],12,[384;476;17;144],5,1,[22;14;-305;82],11,0},{'M',[-47;-620;-271;82],13,[-47;-310;97;82],8,[0;1;NaN;0],[790;966;-271;370],12,[NaN;NaN;0;NaN]},{'M',[-376;265;48;-405],11,[22;119;6;-3],4,[NaN;NaN;3;NaN],[-47;-310;97;82],8,[3;NaN;NaN;NaN],[-799;265;-305;-405],10,[NaN;0;NaN;0]},{'A',[-423;-885;-319;487],14,[-47;-620;-271;82],13,0,[-376;-265;-48;405],11,0},{'M',[790;966;866;974],15,[381;-836;433;173],12,[NaN;NaN;1;NaN],[790;966;-271;370],12,[0;0;NaN;NaN],[-423;-885;-319;487],14,[NaN;NaN;NaN;1]},{'O',[790;966;866;974],15,[790;966;866;974],15,0},{'M',[-423;-885;-319;-405],15,[-799;265;-305;-405],10,[NaN;NaN;NaN;0],[-423;-885;-319;487],14,[0;0;0;NaN]},{'O',[423;885;319;405],15,[423;885;319;405],15,0},{'M',[-799;-836;-271;-387],13,[-2815;183;-33;-387],6,[NaN;NaN;NaN;0],[-799;265;-305;-405],10,[0;NaN;NaN;NaN],[381;-836;433;173],12,[NaN;0;NaN;NaN],[790;966;-271;370],12,[NaN;NaN;0;NaN]},{'O',[799;836;271;387],13,[799;836;271;387],13,0},{'M',[381;265;136;173],13,[24;7;17;9],2,[NaN;NaN;3;NaN],[-799;265;-305;-405],10,[NaN;0;NaN;NaN],[381;-836;433;173],12,[0;NaN;NaN;0]},{'O',[381;265;136;173],13,[381;265;136;173],13,0},{'M',[88;366;97;370],13,[22;119;6;-3],4,[2;NaN;NaN;NaN],[-2815;183;-33;-387],6,[NaN;1;NaN;NaN],[-47;-310;97;82],8,[NaN;NaN;0;NaN],[790;966;-271;370],12,[NaN;NaN;NaN;0]},{'O',[176;732;194;740],13,[88;366;97;370],13,1}}
Adder graph: {{'M',[1;128;1;1],1,[1;1;1;1],0,[0;7;0;0]},{'M',[1;8;1;2],1,[1;1;1;1],0,[0;3;0;1]},{'A',[3;112;3;5],2,[1;128;1;1],1,0,[1;-8;1;2],1,1},{'M',[24;4;96;5],3,[1;1;1;1],0,[NaN;2;NaN;NaN],[3;112;3;5],2,[3;NaN;5;0]},{'M',[1;1;1;40],3,[1;1;1;1],0,[0;0;0;NaN],[3;112;3;5],2,[NaN;NaN;NaN;3]},{'A',[47;9;193;50],4,[24;4;96;5],3,1,[-1;1;1;40],3,0},{'M',[47;448;16;50],5,[1;1;1;1],0,[NaN;NaN;4;NaN],[3;112;3;5],2,[NaN;2;NaN;NaN],[47;9;193;50],4,[0;NaN;NaN;0]},{'M',[3;1;1;320],3,[1;1;1;1],0,[NaN;0;0;NaN],[3;112;3;5],2,[0;NaN;NaN;6]},{'A',[44;447;17;370],6,[47;448;16;50],5,0,[-3;-1;1;320],3,0},{'M',[192;128;3;4],3,[1;1;1;1],0,[NaN;7;NaN;2],[3;112;3;5],2,[6;NaN;0;NaN]},{'M',[3;9;96;5],5,[3;112;3;5],2,[0;NaN;5;0],[47;9;193;50],4,[NaN;0;NaN;NaN]},{'A',[381;265;-90;13],6,[192;128;3;4],3,1,[-3;9;-96;5],5,0},{'M',[381;896;192;13],7,[3;112;3;5],2,[NaN;3;6;NaN],[381;265;-90;13],6,[0;NaN;NaN;0]},{'M',[4;265;1;80],7,[1;1;1;1],0,[2;NaN;0;NaN],[3;112;3;5],2,[NaN;NaN;NaN;4],[381;265;-90;13],6,[NaN;0;NaN;NaN]},{'A',[389;366;194;173],8,[381;896;192;13],7,0,[4;-265;1;80],7,1},{'M',[389;265;388;200],9,[47;9;193;50],4,[NaN;NaN;NaN;2],[381;265;-90;13],6,[NaN;0;NaN;NaN],[389;366;194;173],8,[0;NaN;1;NaN]},{'M',[12;112;-90;13],7,[3;112;3;5],2,[2;0;NaN;NaN],[381;265;-90;13],6,[NaN;NaN;0;0]},{'A',[790;418;866;387],10,[389;265;388;200],9,1,[12;-112;90;-13],7,0},{'M',[47;9;64;128],5,[1;1;1;1],0,[NaN;NaN;6;7],[47;9;193;50],4,[0;0;NaN;NaN]},{'M',[47;894;193;50],7,[47;9;193;50],4,[0;NaN;0;0],[44;447;17;370],6,[NaN;1;NaN;NaN]},{'A',[423;966;319;974],8,[47;9;64;128],5,3,[47;894;-193;-50],7,0},{'M',[423;894;319;5],9,[3;112;3;5],2,[NaN;NaN;NaN;0],[44;447;17;370],6,[NaN;1;NaN;NaN],[423;966;319;974],8,[0;NaN;0;NaN]},{'M',[376;9;48;400],5,[3;112;3;5],2,[NaN;NaN;4;NaN],[47;9;193;50],4,[3;0;NaN;3]},{'A',[799;885;271;405],10,[423;894;319;5],9,0,[376;-9;-48;400],5,0},{'M',[790;966;866;974],11,[790;418;866;387],10,[0;NaN;0;NaN],[423;966;319;974],8,[NaN;0;NaN;0]},{'O',[790;966;866;974],11,[790;966;866;974],11,0},{'M',[423;885;319;405],11,[423;966;319;974],8,[0;NaN;0;NaN],[799;885;271;405],10,[NaN;0;NaN;0]},{'O',[423;885;319;405],11,[423;885;319;405],11,0},{'M',[799;836;271;387],11,[790;418;866;387],10,[NaN;1;NaN;0],[799;885;271;405],10,[0;NaN;0;NaN]},{'O',[799;836;271;387],11,[799;836;271;387],11,0},{'M',[381;265;136;173],9,[44;447;17;370],6,[NaN;NaN;3;NaN],[381;265;-90;13],6,[0;0;NaN;NaN],[389;366;194;173],8,[NaN;NaN;NaN;0]},{'O',[381;265;136;173],9,[381;265;136;173],9,0},{'M',[176;732;194;740],9,[44;447;17;370],6,[2;NaN;NaN;1],[389;366;194;173],8,[NaN;1;0;NaN]},{'O',[176;732;194;740],9,[176;732;194;740],9,0}}
Finished solving after 9736.64 seconds
Adder graph: {{'M',[1;128;1;1],1,[1;1;1;1],0,[0;7;0;0]},{'M',[1;8;1;2],1,[1;1;1;1],0,[0;3;0;1]},{'A',[3;112;3;5],2,[1;128;1;1],1,0,[1;-8;1;2],1,1},{'M',[24;4;96;5],3,[1;1;1;1],0,[NaN;2;NaN;NaN],[3;112;3;5],2,[3;NaN;5;0]},{'M',[1;1;1;40],3,[1;1;1;1],0,[0;0;0;NaN],[3;112;3;5],2,[NaN;NaN;NaN;3]},{'A',[47;9;193;50],4,[24;4;96;5],3,1,[-1;1;1;40],3,0},{'M',[47;448;16;50],5,[1;1;1;1],0,[NaN;NaN;4;NaN],[3;112;3;5],2,[NaN;2;NaN;NaN],[47;9;193;50],4,[0;NaN;NaN;0]},{'M',[3;1;1;320],3,[1;1;1;1],0,[NaN;0;0;NaN],[3;112;3;5],2,[0;NaN;NaN;6]},{'A',[44;447;17;370],6,[47;448;16;50],5,0,[-3;-1;1;320],3,0},{'M',[192;128;3;4],3,[1;1;1;1],0,[NaN;7;NaN;2],[3;112;3;5],2,[6;NaN;0;NaN]},{'M',[3;9;96;5],5,[3;112;3;5],2,[0;NaN;5;0],[47;9;193;50],4,[NaN;0;NaN;NaN]},{'A',[381;265;-90;13],6,[192;128;3;4],3,1,[-3;9;-96;5],5,0},{'M',[381;896;192;13],7,[3;112;3;5],2,[NaN;3;6;NaN],[381;265;-90;13],6,[0;NaN;NaN;0]},{'M',[4;265;1;80],7,[1;1;1;1],0,[2;NaN;0;NaN],[3;112;3;5],2,[NaN;NaN;NaN;4],[381;265;-90;13],6,[NaN;0;NaN;NaN]},{'A',[389;366;194;173],8,[381;896;192;13],7,0,[4;-265;1;80],7,1},{'M',[389;265;388;200],9,[47;9;193;50],4,[NaN;NaN;NaN;2],[381;265;-90;13],6,[NaN;0;NaN;NaN],[389;366;194;173],8,[0;NaN;1;NaN]},{'M',[12;112;-90;13],7,[3;112;3;5],2,[2;0;NaN;NaN],[381;265;-90;13],6,[NaN;NaN;0;0]},{'A',[790;418;866;387],10,[389;265;388;200],9,1,[12;-112;90;-13],7,0},{'M',[47;9;64;128],5,[1;1;1;1],0,[NaN;NaN;6;7],[47;9;193;50],4,[0;0;NaN;NaN]},{'M',[47;894;193;50],7,[47;9;193;50],4,[0;NaN;0;0],[44;447;17;370],6,[NaN;1;NaN;NaN]},{'A',[423;966;319;974],8,[47;9;64;128],5,3,[47;894;-193;-50],7,0},{'M',[423;894;319;5],9,[3;112;3;5],2,[NaN;NaN;NaN;0],[44;447;17;370],6,[NaN;1;NaN;NaN],[423;966;319;974],8,[0;NaN;0;NaN]},{'M',[376;9;48;400],5,[3;112;3;5],2,[NaN;NaN;4;NaN],[47;9;193;50],4,[3;0;NaN;3]},{'A',[799;885;271;405],10,[423;894;319;5],9,0,[376;-9;-48;400],5,0},{'M',[790;966;866;974],11,[790;418;866;387],10,[0;NaN;0;NaN],[423;966;319;974],8,[NaN;0;NaN;0]},{'O',[790;966;866;974],11,[790;966;866;974],11,0},{'M',[423;885;319;405],11,[423;966;319;974],8,[0;NaN;0;NaN],[799;885;271;405],10,[NaN;0;NaN;0]},{'O',[423;885;319;405],11,[423;885;319;405],11,0},{'M',[799;836;271;387],11,[790;418;866;387],10,[NaN;1;NaN;0],[799;885;271;405],10,[0;NaN;0;NaN]},{'O',[799;836;271;387],11,[799;836;271;387],11,0},{'M',[381;265;136;173],9,[44;447;17;370],6,[NaN;NaN;3;NaN],[381;265;-90;13],6,[0;0;NaN;NaN],[389;366;194;173],8,[NaN;NaN;NaN;0]},{'O',[381;265;136;173],9,[381;265;136;173],9,0},{'M',[176;732;194;740],9,[44;447;17;370],6,[2;NaN;NaN;1],[389;366;194;173],8,[NaN;1;0;NaN]},{'O',[176;732;194;740],9,[176;732;194;740],9,0}}
# Add optimal = 1
# Mux optimal = 0
# FAs optimal = 0
