Adder graph: {{'M',[1;8;4;1],1,[1;1;1;1],0,[0;3;2;0]},{'M',[16;1;8;2],1,[1;1;1;1],0,[4;0;3;1]},{'A',[-15;7;-4;3],2,[1;8;4;1],1,0,[-16;-1;-8;2],1,0},{'M',[64;7;-4;12],3,[1;1;1;1],0,[6;NaN;NaN;NaN],[-15;7;-4;3],2,[NaN;0;0;2]},{'M',[-15;2;1;192],3,[1;1;1;1],0,[NaN;1;0;NaN],[-15;7;-4;3],2,[0;NaN;NaN;6]},{'A',[79;5;-5;204],4,[64;7;-4;12],3,0,[15;-2;-1;192],3,0},{'M',[2;10;-40;1],5,[1;1;1;1],0,[1;NaN;NaN;0],[79;5;-5;204],4,[NaN;1;3;NaN]},{'M',[256;224;1;16],3,[1;1;1;1],0,[8;NaN;0;4],[-15;7;-4;3],2,[NaN;5;NaN;NaN]},{'A',[-254;234;-41;-15],6,[2;10;-40;1],5,0,[-256;224;-1;-16],3,0},{'M',[-15;10;-80;1],5,[1;1;1;1],0,[NaN;NaN;NaN;0],[-15;7;-4;3],2,[0;NaN;NaN;NaN],[79;5;-5;204],4,[NaN;1;4;NaN]},{'M',[-240;32;-5;4],5,[1;1;1;1],0,[NaN;5;NaN;2],[-15;7;-4;3],2,[4;NaN;NaN;NaN],[79;5;-5;204],4,[NaN;NaN;0;NaN]},{'A',[7665;-1014;80;-127],6,[-15;10;-80;1],5,0,[240;-32;5;-4],5,5},{'M',[79;512;-4;2],5,[1;1;1;1],0,[NaN;9;NaN;1],[-15;7;-4;3],2,[NaN;NaN;0;NaN],[79;5;-5;204],4,[0;NaN;NaN;NaN]},{'M',[-254;7;-41;-240],7,[-15;7;-4;3],2,[NaN;0;NaN;NaN],[-254;234;-41;-15],6,[0;NaN;0;4]},{'A',[333;505;37;242],8,[79;512;-4;2],5,0,[254;-7;41;240],7,0},{'M',[-120;-1014;512;204],7,[1;1;1;1],0,[NaN;NaN;9;NaN],[-15;7;-4;3],2,[3;NaN;NaN;NaN],[79;5;-5;204],4,[NaN;NaN;NaN;0],[7665;-1014;80;-127],6,[NaN;0;NaN;NaN]},{'M',[333;1872;37;-127],9,[-254;234;-41;-15],6,[NaN;3;NaN;NaN],[7665;-1014;80;-127],6,[NaN;NaN;NaN;0],[333;505;37;242],8,[0;NaN;0;NaN]},{'A',[213;858;475;331],10,[-120;-1014;512;204],7,0,[333;1872;-37;127],9,0},{'M',[7665;505;-41;408],9,[79;5;-5;204],4,[NaN;NaN;NaN;1],[-254;234;-41;-15],6,[NaN;NaN;0;NaN],[7665;-1014;80;-127],6,[0;NaN;NaN;NaN],[333;505;37;242],8,[NaN;0;NaN;NaN]},{'M',[3408;20;475;-254],11,[79;5;-5;204],4,[NaN;2;NaN;NaN],[7665;-1014;80;-127],6,[NaN;NaN;NaN;1],[213;858;475;331],10,[4;NaN;0;NaN]},{'A',[849;545;909;916],12,[7665;505;-41;408],9,0,[-3408;20;475;254],11,1},{'M',[4;256;37;32],9,[1;1;1;1],0,[2;8;NaN;5],[333;505;37;242],8,[NaN;NaN;0;NaN]},{'M',[79;5;-656;-127],7,[79;5;-5;204],4,[0;0;NaN;NaN],[-254;234;-41;-15],6,[NaN;NaN;4;NaN],[7665;-1014;80;-127],6,[NaN;NaN;NaN;0]},{'A',[83;261;693;159],10,[4;256;37;32],9,0,[79;5;656;127],7,0},{'M',[79;545;909;816],13,[79;5;-5;204],4,[0;NaN;NaN;2],[849;545;909;916],12,[NaN;0;0;NaN]},{'O',[79;545;909;816],13,[79;545;909;816],13,0},{'M',[426;858;320;916],13,[7665;-1014;80;-127],6,[NaN;NaN;2;NaN],[213;858;475;331],10,[1;0;NaN;NaN],[849;545;909;916],12,[NaN;NaN;NaN;0]},{'O',[426;858;320;916],13,[426;858;320;916],13,0},{'M',[83;1010;693;331],11,[333;505;37;242],8,[NaN;1;NaN;NaN],[213;858;475;331],10,[NaN;NaN;NaN;0],[83;261;693;159],10,[0;NaN;0;NaN]},{'O',[83;1010;693;331],11,[83;1010;693;331],11,0},{'M',[333;234;296;242],9,[-254;234;-41;-15],6,[NaN;0;NaN;NaN],[333;505;37;242],8,[0;NaN;3;0]},{'O',[333;234;296;242],9,[333;234;296;242],9,0},{'M',[849;522;475;159],13,[213;858;475;331],10,[NaN;NaN;0;NaN],[849;545;909;916],12,[0;NaN;NaN;NaN],[83;261;693;159],10,[NaN;1;NaN;0]},{'O',[849;522;475;159],13,[849;522;475;159],13,0}}
Adder graph: {{'M',[1;8;1;1],1,[1;1;1;1],0,[0;3;0;0]},{'M',[4;1;4;64],1,[1;1;1;1],0,[2;0;2;6]},{'A',[-3;7;5;65],2,[1;8;1;1],1,0,[-4;-1;4;64],1,0},{'M',[-3;7;1;1],3,[1;1;1;1],0,[NaN;NaN;0;0],[-3;7;5;65],2,[0;0;NaN;NaN]},{'M',[-3;7;10;32],3,[1;1;1;1],0,[NaN;NaN;NaN;5],[-3;7;5;65],2,[0;0;1;NaN]},{'A',[-15;35;41;-127],4,[-3;7;1;1],3,0,[-3;7;10;-32],3,2},{'M',[-48;35;16;-127],5,[1;1;1;1],0,[NaN;NaN;4;NaN],[-3;7;5;65],2,[4;NaN;NaN;NaN],[-15;35;41;-127],4,[NaN;0;NaN;0]},{'M',[-15;128;328;520],5,[1;1;1;1],0,[NaN;7;NaN;NaN],[-3;7;5;65],2,[NaN;NaN;NaN;3],[-15;35;41;-127],4,[0;NaN;3;NaN]},{'A',[-111;-58;-296;266],6,[-48;35;16;-127],5,1,[-15;-128;-328;520],5,0},{'M',[-960;1024;41;266],7,[1;1;1;1],0,[NaN;10;NaN;NaN],[-15;35;41;-127],4,[6;NaN;0;NaN],[-111;-58;-296;266],6,[NaN;NaN;NaN;0]},{'M',[-111;14;4;65],7,[1;1;1;1],0,[NaN;NaN;2;NaN],[-3;7;5;65],2,[NaN;1;NaN;0],[-111;-58;-296;266],6,[0;NaN;NaN;NaN]},{'A',[-849;1010;37;331],8,[-960;1024;41;266],7,0,[111;-14;-4;65],7,0},{'M',[-444;35;37;-127],9,[-15;35;41;-127],4,[NaN;0;NaN;0],[-111;-58;-296;266],6,[2;NaN;NaN;NaN],[-849;1010;37;331],8,[NaN;NaN;0;NaN]},{'M',[-111;-464;512;331],9,[1;1;1;1],0,[NaN;NaN;9;NaN],[-111;-58;-296;266],6,[0;3;NaN;NaN],[-849;1010;37;331],8,[NaN;NaN;NaN;0]},{'A',[-333;-429;-475;-458],10,[-444;35;37;-127],9,0,[111;-464;-512;-331],9,0},{'M',[-15;-232;37;-127],9,[-15;35;41;-127],4,[0;NaN;NaN;0],[-111;-58;-296;266],6,[NaN;2;NaN;NaN],[-849;1010;37;331],8,[NaN;NaN;0;NaN]},{'M',[32;1;328;16],5,[1;1;1;1],0,[5;0;NaN;4],[-15;35;41;-127],4,[NaN;NaN;3;NaN]},{'A',[-79;-234;693;-159],10,[-15;-232;37;-127],9,0,[-32;-1;328;-16],5,1},{'M',[4;-429;41;-458],11,[1;1;1;1],0,[2;NaN;NaN;NaN],[-15;35;41;-127],4,[NaN;NaN;0;NaN],[-333;-429;-475;-458],10,[NaN;0;NaN;0]},{'M',[-79;-116;-950;-254],11,[-15;35;41;-127],4,[NaN;NaN;NaN;1],[-111;-58;-296;266],6,[NaN;1;NaN;NaN],[-333;-429;-475;-458],10,[NaN;NaN;1;NaN],[-79;-234;693;-159],10,[0;NaN;NaN;NaN]},{'A',[83;-545;-909;-204],12,[4;-429;41;-458],11,0,[79;-116;-950;254],11,0},{'M',[-333;-58;160;-508],11,[-3;7;5;65],2,[NaN;NaN;5;NaN],[-15;35;41;-127],4,[NaN;NaN;NaN;2],[-111;-58;-296;266],6,[NaN;0;NaN;NaN],[-333;-429;-475;-458],10,[0;NaN;NaN;NaN]},{'M',[-120;-464;320;266],7,[-3;7;5;65],2,[NaN;NaN;6;NaN],[-15;35;41;-127],4,[3;NaN;NaN;NaN],[-111;-58;-296;266],6,[NaN;3;NaN;0]},{'A',[-213;-522;-160;-242],12,[-333;-58;160;-508],11,0,[120;-464;-320;266],7,0},{'M',[-79;-545;-909;-816],13,[-79;-234;693;-159],10,[0;NaN;NaN;NaN],[83;-545;-909;-204],12,[NaN;0;0;2]},{'O',[79;545;909;816],13,[79;545;909;816],13,0},{'M',[-213;-429;-160;-458],13,[-333;-429;-475;-458],10,[NaN;0;NaN;0],[-213;-522;-160;-242],12,[0;NaN;0;NaN]},{'O',[426;858;320;916],13,[213;429;160;458],13,1},{'M',[83;1010;693;331],13,[-849;1010;37;331],8,[NaN;0;NaN;0],[-79;-234;693;-159],10,[NaN;NaN;0;NaN],[83;-545;-909;-204],12,[0;NaN;NaN;NaN]},{'O',[83;1010;693;331],13,[83;1010;693;331],13,0},{'M',[-333;-234;-296;-242],13,[-111;-58;-296;266],6,[NaN;NaN;0;NaN],[-333;-429;-475;-458],10,[0;NaN;NaN;NaN],[-79;-234;693;-159],10,[NaN;0;NaN;NaN],[-213;-522;-160;-242],12,[NaN;NaN;NaN;0]},{'O',[333;234;296;242],13,[333;234;296;242],13,0},{'M',[-849;-522;-475;-159],13,[-849;1010;37;331],8,[0;NaN;NaN;NaN],[-333;-429;-475;-458],10,[NaN;NaN;0;NaN],[-79;-234;693;-159],10,[NaN;NaN;NaN;0],[-213;-522;-160;-242],12,[NaN;0;NaN;NaN]},{'O',[849;522;475;159],13,[849;522;475;159],13,0}}
Adder graph: {{'M',[1;1;1;64],1,[1;1;1;1],0,[0;0;0;6]},{'A',[-3;5;-3;68],2,[1;1;1;64],1,0,[-1;1;-1;1],0,2},{'M',[-12;20;-3;64],3,[1;1;1;1],0,[NaN;NaN;NaN;6],[-3;5;-3;68],2,[2;2;0;NaN]},{'A',[25;-39;-5;-127],4,[1;1;1;1],0,0,[12;-20;-3;-64],3,1},{'M',[-24;5;64;16],3,[1;1;1;1],0,[NaN;NaN;6;4],[-3;5;-3;68],2,[3;0;NaN;NaN]},{'M',[-3;256;-10;4],5,[1;1;1;1],0,[NaN;8;NaN;2],[-3;5;-3;68],2,[0;NaN;NaN;NaN],[25;-39;-5;-127],4,[NaN;NaN;1;NaN]},{'A',[-21;261;54;12],6,[-24;5;64;16],3,0,[3;256;-10;-4],5,0},{'M',[-192;-624;432;68],7,[-3;5;-3;68],2,[6;NaN;NaN;0],[25;-39;-5;-127],4,[NaN;4;NaN;NaN],[-21;261;54;12],6,[NaN;NaN;3;NaN]},{'M',[-21;1;-24;136],7,[1;1;1;1],0,[NaN;0;NaN;NaN],[-3;5;-3;68],2,[NaN;NaN;3;1],[-21;261;54;12],6,[0;NaN;NaN;NaN]},{'A',[-213;-623;456;204],8,[-192;-624;432;68],7,0,[-21;1;24;136],7,0},{'M',[-168;-156;-20;-127],7,[25;-39;-5;-127],4,[NaN;2;2;0],[-21;261;54;12],6,[3;NaN;NaN;NaN]},{'M',[-3;-78;-3;12],7,[-3;5;-3;68],2,[0;NaN;0;NaN],[25;-39;-5;-127],4,[NaN;1;NaN;NaN],[-21;261;54;12],6,[NaN;NaN;NaN;0]},{'A',[-333;-234;-37;-242],8,[-168;-156;-20;-127],7,1,[3;78;3;12],7,0},{'M',[-84;-624;-3;-508],7,[-3;5;-3;68],2,[NaN;NaN;0;NaN],[25;-39;-5;-127],4,[NaN;4;NaN;2],[-21;261;54;12],6,[2;NaN;NaN;NaN]},{'M',[1;-234;912;408],9,[1;1;1;1],0,[0;NaN;NaN;NaN],[-213;-623;456;204],8,[NaN;NaN;1;1],[-333;-234;-37;-242],8,[NaN;0;NaN;NaN]},{'A',[-83;-858;909;-916],10,[-84;-624;-3;-508],7,0,[1;-234;912;-408],9,0},{'M',[50;-39;108;16],7,[1;1;1;1],0,[NaN;NaN;NaN;4],[25;-39;-5;-127],4,[1;0;NaN;NaN],[-21;261;54;12],6,[NaN;NaN;1;NaN]},{'M',[-21;-623;909;-127],11,[25;-39;-5;-127],4,[NaN;NaN;NaN;0],[-21;261;54;12],6,[0;NaN;NaN;NaN],[-213;-623;456;204],8,[NaN;0;NaN;NaN],[-83;-858;909;-916],10,[NaN;NaN;0;NaN]},{'A',[79;545;-693;159],12,[50;-39;108;16],7,1,[-21;623;-909;127],11,0},{'M',[-3;80;-37;-127],9,[-3;5;-3;68],2,[0;4;NaN;NaN],[25;-39;-5;-127],4,[NaN;NaN;NaN;0],[-333;-234;-37;-242],8,[NaN;NaN;0;NaN]},{'M',[-852;1090;512;204],13,[1;1;1;1],0,[NaN;NaN;9;NaN],[-213;-623;456;204],8,[2;NaN;NaN;0],[79;545;-693;159],12,[NaN;1;NaN;NaN]},{'A',[849;-1010;475;-331],14,[-3;80;-37;-127],9,0,[852;-1090;512;-204],13,0},{'M',[79;545;909;816],13,[-213;-623;456;204],8,[NaN;NaN;NaN;2],[-83;-858;909;-916],10,[NaN;NaN;0;NaN],[79;545;-693;159],12,[0;0;NaN;NaN]},{'O',[79;545;909;816],13,[79;545;909;816],13,0},{'M',[-426;-858;-320;-916],11,[25;-39;-5;-127],4,[NaN;NaN;6;NaN],[-213;-623;456;204],8,[1;NaN;NaN;NaN],[-83;-858;909;-916],10,[NaN;0;NaN;0]},{'O',[426;858;320;916],11,[426;858;320;916],11,0},{'M',[-83;-1010;-693;-331],15,[-83;-858;909;-916],10,[0;NaN;NaN;NaN],[79;545;-693;159],12,[NaN;NaN;0;NaN],[849;-1010;475;-331],14,[NaN;0;NaN;0]},{'O',[83;1010;693;331],15,[83;1010;693;331],15,0},{'M',[-333;-234;-296;-242],9,[-333;-234;-37;-242],8,[0;0;3;0]},{'O',[333;234;296;242],9,[333;234;296;242],9,0},{'M',[849;522;475;159],15,[-21;261;54;12],6,[NaN;1;NaN;NaN],[79;545;-693;159],12,[NaN;NaN;NaN;0],[849;-1010;475;-331],14,[0;NaN;0;NaN]},{'O',[849;522;475;159],15,[849;522;475;159],15,0}}
Adder graph: {{'M',[1;2;2;2],1,[1;1;1;1],0,[0;1;1;1]},{'M',[2;2;1;1],1,[1;1;1;1],0,[1;1;0;0]},{'A',[-15;-14;10;10],2,[1;2;2;2],1,0,[-2;-2;1;1],1,3},{'M',[64;-14;1;320],3,[1;1;1;1],0,[6;NaN;0;NaN],[-15;-14;10;10],2,[NaN;0;NaN;5]},{'M',[-15;128;20;10],3,[1;1;1;1],0,[NaN;7;NaN;NaN],[-15;-14;10;10],2,[0;NaN;1;0]},{'A',[79;-142;-19;330],4,[64;-14;1;320],3,0,[15;-128;-20;10],3,0},{'M',[4;1;40;1],3,[1;1;1;1],0,[2;0;NaN;0],[-15;-14;10;10],2,[NaN;NaN;2;NaN]},{'M',[79;-28;-76;330],5,[-15;-14;10;10],2,[NaN;1;NaN;NaN],[79;-142;-19;330],4,[0;NaN;2;0]},{'A',[83;29;116;331],6,[4;1;40;1],3,0,[79;28;76;330],5,0},{'M',[158;29;928;160],7,[-15;-14;10;10],2,[NaN;NaN;NaN;4],[79;-142;-19;330],4,[1;NaN;NaN;NaN],[83;29;116;331],6,[NaN;0;3;NaN]},{'M',[79;232;-19;20],7,[-15;-14;10;10],2,[NaN;NaN;NaN;1],[79;-142;-19;330],4,[0;NaN;0;NaN],[83;29;116;331],6,[NaN;3;NaN;NaN]},{'A',[79;261;909;140],8,[158;29;928;160],7,0,[-79;232;-19;-20],7,0},{'M',[128;116;128;331],7,[1;1;1;1],0,[7;NaN;7;NaN],[83;29;116;331],6,[NaN;2;NaN;0]},{'M',[1;1;20;280],9,[1;1;1;1],0,[0;0;NaN;NaN],[-15;-14;10;10],2,[NaN;NaN;1;NaN],[79;261;909;140],8,[NaN;NaN;NaN;1]},{'A',[258;234;296;102],10,[128;116;128;331],7,1,[1;1;20;-280],9,1},{'M',[332;261;10;140],9,[-15;-14;10;10],2,[NaN;NaN;0;NaN],[83;29;116;331],6,[2;NaN;NaN;NaN],[79;261;909;140],8,[NaN;0;NaN;0]},{'M',[1;-284;1;102],11,[1;1;1;1],0,[0;NaN;0;NaN],[79;-142;-19;330],4,[NaN;1;NaN;NaN],[258;234;296;102],10,[NaN;NaN;NaN;0]},{'A',[333;545;11;242],12,[332;261;10;140],9,0,[1;284;1;102],11,0},{'M',[333;545;352;128],13,[1;1;1;1],0,[NaN;NaN;NaN;7],[333;545;11;242],12,[0;0;5;NaN]},{'M',[-240;232;11;660],13,[-15;-14;10;10],2,[4;NaN;NaN;NaN],[79;-142;-19;330],4,[NaN;NaN;NaN;1],[83;29;116;331],6,[NaN;3;NaN;NaN],[333;545;11;242],12,[NaN;NaN;0;NaN]},{'A',[426;858;693;916],14,[333;545;352;128],13,1,[-240;-232;-11;660],13,0},{'M',[258;512;232;80],11,[1;1;1;1],0,[NaN;9;NaN;NaN],[-15;-14;10;10],2,[NaN;NaN;NaN;3],[83;29;116;331],6,[NaN;NaN;1;NaN],[258;234;296;102],10,[0;NaN;NaN;NaN]},{'M',[333;-14;11;1],13,[1;1;1;1],0,[NaN;NaN;NaN;0],[-15;-14;10;10],2,[NaN;0;NaN;NaN],[333;545;11;242],12,[0;NaN;0;NaN]},{'A',[849;1010;475;159],14,[258;512;232;80],11,1,[333;-14;11;-1],13,0},{'M',[79;545;909;816],13,[79;261;909;140],8,[0;NaN;0;NaN],[258;234;296;102],10,[NaN;NaN;NaN;3],[333;545;11;242],12,[NaN;0;NaN;NaN]},{'O',[79;545;909;816],13,[79;545;909;816],13,0},{'M',[426;858;320;916],15,[-15;-14;10;10],2,[NaN;NaN;5;NaN],[426;858;693;916],14,[0;0;NaN;0]},{'O',[426;858;320;916],15,[426;858;320;916],15,0},{'M',[83;1010;693;331],15,[83;29;116;331],6,[0;NaN;NaN;0],[426;858;693;916],14,[NaN;NaN;0;NaN],[849;1010;475;159],14,[NaN;0;NaN;NaN]},{'O',[83;1010;693;331],15,[83;1010;693;331],15,0},{'M',[333;234;296;242],13,[258;234;296;102],10,[NaN;0;0;NaN],[333;545;11;242],12,[0;NaN;NaN;0]},{'O',[333;234;296;242],13,[333;234;296;242],13,0},{'M',[849;522;475;159],15,[79;261;909;140],8,[NaN;1;NaN;NaN],[849;1010;475;159],14,[0;NaN;0;0]},{'O',[849;522;475;159],15,[849;522;475;159],15,0}}
Adder graph: {{'M',[4;4;1;32],1,[1;1;1;1],0,[2;2;0;5]},{'A',[-15;17;5;-127],2,[1;1;1;1],0,0,[-4;4;1;-32],1,2},{'M',[-15;17;32;2],3,[1;1;1;1],0,[NaN;NaN;5;1],[-15;17;5;-127],2,[0;0;NaN;NaN]},{'M',[32;4;5;32],3,[1;1;1;1],0,[5;2;NaN;5],[-15;17;5;-127],2,[NaN;NaN;0;NaN]},{'A',[-47;13;37;34],4,[-15;17;32;2],3,0,[-32;-4;5;32],3,0},{'M',[-47;832;37;34],5,[-47;13;37;34],4,[0;6;0;0]},{'M',[32;13;10;2],5,[1;1;1;1],0,[5;NaN;NaN;1],[-15;17;5;-127],2,[NaN;NaN;1;NaN],[-47;13;37;34],4,[NaN;0;NaN;NaN]},{'A',[-111;858;57;30],6,[-47;832;37;34],5,0,[-32;13;10;-2],5,1},{'M',[-111;16;512;32],7,[1;1;1;1],0,[NaN;4;9;5],[-111;858;57;30],6,[0;NaN;NaN;NaN]},{'M',[-960;34;37;-127],5,[-15;17;5;-127],2,[6;1;NaN;0],[-47;13;37;34],4,[NaN;NaN;0;NaN]},{'A',[849;-18;475;159],8,[-111;16;512;32],7,0,[960;-34;-37;127],5,0},{'M',[-111;208;57;136],7,[-47;13;37;34],4,[NaN;4;NaN;2],[-111;858;57;30],6,[0;NaN;0;NaN]},{'M',[-222;13;320;34],7,[-15;17;5;-127],2,[NaN;NaN;6;NaN],[-47;13;37;34],4,[NaN;0;NaN;0],[-111;858;57;30],6,[1;NaN;NaN;NaN]},{'A',[333;234;697;204],8,[-111;208;57;136],7,0,[222;13;320;34],7,1},{'M',[32;272;57;60],7,[1;1;1;1],0,[5;NaN;NaN;NaN],[-15;17;5;-127],2,[NaN;4;NaN;NaN],[-111;858;57;30],6,[NaN;NaN;0;1]},{'M',[-15;1;5;1],3,[1;1;1;1],0,[NaN;0;NaN;0],[-15;17;5;-127],2,[0;NaN;0;NaN]},{'A',[79;545;109;121],8,[32;272;57;60],7,1,[15;1;-5;1],3,0},{'M',[79;234;697;204],9,[333;234;697;204],8,[NaN;0;0;0],[79;545;109;121],8,[0;NaN;NaN;NaN]},{'M',[4;-288;4;-127],9,[1;1;1;1],0,[2;NaN;2;NaN],[-15;17;5;-127],2,[NaN;NaN;NaN;0],[849;-18;475;159],8,[NaN;4;NaN;NaN]},{'A',[83;522;693;331],10,[79;234;697;204],9,0,[4;288;-4;127],9,0},{'M',[83;522;436;331],11,[79;545;109;121],8,[NaN;NaN;2;NaN],[83;522;693;331],10,[0;0;NaN;0]},{'M',[-47;34;37;204],9,[-15;17;5;-127],2,[NaN;1;NaN;NaN],[-47;13;37;34],4,[0;NaN;0;NaN],[333;234;697;204],8,[NaN;NaN;NaN;0]},{'A',[213;1010;909;458],12,[83;522;436;331],11,1,[47;-34;37;-204],9,0},{'M',[79;545;909;816],13,[333;234;697;204],8,[NaN;NaN;NaN;2],[79;545;109;121],8,[0;0;NaN;NaN],[213;1010;909;458],12,[NaN;NaN;0;NaN]},{'O',[79;545;909;816],13,[79;545;909;816],13,0},{'M',[426;858;320;916],13,[-15;17;5;-127],2,[NaN;NaN;6;NaN],[-111;858;57;30],6,[NaN;0;NaN;NaN],[213;1010;909;458],12,[1;NaN;NaN;1]},{'O',[426;858;320;916],13,[426;858;320;916],13,0},{'M',[83;1010;693;331],13,[83;522;693;331],10,[0;NaN;0;0],[213;1010;909;458],12,[NaN;0;NaN;NaN]},{'O',[83;1010;693;331],13,[83;1010;693;331],13,0},{'M',[333;234;296;242],9,[-47;13;37;34],4,[NaN;NaN;3;NaN],[333;234;697;204],8,[0;0;NaN;NaN],[79;545;109;121],8,[NaN;NaN;NaN;1]},{'O',[333;234;296;242],9,[333;234;296;242],9,0},{'M',[849;522;475;159],11,[849;-18;475;159],8,[0;NaN;0;0],[83;522;693;331],10,[NaN;0;NaN;NaN]},{'O',[849;522;475;159],11,[849;522;475;159],11,0}}
Adder graph: {{'M',[1;1;1;128],1,[1;1;1;1],0,[0;0;0;7]},{'M',[4;4;4;1],1,[1;1;1;1],0,[2;2;2;0]},{'A',[-3;5;5;127],2,[1;1;1;128],1,0,[-4;4;4;-1],1,0},{'M',[-3;2;5;2],3,[1;1;1;1],0,[NaN;1;NaN;1],[-3;5;5;127],2,[0;NaN;0;NaN]},{'M',[-48;256;64;1],3,[1;1;1;1],0,[NaN;8;6;0],[-3;5;5;127],2,[4;NaN;NaN;NaN]},{'A',[42;-252;-54;3],4,[-3;2;5;2],3,1,[48;-256;-64;-1],3,0},{'M',[42;-252;-216;3],5,[42;-252;-54;3],4,[0;0;2;0]},{'M',[-96;5;32;12],5,[1;1;1;1],0,[NaN;NaN;5;NaN],[-3;5;5;127],2,[5;0;NaN;NaN],[42;-252;-54;3],4,[NaN;NaN;NaN;2]},{'A',[426;-232;-344;51],6,[42;-252;-216;3],5,0,[96;5;-32;12],5,2},{'M',[-3;2;5;204],7,[1;1;1;1],0,[NaN;1;NaN;NaN],[-3;5;5;127],2,[0;NaN;0;NaN],[426;-232;-344;51],6,[NaN;NaN;NaN;2]},{'M',[336;-232;10;254],7,[-3;5;5;127],2,[NaN;NaN;1;1],[42;-252;-54;3],4,[3;NaN;NaN;NaN],[426;-232;-344;51],6,[NaN;0;NaN;NaN]},{'A',[333;234;15;458],8,[-3;2;5;204],7,0,[336;232;10;254],7,0},{'M',[-3;1;5;127],3,[1;1;1;1],0,[NaN;0;NaN;NaN],[-3;5;5;127],2,[0;NaN;0;0]},{'M',[426;-252;-344;3],7,[42;-252;-54;3],4,[NaN;0;NaN;0],[426;-232;-344;51],6,[0;NaN;0;NaN]},{'A',[849;505;693;121],8,[-3;1;5;127],3,0,[426;252;344;-3],7,1},{'M',[84;5;-108;127],5,[-3;5;5;127],2,[NaN;0;NaN;0],[42;-252;-54;3],4,[1;NaN;1;NaN]},{'M',[1;256;256;204],7,[1;1;1;1],0,[0;8;8;NaN],[426;-232;-344;51],6,[NaN;NaN;NaN;2]},{'A',[83;261;148;331],8,[84;5;-108;127],5,0,[-1;256;256;204],7,0},{'M',[83;505;693;4],9,[1;1;1;1],0,[NaN;NaN;NaN;2],[849;505;693;121],8,[NaN;0;0;NaN],[83;261;148;331],8,[0;NaN;NaN;NaN]},{'M',[1;10;-54;3],5,[1;1;1;1],0,[0;NaN;NaN;NaN],[-3;5;5;127],2,[NaN;1;NaN;NaN],[42;-252;-54;3],4,[NaN;NaN;0;0]},{'A',[79;545;909;16],10,[83;505;693;4],9,0,[-1;10;54;3],5,2},{'M',[1264;545;240;16],11,[333;234;15;458],8,[NaN;NaN;4;NaN],[79;545;909;16],10,[4;0;NaN;0]},{'M',[426;-232;5;127],7,[-3;5;5;127],2,[NaN;NaN;0;0],[426;-232;-344;51],6,[0;0;NaN;NaN]},{'A',[2954;858;475;159],12,[1264;545;240;16],11,1,[426;-232;-5;127],7,0},{'M',[79;545;909;816],11,[426;-232;-344;51],6,[NaN;NaN;NaN;4],[79;545;909;16],10,[0;0;0;NaN]},{'O',[79;545;909;816],11,[79;545;909;816],11,0},{'M',[426;858;320;916],13,[-3;5;5;127],2,[NaN;NaN;6;NaN],[426;-232;-344;51],6,[0;NaN;NaN;NaN],[333;234;15;458],8,[NaN;NaN;NaN;1],[2954;858;475;159],12,[NaN;0;NaN;NaN]},{'O',[426;858;320;916],13,[426;858;320;916],13,0},{'M',[83;1010;693;331],9,[849;505;693;121],8,[NaN;1;0;NaN],[83;261;148;331],8,[0;NaN;NaN;0]},{'O',[83;1010;693;331],9,[83;1010;693;331],9,0},{'M',[333;234;296;242],9,[333;234;15;458],8,[0;0;NaN;NaN],[849;505;693;121],8,[NaN;NaN;NaN;1],[83;261;148;331],8,[NaN;NaN;1;NaN]},{'O',[333;234;296;242],9,[333;234;296;242],9,0},{'M',[849;522;475;159],13,[849;505;693;121],8,[0;NaN;NaN;NaN],[83;261;148;331],8,[NaN;1;NaN;NaN],[2954;858;475;159],12,[NaN;NaN;0;0]},{'O',[849;522;475;159],13,[849;522;475;159],13,0}}
Finished solving after 12150.5 seconds
Adder graph: {{'M',[1;1;1;128],1,[1;1;1;1],0,[0;0;0;7]},{'M',[4;4;4;1],1,[1;1;1;1],0,[2;2;2;0]},{'A',[-3;5;5;127],2,[1;1;1;128],1,0,[-4;4;4;-1],1,0},{'M',[-3;2;5;2],3,[1;1;1;1],0,[NaN;1;NaN;1],[-3;5;5;127],2,[0;NaN;0;NaN]},{'M',[-48;256;64;1],3,[1;1;1;1],0,[NaN;8;6;0],[-3;5;5;127],2,[4;NaN;NaN;NaN]},{'A',[42;-252;-54;3],4,[-3;2;5;2],3,1,[48;-256;-64;-1],3,0},{'M',[42;-252;-216;3],5,[42;-252;-54;3],4,[0;0;2;0]},{'M',[-96;5;32;12],5,[1;1;1;1],0,[NaN;NaN;5;NaN],[-3;5;5;127],2,[5;0;NaN;NaN],[42;-252;-54;3],4,[NaN;NaN;NaN;2]},{'A',[426;-232;-344;51],6,[42;-252;-216;3],5,0,[96;5;-32;12],5,2},{'M',[-3;2;5;204],7,[1;1;1;1],0,[NaN;1;NaN;NaN],[-3;5;5;127],2,[0;NaN;0;NaN],[426;-232;-344;51],6,[NaN;NaN;NaN;2]},{'M',[336;-232;10;254],7,[-3;5;5;127],2,[NaN;NaN;1;1],[42;-252;-54;3],4,[3;NaN;NaN;NaN],[426;-232;-344;51],6,[NaN;0;NaN;NaN]},{'A',[333;234;15;458],8,[-3;2;5;204],7,0,[336;232;10;254],7,0},{'M',[-3;1;5;127],3,[1;1;1;1],0,[NaN;0;NaN;NaN],[-3;5;5;127],2,[0;NaN;0;0]},{'M',[426;-252;-344;3],7,[42;-252;-54;3],4,[NaN;0;NaN;0],[426;-232;-344;51],6,[0;NaN;0;NaN]},{'A',[849;505;693;121],8,[-3;1;5;127],3,0,[426;252;344;-3],7,1},{'M',[84;5;-108;127],5,[-3;5;5;127],2,[NaN;0;NaN;0],[42;-252;-54;3],4,[1;NaN;1;NaN]},{'M',[1;256;256;204],7,[1;1;1;1],0,[0;8;8;NaN],[426;-232;-344;51],6,[NaN;NaN;NaN;2]},{'A',[83;261;148;331],8,[84;5;-108;127],5,0,[-1;256;256;204],7,0},{'M',[83;505;693;4],9,[1;1;1;1],0,[NaN;NaN;NaN;2],[849;505;693;121],8,[NaN;0;0;NaN],[83;261;148;331],8,[0;NaN;NaN;NaN]},{'M',[1;10;-54;3],5,[1;1;1;1],0,[0;NaN;NaN;NaN],[-3;5;5;127],2,[NaN;1;NaN;NaN],[42;-252;-54;3],4,[NaN;NaN;0;0]},{'A',[79;545;909;16],10,[83;505;693;4],9,0,[-1;10;54;3],5,2},{'M',[1264;545;240;16],11,[333;234;15;458],8,[NaN;NaN;4;NaN],[79;545;909;16],10,[4;0;NaN;0]},{'M',[426;-232;5;127],7,[-3;5;5;127],2,[NaN;NaN;0;0],[426;-232;-344;51],6,[0;0;NaN;NaN]},{'A',[2954;858;475;159],12,[1264;545;240;16],11,1,[426;-232;-5;127],7,0},{'M',[79;545;909;816],11,[426;-232;-344;51],6,[NaN;NaN;NaN;4],[79;545;909;16],10,[0;0;0;NaN]},{'O',[79;545;909;816],11,[79;545;909;816],11,0},{'M',[426;858;320;916],13,[-3;5;5;127],2,[NaN;NaN;6;NaN],[426;-232;-344;51],6,[0;NaN;NaN;NaN],[333;234;15;458],8,[NaN;NaN;NaN;1],[2954;858;475;159],12,[NaN;0;NaN;NaN]},{'O',[426;858;320;916],13,[426;858;320;916],13,0},{'M',[83;1010;693;331],9,[849;505;693;121],8,[NaN;1;0;NaN],[83;261;148;331],8,[0;NaN;NaN;0]},{'O',[83;1010;693;331],9,[83;1010;693;331],9,0},{'M',[333;234;296;242],9,[333;234;15;458],8,[0;0;NaN;NaN],[849;505;693;121],8,[NaN;NaN;NaN;1],[83;261;148;331],8,[NaN;NaN;1;NaN]},{'O',[333;234;296;242],9,[333;234;296;242],9,0},{'M',[849;522;475;159],13,[849;505;693;121],8,[0;NaN;NaN;NaN],[83;261;148;331],8,[NaN;1;NaN;NaN],[2954;858;475;159],12,[NaN;NaN;0;0]},{'O',[849;522;475;159],13,[849;522;475;159],13,0}}
# Add optimal = 1
# Mux optimal = 0
# FAs optimal = 0
