Adder graph: {{'M',[8;1;512],1,[1;1;1],0,[3;0;9]},{'M',[1;16;32],1,[1;1;1],0,[0;4;5]},{'A',[9;17;480],2,[8;1;512],1,0,[1;16;-32],1,0},{'M',[2;8;1],1,[1;1;1],0,[1;3;0]},{'M',[16;1;4],1,[1;1;1],0,[4;0;2]},{'A',[-14;7;-3],2,[2;8;1],1,0,[-16;-1;-4],1,0},{'M',[1;16;1],1,[1;1;1],0,[0;4;0]},{'M',[2;1;8],1,[1;1;1],0,[1;0;3]},{'A',[-1;15;-7],2,[1;16;1],1,0,[-2;-1;-8],1,0},{'M',[9;136;-28],3,[9;17;480],2,[0;3;NaN],[-1;15;-7],2,[NaN;NaN;2]},{'M',[-64;7;-384],3,[-14;7;-3],2,[NaN;0;7],[-1;15;-7],2,[6;NaN;NaN]},{'A',[137;122;740],4,[9;136;-28],3,0,[64;-7;384],3,1},{'A',[223;-97;41],3,[-1;15;-7],2,0,[14;-7;3],2,4},{'M',[9;112;-6],3,[9;17;480],2,[0;NaN;NaN],[-14;7;-3],2,[NaN;4;1]},{'M',[-32;60;-7],3,[-1;15;-7],2,[5;2;0]},{'A',[-14;284;-5],4,[9;112;-6],3,1,[-32;60;7],3,0},{'M',[9;272;480],3,[9;17;480],2,[0;4;0]},{'A',[205;-641;1001],4,[223;-97;41],3,0,[-9;-272;480],3,1},{'M',[18;15;-14],3,[9;17;480],2,[1;NaN;NaN],[-1;15;-7],2,[NaN;0;1]},{'M',[-1;15;-14],3,[-1;15;-7],2,[0;0;1]},{'A',[20;45;14],4,[18;15;-14],3,0,[1;15;14],3,1},{'M',[223;-97;328],4,[223;-97;41],3,[0;0;3]},{'A',[383;457;440],5,[20;45;14],4,3,[223;97;328],4,0},{'O',[383;457;440],5,[383;457;440],5,0},{'M',[410;488;740],5,[137;122;740],4,[NaN;2;0],[205;-641;1001],4,[1;NaN;NaN]},{'O',[410;488;740],5,[410;488;740],5,0},{'M',[820;45;896],5,[205;-641;1001],4,[2;NaN;NaN],[20;45;14],4,[NaN;0;6]},{'O',[820;45;896],5,[820;45;896],5,0},{'M',[137;568;1001],5,[137;122;740],4,[0;NaN;NaN],[-14;284;-5],4,[NaN;1;NaN],[205;-641;1001],4,[NaN;NaN;0]},{'O',[137;568;1001],5,[137;568;1001],5,0},{'M',[-14;-641;-5],5,[-14;284;-5],4,[0;NaN;0],[205;-641;1001],4,[NaN;0;NaN]},{'O',[14;641;5],5,[14;641;5],5,0}}
Adder graph: {{'M',[64;64;1],1,[1;1;1],0,[6;6;0]},{'M',[1;1;32],1,[1;1;1],0,[0;0;5]},{'A',[65;63;-31],2,[64;64;1],1,0,[1;-1;-32],1,0},{'M',[64;1;128],1,[1;1;1],0,[6;0;7]},{'M',[8;64;1],1,[1;1;1],0,[3;6;0]},{'A',[56;65;129],2,[64;1;128],1,0,[-8;64;1],1,0},{'A',[3;5;3],1,[1;1;1],0,2,[-1;1;-1],0,0},{'M',[64;1;1],1,[1;1;1],0,[6;0;0]},{'A',[70;-9;7],2,[64;1;1],1,0,[3;-5;3],1,1},{'A',[383;457;1001],3,[56;65;129],2,3,[-65;-63;-31],2,0},{'M',[70;252;129],3,[65;63;-31],2,[NaN;2;NaN],[56;65;129],2,[NaN;NaN;0],[70;-9;7],2,[0;NaN;NaN]},{'M',[65;260;112],3,[65;63;-31],2,[0;NaN;NaN],[56;65;129],2,[NaN;2;NaN],[70;-9;7],2,[NaN;NaN;4]},{'A',[205;244;370],4,[70;252;129],3,1,[65;-260;112],3,0},{'M',[70;65;-124],3,[65;63;-31],2,[NaN;NaN;2],[56;65;129],2,[NaN;0;NaN],[70;-9;7],2,[0;NaN;NaN]},{'M',[56;-576;129],3,[56;65;129],2,[0;NaN;0],[70;-9;7],2,[NaN;6;NaN]},{'A',[14;641;5],4,[70;65;-124],3,0,[-56;576;129],3,0},{'M',[280;-9;224],3,[70;-9;7],2,[2;0;5]},{'M',[260;63;448],3,[65;63;-31],2,[2;0;NaN],[70;-9;7],2,[NaN;NaN;6]},{'A',[820;45;896],4,[280;-9;224],3,1,[260;63;448],3,0},{'M',[3;160;96],2,[3;5;3],1,[0;5;5]},{'A',[137;142;110],3,[70;-9;7],2,1,[-3;160;96],2,0},{'M',[383;457;440],4,[383;457;1001],3,[0;0;NaN],[137;142;110],3,[NaN;NaN;2]},{'O',[383;457;440],4,[383;457;440],4,0},{'O',[410;488;740],4,[205;244;370],4,1},{'O',[820;45;896],4,[820;45;896],4,0},{'M',[137;568;1001],4,[383;457;1001],3,[NaN;NaN;0],[137;142;110],3,[0;2;NaN]},{'O',[137;568;1001],4,[137;568;1001],4,0},{'O',[14;641;5],4,[14;641;5],4,0}}
Adder graph: {{'A',[127;127;127],1,[1;1;1],0,7,[-1;-1;-1],0,0},{'A',[1;3;1],1,[1;1;1],0,1,[-1;1;-1],0,0},{'M',[1;3;16],2,[1;3;1],1,[0;0;4]},{'M',[2;3;32],2,[1;3;1],1,[1;0;5]},{'A',[14;45;224],3,[1;3;16],2,4,[-2;-3;-32],2,0},{'A',[17;15;15],1,[1;1;1],0,4,[1;-1;-1],0,0},{'M',[4;1;1],1,[1;1;1],0,[2;0;0]},{'A',[49;23;23],2,[17;15;15],1,0,[4;1;1],1,3},{'M',[17;60;1],2,[1;3;1],1,[NaN;NaN;0],[17;15;15],1,[0;2;NaN]},{'A',[-375;244;185],3,[17;60;1],2,0,[-49;23;23],2,3},{'M',[136;127;1016],2,[127;127;127],1,[NaN;0;3],[17;15;15],1,[3;NaN;NaN]},{'M',[1;15;15],2,[1;3;1],1,[0;NaN;NaN],[17;15;15],1,[NaN;0;0]},{'A',[137;142;1001],3,[136;127;1016],2,0,[1;15;-15],2,0},{'M',[127;768;4],2,[127;127;127],1,[0;NaN;NaN],[1;3;1],1,[NaN;8;2]},{'M',[256;127;1],2,[127;127;127],1,[NaN;0;NaN],[1;3;1],1,[8;NaN;0]},{'A',[383;641;5],3,[127;768;4],2,0,[256;-127;1],2,0},{'M',[127;240;16],2,[127;127;127],1,[0;NaN;NaN],[1;3;1],1,[NaN;NaN;4],[17;15;15],1,[NaN;4;NaN]},{'A',[205;457;55],3,[127;240;16],2,1,[-49;-23;23],2,0},{'M',[383;457;440],4,[383;641;5],3,[0;NaN;NaN],[205;457;55],3,[NaN;0;3]},{'O',[383;457;440],4,[383;457;440],4,0},{'M',[205;244;370],4,[-375;244;185],3,[NaN;0;1],[205;457;55],3,[0;NaN;NaN]},{'O',[410;488;740],4,[205;244;370],4,1},{'M',[820;45;896],4,[14;45;224],3,[NaN;0;2],[205;457;55],3,[2;NaN;NaN]},{'O',[820;45;896],4,[820;45;896],4,0},{'M',[137;568;1001],4,[137;142;1001],3,[0;2;0]},{'O',[137;568;1001],4,[137;568;1001],4,0},{'M',[14;641;5],4,[14;45;224],3,[0;NaN;NaN],[383;641;5],3,[NaN;0;0]},{'O',[14;641;5],4,[14;641;5],4,0}}
Adder graph: {{'A',[9;9;7],1,[1;1;1],0,3,[1;1;-1],0,0},{'A',[-7;-7;9],1,[1;1;1],0,0,[-1;-1;1],0,3},{'A',[65;65;63],1,[1;1;1],0,6,[1;1;-1],0,0},{'M',[4;16;1],1,[1;1;1],0,[2;4;0]},{'A',[-196;-4;-236],2,[4;16;1],1,4,[-65;-65;-63],1,2},{'M',[-28;-28;63],2,[-7;-7;9],1,[2;2;NaN],[65;65;63],1,[NaN;NaN;0]},{'M',[65;9;7],2,[9;9;7],1,[NaN;0;0],[65;65;63],1,[0;NaN;NaN]},{'A',[-383;-457;1001],3,[-28;-28;63],2,4,[65;-9;-7],2,0},{'M',[9;36;7],2,[9;9;7],1,[0;2;0]},{'M',[130;65;56],2,[9;9;7],1,[NaN;NaN;3],[65;65;63],1,[1;0;NaN]},{'A',[14;641;56],3,[9;36;7],2,4,[-130;65;-56],2,0},{'M',[130;65;126],2,[65;65;63],1,[1;0;1]},{'A',[-326;61;-110],3,[-196;-4;-236],2,0,[-130;65;126],2,0},{'M',[65;18;7],2,[9;9;7],1,[NaN;1;0],[65;65;63],1,[0;NaN;NaN]},{'M',[-7;9;9],2,[9;9;7],1,[NaN;0;NaN],[-7;-7;9],1,[0;NaN;0]},{'A',[137;45;5],3,[65;18;7],2,1,[7;9;-9],2,0},{'M',[9;288;504],2,[9;9;7],1,[0;5;NaN],[65;65;63],1,[NaN;NaN;3]},{'A',[205;284;740],3,[9;288;504],2,0,[196;-4;236],2,0},{'M',[-383;-457;-440],4,[-383;-457;1001],3,[0;0;NaN],[-326;61;-110],3,[NaN;NaN;2]},{'O',[383;457;440],4,[383;457;440],4,0},{'M',[410;488;740],4,[-326;61;-110],3,[NaN;3;NaN],[205;284;740],3,[1;NaN;0]},{'O',[410;488;740],4,[410;488;740],4,0},{'M',[820;45;896],4,[14;641;56],3,[NaN;NaN;4],[137;45;5],3,[NaN;0;NaN],[205;284;740],3,[2;NaN;NaN]},{'O',[820;45;896],4,[820;45;896],4,0},{'M',[137;568;1001],4,[-383;-457;1001],3,[NaN;NaN;0],[137;45;5],3,[0;NaN;NaN],[205;284;740],3,[NaN;1;NaN]},{'O',[137;568;1001],4,[137;568;1001],4,0},{'M',[14;641;5],4,[14;641;56],3,[0;0;NaN],[137;45;5],3,[NaN;NaN;0]},{'O',[14;641;5],4,[14;641;5],4,0}}
Adder graph: {{'A',[3;5;3],1,[1;1;1],0,2,[-1;1;-1],0,0},{'M',[1;4;4],1,[1;1;1],0,[0;2;2]},{'A',[386;632;392],2,[3;5;3],1,7,[1;-4;4],1,1},{'M',[2;1;16],1,[1;1;1],0,[1;0;4]},{'M',[1;32;1],1,[1;1;1],0,[0;5;0]},{'A',[9;-28;63],2,[2;1;16],1,2,[1;-32;-1],1,0},{'A',[-7;9;-7],1,[1;1;1],0,0,[-1;1;-1],0,3},{'M',[-7;9;768],2,[3;5;3],1,[NaN;NaN;8],[-7;9;-7],1,[0;0;NaN]},{'M',[-7;18;-14],2,[-7;9;-7],1,[0;1;1]},{'A',[7;45;740],3,[-7;9;768],2,0,[7;18;-14],2,1},{'M',[3;144;48],2,[3;5;3],1,[0;NaN;4],[-7;9;-7],1,[NaN;4;NaN]},{'A',[383;488;440],3,[386;632;392],2,0,[-3;-144;48],2,0},{'M',[24;9;-56],2,[3;5;3],1,[3;NaN;NaN],[-7;9;-7],1,[NaN;0;3]},{'A',[410;641;448],3,[386;632;392],2,0,[24;9;56],2,0},{'M',[3;20;3],2,[3;5;3],1,[0;2;0]},{'M',[6;9;-7],2,[3;5;3],1,[1;NaN;NaN],[-7;9;-7],1,[NaN;0;0]},{'A',[6;71;5],3,[3;20;3],2,2,[-6;-9;-7],2,0},{'R',[-7;9;-7],2,[-7;9;-7],1},{'A',[137;457;1001],3,[-7;9;-7],2,0,[9;28;63],2,4},{'M',[383;457;440],4,[383;488;440],3,[0;NaN;0],[137;457;1001],3,[NaN;0;NaN]},{'O',[383;457;440],4,[383;457;440],4,0},{'M',[410;488;740],4,[7;45;740],3,[NaN;NaN;0],[383;488;440],3,[NaN;0;NaN],[410;641;448],3,[0;NaN;NaN]},{'O',[410;488;740],4,[410;488;740],4,0},{'M',[820;45;896],4,[7;45;740],3,[NaN;0;NaN],[410;641;448],3,[1;NaN;1]},{'O',[820;45;896],4,[820;45;896],4,0},{'M',[137;568;1001],4,[6;71;5],3,[NaN;3;NaN],[137;457;1001],3,[0;NaN;0]},{'O',[137;568;1001],4,[137;568;1001],4,0},{'M',[14;641;5],4,[7;45;740],3,[1;NaN;NaN],[410;641;448],3,[NaN;0;NaN],[6;71;5],3,[NaN;NaN;0]},{'O',[14;641;5],4,[14;641;5],4,0}}
Adder graph: {{'A',[65;-63;-63],1,[1;1;1],0,0,[1;-1;-1],0,6},{'A',[-7;9;-7],1,[1;1;1],0,0,[-1;1;-1],0,3},{'A',[6;-2;-2],1,[1;1;1],0,1,[1;-1;-1],0,2},{'M',[-7;-63;-7],2,[65;-63;-63],1,[NaN;0;NaN],[-7;9;-7],1,[0;NaN;0]},{'M',[-7;9;-504],2,[65;-63;-63],1,[NaN;NaN;3],[-7;9;-7],1,[0;0;NaN]},{'A',[7;-45;1001],3,[-7;-63;-7],2,0,[7;9;504],2,1},{'M',[130;576;-2],2,[65;-63;-63],1,[1;NaN;NaN],[-7;9;-7],1,[NaN;6;NaN],[6;-2;-2],1,[NaN;NaN;0]},{'M',[-7;-8;-7],2,[-7;9;-7],1,[0;NaN;0],[6;-2;-2],1,[NaN;2;NaN]},{'A',[137;568;5],3,[130;576;-2],2,0,[7;-8;7],2,0},{'M',[32;16;1],1,[1;1;1],0,[5;4;0]},{'A',[-191;65;-71],2,[65;-63;-63],1,0,[-32;16;-1],1,3},{'M',[65;-63;-512],2,[65;-63;-63],1,[0;0;NaN],[6;-2;-2],1,[NaN;NaN;8]},{'A',[-1593;457;-56],3,[-191;65;-71],2,3,[-65;-63;512],2,0},{'M',[6;18;-8],2,[-7;9;-7],1,[NaN;1;NaN],[6;-2;-2],1,[0;NaN;2]},{'A',[383;641;-185],3,[6;18;-8],2,5,[191;65;71],2,0},{'M',[-7;-63;-63],2,[65;-63;-63],1,[NaN;0;0],[-7;9;-7],1,[0;NaN;NaN]},{'A',[-410;-122;110],3,[-191;65;-71],2,1,[-7;-63;63],2,2},{'M',[383;457;440],4,[-1593;457;-56],3,[NaN;0;NaN],[383;641;-185],3,[0;NaN;NaN],[-410;-122;110],3,[NaN;NaN;2]},{'O',[383;457;440],4,[383;457;440],4,0},{'M',[-410;-488;-740],4,[383;641;-185],3,[NaN;NaN;2],[-410;-122;110],3,[0;2;NaN]},{'O',[410;488;740],4,[410;488;740],4,0},{'M',[-820;-45;-896],4,[7;-45;1001],3,[NaN;0;NaN],[-1593;457;-56],3,[NaN;NaN;4],[-410;-122;110],3,[1;NaN;NaN]},{'O',[820;45;896],4,[820;45;896],4,0},{'M',[137;568;1001],4,[7;-45;1001],3,[NaN;NaN;0],[137;568;5],3,[0;0;NaN]},{'O',[137;568;1001],4,[137;568;1001],4,0},{'M',[14;641;5],4,[7;-45;1001],3,[1;NaN;NaN],[137;568;5],3,[NaN;NaN;0],[383;641;-185],3,[NaN;0;NaN]},{'O',[14;641;5],4,[14;641;5],4,0}}
Adder graph: {{'A',[-3;5;5],1,[1;1;1],0,0,[-1;1;1],0,2},{'A',[-7;9;-7],1,[1;1;1],0,0,[-1;1;-1],0,3},{'R',[-7;9;-7],2,[-7;9;-7],1},{'M',[-7;18;-7],2,[-7;9;-7],1,[0;1;0]},{'A',[7;45;7],3,[-7;9;-7],2,0,[7;18;7],2,1},{'A',[65;65;-63],1,[1;1;1],0,0,[1;1;-1],0,6},{'M',[16;64;1],1,[1;1;1],0,[4;6;0]},{'A',[-416;-448;450],2,[16;64;1],1,1,[-7;-9;7],1,6},{'M',[-3;20;5],2,[-3;5;5],1,[0;2;0]},{'A',[410;488;-440],3,[-3;20;5],2,1,[416;448;-450],2,0},{'M',[65;65;10],2,[-3;5;5],1,[NaN;NaN;1],[65;65;-63],1,[0;0;NaN]},{'M',[-448;576;5],2,[-3;5;5],1,[NaN;NaN;0],[-7;9;-7],1,[6;6;NaN]},{'A',[-383;641;5],3,[65;65;10],2,0,[-448;576;-5],2,0},{'M',[-7;9;80],2,[-3;5;5],1,[NaN;NaN;4],[-7;9;-7],1,[0;0;NaN]},{'A',[-423;-457;370],3,[-416;-448;450],2,0,[-7;-9;-80],2,0},{'M',[130;80;-7],2,[-3;5;5],1,[NaN;4;NaN],[-7;9;-7],1,[NaN;NaN;0],[65;65;-63],1,[1;NaN;NaN]},{'M',[-7;9;-1008],2,[-7;9;-7],1,[0;0;NaN],[65;65;-63],1,[NaN;NaN;4]},{'A',[137;71;1001],3,[130;80;-7],2,0,[7;-9;1008],2,0},{'M',[-383;-457;-440],4,[410;488;-440],3,[NaN;NaN;0],[-383;641;5],3,[0;NaN;NaN],[-423;-457;370],3,[NaN;0;NaN]},{'O',[383;457;440],4,[383;457;440],4,0},{'M',[410;488;740],4,[410;488;-440],3,[0;0;NaN],[-423;-457;370],3,[NaN;NaN;1]},{'O',[410;488;740],4,[410;488;740],4,0},{'M',[820;45;896],4,[7;45;7],3,[NaN;0;7],[410;488;-440],3,[1;NaN;NaN]},{'O',[820;45;896],4,[820;45;896],4,0},{'M',[137;568;1001],4,[137;71;1001],3,[0;3;0]},{'O',[137;568;1001],4,[137;568;1001],4,0},{'M',[14;641;5],4,[7;45;7],3,[1;NaN;NaN],[-383;641;5],3,[NaN;0;0]},{'O',[14;641;5],4,[14;641;5],4,0}}
Adder graph: {{'A',[3;5;3],1,[1;1;1],0,2,[-1;1;-1],0,0},{'M',[1;2;8],1,[1;1;1],0,[0;1;3]},{'M',[2;1;2],1,[1;1;1],0,[1;0;1]},{'A',[144;264;1008],2,[1;2;8],1,7,[2;1;-2],1,3},{'M',[4;1;1],1,[1;1;1],0,[2;0;0]},{'A',[19;1;-1],2,[3;5;3],1,0,[4;-1;-1],1,2},{'A',[7;9;7],1,[1;1;1],0,3,[-1;1;-1],0,0},{'M',[7;9;768],2,[3;5;3],1,[NaN;NaN;8],[7;9;7],1,[0;0;NaN]},{'M',[7;36;28],2,[7;9;7],1,[0;2;2]},{'A',[14;45;740],3,[7;9;768],2,0,[7;36;-28],2,0},{'M',[7;20;7],2,[3;5;3],1,[NaN;2;NaN],[7;9;7],1,[0;NaN;0]},{'A',[137;244;1001],3,[144;264;1008],2,0,[-7;-20;-7],2,0},{'M',[14;5;14],2,[3;5;3],1,[NaN;0;NaN],[7;9;7],1,[1;NaN;1]},{'M',[7;9;224],2,[7;9;7],1,[0;0;5]},{'A',[231;71;448],3,[14;5;14],2,4,[7;-9;224],2,0},{'M',[76;264;-4],3,[144;264;1008],2,[NaN;0;NaN],[19;1;-1],2,[2;NaN;2]},{'A',[383;457;440],4,[76;264;-4],3,1,[231;-71;448],3,0},{'M',[112;320;3],2,[3;5;3],1,[NaN;6;0],[7;9;7],1,[4;NaN;NaN]},{'A',[205;641;5],3,[112;320;3],2,1,[-19;1;-1],2,0},{'O',[383;457;440],4,[383;457;440],4,0},{'M',[410;488;740],4,[14;45;740],3,[NaN;NaN;0],[137;244;1001],3,[NaN;1;NaN],[205;641;5],3,[1;NaN;NaN]},{'O',[410;488;740],4,[410;488;740],4,0},{'M',[820;45;896],4,[14;45;740],3,[NaN;0;NaN],[231;71;448],3,[NaN;NaN;1],[205;641;5],3,[2;NaN;NaN]},{'O',[820;45;896],4,[820;45;896],4,0},{'M',[137;568;1001],4,[137;244;1001],3,[0;NaN;0],[231;71;448],3,[NaN;3;NaN]},{'O',[137;568;1001],4,[137;568;1001],4,0},{'M',[14;641;5],4,[14;45;740],3,[0;NaN;NaN],[205;641;5],3,[NaN;0;0]},{'O',[14;641;5],4,[14;641;5],4,0}}
Finished solving after 21606.2 seconds
Adder graph: {{'A',[3;5;3],1,[1;1;1],0,2,[-1;1;-1],0,0},{'M',[1;2;8],1,[1;1;1],0,[0;1;3]},{'M',[2;1;2],1,[1;1;1],0,[1;0;1]},{'A',[144;264;1008],2,[1;2;8],1,7,[2;1;-2],1,3},{'M',[4;1;1],1,[1;1;1],0,[2;0;0]},{'A',[19;1;-1],2,[3;5;3],1,0,[4;-1;-1],1,2},{'A',[7;9;7],1,[1;1;1],0,3,[-1;1;-1],0,0},{'M',[7;9;768],2,[3;5;3],1,[NaN;NaN;8],[7;9;7],1,[0;0;NaN]},{'M',[7;36;28],2,[7;9;7],1,[0;2;2]},{'A',[14;45;740],3,[7;9;768],2,0,[7;36;-28],2,0},{'M',[7;20;7],2,[3;5;3],1,[NaN;2;NaN],[7;9;7],1,[0;NaN;0]},{'A',[137;244;1001],3,[144;264;1008],2,0,[-7;-20;-7],2,0},{'M',[14;5;14],2,[3;5;3],1,[NaN;0;NaN],[7;9;7],1,[1;NaN;1]},{'M',[7;9;224],2,[7;9;7],1,[0;0;5]},{'A',[231;71;448],3,[14;5;14],2,4,[7;-9;224],2,0},{'M',[76;264;-4],3,[144;264;1008],2,[NaN;0;NaN],[19;1;-1],2,[2;NaN;2]},{'A',[383;457;440],4,[76;264;-4],3,1,[231;-71;448],3,0},{'M',[112;320;3],2,[3;5;3],1,[NaN;6;0],[7;9;7],1,[4;NaN;NaN]},{'A',[205;641;5],3,[112;320;3],2,1,[-19;1;-1],2,0},{'O',[383;457;440],4,[383;457;440],4,0},{'M',[410;488;740],4,[14;45;740],3,[NaN;NaN;0],[137;244;1001],3,[NaN;1;NaN],[205;641;5],3,[1;NaN;NaN]},{'O',[410;488;740],4,[410;488;740],4,0},{'M',[820;45;896],4,[14;45;740],3,[NaN;0;NaN],[231;71;448],3,[NaN;NaN;1],[205;641;5],3,[2;NaN;NaN]},{'O',[820;45;896],4,[820;45;896],4,0},{'M',[137;568;1001],4,[137;244;1001],3,[0;NaN;0],[231;71;448],3,[NaN;3;NaN]},{'O',[137;568;1001],4,[137;568;1001],4,0},{'M',[14;641;5],4,[14;45;740],3,[0;NaN;NaN],[205;641;5],3,[NaN;0;0]},{'O',[14;641;5],4,[14;641;5],4,0}}
# Add optimal = 0
# Mux optimal = 0
# Mux registers optimal = 0
# FAs optimal = 0
