Adder graph: {{'A',[3;3;5],1,[1;1;1],0,2,[-1;-1;1],0,0},{'M',[128;64;1],1,[1;1;1],0,[7;6;0]},{'A',[1027;-509;-3],2,[3;3;5],1,0,[128;-64;-1],1,3},{'R',[1;1;1],1,[1;1;1],0},{'A',[232;280;296],2,[1;1;1],1,8,[-3;3;5],1,3},{'A',[9;7;9],1,[1;1;1],0,3,[1;-1;1],0,0},{'M',[288;28;1],2,[1;1;1],1,[NaN;NaN;0],[9;7;9],1,[5;2;NaN]},{'M',[48;3;18],2,[3;3;5],1,[4;0;NaN],[9;7;9],1,[NaN;NaN;1]},{'A',[1104;115;22],3,[288;28;1],2,2,[-48;3;18],2,0},{'M',[4;1;16],2,[1;1;1],1,[2;0;4]},{'M',[1;8;1],2,[1;1;1],1,[0;3;0]},{'A',[9;-6;33],3,[4;1;16],2,1,[1;-8;1],2,0},{'M',[3;7;1],2,[3;3;5],1,[0;NaN;NaN],[1;1;1],1,[NaN;NaN;0],[9;7;9],1,[NaN;0;NaN]},{'M',[72;56;9],2,[9;7;9],1,[3;3;0]},{'A',[-141;-105;-17],3,[3;7;1],2,0,[-72;-56;-9],2,1},{'M',[1027;-509;-12],3,[1027;-509;-3],2,[0;0;2]},{'A',[-955;461;252],4,[9;-6;33],3,3,[-1027;509;-12],3,0},{'A',[963;10;-39],4,[-141;-105;-17],3,0,[1104;115;-22],3,0},{'M',[464;560;296],3,[232;280;296],2,[1;1;0]},{'A',[-455;-566;329],4,[9;-6;33],3,0,[-464;-560;296],3,0},{'M',[232;-509;-192],3,[1027;-509;-3],2,[NaN;0;6],[232;280;296],2,[0;NaN;NaN]},{'A',[91;-404;-209],4,[232;-509;-192],3,0,[-141;105;-17],3,0},{'M',[-564;115;66],4,[1104;115;22],3,[NaN;0;NaN],[9;-6;33],3,[NaN;NaN;1],[-141;-105;-17],3,[2;NaN;NaN]},{'M',[-141;-12;-68],4,[9;-6;33],3,[NaN;1;NaN],[-141;-105;-17],3,[0;NaN;2]},{'A',[564;211;610],5,[-564;115;66],4,0,[141;12;68],4,3},{'M',[963;20;252],5,[-955;461;252],4,[NaN;NaN;0],[963;10;-39],4,[0;1;NaN]},{'O',[963;20;252],5,[963;20;252],5,0},{'M',[-955;-808;-209],5,[-955;461;252],4,[0;NaN;NaN],[91;-404;-209],4,[NaN;1;0]},{'O',[955;808;209],5,[955;808;209],5,0},{'O',[564;211;610],5,[564;211;610],5,0},{'M',[91;922;658],5,[-955;461;252],4,[NaN;1;NaN],[-455;-566;329],4,[NaN;NaN;1],[91;-404;-209],4,[0;NaN;NaN]},{'O',[91;922;658],5,[91;922;658],5,0},{'M',[-455;-566;-156],5,[963;10;-39],4,[NaN;NaN;2],[-455;-566;329],4,[0;0;NaN]},{'O',[455;566;156],5,[455;566;156],5,0}}
Adder graph: {{'M',[1;1;4],1,[1;1;1],0,[0;0;2]},{'M',[16;64;1],1,[1;1;1],0,[4;6;0]},{'A',[-14;-62;9],2,[1;1;4],1,1,[-16;-64;1],1,0},{'A',[9;9;-7],1,[1;1;1],0,0,[1;1;-1],0,3},{'M',[1;256;128],1,[1;1;1],0,[0;8;7]},{'M',[16;2;1],1,[1;1;1],0,[4;1;0]},{'A',[33;252;126],2,[1;256;128],1,0,[16;-2;-1],1,1},{'M',[4;8;1],1,[1;1;1],0,[2;3;0]},{'M',[128;1;1],1,[1;1;1],0,[7;0;0]},{'A',[-480;68;12],2,[4;8;1],1,3,[-128;1;1],1,2},{'M',[1;2;2],1,[1;1;1],0,[0;1;1]},{'A',[25;41;25],2,[1;2;2],1,4,[9;9;-7],1,0},{'A',[186;390;209],3,[25;41;25],2,3,[-14;62;9],2,0},{'M',[2;2;1],1,[1;1;1],0,[1;1;0]},{'A',[494;530;242],2,[2;2;1],1,8,[-9;9;-7],1,1},{'A',[8;211;101],3,[33;252;126],2,0,[-25;-41;-25],2,0},{'M',[25;252;36],3,[-14;-62;9],2,[NaN;NaN;2],[33;252;126],2,[NaN;0;NaN],[25;41;25],2,[0;NaN;NaN]},{'M',[494;136;144],3,[-14;-62;9],2,[NaN;NaN;4],[-480;68;12],2,[NaN;1;NaN],[494;530;242],2,[0;NaN;NaN]},{'A',[-963;-20;-252],4,[25;252;36],3,0,[-494;-136;-144],3,1},{'M',[25;-62;96],3,[-14;-62;9],2,[NaN;0;NaN],[-480;68;12],2,[NaN;NaN;3],[25;41;25],2,[0;NaN;NaN]},{'M',[-480;504;252],3,[33;252;126],2,[NaN;1;1],[-480;68;12],2,[0;NaN;NaN]},{'A',[-455;-566;-156],4,[25;-62;96],3,0,[-480;-504;-252],3,0},{'A',[955;808;610],3,[494;530;242],2,1,[-33;-252;126],2,0},{'M',[9;18;-28],2,[9;9;-7],1,[0;1;2]},{'A',[141;990;532],3,[33;252;126],2,2,[9;-18;28],2,0},{'M',[50;68;126],3,[33;252;126],2,[NaN;NaN;0],[-480;68;12],2,[NaN;0;NaN],[25;41;25],2,[1;NaN;NaN]},{'A',[91;922;658],4,[141;990;532],3,0,[-50;-68;126],3,0},{'O',[963;20;252],4,[963;20;252],4,0},{'M',[955;808;209],4,[186;390;209],3,[NaN;NaN;0],[955;808;610],3,[0;0;NaN]},{'O',[955;808;209],4,[955;808;209],4,0},{'M',[564;211;610],4,[8;211;101],3,[NaN;0;NaN],[955;808;610],3,[NaN;NaN;0],[141;990;532],3,[2;NaN;NaN]},{'O',[564;211;610],4,[564;211;610],4,0},{'O',[91;922;658],4,[91;922;658],4,0},{'O',[455;566;156],4,[455;566;156],4,0}}
Adder graph: {{'M',[2048;1;512],1,[1;1;1],0,[11;0;9]},{'M',[2;1;1],1,[1;1;1],0,[1;0;0]},{'A',[4094;1;1025],2,[2048;1;512],1,1,[-2;-1;1],1,0},{'A',[48;48;48],1,[1;1;1],0,6,[-1;-1;-1],0,4},{'M',[1;1;32],1,[1;1;1],0,[0;0;5]},{'M',[1;8;1],1,[1;1;1],0,[0;3;0]},{'A',[20;132;144],2,[1;1;32],1,2,[1;8;1],1,4},{'A',[63;65;63],1,[1;1;1],0,6,[-1;1;-1],0,0},{'M',[8;1;16],1,[1;1;1],0,[3;0;4]},{'A',[16;-912;1040],2,[8;1;16],1,7,[-63;-65;-63],1,4},{'M',[2;1;64],1,[1;1;1],0,[1;0;6]},{'A',[59;67;191],2,[63;65;63],1,0,[-2;1;64],1,1},{'M',[59;1056;1040],3,[20;132;144],2,[NaN;3;NaN],[16;-912;1040],2,[NaN;NaN;0],[59;67;191],2,[0;NaN;NaN]},{'M',[16;67;191],3,[16;-912;1040],2,[0;NaN;NaN],[59;67;191],2,[NaN;0;0]},{'A',[91;922;658],4,[59;1056;1040],3,0,[16;-67;-191],3,1},{'A',[7;9;9],1,[1;1;1],0,3,[-1;1;1],0,0},{'M',[256;1;1],1,[1;1;1],0,[8;0;0]},{'A',[242;19;-17],2,[256;1;1],1,0,[-7;9;-9],1,1},{'M',[448;130;48],2,[48;48;48],1,[NaN;NaN;0],[63;65;63],1,[NaN;1;NaN],[7;9;9],1,[6;NaN;NaN]},{'M',[7;72;9],2,[7;9;9],1,[0;3;0]},{'A',[455;202;39],3,[448;130;48],2,0,[7;72;-9],2,0},{'A',[282;283;305],3,[20;132;144],2,1,[242;19;17],2,0},{'A',[963;5;252],3,[4094;1;1025],2,-2,[-242;19;-17],2,-2},{'M',[448;72;9],2,[7;9;9],1,[6;3;0]},{'A',[955;211;209],3,[59;67;191],2,0,[448;72;9],2,1},{'M',[963;20;252],4,[963;5;252],3,[0;2;0]},{'O',[963;20;252],4,[963;20;252],4,0},{'M',[955;808;209],4,[455;202;39],3,[NaN;2;NaN],[955;211;209],3,[0;NaN;0]},{'O',[955;808;209],4,[955;808;209],4,0},{'M',[564;211;610],4,[282;283;305],3,[1;NaN;1],[955;211;209],3,[NaN;0;NaN]},{'O',[564;211;610],4,[564;211;610],4,0},{'O',[91;922;658],4,[91;922;658],4,0},{'M',[455;566;156],4,[455;202;39],3,[0;NaN;2],[282;283;305],3,[NaN;1;NaN]},{'O',[455;566;156],4,[455;566;156],4,0}}
Adder graph: {{'A',[65;65;65],1,[1;1;1],0,0,[1;1;1],0,6},{'M',[1;64;64],1,[1;1;1],0,[0;6;6]},{'M',[1;1;32],1,[1;1;1],0,[0;0;5]},{'A',[32;4064;5120],2,[1;64;64],1,6,[-1;-1;32],1,5},{'M',[128;1;512],1,[1;1;1],0,[7;0;9]},{'M',[2;1;2],1,[1;1;1],0,[1;0;1]},{'A',[160;17;544],2,[128;1;512],1,0,[2;1;2],1,4},{'M',[1;8;8],1,[1;1;1],0,[0;3;3]},{'A',[61;97;33],2,[65;65;65],1,0,[-1;8;-8],1,2},{'A',[36;36;36],1,[1;1;1],0,5,[1;1;1],0,2},{'M',[65;144;144],2,[65;65;65],1,[0;NaN;NaN],[36;36;36],1,[NaN;2;2]},{'M',[520;260;65],2,[65;65;65],1,[3;2;0]},{'A',[-455;404;209],3,[65;144;144],2,0,[-520;260;65],2,0},{'M',[64;1;64],1,[1;1;1],0,[6;0;6]},{'A',[-127;10;-120],2,[1;8;8],1,0,[-64;1;-64],1,1},{'A',[480;480;480],1,[1;1;1],0,9,[-1;-1;-1],0,5},{'M',[36;576;36],2,[36;36;36],1,[0;4;0]},{'A',[-91;-566;-156],3,[-127;10;-120],2,0,[36;-576;-36],2,0},{'A',[-7608;7752;7752],2,[36;36;36],1,1,[-480;480;480],1,4},{'M',[1024;10;132],3,[32;4064;5120],2,[5;NaN;NaN],[61;97;33],2,[NaN;NaN;2],[-127;10;-120],2,[NaN;0;NaN]},{'M',[61;10;-120],3,[61;97;33],2,[0;NaN;NaN],[-127;10;-120],2,[NaN;0;0]},{'A',[963;20;252],4,[1024;10;132],3,0,[-61;10;120],3,0},{'A',[955;-461;-329],3,[32;4064;5120],2,-3,[7608;-7752;-7752],2,-3},{'A',[282;211;610],3,[160;17;544],2,0,[61;97;33],2,1},{'O',[963;20;252],4,[963;20;252],4,0},{'M',[955;808;209],4,[-455;404;209],3,[NaN;1;0],[955;-461;-329],3,[0;NaN;NaN]},{'O',[955;808;209],4,[955;808;209],4,0},{'M',[564;211;610],4,[282;211;610],3,[1;0;0]},{'O',[564;211;610],4,[564;211;610],4,0},{'M',[-91;-922;-658],4,[-91;-566;-156],3,[0;NaN;NaN],[955;-461;-329],3,[NaN;1;1]},{'O',[91;922;658],4,[91;922;658],4,0},{'M',[-455;-566;-156],4,[-455;404;209],3,[0;NaN;NaN],[-91;-566;-156],3,[NaN;0;0]},{'O',[455;566;156],4,[455;566;156],4,0}}
Adder graph: {{'A',[-7;9;-7],1,[1;1;1],0,0,[-1;1;-1],0,3},{'A',[-120;-120;136],1,[1;1;1],0,3,[-1;-1;1],0,7},{'M',[1;2;1],1,[1;1;1],0,[0;1;0]},{'A',[-478;-476;546],2,[1;2;1],1,1,[-120;-120;136],1,2},{'M',[-7;9;2176],2,[-7;9;-7],1,[0;0;NaN],[-120;-120;136],1,[NaN;NaN;4]},{'A',[-963;-943;1084],3,[-7;9;2176],2,0,[-478;-476;-546],2,1},{'A',[30;30;34],1,[1;1;1],0,5,[-1;-1;1],0,1},{'M',[-7;36;-56],2,[-7;9;-7],1,[0;2;3]},{'A',[-492;-404;-658],3,[-7;36;-56],2,1,[-478;-476;-546],2,0},{'M',[16;32;1],1,[1;1;1],0,[4;5;0]},{'A',[121;-247;-15],2,[-7;9;-7],1,0,[16;-32;-1],1,3},{'M',[30;36;-224],2,[-7;9;-7],1,[NaN;2;5],[30;30;34],1,[0;NaN;NaN]},{'A',[-91;-211;-209],3,[30;36;-224],2,0,[-121;-247;15],2,0},{'A',[5;5;5],1,[1;1;1],0,0,[1;1;1],0,2},{'M',[5;5;34],2,[30;30;34],1,[NaN;NaN;0],[5;5;5],1,[0;0;NaN]},{'M',[-480;5;-56],2,[-7;9;-7],1,[NaN;NaN;3],[-120;-120;136],1,[2;NaN;NaN],[5;5;5],1,[NaN;0;NaN]},{'A',[-955;-5;-78],3,[5;5;34],2,0,[-480;-5;-56],2,1},{'M',[-7;10;10],2,[-7;9;-7],1,[0;NaN;NaN],[5;5;5],1,[NaN;1;1]},{'M',[-112;144;34],2,[-7;9;-7],1,[4;4;NaN],[30;30;34],1,[NaN;NaN;0]},{'A',[-455;-566;-126],3,[-7;10;10],2,0,[-112;-144;-34],2,2},{'M',[1;4;1],1,[1;1;1],0,[0;2;0]},{'A',[-39;-119;-39],2,[-7;9;-7],1,0,[-1;-4;-1],1,5},{'M',[30;30;-7],2,[-7;9;-7],1,[NaN;NaN;0],[30;30;34],1,[0;0;NaN]},{'A',[-282;-922;-305],3,[-39;-119;-39],2,3,[30;30;7],2,0},{'M',[-963;-20;-252],4,[-963;-943;1084],3,[0;NaN;NaN],[-955;-5;-78],3,[NaN;2;NaN],[-455;-566;-126],3,[NaN;NaN;1]},{'O',[963;20;252],4,[963;20;252],4,0},{'M',[-955;-808;-209],4,[-492;-404;-658],3,[NaN;1;NaN],[-91;-211;-209],3,[NaN;NaN;0],[-955;-5;-78],3,[0;NaN;NaN]},{'O',[955;808;209],4,[955;808;209],4,0},{'M',[-564;-211;-610],4,[-91;-211;-209],3,[NaN;0;NaN],[-282;-922;-305],3,[1;NaN;1]},{'O',[564;211;610],4,[564;211;610],4,0},{'M',[-91;-922;-658],4,[-492;-404;-658],3,[NaN;NaN;0],[-91;-211;-209],3,[0;NaN;NaN],[-282;-922;-305],3,[NaN;0;NaN]},{'O',[91;922;658],4,[91;922;658],4,0},{'M',[-455;-566;-156],4,[-955;-5;-78],3,[NaN;NaN;1],[-455;-566;-126],3,[0;0;NaN]},{'O',[455;566;156],4,[455;566;156],4,0}}
Adder graph: {{'A',[3;5;3],1,[1;1;1],0,2,[-1;1;-1],0,0},{'A',[-255;-255;257],1,[1;1;1],0,0,[-1;-1;1],0,8},{'M',[8;2;1],1,[1;1;1],0,[3;1;0]},{'M',[1;2;1],1,[1;1;1],0,[0;1;0]},{'A',[257;66;33],2,[8;2;1],1,5,[1;2;1],1,0},{'A',[65;65;-63],1,[1;1;1],0,0,[1;1;-1],0,6},{'M',[1;64;4],1,[1;1;1],0,[0;6;2]},{'A',[47;144;52],2,[3;5;3],1,4,[-1;64;4],1,0},{'M',[128;16;1],1,[1;1;1],0,[7;4;0]},{'A',[-1983;-191;-79],2,[65;65;-63],1,0,[-128;-16;-1],1,4},{'M',[1;1;64],1,[1;1;1],0,[0;0;6]},{'A',[-126;134;130],2,[1;1;64],1,2,[-65;65;-63],1,1},{'M',[3;5;257],2,[3;5;3],1,[0;0;NaN],[-255;-255;257],1,[NaN;NaN;0]},{'A',[91;283;-153],3,[47;144;52],2,1,[-3;-5;-257],2,0},{'A',[141;432;156],3,[47;144;52],2,0,[47;144;52],2,1},{'A',[4238;922;658],3,[257;66;33],2,4,[126;-134;130],2,0},{'M',[-1983;264;-79],3,[257;66;33],2,[NaN;2;NaN],[-1983;-191;-79],2,[0;NaN;0]},{'M',[1028;1072;130],3,[257;66;33],2,[2;NaN;NaN],[-126;134;130],2,[NaN;3;0]},{'A',[-955;-808;-209],4,[-1983;264;-79],3,0,[1028;-1072;-130],3,0},{'M',[-255;5;96],2,[3;5;3],1,[NaN;0;5],[-255;-255;257],1,[0;NaN;NaN]},{'A',[963;211;305],3,[-255;5;96],2,2,[1983;191;-79],2,0},{'M',[260;260;-63],2,[65;65;-63],1,[2;2;0]},{'M',[65;-510;-252],2,[-255;-255;257],1,[NaN;1;NaN],[65;65;-63],1,[0;NaN;2]},{'A',[455;10;126],3,[260;260;-63],2,1,[-65;-510;252],2,0},{'M',[963;20;252],4,[963;211;305],3,[0;NaN;NaN],[455;10;126],3,[NaN;1;1]},{'O',[963;20;252],4,[963;20;252],4,0},{'O',[955;808;209],4,[955;808;209],4,0},{'M',[564;211;610],4,[141;432;156],3,[2;NaN;NaN],[963;211;305],3,[NaN;0;1]},{'O',[564;211;610],4,[564;211;610],4,0},{'M',[91;922;658],4,[91;283;-153],3,[0;NaN;NaN],[4238;922;658],3,[NaN;0;0]},{'O',[91;922;658],4,[91;922;658],4,0},{'M',[455;566;156],4,[91;283;-153],3,[NaN;1;NaN],[141;432;156],3,[NaN;NaN;0],[455;10;126],3,[0;NaN;NaN]},{'O',[455;566;156],4,[455;566;156],4,0}}
Adder graph: {{'A',[5;5;3],1,[1;1;1],0,2,[1;1;-1],0,0},{'A',[132;132;132],1,[1;1;1],0,2,[1;1;1],0,7},{'M',[1;4;8],1,[1;1;1],0,[0;2;3]},{'A',[432;2128;4144],2,[1;4;8],1,9,[-5;5;3],1,4},{'M',[8;1;1],1,[1;1;1],0,[3;0;0]},{'A',[1024;1248;736],2,[5;5;3],1,8,[-8;-1;-1],1,5},{'M',[4;1;4],1,[1;1;1],0,[2;0;2]},{'M',[1;32;2],1,[1;1;1],0,[0;5;1]},{'A',[136;288;144],2,[4;1;4],1,5,[1;32;2],1,3},{'M',[5;5;12],2,[5;5;3],1,[0;0;2]},{'A',[141;283;156],3,[136;288;144],2,0,[5;-5;12],2,0},{'M',[1;1;2],1,[1;1;1],0,[0;0;1]},{'A',[69;59;131],2,[1;1;2],1,6,[5;-5;3],1,0},{'M',[4224;132;1056],2,[132;132;132],1,[5;0;3]},{'M',[132;10;6],2,[5;5;3],1,[NaN;1;1],[132;132;132],1,[0;NaN;NaN]},{'A',[15840;608;4176],3,[4224;132;1056],2,2,[-132;10;-6],2,3},{'M',[432;288;144],3,[432;2128;4144],2,[0;NaN;NaN],[136;288;144],2,[NaN;0;0]},{'A',[963;20;252],4,[15840;608;4176],3,-4,[-432;-288;-144],3,-4},{'A',[91;211;305],3,[1024;1248;736],2,-4,[432;2128;4144],2,-4},{'M',[4;8;1],1,[1;1;1],0,[2;3;0]},{'A',[524;520;527],2,[132;132;132],1,2,[-4;-8;-1],1,0},{'A',[455;461;658],3,[524;520;527],2,0,[-69;-59;131],2,0},{'M',[1024;288;736],3,[1024;1248;736],2,[0;NaN;0],[136;288;144],2,[NaN;0;NaN]},{'M',[69;520;527],3,[69;59;131],2,[0;NaN;NaN],[524;520;527],2,[NaN;0;0]},{'A',[955;808;209],4,[1024;288;736],3,0,[-69;520;-527],3,0},{'O',[963;20;252],4,[963;20;252],4,0},{'O',[955;808;209],4,[955;808;209],4,0},{'M',[564;211;610],4,[141;283;156],3,[2;NaN;NaN],[91;211;305],3,[NaN;0;1]},{'O',[564;211;610],4,[564;211;610],4,0},{'M',[91;922;658],4,[91;211;305],3,[0;NaN;NaN],[455;461;658],3,[NaN;1;0]},{'O',[91;922;658],4,[91;922;658],4,0},{'M',[455;566;156],4,[141;283;156],3,[NaN;1;0],[455;461;658],3,[0;NaN;NaN]},{'O',[455;566;156],4,[455;566;156],4,0}}
Adder graph: {{'M',[32;8;1],1,[1;1;1],0,[5;3;0]},{'M',[4;1;4],1,[1;1;1],0,[2;0;2]},{'A',[480;120;48],2,[32;8;1],1,4,[-4;-1;4],1,3},{'A',[384;640;640],1,[1;1;1],0,9,[-1;1;1],0,7},{'M',[1;512;1],1,[1;1;1],0,[0;9;0]},{'M',[1;1;64],1,[1;1;1],0,[0;0;6]},{'A',[5;508;257],2,[1;512;1],1,0,[1;-1;64],1,2},{'A',[7;7;9],1,[1;1;1],0,3,[-1;-1;1],0,0},{'M',[512;1;4],1,[1;1;1],0,[9;0;2]},{'A',[484;29;40],2,[512;1;4],1,0,[-7;7;9],1,2},{'M',[40;120;48],3,[480;120;48],2,[NaN;0;0],[5;508;257],2,[3;NaN;NaN]},{'M',[484;29;514],3,[5;508;257],2,[NaN;NaN;1],[484;29;40],2,[0;0;NaN]},{'A',[564;211;610],4,[40;120;48],3,1,[484;-29;514],3,0},{'A',[257;257;257],1,[1;1;1],0,8,[1;1;1],0,0},{'A',[6;6;6],1,[1;1;1],0,2,[1;1;1],0,1},{'M',[960;928;257],3,[480;120;48],2,[1;NaN;NaN],[5;508;257],2,[NaN;NaN;0],[484;29;40],2,[NaN;5;NaN]},{'M',[5;120;48],3,[480;120;48],2,[NaN;0;0],[5;508;257],2,[0;NaN;NaN]},{'A',[955;808;209],4,[960;928;257],3,0,[-5;-120;-48],3,0},{'M',[224;6;6],2,[7;7;9],1,[5;NaN;NaN],[6;6;6],1,[NaN;0;0]},{'M',[7;7;144],2,[7;7;9],1,[0;0;4]},{'A',[455;5;156],3,[224;6;6],2,1,[7;-7;144],2,0},{'M',[1028;6;1028],2,[257;257;257],1,[2;NaN;2],[6;6;6],1,[NaN;0;NaN]},{'A',[14460;922;252],3,[484;29;40],2,5,[-1028;-6;-1028],2,0},{'A',[963;566;-177],3,[484;29;40],2,1,[-5;508;-257],2,0},{'M',[12;12;9],2,[7;7;9],1,[NaN;NaN;0],[6;6;6],1,[1;1;NaN]},{'A',[91;604;329],3,[12;12;9],2,3,[-5;508;257],2,0},{'M',[963;20;252],4,[455;5;156],3,[NaN;2;NaN],[14460;922;252],3,[NaN;NaN;0],[963;566;-177],3,[0;NaN;NaN]},{'O',[963;20;252],4,[963;20;252],4,0},{'O',[955;808;209],4,[955;808;209],4,0},{'O',[564;211;610],4,[564;211;610],4,0},{'M',[91;922;658],4,[14460;922;252],3,[NaN;0;NaN],[91;604;329],3,[0;NaN;1]},{'O',[91;922;658],4,[91;922;658],4,0},{'M',[455;566;156],4,[455;5;156],3,[0;NaN;0],[963;566;-177],3,[NaN;0;NaN]},{'O',[455;566;156],4,[455;566;156],4,0}}
Adder graph: {{'M',[1;8;32],1,[1;1;1],0,[0;3;5]},{'M',[2;1;2],1,[1;1;1],0,[1;0;1]},{'A',[5;10;28],2,[1;8;32],1,0,[2;1;-2],1,1},{'A',[65;63;65],1,[1;1;1],0,6,[1;-1;1],0,0},{'A',[-7;-7;-7],1,[1;1;1],0,0,[-1;-1;-1],0,3},{'A',[96;160;96],1,[1;1;1],0,7,[-1;1;-1],0,5},{'M',[-112;63;-112],2,[65;63;65],1,[NaN;0;NaN],[-7;-7;-7],1,[4;NaN;4]},{'M',[-14;-7;-7],2,[-7;-7;-7],1,[1;0;0]},{'A',[-84;77;-98],3,[-112;63;-112],2,0,[14;7;7],2,1},{'M',[1;1;128],1,[1;1;1],0,[0;0;7]},{'A',[67;61;321],2,[65;63;65],1,0,[1;-1;128],1,1},{'M',[16;1;1],1,[1;1;1],0,[4;0;0]},{'M',[1;8;1],1,[1;1;1],0,[0;3;0]},{'A',[15;9;2],2,[16;1;1],1,0,[-1;8;1],1,0},{'M',[-112;-7;-14],2,[-7;-7;-7],1,[4;0;1]},{'A',[963;5;209],3,[67;61;321],2,0,[112;-7;-14],2,3},{'A',[955;566;156],3,[15;9;2],2,6,[-5;-10;28],2,0},{'M',[15;9;16],3,[15;9;2],2,[0;0;3]},{'A',[-564;-211;-610],4,[-84;77;-98],3,0,[-15;-9;-16],3,5},{'M',[96;160;1536],2,[96;160;96],1,[0;0;4]},{'A',[364;404;252],3,[96;160;1536],2,0,[67;61;-321],2,2},{'M',[65;63;130],2,[65;63;65],1,[0;0;1]},{'M',[65;-14;130],2,[65;63;65],1,[0;NaN;1],[-7;-7;-7],1,[NaN;1;NaN]},{'A',[455;518;910],3,[65;63;130],2,3,[-65;14;-130],2,0},{'A',[91;922;658],4,[455;518;910],3,0,[-364;404;-252],3,0},{'M',[963;20;252],4,[963;5;209],3,[0;2;NaN],[364;404;252],3,[NaN;NaN;0]},{'O',[963;20;252],4,[963;20;252],4,0},{'M',[955;808;209],4,[963;5;209],3,[NaN;NaN;0],[955;566;156],3,[0;NaN;NaN],[364;404;252],3,[NaN;1;NaN]},{'O',[955;808;209],4,[955;808;209],4,0},{'O',[564;211;610],4,[564;211;610],4,0},{'O',[91;922;658],4,[91;922;658],4,0},{'M',[455;566;156],4,[955;566;156],3,[NaN;0;0],[455;518;910],3,[0;NaN;NaN]},{'O',[455;566;156],4,[455;566;156],4,0}}
Adder graph: {{'A',[65;-63;65],1,[1;1;1],0,0,[1;-1;1],0,6},{'M',[8;1;1],1,[1;1;1],0,[3;0;0]},{'M',[1;1;4],1,[1;1;1],0,[0;0;2]},{'A',[1020;132;144],2,[8;1;1],1,7,[-1;1;4],1,2},{'M',[2;128;1],1,[1;1;1],0,[1;7;0]},{'M',[8;1;8],1,[1;1;1],0,[3;0;3]},{'A',[-8;514;-12],2,[2;128;1],1,2,[-8;1;-8],1,1},{'A',[33;-31;33],1,[1;1;1],0,0,[1;-1;1],0,5},{'M',[1;2;2],1,[1;1;1],0,[0;1;1]},{'A',[-57;79;81],2,[1;2;2],1,3,[-65;63;65],1,0},{'M',[1;1;2],1,[1;1;1],0,[0;0;1]},{'A',[520;-504;544],2,[33;-31;33],1,4,[-1;-1;2],1,3},{'M',[260;-252;33],2,[65;-63;65],1,[2;2;NaN],[33;-31;33],1,[NaN;NaN;0]},{'A',[512;10;-78],3,[-8;514;-12],2,0,[260;-252;-33],2,1},{'M',[33;-63;65],2,[65;-63;65],1,[NaN;0;0],[33;-31;33],1,[0;NaN;NaN]},{'A',[17;965;41],3,[-8;514;-12],2,1,[33;-63;65],2,0},{'M',[65;-62;66],2,[65;-63;65],1,[0;NaN;NaN],[33;-31;33],1,[NaN;1;1]},{'A',[-455;-566;610],3,[65;-62;66],2,0,[-520;-504;544],2,0},{'A',[564;764;504],3,[-57;79;81],2,3,[1020;132;-144],2,0},{'M',[-57;-1008;576],3,[1020;132;144],2,[NaN;NaN;2],[-57;79;81],2,[0;NaN;NaN],[520;-504;544],2,[NaN;1;NaN]},{'A',[91;922;658],4,[17;965;41],3,1,[57;-1008;576],3,0},{'M',[65;-31;65],2,[65;-63;65],1,[0;NaN;0],[33;-31;33],1,[NaN;0;NaN]},{'A',[955;101;209],3,[1020;132;144],2,0,[-65;-31;65],2,0},{'A',[963;211;63],3,[1020;132;144],2,0,[-57;79;-81],2,0},{'M',[963;20;252],4,[512;10;-78],3,[NaN;1;NaN],[963;211;63],3,[0;NaN;2]},{'O',[963;20;252],4,[963;20;252],4,0},{'M',[955;808;209],4,[955;101;209],3,[0;3;0]},{'O',[955;808;209],4,[955;808;209],4,0},{'M',[564;211;610],4,[-455;-566;610],3,[NaN;NaN;0],[564;764;504],3,[0;NaN;NaN],[963;211;63],3,[NaN;0;NaN]},{'O',[564;211;610],4,[564;211;610],4,0},{'O',[91;922;658],4,[91;922;658],4,0},{'M',[-455;-566;-156],4,[512;10;-78],3,[NaN;NaN;1],[-455;-566;610],3,[0;0;NaN]},{'O',[455;566;156],4,[455;566;156],4,0}}
Adder graph: {{'M',[1;32;16],1,[1;1;1],0,[0;5;4]},{'M',[64;1;1],1,[1;1;1],0,[6;0;0]},{'A',[516;136;56],2,[1;32;16],1,2,[64;1;-1],1,3},{'A',[18;14;14],1,[1;1;1],0,4,[1;-1;-1],0,1},{'M',[1;64;2],1,[1;1;1],0,[0;6;1]},{'M',[1;4;4],1,[1;1;1],0,[0;2;2]},{'A',[2;264;16],2,[1;64;2],1,2,[-1;4;4],1,1},{'A',[65;65;65],1,[1;1;1],0,0,[1;1;1],0,6},{'M',[1;1;32],1,[1;1;1],0,[0;0;5]},{'A',[69;61;193],2,[65;65;65],1,0,[1;-1;32],1,2},{'M',[1024;264;16],3,[2;264;16],2,[9;0;0]},{'M',[69;544;193],3,[516;136;56],2,[NaN;2;NaN],[69;61;193],2,[0;NaN;0]},{'A',[955;808;209],4,[1024;264;16],3,0,[-69;544;193],3,0},{'M',[36;28;65],2,[18;14;14],1,[1;1;NaN],[65;65;65],1,[NaN;NaN;0]},{'A',[564;20;252],3,[69;61;193],2,2,[36;-28;-65],2,3},{'A',[963;211;305],3,[516;136;56],2,1,[-69;-61;193],2,0},{'M',[2;1;1],1,[1;1;1],0,[1;0;0]},{'A',[524;522;522],2,[2;1;1],1,1,[65;65;65],1,3},{'A',[4652;-566;970],3,[524;522;522],2,0,[516;-136;56],2,3},{'A',[-455;-461;-329],3,[69;61;193],2,0,[-524;-522;-522],2,0},{'M',[16;1;1],1,[1;1;1],0,[4;0;0]},{'A',[80;116;116],2,[18;14;14],1,3,[-16;1;1],1,2},{'A',[-91;293;-39],3,[69;61;193],2,0,[-80;116;-116],2,1},{'M',[963;20;252],4,[564;20;252],3,[NaN;0;0],[963;211;305],3,[0;NaN;NaN]},{'O',[963;20;252],4,[963;20;252],4,0},{'O',[955;808;209],4,[955;808;209],4,0},{'M',[564;211;610],4,[564;20;252],3,[0;NaN;NaN],[963;211;305],3,[NaN;0;1]},{'O',[564;211;610],4,[564;211;610],4,0},{'M',[-91;-922;-658],4,[-455;-461;-329],3,[NaN;1;1],[-91;293;-39],3,[0;NaN;NaN]},{'O',[91;922;658],4,[91;922;658],4,0},{'M',[-455;-566;-156],4,[4652;-566;970],3,[NaN;0;NaN],[-455;-461;-329],3,[0;NaN;NaN],[-91;293;-39],3,[NaN;NaN;2]},{'O',[455;566;156],4,[455;566;156],4,0}}
Adder graph: {{'A',[-124;-124;132],1,[1;1;1],0,2,[-1;-1;1],0,7},{'A',[-15;17;17],1,[1;1;1],0,0,[-1;1;1],0,4},{'A',[3;5;3],1,[1;1;1],0,2,[-1;1;-1],0,0},{'A',[7;9;9],1,[1;1;1],0,3,[-1;1;1],0,0},{'A',[-752;-1264;1328],2,[-124;-124;132],1,3,[15;-17;17],1,4},{'M',[1;4;4],1,[1;1;1],0,[0;2;2]},{'A',[1504;4640;3552],2,[1;4;4],1,10,[15;17;-17],1,5},{'M',[-124;136;132],2,[-124;-124;132],1,[0;NaN;0],[-15;17;17],1,[NaN;3;NaN]},{'M',[-124;136;136],2,[-124;-124;132],1,[0;NaN;NaN],[-15;17;17],1,[NaN;3;3]},{'A',[-1116;952;920],3,[-124;136;132],2,3,[-124;-136;-136],2,0},{'M',[-752;4640;3552],3,[-752;-1264;1328],2,[0;NaN;NaN],[1504;4640;3552],2,[NaN;0;0]},{'A',[-91;-922;-658],4,[-1116;952;920],3,-2,[752;-4640;-3552],3,-2},{'M',[28;5;36],2,[3;5;3],1,[NaN;0;NaN],[7;9;9],1,[2;NaN;2]},{'M',[-30;5;3],2,[-15;17;17],1,[1;NaN;NaN],[3;5;3],1,[NaN;0;0]},{'A',[-2;10;39],3,[28;5;36],2,0,[-30;5;3],2,0},{'A',[141;211;305],3,[1504;4640;3552],2,-4,[752;-1264;1328],2,-4},{'M',[448;576;132],2,[-124;-124;132],1,[NaN;NaN;0],[7;9;9],1,[6;6;NaN]},{'M',[7;10;6],2,[3;5;3],1,[NaN;1;1],[7;9;9],1,[0;NaN;NaN]},{'A',[455;566;126],3,[448;576;132],2,0,[7;-10;-6],2,0},{'M',[3;-7936;36],2,[-124;-124;132],1,[NaN;6;NaN],[3;5;3],1,[0;NaN;NaN],[7;9;9],1,[NaN;NaN;2]},{'M',[-960;8704;17],2,[-15;17;17],1,[6;9;0]},{'A',[963;768;53],3,[3;-7936;36],2,0,[960;8704;17],2,0},{'A',[955;808;209],4,[963;768;53],3,0,[-2;10;39],3,2},{'M',[963;20;252],4,[-2;10;39],3,[NaN;1;NaN],[455;566;126],3,[NaN;NaN;1],[963;768;53],3,[0;NaN;NaN]},{'O',[963;20;252],4,[963;20;252],4,0},{'O',[955;808;209],4,[955;808;209],4,0},{'M',[564;211;610],4,[141;211;305],3,[2;0;1]},{'O',[564;211;610],4,[564;211;610],4,0},{'O',[91;922;658],4,[91;922;658],4,0},{'M',[455;566;156],4,[-2;10;39],3,[NaN;NaN;2],[455;566;126],3,[0;0;NaN]},{'O',[455;566;156],4,[455;566;156],4,0}}
Adder graph: {{'A',[16;48;16],1,[1;1;1],0,5,[-1;1;-1],0,4},{'A',[18;14;18],1,[1;1;1],0,4,[1;-1;1],0,1},{'A',[88;8;88],2,[18;14;18],1,2,[16;-48;16],1,0},{'M',[8;8;1],1,[1;1;1],0,[3;3;0]},{'A',[264;760;257],2,[16;48;16],1,4,[8;-8;1],1,0},{'A',[3;3;1],1,[1;1;1],0,1,[1;1;-1],0,0},{'M',[64;1;1],1,[1;1;1],0,[6;0;0]},{'A',[480;104;40],2,[64;1;1],1,3,[-16;48;16],1,1},{'M',[1;2;16],1,[1;1;1],0,[0;1;4]},{'A',[191;194;48],2,[3;3;1],1,6,[-1;2;-16],1,0},{'M',[764;776;257],3,[264;760;257],2,[NaN;NaN;0],[191;194;48],2,[2;2;NaN]},{'M',[191;32;48],3,[88;8;88],2,[NaN;2;NaN],[191;194;48],2,[0;NaN;0]},{'A',[955;808;209],4,[764;776;257],3,0,[191;32;-48],3,0},{'M',[1;1;64],1,[1;1;1],0,[0;0;6]},{'A',[19;13;82],2,[18;14;18],1,0,[1;-1;64],1,0},{'A',[455;566;305],3,[264;760;257],2,0,[191;-194;48],2,0},{'M',[18;3;18],2,[18;14;18],1,[0;NaN;0],[3;3;1],1,[NaN;0;NaN]},{'M',[3;14;18],2,[18;14;18],1,[NaN;0;0],[3;3;1],1,[0;NaN;NaN]},{'A',[141;10;126],3,[18;3;18],2,3,[-3;-14;-18],2,0},{'M',[3;3;2],2,[3;3;1],1,[0;0;1]},{'A',[963;211;78],3,[480;104;40],2,1,[3;3;-2],2,0},{'M',[18;112;144],2,[18;14;18],1,[0;3;3]},{'A',[91;461;658],3,[19;13;82],2,0,[18;112;144],2,2},{'M',[963;20;252],4,[141;10;126],3,[NaN;1;1],[963;211;78],3,[0;NaN;NaN]},{'O',[963;20;252],4,[963;20;252],4,0},{'O',[955;808;209],4,[955;808;209],4,0},{'M',[564;211;610],4,[455;566;305],3,[NaN;NaN;1],[141;10;126],3,[2;NaN;NaN],[963;211;78],3,[NaN;0;NaN]},{'O',[564;211;610],4,[564;211;610],4,0},{'M',[91;922;658],4,[91;461;658],3,[0;1;0]},{'O',[91;922;658],4,[91;922;658],4,0},{'M',[455;566;156],4,[455;566;305],3,[0;0;NaN],[963;211;78],3,[NaN;NaN;1]},{'O',[455;566;156],4,[455;566;156],4,0}}
Adder graph: {{'A',[-63;-63;65],1,[1;1;1],0,0,[-1;-1;1],0,6},{'A',[34;34;30],1,[1;1;1],0,5,[1;1;-1],0,1},{'A',[65;-63;65],1,[1;1;1],0,0,[1;-1;1],0,6},{'M',[128;1;1],1,[1;1;1],0,[7;0;0]},{'M',[2;1;2],1,[1;1;1],0,[1;0;1]},{'A',[1028;6;12],2,[128;1;1],1,3,[2;-1;2],1,1},{'A',[73;199;185],2,[34;34;30],1,2,[-63;63;65],1,0},{'M',[16;1;16],1,[1;1;1],0,[4;0;4]},{'A',[49;-62;81],2,[65;-63;65],1,0,[-16;1;16],1,0},{'M',[1028;12;24],3,[1028;6;12],2,[0;1;1]},{'M',[73;796;185],3,[73;199;185],2,[0;2;0]},{'A',[955;808;209],4,[1028;12;24],3,0,[-73;796;185],3,0},{'M',[-126;-126;30],2,[-63;-63;65],1,[1;1;NaN],[34;34;30],1,[NaN;NaN;0]},{'A',[-455;-566;-39],3,[49;-62;81],2,0,[-126;-126;-30],2,2},{'M',[136;-63;65],2,[34;34;30],1,[2;NaN;NaN],[65;-63;65],1,[NaN;0;0]},{'A',[282;461;305],3,[73;199;185],2,1,[136;63;-65],2,0},{'M',[1;16;32],1,[1;1;1],0,[0;4;5]},{'A',[70;36;124],2,[34;34;30],1,1,[1;-16;32],1,1},{'M',[65;-63;240],2,[34;34;30],1,[NaN;NaN;3],[65;-63;65],1,[0;0;NaN]},{'A',[963;69;252],3,[1028;6;12],2,0,[-65;63;240],2,0},{'A',[1983;211;-161],3,[1028;6;12],2,1,[-73;199;-185],2,0},{'A',[91;10;329],3,[70;36;124],2,1,[-49;-62;81],2,0},{'M',[963;20;252],4,[963;69;252],3,[0;NaN;0],[91;10;329],3,[NaN;1;NaN]},{'O',[963;20;252],4,[963;20;252],4,0},{'O',[955;808;209],4,[955;808;209],4,0},{'M',[564;211;610],4,[282;461;305],3,[1;NaN;1],[1983;211;-161],3,[NaN;0;NaN]},{'O',[564;211;610],4,[564;211;610],4,0},{'M',[91;922;658],4,[282;461;305],3,[NaN;1;NaN],[91;10;329],3,[0;NaN;1]},{'O',[91;922;658],4,[91;922;658],4,0},{'M',[-455;-566;-156],4,[-455;-566;-39],3,[0;0;2]},{'O',[455;566;156],4,[455;566;156],4,0}}
Finished solving after 259192 seconds
Adder graph: {{'A',[-63;-63;65],1,[1;1;1],0,0,[-1;-1;1],0,6},{'A',[34;34;30],1,[1;1;1],0,5,[1;1;-1],0,1},{'A',[65;-63;65],1,[1;1;1],0,0,[1;-1;1],0,6},{'M',[128;1;1],1,[1;1;1],0,[7;0;0]},{'M',[2;1;2],1,[1;1;1],0,[1;0;1]},{'A',[1028;6;12],2,[128;1;1],1,3,[2;-1;2],1,1},{'A',[73;199;185],2,[34;34;30],1,2,[-63;63;65],1,0},{'M',[16;1;16],1,[1;1;1],0,[4;0;4]},{'A',[49;-62;81],2,[65;-63;65],1,0,[-16;1;16],1,0},{'M',[1028;12;24],3,[1028;6;12],2,[0;1;1]},{'M',[73;796;185],3,[73;199;185],2,[0;2;0]},{'A',[955;808;209],4,[1028;12;24],3,0,[-73;796;185],3,0},{'M',[-126;-126;30],2,[-63;-63;65],1,[1;1;NaN],[34;34;30],1,[NaN;NaN;0]},{'A',[-455;-566;-39],3,[49;-62;81],2,0,[-126;-126;-30],2,2},{'M',[136;-63;65],2,[34;34;30],1,[2;NaN;NaN],[65;-63;65],1,[NaN;0;0]},{'A',[282;461;305],3,[73;199;185],2,1,[136;63;-65],2,0},{'M',[1;16;32],1,[1;1;1],0,[0;4;5]},{'A',[70;36;124],2,[34;34;30],1,1,[1;-16;32],1,1},{'M',[65;-63;240],2,[34;34;30],1,[NaN;NaN;3],[65;-63;65],1,[0;0;NaN]},{'A',[963;69;252],3,[1028;6;12],2,0,[-65;63;240],2,0},{'A',[1983;211;-161],3,[1028;6;12],2,1,[-73;199;-185],2,0},{'A',[91;10;329],3,[70;36;124],2,1,[-49;-62;81],2,0},{'M',[963;20;252],4,[963;69;252],3,[0;NaN;0],[91;10;329],3,[NaN;1;NaN]},{'O',[963;20;252],4,[963;20;252],4,0},{'O',[955;808;209],4,[955;808;209],4,0},{'M',[564;211;610],4,[282;461;305],3,[1;NaN;1],[1983;211;-161],3,[NaN;0;NaN]},{'O',[564;211;610],4,[564;211;610],4,0},{'M',[91;922;658],4,[282;461;305],3,[NaN;1;NaN],[91;10;329],3,[0;NaN;1]},{'O',[91;922;658],4,[91;922;658],4,0},{'M',[-455;-566;-156],4,[-455;-566;-39],3,[0;0;2]},{'O',[455;566;156],4,[455;566;156],4,0}}
# Add optimal = 1
# Mux optimal = 0
# Mux registers optimal = 0
# FAs optimal = 0
