Adder graph: {{'A',[0,0,0,0,2,1],1,0,[0,0,0,0,1,0],0,1,[0,0,0,0,0,1],0,0},{'A',[0,0,0,-1,2,0],1,0,[0,0,0,0,1,0],0,1,[0,0,0,-1,0,0],0,0},{'A',[0,1,1,0,0,0],1,0,[0,0,1,0,0,0],0,0,[0,1,0,0,0,0],0,0},{'A',[-1,0,0,0,0,4],1,0,[0,0,0,0,0,1],0,2,[-1,0,0,0,0,0],0,0},{'A',[0,1,1,1,-2,0],2,0,[0,1,1,0,0,0],1,0,[0,0,0,1,-2,0],1,0},{'A',[0,9,9,9,-18,0],3,0,[0,1,1,1,-2,0],2,3,[0,1,1,1,-2,0],2,0},{'A',[-1,0,0,0,-2,3],2,0,[-1,0,0,0,0,4],1,0,[0,0,0,0,-2,-1],1,0},{'A',[4,1,1,1,6,-12],3,0,[0,1,1,1,-2,0],2,0,[1,0,0,0,2,-3],2,2},{'A',[2,5,5,5,-6,-6],4,1,[0,9,9,9,-18,0],3,0,[4,1,1,1,6,-12],3,0},{'O',[-2,-5,-5,-5,6,6],4,[-2,-5,-5,-5,6,6],4,0}}
Adder graph: {{'A',[-1,0,0,0,4,0],1,0,[0,0,0,0,1,0],0,2,[-1,0,0,0,0,0],0,0},{'A',[0,-1,0,0,0,1],1,0,[0,0,0,0,0,1],0,0,[0,-1,0,0,0,0],0,0},{'A',[0,0,0,0,2,-1],1,0,[0,0,0,0,1,0],0,1,[0,0,0,0,0,-1],0,0},{'A',[0,0,1,1,0,0],1,0,[0,0,0,1,0,0],0,0,[0,0,1,0,0,0],0,0},{'A',[0,-1,-1,-1,0,1],2,0,[0,-1,0,0,0,1],1,0,[0,0,-1,-1,0,0],1,0},{'A',[-2,0,0,0,6,1],2,0,[-1,0,0,0,4,0],1,1,[0,0,0,0,-2,1],1,0},{'A',[-2,-8,-8,-8,6,9],3,0,[-2,0,0,0,6,1],2,0,[0,-1,-1,-1,0,1],2,3},{'A',[-2,-2,-2,-2,6,3],3,0,[0,-1,-1,-1,0,1],2,1,[-2,0,0,0,6,1],2,0},{'A',[-2,-5,-5,-5,6,6],4,1,[-2,-8,-8,-8,6,9],3,0,[-2,-2,-2,-2,6,3],3,0},{'O',[-2,-5,-5,-5,6,6],4,[-2,-5,-5,-5,6,6],4,0}}
Adder graph: {{'A',[0,0,0,0,1,-2],1,0,[0,0,0,0,1,0],0,0,[0,0,0,0,0,-1],0,1},{'A',[1,0,0,0,0,-4],1,0,[1,0,0,0,0,0],0,0,[0,0,0,0,0,-1],0,2},{'A',[0,0,-1,0,1,0],1,0,[0,0,0,0,1,0],0,0,[0,0,-1,0,0,0],0,0},{'A',[0,1,0,1,0,0],1,0,[0,0,0,1,0,0],0,0,[0,1,0,0,0,0],0,0},{'A',[0,-1,-1,-1,1,0],2,0,[0,0,-1,0,1,0],1,0,[0,-1,0,-1,0,0],1,0},{'A',[0,-1,-1,-1,1,0],3,0,[0,-1,-1,-1,1,0],2,1,[0,1,1,1,-1,0],2,0},{'A',[2,0,0,0,-1,-6],2,0,[1,0,0,0,0,-4],1,1,[0,0,0,0,-1,2],1,0},{'A',[2,1,1,1,-2,-6],3,0,[2,0,0,0,-1,-6],2,0,[0,1,1,1,-1,0],2,0},{'A',[2,5,5,5,-6,-6],4,0,[2,1,1,1,-2,-6],3,0,[0,1,1,1,-1,0],3,2},{'O',[-2,-5,-5,-5,6,6],4,[-2,-5,-5,-5,6,6],4,0}}
Adder graph: {{'A',[1,0,0,0,0,-2],1,0,[1,0,0,0,0,0],0,0,[0,0,0,0,0,-1],0,1},{'A',[1,0,0,0,1,0],1,0,[1,0,0,0,0,0],0,0,[0,0,0,0,1,0],0,0},{'A',[0,0,1,1,0,0],1,0,[0,0,1,0,0,0],0,0,[0,0,0,1,0,0],0,0},{'A',[1,1,0,0,0,0],1,0,[0,1,0,0,0,0],0,0,[1,0,0,0,0,0],0,0},{'A',[1,0,0,0,2,2],2,0,[1,0,0,0,1,0],1,1,[-1,0,0,0,0,2],1,0},{'A',[1,1,1,1,0,0],2,0,[0,0,1,1,0,0],1,0,[1,1,0,0,0,0],1,0},{'A',[2,1,1,1,2,2],3,0,[1,1,1,1,0,0],2,0,[1,0,0,0,2,2],2,0},{'A',[0,1,1,1,-2,-2],3,0,[1,1,1,1,0,0],2,0,[-1,0,0,0,-2,-2],2,0},{'A',[2,5,5,5,-6,-6],4,0,[0,1,1,1,-2,-2],3,2,[2,1,1,1,2,2],3,0},{'O',[-2,-5,-5,-5,6,6],4,[-2,-5,-5,-5,6,6],4,0}}
Adder graph: {{'A',[1,0,0,0,0,0],1,0,[1,0,0,0,0,0],0,1,[-1,0,0,0,0,0],0,0},{'A',[2,-1,0,0,0,0],1,0,[1,0,0,0,0,0],0,1,[0,-1,0,0,0,0],0,0},{'A',[0,0,0,0,1,1],1,0,[0,0,0,0,0,1],0,0,[0,0,0,0,1,0],0,0},{'A',[0,0,1,1,0,0],1,0,[0,0,1,0,0,0],0,0,[0,0,0,1,0,0],0,0},{'A',[2,-1,-1,-1,0,0],2,0,[2,-1,0,0,0,0],1,0,[0,0,-1,-1,0,0],1,0},{'A',[2,0,0,0,-1,-1],2,0,[1,0,0,0,0,0],1,1,[0,0,0,0,-1,-1],1,0},{'A',[-2,-1,-1,-1,2,2],3,0,[2,-1,-1,-1,0,0],2,0,[-2,0,0,0,1,1],2,1},{'A',[0,1,1,1,-1,-1],3,0,[2,0,0,0,-1,-1],2,0,[-2,1,1,1,0,0],2,0},{'A',[2,5,5,5,-6,-6],4,0,[0,1,1,1,-1,-1],3,2,[2,1,1,1,-2,-2],3,0},{'O',[-2,-5,-5,-5,6,6],4,[-2,-5,-5,-5,6,6],4,0}}
Adder graph: {{'A',[1,0,0,1,0,0],1,0,[1,0,0,0,0,0],0,0,[0,0,0,1,0,0],0,0},{'A',[0,1,1,0,0,0],1,0,[0,0,1,0,0,0],0,0,[0,1,0,0,0,0],0,0},{'A',[1,1,1,1,0,0],2,0,[1,0,0,1,0,0],1,0,[0,1,1,0,0,0],1,0},{'A',[1,0,0,0,0,0],1,1,[1,0,0,0,0,0],0,0,[1,0,0,0,0,0],0,0},{'A',[0,0,0,0,1,1],1,0,[0,0,0,0,0,1],0,0,[0,0,0,0,1,0],0,0},{'A',[1,0,0,0,2,2],2,0,[0,0,0,0,1,1],1,1,[1,0,0,0,0,0],1,0},{'A',[0,-1,-1,-1,2,2],3,0,[1,0,0,0,2,2],2,0,[-1,-1,-1,-1,0,0],2,0},{'A',[2,1,1,1,2,2],3,0,[1,0,0,0,2,2],2,0,[1,1,1,1,0,0],2,0},{'A',[-2,-5,-5,-5,6,6],4,0,[0,-1,-1,-1,2,2],3,2,[-2,-1,-1,-1,-2,-2],3,0},{'O',[-2,-5,-5,-5,6,6],4,[-2,-5,-5,-5,6,6],4,0}}
Finished solving after 53037.5 seconds
Adder graph: {{'A',[1,0,0,1,0,0],1,0,[1,0,0,0,0,0],0,0,[0,0,0,1,0,0],0,0},{'A',[0,1,1,0,0,0],1,0,[0,0,1,0,0,0],0,0,[0,1,0,0,0,0],0,0},{'A',[1,1,1,1,0,0],2,0,[1,0,0,1,0,0],1,0,[0,1,1,0,0,0],1,0},{'A',[1,0,0,0,0,0],1,1,[1,0,0,0,0,0],0,0,[1,0,0,0,0,0],0,0},{'A',[0,0,0,0,1,1],1,0,[0,0,0,0,0,1],0,0,[0,0,0,0,1,0],0,0},{'A',[1,0,0,0,2,2],2,0,[0,0,0,0,1,1],1,1,[1,0,0,0,0,0],1,0},{'A',[0,-1,-1,-1,2,2],3,0,[1,0,0,0,2,2],2,0,[-1,-1,-1,-1,0,0],2,0},{'A',[2,1,1,1,2,2],3,0,[1,0,0,0,2,2],2,0,[1,1,1,1,0,0],2,0},{'A',[-2,-5,-5,-5,6,6],4,0,[0,-1,-1,-1,2,2],3,2,[-2,-1,-1,-1,-2,-2],3,0},{'O',[-2,-5,-5,-5,6,6],4,[-2,-5,-5,-5,6,6],4,0}}
#Add optimal = 1
#FAs optimal = 0
