Adder graph: {{'A',[1,-1,0,0,0,0],1,0,[1,0,0,0,0,0],0,0,[0,-1,0,0,0,0],0,0},{'A',[0,0,0,0,-8,1],1,0,[0,0,0,0,0,1],0,0,[0,0,0,0,-1,0],0,3},{'A',[0,0,0,1,0,1],1,0,[0,0,0,1,0,0],0,0,[0,0,0,0,0,1],0,0},{'A',[1,-1,0,-2,0,-2],2,0,[1,-1,0,0,0,0],1,0,[0,0,0,-1,0,-1],1,1},{'A',[0,0,2,0,0,0],1,0,[0,0,1,0,0,0],0,0,[0,0,1,0,0,0],0,0},{'A',[7,-7,0,-14,0,-14],3,0,[1,-1,0,-2,0,-2],2,3,[-1,1,0,2,0,2],2,0},{'A',[0,0,-2,0,-8,1],2,0,[0,0,0,0,-8,1],1,0,[0,0,-2,0,0,0],1,0},{'A',[1,-1,-4,-2,-16,0],3,0,[1,-1,0,-2,0,-2],2,0,[0,0,-2,0,-8,1],2,1},{'A',[-3,3,-2,6,-8,7],4,1,[1,-1,-4,-2,-16,0],3,0,[-7,7,0,14,0,14],3,0},{'O',[-3,3,-2,6,-8,7],4,[-3,3,-2,6,-8,7],4,0}}
Adder graph: {{'A',[0,1,0,0,0,1],1,0,[0,1,0,0,0,0],0,0,[0,0,0,0,0,1],0,0},{'A',[0,0,0,0,2,-1],1,0,[0,0,0,0,1,0],0,1,[0,0,0,0,0,-1],0,0},{'A',[1,0,0,-2,0,0],1,0,[1,0,0,0,0,0],0,0,[0,0,0,-1,0,0],0,1},{'A',[0,0,2,0,0,0],1,0,[0,0,1,0,0,0],0,0,[0,0,1,0,0,0],0,0},{'A',[0,0,2,0,8,-4],2,0,[0,0,0,0,2,-1],1,2,[0,0,2,0,0,0],1,0},{'A',[1,-1,0,-2,0,-1],2,0,[1,0,0,-2,0,0],1,0,[0,-1,0,0,0,-1],1,0},{'A',[1,-1,-4,-2,-16,7],3,0,[1,-1,0,-2,0,-1],2,0,[0,0,-2,0,-8,4],2,1},{'A',[-4,4,2,8,8,0],3,0,[0,0,2,0,8,-4],2,0,[-1,1,0,2,0,1],2,2},{'A',[-3,3,-2,6,-8,7],4,0,[-4,4,2,8,8,0],3,0,[1,-1,-4,-2,-16,7],3,0},{'O',[-3,3,-2,6,-8,7],4,[-3,3,-2,6,-8,7],4,0}}
Adder graph: {{'A',[0,0,0,0,1,0],1,0,[0,0,0,0,1,0],0,1,[0,0,0,0,-1,0],0,0},{'A',[0,0,-2,0,0,1],1,0,[0,0,0,0,0,1],0,0,[0,0,-1,0,0,0],0,1},{'A',[0,0,0,1,0,1],1,0,[0,0,0,0,0,1],0,0,[0,0,0,1,0,0],0,0},{'A',[0,0,2,0,8,-1],2,0,[0,0,0,0,1,0],1,3,[0,0,2,0,0,-1],1,0},{'A',[1,-1,0,0,0,0],1,0,[1,0,0,0,0,0],0,0,[0,-1,0,0,0,0],0,0},{'A',[1,-1,0,-2,0,-2],2,0,[1,-1,0,0,0,0],1,0,[0,0,0,-1,0,-1],1,1},{'A',[2,-2,-2,-4,-8,-3],3,0,[1,-1,0,-2,0,-2],2,1,[0,0,-2,0,-8,1],2,0},{'A',[8,-8,2,-16,8,-17],3,0,[1,-1,0,-2,0,-2],2,3,[0,0,2,0,8,-1],2,0},{'A',[-3,3,-2,6,-8,7],4,1,[2,-2,-2,-4,-8,-3],3,0,[-8,8,-2,16,-8,17],3,0},{'O',[-3,3,-2,6,-8,7],4,[-3,3,-2,6,-8,7],4,0}}
Adder graph: {{'A',[-1,1,0,0,0,0],1,0,[0,1,0,0,0,0],0,0,[-1,0,0,0,0,0],0,0},{'A',[0,0,0,1,0,1],1,0,[0,0,0,1,0,0],0,0,[0,0,0,0,0,1],0,0},{'A',[-1,1,0,2,0,2],2,0,[-1,1,0,0,0,0],1,0,[0,0,0,1,0,1],1,1},{'A',[-3,3,0,6,0,6],3,0,[-1,1,0,2,0,2],2,2,[1,-1,0,-2,0,-2],2,0},{'A',[0,0,0,0,0,1],1,0,[0,0,0,0,0,1],0,1,[0,0,0,0,0,-1],0,0},{'A',[0,0,1,0,4,0],1,0,[0,0,1,0,0,0],0,0,[0,0,0,0,1,0],0,2},{'A',[0,0,2,0,8,-1],2,0,[0,0,1,0,4,0],1,1,[0,0,0,0,0,-1],1,0},{'A',[0,0,2,0,8,-1],3,0,[0,0,2,0,8,-1],2,1,[0,0,-2,0,-8,1],2,0},{'A',[-3,3,-2,6,-8,7],4,0,[-3,3,0,6,0,6],3,0,[0,0,-2,0,-8,1],3,0},{'O',[-3,3,-2,6,-8,7],4,[-3,3,-2,6,-8,7],4,0}}
Adder graph: {{'A',[0,0,1,0,4,0],1,0,[0,0,0,0,1,0],0,2,[0,0,1,0,0,0],0,0},{'A',[0,0,0,0,0,2],1,0,[0,0,0,0,0,1],0,0,[0,0,0,0,0,1],0,0},{'A',[-1,1,0,0,0,0],1,0,[0,1,0,0,0,0],0,0,[-1,0,0,0,0,0],0,0},{'A',[0,0,0,2,0,1],1,0,[0,0,0,0,0,1],0,0,[0,0,0,1,0,0],0,1},{'A',[-1,1,0,2,0,1],2,0,[0,0,0,2,0,1],1,0,[-1,1,0,0,0,0],1,0},{'A',[1,-1,0,-2,0,-1],3,0,[-1,1,0,2,0,1],2,0,[1,-1,0,-2,0,-1],2,1},{'A',[0,0,1,0,4,-2],2,0,[0,0,1,0,4,0],1,0,[0,0,0,0,0,-2],1,0},{'A',[-1,1,-1,2,-4,3],3,0,[-1,1,0,2,0,1],2,0,[0,0,-1,0,-4,2],2,0},{'A',[3,-3,2,-6,8,-7],4,0,[1,-1,0,-2,0,-1],3,0,[1,-1,1,-2,4,-3],3,1},{'O',[-3,3,-2,6,-8,7],4,[-3,3,-2,6,-8,7],4,0}}
Adder graph: {{'A',[1,0,0,0,0,-1],1,0,[1,0,0,0,0,0],0,0,[0,0,0,0,0,-1],0,0},{'A',[0,1,0,2,0,0],1,0,[0,1,0,0,0,0],0,0,[0,0,0,1,0,0],0,1},{'A',[-1,1,0,2,0,1],2,0,[0,1,0,2,0,0],1,0,[-1,0,0,0,0,1],1,0},{'A',[0,0,-1,0,0,2],1,0,[0,0,0,0,0,1],0,1,[0,0,-1,0,0,0],0,0},{'A',[0,0,0,0,1,0],1,1,[0,0,0,0,1,0],0,0,[0,0,0,0,1,0],0,0},{'A',[0,0,1,0,4,-2],2,0,[0,0,0,0,1,0],1,2,[0,0,1,0,0,-2],1,0},{'A',[-1,1,0,2,0,1],3,0,[-1,1,0,2,0,1],2,1,[1,-1,0,-2,0,-1],2,0},{'A',[1,-1,2,-2,8,-5],3,0,[0,0,1,0,4,-2],2,1,[1,-1,0,-2,0,-1],2,0},{'A',[-3,3,-2,6,-8,7],4,0,[-1,1,0,2,0,1],3,1,[-1,1,-2,2,-8,5],3,0},{'O',[-3,3,-2,6,-8,7],4,[-3,3,-2,6,-8,7],4,0}}
Adder graph: {{'A',[0,1,0,0,0,1],1,0,[0,1,0,0,0,0],0,0,[0,0,0,0,0,1],0,0},{'A',[1,0,0,-2,0,0],1,0,[1,0,0,0,0,0],0,0,[0,0,0,-1,0,0],0,1},{'A',[-1,1,0,2,0,1],2,0,[0,1,0,0,0,1],1,0,[-1,0,0,2,0,0],1,0},{'A',[0,0,0,0,1,0],1,1,[0,0,0,0,1,0],0,0,[0,0,0,0,1,0],0,0},{'A',[0,0,1,0,0,-2],1,0,[0,0,1,0,0,0],0,0,[0,0,0,0,0,-1],0,1},{'A',[1,-1,0,-2,0,-1],3,0,[-1,1,0,2,0,1],2,0,[1,-1,0,-2,0,-1],2,1},{'A',[0,0,1,0,4,-2],2,0,[0,0,1,0,0,-2],1,0,[0,0,0,0,1,0],1,2},{'A',[1,-1,1,-2,4,-3],3,0,[0,0,1,0,4,-2],2,0,[1,-1,0,-2,0,-1],2,0},{'A',[3,-3,2,-6,8,-7],4,0,[1,-1,0,-2,0,-1],3,0,[1,-1,1,-2,4,-3],3,1},{'O',[-3,3,-2,6,-8,7],4,[-3,3,-2,6,-8,7],4,0}}
Finished solving after 54068.6 seconds
Adder graph: {{'A',[0,1,0,0,0,1],1,0,[0,1,0,0,0,0],0,0,[0,0,0,0,0,1],0,0},{'A',[1,0,0,-2,0,0],1,0,[1,0,0,0,0,0],0,0,[0,0,0,-1,0,0],0,1},{'A',[-1,1,0,2,0,1],2,0,[0,1,0,0,0,1],1,0,[-1,0,0,2,0,0],1,0},{'A',[0,0,0,0,1,0],1,1,[0,0,0,0,1,0],0,0,[0,0,0,0,1,0],0,0},{'A',[0,0,1,0,0,-2],1,0,[0,0,1,0,0,0],0,0,[0,0,0,0,0,-1],0,1},{'A',[1,-1,0,-2,0,-1],3,0,[-1,1,0,2,0,1],2,0,[1,-1,0,-2,0,-1],2,1},{'A',[0,0,1,0,4,-2],2,0,[0,0,1,0,0,-2],1,0,[0,0,0,0,1,0],1,2},{'A',[1,-1,1,-2,4,-3],3,0,[0,0,1,0,4,-2],2,0,[1,-1,0,-2,0,-1],2,0},{'A',[3,-3,2,-6,8,-7],4,0,[1,-1,0,-2,0,-1],3,0,[1,-1,1,-2,4,-3],3,1},{'O',[-3,3,-2,6,-8,7],4,[-3,3,-2,6,-8,7],4,0}}
#Add optimal = 1
#FAs optimal = 0
