Adder graph: {{'A',[0,0,1,-2,0,0],1,0,[0,0,1,0,0,0],0,0,[0,0,0,-1,0,0],0,1},{'A',[0,1,0,-1,0,0],1,0,[0,1,0,0,0,0],0,0,[0,0,0,-1,0,0],0,0},{'A',[-1,0,0,0,0,1],1,0,[0,0,0,0,0,1],0,0,[-1,0,0,0,0,0],0,0},{'A',[4,0,1,-2,0,-4],2,0,[0,0,1,-2,0,0],1,0,[1,0,0,0,0,-1],1,2},{'A',[0,0,0,1,-8,0],1,0,[0,0,0,1,0,0],0,0,[0,0,0,0,-1,0],0,3},{'A',[0,-4,0,5,-8,0],2,0,[0,0,0,1,-8,0],1,0,[0,-1,0,1,0,0],1,2},{'A',[-4,-4,-1,7,-8,4],3,0,[0,-4,0,5,-8,0],2,0,[-4,0,-1,2,0,4],2,0},{'O',[-4,-4,-1,7,-8,4],3,[-4,-4,-1,7,-8,4],3,0}}
Adder graph: {{'A',[0,0,2,1,0,0],1,0,[0,0,1,0,0,0],0,1,[0,0,0,1,0,0],0,0},{'A',[1,0,0,-2,0,0],1,0,[1,0,0,0,0,0],0,0,[0,0,0,-1,0,0],0,1},{'A',[0,8,0,1,0,0],1,0,[0,1,0,0,0,0],0,3,[0,0,0,1,0,0],0,0},{'A',[0,4,1,1,0,0],2,1,[0,0,2,1,0,0],1,0,[0,8,0,1,0,0],1,0},{'A',[0,0,0,0,-2,1],1,0,[0,0,0,0,0,1],0,0,[0,0,0,0,-1,0],0,1},{'A',[-1,0,0,2,-2,1],2,0,[0,0,0,0,-2,1],1,0,[-1,0,0,2,0,0],1,0},{'A',[4,4,1,-7,8,-4],3,0,[0,4,1,1,0,0],2,0,[1,0,0,-2,2,-1],2,2},{'O',[-4,-4,-1,7,-8,4],3,[-4,-4,-1,7,-8,4],3,0}}
Adder graph: {{'A',[0,-1,0,0,0,1],1,0,[0,0,0,0,0,1],0,0,[0,-1,0,0,0,0],0,0},{'A',[0,0,1,-2,0,0],1,0,[0,0,1,0,0,0],0,0,[0,0,0,-1,0,0],0,1},{'A',[1,0,0,0,2,0],1,0,[1,0,0,0,0,0],0,0,[0,0,0,0,1,0],0,1},{'A',[-1,-1,0,0,-2,1],2,0,[0,-1,0,0,0,1],1,0,[-1,0,0,0,-2,0],1,0},{'A',[0,0,0,5,0,0],1,0,[0,0,0,1,0,0],0,2,[0,0,0,1,0,0],0,0},{'A',[0,0,1,-7,0,0],2,0,[0,0,1,-2,0,0],1,0,[0,0,0,-5,0,0],1,0},{'A',[4,4,1,-7,8,-4],3,0,[0,0,1,-7,0,0],2,0,[1,1,0,0,2,-1],2,2},{'O',[-4,-4,-1,7,-8,4],3,[-4,-4,-1,7,-8,4],3,0}}
Adder graph: {{'A',[0,4,0,-1,0,0],1,0,[0,1,0,0,0,0],0,2,[0,0,0,-1,0,0],0,0},{'A',[-1,0,0,0,0,1],1,0,[0,0,0,0,0,1],0,0,[-1,0,0,0,0,0],0,0},{'A',[0,0,0,1,-1,0],1,0,[0,0,0,1,0,0],0,0,[0,0,0,0,-1,0],0,0},{'A',[0,0,1,2,0,0],1,0,[0,0,0,1,0,0],0,1,[0,0,1,0,0,0],0,0},{'A',[0,4,1,1,0,0],2,0,[0,0,1,2,0,0],1,0,[0,4,0,-1,0,0],1,0},{'A',[-1,0,0,2,-2,1],2,0,[-1,0,0,0,0,1],1,0,[0,0,0,1,-1,0],1,1},{'A',[4,4,1,-7,8,-4],3,0,[0,4,1,1,0,0],2,0,[1,0,0,-2,2,-1],2,2},{'O',[-4,-4,-1,7,-8,4],3,[-4,-4,-1,7,-8,4],3,0}}
Adder graph: {{'A',[0,0,1,0,0,0],1,0,[0,0,1,0,0,0],0,1,[0,0,-1,0,0,0],0,0},{'A',[0,0,0,7,0,0],1,0,[0,0,0,1,0,0],0,3,[0,0,0,-1,0,0],0,0},{'A',[0,1,0,0,2,0],1,0,[0,1,0,0,0,0],0,0,[0,0,0,0,1,0],0,1},{'A',[0,0,1,-7,0,0],2,0,[0,0,1,0,0,0],1,0,[0,0,0,-7,0,0],1,0},{'A',[-1,0,0,0,0,1],1,0,[0,0,0,0,0,1],0,0,[-1,0,0,0,0,0],0,0},{'A',[-1,-1,0,0,-2,1],2,0,[-1,0,0,0,0,1],1,0,[0,-1,0,0,-2,0],1,0},{'A',[-4,-4,-1,7,-8,4],3,0,[-1,-1,0,0,-2,1],2,2,[0,0,-1,7,0,0],2,0},{'O',[-4,-4,-1,7,-8,4],3,[-4,-4,-1,7,-8,4],3,0}}
Adder graph: {{'A',[1,1,0,0,0,0],1,0,[1,0,0,0,0,0],0,0,[0,1,0,0,0,0],0,0},{'A',[0,0,-1,0,0,4],1,0,[0,0,0,0,0,1],0,2,[0,0,-1,0,0,0],0,0},{'A',[0,0,0,1,0,0],1,0,[0,0,0,1,0,0],0,1,[0,0,0,-1,0,0],0,0},{'A',[0,0,0,1,-1,0],1,0,[0,0,0,1,0,0],0,0,[0,0,0,0,-1,0],0,0},{'A',[-1,-1,0,2,-2,0],2,0,[0,0,0,1,-1,0],1,1,[-1,-1,0,0,0,0],1,0},{'A',[0,0,-1,-1,0,4],2,0,[0,0,-1,0,0,4],1,0,[0,0,0,-1,0,0],1,0},{'A',[-4,-4,-1,7,-8,4],3,0,[0,0,-1,-1,0,4],2,0,[-1,-1,0,2,-2,0],2,2},{'O',[-4,-4,-1,7,-8,4],3,[-4,-4,-1,7,-8,4],3,0}}
Adder graph: {{'A',[0,0,0,0,1,0],1,0,[0,0,0,0,1,0],0,1,[0,0,0,0,-1,0],0,0},{'A',[1,1,0,0,0,0],1,0,[1,0,0,0,0,0],0,0,[0,1,0,0,0,0],0,0},{'A',[0,0,1,1,0,0],1,0,[0,0,0,1,0,0],0,0,[0,0,1,0,0,0],0,0},{'A',[1,1,0,0,2,0],2,0,[1,1,0,0,0,0],1,0,[0,0,0,0,1,0],1,1},{'A',[0,0,0,2,0,1],1,0,[0,0,0,1,0,0],0,1,[0,0,0,0,0,1],0,0},{'A',[0,0,1,-7,0,-4],2,0,[0,0,1,1,0,0],1,0,[0,0,0,-2,0,-1],1,2},{'A',[4,4,1,-7,8,-4],3,0,[0,0,1,-7,0,-4],2,0,[1,1,0,0,2,0],2,2},{'O',[-4,-4,-1,7,-8,4],3,[-4,-4,-1,7,-8,4],3,0}}
Adder graph: {{'A',[0,-1,0,0,0,1],1,0,[0,0,0,0,0,1],0,0,[0,-1,0,0,0,0],0,0},{'A',[1,0,0,0,0,0],1,0,[1,0,0,0,0,0],0,1,[-1,0,0,0,0,0],0,0},{'A',[0,0,0,-1,1,0],1,0,[0,0,0,0,1,0],0,0,[0,0,0,-1,0,0],0,0},{'A',[0,0,1,1,0,0],1,0,[0,0,1,0,0,0],0,0,[0,0,0,1,0,0],0,0},{'A',[4,0,1,1,0,0],2,0,[0,0,1,1,0,0],1,0,[1,0,0,0,0,0],1,2},{'A',[0,1,0,-2,2,-1],2,0,[0,0,0,-1,1,0],1,1,[0,1,0,0,0,-1],1,0},{'A',[4,4,1,-7,8,-4],3,0,[0,1,0,-2,2,-1],2,2,[4,0,1,1,0,0],2,0},{'O',[-4,-4,-1,7,-8,4],3,[-4,-4,-1,7,-8,4],3,0}}
Finished solving after 419.024 seconds
Adder graph: {{'A',[0,-1,0,0,0,1],1,0,[0,0,0,0,0,1],0,0,[0,-1,0,0,0,0],0,0},{'A',[1,0,0,0,0,0],1,0,[1,0,0,0,0,0],0,1,[-1,0,0,0,0,0],0,0},{'A',[0,0,0,-1,1,0],1,0,[0,0,0,0,1,0],0,0,[0,0,0,-1,0,0],0,0},{'A',[0,0,1,1,0,0],1,0,[0,0,1,0,0,0],0,0,[0,0,0,1,0,0],0,0},{'A',[4,0,1,1,0,0],2,0,[0,0,1,1,0,0],1,0,[1,0,0,0,0,0],1,2},{'A',[0,1,0,-2,2,-1],2,0,[0,0,0,-1,1,0],1,1,[0,1,0,0,0,-1],1,0},{'A',[4,4,1,-7,8,-4],3,0,[0,1,0,-2,2,-1],2,2,[4,0,1,1,0,0],2,0},{'O',[-4,-4,-1,7,-8,4],3,[-4,-4,-1,7,-8,4],3,0}}
#Add optimal = 1
#FAs optimal = 1
