Adder graph: {{'A',[0,0,0,2,0,1],1,0,[0,0,0,0,0,1],0,0,[0,0,0,1,0,0],0,1},{'A',[0,2,0,0,0,0],1,0,[0,1,0,0,0,0],0,0,[0,1,0,0,0,0],0,0},{'A',[0,2,0,-4,0,-2],2,0,[0,2,0,0,0,0],1,0,[0,0,0,-2,0,-1],1,1},{'A',[4,0,0,1,0,0],1,0,[1,0,0,0,0,0],0,2,[0,0,0,1,0,0],0,0},{'A',[0,0,1,0,2,0],1,0,[0,0,0,0,1,0],0,1,[0,0,1,0,0,0],0,0},{'A',[4,0,1,1,2,0],2,0,[4,0,0,1,0,0],1,0,[0,0,1,0,2,0],1,0},{'A',[-4,4,-1,-9,-2,-4],3,0,[0,2,0,-4,0,-2],2,1,[-4,0,-1,-1,-2,0],2,0},{'A',[-4,2,-1,-5,-2,-2],3,0,[0,2,0,-4,0,-2],2,0,[-4,0,-1,-1,-2,0],2,0},{'A',[-4,3,-1,-7,-2,-3],4,1,[-4,4,-1,-9,-2,-4],3,0,[-4,2,-1,-5,-2,-2],3,0},{'O',[-4,3,-1,-7,-2,-3],4,[-4,3,-1,-7,-2,-3],4,0}}
Adder graph: {{'A',[0,0,0,2,1,0],1,0,[0,0,0,1,0,0],0,1,[0,0,0,0,1,0],0,0},{'A',[0,1,0,0,0,-1],1,0,[0,1,0,0,0,0],0,0,[0,0,0,0,0,-1],0,0},{'A',[0,-1,0,2,1,1],2,0,[0,0,0,2,1,0],1,0,[0,-1,0,0,0,1],1,0},{'A',[0,-2,0,4,2,2],3,0,[0,-1,0,2,1,1],2,0,[0,-1,0,2,1,1],2,0},{'A',[4,0,0,1,0,0],1,0,[0,0,0,1,0,0],0,0,[1,0,0,0,0,0],0,2},{'A',[0,0,-1,0,1,0],1,0,[0,0,0,0,1,0],0,0,[0,0,-1,0,0,0],0,0},{'A',[-4,0,-1,-1,1,0],2,0,[0,0,-1,0,1,0],1,0,[-4,0,0,-1,0,0],1,0},{'A',[-4,1,-1,-3,0,-1],3,0,[-4,0,-1,-1,1,0],2,0,[0,1,0,-2,-1,-1],2,0},{'A',[4,-3,1,7,2,3],4,0,[0,-2,0,4,2,2],3,0,[4,-1,1,3,0,1],3,0},{'O',[-4,3,-1,-7,-2,-3],4,[-4,3,-1,-7,-2,-3],4,0}}
Adder graph: {{'A',[0,0,-1,1,0,0],1,0,[0,0,0,1,0,0],0,0,[0,0,-1,0,0,0],0,0},{'A',[0,1,0,0,0,-1],1,0,[0,1,0,0,0,0],0,0,[0,0,0,0,0,-1],0,0},{'A',[0,0,1,1,0,0],1,0,[0,0,0,1,0,0],0,0,[0,0,1,0,0,0],0,0},{'A',[0,-1,-1,1,0,1],2,0,[0,0,-1,1,0,0],1,0,[0,-1,0,0,0,1],1,0},{'A',[2,0,0,0,1,0],1,0,[1,0,0,0,0,0],0,1,[0,0,0,0,1,0],0,0},{'A',[2,0,2,2,1,0],2,0,[2,0,0,0,1,0],1,0,[0,0,1,1,0,0],1,1},{'A',[0,7,7,-7,0,-7],3,0,[0,-1,-1,1,0,1],2,0,[0,1,1,-1,0,-1],2,3},{'A',[8,1,9,7,4,-1],3,0,[2,0,2,2,1,0],2,2,[0,1,1,-1,0,-1],2,0},{'A',[-4,3,-1,-7,-2,-3],4,1,[0,7,7,-7,0,-7],3,0,[-8,-1,-9,-7,-4,1],3,0},{'O',[-4,3,-1,-7,-2,-3],4,[-4,3,-1,-7,-2,-3],4,0}}
Adder graph: {{'A',[0,0,1,0,0,1],1,0,[0,0,0,0,0,1],0,0,[0,0,1,0,0,0],0,0},{'A',[0,0,1,0,-1,0],1,0,[0,0,1,0,0,0],0,0,[0,0,0,0,-1,0],0,0},{'A',[0,1,0,-1,0,0],1,0,[0,1,0,0,0,0],0,0,[0,0,0,-1,0,0],0,0},{'A',[0,1,-1,-1,0,-1],2,0,[0,1,0,-1,0,0],1,0,[0,0,-1,0,0,-1],1,0},{'A',[1,0,0,1,0,0],1,0,[0,0,0,1,0,0],0,0,[1,0,0,0,0,0],0,0},{'A',[0,7,-7,-7,0,-7],3,0,[0,1,-1,-1,0,-1],2,3,[0,-1,1,1,0,1],2,0},{'A',[-2,0,1,-2,-1,0],2,0,[0,0,1,0,-1,0],1,0,[-1,0,0,-1,0,0],1,1},{'A',[-8,-1,5,-7,-4,1],3,0,[-2,0,1,-2,-1,0],2,2,[0,-1,1,1,0,1],2,0},{'A',[-4,3,-1,-7,-2,-3],4,1,[-8,-1,5,-7,-4,1],3,0,[0,7,-7,-7,0,-7],3,0},{'O',[-4,3,-1,-7,-2,-3],4,[-4,3,-1,-7,-2,-3],4,0}}
Adder graph: {{'A',[2,0,0,0,1,0],1,0,[1,0,0,0,0,0],0,1,[0,0,0,0,1,0],0,0},{'A',[0,0,1,0,0,1],1,0,[0,0,1,0,0,0],0,0,[0,0,0,0,0,1],0,0},{'A',[0,1,0,-1,0,0],1,0,[0,1,0,0,0,0],0,0,[0,0,0,-1,0,0],0,0},{'A',[0,-1,1,1,0,1],2,0,[0,0,1,0,0,1],1,0,[0,-1,0,1,0,0],1,0},{'A',[0,-1,1,1,0,1],3,1,[0,-1,1,1,0,1],2,0,[0,-1,1,1,0,1],2,0},{'A',[0,0,1,-2,0,0],1,0,[0,0,1,0,0,0],0,0,[0,0,0,-1,0,0],0,1},{'A',[-2,0,1,-2,-1,0],2,0,[0,0,1,-2,0,0],1,0,[-2,0,0,0,-1,0],1,0},{'A',[4,-1,-1,5,2,1],3,0,[0,-1,1,1,0,1],2,0,[2,0,-1,2,1,0],2,1},{'A',[4,-3,1,7,2,3],4,0,[4,-1,-1,5,2,1],3,0,[0,-1,1,1,0,1],3,1},{'O',[-4,3,-1,-7,-2,-3],4,[-4,3,-1,-7,-2,-3],4,0}}
Adder graph: {{'A',[0,0,0,2,0,0],1,0,[0,0,0,1,0,0],0,0,[0,0,0,1,0,0],0,0},{'A',[0,1,0,0,0,-1],1,0,[0,1,0,0,0,0],0,0,[0,0,0,0,0,-1],0,0},{'A',[0,-1,0,2,0,1],2,0,[0,0,0,2,0,0],1,0,[0,-1,0,0,0,1],1,0},{'A',[0,0,1,1,0,0],1,0,[0,0,0,1,0,0],0,0,[0,0,1,0,0,0],0,0},{'A',[2,0,0,0,1,0],1,0,[0,0,0,0,1,0],0,0,[1,0,0,0,0,0],0,1},{'A',[4,0,1,1,2,0],2,0,[2,0,0,0,1,0],1,1,[0,0,1,1,0,0],1,0},{'A',[0,-1,0,2,0,1],3,1,[0,-1,0,2,0,1],2,0,[0,-1,0,2,0,1],2,0},{'A',[4,-1,1,3,2,1],3,0,[0,-1,0,2,0,1],2,0,[4,0,1,1,2,0],2,0},{'A',[4,-3,1,7,2,3],4,0,[0,-1,0,2,0,1],3,1,[4,-1,1,3,2,1],3,0},{'O',[-4,3,-1,-7,-2,-3],4,[-4,3,-1,-7,-2,-3],4,0}}
Adder graph: {{'A',[2,0,0,0,1,0],1,0,[0,0,0,0,1,0],0,0,[1,0,0,0,0,0],0,1},{'A',[0,0,0,1,0,0],1,1,[0,0,0,1,0,0],0,0,[0,0,0,1,0,0],0,0},{'A',[0,1,0,0,0,-1],1,0,[0,1,0,0,0,0],0,0,[0,0,0,0,0,-1],0,0},{'A',[0,0,1,1,0,0],1,0,[0,0,0,1,0,0],0,0,[0,0,1,0,0,0],0,0},{'A',[4,0,1,1,2,0],2,0,[0,0,1,1,0,0],1,0,[2,0,0,0,1,0],1,1},{'A',[0,-1,0,2,0,1],2,0,[0,0,0,1,0,0],1,1,[0,-1,0,0,0,1],1,0},{'A',[4,-1,1,3,2,1],3,0,[0,-1,0,2,0,1],2,0,[4,0,1,1,2,0],2,0},{'A',[0,-1,0,2,0,1],3,1,[0,-1,0,2,0,1],2,0,[0,-1,0,2,0,1],2,0},{'A',[4,-3,1,7,2,3],4,0,[0,-1,0,2,0,1],3,1,[4,-1,1,3,2,1],3,0},{'O',[-4,3,-1,-7,-2,-3],4,[-4,3,-1,-7,-2,-3],4,0}}
Adder graph: {{'A',[0,0,0,1,0,1],1,0,[0,0,0,1,0,0],0,0,[0,0,0,0,0,1],0,0},{'A',[1,0,0,1,0,0],1,0,[1,0,0,0,0,0],0,0,[0,0,0,1,0,0],0,0},{'A',[0,0,1,0,-1,0],1,0,[0,0,1,0,0,0],0,0,[0,0,0,0,-1,0],0,0},{'A',[0,1,-1,0,0,0],1,0,[0,1,0,0,0,0],0,0,[0,0,-1,0,0,0],0,0},{'A',[0,-1,1,1,0,1],2,0,[0,0,0,1,0,1],1,0,[0,-1,1,0,0,0],1,0},{'A',[0,1,-1,-1,0,-1],3,0,[0,-1,1,1,0,1],2,0,[0,1,-1,-1,0,-1],2,1},{'A',[-2,0,1,-2,-1,0],2,0,[0,0,1,0,-1,0],1,0,[-1,0,0,-1,0,0],1,1},{'A',[-2,1,0,-3,-1,-1],3,0,[-2,0,1,-2,-1,0],2,0,[0,1,-1,-1,0,-1],2,0},{'A',[-4,3,-1,-7,-2,-3],4,0,[-2,1,0,-3,-1,-1],3,1,[0,1,-1,-1,0,-1],3,0},{'O',[-4,3,-1,-7,-2,-3],4,[-4,3,-1,-7,-2,-3],4,0}}
Finished solving after 55028.8 seconds
Adder graph: {{'A',[0,0,0,1,0,1],1,0,[0,0,0,1,0,0],0,0,[0,0,0,0,0,1],0,0},{'A',[1,0,0,1,0,0],1,0,[1,0,0,0,0,0],0,0,[0,0,0,1,0,0],0,0},{'A',[0,0,1,0,-1,0],1,0,[0,0,1,0,0,0],0,0,[0,0,0,0,-1,0],0,0},{'A',[0,1,-1,0,0,0],1,0,[0,1,0,0,0,0],0,0,[0,0,-1,0,0,0],0,0},{'A',[0,-1,1,1,0,1],2,0,[0,0,0,1,0,1],1,0,[0,-1,1,0,0,0],1,0},{'A',[0,1,-1,-1,0,-1],3,0,[0,-1,1,1,0,1],2,0,[0,1,-1,-1,0,-1],2,1},{'A',[-2,0,1,-2,-1,0],2,0,[0,0,1,0,-1,0],1,0,[-1,0,0,-1,0,0],1,1},{'A',[-2,1,0,-3,-1,-1],3,0,[-2,0,1,-2,-1,0],2,0,[0,1,-1,-1,0,-1],2,0},{'A',[-4,3,-1,-7,-2,-3],4,0,[-2,1,0,-3,-1,-1],3,1,[0,1,-1,-1,0,-1],3,0},{'O',[-4,3,-1,-7,-2,-3],4,[-4,3,-1,-7,-2,-3],4,0}}
#Add optimal = 1
#FAs optimal = 0
