Adder graph: {{'A',[0,1,1,0,0,0],1,0,[0,0,1,0,0,0],0,0,[0,1,0,0,0,0],0,0},{'A',[1,0,-2,0,0,0],1,0,[1,0,0,0,0,0],0,0,[0,0,-1,0,0,0],0,1},{'A',[0,0,0,1,1,0],1,0,[0,0,0,0,1,0],0,0,[0,0,0,1,0,0],0,0},{'A',[-1,0,0,0,0,1],1,0,[0,0,0,0,0,1],0,0,[-1,0,0,0,0,0],0,0},{'A',[-1,0,0,-1,-1,1],2,0,[-1,0,0,0,0,1],1,0,[0,0,0,-1,-1,0],1,0},{'A',[-2,1,5,0,0,0],2,0,[0,1,1,0,0,0],1,0,[-1,0,2,0,0,0],1,1},{'A',[2,1,5,4,4,-4],3,0,[-2,1,5,0,0,0],2,0,[1,0,0,1,1,-1],2,2},{'A',[-5,2,10,-1,-1,1],3,0,[-2,1,5,0,0,0],2,1,[-1,0,0,-1,-1,1],2,0},{'A',[7,-1,-5,5,5,-5],4,0,[2,1,5,4,4,-4],3,0,[5,-2,-10,1,1,-1],3,0},{'O',[-7,1,5,-5,-5,5],4,[-7,1,5,-5,-5,5],4,0}}
Adder graph: {{'A',[0,0,0,-1,0,1],1,0,[0,0,0,0,0,1],0,0,[0,0,0,-1,0,0],0,0},{'A',[1,-1,0,0,0,0],1,0,[1,0,0,0,0,0],0,0,[0,-1,0,0,0,0],0,0},{'A',[4,-1,0,0,0,0],1,0,[1,0,0,0,0,0],0,2,[0,-1,0,0,0,0],0,0},{'A',[0,0,-1,0,1,0],1,0,[0,0,0,0,1,0],0,0,[0,0,-1,0,0,0],0,0},{'A',[0,0,-1,1,1,-1],2,0,[0,0,-1,0,1,0],1,0,[0,0,0,1,0,-1],1,0},{'A',[-7,1,0,0,0,0],2,0,[1,-1,0,0,0,0],1,0,[-4,1,0,0,0,0],1,1},{'A',[0,0,-2,2,2,-2],3,0,[0,0,-1,1,1,-1],2,0,[0,0,-1,1,1,-1],2,0},{'A',[7,-1,-1,1,1,-1],3,0,[0,0,-1,1,1,-1],2,0,[7,-1,0,0,0,0],2,0},{'A',[7,-1,-5,5,5,-5],4,0,[0,0,-2,2,2,-2],3,1,[7,-1,-1,1,1,-1],3,0},{'O',[-7,1,5,-5,-5,5],4,[-7,1,5,-5,-5,5],4,0}}
Adder graph: {{'A',[2,0,0,0,0,0],1,0,[1,0,0,0,0,0],0,0,[1,0,0,0,0,0],0,0},{'A',[1,1,0,0,0,0],1,0,[0,1,0,0,0,0],0,0,[1,0,0,0,0,0],0,0},{'A',[-7,1,0,0,0,0],2,0,[1,1,0,0,0,0],1,0,[-2,0,0,0,0,0],1,2},{'A',[0,0,1,0,-1,0],1,0,[0,0,1,0,0,0],0,0,[0,0,0,0,-1,0],0,0},{'A',[-7,1,0,0,0,0],3,0,[-7,1,0,0,0,0],2,1,[7,-1,0,0,0,0],2,0},{'A',[0,0,0,1,0,-1],1,0,[0,0,0,1,0,0],0,0,[0,0,0,0,0,-1],0,0},{'A',[0,0,-1,1,1,-1],2,0,[0,0,0,1,0,-1],1,0,[0,0,-1,0,1,0],1,0},{'A',[0,0,-5,5,5,-5],3,0,[0,0,-1,1,1,-1],2,2,[0,0,-1,1,1,-1],2,0},{'A',[7,-1,-5,5,5,-5],4,0,[0,0,-5,5,5,-5],3,0,[7,-1,0,0,0,0],3,0},{'O',[-7,1,5,-5,-5,5],4,[-7,1,5,-5,-5,5],4,0}}
Adder graph: {{'A',[0,0,0,0,1,-1],1,0,[0,0,0,0,1,0],0,0,[0,0,0,0,0,-1],0,0},{'A',[1,0,0,0,0,0],1,0,[1,0,0,0,0,0],0,1,[-1,0,0,0,0,0],0,0},{'A',[0,0,1,-1,0,0],1,0,[0,0,1,0,0,0],0,0,[0,0,0,-1,0,0],0,0},{'A',[1,1,0,0,0,0],1,0,[1,0,0,0,0,0],0,0,[0,1,0,0,0,0],0,0},{'A',[-7,1,0,0,0,0],2,0,[1,1,0,0,0,0],1,0,[-1,0,0,0,0,0],1,3},{'A',[0,0,1,-1,-1,1],2,0,[0,0,1,-1,0,0],1,0,[0,0,0,0,-1,1],1,0},{'A',[7,-1,0,0,0,0],3,0,[-7,1,0,0,0,0],2,0,[7,-1,0,0,0,0],2,1},{'A',[0,0,5,-5,-5,5],3,0,[0,0,1,-1,-1,1],2,2,[0,0,1,-1,-1,1],2,0},{'A',[-7,1,5,-5,-5,5],4,0,[0,0,5,-5,-5,5],3,0,[-7,1,0,0,0,0],3,0},{'O',[-7,1,5,-5,-5,5],4,[-7,1,5,-5,-5,5],4,0}}
Adder graph: {{'A',[1,1,0,0,0,0],1,0,[1,0,0,0,0,0],0,0,[0,1,0,0,0,0],0,0},{'A',[0,0,0,-1,0,1],1,0,[0,0,0,0,0,1],0,0,[0,0,0,-1,0,0],0,0},{'A',[0,0,-1,0,1,0],1,0,[0,0,0,0,1,0],0,0,[0,0,-1,0,0,0],0,0},{'A',[-1,0,0,0,0,0],1,0,[1,0,0,0,0,0],0,0,[-1,0,0,0,0,0],0,1},{'A',[0,0,-1,1,1,-1],2,0,[0,0,-1,0,1,0],1,0,[0,0,0,1,0,-1],1,0},{'A',[-7,1,0,0,0,0],2,0,[1,1,0,0,0,0],1,0,[-1,0,0,0,0,0],1,3},{'A',[0,0,1,-1,-1,1],3,0,[0,0,-1,1,1,-1],2,0,[0,0,1,-1,-1,1],2,1},{'A',[7,-1,-1,1,1,-1],3,0,[0,0,-1,1,1,-1],2,0,[7,-1,0,0,0,0],2,0},{'A',[-7,1,5,-5,-5,5],4,0,[0,0,1,-1,-1,1],3,2,[-7,1,1,-1,-1,1],3,0},{'O',[-7,1,5,-5,-5,5],4,[-7,1,5,-5,-5,5],4,0}}
Adder graph: {{'A',[0,0,0,1,0,-1],1,0,[0,0,0,1,0,0],0,0,[0,0,0,0,0,-1],0,0},{'A',[1,0,0,0,0,0],1,0,[1,0,0,0,0,0],0,1,[-1,0,0,0,0,0],0,0},{'A',[1,1,0,0,0,0],1,0,[1,0,0,0,0,0],0,0,[0,1,0,0,0,0],0,0},{'A',[0,0,1,0,-1,0],1,0,[0,0,1,0,0,0],0,0,[0,0,0,0,-1,0],0,0},{'A',[0,0,1,-1,-1,1],2,0,[0,0,1,0,-1,0],1,0,[0,0,0,-1,0,1],1,0},{'A',[-7,1,0,0,0,0],2,0,[1,1,0,0,0,0],1,0,[-1,0,0,0,0,0],1,3},{'A',[-7,1,1,-1,-1,1],3,0,[-7,1,0,0,0,0],2,0,[0,0,1,-1,-1,1],2,0},{'A',[0,0,1,-1,-1,1],3,1,[0,0,1,-1,-1,1],2,0,[0,0,1,-1,-1,1],2,0},{'A',[-7,1,5,-5,-5,5],4,0,[-7,1,1,-1,-1,1],3,0,[0,0,1,-1,-1,1],3,2},{'O',[-7,1,5,-5,-5,5],4,[-7,1,5,-5,-5,5],4,0}}
Finished solving after 50968 seconds
Adder graph: {{'A',[0,0,0,1,0,-1],1,0,[0,0,0,1,0,0],0,0,[0,0,0,0,0,-1],0,0},{'A',[1,0,0,0,0,0],1,0,[1,0,0,0,0,0],0,1,[-1,0,0,0,0,0],0,0},{'A',[1,1,0,0,0,0],1,0,[1,0,0,0,0,0],0,0,[0,1,0,0,0,0],0,0},{'A',[0,0,1,0,-1,0],1,0,[0,0,1,0,0,0],0,0,[0,0,0,0,-1,0],0,0},{'A',[0,0,1,-1,-1,1],2,0,[0,0,1,0,-1,0],1,0,[0,0,0,-1,0,1],1,0},{'A',[-7,1,0,0,0,0],2,0,[1,1,0,0,0,0],1,0,[-1,0,0,0,0,0],1,3},{'A',[-7,1,1,-1,-1,1],3,0,[-7,1,0,0,0,0],2,0,[0,0,1,-1,-1,1],2,0},{'A',[0,0,1,-1,-1,1],3,1,[0,0,1,-1,-1,1],2,0,[0,0,1,-1,-1,1],2,0},{'A',[-7,1,5,-5,-5,5],4,0,[-7,1,1,-1,-1,1],3,0,[0,0,1,-1,-1,1],3,2},{'O',[-7,1,5,-5,-5,5],4,[-7,1,5,-5,-5,5],4,0}}
#Add optimal = 1
#FAs optimal = 0
