Adder graph: {{'A',[0,2,0,1,0,0],1,0,[0,0,0,1,0,0],0,0,[0,1,0,0,0,0],0,1},{'A',[0,0,-1,0,1,0],1,0,[0,0,0,0,1,0],0,0,[0,0,-1,0,0,0],0,0},{'A',[0,0,0,-1,0,1],1,0,[0,0,0,0,0,1],0,0,[0,0,0,-1,0,0],0,0},{'A',[8,0,0,0,0,-1],1,0,[1,0,0,0,0,0],0,3,[0,0,0,0,0,-1],0,0},{'A',[0,0,-1,-2,1,2],2,0,[0,0,0,-1,0,1],1,1,[0,0,-1,0,1,0],1,0},{'A',[-8,2,0,1,0,1],2,0,[0,2,0,1,0,0],1,0,[-8,0,0,0,0,1],1,0},{'A',[8,-2,-1,-3,1,1],3,0,[0,0,-1,-2,1,2],2,0,[8,-2,0,-1,0,-1],2,0},{'A',[0,0,-2,-4,2,4],3,0,[0,0,-1,-2,1,2],2,0,[0,0,-1,-2,1,2],2,0},{'A',[8,-2,3,5,-3,-7],4,0,[8,-2,-1,-3,1,1],3,0,[0,0,2,4,-2,-4],3,1},{'O',[-8,2,-3,-5,3,7],4,[-8,2,-3,-5,3,7],4,0}}
Adder graph: {{'A',[0,0,0,0,1,1],1,0,[0,0,0,0,1,0],0,0,[0,0,0,0,0,1],0,0},{'A',[0,0,-1,1,0,0],1,0,[0,0,0,1,0,0],0,0,[0,0,-1,0,0,0],0,0},{'A',[0,0,-1,1,1,1],2,0,[0,0,0,0,1,1],1,0,[0,0,-1,1,0,0],1,0},{'A',[0,1,0,-4,0,0],1,0,[0,1,0,0,0,0],0,0,[0,0,0,-1,0,0],0,2},{'A',[-2,0,0,0,0,1],1,0,[0,0,0,0,0,1],0,0,[-1,0,0,0,0,0],0,1},{'A',[-4,1,0,-4,0,2],2,0,[0,1,0,-4,0,0],1,0,[-2,0,0,0,0,1],1,1},{'A',[-4,1,1,-5,-1,1],3,0,[-4,1,0,-4,0,2],2,0,[0,0,1,-1,-1,-1],2,0},{'A',[-4,1,-4,0,4,6],3,0,[-4,1,0,-4,0,2],2,0,[0,0,-1,1,1,1],2,2},{'A',[-8,2,-3,-5,3,7],4,0,[-4,1,1,-5,-1,1],3,0,[-4,1,-4,0,4,6],3,0},{'O',[-8,2,-3,-5,3,7],4,[-8,2,-3,-5,3,7],4,0}}
Adder graph: {{'A',[0,0,0,1,0,1],1,0,[0,0,0,1,0,0],0,0,[0,0,0,0,0,1],0,0},{'A',[0,0,0,1,0,-1],1,0,[0,0,0,1,0,0],0,0,[0,0,0,0,0,-1],0,0},{'A',[0,0,-1,0,1,0],1,0,[0,0,0,0,1,0],0,0,[0,0,-1,0,0,0],0,0},{'A',[4,-1,0,0,0,0],1,0,[1,0,0,0,0,0],0,2,[0,-1,0,0,0,0],0,0},{'A',[0,0,-1,-2,1,2],2,0,[0,0,-1,0,1,0],1,0,[0,0,0,-1,0,1],1,1},{'A',[8,-2,0,-1,0,-1],2,0,[4,-1,0,0,0,0],1,1,[0,0,0,-1,0,-1],1,0},{'A',[8,-2,1,1,-1,-3],3,0,[8,-2,0,-1,0,-1],2,0,[0,0,1,2,-1,-2],2,0},{'A',[8,-2,-1,-3,1,1],3,0,[0,0,-1,-2,1,2],2,0,[8,-2,0,-1,0,-1],2,0},{'A',[-8,2,-3,-5,3,7],4,0,[8,-2,-1,-3,1,1],3,0,[-8,2,-1,-1,1,3],3,1},{'O',[-8,2,-3,-5,3,7],4,[-8,2,-3,-5,3,7],4,0}}
Adder graph: {{'A',[0,0,0,-2,0,1],1,0,[0,0,0,0,0,1],0,0,[0,0,0,-1,0,0],0,1},{'A',[0,0,0,1,0,1],1,0,[0,0,0,0,0,1],0,0,[0,0,0,1,0,0],0,0},{'A',[-4,1,0,0,0,0],1,0,[0,1,0,0,0,0],0,0,[-1,0,0,0,0,0],0,2},{'A',[0,0,-1,0,1,0],1,0,[0,0,0,0,1,0],0,0,[0,0,-1,0,0,0],0,0},{'A',[0,0,-1,1,1,1],2,0,[0,0,0,1,0,1],1,0,[0,0,-1,0,1,0],1,0},{'A',[0,0,-1,1,1,1],3,0,[0,0,-1,1,1,1],2,1,[0,0,1,-1,-1,-1],2,0},{'A',[-4,1,0,-4,0,2],2,0,[-4,1,0,0,0,0],1,0,[0,0,0,-2,0,1],1,1},{'A',[-8,2,1,-9,-1,3],3,0,[-4,1,0,-4,0,2],2,1,[0,0,1,-1,-1,-1],2,0},{'A',[-8,2,-3,-5,3,7],4,0,[-8,2,1,-9,-1,3],3,0,[0,0,-1,1,1,1],3,2},{'O',[-8,2,-3,-5,3,7],4,[-8,2,-3,-5,3,7],4,0}}
Adder graph: {{'A',[-2,0,0,0,0,1],1,0,[0,0,0,0,0,1],0,0,[-1,0,0,0,0,0],0,1},{'A',[0,-1,0,1,0,0],1,0,[0,0,0,1,0,0],0,0,[0,-1,0,0,0,0],0,0},{'A',[4,-1,0,1,0,-2],2,0,[0,-1,0,1,0,0],1,0,[2,0,0,0,0,-1],1,1},{'A',[8,-2,0,2,0,-4],3,0,[4,-1,0,1,0,-2],2,0,[4,-1,0,1,0,-2],2,0},{'A',[0,0,1,1,0,0],1,0,[0,0,1,0,0,0],0,0,[0,0,0,1,0,0],0,0},{'A',[0,0,0,0,1,1],1,0,[0,0,0,0,1,0],0,0,[0,0,0,0,0,1],0,0},{'A',[0,0,-1,-1,1,1],2,0,[0,0,0,0,1,1],1,0,[0,0,-1,-1,0,0],1,0},{'A',[0,0,-3,-3,3,3],3,0,[0,0,-1,-1,1,1],2,1,[0,0,-1,-1,1,1],2,0},{'A',[8,-2,3,5,-3,-7],4,0,[8,-2,0,2,0,-4],3,0,[0,0,3,3,-3,-3],3,0},{'O',[-8,2,-3,-5,3,7],4,[-8,2,-3,-5,3,7],4,0}}
Adder graph: {{'A',[0,0,-1,0,0,1],1,0,[0,0,0,0,0,1],0,0,[0,0,-1,0,0,0],0,0},{'A',[0,0,0,1,-1,0],1,0,[0,0,0,1,0,0],0,0,[0,0,0,0,-1,0],0,0},{'A',[0,1,0,-1,0,0],1,0,[0,1,0,0,0,0],0,0,[0,0,0,-1,0,0],0,0},{'A',[0,0,1,1,-1,-1],2,0,[0,0,0,1,-1,0],1,0,[0,0,1,0,0,-1],1,0},{'A',[-2,0,0,0,0,1],1,0,[0,0,0,0,0,1],0,0,[-1,0,0,0,0,0],0,1},{'A',[-4,1,0,-1,0,2],2,0,[0,1,0,-1,0,0],1,0,[-2,0,0,0,0,1],1,1},{'A',[4,-1,1,2,-1,-3],3,0,[0,0,1,1,-1,-1],2,0,[4,-1,0,1,0,-2],2,0},{'A',[0,0,1,1,-1,-1],3,1,[0,0,1,1,-1,-1],2,0,[0,0,1,1,-1,-1],2,0},{'A',[8,-2,3,5,-3,-7],4,0,[0,0,1,1,-1,-1],3,0,[4,-1,1,2,-1,-3],3,1},{'O',[-8,2,-3,-5,3,7],4,[-8,2,-3,-5,3,7],4,0}}
Finished solving after 52794.3 seconds
Adder graph: {{'A',[0,0,-1,0,0,1],1,0,[0,0,0,0,0,1],0,0,[0,0,-1,0,0,0],0,0},{'A',[0,0,0,1,-1,0],1,0,[0,0,0,1,0,0],0,0,[0,0,0,0,-1,0],0,0},{'A',[0,1,0,-1,0,0],1,0,[0,1,0,0,0,0],0,0,[0,0,0,-1,0,0],0,0},{'A',[0,0,1,1,-1,-1],2,0,[0,0,0,1,-1,0],1,0,[0,0,1,0,0,-1],1,0},{'A',[-2,0,0,0,0,1],1,0,[0,0,0,0,0,1],0,0,[-1,0,0,0,0,0],0,1},{'A',[-4,1,0,-1,0,2],2,0,[0,1,0,-1,0,0],1,0,[-2,0,0,0,0,1],1,1},{'A',[4,-1,1,2,-1,-3],3,0,[0,0,1,1,-1,-1],2,0,[4,-1,0,1,0,-2],2,0},{'A',[0,0,1,1,-1,-1],3,1,[0,0,1,1,-1,-1],2,0,[0,0,1,1,-1,-1],2,0},{'A',[8,-2,3,5,-3,-7],4,0,[0,0,1,1,-1,-1],3,0,[4,-1,1,2,-1,-3],3,1},{'O',[-8,2,-3,-5,3,7],4,[-8,2,-3,-5,3,7],4,0}}
#Add optimal = 1
#FAs optimal = 0
