Adder graph: {{'A',[0,0,1,1,0,0],1,0,[0,0,1,0,0,0],0,0,[0,0,0,1,0,0],0,0},{'A',[1,-8,0,0,0,0],1,0,[1,0,0,0,0,0],0,0,[0,-1,0,0,0,0],0,3},{'A',[-1,8,8,8,0,0],2,0,[0,0,1,1,0,0],1,3,[-1,8,0,0,0,0],1,0},{'A',[0,0,0,0,-1,2],1,0,[0,0,0,0,0,1],0,1,[0,0,0,0,-1,0],0,0},{'A',[0,1,4,0,0,0],1,0,[0,0,1,0,0,0],0,2,[0,1,0,0,0,0],0,0},{'A',[0,-1,-4,0,-1,2],2,0,[0,0,0,0,-1,2],1,0,[0,-1,-4,0,0,0],1,0},{'A',[0,-1,-4,0,-1,2],3,1,[0,-1,-4,0,-1,2],2,0,[0,-1,-4,0,-1,2],2,0},{'A',[-1,4,-8,8,-4,8],3,0,[-1,8,8,8,0,0],2,0,[0,-1,-4,0,-1,2],2,2},{'A',[1,-5,4,-8,3,-6],4,0,[0,-1,-4,0,-1,2],3,0,[1,-4,8,-8,4,-8],3,0},{'O',[1,-5,4,-8,3,-6],4,[1,-5,4,-8,3,-6],4,0}}
Adder graph: {{'A',[0,1,0,0,0,4],1,0,[0,0,0,0,0,1],0,2,[0,1,0,0,0,0],0,0},{'A',[0,0,0,0,1,2],1,0,[0,0,0,0,0,1],0,1,[0,0,0,0,1,0],0,0},{'A',[0,1,0,4,0,0],1,0,[0,0,0,1,0,0],0,2,[0,1,0,0,0,0],0,0},{'A',[0,1,0,0,-1,2],2,0,[0,1,0,0,0,4],1,0,[0,0,0,0,-1,-2],1,0},{'A',[0,-1,0,0,1,-2],3,0,[0,1,0,0,-1,2],2,0,[0,-1,0,0,1,-2],2,1},{'A',[1,0,4,0,0,0],1,0,[1,0,0,0,0,0],0,0,[0,0,1,0,0,0],0,2},{'A',[1,-2,4,-8,0,0],2,0,[1,0,4,0,0,0],1,0,[0,-1,0,-4,0,0],1,1},{'A',[-1,3,-4,8,-1,2],3,0,[0,1,0,0,-1,2],2,0,[-1,2,-4,8,0,0],2,0},{'A',[1,-5,4,-8,3,-6],4,0,[0,-1,0,0,1,-2],3,1,[1,-3,4,-8,1,-2],3,0},{'O',[1,-5,4,-8,3,-6],4,[1,-5,4,-8,3,-6],4,0}}
Adder graph: {{'A',[0,0,1,0,0,-1],1,0,[0,0,1,0,0,0],0,0,[0,0,0,0,0,-1],0,0},{'A',[0,1,0,0,-1,0],1,0,[0,1,0,0,0,0],0,0,[0,0,0,0,-1,0],0,0},{'A',[1,0,0,-8,0,0],1,0,[1,0,0,0,0,0],0,0,[0,0,0,-1,0,0],0,3},{'A',[0,1,1,0,0,0],1,0,[0,1,0,0,0,0],0,0,[0,0,1,0,0,0],0,0},{'A',[-1,2,2,8,0,0],2,0,[0,1,1,0,0,0],1,1,[-1,0,0,8,0,0],1,0},{'A',[-1,2,2,8,0,0],3,0,[-1,2,2,8,0,0],2,1,[1,-2,-2,-8,0,0],2,0},{'A',[0,1,-2,0,-1,2],2,0,[0,1,0,0,-1,0],1,0,[0,0,-1,0,0,1],1,1},{'A',[0,-3,6,0,3,-6],3,0,[0,1,-2,0,-1,2],2,0,[0,-1,2,0,1,-2],2,2},{'A',[-1,5,-4,8,-3,6],4,0,[-1,2,2,8,0,0],3,0,[0,3,-6,0,-3,6],3,0},{'O',[1,-5,4,-8,3,-6],4,[1,-5,4,-8,3,-6],4,0}}
Adder graph: {{'A',[1,1,0,0,0,0],1,0,[0,1,0,0,0,0],0,0,[1,0,0,0,0,0],0,0},{'A',[0,1,0,0,0,1],1,0,[0,1,0,0,0,0],0,0,[0,0,0,0,0,1],0,0},{'A',[0,0,0,2,-1,0],1,0,[0,0,0,1,0,0],0,1,[0,0,0,0,-1,0],0,0},{'A',[0,2,0,2,-1,2],2,0,[0,0,0,2,-1,0],1,0,[0,1,0,0,0,1],1,1},{'A',[0,0,-2,1,0,0],1,0,[0,0,0,1,0,0],0,0,[0,0,-1,0,0,0],0,1},{'A',[0,4,0,4,-2,4],3,0,[0,2,0,2,-1,2],2,0,[0,2,0,2,-1,2],2,0},{'A',[1,1,4,-2,0,0],2,0,[1,1,0,0,0,0],1,0,[0,0,2,-1,0,0],1,1},{'A',[1,-1,4,-4,1,-2],3,0,[1,1,4,-2,0,0],2,0,[0,-2,0,-2,1,-2],2,0},{'A',[-1,5,-4,8,-3,6],4,0,[0,4,0,4,-2,4],3,0,[-1,1,-4,4,-1,2],3,0},{'O',[1,-5,4,-8,3,-6],4,[1,-5,4,-8,3,-6],4,0}}
Adder graph: {{'A',[0,0,-1,2,0,0],1,0,[0,0,0,1,0,0],0,1,[0,0,-1,0,0,0],0,0},{'A',[0,0,0,0,0,1],1,0,[0,0,0,0,0,1],0,1,[0,0,0,0,0,-1],0,0},{'A',[0,-1,0,0,1,0],1,0,[0,0,0,0,1,0],0,0,[0,-1,0,0,0,0],0,0},{'A',[-1,2,0,0,0,0],1,0,[0,1,0,0,0,0],0,1,[-1,0,0,0,0,0],0,0},{'A',[0,1,0,0,-1,2],2,0,[0,0,0,0,0,1],1,1,[0,1,0,0,-1,0],1,0},{'A',[0,-3,0,0,3,-6],3,0,[0,1,0,0,-1,2],2,0,[0,-1,0,0,1,-2],2,2},{'A',[-1,2,-4,8,0,0],2,0,[-1,2,0,0,0,0],1,0,[0,0,-1,2,0,0],1,2},{'A',[-1,2,-4,8,0,0],3,1,[-1,2,-4,8,0,0],2,0,[-1,2,-4,8,0,0],2,0},{'A',[-1,5,-4,8,-3,6],4,0,[-1,2,-4,8,0,0],3,0,[0,3,0,0,-3,6],3,0},{'O',[1,-5,4,-8,3,-6],4,[1,-5,4,-8,3,-6],4,0}}
Adder graph: {{'A',[0,0,0,0,-1,2],1,0,[0,0,0,0,0,1],0,1,[0,0,0,0,-1,0],0,0},{'A',[-1,1,0,0,0,0],1,0,[0,1,0,0,0,0],0,0,[-1,0,0,0,0,0],0,0},{'A',[1,0,1,0,0,0],1,0,[1,0,0,0,0,0],0,0,[0,0,1,0,0,0],0,0},{'A',[0,1,0,1,0,0],1,0,[0,0,0,1,0,0],0,0,[0,1,0,0,0,0],0,0},{'A',[-1,1,0,0,1,-2],2,0,[-1,1,0,0,0,0],1,0,[0,0,0,0,1,-2],1,0},{'A',[-3,3,0,0,3,-6],3,0,[-1,1,0,0,1,-2],2,0,[-1,1,0,0,1,-2],2,1},{'A',[-1,2,-1,2,0,0],2,0,[0,1,0,1,0,0],1,1,[-1,0,-1,0,0,0],1,0},{'A',[-1,2,-1,2,0,0],3,1,[-1,2,-1,2,0,0],2,0,[-1,2,-1,2,0,0],2,0},{'A',[-1,5,-4,8,-3,6],4,0,[-1,2,-1,2,0,0],3,2,[3,-3,0,0,-3,6],3,0},{'O',[1,-5,4,-8,3,-6],4,[1,-5,4,-8,3,-6],4,0}}
Adder graph: {{'A',[1,0,1,0,0,0],1,0,[0,0,1,0,0,0],0,0,[1,0,0,0,0,0],0,0},{'A',[0,0,0,0,1,-2],1,0,[0,0,0,0,1,0],0,0,[0,0,0,0,0,-1],0,1},{'A',[-1,1,0,0,0,0],1,0,[0,1,0,0,0,0],0,0,[-1,0,0,0,0,0],0,0},{'A',[-1,1,0,0,1,-2],2,0,[0,0,0,0,1,-2],1,0,[-1,1,0,0,0,0],1,0},{'A',[0,1,0,1,0,0],1,0,[0,0,0,1,0,0],0,0,[0,1,0,0,0,0],0,0},{'A',[-1,1,0,0,1,-2],3,1,[-1,1,0,0,1,-2],2,0,[-1,1,0,0,1,-2],2,0},{'A',[-1,2,-1,2,0,0],2,0,[0,1,0,1,0,0],1,1,[-1,0,-1,0,0,0],1,0},{'A',[0,-1,1,-2,1,-2],3,0,[-1,1,0,0,1,-2],2,0,[1,-2,1,-2,0,0],2,0},{'A',[1,-5,4,-8,3,-6],4,0,[0,-1,1,-2,1,-2],3,2,[1,-1,0,0,-1,2],3,0},{'O',[1,-5,4,-8,3,-6],4,[1,-5,4,-8,3,-6],4,0}}
Finished solving after 54798.5 seconds
Adder graph: {{'A',[1,0,1,0,0,0],1,0,[0,0,1,0,0,0],0,0,[1,0,0,0,0,0],0,0},{'A',[0,0,0,0,1,-2],1,0,[0,0,0,0,1,0],0,0,[0,0,0,0,0,-1],0,1},{'A',[-1,1,0,0,0,0],1,0,[0,1,0,0,0,0],0,0,[-1,0,0,0,0,0],0,0},{'A',[-1,1,0,0,1,-2],2,0,[0,0,0,0,1,-2],1,0,[-1,1,0,0,0,0],1,0},{'A',[0,1,0,1,0,0],1,0,[0,0,0,1,0,0],0,0,[0,1,0,0,0,0],0,0},{'A',[-1,1,0,0,1,-2],3,1,[-1,1,0,0,1,-2],2,0,[-1,1,0,0,1,-2],2,0},{'A',[-1,2,-1,2,0,0],2,0,[0,1,0,1,0,0],1,1,[-1,0,-1,0,0,0],1,0},{'A',[0,-1,1,-2,1,-2],3,0,[-1,1,0,0,1,-2],2,0,[1,-2,1,-2,0,0],2,0},{'A',[1,-5,4,-8,3,-6],4,0,[0,-1,1,-2,1,-2],3,2,[1,-1,0,0,-1,2],3,0},{'O',[1,-5,4,-8,3,-6],4,[1,-5,4,-8,3,-6],4,0}}
#Add optimal = 1
#FAs optimal = 0
