Adder graph: {{'A',[-1,1],1,0,[0,1],0,0,[-1,0],0,0},{'A',[-1,5],2,0,[0,1],0,2,[-1,1],1,0},{'A',[33,-5],3,0,[1,0],0,5,[1,-5],2,0},{'A',[17,75],4,0,[-1,5],2,4,[33,-5],3,0},{'A',[145,-53],5,0,[17,75],4,0,[1,-1],1,7},{'A',[37,-9],4,0,[33,-5],3,0,[1,-1],1,2},{'A',[69,299],5,0,[17,75],4,2,[1,-1],1,0},{'A',[53,145],6,1,[69,299],5,0,[37,-9],4,0},{'O',[-145,53],5,[-145,53],5,0},{'O',[-53,-145],6,[-53,-145],6,0}}
Adder graph: {{'A',[1,-1],1,0,[1,0],0,0,[0,-1],0,0},{'A',[1,-5],2,0,[1,-1],1,0,[0,-1],0,2},{'A',[-1,-5],3,0,[1,-5],2,0,[-1,0],0,1},{'A',[17,75],4,0,[1,-5],2,0,[1,5],3,4},{'A',[17,-5],3,0,[1,-5],2,0,[1,0],0,4},{'A',[18,75],5,0,[17,75],4,0,[1,0],0,0},{'A',[53,145],6,0,[18,75],5,1,[17,-5],3,0},{'A',[145,-53],5,0,[17,75],4,0,[1,-1],1,7},{'O',[-145,53],5,[-145,53],5,0},{'O',[-53,-145],6,[-53,-145],6,0}}
Adder graph: {{'A',[1,-1],1,0,[1,0],0,0,[0,-1],0,0},{'A',[1,-5],2,0,[1,-1],1,0,[0,-1],0,2},{'A',[1,5],3,0,[1,0],0,1,[-1,5],2,0},{'A',[-1,-10],4,0,[1,0],0,0,[-1,-5],3,1},{'A',[17,75],4,0,[1,-5],2,0,[1,5],3,4},{'A',[145,-53],5,0,[17,75],4,0,[1,-1],1,7},{'A',[13,35],5,0,[17,75],4,0,[-1,-10],4,2},{'A',[53,145],6,0,[1,5],3,0,[13,35],5,2},{'O',[-145,53],5,[-145,53],5,0},{'O',[-53,-145],6,[-53,-145],6,0}}
Adder graph: {{'A',[0,5],1,0,[0,1],0,2,[0,1],0,0},{'A',[1,-5],2,0,[1,0],0,0,[0,-5],1,0},{'A',[-127,-5],3,0,[1,-5],2,0,[-1,0],0,7},{'A',[1,-3],3,0,[1,-5],2,0,[0,1],0,1},{'A',[17,-3],4,0,[1,-3],3,0,[1,0],0,4},{'A',[145,-53],5,0,[17,-3],4,4,[-127,-5],3,0},{'A',[85,-15],5,0,[17,-3],4,0,[17,-3],4,2},{'A',[53,145],6,0,[85,-15],5,0,[-1,5],2,5},{'O',[-145,53],5,[-145,53],5,0},{'O',[-53,-145],6,[-53,-145],6,0}}
Adder graph: {{'A',[1,1],1,0,[0,1],0,0,[1,0],0,0},{'A',[5,1],2,0,[1,1],1,0,[1,0],0,2},{'A',[-1,3],3,0,[1,1],1,2,[-5,-1],2,0},{'A',[-1,5],4,0,[0,1],0,1,[-1,3],3,0},{'A',[-129,5],5,0,[-1,5],4,0,[-1,0],0,7},{'A',[69,65],3,0,[5,1],2,0,[1,1],1,6},{'A',[-145,53],6,0,[-129,5],5,0,[-1,3],3,4},{'A',[53,145],5,0,[69,65],3,0,[-1,5],4,4},{'O',[-145,53],6,[-145,53],6,0},{'O',[-53,-145],5,[-53,-145],5,0}}
Adder graph: {{'A',[1,-1],1,0,[1,0],0,0,[0,-1],0,0},{'A',[1,-5],2,0,[1,-1],1,0,[0,-1],0,2},{'A',[65,-69],3,0,[1,-5],2,0,[1,-1],1,6},{'A',[-1,-1],2,0,[1,-1],1,0,[-1,0],0,1},{'A',[-5,-1],3,0,[-1,-1],2,0,[-1,0],0,2},{'A',[-3,-9],3,0,[1,-5],2,0,[-1,-1],2,2},{'A',[145,-53],4,0,[65,-69],3,0,[5,1],3,4},{'A',[-53,-145],4,0,[-5,-1],3,0,[-3,-9],3,4},{'O',[-145,53],4,[-145,53],4,0},{'O',[-53,-145],4,[-53,-145],4,0}}
Adder graph: {{'A',[1,1],1,0,[1,0],0,0,[0,1],0,0},{'A',[5,1],2,0,[1,1],1,0,[1,0],0,2},{'A',[-1,1],2,0,[1,1],1,0,[-1,0],0,1},{'A',[-1,5],3,0,[-1,1],2,0,[0,1],0,2},{'A',[-11,81],4,0,[5,1],2,0,[-1,5],3,4},{'A',[-81,-11],4,0,[-1,5],3,0,[-5,-1],2,4},{'A',[-145,53],5,0,[-81,-11],4,0,[-1,1],2,6},{'A',[53,145],5,0,[-11,81],4,0,[1,1],1,6},{'O',[-145,53],5,[-145,53],5,0},{'O',[-53,-145],5,[-53,-145],5,0}}
Finished solving after 113651 seconds
Adder graph: {{'A',[1,1],1,0,[1,0],0,0,[0,1],0,0},{'A',[5,1],2,0,[1,1],1,0,[1,0],0,2},{'A',[-1,1],2,0,[1,1],1,0,[-1,0],0,1},{'A',[-1,5],3,0,[-1,1],2,0,[0,1],0,2},{'A',[-11,81],4,0,[5,1],2,0,[-1,5],3,4},{'A',[-81,-11],4,0,[-1,5],3,0,[-5,-1],2,4},{'A',[-145,53],5,0,[-81,-11],4,0,[-1,1],2,6},{'A',[53,145],5,0,[-11,81],4,0,[1,1],1,6},{'O',[-145,53],5,[-145,53],5,0},{'O',[-53,-145],5,[-53,-145],5,0}}
#Add optimal = 0
#FAs optimal = 0
