Adder graph: {{'A',[-1,2],1,0,[0,1],0,1,[-1,0],0,0},{'A',[-2,3],2,0,[-1,2],1,1,[0,-1],0,0},{'A',[14,-21],3,0,[-2,3],2,0,[2,-3],2,3},{'A',[-18,3],3,0,[-2,3],2,0,[-1,0],0,4},{'A',[130,-171],4,0,[14,-21],3,3,[18,-3],3,0},{'A',[29,-44],4,0,[14,-21],3,1,[1,-2],1,0},{'A',[-43,-32],5,0,[-18,3],3,2,[29,-44],4,0},{'A',[-171,-130],6,0,[-43,-32],5,2,[1,-2],1,0},{'O',[-171,-130],6,[-171,-130],6,0},{'O',[130,-171],4,[130,-171],4,0}}
Adder graph: {{'A',[65,0],1,0,[1,0],0,0,[1,0],0,6},{'A',[0,65],1,0,[0,1],0,0,[0,1],0,6},{'A',[57,0],2,0,[65,0],1,0,[-1,0],0,3},{'A',[57,65],3,0,[57,0],2,0,[0,65],1,0},{'A',[171,130],4,0,[57,0],2,0,[57,65],3,1},{'A',[0,57],2,0,[0,65],1,0,[0,-1],0,3},{'A',[0,-171],3,0,[0,57],2,0,[0,-57],2,2},{'A',[130,-171],4,0,[0,-171],3,0,[65,0],1,1},{'O',[-171,-130],4,[-171,-130],4,0},{'O',[130,-171],4,[130,-171],4,0}}
Adder graph: {{'A',[0,65],1,0,[0,1],0,0,[0,1],0,6},{'A',[65,0],1,0,[1,0],0,0,[1,0],0,6},{'A',[0,57],2,0,[0,65],1,0,[0,-1],0,3},{'A',[0,-171],3,0,[0,57],2,0,[0,-57],2,2},{'A',[130,-171],4,0,[65,0],1,1,[0,-171],3,0},{'A',[57,0],2,0,[65,0],1,0,[-1,0],0,3},{'A',[-171,0],3,0,[57,0],2,0,[-57,0],2,2},{'A',[-171,-130],4,0,[-171,0],3,0,[0,-65],1,1},{'O',[-171,-130],4,[-171,-130],4,0},{'O',[130,-171],4,[130,-171],4,0}}
Adder graph: {{'A',[0,-3],1,0,[0,1],0,0,[0,-1],0,2},{'A',[2,-3],2,0,[0,-3],1,0,[1,0],0,1},{'A',[130,-195],3,0,[2,-3],2,6,[2,-3],2,0},{'A',[-130,171],4,0,[0,-3],1,3,[-130,195],3,0},{'A',[-8,13],3,0,[0,1],0,0,[-2,3],2,2},{'A',[-69,104],4,1,[-8,13],3,0,[-130,195],3,0},{'A',[-85,130],5,0,[-69,104],4,0,[-8,13],3,1},{'A',[171,130],6,0,[1,0],0,8,[-85,130],5,0},{'O',[-171,-130],6,[-171,-130],6,0},{'O',[130,-171],4,[130,-171],4,0}}
Adder graph: {{'A',[-3,0],1,0,[1,0],0,0,[-1,0],0,2},{'A',[-3,-2],2,0,[-3,0],1,0,[0,-1],0,1},{'A',[21,16],3,0,[-3,0],1,0,[3,2],2,3},{'A',[171,130],4,0,[21,16],3,3,[3,2],2,0},{'A',[-51,-34],3,0,[-3,-2],2,4,[-3,-2],2,0},{'A',[-26,-17],4,1,[-51,-34],3,0,[-1,0],0,0},{'A',[-26,47],5,0,[-26,-17],4,0,[0,1],0,6},{'A',[-130,171],6,0,[-26,-17],4,0,[-26,47],5,2},{'O',[-171,-130],4,[-171,-130],4,0},{'O',[130,-171],6,[130,-171],6,0}}
Adder graph: {{'A',[-3,0],1,0,[1,0],0,0,[-1,0],0,2},{'A',[-3,-2],2,0,[-3,0],1,0,[0,-1],0,1},{'A',[-21,-16],3,0,[-3,-2],2,3,[3,0],1,0},{'A',[-171,-130],4,0,[-21,-16],3,3,[-3,-2],2,0},{'A',[0,3],1,0,[0,1],0,1,[0,1],0,0},{'A',[-2,3],2,0,[0,3],1,0,[-1,0],0,1},{'A',[2,21],3,0,[0,3],1,3,[2,-3],2,0},{'A',[-130,171],4,0,[-2,3],2,6,[-2,-21],3,0},{'O',[-171,-130],4,[-171,-130],4,0},{'O',[130,-171],4,[130,-171],4,0}}
Adder graph: {{'A',[-3,0],1,0,[1,0],0,0,[-1,0],0,2},{'A',[-3,-2],2,0,[-3,0],1,0,[0,-1],0,1},{'A',[-195,-130],3,0,[-3,-2],2,6,[-3,-2],2,0},{'A',[171,130],4,0,[-3,0],1,3,[195,130],3,0},{'A',[0,-3],1,0,[0,1],0,0,[0,-1],0,2},{'A',[2,-3],2,0,[0,-3],1,0,[1,0],0,1},{'A',[2,21],3,0,[2,-3],2,0,[0,3],1,3},{'A',[130,-171],4,0,[2,-3],2,6,[2,21],3,0},{'O',[-171,-130],4,[-171,-130],4,0},{'O',[130,-171],4,[130,-171],4,0}}
Adder graph: {{'A',[3,0],1,0,[1,0],0,2,[-1,0],0,0},{'A',[3,2],2,0,[3,0],1,0,[0,1],0,1},{'A',[-21,2],3,0,[3,2],2,0,[-3,0],1,3},{'A',[171,130],4,0,[3,2],2,6,[-21,2],3,0},{'A',[0,3],1,0,[0,1],0,1,[0,1],0,0},{'A',[-2,3],2,0,[0,3],1,0,[-1,0],0,1},{'A',[2,21],3,0,[0,3],1,3,[2,-3],2,0},{'A',[130,-171],4,0,[2,21],3,0,[2,-3],2,6},{'O',[-171,-130],4,[-171,-130],4,0},{'O',[130,-171],4,[130,-171],4,0}}
Adder graph: {{'A',[2,1],1,0,[0,1],0,0,[1,0],0,1},{'A',[-3,0],1,0,[1,0],0,0,[-1,0],0,2},{'A',[-3,-2],2,0,[1,0],0,0,[-2,-1],1,1},{'A',[26,17],3,0,[2,1],1,0,[3,2],2,3},{'A',[21,-2],3,0,[-3,-2],2,0,[3,0],1,3},{'A',[26,-47],4,0,[26,17],3,0,[0,-1],0,6},{'A',[130,-171],5,0,[26,-47],4,2,[26,17],3,0},{'A',[-171,-130],4,0,[-3,-2],2,6,[21,-2],3,0},{'O',[-171,-130],4,[-171,-130],4,0},{'O',[130,-171],5,[130,-171],5,0}}
Adder graph: {{'A',[3,0],1,0,[1,0],0,0,[1,0],0,1},{'A',[3,2],2,0,[3,0],1,0,[0,1],0,1},{'A',[-21,2],3,0,[3,2],2,0,[-3,0],1,3},{'A',[171,130],4,0,[-21,2],3,0,[3,2],2,6},{'A',[0,3],1,0,[0,1],0,2,[0,-1],0,0},{'A',[2,-3],2,0,[1,0],0,1,[0,-3],1,0},{'A',[2,21],3,0,[0,3],1,3,[2,-3],2,0},{'A',[130,-171],4,0,[2,21],3,0,[2,-3],2,6},{'O',[-171,-130],4,[-171,-130],4,0},{'O',[130,-171],4,[130,-171],4,0}}
Adder graph: {{'A',[-3,0],1,0,[1,0],0,0,[-1,0],0,2},{'A',[3,2],2,0,[0,1],0,1,[3,0],1,0},{'A',[-21,2],3,0,[3,2],2,0,[-3,0],1,3},{'A',[171,130],4,0,[-21,2],3,0,[3,2],2,6},{'A',[0,3],1,0,[0,1],0,2,[0,-1],0,0},{'A',[-2,3],2,0,[0,3],1,0,[-1,0],0,1},{'A',[-2,-21],3,0,[-2,3],2,0,[0,-3],1,3},{'A',[-130,171],4,0,[-2,-21],3,0,[-2,3],2,6},{'O',[-171,-130],4,[-171,-130],4,0},{'O',[130,-171],4,[130,-171],4,0}}
Adder graph: {{'A',[0,-3],1,0,[0,1],0,0,[0,-1],0,2},{'A',[2,-3],2,0,[1,0],0,1,[0,-3],1,0},{'A',[2,21],3,0,[2,-3],2,0,[0,3],1,3},{'A',[130,-171],4,0,[2,-3],2,6,[2,21],3,0},{'A',[3,0],1,0,[1,0],0,2,[-1,0],0,0},{'A',[3,2],2,0,[0,1],0,1,[3,0],1,0},{'A',[-21,2],3,0,[3,2],2,0,[-3,0],1,3},{'A',[171,130],4,0,[3,2],2,6,[-21,2],3,0},{'O',[-171,-130],4,[-171,-130],4,0},{'O',[130,-171],4,[130,-171],4,0}}
Adder graph: {{'A',[3,0],1,0,[1,0],0,0,[1,0],0,1},{'A',[3,2],2,0,[0,1],0,1,[3,0],1,0},{'A',[-21,2],3,0,[3,2],2,0,[-3,0],1,3},{'A',[0,-3],1,0,[0,1],0,0,[0,-1],0,2},{'A',[171,130],4,0,[-21,2],3,0,[3,2],2,6},{'A',[2,-3],2,0,[0,-3],1,0,[1,0],0,1},{'A',[2,21],3,0,[2,-3],2,0,[0,3],1,3},{'A',[130,-171],4,0,[2,-3],2,6,[2,21],3,0},{'O',[-171,-130],4,[-171,-130],4,0},{'O',[130,-171],4,[130,-171],4,0}}
Adder graph: {{'A',[0,-3],1,0,[0,1],0,0,[0,-1],0,2},{'A',[2,-3],2,0,[0,-3],1,0,[1,0],0,1},{'A',[2,21],3,0,[2,-3],2,0,[0,3],1,3},{'A',[130,-171],4,0,[2,21],3,0,[2,-3],2,6},{'A',[-3,0],1,0,[1,0],0,0,[-1,0],0,2},{'A',[-3,-2],2,0,[-3,0],1,0,[0,-1],0,1},{'A',[21,-2],3,0,[-3,-2],2,0,[3,0],1,3},{'A',[-171,-130],4,0,[21,-2],3,0,[-3,-2],2,6},{'O',[-171,-130],4,[-171,-130],4,0},{'O',[130,-171],4,[130,-171],4,0}}
Finished solving after 99938.8 seconds
Adder graph: {{'A',[0,-3],1,0,[0,1],0,0,[0,-1],0,2},{'A',[2,-3],2,0,[0,-3],1,0,[1,0],0,1},{'A',[2,21],3,0,[2,-3],2,0,[0,3],1,3},{'A',[130,-171],4,0,[2,21],3,0,[2,-3],2,6},{'A',[-3,0],1,0,[1,0],0,0,[-1,0],0,2},{'A',[-3,-2],2,0,[-3,0],1,0,[0,-1],0,1},{'A',[21,-2],3,0,[-3,-2],2,0,[3,0],1,3},{'A',[-171,-130],4,0,[21,-2],3,0,[-3,-2],2,6},{'O',[-171,-130],4,[-171,-130],4,0},{'O',[130,-171],4,[130,-171],4,0}}
#Add optimal = 0
#FAs optimal = 0
