Adder graph: {{'A',[1,1],1,0,[0,1],0,0,[1,0],0,0},{'A',[-63,-64],2,0,[1,0],0,0,[-1,-1],1,6},{'A',[189,192],3,0,[-63,-64],2,0,[63,64],2,2},{'A',[-1,1],1,0,[0,1],0,0,[-1,0],0,0},{'A',[16,-15],2,0,[0,1],0,0,[1,-1],1,4},{'A',[173,176],4,0,[189,192],3,0,[-1,-1],1,4},{'A',[48,-45],3,0,[16,-15],2,0,[16,-15],2,1},{'A',[-176,173],4,0,[-1,1],1,7,[-48,45],3,0},{'O',[-176,173],4,[-176,173],4,0},{'O',[-173,-176],4,[-173,-176],4,0}}
Adder graph: {{'A',[1,-1],1,0,[1,0],0,0,[0,-1],0,0},{'A',[64,-63],2,0,[0,1],0,0,[1,-1],1,6},{'A',[1,1],2,0,[1,0],0,1,[-1,1],1,0},{'A',[80,-79],3,0,[1,-1],1,4,[64,-63],2,0},{'A',[-15,-16],3,0,[1,0],0,0,[-1,-1],2,4},{'A',[-45,-48],4,0,[-15,-16],3,2,[15,16],3,0},{'A',[-176,173],4,0,[80,-79],3,0,[-64,63],2,2},{'A',[-173,-176],5,0,[-45,-48],4,0,[-1,-1],2,7},{'O',[-176,173],4,[-176,173],4,0},{'O',[-173,-176],5,[-173,-176],5,0}}
Adder graph: {{'A',[-1,1],1,0,[0,1],0,0,[-1,0],0,0},{'A',[1,1],2,0,[1,0],0,1,[-1,1],1,0},{'A',[-15,-16],3,0,[1,0],0,0,[-1,-1],2,4},{'A',[64,-63],2,0,[0,1],0,0,[1,-1],1,6},{'A',[-47,-48],4,0,[-15,-16],3,0,[-1,-1],2,5},{'A',[173,176],5,0,[-15,-16],3,0,[47,48],4,2},{'A',[48,-47],3,0,[-1,1],1,4,[64,-63],2,0},{'A',[176,-173],4,0,[64,-63],2,1,[48,-47],3,0},{'O',[-176,173],4,[-176,173],4,0},{'O',[-173,-176],5,[-173,-176],5,0}}
Adder graph: {{'A',[1,1],1,0,[1,0],0,0,[0,1],0,0},{'A',[1,-1],2,0,[1,1],1,0,[0,-1],0,1},{'A',[16,-15],3,0,[0,1],0,0,[1,-1],2,4},{'A',[15,16],2,0,[1,1],1,4,[-1,0],0,0},{'A',[45,48],3,0,[15,16],2,1,[15,16],2,0},{'A',[173,176],4,0,[45,48],3,0,[1,1],1,7},{'A',[-48,45],4,0,[16,-15],3,0,[-16,15],3,2},{'A',[-176,173],5,0,[-48,45],4,0,[-1,1],2,7},{'O',[-176,173],5,[-176,173],5,0},{'O',[-173,-176],4,[-173,-176],4,0}}
Adder graph: {{'A',[-1,1],1,0,[0,1],0,0,[-1,0],0,0},{'A',[-1,-1],2,0,[-1,1],1,0,[0,-1],0,1},{'A',[16,-15],2,0,[0,1],0,0,[1,-1],1,4},{'A',[-15,-16],3,0,[-1,-1],2,4,[1,0],0,0},{'A',[113,112],4,0,[-15,-16],3,0,[1,1],2,7},{'A',[173,176],5,0,[113,112],4,0,[15,16],3,2},{'A',[48,-45],3,0,[16,-15],2,2,[-16,15],2,0},{'A',[176,-173],4,0,[48,-45],3,0,[1,-1],1,7},{'O',[-176,173],4,[-176,173],4,0},{'O',[-173,-176],5,[-173,-176],5,0}}
Adder graph: {{'A',[1,-1],1,0,[1,0],0,0,[0,-1],0,0},{'A',[-1,-1],2,0,[1,-1],1,0,[-1,0],0,1},{'A',[-15,-16],3,0,[-1,-1],2,4,[1,0],0,0},{'A',[16,-15],2,0,[0,1],0,0,[1,-1],1,4},{'A',[48,-47],3,0,[16,-15],2,0,[1,-1],1,5},{'A',[45,48],4,0,[-15,-16],3,0,[15,16],3,2},{'A',[-176,173],4,0,[16,-15],2,0,[-48,47],3,2},{'A',[173,176],5,0,[45,48],4,0,[1,1],2,7},{'O',[-176,173],4,[-176,173],4,0},{'O',[-173,-176],5,[-173,-176],5,0}}
Adder graph: {{'A',[1,-1],1,0,[1,0],0,0,[0,-1],0,0},{'A',[-1,-1],2,0,[1,-1],1,0,[-1,0],0,1},{'A',[-15,-16],3,0,[-1,-1],2,4,[1,0],0,0},{'A',[16,-15],2,0,[1,-1],1,4,[0,1],0,0},{'A',[48,-45],3,0,[16,-15],2,0,[16,-15],2,1},{'A',[176,-173],4,0,[1,-1],1,7,[48,-45],3,0},{'A',[45,48],4,0,[-15,-16],3,0,[15,16],3,2},{'A',[173,176],5,0,[45,48],4,0,[1,1],2,7},{'O',[-176,173],4,[-176,173],4,0},{'O',[-173,-176],5,[-173,-176],5,0}}
Adder graph: {{'A',[1,1],1,0,[1,0],0,0,[0,1],0,0},{'A',[-15,-16],2,0,[1,0],0,0,[-1,-1],1,4},{'A',[1,-1],2,0,[1,1],1,0,[0,-1],0,1},{'A',[45,48],3,0,[-15,-16],2,0,[15,16],2,2},{'A',[16,-15],3,0,[0,1],0,0,[1,-1],2,4},{'A',[-48,45],4,0,[16,-15],3,0,[-16,15],3,2},{'A',[173,176],4,0,[45,48],3,0,[1,1],1,7},{'A',[-176,173],5,0,[-48,45],4,0,[-1,1],2,7},{'O',[-176,173],5,[-176,173],5,0},{'O',[-173,-176],4,[-173,-176],4,0}}
Finished solving after 98415.3 seconds
Adder graph: {{'A',[1,1],1,0,[1,0],0,0,[0,1],0,0},{'A',[-15,-16],2,0,[1,0],0,0,[-1,-1],1,4},{'A',[1,-1],2,0,[1,1],1,0,[0,-1],0,1},{'A',[45,48],3,0,[-15,-16],2,0,[15,16],2,2},{'A',[16,-15],3,0,[0,1],0,0,[1,-1],2,4},{'A',[-48,45],4,0,[16,-15],3,0,[-16,15],3,2},{'A',[173,176],4,0,[45,48],3,0,[1,1],1,7},{'A',[-176,173],5,0,[-48,45],4,0,[-1,1],2,7},{'O',[-176,173],5,[-176,173],5,0},{'O',[-173,-176],4,[-173,-176],4,0}}
#Add optimal = 0
#FAs optimal = 0
