Adder graph: {{'A',[0,-15],1,0,[0,1],0,0,[0,-1],0,4},{'A',[4,15],2,0,[1,0],0,2,[0,15],1,0},{'A',[31,120],3,0,[4,15],2,3,[-1,0],0,0},{'A',[-31,-180],4,0,[0,-15],1,2,[-31,-120],3,0},{'A',[12,15],3,0,[1,0],0,3,[4,15],2,0},{'A',[-12,1],4,0,[0,1],0,4,[-12,-15],3,0},{'A',[-180,31],5,0,[12,15],3,0,[-12,1],4,4},{'O',[-180,31],5,[-180,31],5,0},{'O',[-31,-180],4,[-31,-180],4,0}}
Adder graph: {{'A',[0,15],1,0,[0,1],0,4,[0,-1],0,0},{'A',[1,-120],2,0,[1,0],0,0,[0,-15],1,3},{'A',[8,15],2,0,[1,0],0,3,[0,15],1,0},{'A',[31,180],3,0,[8,15],2,2,[-1,120],2,0},{'A',[12,15],3,0,[1,0],0,2,[8,15],2,0},{'A',[12,271],4,0,[0,1],0,8,[12,15],3,0},{'A',[-180,31],5,0,[12,271],4,0,[-12,-15],3,4},{'O',[-180,31],5,[-180,31],5,0},{'O',[-31,-180],3,[-31,-180],3,0}}
Adder graph: {{'A',[-15,0],1,0,[1,0],0,0,[-1,0],0,4},{'A',[-15,8],2,0,[0,1],0,3,[-15,0],1,0},{'A',[60,-31],3,0,[0,1],0,0,[15,-8],2,2},{'A',[180,-31],4,0,[60,-31],3,0,[15,0],1,3},{'A',[4,1],1,0,[1,0],0,2,[0,1],0,0},{'A',[-271,-56],3,0,[-15,8],2,0,[-4,-1],1,6},{'A',[-31,-180],4,0,[-271,-56],3,0,[60,-31],3,2},{'O',[-180,31],4,[-180,31],4,0},{'O',[-31,-180],4,[-31,-180],4,0}}
Adder graph: {{'A',[-15,0],1,0,[1,0],0,0,[-1,0],0,4},{'A',[-15,8],2,0,[-15,0],1,0,[0,1],0,3},{'A',[-15,12],3,0,[-15,8],2,0,[0,1],0,2},{'A',[60,-31],3,0,[0,1],0,0,[15,-8],2,2},{'A',[225,-180],4,0,[-15,12],3,0,[15,-12],3,4},{'A',[-31,-180],5,0,[225,-180],4,0,[-1,0],0,8},{'A',[180,-31],4,0,[60,-31],3,0,[15,0],1,3},{'O',[-180,31],4,[-180,31],4,0},{'O',[-31,-180],5,[-31,-180],5,0}}
Adder graph: {{'A',[1,4],1,0,[1,0],0,0,[0,1],0,2},{'A',[1,-60],2,0,[1,4],1,0,[0,-1],0,6},{'A',[-4,-15],2,0,[0,1],0,0,[-1,-4],1,2},{'A',[-31,-180],3,0,[1,-60],2,0,[-4,-15],2,3},{'A',[-12,-15],3,0,[-4,-15],2,0,[-1,0],0,3},{'A',[180,225],4,0,[-12,-15],3,0,[12,15],3,4},{'A',[180,-31],5,0,[180,225],4,0,[0,-1],0,8},{'O',[-180,31],5,[-180,31],5,0},{'O',[-31,-180],3,[-31,-180],3,0}}
Adder graph: {{'A',[1,4],1,0,[1,0],0,0,[0,1],0,2},{'A',[-4,-15],2,0,[0,1],0,0,[-1,-4],1,2},{'A',[1,-60],2,0,[1,4],1,0,[0,-1],0,6},{'A',[-31,-180],3,0,[1,-60],2,0,[-4,-15],2,3},{'A',[-12,-15],3,0,[-4,-15],2,0,[-1,0],0,3},{'A',[-12,1],4,0,[-12,-15],3,0,[0,1],0,4},{'A',[180,-31],5,0,[-12,-15],3,0,[12,-1],4,4},{'O',[-180,31],5,[-180,31],5,0},{'O',[-31,-180],3,[-31,-180],3,0}}
Finished solving after 65822.3 seconds
Adder graph: {{'A',[1,4],1,0,[1,0],0,0,[0,1],0,2},{'A',[-4,-15],2,0,[0,1],0,0,[-1,-4],1,2},{'A',[1,-60],2,0,[1,4],1,0,[0,-1],0,6},{'A',[-31,-180],3,0,[1,-60],2,0,[-4,-15],2,3},{'A',[-12,-15],3,0,[-4,-15],2,0,[-1,0],0,3},{'A',[-12,1],4,0,[-12,-15],3,0,[0,1],0,4},{'A',[180,-31],5,0,[-12,-15],3,0,[12,-1],4,4},{'O',[-180,31],5,[-180,31],5,0},{'O',[-31,-180],3,[-31,-180],3,0}}
#Add optimal = 1
#FAs optimal = 0
