Adder graph: {{'A',[1,4],1,0,[1,0],0,0,[0,1],0,2},{'A',[15,60],2,0,[1,4],1,4,[-1,-4],1,0},{'A',[1,32],1,0,[0,1],0,5,[1,0],0,0},{'A',[60,239],3,0,[15,60],2,2,[0,-1],0,0},{'A',[63,-32],2,0,[1,0],0,6,[-1,-32],1,0},{'A',[-64,1],1,0,[0,1],0,0,[-1,0],0,6},{'A',[188,237],4,0,[60,239],3,0,[64,-1],1,1},{'A',[237,-188],3,0,[63,-32],2,2,[-15,-60],2,0},{'O',[-188,-237],4,[-188,-237],4,0},{'O',[237,-188],3,[237,-188],3,0}}
Adder graph: {{'A',[-63,0],1,0,[1,0],0,0,[-1,0],0,6},{'A',[504,1],2,0,[0,1],0,0,[63,0],1,3},{'A',[-63,64],2,0,[0,1],0,6,[-63,0],1,0},{'A',[-79,64],3,0,[-63,64],2,0,[-1,0],0,4},{'A',[504,-15],3,0,[504,1],2,0,[0,-1],0,4},{'A',[79,-63],4,0,[0,1],0,0,[79,-64],3,0},{'A',[237,-188],5,0,[79,-63],4,2,[-79,64],3,0},{'A',[-188,-237],5,0,[79,-63],4,2,[-504,15],3,0},{'O',[-188,-237],5,[-188,-237],5,0},{'O',[237,-188],5,[237,-188],5,0}}
Adder graph: {{'A',[0,-63],1,0,[0,1],0,0,[0,-1],0,6},{'A',[3,0],1,0,[1,0],0,0,[1,0],0,1},{'A',[0,-79],2,0,[0,-63],1,0,[0,-1],0,4},{'A',[-64,-79],3,0,[0,-79],2,0,[-1,0],0,6},{'A',[-60,-79],4,0,[-64,-79],3,0,[1,0],0,2},{'A',[60,-47],5,0,[0,-63],1,1,[60,79],4,0},{'A',[237,-188],6,0,[60,-47],5,2,[-3,0],1,0},{'A',[-188,-237],5,0,[-60,-79],4,0,[-64,-79],3,1},{'O',[-188,-237],5,[-188,-237],5,0},{'O',[237,-188],6,[237,-188],6,0}}
Adder graph: {{'A',[1,-1],1,0,[1,0],0,0,[0,-1],0,0},{'A',[3,-4],2,0,[1,-1],1,2,[-1,0],0,0},{'A',[1,15],2,0,[1,-1],1,0,[0,1],0,4},{'A',[3,4],3,0,[3,-4],2,0,[0,1],0,3},{'A',[-191,-241],4,0,[1,15],2,0,[-3,-4],3,6},{'A',[-189,252],3,0,[3,-4],2,0,[-3,4],2,6},{'A',[-188,-237],5,0,[-191,-241],4,0,[3,4],3,0},{'A',[237,-188],4,0,[3,4],3,4,[189,-252],3,0},{'O',[-188,-237],5,[-188,-237],5,0},{'O',[237,-188],4,[237,-188],4,0}}
Adder graph: {{'A',[-4,1],1,0,[0,1],0,0,[-1,0],0,2},{'A',[-5,1],2,0,[-4,1],1,0,[-1,0],0,0},{'A',[-4,3],2,0,[0,1],0,1,[-4,1],1,0},{'A',[257,-192],3,0,[1,0],0,0,[4,-3],2,6},{'A',[4,3],2,0,[0,1],0,2,[4,-1],1,0},{'A',[237,-188],4,0,[257,-192],3,0,[-5,1],2,2},{'A',[-252,-189],3,0,[4,3],2,0,[-4,-3],2,6},{'A',[-188,-237],4,0,[-252,-189],3,0,[4,-3],2,4},{'O',[-188,-237],4,[-188,-237],4,0},{'O',[237,-188],4,[237,-188],4,0}}
Adder graph: {{'A',[1,-1],1,0,[1,0],0,0,[0,-1],0,0},{'A',[4,-3],2,0,[0,1],0,0,[1,-1],1,2},{'A',[4,3],3,0,[1,0],0,3,[-4,3],2,0},{'A',[5,-1],2,0,[1,-1],1,0,[1,0],0,2},{'A',[12,15],4,0,[4,3],3,2,[-4,3],2,0},{'A',[-59,47],3,0,[5,-1],2,0,[-4,3],2,4},{'A',[-188,-237],5,0,[4,3],3,0,[-12,-15],4,4},{'A',[237,-188],4,0,[1,0],0,0,[59,-47],3,2},{'O',[-188,-237],5,[-188,-237],5,0},{'O',[237,-188],4,[237,-188],4,0}}
Adder graph: {{'A',[1,4],1,0,[1,0],0,0,[0,1],0,2},{'A',[1,5],2,0,[0,1],0,0,[1,4],1,0},{'A',[3,4],2,0,[1,0],0,1,[1,4],1,0},{'A',[-47,-59],3,0,[1,5],2,0,[-3,-4],2,4},{'A',[3,-4],3,0,[3,4],2,0,[0,-1],0,3},{'A',[-45,-68],4,0,[3,-4],3,0,[-3,-4],2,4},{'A',[-237,188],5,0,[-45,-68],4,0,[-3,4],3,6},{'A',[-188,-237],4,0,[-47,-59],3,2,[0,-1],0,0},{'O',[-188,-237],4,[-188,-237],4,0},{'O',[237,-188],5,[237,-188],5,0}}
Adder graph: {{'A',[-15,0],1,0,[1,0],0,0,[-1,0],0,4},{'A',[-1,1],1,0,[0,1],0,0,[-1,0],0,0},{'A',[-19,4],2,0,[-15,0],1,0,[-1,1],1,2},{'A',[-4,3],2,0,[-1,1],1,2,[0,-1],0,0},{'A',[4,3],3,0,[-4,3],2,0,[1,0],0,3},{'A',[68,-45],4,0,[4,3],3,0,[4,-3],2,4},{'A',[237,-188],3,0,[-19,4],2,0,[4,-3],2,6},{'A',[-188,-237],5,0,[68,-45],4,0,[-4,-3],3,6},{'O',[-188,-237],5,[-188,-237],5,0},{'O',[237,-188],3,[237,-188],3,0}}
Adder graph: {{'A',[1,1],1,0,[1,0],0,0,[0,1],0,0},{'A',[3,4],2,0,[1,1],1,2,[-1,0],0,0},{'A',[-4,-3],2,0,[0,1],0,0,[-1,-1],1,2},{'A',[3,-4],3,0,[3,4],2,0,[0,-1],0,3},{'A',[-45,-68],4,0,[3,-4],3,0,[-3,-4],2,4},{'A',[-237,188],5,0,[-45,-68],4,0,[-3,4],3,6},{'A',[-4,-19],3,0,[-4,-3],2,0,[0,-1],0,4},{'A',[188,237],4,0,[-4,-19],3,0,[3,4],2,6},{'O',[-188,-237],4,[-188,-237],4,0},{'O',[237,-188],5,[237,-188],5,0}}
Adder graph: {{'A',[1,1],1,0,[1,0],0,0,[0,1],0,0},{'A',[0,-15],1,0,[0,1],0,0,[0,-1],0,4},{'A',[-3,-4],2,0,[1,0],0,0,[-1,-1],1,2},{'A',[-4,-19],2,0,[0,-15],1,0,[-1,-1],1,2},{'A',[188,237],3,0,[-4,-19],2,0,[3,4],2,6},{'A',[-3,4],3,0,[-3,-4],2,0,[0,1],0,3},{'A',[45,68],4,0,[-3,4],3,0,[3,4],2,4},{'A',[237,-188],5,0,[45,68],4,0,[3,-4],3,6},{'O',[-188,-237],3,[-188,-237],3,0},{'O',[237,-188],5,[237,-188],5,0}}
Finished solving after 102329 seconds
Adder graph: {{'A',[1,1],1,0,[1,0],0,0,[0,1],0,0},{'A',[0,-15],1,0,[0,1],0,0,[0,-1],0,4},{'A',[-3,-4],2,0,[1,0],0,0,[-1,-1],1,2},{'A',[-4,-19],2,0,[0,-15],1,0,[-1,-1],1,2},{'A',[188,237],3,0,[-4,-19],2,0,[3,4],2,6},{'A',[-3,4],3,0,[-3,-4],2,0,[0,1],0,3},{'A',[45,68],4,0,[-3,4],3,0,[3,4],2,4},{'A',[237,-188],5,0,[45,68],4,0,[3,-4],3,6},{'O',[-188,-237],3,[-188,-237],3,0},{'O',[237,-188],5,[237,-188],5,0}}
#Add optimal = 0
#FAs optimal = 0
