Adder graph: {{'A',[-1,1],1,0,[0,1],0,0,[-1,0],0,0},{'A',[-65,65],2,0,[-1,1],1,0,[-1,1],1,6},{'A',[67,-65],3,0,[1,0],0,1,[65,-65],2,0},{'A',[195,-65],4,0,[67,-65],3,0,[1,0],0,7},{'A',[195,191],5,0,[0,1],0,8,[195,-65],4,0},{'A',[199,-195],4,0,[67,-65],3,1,[65,-65],2,0},{'A',[195,199],6,0,[0,1],0,3,[195,191],5,0},{'O',[-195,-199],6,[-195,-199],6,0},{'O',[199,-195],4,[199,-195],4,0}}
Adder graph: {{'A',[1,1],1,0,[1,0],0,0,[0,1],0,0},{'A',[65,65],2,0,[1,1],1,0,[1,1],1,6},{'A',[65,67],3,0,[0,1],0,1,[65,65],2,0},{'A',[195,199],4,0,[65,65],2,0,[65,67],3,1},{'A',[-191,67],4,0,[65,67],3,0,[-1,0],0,8},{'A',[-199,67],5,0,[-191,67],4,0,[-1,0],0,3},{'A',[-199,195],6,0,[-199,67],5,0,[0,1],0,7},{'O',[-195,-199],4,[-195,-199],4,0},{'O',[199,-195],6,[199,-195],6,0}}
Adder graph: {{'A',[-1,1],1,0,[0,1],0,0,[-1,0],0,0},{'A',[-65,65],2,0,[-1,1],1,0,[-1,1],1,6},{'A',[-67,65],3,0,[-65,65],2,0,[-1,0],0,1},{'A',[-67,-191],4,0,[-67,65],3,0,[0,-1],0,8},{'A',[16,1],1,0,[0,1],0,0,[1,0],0,4},{'A',[-199,195],4,0,[-65,65],2,0,[-67,65],3,1},{'A',[-195,-199],5,0,[-67,-191],4,0,[-16,-1],1,3},{'O',[-195,-199],5,[-195,-199],5,0},{'O',[199,-195],4,[199,-195],4,0}}
Adder graph: {{'A',[2,-1],1,0,[1,0],0,1,[0,-1],0,0},{'A',[2,-65],2,0,[2,-1],1,0,[0,-1],0,6},{'A',[3,-1],2,0,[2,-1],1,0,[1,0],0,0},{'A',[0,33],1,0,[0,1],0,0,[0,1],0,5},{'A',[195,-65],3,0,[3,-1],2,6,[3,-1],2,0},{'A',[195,199],4,0,[195,-65],3,0,[0,33],1,3},{'A',[199,-195],4,0,[2,-65],2,1,[195,-65],3,0},{'O',[-195,-199],4,[-195,-199],4,0},{'O',[199,-195],4,[199,-195],4,0}}
Adder graph: {{'A',[-2,1],1,0,[0,1],0,0,[-1,0],0,1},{'A',[-2,65],2,0,[-2,1],1,0,[0,1],0,6},{'A',[3,-1],2,0,[1,0],0,0,[2,-1],1,0},{'A',[0,33],1,0,[0,1],0,0,[0,1],0,5},{'A',[195,-65],3,0,[3,-1],2,0,[3,-1],2,6},{'A',[199,-195],4,0,[195,-65],3,0,[2,-65],2,1},{'A',[195,199],4,0,[195,-65],3,0,[0,33],1,3},{'O',[-195,-199],4,[-195,-199],4,0},{'O',[199,-195],4,[199,-195],4,0}}
Adder graph: {{'A',[1,2],1,0,[1,0],0,0,[0,1],0,1},{'A',[1,3],2,0,[1,2],1,0,[0,1],0,0},{'A',[65,195],3,0,[1,3],2,0,[1,3],2,6},{'A',[57,195],4,0,[65,195],3,0,[-1,0],0,3},{'A',[-199,195],5,0,[57,195],4,0,[-1,0],0,8},{'A',[65,2],2,0,[1,2],1,0,[1,0],0,6},{'A',[195,199],4,0,[65,195],3,0,[65,2],2,1},{'O',[-195,-199],4,[-195,-199],4,0},{'O',[199,-195],5,[199,-195],5,0}}
Finished solving after 62649.9 seconds
Adder graph: {{'A',[1,2],1,0,[1,0],0,0,[0,1],0,1},{'A',[1,3],2,0,[1,2],1,0,[0,1],0,0},{'A',[65,195],3,0,[1,3],2,0,[1,3],2,6},{'A',[57,195],4,0,[65,195],3,0,[-1,0],0,3},{'A',[-199,195],5,0,[57,195],4,0,[-1,0],0,8},{'A',[65,2],2,0,[1,2],1,0,[1,0],0,6},{'A',[195,199],4,0,[65,195],3,0,[65,2],2,1},{'O',[-195,-199],4,[-195,-199],4,0},{'O',[199,-195],5,[199,-195],5,0}}
#Add optimal = 1
#FAs optimal = 0
