Adder graph: {{'A',[9,0],1,0,[1,0],0,0,[1,0],0,3},{'A',[9,4],2,0,[0,1],0,2,[9,0],1,0},{'A',[9,-16],2,0,[9,0],1,0,[0,-1],0,4},{'A',[13,-16],3,0,[9,-16],2,0,[1,0],0,2},{'A',[52,-63],4,0,[0,1],0,0,[13,-16],3,2},{'A',[-199,236],5,0,[9,-16],2,0,[-52,63],4,2},{'A',[36,17],3,0,[0,1],0,0,[9,4],2,2},{'A',[-236,-199],5,0,[52,-63],4,0,[-36,-17],3,3},{'O',[-236,-199],5,[-236,-199],5,0},{'O',[-199,236],5,[-199,236],5,0}}
Adder graph: {{'A',[1,-2],1,0,[1,0],0,0,[0,-1],0,1},{'A',[3,-4],2,0,[1,-2],1,1,[1,0],0,0},{'A',[3,28],3,0,[3,-4],2,0,[0,1],0,5},{'A',[47,-62],3,0,[3,-4],2,4,[-1,2],1,0},{'A',[-188,249],4,0,[0,1],0,0,[-47,62],3,2},{'A',[-236,-199],5,0,[-188,249],4,0,[-3,-28],3,4},{'A',[7,20],4,0,[3,28],3,0,[1,-2],1,2},{'A',[199,-236],5,0,[7,20],4,0,[3,-4],2,6},{'O',[-236,-199],5,[-236,-199],5,0},{'O',[-199,236],5,[-199,236],5,0}}
Adder graph: {{'A',[1,-4],1,0,[1,0],0,0,[0,-1],0,2},{'A',[2,1],1,0,[1,0],0,1,[0,1],0,0},{'A',[-1,5],2,0,[0,1],0,0,[-1,4],1,0},{'A',[-5,21],3,0,[-1,5],2,0,[-1,4],1,2},{'A',[9,-36],2,0,[1,-4],1,0,[1,-4],1,3},{'A',[-119,-100],3,0,[9,-36],2,0,[-2,-1],1,6},{'A',[-199,236],4,0,[-119,-100],3,0,[-5,21],3,4},{'A',[-236,-199],4,0,[-119,-100],3,1,[2,1],1,0},{'O',[-236,-199],4,[-236,-199],4,0},{'O',[-199,236],4,[-199,236],4,0}}
Adder graph: {{'A',[4,1],1,0,[0,1],0,0,[1,0],0,2},{'A',[16,1],1,0,[0,1],0,0,[1,0],0,4},{'A',[-1,2],1,0,[0,1],0,1,[-1,0],0,0},{'A',[63,18],2,0,[-1,2],1,0,[4,1],1,4},{'A',[68,-127],2,0,[4,1],1,0,[1,-2],1,6},{'A',[199,-236],3,0,[68,-127],2,1,[63,18],2,0},{'A',[16,-127],2,0,[16,1],1,0,[0,-1],0,7},{'A',[-236,-199],3,0,[16,-127],2,0,[-63,-18],2,2},{'O',[-236,-199],3,[-236,-199],3,0},{'O',[-199,236],3,[-199,236],3,0}}
Adder graph: {{'A',[2,1],1,0,[0,1],0,0,[1,0],0,1},{'A',[-127,0],1,0,[1,0],0,0,[-1,0],0,7},{'A',[2,-7],2,0,[2,1],1,0,[0,-1],0,3},{'A',[-4,15],3,0,[0,1],0,0,[-2,7],2,1},{'A',[-20,71],4,0,[-4,15],3,0,[-2,7],2,3},{'A',[-191,240],4,0,[-127,0],1,0,[-4,15],3,4},{'A',[236,199],5,0,[2,1],1,7,[-20,71],4,0},{'A',[-199,236],5,0,[-191,240],4,0,[-2,-1],1,2},{'O',[-236,-199],5,[-236,-199],5,0},{'O',[-199,236],5,[-199,236],5,0}}
Adder graph: {{'A',[1,-2],1,0,[1,0],0,0,[0,-1],0,1},{'A',[3,-4],2,0,[1,0],0,0,[1,-2],1,1},{'A',[3,28],3,0,[3,-4],2,0,[0,1],0,5},{'A',[7,20],4,0,[3,28],3,0,[1,-2],1,2},{'A',[199,-236],5,0,[7,20],4,0,[3,-4],2,6},{'A',[4,-7],2,0,[0,1],0,0,[1,-2],1,2},{'A',[15,12],4,0,[3,28],3,0,[3,-4],2,2},{'A',[-236,-199],5,0,[4,-7],2,0,[-15,-12],4,4},{'O',[-236,-199],5,[-236,-199],5,0},{'O',[-199,236],5,[-199,236],5,0}}
Adder graph: {{'A',[1,1],1,0,[1,0],0,0,[0,1],0,0},{'A',[-3,1],2,0,[1,1],1,0,[-1,0],0,2},{'A',[-23,8],3,0,[-3,1],2,3,[1,0],0,0},{'A',[-20,7],4,0,[-23,8],3,0,[3,-1],2,0},{'A',[-20,-57],5,0,[-20,7],4,0,[0,-1],0,6},{'A',[57,236],6,0,[-23,8],3,0,[20,57],5,2},{'A',[-199,236],7,0,[57,236],6,0,[-1,0],0,8},{'A',[236,199],6,0,[-20,-57],5,0,[1,1],1,8},{'O',[-236,-199],6,[-236,-199],6,0},{'O',[-199,236],7,[-199,236],7,0}}
Finished solving after 104910 seconds
Adder graph: {{'A',[1,1],1,0,[1,0],0,0,[0,1],0,0},{'A',[-3,1],2,0,[1,1],1,0,[-1,0],0,2},{'A',[-23,8],3,0,[-3,1],2,3,[1,0],0,0},{'A',[-20,7],4,0,[-23,8],3,0,[3,-1],2,0},{'A',[-20,-57],5,0,[-20,7],4,0,[0,-1],0,6},{'A',[57,236],6,0,[-23,8],3,0,[20,57],5,2},{'A',[-199,236],7,0,[57,236],6,0,[-1,0],0,8},{'A',[236,199],6,0,[-20,-57],5,0,[1,1],1,8},{'O',[-236,-199],6,[-236,-199],6,0},{'O',[-199,236],7,[-199,236],7,0}}
#Add optimal = 0
#FAs optimal = 0
