Adder graph: {{'A',[1,2],1,0,[1,0],0,0,[0,1],0,1},{'A',[127,0],1,0,[1,0],0,7,[-1,0],0,0},{'A',[33,66],2,0,[1,2],1,0,[1,2],1,5},{'A',[221,-66],3,0,[127,0],1,1,[-33,-66],2,0},{'A',[-213,66],4,0,[1,0],0,3,[-221,66],3,0},{'A',[0,9],1,0,[0,1],0,0,[0,1],0,3},{'A',[33,102],3,0,[33,66],2,0,[0,9],1,2},{'A',[66,213],4,0,[0,9],1,0,[33,102],3,1},{'O',[-213,66],4,[-213,66],4,0},{'O',[-66,-213],4,[-66,-213],4,0}}
Adder graph: {{'A',[1,-4],1,0,[1,0],0,0,[0,-1],0,2},{'A',[16,-63],2,0,[1,-4],1,4,[0,1],0,0},{'A',[5,-4],2,0,[1,0],0,2,[1,-4],1,0},{'A',[13,-4],3,0,[5,-4],2,0,[1,0],0,3},{'A',[19,-122],4,0,[16,-63],2,1,[-13,4],3,0},{'A',[104,-31],4,0,[0,1],0,0,[13,-4],3,3},{'A',[66,213],5,0,[104,-31],4,0,[-19,122],4,1},{'A',[213,-66],5,0,[5,-4],2,0,[104,-31],4,1},{'O',[-213,66],5,[-213,66],5,0},{'O',[-66,-213],5,[-66,-213],5,0}}
Adder graph: {{'A',[-3,0],1,0,[1,0],0,0,[-1,0],0,2},{'A',[-51,0],2,0,[-3,0],1,0,[-3,0],1,4},{'A',[-4,1],1,0,[0,1],0,0,[-1,0],0,2},{'A',[-260,65],2,0,[-4,1],1,0,[-4,1],1,6},{'A',[47,1],3,0,[-4,1],1,0,[51,0],2,0},{'A',[-213,66],4,0,[-260,65],2,0,[47,1],3,0},{'A',[163,74],5,0,[-213,66],4,0,[47,1],3,3},{'A',[66,213],6,0,[-260,65],2,0,[163,74],5,1},{'O',[-213,66],4,[-213,66],4,0},{'O',[-66,-213],6,[-66,-213],6,0}}
Adder graph: {{'A',[1,-2],1,0,[1,0],0,0,[0,-1],0,1},{'A',[1,-3],2,0,[1,-2],1,0,[0,-1],0,0},{'A',[1,6],2,0,[0,1],0,3,[1,-2],1,0},{'A',[-31,6],3,0,[1,6],2,0,[-1,0],0,5},{'A',[-35,-18],4,0,[-31,6],3,0,[-1,-6],2,2},{'A',[-213,66],5,0,[-31,6],3,3,[35,18],4,0},{'A',[-34,-21],5,0,[1,-3],2,0,[-35,-18],4,0},{'A',[66,213],6,0,[1,6],2,5,[34,21],5,0},{'O',[-213,66],5,[-213,66],5,0},{'O',[-66,-213],6,[-66,-213],6,0}}
Adder graph: {{'A',[1,-1],1,0,[1,0],0,0,[0,-1],0,0},{'A',[0,-31],1,0,[0,1],0,0,[0,-1],0,5},{'A',[-64,33],2,0,[0,-31],1,0,[-1,1],1,6},{'A',[17,0],1,0,[1,0],0,4,[1,0],0,0},{'A',[1,123],2,0,[1,-1],1,0,[0,31],1,2},{'A',[85,0],2,0,[17,0],1,0,[17,0],1,2},{'A',[66,213],3,0,[1,123],2,1,[64,-33],2,0},{'A',[213,-66],3,0,[85,0],2,0,[64,-33],2,1},{'O',[-213,66],3,[-213,66],3,0},{'O',[-66,-213],3,[-66,-213],3,0}}
Adder graph: {{'A',[0,-31],1,0,[0,1],0,0,[0,-1],0,5},{'A',[1,-1],1,0,[1,0],0,0,[0,-1],0,0},{'A',[-64,33],2,0,[0,-31],1,0,[-1,1],1,6},{'A',[1,123],2,0,[1,-1],1,0,[0,31],1,2},{'A',[-66,-213],3,0,[-64,33],2,0,[-1,-123],2,1},{'A',[5,0],1,0,[1,0],0,0,[1,0],0,2},{'A',[85,0],2,0,[5,0],1,0,[5,0],1,4},{'A',[-213,66],3,0,[-64,33],2,1,[-85,0],2,0},{'O',[-213,66],3,[-213,66],3,0},{'O',[-66,-213],3,[-66,-213],3,0}}
Adder graph: {{'A',[0,-3],1,0,[0,1],0,0,[0,-1],0,2},{'A',[2,-3],2,0,[1,0],0,1,[0,-3],1,0},{'A',[-2,-21],3,0,[0,-3],1,3,[-2,3],2,0},{'A',[-66,-21],4,0,[-2,-21],3,0,[-1,0],0,6},{'A',[-66,-213],5,0,[-66,-21],4,0,[0,-3],1,6},{'A',[9,-12],3,0,[1,0],0,0,[2,-3],2,2},{'A',[81,-108],4,0,[9,-12],3,0,[9,-12],3,3},{'A',[213,-66],5,0,[81,-108],4,0,[66,21],4,1},{'O',[-213,66],5,[-213,66],5,0},{'O',[-66,-213],5,[-66,-213],5,0}}
Adder graph: {{'A',[0,5],1,0,[0,1],0,0,[0,1],0,2},{'A',[0,-123],2,0,[0,5],1,0,[0,-1],0,7},{'A',[-2,1],1,0,[0,1],0,0,[-1,0],0,1},{'A',[-66,33],2,0,[-2,1],1,0,[-2,1],1,5},{'A',[5,0],1,0,[1,0],0,2,[1,0],0,0},{'A',[-133,66],3,0,[-66,33],2,1,[-1,0],0,0},{'A',[-66,-213],3,0,[-66,33],2,0,[0,-123],2,1},{'A',[-213,66],4,0,[-133,66],3,0,[-5,0],1,4},{'O',[-213,66],4,[-213,66],4,0},{'O',[-66,-213],3,[-66,-213],3,0}}
Adder graph: {{'A',[1,1],1,0,[1,0],0,0,[0,1],0,0},{'A',[5,1],2,0,[1,1],1,0,[1,0],0,2},{'A',[1,4],1,0,[1,0],0,0,[0,1],0,2},{'A',[81,20],3,0,[1,4],1,0,[5,1],2,4},{'A',[82,21],4,0,[1,1],1,0,[81,20],3,0},{'A',[66,-43],5,0,[82,21],4,0,[-1,-4],1,4},{'A',[66,213],6,0,[0,1],0,8,[66,-43],5,0},{'A',[213,-66],6,0,[81,20],3,0,[66,-43],5,1},{'O',[-213,66],6,[-213,66],6,0},{'O',[-66,-213],6,[-66,-213],6,0}}
Adder graph: {{'A',[1,2],1,0,[0,1],0,1,[1,0],0,0},{'A',[0,17],1,0,[0,1],0,0,[0,1],0,4},{'A',[5,0],1,0,[1,0],0,0,[1,0],0,2},{'A',[33,66],2,0,[1,2],1,0,[1,2],1,5},{'A',[-223,66],3,0,[33,66],2,0,[-1,0],0,8},{'A',[0,81],2,0,[0,1],0,6,[0,17],1,0},{'A',[-213,66],4,0,[-223,66],3,0,[5,0],1,1},{'A',[66,213],3,0,[0,81],2,0,[33,66],2,1},{'O',[-213,66],4,[-213,66],4,0},{'O',[-66,-213],3,[-66,-213],3,0}}
Adder graph: {{'A',[17,0],1,0,[1,0],0,0,[1,0],0,4},{'A',[0,5],1,0,[0,1],0,0,[0,1],0,2},{'A',[81,0],2,0,[17,0],1,0,[1,0],0,6},{'A',[0,-123],2,0,[0,5],1,0,[0,-1],0,7},{'A',[-2,1],1,0,[0,1],0,0,[-1,0],0,1},{'A',[-66,33],2,0,[-2,1],1,0,[-2,1],1,5},{'A',[-66,-213],3,0,[-66,33],2,0,[0,-123],2,1},{'A',[213,-66],3,0,[81,0],2,0,[66,-33],2,1},{'O',[-213,66],3,[-213,66],3,0},{'O',[-66,-213],3,[-66,-213],3,0}}
Finished solving after 109317 seconds
Adder graph: {{'A',[17,0],1,0,[1,0],0,0,[1,0],0,4},{'A',[0,5],1,0,[0,1],0,0,[0,1],0,2},{'A',[81,0],2,0,[17,0],1,0,[1,0],0,6},{'A',[0,-123],2,0,[0,5],1,0,[0,-1],0,7},{'A',[-2,1],1,0,[0,1],0,0,[-1,0],0,1},{'A',[-66,33],2,0,[-2,1],1,0,[-2,1],1,5},{'A',[-66,-213],3,0,[-66,33],2,0,[0,-123],2,1},{'A',[213,-66],3,0,[81,0],2,0,[66,-33],2,1},{'O',[-213,66],3,[-213,66],3,0},{'O',[-66,-213],3,[-66,-213],3,0}}
#Add optimal = 0
#FAs optimal = 0
