Adder graph: {{'A',[2,1],1,0,[0,1],0,0,[1,0],0,1},{'A',[3,1],2,0,[2,1],1,0,[1,0],0,0},{'A',[48,15],3,0,[3,1],2,4,[0,-1],0,0},{'A',[99,31],4,0,[48,15],3,1,[3,1],2,0},{'A',[2,129],2,0,[2,1],1,0,[0,1],0,7},{'A',[95,-227],5,0,[99,31],4,0,[-2,-129],2,1},{'A',[227,95],5,0,[2,1],1,6,[99,31],4,0},{'O',[-227,-95],5,[-227,-95],5,0},{'O',[95,-227],5,[95,-227],5,0}}
Adder graph: {{'A',[1,1],1,0,[0,1],0,0,[1,0],0,0},{'A',[-32,1],1,0,[0,1],0,0,[-1,0],0,5},{'A',[33,33],2,0,[1,1],1,0,[1,1],1,5},{'A',[97,31],3,0,[33,33],2,0,[32,-1],1,1},{'A',[95,29],4,0,[97,31],3,0,[-1,-1],1,1},{'A',[227,95],4,0,[97,31],3,1,[33,33],2,0},{'A',[95,-227],5,0,[95,29],4,0,[0,-1],0,8},{'O',[-227,-95],4,[-227,-95],4,0},{'O',[95,-227],5,[95,-227],5,0}}
Adder graph: {{'A',[1,1],1,0,[0,1],0,0,[1,0],0,0},{'A',[33,33],2,0,[1,1],1,0,[1,1],1,5},{'A',[33,31],3,0,[33,33],2,0,[0,-1],0,1},{'A',[97,31],4,0,[33,31],3,0,[1,0],0,6},{'A',[95,29],5,0,[97,31],4,0,[-1,-1],1,1},{'A',[95,-227],6,0,[95,29],5,0,[0,-1],0,8},{'A',[227,95],5,0,[97,31],4,1,[33,33],2,0},{'O',[-227,-95],5,[-227,-95],5,0},{'O',[95,-227],6,[95,-227],6,0}}
Adder graph: {{'A',[2,1],1,0,[1,0],0,1,[0,1],0,0},{'A',[2,129],2,0,[0,1],0,7,[2,1],1,0},{'A',[3,1],2,0,[2,1],1,0,[1,0],0,0},{'A',[3,-1],3,0,[3,1],2,0,[0,-1],0,1},{'A',[99,31],4,0,[3,-1],3,0,[3,1],2,5},{'A',[95,-227],5,0,[99,31],4,0,[-2,-129],2,1},{'A',[227,95],5,0,[99,31],4,0,[2,1],1,6},{'O',[-227,-95],5,[-227,-95],5,0},{'O',[95,-227],5,[95,-227],5,0}}
Adder graph: {{'A',[-1,2],1,0,[0,1],0,1,[-1,0],0,0},{'A',[-1,3],2,0,[0,1],0,0,[-1,2],1,0},{'A',[1,3],3,0,[-1,3],2,0,[1,0],0,1},{'A',[-31,99],4,0,[1,3],3,0,[-1,3],2,5},{'A',[-95,227],5,0,[-31,99],4,0,[-1,2],1,6},{'A',[-29,95],5,0,[-31,99],4,0,[1,-2],1,1},{'A',[227,95],6,0,[-29,95],5,0,[1,0],0,8},{'O',[-227,-95],6,[-227,-95],6,0},{'O',[95,-227],5,[95,-227],5,0}}
Adder graph: {{'A',[2,1],1,0,[1,0],0,1,[0,1],0,0},{'A',[3,1],2,0,[2,1],1,0,[1,0],0,0},{'A',[3,-1],3,0,[3,1],2,0,[0,-1],0,1},{'A',[99,31],4,0,[3,-1],3,0,[3,1],2,5},{'A',[95,29],5,0,[99,31],4,0,[-2,-1],1,1},{'A',[95,-227],6,0,[95,29],5,0,[0,-1],0,8},{'A',[227,95],5,0,[99,31],4,0,[2,1],1,6},{'O',[-227,-95],5,[-227,-95],5,0},{'O',[95,-227],6,[95,-227],6,0}}
Finished solving after 67386.4 seconds
Adder graph: {{'A',[2,1],1,0,[1,0],0,1,[0,1],0,0},{'A',[3,1],2,0,[2,1],1,0,[1,0],0,0},{'A',[3,-1],3,0,[3,1],2,0,[0,-1],0,1},{'A',[99,31],4,0,[3,-1],3,0,[3,1],2,5},{'A',[95,29],5,0,[99,31],4,0,[-2,-1],1,1},{'A',[95,-227],6,0,[95,29],5,0,[0,-1],0,8},{'A',[227,95],5,0,[99,31],4,0,[2,1],1,6},{'O',[-227,-95],5,[-227,-95],5,0},{'O',[95,-227],6,[95,-227],6,0}}
#Add optimal = 1
#FAs optimal = 0
