Adder graph: {{'A',[4,1],1,0,[0,1],0,0,[1,0],0,2},{'A',[4,5],2,0,[0,1],0,2,[4,1],1,0},{'A',[128,33],2,0,[4,1],1,5,[0,1],0,0},{'A',[132,165],3,0,[4,5],2,5,[4,5],2,0},{'A',[132,164],4,0,[132,165],3,0,[0,-1],0,0},{'A',[124,-99],4,0,[128,33],2,1,[-132,-165],3,0},{'A',[198,247],5,1,[132,164],4,0,[132,165],3,1},{'A',[247,-198],5,0,[124,-99],4,1,[-1,0],0,0},{'O',[-247,198],5,[-247,198],5,0},{'O',[-198,-247],5,[-198,-247],5,0}}
Adder graph: {{'A',[1,-1],1,0,[1,0],0,0,[0,-1],0,0},{'A',[1,-8],1,0,[1,0],0,0,[0,-1],0,3},{'A',[257,-264],2,0,[1,-8],1,0,[1,-1],1,8},{'A',[5,-1],2,0,[1,0],0,2,[1,-1],1,0},{'A',[5,-33],2,0,[1,-8],1,2,[1,-1],1,0},{'A',[247,-198],3,0,[257,-264],2,0,[-5,33],2,1},{'A',[-193,-248],3,0,[1,-8],1,6,[-257,264],2,0},{'A',[198,247],4,0,[5,-1],2,0,[193,248],3,0},{'O',[-247,198],3,[-247,198],3,0},{'O',[-198,-247],4,[-198,-247],4,0}}
Adder graph: {{'A',[-4,1],1,0,[0,1],0,0,[-1,0],0,2},{'A',[4,3],2,0,[0,1],0,2,[4,-1],1,0},{'A',[9,6],3,0,[4,3],2,1,[1,0],0,0},{'A',[-4,3],2,0,[0,1],0,1,[-4,1],1,0},{'A',[-247,198],4,0,[-4,3],2,6,[9,6],3,0},{'A',[12,15],3,0,[4,3],2,2,[-4,3],2,0},{'A',[-384,-479],4,0,[0,1],0,0,[-12,-15],3,5},{'A',[-198,-247],5,1,[-384,-479],4,0,[-12,-15],3,0},{'O',[-247,198],4,[-247,198],4,0},{'O',[-198,-247],5,[-198,-247],5,0}}
Adder graph: {{'A',[1,-1],1,0,[1,0],0,0,[0,-1],0,0},{'A',[3,-4],2,0,[1,-1],1,2,[-1,0],0,0},{'A',[3,4],3,0,[3,-4],2,0,[0,1],0,3},{'A',[6,-9],3,0,[3,-4],2,1,[0,-1],0,0},{'A',[198,247],4,0,[3,4],3,6,[6,-9],3,0},{'A',[15,-12],4,0,[3,4],3,0,[3,-4],2,2},{'A',[495,-396],5,0,[15,-12],4,5,[15,-12],4,0},{'A',[247,-198],6,1,[495,-396],5,0,[-1,0],0,0},{'O',[-247,198],6,[-247,198],6,0},{'O',[-198,-247],4,[-198,-247],4,0}}
Adder graph: {{'A',[-2,1],1,0,[0,1],0,0,[-1,0],0,1},{'A',[5,0],1,0,[1,0],0,0,[1,0],0,2},{'A',[-162,1],2,0,[-2,1],1,0,[-5,0],1,5},{'A',[-32,17],2,0,[0,1],0,0,[-2,1],1,4},{'A',[-9,2],2,0,[-2,1],1,1,[-5,0],1,0},{'A',[-9,-62],3,0,[-9,2],2,0,[0,-1],0,6},{'A',[-198,-247],4,0,[-162,1],2,0,[-9,-62],3,2},{'A',[-247,198],4,0,[-32,17],2,3,[9,62],3,0},{'O',[-247,198],4,[-247,198],4,0},{'O',[-198,-247],4,[-198,-247],4,0}}
Adder graph: {{'A',[1,1],1,0,[1,0],0,0,[0,1],0,0},{'A',[1,5],2,0,[1,1],1,0,[0,1],0,2},{'A',[33,5],3,0,[1,5],2,0,[1,0],0,5},{'A',[8,1],1,0,[0,1],0,0,[1,0],0,3},{'A',[264,257],2,0,[8,1],1,0,[1,1],1,8},{'A',[-198,-247],4,0,[33,5],3,1,[-264,-257],2,0},{'A',[-248,193],3,0,[264,257],2,0,[-8,-1],1,6},{'A',[-247,198],4,0,[-248,193],3,0,[1,5],2,0},{'O',[-247,198],4,[-247,198],4,0},{'O',[-198,-247],4,[-198,-247],4,0}}
Adder graph: {{'A',[1,-2],1,0,[1,0],0,0,[0,-1],0,1},{'A',[1,1],1,0,[1,0],0,0,[0,1],0,0},{'A',[1,-7],2,0,[1,1],1,0,[0,-1],0,3},{'A',[257,254],2,0,[1,-2],1,0,[1,1],1,8},{'A',[-63,-7],3,0,[1,-7],2,0,[-1,0],0,6},{'A',[-59,-7],4,0,[1,0],0,2,[-63,-7],3,0},{'A',[-247,198],4,0,[-63,-7],3,3,[257,254],2,0},{'A',[198,247],5,0,[-59,-7],4,0,[257,254],2,0},{'O',[-247,198],4,[-247,198],4,0},{'O',[-198,-247],5,[-198,-247],5,0}}
Adder graph: {{'A',[-2,1],1,0,[0,1],0,0,[-1,0],0,1},{'A',[1,2],1,0,[1,0],0,0,[0,1],0,1},{'A',[-2,17],2,0,[0,1],0,4,[-2,1],1,0},{'A',[17,2],2,0,[1,2],1,0,[1,0],0,4},{'A',[9,70],3,0,[17,2],2,0,[-2,17],2,2},{'A',[-247,198],4,0,[9,70],3,0,[-2,1],1,7},{'A',[-70,9],3,0,[-2,17],2,0,[-17,-2],2,2},{'A',[-198,-247],4,0,[-70,9],3,0,[-1,-2],1,7},{'O',[-247,198],4,[-247,198],4,0},{'O',[-198,-247],4,[-198,-247],4,0}}
Adder graph: {{'A',[2,-1],1,0,[1,0],0,1,[0,-1],0,0},{'A',[1,2],1,0,[0,1],0,1,[1,0],0,0},{'A',[-7,6],2,0,[1,2],1,0,[-2,1],1,2},{'A',[-23,6],3,0,[-7,6],2,0,[-1,0],0,4},{'A',[-247,198],4,0,[-23,6],3,0,[-7,6],2,5},{'A',[6,7],2,0,[2,-1],1,0,[1,2],1,2},{'A',[6,23],3,0,[6,7],2,0,[0,1],0,4},{'A',[198,247],4,0,[6,23],3,0,[6,7],2,5},{'O',[-247,198],4,[-247,198],4,0},{'O',[-198,-247],4,[-198,-247],4,0}}
Finished solving after 107396 seconds
Adder graph: {{'A',[2,-1],1,0,[1,0],0,1,[0,-1],0,0},{'A',[1,2],1,0,[0,1],0,1,[1,0],0,0},{'A',[-7,6],2,0,[1,2],1,0,[-2,1],1,2},{'A',[-23,6],3,0,[-7,6],2,0,[-1,0],0,4},{'A',[-247,198],4,0,[-23,6],3,0,[-7,6],2,5},{'A',[6,7],2,0,[2,-1],1,0,[1,2],1,2},{'A',[6,23],3,0,[6,7],2,0,[0,1],0,4},{'A',[198,247],4,0,[6,23],3,0,[6,7],2,5},{'O',[-247,198],4,[-247,198],4,0},{'O',[-198,-247],4,[-198,-247],4,0}}
#Add optimal = 0
#FAs optimal = 0
