Adder graph: {{'A',[1,-1],1,0,[1,0],0,0,[0,-1],0,0},{'A',[1,-3],2,0,[1,-1],1,0,[0,-1],0,1},{'A',[-15,-3],3,0,[1,-3],2,0,[-1,0],0,4},{'A',[49,-195],4,0,[-15,-3],3,0,[1,-3],2,6},{'A',[51,-201],5,0,[1,-3],2,1,[49,-195],4,0},{'A',[31,5],4,0,[1,-1],1,0,[15,3],3,1},{'A',[29,7],5,0,[31,5],4,0,[-1,1],1,1},{'A',[201,51],6,0,[29,7],5,3,[-31,-5],4,0},{'O',[-51,201],5,[-51,201],5,0},{'O',[201,51],6,[201,51],6,0}}
Adder graph: {{'A',[1,-1],1,0,[1,0],0,0,[0,-1],0,0},{'A',[17,-17],2,0,[1,-1],1,0,[1,-1],1,4},{'A',[-51,51],3,0,[17,-17],2,0,[-17,17],2,2},{'A',[0,-15],1,0,[0,1],0,0,[0,-1],0,4},{'A',[55,-51],4,0,[1,0],0,2,[51,-51],3,0},{'A',[0,-75],2,0,[0,-15],1,0,[0,-15],1,2},{'A',[-201,-51],5,0,[55,-51],4,0,[-1,0],0,8},{'A',[51,-201],4,0,[0,-75],2,1,[51,-51],3,0},{'O',[-51,201],4,[-51,201],4,0},{'O',[201,51],5,[201,51],5,0}}
Adder graph: {{'A',[1,-1],1,0,[1,0],0,0,[0,-1],0,0},{'A',[1,-5],2,0,[1,-1],1,0,[0,-1],0,2},{'A',[33,-1],2,0,[1,0],0,5,[1,-1],1,0},{'A',[1,-133],3,0,[1,-5],2,0,[0,-1],0,7},{'A',[34,-134],4,0,[1,-133],3,0,[33,-1],2,0},{'A',[-51,201],5,1,[34,-134],4,0,[-34,134],4,2},{'A',[-63,59],3,0,[1,-5],2,0,[-1,1],1,6},{'A',[201,51],4,0,[-63,59],3,0,[33,-1],2,3},{'O',[-51,201],5,[-51,201],5,0},{'O',[201,51],4,[201,51],4,0}}
Adder graph: {{'A',[0,3],1,0,[0,1],0,0,[0,1],0,1},{'A',[-1,3],2,0,[0,3],1,0,[-1,0],0,0},{'A',[3,-3],3,0,[1,0],0,1,[1,-3],2,0},{'A',[-13,-3],4,0,[3,-3],3,0,[-1,0],0,4},{'A',[-13,-9],5,0,[-13,-3],4,0,[0,-3],1,1},{'A',[-51,-12],5,0,[1,0],0,0,[-13,-3],4,2},{'A',[51,-201],6,0,[-13,-9],5,0,[1,-3],2,6},{'A',[-201,-51],6,0,[3,-3],3,0,[-51,-12],5,2},{'O',[-51,201],6,[-51,201],6,0},{'O',[201,51],6,[201,51],6,0}}
Adder graph: {{'A',[2,-1],1,0,[1,0],0,1,[0,-1],0,0},{'A',[3,-1],2,0,[1,0],0,0,[2,-1],1,0},{'A',[-29,-1],3,0,[3,-1],2,0,[-1,0],0,5},{'A',[-285,-1],4,0,[-29,-1],3,0,[-1,0],0,8},{'A',[-5,3],3,0,[3,-1],2,0,[-2,1],1,2},{'A',[42,-25],4,0,[2,-1],1,0,[5,-3],3,3},{'A',[-201,-51],5,0,[-285,-1],4,0,[42,-25],4,1},{'A',[51,-201],5,0,[-285,-1],4,0,[42,-25],4,3},{'O',[-51,201],5,[-51,201],5,0},{'O',[201,51],5,[201,51],5,0}}
Adder graph: {{'A',[1,-1],1,0,[1,0],0,0,[0,-1],0,0},{'A',[1,-3],2,0,[1,-1],1,0,[0,-1],0,1},{'A',[-15,-3],3,0,[1,-3],2,0,[-1,0],0,4},{'A',[9,-9],2,0,[1,-1],1,0,[1,-1],1,3},{'A',[-39,3],4,0,[-15,-3],3,1,[-9,9],2,0},{'A',[201,51],5,0,[-39,3],4,0,[15,3],3,4},{'A',[-13,-9],4,0,[-15,-3],3,0,[1,-3],2,1},{'A',[51,-201],5,0,[-13,-9],4,0,[1,-3],2,6},{'O',[-51,201],5,[-51,201],5,0},{'O',[201,51],5,[201,51],5,0}}
Adder graph: {{'A',[4,1],1,0,[0,1],0,0,[1,0],0,2},{'A',[3,1],2,0,[4,1],1,0,[-1,0],0,0},{'A',[67,17],3,0,[4,1],1,4,[3,1],2,0},{'A',[-201,-51],4,0,[67,17],3,0,[-67,-17],3,2},{'A',[3,3],3,0,[3,1],2,0,[0,1],0,1},{'A',[-1,3],4,0,[3,3],3,0,[-1,0],0,2},{'A',[-13,-9],5,0,[-1,3],4,0,[-3,-3],3,2},{'A',[51,-201],6,0,[-13,-9],5,0,[1,-3],4,6},{'O',[-51,201],6,[-51,201],6,0},{'O',[201,51],4,[201,51],4,0}}
Adder graph: {{'A',[-3,0],1,0,[1,0],0,0,[-1,0],0,2},{'A',[-3,-1],2,0,[-3,0],1,0,[0,-1],0,0},{'A',[3,3],3,0,[0,1],0,1,[3,1],2,0},{'A',[3,-13],4,0,[3,3],3,0,[0,-1],0,4},{'A',[3,7],4,0,[3,3],3,0,[0,1],0,2},{'A',[9,-13],5,0,[3,-13],4,0,[3,0],1,1},{'A',[51,-201],5,0,[3,7],4,0,[3,-13],4,4},{'A',[201,51],6,0,[9,-13],5,0,[3,1],2,6},{'O',[-51,201],5,[-51,201],5,0},{'O',[201,51],6,[201,51],6,0}}
Adder graph: {{'A',[0,-3],1,0,[0,1],0,0,[0,-1],0,2},{'A',[1,-3],2,0,[1,0],0,0,[0,-3],1,0},{'A',[3,-3],3,0,[1,-3],2,0,[1,0],0,1},{'A',[7,-3],4,0,[3,-3],3,0,[1,0],0,2},{'A',[-13,-3],4,0,[3,-3],3,0,[-1,0],0,4},{'A',[-13,-9],5,0,[-13,-3],4,0,[0,-3],1,1},{'A',[-201,-51],5,0,[7,-3],4,0,[-13,-3],4,4},{'A',[51,-201],6,0,[-13,-9],5,0,[1,-3],2,6},{'O',[-51,201],6,[-51,201],6,0},{'O',[201,51],5,[201,51],5,0}}
Finished solving after 115634 seconds
Adder graph: {{'A',[0,-3],1,0,[0,1],0,0,[0,-1],0,2},{'A',[1,-3],2,0,[1,0],0,0,[0,-3],1,0},{'A',[3,-3],3,0,[1,-3],2,0,[1,0],0,1},{'A',[7,-3],4,0,[3,-3],3,0,[1,0],0,2},{'A',[-13,-3],4,0,[3,-3],3,0,[-1,0],0,4},{'A',[-13,-9],5,0,[-13,-3],4,0,[0,-3],1,1},{'A',[-201,-51],5,0,[7,-3],4,0,[-13,-3],4,4},{'A',[51,-201],6,0,[-13,-9],5,0,[1,-3],2,6},{'O',[-51,201],6,[-51,201],6,0},{'O',[201,51],5,[201,51],5,0}}
#Add optimal = 0
#FAs optimal = 0
