Adder graph: {{'A',[-1,4],1,0,[0,1],0,2,[-1,0],0,0},{'A',[-1,3],2,0,[-1,4],1,0,[0,-1],0,0},{'A',[31,3],3,0,[-1,3],2,0,[1,0],0,5},{'A',[95,-189],4,0,[31,3],3,0,[1,-3],2,6},{'A',[-153,-213],5,0,[95,-189],4,0,[-31,-3],3,3},{'A',[-97,197],5,0,[-1,4],1,1,[-95,189],4,0},{'A',[-89,165],6,0,[-97,197],5,0,[1,-4],1,3},{'A',[-213,153],7,0,[-89,165],6,0,[-31,-3],3,2},{'O',[153,213],5,[153,213],5,0},{'O',[213,-153],7,[213,-153],7,0}}
Adder graph: {{'A',[-1,1],1,0,[0,1],0,0,[-1,0],0,0},{'A',[3,1],2,0,[-1,1],1,0,[1,0],0,2},{'A',[3,-31],3,0,[3,1],2,0,[0,-1],0,5},{'A',[-189,-95],4,0,[3,-31],3,0,[-3,-1],2,6},{'A',[213,-153],5,0,[3,-31],3,3,[189,95],4,0},{'A',[-165,-87],5,0,[3,1],2,3,[-189,-95],4,0},{'A',[165,89],6,0,[0,1],0,1,[165,87],5,0},{'A',[153,213],7,0,[165,89],6,0,[-3,31],3,2},{'O',[153,213],7,[153,213],7,0},{'O',[213,-153],5,[213,-153],5,0}}
Adder graph: {{'A',[1,-1],1,0,[1,0],0,0,[0,-1],0,0},{'A',[1,2],1,0,[1,0],0,0,[0,1],0,1},{'A',[3,-6],2,0,[1,-1],1,2,[-1,-2],1,0},{'A',[5,7],2,0,[1,2],1,2,[1,-1],1,0},{'A',[-13,10],3,0,[3,-6],2,0,[-1,1],1,4},{'A',[-155,-217],3,0,[5,7],2,0,[-5,-7],2,5},{'A',[-153,-213],4,0,[-155,-217],3,0,[1,2],1,1},{'A',[213,-153],4,0,[5,7],2,0,[13,-10],3,4},{'O',[153,213],4,[153,213],4,0},{'O',[213,-153],4,[213,-153],4,0}}
Adder graph: {{'A',[1,1],1,0,[1,0],0,0,[0,1],0,0},{'A',[-1,3],2,0,[0,1],0,2,[-1,-1],1,0},{'A',[-9,-5],3,0,[-1,3],2,0,[-1,-1],1,3},{'A',[-17,-10],4,0,[1,0],0,0,[-9,-5],3,1},{'A',[-9,-133],4,0,[-9,-5],3,0,[0,-1],0,7},{'A',[111,-10],5,0,[-17,-10],4,0,[1,0],0,7},{'A',[-153,-213],5,0,[-9,-133],4,0,[-9,-5],3,4},{'A',[213,-153],6,0,[111,-10],5,1,[-9,-133],4,0},{'O',[153,213],5,[153,213],5,0},{'O',[213,-153],6,[213,-153],6,0}}
Adder graph: {{'A',[1,-1],1,0,[1,0],0,0,[0,-1],0,0},{'A',[-7,7],2,0,[1,-1],1,0,[-1,1],1,3},{'A',[7,-5],3,0,[0,1],0,1,[7,-7],2,0},{'A',[-9,-5],4,0,[7,-5],3,0,[-1,0],0,4},{'A',[-9,-13],5,0,[-9,-5],4,0,[0,-1],0,3},{'A',[-11,7],3,0,[-7,7],2,0,[-1,0],0,2},{'A',[213,-153],4,0,[-11,7],3,0,[7,-5],3,5},{'A',[-153,-213],6,0,[-9,-5],4,0,[-9,-13],5,4},{'O',[153,213],6,[153,213],6,0},{'O',[213,-153],4,[213,-153],4,0}}
Adder graph: {{'A',[1,1],1,0,[0,1],0,0,[1,0],0,0},{'A',[2,3],2,0,[0,1],0,0,[1,1],1,1},{'A',[-7,-11],3,0,[1,1],1,0,[-2,-3],2,2},{'A',[5,7],3,0,[1,1],1,0,[2,3],2,1},{'A',[-7,5],4,0,[-7,-11],3,0,[0,1],0,4},{'A',[-11,7],4,0,[5,7],3,0,[-1,0],0,4},{'A',[153,213],4,0,[5,7],3,5,[-7,-11],3,0},{'A',[213,-153],5,0,[-11,7],4,0,[7,-5],4,5},{'O',[153,213],4,[153,213],4,0},{'O',[213,-153],5,[213,-153],5,0}}
Adder graph: {{'A',[-1,1],1,0,[0,1],0,0,[-1,0],0,0},{'A',[7,-7],2,0,[-1,1],1,0,[1,-1],1,3},{'A',[11,-7],3,0,[7,-7],2,0,[1,0],0,2},{'A',[7,-5],3,0,[0,1],0,1,[7,-7],2,0},{'A',[-5,-7],4,0,[11,-7],3,0,[-1,0],0,4},{'A',[-213,153],4,0,[11,-7],3,0,[-7,5],3,5},{'A',[7,11],4,0,[7,-5],3,0,[0,1],0,4},{'A',[-153,-213],5,0,[7,11],4,0,[-5,-7],4,5},{'O',[153,213],5,[153,213],5,0},{'O',[213,-153],4,[213,-153],4,0}}
Finished solving after 102279 seconds
Adder graph: {{'A',[-1,1],1,0,[0,1],0,0,[-1,0],0,0},{'A',[7,-7],2,0,[-1,1],1,0,[1,-1],1,3},{'A',[11,-7],3,0,[7,-7],2,0,[1,0],0,2},{'A',[7,-5],3,0,[0,1],0,1,[7,-7],2,0},{'A',[-5,-7],4,0,[11,-7],3,0,[-1,0],0,4},{'A',[-213,153],4,0,[11,-7],3,0,[-7,5],3,5},{'A',[7,11],4,0,[7,-5],3,0,[0,1],0,4},{'A',[-153,-213],5,0,[7,11],4,0,[-5,-7],4,5},{'O',[153,213],5,[153,213],5,0},{'O',[213,-153],4,[213,-153],4,0}}
#Add optimal = 0
#FAs optimal = 0
