Adder graph: {{'A',[2,1],1,0,[0,1],0,0,[1,0],0,1},{'A',[8,5],2,0,[0,1],0,0,[2,1],1,2},{'A',[15,10],3,0,[8,5],2,1,[-1,0],0,0},{'A',[2,-1],1,0,[1,0],0,1,[0,-1],0,0},{'A',[113,-74],4,0,[2,-1],1,6,[-15,-10],3,0},{'A',[-143,-234],5,0,[113,-74],4,0,[-8,-5],2,5},{'A',[234,-143],5,0,[113,-74],4,1,[8,5],2,0},{'O',[143,234],5,[143,234],5,0},{'O',[234,-143],5,[234,-143],5,0}}
Adder graph: {{'A',[8,1],1,0,[0,1],0,0,[1,0],0,3},{'A',[129,0],1,0,[1,0],0,7,[1,0],0,0},{'A',[8,5],2,0,[8,1],1,0,[0,1],0,2},{'A',[129,-64],2,0,[129,0],1,0,[0,-1],0,6},{'A',[-113,74],3,0,[8,5],2,1,[-129,64],2,0},{'A',[-234,143],4,0,[-113,74],3,1,[-8,-5],2,0},{'A',[143,234],4,0,[8,5],2,5,[-113,74],3,0},{'O',[143,234],4,[143,234],4,0},{'O',[234,-143],4,[234,-143],4,0}}
Adder graph: {{'A',[5,0],1,0,[1,0],0,0,[1,0],0,2},{'A',[1,2],1,0,[0,1],0,1,[1,0],0,0},{'A',[5,-8],2,0,[5,0],1,0,[0,-1],0,3},{'A',[64,129],2,0,[0,1],0,0,[1,2],1,6},{'A',[74,113],3,0,[64,129],2,0,[5,-8],2,1},{'A',[143,234],4,0,[74,113],3,1,[-5,8],2,0},{'A',[234,-143],4,0,[74,113],3,0,[5,-8],2,5},{'O',[143,234],4,[143,234],4,0},{'O',[234,-143],4,[234,-143],4,0}}
Adder graph: {{'A',[2,1],1,0,[0,1],0,0,[1,0],0,1},{'A',[8,5],2,0,[2,1],1,2,[0,1],0,0},{'A',[-56,5],3,0,[8,5],2,0,[-1,0],0,6},{'A',[113,-10],4,0,[1,0],0,0,[56,-5],3,1},{'A',[113,-74],5,0,[113,-10],4,0,[0,-1],0,6},{'A',[234,-143],6,0,[8,5],2,0,[113,-74],5,1},{'A',[-143,-234],6,0,[113,-74],5,0,[-8,-5],2,5},{'O',[143,234],6,[143,234],6,0},{'O',[234,-143],6,[234,-143],6,0}}
Adder graph: {{'A',[1,-2],1,0,[1,0],0,0,[0,-1],0,1},{'A',[129,-258],2,0,[1,-2],1,0,[1,-2],1,7},{'A',[2,-3],2,0,[0,1],0,0,[1,-2],1,1},{'A',[34,-3],3,0,[2,-3],2,0,[1,0],0,5},{'A',[50,-35],4,0,[34,-3],3,0,[1,-2],1,4},{'A',[234,-143],5,0,[34,-3],3,0,[50,-35],4,2},{'A',[-143,-234],4,0,[129,-258],2,0,[-34,3],3,3},{'O',[143,234],4,[143,234],4,0},{'O',[234,-143],5,[234,-143],5,0}}
Adder graph: {{'A',[1,-2],1,0,[1,0],0,0,[0,-1],0,1},{'A',[129,-258],2,0,[1,-2],1,0,[1,-2],1,7},{'A',[2,-3],2,0,[0,1],0,0,[1,-2],1,1},{'A',[34,-3],3,0,[2,-3],2,0,[1,0],0,5},{'A',[-143,-234],4,0,[129,-258],2,0,[-34,3],3,3},{'A',[98,-131],4,0,[1,-2],1,6,[34,-3],3,0},{'A',[234,-143],5,0,[98,-131],4,0,[34,-3],3,2},{'O',[143,234],4,[143,234],4,0},{'O',[234,-143],5,[234,-143],5,0}}
Adder graph: {{'A',[2,1],1,0,[0,1],0,0,[1,0],0,1},{'A',[-3,-2],2,0,[1,0],0,0,[-2,-1],1,1},{'A',[-3,-34],3,0,[-3,-2],2,0,[0,-1],0,5},{'A',[29,-18],4,0,[-3,-34],3,0,[2,1],1,4},{'A',[113,-106],5,0,[-3,-34],3,0,[29,-18],4,2},{'A',[234,-143],5,0,[2,1],1,0,[29,-18],4,3},{'A',[-143,-234],6,0,[113,-106],5,0,[-2,-1],1,7},{'O',[143,234],6,[143,234],6,0},{'O',[234,-143],5,[234,-143],5,0}}
Finished solving after 64391.8 seconds
Adder graph: {{'A',[2,1],1,0,[0,1],0,0,[1,0],0,1},{'A',[-3,-2],2,0,[1,0],0,0,[-2,-1],1,1},{'A',[-3,-34],3,0,[-3,-2],2,0,[0,-1],0,5},{'A',[29,-18],4,0,[-3,-34],3,0,[2,1],1,4},{'A',[113,-106],5,0,[-3,-34],3,0,[29,-18],4,2},{'A',[234,-143],5,0,[2,1],1,0,[29,-18],4,3},{'A',[-143,-234],6,0,[113,-106],5,0,[-2,-1],1,7},{'O',[143,234],6,[143,234],6,0},{'O',[234,-143],5,[234,-143],5,0}}
#Add optimal = 1
#FAs optimal = 0
