Adder graph: {{'A',[1,4],1,0,[1,0],0,0,[0,1],0,2},{'A',[4,-1],1,0,[1,0],0,2,[0,-1],0,0},{'A',[31,124],2,0,[1,4],1,5,[-1,-4],1,0},{'A',[3,-5],2,0,[4,-1],1,0,[-1,-4],1,0},{'A',[259,-69],3,0,[4,-1],1,6,[3,-5],2,0},{'A',[65,243],3,0,[31,124],2,1,[3,-5],2,0},{'A',[243,-65],4,0,[259,-69],3,0,[-4,1],1,2},{'O',[65,243],3,[65,243],3,0},{'O',[243,-65],4,[243,-65],4,0}}
Adder graph: {{'A',[1,-1],1,0,[1,0],0,0,[0,-1],0,0},{'A',[1,63],2,0,[1,-1],1,0,[0,1],0,6},{'A',[65,-1],2,0,[1,-1],1,0,[1,0],0,6},{'A',[-1,-61],3,0,[0,1],0,1,[-1,-63],2,0},{'A',[61,-1],3,0,[65,-1],2,0,[-1,0],0,2},{'A',[-65,-243],4,0,[-1,-61],3,2,[-61,1],3,0},{'A',[243,-65],4,0,[61,-1],3,2,[-1,-61],3,0},{'O',[65,243],4,[65,243],4,0},{'O',[243,-65],4,[243,-65],4,0}}
Adder graph: {{'A',[-1,1],1,0,[0,1],0,0,[-1,0],0,0},{'A',[-65,1],2,0,[-1,1],1,0,[-1,0],0,6},{'A',[-1,-63],3,0,[-65,1],2,0,[1,-1],1,6},{'A',[-61,1],3,0,[1,0],0,2,[-65,1],2,0},{'A',[-1,-61],4,0,[-1,-63],3,0,[0,1],0,1},{'A',[-65,-243],5,0,[-61,1],3,0,[-1,-61],4,2},{'A',[243,-65],5,0,[-1,-61],4,0,[61,-1],3,2},{'O',[65,243],5,[65,243],5,0},{'O',[243,-65],5,[243,-65],5,0}}
Adder graph: {{'A',[4,-1],1,0,[1,0],0,2,[0,-1],0,0},{'A',[5,-1],2,0,[1,0],0,0,[4,-1],1,0},{'A',[15,-3],3,0,[5,-1],2,1,[5,-1],2,0},{'A',[5,15],3,0,[0,1],0,4,[5,-1],2,0},{'A',[-65,-243],4,0,[15,-3],3,0,[-5,-15],3,4},{'A',[-3,17],4,0,[5,15],3,0,[-4,1],1,1},{'A',[-243,65],5,0,[-3,17],4,0,[-15,3],3,4},{'O',[65,243],4,[65,243],4,0},{'O',[243,-65],5,[243,-65],5,0}}
Adder graph: {{'A',[-1,1],1,0,[0,1],0,0,[-1,0],0,0},{'A',[-65,1],2,0,[-1,1],1,0,[-1,0],0,6},{'A',[-1,3],2,0,[0,1],0,1,[-1,1],1,0},{'A',[-61,1],3,0,[-65,1],2,0,[1,0],0,2},{'A',[-1,-61],3,0,[-1,3],2,0,[0,-1],0,6},{'A',[-243,65],4,0,[-61,1],3,2,[1,61],3,0},{'A',[-65,-243],4,0,[-61,1],3,0,[-1,-61],3,2},{'O',[65,243],4,[65,243],4,0},{'O',[243,-65],4,[243,-65],4,0}}
Adder graph: {{'A',[-4,1],1,0,[0,1],0,0,[-1,0],0,2},{'A',[-5,1],2,0,[-4,1],1,0,[-1,0],0,0},{'A',[-5,-15],3,0,[-5,1],2,0,[0,-1],0,4},{'A',[15,-3],3,0,[-5,1],2,0,[5,-1],2,2},{'A',[3,-17],4,0,[-5,-15],3,0,[4,-1],1,1},{'A',[243,-65],5,0,[15,-3],3,4,[3,-17],4,0},{'A',[-65,-243],4,0,[15,-3],3,0,[-5,-15],3,4},{'O',[65,243],4,[65,243],4,0},{'O',[243,-65],5,[243,-65],5,0}}
Adder graph: {{'A',[1,1],1,0,[1,0],0,0,[0,1],0,0},{'A',[1,-3],2,0,[1,1],1,0,[0,-1],0,2},{'A',[1,61],3,0,[1,-3],2,0,[0,1],0,6},{'A',[-31,0],1,0,[1,0],0,0,[-1,0],0,5},{'A',[-61,1],2,0,[1,1],1,0,[-31,0],1,1},{'A',[-243,65],4,0,[1,61],3,0,[-61,1],2,2},{'A',[-65,-243],4,0,[-61,1],2,0,[-1,-61],3,2},{'O',[65,243],4,[65,243],4,0},{'O',[243,-65],4,[243,-65],4,0}}
Adder graph: {{'A',[1,1],1,0,[1,0],0,0,[0,1],0,0},{'A',[1,-3],2,0,[1,1],1,0,[0,-1],0,2},{'A',[3,1],2,0,[1,0],0,1,[1,1],1,0},{'A',[-61,1],3,0,[3,1],2,0,[-1,0],0,6},{'A',[1,61],3,0,[0,1],0,6,[1,-3],2,0},{'A',[65,243],4,0,[1,61],3,2,[61,-1],3,0},{'A',[-243,65],4,0,[1,61],3,0,[-61,1],3,2},{'O',[65,243],4,[65,243],4,0},{'O',[243,-65],4,[243,-65],4,0}}
Adder graph: {{'A',[1,4],1,0,[1,0],0,0,[0,1],0,2},{'A',[-4,1],1,0,[0,1],0,0,[-1,0],0,2},{'A',[-3,5],2,0,[-4,1],1,0,[1,4],1,0},{'A',[-1,13],3,0,[-3,5],2,0,[1,4],1,1},{'A',[-65,-243],4,0,[-1,13],3,0,[-1,-4],1,6},{'A',[13,1],3,0,[-3,5],2,0,[4,-1],1,2},{'A',[-243,65],4,0,[13,1],3,0,[-4,1],1,6},{'O',[65,243],4,[65,243],4,0},{'O',[243,-65],4,[243,-65],4,0}}
Finished solving after 65841.2 seconds
Adder graph: {{'A',[1,4],1,0,[1,0],0,0,[0,1],0,2},{'A',[-4,1],1,0,[0,1],0,0,[-1,0],0,2},{'A',[-3,5],2,0,[-4,1],1,0,[1,4],1,0},{'A',[-1,13],3,0,[-3,5],2,0,[1,4],1,1},{'A',[-65,-243],4,0,[-1,13],3,0,[-1,-4],1,6},{'A',[13,1],3,0,[-3,5],2,0,[4,-1],1,2},{'A',[-243,65],4,0,[13,1],3,0,[-4,1],1,6},{'O',[65,243],4,[65,243],4,0},{'O',[243,-65],4,[243,-65],4,0}}
#Add optimal = 1
#FAs optimal = 0
