Adder graph: {{'A',[1,-1],1,0,[1,0],0,0,[0,-1],0,0},{'A',[4,-5],2,0,[1,-1],1,2,[0,-1],0,0},{'A',[1,16],1,0,[1,0],0,0,[0,1],0,4},{'A',[65,-48],2,0,[1,16],1,0,[1,-1],1,6},{'A',[63,48],3,0,[1,0],0,7,[-65,48],2,0},{'A',[248,197],4,0,[63,48],3,2,[-4,5],2,0},{'A',[-197,240],4,0,[63,48],3,0,[-65,48],2,2},{'A',[-205,248],5,0,[-197,240],4,0,[-1,1],1,3},{'A',[248,205],5,0,[248,197],4,0,[0,1],0,3},{'O',[-205,248],5,[-205,248],5,0},{'O',[248,205],5,[248,205],5,0}}
Adder graph: {{'A',[-63,0],1,0,[1,0],0,0,[-1,0],0,6},{'A',[189,0],2,0,[-63,0],1,0,[63,0],1,2},{'A',[-1,16],1,0,[0,1],0,4,[-1,0],0,0},{'A',[0,17],1,0,[0,1],0,0,[0,1],0,4},{'A',[2,-31],2,0,[0,1],0,0,[1,-16],1,1},{'A',[205,-248],3,0,[2,-31],2,3,[189,0],2,0},{'A',[4,1],1,0,[0,1],0,0,[1,0],0,2},{'A',[-62,-47],3,0,[2,-31],2,0,[-4,-1],1,4},{'A',[248,205],4,0,[0,17],1,0,[62,47],3,2},{'O',[-205,248],3,[-205,248],3,0},{'O',[248,205],4,[248,205],4,0}}
Adder graph: {{'A',[2,1],1,0,[0,1],0,0,[1,0],0,1},{'A',[2,-3],2,0,[2,1],1,0,[0,-1],0,2},{'A',[17,-24],3,0,[2,-3],2,3,[1,0],0,0},{'A',[4,3],2,0,[0,1],0,0,[2,1],1,1},{'A',[256,193],3,0,[0,1],0,0,[4,3],2,6},{'A',[-239,-216],4,0,[17,-24],3,0,[-4,-3],2,6},{'A',[248,205],4,0,[256,193],3,0,[-2,3],2,2},{'A',[17,232],4,0,[0,1],0,8,[17,-24],3,0},{'A',[-205,248],5,0,[17,232],4,1,[-239,-216],4,0},{'O',[-205,248],5,[-205,248],5,0},{'O',[248,205],4,[248,205],4,0}}
Adder graph: {{'A',[-3,0],1,0,[1,0],0,0,[-1,0],0,2},{'A',[2,1],1,0,[1,0],0,1,[0,1],0,0},{'A',[2,-15],2,0,[2,1],1,0,[0,-1],0,4},{'A',[2,-19],3,0,[2,-15],2,0,[0,-1],0,2},{'A',[-62,-51],4,0,[2,-19],3,0,[-2,-1],1,5},{'A',[-3,-256],2,0,[-3,0],1,0,[0,-1],0,8},{'A',[-26,-1],2,0,[-3,0],1,3,[-2,-1],1,0},{'A',[205,-248],3,0,[-3,-256],2,0,[26,1],2,3},{'A',[248,205],5,0,[0,1],0,0,[62,51],4,2},{'O',[-205,248],3,[-205,248],3,0},{'O',[248,205],5,[248,205],5,0}}
Adder graph: {{'A',[-3,0],1,0,[1,0],0,0,[-1,0],0,2},{'A',[2,1],1,0,[0,1],0,0,[1,0],0,1},{'A',[0,3],1,0,[0,1],0,1,[0,1],0,0},{'A',[256,129],2,0,[0,1],0,0,[2,1],1,7},{'A',[2,-31],2,0,[2,1],1,0,[0,-1],0,5},{'A',[248,253],3,0,[256,129],2,0,[-2,31],2,2},{'A',[248,205],4,0,[248,253],3,0,[0,-3],1,4},{'A',[189,0],2,0,[-3,0],1,0,[3,0],1,6},{'A',[205,-248],3,0,[189,0],2,0,[2,-31],2,3},{'O',[-205,248],3,[-205,248],3,0},{'O',[248,205],4,[248,205],4,0}}
Adder graph: {{'A',[3,0],1,0,[1,0],0,2,[-1,0],0,0},{'A',[-1,2],1,0,[0,1],0,1,[-1,0],0,0},{'A',[-47,0],2,0,[1,0],0,0,[-3,0],1,4},{'A',[31,2],2,0,[-1,2],1,0,[1,0],0,5},{'A',[77,8],3,0,[31,2],2,2,[-47,0],2,0},{'A',[0,3],1,0,[0,1],0,1,[0,1],0,0},{'A',[31,26],3,0,[0,3],1,3,[31,2],2,0},{'A',[205,-248],4,0,[77,8],3,0,[1,-2],1,7},{'A',[-248,-205],4,0,[0,3],1,0,[-31,-26],3,3},{'O',[-205,248],4,[-205,248],4,0},{'O',[248,205],4,[248,205],4,0}}
Adder graph: {{'A',[-1,2],1,0,[0,1],0,1,[-1,0],0,0},{'A',[129,-256],2,0,[1,0],0,0,[1,-2],1,7},{'A',[0,3],1,0,[0,1],0,0,[0,1],0,1},{'A',[15,2],2,0,[-1,2],1,0,[1,0],0,4},{'A',[19,2],3,0,[15,2],2,0,[1,0],0,2},{'A',[8,-13],2,0,[0,3],1,0,[1,-2],1,3},{'A',[205,-248],4,0,[19,2],3,2,[129,-256],2,0},{'A',[4,3],2,0,[1,0],0,2,[0,3],1,0},{'A',[-248,-205],3,0,[8,-13],2,0,[-4,-3],2,6},{'O',[-205,248],4,[-205,248],4,0},{'O',[248,205],3,[248,205],3,0}}
Adder graph: {{'A',[-3,0],1,0,[1,0],0,0,[-1,0],0,2},{'A',[2,1],1,0,[0,1],0,0,[1,0],0,1},{'A',[189,0],2,0,[-3,0],1,0,[3,0],1,6},{'A',[-3,-2],2,0,[-3,0],1,0,[0,-1],0,1},{'A',[2,-31],2,0,[2,1],1,0,[0,-1],0,5},{'A',[205,-248],3,0,[189,0],2,0,[2,-31],2,3},{'A',[-8,-3],2,0,[0,1],0,0,[-2,-1],1,2},{'A',[-136,-51],3,0,[-8,-3],2,4,[-8,-3],2,0},{'A',[248,205],4,0,[-136,-51],3,0,[3,2],2,7},{'O',[-205,248],3,[-205,248],3,0},{'O',[248,205],4,[248,205],4,0}}
Adder graph: {{'A',[1,1],1,0,[0,1],0,0,[1,0],0,0},{'A',[0,-3],1,0,[0,1],0,0,[0,-1],0,2},{'A',[3,2],2,0,[1,1],1,1,[1,0],0,0},{'A',[-1,-6],2,0,[0,-3],1,1,[-1,0],0,0},{'A',[13,8],3,0,[3,2],2,2,[1,0],0,0},{'A',[205,136],4,0,[13,8],3,0,[3,2],2,6},{'A',[-8,-51],3,0,[0,-3],1,0,[-1,-6],2,3},{'A',[248,205],4,0,[-8,-51],3,0,[1,1],1,8},{'A',[205,-248],5,0,[205,136],4,0,[0,-3],1,7},{'O',[-205,248],5,[-205,248],5,0},{'O',[248,205],4,[248,205],4,0}}
Adder graph: {{'A',[17,0],1,0,[1,0],0,0,[1,0],0,4},{'A',[-1,2],1,0,[0,1],0,1,[-1,0],0,0},{'A',[0,3],1,0,[0,1],0,1,[0,1],0,0},{'A',[8,-13],2,0,[0,3],1,0,[1,-2],1,3},{'A',[15,2],2,0,[1,0],0,4,[-1,2],1,0},{'A',[8,-205],3,0,[8,-13],2,0,[0,-3],1,6},{'A',[-248,-205],4,0,[8,-205],3,0,[-1,0],0,8},{'A',[77,8],3,0,[17,0],1,0,[15,2],2,2},{'A',[205,-248],4,0,[77,8],3,0,[1,-2],1,7},{'O',[-205,248],4,[-205,248],4,0},{'O',[248,205],4,[248,205],4,0}}
Adder graph: {{'A',[17,0],1,0,[1,0],0,4,[1,0],0,0},{'A',[1,-2],1,0,[1,0],0,0,[0,-1],0,1},{'A',[13,8],2,0,[17,0],1,0,[-1,2],1,2},{'A',[3,-4],2,0,[1,-2],1,1,[1,0],0,0},{'A',[205,-248],3,0,[13,8],2,0,[3,-4],2,6},{'A',[0,-3],1,0,[0,1],0,0,[0,-1],0,2},{'A',[-4,-3],2,0,[0,-3],1,0,[-1,0],0,2},{'A',[-8,13],2,0,[0,-3],1,0,[-1,2],1,3},{'A',[248,205],3,0,[-8,13],2,0,[4,3],2,6},{'O',[-205,248],3,[-205,248],3,0},{'O',[248,205],3,[248,205],3,0}}
Adder graph: {{'A',[17,0],1,0,[1,0],0,0,[1,0],0,4},{'A',[0,3],1,0,[0,1],0,2,[0,-1],0,0},{'A',[1,-2],1,0,[1,0],0,0,[0,-1],0,1},{'A',[13,8],2,0,[17,0],1,0,[-1,2],1,2},{'A',[8,-13],2,0,[0,3],1,0,[1,-2],1,3},{'A',[77,8],3,0,[13,8],2,0,[1,0],0,6},{'A',[205,-248],4,0,[77,8],3,0,[1,-2],1,7},{'A',[8,-205],3,0,[8,-13],2,0,[0,-3],1,6},{'A',[-248,-205],4,0,[8,-205],3,0,[-1,0],0,8},{'O',[-205,248],4,[-205,248],4,0},{'O',[248,205],4,[248,205],4,0}}
Finished solving after 141152 seconds
Adder graph: {{'A',[17,0],1,0,[1,0],0,0,[1,0],0,4},{'A',[0,3],1,0,[0,1],0,2,[0,-1],0,0},{'A',[1,-2],1,0,[1,0],0,0,[0,-1],0,1},{'A',[13,8],2,0,[17,0],1,0,[-1,2],1,2},{'A',[8,-13],2,0,[0,3],1,0,[1,-2],1,3},{'A',[77,8],3,0,[13,8],2,0,[1,0],0,6},{'A',[205,-248],4,0,[77,8],3,0,[1,-2],1,7},{'A',[8,-205],3,0,[8,-13],2,0,[0,-3],1,6},{'A',[-248,-205],4,0,[8,-205],3,0,[-1,0],0,8},{'O',[-205,248],4,[-205,248],4,0},{'O',[248,205],4,[248,205],4,0}}
#Add optimal = 0
#FAs optimal = 0
