Adder graph: {{'A',[9,0],1,0,[1,0],0,3,[1,0],0,0},{'A',[9,16],2,0,[0,1],0,4,[9,0],1,0},{'A',[1,2],3,3,[9,16],2,0,[-1,0],0,0},{'A',[23,48],4,0,[1,2],3,5,[-9,-16],2,0},{'A',[71,126],4,0,[9,16],2,3,[-1,-2],3,0},{'A',[71,382],5,0,[71,126],4,0,[0,1],0,8},{'A',[167,48],5,0,[23,48],4,0,[9,0],1,4},{'A',[48,-167],6,1,[167,48],5,0,[-71,-382],5,0},{'O',[48,-167],6,[48,-167],6,0},{'O',[167,48],5,[167,48],5,0}}
Adder graph: {{'A',[-127,0],1,0,[1,0],0,0,[-1,0],0,7},{'A',[1,8],1,0,[0,1],0,3,[1,0],0,0},{'A',[2,-1],1,0,[1,0],0,1,[0,-1],0,0},{'A',[0,-7],1,0,[0,1],0,0,[0,-1],0,3},{'A',[5,6],2,0,[1,8],1,0,[2,-1],1,1},{'A',[80,89],3,0,[0,-7],1,0,[5,6],2,4},{'A',[48,-167],4,0,[80,89],3,0,[-1,-8],1,5},{'A',[167,48],3,0,[5,6],2,3,[127,0],1,0},{'O',[48,-167],4,[48,-167],4,0},{'O',[167,48],3,[167,48],3,0}}
Adder graph: {{'A',[1,-2],1,0,[1,0],0,0,[0,-1],0,1},{'A',[7,2],2,0,[1,0],0,3,[-1,2],1,0},{'A',[57,16],3,0,[1,0],0,0,[7,2],2,3},{'A',[-167,-48],4,0,[57,16],3,0,[-7,-2],2,5},{'A',[0,-7],1,0,[0,1],0,0,[0,-1],0,3},{'A',[32,-71],2,0,[0,-7],1,0,[1,-2],1,5},{'A',[48,-103],3,0,[32,-71],2,0,[1,-2],1,4},{'A',[48,-167],4,0,[48,-103],3,0,[0,-1],0,6},{'O',[48,-167],4,[48,-167],4,0},{'O',[167,48],4,[167,48],4,0}}
Adder graph: {{'A',[1,1],1,0,[0,1],0,0,[1,0],0,0},{'A',[1,-3],2,0,[1,1],1,0,[0,-1],0,2},{'A',[-15,-16],2,0,[1,0],0,0,[-1,-1],1,4},{'A',[64,-191],3,0,[0,1],0,0,[1,-3],2,6},{'A',[2,-3],3,0,[1,0],0,0,[1,-3],2,0},{'A',[-47,80],3,0,[-15,-16],2,0,[-1,3],2,5},{'A',[48,-167],4,0,[64,-191],3,0,[-2,3],3,3},{'A',[-167,-48],4,0,[-47,80],3,0,[-15,-16],2,3},{'O',[48,-167],4,[48,-167],4,0},{'O',[167,48],4,[167,48],4,0}}
Adder graph: {{'A',[0,3],1,0,[0,1],0,1,[0,1],0,0},{'A',[0,-191],2,0,[0,1],0,0,[0,-3],1,6},{'A',[32,-191],3,0,[0,-191],2,0,[1,0],0,5},{'A',[2,3],2,0,[1,0],0,1,[0,3],1,0},{'A',[10,3],3,0,[2,3],2,0,[1,0],0,3},{'A',[-7,0],1,0,[1,0],0,0,[-1,0],0,3},{'A',[-167,-48],4,0,[-7,0],1,0,[-10,-3],3,4},{'A',[48,-167],4,0,[32,-191],3,0,[2,3],2,3},{'O',[48,-167],4,[48,-167],4,0},{'O',[167,48],4,[167,48],4,0}}
Adder graph: {{'A',[-63,0],1,0,[1,0],0,0,[-1,0],0,6},{'A',[2,1],1,0,[0,1],0,0,[1,0],0,1},{'A',[0,-63],1,0,[0,1],0,0,[0,-1],0,6},{'A',[-6,-3],2,0,[2,1],1,0,[-2,-1],1,2},{'A',[0,-191],2,0,[0,-63],1,0,[0,-1],0,7},{'A',[-71,0],2,0,[-63,0],1,0,[-1,0],0,3},{'A',[-167,-48],3,0,[-6,-3],2,4,[-71,0],2,0},{'A',[48,-167],3,0,[0,-191],2,0,[6,3],2,3},{'O',[48,-167],3,[48,-167],3,0},{'O',[167,48],3,[167,48],3,0}}
Adder graph: {{'A',[1,2],1,0,[1,0],0,0,[0,1],0,1},{'A',[0,-7],1,0,[0,1],0,0,[0,-1],0,3},{'A',[64,-7],2,0,[1,0],0,6,[0,-7],1,0},{'A',[48,-39],3,0,[64,-7],2,0,[-1,-2],1,4},{'A',[48,-167],4,0,[48,-39],3,0,[0,-1],0,7},{'A',[-7,2],2,0,[1,2],1,0,[-1,0],0,3},{'A',[80,25],4,0,[1,2],1,5,[48,-39],3,0},{'A',[-167,-48],5,0,[-7,2],2,0,[-80,-25],4,1},{'O',[48,-167],4,[48,-167],4,0},{'O',[167,48],5,[167,48],5,0}}
Adder graph: {{'A',[1,1],1,0,[0,1],0,0,[1,0],0,0},{'A',[-127,-128],2,0,[1,0],0,0,[-1,-1],1,7},{'A',[1,-2],1,0,[1,0],0,0,[0,-1],0,1},{'A',[5,-10],2,0,[1,-2],1,0,[1,-2],1,2},{'A',[0,-7],1,0,[0,1],0,0,[0,-1],0,3},{'A',[-167,-48],3,0,[-127,-128],2,0,[-5,10],2,3},{'A',[-32,-7],2,0,[0,-7],1,0,[-1,0],0,5},{'A',[48,-167],3,0,[-32,-7],2,0,[5,-10],2,4},{'O',[48,-167],3,[48,-167],3,0},{'O',[167,48],3,[167,48],3,0}}
Adder graph: {{'A',[-7,0],1,0,[1,0],0,0,[-1,0],0,3},{'A',[-71,0],2,0,[-7,0],1,0,[-1,0],0,6},{'A',[2,1],1,0,[0,1],0,0,[1,0],0,1},{'A',[0,-63],1,0,[0,1],0,0,[0,-1],0,6},{'A',[6,3],2,0,[2,1],1,0,[2,1],1,1},{'A',[-167,-48],3,0,[-71,0],2,0,[-6,-3],2,4},{'A',[48,-39],3,0,[0,-63],1,0,[6,3],2,3},{'A',[48,-167],4,0,[48,-39],3,0,[0,-1],0,7},{'O',[48,-167],4,[48,-167],4,0},{'O',[167,48],3,[167,48],3,0}}
Adder graph: {{'A',[2,1],1,0,[0,1],0,0,[1,0],0,1},{'A',[-7,0],1,0,[1,0],0,0,[-1,0],0,3},{'A',[2,3],2,0,[2,1],1,0,[0,1],0,1},{'A',[-39,-48],3,0,[-7,0],1,0,[-2,-3],2,4},{'A',[-167,-48],4,0,[-39,-48],3,0,[-1,0],0,7},{'A',[2,-5],3,0,[2,3],2,0,[0,-1],0,3},{'A',[-16,-7],2,0,[0,1],0,0,[-2,-1],1,3},{'A',[48,-167],4,0,[-16,-7],2,0,[2,-5],3,5},{'O',[48,-167],4,[48,-167],4,0},{'O',[167,48],4,[167,48],4,0}}
Adder graph: {{'A',[0,-7],1,0,[0,1],0,0,[0,-1],0,3},{'A',[1,2],1,0,[1,0],0,0,[0,1],0,1},{'A',[1,-2],2,0,[1,2],1,0,[0,-1],0,2},{'A',[-16,-39],2,0,[0,-7],1,0,[-1,-2],1,4},{'A',[5,2],2,0,[1,2],1,0,[1,0],0,2},{'A',[-7,16],3,0,[1,0],0,0,[-1,2],2,3},{'A',[-167,-48],4,0,[-7,16],3,0,[-5,-2],2,5},{'A',[48,-167],3,0,[-16,-39],2,0,[1,-2],2,6},{'O',[48,-167],3,[48,-167],3,0},{'O',[167,48],4,[167,48],4,0}}
Adder graph: {{'A',[1,-2],1,0,[1,0],0,0,[0,-1],0,1},{'A',[-7,16],2,0,[1,0],0,0,[-1,2],1,3},{'A',[1,2],2,0,[1,-2],1,0,[0,1],0,2},{'A',[0,-7],1,0,[0,1],0,0,[0,-1],0,3},{'A',[-16,-39],3,0,[0,-7],1,0,[-1,-2],2,4},{'A',[48,-167],4,0,[-16,-39],3,0,[1,-2],1,6},{'A',[-39,-48],3,0,[-7,16],2,0,[-1,-2],2,5},{'A',[-167,-48],4,0,[-39,-48],3,0,[-1,0],0,7},{'O',[48,-167],4,[48,-167],4,0},{'O',[167,48],4,[167,48],4,0}}
Finished solving after 103159 seconds
Adder graph: {{'A',[1,-2],1,0,[1,0],0,0,[0,-1],0,1},{'A',[-7,16],2,0,[1,0],0,0,[-1,2],1,3},{'A',[1,2],2,0,[1,-2],1,0,[0,1],0,2},{'A',[0,-7],1,0,[0,1],0,0,[0,-1],0,3},{'A',[-16,-39],3,0,[0,-7],1,0,[-1,-2],2,4},{'A',[48,-167],4,0,[-16,-39],3,0,[1,-2],1,6},{'A',[-39,-48],3,0,[-7,16],2,0,[-1,-2],2,5},{'A',[-167,-48],4,0,[-39,-48],3,0,[-1,0],0,7},{'O',[48,-167],4,[48,-167],4,0},{'O',[167,48],4,[167,48],4,0}}
#Add optimal = 0
#FAs optimal = 0
