Adder graph: {{'A',[2,1],1,0,[0,1],0,0,[1,0],0,1},{'A',[128,65],2,0,[0,1],0,0,[2,1],1,6},{'A',[254,-1],2,0,[1,0],0,8,[-2,-1],1,0},{'A',[-30,-15],2,0,[2,1],1,0,[-2,-1],1,4},{'A',[49,25],3,1,[-30,-15],2,0,[128,65],2,0},{'A',[-156,51],4,0,[49,25],3,1,[-254,1],2,0},{'A',[410,-52],5,0,[254,-1],2,0,[156,-51],4,0},{'A',[-51,-156],6,1,[410,-52],5,0,[-128,-65],2,2},{'O',[-156,51],4,[-156,51],4,0},{'O',[51,156],6,[51,156],6,0}}
Adder graph: {{'A',[-1,1],1,0,[0,1],0,0,[-1,0],0,0},{'A',[-3,1],2,0,[-1,1],1,0,[-1,0],0,1},{'A',[-131,129],3,0,[-3,1],2,0,[-1,1],1,7},{'A',[-27,9],3,0,[-3,1],2,3,[-3,1],2,0},{'A',[-261,258],4,0,[-131,129],3,1,[1,0],0,0},{'A',[-108,35],4,0,[-27,9],3,2,[0,-1],0,0},{'A',[-156,51],5,0,[-108,35],4,0,[-3,1],2,4},{'A',[51,156],6,0,[-261,258],4,0,[156,-51],5,1},{'O',[-156,51],5,[-156,51],5,0},{'O',[51,156],6,[51,156],6,0}}
Adder graph: {{'A',[-4,1],1,0,[0,1],0,0,[-1,0],0,2},{'A',[-4,3],2,0,[0,1],0,1,[-4,1],1,0},{'A',[124,-29],3,0,[-4,3],2,0,[4,-1],1,5},{'A',[1,64],1,0,[0,1],0,6,[1,0],0,0},{'A',[-156,53],4,0,[-4,3],2,3,[-124,29],3,0},{'A',[156,-51],5,0,[0,1],0,1,[156,-53],4,0},{'A',[17,52],3,0,[1,64],1,0,[4,-3],2,2},{'A',[-51,-156],4,0,[17,52],3,0,[-17,-52],3,2},{'O',[-156,51],5,[-156,51],5,0},{'O',[51,156],4,[51,156],4,0}}
Adder graph: {{'A',[7,0],1,0,[1,0],0,3,[-1,0],0,0},{'A',[7,4],2,0,[0,1],0,2,[7,0],1,0},{'A',[7,20],3,0,[7,4],2,0,[0,1],0,4},{'A',[5,4],3,0,[7,4],2,0,[-1,0],0,1},{'A',[-51,-156],4,0,[5,4],3,0,[-7,-20],3,3},{'A',[13,-4],4,0,[5,4],3,2,[-7,-20],3,0},{'A',[-52,17],5,0,[0,1],0,0,[-13,4],4,2},{'A',[156,-51],6,0,[-52,17],5,0,[52,-17],5,2},{'O',[-156,51],6,[-156,51],6,0},{'O',[51,156],4,[51,156],4,0}}
Adder graph: {{'A',[-4,1],1,0,[0,1],0,0,[-1,0],0,2},{'A',[-5,1],2,0,[-4,1],1,0,[-1,0],0,0},{'A',[-13,1],3,0,[-5,1],2,0,[-1,0],0,3},{'A',[0,5],1,0,[0,1],0,2,[0,1],0,0},{'A',[13,39],4,0,[0,5],1,3,[13,-1],3,0},{'A',[-40,13],3,0,[-5,1],2,3,[0,5],1,0},{'A',[-51,-156],5,0,[1,0],0,0,[-13,-39],4,2},{'A',[156,-51],4,0,[-4,1],1,0,[40,-13],3,2},{'O',[-156,51],4,[-156,51],4,0},{'O',[51,156],5,[51,156],5,0}}
Adder graph: {{'A',[1,1],1,0,[0,1],0,0,[1,0],0,0},{'A',[1,3],2,0,[0,1],0,1,[1,1],1,0},{'A',[-2,-5],3,0,[0,1],0,0,[-1,-3],2,1},{'A',[5,15],3,0,[1,3],2,2,[1,3],2,0},{'A',[13,39],4,0,[5,15],3,0,[1,3],2,3},{'A',[-51,-156],5,0,[1,0],0,0,[-13,-39],4,2},{'A',[100,307],6,0,[-2,-5],3,0,[51,156],5,1},{'A',[-156,51],7,0,[100,307],6,0,[-1,-1],1,8},{'O',[-156,51],7,[-156,51],7,0},{'O',[51,156],5,[51,156],5,0}}
Adder graph: {{'A',[1,4],1,0,[1,0],0,0,[0,1],0,2},{'A',[0,-31],1,0,[0,1],0,0,[0,-1],0,5},{'A',[1,5],2,0,[0,1],0,0,[1,4],1,0},{'A',[5,0],1,0,[1,0],0,0,[1,0],0,2},{'A',[-39,5],3,0,[1,5],2,0,[-5,0],1,3},{'A',[-19,4],2,0,[1,4],1,0,[-5,0],1,2},{'A',[-51,-156],3,0,[-19,4],2,0,[-1,-5],2,5},{'A',[156,-51],4,0,[0,-31],1,0,[39,-5],3,2},{'O',[-156,51],4,[-156,51],4,0},{'O',[51,156],3,[51,156],3,0}}
Adder graph: {{'A',[1,1],1,0,[0,1],0,0,[1,0],0,0},{'A',[1,3],2,0,[0,1],0,1,[1,1],1,0},{'A',[-3,-9],3,0,[1,3],2,0,[-1,-3],2,2},{'A',[13,39],4,0,[-3,-9],3,0,[1,3],2,4},{'A',[-51,-156],5,0,[1,0],0,0,[-13,-39],4,2},{'A',[-19,7],5,0,[13,39],4,0,[-1,-1],1,5},{'A',[4,5],2,0,[0,1],0,0,[1,1],1,2},{'A',[156,-51],6,0,[4,5],2,0,[19,-7],5,3},{'O',[-156,51],6,[-156,51],6,0},{'O',[51,156],5,[51,156],5,0}}
Adder graph: {{'A',[3,0],1,0,[1,0],0,1,[1,0],0,0},{'A',[2,1],1,0,[1,0],0,1,[0,1],0,0},{'A',[35,16],2,0,[3,0],1,0,[2,1],1,4},{'A',[4,3],2,0,[2,1],1,1,[0,1],0,0},{'A',[4,35],3,0,[4,3],2,0,[0,1],0,5},{'A',[36,51],4,0,[4,35],3,0,[2,1],1,4},{'A',[-156,51],5,0,[36,51],4,0,[-3,0],1,6},{'A',[51,156],4,0,[35,16],2,0,[4,35],3,2},{'O',[-156,51],5,[-156,51],5,0},{'O',[51,156],4,[51,156],4,0}}
Adder graph: {{'A',[-1,1],1,0,[0,1],0,0,[-1,0],0,0},{'A',[1,3],2,0,[0,1],0,2,[1,-1],1,0},{'A',[-3,-12],3,0,[1,0],0,0,[-1,-3],2,2},{'A',[13,36],4,0,[-3,-12],3,0,[1,3],2,4},{'A',[-51,-156],5,0,[13,36],4,0,[-1,-3],2,6},{'A',[-4,-11],3,0,[0,1],0,0,[-1,-3],2,2},{'A',[28,77],4,0,[-4,-11],3,0,[4,11],3,3},{'A',[156,-51],5,0,[28,77],4,0,[1,-1],1,7},{'O',[-156,51],5,[-156,51],5,0},{'O',[51,156],5,[51,156],5,0}}
Adder graph: {{'A',[1,1],1,0,[1,0],0,0,[0,1],0,0},{'A',[-1,1],2,0,[1,1],1,0,[-1,0],0,1},{'A',[1,5],2,0,[1,1],1,0,[0,1],0,2},{'A',[-5,1],3,0,[-1,1],2,0,[-1,0],0,2},{'A',[-19,4],4,0,[1,0],0,0,[-5,1],3,2},{'A',[-51,-156],5,0,[-19,4],4,0,[-1,-5],2,5},{'A',[-4,-19],3,0,[0,1],0,0,[-1,-5],2,2},{'A',[156,-51],4,0,[-4,-19],3,0,[5,-1],3,5},{'O',[-156,51],4,[-156,51],4,0},{'O',[51,156],5,[51,156],5,0}}
Finished solving after 111328 seconds
Adder graph: {{'A',[1,1],1,0,[1,0],0,0,[0,1],0,0},{'A',[-1,1],2,0,[1,1],1,0,[-1,0],0,1},{'A',[1,5],2,0,[1,1],1,0,[0,1],0,2},{'A',[-5,1],3,0,[-1,1],2,0,[-1,0],0,2},{'A',[-19,4],4,0,[1,0],0,0,[-5,1],3,2},{'A',[-51,-156],5,0,[-19,4],4,0,[-1,-5],2,5},{'A',[-4,-19],3,0,[0,1],0,0,[-1,-5],2,2},{'A',[156,-51],4,0,[-4,-19],3,0,[5,-1],3,5},{'O',[-156,51],4,[-156,51],4,0},{'O',[51,156],5,[51,156],5,0}}
#Add optimal = 0
#FAs optimal = 0
