Adder graph: {{'A',[-1,4],1,0,[0,1],0,2,[-1,0],0,0},{'A',[3,0],1,0,[1,0],0,1,[1,0],0,0},{'A',[2,-7],2,0,[0,1],0,0,[1,-4],1,1},{'A',[-46,-7],3,0,[2,-7],2,0,[-3,0],1,4},{'A',[2,57],3,0,[2,-7],2,0,[0,1],0,6},{'A',[16,457],4,0,[0,1],0,0,[2,57],3,3},{'A',[186,85],4,0,[2,57],3,0,[46,7],3,2},{'A',[-85,186],5,1,[16,457],4,0,[-186,-85],4,0},{'O',[85,-186],5,[85,-186],5,0},{'O',[186,85],4,[186,85],4,0}}
Adder graph: {{'A',[2,1],1,0,[1,0],0,1,[0,1],0,0},{'A',[6,3],2,0,[2,1],1,1,[2,1],1,0},{'A',[6,11],3,0,[0,1],0,3,[6,3],2,0},{'A',[6,-53],4,0,[6,11],3,0,[0,-1],0,6},{'A',[186,85],4,0,[6,3],2,5,[-6,-11],3,0},{'A',[22,-45],5,0,[6,-53],4,0,[2,1],1,3},{'A',[3,6],4,1,[6,11],3,0,[0,1],0,0},{'A',[-85,186],6,0,[3,6],4,0,[-22,45],5,2},{'O',[85,-186],6,[85,-186],6,0},{'O',[186,85],4,[186,85],4,0}}
Adder graph: {{'A',[9,0],1,0,[1,0],0,0,[1,0],0,3},{'A',[4,1],1,0,[0,1],0,0,[1,0],0,2},{'A',[14,-1],2,0,[9,0],1,1,[-4,-1],1,0},{'A',[-55,-16],2,0,[9,0],1,0,[-4,-1],1,4},{'A',[14,-17],3,0,[14,-1],2,0,[0,-1],0,4},{'A',[70,-85],4,0,[14,-17],3,2,[14,-17],3,0},{'A',[-186,-85],5,0,[70,-85],4,0,[-1,0],0,8},{'A',[85,-186],5,0,[70,-85],4,1,[-55,-16],2,0},{'O',[85,-186],5,[85,-186],5,0},{'O',[186,85],5,[186,85],5,0}}
Adder graph: {{'A',[0,-3],1,0,[0,1],0,0,[0,-1],0,2},{'A',[3,0],1,0,[1,0],0,1,[1,0],0,0},{'A',[-6,-3],2,0,[0,-3],1,0,[-3,0],1,1},{'A',[6,11],3,0,[0,1],0,3,[6,3],2,0},{'A',[-186,-85],4,0,[6,11],3,0,[-6,-3],2,5},{'A',[3,-6],2,0,[0,-3],1,1,[3,0],1,0},{'A',[11,-6],3,0,[3,-6],2,0,[1,0],0,3},{'A',[-85,186],4,0,[11,-6],3,0,[-3,6],2,5},{'O',[85,-186],4,[85,-186],4,0},{'O',[186,85],4,[186,85],4,0}}
Adder graph: {{'A',[0,-3],1,0,[0,1],0,0,[0,-1],0,2},{'A',[-3,0],1,0,[1,0],0,0,[-1,0],0,2},{'A',[-6,-3],2,0,[0,-3],1,0,[-3,0],1,1},{'A',[-3,6],2,0,[-3,0],1,0,[0,3],1,1},{'A',[-11,6],3,0,[-3,6],2,0,[-1,0],0,3},{'A',[85,-186],4,0,[-11,6],3,0,[3,-6],2,5},{'A',[6,11],3,0,[0,1],0,3,[6,3],2,0},{'A',[-186,-85],4,0,[6,11],3,0,[-6,-3],2,5},{'O',[85,-186],4,[85,-186],4,0},{'O',[186,85],4,[186,85],4,0}}
Adder graph: {{'A',[2,1],1,0,[0,1],0,0,[1,0],0,1},{'A',[10,5],2,0,[2,1],1,0,[2,1],1,2},{'A',[26,5],3,0,[10,5],2,0,[1,0],0,4},{'A',[186,85],4,0,[10,5],2,4,[26,5],3,0},{'A',[2,-3],2,0,[2,1],1,0,[0,-1],0,2},{'A',[3,-6],3,0,[2,-3],2,1,[-1,0],0,0},{'A',[11,-6],4,0,[3,-6],3,0,[1,0],0,3},{'A',[-85,186],5,0,[11,-6],4,0,[-3,6],3,5},{'O',[85,-186],5,[85,-186],5,0},{'O',[186,85],4,[186,85],4,0}}
Adder graph: {{'A',[2,1],1,0,[0,1],0,0,[1,0],0,1},{'A',[-6,-3],2,0,[2,1],1,0,[-2,-1],1,2},{'A',[-6,-11],3,0,[-6,-3],2,0,[0,-1],0,3},{'A',[186,85],4,0,[-6,-11],3,0,[6,3],2,5},{'A',[2,-3],2,0,[2,1],1,0,[0,-1],0,2},{'A',[-3,6],3,0,[1,0],0,0,[-2,3],2,1},{'A',[-11,6],4,0,[-3,6],3,0,[-1,0],0,3},{'A',[85,-186],5,0,[-11,6],4,0,[3,-6],3,5},{'O',[85,-186],5,[85,-186],5,0},{'O',[186,85],4,[186,85],4,0}}
Adder graph: {{'A',[1,-2],1,0,[1,0],0,0,[0,-1],0,1},{'A',[5,-10],2,0,[1,-2],1,0,[1,-2],1,2},{'A',[5,-26],3,0,[5,-10],2,0,[0,-1],0,4},{'A',[85,-186],4,0,[5,-26],3,0,[5,-10],2,4},{'A',[2,1],1,0,[0,1],0,0,[1,0],0,1},{'A',[10,5],2,0,[2,1],1,0,[2,1],1,2},{'A',[26,5],3,0,[10,5],2,0,[1,0],0,4},{'A',[186,85],4,0,[26,5],3,0,[10,5],2,4},{'O',[85,-186],4,[85,-186],4,0},{'O',[186,85],4,[186,85],4,0}}
Finished solving after 108288 seconds
Adder graph: {{'A',[1,-2],1,0,[1,0],0,0,[0,-1],0,1},{'A',[5,-10],2,0,[1,-2],1,0,[1,-2],1,2},{'A',[5,-26],3,0,[5,-10],2,0,[0,-1],0,4},{'A',[85,-186],4,0,[5,-26],3,0,[5,-10],2,4},{'A',[2,1],1,0,[0,1],0,0,[1,0],0,1},{'A',[10,5],2,0,[2,1],1,0,[2,1],1,2},{'A',[26,5],3,0,[10,5],2,0,[1,0],0,4},{'A',[186,85],4,0,[26,5],3,0,[10,5],2,4},{'O',[85,-186],4,[85,-186],4,0},{'O',[186,85],4,[186,85],4,0}}
#Add optimal = 0
#FAs optimal = 0
