Adder graph: {{'A',[1,-2,0,0,0,0],1,0,[1,0,0,0,0,0],0,0,[0,-1,0,0,0,0],0,1},{'A',[0,0,1,0,0,-1],1,0,[0,0,1,0,0,0],0,0,[0,0,0,0,0,-1],0,0},{'A',[1,-2,0,2,0,0],2,0,[0,0,0,1,0,0],0,1,[1,-2,0,0,0,0],1,0},{'A',[2,-4,0,2,0,0],3,0,[1,-2,0,0,0,0],1,0,[1,-2,0,2,0,0],2,0},{'A',[0,0,-1,0,2,1],2,0,[0,0,0,0,1,0],0,1,[0,0,-1,0,0,1],1,0},{'A',[14,-28,0,30,0,0],4,0,[1,-2,0,2,0,0],2,4,[-2,4,0,-2,0,0],3,0},{'A',[14,-28,8,30,-16,-8],5,0,[14,-28,0,30,0,0],4,0,[0,0,1,0,-2,-1],2,3},{'A',[7,-14,12,15,-8,-12],6,1,[0,0,1,0,0,-1],1,4,[14,-28,8,30,-16,-8],5,0},{'A',[-14,28,-25,-30,18,25],7,0,[0,0,-1,0,2,1],2,0,[-7,14,-12,-15,8,12],6,1},{'O',[-14,28,-25,-30,18,25],7,[-14,28,-25,-30,18,25],7,0}}
Adder graph: {{'A',[0,0,-1,0,0,1],1,0,[0,0,0,0,0,1],0,0,[0,0,-1,0,0,0],0,0},{'A',[1,-2,0,0,0,0],1,0,[1,0,0,0,0,0],0,0,[0,-1,0,0,0,0],0,1},{'A',[1,-2,1,0,0,-1],2,0,[1,-2,0,0,0,0],1,0,[0,0,1,0,0,-1],1,0},{'A',[0,0,-1,0,2,1],2,0,[0,0,0,0,1,0],0,1,[0,0,-1,0,0,1],1,0},{'A',[0,0,-9,0,18,9],3,0,[0,0,-1,0,2,1],2,3,[0,0,-1,0,2,1],2,0},{'A',[0,0,0,-15,0,0],1,0,[0,0,0,1,0,0],0,0,[0,0,0,-1,0,0],0,4},{'A',[-8,16,-8,-15,0,8],3,0,[0,0,0,-15,0,0],1,0,[-1,2,-1,0,0,1],2,3},{'A',[-7,14,-8,-15,0,8],4,0,[-8,16,-8,-15,0,8],3,0,[1,-2,0,0,0,0],1,0},{'A',[-14,28,-25,-30,18,25],5,0,[-7,14,-8,-15,0,8],4,1,[0,0,-9,0,18,9],3,0},{'O',[-14,28,-25,-30,18,25],5,[-14,28,-25,-30,18,25],5,0}}
Adder graph: {{'A',[1,0,0,0,-1,0],1,0,[1,0,0,0,0,0],0,0,[0,0,0,0,-1,0],0,0},{'A',[0,0,-1,0,0,1],1,0,[0,0,0,0,0,1],0,0,[0,0,-1,0,0,0],0,0},{'A',[0,0,16,1,0,-16],2,0,[0,0,0,1,0,0],0,0,[0,0,1,0,0,-1],1,4},{'A',[0,0,-1,4,0,1],2,0,[0,0,-1,0,0,1],1,0,[0,0,0,1,0,0],0,2},{'A',[2,0,-1,4,-2,1],3,0,[1,0,0,0,-1,0],1,1,[0,0,-1,4,0,1],2,0},{'A',[2,-4,-1,4,-2,1],4,0,[2,0,-1,4,-2,1],3,0,[0,-1,0,0,0,0],0,2},{'A',[2,-4,-1,4,2,1],5,0,[2,-4,-1,4,-2,1],4,0,[0,0,0,0,1,0],0,2},{'A',[-2,4,33,-2,-2,-33],6,0,[0,0,16,1,0,-16],2,1,[-2,4,1,-4,-2,-1],5,0},{'A',[14,-28,25,30,-18,-25],7,0,[-2,4,33,-2,-2,-33],6,0,[2,-4,-1,4,-2,1],4,3},{'O',[-14,28,-25,-30,18,25],7,[-14,28,-25,-30,18,25],7,0}}
Adder graph: {{'A',[0,1,0,-1,0,0],1,0,[0,1,0,0,0,0],0,0,[0,0,0,-1,0,0],0,0},{'A',[0,0,-1,0,0,1],1,0,[0,0,0,0,0,1],0,0,[0,0,-1,0,0,0],0,0},{'A',[0,0,0,-1,1,0],1,0,[0,0,0,0,1,0],0,0,[0,0,0,-1,0,0],0,0},{'A',[2,0,-1,0,0,1],2,0,[0,0,-1,0,0,1],1,0,[1,0,0,0,0,0],0,1},{'A',[0,0,0,-1,9,0],2,0,[0,0,0,-1,1,0],1,0,[0,0,0,0,1,0],0,3},{'A',[2,-4,-1,4,0,1],3,0,[2,0,-1,0,0,1],2,0,[0,-1,0,1,0,0],1,2},{'A',[0,0,-16,-1,9,16],3,0,[0,0,0,-1,9,0],2,0,[0,0,-1,0,0,1],1,4},{'A',[14,-28,-7,28,0,7],4,0,[2,-4,-1,4,0,1],3,3,[-2,4,1,-4,0,-1],3,0},{'A',[14,-28,25,30,-18,-25],5,0,[14,-28,-7,28,0,7],4,0,[0,0,16,1,-9,-16],3,1},{'O',[-14,28,-25,-30,18,25],5,[-14,28,-25,-30,18,25],5,0}}
Adder graph: {{'A',[0,0,0,-15,0,0],1,0,[0,0,0,1,0,0],0,0,[0,0,0,-1,0,0],0,4},{'A',[0,2,0,0,-1,0],1,0,[0,1,0,0,0,0],0,1,[0,0,0,0,-1,0],0,0},{'A',[0,0,0,-15,16,0],2,0,[0,0,0,-15,0,0],1,0,[0,0,0,0,1,0],0,4},{'A',[-1,2,0,0,-1,0],2,0,[0,2,0,0,-1,0],1,0,[-1,0,0,0,0,0],0,0},{'A',[0,0,1,0,0,-1],1,0,[0,0,1,0,0,0],0,0,[0,0,0,0,0,-1],0,0},{'A',[-2,4,1,0,-2,-1],3,0,[0,0,1,0,0,-1],1,0,[-1,2,0,0,-1,0],2,1},{'A',[-2,4,-3,0,-2,3],4,0,[-2,4,1,0,-2,-1],3,0,[0,0,-1,0,0,1],1,2},{'A',[-2,4,1,30,-34,-1],4,0,[-2,4,1,0,-2,-1],3,0,[0,0,0,15,-16,0],2,1},{'A',[14,-28,25,30,-18,-25],5,0,[-2,4,1,30,-34,-1],4,0,[2,-4,3,0,2,-3],4,3},{'O',[-14,28,-25,-30,18,25],5,[-14,28,-25,-30,18,25],5,0}}
Adder graph: {{'A',[1,-2,0,0,0,0],1,0,[1,0,0,0,0,0],0,0,[0,-1,0,0,0,0],0,1},{'A',[0,0,1,0,0,-1],1,0,[0,0,1,0,0,0],0,0,[0,0,0,0,0,-1],0,0},{'A',[0,0,1,0,-2,-1],2,0,[0,0,1,0,0,-1],1,0,[0,0,0,0,-1,0],0,1},{'A',[0,0,1,-2,-2,-1],3,0,[0,0,1,0,-2,-1],2,0,[0,0,0,-1,0,0],0,1},{'A',[0,0,1,2,0,-1],2,0,[0,0,0,1,0,0],0,1,[0,0,1,0,0,-1],1,0},{'A',[0,0,9,-2,-18,-9],4,0,[0,0,1,-2,-2,-1],3,0,[0,0,1,0,-2,-1],2,3},{'A',[-2,4,9,-2,-18,-9],5,0,[0,0,9,-2,-18,-9],4,0,[-1,2,0,0,0,0],1,1},{'A',[-2,4,25,30,-18,-25],6,0,[-2,4,9,-2,-18,-9],5,0,[0,0,1,2,0,-1],2,4},{'A',[14,-28,25,30,-18,-25],7,0,[1,-2,0,0,0,0],1,4,[-2,4,25,30,-18,-25],6,0},{'O',[-14,28,-25,-30,18,25],7,[-14,28,-25,-30,18,25],7,0}}
Adder graph: {{'A',[0,0,0,1,1,0],1,0,[0,0,0,1,0,0],0,0,[0,0,0,0,1,0],0,0},{'A',[0,0,1,0,0,-1],1,0,[0,0,1,0,0,0],0,0,[0,0,0,0,0,-1],0,0},{'A',[0,0,0,-15,1,0],2,0,[0,0,0,1,1,0],1,0,[0,0,0,-1,0,0],0,4},{'A',[0,4,1,0,0,-1],2,0,[0,0,1,0,0,-1],1,0,[0,1,0,0,0,0],0,2},{'A',[-2,4,1,0,0,-1],3,0,[0,4,1,0,0,-1],2,0,[-1,0,0,0,0,0],0,1},{'A',[0,0,0,-15,9,0],3,0,[0,0,0,-15,1,0],2,0,[0,0,0,0,1,0],0,3},{'A',[-2,4,-3,0,0,3],4,0,[-2,4,1,0,0,-1],3,0,[0,0,-1,0,0,1],1,2},{'A',[2,-4,-1,-30,18,1],4,0,[0,0,0,-15,9,0],3,1,[2,-4,-1,0,0,1],3,0},{'A',[-14,28,-25,-30,18,25],5,0,[2,-4,-1,-30,18,1],4,0,[-2,4,-3,0,0,3],4,3},{'O',[-14,28,-25,-30,18,25],5,[-14,28,-25,-30,18,25],5,0}}
Finished solving after 131402 seconds
Adder graph: {{'A',[0,0,0,1,1,0],1,0,[0,0,0,1,0,0],0,0,[0,0,0,0,1,0],0,0},{'A',[0,0,1,0,0,-1],1,0,[0,0,1,0,0,0],0,0,[0,0,0,0,0,-1],0,0},{'A',[0,0,0,-15,1,0],2,0,[0,0,0,1,1,0],1,0,[0,0,0,-1,0,0],0,4},{'A',[0,4,1,0,0,-1],2,0,[0,0,1,0,0,-1],1,0,[0,1,0,0,0,0],0,2},{'A',[-2,4,1,0,0,-1],3,0,[0,4,1,0,0,-1],2,0,[-1,0,0,0,0,0],0,1},{'A',[0,0,0,-15,9,0],3,0,[0,0,0,-15,1,0],2,0,[0,0,0,0,1,0],0,3},{'A',[-2,4,-3,0,0,3],4,0,[-2,4,1,0,0,-1],3,0,[0,0,-1,0,0,1],1,2},{'A',[2,-4,-1,-30,18,1],4,0,[0,0,0,-15,9,0],3,1,[2,-4,-1,0,0,1],3,0},{'A',[-14,28,-25,-30,18,25],5,0,[2,-4,-1,-30,18,1],4,0,[-2,4,-3,0,0,3],4,3},{'O',[-14,28,-25,-30,18,25],5,[-14,28,-25,-30,18,25],5,0}}
#Add optimal = 0
#FAs optimal = 0
