Adder graph: {{'A',[0,0,0,0,1,1],1,0,[0,0,0,0,0,1],0,0,[0,0,0,0,1,0],0,0},{'A',[0,0,0,1,2,2],2,0,[0,0,0,0,1,1],1,1,[0,0,0,1,0,0],0,0},{'A',[0,0,-1,1,2,2],3,0,[0,0,0,1,2,2],2,0,[0,0,-1,0,0,0],0,0},{'A',[1,2,0,0,0,0],1,0,[1,0,0,0,0,0],0,0,[0,1,0,0,0,0],0,1},{'A',[0,0,2,-2,-3,-3],4,0,[0,0,0,0,1,1],1,0,[0,0,1,-1,-2,-2],3,1},{'A',[1,2,0,0,-4,0],2,0,[1,2,0,0,0,0],1,0,[0,0,0,0,-1,0],0,2},{'A',[8,16,-1,1,2,2],4,0,[1,2,0,0,0,0],1,3,[0,0,-1,1,2,2],3,0},{'A',[8,16,-3,3,5,5],5,0,[8,16,-1,1,2,2],4,0,[0,0,-2,2,3,3],4,0},{'A',[15,30,-6,6,14,10],6,0,[8,16,-3,3,5,5],5,1,[-1,-2,0,0,4,0],2,0},{'O',[-15,-30,6,-6,-14,-10],6,[-15,-30,6,-6,-14,-10],6,0}}
Adder graph: {{'A',[0,0,0,0,-7,0],1,0,[0,0,0,0,1,0],0,0,[0,0,0,0,-1,0],0,3},{'A',[1,2,0,0,0,0],1,0,[0,1,0,0,0,0],0,1,[1,0,0,0,0,0],0,0},{'A',[0,0,0,0,7,4],2,0,[0,0,0,0,0,1],0,2,[0,0,0,0,7,0],1,0},{'A',[-15,-30,0,0,0,0],2,0,[1,2,0,0,0,0],1,0,[-1,-2,0,0,0,0],1,4},{'A',[0,0,-1,1,0,0],1,0,[0,0,0,1,0,0],0,0,[0,0,-1,0,0,0],0,0},{'A',[0,0,-1,1,0,-1],2,0,[0,0,-1,1,0,0],1,0,[0,0,0,0,0,-1],0,0},{'A',[0,0,-1,1,-7,-5],3,0,[0,0,-1,1,0,-1],2,0,[0,0,0,0,-7,-4],2,0},{'A',[0,0,3,-3,-7,-5],4,0,[0,0,-1,1,-7,-5],3,0,[0,0,1,-1,0,0],1,2},{'A',[-15,-30,6,-6,-14,-10],5,0,[0,0,3,-3,-7,-5],4,1,[-15,-30,0,0,0,0],2,0},{'O',[-15,-30,6,-6,-14,-10],5,[-15,-30,6,-6,-14,-10],5,0}}
Adder graph: {{'A',[0,0,1,0,0,1],1,0,[0,0,0,0,0,1],0,0,[0,0,1,0,0,0],0,0},{'A',[0,0,1,-1,0,1],2,0,[0,0,1,0,0,1],1,0,[0,0,0,-1,0,0],0,0},{'A',[0,0,0,0,-7,0],1,0,[0,0,0,0,1,0],0,0,[0,0,0,0,-1,0],0,3},{'A',[1,2,0,0,0,0],1,0,[0,1,0,0,0,0],0,1,[1,0,0,0,0,0],0,0},{'A',[-15,-30,0,0,0,0],2,0,[1,2,0,0,0,0],1,0,[-1,-2,0,0,0,0],1,4},{'A',[-15,-30,0,0,0,-16],3,0,[-15,-30,0,0,0,0],2,0,[0,0,0,0,0,-1],0,4},{'A',[0,0,4,-4,-7,4],3,0,[0,0,0,0,-7,0],1,0,[0,0,1,-1,0,1],2,2},{'A',[0,0,-3,3,7,-3],4,0,[0,0,1,-1,0,1],2,0,[0,0,-4,4,7,-4],3,0},{'A',[15,30,-6,6,14,10],5,0,[0,0,-3,3,7,-3],4,1,[15,30,0,0,0,16],3,0},{'O',[-15,-30,6,-6,-14,-10],5,[-15,-30,6,-6,-14,-10],5,0}}
Adder graph: {{'A',[0,0,0,0,-7,0],1,0,[0,0,0,0,1,0],0,0,[0,0,0,0,-1,0],0,3},{'A',[1,2,0,0,0,0],1,0,[0,1,0,0,0,0],0,1,[1,0,0,0,0,0],0,0},{'A',[0,0,1,-1,0,0],1,0,[0,0,1,0,0,0],0,0,[0,0,0,-1,0,0],0,0},{'A',[0,0,1,-1,0,-2],2,0,[0,0,1,-1,0,0],1,0,[0,0,0,0,0,-1],0,1},{'A',[-8,-16,0,0,-7,0],2,0,[0,0,0,0,-7,0],1,0,[-1,-2,0,0,0,0],1,3},{'A',[1,2,4,-4,0,-8],3,0,[1,2,0,0,0,0],1,0,[0,0,1,-1,0,-2],2,2},{'A',[0,0,1,-1,0,-1],2,0,[0,0,1,-1,0,0],1,0,[0,0,0,0,0,-1],0,0},{'A',[1,2,6,-6,0,-10],4,0,[0,0,1,-1,0,-1],2,1,[1,2,4,-4,0,-8],3,0},{'A',[-15,-30,6,-6,-14,-10],5,0,[1,2,6,-6,0,-10],4,0,[-8,-16,0,0,-7,0],2,1},{'O',[-15,-30,6,-6,-14,-10],5,[-15,-30,6,-6,-14,-10],5,0}}
Adder graph: {{'A',[0,1,0,0,1,0],1,0,[0,1,0,0,0,0],0,0,[0,0,0,0,1,0],0,0},{'A',[1,2,0,0,2,0],2,0,[1,0,0,0,0,0],0,0,[0,1,0,0,1,0],1,1},{'A',[1,2,0,0,2,-2],3,0,[1,2,0,0,2,0],2,0,[0,0,0,0,0,-1],0,1},{'A',[1,2,0,0,1,0],3,0,[1,2,0,0,2,0],2,0,[0,0,0,0,-1,0],0,0},{'A',[0,0,1,-1,0,0],1,0,[0,0,1,0,0,0],0,0,[0,0,0,-1,0,0],0,0},{'A',[0,0,-3,3,0,0],2,0,[0,0,1,-1,0,0],1,0,[0,0,-1,1,0,0],1,2},{'A',[1,2,0,0,2,-10],4,0,[1,2,0,0,2,-2],3,0,[0,0,0,0,0,-1],0,3},{'A',[8,16,-3,3,8,0],4,0,[0,0,-3,3,0,0],2,0,[1,2,0,0,1,0],3,3},{'A',[-15,-30,6,-6,-14,-10],5,0,[1,2,0,0,2,-10],4,0,[-8,-16,3,-3,-8,0],4,1},{'O',[-15,-30,6,-6,-14,-10],5,[-15,-30,6,-6,-14,-10],5,0}}
Adder graph: {{'A',[0,0,0,0,1,-1],1,0,[0,0,0,0,1,0],0,0,[0,0,0,0,0,-1],0,0},{'A',[0,0,1,-1,0,0],1,0,[0,0,1,0,0,0],0,0,[0,0,0,-1,0,0],0,0},{'A',[1,2,0,0,0,0],1,0,[1,0,0,0,0,0],0,0,[0,1,0,0,0,0],0,1},{'A',[0,0,1,-1,-1,1],2,0,[0,0,1,-1,0,0],1,0,[0,0,0,0,-1,1],1,0},{'A',[-1,-2,2,-2,-2,2],3,0,[0,0,1,-1,-1,1],2,1,[-1,-2,0,0,0,0],1,0},{'A',[0,0,1,-1,0,-1],2,0,[0,0,1,-1,0,0],1,0,[0,0,0,0,0,-1],0,0},{'A',[1,2,0,0,1,0],2,0,[1,2,0,0,0,0],1,0,[0,0,0,0,1,0],0,0},{'A',[-1,-2,-6,6,-2,10],4,0,[-1,-2,2,-2,-2,2],3,0,[0,0,-1,1,0,1],2,3},{'A',[15,30,-6,6,14,10],5,0,[-1,-2,-6,6,-2,10],4,0,[1,2,0,0,1,0],2,4},{'O',[-15,-30,6,-6,-14,-10],5,[-15,-30,6,-6,-14,-10],5,0}}
Finished solving after 131356 seconds
Adder graph: {{'A',[0,0,0,0,1,-1],1,0,[0,0,0,0,1,0],0,0,[0,0,0,0,0,-1],0,0},{'A',[0,0,1,-1,0,0],1,0,[0,0,1,0,0,0],0,0,[0,0,0,-1,0,0],0,0},{'A',[1,2,0,0,0,0],1,0,[1,0,0,0,0,0],0,0,[0,1,0,0,0,0],0,1},{'A',[0,0,1,-1,-1,1],2,0,[0,0,1,-1,0,0],1,0,[0,0,0,0,-1,1],1,0},{'A',[-1,-2,2,-2,-2,2],3,0,[0,0,1,-1,-1,1],2,1,[-1,-2,0,0,0,0],1,0},{'A',[0,0,1,-1,0,-1],2,0,[0,0,1,-1,0,0],1,0,[0,0,0,0,0,-1],0,0},{'A',[1,2,0,0,1,0],2,0,[1,2,0,0,0,0],1,0,[0,0,0,0,1,0],0,0},{'A',[-1,-2,-6,6,-2,10],4,0,[-1,-2,2,-2,-2,2],3,0,[0,0,-1,1,0,1],2,3},{'A',[15,30,-6,6,14,10],5,0,[-1,-2,-6,6,-2,10],4,0,[1,2,0,0,1,0],2,4},{'O',[-15,-30,6,-6,-14,-10],5,[-15,-30,6,-6,-14,-10],5,0}}
#Add optimal = 0
#FAs optimal = 0
