Adder graph: {{'A',[0,0,1,1,0,0],1,0,[0,0,1,0,0,0],0,0,[0,0,0,1,0,0],0,0},{'A',[0,0,-1,-1,1,0],2,0,[0,0,0,0,1,0],0,0,[0,0,-1,-1,0,0],1,0},{'A',[-1,1,0,0,0,0],1,0,[0,1,0,0,0,0],0,0,[-1,0,0,0,0,0],0,0},{'A',[-1,1,0,0,0,-1],2,0,[-1,1,0,0,0,0],1,0,[0,0,0,0,0,-1],0,0},{'A',[15,-15,0,0,0,15],3,0,[-1,1,0,0,0,-1],2,0,[1,-1,0,0,0,1],2,4},{'A',[15,-15,8,8,-8,15],4,0,[15,-15,0,0,0,15],3,0,[0,0,1,1,-1,0],2,3},{'A',[15,-15,10,10,-10,15],5,0,[15,-15,8,8,-8,15],4,0,[0,0,1,1,-1,0],2,1},{'A',[1,-1,1,0,0,0],2,0,[0,0,1,0,0,0],0,0,[1,-1,0,0,0,0],1,0},{'A',[19,-19,14,10,-10,15],6,0,[15,-15,10,10,-10,15],5,0,[1,-1,1,0,0,0],2,2},{'O',[-19,19,-14,-10,10,-15],6,[-19,19,-14,-10,10,-15],6,0}}
Adder graph: {{'A',[0,0,0,1,-1,0],1,0,[0,0,0,1,0,0],0,0,[0,0,0,0,-1,0],0,0},{'A',[-1,1,0,0,0,0],1,0,[0,1,0,0,0,0],0,0,[-1,0,0,0,0,0],0,0},{'A',[-1,1,0,0,0,-1],2,0,[-1,1,0,0,0,0],1,0,[0,0,0,0,0,-1],0,0},{'A',[0,0,1,-4,4,0],2,0,[0,0,1,0,0,0],0,0,[0,0,0,-1,1,0],1,2},{'A',[0,0,8,1,-1,0],2,0,[0,0,1,0,0,0],0,3,[0,0,0,1,-1,0],1,0},{'A',[-5,5,0,0,0,-4],3,0,[-1,1,0,0,0,0],1,0,[-1,1,0,0,0,-1],2,2},{'A',[0,0,7,5,-5,0],3,0,[0,0,8,1,-1,0],2,0,[0,0,-1,4,-4,0],2,0},{'A',[-1,1,14,10,-10,-1],4,0,[0,0,7,5,-5,0],3,1,[-1,1,0,0,0,-1],2,0},{'A',[19,-19,14,10,-10,15],5,0,[-1,1,14,10,-10,-1],4,0,[5,-5,0,0,0,4],3,2},{'O',[-19,19,-14,-10,10,-15],5,[-19,19,-14,-10,10,-15],5,0}}
Adder graph: {{'A',[0,0,0,-1,1,0],1,0,[0,0,0,0,1,0],0,0,[0,0,0,-1,0,0],0,0},{'A',[-1,1,0,0,0,0],1,0,[0,1,0,0,0,0],0,0,[-1,0,0,0,0,0],0,0},{'A',[-2,2,0,-1,1,0],2,0,[-1,1,0,0,0,0],1,1,[0,0,0,-1,1,0],1,0},{'A',[-1,1,-2,0,0,0],2,0,[-1,1,0,0,0,0],1,0,[0,0,-1,0,0,0],0,1},{'A',[-4,4,0,-2,2,1],3,0,[0,0,0,0,0,1],0,0,[-2,2,0,-1,1,0],2,1},{'A',[-3,3,2,-2,2,1],4,0,[-4,4,0,-2,2,1],3,0,[1,-1,2,0,0,0],2,0},{'A',[-3,3,-14,-2,2,1],5,0,[-3,3,2,-2,2,1],4,0,[0,0,-1,0,0,0],0,4},{'A',[3,-3,14,2,-2,15],6,0,[0,0,0,0,0,1],0,4,[3,-3,14,2,-2,-1],5,0},{'A',[19,-19,14,10,-10,15],7,0,[3,-3,14,2,-2,15],6,0,[2,-2,0,1,-1,0],2,3},{'O',[-19,19,-14,-10,10,-15],7,[-19,19,-14,-10,10,-15],7,0}}
Adder graph: {{'A',[0,0,0,0,0,-3],1,0,[0,0,0,0,0,1],0,0,[0,0,0,0,0,-1],0,2},{'A',[0,0,0,1,-1,0],1,0,[0,0,0,1,0,0],0,0,[0,0,0,0,-1,0],0,0},{'A',[0,0,0,-2,2,-3],2,0,[0,0,0,0,0,-3],1,0,[0,0,0,-1,1,0],1,1},{'A',[-1,1,0,0,0,0],1,0,[0,1,0,0,0,0],0,0,[-1,0,0,0,0,0],0,0},{'A',[-1,1,0,-2,2,-3],3,0,[-1,1,0,0,0,0],1,0,[0,0,0,-2,2,-3],2,0},{'A',[1,-1,1,0,0,0],2,0,[0,0,1,0,0,0],0,0,[1,-1,0,0,0,0],1,0},{'A',[-7,7,-7,0,0,0],3,0,[1,-1,1,0,0,0],2,0,[-1,1,-1,0,0,0],2,3},{'A',[-5,5,0,-10,10,-15],4,0,[-1,1,0,-2,2,-3],3,0,[-1,1,0,-2,2,-3],3,2},{'A',[-19,19,-14,-10,10,-15],5,0,[-5,5,0,-10,10,-15],4,0,[-7,7,-7,0,0,0],3,1},{'O',[-19,19,-14,-10,10,-15],5,[-19,19,-14,-10,10,-15],5,0}}
Adder graph: {{'A',[0,0,0,-1,1,0],1,0,[0,0,0,0,1,0],0,0,[0,0,0,-1,0,0],0,0},{'A',[1,-1,0,0,0,0],1,0,[1,0,0,0,0,0],0,0,[0,-1,0,0,0,0],0,0},{'A',[0,0,-1,-1,1,0],2,0,[0,0,0,-1,1,0],1,0,[0,0,-1,0,0,0],0,0},{'A',[0,0,0,0,0,-15],1,0,[0,0,0,0,0,1],0,0,[0,0,0,0,0,-1],0,4},{'A',[2,-2,1,1,-1,0],3,0,[1,-1,0,0,0,0],1,1,[0,0,1,1,-1,0],2,0},{'A',[-4,4,-2,-2,2,-15],4,0,[0,0,0,0,0,-15],1,0,[-2,2,-1,-1,1,0],3,1},{'A',[1,-1,-4,0,0,0],2,0,[1,-1,0,0,0,0],1,0,[0,0,-1,0,0,0],0,2},{'A',[-3,3,-6,-2,2,-15],5,0,[-4,4,-2,-2,2,-15],4,0,[1,-1,-4,0,0,0],2,0},{'A',[-19,19,-14,-10,10,-15],6,0,[-3,3,-6,-2,2,-15],5,0,[-2,2,-1,-1,1,0],3,3},{'O',[-19,19,-14,-10,10,-15],6,[-19,19,-14,-10,10,-15],6,0}}
Adder graph: {{'A',[1,-1,0,0,0,0],1,0,[1,0,0,0,0,0],0,0,[0,-1,0,0,0,0],0,0},{'A',[0,0,0,0,0,-15],1,0,[0,0,0,0,0,1],0,0,[0,0,0,0,0,-1],0,4},{'A',[0,0,0,1,-1,0],1,0,[0,0,0,1,0,0],0,0,[0,0,0,0,-1,0],0,0},{'A',[0,0,-16,0,0,-15],2,0,[0,0,0,0,0,-15],1,0,[0,0,-1,0,0,0],0,4},{'A',[2,-2,0,1,-1,0],2,0,[0,0,0,1,-1,0],1,0,[1,-1,0,0,0,0],1,1},{'A',[1,-1,2,0,0,0],2,0,[1,-1,0,0,0,0],1,0,[0,0,1,0,0,0],0,1},{'A',[1,-1,-14,0,0,-15],3,0,[0,0,-16,0,0,-15],2,0,[1,-1,2,0,0,0],2,0},{'A',[-3,3,-14,-2,2,-15],4,0,[1,-1,-14,0,0,-15],3,0,[-2,2,0,-1,1,0],2,1},{'A',[-19,19,-14,-10,10,-15],5,0,[-3,3,-14,-2,2,-15],4,0,[-2,2,0,-1,1,0],2,3},{'O',[-19,19,-14,-10,10,-15],5,[-19,19,-14,-10,10,-15],5,0}}
Adder graph: {{'A',[1,-1,0,0,0,0],1,0,[1,0,0,0,0,0],0,0,[0,-1,0,0,0,0],0,0},{'A',[1,-1,2,0,0,0],2,0,[1,-1,0,0,0,0],1,0,[0,0,1,0,0,0],0,1},{'A',[0,0,0,-1,1,0],1,0,[0,0,0,0,1,0],0,0,[0,0,0,-1,0,0],0,0},{'A',[1,-1,2,0,0,1],3,0,[0,0,0,0,0,1],0,0,[1,-1,2,0,0,0],2,0},{'A',[-2,2,0,-1,1,0],2,0,[0,0,0,-1,1,0],1,0,[-1,1,0,0,0,0],1,1},{'A',[-3,3,2,-2,2,1],4,0,[1,-1,2,0,0,1],3,0,[-2,2,0,-1,1,0],2,1},{'A',[0,0,2,-1,1,0],2,0,[0,0,0,-1,1,0],1,0,[0,0,1,0,0,0],0,1},{'A',[-3,3,18,-10,10,1],5,0,[-3,3,2,-2,2,1],4,0,[0,0,2,-1,1,0],2,3},{'A',[-19,19,-14,-10,10,-15],6,0,[-3,3,18,-10,10,1],5,0,[-1,1,-2,0,0,-1],3,4},{'O',[-19,19,-14,-10,10,-15],6,[-19,19,-14,-10,10,-15],6,0}}
Finished solving after 131145 seconds
Adder graph: {{'A',[1,-1,0,0,0,0],1,0,[1,0,0,0,0,0],0,0,[0,-1,0,0,0,0],0,0},{'A',[1,-1,2,0,0,0],2,0,[1,-1,0,0,0,0],1,0,[0,0,1,0,0,0],0,1},{'A',[0,0,0,-1,1,0],1,0,[0,0,0,0,1,0],0,0,[0,0,0,-1,0,0],0,0},{'A',[1,-1,2,0,0,1],3,0,[0,0,0,0,0,1],0,0,[1,-1,2,0,0,0],2,0},{'A',[-2,2,0,-1,1,0],2,0,[0,0,0,-1,1,0],1,0,[-1,1,0,0,0,0],1,1},{'A',[-3,3,2,-2,2,1],4,0,[1,-1,2,0,0,1],3,0,[-2,2,0,-1,1,0],2,1},{'A',[0,0,2,-1,1,0],2,0,[0,0,0,-1,1,0],1,0,[0,0,1,0,0,0],0,1},{'A',[-3,3,18,-10,10,1],5,0,[-3,3,2,-2,2,1],4,0,[0,0,2,-1,1,0],2,3},{'A',[-19,19,-14,-10,10,-15],6,0,[-3,3,18,-10,10,1],5,0,[-1,1,-2,0,0,-1],3,4},{'O',[-19,19,-14,-10,10,-15],6,[-19,19,-14,-10,10,-15],6,0}}
#Add optimal = 0
#FAs optimal = 0
