Adder graph: {{'A',[0,-1,0,0,1,0],1,0,[0,0,0,0,1,0],0,0,[0,-1,0,0,0,0],0,0},{'A',[2,0,0,-1,0,0],1,0,[1,0,0,0,0,0],0,1,[0,0,0,-1,0,0],0,0},{'A',[0,4,0,0,0,1],1,0,[0,0,0,0,0,1],0,0,[0,1,0,0,0,0],0,2},{'A',[2,0,4,-1,0,0],2,0,[0,0,1,0,0,0],0,2,[2,0,0,-1,0,0],1,0},{'A',[2,8,0,-1,-8,0],2,0,[2,0,0,-1,0,0],1,0,[0,1,0,0,-1,0],1,3},{'A',[0,-4,0,0,0,15],2,0,[0,0,0,0,0,1],0,4,[0,-4,0,0,0,-1],1,0},{'A',[16,1,32,-8,-1,0],3,0,[2,0,4,-1,0,0],2,3,[0,1,0,0,-1,0],1,0},{'A',[0,4,4,0,0,-15],3,0,[0,0,1,0,0,0],0,2,[0,4,0,0,0,-15],2,0},{'A',[-16,3,-28,8,1,-15],4,0,[0,4,4,0,0,-15],3,0,[-16,-1,-32,8,1,0],3,0},{'A',[2,8,0,7,-8,0],3,0,[0,0,0,1,0,0],0,3,[2,8,0,-1,-8,0],2,0},{'A',[-20,-13,-28,-6,17,-15],5,0,[-16,3,-28,8,1,-15],4,0,[-2,-8,0,-7,8,0],3,1},{'O',[-20,-13,-28,-6,17,-15],5,[-20,-13,-28,-6,17,-15],5,0}}
Adder graph: {{'A',[0,1,0,-2,0,0],1,0,[0,1,0,0,0,0],0,0,[0,0,0,-1,0,0],0,1},{'A',[0,0,-7,0,0,0],1,0,[0,0,1,0,0,0],0,0,[0,0,-1,0,0,0],0,3},{'A',[0,1,0,-2,0,-1],2,0,[0,1,0,-2,0,0],1,0,[0,0,0,0,0,-1],0,0},{'A',[1,-1,0,2,0,1],3,0,[1,0,0,0,0,0],0,0,[0,-1,0,2,0,1],2,0},{'A',[4,-4,0,8,0,3],4,0,[1,-1,0,2,0,1],3,2,[0,0,0,0,0,-1],0,0},{'A',[0,-1,0,2,1,0],2,0,[0,0,0,0,1,0],0,0,[0,-1,0,2,0,0],1,0},{'A',[4,12,0,8,0,3],5,0,[4,-4,0,8,0,3],4,0,[0,1,0,0,0,0],0,4},{'A',[4,13,0,6,-1,3],6,0,[4,12,0,8,0,3],5,0,[0,1,0,-2,-1,0],2,0},{'A',[-4,-13,-28,-6,1,-3],7,0,[0,0,-7,0,0,0],1,2,[-4,-13,0,-6,1,-3],6,0},{'A',[-4,-29,-28,26,17,-3],8,0,[-4,-13,-28,-6,1,-3],7,0,[0,-1,0,2,1,0],2,4},{'A',[-20,-13,-28,-6,17,-15],9,0,[-4,-29,-28,26,17,-3],8,0,[-4,4,0,-8,0,-3],4,2},{'O',[-20,-13,-28,-6,17,-15],9,[-20,-13,-28,-6,17,-15],9,0}}
Adder graph: {{'A',[1,0,0,1,0,0],1,0,[1,0,0,0,0,0],0,0,[0,0,0,1,0,0],0,0},{'A',[1,0,0,1,-4,0],2,0,[1,0,0,1,0,0],1,0,[0,0,0,0,-1,0],0,2},{'A',[0,0,0,0,1,-8],1,0,[0,0,0,0,1,0],0,0,[0,0,0,0,0,-1],0,3},{'A',[0,0,0,2,-1,8],2,0,[0,0,0,1,0,0],0,1,[0,0,0,0,-1,8],1,0},{'A',[0,2,0,0,0,1],1,0,[0,0,0,0,0,1],0,0,[0,1,0,0,0,0],0,1},{'A',[0,2,4,0,0,1],2,0,[0,2,0,0,0,1],1,0,[0,0,1,0,0,0],0,2},{'A',[4,-1,0,4,-16,0],3,0,[1,0,0,1,-4,0],2,2,[0,-1,0,0,0,0],0,0},{'A',[20,-1,0,4,-16,0],4,0,[4,-1,0,4,-16,0],3,0,[1,0,0,0,0,0],0,4},{'A',[20,-3,-4,4,-16,-1],5,0,[20,-1,0,4,-16,0],4,0,[0,-2,-4,0,0,-1],2,0},{'A',[20,-3,-4,6,-17,7],6,0,[20,-3,-4,4,-16,-1],5,0,[0,0,0,2,-1,8],2,0},{'A',[20,13,28,6,-17,15],7,0,[0,2,4,0,0,1],2,3,[20,-3,-4,6,-17,7],6,0},{'O',[-20,-13,-28,-6,17,-15],7,[-20,-13,-28,-6,17,-15],7,0}}
Adder graph: {{'A',[0,0,0,0,17,0],1,0,[0,0,0,0,1,0],0,0,[0,0,0,0,1,0],0,4},{'A',[-4,0,1,0,0,0],1,0,[0,0,1,0,0,0],0,0,[-1,0,0,0,0,0],0,2},{'A',[-5,0,1,0,0,0],2,0,[-4,0,1,0,0,0],1,0,[-1,0,0,0,0,0],0,0},{'A',[0,2,0,1,0,0],1,0,[0,1,0,0,0,0],0,1,[0,0,0,1,0,0],0,0},{'A',[0,0,-32,0,17,0],2,0,[0,0,0,0,17,0],1,0,[0,0,-1,0,0,0],0,5},{'A',[0,-3,0,-2,0,0],2,0,[0,1,0,0,0,0],0,0,[0,-2,0,-1,0,0],1,1},{'A',[-5,-4,1,-2,0,0],3,0,[-5,0,1,0,0,0],2,0,[0,-2,0,-1,0,0],1,1},{'A',[-5,-4,1,-2,0,-4],4,0,[-5,-4,1,-2,0,0],3,0,[0,0,0,0,0,-1],0,2},{'A',[0,0,-32,0,17,1],3,0,[0,0,-32,0,17,0],2,0,[0,0,0,0,0,1],0,0},{'A',[0,3,-32,2,17,1],4,0,[0,0,-32,0,17,1],3,0,[0,3,0,2,0,0],2,0},{'A',[-20,-13,-28,-6,17,-15],5,0,[0,3,-32,2,17,1],4,0,[-5,-4,1,-2,0,-4],4,2},{'O',[-20,-13,-28,-6,17,-15],5,[-20,-13,-28,-6,17,-15],5,0}}
Adder graph: {{'A',[0,1,0,-2,0,0],1,0,[0,1,0,0,0,0],0,0,[0,0,0,-1,0,0],0,1},{'A',[0,0,0,0,1,-16],1,0,[0,0,0,0,1,0],0,0,[0,0,0,0,0,-1],0,4},{'A',[0,-16,0,0,1,-16],2,0,[0,0,0,0,1,-16],1,0,[0,-1,0,0,0,0],0,4},{'A',[0,1,0,-2,0,1],2,0,[0,1,0,-2,0,0],1,0,[0,0,0,0,0,1],0,0},{'A',[4,-1,0,2,0,-1],3,0,[1,0,0,0,0,0],0,2,[0,-1,0,2,0,-1],2,0},{'A',[-4,-15,0,-2,1,-15],4,0,[0,-16,0,0,1,-16],2,0,[-4,1,0,-2,0,1],3,0},{'A',[1,0,0,0,-1,0],1,0,[1,0,0,0,0,0],0,0,[0,0,0,0,-1,0],0,0},{'A',[-4,0,1,0,4,0],2,0,[0,0,1,0,0,0],0,0,[-1,0,0,0,1,0],1,2},{'A',[-4,-15,-32,-2,1,-15],5,0,[-4,-15,0,-2,1,-15],4,0,[0,0,-1,0,0,0],0,5},{'A',[-8,1,2,-2,8,0],3,0,[0,1,0,-2,0,0],1,0,[-4,0,1,0,4,0],2,1},{'A',[-20,-13,-28,-6,17,-15],6,0,[-4,-15,-32,-2,1,-15],5,0,[-8,1,2,-2,8,0],3,1},{'O',[-20,-13,-28,-6,17,-15],6,[-20,-13,-28,-6,17,-15],6,0}}
Adder graph: {{'A',[0,1,0,0,0,1],1,0,[0,1,0,0,0,0],0,0,[0,0,0,0,0,1],0,0},{'A',[1,0,-1,0,0,0],1,0,[1,0,0,0,0,0],0,0,[0,0,-1,0,0,0],0,0},{'A',[1,0,0,0,-1,0],1,0,[1,0,0,0,0,0],0,0,[0,0,0,0,-1,0],0,0},{'A',[8,0,0,1,-8,0],2,0,[1,0,0,0,-1,0],1,3,[0,0,0,1,0,0],0,0},{'A',[8,0,16,1,-8,0],3,0,[0,0,1,0,0,0],0,4,[8,0,0,1,-8,0],2,0},{'A',[0,2,0,0,1,0],1,0,[0,0,0,0,1,0],0,0,[0,1,0,0,0,0],0,1},{'A',[0,-2,0,4,-1,0],2,0,[0,0,0,1,0,0],0,2,[0,-2,0,0,-1,0],1,0},{'A',[0,14,0,4,-1,16],3,0,[0,1,0,0,0,1],1,4,[0,-2,0,4,-1,0],2,0},{'A',[4,-1,-4,0,0,-1],2,0,[1,0,-1,0,0,0],1,2,[0,-1,0,0,0,-1],1,0},{'A',[4,13,-4,4,-1,15],4,0,[0,14,0,4,-1,16],3,0,[4,-1,-4,0,0,-1],2,0},{'A',[20,13,28,6,-17,15],5,0,[4,13,-4,4,-1,15],4,0,[8,0,16,1,-8,0],3,1},{'O',[-20,-13,-28,-6,17,-15],5,[-20,-13,-28,-6,17,-15],5,0}}
Adder graph: {{'A',[0,1,0,0,0,1],1,0,[0,0,0,0,0,1],0,0,[0,1,0,0,0,0],0,0},{'A',[0,0,0,2,-1,0],1,0,[0,0,0,1,0,0],0,1,[0,0,0,0,-1,0],0,0},{'A',[0,-2,0,2,-1,0],2,0,[0,0,0,2,-1,0],1,0,[0,-1,0,0,0,0],0,1},{'A',[0,-15,0,0,0,-15],2,0,[0,1,0,0,0,1],1,0,[0,-1,0,0,0,-1],1,4},{'A',[1,0,1,0,0,0],1,0,[1,0,0,0,0,0],0,0,[0,0,1,0,0,0],0,0},{'A',[1,0,1,-1,0,0],2,0,[1,0,1,0,0,0],1,0,[0,0,0,-1,0,0],0,0},{'A',[1,0,0,0,2,0],1,0,[1,0,0,0,0,0],0,0,[0,0,0,0,1,0],0,1},{'A',[3,0,1,-1,4,0],3,0,[1,0,1,-1,0,0],2,0,[1,0,0,0,2,0],1,1},{'A',[32,-2,32,2,-1,0],3,0,[1,0,1,0,0,0],1,5,[0,-2,0,2,-1,0],2,0},{'A',[20,-2,28,6,-17,0],4,0,[32,-2,32,2,-1,0],3,0,[-3,0,-1,1,-4,0],3,2},{'A',[-20,-13,-28,-6,17,-15],5,0,[0,-15,0,0,0,-15],2,0,[-20,2,-28,-6,17,0],4,0},{'O',[-20,-13,-28,-6,17,-15],5,[-20,-13,-28,-6,17,-15],5,0}}
Adder graph: {{'A',[0,0,0,4,1,0],1,0,[0,0,0,1,0,0],0,2,[0,0,0,0,1,0],0,0},{'A',[0,1,0,2,0,0],1,0,[0,1,0,0,0,0],0,0,[0,0,0,1,0,0],0,1},{'A',[4,1,0,2,0,0],2,0,[0,1,0,2,0,0],1,0,[1,0,0,0,0,0],0,2},{'A',[0,-2,1,0,0,0],1,0,[0,0,1,0,0,0],0,0,[0,-1,0,0,0,0],0,1},{'A',[0,0,-2,0,1,0],1,0,[0,0,0,0,1,0],0,0,[0,0,-1,0,0,0],0,1},{'A',[0,0,0,4,1,1],2,0,[0,0,0,4,1,0],1,0,[0,0,0,0,0,1],0,0},{'A',[4,3,-1,2,0,0],3,0,[4,1,0,2,0,0],2,0,[0,2,-1,0,0,0],1,0},{'A',[0,0,-32,4,17,1],3,0,[0,0,0,4,1,1],2,0,[0,0,-2,0,1,0],1,4},{'A',[4,1,0,2,0,16],3,0,[4,1,0,2,0,0],2,0,[0,0,0,0,0,1],0,4},{'A',[20,13,-4,10,0,16],4,0,[4,3,-1,2,0,0],3,2,[4,1,0,2,0,16],3,0},{'A',[20,13,28,6,-17,15],5,0,[20,13,-4,10,0,16],4,0,[0,0,32,-4,-17,-1],3,0},{'O',[-20,-13,-28,-6,17,-15],5,[-20,-13,-28,-6,17,-15],5,0}}
Adder graph: {{'A',[0,0,0,0,1,1],1,0,[0,0,0,0,0,1],0,0,[0,0,0,0,1,0],0,0},{'A',[0,-1,0,2,0,0],1,0,[0,0,0,1,0,0],0,1,[0,-1,0,0,0,0],0,0},{'A',[0,0,0,0,1,-15],2,0,[0,0,0,0,1,1],1,0,[0,0,0,0,0,-1],0,4},{'A',[1,0,1,0,0,0],1,0,[1,0,0,0,0,0],0,0,[0,0,1,0,0,0],0,0},{'A',[0,-1,0,2,-4,0],2,0,[0,-1,0,2,0,0],1,0,[0,0,0,0,-1,0],0,2},{'A',[0,4,0,-8,17,-15],3,0,[0,0,0,0,1,-15],2,0,[0,1,0,-2,4,0],2,2},{'A',[4,-1,4,2,0,0],2,0,[0,-1,0,2,0,0],1,0,[1,0,1,0,0,0],1,2},{'A',[4,3,4,-6,17,-15],4,0,[4,-1,4,2,0,0],2,0,[0,4,0,-8,17,-15],3,0},{'A',[2,1,2,0,0,0],2,0,[0,1,0,0,0,0],0,0,[1,0,1,0,0,0],1,1},{'A',[12,3,4,-6,17,-15],5,0,[4,3,4,-6,17,-15],4,0,[1,0,0,0,0,0],0,3},{'A',[-20,-13,-28,-6,17,-15],6,0,[12,3,4,-6,17,-15],5,0,[-2,-1,-2,0,0,0],2,4},{'O',[-20,-13,-28,-6,17,-15],6,[-20,-13,-28,-6,17,-15],6,0}}
Adder graph: {{'A',[0,0,0,0,1,1],1,0,[0,0,0,0,0,1],0,0,[0,0,0,0,1,0],0,0},{'A',[32,1,0,0,0,0],1,0,[0,1,0,0,0,0],0,0,[1,0,0,0,0,0],0,5},{'A',[-1,0,1,0,0,0],1,0,[0,0,1,0,0,0],0,0,[-1,0,0,0,0,0],0,0},{'A',[-1,1,1,0,0,0],2,0,[-1,0,1,0,0,0],1,0,[0,1,0,0,0,0],0,0},{'A',[-2,2,2,1,0,0],3,0,[-1,1,1,0,0,0],2,1,[0,0,0,1,0,0],0,0},{'A',[-4,4,4,2,1,1],4,0,[0,0,0,0,1,1],1,0,[-2,2,2,1,0,0],3,1},{'A',[0,0,0,0,1,-1],2,0,[0,0,0,0,1,1],1,0,[0,0,0,0,0,-1],0,1},{'A',[0,0,1,0,-1,1],3,0,[0,0,1,0,0,0],0,0,[0,0,0,0,-1,1],2,0},{'A',[16,17,16,8,0,0],4,0,[32,1,0,0,0,0],1,0,[-2,2,2,1,0,0],3,3},{'A',[20,13,12,6,-1,-1],5,0,[16,17,16,8,0,0],4,0,[4,-4,-4,-2,-1,-1],4,0},{'A',[20,13,28,6,-17,15],6,0,[20,13,12,6,-1,-1],5,0,[0,0,1,0,-1,1],3,4},{'O',[-20,-13,-28,-6,17,-15],6,[-20,-13,-28,-6,17,-15],6,0}}
Adder graph: {{'A',[1,0,1,0,0,0],1,0,[1,0,0,0,0,0],0,0,[0,0,1,0,0,0],0,0},{'A',[-2,0,-2,1,0,0],2,0,[0,0,0,1,0,0],0,0,[-1,0,-1,0,0,0],1,1},{'A',[0,1,0,0,-1,0],1,0,[0,1,0,0,0,0],0,0,[0,0,0,0,-1,0],0,0},{'A',[0,-1,0,0,1,1],2,0,[0,0,0,0,0,1],0,0,[0,-1,0,0,1,0],1,0},{'A',[6,0,6,1,0,0],3,0,[-2,0,-2,1,0,0],2,0,[1,0,1,0,0,0],1,3},{'A',[-2,0,2,1,0,0],3,0,[0,0,1,0,0,0],0,2,[-2,0,-2,1,0,0],2,0},{'A',[0,-1,0,0,1,-15],3,0,[0,-1,0,0,1,1],2,0,[0,0,0,0,0,-1],0,4},{'A',[4,-1,-4,-2,1,-15],4,0,[0,-1,0,0,1,-15],3,0,[2,0,-2,-1,0,0],3,1},{'A',[0,-3,0,0,4,0],2,0,[0,1,0,0,0,0],0,0,[0,-1,0,0,1,0],1,2},{'A',[4,-13,-4,-2,17,-15],5,0,[4,-1,-4,-2,1,-15],4,0,[0,-3,0,0,4,0],2,2},{'A',[-20,-13,-28,-6,17,-15],6,0,[4,-13,-4,-2,17,-15],5,0,[-6,0,-6,-1,0,0],3,2},{'O',[-20,-13,-28,-6,17,-15],6,[-20,-13,-28,-6,17,-15],6,0}}
Adder graph: {{'A',[-4,0,1,0,0,0],1,0,[0,0,1,0,0,0],0,0,[-1,0,0,0,0,0],0,2},{'A',[0,0,0,-3,0,0],1,0,[0,0,0,1,0,0],0,0,[0,0,0,-1,0,0],0,2},{'A',[0,1,0,0,-1,0],1,0,[0,1,0,0,0,0],0,0,[0,0,0,0,-1,0],0,0},{'A',[0,1,0,0,-1,-1],2,0,[0,1,0,0,-1,0],1,0,[0,0,0,0,0,-1],0,0},{'A',[0,-8,0,-3,8,8],3,0,[0,0,0,-3,0,0],1,0,[0,-1,0,0,1,1],2,3},{'A',[-1,1,0,0,0,0],1,0,[0,1,0,0,0,0],0,0,[-1,0,0,0,0,0],0,0},{'A',[0,-8,0,-3,8,-8],4,0,[0,-8,0,-3,8,8],3,0,[0,0,0,0,0,-1],0,4},{'A',[-5,1,1,0,0,0],2,0,[-1,1,0,0,0,0],1,0,[-4,0,1,0,0,0],1,0},{'A',[-5,1,-7,0,0,0],3,0,[-5,1,1,0,0,0],2,0,[0,0,-1,0,0,0],0,3},{'A',[20,-3,28,0,-1,-1],4,0,[0,1,0,0,-1,-1],2,0,[5,-1,7,0,0,0],3,2},{'A',[20,13,28,6,-17,15],5,0,[20,-3,28,0,-1,-1],4,0,[0,8,0,3,-8,8],4,1},{'O',[-20,-13,-28,-6,17,-15],5,[-20,-13,-28,-6,17,-15],5,0}}
Finished solving after 221234 seconds
Adder graph: {{'A',[-4,0,1,0,0,0],1,0,[0,0,1,0,0,0],0,0,[-1,0,0,0,0,0],0,2},{'A',[0,0,0,-3,0,0],1,0,[0,0,0,1,0,0],0,0,[0,0,0,-1,0,0],0,2},{'A',[0,1,0,0,-1,0],1,0,[0,1,0,0,0,0],0,0,[0,0,0,0,-1,0],0,0},{'A',[0,1,0,0,-1,-1],2,0,[0,1,0,0,-1,0],1,0,[0,0,0,0,0,-1],0,0},{'A',[0,-8,0,-3,8,8],3,0,[0,0,0,-3,0,0],1,0,[0,-1,0,0,1,1],2,3},{'A',[-1,1,0,0,0,0],1,0,[0,1,0,0,0,0],0,0,[-1,0,0,0,0,0],0,0},{'A',[0,-8,0,-3,8,-8],4,0,[0,-8,0,-3,8,8],3,0,[0,0,0,0,0,-1],0,4},{'A',[-5,1,1,0,0,0],2,0,[-1,1,0,0,0,0],1,0,[-4,0,1,0,0,0],1,0},{'A',[-5,1,-7,0,0,0],3,0,[-5,1,1,0,0,0],2,0,[0,0,-1,0,0,0],0,3},{'A',[20,-3,28,0,-1,-1],4,0,[0,1,0,0,-1,-1],2,0,[5,-1,7,0,0,0],3,2},{'A',[20,13,28,6,-17,15],5,0,[20,-3,28,0,-1,-1],4,0,[0,8,0,3,-8,8],4,1},{'O',[-20,-13,-28,-6,17,-15],5,[-20,-13,-28,-6,17,-15],5,0}}
#Add optimal = 0
#FAs optimal = 0
