Adder graph: {{'A',[1,0,0,-1,0,0],1,0,[1,0,0,0,0,0],0,0,[0,0,0,-1,0,0],0,0},{'A',[0,4,1,0,0,0],1,0,[0,1,0,0,0,0],0,2,[0,0,1,0,0,0],0,0},{'A',[0,4,1,0,2,0],2,0,[0,0,0,0,1,0],0,1,[0,4,1,0,0,0],1,0},{'A',[8,-4,-1,-8,-2,0],3,0,[1,0,0,-1,0,0],1,3,[0,-4,-1,0,-2,0],2,0},{'A',[-1,0,0,1,0,4],2,0,[0,0,0,0,0,1],0,2,[-1,0,0,1,0,0],1,0},{'A',[15,-8,-2,-15,-4,4],4,0,[8,-4,-1,-8,-2,0],3,1,[-1,0,0,1,0,4],2,0},{'A',[15,-8,-2,-15,-4,6],5,0,[15,-8,-2,-15,-4,4],4,0,[0,0,0,0,0,1],0,1},{'A',[-30,20,5,30,10,-12],6,0,[0,4,1,0,2,0],2,0,[-15,8,2,15,4,-6],5,1},{'O',[-30,20,5,30,10,-12],6,[-30,20,5,30,10,-12],6,0}}
Adder graph: {{'A',[0,0,1,0,2,0],1,0,[0,0,1,0,0,0],0,0,[0,0,0,0,1,0],0,1},{'A',[0,2,0,0,0,-1],1,0,[0,1,0,0,0,0],0,1,[0,0,0,0,0,-1],0,0},{'A',[0,4,1,0,2,-2],2,0,[0,2,0,0,0,-1],1,1,[0,0,1,0,2,0],1,0},{'A',[0,20,5,0,10,-10],3,0,[0,4,1,0,2,-2],2,2,[0,4,1,0,2,-2],2,0},{'A',[1,0,0,-1,0,0],1,0,[1,0,0,0,0,0],0,0,[0,0,0,-1,0,0],0,0},{'A',[-15,0,0,15,0,0],2,0,[1,0,0,-1,0,0],1,0,[-1,0,0,1,0,0],1,4},{'A',[-15,0,0,15,0,-1],3,0,[-15,0,0,15,0,0],2,0,[0,0,0,0,0,-1],0,0},{'A',[-30,20,5,30,10,-12],4,0,[-15,0,0,15,0,-1],3,1,[0,20,5,0,10,-10],3,0},{'O',[-30,20,5,30,10,-12],4,[-30,20,5,30,10,-12],4,0}}
Adder graph: {{'A',[1,0,0,-1,0,0],1,0,[1,0,0,0,0,0],0,0,[0,0,0,-1,0,0],0,0},{'A',[0,0,1,0,2,0],1,0,[0,0,1,0,0,0],0,0,[0,0,0,0,1,0],0,1},{'A',[1,0,0,-1,0,2],2,0,[1,0,0,-1,0,0],1,0,[0,0,0,0,0,1],0,1},{'A',[0,4,1,0,2,0],2,0,[0,0,1,0,2,0],1,0,[0,1,0,0,0,0],0,2},{'A',[5,0,0,-5,0,2],3,0,[1,0,0,-1,0,2],2,0,[1,0,0,-1,0,0],1,2},{'A',[5,-4,-1,-5,-2,2],4,0,[5,0,0,-5,0,2],3,0,[0,-4,-1,0,-2,0],2,0},{'A',[40,-28,-7,-40,-14,16],5,0,[5,-4,-1,-5,-2,2],4,3,[0,4,1,0,2,0],2,0},{'A',[30,-20,-5,-30,-10,12],6,0,[40,-28,-7,-40,-14,16],5,0,[-5,4,1,5,2,-2],4,1},{'O',[-30,20,5,30,10,-12],6,[-30,20,5,30,10,-12],6,0}}
Adder graph: {{'A',[1,0,0,-1,0,0],1,0,[1,0,0,0,0,0],0,0,[0,0,0,-1,0,0],0,0},{'A',[0,2,0,0,1,0],1,0,[0,1,0,0,0,0],0,1,[0,0,0,0,1,0],0,0},{'A',[0,4,1,0,2,0],2,0,[0,2,0,0,1,0],1,1,[0,0,1,0,0,0],0,0},{'A',[0,0,0,0,0,3],1,0,[0,0,0,0,0,1],0,0,[0,0,0,0,0,1],0,1},{'A',[0,-4,-1,0,-2,3],3,0,[0,0,0,0,0,3],1,0,[0,-4,-1,0,-2,0],2,0},{'A',[-15,0,0,15,0,0],2,0,[1,0,0,-1,0,0],1,0,[-1,0,0,1,0,0],1,4},{'A',[-15,8,2,15,4,-6],4,0,[-15,0,0,15,0,0],2,0,[0,4,1,0,2,-3],3,1},{'A',[-30,20,5,30,10,-12],5,0,[-15,8,2,15,4,-6],4,1,[0,4,1,0,2,0],2,0},{'O',[-30,20,5,30,10,-12],5,[-30,20,5,30,10,-12],5,0}}
Adder graph: {{'A',[0,4,1,0,0,0],1,0,[0,1,0,0,0,0],0,2,[0,0,1,0,0,0],0,0},{'A',[0,0,0,0,0,3],1,0,[0,0,0,0,0,1],0,2,[0,0,0,0,0,-1],0,0},{'A',[1,0,0,-1,0,0],1,0,[1,0,0,0,0,0],0,0,[0,0,0,-1,0,0],0,0},{'A',[1,0,0,-1,0,-6],2,0,[1,0,0,-1,0,0],1,0,[0,0,0,0,0,-3],1,1},{'A',[0,4,1,0,2,0],2,0,[0,4,1,0,0,0],1,0,[0,0,0,0,1,0],0,1},{'A',[1,8,2,-1,4,-6],3,0,[1,0,0,-1,0,-6],2,0,[0,4,1,0,2,0],2,1},{'A',[-15,8,2,15,4,-6],4,0,[1,8,2,-1,4,-6],3,0,[-1,0,0,1,0,0],1,4},{'A',[-30,20,5,30,10,-12],5,0,[-15,8,2,15,4,-6],4,1,[0,4,1,0,2,0],2,0},{'O',[-30,20,5,30,10,-12],5,[-30,20,5,30,10,-12],5,0}}
Adder graph: {{'A',[-1,0,0,1,0,0],1,0,[0,0,0,1,0,0],0,0,[-1,0,0,0,0,0],0,0},{'A',[0,0,1,0,2,0],1,0,[0,0,0,0,1,0],0,1,[0,0,1,0,0,0],0,0},{'A',[0,-1,0,0,0,1],1,0,[0,0,0,0,0,1],0,0,[0,-1,0,0,0,0],0,0},{'A',[2,0,1,-2,2,0],2,0,[0,0,1,0,2,0],1,0,[1,0,0,-1,0,0],1,1},{'A',[2,-1,0,-2,0,1],2,0,[0,-1,0,0,0,1],1,0,[1,0,0,-1,0,0],1,1},{'A',[-6,4,1,6,2,-4],3,0,[2,0,1,-2,2,0],2,0,[-2,1,0,2,0,-1],2,2},{'A',[-6,4,1,6,2,-2],4,0,[-6,4,1,6,2,-4],3,0,[0,0,0,0,0,1],0,1},{'A',[-30,20,5,30,10,-12],5,0,[-6,4,1,6,2,-2],4,2,[-6,4,1,6,2,-4],3,0},{'O',[-30,20,5,30,10,-12],5,[-30,20,5,30,10,-12],5,0}}
Adder graph: {{'A',[1,0,0,-1,0,0],1,0,[1,0,0,0,0,0],0,0,[0,0,0,-1,0,0],0,0},{'A',[0,0,1,0,2,0],1,0,[0,0,1,0,0,0],0,0,[0,0,0,0,1,0],0,1},{'A',[1,0,0,-1,0,2],2,0,[1,0,0,-1,0,0],1,0,[0,0,0,0,0,1],0,1},{'A',[0,4,1,0,2,0],2,0,[0,0,1,0,2,0],1,0,[0,1,0,0,0,0],0,2},{'A',[-15,0,0,15,0,2],3,0,[1,0,0,-1,0,2],2,0,[-1,0,0,1,0,0],1,4},{'A',[0,20,5,0,10,0],3,0,[0,4,1,0,2,0],2,0,[0,4,1,0,2,0],2,2},{'A',[-30,20,5,30,10,4],4,0,[-15,0,0,15,0,2],3,1,[0,20,5,0,10,0],3,0},{'A',[-30,20,5,30,10,-12],5,0,[-30,20,5,30,10,4],4,0,[0,0,0,0,0,-1],0,4},{'O',[-30,20,5,30,10,-12],5,[-30,20,5,30,10,-12],5,0}}
Adder graph: {{'A',[-1,0,0,1,0,0],1,0,[0,0,0,1,0,0],0,0,[-1,0,0,0,0,0],0,0},{'A',[0,0,1,0,2,0],1,0,[0,0,1,0,0,0],0,0,[0,0,0,0,1,0],0,1},{'A',[-1,0,0,1,0,-2],2,0,[-1,0,0,1,0,0],1,0,[0,0,0,0,0,-1],0,1},{'A',[0,4,1,0,2,0],2,0,[0,1,0,0,0,0],0,2,[0,0,1,0,2,0],1,0},{'A',[-2,-4,-1,2,-2,-4],3,0,[-1,0,0,1,0,-2],2,1,[0,-4,-1,0,-2,0],2,0},{'A',[-2,-20,-5,2,-10,-4],4,0,[-2,-4,-1,2,-2,-4],3,0,[0,-4,-1,0,-2,0],2,2},{'A',[-2,-20,-5,2,-10,12],5,0,[-2,-20,-5,2,-10,-4],4,0,[0,0,0,0,0,1],0,4},{'A',[30,-20,-5,-30,-10,12],6,0,[-2,-20,-5,2,-10,12],5,0,[1,0,0,-1,0,0],1,5},{'O',[-30,20,5,30,10,-12],6,[-30,20,5,30,10,-12],6,0}}
Adder graph: {{'A',[0,0,1,0,2,0],1,0,[0,0,1,0,0,0],0,0,[0,0,0,0,1,0],0,1},{'A',[1,0,0,-1,0,0],1,0,[1,0,0,0,0,0],0,0,[0,0,0,-1,0,0],0,0},{'A',[0,4,1,0,2,0],2,0,[0,0,1,0,2,0],1,0,[0,1,0,0,0,0],0,2},{'A',[0,20,5,0,10,0],3,0,[0,4,1,0,2,0],2,0,[0,4,1,0,2,0],2,2},{'A',[1,0,0,-1,0,2],2,0,[1,0,0,-1,0,0],1,0,[0,0,0,0,0,1],0,1},{'A',[1,0,0,-1,0,-6],3,0,[1,0,0,-1,0,2],2,0,[0,0,0,0,0,-1],0,3},{'A',[2,20,5,-2,10,-12],4,0,[0,20,5,0,10,0],3,0,[1,0,0,-1,0,-6],3,1},{'A',[-30,20,5,30,10,-12],5,0,[2,20,5,-2,10,-12],4,0,[-1,0,0,1,0,0],1,5},{'O',[-30,20,5,30,10,-12],5,[-30,20,5,30,10,-12],5,0}}
Finished solving after 87483.3 seconds
Adder graph: {{'A',[0,0,1,0,2,0],1,0,[0,0,1,0,0,0],0,0,[0,0,0,0,1,0],0,1},{'A',[1,0,0,-1,0,0],1,0,[1,0,0,0,0,0],0,0,[0,0,0,-1,0,0],0,0},{'A',[0,4,1,0,2,0],2,0,[0,0,1,0,2,0],1,0,[0,1,0,0,0,0],0,2},{'A',[0,20,5,0,10,0],3,0,[0,4,1,0,2,0],2,0,[0,4,1,0,2,0],2,2},{'A',[1,0,0,-1,0,2],2,0,[1,0,0,-1,0,0],1,0,[0,0,0,0,0,1],0,1},{'A',[1,0,0,-1,0,-6],3,0,[1,0,0,-1,0,2],2,0,[0,0,0,0,0,-1],0,3},{'A',[2,20,5,-2,10,-12],4,0,[0,20,5,0,10,0],3,0,[1,0,0,-1,0,-6],3,1},{'A',[-30,20,5,30,10,-12],5,0,[2,20,5,-2,10,-12],4,0,[-1,0,0,1,0,0],1,5},{'O',[-30,20,5,30,10,-12],5,[-30,20,5,30,10,-12],5,0}}
#Add optimal = 0
#FAs optimal = 0
