Adder graph: {{'A',[0,0,1,-1,0,0],1,0,[0,0,1,0,0,0],0,0,[0,0,0,-1,0,0],0,0},{'A',[0,-1,16,-16,0,0],2,0,[0,0,1,-1,0,0],1,4,[0,-1,0,0,0,0],0,0},{'A',[0,0,1,-1,-1,0],2,0,[0,0,1,-1,0,0],1,0,[0,0,0,0,-1,0],0,0},{'A',[0,0,1,-1,-1,4],3,0,[0,0,0,0,0,1],0,2,[0,0,1,-1,-1,0],2,0},{'A',[0,0,1,-1,-1,20],4,0,[0,0,1,-1,-1,4],3,0,[0,0,0,0,0,1],0,4},{'A',[1,-4,0,0,0,0],1,0,[1,0,0,0,0,0],0,0,[0,-1,0,0,0,0],0,2},{'A',[0,0,-7,7,7,20],5,0,[0,0,1,-1,-1,20],4,0,[0,0,-1,1,1,0],2,3},{'A',[-1,4,0,2,0,0],2,0,[0,0,0,1,0,0],0,1,[-1,4,0,0,0,0],1,0},{'A',[-2,8,-7,11,7,20],6,0,[-1,4,0,2,0,0],2,1,[0,0,-7,7,7,20],5,0},{'A',[2,-7,-16,16,0,0],3,0,[1,-4,0,0,0,0],1,1,[0,1,-16,16,0,0],2,0},{'A',[6,-22,-25,21,-7,-20],7,0,[2,-7,-16,16,0,0],3,1,[2,-8,7,-11,-7,-20],6,0},{'O',[-6,22,25,-21,7,20],7,[-6,22,25,-21,7,20],7,0}}
Adder graph: {{'A',[0,0,0,1,1,0],1,0,[0,0,0,0,1,0],0,0,[0,0,0,1,0,0],0,0},{'A',[0,0,0,1,1,-4],2,0,[0,0,0,1,1,0],1,0,[0,0,0,0,0,-1],0,2},{'A',[1,0,0,1,1,-4],3,0,[1,0,0,0,0,0],0,0,[0,0,0,1,1,-4],2,0},{'A',[0,1,0,0,2,0],1,0,[0,1,0,0,0,0],0,0,[0,0,0,0,1,0],0,1},{'A',[0,0,1,1,1,-4],3,0,[0,0,0,1,1,-4],2,0,[0,0,1,0,0,0],0,0},{'A',[0,1,4,0,2,0],2,0,[0,0,1,0,0,0],0,2,[0,1,0,0,2,0],1,0},{'A',[1,-1,-4,1,-1,-4],4,0,[1,0,0,1,1,-4],3,0,[0,-1,-4,0,-2,0],2,0},{'A',[0,-1,0,1,0,0],1,0,[0,0,0,1,0,0],0,0,[0,-1,0,0,0,0],0,0},{'A',[1,-5,-4,5,-1,-4],5,0,[1,-1,-4,1,-1,-4],4,0,[0,-1,0,1,0,0],1,2},{'A',[3,-11,-12,11,-3,-12],6,0,[1,-1,-4,1,-1,-4],4,0,[1,-5,-4,5,-1,-4],5,1},{'A',[-6,22,25,-21,7,20],7,0,[0,0,1,1,1,-4],3,0,[-3,11,12,-11,3,12],6,1},{'O',[-6,22,25,-21,7,20],7,[-6,22,25,-21,7,20],7,0}}
Adder graph: {{'A',[1,0,-2,0,0,0],1,0,[1,0,0,0,0,0],0,0,[0,0,-1,0,0,0],0,1},{'A',[0,0,0,-1,0,1],1,0,[0,0,0,0,0,1],0,0,[0,0,0,-1,0,0],0,0},{'A',[1,-1,0,0,0,0],1,0,[1,0,0,0,0,0],0,0,[0,-1,0,0,0,0],0,0},{'A',[0,0,1,0,-1,0],1,0,[0,0,1,0,0,0],0,0,[0,0,0,0,-1,0],0,0},{'A',[1,-1,0,-2,0,2],2,0,[0,0,0,-1,0,1],1,1,[1,-1,0,0,0,0],1,0},{'A',[-16,0,33,0,-1,0],2,0,[0,0,1,0,-1,0],1,0,[-1,0,2,0,0,0],1,4},{'A',[0,-32,0,1,0,0],1,0,[0,0,0,1,0,0],0,0,[0,-1,0,0,0,0],0,5},{'A',[-2,-30,0,5,0,-4],3,0,[0,-32,0,1,0,0],1,0,[-1,1,0,2,0,-2],2,1},{'A',[-10,-22,0,21,0,-20],4,0,[-2,-30,0,5,0,-4],3,0,[-1,1,0,2,0,-2],2,3},{'A',[-16,0,25,0,7,0],3,0,[-16,0,33,0,-1,0],2,0,[0,0,-1,0,1,0],1,3},{'A',[6,-22,-25,21,-7,-20],5,0,[-10,-22,0,21,0,-20],4,0,[16,0,-25,0,-7,0],3,0},{'O',[-6,22,25,-21,7,20],5,[-6,22,25,-21,7,20],5,0}}
Adder graph: {{'A',[0,0,1,0,0,1],1,0,[0,0,0,0,0,1],0,0,[0,0,1,0,0,0],0,0},{'A',[0,-2,0,1,0,0],1,0,[0,0,0,1,0,0],0,0,[0,-1,0,0,0,0],0,1},{'A',[0,0,1,-1,0,0],1,0,[0,0,1,0,0,0],0,0,[0,0,0,-1,0,0],0,0},{'A',[-1,0,0,0,2,0],1,0,[0,0,0,0,1,0],0,1,[-1,0,0,0,0,0],0,0},{'A',[3,0,0,0,-6,0],2,0,[-1,0,0,0,2,0],1,0,[1,0,0,0,-2,0],1,2},{'A',[0,0,1,-1,-1,0],2,0,[0,0,1,-1,0,0],1,0,[0,0,0,0,-1,0],0,0},{'A',[0,0,5,-1,-1,4],3,0,[0,0,1,-1,-1,0],2,0,[0,0,1,0,0,1],1,2},{'A',[0,2,-5,1,1,-4],4,0,[0,1,0,0,0,0],0,1,[0,0,-5,1,1,-4],3,0},{'A',[6,2,-5,1,-11,-4],5,0,[0,2,-5,1,1,-4],4,0,[3,0,0,0,-6,0],2,1},{'A',[0,-6,-5,5,1,-4],5,0,[0,2,-5,1,1,-4],4,0,[0,-2,0,1,0,0],1,2},{'A',[6,-22,-25,21,-7,-20],6,0,[6,2,-5,1,-11,-4],5,0,[0,-6,-5,5,1,-4],5,2},{'O',[-6,22,25,-21,7,20],6,[-6,22,25,-21,7,20],6,0}}
Adder graph: {{'A',[0,0,1,0,-1,0],1,0,[0,0,1,0,0,0],0,0,[0,0,0,0,-1,0],0,0},{'A',[0,0,0,-1,0,1],1,0,[0,0,0,0,0,1],0,0,[0,0,0,-1,0,0],0,0},{'A',[0,0,1,-1,-1,0],2,0,[0,0,1,0,-1,0],1,0,[0,0,0,-1,0,0],0,0},{'A',[0,0,33,-1,-1,0],3,0,[0,0,1,-1,-1,0],2,0,[0,0,1,0,0,0],0,5},{'A',[3,0,0,0,0,0],1,0,[1,0,0,0,0,0],0,0,[1,0,0,0,0,0],0,1},{'A',[3,0,4,0,-4,0],2,0,[3,0,0,0,0,0],1,0,[0,0,1,0,-1,0],1,2},{'A',[0,1,0,2,0,-2],2,0,[0,1,0,0,0,0],0,0,[0,0,0,1,0,-1],1,1},{'A',[3,4,4,8,-4,-8],3,0,[3,0,4,0,-4,0],2,0,[0,1,0,2,0,-2],2,2},{'A',[0,-15,0,2,0,-2],3,0,[0,1,0,2,0,-2],2,0,[0,-1,0,0,0,0],0,4},{'A',[-6,-8,25,-17,7,16],4,0,[0,0,33,-1,-1,0],3,0,[-3,-4,-4,-8,4,8],3,1},{'A',[-6,22,25,-21,7,20],5,0,[-6,-8,25,-17,7,16],4,0,[0,15,0,-2,0,2],3,1},{'O',[-6,22,25,-21,7,20],5,[-6,22,25,-21,7,20],5,0}}
Adder graph: {{'A',[0,0,-1,1,0,0],1,0,[0,0,0,1,0,0],0,0,[0,0,-1,0,0,0],0,0},{'A',[2,0,-1,1,0,0],2,0,[0,0,-1,1,0,0],1,0,[1,0,0,0,0,0],0,1},{'A',[0,0,0,0,-7,0],1,0,[0,0,0,0,1,0],0,0,[0,0,0,0,-1,0],0,3},{'A',[1,0,1,0,0,0],1,0,[1,0,0,0,0,0],0,0,[0,0,1,0,0,0],0,0},{'A',[2,2,-1,1,0,0],3,0,[0,1,0,0,0,0],0,1,[2,0,-1,1,0,0],2,0},{'A',[2,2,-1,1,0,-4],4,0,[2,2,-1,1,0,0],3,0,[0,0,0,0,0,-1],0,2},{'A',[2,-2,5,-1,0,4],5,0,[1,0,1,0,0,0],1,2,[-2,-2,1,-1,0,4],4,0},{'A',[-6,-10,9,-5,0,20],6,0,[2,-2,5,-1,0,4],5,0,[-2,-2,1,-1,0,4],4,2},{'A',[-6,22,9,-5,0,20],7,0,[-6,-10,9,-5,0,20],6,0,[0,1,0,0,0,0],0,5},{'A',[0,0,-16,16,-7,0],2,0,[0,0,-1,1,0,0],1,4,[0,0,0,0,-7,0],1,0},{'A',[-6,22,25,-21,7,20],8,0,[-6,22,9,-5,0,20],7,0,[0,0,16,-16,7,0],2,0},{'O',[-6,22,25,-21,7,20],8,[-6,22,25,-21,7,20],8,0}}
Adder graph: {{'A',[0,0,1,0,-1,0],1,0,[0,0,1,0,0,0],0,0,[0,0,0,0,-1,0],0,0},{'A',[1,-1,0,0,0,0],1,0,[1,0,0,0,0,0],0,0,[0,-1,0,0,0,0],0,0},{'A',[2,-2,1,0,-1,0],2,0,[1,-1,0,0,0,0],1,1,[0,0,1,0,-1,0],1,0},{'A',[0,0,0,1,0,-4],1,0,[0,0,0,1,0,0],0,0,[0,0,0,0,0,-1],0,2},{'A',[0,2,-1,0,1,0],3,0,[1,0,0,0,0,0],0,1,[-2,2,-1,0,1,0],2,0},{'A',[2,-2,1,-4,-1,16],3,0,[2,-2,1,0,-1,0],2,0,[0,0,0,-1,0,4],1,2},{'A',[2,-2,1,-5,-1,20],4,0,[2,-2,1,-4,-1,16],3,0,[0,0,0,-1,0,4],1,0},{'A',[1,-1,0,2,0,0],2,0,[1,-1,0,0,0,0],1,0,[0,0,0,1,0,0],0,1},{'A',[-1,3,-1,-2,1,0],4,0,[0,2,-1,0,1,0],3,0,[-1,1,0,-2,0,0],2,0},{'A',[2,-2,33,-5,-1,20],5,0,[2,-2,1,-5,-1,20],4,0,[0,0,1,0,0,0],0,5},{'A',[-6,22,25,-21,7,20],6,0,[2,-2,33,-5,-1,20],5,0,[-1,3,-1,-2,1,0],4,3},{'O',[-6,22,25,-21,7,20],6,[-6,22,25,-21,7,20],6,0}}
Finished solving after 213941 seconds
Adder graph: {{'A',[0,0,1,0,-1,0],1,0,[0,0,1,0,0,0],0,0,[0,0,0,0,-1,0],0,0},{'A',[1,-1,0,0,0,0],1,0,[1,0,0,0,0,0],0,0,[0,-1,0,0,0,0],0,0},{'A',[2,-2,1,0,-1,0],2,0,[1,-1,0,0,0,0],1,1,[0,0,1,0,-1,0],1,0},{'A',[0,0,0,1,0,-4],1,0,[0,0,0,1,0,0],0,0,[0,0,0,0,0,-1],0,2},{'A',[0,2,-1,0,1,0],3,0,[1,0,0,0,0,0],0,1,[-2,2,-1,0,1,0],2,0},{'A',[2,-2,1,-4,-1,16],3,0,[2,-2,1,0,-1,0],2,0,[0,0,0,-1,0,4],1,2},{'A',[2,-2,1,-5,-1,20],4,0,[2,-2,1,-4,-1,16],3,0,[0,0,0,-1,0,4],1,0},{'A',[1,-1,0,2,0,0],2,0,[1,-1,0,0,0,0],1,0,[0,0,0,1,0,0],0,1},{'A',[-1,3,-1,-2,1,0],4,0,[0,2,-1,0,1,0],3,0,[-1,1,0,-2,0,0],2,0},{'A',[2,-2,33,-5,-1,20],5,0,[2,-2,1,-5,-1,20],4,0,[0,0,1,0,0,0],0,5},{'A',[-6,22,25,-21,7,20],6,0,[2,-2,33,-5,-1,20],5,0,[-1,3,-1,-2,1,0],4,3},{'O',[-6,22,25,-21,7,20],6,[-6,22,25,-21,7,20],6,0}}
#Add optimal = 0
#FAs optimal = 0
