Adder graph: {{'A',[0,0,0,4,1,0],1,0,[0,0,0,1,0,0],0,2,[0,0,0,0,1,0],0,0},{'A',[0,1,0,8,2,0],2,0,[0,0,0,4,1,0],1,1,[0,1,0,0,0,0],0,0},{'A',[16,0,0,0,0,-1],1,0,[1,0,0,0,0,0],0,4,[0,0,0,0,0,-1],0,0},{'A',[16,-8,0,0,0,-1],2,0,[16,0,0,0,0,-1],1,0,[0,-1,0,0,0,0],0,3},{'A',[0,1,0,8,2,-8],3,0,[0,1,0,8,2,0],2,0,[0,0,0,0,0,-1],0,3},{'A',[-16,10,0,16,4,-15],4,0,[0,1,0,8,2,-8],3,1,[-16,8,0,0,0,1],2,0},{'A',[-16,10,0,12,3,-15],5,0,[-16,10,0,16,4,-15],4,0,[0,0,0,-4,-1,0],1,0},{'A',[-16,10,-1,12,3,-15],6,0,[-16,10,0,12,3,-15],5,0,[0,0,-1,0,0,0],0,0},{'O',[16,-10,1,-12,-3,15],6,[16,-10,1,-12,-3,15],6,0}}
Adder graph: {{'A',[0,0,0,-4,0,1],1,0,[0,0,0,0,0,1],0,0,[0,0,0,-1,0,0],0,2},{'A',[0,0,0,0,1,-4],1,0,[0,0,0,0,1,0],0,0,[0,0,0,0,0,-1],0,2},{'A',[0,0,0,-4,-1,5],2,0,[0,0,0,-4,0,1],1,0,[0,0,0,0,-1,4],1,0},{'A',[0,0,1,4,1,-5],3,0,[0,0,1,0,0,0],0,0,[0,0,0,4,1,-5],2,0},{'A',[8,-1,0,0,0,0],1,0,[1,0,0,0,0,0],0,3,[0,-1,0,0,0,0],0,0},{'A',[0,2,0,4,1,-5],3,0,[0,1,0,0,0,0],0,1,[0,0,0,4,1,-5],2,0},{'A',[0,8,-1,12,3,-15],4,0,[0,2,0,4,1,-5],3,2,[0,0,-1,-4,-1,5],3,0},{'A',[16,-10,1,-12,-3,15],5,0,[8,-1,0,0,0,0],1,1,[0,-8,1,-12,-3,15],4,0},{'O',[16,-10,1,-12,-3,15],5,[16,-10,1,-12,-3,15],5,0}}
Adder graph: {{'A',[0,1,0,1,0,0],1,0,[0,1,0,0,0,0],0,0,[0,0,0,1,0,0],0,0},{'A',[0,4,0,4,1,0],2,0,[0,1,0,1,0,0],1,2,[0,0,0,0,1,0],0,0},{'A',[0,4,0,4,1,-16],3,0,[0,4,0,4,1,0],2,0,[0,0,0,0,0,-1],0,4},{'A',[-16,4,0,4,1,-16],4,0,[0,4,0,4,1,-16],3,0,[-1,0,0,0,0,0],0,4},{'A',[16,-4,1,-4,-1,16],5,0,[0,0,1,0,0,0],0,0,[16,-4,0,-4,-1,16],4,0},{'A',[0,-3,0,-4,-1,0],3,0,[0,1,0,0,0,0],0,0,[0,-4,0,-4,-1,0],2,0},{'A',[16,-4,1,-4,-1,15],6,0,[16,-4,1,-4,-1,16],5,0,[0,0,0,0,0,-1],0,0},{'A',[16,-10,1,-12,-3,15],7,0,[0,-3,0,-4,-1,0],3,1,[16,-4,1,-4,-1,15],6,0},{'O',[16,-10,1,-12,-3,15],7,[16,-10,1,-12,-3,15],7,0}}
Adder graph: {{'A',[0,8,-1,0,0,0],1,0,[0,1,0,0,0,0],0,3,[0,0,-1,0,0,0],0,0},{'A',[0,0,0,0,0,-15],1,0,[0,0,0,0,0,1],0,0,[0,0,0,0,0,-1],0,4},{'A',[0,8,-1,0,0,-15],2,0,[0,0,0,0,0,-15],1,0,[0,8,-1,0,0,0],1,0},{'A',[0,0,0,4,1,0],1,0,[0,0,0,0,1,0],0,0,[0,0,0,1,0,0],0,2},{'A',[0,0,0,-12,-3,0],2,0,[0,0,0,4,1,0],1,0,[0,0,0,-4,-1,0],1,2},{'A',[0,-8,1,-12,-3,15],3,0,[0,0,0,-12,-3,0],2,0,[0,-8,1,0,0,15],2,0},{'A',[16,-8,1,-12,-3,15],4,0,[0,-8,1,-12,-3,15],3,0,[1,0,0,0,0,0],0,4},{'A',[-16,10,-1,12,3,-15],5,0,[0,1,0,0,0,0],0,1,[-16,8,-1,12,3,-15],4,0},{'O',[16,-10,1,-12,-3,15],5,[16,-10,1,-12,-3,15],5,0}}
Adder graph: {{'A',[-4,1,0,0,0,0],1,0,[0,1,0,0,0,0],0,0,[-1,0,0,0,0,0],0,2},{'A',[-4,1,0,0,0,-4],2,0,[-4,1,0,0,0,0],1,0,[0,0,0,0,0,-1],0,2},{'A',[0,2,0,0,1,0],1,0,[0,0,0,0,1,0],0,0,[0,1,0,0,0,0],0,1},{'A',[0,2,0,4,1,0],2,0,[0,2,0,0,1,0],1,0,[0,0,0,1,0,0],0,2},{'A',[0,6,0,12,3,0],3,0,[0,2,0,4,1,0],2,1,[0,2,0,4,1,0],2,0},{'A',[-16,4,0,0,0,-15],3,0,[0,0,0,0,0,1],0,0,[-4,1,0,0,0,-4],2,2},{'A',[16,-4,1,0,0,15],4,0,[0,0,1,0,0,0],0,0,[16,-4,0,0,0,15],3,0},{'A',[16,-10,1,-12,-3,15],5,0,[16,-4,1,0,0,15],4,0,[0,-6,0,-12,-3,0],3,0},{'O',[16,-10,1,-12,-3,15],5,[16,-10,1,-12,-3,15],5,0}}
Adder graph: {{'A',[0,2,0,0,0,1],1,0,[0,1,0,0,0,0],0,1,[0,0,0,0,0,1],0,0},{'A',[-16,2,0,0,0,1],2,0,[0,2,0,0,0,1],1,0,[-1,0,0,0,0,0],0,4},{'A',[0,8,-1,0,0,0],1,0,[0,1,0,0,0,0],0,3,[0,0,-1,0,0,0],0,0},{'A',[0,8,-1,0,0,-16],2,0,[0,8,-1,0,0,0],1,0,[0,0,0,0,0,-1],0,4},{'A',[-16,10,-1,0,0,-15],3,0,[-16,2,0,0,0,1],2,0,[0,8,-1,0,0,-16],2,0},{'A',[0,0,0,4,1,0],1,0,[0,0,0,1,0,0],0,2,[0,0,0,0,1,0],0,0},{'A',[0,0,0,-12,-3,0],2,0,[0,0,0,4,1,0],1,0,[0,0,0,-4,-1,0],1,2},{'A',[-16,10,-1,12,3,-15],4,0,[-16,10,-1,0,0,-15],3,0,[0,0,0,12,3,0],2,0},{'O',[16,-10,1,-12,-3,15],4,[16,-10,1,-12,-3,15],4,0}}
Adder graph: {{'A',[0,2,0,0,0,1],1,0,[0,1,0,0,0,0],0,1,[0,0,0,0,0,1],0,0},{'A',[0,10,0,0,0,1],2,0,[0,1,0,0,0,0],0,3,[0,2,0,0,0,1],1,0},{'A',[0,0,0,4,1,0],1,0,[0,0,0,1,0,0],0,2,[0,0,0,0,1,0],0,0},{'A',[0,-10,1,0,0,-1],3,0,[0,0,1,0,0,0],0,0,[0,-10,0,0,0,-1],2,0},{'A',[0,0,0,4,1,-16],2,0,[0,0,0,4,1,0],1,0,[0,0,0,0,0,-1],0,4},{'A',[-8,0,0,4,1,0],2,0,[0,0,0,4,1,0],1,0,[-1,0,0,0,0,0],0,3},{'A',[16,-10,1,-8,-2,-1],4,0,[0,-10,1,0,0,-1],3,0,[8,0,0,-4,-1,0],2,1},{'A',[-16,10,-1,12,3,-15],5,0,[0,0,0,4,1,-16],2,0,[-16,10,-1,8,2,1],4,0},{'O',[16,-10,1,-12,-3,15],5,[16,-10,1,-12,-3,15],5,0}}
Adder graph: {{'A',[1,0,0,0,0,1],1,0,[1,0,0,0,0,0],0,0,[0,0,0,0,0,1],0,0},{'A',[0,0,0,4,1,0],1,0,[0,0,0,0,1,0],0,0,[0,0,0,1,0,0],0,2},{'A',[0,2,0,0,0,1],1,0,[0,1,0,0,0,0],0,1,[0,0,0,0,0,1],0,0},{'A',[0,-2,0,4,1,-1],2,0,[0,0,0,4,1,0],1,0,[0,-2,0,0,0,-1],1,0},{'A',[-4,0,0,4,1,-4],2,0,[0,0,0,4,1,0],1,0,[-1,0,0,0,0,-1],1,2},{'A',[0,-8,1,0,0,0],1,0,[0,0,1,0,0,0],0,0,[0,-1,0,0,0,0],0,3},{'A',[16,-2,0,-12,-3,15],3,0,[0,-2,0,4,1,-1],2,0,[4,0,0,-4,-1,4],2,2},{'A',[16,-10,1,-12,-3,15],4,0,[16,-2,0,-12,-3,15],3,0,[0,-8,1,0,0,0],1,0},{'O',[16,-10,1,-12,-3,15],4,[16,-10,1,-12,-3,15],4,0}}
Adder graph: {{'A',[0,2,0,0,1,0],1,0,[0,0,0,0,1,0],0,0,[0,1,0,0,0,0],0,1},{'A',[1,0,0,0,0,1],1,0,[0,0,0,0,0,1],0,0,[1,0,0,0,0,0],0,0},{'A',[0,2,0,4,1,0],2,0,[0,0,0,1,0,0],0,2,[0,2,0,0,1,0],1,0},{'A',[0,0,1,0,0,-1],1,0,[0,0,1,0,0,0],0,0,[0,0,0,0,0,-1],0,0},{'A',[0,2,1,4,1,-1],3,0,[0,0,1,0,0,-1],1,0,[0,2,0,4,1,0],2,0},{'A',[16,2,1,4,1,15],4,0,[0,2,1,4,1,-1],3,0,[1,0,0,0,0,1],1,4},{'A',[0,3,0,4,1,0],3,0,[0,2,0,4,1,0],2,0,[0,1,0,0,0,0],0,0},{'A',[16,-10,1,-12,-3,15],5,0,[16,2,1,4,1,15],4,0,[0,-3,0,-4,-1,0],3,2},{'O',[16,-10,1,-12,-3,15],5,[16,-10,1,-12,-3,15],5,0}}
Adder graph: {{'A',[0,0,0,4,1,0],1,0,[0,0,0,0,1,0],0,0,[0,0,0,1,0,0],0,2},{'A',[0,-2,0,4,1,0],2,0,[0,0,0,4,1,0],1,0,[0,-1,0,0,0,0],0,1},{'A',[0,-18,0,4,1,0],3,0,[0,-2,0,4,1,0],2,0,[0,-1,0,0,0,0],0,4},{'A',[0,-10,0,-12,-3,0],4,0,[0,-18,0,4,1,0],3,0,[0,2,0,-4,-1,0],2,2},{'A',[0,0,1,0,0,-1],1,0,[0,0,1,0,0,0],0,0,[0,0,0,0,0,-1],0,0},{'A',[0,-10,1,-12,-3,-1],5,0,[0,0,1,0,0,-1],1,0,[0,-10,0,-12,-3,0],4,0},{'A',[1,0,0,0,0,1],1,0,[0,0,0,0,0,1],0,0,[1,0,0,0,0,0],0,0},{'A',[16,-10,1,-12,-3,15],6,0,[1,0,0,0,0,1],1,4,[0,-10,1,-12,-3,-1],5,0},{'O',[16,-10,1,-12,-3,15],6,[16,-10,1,-12,-3,15],6,0}}
Adder graph: {{'A',[0,2,0,0,1,0],1,0,[0,0,0,0,1,0],0,0,[0,1,0,0,0,0],0,1},{'A',[0,2,0,4,1,0],2,0,[0,2,0,0,1,0],1,0,[0,0,0,1,0,0],0,2},{'A',[0,-2,0,4,1,0],3,0,[0,2,0,4,1,0],2,0,[0,-1,0,0,0,0],0,2},{'A',[0,0,-1,0,0,1],1,0,[0,0,0,0,0,1],0,0,[0,0,-1,0,0,0],0,0},{'A',[1,0,0,0,0,1],1,0,[1,0,0,0,0,0],0,0,[0,0,0,0,0,1],0,0},{'A',[0,-2,1,4,1,-1],4,0,[0,-2,0,4,1,0],3,0,[0,0,1,0,0,-1],1,0},{'A',[-4,2,0,4,1,-4],3,0,[0,2,0,4,1,0],2,0,[-1,0,0,0,0,-1],1,2},{'A',[16,-10,1,-12,-3,15],5,0,[0,-2,1,4,1,-1],4,0,[4,-2,0,-4,-1,4],3,2},{'O',[16,-10,1,-12,-3,15],5,[16,-10,1,-12,-3,15],5,0}}
Adder graph: {{'A',[0,0,-1,0,0,1],1,0,[0,0,0,0,0,1],0,0,[0,0,-1,0,0,0],0,0},{'A',[0,2,-1,0,0,1],2,0,[0,0,-1,0,0,1],1,0,[0,1,0,0,0,0],0,1},{'A',[0,0,0,4,1,0],1,0,[0,0,0,1,0,0],0,2,[0,0,0,0,1,0],0,0},{'A',[0,10,-1,0,0,1],3,0,[0,1,0,0,0,0],0,3,[0,2,-1,0,0,1],2,0},{'A',[1,0,0,0,0,1],1,0,[1,0,0,0,0,0],0,0,[0,0,0,0,0,1],0,0},{'A',[0,0,0,-12,-3,0],2,0,[0,0,0,4,1,0],1,0,[0,0,0,-4,-1,0],1,2},{'A',[0,10,-1,12,3,1],4,0,[0,10,-1,0,0,1],3,0,[0,0,0,12,3,0],2,0},{'A',[-16,10,-1,12,3,-15],5,0,[0,10,-1,12,3,1],4,0,[-1,0,0,0,0,-1],1,4},{'O',[16,-10,1,-12,-3,15],5,[16,-10,1,-12,-3,15],5,0}}
Finished solving after 88768 seconds
Adder graph: {{'A',[0,0,-1,0,0,1],1,0,[0,0,0,0,0,1],0,0,[0,0,-1,0,0,0],0,0},{'A',[0,2,-1,0,0,1],2,0,[0,0,-1,0,0,1],1,0,[0,1,0,0,0,0],0,1},{'A',[0,0,0,4,1,0],1,0,[0,0,0,1,0,0],0,2,[0,0,0,0,1,0],0,0},{'A',[0,10,-1,0,0,1],3,0,[0,1,0,0,0,0],0,3,[0,2,-1,0,0,1],2,0},{'A',[1,0,0,0,0,1],1,0,[1,0,0,0,0,0],0,0,[0,0,0,0,0,1],0,0},{'A',[0,0,0,-12,-3,0],2,0,[0,0,0,4,1,0],1,0,[0,0,0,-4,-1,0],1,2},{'A',[0,10,-1,12,3,1],4,0,[0,10,-1,0,0,1],3,0,[0,0,0,12,3,0],2,0},{'A',[-16,10,-1,12,3,-15],5,0,[0,10,-1,12,3,1],4,0,[-1,0,0,0,0,-1],1,4},{'O',[16,-10,1,-12,-3,15],5,[16,-10,1,-12,-3,15],5,0}}
#Add optimal = 0
#FAs optimal = 0
