Adder graph: {{'A',[0,0,2,0,1,0],1,0,[0,0,0,0,1,0],0,0,[0,0,1,0,0,0],0,1},{'A',[1,0,-2,0,-1,0],2,0,[1,0,0,0,0,0],0,0,[0,0,-2,0,-1,0],1,0},{'A',[0,1,0,2,0,0],1,0,[0,1,0,0,0,0],0,0,[0,0,0,1,0,0],0,1},{'A',[1,-1,-2,0,-1,0],3,0,[1,0,-2,0,-1,0],2,0,[0,-1,0,0,0,0],0,0},{'A',[-1,0,0,0,0,1],1,0,[0,0,0,0,0,1],0,0,[-1,0,0,0,0,0],0,0},{'A',[1,2,0,4,0,-1],2,0,[0,1,0,2,0,0],1,1,[1,0,0,0,0,-1],1,0},{'A',[0,3,2,4,1,-1],4,0,[1,2,0,4,0,-1],2,0,[-1,1,2,0,1,0],3,0},{'A',[0,21,14,28,7,-7],5,0,[0,3,2,4,1,-1],4,3,[0,-3,-2,-4,-1,1],4,0},{'A',[-16,21,14,28,7,9],6,0,[0,21,14,28,7,-7],5,0,[-1,0,0,0,0,1],1,4},{'A',[-17,19,14,24,7,10],7,0,[-16,21,14,28,7,9],6,0,[-1,-2,0,-4,0,1],2,0},{'O',[17,-19,-14,-24,-7,-10],7,[17,-19,-14,-24,-7,-10],7,0}}
Adder graph: {{'A',[0,1,0,8,0,0],1,0,[0,1,0,0,0,0],0,0,[0,0,0,1,0,0],0,3},{'A',[0,1,0,8,0,4],2,0,[0,1,0,8,0,0],1,0,[0,0,0,0,0,1],0,2},{'A',[1,-1,0,0,0,0],1,0,[1,0,0,0,0,0],0,0,[0,-1,0,0,0,0],0,0},{'A',[0,0,2,0,1,0],1,0,[0,0,1,0,0,0],0,1,[0,0,0,0,1,0],0,0},{'A',[-2,1,0,8,0,0],2,0,[0,1,0,8,0,0],1,0,[-1,0,0,0,0,0],0,1},{'A',[0,1,32,8,16,4],3,0,[0,1,0,8,0,4],2,0,[0,0,2,0,1,0],1,4},{'A',[0,-2,2,-16,1,-8],3,0,[0,0,2,0,1,0],1,0,[0,-1,0,-8,0,-4],2,1},{'A',[16,-18,2,-16,1,-8],4,0,[1,-1,0,0,0,0],1,4,[0,-2,2,-16,1,-8],3,0},{'A',[-34,37,-4,40,-2,16],5,0,[-2,1,0,8,0,0],2,0,[-16,18,-2,16,-1,8],4,1},{'A',[-17,19,14,24,7,10],6,1,[0,1,32,8,16,4],3,0,[-34,37,-4,40,-2,16],5,0},{'O',[17,-19,-14,-24,-7,-10],6,[17,-19,-14,-24,-7,-10],6,0}}
Adder graph: {{'A',[1,-1,0,0,0,0],1,0,[1,0,0,0,0,0],0,0,[0,-1,0,0,0,0],0,0},{'A',[0,0,0,16,0,1],1,0,[0,0,0,1,0,0],0,4,[0,0,0,0,0,1],0,0},{'A',[0,1,0,0,0,4],1,0,[0,0,0,0,0,1],0,2,[0,1,0,0,0,0],0,0},{'A',[0,1,0,-4,0,4],2,0,[0,1,0,0,0,4],1,0,[0,0,0,-1,0,0],0,2},{'A',[0,1,0,12,0,5],3,0,[0,0,0,16,0,1],1,0,[0,1,0,-4,0,4],2,0},{'A',[0,0,2,0,1,0],1,0,[0,0,1,0,0,0],0,1,[0,0,0,0,1,0],0,0},{'A',[-1,3,0,24,0,10],4,0,[0,1,0,12,0,5],3,1,[-1,1,0,0,0,0],1,0},{'A',[-1,3,16,24,8,10],5,0,[-1,3,0,24,0,10],4,0,[0,0,2,0,1,0],1,3},{'A',[16,-16,2,0,1,0],2,0,[0,0,2,0,1,0],1,0,[1,-1,0,0,0,0],1,4},{'A',[17,-19,-14,-24,-7,-10],6,0,[16,-16,2,0,1,0],2,0,[1,-3,-16,-24,-8,-10],5,0},{'O',[17,-19,-14,-24,-7,-10],6,[17,-19,-14,-24,-7,-10],6,0}}
Adder graph: {{'A',[0,1,0,16,0,0],1,0,[0,0,0,1,0,0],0,4,[0,1,0,0,0,0],0,0},{'A',[0,0,2,0,0,-1],1,0,[0,0,1,0,0,0],0,1,[0,0,0,0,0,-1],0,0},{'A',[1,0,0,0,0,-1],1,0,[1,0,0,0,0,0],0,0,[0,0,0,0,0,-1],0,0},{'A',[1,-1,0,0,0,-1],2,0,[1,0,0,0,0,-1],1,0,[0,-1,0,0,0,0],0,0},{'A',[0,0,2,0,1,-1],2,0,[0,0,0,0,1,0],0,0,[0,0,2,0,0,-1],1,0},{'A',[1,-1,2,0,1,-2],3,0,[0,0,2,0,1,-1],2,0,[1,-1,0,0,0,-1],2,0},{'A',[0,1,8,16,4,-4],3,0,[0,1,0,16,0,0],1,0,[0,0,2,0,1,-1],2,2},{'A',[1,-1,2,8,1,-2],4,0,[1,-1,2,0,1,-2],3,0,[0,0,0,1,0,0],0,3},{'A',[8,-9,-8,-16,-4,-4],4,0,[1,-1,0,0,0,-1],2,3,[0,-1,-8,-16,-4,4],3,0},{'A',[17,-19,-14,-24,-7,-10],5,0,[8,-9,-8,-16,-4,-4],4,1,[1,-1,2,8,1,-2],4,0},{'O',[17,-19,-14,-24,-7,-10],5,[17,-19,-14,-24,-7,-10],5,0}}
Adder graph: {{'A',[0,0,0,0,-1,1],1,0,[0,0,0,0,0,1],0,0,[0,0,0,0,-1,0],0,0},{'A',[1,0,0,0,0,-1],1,0,[1,0,0,0,0,0],0,0,[0,0,0,0,0,-1],0,0},{'A',[-1,1,0,0,0,1],2,0,[0,1,0,0,0,0],0,0,[-1,0,0,0,0,1],1,0},{'A',[0,0,-2,0,-1,1],2,0,[0,0,0,0,-1,1],1,0,[0,0,-1,0,0,0],0,1},{'A',[0,1,0,8,0,0],1,0,[0,0,0,1,0,0],0,3,[0,1,0,0,0,0],0,0},{'A',[16,-15,0,8,0,-16],3,0,[0,1,0,8,0,0],1,0,[1,-1,0,0,0,-1],2,4},{'A',[0,0,14,0,7,-7],3,0,[0,0,-2,0,-1,1],2,0,[0,0,2,0,1,-1],2,3},{'A',[-1,0,14,0,7,-6],4,0,[0,0,14,0,7,-7],3,0,[-1,0,0,0,0,1],1,0},{'A',[16,-19,0,-24,0,-16],4,0,[16,-15,0,8,0,-16],3,0,[0,-1,0,-8,0,0],1,2},{'A',[-17,19,14,24,7,10],5,0,[-1,0,14,0,7,-6],4,0,[-16,19,0,24,0,16],4,0},{'O',[17,-19,-14,-24,-7,-10],5,[17,-19,-14,-24,-7,-10],5,0}}
Adder graph: {{'A',[0,0,2,0,1,0],1,0,[0,0,0,0,1,0],0,0,[0,0,1,0,0,0],0,1},{'A',[0,0,2,0,1,2],2,0,[0,0,0,0,0,1],0,1,[0,0,2,0,1,0],1,0},{'A',[0,1,0,8,0,0],1,0,[0,0,0,1,0,0],0,3,[0,1,0,0,0,0],0,0},{'A',[1,0,0,0,0,4],1,0,[1,0,0,0,0,0],0,0,[0,0,0,0,0,1],0,2},{'A',[1,-1,0,-8,0,4],2,0,[1,0,0,0,0,4],1,0,[0,-1,0,-8,0,0],1,0},{'A',[1,-3,0,-24,0,4],3,0,[1,-1,0,-8,0,4],2,0,[0,-1,0,-8,0,0],1,1},{'A',[-1,1,0,0,0,0],1,0,[0,1,0,0,0,0],0,0,[-1,0,0,0,0,0],0,0},{'A',[0,0,-14,0,-7,-14],3,0,[0,0,2,0,1,2],2,0,[0,0,-2,0,-1,-2],2,3},{'A',[17,-19,0,-24,0,4],4,0,[1,-3,0,-24,0,4],3,0,[1,-1,0,0,0,0],1,4},{'A',[17,-19,-14,-24,-7,-10],5,0,[17,-19,0,-24,0,4],4,0,[0,0,-14,0,-7,-14],3,0},{'O',[17,-19,-14,-24,-7,-10],5,[17,-19,-14,-24,-7,-10],5,0}}
Adder graph: {{'A',[-1,1,0,0,0,0],1,0,[0,1,0,0,0,0],0,0,[-1,0,0,0,0,0],0,0},{'A',[0,0,2,0,1,0],1,0,[0,0,0,0,1,0],0,0,[0,0,1,0,0,0],0,1},{'A',[0,0,2,0,1,1],2,0,[0,0,0,0,0,1],0,0,[0,0,2,0,1,0],1,0},{'A',[0,0,0,-3,0,0],1,0,[0,0,0,1,0,0],0,0,[0,0,0,-1,0,0],0,2},{'A',[0,1,8,0,4,4],3,0,[0,1,0,0,0,0],0,0,[0,0,2,0,1,1],2,2},{'A',[0,0,0,12,0,1],2,0,[0,0,0,0,0,1],0,0,[0,0,0,3,0,0],1,2},{'A',[1,-1,2,0,1,0],2,0,[0,0,2,0,1,0],1,0,[1,-1,0,0,0,0],1,0},{'A',[1,-1,2,-24,1,-2],3,0,[1,-1,2,0,1,0],2,0,[0,0,0,-12,0,-1],2,1},{'A',[-8,9,8,0,4,4],4,0,[-1,1,0,0,0,0],1,3,[0,1,8,0,4,4],3,0},{'A',[17,-19,-14,-24,-7,-10],5,0,[1,-1,2,-24,1,-2],3,0,[8,-9,-8,0,-4,-4],4,1},{'O',[17,-19,-14,-24,-7,-10],5,[17,-19,-14,-24,-7,-10],5,0}}
Adder graph: {{'A',[-1,1,0,0,0,0],1,0,[0,1,0,0,0,0],0,0,[-1,0,0,0,0,0],0,0},{'A',[0,0,1,0,0,1],1,0,[0,0,0,0,0,1],0,0,[0,0,1,0,0,0],0,0},{'A',[0,0,2,0,1,2],2,0,[0,0,1,0,0,1],1,1,[0,0,0,0,1,0],0,0},{'A',[0,0,-14,0,-7,-14],3,0,[0,0,2,0,1,2],2,0,[0,0,-2,0,-1,-2],2,3},{'A',[0,1,0,-4,0,0],1,0,[0,1,0,0,0,0],0,0,[0,0,0,-1,0,0],0,2},{'A',[0,-2,-14,8,-7,-14],4,0,[0,0,-14,0,-7,-14],3,0,[0,-1,0,4,0,0],1,1},{'A',[-1,1,0,0,0,-4],2,0,[-1,1,0,0,0,0],1,0,[0,0,0,0,0,-1],0,2},{'A',[1,-3,-14,8,-7,-10],5,0,[0,-2,-14,8,-7,-14],4,0,[1,-1,0,0,0,4],2,0},{'A',[1,-3,-14,-24,-7,-10],6,0,[1,-3,-14,8,-7,-10],5,0,[0,0,0,-1,0,0],0,5},{'A',[17,-19,-14,-24,-7,-10],7,0,[1,-3,-14,-24,-7,-10],6,0,[1,-1,0,0,0,0],1,4},{'O',[17,-19,-14,-24,-7,-10],7,[17,-19,-14,-24,-7,-10],7,0}}
Finished solving after 174925 seconds
Adder graph: {{'A',[-1,1,0,0,0,0],1,0,[0,1,0,0,0,0],0,0,[-1,0,0,0,0,0],0,0},{'A',[0,0,1,0,0,1],1,0,[0,0,0,0,0,1],0,0,[0,0,1,0,0,0],0,0},{'A',[0,0,2,0,1,2],2,0,[0,0,1,0,0,1],1,1,[0,0,0,0,1,0],0,0},{'A',[0,0,-14,0,-7,-14],3,0,[0,0,2,0,1,2],2,0,[0,0,-2,0,-1,-2],2,3},{'A',[0,1,0,-4,0,0],1,0,[0,1,0,0,0,0],0,0,[0,0,0,-1,0,0],0,2},{'A',[0,-2,-14,8,-7,-14],4,0,[0,0,-14,0,-7,-14],3,0,[0,-1,0,4,0,0],1,1},{'A',[-1,1,0,0,0,-4],2,0,[-1,1,0,0,0,0],1,0,[0,0,0,0,0,-1],0,2},{'A',[1,-3,-14,8,-7,-10],5,0,[0,-2,-14,8,-7,-14],4,0,[1,-1,0,0,0,4],2,0},{'A',[1,-3,-14,-24,-7,-10],6,0,[1,-3,-14,8,-7,-10],5,0,[0,0,0,-1,0,0],0,5},{'A',[17,-19,-14,-24,-7,-10],7,0,[1,-3,-14,-24,-7,-10],6,0,[1,-1,0,0,0,0],1,4},{'O',[17,-19,-14,-24,-7,-10],7,[17,-19,-14,-24,-7,-10],7,0}}
#Add optimal = 0
#FAs optimal = 0
