Adder graph: {{'A',[0,1,1,0,0,0],1,0,[0,1,0,0,0,0],0,0,[0,0,1,0,0,0],0,0},{'A',[1,0,0,0,0,8],1,0,[0,0,0,0,0,1],0,3,[1,0,0,0,0,0],0,0},{'A',[1,0,0,0,0,10],2,0,[1,0,0,0,0,8],1,0,[0,0,0,0,0,1],0,1},{'A',[0,1,1,2,0,0],2,0,[0,0,0,1,0,0],0,1,[0,1,1,0,0,0],1,0},{'A',[16,0,0,0,-1,0],1,0,[1,0,0,0,0,0],0,4,[0,0,0,0,-1,0],0,0},{'A',[0,1,-7,2,0,0],3,0,[0,1,1,2,0,0],2,0,[0,0,-1,0,0,0],0,3},{'A',[16,-2,14,-4,-1,0],4,0,[16,0,0,0,-1,0],1,0,[0,-1,7,-2,0,0],3,1},{'A',[16,-3,21,-6,-1,0],5,0,[16,-2,14,-4,-1,0],4,0,[0,-1,7,-2,0,0],3,0},{'A',[17,-3,21,-6,-1,10],6,0,[1,0,0,0,0,10],2,0,[16,-3,21,-6,-1,0],5,0},{'O',[17,-3,21,-6,-1,10],6,[17,-3,21,-6,-1,10],6,0}}
Adder graph: {{'A',[1,0,1,0,0,0],1,0,[0,0,1,0,0,0],0,0,[1,0,0,0,0,0],0,0},{'A',[0,1,0,2,0,0],1,0,[0,0,0,1,0,0],0,1,[0,1,0,0,0,0],0,0},{'A',[0,0,2,0,0,1],1,0,[0,0,1,0,0,0],0,1,[0,0,0,0,0,1],0,0},{'A',[8,-1,8,-2,0,0],2,0,[1,0,1,0,0,0],1,3,[0,-1,0,-2,0,0],1,0},{'A',[1,0,1,0,0,8],2,0,[0,0,0,0,0,1],0,3,[1,0,1,0,0,0],1,0},{'A',[-1,0,-1,0,1,-8],3,0,[0,0,0,0,1,0],0,0,[-1,0,-1,0,0,-8],2,0},{'A',[-17,2,-17,4,1,-8],4,0,[-1,0,-1,0,1,-8],3,0,[-8,1,-8,2,0,0],2,1},{'A',[0,1,-4,2,0,-2],2,0,[0,1,0,2,0,0],1,0,[0,0,-2,0,0,-1],1,1},{'A',[-17,3,-21,6,1,-10],5,0,[0,1,-4,2,0,-2],2,0,[-17,2,-17,4,1,-8],4,0},{'O',[17,-3,21,-6,-1,10],5,[17,-3,21,-6,-1,10],5,0}}
Adder graph: {{'A',[1,0,0,0,-1,0],1,0,[1,0,0,0,0,0],0,0,[0,0,0,0,-1,0],0,0},{'A',[0,1,0,2,0,0],1,0,[0,1,0,0,0,0],0,0,[0,0,0,1,0,0],0,1},{'A',[0,0,1,0,0,2],1,0,[0,0,1,0,0,0],0,0,[0,0,0,0,0,1],0,1},{'A',[0,1,-1,2,0,-2],2,0,[0,1,0,2,0,0],1,0,[0,0,-1,0,0,-2],1,0},{'A',[1,-2,2,-4,-1,4],3,0,[1,0,0,0,-1,0],1,0,[0,-1,1,-2,0,2],2,1},{'A',[0,-1,3,-2,0,6],3,0,[0,0,1,0,0,2],1,1,[0,-1,1,-2,0,2],2,0},{'A',[1,-2,18,-4,-1,4],4,0,[0,0,1,0,0,0],0,4,[1,-2,2,-4,-1,4],3,0},{'A',[16,-1,3,-2,0,6],4,0,[1,0,0,0,0,0],0,4,[0,-1,3,-2,0,6],3,0},{'A',[17,-3,21,-6,-1,10],5,0,[16,-1,3,-2,0,6],4,0,[1,-2,18,-4,-1,4],4,0},{'O',[17,-3,21,-6,-1,10],5,[17,-3,21,-6,-1,10],5,0}}
Adder graph: {{'A',[1,0,1,0,0,0],1,0,[0,0,1,0,0,0],0,0,[1,0,0,0,0,0],0,0},{'A',[1,0,1,0,0,2],2,0,[1,0,1,0,0,0],1,0,[0,0,0,0,0,1],0,1},{'A',[0,1,0,2,0,0],1,0,[0,0,0,1,0,0],0,1,[0,1,0,0,0,0],0,0},{'A',[17,0,17,0,0,2],3,0,[1,0,1,0,0,2],2,0,[1,0,1,0,0,0],1,4},{'A',[0,-1,0,-2,1,0],2,0,[0,0,0,0,1,0],0,0,[0,-1,0,-2,0,0],1,0},{'A',[0,1,-1,2,0,0],2,0,[0,1,0,2,0,0],1,0,[0,0,-1,0,0,0],0,0},{'A',[17,0,17,0,0,10],4,0,[17,0,17,0,0,2],3,0,[0,0,0,0,0,1],0,3},{'A',[0,3,-4,6,1,0],3,0,[0,1,-1,2,0,0],2,2,[0,-1,0,-2,1,0],2,0},{'A',[-17,3,-21,6,1,-10],5,0,[0,3,-4,6,1,0],3,0,[-17,0,-17,0,0,-10],4,0},{'O',[17,-3,21,-6,-1,10],5,[17,-3,21,-6,-1,10],5,0}}
Adder graph: {{'A',[0,1,0,2,0,0],1,0,[0,0,0,1,0,0],0,1,[0,1,0,0,0,0],0,0},{'A',[0,-1,0,-2,1,0],2,0,[0,0,0,0,1,0],0,0,[0,-1,0,-2,0,0],1,0},{'A',[0,1,0,2,0,-2],2,0,[0,1,0,2,0,0],1,0,[0,0,0,0,0,-1],0,1},{'A',[1,0,1,0,0,0],1,0,[1,0,0,0,0,0],0,0,[0,0,1,0,0,0],0,0},{'A',[0,-1,-4,-2,1,0],3,0,[0,-1,0,-2,1,0],2,0,[0,0,-1,0,0,0],0,2},{'A',[1,0,1,0,0,2],2,0,[1,0,1,0,0,0],1,0,[0,0,0,0,0,1],0,1},{'A',[0,3,-4,6,1,-8],4,0,[0,1,0,2,0,-2],2,2,[0,-1,-4,-2,1,0],3,0},{'A',[-16,3,-20,6,1,-8],5,0,[0,3,-4,6,1,-8],4,0,[-1,0,-1,0,0,0],1,4},{'A',[17,-3,21,-6,-1,10],6,0,[1,0,1,0,0,2],2,0,[16,-3,20,-6,-1,8],5,0},{'O',[17,-3,21,-6,-1,10],6,[17,-3,21,-6,-1,10],6,0}}
Adder graph: {{'A',[0,0,0,1,0,-1],1,0,[0,0,0,1,0,0],0,0,[0,0,0,0,0,-1],0,0},{'A',[0,0,0,0,1,-4],1,0,[0,0,0,0,1,0],0,0,[0,0,0,0,0,-1],0,2},{'A',[0,1,0,2,0,-2],2,0,[0,0,0,1,0,-1],1,1,[0,1,0,0,0,0],0,0},{'A',[1,0,1,0,0,0],1,0,[1,0,0,0,0,0],0,0,[0,0,1,0,0,0],0,0},{'A',[0,-1,0,-2,1,-2],3,0,[0,0,0,0,1,-4],1,0,[0,-1,0,-2,0,2],2,0},{'A',[1,0,5,0,0,0],2,0,[1,0,1,0,0,0],1,0,[0,0,1,0,0,0],0,2},{'A',[-1,-1,-5,-2,1,-2],4,0,[0,-1,0,-2,1,-2],3,0,[-1,0,-5,0,0,0],2,0},{'A',[-1,3,-5,6,1,-10],5,0,[-1,-1,-5,-2,1,-2],4,0,[0,1,0,2,0,-2],2,2},{'A',[-17,3,-21,6,1,-10],6,0,[-1,3,-5,6,1,-10],5,0,[-1,0,-1,0,0,0],1,4},{'O',[17,-3,21,-6,-1,10],6,[17,-3,21,-6,-1,10],6,0}}
Finished solving after 134402 seconds
Adder graph: {{'A',[0,0,0,1,0,-1],1,0,[0,0,0,1,0,0],0,0,[0,0,0,0,0,-1],0,0},{'A',[0,0,0,0,1,-4],1,0,[0,0,0,0,1,0],0,0,[0,0,0,0,0,-1],0,2},{'A',[0,1,0,2,0,-2],2,0,[0,0,0,1,0,-1],1,1,[0,1,0,0,0,0],0,0},{'A',[1,0,1,0,0,0],1,0,[1,0,0,0,0,0],0,0,[0,0,1,0,0,0],0,0},{'A',[0,-1,0,-2,1,-2],3,0,[0,0,0,0,1,-4],1,0,[0,-1,0,-2,0,2],2,0},{'A',[1,0,5,0,0,0],2,0,[1,0,1,0,0,0],1,0,[0,0,1,0,0,0],0,2},{'A',[-1,-1,-5,-2,1,-2],4,0,[0,-1,0,-2,1,-2],3,0,[-1,0,-5,0,0,0],2,0},{'A',[-1,3,-5,6,1,-10],5,0,[-1,-1,-5,-2,1,-2],4,0,[0,1,0,2,0,-2],2,2},{'A',[-17,3,-21,6,1,-10],6,0,[-1,3,-5,6,1,-10],5,0,[-1,0,-1,0,0,0],1,4},{'O',[17,-3,21,-6,-1,10],6,[17,-3,21,-6,-1,10],6,0}}
#Add optimal = 0
#FAs optimal = 0
