Adder graph: {{'A',[0,0,0,9,0,0],1,0,[0,0,0,1,0,0],0,3,[0,0,0,1,0,0],0,0},{'A',[-8,0,0,0,1,0],1,0,[0,0,0,0,1,0],0,0,[-1,0,0,0,0,0],0,3},{'A',[0,0,0,0,0,15],1,0,[0,0,0,0,0,1],0,4,[0,0,0,0,0,-1],0,0},{'A',[0,-8,0,9,0,0],2,0,[0,0,0,9,0,0],1,0,[0,-1,0,0,0,0],0,3},{'A',[-8,0,-4,0,1,0],2,0,[-8,0,0,0,1,0],1,0,[0,0,-1,0,0,0],0,2},{'A',[-8,-8,-4,9,1,0],3,0,[-8,0,-4,0,1,0],2,0,[0,-8,0,9,0,0],2,0},{'A',[-8,-7,-4,9,1,0],4,0,[-8,-8,-4,9,1,0],3,0,[0,1,0,0,0,0],0,0},{'A',[8,7,4,-9,15,0],5,0,[0,0,0,0,1,0],0,4,[8,7,4,-9,-1,0],4,0},{'A',[24,23,12,-27,13,0],6,0,[8,7,4,-9,15,0],5,0,[8,8,4,-9,-1,0],3,1},{'A',[-24,-23,-12,27,-13,15],7,0,[0,0,0,0,0,15],1,0,[-24,-23,-12,27,-13,0],6,0},{'O',[24,23,12,-27,13,-15],7,[24,23,12,-27,13,-15],7,0}}
Adder graph: {{'A',[1,1,0,0,0,0],1,0,[1,0,0,0,0,0],0,0,[0,1,0,0,0,0],0,0},{'A',[0,0,0,0,0,15],1,0,[0,0,0,0,0,1],0,4,[0,0,0,0,0,-1],0,0},{'A',[0,0,1,0,1,0],1,0,[0,0,1,0,0,0],0,0,[0,0,0,0,1,0],0,0},{'A',[2,2,1,0,1,0],2,0,[1,1,0,0,0,0],1,1,[0,0,1,0,1,0],1,0},{'A',[0,1,0,0,0,15],2,0,[0,0,0,0,0,15],1,0,[0,1,0,0,0,0],0,0},{'A',[-2,-2,-1,2,-1,0],3,0,[0,0,0,1,0,0],0,1,[-2,-2,-1,0,-1,0],2,0},{'A',[-8,-8,-4,9,-4,0],4,0,[-2,-2,-1,2,-1,0],3,2,[0,0,0,1,0,0],0,0},{'A',[-24,-24,-12,27,-12,0],5,0,[-8,-8,-4,9,-4,0],4,1,[-8,-8,-4,9,-4,0],4,0},{'A',[0,1,0,0,-1,15],3,0,[0,1,0,0,0,15],2,0,[0,0,0,0,-1,0],0,0},{'A',[-24,-23,-12,27,-13,15],6,0,[-24,-24,-12,27,-12,0],5,0,[0,1,0,0,-1,15],3,0},{'O',[24,23,12,-27,13,-15],6,[24,23,12,-27,13,-15],6,0}}
Adder graph: {{'A',[0,0,0,-2,1,0],1,0,[0,0,0,0,1,0],0,0,[0,0,0,-1,0,0],0,1},{'A',[0,0,-4,-2,1,0],2,0,[0,0,0,-2,1,0],1,0,[0,0,-1,0,0,0],0,2},{'A',[0,1,0,0,0,-1],1,0,[0,1,0,0,0,0],0,0,[0,0,0,0,0,-1],0,0},{'A',[-8,0,-4,-2,1,0],3,0,[0,0,-4,-2,1,0],2,0,[-1,0,0,0,0,0],0,3},{'A',[-8,-2,-4,-2,1,0],4,0,[-8,0,-4,-2,1,0],3,0,[0,-1,0,0,0,0],0,1},{'A',[0,1,0,32,-16,-1],2,0,[0,1,0,0,0,-1],1,0,[0,0,0,2,-1,0],1,4},{'A',[-8,-1,-4,-34,17,1],4,0,[-8,0,-4,-2,1,0],3,0,[0,-1,0,-32,16,1],2,0},{'A',[-32,-8,-16,-7,4,0],5,0,[-8,-2,-4,-2,1,0],4,2,[0,0,0,1,0,0],0,0},{'A',[32,24,16,7,-4,-16],6,0,[0,1,0,0,0,-1],1,4,[32,8,16,7,-4,0],5,0},{'A',[24,23,12,-27,13,-15],7,0,[-8,-1,-4,-34,17,1],4,0,[32,24,16,7,-4,-16],6,0},{'O',[24,23,12,-27,13,-15],7,[24,23,12,-27,13,-15],7,0}}
Adder graph: {{'A',[0,0,0,2,-1,0],1,0,[0,0,0,1,0,0],0,1,[0,0,0,0,-1,0],0,0},{'A',[0,1,0,0,0,-1],1,0,[0,1,0,0,0,0],0,0,[0,0,0,0,0,-1],0,0},{'A',[0,0,8,2,-1,0],2,0,[0,0,0,2,-1,0],1,0,[0,0,1,0,0,0],0,3},{'A',[16,0,8,2,-1,0],3,0,[1,0,0,0,0,0],0,4,[0,0,8,2,-1,0],2,0},{'A',[0,-16,0,0,1,0],1,0,[0,0,0,0,1,0],0,0,[0,-1,0,0,0,0],0,4},{'A',[48,0,24,6,-3,0],4,0,[16,0,8,2,-1,0],3,0,[16,0,8,2,-1,0],3,1},{'A',[0,1,0,-2,1,-1],2,0,[0,1,0,0,0,-1],1,0,[0,0,0,-2,1,0],1,0},{'A',[0,-15,0,30,-15,15],3,0,[0,1,0,-2,1,-1],2,0,[0,-1,0,2,-1,1],2,4},{'A',[0,-46,0,60,-29,30],4,0,[0,-16,0,0,1,0],1,0,[0,-15,0,30,-15,15],3,1},{'A',[24,23,12,-27,13,-15],5,1,[48,0,24,6,-3,0],4,0,[0,46,0,-60,29,-30],4,0},{'O',[24,23,12,-27,13,-15],5,[24,23,12,-27,13,-15],5,0}}
Adder graph: {{'A',[0,-1,0,0,0,1],1,0,[0,0,0,0,0,1],0,0,[0,-1,0,0,0,0],0,0},{'A',[0,0,4,1,0,0],1,0,[0,0,1,0,0,0],0,2,[0,0,0,1,0,0],0,0},{'A',[8,0,4,1,0,0],2,0,[1,0,0,0,0,0],0,3,[0,0,4,1,0,0],1,0},{'A',[0,-1,0,2,0,1],2,0,[0,-1,0,0,0,1],1,0,[0,0,0,1,0,0],0,1},{'A',[0,1,0,-2,1,-1],3,0,[0,0,0,0,1,0],0,0,[0,1,0,-2,0,-1],2,0},{'A',[0,1,0,-2,3,-1],4,0,[0,0,0,0,1,0],0,1,[0,1,0,-2,1,-1],3,0},{'A',[-32,1,-16,-6,3,-1],5,0,[0,1,0,-2,3,-1],4,0,[-8,0,-4,-1,0,0],2,2},{'A',[8,-8,4,1,0,0],3,0,[8,0,4,1,0,0],2,0,[0,-1,0,0,0,0],0,3},{'A',[-8,24,-4,-33,16,-16],4,0,[0,1,0,-2,1,-1],3,4,[-8,8,-4,-1,0,0],3,0},{'A',[24,23,12,-27,13,-15],6,0,[-8,24,-4,-33,16,-16],4,0,[32,-1,16,6,-3,1],5,0},{'O',[24,23,12,-27,13,-15],6,[24,23,12,-27,13,-15],6,0}}
Adder graph: {{'A',[0,1,0,-1,0,0],1,0,[0,1,0,0,0,0],0,0,[0,0,0,-1,0,0],0,0},{'A',[0,0,-4,0,1,0],1,0,[0,0,0,0,1,0],0,0,[0,0,-1,0,0,0],0,2},{'A',[-8,0,-4,0,1,0],2,0,[0,0,-4,0,1,0],1,0,[-1,0,0,0,0,0],0,3},{'A',[0,1,0,-1,-16,0],2,0,[0,1,0,-1,0,0],1,0,[0,0,0,0,-1,0],0,4},{'A',[-8,-8,-4,8,1,0],3,0,[-8,0,-4,0,1,0],2,0,[0,-1,0,1,0,0],1,3},{'A',[0,0,0,-4,0,1],1,0,[0,0,0,0,0,1],0,0,[0,0,0,-1,0,0],0,2},{'A',[-16,-15,-8,15,-14,0],4,0,[-8,-8,-4,8,1,0],3,1,[0,1,0,-1,-16,0],2,0},{'A',[0,0,0,-4,0,-15],2,0,[0,0,0,-4,0,1],1,0,[0,0,0,0,0,-1],0,4},{'A',[-24,-23,-12,23,-13,0],5,0,[-8,-8,-4,8,1,0],3,0,[-16,-15,-8,15,-14,0],4,0},{'A',[24,23,12,-27,13,-15],6,0,[0,0,0,-4,0,-15],2,0,[24,23,12,-23,13,0],5,0},{'O',[24,23,12,-27,13,-15],6,[24,23,12,-27,13,-15],6,0}}
Adder graph: {{'A',[0,0,0,0,-1,1],1,0,[0,0,0,0,0,1],0,0,[0,0,0,0,-1,0],0,0},{'A',[0,0,0,0,15,-15],2,0,[0,0,0,0,-1,1],1,0,[0,0,0,0,1,-1],1,4},{'A',[0,0,-4,1,0,0],1,0,[0,0,0,1,0,0],0,0,[0,0,-1,0,0,0],0,2},{'A',[0,1,0,0,2,0],1,0,[0,1,0,0,0,0],0,0,[0,0,0,0,1,0],0,1},{'A',[0,-8,-4,1,0,0],2,0,[0,0,-4,1,0,0],1,0,[0,-1,0,0,0,0],0,3},{'A',[-1,0,0,1,0,0],1,0,[0,0,0,1,0,0],0,0,[-1,0,0,0,0,0],0,0},{'A',[-8,-8,-4,9,0,0],3,0,[-1,0,0,1,0,0],1,3,[0,-8,-4,1,0,0],2,0},{'A',[-8,-7,-4,9,2,0],4,0,[0,1,0,0,2,0],1,0,[-8,-8,-4,9,0,0],3,0},{'A',[16,16,8,-18,15,-15],4,0,[0,0,0,0,15,-15],2,0,[8,8,4,-9,0,0],3,1},{'A',[-24,-23,-12,27,-13,15],5,0,[-8,-7,-4,9,2,0],4,0,[-16,-16,-8,18,-15,15],4,0},{'O',[24,23,12,-27,13,-15],5,[24,23,12,-27,13,-15],5,0}}
Finished solving after 176528 seconds
Adder graph: {{'A',[0,0,0,0,-1,1],1,0,[0,0,0,0,0,1],0,0,[0,0,0,0,-1,0],0,0},{'A',[0,0,0,0,15,-15],2,0,[0,0,0,0,-1,1],1,0,[0,0,0,0,1,-1],1,4},{'A',[0,0,-4,1,0,0],1,0,[0,0,0,1,0,0],0,0,[0,0,-1,0,0,0],0,2},{'A',[0,1,0,0,2,0],1,0,[0,1,0,0,0,0],0,0,[0,0,0,0,1,0],0,1},{'A',[0,-8,-4,1,0,0],2,0,[0,0,-4,1,0,0],1,0,[0,-1,0,0,0,0],0,3},{'A',[-1,0,0,1,0,0],1,0,[0,0,0,1,0,0],0,0,[-1,0,0,0,0,0],0,0},{'A',[-8,-8,-4,9,0,0],3,0,[-1,0,0,1,0,0],1,3,[0,-8,-4,1,0,0],2,0},{'A',[-8,-7,-4,9,2,0],4,0,[0,1,0,0,2,0],1,0,[-8,-8,-4,9,0,0],3,0},{'A',[16,16,8,-18,15,-15],4,0,[0,0,0,0,15,-15],2,0,[8,8,4,-9,0,0],3,1},{'A',[-24,-23,-12,27,-13,15],5,0,[-8,-7,-4,9,2,0],4,0,[-16,-16,-8,18,-15,15],4,0},{'O',[24,23,12,-27,13,-15],5,[24,23,12,-27,13,-15],5,0}}
#Add optimal = 0
#FAs optimal = 0
