Adder graph: {{'A',[0,0,0,-16,0,1],1,0,[0,0,0,0,0,1],0,0,[0,0,0,-1,0,0],0,4},{'A',[0,1,0,0,0,4],1,0,[0,0,0,0,0,1],0,2,[0,1,0,0,0,0],0,0},{'A',[1,1,0,0,0,0],1,0,[1,0,0,0,0,0],0,0,[0,1,0,0,0,0],0,0},{'A',[8,8,-1,0,0,0],2,0,[1,1,0,0,0,0],1,3,[0,0,-1,0,0,0],0,0},{'A',[-8,-7,1,0,0,4],3,0,[0,1,0,0,0,4],1,0,[-8,-8,1,0,0,0],2,0},{'A',[0,0,0,-16,-8,1],2,0,[0,0,0,-16,0,1],1,0,[0,0,0,0,-1,0],0,3},{'A',[-24,-20,3,0,0,16],4,0,[8,8,-1,0,0,0],2,0,[-8,-7,1,0,0,4],3,2},{'A',[1,1,0,-32,-16,2],3,0,[0,0,0,-16,-8,1],2,1,[1,1,0,0,0,0],1,0},{'A',[-25,-21,3,32,16,14],5,0,[-24,-20,3,0,0,16],4,0,[-1,-1,0,32,16,-2],3,0},{'O',[25,21,-3,-32,-16,-14],5,[25,21,-3,-32,-16,-14],5,0}}
Adder graph: {{'A',[0,-3,0,0,0,0],1,0,[0,1,0,0,0,0],0,0,[0,-1,0,0,0,0],0,2},{'A',[1,0,0,0,0,2],1,0,[1,0,0,0,0,0],0,0,[0,0,0,0,0,1],0,1},{'A',[1,0,0,-1,0,0],1,0,[1,0,0,0,0,0],0,0,[0,0,0,-1,0,0],0,0},{'A',[1,-3,0,0,0,2],2,0,[0,-3,0,0,0,0],1,0,[1,0,0,0,0,2],1,0},{'A',[2,-6,1,0,0,4],3,0,[1,-3,0,0,0,2],2,1,[0,0,1,0,0,0],0,0},{'A',[1,-3,0,0,16,2],3,0,[1,-3,0,0,0,2],2,0,[0,0,0,0,1,0],0,4},{'A',[1,-3,1,0,-16,2],4,0,[2,-6,1,0,0,4],3,0,[-1,3,0,0,-16,-2],3,0},{'A',[7,-21,3,0,16,14],5,0,[2,-6,1,0,0,4],3,2,[-1,3,-1,0,16,-2],4,0},{'A',[25,21,-3,-32,-16,-14],6,0,[1,0,0,-1,0,0],1,5,[-7,21,-3,0,-16,-14],5,0},{'O',[25,21,-3,-32,-16,-14],6,[25,21,-3,-32,-16,-14],6,0}}
Adder graph: {{'A',[0,1,1,0,0,0],1,0,[0,1,0,0,0,0],0,0,[0,0,1,0,0,0],0,0},{'A',[1,0,0,0,0,2],1,0,[0,0,0,0,0,1],0,1,[1,0,0,0,0,0],0,0},{'A',[-3,0,0,0,0,2],2,0,[1,0,0,0,0,2],1,0,[-1,0,0,0,0,0],0,2},{'A',[0,-7,1,0,0,0],2,0,[0,1,1,0,0,0],1,0,[0,-1,0,0,0,0],0,3},{'A',[25,0,0,0,0,-14],3,0,[1,0,0,0,0,2],1,0,[3,0,0,0,0,-2],2,3},{'A',[0,-21,3,0,0,0],3,0,[0,-7,1,0,0,0],2,1,[0,-7,1,0,0,0],2,0},{'A',[0,0,0,2,1,0],1,0,[0,0,0,1,0,0],0,1,[0,0,0,0,1,0],0,0},{'A',[0,-21,3,32,16,0],4,0,[0,0,0,2,1,0],1,4,[0,-21,3,0,0,0],3,0},{'A',[25,21,-3,-32,-16,-14],5,0,[25,0,0,0,0,-14],3,0,[0,21,-3,-32,-16,0],4,0},{'O',[25,21,-3,-32,-16,-14],5,[25,21,-3,-32,-16,-14],5,0}}
Adder graph: {{'A',[1,-1,0,0,0,0],1,0,[1,0,0,0,0,0],0,0,[0,-1,0,0,0,0],0,0},{'A',[2,0,0,0,-1,0],1,0,[1,0,0,0,0,0],0,1,[0,0,0,0,-1,0],0,0},{'A',[0,0,-3,0,0,0],1,0,[0,0,1,0,0,0],0,0,[0,0,-1,0,0,0],0,2},{'A',[0,0,-3,-32,0,0],2,0,[0,0,-3,0,0,0],1,0,[0,0,0,-1,0,0],0,5},{'A',[1,-1,0,0,0,2],2,0,[0,0,0,0,0,1],0,1,[1,-1,0,0,0,0],1,0},{'A',[1,-3,0,0,0,2],3,0,[1,-1,0,0,0,2],2,0,[0,-1,0,0,0,0],0,1},{'A',[33,-3,0,0,-16,2],4,0,[1,-3,0,0,0,2],3,0,[2,0,0,0,-1,0],1,4},{'A',[33,-3,-3,-32,-16,2],5,0,[33,-3,0,0,-16,2],4,0,[0,0,-3,-32,0,0],2,0},{'A',[25,21,-3,-32,-16,-14],6,0,[33,-3,-3,-32,-16,2],5,0,[-1,3,0,0,0,-2],3,3},{'O',[25,21,-3,-32,-16,-14],6,[25,21,-3,-32,-16,-14],6,0}}
Adder graph: {{'A',[1,0,0,0,0,2],1,0,[0,0,0,0,0,1],0,1,[1,0,0,0,0,0],0,0},{'A',[-1,1,0,0,0,-2],2,0,[0,1,0,0,0,0],0,0,[-1,0,0,0,0,-2],1,0},{'A',[2,0,0,0,-1,0],1,0,[1,0,0,0,0,0],0,1,[0,0,0,0,-1,0],0,0},{'A',[-1,3,0,0,0,-2],3,0,[-1,1,0,0,0,-2],2,0,[0,1,0,0,0,0],0,1},{'A',[0,0,-3,0,0,0],1,0,[0,0,1,0,0,0],0,0,[0,0,-1,0,0,0],0,2},{'A',[-1,3,0,-4,0,-2],4,0,[-1,3,0,0,0,-2],3,0,[0,0,0,-1,0,0],0,2},{'A',[-1,3,3,0,0,-2],4,0,[-1,3,0,0,0,-2],3,0,[0,0,3,0,0,0],1,0},{'A',[-33,3,3,0,16,-2],5,0,[-1,3,3,0,0,-2],4,0,[-2,0,0,0,1,0],1,4},{'A',[-25,-21,3,32,16,14],6,0,[-33,3,3,0,16,-2],5,0,[1,-3,0,4,0,2],4,3},{'O',[25,21,-3,-32,-16,-14],6,[25,21,-3,-32,-16,-14],6,0}}
Adder graph: {{'A',[0,-3,0,0,0,0],1,0,[0,1,0,0,0,0],0,0,[0,-1,0,0,0,0],0,2},{'A',[0,0,1,0,0,2],1,0,[0,0,0,0,0,1],0,1,[0,0,1,0,0,0],0,0},{'A',[-2,0,0,0,1,0],1,0,[0,0,0,0,1,0],0,0,[-1,0,0,0,0,0],0,1},{'A',[1,-3,0,0,0,0],2,0,[1,0,0,0,0,0],0,0,[0,-3,0,0,0,0],1,0},{'A',[1,-3,1,0,0,2],3,0,[1,-3,0,0,0,0],2,0,[0,0,1,0,0,2],1,0},{'A',[-2,0,0,2,1,0],2,0,[-2,0,0,0,1,0],1,0,[0,0,0,1,0,0],0,1},{'A',[1,-3,5,0,0,2],4,0,[1,-3,1,0,0,2],3,0,[0,0,1,0,0,0],0,2},{'A',[33,-3,5,-32,-16,2],5,0,[1,-3,5,0,0,2],4,0,[2,0,0,-2,-1,0],2,4},{'A',[25,21,-3,-32,-16,-14],6,0,[33,-3,5,-32,-16,2],5,0,[-1,3,-1,0,0,-2],3,3},{'O',[25,21,-3,-32,-16,-14],6,[25,21,-3,-32,-16,-14],6,0}}
Adder graph: {{'A',[1,1,0,0,0,0],1,0,[1,0,0,0,0,0],0,0,[0,1,0,0,0,0],0,0},{'A',[1,1,0,0,0,2],2,0,[0,0,0,0,0,1],0,1,[1,1,0,0,0,0],1,0},{'A',[1,1,0,0,-16,2],3,0,[1,1,0,0,0,2],2,0,[0,0,0,0,-1,0],0,4},{'A',[0,0,3,0,0,0],1,0,[0,0,1,0,0,0],0,1,[0,0,1,0,0,0],0,0},{'A',[1,1,0,-32,-16,2],4,0,[1,1,0,0,-16,2],3,0,[0,0,0,-1,0,0],0,5},{'A',[0,4,3,0,0,0],2,0,[0,1,0,0,0,0],0,2,[0,0,3,0,0,0],1,0},{'A',[1,-3,-3,-32,-16,2],5,0,[1,1,0,-32,-16,2],4,0,[0,-4,-3,0,0,0],2,0},{'A',[-3,-3,0,0,0,2],3,0,[1,1,0,0,0,2],2,0,[-1,-1,0,0,0,0],1,2},{'A',[25,21,-3,-32,-16,-14],6,0,[1,-3,-3,-32,-16,2],5,0,[3,3,0,0,0,-2],3,3},{'O',[25,21,-3,-32,-16,-14],6,[25,21,-3,-32,-16,-14],6,0}}
Adder graph: {{'A',[1,1,0,0,0,0],1,0,[0,1,0,0,0,0],0,0,[1,0,0,0,0,0],0,0},{'A',[0,1,1,0,0,0],1,0,[0,1,0,0,0,0],0,0,[0,0,1,0,0,0],0,0},{'A',[0,-4,-3,0,0,0],2,0,[0,0,1,0,0,0],0,0,[0,-1,-1,0,0,0],1,2},{'A',[1,1,0,0,0,2],2,0,[1,1,0,0,0,0],1,0,[0,0,0,0,0,1],0,1},{'A',[-3,-3,0,0,0,2],3,0,[1,1,0,0,0,2],2,0,[-1,-1,0,0,0,0],1,2},{'A',[1,-3,-3,0,0,2],3,0,[0,-4,-3,0,0,0],2,0,[1,1,0,0,0,2],2,0},{'A',[1,-3,-3,0,-16,2],4,0,[1,-3,-3,0,0,2],3,0,[0,0,0,0,-1,0],0,4},{'A',[25,21,-3,0,-16,-14],5,0,[1,-3,-3,0,-16,2],4,0,[3,3,0,0,0,-2],3,3},{'A',[25,21,-3,-32,-16,-14],6,0,[25,21,-3,0,-16,-14],5,0,[0,0,0,-1,0,0],0,5},{'O',[25,21,-3,-32,-16,-14],6,[25,21,-3,-32,-16,-14],6,0}}
Finished solving after 126149 seconds
Adder graph: {{'A',[1,1,0,0,0,0],1,0,[0,1,0,0,0,0],0,0,[1,0,0,0,0,0],0,0},{'A',[0,1,1,0,0,0],1,0,[0,1,0,0,0,0],0,0,[0,0,1,0,0,0],0,0},{'A',[0,-4,-3,0,0,0],2,0,[0,0,1,0,0,0],0,0,[0,-1,-1,0,0,0],1,2},{'A',[1,1,0,0,0,2],2,0,[1,1,0,0,0,0],1,0,[0,0,0,0,0,1],0,1},{'A',[-3,-3,0,0,0,2],3,0,[1,1,0,0,0,2],2,0,[-1,-1,0,0,0,0],1,2},{'A',[1,-3,-3,0,0,2],3,0,[0,-4,-3,0,0,0],2,0,[1,1,0,0,0,2],2,0},{'A',[1,-3,-3,0,-16,2],4,0,[1,-3,-3,0,0,2],3,0,[0,0,0,0,-1,0],0,4},{'A',[25,21,-3,0,-16,-14],5,0,[1,-3,-3,0,-16,2],4,0,[3,3,0,0,0,-2],3,3},{'A',[25,21,-3,-32,-16,-14],6,0,[25,21,-3,0,-16,-14],5,0,[0,0,0,-1,0,0],0,5},{'O',[25,21,-3,-32,-16,-14],6,[25,21,-3,-32,-16,-14],6,0}}
#Add optimal = 0
#FAs optimal = 0
