Adder graph: {{'A',[2,0,0,1,0,0],1,0,[0,0,0,1,0,0],0,0,[1,0,0,0,0,0],0,1},{'A',[-2,0,2,-1,0,0],2,0,[0,0,1,0,0,0],0,1,[-2,0,0,-1,0,0],1,0},{'A',[2,0,-2,1,1,0],3,0,[0,0,0,0,1,0],0,0,[2,0,-2,1,0,0],2,0},{'A',[-34,0,34,-17,-1,0],4,0,[-2,0,2,-1,0,0],2,4,[-2,0,2,-1,-1,0],3,0},{'A',[0,8,0,0,0,-1],1,0,[0,1,0,0,0,0],0,3,[0,0,0,0,0,-1],0,0},{'A',[34,8,-34,17,1,-1],5,0,[0,8,0,0,0,-1],1,0,[34,0,-34,17,1,0],4,0},{'A',[34,8,-34,25,1,-1],6,0,[34,8,-34,17,1,-1],5,0,[0,0,0,1,0,0],0,3},{'A',[-26,-8,26,-21,3,1],7,0,[2,0,-2,1,1,0],3,2,[-34,-8,34,-25,-1,1],6,0},{'O',[26,8,-26,21,-3,-1],7,[26,8,-26,21,-3,-1],7,0}}
Adder graph: {{'A',[-1,0,1,0,0,0],1,0,[0,0,1,0,0,0],0,0,[-1,0,0,0,0,0],0,0},{'A',[2,0,-2,1,0,0],2,0,[0,0,0,1,0,0],0,0,[1,0,-1,0,0,0],1,1},{'A',[0,8,0,0,0,-1],1,0,[0,1,0,0,0,0],0,3,[0,0,0,0,0,-1],0,0},{'A',[2,0,-2,1,1,0],3,0,[2,0,-2,1,0,0],2,0,[0,0,0,0,1,0],0,0},{'A',[2,-8,-2,1,1,1],4,0,[2,0,-2,1,1,0],3,0,[0,-8,0,0,0,1],1,0},{'A',[14,0,-14,7,-1,0],4,0,[2,0,-2,1,0,0],2,3,[-2,0,2,-1,-1,0],3,0},{'A',[-26,-8,26,-13,3,1],5,0,[2,-8,-2,1,1,1],4,0,[-14,0,14,-7,1,0],4,1},{'A',[-26,-8,26,-21,3,1],6,0,[-26,-8,26,-13,3,1],5,0,[0,0,0,-1,0,0],0,3},{'O',[26,8,-26,21,-3,-1],6,[26,8,-26,21,-3,-1],6,0}}
Adder graph: {{'A',[-1,0,1,0,0,0],1,0,[0,0,1,0,0,0],0,0,[-1,0,0,0,0,0],0,0},{'A',[-2,0,2,-1,0,0],2,0,[-1,0,1,0,0,0],1,1,[0,0,0,-1,0,0],0,0},{'A',[-8,0,8,-4,1,0],3,0,[-2,0,2,-1,0,0],2,2,[0,0,0,0,1,0],0,0},{'A',[-8,8,8,-4,1,0],4,0,[-8,0,8,-4,1,0],3,0,[0,1,0,0,0,0],0,3},{'A',[-2,0,2,-9,0,0],3,0,[-2,0,2,-1,0,0],2,0,[0,0,0,-1,0,0],0,3},{'A',[-34,0,34,-25,4,0],4,0,[-2,0,2,-9,0,0],3,0,[-8,0,8,-4,1,0],3,2},{'A',[-34,0,34,-25,4,1],5,0,[-34,0,34,-25,4,0],4,0,[0,0,0,0,0,1],0,0},{'A',[-26,-8,26,-21,3,1],6,0,[-34,0,34,-25,4,1],5,0,[8,-8,-8,4,-1,0],4,0},{'O',[26,8,-26,21,-3,-1],6,[26,8,-26,21,-3,-1],6,0}}
Adder graph: {{'A',[-1,0,1,0,0,0],1,0,[0,0,1,0,0,0],0,0,[-1,0,0,0,0,0],0,0},{'A',[0,0,0,-7,0,0],1,0,[0,0,0,1,0,0],0,0,[0,0,0,-1,0,0],0,3},{'A',[-2,0,2,0,-1,0],2,0,[-1,0,1,0,0,0],1,1,[0,0,0,0,-1,0],0,0},{'A',[2,0,-2,-7,1,0],3,0,[0,0,0,-7,0,0],1,0,[2,0,-2,0,1,0],2,0},{'A',[-2,0,2,7,-1,1],4,0,[0,0,0,0,0,1],0,0,[-2,0,2,7,-1,0],3,0},{'A',[-6,0,6,-7,1,0],4,0,[-1,0,1,0,0,0],1,3,[2,0,-2,-7,1,0],3,0},{'A',[6,2,-6,7,-1,0],5,0,[0,1,0,0,0,0],0,1,[6,0,-6,7,-1,0],4,0},{'A',[26,8,-26,21,-3,-1],6,0,[6,2,-6,7,-1,0],5,2,[2,0,-2,-7,1,-1],4,0},{'O',[26,8,-26,21,-3,-1],6,[26,8,-26,21,-3,-1],6,0}}
Adder graph: {{'A',[0,0,2,-1,0,0],1,0,[0,0,1,0,0,0],0,1,[0,0,0,-1,0,0],0,0},{'A',[-2,0,2,-1,0,0],2,0,[0,0,2,-1,0,0],1,0,[-1,0,0,0,0,0],0,1},{'A',[2,0,-2,1,1,0],3,0,[0,0,0,0,1,0],0,0,[2,0,-2,1,0,0],2,0},{'A',[-2,2,2,-1,-1,0],4,0,[0,1,0,0,0,0],0,1,[-2,0,2,-1,-1,0],3,0},{'A',[-2,2,2,1,-1,0],5,0,[-2,2,2,-1,-1,0],4,0,[0,0,0,1,0,0],0,1},{'A',[-32,0,32,-16,0,1],3,0,[0,0,0,0,0,1],0,0,[-2,0,2,-1,0,0],2,4},{'A',[-6,8,6,5,-3,0],6,0,[2,0,-2,1,1,0],3,0,[-2,2,2,1,-1,0],5,2},{'A',[26,8,-26,21,-3,-1],7,0,[-6,8,6,5,-3,0],6,0,[32,0,-32,16,0,-1],3,0},{'O',[26,8,-26,21,-3,-1],7,[26,8,-26,21,-3,-1],7,0}}
Adder graph: {{'A',[0,-8,0,0,0,1],1,0,[0,0,0,0,0,1],0,0,[0,-1,0,0,0,0],0,3},{'A',[2,0,0,1,0,0],1,0,[1,0,0,0,0,0],0,1,[0,0,0,1,0,0],0,0},{'A',[2,0,-2,1,0,0],2,0,[2,0,0,1,0,0],1,0,[0,0,-1,0,0,0],0,1},{'A',[2,0,-2,1,1,0],3,0,[2,0,-2,1,0,0],2,0,[0,0,0,0,1,0],0,0},{'A',[34,0,-34,17,1,0],4,0,[2,0,-2,1,1,0],3,0,[2,0,-2,1,0,0],2,4},{'A',[-2,0,2,1,-1,0],4,0,[0,0,0,1,0,0],0,1,[-2,0,2,-1,-1,0],3,0},{'A',[8,-8,-8,-4,4,1],5,0,[0,-8,0,0,0,1],1,0,[2,0,-2,-1,1,0],4,2},{'A',[26,8,-26,21,-3,-1],6,0,[34,0,-34,17,1,0],4,0,[-8,8,8,4,-4,-1],5,0},{'O',[26,8,-26,21,-3,-1],6,[26,8,-26,21,-3,-1],6,0}}
Adder graph: {{'A',[-1,0,1,0,0,0],1,0,[0,0,1,0,0,0],0,0,[-1,0,0,0,0,0],0,0},{'A',[0,0,0,-7,0,0],1,0,[0,0,0,1,0,0],0,0,[0,0,0,-1,0,0],0,3},{'A',[-1,-4,1,0,0,0],2,0,[-1,0,1,0,0,0],1,0,[0,-1,0,0,0,0],0,2},{'A',[-8,0,8,-7,0,0],2,0,[-1,0,1,0,0,0],1,3,[0,0,0,-7,0,0],1,0},{'A',[-8,0,8,-7,1,0],3,0,[-8,0,8,-7,0,0],2,0,[0,0,0,0,1,0],0,0},{'A',[-2,-8,2,0,0,1],3,0,[0,0,0,0,0,1],0,0,[-1,-4,1,0,0,0],2,1},{'A',[6,-8,-6,7,-1,1],4,0,[-2,-8,2,0,0,1],3,0,[8,0,-8,7,-1,0],3,0},{'A',[-26,-8,26,-21,3,1],5,0,[-8,0,8,-7,1,0],3,2,[6,-8,-6,7,-1,1],4,0},{'O',[26,8,-26,21,-3,-1],5,[26,8,-26,21,-3,-1],5,0}}
Adder graph: {{'A',[0,0,0,1,1,0],1,0,[0,0,0,0,1,0],0,0,[0,0,0,1,0,0],0,0},{'A',[1,0,-1,0,0,0],1,0,[1,0,0,0,0,0],0,0,[0,0,-1,0,0,0],0,0},{'A',[0,0,0,-7,1,0],2,0,[0,0,0,1,1,0],1,0,[0,0,0,-1,0,0],0,3},{'A',[0,-8,0,0,0,1],1,0,[0,0,0,0,0,1],0,0,[0,-1,0,0,0,0],0,3},{'A',[2,0,-2,-7,1,0],3,0,[1,0,-1,0,0,0],1,1,[0,0,0,-7,1,0],2,0},{'A',[-14,0,14,-7,1,0],4,0,[2,0,-2,-7,1,0],3,0,[-1,0,1,0,0,0],1,4},{'A',[-26,0,26,-21,3,0],5,0,[2,0,-2,-7,1,0],3,0,[-14,0,14,-7,1,0],4,1},{'A',[-26,-8,26,-21,3,1],6,0,[-26,0,26,-21,3,0],5,0,[0,-8,0,0,0,1],1,0},{'O',[26,8,-26,21,-3,-1],6,[26,8,-26,21,-3,-1],6,0}}
Adder graph: {{'A',[0,0,0,1,1,0],1,0,[0,0,0,0,1,0],0,0,[0,0,0,1,0,0],0,0},{'A',[1,0,-1,0,0,0],1,0,[1,0,0,0,0,0],0,0,[0,0,-1,0,0,0],0,0},{'A',[1,0,-1,-4,0,0],2,0,[1,0,-1,0,0,0],1,0,[0,0,0,-1,0,0],0,2},{'A',[2,0,-2,-7,1,0],3,0,[1,0,-1,-4,0,0],2,1,[0,0,0,1,1,0],1,0},{'A',[2,0,-2,-7,1,1],4,0,[0,0,0,0,0,1],0,0,[2,0,-2,-7,1,0],3,0},{'A',[2,-8,-2,-7,1,1],5,0,[2,0,-2,-7,1,1],4,0,[0,-1,0,0,0,0],0,3},{'A',[-30,-8,30,-7,1,1],6,0,[2,-8,-2,-7,1,1],5,0,[-1,0,1,0,0,0],1,5},{'A',[-26,-8,26,-21,3,1],7,0,[-30,-8,30,-7,1,1],6,0,[2,0,-2,-7,1,0],3,1},{'O',[26,8,-26,21,-3,-1],7,[26,8,-26,21,-3,-1],7,0}}
Adder graph: {{'A',[-1,0,1,0,0,0],1,0,[0,0,1,0,0,0],0,0,[-1,0,0,0,0,0],0,0},{'A',[2,0,-2,1,0,0],2,0,[0,0,0,1,0,0],0,0,[1,0,-1,0,0,0],1,1},{'A',[2,0,-2,1,1,0],3,0,[0,0,0,0,1,0],0,0,[2,0,-2,1,0,0],2,0},{'A',[2,0,-2,1,1,-1],4,0,[2,0,-2,1,1,0],3,0,[0,0,0,0,0,-1],0,0},{'A',[2,0,-2,9,1,-1],5,0,[2,0,-2,1,1,-1],4,0,[0,0,0,1,0,0],0,3},{'A',[2,8,-2,9,1,-1],6,0,[2,0,-2,9,1,-1],5,0,[0,1,0,0,0,0],0,3},{'A',[-6,0,6,-3,1,0],4,0,[2,0,-2,1,1,0],3,0,[-2,0,2,-1,0,0],2,2},{'A',[26,8,-26,21,-3,-1],7,0,[2,8,-2,9,1,-1],6,0,[6,0,-6,3,-1,0],4,2},{'O',[26,8,-26,21,-3,-1],7,[26,8,-26,21,-3,-1],7,0}}
Adder graph: {{'A',[0,0,0,1,1,0],1,0,[0,0,0,1,0,0],0,0,[0,0,0,0,1,0],0,0},{'A',[-1,0,1,0,0,0],1,0,[0,0,1,0,0,0],0,0,[-1,0,0,0,0,0],0,0},{'A',[2,0,-2,1,1,0],2,0,[0,0,0,1,1,0],1,0,[1,0,-1,0,0,0],1,1},{'A',[0,-8,0,0,0,1],1,0,[0,0,0,0,0,1],0,0,[0,-1,0,0,0,0],0,3},{'A',[2,0,-2,-7,1,0],3,0,[2,0,-2,1,1,0],2,0,[0,0,0,-1,0,0],0,3},{'A',[-2,-8,2,7,-1,1],4,0,[0,-8,0,0,0,1],1,0,[-2,0,2,7,-1,0],3,0},{'A',[-34,-8,34,7,-1,1],5,0,[-2,-8,2,7,-1,1],4,0,[-1,0,1,0,0,0],1,5},{'A',[-26,-8,26,-21,3,1],6,0,[-34,-8,34,7,-1,1],5,0,[2,0,-2,-7,1,0],3,2},{'O',[26,8,-26,21,-3,-1],6,[26,8,-26,21,-3,-1],6,0}}
Adder graph: {{'A',[0,0,0,1,1,0],1,0,[0,0,0,0,1,0],0,0,[0,0,0,1,0,0],0,0},{'A',[1,0,-1,0,0,0],1,0,[1,0,0,0,0,0],0,0,[0,0,-1,0,0,0],0,0},{'A',[2,0,-2,1,1,0],2,0,[0,0,0,1,1,0],1,0,[1,0,-1,0,0,0],1,1},{'A',[2,0,-2,-7,1,0],3,0,[2,0,-2,1,1,0],2,0,[0,0,0,-1,0,0],0,3},{'A',[0,-8,0,0,0,1],1,0,[0,0,0,0,0,1],0,0,[0,-1,0,0,0,0],0,3},{'A',[2,8,-2,-7,1,-1],4,0,[2,0,-2,-7,1,0],3,0,[0,8,0,0,0,-1],1,0},{'A',[-6,8,6,21,-3,-1],5,0,[2,8,-2,-7,1,-1],4,0,[-2,0,2,7,-1,0],3,2},{'A',[26,8,-26,21,-3,-1],6,0,[-6,8,6,21,-3,-1],5,0,[1,0,-1,0,0,0],1,5},{'O',[26,8,-26,21,-3,-1],6,[26,8,-26,21,-3,-1],6,0}}
Finished solving after 89327.9 seconds
Adder graph: {{'A',[0,0,0,1,1,0],1,0,[0,0,0,0,1,0],0,0,[0,0,0,1,0,0],0,0},{'A',[1,0,-1,0,0,0],1,0,[1,0,0,0,0,0],0,0,[0,0,-1,0,0,0],0,0},{'A',[2,0,-2,1,1,0],2,0,[0,0,0,1,1,0],1,0,[1,0,-1,0,0,0],1,1},{'A',[2,0,-2,-7,1,0],3,0,[2,0,-2,1,1,0],2,0,[0,0,0,-1,0,0],0,3},{'A',[0,-8,0,0,0,1],1,0,[0,0,0,0,0,1],0,0,[0,-1,0,0,0,0],0,3},{'A',[2,8,-2,-7,1,-1],4,0,[2,0,-2,-7,1,0],3,0,[0,8,0,0,0,-1],1,0},{'A',[-6,8,6,21,-3,-1],5,0,[2,8,-2,-7,1,-1],4,0,[-2,0,2,7,-1,0],3,2},{'A',[26,8,-26,21,-3,-1],6,0,[-6,8,6,21,-3,-1],5,0,[1,0,-1,0,0,0],1,5},{'O',[26,8,-26,21,-3,-1],6,[26,8,-26,21,-3,-1],6,0}}
#Add optimal = 0
#FAs optimal = 0
