Adder graph: {{'A',[1,0,0,-1,0,0],1,0,[1,0,0,0,0,0],0,0,[0,0,0,-1,0,0],0,0},{'A',[-7,0,0,-1,0,0],2,0,[1,0,0,-1,0,0],1,0,[-1,0,0,0,0,0],0,3},{'A',[1,0,16,-1,0,0],2,0,[1,0,0,-1,0,0],1,0,[0,0,1,0,0,0],0,4},{'A',[-27,0,16,-5,0,0],3,0,[1,0,16,-1,0,0],2,0,[-7,0,0,-1,0,0],2,2},{'A',[0,32,-1,0,0,0],1,0,[0,1,0,0,0,0],0,5,[0,0,-1,0,0,0],0,0},{'A',[0,1,0,0,0,-8],1,0,[0,1,0,0,0,0],0,0,[0,0,0,0,0,-1],0,3},{'A',[27,32,-17,5,0,0],4,0,[0,32,-1,0,0,0],1,0,[27,0,-16,5,0,0],3,0},{'A',[27,30,-17,5,0,16],5,0,[27,32,-17,5,0,0],4,0,[0,-1,0,0,0,8],1,1},{'A',[27,30,-17,5,-32,16],6,0,[27,30,-17,5,0,16],5,0,[0,0,0,0,-1,0],0,5},{'O',[27,30,-17,5,-32,16],6,[27,30,-17,5,-32,16],6,0}}
Adder graph: {{'A',[0,4,0,1,0,0],1,0,[0,0,0,1,0,0],0,0,[0,1,0,0,0,0],0,2},{'A',[1,-4,0,-1,0,0],2,0,[1,0,0,0,0,0],0,0,[0,-4,0,-1,0,0],1,0},{'A',[-1,6,0,1,0,0],3,0,[0,1,0,0,0,0],0,1,[-1,4,0,1,0,0],2,0},{'A',[0,0,1,0,2,0],1,0,[0,0,1,0,0,0],0,0,[0,0,0,0,1,0],0,1},{'A',[0,0,1,0,0,-16],1,0,[0,0,1,0,0,0],0,0,[0,0,0,0,0,-1],0,4},{'A',[-2,0,1,0,2,0],2,0,[0,0,1,0,2,0],1,0,[-1,0,0,0,0,0],0,1},{'A',[-32,0,17,0,32,-16],3,0,[0,0,1,0,0,-16],1,0,[-2,0,1,0,2,0],2,4},{'A',[-5,30,0,5,0,0],4,0,[-1,6,0,1,0,0],3,2,[-1,6,0,1,0,0],3,0},{'A',[-27,-30,17,-5,32,-16],5,0,[-32,0,17,0,32,-16],3,0,[5,-30,0,-5,0,0],4,0},{'O',[27,30,-17,5,-32,16],5,[27,30,-17,5,-32,16],5,0}}
Adder graph: {{'A',[1,1,0,0,0,0],1,0,[0,1,0,0,0,0],0,0,[1,0,0,0,0,0],0,0},{'A',[-1,0,0,1,0,0],1,0,[0,0,0,1,0,0],0,0,[-1,0,0,0,0,0],0,0},{'A',[1,0,1,-1,0,0],2,0,[0,0,1,0,0,0],0,0,[1,0,0,-1,0,0],1,0},{'A',[1,0,1,-1,32,0],3,0,[1,0,1,-1,0,0],2,0,[0,0,0,0,1,0],0,5},{'A',[-1,0,-4,1,0,0],2,0,[-1,0,0,1,0,0],1,0,[0,0,-1,0,0,0],0,2},{'A',[-5,0,-17,5,-32,0],4,0,[-1,0,-4,1,0,0],2,2,[-1,0,-1,1,-32,0],3,0},{'A',[2,2,0,0,0,1],2,0,[1,1,0,0,0,0],1,1,[0,0,0,0,0,1],0,0},{'A',[27,32,-17,5,-32,16],5,0,[2,2,0,0,0,1],2,4,[-5,0,-17,5,-32,0],4,0},{'A',[27,30,-17,5,-32,16],6,0,[27,32,-17,5,-32,16],5,0,[0,-1,0,0,0,0],0,1},{'O',[27,30,-17,5,-32,16],6,[27,30,-17,5,-32,16],6,0}}
Adder graph: {{'A',[0,1,8,0,0,0],1,0,[0,1,0,0,0,0],0,0,[0,0,1,0,0,0],0,3},{'A',[0,-15,8,0,0,0],2,0,[0,1,8,0,0,0],1,0,[0,-1,0,0,0,0],0,4},{'A',[0,0,1,0,0,-16],1,0,[0,0,1,0,0,0],0,0,[0,0,0,0,0,-1],0,4},{'A',[0,0,1,0,32,-16],2,0,[0,0,1,0,0,-16],1,0,[0,0,0,0,1,0],0,5},{'A',[-1,0,0,1,0,0],1,0,[0,0,0,1,0,0],0,0,[-1,0,0,0,0,0],0,0},{'A',[2,-15,8,-2,0,0],3,0,[0,-15,8,0,0,0],2,0,[1,0,0,-1,0,0],1,1},{'A',[4,-30,17,-4,32,-16],4,0,[2,-15,8,-2,0,0],3,1,[0,0,1,0,32,-16],2,0},{'A',[31,0,0,1,0,0],2,0,[-1,0,0,1,0,0],1,0,[1,0,0,0,0,0],0,5},{'A',[27,30,-17,5,-32,16],5,0,[31,0,0,1,0,0],2,0,[-4,30,-17,4,-32,16],4,0},{'O',[27,30,-17,5,-32,16],5,[27,30,-17,5,-32,16],5,0}}
Adder graph: {{'A',[0,2,-1,0,0,0],1,0,[0,1,0,0,0,0],0,1,[0,0,-1,0,0,0],0,0},{'A',[1,0,0,-1,0,0],1,0,[1,0,0,0,0,0],0,0,[0,0,0,-1,0,0],0,0},{'A',[0,2,-1,0,0,-16],2,0,[0,2,-1,0,0,0],1,0,[0,0,0,0,0,-1],0,4},{'A',[5,0,0,-5,0,0],2,0,[1,0,0,-1,0,0],1,2,[1,0,0,-1,0,0],1,0},{'A',[0,2,1,0,0,-16],3,0,[0,0,1,0,0,0],0,1,[0,2,-1,0,0,-16],2,0},{'A',[-1,0,0,0,1,0],1,0,[0,0,0,0,1,0],0,0,[-1,0,0,0,0,0],0,0},{'A',[0,-30,17,0,0,-16],4,0,[0,2,1,0,0,-16],3,0,[0,-2,1,0,0,0],1,4},{'A',[-27,0,0,-5,32,0],3,0,[-1,0,0,0,1,0],1,5,[5,0,0,-5,0,0],2,0},{'A',[-27,-30,17,-5,32,-16],5,0,[0,-30,17,0,0,-16],4,0,[-27,0,0,-5,32,0],3,0},{'O',[27,30,-17,5,-32,16],5,[27,30,-17,5,-32,16],5,0}}
Adder graph: {{'A',[-1,0,0,1,0,0],1,0,[0,0,0,1,0,0],0,0,[-1,0,0,0,0,0],0,0},{'A',[0,-1,0,0,1,0],1,0,[0,0,0,0,1,0],0,0,[0,-1,0,0,0,0],0,0},{'A',[-1,0,0,1,0,4],2,0,[0,0,0,0,0,1],0,2,[-1,0,0,1,0,0],1,0},{'A',[1,2,0,-1,0,0],2,0,[0,1,0,0,0,0],0,1,[1,0,0,-1,0,0],1,0},{'A',[-32,0,1,0,0,0],1,0,[0,0,1,0,0,0],0,0,[-1,0,0,0,0,0],0,5},{'A',[1,2,16,-1,0,0],3,0,[1,2,0,-1,0,0],2,0,[0,0,1,0,0,0],0,4},{'A',[-31,2,17,-1,0,0],4,0,[1,2,16,-1,0,0],3,0,[-32,0,1,0,0,0],1,0},{'A',[-27,2,17,-5,0,-16],5,0,[-31,2,17,-1,0,0],4,0,[1,0,0,-1,0,-4],2,2},{'A',[-27,-30,17,-5,32,-16],6,0,[-27,2,17,-5,0,-16],5,0,[0,-1,0,0,1,0],1,5},{'O',[27,30,-17,5,-32,16],6,[27,30,-17,5,-32,16],6,0}}
Adder graph: {{'A',[0,2,0,0,0,1],1,0,[0,0,0,0,0,1],0,0,[0,1,0,0,0,0],0,1},{'A',[-1,0,0,1,0,0],1,0,[0,0,0,1,0,0],0,0,[-1,0,0,0,0,0],0,0},{'A',[-1,0,-4,1,0,0],2,0,[-1,0,0,1,0,0],1,0,[0,0,-1,0,0,0],0,2},{'A',[31,0,0,1,0,0],2,0,[-1,0,0,1,0,0],1,0,[1,0,0,0,0,0],0,5},{'A',[0,2,1,0,0,0],1,0,[0,0,1,0,0,0],0,0,[0,1,0,0,0,0],0,1},{'A',[31,32,0,1,0,16],3,0,[31,0,0,1,0,0],2,0,[0,2,0,0,0,1],1,4},{'A',[-1,0,-4,1,-8,0],3,0,[-1,0,-4,1,0,0],2,0,[0,0,0,0,-1,0],0,3},{'A',[4,2,17,-4,32,0],4,0,[0,2,1,0,0,0],1,0,[1,0,4,-1,8,0],3,2},{'A',[27,30,-17,5,-32,16],5,0,[31,32,0,1,0,16],3,0,[-4,-2,-17,4,-32,0],4,0},{'O',[27,30,-17,5,-32,16],5,[27,30,-17,5,-32,16],5,0}}
Adder graph: {{'A',[0,2,1,0,0,0],1,0,[0,0,1,0,0,0],0,0,[0,1,0,0,0,0],0,1},{'A',[1,0,0,0,-1,0],1,0,[1,0,0,0,0,0],0,0,[0,0,0,0,-1,0],0,0},{'A',[-1,0,0,1,0,0],1,0,[0,0,0,1,0,0],0,0,[-1,0,0,0,0,0],0,0},{'A',[0,2,1,0,0,-16],2,0,[0,2,1,0,0,0],1,0,[0,0,0,0,0,-1],0,4},{'A',[-5,0,0,5,0,0],2,0,[-1,0,0,1,0,0],1,0,[-1,0,0,1,0,0],1,2},{'A',[0,-2,1,0,0,0],1,0,[0,0,1,0,0,0],0,0,[0,-1,0,0,0,0],0,1},{'A',[0,-30,17,0,0,-16],3,0,[0,2,1,0,0,-16],2,0,[0,-2,1,0,0,0],1,4},{'A',[27,0,0,5,-32,0],3,0,[-5,0,0,5,0,0],2,0,[1,0,0,0,-1,0],1,5},{'A',[-27,-30,17,-5,32,-16],4,0,[0,-30,17,0,0,-16],3,0,[-27,0,0,-5,32,0],3,0},{'O',[27,30,-17,5,-32,16],4,[27,30,-17,5,-32,16],4,0}}
Adder graph: {{'A',[-1,0,0,1,0,0],1,0,[0,0,0,1,0,0],0,0,[-1,0,0,0,0,0],0,0},{'A',[0,2,1,0,0,0],1,0,[0,0,1,0,0,0],0,0,[0,1,0,0,0,0],0,1},{'A',[1,2,1,-1,0,0],2,0,[0,2,1,0,0,0],1,0,[1,0,0,-1,0,0],1,0},{'A',[1,2,1,-1,0,-16],3,0,[1,2,1,-1,0,0],2,0,[0,0,0,0,0,-1],0,4},{'A',[7,0,0,1,0,0],2,0,[-1,0,0,1,0,0],1,0,[1,0,0,0,0,0],0,3},{'A',[0,-2,1,0,0,0],1,0,[0,0,1,0,0,0],0,0,[0,-1,0,0,0,0],0,1},{'A',[1,2,1,-1,32,-16],4,0,[1,2,1,-1,0,-16],3,0,[0,0,0,0,1,0],0,5},{'A',[-27,2,1,-5,32,-16],5,0,[1,2,1,-1,32,-16],4,0,[-7,0,0,-1,0,0],2,2},{'A',[-27,-30,17,-5,32,-16],6,0,[-27,2,1,-5,32,-16],5,0,[0,-2,1,0,0,0],1,4},{'O',[27,30,-17,5,-32,16],6,[27,30,-17,5,-32,16],6,0}}
Adder graph: {{'A',[-1,0,0,1,0,0],1,0,[0,0,0,1,0,0],0,0,[-1,0,0,0,0,0],0,0},{'A',[0,2,1,0,0,0],1,0,[0,0,1,0,0,0],0,0,[0,1,0,0,0,0],0,1},{'A',[4,2,1,-4,0,0],2,0,[0,2,1,0,0,0],1,0,[1,0,0,-1,0,0],1,2},{'A',[0,-2,1,0,0,0],2,0,[0,2,1,0,0,0],1,0,[0,-1,0,0,0,0],0,2},{'A',[-5,-2,-1,5,0,0],3,0,[-1,0,0,1,0,0],1,0,[-4,-2,-1,4,0,0],2,0},{'A',[-1,0,0,0,1,0],1,0,[0,0,0,0,1,0],0,0,[-1,0,0,0,0,0],0,0},{'A',[-2,-2,1,0,2,0],3,0,[-1,0,0,0,1,0],1,1,[0,-2,1,0,0,0],2,0},{'A',[-5,-2,-1,5,0,16],4,0,[-5,-2,-1,5,0,0],3,0,[0,0,0,0,0,1],0,4},{'A',[27,30,-17,5,-32,16],5,0,[-5,-2,-1,5,0,16],4,0,[2,2,-1,0,-2,0],3,4},{'O',[27,30,-17,5,-32,16],5,[27,30,-17,5,-32,16],5,0}}
Adder graph: {{'A',[0,2,1,0,0,0],1,0,[0,0,1,0,0,0],0,0,[0,1,0,0,0,0],0,1},{'A',[-1,0,0,1,0,0],1,0,[0,0,0,1,0,0],0,0,[-1,0,0,0,0,0],0,0},{'A',[1,2,1,-1,0,0],2,0,[0,2,1,0,0,0],1,0,[1,0,0,-1,0,0],1,0},{'A',[0,-2,1,0,0,0],2,0,[0,2,1,0,0,0],1,0,[0,-1,0,0,0,0],0,2},{'A',[5,2,1,-5,0,0],3,0,[1,2,1,-1,0,0],2,0,[1,0,0,-1,0,0],1,2},{'A',[5,2,1,-5,0,-16],4,0,[5,2,1,-5,0,0],3,0,[0,0,0,0,0,-1],0,4},{'A',[-1,0,0,0,1,0],1,0,[0,0,0,0,1,0],0,0,[-1,0,0,0,0,0],0,0},{'A',[-2,-2,1,0,2,0],3,0,[-1,0,0,0,1,0],1,1,[0,-2,1,0,0,0],2,0},{'A',[-27,-30,17,-5,32,-16],5,0,[-2,-2,1,0,2,0],3,4,[5,2,1,-5,0,-16],4,0},{'O',[27,30,-17,5,-32,16],5,[27,30,-17,5,-32,16],5,0}}
Finished solving after 121639 seconds
Adder graph: {{'A',[0,2,1,0,0,0],1,0,[0,0,1,0,0,0],0,0,[0,1,0,0,0,0],0,1},{'A',[-1,0,0,1,0,0],1,0,[0,0,0,1,0,0],0,0,[-1,0,0,0,0,0],0,0},{'A',[1,2,1,-1,0,0],2,0,[0,2,1,0,0,0],1,0,[1,0,0,-1,0,0],1,0},{'A',[0,-2,1,0,0,0],2,0,[0,2,1,0,0,0],1,0,[0,-1,0,0,0,0],0,2},{'A',[5,2,1,-5,0,0],3,0,[1,2,1,-1,0,0],2,0,[1,0,0,-1,0,0],1,2},{'A',[5,2,1,-5,0,-16],4,0,[5,2,1,-5,0,0],3,0,[0,0,0,0,0,-1],0,4},{'A',[-1,0,0,0,1,0],1,0,[0,0,0,0,1,0],0,0,[-1,0,0,0,0,0],0,0},{'A',[-2,-2,1,0,2,0],3,0,[-1,0,0,0,1,0],1,1,[0,-2,1,0,0,0],2,0},{'A',[-27,-30,17,-5,32,-16],5,0,[-2,-2,1,0,2,0],3,4,[5,2,1,-5,0,-16],4,0},{'O',[27,30,-17,5,-32,16],5,[27,30,-17,5,-32,16],5,0}}
#Add optimal = 0
#FAs optimal = 0
