Adder graph: {{'A',[-1,0,0,0,32,0],1,0,[0,0,0,0,1,0],0,5,[-1,0,0,0,0,0],0,0},{'A',[0,0,2,0,-1,0],1,0,[0,0,1,0,0,0],0,1,[0,0,0,0,-1,0],0,0},{'A',[4,0,0,1,0,0],1,0,[0,0,0,1,0,0],0,0,[1,0,0,0,0,0],0,2},{'A',[0,1,0,0,0,1],1,0,[0,1,0,0,0,0],0,0,[0,0,0,0,0,1],0,0},{'A',[0,8,-2,0,1,8],2,0,[0,1,0,0,0,1],1,3,[0,0,-2,0,1,0],1,0},{'A',[-1,0,0,-1,32,0],2,0,[-1,0,0,0,32,0],1,0,[0,0,0,-1,0,0],0,0},{'A',[-32,8,-2,-8,1,8],3,0,[0,8,-2,0,1,8],2,0,[-4,0,0,-1,0,0],1,3},{'A',[-31,8,-2,-7,-31,8],4,0,[-32,8,-2,-8,1,8],3,0,[1,0,0,1,-32,0],2,0},{'A',[-31,24,-6,-7,-29,24],5,0,[-31,8,-2,-7,-31,8],4,0,[0,8,-2,0,1,8],2,1},{'A',[-31,24,-10,-7,-29,24],6,0,[-31,24,-6,-7,-29,24],5,0,[0,0,-1,0,0,0],0,2},{'O',[31,-24,10,7,29,-24],6,[31,-24,10,7,29,-24],6,0}}
Adder graph: {{'A',[0,1,0,0,0,1],1,0,[0,1,0,0,0,0],0,0,[0,0,0,0,0,1],0,0},{'A',[0,0,1,0,8,0],1,0,[0,0,0,0,1,0],0,3,[0,0,1,0,0,0],0,0},{'A',[0,0,-2,0,1,0],1,0,[0,0,0,0,1,0],0,0,[0,0,-1,0,0,0],0,1},{'A',[0,0,4,-1,32,0],2,0,[0,0,1,0,8,0],1,2,[0,0,0,-1,0,0],0,0},{'A',[0,8,-2,0,1,8],2,0,[0,1,0,0,0,1],1,3,[0,0,-2,0,1,0],1,0},{'A',[0,24,-6,0,3,24],3,0,[0,8,-2,0,1,8],2,0,[0,8,-2,0,1,8],2,1},{'A',[0,24,-6,-8,3,24],4,0,[0,24,-6,0,3,24],3,0,[0,0,0,-1,0,0],0,3},{'A',[1,24,-6,-8,3,24],5,0,[0,24,-6,-8,3,24],4,0,[1,0,0,0,0,0],0,0},{'A',[1,24,-10,-7,-29,24],6,0,[1,24,-6,-8,3,24],5,0,[0,0,-4,1,-32,0],2,0},{'A',[31,-24,10,7,29,-24],7,0,[1,0,0,0,0,0],0,5,[-1,-24,10,7,29,-24],6,0},{'O',[31,-24,10,7,29,-24],7,[31,-24,10,7,29,-24],7,0}}
Adder graph: {{'A',[1,0,0,1,0,0],1,0,[0,0,0,1,0,0],0,0,[1,0,0,0,0,0],0,0},{'A',[1,0,0,1,-1,0],2,0,[1,0,0,1,0,0],1,0,[0,0,0,0,-1,0],0,0},{'A',[1,0,4,1,-1,0],3,0,[1,0,0,1,-1,0],2,0,[0,0,1,0,0,0],0,2},{'A',[0,1,0,0,0,1],1,0,[0,1,0,0,0,0],0,0,[0,0,0,0,0,1],0,0},{'A',[1,-8,4,1,-1,-8],4,0,[1,0,4,1,-1,0],3,0,[0,-1,0,0,0,-1],1,3},{'A',[9,-8,4,1,-1,-8],5,0,[1,0,0,0,0,0],0,3,[1,-8,4,1,-1,-8],4,0},{'A',[10,-8,4,2,-1,-8],6,0,[1,0,0,1,0,0],1,0,[9,-8,4,1,-1,-8],5,0},{'A',[20,-16,7,4,-2,-16],7,0,[10,-8,4,2,-1,-8],6,1,[0,0,-1,0,0,0],0,0},{'A',[20,-16,7,4,14,-16],8,0,[0,0,0,0,1,0],0,4,[20,-16,7,4,-2,-16],7,0},{'A',[31,-24,10,7,29,-24],9,0,[20,-16,7,4,14,-16],8,1,[-9,8,-4,-1,1,8],5,0},{'O',[31,-24,10,7,29,-24],9,[31,-24,10,7,29,-24],9,0}}
Adder graph: {{'A',[0,1,0,0,0,1],1,0,[0,0,0,0,0,1],0,0,[0,1,0,0,0,0],0,0},{'A',[1,0,0,0,1,0],1,0,[1,0,0,0,0,0],0,0,[0,0,0,0,1,0],0,0},{'A',[0,0,0,-7,0,0],1,0,[0,0,0,1,0,0],0,0,[0,0,0,-1,0,0],0,3},{'A',[0,0,-2,-7,0,0],2,0,[0,0,0,-7,0,0],1,0,[0,0,-1,0,0,0],0,1},{'A',[1,32,0,0,1,32],2,0,[1,0,0,0,1,0],1,0,[0,1,0,0,0,1],1,5},{'A',[31,-32,0,0,31,-32],3,0,[1,0,0,0,1,0],1,5,[-1,-32,0,0,-1,-32],2,0},{'A',[0,0,-4,0,1,0],1,0,[0,0,0,0,1,0],0,0,[0,0,-1,0,0,0],0,2},{'A',[0,-8,-2,-7,0,-8],3,0,[0,0,-2,-7,0,0],2,0,[0,-1,0,0,0,-1],1,3},{'A',[31,-24,2,7,31,-24],4,0,[31,-32,0,0,31,-32],3,0,[0,8,2,7,0,8],3,0},{'A',[-31,24,-10,-7,-29,24],5,0,[0,0,-4,0,1,0],1,1,[-31,24,-2,-7,-31,24],4,0},{'O',[31,-24,10,7,29,-24],5,[31,-24,10,7,29,-24],5,0}}
Adder graph: {{'A',[-1,0,2,0,0,0],1,0,[0,0,1,0,0,0],0,1,[-1,0,0,0,0,0],0,0},{'A',[0,0,0,2,-1,0],1,0,[0,0,0,1,0,0],0,1,[0,0,0,0,-1,0],0,0},{'A',[0,1,0,0,0,1],1,0,[0,0,0,0,0,1],0,0,[0,1,0,0,0,0],0,0},{'A',[0,0,8,1,0,0],1,0,[0,0,1,0,0,0],0,3,[0,0,0,1,0,0],0,0},{'A',[0,-8,0,2,-1,-8],2,0,[0,0,0,2,-1,0],1,0,[0,-1,0,0,0,-1],1,3},{'A',[0,8,8,-1,1,8],3,0,[0,0,8,1,0,0],1,0,[0,8,0,-2,1,8],2,0},{'A',[-1,0,2,0,32,0],2,0,[0,0,0,0,1,0],0,5,[-1,0,2,0,0,0],1,0},{'A',[8,-8,0,2,-1,-8],3,0,[0,-8,0,2,-1,-8],2,0,[1,0,0,0,0,0],0,3},{'A',[32,-24,8,7,-3,-24],4,0,[8,-8,0,2,-1,-8],3,2,[0,8,8,-1,1,8],3,0},{'A',[31,-24,10,7,29,-24],5,0,[-1,0,2,0,32,0],2,0,[32,-24,8,7,-3,-24],4,0},{'O',[31,-24,10,7,29,-24],5,[31,-24,10,7,29,-24],5,0}}
Adder graph: {{'A',[0,0,2,0,1,0],1,0,[0,0,1,0,0,0],0,1,[0,0,0,0,1,0],0,0},{'A',[0,0,10,0,1,0],2,0,[0,0,2,0,1,0],1,0,[0,0,1,0,0,0],0,3},{'A',[0,1,0,0,0,1],1,0,[0,1,0,0,0,0],0,0,[0,0,0,0,0,1],0,0},{'A',[0,0,0,1,4,0],1,0,[0,0,0,1,0,0],0,0,[0,0,0,0,1,0],0,2},{'A',[0,-8,0,1,4,-8],2,0,[0,0,0,1,4,0],1,0,[0,-1,0,0,0,-1],1,3},{'A',[0,0,10,8,33,0],3,0,[0,0,10,0,1,0],2,0,[0,0,0,1,4,0],1,3},{'A',[-1,1,0,0,0,1],2,0,[0,1,0,0,0,1],1,0,[-1,0,0,0,0,0],0,0},{'A',[0,8,10,7,29,8],4,0,[0,0,10,8,33,0],3,0,[0,8,0,-1,-4,8],2,0},{'A',[-31,32,0,0,0,32],3,0,[1,0,0,0,0,0],0,0,[-1,1,0,0,0,1],2,5},{'A',[31,-24,10,7,29,-24],5,0,[0,8,10,7,29,8],4,0,[31,-32,0,0,0,-32],3,0},{'O',[31,-24,10,7,29,-24],5,[31,-24,10,7,29,-24],5,0}}
Adder graph: {{'A',[1,0,0,1,0,0],1,0,[0,0,0,1,0,0],0,0,[1,0,0,0,0,0],0,0},{'A',[0,0,1,0,0,-2],1,0,[0,0,1,0,0,0],0,0,[0,0,0,0,0,-1],0,1},{'A',[0,8,0,0,1,0],1,0,[0,0,0,0,1,0],0,0,[0,1,0,0,0,0],0,3},{'A',[0,8,-4,0,1,8],2,0,[0,8,0,0,1,0],1,0,[0,0,-1,0,0,2],1,2},{'A',[1,0,2,1,0,0],2,0,[0,0,1,0,0,0],0,1,[1,0,0,1,0,0],1,0},{'A',[1,0,2,1,-32,0],3,0,[1,0,2,1,0,0],2,0,[0,0,0,0,-1,0],0,5},{'A',[0,8,-4,8,1,8],3,0,[0,8,-4,0,1,8],2,0,[0,0,0,1,0,0],0,3},{'A',[-1,8,-6,7,33,8],4,0,[0,8,-4,8,1,8],3,0,[-1,0,-2,-1,32,0],3,0},{'A',[31,8,-6,39,33,8],5,0,[-1,8,-6,7,33,8],4,0,[1,0,0,1,0,0],1,5},{'A',[-31,24,-10,-7,-29,24],6,0,[0,8,-4,8,1,8],3,2,[-31,-8,6,-39,-33,-8],5,0},{'O',[31,-24,10,7,29,-24],6,[31,-24,10,7,29,-24],6,0}}
Adder graph: {{'A',[1,0,0,1,0,0],1,0,[1,0,0,0,0,0],0,0,[0,0,0,1,0,0],0,0},{'A',[1,0,0,-7,0,0],2,0,[1,0,0,1,0,0],1,0,[0,0,0,-1,0,0],0,3},{'A',[0,0,2,0,1,0],1,0,[0,0,0,0,1,0],0,0,[0,0,1,0,0,0],0,1},{'A',[0,0,10,0,5,0],2,0,[0,0,2,0,1,0],1,0,[0,0,2,0,1,0],1,2},{'A',[0,0,0,0,1,-1],1,0,[0,0,0,0,1,0],0,0,[0,0,0,0,0,-1],0,0},{'A',[0,-1,0,0,1,-1],2,0,[0,0,0,0,1,-1],1,0,[0,-1,0,0,0,0],0,0},{'A',[1,-8,0,-7,8,-8],3,0,[0,-1,0,0,1,-1],2,3,[1,0,0,-7,0,0],2,0},{'A',[1,24,0,-7,-24,24],4,0,[1,-8,0,-7,8,-8],3,0,[0,1,0,0,-1,1],2,5},{'A',[32,0,10,0,5,0],3,0,[0,0,10,0,5,0],2,0,[1,0,0,0,0,0],0,5},{'A',[31,-24,10,7,29,-24],5,0,[32,0,10,0,5,0],3,0,[-1,-24,0,7,24,-24],4,0},{'O',[31,-24,10,7,29,-24],5,[31,-24,10,7,29,-24],5,0}}
Adder graph: {{'A',[1,0,0,0,1,0],1,0,[0,0,0,0,1,0],0,0,[1,0,0,0,0,0],0,0},{'A',[0,0,0,-7,0,0],1,0,[0,0,0,1,0,0],0,0,[0,0,0,-1,0,0],0,3},{'A',[0,0,-1,0,1,0],1,0,[0,0,0,0,1,0],0,0,[0,0,-1,0,0,0],0,0},{'A',[1,0,-2,0,3,0],2,0,[1,0,0,0,1,0],1,0,[0,0,-1,0,1,0],1,1},{'A',[1,0,-2,-7,3,0],3,0,[0,0,0,-7,0,0],1,0,[1,0,-2,0,3,0],2,0},{'A',[0,1,0,0,0,1],1,0,[0,0,0,0,0,1],0,0,[0,1,0,0,0,0],0,0},{'A',[0,1,1,0,0,1],2,0,[0,0,1,0,0,0],0,0,[0,1,0,0,0,1],1,0},{'A',[-31,0,-2,-7,-29,0],4,0,[1,0,-2,-7,3,0],3,0,[-1,0,0,0,-1,0],1,5},{'A',[0,-3,1,0,0,-3],3,0,[0,1,1,0,0,1],2,0,[0,-1,0,0,0,-1],1,2},{'A',[-31,24,-10,-7,-29,24],5,0,[-31,0,-2,-7,-29,0],4,0,[0,3,-1,0,0,3],3,3},{'O',[31,-24,10,7,29,-24],5,[31,-24,10,7,29,-24],5,0}}
Finished solving after 174894 seconds
Adder graph: {{'A',[1,0,0,0,1,0],1,0,[0,0,0,0,1,0],0,0,[1,0,0,0,0,0],0,0},{'A',[0,0,0,-7,0,0],1,0,[0,0,0,1,0,0],0,0,[0,0,0,-1,0,0],0,3},{'A',[0,0,-1,0,1,0],1,0,[0,0,0,0,1,0],0,0,[0,0,-1,0,0,0],0,0},{'A',[1,0,-2,0,3,0],2,0,[1,0,0,0,1,0],1,0,[0,0,-1,0,1,0],1,1},{'A',[1,0,-2,-7,3,0],3,0,[0,0,0,-7,0,0],1,0,[1,0,-2,0,3,0],2,0},{'A',[0,1,0,0,0,1],1,0,[0,0,0,0,0,1],0,0,[0,1,0,0,0,0],0,0},{'A',[0,1,1,0,0,1],2,0,[0,0,1,0,0,0],0,0,[0,1,0,0,0,1],1,0},{'A',[-31,0,-2,-7,-29,0],4,0,[1,0,-2,-7,3,0],3,0,[-1,0,0,0,-1,0],1,5},{'A',[0,-3,1,0,0,-3],3,0,[0,1,1,0,0,1],2,0,[0,-1,0,0,0,-1],1,2},{'A',[-31,24,-10,-7,-29,24],5,0,[-31,0,-2,-7,-29,0],4,0,[0,3,-1,0,0,3],3,3},{'O',[31,-24,10,7,29,-24],5,[31,-24,10,7,29,-24],5,0}}
#Add optimal = 0
#FAs optimal = 0
