Adder graph: {{'A',[1,0,0,0,0,1],1,0,[1,0,0,0,0,0],0,0,[0,0,0,0,0,1],0,0},{'A',[0,0,0,4,1,0],1,0,[0,0,0,0,1,0],0,0,[0,0,0,1,0,0],0,2},{'A',[1,-4,0,0,0,1],2,0,[1,0,0,0,0,1],1,0,[0,-1,0,0,0,0],0,2},{'A',[0,0,0,-1,0,32],1,0,[0,0,0,0,0,1],0,5,[0,0,0,-1,0,0],0,0},{'A',[1,-4,0,0,-2,1],3,0,[1,-4,0,0,0,1],2,0,[0,0,0,0,-1,0],0,1},{'A',[0,0,0,-5,-1,32],2,0,[0,0,0,-1,0,32],1,0,[0,0,0,-4,-1,0],1,0},{'A',[0,0,2,5,1,-32],3,0,[0,0,1,0,0,0],0,1,[0,0,0,5,1,-32],2,0},{'A',[3,-12,0,0,-6,3],4,0,[1,-4,0,0,-2,1],3,2,[-1,4,0,0,2,-1],3,0},{'A',[6,-24,2,5,-11,-26],5,0,[3,-12,0,0,-6,3],4,1,[0,0,2,5,1,-32],3,0},{'O',[6,-24,2,5,-11,-26],5,[6,-24,2,5,-11,-26],5,0}}
Adder graph: {{'A',[0,1,0,0,0,1],1,0,[0,0,0,0,0,1],0,0,[0,1,0,0,0,0],0,0},{'A',[-1,4,0,0,0,4],2,0,[0,1,0,0,0,1],1,2,[-1,0,0,0,0,0],0,0},{'A',[0,0,0,1,1,0],1,0,[0,0,0,0,1,0],0,0,[0,0,0,1,0,0],0,0},{'A',[0,0,-1,0,0,1],1,0,[0,0,0,0,0,1],0,0,[0,0,-1,0,0,0],0,0},{'A',[-1,4,0,-1,-1,4],3,0,[-1,4,0,0,0,4],2,0,[0,0,0,-1,-1,0],1,0},{'A',[-1,4,1,-1,-1,3],4,0,[-1,4,0,-1,-1,4],3,0,[0,0,1,0,0,-1],1,0},{'A',[-1,4,0,-1,1,4],4,0,[0,0,0,0,1,0],0,1,[-1,4,0,-1,-1,4],3,0},{'A',[-2,8,2,-3,-3,6],5,0,[-1,4,1,-1,-1,3],4,1,[0,0,0,-1,-1,0],1,0},{'A',[6,-24,2,5,-11,-26],6,0,[-2,8,2,-3,-3,6],5,0,[1,-4,0,1,-1,-4],4,3},{'O',[6,-24,2,5,-11,-26],6,[6,-24,2,5,-11,-26],6,0}}
Adder graph: {{'A',[0,0,0,0,1,2],1,0,[0,0,0,0,1,0],0,0,[0,0,0,0,0,1],0,1},{'A',[0,0,0,-1,1,2],2,0,[0,0,0,0,1,2],1,0,[0,0,0,-1,0,0],0,0},{'A',[1,-4,0,0,0,0],1,0,[1,0,0,0,0,0],0,0,[0,-1,0,0,0,0],0,2},{'A',[0,0,0,-5,5,10],3,0,[0,0,0,-1,1,2],2,0,[0,0,0,-1,1,2],2,2},{'A',[0,0,1,0,1,0],1,0,[0,0,0,0,1,0],0,0,[0,0,1,0,0,0],0,0},{'A',[-1,4,1,0,1,0],2,0,[0,0,1,0,1,0],1,0,[-1,4,0,0,0,0],1,0},{'A',[-1,4,0,0,1,2],2,0,[0,0,0,0,1,2],1,0,[-1,4,0,0,0,0],1,0},{'A',[3,-12,1,0,-3,-8],3,0,[-1,4,1,0,1,0],2,0,[1,-4,0,0,-1,-2],2,2},{'A',[6,-24,2,5,-11,-26],4,0,[3,-12,1,0,-3,-8],3,1,[0,0,0,5,-5,-10],3,0},{'O',[6,-24,2,5,-11,-26],4,[6,-24,2,5,-11,-26],4,0}}
Adder graph: {{'A',[1,-4,0,0,0,0],1,0,[1,0,0,0,0,0],0,0,[0,-1,0,0,0,0],0,2},{'A',[0,0,0,-1,2,0],1,0,[0,0,0,0,1,0],0,1,[0,0,0,-1,0,0],0,0},{'A',[0,0,0,-1,2,4],2,0,[0,0,0,-1,2,0],1,0,[0,0,0,0,0,1],0,2},{'A',[0,0,0,2,-2,0],2,0,[0,0,0,1,0,0],0,0,[0,0,0,1,-2,0],1,0},{'A',[0,0,-1,0,0,1],1,0,[0,0,0,0,0,1],0,0,[0,0,-1,0,0,0],0,0},{'A',[1,-4,0,1,-2,-4],3,0,[1,-4,0,0,0,0],1,0,[0,0,0,1,-2,-4],2,0},{'A',[2,-8,0,3,-5,-8],4,1,[0,0,0,2,-2,0],2,0,[1,-4,0,1,-2,-4],3,2},{'A',[2,-8,-2,3,-5,-6],5,0,[2,-8,0,3,-5,-8],4,0,[0,0,-1,0,0,1],1,1},{'A',[-6,24,-2,-5,11,26],6,0,[2,-8,-2,3,-5,-6],5,0,[-1,4,0,-1,2,4],3,3},{'O',[6,-24,2,5,-11,-26],6,[6,-24,2,5,-11,-26],6,0}}
Adder graph: {{'A',[0,-4,0,0,0,1],1,0,[0,0,0,0,0,1],0,0,[0,-1,0,0,0,0],0,2},{'A',[1,0,0,1,0,0],1,0,[0,0,0,1,0,0],0,0,[1,0,0,0,0,0],0,0},{'A',[0,0,0,-1,1,0],1,0,[0,0,0,0,1,0],0,0,[0,0,0,-1,0,0],0,0},{'A',[0,-4,0,0,-2,1],2,0,[0,-4,0,0,0,1],1,0,[0,0,0,0,-1,0],0,1},{'A',[0,0,2,-1,1,0],2,0,[0,0,1,0,0,0],0,1,[0,0,0,-1,1,0],1,0},{'A',[1,-4,0,1,-2,1],3,0,[1,0,0,1,0,0],1,0,[0,-4,0,0,-2,1],2,0},{'A',[1,-4,0,1,-2,-15],4,0,[1,-4,0,1,-2,1],3,0,[0,0,0,0,0,-1],0,4},{'A',[3,-12,0,3,-6,-13],5,0,[1,-4,0,1,-2,1],3,1,[1,-4,0,1,-2,-15],4,0},{'A',[6,-24,2,5,-11,-26],6,0,[0,0,2,-1,1,0],2,0,[3,-12,0,3,-6,-13],5,1},{'O',[6,-24,2,5,-11,-26],6,[6,-24,2,5,-11,-26],6,0}}
Adder graph: {{'A',[1,0,0,0,0,1],1,0,[1,0,0,0,0,0],0,0,[0,0,0,0,0,1],0,0},{'A',[0,2,0,0,1,0],1,0,[0,0,0,0,1,0],0,0,[0,1,0,0,0,0],0,1},{'A',[1,-4,0,0,-2,1],2,0,[1,0,0,0,0,1],1,0,[0,-2,0,0,-1,0],1,1},{'A',[0,0,2,1,0,0],1,0,[0,0,0,1,0,0],0,0,[0,0,1,0,0,0],0,1},{'A',[-2,8,0,0,5,-2],3,0,[0,0,0,0,1,0],0,0,[-1,4,0,0,2,-1],2,1},{'A',[-2,8,0,0,5,-34],4,0,[-2,8,0,0,5,-2],3,0,[0,0,0,0,0,-1],0,5},{'A',[0,0,2,5,0,0],2,0,[0,0,2,1,0,0],1,0,[0,0,0,1,0,0],0,2},{'A',[-2,8,2,5,5,-34],5,0,[0,0,2,5,0,0],2,0,[-2,8,0,0,5,-34],4,0},{'A',[6,-24,2,5,-11,-26],6,0,[-2,8,2,5,5,-34],5,0,[1,-4,0,0,-2,1],2,3},{'O',[6,-24,2,5,-11,-26],6,[6,-24,2,5,-11,-26],6,0}}
Adder graph: {{'A',[0,0,0,1,1,0],1,0,[0,0,0,0,1,0],0,0,[0,0,0,1,0,0],0,0},{'A',[1,0,0,0,0,1],1,0,[0,0,0,0,0,1],0,0,[1,0,0,0,0,0],0,0},{'A',[0,8,0,1,1,0],2,0,[0,0,0,1,1,0],1,0,[0,1,0,0,0,0],0,3},{'A',[-2,8,0,1,1,-2],3,0,[0,8,0,1,1,0],2,0,[-1,0,0,0,0,-1],1,1},{'A',[0,0,0,1,1,-4],2,0,[0,0,0,1,1,0],1,0,[0,0,0,0,0,-1],0,2},{'A',[0,0,0,1,-1,-4],3,0,[0,0,0,1,1,-4],2,0,[0,0,0,0,-1,0],0,1},{'A',[-2,8,2,1,1,-2],4,0,[-2,8,0,1,1,-2],3,0,[0,0,1,0,0,0],0,1},{'A',[-2,8,2,9,-7,-34],5,0,[-2,8,2,1,1,-2],4,0,[0,0,0,1,-1,-4],3,3},{'A',[6,-24,2,5,-11,-26],6,0,[-2,8,2,9,-7,-34],5,0,[2,-8,0,-1,-1,2],3,2},{'O',[6,-24,2,5,-11,-26],6,[6,-24,2,5,-11,-26],6,0}}
Adder graph: {{'A',[0,0,0,-1,1,0],1,0,[0,0,0,0,1,0],0,0,[0,0,0,-1,0,0],0,0},{'A',[1,0,0,0,0,1],1,0,[1,0,0,0,0,0],0,0,[0,0,0,0,0,1],0,0},{'A',[0,0,2,1,-1,0],2,0,[0,0,1,0,0,0],0,1,[0,0,0,1,-1,0],1,0},{'A',[0,0,2,5,-5,0],3,0,[0,0,2,1,-1,0],2,0,[0,0,0,1,-1,0],1,2},{'A',[-1,0,0,0,1,-1],2,0,[0,0,0,0,1,0],0,0,[-1,0,0,0,0,-1],1,0},{'A',[-1,4,0,0,1,-1],3,0,[-1,0,0,0,1,-1],2,0,[0,1,0,0,0,0],0,2},{'A',[-1,4,0,0,1,3],4,0,[0,0,0,0,0,1],0,2,[-1,4,0,0,1,-1],3,0},{'A',[-2,8,2,5,-3,-2],4,0,[0,0,2,5,-5,0],3,0,[-1,4,0,0,1,-1],3,1},{'A',[6,-24,2,5,-11,-26],5,0,[-2,8,2,5,-3,-2],4,0,[1,-4,0,0,-1,-3],4,3},{'O',[6,-24,2,5,-11,-26],5,[6,-24,2,5,-11,-26],5,0}}
Adder graph: {{'A',[1,0,0,0,0,1],1,0,[1,0,0,0,0,0],0,0,[0,0,0,0,0,1],0,0},{'A',[1,-4,0,0,0,1],2,0,[1,0,0,0,0,1],1,0,[0,-1,0,0,0,0],0,2},{'A',[1,-4,-1,0,0,1],3,0,[1,-4,0,0,0,1],2,0,[0,0,-1,0,0,0],0,0},{'A',[-3,12,-1,0,0,-3],4,0,[1,-4,-1,0,0,1],3,0,[-1,4,0,0,0,-1],2,2},{'A',[0,0,0,1,1,0],1,0,[0,0,0,0,1,0],0,0,[0,0,0,1,0,0],0,0},{'A',[0,0,0,1,-3,0],2,0,[0,0,0,1,1,0],1,0,[0,0,0,0,-1,0],0,2},{'A',[0,0,0,5,-11,0],3,0,[0,0,0,1,1,0],1,0,[0,0,0,1,-3,0],2,2},{'A',[6,-24,2,5,-11,6],5,0,[0,0,0,5,-11,0],3,0,[3,-12,1,0,0,3],4,1},{'A',[6,-24,2,5,-11,-26],6,0,[6,-24,2,5,-11,6],5,0,[0,0,0,0,0,-1],0,5},{'O',[6,-24,2,5,-11,-26],6,[6,-24,2,5,-11,-26],6,0}}
Finished solving after 133116 seconds
Adder graph: {{'A',[1,0,0,0,0,1],1,0,[1,0,0,0,0,0],0,0,[0,0,0,0,0,1],0,0},{'A',[1,-4,0,0,0,1],2,0,[1,0,0,0,0,1],1,0,[0,-1,0,0,0,0],0,2},{'A',[1,-4,-1,0,0,1],3,0,[1,-4,0,0,0,1],2,0,[0,0,-1,0,0,0],0,0},{'A',[-3,12,-1,0,0,-3],4,0,[1,-4,-1,0,0,1],3,0,[-1,4,0,0,0,-1],2,2},{'A',[0,0,0,1,1,0],1,0,[0,0,0,0,1,0],0,0,[0,0,0,1,0,0],0,0},{'A',[0,0,0,1,-3,0],2,0,[0,0,0,1,1,0],1,0,[0,0,0,0,-1,0],0,2},{'A',[0,0,0,5,-11,0],3,0,[0,0,0,1,1,0],1,0,[0,0,0,1,-3,0],2,2},{'A',[6,-24,2,5,-11,6],5,0,[0,0,0,5,-11,0],3,0,[3,-12,1,0,0,3],4,1},{'A',[6,-24,2,5,-11,-26],6,0,[6,-24,2,5,-11,6],5,0,[0,0,0,0,0,-1],0,5},{'O',[6,-24,2,5,-11,-26],6,[6,-24,2,5,-11,-26],6,0}}
#Add optimal = 0
#FAs optimal = 0
