<graph>
{{'A',[1730],3,[41],2,1,[103],2,4},{'A',[1205],3,[73],2,2,[913],2,0},{'A',[2521],3,[41],2,6,[-103],2,0},{'A',[41],2,[3],1,4,[-7],1,0},{'A',[73],2,[7],1,3,[17],1,0},{'A',[103],2,[3],1,5,[7],1,0},{'A',[913],2,[7],1,7,[17],1,0},{'A',[3],1,[1],0,0,[1],0,1},{'A',[7],1,[1],0,3,[-1],0,0},{'A',[17],1,[1],0,0,[1],0,4}}
</graph>
<graph>
{{'R',[82],3,[41],2,1},{'R',[2336],3,[73],2,5},{'A',[1711],3,[41],2,6,[-913],2,0},{'A',[41],2,[3],1,4,[-7],1,0},{'A',[73],2,[7],1,3,[17],1,0},{'A',[913],2,[7],1,7,[17],1,0},{'A',[3],1,[1],0,0,[1],0,1},{'A',[7],1,[1],0,3,[-1],0,0},{'A',[17],1,[1],0,0,[1],0,4}}
</graph>
<merge>
1205;82
</merge>
<merge>
1730;1711
</merge>
<merge>
2521;2336
</merge>