<graph>
{{'A',[1503],3,[1543],2,0,[-5],2,3},{'A',[1573],3,[5],2,0,[49],2,5},{'A',[2823],3,[5],2,8,[1543],2,0},{'A',[5],2,[1],1,0,[1],1,2},{'A',[49],2,[1],1,0,[3],1,4},{'A',[1543],2,[3],1,9,[7],1,0},{'R',[1],1,[1],0},{'A',[3],1,[1],0,0,[1],0,1},{'A',[7],1,[1],0,3,[-1],0,0}}
</graph>
<graph>
{{'A',[3252],3,[29],2,2,[49],2,6},{'A',[833],3,[49],2,0,[49],2,4},{'A',[2169],3,[29],2,7,[-1543],2,0},{'A',[29],2,[1],1,5,[-3],1,0},{'A',[49],2,[1],1,0,[3],1,4},{'A',[1543],2,[3],1,9,[7],1,0},{'R',[1],1,[1],0},{'A',[3],1,[1],0,0,[1],0,1},{'A',[7],1,[1],0,3,[-1],0,0}}
</graph>
<merge>
1573;2169
</merge>
<merge>
2823;833
</merge>
<merge>
1503;3252
</merge>