<graph>
{{'A',[192],3,[1],2,6,[1],2,7},{'A',[1742],3,[225],2,3,[-29],2,1},{'A',[3150],3,[225],2,4,[-225],2,1},{'R',[1],2,[1],1},{'A',[29],2,[1],1,0,[7],1,2},{'A',[225],2,[1],1,0,[7],1,5},{'R',[1],1,[1],0},{'A',[7],1,[1],0,3,[-1],0,0}}
</graph>
<graph>
{{'A',[1564],3,[49],2,5,[-1],2,2},{'A',[3404],3,[225],2,4,[-49],2,2},{'A',[2594],3,[39],2,6,[49],2,1},{'R',[1],2,[1],1},{'A',[39],2,[1],1,5,[7],1,0},{'A',[49],2,[7],1,3,[-7],1,0},{'A',[225],2,[1],1,0,[7],1,5},{'R',[1],1,[1],0},{'A',[7],1,[1],0,3,[-1],0,0}}
</graph>
<merge>
1742;1564
</merge>
<merge>
192;3404
</merge>
<merge>
3150;2594
</merge>