<graph>
{{'A',[852],3,[19],2,5,[61],2,2},{'A',[3470],3,[93],2,4,[991],2,1},{'A',[1963],3,[991],2,1,[-19],2,0},{'A',[19],2,[1],1,4,[3],1,0},{'A',[61],2,[1],1,6,[-3],1,0},{'A',[93],2,[3],1,5,[-3],1,0},{'A',[991],2,[31],1,5,[-1],1,0},{'R',[1],1,[1],0},{'A',[3],1,[1],0,0,[1],0,1},{'A',[31],1,[1],0,5,[-1],0,0}}
</graph>
<graph>
{{'R',[122],3,[61],2,1},{'A',[683],3,[93],2,3,[-61],2,0},{'A',[2804],3,[19],2,7,[93],2,2},{'A',[19],2,[1],1,4,[3],1,0},{'A',[61],2,[1],1,6,[-3],1,0},{'A',[93],2,[3],1,5,[-3],1,0},{'R',[1],1,[1],0},{'A',[3],1,[1],0,0,[1],0,1}}
</graph>
<merge>
1963;2804
</merge>
<merge>
3470;683
</merge>
<merge>
852;122
</merge>