<graph>
{{'A',[150],3,[5],2,5,[-5],2,1},{'A',[983],3,[247],2,2,[-5],2,0},{'A',[3574],3,[7],2,9,[-5],2,1},{'A',[5],2,[1],1,0,[1],1,2},{'A',[7],2,[1],1,3,[-1],1,0},{'A',[247],2,[31],1,3,[-1],1,0},{'R',[1],1,[1],0},{'A',[31],1,[1],0,5,[-1],0,0}}
</graph>
<graph>
{{'A',[1011],3,[5],2,-1,[2017],2,-1},{'A',[1857],3,[2017],2,0,[-5],2,5},{'A',[3945],3,[247],2,4,[-7],2,0},{'A',[5],2,[1],1,0,[1],1,2},{'A',[7],2,[1],1,3,[-1],1,0},{'A',[247],2,[31],1,3,[-1],1,0},{'A',[2017],2,[1],1,11,[-31],1,0},{'R',[1],1,[1],0},{'A',[31],1,[1],0,5,[-1],0,0}}
</graph>
<merge>
983;1857
</merge>
<merge>
3574;3945
</merge>
<merge>
150;1011
</merge>