Adder graph: {{'A',[0,-7],1,0,[0,1],0,0,[0,-1],0,3},{'A',[8,-7],2,0,[1,0],0,3,[0,-7],1,0},{'A',[65,-56],3,0,[1,0],0,0,[8,-7],2,3},{'A',[1,-7],2,0,[1,0],0,0,[0,-7],1,0},{'A',[56,-49],3,0,[8,-7],2,3,[-8,7],2,0},{'A',[49,56],4,0,[65,-56],3,0,[-1,7],2,4},{'O',[-49,-56],4,[-49,-56],4,0},{'O',[56,-49],3,[56,-49],3,0}}
Adder graph: {{'A',[1,1],1,0,[1,0],0,0,[0,1],0,0},{'A',[0,7],1,0,[0,1],0,3,[0,-1],0,0},{'A',[-7,-8],2,0,[1,0],0,0,[-1,-1],1,3},{'A',[-49,-56],3,0,[-7,-8],2,3,[7,8],2,0},{'A',[-8,7],2,0,[0,7],1,0,[-1,0],0,3},{'A',[56,-49],3,0,[-8,7],2,0,[8,-7],2,3},{'O',[-49,-56],3,[-49,-56],3,0},{'O',[56,-49],3,[56,-49],3,0}}
Adder graph: {{'A',[0,-7],1,0,[0,1],0,0,[0,-1],0,3},{'A',[0,113],2,0,[0,1],0,0,[0,7],1,4},{'A',[1,-8],1,0,[1,0],0,0,[0,-1],0,3},{'A',[7,8],2,0,[1,0],0,3,[-1,8],1,0},{'A',[-56,49],3,0,[0,113],2,0,[-7,-8],2,3},{'A',[-49,-56],3,0,[7,8],2,0,[-7,-8],2,3},{'O',[-49,-56],3,[-49,-56],3,0},{'O',[56,-49],3,[56,-49],3,0}}
Adder graph: {{'A',[-2,1],1,0,[0,1],0,0,[-1,0],0,1},{'A',[1,2],1,0,[1,0],0,0,[0,1],0,1},{'A',[8,17],2,0,[0,1],0,0,[1,2],1,3},{'A',[-6,-7],2,0,[-2,1],1,0,[-1,-2],1,2},{'A',[-56,49],3,0,[8,17],2,0,[-2,1],1,5},{'A',[49,56],3,0,[1,0],0,0,[6,7],2,3},{'O',[-49,-56],3,[-49,-56],3,0},{'O',[56,-49],3,[56,-49],3,0}}
Adder graph: {{'A',[1,1],1,0,[0,1],0,0,[1,0],0,0},{'A',[0,-15],1,0,[0,1],0,0,[0,-1],0,4},{'A',[8,-7],2,0,[0,-15],1,0,[1,1],1,3},{'A',[-56,49],3,0,[8,-7],2,0,[-8,7],2,3},{'A',[-7,-8],2,0,[1,0],0,0,[-1,-1],1,3},{'A',[49,56],3,0,[-7,-8],2,0,[7,8],2,3},{'O',[-49,-56],3,[-49,-56],3,0},{'O',[56,-49],3,[56,-49],3,0}}
Adder graph: {{'A',[1,-8],1,0,[1,0],0,0,[0,-1],0,3},{'A',[-7,-8],2,0,[1,-8],1,0,[-1,0],0,3},{'A',[-7,8],3,0,[0,1],0,4,[-7,-8],2,0},{'A',[0,-15],1,0,[0,1],0,0,[0,-1],0,4},{'A',[-56,49],4,0,[0,-15],1,0,[-7,8],3,3},{'A',[49,56],3,0,[-7,-8],2,0,[7,8],2,3},{'O',[-49,-56],3,[-49,-56],3,0},{'O',[56,-49],4,[56,-49],4,0}}
Adder graph: {{'A',[0,-15],1,0,[0,1],0,0,[0,-1],0,4},{'A',[-7,0],1,0,[1,0],0,0,[-1,0],0,3},{'A',[-7,-8],2,0,[-7,0],1,0,[0,-1],0,3},{'A',[0,49],2,0,[0,1],0,6,[0,-15],1,0},{'A',[49,56],3,0,[-7,-8],2,0,[7,8],2,3},{'A',[-56,49],3,0,[0,49],2,0,[-7,0],1,3},{'O',[-49,-56],3,[-49,-56],3,0},{'O',[56,-49],3,[56,-49],3,0}}
Finished solving after 1018.22 seconds
Adder graph: {{'A',[0,-15],1,0,[0,1],0,0,[0,-1],0,4},{'A',[-7,0],1,0,[1,0],0,0,[-1,0],0,3},{'A',[-7,-8],2,0,[-7,0],1,0,[0,-1],0,3},{'A',[0,49],2,0,[0,1],0,6,[0,-15],1,0},{'A',[49,56],3,0,[-7,-8],2,0,[7,8],2,3},{'A',[-56,49],3,0,[0,49],2,0,[-7,0],1,3},{'O',[-49,-56],3,[-49,-56],3,0},{'O',[56,-49],3,[56,-49],3,0}}
#Add optimal = 1
#FAs optimal = 1
