Adder graph: {{'A',[-15,0],1,0,[1,0],0,0,[-1,0],0,4},{'A',[-15,4],2,0,[-15,0],1,0,[0,1],0,2},{'A',[0,15],1,0,[0,1],0,4,[0,-1],0,0},{'A',[-45,4],3,0,[-15,4],2,0,[-15,0],1,1},{'A',[0,45],2,0,[0,15],1,0,[0,15],1,1},{'A',[4,45],3,0,[1,0],0,2,[0,45],2,0},{'O',[-4,-45],3,[-4,-45],3,0},{'O',[45,-4],3,[45,-4],3,0}}
Adder graph: {{'A',[3,0],1,0,[1,0],0,1,[1,0],0,0},{'A',[0,-15],1,0,[0,1],0,0,[0,-1],0,4},{'A',[0,-45],2,0,[0,-15],1,0,[0,-15],1,1},{'A',[-45,0],2,0,[3,0],1,0,[-3,0],1,4},{'A',[-4,-45],3,0,[0,-45],2,0,[-1,0],0,2},{'A',[-45,4],3,0,[0,1],0,2,[-45,0],2,0},{'O',[-4,-45],3,[-4,-45],3,0},{'O',[45,-4],3,[45,-4],3,0}}
Adder graph: {{'A',[0,-15],1,0,[0,1],0,0,[0,-1],0,4},{'A',[1,15],2,0,[1,0],0,0,[0,15],1,0},{'A',[-3,0],1,0,[1,0],0,0,[-1,0],0,2},{'A',[-3,-4],2,0,[-3,0],1,0,[0,-1],0,2},{'A',[-45,4],3,0,[-3,0],1,4,[3,4],2,0},{'A',[4,45],3,0,[0,-15],1,0,[1,15],2,2},{'O',[-4,-45],3,[-4,-45],3,0},{'O',[45,-4],3,[45,-4],3,0}}
Adder graph: {{'A',[0,-15],1,0,[0,1],0,0,[0,-1],0,4},{'A',[1,15],2,0,[1,0],0,0,[0,15],1,0},{'A',[4,45],3,0,[0,-15],1,0,[1,15],2,2},{'A',[5,0],1,0,[1,0],0,0,[1,0],0,2},{'A',[5,-4],2,0,[5,0],1,0,[0,-1],0,2},{'A',[45,-4],3,0,[5,-4],2,0,[5,0],1,3},{'O',[-4,-45],3,[-4,-45],3,0},{'O',[45,-4],3,[45,-4],3,0}}
Adder graph: {{'A',[9,0],1,0,[1,0],0,0,[1,0],0,3},{'A',[9,-4],2,0,[9,0],1,0,[0,-1],0,2},{'A',[0,5],1,0,[0,1],0,2,[0,1],0,0},{'A',[45,-4],3,0,[9,0],1,2,[9,-4],2,0},{'A',[4,5],2,0,[0,5],1,0,[1,0],0,2},{'A',[4,45],3,0,[4,5],2,0,[0,5],1,3},{'O',[-4,-45],3,[-4,-45],3,0},{'O',[45,-4],3,[45,-4],3,0}}
Adder graph: {{'A',[9,0],1,0,[1,0],0,0,[1,0],0,3},{'A',[9,-4],2,0,[9,0],1,0,[0,-1],0,2},{'A',[45,-4],3,0,[9,-4],2,0,[9,0],1,2},{'A',[0,3],1,0,[0,1],0,0,[0,1],0,1},{'A',[-4,3],2,0,[0,3],1,0,[-1,0],0,2},{'A',[-4,-45],3,0,[-4,3],2,0,[0,-3],1,4},{'O',[-4,-45],3,[-4,-45],3,0},{'O',[45,-4],3,[45,-4],3,0}}
Adder graph: {{'A',[3,0],1,0,[1,0],0,2,[-1,0],0,0},{'A',[3,4],2,0,[0,1],0,2,[3,0],1,0},{'A',[0,-3],1,0,[0,1],0,0,[0,-1],0,2},{'A',[4,-3],2,0,[0,-3],1,0,[1,0],0,2},{'A',[-45,4],3,0,[3,4],2,0,[-3,0],1,4},{'A',[4,45],3,0,[4,-3],2,0,[0,3],1,4},{'O',[-4,-45],3,[-4,-45],3,0},{'O',[45,-4],3,[45,-4],3,0}}
Adder graph: {{'A',[0,-3],1,0,[0,1],0,0,[0,-1],0,2},{'A',[4,-3],2,0,[0,-3],1,0,[1,0],0,2},{'A',[-3,0],1,0,[1,0],0,0,[-1,0],0,2},{'A',[4,45],3,0,[4,-3],2,0,[0,3],1,4},{'A',[-3,-4],2,0,[-3,0],1,0,[0,-1],0,2},{'A',[45,-4],3,0,[-3,-4],2,0,[3,0],1,4},{'O',[-4,-45],3,[-4,-45],3,0},{'O',[45,-4],3,[45,-4],3,0}}
Finished solving after 716.124 seconds
Adder graph: {{'A',[0,-3],1,0,[0,1],0,0,[0,-1],0,2},{'A',[4,-3],2,0,[0,-3],1,0,[1,0],0,2},{'A',[-3,0],1,0,[1,0],0,0,[-1,0],0,2},{'A',[4,45],3,0,[4,-3],2,0,[0,3],1,4},{'A',[-3,-4],2,0,[-3,0],1,0,[0,-1],0,2},{'A',[45,-4],3,0,[-3,-4],2,0,[3,0],1,4},{'O',[-4,-45],3,[-4,-45],3,0},{'O',[45,-4],3,[45,-4],3,0}}
#Add optimal = 1
#FAs optimal = 1
