Adder graph: {{'A',[1,4],1,0,[0,1],0,2,[1,0],0,0},{'A',[15,60],2,0,[1,4],1,4,[-1,-4],1,0},{'A',[15,61],3,0,[15,60],2,0,[0,1],0,0},{'A',[2,1],1,0,[0,1],0,0,[1,0],0,1},{'A',[-11,-45],4,0,[1,4],1,2,[-15,-61],3,0},{'A',[53,-13],5,0,[2,1],1,5,[-11,-45],4,0},{'A',[13,53],5,1,[15,61],3,0,[11,45],4,0},{'O',[-53,13],5,[-53,13],5,0},{'O',[-13,-53],5,[-13,-53],5,0}}
Adder graph: {{'A',[7,0],1,0,[1,0],0,3,[-1,0],0,0},{'A',[1,4],1,0,[0,1],0,2,[1,0],0,0},{'A',[-56,1],2,0,[0,1],0,0,[-7,0],1,3},{'A',[-3,-12],2,0,[1,4],1,0,[-1,-4],1,2},{'A',[53,-13],3,0,[-3,-12],2,0,[56,-1],2,0},{'A',[1,5],2,0,[1,4],1,0,[0,1],0,0},{'A',[-13,-53],3,0,[-3,-12],2,2,[-1,-5],2,0},{'O',[-53,13],3,[-53,13],3,0},{'O',[-13,-53],3,[-13,-53],3,0}}
Adder graph: {{'A',[-4,1],1,0,[0,1],0,0,[-1,0],0,2},{'A',[-4,-7],2,0,[-4,1],1,0,[0,-1],0,3},{'A',[-17,4],2,0,[-4,1],1,2,[-1,0],0,0},{'A',[-36,9],2,0,[-4,1],1,0,[-4,1],1,3},{'A',[-53,13],3,0,[-36,9],2,0,[-17,4],2,0},{'A',[-4,57],3,0,[0,1],0,6,[-4,-7],2,0},{'A',[13,53],4,0,[-4,57],3,0,[17,-4],2,0},{'O',[-53,13],3,[-53,13],3,0},{'O',[-13,-53],4,[-13,-53],4,0}}
Adder graph: {{'A',[-1,1],1,0,[0,1],0,0,[-1,0],0,0},{'A',[-1,-1],2,0,[-1,1],1,0,[0,-1],0,1},{'A',[7,9],3,0,[-1,1],1,0,[1,1],2,3},{'A',[-57,9],4,0,[7,9],3,0,[-1,0],0,6},{'A',[-29,-37],4,0,[-1,-1],2,0,[-7,-9],3,2},{'A',[-13,-53],5,0,[-29,-37],4,0,[1,-1],1,4},{'A',[53,-13],5,0,[-1,-1],2,2,[57,-9],4,0},{'O',[-53,13],5,[-53,13],5,0},{'O',[-13,-53],5,[-13,-53],5,0}}
Adder graph: {{'A',[-1,1],1,0,[0,1],0,0,[-1,0],0,0},{'A',[-1,-1],2,0,[-1,1],1,0,[0,-1],0,1},{'A',[-3,-3],3,0,[-1,-1],2,2,[1,1],2,0},{'A',[31,-1],3,0,[-1,-1],2,0,[1,0],0,5},{'A',[11,13],4,0,[-1,1],1,0,[3,3],3,2},{'A',[-13,-53],5,0,[31,-1],3,0,[-11,-13],4,2},{'A',[-53,13],5,0,[11,13],4,0,[-1,0],0,6},{'O',[-53,13],5,[-53,13],5,0},{'O',[-13,-53],5,[-13,-53],5,0}}
Adder graph: {{'A',[1,1],1,0,[1,0],0,0,[0,1],0,0},{'A',[-3,1],2,0,[1,1],1,0,[-1,0],0,2},{'A',[-1,1],2,0,[1,1],1,0,[-1,0],0,1},{'A',[13,-3],3,0,[1,1],1,0,[3,-1],2,2},{'A',[0,-7],1,0,[0,1],0,0,[0,-1],0,3},{'A',[13,53],4,0,[13,-3],3,0,[0,7],1,3},{'A',[-53,13],4,0,[-1,1],2,0,[-13,3],3,2},{'O',[-53,13],4,[-53,13],4,0},{'O',[-13,-53],4,[-13,-53],4,0}}
Adder graph: {{'A',[1,-1],1,0,[1,0],0,0,[0,-1],0,0},{'A',[3,-1],2,0,[1,-1],1,0,[1,0],0,1},{'A',[1,3],2,0,[1,-1],1,0,[0,1],0,2},{'A',[3,-5],3,0,[3,-1],2,0,[0,-1],0,2},{'A',[5,3],3,0,[1,3],2,0,[1,0],0,2},{'A',[53,-13],4,0,[3,-1],2,4,[5,3],3,0},{'A',[-13,-53],4,0,[3,-5],3,0,[-1,-3],2,4},{'O',[-53,13],4,[-53,13],4,0},{'O',[-13,-53],4,[-13,-53],4,0}}
Adder graph: {{'A',[1,-1],1,0,[1,0],0,0,[0,-1],0,0},{'A',[1,31],2,0,[1,-1],1,0,[0,1],0,5},{'A',[1,1],2,0,[1,-1],1,0,[0,1],0,1},{'A',[-3,5],3,0,[1,1],2,0,[-1,1],1,2},{'A',[13,-11],4,0,[-3,5],3,0,[1,-1],1,4},{'A',[53,-13],5,0,[1,31],2,0,[13,-11],4,2},{'A',[13,53],5,0,[13,-11],4,0,[0,1],0,6},{'O',[-53,13],5,[-53,13],5,0},{'O',[-13,-53],5,[-13,-53],5,0}}
Finished solving after 53689.1 seconds
Adder graph: {{'A',[1,-1],1,0,[1,0],0,0,[0,-1],0,0},{'A',[1,31],2,0,[1,-1],1,0,[0,1],0,5},{'A',[1,1],2,0,[1,-1],1,0,[0,1],0,1},{'A',[-3,5],3,0,[1,1],2,0,[-1,1],1,2},{'A',[13,-11],4,0,[-3,5],3,0,[1,-1],1,4},{'A',[53,-13],5,0,[1,31],2,0,[13,-11],4,2},{'A',[13,53],5,0,[13,-11],4,0,[0,1],0,6},{'O',[-53,13],5,[-53,13],5,0},{'O',[-13,-53],5,[-13,-53],5,0}}
#Add optimal = 1
#FAs optimal = 1
