Adder graph: {{'A',[4,1],1,0,[0,1],0,0,[1,0],0,2},{'A',[16,3],2,0,[4,1],1,2,[0,-1],0,0},{'A',[-16,29],3,0,[0,1],0,5,[-16,-3],2,0},{'A',[16,7],3,0,[16,3],2,0,[0,1],0,2},{'A',[5,1],2,0,[4,1],1,0,[1,0],0,0},{'A',[-27,59],4,0,[5,1],2,0,[-16,29],3,1},{'A',[-59,-27],4,0,[5,1],2,0,[-16,-7],3,2},{'O',[-59,-27],4,[-59,-27],4,0},{'O',[27,-59],4,[27,-59],4,0}}
Adder graph: {{'A',[1,1],1,0,[0,1],0,0,[1,0],0,0},{'A',[-1,7],2,0,[0,1],0,3,[-1,-1],1,0},{'A',[15,7],3,0,[-1,7],2,0,[1,0],0,4},{'A',[59,27],4,0,[15,7],3,2,[-1,-1],1,0},{'A',[49,-7],4,0,[1,0],0,6,[-15,-7],3,0},{'A',[27,5],5,2,[49,-7],4,0,[59,27],4,0},{'A',[27,-59],6,0,[27,5],5,0,[0,-1],0,6},{'O',[-59,-27],4,[-59,-27],4,0},{'O',[27,-59],6,[27,-59],6,0}}
Adder graph: {{'A',[1,1],1,0,[1,0],0,0,[0,1],0,0},{'A',[7,-1],2,0,[1,0],0,3,[-1,-1],1,0},{'A',[27,-5],3,0,[7,-1],2,2,[-1,-1],1,0},{'A',[59,27],4,0,[27,-5],3,0,[1,1],1,5},{'A',[0,9],1,0,[0,1],0,3,[0,1],0,0},{'A',[27,-77],4,0,[27,-5],3,0,[0,-9],1,3},{'A',[27,-59],5,0,[0,9],1,1,[27,-77],4,0},{'O',[-59,-27],4,[-59,-27],4,0},{'O',[27,-59],5,[27,-59],5,0}}
Adder graph: {{'A',[2,1],1,0,[0,1],0,0,[1,0],0,1},{'A',[5,0],1,0,[1,0],0,0,[1,0],0,2},{'A',[3,-1],2,0,[5,0],1,0,[-2,-1],1,0},{'A',[5,5],3,0,[2,1],1,2,[-3,1],2,0},{'A',[-59,-27],4,0,[5,5],3,0,[-2,-1],1,5},{'A',[37,-59],5,0,[-59,-27],4,0,[3,-1],2,5},{'A',[-27,59],6,0,[5,0],1,1,[-37,59],5,0},{'O',[-59,-27],4,[-59,-27],4,0},{'O',[27,-59],6,[27,-59],6,0}}
Adder graph: {{'A',[1,-1],1,0,[1,0],0,0,[0,-1],0,0},{'A',[-3,-1],2,0,[1,-1],1,0,[-1,0],0,2},{'A',[29,-1],3,0,[1,0],0,5,[-3,-1],2,0},{'A',[-1,3],2,0,[0,1],0,1,[-1,1],1,0},{'A',[-1,-29],3,0,[-1,3],2,0,[0,-1],0,5},{'A',[59,27],4,0,[29,-1],3,1,[1,29],3,0},{'A',[27,-59],4,0,[-1,-29],3,1,[29,-1],3,0},{'O',[-59,-27],4,[-59,-27],4,0},{'O',[27,-59],4,[27,-59],4,0}}
Adder graph: {{'A',[-1,1],1,0,[0,1],0,0,[-1,0],0,0},{'A',[-1,5],2,0,[-1,1],1,0,[0,1],0,2},{'A',[-17,5],3,0,[-1,5],2,0,[-1,0],0,4},{'A',[-1,7],3,0,[-1,5],2,0,[0,1],0,1},{'A',[-5,27],4,0,[-1,7],3,0,[-1,5],2,2},{'A',[-27,59],5,0,[-5,27],4,1,[-17,5],3,0},{'A',[59,27],5,0,[-5,27],4,0,[1,0],0,6},{'O',[-59,-27],5,[-59,-27],5,0},{'O',[27,-59],5,[27,-59],5,0}}
Adder graph: {{'A',[-1,1],1,0,[0,1],0,0,[-1,0],0,0},{'A',[3,1],2,0,[-1,1],1,0,[1,0],0,2},{'A',[-1,3],2,0,[-1,1],1,0,[0,1],0,1},{'A',[-29,1],3,0,[3,1],2,0,[-1,0],0,5},{'A',[-1,-29],3,0,[-1,3],2,0,[0,-1],0,5},{'A',[-59,-27],4,0,[-1,-29],3,0,[-29,1],3,1},{'A',[-27,59],4,0,[-29,1],3,0,[1,29],3,1},{'O',[-59,-27],4,[-59,-27],4,0},{'O',[27,-59],4,[27,-59],4,0}}
Adder graph: {{'A',[-1,1],1,0,[0,1],0,0,[-1,0],0,0},{'A',[-5,5],2,0,[-1,1],1,0,[-1,1],1,2},{'A',[-5,-27],3,0,[-5,5],2,0,[0,-1],0,5},{'A',[5,0],1,0,[1,0],0,0,[1,0],0,2},{'A',[-27,0],2,0,[5,0],1,0,[-1,0],0,5},{'A',[27,-59],4,0,[-5,-27],3,0,[1,-1],1,5},{'A',[-59,-27],4,0,[-5,-27],3,0,[-27,0],2,1},{'O',[-59,-27],4,[-59,-27],4,0},{'O',[27,-59],4,[27,-59],4,0}}
Adder graph: {{'A',[1,1],1,0,[1,0],0,0,[0,1],0,0},{'A',[5,5],2,0,[1,1],1,0,[1,1],1,2},{'A',[0,5],1,0,[0,1],0,0,[0,1],0,2},{'A',[-27,5],3,0,[5,5],2,0,[-1,0],0,5},{'A',[-59,-27],4,0,[-27,5],3,0,[-1,-1],1,5},{'A',[0,-27],2,0,[0,5],1,0,[0,-1],0,5},{'A',[-27,59],4,0,[-27,5],3,0,[0,27],2,1},{'O',[-59,-27],4,[-59,-27],4,0},{'O',[27,-59],4,[27,-59],4,0}}
Adder graph: {{'A',[1,-1],1,0,[1,0],0,0,[0,-1],0,0},{'A',[5,-5],2,0,[1,-1],1,0,[1,-1],1,2},{'A',[5,27],3,0,[5,-5],2,0,[0,1],0,5},{'A',[-27,59],4,0,[5,27],3,0,[-1,1],1,5},{'A',[5,0],1,0,[1,0],0,0,[1,0],0,2},{'A',[-5,27],4,0,[5,27],3,0,[-5,0],1,1},{'A',[59,27],5,0,[-5,27],4,0,[1,0],0,6},{'O',[-59,-27],5,[-59,-27],5,0},{'O',[27,-59],4,[27,-59],4,0}}
Finished solving after 57077.3 seconds
Adder graph: {{'A',[1,-1],1,0,[1,0],0,0,[0,-1],0,0},{'A',[5,-5],2,0,[1,-1],1,0,[1,-1],1,2},{'A',[5,27],3,0,[5,-5],2,0,[0,1],0,5},{'A',[-27,59],4,0,[5,27],3,0,[-1,1],1,5},{'A',[5,0],1,0,[1,0],0,0,[1,0],0,2},{'A',[-5,27],4,0,[5,27],3,0,[-5,0],1,1},{'A',[59,27],5,0,[-5,27],4,0,[1,0],0,6},{'O',[-59,-27],5,[-59,-27],5,0},{'O',[27,-59],4,[27,-59],4,0}}
#Add optimal = 1
#FAs optimal = 0
