Adder graph: {{'A',[-1,1],1,0,[0,1],0,0,[-1,0],0,0},{'A',[-8,1],1,0,[0,1],0,0,[-1,0],0,3},{'A',[15,-15],2,0,[-1,1],1,0,[1,-1],1,4},{'A',[-113,1],3,0,[-8,1],1,4,[15,-15],2,0},{'A',[-60,61],3,0,[0,1],0,0,[-15,15],2,2},{'A',[60,-53],4,0,[0,1],0,3,[60,-61],3,0},{'A',[53,60],4,0,[-60,61],3,0,[113,-1],3,0},{'O',[-60,53],4,[-60,53],4,0},{'O',[-53,-60],4,[-53,-60],4,0}}
Adder graph: {{'A',[16,1],1,0,[1,0],0,4,[0,1],0,0},{'A',[2,1],1,0,[1,0],0,1,[0,1],0,0},{'A',[-15,-1],2,0,[1,0],0,0,[-16,-1],1,0},{'A',[-60,-3],3,0,[0,1],0,0,[-15,-1],2,2},{'A',[68,61],4,0,[2,1],1,6,[-60,-3],3,0},{'A',[-60,53],5,0,[68,61],4,0,[-16,-1],1,3},{'A',[53,60],5,0,[-15,-1],2,0,[68,61],4,0},{'O',[-60,53],5,[-60,53],5,0},{'O',[-53,-60],5,[-53,-60],5,0}}
Adder graph: {{'A',[-1,1],1,0,[0,1],0,0,[-1,0],0,0},{'A',[0,7],1,0,[0,1],0,3,[0,-1],0,0},{'A',[-7,0],1,0,[1,0],0,0,[-1,0],0,3},{'A',[15,-15],2,0,[-1,1],1,0,[1,-1],1,4},{'A',[60,-53],3,0,[15,-15],2,2,[0,7],1,0},{'A',[113,0],2,0,[1,0],0,0,[7,0],1,4},{'A',[53,60],3,0,[113,0],2,0,[-15,15],2,2},{'O',[-60,53],3,[-60,53],3,0},{'O',[-53,-60],3,[-53,-60],3,0}}
Adder graph: {{'A',[1,1],1,0,[0,1],0,0,[1,0],0,0},{'A',[4,5],2,0,[1,1],1,2,[0,1],0,0},{'A',[5,0],1,0,[1,0],0,2,[1,0],0,0},{'A',[12,15],3,0,[4,5],2,0,[4,5],2,1},{'A',[53,60],4,0,[5,0],1,0,[12,15],3,2},{'A',[4,-3],3,0,[4,5],2,0,[0,-1],0,3},{'A',[-60,53],4,0,[4,5],2,0,[-4,3],3,4},{'O',[-60,53],4,[-60,53],4,0},{'O',[-53,-60],4,[-53,-60],4,0}}
Adder graph: {{'A',[-1,1],1,0,[0,1],0,0,[-1,0],0,0},{'A',[-1,3],2,0,[-1,1],1,0,[0,1],0,1},{'A',[-4,11],3,0,[-1,3],2,2,[0,-1],0,0},{'A',[5,-4],2,0,[1,0],0,0,[1,-1],1,2},{'A',[-3,-4],3,0,[5,-4],2,0,[-1,0],0,3},{'A',[60,-53],4,0,[-4,11],3,0,[1,-1],1,6},{'A',[53,60],4,0,[5,-4],2,0,[3,4],3,4},{'O',[-60,53],4,[-60,53],4,0},{'O',[-53,-60],4,[-53,-60],4,0}}
Adder graph: {{'A',[1,1],1,0,[1,0],0,0,[0,1],0,0},{'A',[3,1],2,0,[1,1],1,0,[1,0],0,1},{'A',[-11,-4],3,0,[1,0],0,0,[-3,-1],2,2},{'A',[53,60],4,0,[-11,-4],3,0,[1,1],1,6},{'A',[4,5],2,0,[0,1],0,0,[1,1],1,2},{'A',[4,-3],3,0,[4,5],2,0,[0,-1],0,3},{'A',[-60,53],4,0,[4,5],2,0,[-4,3],3,4},{'O',[-60,53],4,[-60,53],4,0},{'O',[-53,-60],4,[-53,-60],4,0}}
Adder graph: {{'A',[1,1],1,0,[0,1],0,0,[1,0],0,0},{'A',[-7,0],1,0,[1,0],0,0,[-1,0],0,3},{'A',[-11,-4],2,0,[-7,0],1,0,[-1,-1],1,2},{'A',[53,60],3,0,[-11,-4],2,0,[1,1],1,6},{'A',[4,5],2,0,[0,1],0,0,[1,1],1,2},{'A',[4,-3],3,0,[4,5],2,0,[0,-1],0,3},{'A',[-60,53],4,0,[4,5],2,0,[-4,3],3,4},{'O',[-60,53],4,[-60,53],4,0},{'O',[-53,-60],3,[-53,-60],3,0}}
Finished solving after 49490.2 seconds
Adder graph: {{'A',[1,1],1,0,[0,1],0,0,[1,0],0,0},{'A',[-7,0],1,0,[1,0],0,0,[-1,0],0,3},{'A',[-11,-4],2,0,[-7,0],1,0,[-1,-1],1,2},{'A',[53,60],3,0,[-11,-4],2,0,[1,1],1,6},{'A',[4,5],2,0,[0,1],0,0,[1,1],1,2},{'A',[4,-3],3,0,[4,5],2,0,[0,-1],0,3},{'A',[-60,53],4,0,[4,5],2,0,[-4,3],3,4},{'O',[-60,53],4,[-60,53],4,0},{'O',[-53,-60],3,[-53,-60],3,0}}
#Add optimal = 1
#FAs optimal = 1
