Adder graph: {{'A',[0,3],1,0,[0,1],0,1,[0,1],0,0},{'A',[2,1],1,0,[0,1],0,0,[1,0],0,1},{'A',[5,2],2,0,[1,0],0,0,[2,1],1,1},{'A',[-5,10],3,0,[0,3],1,2,[-5,-2],2,0},{'A',[-20,43],4,0,[-5,10],3,2,[0,3],1,0},{'A',[11,4],3,0,[5,2],2,1,[1,0],0,0},{'A',[43,20],4,0,[2,1],1,4,[11,4],3,0},{'O',[20,-43],4,[20,-43],4,0},{'O',[43,20],4,[43,20],4,0}}
Adder graph: {{'A',[-1,1],1,0,[0,1],0,0,[-1,0],0,0},{'A',[16,-15],2,0,[0,1],0,0,[1,-1],1,4},{'A',[63,1],2,0,[-1,1],1,0,[1,0],0,6},{'A',[0,3],1,0,[0,1],0,0,[0,1],0,1},{'A',[20,-19],3,0,[16,-15],2,0,[1,-1],1,2},{'A',[20,-43],4,0,[20,-19],3,0,[0,-3],1,3},{'A',[-43,-20],4,0,[20,-19],3,0,[-63,-1],2,0},{'O',[20,-43],4,[20,-43],4,0},{'O',[43,20],4,[43,20],4,0}}
Adder graph: {{'A',[1,4],1,0,[1,0],0,0,[0,1],0,2},{'A',[1,3],2,0,[1,4],1,0,[0,-1],0,0},{'A',[4,11],3,0,[1,3],2,2,[0,-1],0,0},{'A',[5,3],3,0,[1,3],2,0,[1,0],0,2},{'A',[-3,4],2,0,[1,4],1,0,[-1,0],0,2},{'A',[-20,43],4,0,[4,11],3,0,[-3,4],2,3},{'A',[-43,-20],4,0,[-3,4],2,0,[-5,-3],3,3},{'O',[20,-43],4,[20,-43],4,0},{'O',[43,20],4,[43,20],4,0}}
Adder graph: {{'A',[-1,1],1,0,[0,1],0,0,[-1,0],0,0},{'A',[3,1],2,0,[1,0],0,2,[-1,1],1,0},{'A',[3,3],3,0,[0,1],0,1,[3,1],2,0},{'A',[-5,11],4,0,[3,3],3,0,[-1,1],1,3},{'A',[11,5],3,0,[3,1],2,2,[-1,1],1,0},{'A',[-43,-20],4,0,[1,0],0,0,[-11,-5],3,2},{'A',[20,-43],5,0,[0,1],0,0,[5,-11],4,2},{'O',[20,-43],5,[20,-43],5,0},{'O',[43,20],4,[43,20],4,0}}
Adder graph: {{'A',[-31,0],1,0,[1,0],0,0,[-1,0],0,5},{'A',[1,1],1,0,[0,1],0,0,[1,0],0,0},{'A',[4,5],2,0,[1,1],1,2,[0,1],0,0},{'A',[3,5],3,0,[4,5],2,0,[-1,0],0,0},{'A',[-43,-20],4,0,[-31,0],1,0,[-3,-5],3,2},{'A',[1,-3],2,0,[1,1],1,0,[0,-1],0,2},{'A',[20,-43],3,0,[4,5],2,0,[1,-3],2,4},{'O',[20,-43],3,[20,-43],3,0},{'O',[43,20],4,[43,20],4,0}}
Adder graph: {{'A',[-1,1],1,0,[0,1],0,0,[-1,0],0,0},{'A',[3,1],2,0,[-1,1],1,0,[1,0],0,2},{'A',[3,3],3,0,[3,1],2,0,[0,1],0,1},{'A',[5,-4],2,0,[1,0],0,0,[1,-1],1,2},{'A',[-43,-20],3,0,[5,-4],2,0,[-3,-1],2,4},{'A',[-12,-11],4,0,[0,1],0,0,[-3,-3],3,2},{'A',[20,-43],5,0,[-12,-11],4,0,[1,-1],1,5},{'O',[20,-43],5,[20,-43],5,0},{'O',[43,20],3,[43,20],3,0}}
Adder graph: {{'A',[-1,1],1,0,[0,1],0,0,[-1,0],0,0},{'A',[0,-7],1,0,[0,1],0,0,[0,-1],0,3},{'A',[3,1],2,0,[-1,1],1,0,[1,0],0,2},{'A',[5,-4],2,0,[1,0],0,0,[1,-1],1,2},{'A',[-43,-20],3,0,[5,-4],2,0,[-3,-1],2,4},{'A',[-12,-11],3,0,[0,-7],1,0,[-3,-1],2,2},{'A',[20,-43],4,0,[-12,-11],3,0,[1,-1],1,5},{'O',[20,-43],4,[20,-43],4,0},{'O',[43,20],3,[43,20],3,0}}
Finished solving after 60454 seconds
Adder graph: {{'A',[-1,1],1,0,[0,1],0,0,[-1,0],0,0},{'A',[0,-7],1,0,[0,1],0,0,[0,-1],0,3},{'A',[3,1],2,0,[-1,1],1,0,[1,0],0,2},{'A',[5,-4],2,0,[1,0],0,0,[1,-1],1,2},{'A',[-43,-20],3,0,[5,-4],2,0,[-3,-1],2,4},{'A',[-12,-11],3,0,[0,-7],1,0,[-3,-1],2,2},{'A',[20,-43],4,0,[-12,-11],3,0,[1,-1],1,5},{'O',[20,-43],4,[20,-43],4,0},{'O',[43,20],3,[43,20],3,0}}
#Add optimal = 1
#FAs optimal = 0
