Adder graph: {{'A',[1,1],1,0,[0,1],0,0,[1,0],0,0},{'A',[1,-7],2,0,[1,1],1,0,[0,-1],0,3},{'A',[0,65],1,0,[0,1],0,0,[0,1],0,6},{'A',[1,123],3,0,[1,-7],2,0,[0,65],1,1},{'A',[-3,-7],3,0,[1,-7],2,0,[-1,0],0,2},{'A',[-25,-49],4,0,[-3,-7],3,3,[-1,7],2,0},{'A',[-49,25],5,0,[1,123],3,0,[-25,-49],4,1},{'O',[-49,25],5,[-49,25],5,0},{'O',[25,49],4,[25,49],4,0}}
Adder graph: {{'A',[-7,0],1,0,[1,0],0,0,[-1,0],0,3},{'A',[9,0],2,0,[-7,0],1,0,[1,0],0,4},{'A',[9,8],3,0,[9,0],2,0,[0,1],0,3},{'A',[-7,-1],2,0,[-7,0],1,0,[0,-1],0,0},{'A',[7,33],3,0,[0,1],0,5,[7,1],2,0},{'A',[-49,25],4,0,[-7,-1],2,3,[7,33],3,0},{'A',[25,49],4,0,[7,33],3,0,[9,8],3,1},{'O',[-49,25],4,[-49,25],4,0},{'O',[25,49],4,[25,49],4,0}}
Adder graph: {{'A',[1,-1],1,0,[1,0],0,0,[0,-1],0,0},{'A',[-1,9],2,0,[0,1],0,3,[-1,1],1,0},{'A',[3,-1],2,0,[1,-1],1,0,[1,0],0,1},{'A',[-49,25],3,0,[-1,9],2,0,[-3,1],2,4},{'A',[-12,5],3,0,[0,1],0,0,[-3,1],2,2},{'A',[-49,-39],4,0,[-49,25],3,0,[0,-1],0,6},{'A',[25,49],5,0,[-12,5],3,1,[49,39],4,0},{'O',[-49,25],3,[-49,25],3,0},{'O',[25,49],5,[25,49],5,0}}
Adder graph: {{'A',[-1,1],1,0,[0,1],0,0,[-1,0],0,0},{'A',[-1,9],2,0,[-1,1],1,0,[0,1],0,3},{'A',[-1,7],3,0,[-1,9],2,0,[0,-1],0,1},{'A',[3,7],4,0,[-1,7],3,0,[1,0],0,2},{'A',[33,-9],3,0,[1,0],0,5,[1,-9],2,0},{'A',[-25,-49],5,0,[-1,7],3,0,[-3,-7],4,3},{'A',[49,-25],4,0,[33,-9],3,0,[1,-1],1,4},{'O',[-49,25],4,[-49,25],4,0},{'O',[25,49],5,[25,49],5,0}}
Adder graph: {{'A',[1,1],1,0,[0,1],0,0,[1,0],0,0},{'A',[1,-7],2,0,[1,1],1,0,[0,-1],0,3},{'A',[-3,1],2,0,[1,1],1,0,[-1,0],0,2},{'A',[-24,9],3,0,[-3,1],2,3,[0,1],0,0},{'A',[49,-25],4,0,[1,-7],2,0,[24,-9],3,1},{'A',[-25,15],3,0,[-3,1],2,3,[-1,7],2,0},{'A',[-25,-49],4,0,[-25,15],3,0,[0,-1],0,6},{'O',[-49,25],4,[-49,25],4,0},{'O',[25,49],4,[25,49],4,0}}
Adder graph: {{'A',[1,-1],1,0,[1,0],0,0,[0,-1],0,0},{'A',[1,3],2,0,[0,1],0,2,[1,-1],1,0},{'A',[-7,-1],2,0,[1,-1],1,0,[-1,0],0,3},{'A',[-9,-1],3,0,[-7,-1],2,0,[-1,0],0,1},{'A',[-25,-49],4,0,[-9,-1],3,0,[-1,-3],2,4},{'A',[7,-3],3,0,[1,0],0,3,[-1,-3],2,0},{'A',[49,-25],4,0,[-7,-1],2,0,[7,-3],3,3},{'O',[-49,25],4,[-49,25],4,0},{'O',[25,49],4,[25,49],4,0}}
Adder graph: {{'A',[0,33],1,0,[0,1],0,0,[0,1],0,5},{'A',[1,-1],1,0,[1,0],0,0,[0,-1],0,0},{'A',[1,7],2,0,[0,1],0,3,[1,-1],1,0},{'A',[33,-25],3,0,[1,7],2,0,[1,-1],1,5},{'A',[25,-17],4,0,[33,-25],3,0,[-1,1],1,3},{'A',[25,49],5,0,[25,-17],4,0,[0,33],1,1},{'A',[49,-25],4,0,[33,-25],3,0,[1,0],0,4},{'O',[-49,25],4,[-49,25],4,0},{'O',[25,49],5,[25,49],5,0}}
Adder graph: {{'A',[-1,1],1,0,[0,1],0,0,[-1,0],0,0},{'A',[1,1],2,0,[0,1],0,1,[1,-1],1,0},{'A',[-9,1],2,0,[-1,1],1,0,[-1,0],0,3},{'A',[5,-3],3,0,[1,1],2,0,[1,-1],1,2},{'A',[25,-15],4,0,[5,-3],3,0,[5,-3],3,2},{'A',[25,49],5,0,[0,1],0,6,[25,-15],4,0},{'A',[-49,25],4,0,[-9,1],2,0,[-5,3],3,3},{'O',[-49,25],4,[-49,25],4,0},{'O',[25,49],5,[25,49],5,0}}
Adder graph: {{'A',[-1,1],1,0,[0,1],0,0,[-1,0],0,0},{'A',[3,-2],2,0,[1,0],0,0,[1,-1],1,1},{'A',[-1,-7],2,0,[-1,1],1,0,[0,-1],0,3},{'A',[-1,-1],2,0,[-1,1],1,0,[0,-1],0,1},{'A',[-49,25],3,0,[-1,-7],2,0,[-3,2],2,4},{'A',[-25,15],3,0,[-1,-1],2,0,[-3,2],2,3},{'A',[-25,-49],4,0,[-25,15],3,0,[0,-1],0,6},{'O',[-49,25],3,[-49,25],3,0},{'O',[25,49],4,[25,49],4,0}}
Adder graph: {{'A',[1,1],1,0,[0,1],0,0,[1,0],0,0},{'A',[-7,1],2,0,[1,1],1,0,[-1,0],0,3},{'A',[-1,1],2,0,[1,1],1,0,[-1,0],0,1},{'A',[-65,1],3,0,[-1,1],2,0,[-1,0],0,6},{'A',[2,3],2,0,[0,1],0,0,[1,1],1,1},{'A',[-49,25],4,0,[2,3],2,3,[-65,1],3,0},{'A',[25,49],3,0,[2,3],2,4,[-7,1],2,0},{'O',[-49,25],4,[-49,25],4,0},{'O',[25,49],3,[25,49],3,0}}
Adder graph: {{'A',[1,1],1,0,[0,1],0,0,[1,0],0,0},{'A',[1,-1],2,0,[1,1],1,0,[0,-1],0,1},{'A',[2,3],2,0,[0,1],0,0,[1,1],1,1},{'A',[-15,-25],3,0,[1,-1],2,0,[-2,-3],2,3},{'A',[49,-25],4,0,[-15,-25],3,0,[1,0],0,6},{'A',[-7,1],2,0,[1,1],1,0,[-1,0],0,3},{'A',[25,49],3,0,[-7,1],2,0,[2,3],2,4},{'O',[-49,25],4,[-49,25],4,0},{'O',[25,49],3,[25,49],3,0}}
Finished solving after 86531.5 seconds
Adder graph: {{'A',[1,1],1,0,[0,1],0,0,[1,0],0,0},{'A',[1,-1],2,0,[1,1],1,0,[0,-1],0,1},{'A',[2,3],2,0,[0,1],0,0,[1,1],1,1},{'A',[-15,-25],3,0,[1,-1],2,0,[-2,-3],2,3},{'A',[49,-25],4,0,[-15,-25],3,0,[1,0],0,6},{'A',[-7,1],2,0,[1,1],1,0,[-1,0],0,3},{'A',[25,49],3,0,[-7,1],2,0,[2,3],2,4},{'O',[-49,25],4,[-49,25],4,0},{'O',[25,49],3,[25,49],3,0}}
#Add optimal = 0
#FAs optimal = 0
