Adder graph: {{'A',[-1,1],1,0,[0,1],0,0,[-1,0],0,0},{'A',[-1,-3],2,0,[-1,1],1,0,[0,-1],0,2},{'A',[-5,1],2,0,[-1,1],1,0,[-1,0],0,2},{'A',[1,5],3,0,[0,1],0,1,[1,3],2,0},{'A',[-35,7],3,0,[-5,1],2,3,[5,-1],2,0},{'A',[7,35],4,0,[1,5],3,3,[-1,-5],3,0},{'O',[7,35],4,[7,35],4,0},{'O',[35,-7],3,[35,-7],3,0}}
Adder graph: {{'A',[-7,0],1,0,[1,0],0,0,[-1,0],0,3},{'A',[0,-7],1,0,[0,1],0,0,[0,-1],0,3},{'A',[0,-21],2,0,[0,-7],1,1,[0,-7],1,0},{'A',[-7,7],2,0,[-7,0],1,0,[0,7],1,0},{'A',[-7,-35],3,0,[-7,7],2,0,[0,-21],2,1},{'A',[-35,7],3,0,[-7,7],2,0,[-7,0],1,2},{'O',[7,35],3,[7,35],3,0},{'O',[35,-7],3,[35,-7],3,0}}
Adder graph: {{'A',[1,-1],1,0,[1,0],0,0,[0,-1],0,0},{'A',[33,-1],2,0,[1,0],0,5,[1,-1],1,0},{'A',[-1,3],2,0,[0,1],0,1,[-1,1],1,0},{'A',[35,-7],3,0,[33,-1],2,0,[1,-3],2,1},{'A',[1,4],1,0,[1,0],0,0,[0,1],0,2},{'A',[7,35],3,0,[1,4],1,3,[-1,3],2,0},{'O',[7,35],3,[7,35],3,0},{'O',[35,-7],3,[35,-7],3,0}}
Adder graph: {{'A',[-1,1],1,0,[0,1],0,0,[-1,0],0,0},{'A',[-5,1],2,0,[-1,1],1,0,[-1,0],0,2},{'A',[-5,-31],3,0,[-5,1],2,0,[0,-1],0,5},{'A',[1,2],1,0,[0,1],0,1,[1,0],0,0},{'A',[-7,-35],4,0,[-5,-31],3,0,[-1,-2],1,1},{'A',[35,-7],3,0,[-5,1],2,0,[5,-1],2,3},{'O',[7,35],4,[7,35],4,0},{'O',[35,-7],3,[35,-7],3,0}}
Adder graph: {{'A',[-1,1],1,0,[0,1],0,0,[-1,0],0,0},{'A',[1,1],2,0,[-1,1],1,0,[1,0],0,1},{'A',[5,-1],2,0,[1,0],0,2,[1,-1],1,0},{'A',[-35,7],3,0,[5,-1],2,0,[-5,1],2,3},{'A',[1,5],3,0,[0,1],0,2,[1,1],2,0},{'A',[-7,-35],4,0,[1,5],3,0,[-1,-5],3,3},{'O',[7,35],4,[7,35],4,0},{'O',[35,-7],3,[35,-7],3,0}}
Adder graph: {{'A',[1,-1],1,0,[1,0],0,0,[0,-1],0,0},{'A',[1,1],2,0,[0,1],0,1,[1,-1],1,0},{'A',[1,5],3,0,[1,1],2,0,[0,1],0,2},{'A',[5,-1],2,0,[1,-1],1,0,[1,0],0,2},{'A',[-35,7],3,0,[5,-1],2,0,[-5,1],2,3},{'A',[-7,-35],4,0,[1,5],3,0,[-1,-5],3,3},{'O',[7,35],4,[7,35],4,0},{'O',[35,-7],3,[35,-7],3,0}}
Adder graph: {{'A',[-1,1],1,0,[0,1],0,0,[-1,0],0,0},{'A',[-1,3],2,0,[-1,1],1,0,[0,1],0,1},{'A',[-3,7],3,0,[-1,1],1,0,[-1,3],2,1},{'A',[-35,7],4,0,[-3,7],3,0,[-1,0],0,5},{'A',[7,3],3,0,[-1,3],2,0,[1,0],0,3},{'A',[7,35],4,0,[7,3],3,0,[0,1],0,5},{'O',[7,35],4,[7,35],4,0},{'O',[35,-7],4,[35,-7],4,0}}
Finished solving after 1066.05 seconds
Adder graph: {{'A',[-1,1],1,0,[0,1],0,0,[-1,0],0,0},{'A',[-1,3],2,0,[-1,1],1,0,[0,1],0,1},{'A',[-3,7],3,0,[-1,1],1,0,[-1,3],2,1},{'A',[-35,7],4,0,[-3,7],3,0,[-1,0],0,5},{'A',[7,3],3,0,[-1,3],2,0,[1,0],0,3},{'A',[7,35],4,0,[7,3],3,0,[0,1],0,5},{'O',[7,35],4,[7,35],4,0},{'O',[35,-7],4,[35,-7],4,0}}
#Add optimal = 1
#FAs optimal = 1
