Adder graph: {{'A',[-1,1],1,0,[0,1],0,0,[-1,0],0,0},{'A',[7,1],2,0,[1,0],0,3,[-1,1],1,0},{'A',[7,9],3,0,[0,1],0,3,[7,1],2,0},{'A',[-9,9],4,0,[7,9],3,0,[-1,0],0,4},{'A',[-14,-17],4,0,[0,1],0,0,[-7,-9],3,1},{'A',[35,43],5,0,[7,9],3,0,[14,17],4,1},{'A',[-43,35],5,0,[-9,9],4,2,[-7,-1],2,0},{'O',[35,43],5,[35,43],5,0},{'O',[43,-35],5,[43,-35],5,0}}
Adder graph: {{'A',[0,-7],1,0,[0,1],0,0,[0,-1],0,3},{'A',[4,-7],2,0,[0,-7],1,0,[1,0],0,2},{'A',[-31,0],1,0,[1,0],0,0,[-1,0],0,5},{'A',[4,-21],3,0,[4,-7],2,0,[0,-7],1,1},{'A',[-35,21],4,0,[-31,0],1,0,[-4,21],3,0},{'A',[-35,-43],5,0,[-35,21],4,0,[0,-1],0,6},{'A',[-43,35],5,0,[-35,21],4,0,[-4,7],2,1},{'O',[35,43],5,[35,43],5,0},{'O',[43,-35],5,[43,-35],5,0}}
Adder graph: {{'A',[-1,1],1,0,[0,1],0,0,[-1,0],0,0},{'A',[-1,3],2,0,[0,1],0,1,[-1,1],1,0},{'A',[-5,3],3,0,[-1,3],2,0,[-1,0],0,2},{'A',[-5,-5],4,0,[-5,3],3,0,[0,-1],0,3},{'A',[-35,-43],5,0,[-5,-5],4,3,[5,-3],3,0},{'A',[3,-11],3,0,[-1,1],1,0,[1,-3],2,2},{'A',[43,-35],4,0,[3,-11],3,0,[5,-3],3,3},{'O',[35,43],5,[35,43],5,0},{'O',[43,-35],4,[43,-35],4,0}}
Adder graph: {{'A',[1,-1],1,0,[1,0],0,0,[0,-1],0,0},{'A',[3,-3],2,0,[1,-1],1,0,[1,-1],1,1},{'A',[5,-3],3,0,[3,-3],2,0,[1,0],0,1},{'A',[3,-11],3,0,[3,-3],2,0,[0,-1],0,3},{'A',[-35,21],4,0,[5,-3],3,0,[-5,3],3,3},{'A',[43,-35],4,0,[3,-11],3,0,[5,-3],3,3},{'A',[-35,-43],5,0,[-35,21],4,0,[0,-1],0,6},{'O',[35,43],5,[35,43],5,0},{'O',[43,-35],4,[43,-35],4,0}}
Adder graph: {{'A',[1,-1],1,0,[1,0],0,0,[0,-1],0,0},{'A',[3,-1],2,0,[1,-1],1,0,[1,0],0,1},{'A',[5,-3],3,0,[3,-1],2,0,[1,-1],1,1},{'A',[-11,3],3,0,[1,-1],1,0,[-3,1],2,2},{'A',[-43,35],4,0,[-11,3],3,0,[-1,1],1,5},{'A',[-35,21],4,0,[5,-3],3,0,[-5,3],3,3},{'A',[-35,-43],5,0,[-35,21],4,0,[0,-1],0,6},{'O',[35,43],5,[35,43],5,0},{'O',[43,-35],4,[43,-35],4,0}}
Adder graph: {{'A',[-1,1],1,0,[0,1],0,0,[-1,0],0,0},{'A',[3,-3],2,0,[-1,1],1,0,[1,-1],1,2},{'A',[5,-3],3,0,[3,-3],2,0,[1,0],0,1},{'A',[11,-3],3,0,[3,-3],2,0,[1,0],0,3},{'A',[43,-35],4,0,[11,-3],3,0,[1,-1],1,5},{'A',[-35,21],4,0,[5,-3],3,0,[-5,3],3,3},{'A',[-35,-43],5,0,[-35,21],4,0,[0,-1],0,6},{'O',[35,43],5,[35,43],5,0},{'O',[43,-35],4,[43,-35],4,0}}
Finished solving after 55397.2 seconds
Adder graph: {{'A',[-1,1],1,0,[0,1],0,0,[-1,0],0,0},{'A',[3,-3],2,0,[-1,1],1,0,[1,-1],1,2},{'A',[5,-3],3,0,[3,-3],2,0,[1,0],0,1},{'A',[11,-3],3,0,[3,-3],2,0,[1,0],0,3},{'A',[43,-35],4,0,[11,-3],3,0,[1,-1],1,5},{'A',[-35,21],4,0,[5,-3],3,0,[-5,3],3,3},{'A',[-35,-43],5,0,[-35,21],4,0,[0,-1],0,6},{'O',[35,43],5,[35,43],5,0},{'O',[43,-35],4,[43,-35],4,0}}
#Add optimal = 1
#FAs optimal = 0
