Adder graph: {{'A',[-15,0],1,0,[1,0],0,0,[-1,0],0,4},{'A',[0,5],1,0,[0,1],0,0,[0,1],0,2},{'A',[1,-32],1,0,[1,0],0,0,[0,-1],0,5},{'A',[-14,-32],2,0,[1,-32],1,0,[-15,0],1,0},{'A',[7,21],3,1,[0,5],1,1,[14,32],2,0},{'A',[-21,-53],4,0,[-14,-32],2,0,[-7,-21],3,0},{'A',[-53,21],4,0,[7,21],3,0,[-15,0],1,2},{'O',[21,53],4,[21,53],4,0},{'O',[53,-21],4,[53,-21],4,0}}
Adder graph: {{'A',[1,1],1,0,[1,0],0,0,[0,1],0,0},{'A',[7,-1],2,0,[1,0],0,3,[-1,-1],1,0},{'A',[7,-3],3,0,[7,-1],2,0,[0,-1],0,1},{'A',[-21,11],4,0,[7,-1],2,0,[-7,3],3,2},{'A',[-21,-53],5,0,[-21,11],4,0,[0,-1],0,6},{'A',[15,-6],4,0,[7,-3],3,1,[1,0],0,0},{'A',[-53,21],5,0,[7,-3],3,0,[-15,6],4,2},{'O',[21,53],5,[21,53],5,0},{'O',[53,-21],5,[53,-21],5,0}}
Adder graph: {{'A',[1,1],1,0,[1,0],0,0,[0,1],0,0},{'A',[1,3],2,0,[1,1],1,0,[0,1],0,1},{'A',[5,13],3,0,[1,1],1,0,[1,3],2,2},{'A',[3,-3],3,0,[1,0],0,2,[-1,-3],2,0},{'A',[-61,-3],4,0,[3,-3],3,0,[-1,0],0,6},{'A',[-53,21],5,0,[-61,-3],4,0,[1,3],2,3},{'A',[21,53],4,0,[5,13],3,2,[1,1],1,0},{'O',[21,53],4,[21,53],4,0},{'O',[53,-21],5,[53,-21],5,0}}
Adder graph: {{'A',[1,1],1,0,[1,0],0,0,[0,1],0,0},{'A',[1,3],2,0,[1,1],1,0,[0,1],0,1},{'A',[-8,1],1,0,[0,1],0,0,[-1,0],0,3},{'A',[5,5],2,0,[1,1],1,0,[1,1],1,2},{'A',[11,13],3,0,[1,3],2,0,[5,5],2,1},{'A',[21,53],3,0,[5,5],2,0,[1,3],2,4},{'A',[-53,21],4,0,[11,13],3,0,[-8,1],1,3},{'O',[21,53],3,[21,53],3,0},{'O',[53,-21],4,[53,-21],4,0}}
Adder graph: {{'A',[-1,1],1,0,[0,1],0,0,[-1,0],0,0},{'A',[-3,1],2,0,[-1,1],1,0,[-1,0],0,1},{'A',[-5,5],2,0,[-1,1],1,2,[-1,1],1,0},{'A',[-53,21],3,0,[-5,5],2,0,[-3,1],2,4},{'A',[21,-7],3,0,[-3,1],2,0,[3,-1],2,3},{'A',[0,-15],1,0,[0,1],0,0,[0,-1],0,4},{'A',[21,53],4,0,[21,-7],3,0,[0,15],1,2},{'O',[21,53],4,[21,53],4,0},{'O',[53,-21],3,[53,-21],3,0}}
Adder graph: {{'A',[-1,1],1,0,[0,1],0,0,[-1,0],0,0},{'A',[-5,5],2,0,[-1,1],1,2,[-1,1],1,0},{'A',[-3,1],2,0,[-1,1],1,0,[-1,0],0,1},{'A',[3,3],3,0,[0,1],0,2,[3,-1],2,0},{'A',[-53,21],3,0,[-5,5],2,0,[-3,1],2,4},{'A',[-21,11],4,0,[3,3],3,0,[-3,1],2,3},{'A',[-21,-53],5,0,[-21,11],4,0,[0,-1],0,6},{'O',[21,53],5,[21,53],5,0},{'O',[53,-21],3,[53,-21],3,0}}
Adder graph: {{'A',[1,-1],1,0,[1,0],0,0,[0,-1],0,0},{'A',[3,-1],2,0,[1,0],0,1,[1,-1],1,0},{'A',[3,3],3,0,[0,1],0,2,[3,-1],2,0},{'A',[3,-29],4,0,[3,3],3,0,[0,-1],0,5},{'A',[5,-5],2,0,[1,-1],1,0,[1,-1],1,2},{'A',[53,-21],3,0,[5,-5],2,0,[3,-1],2,4},{'A',[-21,-53],5,0,[3,-29],4,0,[-3,-3],3,3},{'O',[21,53],5,[21,53],5,0},{'O',[53,-21],3,[53,-21],3,0}}
Adder graph: {{'A',[1,-1],1,0,[1,0],0,0,[0,-1],0,0},{'A',[3,-1],2,0,[1,-1],1,0,[1,0],0,1},{'A',[3,3],3,0,[3,-1],2,0,[0,1],0,2},{'A',[-21,11],4,0,[3,3],3,0,[-3,1],2,3},{'A',[-21,-53],5,0,[-21,11],4,0,[0,-1],0,6},{'A',[5,-5],2,0,[1,-1],1,0,[1,-1],1,2},{'A',[53,-21],3,0,[5,-5],2,0,[3,-1],2,4},{'O',[21,53],5,[21,53],5,0},{'O',[53,-21],3,[53,-21],3,0}}
Finished solving after 60906.8 seconds
Adder graph: {{'A',[1,-1],1,0,[1,0],0,0,[0,-1],0,0},{'A',[3,-1],2,0,[1,-1],1,0,[1,0],0,1},{'A',[3,3],3,0,[3,-1],2,0,[0,1],0,2},{'A',[-21,11],4,0,[3,3],3,0,[-3,1],2,3},{'A',[-21,-53],5,0,[-21,11],4,0,[0,-1],0,6},{'A',[5,-5],2,0,[1,-1],1,0,[1,-1],1,2},{'A',[53,-21],3,0,[5,-5],2,0,[3,-1],2,4},{'O',[21,53],5,[21,53],5,0},{'O',[53,-21],3,[53,-21],3,0}}
#Add optimal = 1
#FAs optimal = 0
