Adder graph: {{'A',[2,1],1,0,[1,0],0,1,[0,1],0,0},{'A',[2,-7],2,0,[2,1],1,0,[0,-1],0,3},{'A',[16,-57],3,0,[2,-7],2,3,[0,-1],0,0},{'A',[17,-57],4,0,[1,0],0,0,[16,-57],3,0},{'A',[7,-25],4,1,[16,-57],3,0,[-2,7],2,0},{'A',[25,-57],5,0,[1,0],0,3,[17,-57],4,0},{'A',[57,25],5,0,[1,0],0,6,[-7,25],4,0},{'O',[-25,57],5,[-25,57],5,0},{'O',[57,25],5,[57,25],5,0}}
Adder graph: {{'A',[1,-2],1,0,[1,0],0,0,[0,-1],0,1},{'A',[1,-1],1,0,[1,0],0,0,[0,-1],0,0},{'A',[3,-7],2,0,[1,-2],1,2,[-1,1],1,0},{'A',[25,-57],3,0,[3,-7],2,3,[1,-1],1,0},{'A',[17,0],1,0,[1,0],0,0,[1,0],0,4},{'A',[139,-7],3,0,[3,-7],2,0,[17,0],1,3},{'A',[57,25],4,1,[139,-7],3,0,[-25,57],3,0},{'O',[-25,57],3,[-25,57],3,0},{'O',[57,25],4,[57,25],4,0}}
Adder graph: {{'A',[1,1],1,0,[1,0],0,0,[0,1],0,0},{'A',[3,1],2,0,[1,1],1,0,[1,0],0,1},{'A',[7,3],3,0,[3,1],2,1,[1,1],1,0},{'A',[3,65],3,0,[3,1],2,0,[0,1],0,6},{'A',[-7,-2],4,0,[0,1],0,0,[-7,-3],3,0},{'A',[-25,57],5,0,[3,65],3,0,[-7,-2],4,2},{'A',[57,25],4,0,[1,1],1,0,[7,3],3,3},{'O',[-25,57],5,[-25,57],5,0},{'O',[57,25],4,[57,25],4,0}}
Adder graph: {{'A',[-1,1],1,0,[0,1],0,0,[-1,0],0,0},{'A',[-9,9],2,0,[-1,1],1,0,[-1,1],1,3},{'A',[-1,3],2,0,[-1,1],1,0,[0,1],0,1},{'A',[-25,57],3,0,[-1,3],2,4,[-9,9],2,0},{'A',[-1,-1],3,0,[-1,3],2,0,[0,-1],0,2},{'A',[7,-25],4,0,[-1,-1],3,0,[1,-3],2,3},{'A',[57,25],5,0,[1,0],0,6,[-7,25],4,0},{'O',[-25,57],3,[-25,57],3,0},{'O',[57,25],5,[57,25],5,0}}
Adder graph: {{'A',[-1,1],1,0,[0,1],0,0,[-1,0],0,0},{'A',[7,-7],2,0,[-1,1],1,0,[1,-1],1,3},{'A',[-25,25],3,0,[7,-7],2,0,[-1,1],1,5},{'A',[5,0],1,0,[1,0],0,2,[1,0],0,0},{'A',[55,25],4,0,[-25,25],3,0,[5,0],1,4},{'A',[-25,57],4,0,[-25,25],3,0,[0,1],0,5},{'A',[57,25],5,0,[55,25],4,0,[1,0],0,1},{'O',[-25,57],4,[-25,57],4,0},{'O',[57,25],5,[57,25],5,0}}
Adder graph: {{'A',[1,-1],1,0,[1,0],0,0,[0,-1],0,0},{'A',[-7,7],2,0,[1,-1],1,0,[-1,1],1,3},{'A',[-1,2],1,0,[0,1],0,1,[-1,0],0,0},{'A',[-7,9],3,0,[-7,7],2,0,[0,1],0,1},{'A',[25,-57],3,0,[-7,7],2,0,[1,-2],1,5},{'A',[4,1],1,0,[0,1],0,0,[1,0],0,2},{'A',[57,25],4,0,[4,1],1,4,[-7,9],3,0},{'O',[-25,57],3,[-25,57],3,0},{'O',[57,25],4,[57,25],4,0}}
Adder graph: {{'A',[0,9],1,0,[0,1],0,0,[0,1],0,3},{'A',[32,9],2,0,[0,9],1,0,[1,0],0,5},{'A',[1,-1],1,0,[1,0],0,0,[0,-1],0,0},{'A',[-7,7],2,0,[1,-1],1,0,[-1,1],1,3},{'A',[25,7],3,0,[-7,7],2,0,[1,0],0,5},{'A',[25,-57],4,0,[25,7],3,0,[0,-1],0,6},{'A',[57,25],3,0,[32,9],2,1,[-7,7],2,0},{'O',[-25,57],4,[-25,57],4,0},{'O',[57,25],3,[57,25],3,0}}
Adder graph: {{'A',[-7,0],1,0,[1,0],0,0,[-1,0],0,3},{'A',[25,0],2,0,[-7,0],1,0,[1,0],0,5},{'A',[-1,1],1,0,[0,1],0,0,[-1,0],0,0},{'A',[7,-7],2,0,[-1,1],1,0,[1,-1],1,3},{'A',[7,25],3,0,[0,1],0,5,[7,-7],2,0},{'A',[-25,57],4,0,[7,25],3,0,[-1,1],1,5},{'A',[57,25],4,0,[7,25],3,0,[25,0],2,1},{'O',[-25,57],4,[-25,57],4,0},{'O',[57,25],4,[57,25],4,0}}
Adder graph: {{'A',[1,1],1,0,[1,0],0,0,[0,1],0,0},{'A',[1,-3],2,0,[1,1],1,0,[0,-1],0,2},{'A',[-7,25],3,0,[1,1],1,0,[-1,3],2,3},{'A',[-1,1],2,0,[1,1],1,0,[-1,0],0,1},{'A',[-9,9],3,0,[-1,1],2,0,[-1,1],2,3},{'A',[57,25],4,0,[-7,25],3,0,[1,0],0,6},{'A',[-25,57],4,0,[-9,9],3,0,[-1,3],2,4},{'O',[-25,57],4,[-25,57],4,0},{'O',[57,25],4,[57,25],4,0}}
Adder graph: {{'A',[1,-1],1,0,[1,0],0,0,[0,-1],0,0},{'A',[-7,7],2,0,[1,-1],1,0,[-1,1],1,3},{'A',[25,7],3,0,[1,0],0,5,[-7,7],2,0},{'A',[-7,9],3,0,[-7,7],2,0,[0,1],0,1},{'A',[-7,25],4,0,[-7,9],3,0,[0,1],0,4},{'A',[25,-57],4,0,[25,7],3,0,[0,-1],0,6},{'A',[57,25],5,0,[1,0],0,6,[-7,25],4,0},{'O',[-25,57],4,[-25,57],4,0},{'O',[57,25],5,[57,25],5,0}}
Finished solving after 68400.8 seconds
Adder graph: {{'A',[1,-1],1,0,[1,0],0,0,[0,-1],0,0},{'A',[-7,7],2,0,[1,-1],1,0,[-1,1],1,3},{'A',[25,7],3,0,[1,0],0,5,[-7,7],2,0},{'A',[-7,9],3,0,[-7,7],2,0,[0,1],0,1},{'A',[-7,25],4,0,[-7,9],3,0,[0,1],0,4},{'A',[25,-57],4,0,[25,7],3,0,[0,-1],0,6},{'A',[57,25],5,0,[1,0],0,6,[-7,25],4,0},{'O',[-25,57],4,[-25,57],4,0},{'O',[57,25],5,[57,25],5,0}}
#Add optimal = 0
#FAs optimal = 1
