Adder graph: {{'A',[33,0],1,0,[1,0],0,0,[1,0],0,5},{'A',[33,8],2,0,[33,0],1,0,[0,1],0,3},{'A',[0,33],1,0,[0,1],0,5,[0,1],0,0},{'A',[29,0],2,0,[33,0],1,0,[-1,0],0,2},{'A',[33,-58],3,0,[33,8],2,0,[0,-33],1,1},{'A',[58,33],3,0,[0,33],1,0,[29,0],2,1},{'O',[-33,58],3,[-33,58],3,0},{'O',[58,33],3,[58,33],3,0}}
Adder graph: {{'A',[2,1],1,0,[0,1],0,0,[1,0],0,1},{'A',[-7,-4],2,0,[1,0],0,0,[-2,-1],1,2},{'A',[58,33],3,0,[2,1],1,0,[7,4],2,3},{'A',[-1,2],1,0,[0,1],0,1,[-1,0],0,0},{'A',[4,-7],2,0,[0,1],0,0,[1,-2],1,2},{'A',[33,-58],3,0,[4,-7],2,3,[1,-2],1,0},{'O',[-33,58],3,[-33,58],3,0},{'O',[58,33],3,[58,33],3,0}}
Adder graph: {{'A',[2,1],1,0,[1,0],0,1,[0,1],0,0},{'A',[-6,1],2,0,[2,1],1,0,[-1,0],0,3},{'A',[58,33],3,0,[-6,1],2,0,[2,1],1,5},{'A',[-1,2],1,0,[0,1],0,1,[-1,0],0,0},{'A',[1,6],2,0,[0,1],0,3,[1,-2],1,0},{'A',[-33,58],3,0,[-1,2],1,5,[-1,-6],2,0},{'O',[-33,58],3,[-33,58],3,0},{'O',[58,33],3,[58,33],3,0}}
Adder graph: {{'A',[1,-2],1,0,[1,0],0,0,[0,-1],0,1},{'A',[2,1],1,0,[1,0],0,1,[0,1],0,0},{'A',[1,6],2,0,[1,-2],1,0,[0,1],0,3},{'A',[33,-58],3,0,[1,-2],1,5,[1,6],2,0},{'A',[7,4],2,0,[2,1],1,2,[-1,0],0,0},{'A',[58,33],3,0,[2,1],1,0,[7,4],2,3},{'O',[-33,58],3,[-33,58],3,0},{'O',[58,33],3,[58,33],3,0}}
Adder graph: {{'A',[-1,2],1,0,[0,1],0,1,[-1,0],0,0},{'A',[-33,66],2,0,[-1,2],1,0,[-1,2],1,5},{'A',[2,1],1,0,[1,0],0,1,[0,1],0,0},{'A',[-6,1],2,0,[2,1],1,0,[-1,0],0,3},{'A',[58,33],3,0,[2,1],1,5,[-6,1],2,0},{'A',[-33,58],3,0,[-33,66],2,0,[0,-1],0,3},{'O',[-33,58],3,[-33,58],3,0},{'O',[58,33],3,[58,33],3,0}}
Adder graph: {{'A',[1,-2],1,0,[1,0],0,0,[0,-1],0,1},{'A',[4,-7],2,0,[0,1],0,0,[1,-2],1,2},{'A',[33,-58],3,0,[4,-7],2,3,[1,-2],1,0},{'A',[2,1],1,0,[0,1],0,0,[1,0],0,1},{'A',[-6,1],2,0,[2,1],1,0,[-1,0],0,3},{'A',[58,33],3,0,[-6,1],2,0,[2,1],1,5},{'O',[-33,58],3,[-33,58],3,0},{'O',[58,33],3,[58,33],3,0}}
Adder graph: {{'A',[2,1],1,0,[1,0],0,1,[0,1],0,0},{'A',[-6,1],2,0,[2,1],1,0,[-1,0],0,3},{'A',[58,33],3,0,[2,1],1,5,[-6,1],2,0},{'A',[-1,2],1,0,[0,1],0,1,[-1,0],0,0},{'A',[-1,-6],2,0,[-1,2],1,0,[0,-1],0,3},{'A',[-33,58],3,0,[-1,-6],2,0,[-1,2],1,5},{'O',[-33,58],3,[-33,58],3,0},{'O',[58,33],3,[58,33],3,0}}
Adder graph: {{'A',[1,-2],1,0,[1,0],0,0,[0,-1],0,1},{'A',[1,6],2,0,[0,1],0,3,[1,-2],1,0},{'A',[2,1],1,0,[0,1],0,0,[1,0],0,1},{'A',[33,-58],3,0,[1,6],2,0,[1,-2],1,5},{'A',[-6,1],2,0,[2,1],1,0,[-1,0],0,3},{'A',[58,33],3,0,[-6,1],2,0,[2,1],1,5},{'O',[-33,58],3,[-33,58],3,0},{'O',[58,33],3,[58,33],3,0}}
Finished solving after 389.443 seconds
Adder graph: {{'A',[1,-2],1,0,[1,0],0,0,[0,-1],0,1},{'A',[1,6],2,0,[0,1],0,3,[1,-2],1,0},{'A',[2,1],1,0,[0,1],0,0,[1,0],0,1},{'A',[33,-58],3,0,[1,6],2,0,[1,-2],1,5},{'A',[-6,1],2,0,[2,1],1,0,[-1,0],0,3},{'A',[58,33],3,0,[-6,1],2,0,[2,1],1,5},{'O',[-33,58],3,[-33,58],3,0},{'O',[58,33],3,[58,33],3,0}}
#Add optimal = 1
#FAs optimal = 1
