Adder graph: {{'M',[2;1;32;1],1,[1;1;1;1],0,[1;0;5;0]},{'M',[1;8;1;8],1,[1;1;1;1],0,[0;3;0;3]},{'A',[-2;-31;28;-31],2,[2;1;32;1],1,0,[-1;-8;-1;-8],1,2},{'M',[-4;32;1;-31],3,[1;1;1;1],0,[NaN;5;0;NaN],[-2;-31;28;-31],2,[1;NaN;NaN;0]},{'M',[1;-124;28;16],3,[1;1;1;1],0,[0;NaN;NaN;4],[-2;-31;28;-31],2,[NaN;2;0;NaN]},{'A',[-5;-92;-27;-47],4,[-4;32;1;-31],3,0,[-1;-124;-28;-16],3,0},{'M',[-5;1;1;16],5,[1;1;1;1],0,[NaN;0;0;4],[-5;-92;-27;-47],4,[0;NaN;NaN;NaN]},{'M',[-16;4;28;-248],3,[1;1;1;1],0,[NaN;2;NaN;NaN],[-2;-31;28;-31],2,[3;NaN;0;3]},{'A',[-69;-15;-111;1008],6,[-5;1;1;16],5,0,[-16;-4;-28;248],3,2},{'M',[-10;-15;-27;-47],7,[-5;-92;-27;-47],4,[1;NaN;0;0],[-69;-15;-111;1008],6,[NaN;0;NaN;NaN]},{'O',[10;15;27;47],7,[10;15;27;47],7,0},{'M',[-69;-92;-111;-124],7,[-2;-31;28;-31],2,[NaN;NaN;NaN;2],[-5;-92;-27;-47],4,[NaN;0;NaN;NaN],[-69;-15;-111;1008],6,[0;NaN;0;NaN]},{'O',[69;92;111;124],7,[69;92;111;124],7,0}}
Adder graph: {{'M',[1;1;1;64],1,[1;1;1;1],0,[0;0;0;6]},{'M',[2;2;8;1],1,[1;1;1;1],0,[1;1;3;0]},{'A',[-1;-1;-7;63],2,[1;1;1;64],1,0,[-2;-2;-8;-1],1,0},{'M',[-1;1;1;16],3,[1;1;1;1],0,[NaN;0;0;4],[-1;-1;-7;63],2,[0;NaN;NaN;NaN]},{'M',[4;-16;-28;63],3,[1;1;1;1],0,[2;NaN;NaN;NaN],[-1;-1;-7;63],2,[NaN;4;2;0]},{'A',[-5;-15;-27;-47],4,[-1;1;1;16],3,0,[-4;-16;-28;-63],3,0},{'M',[-64;-30;1;128],5,[1;1;1;1],0,[NaN;NaN;0;7],[-1;-1;-7;63],2,[6;NaN;NaN;NaN],[-5;-15;-27;-47],4,[NaN;1;NaN;NaN]},{'M',[-5;16;-112;252],5,[1;1;1;1],0,[NaN;4;NaN;NaN],[-1;-1;-7;63],2,[NaN;NaN;4;2],[-5;-15;-27;-47],4,[0;NaN;NaN;NaN]},{'A',[-69;-46;-111;-124],6,[-64;-30;1;128],5,0,[-5;-16;-112;-252],5,0},{'M',[-10;-15;-27;-47],5,[-5;-15;-27;-47],4,[1;0;0;0]},{'O',[10;15;27;47],5,[10;15;27;47],5,0},{'M',[-69;-92;-111;-124],7,[-69;-46;-111;-124],6,[0;1;0;0]},{'O',[69;92;111;124],7,[69;92;111;124],7,0}}
Adder graph: {{'M',[1;1;2;16],1,[1;1;1;1],0,[0;0;1;4]},{'M',[8;8;1;1],1,[1;1;1;1],0,[3;3;0;0]},{'A',[-4;12;7;63],2,[1;1;2;16],1,2,[-8;8;-1;-1],1,0},{'M',[-4;1;1;16],3,[1;1;1;1],0,[NaN;0;0;4],[-4;12;7;63],2,[0;NaN;NaN;NaN]},{'M',[1;16;28;63],3,[1;1;1;1],0,[0;4;NaN;NaN],[-4;12;7;63],2,[NaN;NaN;2;0]},{'A',[-5;-15;-27;-47],4,[-4;1;1;16],3,0,[-1;-16;-28;-63],3,0},{'M',[-64;-60;1;128],5,[1;1;1;1],0,[NaN;NaN;0;7],[-4;12;7;63],2,[4;NaN;NaN;NaN],[-5;-15;-27;-47],4,[NaN;2;NaN;NaN]},{'M',[-5;32;112;252],5,[1;1;1;1],0,[NaN;5;NaN;NaN],[-4;12;7;63],2,[NaN;NaN;4;2],[-5;-15;-27;-47],4,[0;NaN;NaN;NaN]},{'A',[-69;-92;-111;-124],6,[-64;-60;1;128],5,0,[-5;-32;-112;-252],5,0},{'M',[-10;-15;-27;-47],5,[-5;-15;-27;-47],4,[1;0;0;0]},{'O',[10;15;27;47],5,[10;15;27;47],5,0},{'O',[69;92;111;124],6,[69;92;111;124],6,0}}
Adder graph: {{'M',[1;16;1;16],1,[1;1;1;1],0,[0;4;0;4]},{'M',[32;16;1;1],1,[1;1;1;1],0,[5;4;0;0]},{'A',[34;16;3;31],2,[1;16;1;16],1,1,[32;-16;1;-1],1,0},{'M',[8;16;3;31],3,[1;1;1;1],0,[3;4;NaN;NaN],[34;16;3;31],2,[NaN;NaN;0;0]},{'M',[2;1;24;16],3,[1;1;1;1],0,[1;0;NaN;4],[34;16;3;31],2,[NaN;NaN;3;NaN]},{'A',[10;15;27;47],4,[8;16;3;31],3,0,[2;-1;24;16],3,0},{'M',[68;32;3;62],3,[34;16;3;31],2,[1;1;0;1]},{'M',[1;60;108;188],5,[1;1;1;1],0,[0;NaN;NaN;NaN],[10;15;27;47],4,[NaN;2;2;2]},{'A',[69;92;111;-126],6,[68;32;3;62],3,0,[1;60;108;-188],5,0},{'O',[10;15;27;47],4,[10;15;27;47],4,0},{'M',[69;92;111;124],7,[34;16;3;31],2,[NaN;NaN;NaN;2],[69;92;111;-126],6,[0;0;0;NaN]},{'O',[69;92;111;124],7,[69;92;111;124],7,0}}
Adder graph: {{'M',[32;32;1;32],1,[1;1;1;1],0,[5;5;0;5]},{'M',[2;2;2;1],1,[1;1;1;1],0,[1;1;1;0]},{'A',[34;30;3;31],2,[32;32;1;32],1,0,[2;-2;2;-1],1,0},{'M',[1;4;6;4],3,[1;1;1;1],0,[0;2;NaN;2],[34;30;3;31],2,[NaN;NaN;1;NaN]},{'M',[1;1;3;31],3,[1;1;1;1],0,[0;0;NaN;NaN],[34;30;3;31],2,[NaN;NaN;0;0]},{'A',[5;15;27;47],4,[1;4;6;4],3,2,[1;-1;3;31],3,0},{'M',[34;30;54;31],5,[34;30;3;31],2,[0;0;NaN;0],[5;15;27;47],4,[NaN;NaN;1;NaN]},{'M',[1;32;3;31],3,[1;1;1;1],0,[0;5;NaN;NaN],[34;30;3;31],2,[NaN;NaN;0;0]},{'A',[69;92;111;31],6,[34;30;54;31],5,1,[1;32;3;-31],3,0},{'M',[10;15;27;47],5,[5;15;27;47],4,[1;0;0;0]},{'O',[10;15;27;47],5,[10;15;27;47],5,0},{'M',[69;92;111;124],7,[34;30;3;31],2,[NaN;NaN;NaN;2],[69;92;111;31],6,[0;0;0;NaN]},{'O',[69;92;111;124],7,[69;92;111;124],7,0}}
Adder graph: {{'M',[4;1;1;4],1,[1;1;1;1],0,[2;0;0;2]},{'A',[4;7;7;12],2,[1;1;1;1],0,3,[-4;-1;-1;4],1,0},{'M',[4;7;28;48],3,[4;7;7;12],2,[0;0;2;2]},{'M',[1;8;1;1],1,[1;1;1;1],0,[0;3;0;0]},{'A',[5;15;27;47],4,[4;7;28;48],3,0,[1;8;-1;-1],1,0},{'M',[5;7;112;47],5,[4;7;7;12],2,[NaN;0;4;NaN],[5;15;27;47],4,[0;NaN;NaN;0]},{'M',[64;16;1;16],1,[1;1;1;1],0,[6;4;0;4]},{'A',[69;23;111;31],6,[5;7;112;47],5,0,[64;16;-1;-16],1,0},{'M',[10;15;27;47],5,[5;15;27;47],4,[1;0;0;0]},{'O',[10;15;27;47],5,[10;15;27;47],5,0},{'M',[69;92;111;124],7,[69;23;111;31],6,[0;2;0;2]},{'O',[69;92;111;124],7,[69;92;111;124],7,0}}
Adder graph: {{'M',[2;2;1;4],1,[1;1;1;1],0,[1;1;0;2]},{'A',[10;6;7;12],2,[1;1;1;1],0,3,[2;-2;-1;4],1,0},{'M',[4;4;7;12],3,[1;1;1;1],0,[2;2;NaN;NaN],[10;6;7;12],2,[NaN;NaN;0;0]},{'A',[17;15;27;47],4,[4;4;7;12],3,2,[1;-1;-1;-1],0,0},{'M',[17;24;28;32],5,[1;1;1;1],0,[NaN;NaN;NaN;5],[10;6;7;12],2,[NaN;2;2;NaN],[17;15;27;47],4,[0;NaN;NaN;NaN]},{'M',[1;4;1;4],1,[1;1;1;1],0,[0;2;0;2]},{'A',[69;92;111;124],6,[17;24;28;32],5,2,[1;-4;-1;-4],1,0},{'M',[10;15;27;47],5,[10;6;7;12],2,[0;NaN;NaN;NaN],[17;15;27;47],4,[NaN;0;0;0]},{'O',[10;15;27;47],5,[10;15;27;47],5,0},{'O',[69;92;111;124],6,[69;92;111;124],6,0}}
Adder graph: {{'M',[1;8;1;8],1,[1;1;1;1],0,[0;3;0;3]},{'A',[5;31;3;31],2,[1;8;1;8],1,2,[1;-1;-1;-1],0,0},{'M',[32;31;3;31],3,[1;1;1;1],0,[5;NaN;NaN;NaN],[5;31;3;31],2,[NaN;0;0;0]},{'M',[2;2;3;2],3,[1;1;1;1],0,[1;1;NaN;1],[5;31;3;31],2,[NaN;NaN;0;NaN]},{'A',[16;15;27;47],4,[32;31;3;31],3,0,[-2;-2;3;2],3,3},{'M',[5;32;3;64],3,[1;1;1;1],0,[NaN;5;NaN;6],[5;31;3;31],2,[0;NaN;0;NaN]},{'A',[69;92;111;124],5,[16;15;27;47],4,2,[5;32;3;-64],3,0},{'M',[10;15;27;47],5,[5;31;3;31],2,[1;NaN;NaN;NaN],[16;15;27;47],4,[NaN;0;0;0]},{'O',[10;15;27;47],5,[10;15;27;47],5,0},{'O',[69;92;111;124],5,[69;92;111;124],5,0}}
Finished solving after 4.032 seconds
Adder graph: {{'M',[1;8;1;8],1,[1;1;1;1],0,[0;3;0;3]},{'A',[5;31;3;31],2,[1;8;1;8],1,2,[1;-1;-1;-1],0,0},{'M',[32;31;3;31],3,[1;1;1;1],0,[5;NaN;NaN;NaN],[5;31;3;31],2,[NaN;0;0;0]},{'M',[2;2;3;2],3,[1;1;1;1],0,[1;1;NaN;1],[5;31;3;31],2,[NaN;NaN;0;NaN]},{'A',[16;15;27;47],4,[32;31;3;31],3,0,[-2;-2;3;2],3,3},{'M',[5;32;3;64],3,[1;1;1;1],0,[NaN;5;NaN;6],[5;31;3;31],2,[0;NaN;0;NaN]},{'A',[69;92;111;124],5,[16;15;27;47],4,2,[5;32;3;-64],3,0},{'M',[10;15;27;47],5,[5;31;3;31],2,[1;NaN;NaN;NaN],[16;15;27;47],4,[NaN;0;0;0]},{'O',[10;15;27;47],5,[10;15;27;47],5,0},{'O',[69;92;111;124],5,[69;92;111;124],5,0}}
# Add optimal = 1
# Mux optimal = 1
# FAs optimal = 0
