Adder graph: {{'A',[3;3;1],1,[1;1;1],0,1,[1;1;-1],0,0},{'M',[4;2;1],1,[1;1;1],0,[2;1;0]},{'A',[1027;509;257],2,[4;2;1],1,8,[3;-3;1],1,0},{'A',[9;7;9],1,[1;1;1],0,3,[1;-1;1],0,0},{'M',[9;6;9],2,[3;3;1],1,[NaN;1;NaN],[9;7;9],1,[0;NaN;0]},{'A',[955;461;329],3,[1027;509;257],2,0,[-9;-6;9],2,3},{'M',[1;1;4],1,[1;1;1],0,[0;0;2]},{'A',[572;452;592],2,[9;7;9],1,6,[-1;1;4],1,2},{'M',[1027;1018;1184],3,[1027;509;257],2,[0;1;NaN],[572;452;592],2,[NaN;NaN;1]},{'M',[572;452;1028],3,[1027;509;257],2,[NaN;NaN;2],[572;452;592],2,[0;0;NaN]},{'A',[455;566;156],4,[1027;1018;1184],3,0,[-572;-452;-1028],3,0},{'M',[256;1;16],1,[1;1;1],0,[8;0;4]},{'M',[64;1;1],1,[1;1;1],0,[6;0;0]},{'A',[960;5;65],2,[256;1;16],1,2,[-64;1;1],1,0},{'M',[72;3;18],2,[3;3;1],1,[NaN;0;NaN],[9;7;9],1,[3;NaN;1]},{'M',[6;7;9],2,[3;3;1],1,[1;NaN;NaN],[9;7;9],1,[NaN;0;0]},{'A',[282;5;63],3,[72;3;18],2,2,[-6;-7;-9],2,0},{'M',[1;2;2],1,[1;1;1],0,[0;1;1]},{'A',[-5;19;17],2,[3;3;1],1,0,[-1;2;2],1,3},{'M',[3;6;9],2,[3;3;1],1,[0;1;NaN],[9;7;9],1,[NaN;NaN;0]},{'A',[91;211;305],3,[3;6;9],2,5,[-5;19;17],2,0},{'M',[3;96;144],2,[3;3;1],1,[0;5;NaN],[9;7;9],1,[NaN;NaN;4]},{'A',[963;101;209],3,[960;5;65],2,0,[3;96;144],2,0},{'M',[963;20;252],4,[282;5;63],3,[NaN;2;2],[963;101;209],3,[0;NaN;NaN]},{'O',[963;20;252],4,[963;20;252],4,0},{'M',[955;808;209],4,[955;461;329],3,[0;NaN;NaN],[963;101;209],3,[NaN;3;0]},{'O',[955;808;209],4,[955;808;209],4,0},{'M',[564;211;610],4,[282;5;63],3,[1;NaN;NaN],[91;211;305],3,[NaN;0;1]},{'O',[564;211;610],4,[564;211;610],4,0},{'M',[91;922;658],4,[955;461;329],3,[NaN;1;1],[91;211;305],3,[0;NaN;NaN]},{'O',[91;922;658],4,[91;922;658],4,0},{'O',[455;566;156],4,[455;566;156],4,0}}
Adder graph: {{'A',[60;68;60],1,[1;1;1],0,6,[-1;1;-1],0,2},{'M',[2;256;1],1,[1;1;1],0,[1;8;0]},{'A',[242;528;-239],2,[2;256;1],1,0,[60;68;-60],1,2},{'A',[65;-63;-63],1,[1;1;1],0,0,[1;-1;-1],0,6},{'M',[1;16;8],1,[1;1;1],0,[0;4;3]},{'R',[1;1;1],1,[1;1;1],0},{'A',[3;31;15],2,[1;16;8],1,1,[1;-1;-1],1,0},{'M',[260;68;-126],2,[60;68;60],1,[NaN;0;NaN],[65;-63;-63],1,[2;NaN;1]},{'M',[65;-126;-504],2,[65;-63;-63],1,[0;1;3]},{'A',[455;10;252],3,[260;68;-126],2,1,[-65;-126;504],2,0},{'M',[1;2;8],1,[1;1;1],0,[0;1;3]},{'A',[67;-67;-47],2,[65;-63;-63],1,0,[1;-2;8],1,1},{'M',[1;1;64],1,[1;1;1],0,[0;0;6]},{'A',[-119;137;184],2,[1;1;64],1,0,[-60;68;60],1,1},{'M',[960;-252;-63],2,[60;68;60],1,[4;NaN;NaN],[65;-63;-63],1,[NaN;2;0]},{'A',[963;283;78],3,[3;31;15],2,0,[960;252;63],2,0},{'M',[-952;248;-239],3,[242;528;-239],2,[NaN;NaN;0],[3;31;15],2,[NaN;3;NaN],[-119;137;184],2,[3;NaN;NaN]},{'M',[3;1056;30],3,[242;528;-239],2,[NaN;1;NaN],[3;31;15],2,[0;NaN;1]},{'A',[-955;-808;-209],4,[-952;248;-239],3,0,[-3;-1056;30],3,0},{'M',[67;-134;-94],3,[67;-67;-47],2,[0;1;1]},{'M',[12;528;-376],3,[242;528;-239],2,[NaN;0;NaN],[3;31;15],2,[2;NaN;NaN],[67;-67;-47],2,[NaN;NaN;3]},{'A',[91;922;658],4,[67;-134;-94],3,0,[12;528;376],3,1},{'M',[520;-63;-63],2,[65;-63;-63],1,[3;0;0]},{'A',[282;211;305],3,[520;-63;-63],2,0,[-119;137;184],2,1},{'M',[963;20;252],4,[455;10;252],3,[NaN;1;0],[963;283;78],3,[0;NaN;NaN]},{'O',[963;20;252],4,[963;20;252],4,0},{'O',[955;808;209],4,[955;808;209],4,0},{'M',[564;211;610],4,[282;211;305],3,[1;0;1]},{'O',[564;211;610],4,[564;211;610],4,0},{'O',[91;922;658],4,[91;922;658],4,0},{'M',[455;566;156],4,[455;10;252],3,[0;NaN;NaN],[963;283;78],3,[NaN;1;1]},{'O',[455;566;156],4,[455;566;156],4,0}}
Adder graph: {{'A',[120;136;120],1,[1;1;1],0,7,[-1;1;-1],0,3},{'M',[2;1;32],1,[1;1;1],0,[1;0;5]},{'A',[-476;546;-416],2,[2;1;32],1,1,[-120;136;-120],1,2},{'M',[8;64;1],1,[1;1;1],0,[3;6;0]},{'M',[256;1;256],1,[1;1;1],0,[8;0;8]},{'A',[1040;124;1026],2,[8;64;1],1,1,[256;-1;256],1,2},{'R',[1;1;1],1,[1;1;1],0},{'M',[1;256;16],1,[1;1;1],0,[0;8;4]},{'A',[3;-252;-12],2,[1;1;1],1,2,[-1;-256;-16],1,0},{'M',[32;2;1],1,[1;1;1],0,[5;1;0]},{'A',[-88;-134;121],2,[32;2;1],1,0,[-120;-136;120],1,0},{'M',[2;16;1],1,[1;1;1],0,[1;4;0]},{'M',[8;16;1],1,[1;1;1],0,[3;4;0]},{'A',[-254;528;33],2,[2;16;1],1,0,[-8;16;1],1,5},{'M',[480;136;120],2,[120;136;120],1,[2;0;0]},{'A',[963;20;252],3,[480;136;120],2,1,[3;-252;12],2,0},{'M',[-952;248;33],3,[-476;546;-416],2,[1;NaN;NaN],[1040;124;1026],2,[NaN;1;NaN],[-254;528;33],2,[NaN;NaN;0]},{'M',[3;1056;242],3,[3;-252;-12],2,[0;NaN;NaN],[-88;-134;121],2,[NaN;NaN;1],[-254;528;33],2,[NaN;1;NaN]},{'A',[-955;-808;-209],4,[-952;248;33],3,0,[-3;-1056;-242],3,0},{'M',[3;-134;242],3,[3;-252;-12],2,[0;NaN;NaN],[-88;-134;121],2,[NaN;0;1]},{'M',[-88;1056;-416],3,[-476;546;-416],2,[NaN;NaN;0],[-88;-134;121],2,[0;NaN;NaN],[-254;528;33],2,[NaN;1;NaN]},{'A',[91;922;658],4,[3;-134;242],3,0,[88;1056;416],3,0},{'A',[282;211;305],3,[-476;546;-416],2,-1,[1040;-124;1026],2,-1},{'M',[-508;546;-96],3,[-476;546;-416],2,[NaN;0;NaN],[3;-252;-12],2,[NaN;NaN;3],[-254;528;33],2,[1;NaN;NaN]},{'A',[455;566;156],4,[-508;546;-96],3,0,[963;20;252],3,0},{'R',[963;20;252],4,[963;20;252],3},{'O',[963;20;252],4,[963;20;252],4,0},{'O',[955;808;209],4,[955;808;209],4,0},{'M',[564;211;610],4,[282;211;305],3,[1;0;1]},{'O',[564;211;610],4,[564;211;610],4,0},{'O',[91;922;658],4,[91;922;658],4,0},{'O',[455;566;156],4,[455;566;156],4,0}}
Adder graph: {{'A',[10;10;10],1,[1;1;1],0,1,[1;1;1],0,3},{'M',[1;1;64],1,[1;1;1],0,[0;0;6]},{'A',[19;19;84],2,[10;10;10],1,1,[-1;-1;64],1,0},{'M',[4;4;1],1,[1;1;1],0,[2;2;0]},{'M',[1;32;32],1,[1;1;1],0,[0;5;5]},{'A',[65;96;-16],2,[4;4;1],1,4,[1;32;-32],1,0},{'M',[1;16;1],1,[1;1;1],0,[0;4;0]},{'M',[4;32;1],1,[1;1;1],0,[2;5;0]},{'A',[36;480;31],2,[1;16;1],1,5,[4;-32;-1],1,0},{'M',[64;64;1],1,[1;1;1],0,[6;6;0]},{'M',[2;16;1],1,[1;1;1],0,[1;4;0]},{'A',[514;528;7],2,[64;64;1],1,3,[2;16;-1],1,0},{'M',[10;20;20],2,[10;10;10],1,[0;1;1]},{'A',[-1020;1576;-216],3,[10;20;20],2,1,[-65;96;-16],2,4},{'M',[1028;96;124],3,[65;96;-16],2,[NaN;0;NaN],[36;480;31],2,[NaN;NaN;2],[514;528;7],2,[1;NaN;NaN]},{'M',[65;76;-128],3,[19;19;84],2,[NaN;2;NaN],[65;96;-16],2,[0;NaN;3]},{'A',[963;20;252],4,[1028;96;124],3,0,[-65;-76;128],3,0},{'M',[65;768;7],3,[65;96;-16],2,[0;3;NaN],[514;528;7],2,[NaN;NaN;0]},{'A',[-955;-808;-209],4,[65;768;7],3,0,[-1020;-1576;-216],3,0},{'M',[304;19;672],3,[19;19;84],2,[4;0;3]},{'M',[130;96;31],3,[65;96;-16],2,[1;0;NaN],[36;480;31],2,[NaN;NaN;0]},{'A',[564;211;610],4,[304;19;672],3,0,[130;96;-31],3,1},{'M',[520;528;124],3,[65;96;-16],2,[3;NaN;NaN],[36;480;31],2,[NaN;NaN;2],[514;528;7],2,[NaN;0;NaN]},{'M',[65;38;-32],3,[19;19;84],2,[NaN;1;NaN],[65;96;-16],2,[0;NaN;1]},{'A',[455;566;156],4,[520;528;124],3,0,[-65;38;32],3,0},{'M',[36;480;336],3,[19;19;84],2,[NaN;NaN;2],[36;480;31],2,[0;0;NaN]},{'M',[19;38;14],3,[19;19;84],2,[0;1;NaN],[514;528;7],2,[NaN;NaN;1]},{'A',[91;922;658],4,[36;480;336],3,1,[19;-38;-14],3,0},{'O',[963;20;252],4,[963;20;252],4,0},{'O',[955;808;209],4,[955;808;209],4,0},{'O',[564;211;610],4,[564;211;610],4,0},{'O',[91;922;658],4,[91;922;658],4,0},{'O',[455;566;156],4,[455;566;156],4,0}}
Adder graph: {{'A',[3;5;5],1,[1;1;1],0,2,[-1;1;1],0,0},{'A',[8;8;24],1,[1;1;1],0,4,[-1;-1;1],0,3},{'A',[9;-7;9],1,[1;1;1],0,0,[1;-1;1],0,3},{'M',[256;2;1],1,[1;1;1],0,[8;1;0]},{'A',[1027;13;9],2,[3;5;5],1,0,[256;2;1],1,2},{'M',[1;256;1],1,[1;1;1],0,[0;8;0]},{'A',[19;242;-17],2,[1;256;1],1,0,[9;-7;-9],1,1},{'M',[4;2;1],1,[1;1;1],0,[2;1;0]},{'A',[-503;-263;137],2,[9;-7;9],1,0,[-4;-2;1],1,7},{'M',[9;5;36],2,[3;5;5],1,[NaN;0;NaN],[9;-7;9],1,[0;NaN;2]},{'A',[91;202;-305],3,[19;242;-17],2,0,[9;-5;-36],2,3},{'M',[3;20;144],2,[3;5;5],1,[0;2;NaN],[9;-7;9],1,[NaN;NaN;4]},{'M',[72;5;9],2,[3;5;5],1,[NaN;0;NaN],[9;-7;9],1,[3;NaN;0]},{'A',[-141;10;126],3,[3;20;144],2,0,[-72;-5;-9],2,1},{'M',[12;5;18],2,[3;5;5],1,[2;0;NaN],[9;-7;9],1,[NaN;NaN;1]},{'A',[-455;-283;209],3,[-503;-263;137],2,0,[12;-5;18],2,2},{'M',[36;-112;24],2,[8;8;24],1,[NaN;NaN;0],[9;-7;9],1,[2;4;NaN]},{'A',[955;-211;-39],3,[1027;13;9],2,0,[-36;-112;-24],2,1},{'M',[8;-56;40],2,[3;5;5],1,[NaN;NaN;3],[8;8;24],1,[0;NaN;NaN],[9;-7;9],1,[NaN;3;NaN]},{'A',[963;461;329],3,[1027;13;9],2,0,[-8;56;40],2,3},{'M',[963;20;252],4,[-141;10;126],3,[NaN;1;1],[963;461;329],3,[0;NaN;NaN]},{'O',[963;20;252],4,[963;20;252],4,0},{'M',[955;808;209],4,[91;202;-305],3,[NaN;2;NaN],[-455;-283;209],3,[NaN;NaN;0],[955;-211;-39],3,[0;NaN;NaN]},{'O',[955;808;209],4,[955;808;209],4,0},{'M',[-564;-211;-610],4,[91;202;-305],3,[NaN;NaN;1],[-141;10;126],3,[2;NaN;NaN],[955;-211;-39],3,[NaN;0;NaN]},{'O',[564;211;610],4,[564;211;610],4,0},{'M',[91;922;658],4,[91;202;-305],3,[0;NaN;NaN],[963;461;329],3,[NaN;1;1]},{'O',[91;922;658],4,[91;922;658],4,0},{'M',[-455;-566;-156],4,[-455;-283;209],3,[0;1;NaN],[955;-211;-39],3,[NaN;NaN;2]},{'O',[455;566;156],4,[455;566;156],4,0}}
Adder graph: {{'A',[3;5;5],1,[1;1;1],0,2,[-1;1;1],0,0},{'A',[3;3;1],1,[1;1;1],0,1,[1;1;-1],0,0},{'M',[1;8;4],1,[1;1;1],0,[0;3;2]},{'A',[5;19;9],2,[3;3;1],1,0,[1;8;4],1,1},{'M',[8;32;1],1,[1;1;1],0,[3;5;0]},{'M',[1;1;2],1,[1;1;1],0,[0;0;1]},{'A',[7;33;3],2,[8;32;1],1,0,[-1;1;2],1,0},{'M',[28;33;12],3,[7;33;3],2,[2;0;2]},{'M',[7;38;36],3,[5;19;9],2,[NaN;1;2],[7;33;3],2,[0;NaN;NaN]},{'A',[455;566;156],4,[28;33;12],3,4,[7;38;-36],3,0},{'M',[3;6;10],2,[3;5;5],1,[NaN;NaN;1],[3;3;1],1,[0;1;NaN]},{'A',[91;211;329],3,[3;6;10],2,5,[-5;19;9],2,0},{'M',[32;32;1],1,[1;1;1],0,[5;5;0]},{'M',[16;1;1],1,[1;1;1],0,[4;0;0]},{'A',[-480;0;-31],2,[32;32;1],1,0,[-16;-1;-1],1,5},{'M',[1;2;8],1,[1;1;1],0,[0;1;3]},{'A',[29;67;257],2,[1;2;8],1,5,[-3;3;1],1,0},{'M',[3;20;1],2,[3;5;5],1,[NaN;2;NaN],[3;3;1],1,[0;NaN;0]},{'A',[-963;-20;-63],3,[-480;0;-31],2,1,[-3;-20;-1],2,0},{'A',[141;461;305],3,[7;33;3],2,4,[29;-67;257],2,0},{'M',[-480;132;24],3,[7;33;3],2,[NaN;2;3],[-480;0;-31],2,[0;NaN;NaN]},{'M',[5;1072;257],3,[5;19;9],2,[0;NaN;NaN],[29;67;257],2,[NaN;4;0]},{'A',[-955;-808;-209],4,[-480;132;24],3,1,[5;-1072;-257],3,0},{'M',[-963;-20;-252],4,[-963;-20;-63],3,[0;0;2]},{'O',[963;20;252],4,[963;20;252],4,0},{'O',[955;808;209],4,[955;808;209],4,0},{'M',[564;211;610],4,[91;211;329],3,[NaN;0;NaN],[141;461;305],3,[2;NaN;1]},{'O',[564;211;610],4,[564;211;610],4,0},{'M',[91;922;658],4,[91;211;329],3,[0;NaN;1],[141;461;305],3,[NaN;1;NaN]},{'O',[91;922;658],4,[91;922;658],4,0},{'O',[455;566;156],4,[455;566;156],4,0}}
Adder graph: {{'A',[5;3;5],1,[1;1;1],0,2,[1;-1;1],0,0},{'M',[8;1;1],1,[1;1;1],0,[3;0;0]},{'A',[37;-1;9],2,[5;3;5],1,0,[8;-1;1],1,2},{'M',[4;4;1],1,[1;1;1],0,[2;2;0]},{'A',[21;-13;1],2,[5;3;5],1,0,[4;-4;-1],1,2},{'M',[5;6;5],2,[5;3;5],1,[0;1;0]},{'M',[10;3;10],2,[5;3;5],1,[1;0;1]},{'A',[-155;54;165],3,[5;6;5],2,0,[-10;3;10],2,4},{'M',[32;1;8],1,[1;1;1],0,[5;0;3]},{'A',[246;14;74],2,[32;1;8],1,3,[-5;3;5],1,1},{'M',[1184;14;2],3,[37;-1;9],2,[5;NaN;NaN],[21;-13;1],2,[NaN;NaN;1],[246;14;74],2,[NaN;0;NaN]},{'A',[564;202;658],4,[-155;54;165],3,2,[1184;-14;-2],3,0},{'A',[283;13;65],3,[246;14;74],2,0,[37;-1;-9],2,0},{'M',[42;28;9],3,[37;-1;9],2,[NaN;NaN;0],[21;-13;1],2,[1;NaN;NaN],[246;14;74],2,[NaN;1;NaN]},{'A',[955;461;209],4,[42;28;9],3,4,[283;13;65],3,0},{'M',[246;-512;9],3,[37;-1;9],2,[NaN;9;0],[246;14;74],2,[0;NaN;NaN]},{'A',[91;566;156],4,[-155;54;165],3,0,[246;512;-9],3,0},{'M',[246;-2;18],3,[37;-1;9],2,[NaN;1;1],[246;14;74],2,[0;NaN;NaN]},{'M',[21;-13;9],3,[37;-1;9],2,[NaN;NaN;0],[21;-13;1],2,[0;0;NaN]},{'A',[963;5;63],4,[246;-2;18],3,2,[-21;13;-9],3,0},{'M',[492;-13;18],3,[37;-1;9],2,[NaN;NaN;1],[21;-13;1],2,[NaN;0;NaN],[246;14;74],2,[1;NaN;NaN]},{'M',[37;224;592],3,[37;-1;9],2,[0;NaN;NaN],[246;14;74],2,[NaN;4;3]},{'A',[455;211;610],4,[492;-13;18],3,0,[-37;224;592],3,0},{'M',[963;20;252],5,[963;5;63],4,[0;2;2]},{'O',[963;20;252],5,[963;20;252],5,0},{'M',[955;808;209],5,[564;202;658],4,[NaN;2;NaN],[955;461;209],4,[0;NaN;0]},{'O',[955;808;209],5,[955;808;209],5,0},{'M',[564;211;610],5,[564;202;658],4,[0;NaN;NaN],[455;211;610],4,[NaN;0;0]},{'O',[564;211;610],5,[564;211;610],5,0},{'M',[91;922;658],5,[564;202;658],4,[NaN;NaN;0],[955;461;209],4,[NaN;1;NaN],[91;566;156],4,[0;NaN;NaN]},{'O',[91;922;658],5,[91;922;658],5,0},{'M',[455;566;156],5,[91;566;156],4,[NaN;0;0],[455;211;610],4,[0;NaN;NaN]},{'O',[455;566;156],5,[455;566;156],5,0}}
Adder graph: {{'A',[-7;9;9],1,[1;1;1],0,0,[-1;1;1],0,3},{'M',[1;1;2],1,[1;1;1],0,[0;0;1]},{'A',[-29;35;38],2,[-7;9;9],1,2,[-1;-1;2],1,0},{'M',[2;2;1],1,[1;1;1],0,[1;1;0]},{'A',[-7;9;-2],2,[1;1;2],1,0,[-2;2;-1],1,2},{'M',[16;1;1],1,[1;1;1],0,[4;0;0]},{'A',[1017;-55;73],2,[-7;9;9],1,0,[16;-1;1],1,6},{'M',[1;2;2],1,[1;1;1],0,[0;1;1]},{'M',[1;2;1],1,[1;1;1],0,[0;1;0]},{'A',[-62;-124;68],2,[1;2;2],1,1,[-1;-2;1],1,6},{'M',[-62;70;-512],3,[-29;35;38],2,[NaN;1;NaN],[-7;9;-2],2,[NaN;NaN;8],[-62;-124;68],2,[0;NaN;NaN]},{'M',[-29;-992;146],3,[-29;35;38],2,[0;NaN;NaN],[1017;-55;73],2,[NaN;NaN;1],[-62;-124;68],2,[NaN;3;NaN]},{'A',[-91;-922;-658],4,[-62;70;-512],3,0,[-29;-992;-146],3,0},{'R',[-91;-922;-658],5,[-91;-922;-658],4},{'M',[-29;144;-4],3,[-29;35;38],2,[0;NaN;NaN],[-7;9;-2],2,[NaN;4;1]},{'M',[-992;-124;-256],3,[-7;9;-2],2,[NaN;NaN;7],[-62;-124;68],2,[4;0;NaN]},{'A',[963;20;252],4,[-29;144;-4],3,0,[992;-124;256],3,0},{'M',[-224;-248;68],3,[-7;9;-2],2,[5;NaN;NaN],[-62;-124;68],2,[NaN;1;0]},{'M',[-7;70;292],3,[-29;35;38],2,[NaN;1;NaN],[-7;9;-2],2,[0;NaN;NaN],[1017;-55;73],2,[NaN;NaN;2]},{'A',[-455;-566;-156],4,[-224;-248;68],3,1,[-7;-70;-292],3,0},{'M',[1017;560;73],3,[-29;35;38],2,[NaN;4;NaN],[1017;-55;73],2,[0;NaN;0]},{'M',[-62;-248;136],3,[-62;-124;68],2,[0;1;1]},{'A',[955;808;209],4,[1017;560;73],3,0,[-62;248;136],3,0},{'M',[-448;9;-2],3,[-7;9;-2],2,[6;0;0]},{'M',[-29;-55;152],3,[-29;35;38],2,[0;NaN;2],[1017;-55;73],2,[NaN;0;NaN]},{'A',[-564;-211;-610],4,[-448;9;-2],3,0,[-29;-55;-152],3,2},{'O',[963;20;252],4,[963;20;252],4,0},{'O',[955;808;209],4,[955;808;209],4,0},{'O',[564;211;610],4,[564;211;610],4,0},{'O',[91;922;658],4,[91;922;658],4,0},{'O',[455;566;156],4,[455;566;156],4,0}}
Adder graph: {{'A',[-31;33;33],1,[1;1;1],0,0,[-1;1;1],0,5},{'M',[1;1;128],1,[1;1;1],0,[0;0;7]},{'M',[16;1;8],1,[1;1;1],0,[4;0;3]},{'A',[34;4;272],2,[1;1;128],1,1,[16;1;8],1,1},{'M',[64;1;1],1,[1;1;1],0,[6;0;0]},{'M',[1;16;16],1,[1;1;1],0,[0;4;4]},{'A',[1016;144;144],2,[64;1;1],1,4,[-1;16;16],1,3},{'M',[32;1;1],1,[1;1;1],0,[5;0;0]},{'M',[1;1;2],1,[1;1;1],0,[0;0;1]},{'A',[129;5;6],2,[32;1;1],1,2,[1;1;2],1,0},{'R',[1;1;1],1,[1;1;1],0},{'A',[-61;67;-65],2,[1;1;1],1,0,[-31;33;-33],1,1},{'M',[-248;1;33],2,[-31;33;33],1,[3;NaN;0],[1;1;1],1,[NaN;0;NaN]},{'A',[282;5;305],3,[34;4;272],2,0,[248;1;33],2,0},{'M',[-31;33;256],2,[-31;33;33],1,[0;0;NaN],[1;1;1],1,[NaN;NaN;8]},{'A',[-91;101;126],3,[-61;67;-65],2,1,[31;-33;256],2,0},{'M',[-61;576;144],3,[1016;144;144],2,[NaN;2;0],[-61;67;-65],2,[0;NaN;NaN]},{'M',[258;5;6],3,[129;5;6],2,[1;0;0]},{'A',[455;566;156],4,[-61;576;144],3,0,[258;-5;6],3,1},{'A',[955;211;209],3,[1016;144;144],2,0,[-61;67;65],2,0},{'M',[128;66;33],2,[-31;33;33],1,[NaN;1;0],[1;1;1],1,[7;NaN;NaN]},{'A',[963;-461;-329],3,[-61;67;-65],2,0,[128;-66;-33],2,3},{'M',[963;20;252],4,[282;5;305],3,[NaN;2;NaN],[-91;101;126],3,[NaN;NaN;1],[963;-461;-329],3,[0;NaN;NaN]},{'O',[963;20;252],4,[963;20;252],4,0},{'M',[955;808;209],4,[-91;101;126],3,[NaN;3;NaN],[955;211;209],3,[0;NaN;0]},{'O',[955;808;209],4,[955;808;209],4,0},{'M',[564;211;610],4,[282;5;305],3,[1;NaN;1],[955;211;209],3,[NaN;0;NaN]},{'O',[564;211;610],4,[564;211;610],4,0},{'M',[-91;-922;-658],4,[-91;101;126],3,[0;NaN;NaN],[963;-461;-329],3,[NaN;1;1]},{'O',[91;922;658],4,[91;922;658],4,0},{'O',[455;566;156],4,[455;566;156],4,0}}
Adder graph: {{'M',[1;1;4],1,[1;1;1],0,[0;0;2]},{'M',[1;2;2],1,[1;1;1],0,[0;1;1]},{'A',[5;6;14],2,[1;1;4],1,2,[1;2;-2],1,0},{'M',[256;256;1],1,[1;1;1],0,[8;8;0]},{'M',[2;1;1],1,[1;1;1],0,[1;0;0]},{'A',[288;240;-15],2,[256;256;1],1,0,[2;-1;-1],1,4},{'R',[1;1;1],1,[1;1;1],0},{'M',[16;1;16],1,[1;1;1],0,[4;0;4]},{'A',[65;5;-63],2,[1;1;1],1,0,[16;1;-16],1,2},{'A',[5;3;5],1,[1;1;1],0,2,[1;-1;1],0,0},{'A',[480;288;160],2,[5;3;5],1,6,[5;3;-5],1,5},{'M',[65;10;-126],3,[65;5;-63],2,[0;1;1]},{'M',[260;288;-15],3,[288;240;-15],2,[NaN;NaN;0],[65;5;-63],2,[2;NaN;NaN],[480;288;160],2,[NaN;0;NaN]},{'A',[-455;-566;-156],4,[65;10;-126],3,0,[-260;-288;-15],3,1},{'M',[1;16;8],1,[1;1;1],0,[0;4;3]},{'A',[-3;29;21],2,[1;16;8],1,1,[-5;-3;5],1,0},{'M',[480;58;42],3,[480;288;160],2,[0;NaN;NaN],[-3;29;21],2,[NaN;1;1]},{'M',[-3;96;168],3,[5;6;14],2,[NaN;4;NaN],[-3;29;21],2,[0;NaN;3]},{'A',[963;20;252],4,[480;58;42],3,1,[3;-96;168],3,0},{'M',[576;240;-30],3,[288;240;-15],2,[1;0;1]},{'M',[-12;29;640],3,[480;288;160],2,[NaN;NaN;2],[-3;29;21],2,[2;0;NaN]},{'A',[564;211;610],4,[576;240;-30],3,0,[-12;-29;640],3,0},{'A',[-91;-922;-658],3,[5;6;14],2,0,[-3;-29;-21],2,5},{'M',[960;576;-15],3,[288;240;-15],2,[NaN;NaN;0],[480;288;160],2,[1;1;NaN]},{'M',[5;232;224],3,[5;6;14],2,[0;NaN;4],[-3;29;21],2,[NaN;3;NaN]},{'A',[955;808;209],4,[960;576;-15],3,0,[-5;232;224],3,0},{'O',[963;20;252],4,[963;20;252],4,0},{'O',[955;808;209],4,[955;808;209],4,0},{'O',[564;211;610],4,[564;211;610],4,0},{'R',[-91;-922;-658],4,[-91;-922;-658],3},{'O',[91;922;658],4,[91;922;658],4,0},{'O',[455;566;156],4,[455;566;156],4,0}}
Adder graph: {{'M',[8;4;1],1,[1;1;1],0,[3;2;0]},{'M',[2;1;2],1,[1;1;1],0,[1;0;1]},{'A',[248;124;40],2,[8;4;1],1,5,[-2;-1;2],1,2},{'A',[9;-7;-7],1,[1;1;1],0,0,[1;-1;-1],0,3},{'A',[33;-31;33],1,[1;1;1],0,0,[1;-1;1],0,5},{'M',[4;4;1],1,[1;1;1],0,[2;2;0]},{'A',[-29;35;34],2,[4;4;1],1,0,[-33;31;33],1,0},{'M',[4;1;8],1,[1;1;1],0,[2;0;3]},{'A',[56;88;312],2,[4;1;8],1,5,[-9;7;7],1,3},{'M',[16;1;1],1,[1;1;1],0,[4;0;0]},{'A',[991;33;97],2,[16;1;1],1,6,[-33;-31;33],1,0},{'M',[9;-248;66],2,[9;-7;-7],1,[0;NaN;NaN],[33;-31;33],1,[NaN;3;1]},{'A',[-455;808;610],3,[-29;35;34],2,4,[9;248;66],2,0},{'A',[963;461;126],3,[248;124;40],2,2,[-29;-35;-34],2,0},{'M',[33;-496;-224],2,[9;-7;-7],1,[NaN;NaN;5],[33;-31;33],1,[0;4;NaN]},{'A',[91;-566;-156],3,[33;-496;-224],2,0,[29;-35;34],2,1},{'M',[9;-7;-28],2,[9;-7;-7],1,[0;0;2]},{'A',[955;5;209],3,[991;33;97],2,0,[-9;-7;28],2,2},{'A',[141;211;658],3,[56;88;312],2,1,[29;35;34],2,0},{'M',[963;20;252],4,[963;461;126],3,[0;NaN;1],[955;5;209],3,[NaN;2;NaN]},{'O',[963;20;252],4,[963;20;252],4,0},{'M',[955;808;209],4,[-455;808;610],3,[NaN;0;NaN],[955;5;209],3,[0;NaN;0]},{'O',[955;808;209],4,[955;808;209],4,0},{'M',[564;211;610],4,[-455;808;610],3,[NaN;NaN;0],[141;211;658],3,[2;0;NaN]},{'O',[564;211;610],4,[564;211;610],4,0},{'M',[91;922;658],4,[963;461;126],3,[NaN;1;NaN],[91;-566;-156],3,[0;NaN;NaN],[141;211;658],3,[NaN;NaN;0]},{'O',[91;922;658],4,[91;922;658],4,0},{'M',[-455;-566;-156],4,[-455;808;610],3,[0;NaN;NaN],[91;-566;-156],3,[NaN;0;0]},{'O',[455;566;156],4,[455;566;156],4,0}}
Adder graph: {{'A',[3;3;1],1,[1;1;1],0,1,[1;1;-1],0,0},{'A',[-14;18;18],1,[1;1;1],0,1,[-1;1;1],0,4},{'M',[1;4;1],1,[1;1;1],0,[0;2;0]},{'M',[1;1;64],1,[1;1;1],0,[0;0;6]},{'A',[1;7;66],2,[1;4;1],1,1,[-1;-1;64],1,0},{'A',[59;-69;73],2,[3;3;1],1,0,[14;-18;18],1,2},{'M',[1;16;1],1,[1;1;1],0,[0;4;0]},{'M',[1;128;128],1,[1;1;1],0,[0;7;7]},{'A',[7;256;136],2,[1;16;1],1,3,[-1;128;128],1,0},{'M',[896;256;136],3,[7;256;136],2,[7;0;0]},{'M',[59;-552;73],3,[59;-69;73],2,[0;3;0]},{'A',[955;808;209],4,[896;256;136],3,0,[59;552;73],3,0},{'M',[4;1;4],1,[1;1;1],0,[2;0;2]},{'A',[67;13;65],2,[4;1;4],1,4,[3;-3;1],1,0},{'M',[536;224;66],3,[1;7;66],2,[NaN;5;0],[67;13;65],2,[3;NaN;NaN]},{'M',[28;13;544],3,[7;256;136],2,[2;NaN;2],[67;13;65],2,[NaN;0;NaN]},{'A',[564;211;610],4,[536;224;66],3,0,[28;-13;544],3,0},{'M',[224;7;146],3,[1;7;66],2,[NaN;0;NaN],[59;-69;73],2,[NaN;NaN;1],[7;256;136],2,[5;NaN;NaN]},{'M',[7;-552;136],3,[59;-69;73],2,[NaN;3;NaN],[7;256;136],2,[0;NaN;0]},{'A',[455;566;156],4,[224;7;146],3,1,[7;552;-136],3,0},{'M',[896;7;544],3,[1;7;66],2,[NaN;0;NaN],[7;256;136],2,[7;NaN;2]},{'M',[67;13;292],3,[59;-69;73],2,[NaN;NaN;2],[67;13;65],2,[0;0;NaN]},{'A',[963;20;252],4,[896;7;544],3,0,[67;13;-292],3,0},{'M',[59;896;528],3,[1;7;66],2,[NaN;7;3],[59;-69;73],2,[0;NaN;NaN]},{'M',[16;13;65],3,[1;7;66],2,[4;NaN;NaN],[67;13;65],2,[NaN;0;0]},{'A',[91;922;658],4,[59;896;528],3,0,[16;13;65],3,1},{'O',[963;20;252],4,[963;20;252],4,0},{'O',[955;808;209],4,[955;808;209],4,0},{'O',[564;211;610],4,[564;211;610],4,0},{'O',[91;922;658],4,[91;922;658],4,0},{'O',[455;566;156],4,[455;566;156],4,0}}
Adder graph: {{'A',[9;9;9],1,[1;1;1],0,0,[1;1;1],0,3},{'M',[1;16;16],1,[1;1;1],0,[0;4;4]},{'M',[1;1;4],1,[1;1;1],0,[0;0;2]},{'A',[3;14;24],2,[1;16;16],1,0,[1;-1;4],1,1},{'M',[1;1;16],1,[1;1;1],0,[0;0;4]},{'A',[5;13;-55],2,[9;9;9],1,0,[-1;1;-16],1,2},{'A',[480;544;544],1,[1;1;1],0,9,[-1;1;1],0,5},{'A',[-135;-135;-135],2,[9;9;9],1,0,[-9;-9;-9],1,4},{'M',[8;1;1],1,[1;1;1],0,[3;0;0]},{'M',[1;1;64],1,[1;1;1],0,[0;0;6]},{'A',[15;3;66],2,[8;1;1],1,1,[-1;1;64],1,0},{'M',[3;28;24],3,[3;14;24],2,[0;1;0]},{'M',[5;26;-110],3,[5;13;-55],2,[0;1;1]},{'A',[91;922;658],4,[3;28;24],3,5,[-5;26;-110],3,0},{'M',[24;3;-270],3,[3;14;24],2,[3;NaN;NaN],[-135;-135;-135],2,[NaN;NaN;1],[15;3;66],2,[NaN;0;NaN]},{'M',[-135;52;-220],3,[5;13;-55],2,[NaN;2;2],[-135;-135;-135],2,[0;NaN;NaN]},{'A',[564;211;610],4,[24;3;-270],3,0,[135;52;220],3,2},{'M',[240;208;66],3,[5;13;-55],2,[NaN;4;NaN],[15;3;66],2,[4;NaN;0]},{'M',[5;24;-55],3,[5;13;-55],2,[0;NaN;0],[15;3;66],2,[NaN;3;NaN]},{'A',[955;808;209],4,[240;208;66],3,2,[-5;-24;-55],3,0},{'M',[3;14;384],3,[3;14;24],2,[0;0;4]},{'M',[480;3;66],3,[15;3;66],2,[5;0;0]},{'A',[963;20;252],4,[3;14;384],3,0,[480;3;-66],3,1},{'M',[-135;-540;-540],3,[-135;-135;-135],2,[0;2;2]},{'M',[160;13;192],3,[3;14;24],2,[NaN;NaN;3],[5;13;-55],2,[5;0;NaN]},{'A',[-455;-566;-156],4,[-135;-540;-540],3,0,[-160;-13;192],3,1},{'O',[963;20;252],4,[963;20;252],4,0},{'O',[955;808;209],4,[955;808;209],4,0},{'O',[564;211;610],4,[564;211;610],4,0},{'O',[91;922;658],4,[91;922;658],4,0},{'O',[455;566;156],4,[455;566;156],4,0}}
Adder graph: {{'A',[-3;-3;-3],1,[1;1;1],0,0,[-1;-1;-1],0,2},{'A',[5;5;5],1,[1;1;1],0,0,[1;1;1],0,2},{'A',[15;15;17],1,[1;1;1],0,4,[-1;-1;1],0,0},{'M',[1;1;2],1,[1;1;1],0,[0;0;1]},{'A',[24;24;168],2,[1;1;2],1,6,[-5;-5;5],1,3},{'M',[64;64;1],1,[1;1;1],0,[6;6;0]},{'A',[226;226;-30],2,[64;64;1],1,2,[-15;-15;-17],1,1},{'A',[7;9;7],1,[1;1;1],0,3,[-1;1;-1],0,0},{'M',[960;5;28],2,[5;5;5],1,[NaN;0;NaN],[15;15;17],1,[6;NaN;NaN],[7;9;7],1,[NaN;NaN;2]},{'M',[-3;288;224],2,[-3;-3;-3],1,[0;NaN;NaN],[7;9;7],1,[NaN;5;5]},{'A',[963;-283;252],3,[960;5;28],2,0,[3;-288;224],2,0},{'M',[56;15;640],2,[5;5;5],1,[NaN;NaN;7],[15;15;17],1,[NaN;0;NaN],[7;9;7],1,[3;NaN;NaN]},{'A',[282;211;610],3,[226;226;-30],2,0,[56;-15;640],2,0},{'M',[-3;9;-96],2,[-3;-3;-3],1,[0;NaN;5],[7;9;7],1,[NaN;0;NaN]},{'A',[-455;461;-156],3,[-3;9;-96],2,0,[-226;226;-30],2,1},{'M',[960;15;17],2,[15;15;17],1,[6;0;0]},{'M',[5;5;-192],2,[-3;-3;-3],1,[NaN;NaN;6],[5;5;5],1,[0;0;NaN]},{'A',[955;20;209],3,[960;15;17],2,0,[-5;5;192],2,0},{'M',[5;5;14],2,[5;5;5],1,[0;0;NaN],[7;9;7],1,[NaN;NaN;1]},{'A',[91;101;658],3,[24;24;168],2,2,[-5;5;-14],2,0},{'M',[963;20;252],4,[963;-283;252],3,[0;NaN;0],[955;20;209],3,[NaN;0;NaN]},{'O',[963;20;252],4,[963;20;252],4,0},{'M',[955;808;209],4,[955;20;209],3,[0;NaN;0],[91;101;658],3,[NaN;3;NaN]},{'O',[955;808;209],4,[955;808;209],4,0},{'M',[564;211;610],4,[282;211;610],3,[1;0;0]},{'O',[564;211;610],4,[564;211;610],4,0},{'M',[91;922;658],4,[-455;461;-156],3,[NaN;1;NaN],[91;101;658],3,[0;NaN;0]},{'O',[91;922;658],4,[91;922;658],4,0},{'M',[-455;-566;-156],4,[963;-283;252],3,[NaN;1;NaN],[-455;461;-156],3,[0;NaN;0]},{'O',[455;566;156],4,[455;566;156],4,0}}
Adder graph: {{'A',[5;5;5],1,[1;1;1],0,0,[1;1;1],0,2},{'A',[7;9;7],1,[1;1;1],0,3,[-1;1;-1],0,0},{'M',[8;1;1],1,[1;1;1],0,[3;0;0]},{'A',[121;7;23],2,[8;1;1],1,4,[-7;-9;7],1,0},{'M',[1;8;8],1,[1;1;1],0,[0;3;3]},{'A',[13;26;22],2,[7;9;7],1,1,[-1;8;8],1,0},{'M',[1;1024;1],1,[1;1;1],0,[0;10;0]},{'A',[161;-864;159],2,[5;5;5],1,5,[1;-1024;-1],1,0},{'M',[40;5;40],2,[5;5;5],1,[3;0;3]},{'M',[20;9;7],2,[5;5;5],1,[2;NaN;NaN],[7;9;7],1,[NaN;0;0]},{'A',[80;-13;26],3,[40;5;40],2,0,[20;-9;-7],2,1},{'M',[161;56;159],3,[121;7;23],2,[NaN;3;NaN],[161;-864;159],2,[0;NaN;0]},{'A',[564;211;610],4,[161;56;159],3,2,[-80;-13;-26],3,0},{'M',[13;112;88],3,[121;7;23],2,[NaN;4;NaN],[13;26;22],2,[0;NaN;2]},{'M',[13;26;46],3,[121;7;23],2,[NaN;NaN;1],[13;26;22],2,[0;0;NaN]},{'A',[91;922;658],4,[13;112;88],3,3,[-13;26;-46],3,0},{'M',[5;36;28],2,[5;5;5],1,[0;NaN;NaN],[7;9;7],1,[NaN;2;2]},{'A',[963;20;156],3,[121;7;23],2,3,[-5;-36;-28],2,0},{'M',[56;72;7],2,[7;9;7],1,[3;3;0]},{'M',[7;10;7],2,[5;5;5],1,[NaN;1;NaN],[7;9;7],1,[0;NaN;0]},{'A',[455;566;63],3,[56;72;7],2,3,[7;-10;7],2,0},{'M',[13;-864;159],3,[13;26;22],2,[0;NaN;NaN],[161;-864;159],2,[NaN;0;0]},{'M',[121;7;46],3,[121;7;23],2,[0;0;1]},{'A',[-955;-808;-209],4,[13;-864;159],3,0,[-121;7;-46],3,3},{'M',[963;20;252],4,[963;20;156],3,[0;0;NaN],[455;566;63],3,[NaN;NaN;2]},{'O',[963;20;252],4,[963;20;252],4,0},{'O',[955;808;209],4,[955;808;209],4,0},{'O',[564;211;610],4,[564;211;610],4,0},{'O',[91;922;658],4,[91;922;658],4,0},{'M',[455;566;156],4,[963;20;156],3,[NaN;NaN;0],[455;566;63],3,[0;0;NaN]},{'O',[455;566;156],4,[455;566;156],4,0}}
Finished solving after 259193 seconds
Adder graph: {{'A',[5;5;5],1,[1;1;1],0,0,[1;1;1],0,2},{'A',[7;9;7],1,[1;1;1],0,3,[-1;1;-1],0,0},{'M',[8;1;1],1,[1;1;1],0,[3;0;0]},{'A',[121;7;23],2,[8;1;1],1,4,[-7;-9;7],1,0},{'M',[1;8;8],1,[1;1;1],0,[0;3;3]},{'A',[13;26;22],2,[7;9;7],1,1,[-1;8;8],1,0},{'M',[1;1024;1],1,[1;1;1],0,[0;10;0]},{'A',[161;-864;159],2,[5;5;5],1,5,[1;-1024;-1],1,0},{'M',[40;5;40],2,[5;5;5],1,[3;0;3]},{'M',[20;9;7],2,[5;5;5],1,[2;NaN;NaN],[7;9;7],1,[NaN;0;0]},{'A',[80;-13;26],3,[40;5;40],2,0,[20;-9;-7],2,1},{'M',[161;56;159],3,[121;7;23],2,[NaN;3;NaN],[161;-864;159],2,[0;NaN;0]},{'A',[564;211;610],4,[161;56;159],3,2,[-80;-13;-26],3,0},{'M',[13;112;88],3,[121;7;23],2,[NaN;4;NaN],[13;26;22],2,[0;NaN;2]},{'M',[13;26;46],3,[121;7;23],2,[NaN;NaN;1],[13;26;22],2,[0;0;NaN]},{'A',[91;922;658],4,[13;112;88],3,3,[-13;26;-46],3,0},{'M',[5;36;28],2,[5;5;5],1,[0;NaN;NaN],[7;9;7],1,[NaN;2;2]},{'A',[963;20;156],3,[121;7;23],2,3,[-5;-36;-28],2,0},{'M',[56;72;7],2,[7;9;7],1,[3;3;0]},{'M',[7;10;7],2,[5;5;5],1,[NaN;1;NaN],[7;9;7],1,[0;NaN;0]},{'A',[455;566;63],3,[56;72;7],2,3,[7;-10;7],2,0},{'M',[13;-864;159],3,[13;26;22],2,[0;NaN;NaN],[161;-864;159],2,[NaN;0;0]},{'M',[121;7;46],3,[121;7;23],2,[0;0;1]},{'A',[-955;-808;-209],4,[13;-864;159],3,0,[-121;7;-46],3,3},{'M',[963;20;252],4,[963;20;156],3,[0;0;NaN],[455;566;63],3,[NaN;NaN;2]},{'O',[963;20;252],4,[963;20;252],4,0},{'O',[955;808;209],4,[955;808;209],4,0},{'O',[564;211;610],4,[564;211;610],4,0},{'O',[91;922;658],4,[91;922;658],4,0},{'M',[455;566;156],4,[963;20;156],3,[NaN;NaN;0],[455;566;63],3,[0;0;NaN]},{'O',[455;566;156],4,[455;566;156],4,0}}
# Add optimal = 1
# Mux optimal = 0
# Mux registers optimal = 0
# FAs optimal = 0
