Adder graph: {{'M',[1;8;32],1,[1;1;1],0,[0;3;5]},{'M',[1;16;32],1,[1;1;1],0,[0;4;5]},{'A',[5;72;-96],2,[1;8;32],1,0,[1;16;-32],1,2},{'A',[-31;33;33],1,[1;1;1],0,0,[-1;1;1],0,5},{'R',[1;1;1],1,[1;1;1],0},{'A',[-61;67;65],2,[-31;33;33],1,1,[1;1;-1],1,0},{'M',[-31;1056;528],2,[-31;33;33],1,[0;5;4]},{'A',[91;922;658],3,[-31;1056;528],2,0,[61;-67;65],2,1},{'M',[128;1;16],1,[1;1;1],0,[7;0;4]},{'M',[1;64;8],1,[1;1;1],0,[0;6;3]},{'A',[1025;-56;120],2,[128;1;16],1,3,[1;-64;-8],1,0},{'M',[-31;33;66],2,[-31;33;33],1,[0;0;1]},{'A',[963;10;252],3,[1025;-56;120],2,0,[-31;33;66],2,1},{'M',[4;1;64],1,[1;1;1],0,[2;0;6]},{'M',[64;2;1],1,[1;1;1],0,[6;1;0]},{'A',[-508;17;72],2,[4;1;64],1,0,[-64;2;1],1,3},{'A',[955;101;209],3,[-61;67;65],2,0,[508;17;72],2,1},{'M',[160;72;65],3,[5;72;-96],2,[5;0;NaN],[-61;67;65],2,[NaN;NaN;0]},{'M',[-244;67;480],3,[-61;67;65],2,[2;0;NaN],[1025;-56;120],2,[NaN;NaN;2]},{'A',[564;211;610],4,[160;72;65],3,1,[244;67;480],3,0},{'M',[-508;576;-96],3,[5;72;-96],2,[NaN;3;0],[-508;17;72],2,[0;NaN;NaN]},{'A',[455;566;156],4,[-508;576;-96],3,0,[963;-10;252],3,0},{'M',[963;20;252],4,[963;10;252],3,[0;1;0]},{'O',[963;20;252],4,[963;20;252],4,0},{'M',[955;808;209],4,[955;101;209],3,[0;3;0]},{'O',[955;808;209],4,[955;808;209],4,0},{'O',[564;211;610],4,[564;211;610],4,0},{'R',[91;922;658],4,[91;922;658],3},{'O',[91;922;658],4,[91;922;658],4,0},{'O',[455;566;156],4,[455;566;156],4,0}}
Adder graph: {{'A',[36;28;36],1,[1;1;1],0,5,[1;-1;1],0,2},{'A',[5;5;-3],1,[1;1;1],0,0,[1;1;-1],0,2},{'A',[30;30;34],1,[1;1;1],0,5,[-1;-1;1],0,1},{'M',[1;2;1],1,[1;1;1],0,[0;1;0]},{'A',[121;118;137],2,[30;30;34],1,2,[1;-2;1],1,0},{'M',[1;1;4],1,[1;1;1],0,[0;0;2]},{'A',[3;13;29],2,[1;1;4],1,3,[-5;5;-3],1,0},{'M',[72;224;34],2,[36;28;36],1,[1;3;NaN],[30;30;34],1,[NaN;NaN;0]},{'A',[282;922;78],3,[72;224;34],2,2,[-3;13;-29],2,1},{'M',[960;224;34],2,[36;28;36],1,[NaN;3;NaN],[30;30;34],1,[5;NaN;0]},{'A',[963;211;63],3,[960;224;34],2,0,[3;-13;29],2,0},{'M',[288;160;36],2,[36;28;36],1,[3;NaN;0],[5;5;-3],1,[NaN;5;NaN]},{'A',[455;202;209],3,[288;160;36],2,1,[-121;-118;137],2,0},{'M',[120;5;72],2,[36;28;36],1,[NaN;NaN;1],[5;5;-3],1,[NaN;0;NaN],[30;30;34],1,[2;NaN;NaN]},{'M',[5;30;34],2,[5;5;-3],1,[0;NaN;NaN],[30;30;34],1,[NaN;0;0]},{'A',[955;10;610],3,[120;5;72],2,3,[-5;-30;34],2,0},{'M',[30;448;-192],2,[36;28;36],1,[NaN;4;NaN],[5;5;-3],1,[NaN;NaN;6],[30;30;34],1,[0;NaN;NaN]},{'A',[91;566;329],3,[121;118;137],2,0,[-30;448;192],2,0},{'M',[963;20;252],4,[963;211;63],3,[0;NaN;2],[955;10;610],3,[NaN;1;NaN]},{'O',[963;20;252],4,[963;20;252],4,0},{'M',[955;808;209],4,[455;202;209],3,[NaN;2;0],[955;10;610],3,[0;NaN;NaN]},{'O',[955;808;209],4,[955;808;209],4,0},{'M',[564;211;610],4,[282;922;78],3,[1;NaN;NaN],[963;211;63],3,[NaN;0;NaN],[955;10;610],3,[NaN;NaN;0]},{'O',[564;211;610],4,[564;211;610],4,0},{'M',[91;922;658],4,[282;922;78],3,[NaN;0;NaN],[91;566;329],3,[0;NaN;1]},{'O',[91;922;658],4,[91;922;658],4,0},{'M',[455;566;156],4,[282;922;78],3,[NaN;NaN;1],[455;202;209],3,[0;NaN;NaN],[91;566;329],3,[NaN;0;NaN]},{'O',[455;566;156],4,[455;566;156],4,0}}
Adder graph: {{'A',[7;7;9],1,[1;1;1],0,3,[-1;-1;1],0,0},{'A',[3;5;5],1,[1;1;1],0,2,[-1;1;1],0,0},{'M',[16;2;1],1,[1;1;1],0,[4;1;0]},{'A',[67;13;9],2,[3;5;5],1,0,[16;2;1],1,2},{'M',[2;1;1],1,[1;1;1],0,[1;0;0]},{'A',[-125;69;-59],2,[3;5;5],1,0,[-2;1;-1],1,6},{'M',[112;56;9],2,[7;7;9],1,[4;3;0]},{'A',[963;461;63],3,[112;56;9],2,3,[67;13;-9],2,0},{'A',[-45;-75;-75],2,[3;5;5],1,0,[-3;-5;-5],1,4},{'M',[-500;-300;-75],3,[-125;69;-59],2,[2;NaN;NaN],[-45;-75;-75],2,[NaN;2;0]},{'M',[-45;208;-59],3,[67;13;9],2,[NaN;4;NaN],[-125;69;-59],2,[NaN;NaN;0],[-45;-75;-75],2,[0;NaN;NaN]},{'A',[-955;-808;-209],4,[-500;-300;-75],3,1,[45;-208;-59],3,0},{'M',[384;320;5],2,[3;5;5],1,[7;6;0]},{'A',[-564;20;-305],3,[-45;-75;-75],2,2,[-384;320;-5],2,0},{'M',[-250;-75;72],3,[67;13;9],2,[NaN;NaN;3],[-125;69;-59],2,[1;NaN;NaN],[-45;-75;-75],2,[NaN;0;NaN]},{'M',[-45;416;-300],3,[67;13;9],2,[NaN;5;NaN],[-45;-75;-75],2,[0;NaN;2]},{'A',[-455;-566;-156],4,[-250;-75;72],3,1,[45;-416;-300],3,0},{'M',[3;28;40],2,[7;7;9],1,[NaN;2;NaN],[3;5;5],1,[0;NaN;3]},{'A',[91;-211;329],3,[67;13;9],2,0,[3;-28;40],2,3},{'M',[963;20;252],4,[963;461;63],3,[0;NaN;2],[-564;20;-305],3,[NaN;0;NaN]},{'O',[963;20;252],4,[963;20;252],4,0},{'O',[955;808;209],4,[955;808;209],4,0},{'M',[-564;-211;-610],4,[-564;20;-305],3,[0;NaN;1],[91;-211;329],3,[NaN;0;NaN]},{'O',[564;211;610],4,[564;211;610],4,0},{'M',[91;922;658],4,[963;461;63],3,[NaN;1;NaN],[91;-211;329],3,[0;NaN;1]},{'O',[91;922;658],4,[91;922;658],4,0},{'O',[455;566;156],4,[455;566;156],4,0}}
Adder graph: {{'A',[33;33;33],1,[1;1;1],0,0,[1;1;1],0,5},{'A',[62;62;66],1,[1;1;1],0,6,[-1;-1;1],0,1},{'A',[7;9;9],1,[1;1;1],0,3,[-1;1;1],0,0},{'R',[1;1;1],1,[1;1;1],0},{'A',[67;67;-65],2,[1;1;1],1,0,[33;33;-33],1,1},{'M',[56;9;9],2,[7;9;9],1,[3;0;0]},{'A',[963;211;209],3,[56;9;9],2,4,[67;67;65],2,0},{'M',[7;62;9],2,[62;62;66],1,[NaN;0;NaN],[7;9;9],1,[0;NaN;0]},{'A',[455;10;63],3,[56;9;9],2,3,[7;-62;-9],2,0},{'M',[4;1;1],1,[1;1;1],0,[2;0;0]},{'A',[962;318;322],2,[4;1;1],1,8,[-62;62;66],1,0},{'M',[33;264;72],2,[33;33;33],1,[0;3;NaN],[7;9;9],1,[NaN;NaN;3]},{'M',[124;62;33],2,[33;33;33],1,[NaN;NaN;0],[62;62;66],1,[1;0;NaN]},{'A',[-91;202;39],3,[33;264;72],2,0,[-124;-62;-33],2,0},{'M',[7;1056;528],2,[33;33;33],1,[NaN;5;4],[7;9;9],1,[0;NaN;NaN]},{'A',[141;-922;-658],3,[67;67;-65],2,1,[7;-1056;-528],2,0},{'M',[7;248;288],2,[62;62;66],1,[NaN;2;NaN],[7;9;9],1,[0;NaN;5]},{'A',[955;566;610],3,[962;318;322],2,0,[-7;248;288],2,0},{'M',[963;20;252],4,[963;211;209],3,[0;NaN;NaN],[455;10;63],3,[NaN;1;2]},{'O',[963;20;252],4,[963;20;252],4,0},{'M',[955;808;209],4,[963;211;209],3,[NaN;NaN;0],[-91;202;39],3,[NaN;2;NaN],[955;566;610],3,[0;NaN;NaN]},{'O',[955;808;209],4,[955;808;209],4,0},{'M',[564;211;610],4,[963;211;209],3,[NaN;0;NaN],[141;-922;-658],3,[2;NaN;NaN],[955;566;610],3,[NaN;NaN;0]},{'O',[564;211;610],4,[564;211;610],4,0},{'M',[-91;-922;-658],4,[-91;202;39],3,[0;NaN;NaN],[141;-922;-658],3,[NaN;0;0]},{'O',[91;922;658],4,[91;922;658],4,0},{'M',[455;566;156],4,[455;10;63],3,[0;NaN;NaN],[-91;202;39],3,[NaN;NaN;2],[955;566;610],3,[NaN;0;NaN]},{'O',[455;566;156],4,[455;566;156],4,0}}
Adder graph: {{'M',[1;2;4],1,[1;1;1],0,[0;1;2]},{'M',[8;1;1],1,[1;1;1],0,[3;0;0]},{'A',[-511;-62;-60],2,[1;2;4],1,0,[-8;-1;-1],1,6},{'A',[34;34;34],1,[1;1;1],0,1,[1;1;1],0,5},{'M',[1;16;16],1,[1;1;1],0,[0;4;4]},{'A',[-67;-52;84],2,[1;16;16],1,0,[-34;-34;34],1,1},{'M',[1;1;16],1,[1;1;1],0,[0;0;4]},{'M',[16;1;1],1,[1;1;1],0,[4;0;0]},{'A',[-14;3;31],2,[1;1;16],1,1,[-16;1;-1],1,0},{'M',[-14;-104;31],3,[-67;-52;84],2,[NaN;1;NaN],[-14;3;31],2,[0;NaN;0]},{'M',[-536;3;672],3,[-67;-52;84],2,[3;NaN;3],[-14;3;31],2,[NaN;0;NaN]},{'A',[-564;-211;-610],4,[-14;-104;31],3,1,[-536;-3;-672],3,0},{'M',[1;1;128],1,[1;1;1],0,[0;0;7]},{'A',[35;35;-94],2,[34;34;34],1,0,[1;1;-128],1,0},{'M',[-511;-124;-120],3,[-511;-62;-60],2,[0;1;1]},{'M',[-67;560;31],3,[-67;-52;84],2,[0;NaN;NaN],[-14;3;31],2,[NaN;NaN;0],[35;35;-94],2,[NaN;4;NaN]},{'A',[-955;-808;-209],4,[-511;-124;-120],3,1,[67;-560;31],3,0},{'M',[-67;-124;84],3,[-511;-62;-60],2,[NaN;1;NaN],[-67;-52;84],2,[0;NaN;0]},{'M',[-448;-52;168],3,[-67;-52;84],2,[NaN;0;1],[-14;3;31],2,[5;NaN;NaN]},{'A',[-963;-20;-252],4,[-67;-124;84],3,0,[-448;52;-168],3,1},{'M',[-28;35;-376],3,[-14;3;31],2,[1;NaN;NaN],[35;35;-94],2,[NaN;0;2]},{'M',[35;-992;-94],3,[-511;-62;-60],2,[NaN;4;NaN],[35;35;-94],2,[0;NaN;0]},{'A',[-91;-922;-658],4,[-28;35;-376],3,1,[-35;-992;94],3,0},{'M',[-28;3;31],3,[-14;3;31],2,[1;0;0]},{'M',[-511;560;-94],3,[-511;-62;-60],2,[0;NaN;NaN],[35;35;-94],2,[NaN;4;0]},{'A',[455;566;156],4,[-28;3;31],3,1,[511;560;94],3,0},{'O',[963;20;252],4,[963;20;252],4,0},{'O',[955;808;209],4,[955;808;209],4,0},{'O',[564;211;610],4,[564;211;610],4,0},{'O',[91;922;658],4,[91;922;658],4,0},{'O',[455;566;156],4,[455;566;156],4,0}}
Adder graph: {{'A',[15;17;15],1,[1;1;1],0,4,[-1;1;-1],0,0},{'A',[3;3;5],1,[1;1;1],0,2,[-1;-1;1],0,0},{'M',[1;64;64],1,[1;1;1],0,[0;6;6]},{'M',[64;1;4],1,[1;1;1],0,[6;0;2]},{'A',[129;66;56],2,[1;64;64],1,0,[64;1;-4],1,1},{'M',[1;8;2],1,[1;1;1],0,[0;3;1]},{'A',[5;19;9],2,[1;8;2],1,1,[3;3;5],1,0},{'M',[1;1024;8],1,[1;1;1],0,[0;10;3]},{'A',[61;956;68],2,[1;1024;8],1,0,[15;-17;15],1,2},{'M',[48;544;15],2,[15;17;15],1,[NaN;5;0],[3;3;5],1,[4;NaN;NaN]},{'A',[564;808;209],3,[129;66;56],2,2,[48;544;-15],2,0},{'M',[30;34;5],2,[15;17;15],1,[1;1;NaN],[3;3;5],1,[NaN;NaN;0]},{'A',[91;922;63],3,[61;956;68],2,0,[30;-34;-5],2,0},{'M',[129;132;56],3,[129;66;56],2,[0;1;0]},{'M',[61;38;68],3,[5;19;9],2,[NaN;1;NaN],[61;956;68],2,[0;NaN;0]},{'A',[455;566;156],4,[129;132;56],3,2,[-61;38;-68],3,0},{'M',[15;3;5],2,[15;17;15],1,[0;NaN;NaN],[3;3;5],1,[NaN;0;0]},{'A',[955;211;329],3,[15;3;5],2,6,[-5;19;9],2,0},{'M',[3;3;320],2,[3;3;5],1,[0;0;6]},{'M',[960;17;15],2,[15;17;15],1,[6;0;0]},{'A',[963;20;305],3,[3;3;320],2,0,[960;17;-15],2,0},{'M',[963;20;252],4,[91;922;63],3,[NaN;NaN;2],[963;20;305],3,[0;0;NaN]},{'O',[963;20;252],4,[963;20;252],4,0},{'M',[955;808;209],4,[564;808;209],3,[NaN;0;0],[955;211;329],3,[0;NaN;NaN]},{'O',[955;808;209],4,[955;808;209],4,0},{'M',[564;211;610],4,[564;808;209],3,[0;NaN;NaN],[955;211;329],3,[NaN;0;NaN],[963;20;305],3,[NaN;NaN;1]},{'O',[564;211;610],4,[564;211;610],4,0},{'M',[91;922;658],4,[91;922;63],3,[0;0;NaN],[955;211;329],3,[NaN;NaN;1]},{'O',[91;922;658],4,[91;922;658],4,0},{'O',[455;566;156],4,[455;566;156],4,0}}
Adder graph: {{'A',[65;65;63],1,[1;1;1],0,6,[1;1;-1],0,0},{'R',[1;1;1],1,[1;1;1],0},{'M',[1;2;2],1,[1;1;1],0,[0;1;1]},{'A',[7;10;10],2,[1;1;1],1,3,[-1;2;2],1,0},{'M',[64;1;1],1,[1;1;1],0,[6;0;0]},{'M',[1;32;64],1,[1;1;1],0,[0;5;6]},{'A',[510;72;136],2,[64;1;1],1,3,[-1;32;64],1,1},{'M',[65;260;63],2,[65;65;63],1,[0;2;0]},{'A',[955;404;209],3,[510;72;136],2,1,[-65;260;-63],2,0},{'M',[448;576;136],3,[7;10;10],2,[6;NaN;NaN],[510;72;136],2,[NaN;3;0]},{'M',[7;10;20],3,[7;10;10],2,[0;0;1]},{'A',[455;566;156],4,[448;576;136],3,0,[7;-10;20],3,0},{'M',[4;1;1],1,[1;1;1],0,[2;0;0]},{'A',[57;67;61],2,[65;65;63],1,0,[-4;1;-1],1,1},{'M',[510;72;244],3,[510;72;136],2,[0;0;NaN],[57;67;61],2,[NaN;NaN;2]},{'M',[456;67;122],3,[57;67;61],2,[3;0;1]},{'A',[564;211;610],4,[510;72;244],3,1,[-456;67;122],3,0},{'M',[2;1;2],1,[1;1;1],0,[1;0;1]},{'A',[-49;-57;-47],2,[2;1;2],1,3,[-65;-65;-63],1,0},{'M',[57;20;20],3,[7;10;10],2,[NaN;1;1],[57;67;61],2,[0;NaN;NaN]},{'M',[510;20;136],3,[7;10;10],2,[NaN;1;NaN],[510;72;136],2,[0;NaN;0]},{'A',[-963;-20;-252],4,[57;20;20],3,0,[-510;-20;-136],3,1},{'M',[-49;-456;-376],3,[-49;-57;-47],2,[0;3;3]},{'M',[7;10;-94],3,[7;10;10],2,[0;0;NaN],[-49;-57;-47],2,[NaN;NaN;1]},{'A',[-91;-922;-658],4,[-49;-456;-376],3,1,[7;-10;94],3,0},{'O',[963;20;252],4,[963;20;252],4,0},{'M',[955;808;209],4,[955;404;209],3,[0;1;0]},{'O',[955;808;209],4,[955;808;209],4,0},{'O',[564;211;610],4,[564;211;610],4,0},{'O',[91;922;658],4,[91;922;658],4,0},{'O',[455;566;156],4,[455;566;156],4,0}}
Adder graph: {{'M',[1;1;16],1,[1;1;1],0,[0;0;4]},{'M',[1;16;1],1,[1;1;1],0,[0;4;0]},{'A',[3;-14;33],2,[1;1;16],1,1,[1;-16;1],1,0},{'A',[15;17;15],1,[1;1;1],0,4,[-1;1;-1],0,0},{'M',[480;17;15],2,[15;17;15],1,[5;0;0]},{'A',[963;20;63],3,[480;17;15],2,1,[3;-14;33],2,0},{'M',[4;4;1],1,[1;1;1],0,[2;2;0]},{'A',[113;111;17],2,[4;4;1],1,5,[-15;-17;-15],1,0},{'M',[1;2;32],1,[1;1;1],0,[0;1;5]},{'A',[-119;138;-88],2,[1;2;32],1,0,[-15;17;-15],1,3},{'M',[1;256;256],1,[1;1;1],0,[0;8;8]},{'A',[-14;239;241],2,[1;256;256],1,0,[-15;-17;-15],1,0},{'M',[-476;552;-88],3,[-119;138;-88],2,[2;2;0]},{'M',[3;1912;33],3,[3;-14;33],2,[0;NaN;0],[-14;239;241],2,[NaN;3;NaN]},{'A',[-955;-808;-209],4,[-476;552;-88],3,1,[-3;-1912;-33],3,0},{'M',[113;138;17],3,[113;111;17],2,[0;NaN;0],[-119;138;-88],2,[NaN;0;NaN]},{'M',[3;-14;-88],3,[3;-14;33],2,[0;0;NaN],[-119;138;-88],2,[NaN;NaN;0]},{'A',[455;566;156],4,[113;138;17],3,2,[3;14;88],3,0},{'R',[-14;239;241],3,[-14;239;241],2},{'M',[-119;444;-176],3,[113;111;17],2,[NaN;2;NaN],[-119;138;-88],2,[0;NaN;1]},{'A',[91;922;658],4,[-14;239;241],3,1,[119;444;176],3,0},{'M',[226;-14;33],3,[3;-14;33],2,[NaN;0;0],[113;111;17],2,[1;NaN;NaN]},{'M',[-112;239;544],3,[113;111;17],2,[NaN;NaN;5],[-14;239;241],2,[3;0;NaN]},{'A',[564;211;610],4,[226;-14;33],3,1,[112;239;544],3,0},{'M',[963;20;252],4,[963;20;63],3,[0;0;2]},{'O',[963;20;252],4,[963;20;252],4,0},{'O',[955;808;209],4,[955;808;209],4,0},{'O',[564;211;610],4,[564;211;610],4,0},{'O',[91;922;658],4,[91;922;658],4,0},{'O',[455;566;156],4,[455;566;156],4,0}}
Finished solving after 259196 seconds
Adder graph: {{'M',[1;1;16],1,[1;1;1],0,[0;0;4]},{'M',[1;16;1],1,[1;1;1],0,[0;4;0]},{'A',[3;-14;33],2,[1;1;16],1,1,[1;-16;1],1,0},{'A',[15;17;15],1,[1;1;1],0,4,[-1;1;-1],0,0},{'M',[480;17;15],2,[15;17;15],1,[5;0;0]},{'A',[963;20;63],3,[480;17;15],2,1,[3;-14;33],2,0},{'M',[4;4;1],1,[1;1;1],0,[2;2;0]},{'A',[113;111;17],2,[4;4;1],1,5,[-15;-17;-15],1,0},{'M',[1;2;32],1,[1;1;1],0,[0;1;5]},{'A',[-119;138;-88],2,[1;2;32],1,0,[-15;17;-15],1,3},{'M',[1;256;256],1,[1;1;1],0,[0;8;8]},{'A',[-14;239;241],2,[1;256;256],1,0,[-15;-17;-15],1,0},{'M',[-476;552;-88],3,[-119;138;-88],2,[2;2;0]},{'M',[3;1912;33],3,[3;-14;33],2,[0;NaN;0],[-14;239;241],2,[NaN;3;NaN]},{'A',[-955;-808;-209],4,[-476;552;-88],3,1,[-3;-1912;-33],3,0},{'M',[113;138;17],3,[113;111;17],2,[0;NaN;0],[-119;138;-88],2,[NaN;0;NaN]},{'M',[3;-14;-88],3,[3;-14;33],2,[0;0;NaN],[-119;138;-88],2,[NaN;NaN;0]},{'A',[455;566;156],4,[113;138;17],3,2,[3;14;88],3,0},{'R',[-14;239;241],3,[-14;239;241],2},{'M',[-119;444;-176],3,[113;111;17],2,[NaN;2;NaN],[-119;138;-88],2,[0;NaN;1]},{'A',[91;922;658],4,[-14;239;241],3,1,[119;444;176],3,0},{'M',[226;-14;33],3,[3;-14;33],2,[NaN;0;0],[113;111;17],2,[1;NaN;NaN]},{'M',[-112;239;544],3,[113;111;17],2,[NaN;NaN;5],[-14;239;241],2,[3;0;NaN]},{'A',[564;211;610],4,[226;-14;33],3,1,[112;239;544],3,0},{'M',[963;20;252],4,[963;20;63],3,[0;0;2]},{'O',[963;20;252],4,[963;20;252],4,0},{'O',[955;808;209],4,[955;808;209],4,0},{'O',[564;211;610],4,[564;211;610],4,0},{'O',[91;922;658],4,[91;922;658],4,0},{'O',[455;566;156],4,[455;566;156],4,0}}
# Add optimal = 1
# Mux optimal = 0
# Mux registers optimal = 0
# FAs optimal = 0
