Adder graph: {{'M',[1;8;64],1,[1;1;1],0,[0;3;6]},{'M',[32;8;1],1,[1;1;1],0,[5;3;0]},{'A',[34;24;129],2,[1;8;64],1,1,[32;8;1],1,0},{'M',[128;1;4],1,[1;1;1],0,[7;0;2]},{'M',[34;192;16],3,[1;1;1],0,[NaN;NaN;4],[34;24;129],2,[0;3;NaN]},{'A',[188;386;40],4,[128;1;4],1,1,[-34;192;16],3,1},{'M',[8;24;4],3,[1;1;1],0,[3;NaN;2],[34;24;129],2,[NaN;0;NaN]},{'M',[1;386;640],5,[1;1;1],0,[0;NaN;NaN],[188;386;40],4,[NaN;0;4]},{'A',[9;410;-636],6,[8;24;4],3,0,[1;386;-640],5,0},{'M',[128;1;80],5,[1;1;1],0,[7;0;NaN],[188;386;40],4,[NaN;NaN;1]},{'M',[9;8;129],7,[1;1;1],0,[NaN;3;NaN],[34;24;129],2,[NaN;NaN;0],[9;410;-636],6,[0;NaN;NaN]},{'A',[137;-7;209],8,[128;1;80],5,0,[9;-8;129],7,0},{'M',[18;1;2],7,[1;1;1],0,[NaN;0;1],[9;410;-636],6,[1;NaN;NaN]},{'M',[64;-28;1],9,[1;1;1],0,[6;NaN;0],[137;-7;209],8,[NaN;2;NaN]},{'A',[160;72;30],10,[18;1;2],7,4,[-64;28;-1],9,1},{'M',[548;-7;418],9,[137;-7;209],8,[2;0;1]},{'M',[274;96;40],9,[34;24;129],2,[NaN;2;NaN],[188;386;40],4,[NaN;NaN;0],[137;-7;209],8,[1;NaN;NaN]},{'A',[822;-103;378],10,[548;-7;418],9,0,[274;-96;-40],9,0},{'M',[320;410;30],11,[9;410;-636],6,[NaN;0;NaN],[160;72;30],10,[1;NaN;0]},{'M',[137;-7;512],9,[1;1;1],0,[NaN;NaN;9],[137;-7;209],8,[0;0;NaN]},{'A',[183;403;-482],12,[320;410;30],11,0,[-137;-7;-512],9,0},{'M',[16;820;209],9,[1;1;1],0,[4;NaN;NaN],[9;410;-636],6,[NaN;1;NaN],[137;-7;209],8,[NaN;NaN;0]},{'M',[183;576;60],13,[160;72;30],10,[NaN;3;1],[183;403;-482],12,[0;NaN;NaN]},{'A',[-167;244;269],14,[16;820;209],9,0,[-183;-576;60],13,0},{'M',[320;403;209],13,[137;-7;209],8,[NaN;NaN;0],[160;72;30],10,[1;NaN;NaN],[183;403;-482],12,[NaN;0;NaN]},{'M',[-167;-56;512],15,[1;1;1],0,[NaN;NaN;9],[137;-7;209],8,[NaN;3;NaN],[-167;244;269],14,[0;NaN;NaN]},{'A',[487;347;721],16,[320;403;209],13,0,[167;-56;512],15,0},{'M',[34;16;129],3,[1;1;1],0,[NaN;4;NaN],[34;24;129],2,[0;NaN;0]},{'M',[376;347;-482],17,[188;386;40],4,[1;NaN;NaN],[183;403;-482],12,[NaN;NaN;0],[487;347;721],16,[NaN;0;NaN]},{'A',[-342;363;611],18,[34;16;129],3,0,[-376;347;482],17,0},{'M',[160;403;756],13,[160;72;30],10,[0;NaN;NaN],[822;-103;378],10,[NaN;NaN;1],[183;403;-482],12,[NaN;0;NaN]},{'O',[160;403;756],13,[160;403;756],13,0},{'M',[-342;-103;-636],19,[9;410;-636],6,[NaN;NaN;0],[822;-103;378],10,[NaN;0;NaN],[-342;363;611],18,[0;NaN;NaN]},{'O',[342;103;636],19,[342;103;636],19,0},{'M',[487;363;611],19,[487;347;721],16,[0;NaN;NaN],[-342;363;611],18,[NaN;0;0]},{'O',[487;363;611],19,[487;363;611],19,0},{'M',[822;347;269],17,[822;-103;378],10,[0;NaN;NaN],[-167;244;269],14,[NaN;NaN;0],[487;347;721],16,[NaN;0;NaN]},{'O',[822;347;269],17,[822;347;269],17,0},{'M',[366;244;721],17,[183;403;-482],12,[1;NaN;NaN],[-167;244;269],14,[NaN;0;NaN],[487;347;721],16,[NaN;NaN;0]},{'O',[366;244;721],17,[366;244;721],17,0}}
Adder graph: {{'M',[1;4;8],1,[1;1;1],0,[0;2;3]},{'M',[1;4;1],1,[1;1;1],0,[0;2;0]},{'A',[9;36;63],2,[1;4;8],1,3,[1;4;-1],1,0},{'M',[9;32;63],3,[1;1;1],0,[NaN;5;NaN],[9;36;63],2,[0;NaN;0]},{'M',[64;36;4],3,[1;1;1],0,[6;NaN;2],[9;36;63],2,[NaN;0;NaN]},{'A',[-119;104;55],4,[9;32;63],3,0,[-64;36;-4],3,1},{'M',[9;104;55],5,[9;36;63],2,[0;NaN;NaN],[-119;104;55],4,[NaN;0;0]},{'M',[2;1;2048],1,[1;1;1],0,[1;0;11]},{'A',[11;103;2103],6,[9;104;55],5,0,[2;-1;2048],1,0},{'M',[16;72;1],3,[1;1;1],0,[4;NaN;0],[9;36;63],2,[NaN;1;NaN]},{'M',[128;104;110],5,[1;1;1],0,[7;NaN;NaN],[-119;104;55],4,[NaN;0;1]},{'A',[160;40;-108],6,[16;72;1],3,1,[128;-104;-110],5,0},{'M',[1408;824;63],7,[9;36;63],2,[NaN;NaN;0],[11;103;2103],6,[7;3;NaN]},{'M',[576;412;63],7,[9;36;63],2,[6;NaN;0],[11;103;2103],6,[NaN;2;NaN]},{'A',[6016;-2472;-441],8,[1408;824;63],7,0,[576;-412;-63],7,3},{'M',[6016;-2472;2103],9,[11;103;2103],6,[NaN;NaN;0],[6016;-2472;-441],8,[0;0;NaN]},{'M',[160;104;-441],9,[-119;104;55],4,[NaN;0;NaN],[160;40;-108],6,[0;NaN;NaN],[6016;-2472;-441],8,[NaN;NaN;0]},{'A',[366;-148;159],10,[6016;-2472;2103],9,-4,[-160;104;441],9,-4},{'M',[640;208;159],11,[-119;104;55],4,[NaN;1;NaN],[160;40;-108],6,[2;NaN;NaN],[366;-148;159],10,[NaN;NaN;0]},{'M',[2;36;110],5,[1;1;1],0,[1;NaN;NaN],[9;36;63],2,[NaN;0;NaN],[-119;104;55],4,[NaN;NaN;1]},{'A',[642;244;269],12,[640;208;159],11,0,[2;36;110],5,0},{'M',[11;103;880],7,[-119;104;55],4,[NaN;NaN;4],[11;103;2103],6,[0;0;NaN]},{'M',[-476;244;269],13,[-119;104;55],4,[2;NaN;NaN],[642;244;269],12,[NaN;0;0]},{'A',[487;347;611],14,[11;103;880],7,0,[476;244;-269],13,0},{'M',[320;347;110],15,[-119;104;55],4,[NaN;NaN;1],[160;40;-108],6,[1;NaN;NaN],[487;347;611],14,[NaN;0;NaN]},{'M',[22;16;611],15,[1;1;1],0,[NaN;4;NaN],[11;103;2103],6,[1;NaN;NaN],[487;347;611],14,[NaN;NaN;0]},{'A',[342;363;721],16,[320;347;110],15,0,[22;16;611],15,0},{'M',[1464;363;252],17,[9;36;63],2,[NaN;NaN;2],[366;-148;159],10,[2;NaN;NaN],[342;363;721],16,[NaN;0;NaN]},{'M',[642;40;63],13,[9;36;63],2,[NaN;NaN;0],[160;40;-108],6,[NaN;0;NaN],[642;244;269],12,[0;NaN;NaN]},{'A',[822;403;189],18,[1464;363;252],17,0,[-642;40;-63],13,0},{'M',[160;403;756],19,[160;40;-108],6,[0;NaN;NaN],[822;403;189],18,[NaN;0;2]},{'O',[160;403;756],19,[160;403;756],19,0},{'M',[342;103;636],17,[11;103;2103],6,[NaN;0;NaN],[366;-148;159],10,[NaN;NaN;2],[342;363;721],16,[0;NaN;NaN]},{'O',[342;103;636],17,[342;103;636],17,0},{'M',[487;363;611],17,[487;347;611],14,[0;NaN;0],[342;363;721],16,[NaN;0;NaN]},{'O',[487;363;611],17,[487;363;611],17,0},{'M',[822;347;269],19,[642;244;269],12,[NaN;NaN;0],[487;347;611],14,[NaN;0;NaN],[822;403;189],18,[0;NaN;NaN]},{'O',[822;347;269],19,[822;347;269],19,0},{'M',[366;244;721],17,[366;-148;159],10,[0;NaN;NaN],[642;244;269],12,[NaN;0;NaN],[342;363;721],16,[NaN;NaN;0]},{'O',[366;244;721],17,[366;244;721],17,0}}
Adder graph: {{'M',[1;512;16],1,[1;1;1],0,[0;9;4]},{'M',[8;32;1],1,[1;1;1],0,[3;5;0]},{'A',[10;992;31],2,[1;512;16],1,1,[8;-32;-1],1,0},{'M',[1;8;31],3,[1;1;1],0,[0;3;NaN],[10;992;31],2,[NaN;NaN;0]},{'M',[1;32;64],1,[1;1;1],0,[0;5;6]},{'A',[-1;-56;-97],4,[1;8;31],3,0,[-1;-32;-64],1,1},{'M',[1;1;-194],5,[1;1;1],0,[0;0;NaN],[-1;-56;-97],4,[NaN;NaN;1]},{'M',[1;1;8],1,[1;1;1],0,[0;0;3]},{'A',[-6;10;-452],6,[1;1;-194],5,1,[-1;1;-8],1,3},{'M',[-128;10;16],7,[1;1;1],0,[NaN;NaN;4],[-1;-56;-97],4,[7;NaN;NaN],[-6;10;-452],6,[NaN;0;NaN]},{'M',[-6;-112;31],7,[10;992;31],2,[NaN;NaN;0],[-1;-56;-97],4,[NaN;1;NaN],[-6;10;-452],6,[0;NaN;NaN]},{'A',[-122;122;47],8,[-128;10;16],7,0,[6;112;31],7,0},{'M',[-1;-224;-97],5,[-1;-56;-97],4,[0;2;0]},{'M',[160;122;-452],9,[10;992;31],2,[4;NaN;NaN],[-6;10;-452],6,[NaN;NaN;0],[-122;122;47],8,[NaN;0;NaN]},{'A',[-161;-346;355],10,[-1;-224;-97],5,0,[-160;-122;452],9,0},{'M',[-976;1;-97],9,[1;1;1],0,[NaN;0;NaN],[-1;-56;-97],4,[NaN;NaN;0],[-122;122;47],8,[3;NaN;NaN]},{'M',[-122;-346;62],11,[10;992;31],2,[NaN;NaN;1],[-122;122;47],8,[0;NaN;NaN],[-161;-346;355],10,[NaN;0;NaN]},{'A',[-854;347;-159],12,[-976;1;-97],9,0,[122;346;-62],11,0},{'M',[-488;347;752],13,[-122;122;47],8,[2;NaN;4],[-854;347;-159],12,[NaN;0;NaN]},{'M',[-1;8;31],5,[1;1;1],0,[NaN;3;NaN],[10;992;31],2,[NaN;NaN;0],[-1;-56;-97],4,[0;NaN;NaN]},{'A',[-487;355;721],14,[-488;347;752],13,0,[1;8;-31],5,0},{'M',[-854;347;188],13,[-122;122;47],8,[NaN;NaN;2],[-854;347;-159],12,[0;0;NaN]},{'M',[512;-56;1],5,[1;1;1],0,[9;NaN;0],[-1;-56;-97],4,[NaN;0;NaN]},{'A',[-342;403;189],14,[-854;347;188],13,0,[512;56;1],5,0},{'M',[-32;244;-452],9,[-1;-56;-97],4,[5;NaN;NaN],[-6;10;-452],6,[NaN;NaN;0],[-122;122;47],8,[NaN;1;NaN]},{'M',[-854;347;721],15,[-854;347;-159],12,[0;0;NaN],[-487;355;721],14,[NaN;NaN;0]},{'A',[822;-103;269],16,[-32;244;-452],9,0,[854;-347;721],15,0},{'M',[-488;347;-159],13,[-122;122;47],8,[2;NaN;NaN],[-854;347;-159],12,[NaN;0;0]},{'M',[-854;710;-452],15,[-6;10;-452],6,[NaN;NaN;0],[-854;347;-159],12,[0;NaN;NaN],[-487;355;721],14,[NaN;1;NaN]},{'A',[366;-363;-611],16,[-488;347;-159],13,0,[854;-710;-452],15,0},{'M',[160;403;756],15,[10;992;31],2,[4;NaN;NaN],[-342;403;189],14,[NaN;0;2]},{'O',[160;403;756],15,[160;403;756],15,0},{'M',[-342;-103;-636],17,[-854;347;-159],12,[NaN;NaN;2],[-342;403;189],14,[0;NaN;NaN],[822;-103;269],16,[NaN;0;NaN]},{'O',[342;103;636],17,[342;103;636],17,0},{'M',[-487;-363;-611],17,[-487;355;721],14,[0;NaN;NaN],[366;-363;-611],16,[NaN;0;0]},{'O',[487;363;611],17,[487;363;611],17,0},{'M',[822;347;269],17,[-854;347;-159],12,[NaN;0;NaN],[822;-103;269],16,[0;NaN;0]},{'O',[822;347;269],17,[822;347;269],17,0},{'M',[366;244;721],17,[-122;122;47],8,[NaN;1;NaN],[-487;355;721],14,[NaN;NaN;0],[366;-363;-611],16,[0;NaN;NaN]},{'O',[366;244;721],17,[366;244;721],17,0}}
Adder graph: {{'M',[1;4096;1],1,[1;1;1],0,[0;12;0]},{'M',[1;8;2],1,[1;1;1],0,[0;3;1]},{'A',[3;4080;-3],2,[1;4096;1],1,0,[1;-8;-2],1,1},{'M',[3;64;-384],3,[1;1;1],0,[NaN;6;NaN],[3;4080;-3],2,[0;NaN;7]},{'M',[1;32;1],1,[1;1;1],0,[0;5;0]},{'A',[5;96;-769],4,[3;64;-384],3,1,[-1;-32;-1],1,0},{'M',[16;1;16],1,[1;1;1],0,[4;0;4]},{'M',[3;1;-3],3,[1;1;1],0,[NaN;0;NaN],[3;4080;-3],2,[0;NaN;0]},{'A',[131;7;125],4,[16;1;16],1,3,[3;-1;-3],3,0},{'M',[64;7;-6],5,[1;1;1],0,[6;NaN;NaN],[3;4080;-3],2,[NaN;NaN;1],[131;7;125],4,[NaN;0;NaN]},{'M',[768;96;-384],5,[3;4080;-3],2,[8;NaN;7],[5;96;-769],4,[NaN;0;NaN]},{'A',[832;-89;378],6,[64;7;-6],5,0,[768;-96;384],5,0},{'M',[10;4;-769],5,[1;1;1],0,[NaN;2;NaN],[5;96;-769],4,[1;NaN;0]},{'M',[832;96;500],7,[5;96;-769],4,[NaN;0;NaN],[131;7;125],4,[NaN;NaN;2],[832;-89;378],6,[0;NaN;NaN]},{'A',[-822;-92;-269],8,[10;4;-769],5,0,[-832;-96;500],7,0},{'M',[1;14;1],5,[1;1;1],0,[0;NaN;0],[131;7;125],4,[NaN;1;NaN]},{'M',[96;-89;125],7,[3;4080;-3],2,[5;NaN;NaN],[131;7;125],4,[NaN;NaN;0],[832;-89;378],6,[NaN;0;NaN]},{'A',[-188;-122;254],8,[1;14;1],5,2,[-96;-89;125],7,1},{'M',[-188;14;254],9,[131;7;125],4,[NaN;1;NaN],[-188;-122;254],8,[0;NaN;0]},{'M',[5;-89;-96],7,[3;4080;-3],2,[NaN;NaN;5],[5;96;-769],4,[0;NaN;NaN],[832;-89;378],6,[NaN;0;NaN]},{'A',[-183;103;158],10,[-188;14;254],9,0,[5;89;-96],7,0},{'M',[1;-244;508],9,[1;1;1],0,[0;NaN;NaN],[-188;-122;254],8,[NaN;1;1]},{'M',[1048;103;128],11,[1;1;1],0,[NaN;NaN;7],[131;7;125],4,[3;NaN;NaN],[-183;103;158],10,[NaN;0;NaN]},{'A',[1049;-347;636],12,[1;-244;508],9,0,[1048;-103;128],11,0},{'M',[1049;-356;-769],13,[5;96;-769],4,[NaN;NaN;0],[832;-89;378],6,[NaN;2;NaN],[1049;-347;636],12,[0;NaN;NaN]},{'M',[1536;7;158],11,[3;4080;-3],2,[9;NaN;NaN],[131;7;125],4,[NaN;0;NaN],[-183;103;158],10,[NaN;NaN;0]},{'A',[-487;-363;-611],14,[1049;-356;-769],13,0,[-1536;-7;158],11,0},{'M',[131;56;-769],5,[5;96;-769],4,[NaN;NaN;0],[131;7;125],4,[0;3;NaN]},{'M',[40;-347;-48],13,[3;4080;-3],2,[NaN;NaN;4],[5;96;-769],4,[3;NaN;NaN],[1049;-347;636],12,[NaN;0;NaN]},{'A',[171;403;-721],14,[131;56;-769],5,0,[40;347;48],13,0},{'M',[160;403;756],15,[5;96;-769],4,[5;NaN;NaN],[832;-89;378],6,[NaN;NaN;1],[171;403;-721],14,[NaN;0;NaN]},{'O',[160;403;756],15,[160;403;756],15,0},{'M',[342;103;636],15,[-183;103;158],10,[NaN;0;NaN],[1049;-347;636],12,[NaN;NaN;0],[171;403;-721],14,[1;NaN;NaN]},{'O',[342;103;636],15,[342;103;636],15,0},{'O',[487;363;611],14,[487;363;611],14,0},{'M',[-822;-347;-269],13,[-822;-92;-269],8,[0;NaN;0],[1049;-347;636],12,[NaN;0;NaN]},{'O',[822;347;269],13,[822;347;269],13,0},{'M',[-366;-244;-721],15,[-188;-122;254],8,[NaN;1;NaN],[-183;103;158],10,[1;NaN;NaN],[171;403;-721],14,[NaN;NaN;0]},{'O',[366;244;721],15,[366;244;721],15,0}}
Adder graph: {{'M',[1;4;8],1,[1;1;1],0,[0;2;3]},{'M',[2;1;2],1,[1;1;1],0,[1;0;1]},{'A',[-63;-28;72],2,[1;4;8],1,0,[-2;-1;2],1,5},{'M',[8;1;1],1,[1;1;1],0,[3;0;0]},{'M',[1;-112;16],3,[1;1;1],0,[0;NaN;4],[-63;-28;72],2,[NaN;2;NaN]},{'A',[7;-111;-15],4,[8;1;1],1,0,[-1;-112;-16],3,0},{'M',[4;4;72],3,[1;1;1],0,[2;2;NaN],[-63;-28;72],2,[NaN;NaN;0]},{'M',[224;-111;1024],5,[1;1;1],0,[NaN;NaN;10],[7;-111;-15],4,[5;0;NaN]},{'A',[-216;-103;-880],6,[4;4;72],3,1,[-224;-111;-1024],5,0},{'M',[16;2;-15],5,[1;1;1],0,[4;1;NaN],[7;-111;-15],4,[NaN;NaN;0]},{'M',[128;128;72],3,[1;1;1],0,[7;7;NaN],[-63;-28;72],2,[NaN;NaN;0]},{'A',[-240;258;-159],6,[16;2;-15],5,0,[-128;128;-72],3,1},{'M',[7;-444;-60],5,[7;-111;-15],4,[0;2;2]},{'M',[-240;32;256],7,[1;1;1],0,[NaN;5;8],[-240;258;-159],6,[0;NaN;NaN]},{'A',[487;-380;452],8,[7;-444;-60],5,0,[240;32;256],7,1},{'M',[2;258;-159],7,[1;1;1],0,[1;NaN;NaN],[-240;258;-159],6,[NaN;0;0]},{'A',[489;-122;611],9,[487;-380;452],8,0,[2;258;159],7,0},{'M',[2;-103;-880],7,[1;1;1],0,[1;NaN;NaN],[-216;-103;-880],6,[NaN;0;0]},{'M',[7;-244;1222],10,[7;-111;-15],4,[0;NaN;NaN],[489;-122;611],9,[NaN;1;1]},{'A',[-5;-347;342],11,[2;-103;-880],7,0,[-7;-244;1222],10,0},{'M',[-216;-103;-318],7,[-216;-103;-880],6,[0;0;NaN],[-240;258;-159],6,[NaN;NaN;1]},{'M',[-63;-1648;-30],7,[-63;-28;72],2,[0;NaN;NaN],[7;-111;-15],4,[NaN;NaN;1],[-216;-103;-880],6,[NaN;4;NaN]},{'A',[-342;3193;-378],8,[-216;-103;-318],7,0,[-63;1648;-30],7,1},{'M',[-480;16;-880],7,[1;1;1],0,[NaN;4;NaN],[-216;-103;-880],6,[NaN;NaN;0],[-240;258;-159],6,[1;NaN;NaN]},{'M',[-342;-347;-159],12,[-240;258;-159],6,[NaN;NaN;0],[-5;-347;342],11,[NaN;0;NaN],[-342;3193;-378],8,[0;NaN;NaN]},{'A',[-822;363;-721],13,[-480;16;-880],7,0,[-342;347;159],12,0},{'M',[-126;-347;342],12,[-63;-28;72],2,[1;NaN;NaN],[-5;-347;342],11,[NaN;0;0]},{'M',[-240;-56;611],10,[-63;-28;72],2,[NaN;1;NaN],[-240;258;-159],6,[0;NaN;NaN],[489;-122;611],9,[NaN;NaN;0]},{'A',[-366;-403;-269],13,[-126;-347;342],12,0,[-240;-56;-611],10,0},{'M',[-160;-403;-756],14,[-5;-347;342],11,[5;NaN;NaN],[-342;3193;-378],8,[NaN;NaN;1],[-366;-403;-269],13,[NaN;0;NaN]},{'O',[160;403;756],14,[160;403;756],14,0},{'M',[-342;-103;-636],9,[-216;-103;-880],6,[NaN;0;NaN],[-240;258;-159],6,[NaN;NaN;2],[-342;3193;-378],8,[0;NaN;NaN]},{'O',[342;103;636],9,[342;103;636],9,0},{'M',[487;363;611],14,[487;-380;452],8,[0;NaN;NaN],[489;-122;611],9,[NaN;NaN;0],[-822;363;-721],13,[NaN;0;NaN]},{'O',[487;363;611],14,[487;363;611],14,0},{'M',[-822;-347;-269],14,[-5;-347;342],11,[NaN;0;NaN],[-822;363;-721],13,[0;NaN;NaN],[-366;-403;-269],13,[NaN;NaN;0]},{'O',[822;347;269],14,[822;347;269],14,0},{'M',[-366;-244;-721],14,[489;-122;611],9,[NaN;1;NaN],[-822;363;-721],13,[NaN;NaN;0],[-366;-403;-269],13,[0;NaN;NaN]},{'O',[366;244;721],14,[366;244;721],14,0}}
Adder graph: {{'M',[1;2;1],1,[1;1;1],0,[0;1;0]},{'M',[128;1;128],1,[1;1;1],0,[7;0;7]},{'A',[136;15;-120],2,[1;2;1],1,3,[128;-1;-128],1,0},{'M',[8;8;1],1,[1;1;1],0,[3;3;0]},{'M',[1;32;1],1,[1;1;1],0,[0;5;0]},{'A',[12;136;5],2,[8;8;1],1,0,[1;32;1],1,2},{'M',[8;8;5],3,[1;1;1],0,[3;3;NaN],[12;136;5],2,[NaN;NaN;0]},{'M',[1;15;40],3,[1;1;1],0,[0;NaN;NaN],[136;15;-120],2,[NaN;0;NaN],[12;136;5],2,[NaN;NaN;3]},{'A',[511;527;360],4,[8;8;5],3,6,[-1;15;40],3,0},{'M',[1;1;2],1,[1;1;1],0,[0;0;1]},{'M',[1;60;1],3,[1;1;1],0,[0;NaN;0],[136;15;-120],2,[NaN;2;NaN]},{'A',[15;-44;33],4,[1;1;2],1,4,[-1;-60;1],3,0},{'M',[120;15;264],5,[136;15;-120],2,[NaN;0;NaN],[15;-44;33],4,[3;NaN;3]},{'M',[1;480;5],3,[1;1;1],0,[0;NaN;NaN],[136;15;-120],2,[NaN;5;NaN],[12;136;5],2,[NaN;NaN;0]},{'A',[121;-465;269],6,[120;15;264],5,0,[1;-480;5],3,0},{'M',[4;527;320],5,[1;1;1],0,[2;NaN;NaN],[12;136;5],2,[NaN;NaN;6],[511;527;360],4,[NaN;0;NaN]},{'M',[12;-465;538],7,[12;136;5],2,[0;NaN;NaN],[121;-465;269],6,[NaN;0;1]},{'A',[-20;-403;-756],8,[4;527;320],5,0,[-12;-465;-538],7,1},{'M',[511;-88;1280],5,[12;136;5],2,[NaN;NaN;8],[511;527;360],4,[0;NaN;NaN],[15;-44;33],4,[NaN;1;NaN]},{'M',[24;15;33],5,[136;15;-120],2,[NaN;0;NaN],[12;136;5],2,[1;NaN;NaN],[15;-44;33],4,[NaN;NaN;0]},{'A',[487;-103;1247],6,[511;-88;1280],5,0,[-24;-15;-33],5,0},{'M',[487;1;1],7,[1;1;1],0,[NaN;0;0],[487;-103;1247],6,[0;NaN;NaN]},{'M',[121;60;720],7,[136;15;-120],2,[NaN;2;NaN],[511;527;360],4,[NaN;NaN;1],[121;-465;269],6,[0;NaN;NaN]},{'A',[366;61;721],8,[487;1;1],7,0,[-121;60;720],7,0},{'M',[12;122;2],9,[1;1;1],0,[NaN;NaN;1],[12;136;5],2,[0;NaN;NaN],[366;61;721],8,[NaN;1;NaN]},{'M',[366;-103;640],9,[12;136;5],2,[NaN;NaN;7],[487;-103;1247],6,[NaN;0;NaN],[366;61;721],8,[0;NaN;NaN]},{'A',[-342;347;-636],10,[12;122;2],9,1,[-366;103;-640],9,0},{'M',[480;347;1247],11,[15;-44;33],4,[5;NaN;NaN],[487;-103;1247],6,[NaN;NaN;0],[-342;347;-636],10,[NaN;0;NaN]},{'M',[-342;16;-636],11,[1;1;1],0,[NaN;4;NaN],[-342;347;-636],10,[0;NaN;0]},{'A',[822;363;611],12,[480;347;1247],11,0,[342;16;-636],11,0},{'M',[-160;-403;-756],9,[-20;-403;-756],8,[3;0;0]},{'O',[160;403;756],9,[160;403;756],9,0},{'M',[-342;-103;-636],11,[487;-103;1247],6,[NaN;0;NaN],[-342;347;-636],10,[0;NaN;0]},{'O',[342;103;636],11,[342;103;636],11,0},{'M',[487;363;611],13,[487;-103;1247],6,[0;NaN;NaN],[822;363;611],12,[NaN;0;0]},{'O',[487;363;611],13,[487;363;611],13,0},{'M',[822;347;269],13,[121;-465;269],6,[NaN;NaN;0],[-342;347;-636],10,[NaN;0;NaN],[822;363;611],12,[0;NaN;NaN]},{'O',[822;347;269],13,[822;347;269],13,0},{'M',[366;244;721],9,[366;61;721],8,[0;2;0]},{'O',[366;244;721],9,[366;244;721],9,0}}
Adder graph: {{'M',[1;1;4],1,[1;1;1],0,[0;0;2]},{'A',[-3;-3;-15],2,[1;1;1],0,0,[-1;-1;-4],1,2},{'M',[1;-24;-30],3,[1;1;1],0,[0;NaN;NaN],[-3;-3;-15],2,[NaN;3;1]},{'M',[32;-3;-15],3,[1;1;1],0,[5;NaN;NaN],[-3;-3;-15],2,[NaN;0;0]},{'A',[33;-21;-45],4,[1;-24;-30],3,0,[32;3;-15],3,0},{'M',[-192;-21;-45],5,[-3;-3;-15],2,[6;NaN;NaN],[33;-21;-45],4,[NaN;0;0]},{'M',[1;-336;-720],5,[1;1;1],0,[0;NaN;NaN],[33;-21;-45],4,[NaN;4;4]},{'A',[-193;315;675],6,[-192;-21;-45],5,0,[-1;336;720],5,0},{'M',[1;-6;1],3,[1;1;1],0,[0;NaN;0],[-3;-3;-15],2,[NaN;1;NaN]},{'M',[-3;64;64],3,[1;1;1],0,[NaN;6;6],[-3;-3;-15],2,[0;NaN;NaN]},{'A',[-10;244;258],4,[1;-6;1],3,1,[-3;64;64],3,2},{'M',[-3;-3;64],3,[1;1;1],0,[NaN;NaN;6],[-3;-3;-15],2,[0;0;NaN]},{'M',[66;16;675],7,[1;1;1],0,[NaN;4;NaN],[33;-21;-45],4,[1;NaN;NaN],[-193;315;675],6,[NaN;NaN;0]},{'A',[-69;-19;-611],8,[-3;-3;64],3,0,[-66;-16;-675],7,0},{'M',[-10;128;-240],5,[1;1;1],0,[NaN;7;NaN],[-3;-3;-15],2,[NaN;NaN;4],[-10;244;258],4,[0;NaN;NaN]},{'M',[-193;-19;-30],9,[-3;-3;-15],2,[NaN;NaN;1],[-193;315;675],6,[0;NaN;NaN],[-69;-19;-611],8,[NaN;0;NaN]},{'A',[183;109;-270],10,[-10;128;-240],5,0,[193;-19;-30],9,0},{'M',[-276;-19;-120],9,[-3;-3;-15],2,[NaN;NaN;3],[-69;-19;-611],8,[2;0;NaN]},{'M',[33;-42;258],5,[33;-21;-45],4,[0;1;NaN],[-10;244;258],4,[NaN;NaN;0]},{'A',[-342;-103;-636],10,[-276;-19;-120],9,0,[-33;-42;-258],5,1},{'M',[132;109;1],11,[1;1;1],0,[NaN;NaN;0],[33;-21;-45],4,[2;NaN;NaN],[183;109;-270],10,[NaN;0;NaN]},{'M',[-193;512;-720],7,[1;1;1],0,[NaN;9;NaN],[33;-21;-45],4,[NaN;NaN;4],[-193;315;675],6,[0;NaN;NaN]},{'A',[-61;-403;721],12,[132;109;1],11,0,[-193;-512;720],7,0},{'M',[-69;244;-120],9,[-3;-3;-15],2,[NaN;NaN;3],[-10;244;258],4,[NaN;0;NaN],[-69;-19;-611],8,[0;NaN;NaN]},{'A',[-411;-347;-756],11,[-342;-103;-636],10,0,[-69;-244;-120],9,0},{'M',[-488;-347;-270],13,[183;109;-270],10,[NaN;NaN;0],[-61;-403;721],12,[3;NaN;NaN],[-411;-347;-756],11,[NaN;0;NaN]},{'M',[1;16;1],1,[1;1;1],0,[0;4;0]},{'A',[-487;-363;-269],14,[-488;-347;-270],13,0,[1;-16;1],1,0},{'M',[-160;-403;-756],13,[-10;244;258],4,[4;NaN;NaN],[-61;-403;721],12,[NaN;0;NaN],[-411;-347;-756],11,[NaN;NaN;0]},{'O',[160;403;756],13,[160;403;756],13,0},{'O',[342;103;636],10,[342;103;636],10,0},{'M',[-487;-363;-611],15,[-69;-19;-611],8,[NaN;NaN;0],[-487;-363;-269],14,[0;0;NaN]},{'O',[487;363;611],15,[487;363;611],15,0},{'M',[-822;-347;-269],15,[-411;-347;-756],11,[1;0;NaN],[-487;-363;-269],14,[NaN;NaN;0]},{'O',[822;347;269],15,[822;347;269],15,0},{'M',[366;244;721],13,[-10;244;258],4,[NaN;0;NaN],[183;109;-270],10,[1;NaN;NaN],[-61;-403;721],12,[NaN;NaN;0]},{'O',[366;244;721],13,[366;244;721],13,0}}
Adder graph: {{'M',[64;64;1],1,[1;1;1],0,[6;6;0]},{'M',[1;4;4],1,[1;1;1],0,[0;2;2]},{'A',[112;64;66],2,[64;64;1],1,1,[-1;-4;4],1,4},{'M',[2;2;1],1,[1;1;1],0,[1;1;0]},{'M',[1;1;512],1,[1;1;1],0,[0;0;9]},{'A',[-2;6;2049],2,[2;2;1],1,0,[-1;1;512],1,2},{'M',[-2;6;1],3,[1;1;1],0,[NaN;NaN;0],[-2;6;2049],2,[0;0;NaN]},{'M',[112;64;32],3,[1;1;1],0,[NaN;NaN;5],[112;64;66],2,[0;0;NaN]},{'A',[-114;70;-31],4,[-2;6;1],3,0,[-112;64;-32],3,0},{'M',[-114;280;-124],5,[-114;70;-31],4,[0;2;2]},{'M',[-114;256;256],5,[1;1;1],0,[NaN;8;8],[-114;70;-31],4,[0;NaN;NaN]},{'A',[-342;-232;-636],6,[-114;280;-124],5,0,[-114;-256;-256],5,1},{'M',[1;1;64],1,[1;1;1],0,[0;0;6]},{'M',[1;70;-31],5,[1;1;1],0,[0;NaN;NaN],[-114;70;-31],4,[NaN;0;0]},{'A',[5;281;188],6,[1;1;64],1,0,[1;70;31],5,2},{'M',[448;384;1],3,[1;1;1],0,[NaN;NaN;0],[112;64;66],2,[2;NaN;NaN],[-2;6;2049],2,[NaN;6;NaN]},{'A',[-443;-103;189],7,[5;281;188],6,0,[-448;-384;1],3,0},{'M',[-64;192;189],8,[-2;6;2049],2,[5;5;NaN],[-443;-103;189],7,[NaN;NaN;0]},{'M',[-886;70;256],8,[1;1;1],0,[NaN;NaN;8],[-114;70;-31],4,[NaN;0;NaN],[-443;-103;189],7,[1;NaN;NaN]},{'A',[822;122;445],9,[-64;192;189],8,0,[886;-70;256],8,0},{'M',[1;244;2049],10,[1;1;1],0,[0;NaN;NaN],[-2;6;2049],2,[NaN;NaN;0],[822;122;445],9,[NaN;1;NaN]},{'M',[10;-103;1780],10,[5;281;188],6,[1;NaN;NaN],[-443;-103;189],7,[NaN;0;NaN],[822;122;445],9,[NaN;NaN;2]},{'A',[11;347;269],11,[1;244;2049],10,0,[10;103;-1780],10,0},{'M',[11;4;264],12,[1;1;1],0,[NaN;2;NaN],[112;64;66],2,[NaN;NaN;2],[11;347;269],11,[0;NaN;NaN]},{'M',[-443;347;445],12,[-443;-103;189],7,[0;NaN;NaN],[822;122;445],9,[NaN;NaN;0],[11;347;269],11,[NaN;0;NaN]},{'A',[487;363;611],13,[11;4;264],12,2,[443;347;-445],12,0},{'M',[-456;281;-31],7,[-114;70;-31],4,[2;NaN;0],[5;281;188],6,[NaN;0;NaN]},{'M',[822;122;752],10,[5;281;188],6,[NaN;NaN;2],[822;122;445],9,[0;0;NaN]},{'A',[366;403;721],11,[-456;281;-31],7,0,[822;122;752],10,0},{'M',[160;403;756],12,[5;281;188],6,[5;NaN;NaN],[-443;-103;189],7,[NaN;NaN;2],[366;403;721],11,[NaN;0;NaN]},{'O',[160;403;756],12,[160;403;756],12,0},{'M',[-342;-103;-636],8,[-342;-232;-636],6,[0;NaN;0],[-443;-103;189],7,[NaN;0;NaN]},{'O',[342;103;636],8,[342;103;636],8,0},{'O',[487;363;611],13,[487;363;611],13,0},{'M',[822;347;269],12,[822;122;445],9,[0;NaN;NaN],[11;347;269],11,[NaN;0;0]},{'O',[822;347;269],12,[822;347;269],12,0},{'M',[366;244;721],12,[822;122;445],9,[NaN;1;NaN],[366;403;721],11,[0;NaN;0]},{'O',[366;244;721],12,[366;244;721],12,0}}
Adder graph: {{'M',[1;2;1],1,[1;1;1],0,[0;1;0]},{'M',[1;1;2],1,[1;1;1],0,[0;0;1]},{'A',[3;7;6],2,[1;2;1],1,2,[-1;-1;2],1,0},{'M',[6;7;16],3,[1;1;1],0,[NaN;NaN;4],[3;7;6],2,[1;0;NaN]},{'M',[64;512;1],1,[1;1;1],0,[6;9;0]},{'A',[-58;-505;17],4,[6;7;16],3,0,[-64;-512;1],1,0},{'M',[3;448;6],3,[3;7;6],2,[0;6;0]},{'A',[64;391;29],5,[3;448;6],3,1,[58;-505;17],4,0},{'M',[-58;4;17],5,[1;1;1],0,[NaN;2;NaN],[-58;-505;17],4,[0;NaN;0]},{'M',[64;391;384],6,[3;7;6],2,[NaN;NaN;6],[64;391;29],5,[0;0;NaN]},{'A',[-122;-387;-367],7,[-58;4;17],5,0,[-64;-391;-384],6,0},{'M',[-58;16;272],5,[1;1;1],0,[NaN;4;NaN],[-58;-505;17],4,[0;NaN;4]},{'M',[96;-387;192],8,[3;7;6],2,[5;NaN;5],[-122;-387;-367],7,[NaN;0;NaN]},{'A',[-154;403;80],9,[-58;16;272],5,0,[-96;387;-192],8,0},{'M',[-122;1792;-367],8,[3;7;6],2,[NaN;8;NaN],[-122;-387;-367],7,[0;NaN;0]},{'M',[-122;-387;272],8,[-58;-505;17],4,[NaN;NaN;4],[-122;-387;-367],7,[0;0;NaN]},{'A',[366;244;721],9,[-122;1792;-367],8,0,[122;-387;272],8,2},{'M',[1;1;29],6,[1;1;1],0,[0;0;NaN],[64;391;29],5,[NaN;NaN;0]},{'M',[-244;7;80],10,[3;7;6],2,[NaN;0;NaN],[-122;-387;-367],7,[1;NaN;NaN],[-154;403;80],9,[NaN;NaN;0]},{'A',[-487;15;189],11,[1;1;29],6,0,[-244;7;80],10,1},{'M',[-976;56;189],12,[3;7;6],2,[NaN;3;NaN],[-122;-387;-367],7,[3;NaN;NaN],[-487;15;189],11,[NaN;NaN;0]},{'A',[822;347;269],13,[-154;403;80],9,0,[976;-56;189],12,0},{'M',[366;347;269],14,[366;244;721],9,[0;NaN;NaN],[822;347;269],13,[NaN;0;0]},{'M',[24;244;-367],10,[3;7;6],2,[3;NaN;NaN],[-122;-387;-367],7,[NaN;NaN;0],[366;244;721],9,[NaN;0;NaN]},{'A',[342;103;636],15,[366;347;269],14,0,[-24;-244;367],10,0},{'M',[16;28;29],6,[1;1;1],0,[4;NaN;NaN],[3;7;6],2,[NaN;2;NaN],[64;391;29],5,[NaN;NaN;0]},{'M',[64;391;640],10,[64;391;29],5,[0;0;NaN],[-154;403;80],9,[NaN;NaN;3]},{'A',[80;-363;-611],11,[16;28;29],6,0,[64;-391;-640],10,0},{'M',[160;403;756],12,[-154;403;80],9,[NaN;0;NaN],[-487;15;189],11,[NaN;NaN;2],[80;-363;-611],11,[1;NaN;NaN]},{'O',[160;403;756],12,[160;403;756],12,0},{'O',[342;103;636],15,[342;103;636],15,0},{'M',[-487;-363;-611],12,[-487;15;189],11,[0;NaN;NaN],[80;-363;-611],11,[NaN;0;0]},{'O',[487;363;611],12,[487;363;611],12,0},{'O',[822;347;269],13,[822;347;269],13,0},{'O',[366;244;721],9,[366;244;721],9,0}}
Adder graph: {{'M',[1024;1;128],1,[1;1;1],0,[10;0;7]},{'A',[960;-63;192],2,[1024;1;128],1,0,[-1;-1;1],0,6},{'M',[16;-63;2],3,[1;1;1],0,[4;NaN;1],[960;-63;192],2,[NaN;0;NaN]},{'M',[1;64;64],1,[1;1;1],0,[0;6;6]},{'A',[14;65;-126],4,[16;-63;2],3,0,[-1;64;-64],1,1},{'M',[8;1;1],1,[1;1;1],0,[3;0;0]},{'M',[14;2;192],5,[1;1;1],0,[NaN;1;NaN],[960;-63;192],2,[NaN;NaN;0],[14;65;-126],4,[0;NaN;NaN]},{'A',[78;10;-184],6,[8;1;1],1,3,[14;2;-192],5,0},{'M',[1;-63;1],3,[1;1;1],0,[0;NaN;0],[960;-63;192],2,[NaN;0;NaN]},{'M',[78;20;-368],7,[78;10;-184],6,[0;1;1]},{'A',[-155;-103;737],8,[1;-63;1],3,0,[-78;-20;368],7,1},{'M',[8;-103;-1008],9,[1;1;1],0,[3;NaN;NaN],[14;65;-126],4,[NaN;NaN;3],[-155;-103;737],8,[NaN;0;NaN]},{'A',[20;233;756],10,[14;65;-126],4,1,[-8;103;1008],9,0},{'M',[56;260;-126],5,[14;65;-126],4,[2;2;0]},{'M',[512;-103;737],9,[1;1;1],0,[9;NaN;NaN],[-155;-103;737],8,[NaN;0;0]},{'A',[-456;363;611],10,[56;260;-126],5,0,[-512;103;737],9,0},{'M',[14;65;-252],5,[14;65;-126],4,[0;0;1]},{'M',[-155;8;64],9,[1;1;1],0,[NaN;3;6],[-155;-103;737],8,[0;NaN;NaN]},{'A',[366;244;-880],10,[14;65;-252],5,2,[155;-8;64],9,1},{'A',[487;1;-159],5,[14;65;-126],4,-1,[960;-63;-192],2,-1},{'M',[-155;-103;-159],9,[-155;-103;737],8,[0;0;NaN],[487;1;-159],5,[NaN;NaN;0]},{'M',[16;244;-880],11,[1;1;1],0,[4;NaN;NaN],[366;244;-880],10,[NaN;0;0]},{'A',[-171;-347;721],12,[-155;-103;-159],9,0,[-16;-244;880],11,0},{'M',[366;40;-880],11,[78;10;-184],6,[NaN;2;NaN],[366;244;-880],10,[0;NaN;0]},{'A',[-822;403;-269],12,[-456;363;611],10,0,[-366;40;-880],11,0},{'M',[160;403;756],13,[20;233;756],10,[3;NaN;0],[-822;403;-269],12,[NaN;0;NaN]},{'O',[160;403;756],13,[160;403;756],13,0},{'M',[-342;-103;-636],13,[-155;-103;737],8,[NaN;0;NaN],[487;1;-159],5,[NaN;NaN;2],[-171;-347;721],12,[1;NaN;NaN]},{'O',[342;103;636],13,[342;103;636],13,0},{'M',[487;363;611],11,[-456;363;611],10,[NaN;0;0],[487;1;-159],5,[0;NaN;NaN]},{'O',[487;363;611],11,[487;363;611],11,0},{'M',[-822;-347;-269],13,[-171;-347;721],12,[NaN;0;NaN],[-822;403;-269],12,[0;NaN;0]},{'O',[822;347;269],13,[822;347;269],13,0},{'M',[366;244;721],13,[366;244;-880],10,[0;0;NaN],[-171;-347;721],12,[NaN;NaN;0]},{'O',[366;244;721],13,[366;244;721],13,0}}
Adder graph: {{'M',[128;4;1],1,[1;1;1],0,[7;2;0]},{'M',[32;1;8],1,[1;1;1],0,[5;0;3]},{'A',[480;15;12],2,[128;4;1],1,2,[-32;-1;8],1,0},{'M',[1;1;16],1,[1;1;1],0,[0;0;4]},{'M',[1;30;24],3,[1;1;1],0,[0;NaN;NaN],[480;15;12],2,[NaN;1;1]},{'A',[12;-104;352],4,[1;1;16],1,4,[-1;-30;24],3,2},{'M',[48;-416;1],5,[1;1;1],0,[NaN;NaN;0],[12;-104;352],4,[2;2;NaN]},{'M',[6144;1;256],5,[1;1;1],0,[NaN;0;8],[12;-104;352],4,[9;NaN;NaN]},{'A',[-5952;-1663;260],6,[48;-416;1],5,2,[-6144;1;256],5,0},{'A',[-342;-103;17],7,[-5952;-1663;260],6,-4,[480;15;12],2,-4},{'A',[366;-311;721],8,[12;-104;352],4,1,[342;-103;17],7,0},{'M',[1;60;68],8,[1;1;1],0,[0;NaN;NaN],[480;15;12],2,[NaN;2;NaN],[-342;-103;17],7,[NaN;NaN;2]},{'M',[8;1;1],1,[1;1;1],0,[3;0;0]},{'A',[-7;61;67],9,[1;60;68],8,0,[-8;1;-1],1,0},{'M',[16;-104;17],8,[1;1;1],0,[4;NaN;NaN],[12;-104;352],4,[NaN;0;NaN],[-342;-103;17],7,[NaN;NaN;0]},{'M',[12;1;352],5,[1;1;1],0,[NaN;0;NaN],[12;-104;352],4,[0;NaN;0]},{'A',[40;-418;-636],9,[16;-104;17],8,2,[-12;-1;-352],5,1},{'M',[640;-418;768],10,[480;15;12],2,[NaN;NaN;6],[40;-418;-636],9,[4;0;NaN]},{'A',[-160;-403;-756],11,[480;15;12],2,0,[-640;-418;-768],10,0},{'M',[480;244;268],10,[480;15;12],2,[0;NaN;NaN],[-7;61;67],9,[NaN;2;2]},{'M',[-342;-103;1],8,[1;1;1],0,[NaN;NaN;0],[-342;-103;17],7,[0;0;NaN]},{'A',[822;347;269],11,[480;244;268],10,0,[342;103;1],8,0},{'M',[480;347;67],12,[480;15;12],2,[0;NaN;NaN],[-7;61;67],9,[NaN;NaN;0],[822;347;269],11,[NaN;0;NaN]},{'M',[-7;16;544],10,[1;1;1],0,[NaN;4;NaN],[-342;-103;17],7,[NaN;NaN;5],[-7;61;67],9,[0;NaN;NaN]},{'A',[487;363;611],13,[480;347;67],12,0,[7;16;544],10,0},{'O',[160;403;756],11,[160;403;756],11,0},{'M',[-342;-103;-636],10,[-342;-103;17],7,[0;0;NaN],[40;-418;-636],9,[NaN;NaN;0]},{'O',[342;103;636],10,[342;103;636],10,0},{'O',[487;363;611],13,[487;363;611],13,0},{'O',[822;347;269],11,[822;347;269],11,0},{'M',[366;244;721],10,[366;-311;721],8,[0;NaN;0],[-7;61;67],9,[NaN;2;NaN]},{'O',[366;244;721],10,[366;244;721],10,0}}
Adder graph: {{'M',[1;2;1],1,[1;1;1],0,[0;1;0]},{'A',[5;7;5],2,[1;2;1],1,2,[1;-1;1],0,0},{'M',[512;1;1],1,[1;1;1],0,[9;0;0]},{'M',[5;56;40],3,[5;7;5],2,[0;3;3]},{'A',[502;113;81],4,[512;1;1],1,0,[-5;56;40],3,1},{'M',[5;8;5],3,[1;1;1],0,[NaN;3;NaN],[5;7;5],2,[0;NaN;0]},{'A',[3;10;3],4,[5;8;5],3,0,[-1;1;-1],0,1},{'M',[128;1;128],1,[1;1;1],0,[7;0;7]},{'M',[5;64;5],3,[1;1;1],0,[NaN;6;NaN],[5;7;5],2,[0;NaN;0]},{'A',[123;-63;133],4,[128;1;128],1,0,[-5;-64;5],3,0},{'M',[192;7;192],5,[5;7;5],2,[NaN;0;NaN],[3;10;3],4,[6;NaN;6]},{'M',[192;-63;12],5,[3;10;3],4,[6;NaN;2],[123;-63;133],4,[NaN;0;NaN]},{'A',[576;91;756],6,[192;7;192],5,2,[-192;63;-12],5,0},{'M',[160;10;640],5,[5;7;5],2,[5;NaN;7],[3;10;3],4,[NaN;0;NaN]},{'A',[-342;-103;721],6,[160;10;640],5,0,[-502;-113;81],4,0},{'M',[123;128;133],5,[1;1;1],0,[NaN;7;NaN],[123;-63;133],4,[0;NaN;0]},{'M',[576;91;3],7,[3;10;3],4,[NaN;NaN;0],[576;91;756],6,[0;0;NaN]},{'A',[822;347;269],8,[123;128;133],5,1,[576;91;3],7,0},{'M',[123;91;133],7,[123;-63;133],4,[0;NaN;0],[576;91;756],6,[NaN;0;NaN]},{'M',[5;1;1],3,[1;1;1],0,[NaN;0;0],[5;7;5],2,[0;NaN;NaN]},{'A',[487;363;531],8,[123;91;133],7,2,[-5;-1;-1],3,0},{'M',[24;347;80],9,[5;7;5],2,[NaN;NaN;4],[3;10;3],4,[3;NaN;NaN],[822;347;269],8,[NaN;0;NaN]},{'M',[-342;-103;531],9,[-342;-103;721],6,[0;0;NaN],[487;363;531],8,[NaN;NaN;0]},{'A',[366;244;611],10,[24;347;80],9,0,[342;-103;531],9,0},{'M',[4016;363;648],9,[502;113;81],4,[3;NaN;3],[487;363;531],8,[NaN;0;NaN]},{'A',[4028;403;-636],10,[3;10;3],4,2,[4016;363;-648],9,0},{'M',[160;403;756],11,[5;7;5],2,[5;NaN;NaN],[576;91;756],6,[NaN;NaN;0],[4028;403;-636],10,[NaN;0;NaN]},{'O',[160;403;756],11,[160;403;756],11,0},{'M',[-342;-103;-636],11,[-342;-103;721],6,[0;0;NaN],[4028;403;-636],10,[NaN;NaN;0]},{'O',[342;103;636],11,[342;103;636],11,0},{'M',[487;363;611],11,[487;363;531],8,[0;0;NaN],[366;244;611],10,[NaN;NaN;0]},{'O',[487;363;611],11,[487;363;611],11,0},{'O',[822;347;269],8,[822;347;269],8,0},{'M',[366;244;721],11,[-342;-103;721],6,[NaN;NaN;0],[366;244;611],10,[0;0;NaN]},{'O',[366;244;721],11,[366;244;721],11,0}}
Adder graph: {{'M',[512;1;1],1,[1;1;1],0,[9;0;0]},{'M',[1;1;512],1,[1;1;1],0,[0;0;9]},{'A',[513;2;-511],2,[512;1;1],1,0,[1;1;-512],1,0},{'M',[8;1;8],1,[1;1;1],0,[3;0;3]},{'A',[-6;3;10],2,[1;1;1],0,1,[-8;1;8],1,0},{'M',[-24;12;-511],3,[513;2;-511],2,[NaN;NaN;0],[-6;3;10],2,[2;2;NaN]},{'M',[2;1;320],3,[1;1;1],0,[1;0;NaN],[-6;3;10],2,[NaN;NaN;5]},{'A',[-26;13;-831],4,[-24;12;-511],3,0,[-2;1;-320],3,0},{'M',[-6;3;2],3,[1;1;1],0,[NaN;NaN;1],[-6;3;10],2,[0;0;NaN]},{'M',[32;3;32],3,[1;1;1],0,[5;NaN;5],[-6;3;10],2,[NaN;0;NaN]},{'A',[-134;-9;-126],4,[-6;3;2],3,0,[-32;-3;-32],3,2},{'M',[-26;13;-252],5,[-26;13;-831],4,[0;0;NaN],[-134;-9;-126],4,[NaN;NaN;1]},{'M',[-134;416;-126],5,[-26;13;-831],4,[NaN;5;NaN],[-134;-9;-126],4,[0;NaN;0]},{'A',[-160;-403;-378],6,[-26;13;-252],5,0,[-134;-416;-126],5,0},{'M',[64;-36;1],5,[1;1;1],0,[6;NaN;0],[-134;-9;-126],4,[NaN;2;NaN]},{'M',[-26;13;10],5,[-6;3;10],2,[NaN;NaN;0],[-26;13;-831],4,[0;0;NaN]},{'A',[480;-244;-159],6,[64;-36;1],5,0,[26;-13;-10],5,4},{'M',[-134;1;-126],5,[1;1;1],0,[NaN;0;NaN],[-134;-9;-126],4,[0;NaN;0]},{'M',[-26;13;2],5,[1;1;1],0,[NaN;NaN;1],[-26;13;-831],4,[0;0;NaN]},{'A',[-342;-103;-110],6,[-134;1;-126],5,0,[-26;-13;2],5,3},{'M',[513;-206;-220],7,[513;2;-511],2,[0;NaN;NaN],[-342;-103;-110],6,[NaN;1;1]},{'A',[487;-219;611],8,[513;-206;-220],7,0,[-26;-13;831],4,0},{'A',[-822;-347;-269],7,[-342;-103;-110],6,0,[-480;-244;-159],6,0},{'M',[-342;16;-110],7,[513;2;-511],2,[NaN;3;NaN],[-342;-103;-110],6,[0;NaN;0]},{'M',[-24;-347;611],9,[-6;3;10],2,[2;NaN;NaN],[487;-219;611],8,[NaN;NaN;0],[-822;-347;-269],7,[NaN;0;NaN]},{'A',[-366;363;-721],10,[-342;16;-110],7,0,[-24;347;-611],9,0},{'M',[-160;-403;-756],7,[-160;-403;-378],6,[0;0;1]},{'O',[160;403;756],7,[160;403;756],7,0},{'M',[-342;-103;-636],7,[480;-244;-159],6,[NaN;NaN;2],[-342;-103;-110],6,[0;0;NaN]},{'O',[342;103;636],7,[342;103;636],7,0},{'M',[487;363;611],11,[487;-219;611],8,[0;NaN;0],[-366;363;-721],10,[NaN;0;NaN]},{'O',[487;363;611],11,[487;363;611],11,0},{'O',[822;347;269],7,[822;347;269],7,0},{'M',[-366;-244;-721],11,[480;-244;-159],6,[NaN;0;NaN],[-366;363;-721],10,[0;NaN;0]},{'O',[366;244;721],11,[366;244;721],11,0}}
Adder graph: {{'M',[2;1;1],1,[1;1;1],0,[1;0;0]},{'A',[6;-3;5],2,[2;1;1],1,0,[1;-1;1],0,2},{'M',[1;-3;5],3,[1;1;1],0,[0;NaN;NaN],[6;-3;5],2,[NaN;0;0]},{'A',[7;11;13],4,[1;1;1],0,3,[-1;3;5],3,0},{'M',[24;16;5],3,[1;1;1],0,[NaN;4;NaN],[6;-3;5],2,[2;NaN;0]},{'A',[390;259;85],4,[24;16;5],3,4,[6;3;5],2,0},{'M',[28;259;52],5,[7;11;13],4,[2;NaN;2],[390;259;85],4,[NaN;0;NaN]},{'M',[7;1;13],5,[1;1;1],0,[NaN;0;NaN],[7;11;13],4,[0;NaN;0]},{'A',[21;260;39],6,[28;259;52],5,0,[-7;1;-13],5,0},{'M',[1;1;2],1,[1;1;1],0,[0;0;1]},{'M',[1;128;128],1,[1;1;1],0,[0;7;7]},{'A',[15;144;160],2,[1;1;2],1,4,[-1;128;128],1,0},{'M',[42;259;85],7,[390;259;85],4,[NaN;0;0],[21;260;39],6,[1;NaN;NaN]},{'M',[390;44;52],5,[7;11;13],4,[NaN;2;2],[390;259;85],4,[0;NaN;NaN]},{'A',[822;347;189],8,[42;259;85],7,0,[390;44;52],5,1},{'M',[1;259;1],5,[1;1;1],0,[0;NaN;0],[390;259;85],4,[NaN;0;NaN]},{'M',[4;144;160],3,[1;1;1],0,[2;NaN;NaN],[15;144;160],2,[NaN;0;0]},{'A',[5;403;-159],6,[1;259;1],5,0,[4;144;-160],3,0},{'M',[390;256;85],5,[1;1;1],0,[NaN;8;NaN],[390;259;85],4,[0;NaN;0]},{'M',[6;-3;-159],7,[6;-3;5],2,[0;0;NaN],[5;403;-159],6,[NaN;NaN;0]},{'A',[366;244;721],8,[390;256;85],5,0,[-6;-3;159],7,2},{'M',[480;244;80],9,[6;-3;5],2,[NaN;NaN;4],[15;144;160],2,[5;NaN;NaN],[366;244;721],8,[NaN;0;NaN]},{'A',[-342;-103;269],10,[480;244;80],9,0,[-822;-347;189],8,0},{'M',[30;22;39],7,[7;11;13],4,[NaN;1;NaN],[21;260;39],6,[NaN;NaN;0],[15;144;160],2,[1;NaN;NaN]},{'A',[487;363;611],8,[30;22;39],7,4,[7;11;-13],4,0},{'M',[160;403;756],9,[822;347;189],8,[NaN;NaN;2],[5;403;-159],6,[5;0;NaN]},{'O',[160;403;756],9,[160;403;756],9,0},{'M',[-342;-103;-636],11,[5;403;-159],6,[NaN;NaN;2],[-342;-103;269],10,[0;0;NaN]},{'O',[342;103;636],11,[342;103;636],11,0},{'O',[487;363;611],8,[487;363;611],8,0},{'M',[822;347;269],11,[822;347;189],8,[0;0;NaN],[-342;-103;269],10,[NaN;NaN;0]},{'O',[822;347;269],11,[822;347;269],11,0},{'O',[366;244;721],8,[366;244;721],8,0}}
Adder graph: {{'M',[16;1;16],1,[1;1;1],0,[4;0;4]},{'A',[18;3;18],2,[1;1;1],0,1,[16;1;16],1,0},{'M',[1;3;36],3,[1;1;1],0,[0;NaN;NaN],[18;3;18],2,[NaN;0;1]},{'A',[63;61;100],4,[1;1;1],0,6,[-1;-3;36],3,0},{'M',[63;6;100],5,[18;3;18],2,[NaN;1;NaN],[63;61;100],4,[0;NaN;0]},{'A',[81;9;-82],6,[18;3;18],2,0,[63;6;-100],5,0},{'M',[128;128;100],5,[1;1;1],0,[7;7;NaN],[63;61;100],4,[NaN;NaN;0]},{'M',[4;9;-82],7,[1;1;1],0,[2;NaN;NaN],[81;9;-82],6,[NaN;0;0]},{'A',[160;200;756],8,[128;128;100],5,0,[4;9;82],7,3},{'M',[324;1;1],7,[1;1;1],0,[NaN;0;0],[81;9;-82],6,[2;NaN;NaN]},{'A',[164;201;-755],9,[324;1;1],7,0,[-160;200;-756],8,0},{'A',[342;506;636],7,[63;61;100],4,3,[-81;9;-82],6,1},{'M',[160;402;144],10,[18;3;18],2,[NaN;NaN;3],[160;200;756],8,[0;NaN;NaN],[164;201;-755],9,[NaN;1;NaN]},{'A',[159;403;145],11,[160;402;144],10,0,[-1;1;1],0,0},{'M',[342;506;576],8,[18;3;18],2,[NaN;NaN;5],[342;506;636],7,[0;0;NaN]},{'A',[183;103;721],12,[342;506;576],8,0,[-159;-403;145],11,0},{'M',[63;61;256],5,[1;1;1],0,[NaN;NaN;8],[63;61;100],4,[0;0;NaN]},{'M',[159;103;-755],13,[164;201;-755],9,[NaN;NaN;0],[159;403;145],11,[0;NaN;NaN],[183;103;721],12,[NaN;0;NaN]},{'A',[411;347;269],14,[63;61;256],5,2,[159;103;-755],13,0},{'M',[328;16;756],10,[1;1;1],0,[NaN;4;NaN],[160;200;756],8,[NaN;NaN;0],[164;201;-755],9,[1;NaN;NaN]},{'M',[159;347;145],15,[159;403;145],11,[0;NaN;0],[411;347;269],14,[NaN;0;NaN]},{'A',[487;363;611],16,[328;16;756],10,0,[159;347;-145],15,0},{'M',[160;403;756],12,[160;200;756],8,[0;NaN;0],[159;403;145],11,[NaN;0;NaN]},{'O',[160;403;756],12,[160;403;756],12,0},{'M',[342;103;636],13,[342;506;636],7,[0;NaN;0],[183;103;721],12,[NaN;0;NaN]},{'O',[342;103;636],13,[342;103;636],13,0},{'O',[487;363;611],16,[487;363;611],16,0},{'M',[822;347;269],15,[411;347;269],14,[1;0;0]},{'O',[822;347;269],15,[822;347;269],15,0},{'M',[366;244;721],13,[63;61;100],4,[NaN;2;NaN],[183;103;721],12,[1;NaN;0]},{'O',[366;244;721],13,[366;244;721],13,0}}
Adder graph: {{'A',[5;3;3],1,[1;1;1],0,2,[1;-1;-1],0,0},{'M',[1;1;48],2,[1;1;1],0,[0;0;NaN],[5;3;3],1,[NaN;NaN;4]},{'M',[5;3;384],2,[5;3;3],1,[0;0;7]},{'A',[11;-5;-720],3,[1;1;48],2,0,[5;-3;-384],2,1},{'M',[11;-5;16],4,[1;1;1],0,[NaN;NaN;4],[11;-5;-720],3,[0;0;NaN]},{'A',[651;379;368],5,[5;3;3],1,7,[11;-5;-16],4,0},{'M',[40;-5;3],4,[5;3;3],1,[3;NaN;0],[11;-5;-720],3,[NaN;0;NaN]},{'M',[11;256;256],4,[1;1;1],0,[NaN;8;8],[11;-5;-720],3,[0;NaN;NaN]},{'A',[171;-276;268],5,[40;-5;3],4,2,[11;-256;256],4,0},{'M',[8;3;4],2,[1;1;1],0,[3;NaN;2],[5;3;3],1,[NaN;0;NaN]},{'M',[5;3;12],2,[5;3;3],1,[0;0;2]},{'A',[123;45;76],3,[8;3;4],2,4,[-5;-3;12],2,0},{'M',[651;379;1],6,[1;1;1],0,[NaN;NaN;0],[651;379;368],5,[0;0;NaN]},{'M',[171;32;268],6,[1;1;1],0,[NaN;5;NaN],[171;-276;268],5,[0;NaN;0]},{'A',[822;347;269],7,[651;379;1],6,0,[171;-32;268],6,0},{'A',[-480;103;636],6,[171;-276;268],5,0,[-651;379;368],5,0},{'M',[22;379;1024],6,[1;1;1],0,[NaN;NaN;10],[11;-5;-720],3,[1;NaN;NaN],[651;379;368],5,[NaN;0;NaN]},{'M',[171;24;268],6,[5;3;3],1,[NaN;3;NaN],[171;-276;268],5,[0;NaN;0]},{'A',[193;403;756],7,[22;379;1024],6,0,[171;24;-268],6,0},{'M',[123;90;152],4,[123;45;76],3,[0;1;1]},{'A',[487;363;611],5,[123;90;152],4,2,[-5;3;3],1,0},{'M',[20;12;-720],4,[5;3;3],1,[2;2;NaN],[11;-5;-720],3,[NaN;NaN;0]},{'M',[386;256;1],8,[1;1;1],0,[NaN;8;0],[193;403;756],7,[1;NaN;NaN]},{'A',[-366;-244;-721],9,[20;12;-720],4,0,[-386;-256;-1],8,0},{'M',[160;403;756],8,[5;3;3],1,[5;NaN;NaN],[193;403;756],7,[NaN;0;0]},{'O',[160;403;756],8,[160;403;756],8,0},{'M',[342;103;636],7,[171;-276;268],5,[1;NaN;NaN],[-480;103;636],6,[NaN;0;0]},{'O',[342;103;636],7,[342;103;636],7,0},{'O',[487;363;611],5,[487;363;611],5,0},{'O',[822;347;269],7,[822;347;269],7,0},{'O',[366;244;721],9,[366;244;721],9,0}}
Adder graph: {{'A',[3;1;3],1,[1;1;1],0,1,[1;-1;1],0,0},{'M',[2;1;1],1,[1;1;1],0,[1;0;0]},{'A',[35;15;19],2,[2;1;1],1,4,[3;-1;3],1,0},{'M',[3;4;4],2,[1;1;1],0,[NaN;2;2],[3;1;3],1,[0;NaN;NaN]},{'A',[23;31;35],3,[35;15;19],2,0,[-3;4;4],2,2},{'M',[23;31;96],4,[3;1;3],1,[NaN;NaN;5],[23;31;35],3,[0;0;NaN]},{'M',[6;1;3],2,[3;1;3],1,[1;0;0]},{'A',[80;122;378],5,[23;31;96],4,2,[-6;-1;-3],2,1},{'M',[80;128;378],6,[1;1;1],0,[NaN;7;NaN],[80;122;378],5,[0;NaN;0]},{'A',[183;225;721],7,[80;128;378],6,1,[23;-31;-35],3,0},{'M',[23;31;70],4,[23;31;35],3,[0;0;1]},{'A',[207;217;595],5,[23;31;70],4,3,[23;-31;35],3,0},{'M',[183;225;128],8,[1;1;1],0,[NaN;NaN;7],[183;225;721],7,[0;0;NaN]},{'M',[207;122;756],6,[80;122;378],5,[NaN;0;1],[207;217;595],5,[0;NaN;NaN]},{'A',[-24;347;-628],9,[183;225;128],8,0,[-207;122;-756],6,0},{'M',[207;217;152],6,[35;15;19],2,[NaN;NaN;3],[207;217;595],5,[0;0;NaN]},{'M',[3;31;35],4,[3;1;3],1,[0;NaN;NaN],[23;31;35],3,[NaN;0;0]},{'A',[411;403;269],7,[207;217;152],6,1,[-3;-31;-35],4,0},{'M',[35;2;2],3,[1;1;1],0,[NaN;1;1],[35;15;19],2,[0;NaN;NaN]},{'M',[207;347;595],10,[207;217;595],5,[0;NaN;0],[-24;347;-628],9,[NaN;0;NaN]},{'A',[487;363;611],11,[35;2;2],3,3,[207;347;595],10,0},{'M',[183;225;4],8,[1;1;1],0,[NaN;NaN;2],[183;225;721],7,[0;0;NaN]},{'A',[342;103;636],10,[183;225;4],8,1,[-24;-347;628],9,0},{'M',[160;403;756],8,[80;122;378],5,[1;NaN;1],[411;403;269],7,[NaN;0;NaN]},{'O',[160;403;756],8,[160;403;756],8,0},{'O',[342;103;636],10,[342;103;636],10,0},{'O',[487;363;611],11,[487;363;611],11,0},{'M',[822;347;269],10,[-24;347;-628],9,[NaN;0;NaN],[411;403;269],7,[1;NaN;0]},{'O',[822;347;269],10,[822;347;269],10,0},{'M',[366;244;721],8,[80;122;378],5,[NaN;1;NaN],[183;225;721],7,[1;NaN;0]},{'O',[366;244;721],8,[366;244;721],8,0}}
Adder graph: {{'A',[6;6;6],1,[1;1;1],0,3,[-1;-1;-1],0,1},{'M',[12;6;6],2,[6;6;6],1,[1;0;0]},{'A',[23;13;13],3,[12;6;6],2,1,[-1;1;1],0,0},{'M',[23;52;52],4,[23;13;13],3,[0;2;2]},{'M',[1;1;6],2,[1;1;1],0,[0;0;NaN],[6;6;6],1,[NaN;NaN;0]},{'A',[47;103;110],5,[23;52;52],4,1,[1;-1;6],2,0},{'M',[47;26;16],6,[1;1;1],0,[NaN;NaN;4],[23;13;13],3,[NaN;1;NaN],[47;103;110],5,[0;NaN;NaN]},{'A',[775;403;269],7,[47;26;16],6,4,[23;-13;13],3,0},{'M',[1;1;24],2,[1;1;1],0,[0;0;NaN],[6;6;6],1,[NaN;NaN;2]},{'A',[10;2;-90],3,[6;6;6],1,0,[1;-1;-24],2,2},{'M',[2;2;6],2,[1;1;1],0,[1;1;NaN],[6;6;6],1,[NaN;NaN;0]},{'A',[122;122;378],3,[2;2;6],2,6,[-6;-6;-6],1,0},{'M',[244;244;1],4,[1;1;1],0,[NaN;NaN;0],[122;122;378],3,[1;1;NaN]},{'M',[122;16;-720],4,[10;2;-90],3,[NaN;3;3],[122;122;378],3,[0;NaN;NaN]},{'A',[366;260;721],5,[244;244;1],4,0,[122;16;720],4,0},{'A',[487;489;1511],4,[122;122;378],3,2,[-1;1;-1],0,0},{'M',[775;244;269],8,[775;403;269],7,[0;NaN;0],[122;122;378],3,[NaN;1;NaN]},{'A',[822;347;159],9,[775;244;269],8,0,[47;103;-110],5,0},{'M',[24;103;110],6,[6;6;6],1,[2;NaN;NaN],[47;103;110],5,[NaN;0;0]},{'A',[342;363;611],7,[366;260;721],5,0,[-24;103;-110],6,0},{'M',[160;403;756],8,[775;403;269],7,[NaN;0;NaN],[10;2;-90],3,[4;NaN;NaN],[122;122;378],3,[NaN;NaN;1]},{'O',[160;403;756],8,[160;403;756],8,0},{'M',[342;103;636],10,[47;103;110],5,[NaN;0;NaN],[822;347;159],9,[NaN;NaN;2],[342;363;611],7,[0;NaN;NaN]},{'O',[342;103;636],10,[342;103;636],10,0},{'M',[487;363;611],8,[487;489;1511],4,[0;NaN;NaN],[342;363;611],7,[NaN;0;0]},{'O',[487;363;611],8,[487;363;611],8,0},{'M',[822;347;269],10,[775;403;269],7,[NaN;NaN;0],[822;347;159],9,[0;0;NaN]},{'O',[822;347;269],10,[822;347;269],10,0},{'M',[366;244;721],6,[122;122;378],3,[NaN;1;NaN],[366;260;721],5,[0;NaN;0]},{'O',[366;244;721],6,[366;244;721],6,0}}
Adder graph: {{'M',[1;1;8],1,[1;1;1],0,[0;0;3]},{'A',[3;3;-15],2,[1;1;1],0,0,[1;1;-8],1,1},{'M',[1;64;-240],3,[1;1;1],0,[0;6;NaN],[3;3;-15],2,[NaN;NaN;4]},{'A',[5;-125;465],4,[3;3;-15],2,0,[1;-64;240],3,1},{'M',[8;8;1],1,[1;1;1],0,[3;3;0]},{'A',[61;61;23],3,[8;8;1],1,3,[-3;-3;15],2,0},{'M',[61;61;128],4,[1;1;1],0,[NaN;NaN;7],[61;61;23],3,[0;0;NaN]},{'M',[4;4;1],1,[1;1;1],0,[2;2;0]},{'A',[114;114;254],5,[61;61;128],4,1,[-4;-4;-1],1,1},{'M',[114;-125;254],6,[5;-125;465],4,[NaN;0;NaN],[114;114;254],5,[0;NaN;0]},{'M',[488;114;368],6,[61;61;23],3,[3;NaN;4],[114;114;254],5,[NaN;0;NaN]},{'A',[1090;103;990],7,[114;-125;254],6,0,[488;114;368],6,1},{'M',[12;12;465],5,[3;3;-15],2,[2;2;NaN],[5;-125;465],4,[NaN;NaN;0]},{'A',[268;244;721],6,[1;1;1],0,8,[12;-12;465],5,0},{'M',[114;114;128],6,[1;1;1],0,[NaN;NaN;7],[114;114;254],5,[0;0;NaN]},{'A',[342;342;636],7,[114;114;254],5,1,[114;114;128],6,0},{'A',[822;347;269],8,[1090;103;990],7,0,[-268;244;-721],6,0},{'M',[122;122;269],9,[61;61;23],3,[1;1;NaN],[822;347;269],8,[NaN;NaN;0]},{'M',[1;-125;465],5,[1;1;1],0,[0;NaN;NaN],[5;-125;465],4,[NaN;0;0]},{'A',[487;363;611],10,[122;122;269],9,2,[-1;-125;-465],5,0},{'M',[24;61;-120],4,[3;3;-15],2,[3;NaN;3],[61;61;23],3,[NaN;0;NaN]},{'A',[366;403;756],8,[342;342;636],7,0,[24;61;120],4,0},{'M',[160;403;756],9,[5;-125;465],4,[5;NaN;NaN],[366;403;756],8,[NaN;0;0]},{'O',[160;403;756],9,[160;403;756],9,0},{'M',[342;103;636],8,[1090;103;990],7,[NaN;0;NaN],[342;342;636],7,[0;NaN;0]},{'O',[342;103;636],8,[342;103;636],8,0},{'O',[487;363;611],10,[487;363;611],10,0},{'O',[822;347;269],8,[822;347;269],8,0},{'M',[366;244;721],9,[268;244;721],6,[NaN;0;0],[366;403;756],8,[0;NaN;NaN]},{'O',[366;244;721],9,[366;244;721],9,0}}
Adder graph: {{'A',[-7;9;9],1,[1;1;1],0,0,[-1;1;1],0,3},{'M',[1;1;36],2,[1;1;1],0,[0;0;NaN],[-7;9;9],1,[NaN;NaN;2]},{'A',[17;15;52],3,[1;1;1],0,4,[1;-1;36],2,0},{'A',[69;61;-207],4,[1;1;1],0,0,[17;15;-52],3,2},{'M',[1;16;1],1,[1;1;1],0,[0;4;0]},{'A',[-57;88;73],2,[-7;9;9],1,3,[-1;16;1],1,0},{'M',[-114;15;52],4,[17;15;52],3,[NaN;0;0],[-57;88;73],2,[1;NaN;NaN]},{'M',[-456;88;584],3,[-57;88;73],2,[3;0;3]},{'A',[342;103;636],5,[-114;15;52],4,0,[456;88;584],3,0},{'M',[32;9;-828],5,[1;1;1],0,[5;NaN;NaN],[-7;9;9],1,[NaN;0;NaN],[69;61;-207],4,[NaN;NaN;2]},{'M',[-28;103;18],6,[-7;9;9],1,[2;NaN;1],[342;103;636],5,[NaN;0;NaN]},{'A',[-80;-403;-756],7,[32;9;-828],5,0,[-28;-103;18],6,2},{'M',[32;61;-207],5,[1;1;1],0,[5;NaN;NaN],[69;61;-207],4,[NaN;0;0]},{'A',[480;451;305],6,[1;1;1],0,9,[-32;-61;-207],5,0},{'M',[480;244;305],7,[69;61;-207],4,[NaN;2;NaN],[480;451;305],6,[0;NaN;0]},{'M',[342;103;36],6,[-7;9;9],1,[NaN;NaN;2],[342;103;636],5,[0;0;NaN]},{'A',[822;347;269],8,[480;244;305],7,0,[342;103;-36],6,0},{'M',[480;451;538],9,[480;451;305],6,[0;0;NaN],[822;347;269],8,[NaN;NaN;1]},{'M',[-7;88;73],3,[-7;9;9],1,[0;NaN;NaN],[-57;88;73],2,[NaN;0;0]},{'A',[487;363;611],10,[480;451;538],9,0,[7;-88;73],3,0},{'M',[-57;60;208],4,[17;15;52],3,[NaN;2;2],[-57;88;73],2,[0;NaN;NaN]},{'A',[366;-331;721],7,[-57;60;208],4,1,[480;-451;305],6,0},{'M',[-160;-403;-756],8,[-80;-403;-756],7,[1;0;0]},{'O',[160;403;756],8,[160;403;756],8,0},{'O',[342;103;636],5,[342;103;636],5,0},{'O',[487;363;611],10,[487;363;611],10,0},{'O',[822;347;269],8,[822;347;269],8,0},{'M',[366;244;721],8,[69;61;-207],4,[NaN;2;NaN],[366;-331;721],7,[0;NaN;0]},{'O',[366;244;721],8,[366;244;721],8,0}}
Adder graph: {{'A',[5;5;-3],1,[1;1;1],0,0,[1;1;-1],0,2},{'M',[8;8;1],1,[1;1;1],0,[3;3;0]},{'M',[1;5;1],2,[1;1;1],0,[0;NaN;0],[5;5;-3],1,[NaN;0;NaN]},{'A',[17;21;1],3,[8;8;1],1,1,[1;5;-1],2,0},{'M',[272;21;16],4,[17;21;1],3,[4;0;4]},{'A',[273;22;17],5,[1;1;1],0,0,[272;21;16],4,0},{'M',[273;256;17],6,[1;1;1],0,[NaN;8;NaN],[273;22;17],5,[0;NaN;0]},{'A',[-367;-384;-367],7,[273;256;17],6,0,[-5;-5;-3],1,7},{'M',[34;42;-3],4,[5;5;-3],1,[NaN;NaN;0],[17;21;1],3,[1;1;NaN]},{'A',[60;212;122],5,[1;1;1],0,7,[-34;42;-3],4,1},{'M',[17;21;512],4,[1;1;1],0,[NaN;NaN;9],[17;21;1],3,[0;0;NaN]},{'A',[103;403;756],6,[60;212;122],5,1,[-17;-21;512],4,0},{'M',[160;160;-367],8,[5;5;-3],1,[5;5;NaN],[-367;-384;-367],7,[NaN;NaN;0]},{'M',[103;42;544],7,[17;21;1],3,[NaN;1;NaN],[273;22;17],5,[NaN;NaN;5],[103;403;756],6,[0;NaN;NaN]},{'A',[366;244;721],9,[160;160;-367],8,0,[103;42;544],7,1},{'M',[103;44;34],7,[273;22;17],5,[NaN;1;1],[103;403;756],6,[0;NaN;NaN]},{'M',[2;5;-3],2,[1;1;1],0,[1;NaN;NaN],[5;5;-3],1,[NaN;0;0]},{'A',[822;347;269],8,[103;44;34],7,3,[-2;-5;-3],2,0},{'M',[120;21;244],6,[17;21;1],3,[NaN;0;NaN],[60;212;122],5,[1;NaN;1]},{'A',[-487;-363;-611],8,[-367;-384;-367],7,0,[-120;21;-244],6,0},{'M',[480;244;-367],10,[-367;-384;-367],7,[NaN;NaN;0],[60;212;122],5,[3;NaN;NaN],[366;244;721],9,[NaN;0;NaN]},{'A',[342;103;636],11,[822;347;269],8,0,[-480;-244;367],10,0},{'M',[160;403;756],7,[5;5;-3],1,[5;NaN;NaN],[103;403;756],6,[NaN;0;0]},{'O',[160;403;756],7,[160;403;756],7,0},{'O',[342;103;636],11,[342;103;636],11,0},{'O',[487;363;611],8,[487;363;611],8,0},{'O',[822;347;269],8,[822;347;269],8,0},{'O',[366;244;721],9,[366;244;721],9,0}}
Adder graph: {{'A',[3;5;3],1,[1;1;1],0,2,[-1;1;-1],0,0},{'M',[3;1;3],2,[1;1;1],0,[NaN;0;NaN],[3;5;3],1,[0;NaN;0]},{'M',[4;1;4],1,[1;1;1],0,[2;0;2]},{'A',[-61;17;-61],3,[3;1;3],2,0,[-4;1;-4],1,4},{'A',[19;-11;-13],2,[3;5;3],1,0,[1;-1;-1],0,4},{'A',[183;-51;183],4,[-61;17;-61],3,0,[61;-17;61],3,2},{'A',[207;-91;159],5,[183;-51;183],4,0,[3;-5;-3],1,3},{'A',[30;122;-226],4,[-61;17;-61],3,1,[19;11;-13],2,3},{'M',[152;-88;3],3,[3;5;3],1,[NaN;NaN;0],[19;-11;-13],2,[3;3;NaN]},{'M',[768;-51;768],5,[3;5;3],1,[8;NaN;8],[183;-51;183],4,[NaN;0;NaN]},{'A',[-160;-403;-756],6,[152;-88;3],3,2,[-768;-51;-768],5,0},{'M',[207;64;64],6,[1;1;1],0,[NaN;6;6],[207;-91;159],5,[0;NaN;NaN]},{'M',[6;-91;-13],6,[3;5;3],1,[1;NaN;NaN],[19;-11;-13],2,[NaN;NaN;0],[207;-91;159],5,[NaN;0;NaN]},{'A',[822;347;269],7,[207;64;64],6,2,[-6;91;13],6,0},{'M',[-244;-182;-226],6,[-61;17;-61],3,[2;NaN;NaN],[207;-91;159],5,[NaN;1;NaN],[30;122;-226],4,[NaN;NaN;0]},{'M',[1;1;159],6,[1;1;1],0,[0;0;NaN],[207;-91;159],5,[NaN;NaN;0]},{'A',[-487;-363;-611],7,[-244;-182;-226],6,1,[1;1;-159],6,0},{'M',[240;122;-226],5,[30;122;-226],4,[3;0;0]},{'A',[342;103;721],8,[822;347;269],7,0,[-240;-122;226],5,1},{'O',[160;403;756],6,[160;403;756],6,0},{'M',[342;103;636],9,[207;-91;159],5,[NaN;NaN;2],[342;103;721],8,[0;0;NaN]},{'O',[342;103;636],9,[342;103;636],9,0},{'O',[487;363;611],7,[487;363;611],7,0},{'O',[822;347;269],7,[822;347;269],7,0},{'M',[366;244;721],9,[183;-51;183],4,[1;NaN;NaN],[30;122;-226],4,[NaN;1;NaN],[342;103;721],8,[NaN;NaN;0]},{'O',[366;244;721],9,[366;244;721],9,0}}
Finished solving after 259189 seconds
Adder graph: {{'A',[3;5;3],1,[1;1;1],0,2,[-1;1;-1],0,0},{'M',[3;1;3],2,[1;1;1],0,[NaN;0;NaN],[3;5;3],1,[0;NaN;0]},{'M',[4;1;4],1,[1;1;1],0,[2;0;2]},{'A',[-61;17;-61],3,[3;1;3],2,0,[-4;1;-4],1,4},{'A',[19;-11;-13],2,[3;5;3],1,0,[1;-1;-1],0,4},{'A',[183;-51;183],4,[-61;17;-61],3,0,[61;-17;61],3,2},{'A',[207;-91;159],5,[183;-51;183],4,0,[3;-5;-3],1,3},{'A',[30;122;-226],4,[-61;17;-61],3,1,[19;11;-13],2,3},{'M',[152;-88;3],3,[3;5;3],1,[NaN;NaN;0],[19;-11;-13],2,[3;3;NaN]},{'M',[768;-51;768],5,[3;5;3],1,[8;NaN;8],[183;-51;183],4,[NaN;0;NaN]},{'A',[-160;-403;-756],6,[152;-88;3],3,2,[-768;-51;-768],5,0},{'M',[207;64;64],6,[1;1;1],0,[NaN;6;6],[207;-91;159],5,[0;NaN;NaN]},{'M',[6;-91;-13],6,[3;5;3],1,[1;NaN;NaN],[19;-11;-13],2,[NaN;NaN;0],[207;-91;159],5,[NaN;0;NaN]},{'A',[822;347;269],7,[207;64;64],6,2,[-6;91;13],6,0},{'M',[-244;-182;-226],6,[-61;17;-61],3,[2;NaN;NaN],[207;-91;159],5,[NaN;1;NaN],[30;122;-226],4,[NaN;NaN;0]},{'M',[1;1;159],6,[1;1;1],0,[0;0;NaN],[207;-91;159],5,[NaN;NaN;0]},{'A',[-487;-363;-611],7,[-244;-182;-226],6,1,[1;1;-159],6,0},{'M',[240;122;-226],5,[30;122;-226],4,[3;0;0]},{'A',[342;103;721],8,[822;347;269],7,0,[-240;-122;226],5,1},{'O',[160;403;756],6,[160;403;756],6,0},{'M',[342;103;636],9,[207;-91;159],5,[NaN;NaN;2],[342;103;721],8,[0;0;NaN]},{'O',[342;103;636],9,[342;103;636],9,0},{'O',[487;363;611],7,[487;363;611],7,0},{'O',[822;347;269],7,[822;347;269],7,0},{'M',[366;244;721],9,[183;-51;183],4,[1;NaN;NaN],[30;122;-226],4,[NaN;1;NaN],[342;103;721],8,[NaN;NaN;0]},{'O',[366;244;721],9,[366;244;721],9,0}}
# Add optimal = 1
# Mux optimal = 0
# FAs optimal = 0
