Adder graph: {{'M',[128;1;4],1,[1;1;1],0,[7;0;2]},{'M',[1;64;1],1,[1;1;1],0,[0;6;0]},{'A',[127;65;5],2,[128;1;4],1,0,[-1;64;1],1,0},{'M',[127;4;640],3,[1;1;1],0,[NaN;2;NaN],[127;65;5],2,[0;NaN;7]},{'M',[8;65;1024],3,[1;1;1],0,[3;NaN;10],[127;65;5],2,[NaN;0;NaN]},{'A',[119;-61;-384],4,[127;4;640],3,0,[-8;-65;-1024],3,0},{'M',[2;2;5],3,[1;1;1],0,[1;1;NaN],[127;65;5],2,[NaN;NaN;0]},{'M',[64;-61;-384],5,[1;1;1],0,[6;NaN;NaN],[119;-61;-384],4,[NaN;0;0]},{'A',[68;-57;-374],6,[2;2;5],3,1,[64;-61;-384],5,0},{'M',[60928;1;8],5,[1;1;1],0,[NaN;0;3],[119;-61;-384],4,[9;NaN;NaN]},{'M',[127;512;-748],7,[1;1;1],0,[NaN;9;NaN],[127;65;5],2,[0;NaN;NaN],[68;-57;-374],6,[NaN;NaN;1]},{'A',[60801;-511;-740],8,[60928;1;8],5,0,[-127;-512;-748],7,0},{'M',[16;-57;320],7,[1;1;1],0,[4;NaN;NaN],[127;65;5],2,[NaN;NaN;6],[68;-57;-374],6,[NaN;0;NaN]},{'M',[1;-4088;-768],9,[1;1;1],0,[0;NaN;NaN],[119;-61;-384],4,[NaN;NaN;1],[60801;-511;-740],8,[NaN;3;NaN]},{'A',[14;8119;-1216],10,[16;-57;320],7,0,[-1;4088;-768],9,1},{'M',[119;-57;-1216],11,[119;-61;-384],4,[0;NaN;NaN],[68;-57;-374],6,[NaN;0;NaN],[14;8119;-1216],10,[NaN;NaN;0]},{'M',[127;-511;-740],9,[127;65;5],2,[0;NaN;NaN],[60801;-511;-740],8,[NaN;0;0]},{'A',[-2;-142;-489],12,[119;-57;-1216],11,-2,[-127;-511;-740],9,-2},{'M',[119;130;-1536],5,[127;65;5],2,[NaN;1;NaN],[119;-61;-384],4,[0;NaN;2]},{'M',[256;-511;-1480],9,[1;1;1],0,[8;NaN;NaN],[60801;-511;-740],8,[NaN;0;1]},{'A',[-137;641;-56],10,[119;130;-1536],5,0,[-256;511;1480],9,0},{'M',[-256;16;-489],13,[1;1;1],0,[NaN;4;NaN],[-2;-142;-489],12,[7;NaN;0]},{'M',[127;-61;512],5,[1;1;1],0,[NaN;NaN;9],[127;65;5],2,[0;NaN;NaN],[119;-61;-384],4,[NaN;0;NaN]},{'A',[-383;-45;-1001],14,[-256;16;-489],13,0,[-127;-61;-512],5,0},{'M',[-137;-456;-56],11,[68;-57;-374],6,[NaN;3;NaN],[-137;641;-56],10,[0;NaN;0]},{'M',[68;1;1],7,[1;1;1],0,[NaN;0;0],[68;-57;-374],6,[0;NaN;NaN]},{'A',[-205;-457;-55],12,[-137;-456;-56],11,0,[-68;-1;1],7,0},{'M',[-383;-457;-440],15,[-383;-45;-1001],14,[0;NaN;NaN],[-205;-457;-55],12,[NaN;0;3]},{'O',[383;457;440],15,[383;457;440],15,0},{'M',[-410;-488;-740],13,[119;-61;-384],4,[NaN;3;NaN],[60801;-511;-740],8,[NaN;NaN;0],[-205;-457;-55],12,[1;NaN;NaN]},{'O',[410;488;740],13,[410;488;740],13,0},{'M',[-820;-45;-896],15,[-137;641;-56],10,[NaN;NaN;4],[-383;-45;-1001],14,[NaN;0;NaN],[-205;-457;-55],12,[2;NaN;NaN]},{'O',[820;45;896],15,[820;45;896],15,0},{'M',[-137;-568;-1001],15,[-2;-142;-489],12,[NaN;2;NaN],[-137;641;-56],10,[0;NaN;NaN],[-383;-45;-1001],14,[NaN;NaN;0]},{'O',[137;568;1001],15,[137;568;1001],15,0},{'M',[14;641;5],11,[127;65;5],2,[NaN;NaN;0],[14;8119;-1216],10,[0;NaN;NaN],[-137;641;-56],10,[NaN;0;NaN]},{'O',[14;641;5],11,[14;641;5],11,0}}
Adder graph: {{'M',[1;8;64],1,[1;1;1],0,[0;3;6]},{'A',[-3;-31;-255],2,[1;1;1],0,0,[-1;-8;-64],1,2},{'M',[1;16;32],1,[1;1;1],0,[0;4;5]},{'M',[-3;16;4096],3,[1;1;1],0,[NaN;4;12],[-3;-31;-255],2,[0;NaN;NaN]},{'A',[7;80;4224],4,[1;16;32],1,2,[3;16;4096],3,0},{'M',[-12;80;2],5,[1;1;1],0,[NaN;NaN;1],[-3;-31;-255],2,[2;NaN;NaN],[7;80;4224],4,[NaN;0;NaN]},{'M',[28;-31;8],5,[1;1;1],0,[NaN;NaN;3],[-3;-31;-255],2,[NaN;0;NaN],[7;80;4224],4,[2;NaN;NaN]},{'A',[-68;142;-14],6,[-12;80;2],5,0,[-28;31;-8],5,1},{'M',[-544;1;4],7,[1;1;1],0,[NaN;0;2],[-68;142;-14],6,[3;NaN;NaN]},{'M',[-3;-62;-224],7,[-3;-31;-255],2,[0;1;NaN],[-68;142;-14],6,[NaN;NaN;4]},{'A',[-547;-61;-220],8,[-544;1;4],7,0,[-3;-62;-224],7,0},{'M',[1;-31;-1760],9,[1;1;1],0,[0;NaN;NaN],[-3;-31;-255],2,[NaN;0;NaN],[-547;-61;-220],8,[NaN;NaN;3]},{'M',[-68;4;-255],7,[1;1;1],0,[NaN;2;NaN],[-3;-31;-255],2,[NaN;NaN;0],[-68;142;-14],6,[0;NaN;NaN]},{'A',[273;-15;-740],10,[1;-31;-1760],9,0,[68;4;255],7,2},{'M',[-547;-15;-220],11,[-547;-61;-220],8,[0;NaN;0],[273;-15;-740],10,[NaN;0;NaN]},{'M',[273;-61;-740],11,[-547;-61;-220],8,[NaN;0;NaN],[273;-15;-740],10,[0;NaN;0]},{'A',[-410;-38;260],12,[-547;-15;-220],11,-1,[-273;-61;740],11,-1},{'M',[1;-488;1],9,[1;1;1],0,[0;NaN;0],[-547;-61;-220],8,[NaN;3;NaN]},{'M',[-136;-31;-255],7,[-3;-31;-255],2,[NaN;0;0],[-68;142;-14],6,[1;NaN;NaN]},{'A',[137;-457;-254],10,[1;-488;1],9,0,[136;31;-255],7,0},{'M',[-384;1;-255],3,[1;1;1],0,[NaN;0;NaN],[-3;-31;-255],2,[7;NaN;0]},{'M',[1;640;260],13,[1;1;1],0,[0;NaN;NaN],[7;80;4224],4,[NaN;3;NaN],[-410;-38;260],12,[NaN;NaN;0]},{'A',[-383;641;5],14,[-384;1;-255],3,0,[1;640;260],13,0},{'M',[-547;-38;-220],13,[-547;-61;-220],8,[0;NaN;0],[-410;-38;260],12,[NaN;0;NaN]},{'M',[273;142;4224],11,[7;80;4224],4,[NaN;NaN;0],[-68;142;-14],6,[NaN;0;NaN],[273;-15;-740],10,[0;NaN;NaN]},{'A',[-205;-45;1001],14,[-547;-38;-220],13,-2,[-273;-142;4224],11,-2},{'M',[-383;-457;-440],15,[-547;-61;-220],8,[NaN;NaN;1],[137;-457;-254],10,[NaN;0;NaN],[-383;641;5],14,[0;NaN;NaN]},{'O',[383;457;440],15,[383;457;440],15,0},{'M',[-410;-488;-740],15,[-547;-61;-220],8,[NaN;3;NaN],[273;-15;-740],10,[NaN;NaN;0],[-205;-45;1001],14,[1;NaN;NaN]},{'O',[410;488;740],15,[410;488;740],15,0},{'M',[-820;-45;-896],15,[-68;142;-14],6,[NaN;NaN;6],[-205;-45;1001],14,[2;0;NaN]},{'O',[820;45;896],15,[820;45;896],15,0},{'M',[137;568;1001],15,[-68;142;-14],6,[NaN;2;NaN],[137;-457;-254],10,[0;NaN;NaN],[-205;-45;1001],14,[NaN;NaN;0]},{'O',[137;568;1001],15,[137;568;1001],15,0},{'M',[14;641;5],15,[7;80;4224],4,[1;NaN;NaN],[-383;641;5],14,[NaN;0;0]},{'O',[14;641;5],15,[14;641;5],15,0}}
Adder graph: {{'M',[16;1;2],1,[1;1;1],0,[4;0;1]},{'M',[256;1;2048],1,[1;1;1],0,[8;0;11]},{'A',[24576;448;132096],2,[16;1;2],1,9,[256;-1;2048],1,6},{'M',[32;7168;1],3,[1;1;1],0,[5;NaN;0],[24576;448;132096],2,[NaN;4;NaN]},{'M',[8;128;1],1,[1;1;1],0,[3;7;0]},{'A',[136;28800;5],4,[32;7168;1],3,2,[8;128;1],1,0},{'M',[1;448;65536],3,[1;1;1],0,[0;NaN;16],[24576;448;132096],2,[NaN;0;NaN]},{'M',[136;128;2560],5,[1;1;1],0,[NaN;7;NaN],[136;28800;5],4,[0;NaN;9]},{'A',[137;576;68096],6,[1;448;65536],3,0,[136;128;2560],5,0},{'M',[8;576;64],7,[1;1;1],0,[3;NaN;6],[137;576;68096],6,[NaN;0;NaN]},{'M',[1;8;68096],7,[1;1;1],0,[0;3;NaN],[137;576;68096],6,[NaN;NaN;0]},{'A',[7;568;-68032],8,[8;576;64],7,0,[-1;-8;-68096],7,0},{'M',[136;1;5],5,[1;1;1],0,[NaN;0;NaN],[136;28800;5],4,[0;NaN;0]},{'M',[137;2;1],7,[1;1;1],0,[NaN;1;0],[137;576;68096],6,[0;NaN;NaN]},{'A',[410;5;7],8,[136;1;5],5,0,[137;2;1],7,1},{'M',[136;10;5],9,[136;28800;5],4,[0;NaN;0],[410;5;7],8,[NaN;1;NaN]},{'M',[272;1;10],5,[1;1;1],0,[NaN;0;NaN],[136;28800;5],4,[1;NaN;1]},{'A',[8976;641;330],10,[136;10;5],9,6,[272;1;10],5,0},{'M',[448;5;224],9,[7;568;-68032],8,[6;NaN;NaN],[410;5;7],8,[NaN;0;5]},{'M',[128;10;1],9,[1;1;1],0,[7;NaN;0],[410;5;7],8,[NaN;1;NaN]},{'A',[-64;45;220],10,[448;5;224],9,0,[-128;10;-1],9,2},{'M',[-64;45;10],11,[136;28800;5],4,[NaN;NaN;1],[-64;45;220],10,[0;0;NaN]},{'M',[8976;64;330],11,[1;1;1],0,[NaN;6;NaN],[8976;641;330],10,[0;NaN;0]},{'A',[17440;488;740],12,[-64;45;10],11,3,[8976;64;330],11,1},{'M',[-64;28800;-68032],11,[136;28800;5],4,[NaN;0;NaN],[7;568;-68032],8,[NaN;NaN;0],[-64;45;220],10,[0;NaN;NaN]},{'A',[383;457;1001],12,[24576;448;132096],2,-6,[-64;28800;-68032],11,-6},{'M',[383;457;440],13,[-64;45;220],10,[NaN;NaN;1],[383;457;1001],12,[0;0;NaN]},{'O',[383;457;440],13,[383;457;440],13,0},{'M',[410;488;740],13,[410;5;7],8,[0;NaN;NaN],[17440;488;740],12,[NaN;0;0]},{'O',[410;488;740],13,[410;488;740],13,0},{'M',[820;45;896],11,[410;5;7],8,[1;NaN;7],[-64;45;220],10,[NaN;0;NaN]},{'O',[820;45;896],11,[820;45;896],11,0},{'M',[137;568;1001],13,[137;576;68096],6,[0;NaN;NaN],[7;568;-68032],8,[NaN;0;NaN],[383;457;1001],12,[NaN;NaN;0]},{'O',[137;568;1001],13,[137;568;1001],13,0},{'M',[14;641;5],11,[136;28800;5],4,[NaN;NaN;0],[7;568;-68032],8,[1;NaN;NaN],[8976;641;330],10,[NaN;0;NaN]},{'O',[14;641;5],11,[14;641;5],11,0}}
Adder graph: {{'M',[4;4;1],1,[1;1;1],0,[2;2;0]},{'A',[-15;-15;5],2,[1;1;1],0,0,[-4;-4;1],1,2},{'M',[16;-15;1],3,[1;1;1],0,[4;NaN;0],[-15;-15;5],2,[NaN;0;NaN]},{'M',[1;-15;4],3,[1;1;1],0,[0;NaN;2],[-15;-15;5],2,[NaN;0;NaN]},{'A',[14;-45;-7],4,[16;-15;1],3,0,[-1;-15;-4],3,1},{'M',[-15;16;64],3,[1;1;1],0,[NaN;4;6],[-15;-15;5],2,[0;NaN;NaN]},{'M',[-60;64;1],3,[1;1;1],0,[NaN;6;0],[-15;-15;5],2,[2;NaN;NaN]},{'A',[45;80;63],4,[-15;16;64],3,0,[60;64;-1],3,0},{'M',[-15;-15;32],3,[1;1;1],0,[NaN;NaN;5],[-15;-15;5],2,[0;0;NaN]},{'M',[1;-60;160],3,[1;1;1],0,[0;NaN;NaN],[-15;-15;5],2,[NaN;2;5]},{'A',[-23;465;-1248],4,[-15;-15;32],3,0,[-1;60;-160],3,3},{'M',[32;-90;-7],5,[1;1;1],0,[5;NaN;NaN],[14;-45;-7],4,[NaN;1;0]},{'M',[45;8;252],5,[1;1;1],0,[NaN;3;NaN],[45;80;63],4,[0;NaN;2]},{'A',[212;-122;1001],6,[32;-90;-7],5,0,[45;-8;252],5,2},{'M',[-23;465;63],5,[45;80;63],4,[NaN;NaN;0],[-23;465;-1248],4,[0;0;NaN]},{'A',[-15;-457;-55],6,[1;1;1],0,3,[-23;-465;-63],5,0},{'M',[-23;-122;63],7,[45;80;63],4,[NaN;NaN;0],[-23;465;-1248],4,[0;NaN;NaN],[212;-122;1001],6,[NaN;0;NaN]},{'M',[45;80;2],5,[1;1;1],0,[NaN;NaN;1],[45;80;63],4,[0;0;NaN]},{'A',[-137;-568;254],8,[-23;-122;63],7,2,[-45;-80;2],5,0},{'M',[14;1;1001],7,[1;1;1],0,[NaN;0;NaN],[14;-45;-7],4,[0;NaN;NaN],[212;-122;1001],6,[NaN;NaN;0]},{'M',[212;320;1001],7,[45;80;63],4,[NaN;2;NaN],[212;-122;1001],6,[0;NaN;0]},{'A',[-410;641;-1001],8,[14;1;1001],7,0,[-212;320;-1001],7,1},{'M',[-23;-1920;508],9,[-15;-15;5],2,[NaN;7;NaN],[-23;465;-1248],4,[0;NaN;NaN],[-137;-568;254],8,[NaN;NaN;1]},{'M',[360;465;-1248],5,[45;80;63],4,[3;NaN;NaN],[-23;465;-1248],4,[NaN;0;0]},{'A',[-383;-2385;-740],10,[-23;-1920;508],9,0,[-360;-465;-1248],5,0},{'M',[-383;-457;-440],11,[-15;-457;-55],6,[NaN;0;3],[-383;-2385;-740],10,[0;NaN;NaN]},{'O',[383;457;440],11,[383;457;440],11,0},{'M',[-410;-488;-740],11,[212;-122;1001],6,[NaN;2;NaN],[-410;641;-1001],8,[0;NaN;NaN],[-383;-2385;-740],10,[NaN;NaN;0]},{'O',[410;488;740],11,[410;488;740],11,0},{'M',[-820;-45;-896],9,[14;-45;-7],4,[NaN;0;7],[-410;641;-1001],8,[1;NaN;NaN]},{'O',[820;45;896],9,[820;45;896],9,0},{'M',[-137;-568;-1001],9,[-137;-568;254],8,[0;0;NaN],[-410;641;-1001],8,[NaN;NaN;0]},{'O',[137;568;1001],9,[137;568;1001],9,0},{'M',[14;641;5],9,[-15;-15;5],2,[NaN;NaN;0],[14;-45;-7],4,[0;NaN;NaN],[-410;641;-1001],8,[NaN;0;NaN]},{'O',[14;641;5],9,[14;641;5],9,0}}
Adder graph: {{'M',[1;8;512],1,[1;1;1],0,[0;3;9]},{'M',[1;128;1],1,[1;1;1],0,[0;7;0]},{'A',[3;264;510],2,[1;8;512],1,0,[1;128;-1],1,1},{'M',[32;264;8],3,[1;1;1],0,[5;NaN;3],[3;264;510],2,[NaN;0;NaN]},{'M',[384;1;1],3,[1;1;1],0,[NaN;0;0],[3;264;510],2,[7;NaN;NaN]},{'A',[416;263;9],4,[32;264;8],3,0,[384;-1;1],3,0},{'M',[4;4;1],1,[1;1;1],0,[2;2;0]},{'M',[32;32;9],5,[1;1;1],0,[5;5;NaN],[416;263;9],4,[NaN;NaN;0]},{'A',[192;320;46],6,[4;4;1],1,6,[-32;32;-9],5,1},{'M',[16;263;16],5,[1;1;1],0,[4;NaN;4],[416;263;9],4,[NaN;0;NaN]},{'M',[1;1;128],1,[1;1;1],0,[0;0;7]},{'A',[12;259;-496],6,[16;263;16],5,0,[-1;-1;-128],1,2},{'M',[192;320;128],7,[1;1;1],0,[NaN;NaN;7],[192;320;46],6,[0;0;NaN]},{'M',[1;1;184],7,[1;1;1],0,[0;0;NaN],[192;320;46],6,[NaN;NaN;2]},{'A',[383;641;440],8,[192;320;128],7,1,[-1;1;184],7,0},{'M',[6;259;4],7,[1;1;1],0,[NaN;NaN;2],[3;264;510],2,[1;NaN;NaN],[12;259;-496],6,[NaN;0;NaN]},{'M',[416;320;1],7,[1;1;1],0,[NaN;NaN;0],[416;263;9],4,[0;NaN;NaN],[192;320;46],6,[NaN;0;NaN]},{'A',[-410;-61;5],8,[6;259;4],7,0,[-416;-320;1],7,0},{'M',[8;-61;-992],9,[1;1;1],0,[3;NaN;NaN],[12;259;-496],6,[NaN;NaN;1],[-410;-61;5],8,[NaN;0;NaN]},{'M',[1;518;9],7,[1;1;1],0,[0;NaN;NaN],[416;263;9],4,[NaN;NaN;0],[12;259;-496],6,[NaN;1;NaN]},{'A',[7;457;-1001],10,[8;-61;-992],9,0,[-1;518;-9],7,0},{'M',[7;457;1020],11,[3;264;510],2,[NaN;NaN;1],[7;457;-1001],10,[0;0;NaN]},{'M',[24;264;880],9,[3;264;510],2,[3;0;NaN],[383;641;440],8,[NaN;NaN;1]},{'A',[55;-71;-740],12,[7;457;1020],11,0,[24;-264;-880],9,1},{'M',[55;16;7040],13,[1;1;1],0,[NaN;4;NaN],[383;641;440],8,[NaN;NaN;4],[55;-71;-740],12,[0;NaN;NaN]},{'M',[192;-61;-7936],9,[12;259;-496],6,[4;NaN;4],[-410;-61;5],8,[NaN;0;NaN]},{'A',[-137;-45;-896],14,[55;16;7040],13,0,[-192;-61;-7936],9,0},{'M',[383;457;440],11,[383;641;440],8,[0;NaN;0],[7;457;-1001],10,[NaN;0;NaN]},{'O',[383;457;440],11,[383;457;440],11,0},{'M',[-410;-488;-740],13,[-410;-61;5],8,[0;3;NaN],[55;-71;-740],12,[NaN;NaN;0]},{'O',[410;488;740],13,[410;488;740],13,0},{'M',[-820;-45;-896],15,[-410;-61;5],8,[1;NaN;NaN],[-137;-45;-896],14,[NaN;0;0]},{'O',[820;45;896],15,[820;45;896],15,0},{'M',[-137;-568;-1001],15,[7;457;-1001],10,[NaN;NaN;0],[55;-71;-740],12,[NaN;3;NaN],[-137;-45;-896],14,[0;NaN;NaN]},{'O',[137;568;1001],15,[137;568;1001],15,0},{'M',[14;641;5],11,[383;641;440],8,[NaN;0;NaN],[-410;-61;5],8,[NaN;NaN;0],[7;457;-1001],10,[1;NaN;NaN]},{'O',[14;641;5],11,[14;641;5],11,0}}
Adder graph: {{'M',[64;1;1],1,[1;1;1],0,[6;0;0]},{'A',[257;5;5],2,[1;1;1],0,0,[64;1;1],1,2},{'M',[1;2;128],1,[1;1;1],0,[0;1;7]},{'M',[1;1;8],1,[1;1;1],0,[0;0;3]},{'A',[15;31;2040],2,[1;2;128],1,4,[-1;-1;-8],1,0},{'M',[120;248;1],3,[1;1;1],0,[NaN;NaN;0],[15;31;2040],2,[3;3;NaN]},{'M',[15;4;20],3,[1;1;1],0,[NaN;2;NaN],[257;5;5],2,[NaN;NaN;2],[15;31;2040],2,[0;NaN;NaN]},{'A',[210;488;-38],4,[120;248;1],3,1,[-15;-4;-20],3,1},{'M',[15;5;4],3,[1;1;1],0,[NaN;NaN;2],[257;5;5],2,[NaN;0;NaN],[15;31;2040],2,[0;NaN;NaN]},{'A',[137;45;37],4,[257;5;5],2,0,[-15;5;4],3,3},{'M',[1;1;37],5,[1;1;1],0,[0;0;NaN],[137;45;37],4,[NaN;NaN;0]},{'M',[1;320;-76],5,[1;1;1],0,[0;NaN;NaN],[257;5;5],2,[NaN;6;NaN],[210;488;-38],4,[NaN;NaN;1]},{'A',[6;648;448],6,[1;1;37],5,3,[-1;320;76],5,1},{'M',[15;640;296],5,[257;5;5],2,[NaN;7;NaN],[15;31;2040],2,[0;NaN;NaN],[137;45;37],4,[NaN;NaN;3]},{'M',[548;1;74],5,[1;1;1],0,[NaN;0;NaN],[137;45;37],4,[2;NaN;1]},{'A',[563;641;370],6,[15;640;296],5,0,[548;1;74],5,0},{'M',[384;488;-38],7,[210;488;-38],4,[NaN;0;0],[6;648;448],6,[6;NaN;NaN]},{'M',[1;31;148],5,[1;1;1],0,[0;NaN;NaN],[15;31;2040],2,[NaN;0;NaN],[137;45;37],4,[NaN;NaN;2]},{'A',[383;457;110],8,[384;488;-38],7,0,[-1;-31;148],5,0},{'M',[257;648;448],7,[257;5;5],2,[0;NaN;NaN],[6;648;448],6,[NaN;0;0]},{'M',[563;488;-38],7,[210;488;-38],4,[NaN;0;0],[563;641;370],6,[0;NaN;NaN]},{'A',[410;568;205],8,[257;648;448],7,-1,[563;488;-38],7,-1},{'M',[15;5;2040],3,[257;5;5],2,[NaN;0;NaN],[15;31;2040],2,[0;NaN;0]},{'M',[1;5;-38],5,[1;1;1],0,[0;NaN;NaN],[257;5;5],2,[NaN;0;NaN],[210;488;-38],4,[NaN;NaN;0]},{'A',[7;5;1001],6,[15;5;2040],3,-1,[-1;5;-38],5,-1},{'M',[383;457;440],9,[383;457;110],8,[0;0;2]},{'O',[383;457;440],9,[383;457;440],9,0},{'M',[410;488;740],9,[210;488;-38],4,[NaN;0;NaN],[563;641;370],6,[NaN;NaN;1],[410;568;205],8,[0;NaN;NaN]},{'O',[410;488;740],9,[410;488;740],9,0},{'M',[820;45;896],9,[137;45;37],4,[NaN;0;NaN],[6;648;448],6,[NaN;NaN;1],[410;568;205],8,[1;NaN;NaN]},{'O',[820;45;896],9,[820;45;896],9,0},{'M',[137;568;1001],9,[137;45;37],4,[0;NaN;NaN],[410;568;205],8,[NaN;0;NaN],[7;5;1001],6,[NaN;NaN;0]},{'O',[137;568;1001],9,[137;568;1001],9,0},{'M',[14;641;5],7,[257;5;5],2,[NaN;NaN;0],[563;641;370],6,[NaN;0;NaN],[7;5;1001],6,[1;NaN;NaN]},{'O',[14;641;5],7,[14;641;5],7,0}}
Adder graph: {{'M',[1;256;256],1,[1;1;1],0,[0;8;8]},{'A',[5;260;252],2,[1;256;256],1,0,[1;1;-1],0,2},{'M',[8;8;1],1,[1;1;1],0,[3;3;0]},{'M',[1;260;128],3,[1;1;1],0,[0;NaN;7],[5;260;252],2,[NaN;0;NaN]},{'A',[66;-456;264],4,[8;8;1],1,3,[1;-260;128],3,1},{'M',[5;1;8],3,[1;1;1],0,[NaN;0;3],[5;260;252],2,[0;NaN;NaN]},{'M',[16;1;16],1,[1;1;1],0,[4;0;4]},{'A',[-123;-7;-120],4,[5;1;8],3,0,[-16;-1;-16],1,3},{'M',[5;2;252],3,[1;1;1],0,[NaN;1;NaN],[5;260;252],2,[0;NaN;0]},{'M',[-123;-7;1],5,[1;1;1],0,[NaN;NaN;0],[-123;-7;-120],4,[0;0;NaN]},{'A',[128;-5;251],6,[5;2;252],3,0,[123;-7;-1],5,0},{'M',[-123;256;32],5,[1;1;1],0,[NaN;8;5],[-123;-7;-120],4,[0;NaN;NaN]},{'M',[4;-28;252],5,[1;1;1],0,[2;NaN;NaN],[5;260;252],2,[NaN;NaN;0],[-123;-7;-120],4,[NaN;2;NaN]},{'A',[-119;284;-220],6,[-123;256;32],5,0,[4;28;-252],5,0},{'M',[2;-640;251],7,[1;1;1],0,[1;NaN;NaN],[128;-5;251],6,[NaN;7;0]},{'M',[16;1;256],1,[1;1;1],0,[4;0;8]},{'A',[-14;-641;-5],8,[2;-640;251],7,0,[-16;-1;-256],1,0},{'M',[-119;-40;1],7,[1;1;1],0,[NaN;NaN;0],[128;-5;251],6,[NaN;3;NaN],[-119;284;-220],6,[0;NaN;NaN]},{'M',[256;-5;8],7,[1;1;1],0,[NaN;NaN;3],[128;-5;251],6,[1;0;NaN]},{'A',[137;-45;-7],8,[-119;-40;1],7,0,[256;-5;-8],7,0},{'M',[-246;-456;1008],5,[5;260;252],2,[NaN;NaN;2],[66;-456;264],4,[NaN;0;NaN],[-123;-7;-120],4,[1;NaN;NaN]},{'M',[137;1;-7],9,[1;1;1],0,[NaN;0;NaN],[137;-45;-7],8,[0;NaN;0]},{'A',[-383;-457;1001],10,[-246;-456;1008],5,0,[-137;-1;-7],9,0},{'M',[66;-40;264],7,[66;-456;264],4,[0;NaN;0],[128;-5;251],6,[NaN;3;NaN]},{'M',[-119;-112;251],7,[-123;-7;-120],4,[NaN;4;NaN],[128;-5;251],6,[NaN;NaN;0],[-119;284;-220],6,[0;NaN;NaN]},{'A',[-410;-488;-740],8,[66;-40;264],7,0,[-119;-112;-251],7,2},{'M',[-383;-457;-440],11,[-119;284;-220],6,[NaN;NaN;1],[-383;-457;1001],10,[0;0;NaN]},{'O',[383;457;440],11,[383;457;440],11,0},{'O',[410;488;740],8,[410;488;740],8,0},{'M',[-820;-45;-896],9,[137;-45;-7],8,[NaN;0;7],[-410;-488;-740],8,[1;NaN;NaN]},{'O',[820;45;896],9,[820;45;896],9,0},{'M',[137;568;1001],11,[-119;284;-220],6,[NaN;1;NaN],[137;-45;-7],8,[0;NaN;NaN],[-383;-457;1001],10,[NaN;NaN;0]},{'O',[137;568;1001],11,[137;568;1001],11,0},{'O',[14;641;5],8,[14;641;5],8,0}}
Adder graph: {{'M',[1;256;1],1,[1;1;1],0,[0;8;0]},{'A',[-3;1025;5],2,[1;1;1],0,0,[-1;256;1],1,2},{'M',[1;1;5],3,[1;1;1],0,[0;0;NaN],[-3;1025;5],2,[NaN;NaN;0]},{'M',[64;1;5],3,[1;1;1],0,[6;0;NaN],[-3;1025;5],2,[NaN;NaN;0]},{'A',[-255;5;25],4,[1;1;5],3,0,[-64;1;5],3,2},{'M',[2;20;5],5,[1;1;1],0,[1;NaN;NaN],[-3;1025;5],2,[NaN;NaN;0],[-255;5;25],4,[NaN;2;NaN]},{'M',[64;5;25],5,[1;1;1],0,[6;NaN;NaN],[-255;5;25],4,[NaN;0;0]},{'A',[68;45;-15],6,[2;20;5],5,1,[64;5;-25],5,0},{'M',[-6;5;50],5,[-3;1025;5],2,[1;NaN;NaN],[-255;5;25],4,[NaN;0;1]},{'M',[1;256;320],3,[1;1;1],0,[0;8;NaN],[-3;1025;5],2,[NaN;NaN;6]},{'A',[-14;-502;740],6,[-6;5;50],5,1,[-1;-256;320],3,1},{'M',[1;8;1],1,[1;1;1],0,[0;3;0]},{'M',[1;180;1],7,[1;1;1],0,[0;NaN;0],[68;45;-15],6,[NaN;2;NaN]},{'A',[7;244;7],8,[1;8;1],1,3,[-1;180;-1],7,0},{'M',[-255;-2008;25],7,[-255;5;25],4,[0;NaN;0],[-14;-502;740],6,[NaN;2;NaN]},{'M',[-14;90;-30],7,[68;45;-15],6,[NaN;1;1],[-14;-502;740],6,[0;NaN;NaN]},{'A',[-227;-1828;-35],8,[-255;-2008;25],7,0,[14;90;-30],7,1},{'M',[128;244;100],9,[1;1;1],0,[7;NaN;NaN],[-255;5;25],4,[NaN;NaN;2],[7;244;7],8,[NaN;0;NaN]},{'M',[-255;40;25],5,[-255;5;25],4,[0;3;0]},{'A',[383;284;125],10,[128;244;100],9,0,[255;40;25],5,0},{'M',[68;320;500],11,[-255;5;25],4,[NaN;6;NaN],[68;45;-15],6,[0;NaN;NaN],[383;284;125],10,[NaN;NaN;2]},{'A',[137;641;1001],12,[1;1;1],0,0,[68;320;500],11,1},{'M',[136;1025;-30],7,[-3;1025;5],2,[NaN;0;NaN],[68;45;-15],6,[1;NaN;1]},{'M',[137;284;125],13,[383;284;125],10,[NaN;0;0],[137;641;1001],12,[0;NaN;NaN]},{'A',[410;457;220],14,[136;1025;-30],7,0,[137;-284;125],13,1},{'M',[383;457;440],15,[383;284;125],10,[0;NaN;NaN],[410;457;220],14,[NaN;0;1]},{'O',[383;457;440],15,[383;457;440],15,0},{'M',[410;488;740],15,[-14;-502;740],6,[NaN;NaN;0],[7;244;7],8,[NaN;1;NaN],[410;457;220],14,[0;NaN;NaN]},{'O',[410;488;740],15,[410;488;740],15,0},{'M',[820;45;896],15,[68;45;-15],6,[NaN;0;NaN],[7;244;7],8,[NaN;NaN;7],[410;457;220],14,[1;NaN;NaN]},{'O',[820;45;896],15,[820;45;896],15,0},{'M',[137;568;1001],13,[383;284;125],10,[NaN;1;NaN],[137;641;1001],12,[0;NaN;0]},{'O',[137;568;1001],13,[137;568;1001],13,0},{'M',[14;641;5],13,[-3;1025;5],2,[NaN;NaN;0],[7;244;7],8,[1;NaN;NaN],[137;641;1001],12,[NaN;0;NaN]},{'O',[14;641;5],13,[14;641;5],13,0}}
Adder graph: {{'M',[1;4;1],1,[1;1;1],0,[0;2;0]},{'A',[3;-7;-1],2,[1;1;1],0,0,[1;-4;-1],1,1},{'M',[1;1;-1],3,[1;1;1],0,[0;0;NaN],[3;-7;-1],2,[NaN;NaN;0]},{'A',[13;29;-5],4,[1;1;-1],3,0,[3;7;-1],2,2},{'M',[3;1;-1],3,[1;1;1],0,[NaN;0;NaN],[3;-7;-1],2,[0;NaN;0]},{'A',[-45;113;15],4,[3;1;-1],3,0,[-3;7;1],2,4},{'M',[13;58;256],5,[1;1;1],0,[NaN;NaN;8],[13;29;-5],4,[0;1;NaN]},{'M',[-45;32;15],5,[1;1;1],0,[NaN;5;NaN],[-45;113;15],4,[0;NaN;0]},{'A',[7;264;1009],6,[13;58;256],5,2,[-45;32;-15],5,0},{'M',[3;32;-1],3,[1;1;1],0,[NaN;5;NaN],[3;-7;-1],2,[0;NaN;0]},{'M',[28;29;15],7,[13;29;-5],4,[NaN;0;NaN],[-45;113;15],4,[NaN;NaN;0],[7;264;1009],6,[2;NaN;NaN]},{'A',[31;61;14],8,[3;32;-1],3,0,[28;29;15],7,0},{'M',[13;256;-5],5,[1;1;1],0,[NaN;8;NaN],[13;29;-5],4,[0;NaN;0]},{'M',[-45;-7;15],5,[3;-7;-1],2,[NaN;0;NaN],[-45;113;15],4,[0;NaN;0]},{'A',[386;568;110],6,[13;256;-5],5,1,[45;7;15],5,3},{'M',[386;113;960],7,[-45;113;15],4,[NaN;0;6],[386;568;110],6,[0;NaN;NaN]},{'M',[12;264;110],7,[3;-7;-1],2,[2;NaN;NaN],[7;264;1009],6,[NaN;0;NaN],[386;568;110],6,[NaN;NaN;0]},{'A',[410;641;740],8,[386;113;960],7,0,[12;264;-110],7,1},{'M',[386;464;1009],7,[13;29;-5],4,[NaN;4;NaN],[7;264;1009],6,[NaN;NaN;0],[386;568;110],6,[0;NaN;NaN]},{'M',[3;-7;8],3,[1;1;1],0,[NaN;NaN;3],[3;-7;-1],2,[0;0;NaN]},{'A',[383;457;1001],8,[386;464;1009],7,0,[-3;-7;-8],3,0},{'M',[62;8;-5],9,[1;1;1],0,[NaN;3;NaN],[13;29;-5],4,[NaN;NaN;0],[31;61;14],8,[1;NaN;NaN]},{'A',[137;45;5],10,[13;29;-5],4,0,[62;8;5],9,1},{'M',[383;457;440],9,[386;568;110],6,[NaN;NaN;2],[383;457;1001],8,[0;0;NaN]},{'O',[383;457;440],9,[383;457;440],9,0},{'M',[410;488;740],9,[31;61;14],8,[NaN;3;NaN],[410;641;740],8,[0;NaN;0]},{'O',[410;488;740],9,[410;488;740],9,0},{'M',[820;45;896],11,[31;61;14],8,[NaN;NaN;6],[410;641;740],8,[1;NaN;NaN],[137;45;5],10,[NaN;0;NaN]},{'O',[820;45;896],11,[820;45;896],11,0},{'M',[137;568;1001],11,[386;568;110],6,[NaN;0;NaN],[383;457;1001],8,[NaN;NaN;0],[137;45;5],10,[0;NaN;NaN]},{'O',[137;568;1001],11,[137;568;1001],11,0},{'M',[14;641;5],11,[7;264;1009],6,[1;NaN;NaN],[410;641;740],8,[NaN;0;NaN],[137;45;5],10,[NaN;NaN;0]},{'O',[14;641;5],11,[14;641;5],11,0}}
Adder graph: {{'M',[32;1;1],1,[1;1;1],0,[5;0;0]},{'A',[-255;9;9],2,[1;1;1],0,0,[-32;1;1],1,3},{'M',[1;36;18],3,[1;1;1],0,[0;NaN;NaN],[-255;9;9],2,[NaN;2;1]},{'A',[130;56;92],4,[1;1;1],0,7,[1;-36;-18],3,1},{'M',[1;112;1],5,[1;1;1],0,[0;NaN;0],[130;56;92],4,[NaN;1;NaN]},{'A',[-251;457;5],6,[-255;9;9],2,0,[1;112;-1],5,2},{'M',[-251;2;2],7,[1;1;1],0,[NaN;1;1],[-251;457;5],6,[0;NaN;NaN]},{'M',[130;914;92],7,[130;56;92],4,[0;NaN;0],[-251;457;5],6,[NaN;1;NaN]},{'A',[269;-3654;370],8,[-251;2;2],7,0,[130;-914;92],7,2},{'M',[-251;36;288],7,[-255;9;9],2,[NaN;2;5],[-251;457;5],6,[0;NaN;NaN]},{'M',[-1004;9;20],7,[-255;9;9],2,[NaN;0;NaN],[-251;457;5],6,[2;NaN;2]},{'A',[753;45;268],8,[-251;36;288],7,0,[1004;9;-20],7,0},{'M',[269;256;370],9,[1;1;1],0,[NaN;8;NaN],[269;-3654;370],8,[0;NaN;0]},{'M',[128;56;268],9,[1;1;1],0,[7;NaN;NaN],[130;56;92],4,[NaN;0;NaN],[753;45;268],8,[NaN;NaN;0]},{'A',[410;568;1008],10,[269;256;370],9,1,[-128;56;268],9,0},{'M',[2;1;2],1,[1;1;1],0,[1;0;1]},{'A',[7;5;7],2,[2;1;2],1,2,[-1;1;-1],0,0},{'M',[130;56;1008],11,[130;56;92],4,[0;0;NaN],[410;568;1008],10,[NaN;NaN;0]},{'A',[137;61;1001],12,[130;56;1008],11,0,[7;5;-7],2,0},{'M',[128;1;128],1,[1;1;1],0,[7;0;7]},{'M',[-255;640;92],5,[-255;9;9],2,[0;NaN;NaN],[130;56;92],4,[NaN;NaN;0],[7;5;7],2,[NaN;7;NaN]},{'A',[383;641;220],6,[128;1;128],1,0,[255;640;92],5,0},{'M',[383;457;440],7,[-251;457;5],6,[NaN;0;NaN],[383;641;220],6,[0;NaN;1]},{'O',[383;457;440],7,[383;457;440],7,0},{'M',[410;488;740],13,[269;-3654;370],8,[NaN;NaN;1],[410;568;1008],10,[0;NaN;NaN],[137;61;1001],12,[NaN;3;NaN]},{'O',[410;488;740],13,[410;488;740],13,0},{'M',[820;45;896],11,[753;45;268],8,[NaN;0;NaN],[410;568;1008],10,[1;NaN;NaN],[7;5;7],2,[NaN;NaN;7]},{'O',[820;45;896],11,[820;45;896],11,0},{'M',[137;568;1001],13,[410;568;1008],10,[NaN;0;NaN],[137;61;1001],12,[0;NaN;0]},{'O',[137;568;1001],13,[137;568;1001],13,0},{'M',[14;641;5],7,[-251;457;5],6,[NaN;NaN;0],[7;5;7],2,[1;NaN;NaN],[383;641;220],6,[NaN;0;NaN]},{'O',[14;641;5],7,[14;641;5],7,0}}
Adder graph: {{'M',[4;4;1],1,[1;1;1],0,[2;2;0]},{'M',[8;1;8],1,[1;1;1],0,[3;0;3]},{'A',[24;15;-4],2,[4;4;1],1,2,[8;-1;-8],1,0},{'M',[16;15;16],3,[1;1;1],0,[4;NaN;4],[24;15;-4],2,[NaN;0;NaN]},{'A',[65;61;63],4,[16;15;16],3,2,[1;1;-1],0,0},{'M',[192;61;-32],5,[24;15;-4],2,[3;NaN;3],[65;61;63],4,[NaN;0;NaN]},{'M',[1;30;504],5,[1;1;1],0,[0;NaN;NaN],[24;15;-4],2,[NaN;1;NaN],[65;61;63],4,[NaN;NaN;3]},{'A',[383;92;440],6,[192;61;-32],5,1,[-1;-30;504],5,0},{'M',[65;2;63],5,[1;1;1],0,[NaN;1;NaN],[65;61;63],4,[0;NaN;0]},{'M',[24;1;-4],3,[1;1;1],0,[NaN;0;NaN],[24;15;-4],2,[0;NaN;0]},{'A',[236;9;248],6,[65;2;63],5,2,[-24;1;-4],3,0},{'M',[1;1;64],1,[1;1;1],0,[0;0;6]},{'M',[1;64;1],1,[1;1;1],0,[0;6;0]},{'A',[7;-56;511],2,[1;1;64],1,3,[-1;-64;-1],1,0},{'M',[472;9;496],7,[236;9;248],6,[1;0;1]},{'M',[65;-224;63],5,[65;61;63],4,[0;NaN;0],[7;-56;511],2,[NaN;2;NaN]},{'A',[342;457;370],8,[472;9;496],7,0,[-65;224;-63],5,1},{'M',[383;-56;511],7,[383;92;440],6,[0;NaN;NaN],[7;-56;511],2,[NaN;0;0]},{'M',[65;64;63],5,[1;1;1],0,[NaN;6;NaN],[65;61;63],4,[0;NaN;0]},{'A',[-137;-568;7],8,[383;-56;511],7,0,[-65;-64;-63],5,3},{'M',[944;36;7],9,[236;9;248],6,[2;2;NaN],[-137;-568;7],8,[NaN;NaN;0]},{'M',[236;9;1008],7,[65;61;63],4,[NaN;NaN;4],[236;9;248],6,[0;0;NaN]},{'A',[708;45;-1001],10,[944;36;7],9,0,[-236;9;-1008],7,0},{'M',[-137;184;7],9,[383;92;440],6,[NaN;1;NaN],[-137;-568;7],8,[0;NaN;0]},{'M',[342;457;2],9,[1;1;1],0,[NaN;NaN;1],[342;457;370],8,[0;0;NaN]},{'A',[205;641;5],10,[-137;184;7],9,0,[342;457;-2],9,0},{'M',[383;457;440],9,[383;92;440],6,[0;NaN;0],[342;457;370],8,[NaN;0;NaN]},{'O',[383;457;440],9,[383;457;440],9,0},{'M',[205;244;370],11,[65;61;63],4,[NaN;2;NaN],[342;457;370],8,[NaN;NaN;0],[205;641;5],10,[0;NaN;NaN]},{'O',[410;488;740],11,[205;244;370],11,1},{'M',[820;45;896],11,[-137;-568;7],8,[NaN;NaN;7],[708;45;-1001],10,[NaN;0;NaN],[205;641;5],10,[2;NaN;NaN]},{'O',[820;45;896],11,[820;45;896],11,0},{'M',[-137;-568;-1001],11,[-137;-568;7],8,[0;0;NaN],[708;45;-1001],10,[NaN;NaN;0]},{'O',[137;568;1001],11,[137;568;1001],11,0},{'M',[14;641;5],11,[7;-56;511],2,[1;NaN;NaN],[205;641;5],10,[NaN;0;0]},{'O',[14;641;5],11,[14;641;5],11,0}}
Adder graph: {{'M',[1;1;8],1,[1;1;1],0,[0;0;3]},{'M',[128;1;128],1,[1;1;1],0,[7;0;7]},{'A',[-511;-3;-504],2,[1;1;8],1,0,[-128;-1;-128],1,2},{'M',[64;-3;64],3,[1;1;1],0,[6;NaN;6],[-511;-3;-504],2,[NaN;0;NaN]},{'M',[-511;-24;-4032],3,[-511;-3;-504],2,[0;3;3]},{'A',[-958;45;-8000],4,[64;-3;64],3,0,[-511;24;-4032],3,1},{'M',[1;-12;1],3,[1;1;1],0,[0;NaN;0],[-511;-3;-504],2,[NaN;2;NaN]},{'M',[1;1;16],1,[1;1;1],0,[0;0;4]},{'A',[9;-20;129],4,[1;-12;1],3,0,[1;-1;16],1,3},{'M',[18;1;1],5,[1;1;1],0,[NaN;0;0],[9;-20;129],4,[1;NaN;NaN]},{'M',[1;-160;1],5,[1;1;1],0,[0;NaN;0],[9;-20;129],4,[NaN;3;NaN]},{'A',[14;641;5],6,[18;1;1],5,0,[-1;160;1],5,2},{'M',[1;-3;1],3,[1;1;1],0,[0;NaN;0],[-511;-3;-504],2,[NaN;0;NaN]},{'A',[7;-25;7],4,[1;-3;1],3,3,[-1;-1;-1],0,0},{'M',[128;128;129],5,[1;1;1],0,[7;7;NaN],[9;-20;129],4,[NaN;NaN;0]},{'M',[28;-3;28],5,[-511;-3;-504],2,[NaN;0;NaN],[7;-25;7],4,[2;NaN;2]},{'A',[736;488;740],6,[128;128;129],5,2,[28;-3;28],5,3},{'M',[7;-400;7],5,[7;-25;7],4,[0;4;0]},{'M',[72;-6;-504],5,[-511;-3;-504],2,[NaN;1;0],[9;-20;129],4,[3;NaN;NaN]},{'A',[-137;-412;-1001],6,[7;-400;7],5,0,[-72;-6;-504],5,1},{'M',[-548;-412;1],7,[1;1;1],0,[NaN;NaN;0],[-137;-412;-1001],6,[2;0;NaN]},{'M',[-958;45;56],5,[-958;45;-8000],4,[0;0;NaN],[7;-25;7],4,[NaN;NaN;3]},{'A',[410;-457;-55],8,[-548;-412;1],7,0,[958;-45;-56],5,0},{'M',[-511;-412;-504],7,[-511;-3;-504],2,[0;NaN;0],[-137;-412;-1001],6,[NaN;0;NaN]},{'A',[-383;-284;-632],8,[-511;-412;-504],7,0,[1;1;-1],0,7},{'M',[-383;-457;-440],9,[410;-457;-55],8,[NaN;0;3],[-383;-284;-632],8,[0;NaN;NaN]},{'O',[383;457;440],9,[383;457;440],9,0},{'M',[410;488;740],9,[736;488;740],6,[NaN;0;0],[410;-457;-55],8,[0;NaN;NaN]},{'O',[410;488;740],9,[410;488;740],9,0},{'M',[820;45;896],9,[-958;45;-8000],4,[NaN;0;NaN],[7;-25;7],4,[NaN;NaN;7],[410;-457;-55],8,[1;NaN;NaN]},{'O',[820;45;896],9,[820;45;896],9,0},{'M',[-137;-568;-1001],9,[-137;-412;-1001],6,[0;NaN;0],[-383;-284;-632],8,[NaN;1;NaN]},{'O',[137;568;1001],9,[137;568;1001],9,0},{'O',[14;641;5],6,[14;641;5],6,0}}
Adder graph: {{'M',[2;1;2],1,[1;1;1],0,[1;0;1]},{'A',[34;-31;-30],2,[2;1;2],1,0,[1;-1;-1],0,5},{'A',[9;5;7],2,[2;1;2],1,2,[1;1;-1],0,0},{'M',[1;20;1],3,[1;1;1],0,[0;NaN;0],[9;5;7],2,[NaN;2;NaN]},{'M',[16;-31;4],3,[1;1;1],0,[4;NaN;2],[34;-31;-30],2,[NaN;0;NaN]},{'A',[-14;71;6],4,[1;20;1],3,1,[-16;31;4],3,0},{'M',[9;5;6],5,[9;5;7],2,[0;0;NaN],[-14;71;6],4,[NaN;NaN;0]},{'M',[272;-62;7],3,[34;-31;-30],2,[3;1;NaN],[9;5;7],2,[NaN;NaN;0]},{'A',[16;98;185],6,[9;5;6],5,5,[-272;-62;-7],3,0},{'M',[34;71;-60],5,[34;-31;-30],2,[0;NaN;1],[-14;71;6],4,[NaN;0;NaN]},{'M',[1;80;1],3,[1;1;1],0,[0;NaN;0],[9;5;7],2,[NaN;4;NaN]},{'A',[271;488;-479],6,[34;71;-60],5,3,[-1;-80;1],3,0},{'A',[63;45;49],3,[9;5;7],2,3,[-9;5;-7],2,0},{'M',[271;488;392],7,[271;488;-479],6,[0;0;NaN],[63;45;49],3,[NaN;NaN;3]},{'M',[-112;-31;48],5,[34;-31;-30],2,[NaN;0;NaN],[-14;71;6],4,[3;NaN;3]},{'A',[383;457;440],8,[271;488;392],7,0,[112;-31;48],5,0},{'M',[9;142;-479],7,[9;5;7],2,[0;NaN;NaN],[-14;71;6],4,[NaN;1;NaN],[271;488;-479],6,[NaN;NaN;0]},{'A',[137;642;1001],8,[16;98;185],6,3,[9;-142;-479],7,0},{'M',[68;1;1],3,[1;1;1],0,[NaN;0;0],[34;-31;-30],2,[1;NaN;NaN]},{'M',[137;642;6],9,[-14;71;6],4,[NaN;NaN;0],[137;642;1001],8,[0;0;NaN]},{'A',[205;-641;-5],10,[68;1;1],3,0,[137;-642;-6],9,0},{'O',[383;457;440],8,[383;457;440],8,0},{'M',[410;488;740],11,[16;98;185],6,[NaN;NaN;2],[271;488;-479],6,[NaN;0;NaN],[205;-641;-5],10,[1;NaN;NaN]},{'O',[410;488;740],11,[410;488;740],11,0},{'M',[820;45;896],11,[9;5;7],2,[NaN;NaN;7],[63;45;49],3,[NaN;0;NaN],[205;-641;-5],10,[2;NaN;NaN]},{'O',[820;45;896],11,[820;45;896],11,0},{'M',[137;568;1001],9,[-14;71;6],4,[NaN;3;NaN],[137;642;1001],8,[0;NaN;0]},{'O',[137;568;1001],9,[137;568;1001],9,0},{'M',[-14;-641;-5],11,[-14;71;6],4,[0;NaN;NaN],[205;-641;-5],10,[NaN;0;0]},{'O',[14;641;5],11,[14;641;5],11,0}}
Adder graph: {{'A',[9;9;7],1,[1;1;1],0,3,[1;1;-1],0,0},{'M',[2;18;7],2,[1;1;1],0,[1;NaN;NaN],[9;9;7],1,[NaN;1;0]},{'M',[2;2;1],1,[1;1;1],0,[1;1;0]},{'A',[14;142;55],3,[2;18;7],2,3,[-2;-2;-1],1,0},{'M',[4;4;7],2,[1;1;1],0,[2;2;NaN],[9;9;7],1,[NaN;NaN;0]},{'M',[1;1;220],4,[1;1;1],0,[0;0;NaN],[14;142;55],3,[NaN;NaN;2]},{'A',[3;5;-213],5,[4;4;7],2,0,[-1;1;-220],4,0},{'M',[64;9;7],2,[1;1;1],0,[6;NaN;NaN],[9;9;7],1,[NaN;0;0]},{'M',[3;288;-213],6,[9;9;7],1,[NaN;5;NaN],[3;5;-213],5,[0;NaN;0]},{'A',[253;324;-185],7,[64;9;7],2,2,[-3;288;-213],6,0},{'M',[96;160;1],6,[1;1;1],0,[NaN;NaN;0],[3;5;-213],5,[5;5;NaN]},{'A',[-410;-488;-369],8,[96;160;1],6,0,[-253;-324;-185],7,1},{'M',[32;160;1],6,[1;1;1],0,[5;NaN;0],[3;5;-213],5,[NaN;5;NaN]},{'M',[9;1;1],2,[1;1;1],0,[NaN;0;0],[9;9;7],1,[0;NaN;NaN]},{'A',[137;641;5],7,[32;160;1],6,2,[9;1;1],2,0},{'M',[2;5;-738],9,[1;1;1],0,[1;NaN;NaN],[3;5;-213],5,[NaN;0;NaN],[-410;-488;-369],8,[NaN;NaN;1]},{'A',[255;329;553],10,[253;324;-185],7,0,[2;5;738],9,0},{'M',[253;10;-185],8,[3;5;-213],5,[NaN;1;NaN],[253;324;-185],7,[0;NaN;0]},{'M',[192;5;-213],6,[3;5;-213],5,[6;0;0]},{'A',[820;45;-953],9,[253;10;-185],8,2,[-192;5;-213],6,0},{'M',[2;2;7],2,[1;1;1],0,[1;1;NaN],[9;9;7],1,[NaN;NaN;0]},{'A',[383;457;1001],11,[255;329;553],10,0,[2;2;7],2,6},{'M',[383;457;440],12,[14;142;55],3,[NaN;NaN;3],[383;457;1001],11,[0;0;NaN]},{'O',[383;457;440],12,[383;457;440],12,0},{'M',[-410;-488;-740],9,[253;324;-185],7,[NaN;NaN;2],[-410;-488;-369],8,[0;0;NaN]},{'O',[410;488;740],9,[410;488;740],9,0},{'M',[820;45;896],10,[9;9;7],1,[NaN;NaN;7],[820;45;-953],9,[0;0;NaN]},{'O',[820;45;896],10,[820;45;896],10,0},{'M',[137;568;1001],12,[14;142;55],3,[NaN;2;NaN],[137;641;5],7,[0;NaN;NaN],[383;457;1001],11,[NaN;NaN;0]},{'O',[137;568;1001],12,[137;568;1001],12,0},{'M',[14;641;5],8,[14;142;55],3,[0;NaN;NaN],[137;641;5],7,[NaN;0;0]},{'O',[14;641;5],8,[14;641;5],8,0}}
Adder graph: {{'A',[18;18;18],1,[1;1;1],0,1,[1;1;1],0,4},{'M',[1;1;8],1,[1;1;1],0,[0;0;3]},{'A',[52;-20;92],2,[1;1;8],1,4,[18;-18;-18],1,1},{'M',[4;4;1],1,[1;1;1],0,[2;2;0]},{'A',[33;31;7],2,[4;4;1],1,3,[1;-1;-1],0,0},{'M',[1;124;1],3,[1;1;1],0,[0;NaN;0],[33;31;7],2,[NaN;2;NaN]},{'M',[16;36;7],3,[1;1;1],0,[4;NaN;NaN],[18;18;18],1,[NaN;1;NaN],[33;31;7],2,[NaN;NaN;0]},{'A',[-14;284;-5],4,[1;124;1],3,1,[-16;36;-7],3,0},{'M',[32;31;18],3,[1;1;1],0,[5;NaN;NaN],[18;18;18],1,[NaN;NaN;0],[33;31;7],2,[NaN;0;NaN]},{'M',[4;4;92],3,[1;1;1],0,[2;2;NaN],[52;-20;92],2,[NaN;NaN;0]},{'A',[252;244;236],4,[32;31;18],3,3,[-4;-4;92],3,0},{'M',[33;31;32],3,[1;1;1],0,[NaN;NaN;5],[33;31;7],2,[0;0;NaN]},{'M',[208;244;236],5,[52;-20;92],2,[2;NaN;NaN],[252;244;236],4,[NaN;0;0]},{'A',[-383;-457;-440],6,[33;31;32],3,0,[-208;-244;-236],5,1},{'M',[2;2;1],1,[1;1;1],0,[1;1;0]},{'A',[568;424;504],5,[252;244;236],4,1,[2;-2;1],1,5},{'M',[52;-320;504],6,[52;-20;92],2,[0;4;NaN],[568;424;504],5,[NaN;NaN;0]},{'M',[33;1;7],3,[1;1;1],0,[NaN;0;NaN],[33;31;7],2,[0;NaN;0]},{'A',[137;-641;1001],7,[52;-320;504],6,1,[33;-1;-7],3,0},{'A',[205;45;185],6,[568;424;504],5,-2,[252;-244;236],4,-2},{'O',[383;457;440],6,[383;457;440],6,0},{'M',[205;244;370],7,[252;244;236],4,[NaN;0;NaN],[205;45;185],6,[0;NaN;1]},{'O',[410;488;740],7,[205;244;370],7,1},{'M',[820;45;896],7,[33;31;7],2,[NaN;NaN;7],[205;45;185],6,[2;0;NaN]},{'O',[820;45;896],7,[820;45;896],7,0},{'M',[137;568;1001],8,[-14;284;-5],4,[NaN;1;NaN],[137;-641;1001],7,[0;NaN;0]},{'O',[137;568;1001],8,[137;568;1001],8,0},{'M',[-14;-641;-5],8,[-14;284;-5],4,[0;NaN;0],[137;-641;1001],7,[NaN;0;NaN]},{'O',[14;641;5],8,[14;641;5],8,0}}
Adder graph: {{'A',[-1;3;3],1,[1;1;1],0,0,[-1;1;1],0,1},{'A',[-17;-45;51],2,[-1;3;3],1,0,[-1;-3;3],1,4},{'M',[4;4;3],2,[1;1;1],0,[2;2;NaN],[-1;3;3],1,[NaN;NaN;0]},{'A',[-33;-61;39],3,[-17;-45;51],2,0,[-4;-4;-3],2,2},{'M',[-136;3;4],3,[1;1;1],0,[NaN;NaN;2],[-1;3;3],1,[NaN;0;NaN],[-17;-45;51],2,[3;NaN;NaN]},{'A',[-271;-5;-7],4,[1;1;1],0,0,[-136;-3;-4],3,1},{'M',[-16;-20;1],5,[1;1;1],0,[NaN;NaN;0],[-1;3;3],1,[4;NaN;NaN],[-271;-5;-7],4,[NaN;2;NaN]},{'A',[-14;-26;-5],6,[-16;-20;1],5,0,[1;-3;-3],1,1},{'A',[-119;-33;-23],5,[-271;-5;-7],4,-1,[33;-61;-39],3,-1},{'M',[-271;-320;-448],5,[-271;-5;-7],4,[0;6;6]},{'M',[-132;1;156],4,[1;1;1],0,[NaN;0;NaN],[-33;-61;39],3,[2;NaN;2]},{'A',[-410;-641;-740],6,[-271;-320;-448],5,1,[132;-1;156],4,0},{'M',[-64;-26;256],7,[1;1;1],0,[NaN;NaN;8],[-1;3;3],1,[6;NaN;NaN],[-14;-26;-5],6,[NaN;0;NaN]},{'A',[137;71;1001],8,[-119;-33;-23],5,0,[64;26;256],7,2},{'M',[-264;-528;1],6,[1;1;1],0,[NaN;NaN;0],[-33;-61;39],3,[3;NaN;NaN],[-119;-33;-23],5,[NaN;4;NaN]},{'M',[-119;71;-56],9,[-271;-5;-7],4,[NaN;NaN;3],[-119;-33;-23],5,[0;NaN;NaN],[137;71;1001],8,[NaN;0;NaN]},{'A',[-383;-457;-55],10,[-264;-528;1],6,0,[-119;71;-56],9,0},{'M',[-383;-457;-440],11,[-383;-457;-55],10,[0;0;3]},{'O',[383;457;440],11,[383;457;440],11,0},{'M',[-410;-488;-740],7,[-33;-61;39],3,[NaN;3;NaN],[-410;-641;-740],6,[0;NaN;0]},{'O',[410;488;740],7,[410;488;740],7,0},{'M',[-820;-45;-896],7,[-17;-45;51],2,[NaN;0;NaN],[-271;-5;-7],4,[NaN;NaN;7],[-410;-641;-740],6,[1;NaN;NaN]},{'O',[820;45;896],7,[820;45;896],7,0},{'M',[137;568;1001],9,[137;71;1001],8,[0;3;0]},{'O',[137;568;1001],9,[137;568;1001],9,0},{'M',[-14;-641;-5],7,[-14;-26;-5],6,[0;NaN;0],[-410;-641;-740],6,[NaN;0;NaN]},{'O',[14;641;5],7,[14;641;5],7,0}}
Adder graph: {{'M',[1;1;2],1,[1;1;1],0,[0;0;1]},{'A',[7;9;6],2,[1;1;1],0,3,[-1;1;-2],1,0},{'M',[8;1;8],1,[1;1;1],0,[3;0;3]},{'A',[-248;40;-248],2,[1;1;1],0,3,[-8;1;-8],1,5},{'M',[1;640;1],3,[1;1;1],0,[0;NaN;0],[-248;40;-248],2,[NaN;4;NaN]},{'A',[9;648;9],4,[1;640;1],3,0,[1;1;1],0,3},{'M',[7;9;2],3,[1;1;1],0,[NaN;NaN;1],[7;9;6],2,[0;0;NaN]},{'A',[35;45;14],4,[7;9;6],2,0,[7;9;2],3,2},{'M',[1;160;1],3,[1;1;1],0,[0;NaN;0],[-248;40;-248],2,[NaN;2;NaN]},{'A',[30;284;26],4,[1;160;1],3,1,[7;-9;6],2,2},{'M',[32;40;-248],3,[1;1;1],0,[5;NaN;NaN],[-248;40;-248],2,[NaN;0;0]},{'A',[137;488;1001],5,[9;648;9],4,0,[32;-40;248],3,2},{'M',[30;40;48],5,[7;9;6],2,[NaN;NaN;3],[-248;40;-248],2,[NaN;0;NaN],[30;284;26],4,[0;NaN;NaN]},{'M',[70;1;28],5,[1;1;1],0,[NaN;0;NaN],[35;45;14],4,[1;NaN;1]},{'A',[410;641;740],6,[30;40;48],5,4,[-70;1;-28],5,0},{'M',[2;9;6],3,[1;1;1],0,[1;NaN;NaN],[7;9;6],2,[NaN;0;0]},{'M',[137;488;1],6,[1;1;1],0,[NaN;NaN;0],[137;488;1001],5,[0;0;NaN]},{'A',[-135;497;5],7,[2;9;6],3,0,[-137;488;-1],6,0},{'M',[-135;497;192],8,[7;9;6],2,[NaN;NaN;5],[-135;497;5],7,[0;0;NaN]},{'A',[-383;-457;-440],9,[-248;40;-248],2,0,[-135;-497;-192],8,0},{'O',[383;457;440],9,[383;457;440],9,0},{'M',[410;488;740],7,[137;488;1001],5,[NaN;0;NaN],[410;641;740],6,[0;NaN;0]},{'O',[410;488;740],7,[410;488;740],7,0},{'M',[820;45;896],7,[35;45;14],4,[NaN;0;6],[410;641;740],6,[1;NaN;NaN]},{'O',[820;45;896],7,[820;45;896],7,0},{'M',[137;568;1001],6,[30;284;26],4,[NaN;1;NaN],[137;488;1001],5,[0;NaN;0]},{'O',[137;568;1001],6,[137;568;1001],6,0},{'M',[14;641;5],8,[7;9;6],2,[1;NaN;NaN],[410;641;740],6,[NaN;0;NaN],[-135;497;5],7,[NaN;NaN;0]},{'O',[14;641;5],8,[14;641;5],8,0}}
Adder graph: {{'M',[1;32;1],1,[1;1;1],0,[0;5;0]},{'A',[65;96;63],2,[1;1;1],0,6,[1;32;-1],1,0},{'M',[65;1;63],3,[1;1;1],0,[NaN;0;NaN],[65;96;63],2,[0;NaN;0]},{'M',[1;2;1],1,[1;1;1],0,[0;1;0]},{'A',[61;9;59],4,[65;1;63],3,0,[-1;2;-1],1,2},{'M',[1;128;1],1,[1;1;1],0,[0;7;0]},{'A',[7;1025;7],2,[1;128;1],1,3,[-1;1;-1],0,0},{'M',[7;4;28],3,[1;1;1],0,[NaN;2;NaN],[7;1025;7],2,[0;NaN;2]},{'A',[72;92;35],4,[65;96;63],2,0,[7;-4;-28],3,0},{'M',[72;18;35],5,[61;9;59],4,[NaN;1;NaN],[72;92;35],4,[0;NaN;0]},{'A',[205;45;-11],6,[61;9;59],4,0,[72;18;-35],5,1},{'M',[7;1025;118],5,[61;9;59],4,[NaN;NaN;1],[7;1025;7],2,[0;0;NaN]},{'M',[130;96;63],3,[65;96;63],2,[1;0;0]},{'A',[527;641;370],6,[7;1025;118],5,0,[130;-96;63],3,2},{'M',[72;92;504],5,[65;96;63],2,[NaN;NaN;3],[72;92;35],4,[0;0;NaN]},{'M',[7;384;7],3,[65;96;63],2,[NaN;2;NaN],[7;1025;7],2,[0;NaN;0]},{'A',[137;568;1001],6,[72;92;504],5,1,[-7;384;-7],3,0},{'A',[383;457;440],7,[527;641;370],6,0,[-72;-92;35],4,1},{'M',[2;45;-11],7,[1;1;1],0,[1;NaN;NaN],[205;45;-11],6,[NaN;0;0]},{'A',[14;61;5],8,[1;1;1],0,4,[-2;45;-11],7,0},{'O',[383;457;440],7,[383;457;440],7,0},{'M',[205;244;370],9,[205;45;-11],6,[0;NaN;NaN],[527;641;370],6,[NaN;NaN;0],[14;61;5],8,[NaN;2;NaN]},{'O',[410;488;740],9,[205;244;370],9,1},{'M',[820;45;896],7,[7;1025;7],2,[NaN;NaN;7],[205;45;-11],6,[2;0;NaN]},{'O',[820;45;896],7,[820;45;896],7,0},{'O',[137;568;1001],6,[137;568;1001],6,0},{'M',[14;641;5],9,[527;641;370],6,[NaN;0;NaN],[14;61;5],8,[0;NaN;0]},{'O',[14;641;5],9,[14;641;5],9,0}}
Adder graph: {{'M',[1;4;1],1,[1;1;1],0,[0;2;0]},{'A',[7;31;7],2,[1;4;1],1,3,[-1;-1;-1],0,0},{'M',[28;31;28],3,[7;31;7],2,[2;0;2]},{'A',[114;122;110],4,[28;31;28],3,2,[1;-1;-1],0,1},{'M',[7;16;7],3,[1;1;1],0,[NaN;4;NaN],[7;31;7],2,[0;NaN;0]},{'M',[1;1;440],5,[1;1;1],0,[0;0;NaN],[114;122;110],4,[NaN;NaN;2]},{'A',[9;14;-873],6,[7;16;7],3,0,[1;-1;-440],5,1},{'A',[5;5;5],1,[1;1;1],0,2,[1;1;1],0,0},{'M',[64;31;7],3,[1;1;1],0,[6;NaN;NaN],[7;31;7],2,[NaN;0;0]},{'A',[73;45;-880],7,[9;14;-873],6,0,[64;31;-7],3,0},{'M',[73;31;-880],8,[7;31;7],2,[NaN;0;NaN],[73;45;-880],7,[0;NaN;0]},{'A',[-383;-457;-440],9,[73;31;-880],8,0,[-114;-122;110],4,2},{'M',[1;1;28],3,[1;1;1],0,[0;0;NaN],[7;31;7],2,[NaN;NaN;2]},{'A',[41;46;23],7,[9;14;-873],6,0,[1;1;28],3,5},{'A',[137;142;1001],7,[1;1;1],0,7,[9;14;873],6,0},{'M',[82;92;1],8,[1;1;1],0,[NaN;NaN;0],[41;46;23],7,[1;1;NaN]},{'M',[41;-457;368],10,[-383;-457;-440],9,[NaN;0;NaN],[41;46;23],7,[0;NaN;4]},{'A',[205;641;370],11,[82;92;1],8,1,[41;457;368],10,0},{'O',[383;457;440],9,[383;457;440],9,0},{'M',[205;244;370],12,[114;122;110],4,[NaN;1;NaN],[205;641;370],11,[0;NaN;0]},{'O',[410;488;740],12,[205;244;370],12,1},{'M',[820;45;896],12,[7;31;7],2,[NaN;NaN;7],[73;45;-880],7,[NaN;0;NaN],[205;641;370],11,[2;NaN;NaN]},{'O',[820;45;896],12,[820;45;896],12,0},{'M',[137;568;1001],8,[137;142;1001],7,[0;2;0]},{'O',[137;568;1001],8,[137;568;1001],8,0},{'M',[14;641;5],12,[7;31;7],2,[1;NaN;NaN],[5;5;5],1,[NaN;NaN;0],[205;641;370],11,[NaN;0;NaN]},{'O',[14;641;5],12,[14;641;5],12,0}}
Adder graph: {{'A',[5;5;5],1,[1;1;1],0,0,[1;1;1],0,2},{'M',[10;10;5],2,[5;5;5],1,[1;1;0]},{'A',[45;45;25],3,[5;5;5],1,0,[10;10;5],2,2},{'M',[5;1;5],2,[1;1;1],0,[NaN;0;NaN],[5;5;5],1,[0;NaN;0]},{'A',[7;-1;7],3,[5;1;5],2,0,[1;-1;1],0,1},{'M',[1;-512;1],4,[1;1;1],0,[0;NaN;0],[7;-1;7],3,[NaN;9;NaN]},{'M',[7;45;25],4,[45;45;25],3,[NaN;0;0],[7;-1;7],3,[0;NaN;NaN]},{'A',[-223;928;801],5,[1;-512;1],4,0,[-7;45;25],4,5},{'M',[32;5;32],2,[1;1;1],0,[5;NaN;5],[5;5;5],1,[NaN;0;NaN]},{'M',[45;45;100],4,[45;45;25],3,[0;0;2]},{'A',[109;55;-36],5,[32;5;32],2,1,[45;45;-100],4,0},{'A',[137;568;1001],6,[-223;928;801],5,0,[45;-45;25],3,3},{'M',[10;1;10],2,[1;1;1],0,[NaN;0;NaN],[5;5;5],1,[1;NaN;1]},{'A',[205;61;185],4,[10;1;10],2,4,[45;45;25],3,0},{'M',[1;160;1],2,[1;1;1],0,[0;NaN;0],[5;5;5],1,[NaN;5;NaN]},{'A',[5;641;5],3,[1;1;1],0,0,[1;160;1],2,2},{'M',[137;256;256],7,[1;1;1],0,[NaN;8;8],[137;568;1001],6,[0;NaN;NaN]},{'M',[109;55;-72],6,[109;55;-36],5,[0;0;1]},{'A',[383;457;440],8,[137;256;256],7,1,[109;-55;-72],6,0},{'O',[383;457;440],8,[383;457;440],8,0},{'M',[205;244;370],5,[205;61;185],4,[0;2;1]},{'O',[410;488;740],5,[205;244;370],5,1},{'M',[820;45;896],5,[45;45;25],3,[NaN;0;NaN],[7;-1;7],3,[NaN;NaN;7],[205;61;185],4,[2;NaN;NaN]},{'O',[820;45;896],5,[820;45;896],5,0},{'O',[137;568;1001],6,[137;568;1001],6,0},{'M',[14;641;5],4,[7;-1;7],3,[1;NaN;NaN],[5;641;5],3,[NaN;0;0]},{'O',[14;641;5],4,[14;641;5],4,0}}
Adder graph: {{'M',[1;1;2],1,[1;1;1],0,[0;0;1]},{'A',[-3;-3;-7],2,[1;1;1],0,0,[-1;-1;-2],1,2},{'M',[-3;-3;4],3,[1;1;1],0,[NaN;NaN;2],[-3;-3;-7],2,[0;0;NaN]},{'A',[-2;-10;4],4,[-3;-3;4],3,1,[1;-1;-1],0,2},{'A',[-336;-432;-784],3,[-3;-3;-7],2,7,[3;-3;7],2,4},{'M',[-3;-3;-14],3,[-3;-3;-7],2,[0;0;1]},{'A',[-51;-45;-217],4,[-3;-3;-14],3,4,[-3;3;7],2,0},{'M',[-102;-90;-217],5,[-51;-45;-217],4,[1;1;0]},{'M',[1;64;64],1,[1;1;1],0,[0;6;6]},{'A',[-205;-244;-370],6,[-102;-90;-217],5,1,[-1;-64;64],1,0},{'M',[-51;-45;-448],5,[-3;-3;-7],2,[NaN;NaN;6],[-51;-45;-217],4,[0;0;NaN]},{'A',[-47;-25;-440],6,[-51;-45;-448],5,0,[2;10;4],4,1},{'M',[-188;-80;-784],7,[-2;-10;4],4,[NaN;3;NaN],[-336;-432;-784],3,[NaN;NaN;0],[-47;-25;-440],6,[2;NaN;NaN]},{'M',[-51;-488;-217],7,[-51;-45;-217],4,[0;NaN;0],[-205;-244;-370],6,[NaN;1;NaN]},{'A',[-137;-568;-1001],8,[-188;-80;-784],7,0,[51;-488;-217],7,0},{'M',[16;1;1],1,[1;1;1],0,[4;0;0]},{'M',[-2;-640;4],5,[-2;-10;4],4,[0;6;0]},{'A',[14;641;5],6,[16;1;1],1,0,[-2;640;4],5,0},{'A',[-383;-457;-1224],7,[-336;-432;-784],3,0,[-47;-25;-440],6,0},{'M',[-383;-457;-440],8,[-47;-25;-440],6,[NaN;NaN;0],[-383;-457;-1224],7,[0;0;NaN]},{'O',[383;457;440],8,[383;457;440],8,0},{'O',[410;488;740],6,[205;244;370],6,1},{'M',[-820;-45;-896],7,[-3;-3;-7],2,[NaN;NaN;7],[-51;-45;-217],4,[NaN;0;NaN],[-205;-244;-370],6,[2;NaN;NaN]},{'O',[820;45;896],7,[820;45;896],7,0},{'O',[137;568;1001],8,[137;568;1001],8,0},{'O',[14;641;5],6,[14;641;5],6,0}}
Adder graph: {{'A',[3;5;3],1,[1;1;1],0,2,[-1;1;-1],0,0},{'M',[1;8;1],1,[1;1;1],0,[0;3;0]},{'A',[7;63;7],2,[1;8;1],1,3,[-1;-1;-1],0,0},{'M',[1;1;28],3,[1;1;1],0,[0;0;NaN],[7;63;7],2,[NaN;NaN;2]},{'A',[36;244;252],4,[7;63;7],2,2,[1;-1;28],3,3},{'M',[7;63;384],3,[3;5;3],1,[NaN;NaN;7],[7;63;7],2,[0;0;NaN]},{'M',[24;1;1],2,[1;1;1],0,[NaN;0;0],[3;5;3],1,[3;NaN;NaN]},{'A',[199;55;376],4,[7;63;384],3,0,[24;-1;-1],2,3},{'M',[8;55;8],5,[1;1;1],0,[3;NaN;3],[199;55;376],4,[NaN;0;NaN]},{'M',[7;8;8],3,[1;1;1],0,[NaN;3;3],[7;63;7],2,[0;NaN;NaN]},{'A',[23;102;8],6,[8;55;8],5,1,[7;-8;-8],3,0},{'M',[23;64;8],7,[1;1;1],0,[NaN;6;NaN],[23;102;8],6,[0;NaN;0]},{'A',[383;457;440],8,[23;64;8],7,3,[199;-55;376],4,0},{'M',[7;408;7],7,[7;63;7],2,[0;NaN;0],[23;102;8],6,[NaN;2;NaN]},{'A',[-137;-568;-1001],8,[7;408;7],7,0,[-36;-244;-252],4,2},{'A',[205;45;370],5,[199;55;376],4,0,[3;-5;-3],1,1},{'M',[1;160;1],2,[1;1;1],0,[0;NaN;0],[3;5;3],1,[NaN;5;NaN]},{'A',[5;641;5],3,[1;160;1],2,2,[1;1;1],0,0},{'O',[383;457;440],8,[383;457;440],8,0},{'M',[205;244;370],6,[36;244;252],4,[NaN;0;NaN],[205;45;370],5,[0;NaN;0]},{'O',[410;488;740],6,[205;244;370],6,1},{'M',[820;45;896],6,[7;63;7],2,[NaN;NaN;7],[205;45;370],5,[2;0;NaN]},{'O',[820;45;896],6,[820;45;896],6,0},{'O',[137;568;1001],8,[137;568;1001],8,0},{'M',[14;641;5],4,[7;63;7],2,[1;NaN;NaN],[5;641;5],3,[NaN;0;0]},{'O',[14;641;5],4,[14;641;5],4,0}}
Adder graph: {{'A',[-7;-7;-7],1,[1;1;1],0,0,[-1;-1;-1],0,3},{'M',[2;2;1],1,[1;1;1],0,[1;1;0]},{'A',[-3;-3;-5],2,[-7;-7;-7],1,0,[2;2;1],1,1},{'M',[-6;-7;-7],3,[-7;-7;-7],1,[NaN;0;0],[-3;-3;-5],2,[1;NaN;NaN]},{'M',[-7;1;-7],2,[1;1;1],0,[NaN;0;NaN],[-7;-7;-7],1,[0;NaN;0]},{'A',[-391;-449;-441],4,[-6;-7;-7],3,6,[-7;-1;7],2,0},{'M',[-3;-12;-5],3,[-3;-3;-5],2,[0;2;0]},{'A',[-343;-641;-521],5,[-391;-449;-441],4,0,[3;-12;-5],3,4},{'M',[-391;-449;-448],5,[-7;-7;-7],1,[NaN;NaN;6],[-391;-449;-441],4,[0;0;NaN]},{'A',[-383;-457;-440],6,[-391;-449;-448],5,0,[1;-1;1],0,3},{'A',[15;17;15],1,[1;1;1],0,4,[-1;1;-1],0,0},{'A',[-51;-45;-85],3,[-3;-3;-5],2,4,[-3;3;-5],2,0},{'M',[-343;-24;-521],6,[-3;-3;-5],2,[NaN;3;NaN],[-343;-641;-521],5,[0;NaN;0]},{'A',[137;568;1001],7,[15;17;15],1,5,[-343;24;521],6,0},{'M',[1;64;30],2,[1;1;1],0,[0;6;NaN],[15;17;15],1,[NaN;NaN;1]},{'A',[-410;-488;-740],4,[-51;-45;-85],3,3,[-1;-64;-30],2,1},{'O',[383;457;440],6,[383;457;440],6,0},{'O',[410;488;740],4,[410;488;740],4,0},{'M',[-820;-45;-896],5,[-7;-7;-7],1,[NaN;NaN;7],[-51;-45;-85],3,[NaN;0;NaN],[-410;-488;-740],4,[1;NaN;NaN]},{'O',[820;45;896],5,[820;45;896],5,0},{'O',[137;568;1001],7,[137;568;1001],7,0},{'M',[-14;-641;-5],6,[-7;-7;-7],1,[1;NaN;NaN],[-3;-3;-5],2,[NaN;NaN;0],[-343;-641;-521],5,[NaN;0;NaN]},{'O',[14;641;5],6,[14;641;5],6,0}}
Adder graph: {{'M',[1;1;2],1,[1;1;1],0,[0;0;1]},{'A',[384;640;768],2,[1;1;1],0,9,[-1;1;2],1,7},{'A',[7;9;7],1,[1;1;1],0,3,[-1;1;-1],0,0},{'A',[48;80;48],2,[7;9;7],1,4,[-1;-1;-1],0,6},{'A',[82;142;110],3,[48;80;48],2,1,[-7;-9;7],1,1},{'M',[384;640;4],3,[1;1;1],0,[NaN;NaN;2],[384;640;768],2,[0;0;NaN]},{'A',[383;641;5],4,[384;640;4],3,0,[-1;1;1],0,0},{'A',[21;45;51],3,[384;640;768],2,-4,[-48;80;48],2,-4},{'A',[199;329;185],3,[48;80;48],2,2,[7;9;-7],1,0},{'M',[21;8;51],4,[1;1;1],0,[NaN;3;NaN],[21;45;51],3,[0;NaN;0]},{'A',[137;457;1001],5,[21;8;51],4,4,[-199;329;185],3,0},{'M',[82;80;8],4,[1;1;1],0,[NaN;NaN;3],[48;80;48],2,[NaN;0;NaN],[82;142;110],3,[0;NaN;NaN]},{'A',[410;488;448],5,[82;142;110],3,2,[82;-80;8],4,0},{'M',[383;457;440],6,[82;142;110],3,[NaN;NaN;2],[383;641;5],4,[0;NaN;NaN],[137;457;1001],5,[NaN;0;NaN]},{'O',[383;457;440],6,[383;457;440],6,0},{'M',[410;488;740],6,[199;329;185],3,[NaN;NaN;2],[410;488;448],5,[0;0;NaN]},{'O',[410;488;740],6,[410;488;740],6,0},{'M',[820;45;896],6,[21;45;51],3,[NaN;0;NaN],[410;488;448],5,[1;NaN;1]},{'O',[820;45;896],6,[820;45;896],6,0},{'M',[137;568;1001],6,[82;142;110],3,[NaN;2;NaN],[137;457;1001],5,[0;NaN;0]},{'O',[137;568;1001],6,[137;568;1001],6,0},{'M',[14;641;5],5,[7;9;7],1,[1;NaN;NaN],[383;641;5],4,[NaN;0;0]},{'O',[14;641;5],5,[14;641;5],5,0}}
Adder graph: {{'A',[384;640;384],1,[1;1;1],0,9,[-1;1;-1],0,7},{'M',[384;640;4],2,[1;1;1],0,[NaN;NaN;2],[384;640;384],1,[0;0;NaN]},{'A',[383;641;5],3,[384;640;4],2,0,[-1;1;1],0,0},{'A',[9;9;7],1,[1;1;1],0,3,[1;1;-1],0,0},{'A',[7;7;7],1,[1;1;1],0,3,[-1;-1;-1],0,0},{'A',[439;457;441],2,[7;7;7],1,6,[-9;9;-7],1,0},{'A',[45;45;35],2,[9;9;7],1,2,[9;9;7],1,0},{'M',[36;36;35],3,[9;9;7],1,[2;2;NaN],[45;45;35],2,[NaN;NaN;0]},{'M',[439;8;441],3,[1;1;1],0,[NaN;3;NaN],[439;457;441],2,[0;NaN;0]},{'A',[137;568;1001],4,[36;36;35],3,4,[-439;-8;441],3,0},{'A',[438;456;440],3,[439;457;441],2,0,[-1;-1;-1],0,0},{'M',[438;456;768],4,[384;640;384],1,[NaN;NaN;1],[438;456;440],3,[0;0;NaN]},{'M',[7;8;7],2,[1;1;1],0,[NaN;3;NaN],[7;7;7],1,[0;NaN;0]},{'A',[410;488;740],5,[438;456;768],4,0,[-7;8;-7],2,2},{'M',[383;457;440],4,[383;641;5],3,[0;NaN;NaN],[439;457;441],2,[NaN;0;NaN],[438;456;440],3,[NaN;NaN;0]},{'O',[383;457;440],4,[383;457;440],4,0},{'O',[410;488;740],5,[410;488;740],5,0},{'M',[820;45;896],6,[9;9;7],1,[NaN;NaN;7],[45;45;35],2,[NaN;0;NaN],[410;488;740],5,[1;NaN;NaN]},{'O',[820;45;896],6,[820;45;896],6,0},{'O',[137;568;1001],4,[137;568;1001],4,0},{'M',[14;641;5],4,[383;641;5],3,[NaN;0;0],[7;7;7],1,[1;NaN;NaN]},{'O',[14;641;5],4,[14;641;5],4,0}}
Finished solving after 259188 seconds
Adder graph: {{'A',[384;640;384],1,[1;1;1],0,9,[-1;1;-1],0,7},{'M',[384;640;4],2,[1;1;1],0,[NaN;NaN;2],[384;640;384],1,[0;0;NaN]},{'A',[383;641;5],3,[384;640;4],2,0,[-1;1;1],0,0},{'A',[9;9;7],1,[1;1;1],0,3,[1;1;-1],0,0},{'A',[7;7;7],1,[1;1;1],0,3,[-1;-1;-1],0,0},{'A',[439;457;441],2,[7;7;7],1,6,[-9;9;-7],1,0},{'A',[45;45;35],2,[9;9;7],1,2,[9;9;7],1,0},{'M',[36;36;35],3,[9;9;7],1,[2;2;NaN],[45;45;35],2,[NaN;NaN;0]},{'M',[439;8;441],3,[1;1;1],0,[NaN;3;NaN],[439;457;441],2,[0;NaN;0]},{'A',[137;568;1001],4,[36;36;35],3,4,[-439;-8;441],3,0},{'A',[438;456;440],3,[439;457;441],2,0,[-1;-1;-1],0,0},{'M',[438;456;768],4,[384;640;384],1,[NaN;NaN;1],[438;456;440],3,[0;0;NaN]},{'M',[7;8;7],2,[1;1;1],0,[NaN;3;NaN],[7;7;7],1,[0;NaN;0]},{'A',[410;488;740],5,[438;456;768],4,0,[-7;8;-7],2,2},{'M',[383;457;440],4,[383;641;5],3,[0;NaN;NaN],[439;457;441],2,[NaN;0;NaN],[438;456;440],3,[NaN;NaN;0]},{'O',[383;457;440],4,[383;457;440],4,0},{'O',[410;488;740],5,[410;488;740],5,0},{'M',[820;45;896],6,[9;9;7],1,[NaN;NaN;7],[45;45;35],2,[NaN;0;NaN],[410;488;740],5,[1;NaN;NaN]},{'O',[820;45;896],6,[820;45;896],6,0},{'O',[137;568;1001],4,[137;568;1001],4,0},{'M',[14;641;5],4,[383;641;5],3,[NaN;0;0],[7;7;7],1,[1;NaN;NaN]},{'O',[14;641;5],4,[14;641;5],4,0}}
# Add optimal = 1
# Mux optimal = 0
# FAs optimal = 0
