Adder graph: {{'M',[1;1;2],1,[1;1;1],0,[0;0;1]},{'M',[8;1;16],1,[1;1;1],0,[3;0;4]},{'A',[-31;5;-62],2,[1;1;2],1,0,[-8;1;-16],1,2},{'M',[-62;16;1],3,[1;1;1],0,[NaN;4;0],[-31;5;-62],2,[1;NaN;NaN]},{'M',[-62;5;32],3,[1;1;1],0,[NaN;NaN;5],[-31;5;-62],2,[1;0;NaN]},{'A',[434;-24;-255],4,[-62;16;1],3,0,[62;-5;-32],3,3},{'M',[1;32;-255],5,[1;1;1],0,[0;5;NaN],[434;-24;-255],4,[NaN;NaN;0]},{'M',[434;320;-248],5,[-31;5;-62],2,[NaN;6;2],[434;-24;-255],4,[0;NaN;NaN]},{'A',[435;-288;-7],6,[1;32;-255],5,0,[434;-320;248],5,0},{'M',[32;-288;1],7,[1;1;1],0,[5;NaN;0],[435;-288;-7],6,[NaN;0;NaN]},{'M',[128;5;-496],3,[1;1;1],0,[7;NaN;NaN],[-31;5;-62],2,[NaN;0;3]},{'A',[-224;-278;993],8,[32;-288;1],7,0,[-128;5;496],3,1},{'M',[-3584;-192;-255],9,[434;-24;-255],4,[NaN;3;0],[-224;-278;993],8,[4;NaN;NaN]},{'M',[1736;5;-124],5,[-31;5;-62],2,[NaN;0;1],[434;-24;-255],4,[2;NaN;NaN]},{'A',[-5320;-187;-379],10,[-3584;-192;-255],9,0,[-1736;5;-124],5,0},{'M',[-5320;-288;-7],11,[435;-288;-7],6,[NaN;0;0],[-5320;-187;-379],10,[0;NaN;NaN]},{'M',[-224;-24;993],9,[434;-24;-255],4,[NaN;0;NaN],[-224;-278;993],8,[0;NaN;0]},{'A',[-637;-39;-125],12,[-5320;-288;-7],11,-3,[224;-24;-993],9,-3},{'M',[3480;-288;-510],7,[434;-24;-255],4,[NaN;NaN;1],[435;-288;-7],6,[3;0;NaN]},{'M',[870;-39;-224],13,[435;-288;-7],6,[1;NaN;5],[-637;-39;-125],12,[NaN;0;NaN]},{'A',[2610;-327;-286],14,[3480;-288;-510],7,0,[-870;-39;224],13,0},{'M',[2610;2;-56],15,[1;1;1],0,[NaN;1;NaN],[435;-288;-7],6,[NaN;NaN;3],[2610;-327;-286],14,[0;NaN;NaN]},{'M',[-3584;-327;-286],15,[-224;-278;993],8,[4;NaN;NaN],[2610;-327;-286],14,[NaN;0;0]},{'A',[-974;329;-342],16,[2610;2;-56],15,0,[-3584;327;-286],15,0},{'M',[-637;2;-255],13,[1;1;1],0,[NaN;1;NaN],[434;-24;-255],4,[NaN;NaN;0],[-637;-39;-125],12,[0;NaN;NaN]},{'M',[-224;32;-684],17,[1;1;1],0,[NaN;5;NaN],[-224;-278;993],8,[0;NaN;NaN],[-974;329;-342],16,[NaN;NaN;1]},{'A',[-413;-30;429],18,[-637;2;-255],13,0,[224;-32;684],17,0},{'M',[5220;-278;993],15,[-224;-278;993],8,[NaN;0;0],[2610;-327;-286],14,[1;NaN;NaN]},{'M',[-5320;329;-2000],17,[-5320;-187;-379],10,[0;NaN;NaN],[-637;-39;-125],12,[NaN;NaN;4],[-974;329;-342],16,[NaN;0;NaN]},{'A',[-100;-607;-1007],18,[5220;-278;993],15,0,[-5320;-329;-2000],17,0},{'M',[-413;-187;-1007],19,[-5320;-187;-379],10,[NaN;0;NaN],[-413;-30;429],18,[0;NaN;NaN],[-100;-607;-1007],18,[NaN;NaN;0]},{'O',[413;187;1007],19,[413;187;1007],19,0},{'M',[870;329;429],19,[435;-288;-7],6,[1;NaN;NaN],[-974;329;-342],16,[NaN;0;NaN],[-413;-30;429],18,[NaN;NaN;0]},{'O',[870;329;429],19,[870;329;429],19,0},{'M',[-100;-607;-684],19,[-974;329;-342],16,[NaN;NaN;1],[-100;-607;-1007],18,[0;0;NaN]},{'O',[100;607;684],19,[100;607;684],19,0},{'M',[-637;-327;-379],15,[-5320;-187;-379],10,[NaN;NaN;0],[-637;-39;-125],12,[0;NaN;NaN],[2610;-327;-286],14,[NaN;0;NaN]},{'O',[637;327;379],15,[637;327;379],15,0},{'M',[-974;-30;-286],19,[2610;-327;-286],14,[NaN;NaN;0],[-974;329;-342],16,[0;NaN;NaN],[-413;-30;429],18,[NaN;0;NaN]},{'O',[974;30;286],19,[974;30;286],19,0}}
Adder graph: {{'M',[16;1;16],1,[1;1;1],0,[4;0;4]},{'M',[1;128;2],1,[1;1;1],0,[0;7;1]},{'A',[129;-120;126],2,[16;1;16],1,3,[1;-128;-2],1,0},{'M',[8;-120;4],3,[1;1;1],0,[3;NaN;2],[129;-120;126],2,[NaN;0;NaN]},{'M',[2;1;1],1,[1;1;1],0,[1;0;0]},{'A',[34;-479;17],4,[8;-120;4],3,2,[2;1;1],1,0},{'M',[1024;-120;126],3,[1;1;1],0,[10;NaN;NaN],[129;-120;126],2,[NaN;0;0]},{'M',[129;64;64],3,[1;1;1],0,[NaN;6;6],[129;-120;126],2,[0;NaN;NaN]},{'A',[895;-184;190],4,[1024;-120;126],3,0,[-129;-64;64],3,0},{'M',[34;-2944;8],5,[1;1;1],0,[NaN;NaN;3],[34;-479;17],4,[0;NaN;NaN],[895;-184;190],4,[NaN;4;NaN]},{'M',[68;-958;126],5,[129;-120;126],2,[NaN;NaN;0],[34;-479;17],4,[1;1;NaN]},{'A',[102;-3902;-118],6,[34;-2944;8],5,0,[68;-958;-126],5,0},{'M',[258;-7804;1],7,[1;1;1],0,[NaN;NaN;0],[129;-120;126],2,[1;NaN;NaN],[102;-3902;-118],6,[NaN;1;NaN]},{'M',[895;-7664;380],5,[34;-479;17],4,[NaN;4;NaN],[895;-184;190],4,[0;NaN;1]},{'A',[-637;-140;-379],8,[258;-7804;1],7,0,[-895;7664;-380],5,0},{'M',[129;8;2],3,[1;1;1],0,[NaN;3;1],[129;-120;126],2,[0;NaN;NaN]},{'M',[1;2;34],5,[1;1;1],0,[0;1;NaN],[34;-479;17],4,[NaN;NaN;1]},{'A',[515;30;-26],6,[129;8;2],3,2,[-1;-2;-34],5,0},{'M',[895;-479;-236],7,[34;-479;17],4,[NaN;0;NaN],[895;-184;190],4,[0;NaN;NaN],[102;-3902;-118],6,[NaN;NaN;1]},{'M',[408;128;-379],9,[1;1;1],0,[NaN;7;NaN],[102;-3902;-118],6,[2;NaN;NaN],[-637;-140;-379],8,[NaN;NaN;0]},{'A',[487;-607;143],10,[895;-479;-236],7,0,[-408;-128;379],9,0},{'M',[487;-607;572],11,[487;-607;143],10,[0;0;2]},{'M',[512;-280;143],11,[1;1;1],0,[9;NaN;NaN],[-637;-140;-379],8,[NaN;1;NaN],[487;-607;143],10,[NaN;NaN;0]},{'A',[-25;-327;429],12,[487;-607;572],11,0,[-512;280;-143],11,0},{'M',[515;-140;1008],9,[129;-120;126],2,[NaN;NaN;3],[-637;-140;-379],8,[NaN;0;NaN],[515;30;-26],6,[0;NaN;NaN]},{'M',[102;-327;1],13,[1;1;1],0,[NaN;NaN;0],[102;-3902;-118],6,[0;NaN;NaN],[-25;-327;429],12,[NaN;0;NaN]},{'A',[413;187;1007],14,[515;-140;1008],9,0,[-102;327;-1],13,0},{'M',[895;2;-379],9,[1;1;1],0,[NaN;1;NaN],[895;-184;190],4,[0;NaN;NaN],[-637;-140;-379],8,[NaN;NaN;0]},{'M',[-25;-327;-208],13,[515;30;-26],6,[NaN;NaN;3],[-25;-327;429],12,[0;0;NaN]},{'A',[870;329;-171],14,[895;2;-379],9,0,[-25;327;208],13,0},{'O',[413;187;1007],14,[413;187;1007],14,0},{'M',[870;329;429],15,[-25;-327;429],12,[NaN;NaN;0],[870;329;-171],14,[0;0;NaN]},{'O',[870;329;429],15,[870;329;429],15,0},{'M',[-100;-607;-684],15,[487;-607;143],10,[NaN;0;NaN],[-25;-327;429],12,[2;NaN;NaN],[870;329;-171],14,[NaN;NaN;2]},{'O',[100;607;684],15,[100;607;684],15,0},{'M',[-637;-327;-379],13,[-637;-140;-379],8,[0;NaN;0],[-25;-327;429],12,[NaN;0;NaN]},{'O',[637;327;379],13,[637;327;379],13,0},{'M',[974;30;286],11,[515;30;-26],6,[NaN;0;NaN],[487;-607;143],10,[1;NaN;1]},{'O',[974;30;286],11,[974;30;286],11,0}}
Adder graph: {{'M',[2;8;1],1,[1;1;1],0,[1;3;0]},{'A',[17;65;-7],2,[1;1;1],0,0,[2;8;-1],1,3},{'M',[32;1;32],1,[1;1;1],0,[5;0;5]},{'M',[17;65;-28],3,[17;65;-7],2,[0;0;2]},{'A',[145;69;100],4,[32;1;32],1,2,[17;65;-28],3,0},{'M',[1;8;8],1,[1;1;1],0,[0;3;3]},{'M',[34;69;-14],5,[17;65;-7],2,[1;NaN;1],[145;69;100],4,[NaN;0;NaN]},{'A',[50;197;142],6,[1;8;8],1,4,[34;69;14],5,0},{'M',[50;197;256],7,[1;1;1],0,[NaN;NaN;8],[50;197;142],6,[0;0;NaN]},{'M',[17;8;1],3,[1;1;1],0,[NaN;3;0],[17;65;-7],2,[0;NaN;NaN]},{'A',[67;205;257],8,[50;197;256],7,0,[17;8;1],3,0},{'M',[268;197;514],9,[50;197;142],6,[NaN;0;NaN],[67;205;257],8,[2;NaN;1]},{'M',[17;130;-7],3,[17;65;-7],2,[0;1;0]},{'A',[285;327;507],10,[268;197;514],9,0,[17;130;-7],3,0},{'M',[67;410;284],9,[50;197;142],6,[NaN;NaN;1],[67;205;257],8,[0;1;NaN]},{'M',[570;197;400],11,[145;69;100],4,[NaN;NaN;2],[50;197;142],6,[NaN;0;NaN],[285;327;507],10,[1;NaN;NaN]},{'A',[637;607;684],12,[67;410;284],9,0,[570;197;400],11,0},{'M',[128;128;507],11,[1;1;1],0,[7;7;NaN],[285;327;507],10,[NaN;NaN;0]},{'M',[4352;69;-7],5,[17;65;-7],2,[8;NaN;0],[145;69;100],4,[NaN;0;NaN]},{'A',[-4096;187;1007],12,[128;128;507],11,1,[-4352;-69;-7],5,0},{'M',[50;197;507],11,[50;197;142],6,[0;0;NaN],[285;327;507],10,[NaN;NaN;0]},{'M',[1024;1;128],1,[1;1;1],0,[10;0;7]},{'A',[-974;198;379],12,[50;197;507],11,0,[-1024;1;-128],1,0},{'M',[145;65;257],9,[17;65;-7],2,[NaN;0;NaN],[145;69;100],4,[0;NaN;NaN],[67;205;257],8,[NaN;NaN;0]},{'M',[134;197;200],9,[145;69;100],4,[NaN;NaN;1],[50;197;142],6,[NaN;0;NaN],[67;205;257],8,[1;NaN;NaN]},{'A',[413;-329;-143],10,[145;65;257],9,0,[134;-197;-200],9,1},{'M',[1274;1;-286],13,[1;1;1],0,[NaN;0;NaN],[637;607;684],12,[1;NaN;NaN],[413;-329;-143],10,[NaN;NaN;1]},{'M',[2144;16;-143],11,[1;1;1],0,[NaN;4;NaN],[67;205;257],8,[5;NaN;NaN],[413;-329;-143],10,[NaN;NaN;0]},{'A',[-870;-15;-429],14,[1274;1;-286],13,0,[-2144;-16;-143],11,0},{'M',[413;187;1007],13,[-4096;187;1007],12,[NaN;0;0],[413;-329;-143],10,[0;NaN;NaN]},{'O',[413;187;1007],13,[413;187;1007],13,0},{'M',[-870;-329;-429],15,[413;-329;-143],10,[NaN;0;NaN],[-870;-15;-429],14,[0;NaN;0]},{'O',[870;329;429],15,[870;329;429],15,0},{'M',[100;607;684],13,[50;197;142],6,[1;NaN;NaN],[637;607;684],12,[NaN;0;0]},{'O',[100;607;684],13,[100;607;684],13,0},{'M',[637;327;379],13,[285;327;507],10,[NaN;0;NaN],[637;607;684],12,[0;NaN;NaN],[-974;198;379],12,[NaN;NaN;0]},{'O',[637;327;379],13,[637;327;379],13,0},{'M',[-974;-30;-286],15,[-974;198;379],12,[0;NaN;NaN],[413;-329;-143],10,[NaN;NaN;1],[-870;-15;-429],14,[NaN;1;NaN]},{'O',[974;30;286],15,[974;30;286],15,0}}
Adder graph: {{'M',[8;1;1],1,[1;1;1],0,[3;0;0]},{'M',[1;128;4],1,[1;1;1],0,[0;7;2]},{'A',[510;-192;72],2,[8;1;1],1,6,[-1;-128;4],1,1},{'M',[1;1;2],1,[1;1;1],0,[0;0;1]},{'A',[129;127;126],2,[1;1;1],0,7,[1;-1;-2],1,0},{'M',[129;127;8],3,[1;1;1],0,[NaN;NaN;3],[129;127;126],2,[0;0;NaN]},{'M',[32;-192;1],3,[1;1;1],0,[5;NaN;0],[510;-192;72],2,[NaN;0;NaN]},{'A',[97;319;7],4,[129;127;8],3,0,[-32;192;-1],3,0},{'M',[97;16;16],5,[1;1;1],0,[NaN;4;4],[97;319;7],4,[0;NaN;NaN]},{'M',[510;256;256],3,[1;1;1],0,[NaN;8;8],[510;-192;72],2,[0;NaN;NaN]},{'A',[-413;-240;-240],6,[97;16;16],5,0,[-510;-256;-256],3,0},{'M',[510;2;1],3,[1;1;1],0,[NaN;1;0],[510;-192;72],2,[0;NaN;NaN]},{'M',[194;16;72],5,[1;1;1],0,[NaN;4;NaN],[510;-192;72],2,[NaN;NaN;0],[97;319;7],4,[1;NaN;NaN]},{'A',[898;-30;-143],6,[510;2;1],3,0,[194;-16;-72],5,1},{'M',[1;319;7],5,[1;1;1],0,[0;NaN;NaN],[97;319;7],4,[NaN;0;0]},{'M',[1;1;64],1,[1;1;1],0,[0;0;6]},{'A',[-7;311;-505],6,[1;319;7],5,0,[-1;-1;-64],1,3},{'M',[-7;311;-143],7,[898;-30;-143],6,[NaN;NaN;0],[-7;311;-505],6,[0;0;NaN]},{'M',[16;319;-286],7,[1;1;1],0,[4;NaN;NaN],[97;319;7],4,[NaN;0;NaN],[898;-30;-143],6,[NaN;NaN;1]},{'A',[25;-327;429],8,[-7;311;-143],7,0,[16;-319;286],7,1},{'M',[898;2;112],7,[1;1;1],0,[NaN;1;NaN],[97;319;7],4,[NaN;NaN;4],[898;-30;-143],6,[0;NaN;NaN]},{'M',[-28;-327;-572],9,[898;-30;-143],6,[NaN;NaN;2],[-7;311;-505],6,[2;NaN;NaN],[25;-327;429],8,[NaN;0;NaN]},{'A',[870;329;684],10,[898;2;112],7,0,[-28;327;572],9,0},{'M',[-224;127;126],7,[129;127;126],2,[NaN;0;0],[-7;311;-505],6,[5;NaN;NaN]},{'M',[-413;-480;-505],7,[-413;-240;-240],6,[0;1;NaN],[-7;311;-505],6,[NaN;NaN;0]},{'A',[-637;607;-379],8,[-224;127;126],7,0,[-413;480;-505],7,0},{'M',[50;-60;1],9,[1;1;1],0,[NaN;NaN;0],[898;-30;-143],6,[NaN;1;NaN],[25;-327;429],8,[1;NaN;NaN]},{'M',[1024;127;1008],3,[1;1;1],0,[10;NaN;NaN],[129;127;126],2,[NaN;0;3]},{'A',[-974;-187;-1007],10,[50;-60;1],9,0,[-1024;-127;-1008],3,0},{'M',[-413;-187;-1007],11,[-413;-240;-240],6,[0;NaN;NaN],[-974;-187;-1007],10,[NaN;0;0]},{'O',[413;187;1007],11,[413;187;1007],11,0},{'M',[870;329;429],11,[25;-327;429],8,[NaN;NaN;0],[870;329;684],10,[0;0;NaN]},{'O',[870;329;429],11,[870;329;429],11,0},{'M',[100;607;684],11,[25;-327;429],8,[2;NaN;NaN],[870;329;684],10,[NaN;NaN;0],[-637;607;-379],8,[NaN;0;NaN]},{'O',[100;607;684],11,[100;607;684],11,0},{'M',[-637;-327;-379],9,[25;-327;429],8,[NaN;0;NaN],[-637;607;-379],8,[0;NaN;0]},{'O',[637;327;379],9,[637;327;379],9,0},{'M',[-974;-30;-286],11,[898;-30;-143],6,[NaN;0;1],[-974;-187;-1007],10,[0;NaN;NaN]},{'O',[974;30;286],11,[974;30;286],11,0}}
Adder graph: {{'M',[1;2;1],1,[1;1;1],0,[0;1;0]},{'M',[64;1;16],1,[1;1;1],0,[6;0;4]},{'A',[513;-6;-127],2,[1;2;1],1,0,[64;-1;-16],1,3},{'M',[513;1;1],3,[1;1;1],0,[NaN;0;0],[513;-6;-127],2,[0;NaN;NaN]},{'M',[8;1;8],1,[1;1;1],0,[3;0;3]},{'A',[641;17;129],4,[513;1;1],3,0,[8;1;8],1,4},{'M',[1;-192;129],5,[1;1;1],0,[0;NaN;NaN],[513;-6;-127],2,[NaN;5;NaN],[641;17;129],4,[NaN;NaN;0]},{'M',[4;34;-127],5,[1;1;1],0,[2;NaN;NaN],[513;-6;-127],2,[NaN;NaN;0],[641;17;129],4,[NaN;1;NaN]},{'A',[-15;-328;-379],6,[1;-192;129],5,0,[-4;-34;-127],5,2},{'M',[4;17;64],5,[1;1;1],0,[2;NaN;6],[641;17;129],4,[NaN;0;NaN]},{'M',[641;68;-379],7,[641;17;129],4,[0;2;NaN],[-15;-328;-379],6,[NaN;NaN;0]},{'A',[-637;-51;443],8,[4;17;64],5,0,[-641;-68;379],7,0},{'M',[16;-328;-379],7,[1;1;1],0,[4;NaN;NaN],[-15;-328;-379],6,[NaN;0;0]},{'M',[2;1;258],5,[1;1;1],0,[1;0;NaN],[641;17;129],4,[NaN;NaN;1]},{'A',[14;-329;-121],8,[16;-328;-379],7,0,[-2;-1;258],5,0},{'M',[128;-51;443],9,[1;1;1],0,[7;NaN;NaN],[-637;-51;443],8,[NaN;0;0]},{'A',[-100;-607;-685],10,[14;-329;-121],8,1,[-128;51;-443],9,0},{'M',[224;136;-127],9,[513;-6;-127],2,[NaN;NaN;0],[641;17;129],4,[NaN;3;NaN],[14;-329;-121],8,[4;NaN;NaN]},{'M',[-637;-51;8],9,[1;1;1],0,[NaN;NaN;3],[-637;-51;443],8,[0;0;NaN]},{'A',[-1050;238;-143],10,[224;136;-127],9,0,[-637;51;-8],9,1},{'M',[-637;-51;886],9,[-637;-51;443],8,[0;0;1]},{'M',[-1050;238;-121],11,[14;-329;-121],8,[NaN;NaN;0],[-1050;238;-143],10,[0;0;NaN]},{'A',[413;187;1007],12,[-637;-51;886],9,0,[1050;238;121],11,0},{'M',[-960;1;-143],11,[1;1;1],0,[NaN;0;NaN],[-15;-328;-379],6,[6;NaN;NaN],[-1050;238;-143],10,[NaN;NaN;0]},{'M',[-1050;17;-143],11,[641;17;129],4,[NaN;0;NaN],[-1050;238;-143],10,[0;NaN;0]},{'A',[-870;-15;-429],12,[-960;1;-143],11,1,[1050;-17;-143],11,0},{'M',[-960;-656;-429],13,[-15;-328;-379],6,[6;1;NaN],[-870;-15;-429],12,[NaN;NaN;0]},{'M',[14;-329;258],9,[641;17;129],4,[NaN;NaN;1],[14;-329;-121],8,[0;0;NaN]},{'A',[-974;-327;-171],14,[-960;-656;-429],13,0,[-14;329;258],9,0},{'O',[413;187;1007],12,[413;187;1007],12,0},{'M',[-870;-329;-429],13,[14;-329;-121],8,[NaN;0;NaN],[-870;-15;-429],12,[0;NaN;0]},{'O',[870;329;429],13,[870;329;429],13,0},{'M',[-100;-607;-684],15,[-100;-607;-685],10,[0;0;NaN],[-974;-327;-171],14,[NaN;NaN;2]},{'O',[100;607;684],15,[100;607;684],15,0},{'M',[-637;-327;-379],15,[-15;-328;-379],6,[NaN;NaN;0],[-637;-51;443],8,[0;NaN;NaN],[-974;-327;-171],14,[NaN;0;NaN]},{'O',[637;327;379],15,[637;327;379],15,0},{'M',[-974;-30;-286],15,[-1050;238;-143],10,[NaN;NaN;1],[-870;-15;-429],12,[NaN;1;NaN],[-974;-327;-171],14,[0;NaN;NaN]},{'O',[974;30;286],15,[974;30;286],15,0}}
Adder graph: {{'M',[4;1;1],1,[1;1;1],0,[2;0;0]},{'M',[1;16;1],1,[1;1;1],0,[0;4;0]},{'A',[2;-31;-1],2,[4;1;1],1,0,[-1;-16;-1],1,1},{'A',[-7;9;9],1,[1;1;1],0,0,[-1;1;1],0,3},{'M',[2;2;-1],3,[1;1;1],0,[NaN;1;NaN],[2;-31;-1],2,[0;NaN;0]},{'M',[-7;2;9],2,[1;1;1],0,[NaN;1;NaN],[-7;9;9],1,[0;NaN;0]},{'A',[25;30;-25],4,[2;2;-1],3,4,[-7;-2;-9],2,0},{'M',[1;1;36],2,[1;1;1],0,[0;0;NaN],[-7;9;9],1,[NaN;NaN;2]},{'M',[25;36;-25],5,[-7;9;9],1,[NaN;2;NaN],[25;30;-25],4,[0;NaN;0]},{'A',[102;-142;-28],6,[1;1;36],2,1,[25;-36;-25],5,2},{'M',[400;-248;-1],5,[2;-31;-1],2,[NaN;3;0],[25;30;-25],4,[4;NaN;NaN]},{'M',[-7;9;144],2,[-7;9;9],1,[0;0;4]},{'A',[407;-257;-145],6,[400;-248;-1],5,0,[7;-9;-144],2,0},{'M',[-7;-568;144],7,[-7;9;9],1,[0;NaN;4],[102;-142;-28],6,[NaN;2;NaN]},{'M',[2048;18;1],3,[1;1;1],0,[NaN;NaN;0],[2;-31;-1],2,[10;NaN;NaN],[-7;9;9],1,[NaN;1;NaN]},{'A',[2041;-586;143],8,[-7;-568;144],7,0,[2048;-18;-1],3,0},{'M',[2041;-586;1152],9,[-7;9;9],1,[NaN;NaN;7],[2041;-586;143],8,[0;0;NaN]},{'M',[1628;-257;-145],7,[407;-257;-145],6,[2;0;0]},{'A',[413;-329;1007],10,[2041;-586;1152],9,0,[-1628;257;-145],7,0},{'M',[-224;2;143],9,[1;1;1],0,[NaN;1;NaN],[-7;9;9],1,[5;NaN;NaN],[2041;-586;143],8,[NaN;NaN;0]},{'M',[413;-329;-28],11,[102;-142;-28],6,[NaN;NaN;0],[413;-329;1007],10,[0;0;NaN]},{'A',[-637;-327;171],12,[-224;2;143],9,0,[-413;-329;28],11,0},{'M',[-28;-142;143],9,[-7;9;9],1,[2;NaN;NaN],[102;-142;-28],6,[NaN;0;NaN],[2041;-586;143],8,[NaN;NaN;0]},{'M',[407;-329;572],11,[407;-257;-145],6,[0;NaN;NaN],[2041;-586;143],8,[NaN;NaN;2],[413;-329;1007],10,[NaN;0;NaN]},{'A',[-435;187;-429],12,[-28;-142;143],9,0,[-407;329;-572],11,0},{'M',[1024;576;-429],13,[1;1;1],0,[10;NaN;NaN],[-7;9;9],1,[NaN;6;NaN],[-435;187;-429],12,[NaN;NaN;0]},{'M',[50;-31;-50],5,[2;-31;-1],2,[NaN;0;NaN],[25;30;-25],4,[1;NaN;1]},{'A',[974;607;-379],14,[1024;576;-429],13,0,[-50;31;50],5,0},{'M',[413;187;1007],13,[413;-329;1007],10,[0;NaN;0],[-435;187;-429],12,[NaN;0;NaN]},{'O',[413;187;1007],13,[413;187;1007],13,0},{'M',[-870;-329;-429],13,[413;-329;1007],10,[NaN;0;NaN],[-435;187;-429],12,[1;NaN;0]},{'O',[870;329;429],13,[870;329;429],13,0},{'M',[100;607;684],15,[25;30;-25],4,[2;NaN;NaN],[-637;-327;171],12,[NaN;NaN;2],[974;607;-379],14,[NaN;0;NaN]},{'O',[100;607;684],15,[100;607;684],15,0},{'M',[-637;-327;-379],15,[-637;-327;171],12,[0;0;NaN],[974;607;-379],14,[NaN;NaN;0]},{'O',[637;327;379],15,[637;327;379],15,0},{'M',[974;30;286],15,[25;30;-25],4,[NaN;0;NaN],[2041;-586;143],8,[NaN;NaN;1],[974;607;-379],14,[0;NaN;NaN]},{'O',[974;30;286],15,[974;30;286],15,0}}
Adder graph: {{'M',[1;8;1],1,[1;1;1],0,[0;3;0]},{'A',[5;33;5],2,[1;1;1],0,0,[1;8;1],1,2},{'M',[5;2;5],3,[1;1;1],0,[NaN;1;NaN],[5;33;5],2,[0;NaN;0]},{'A',[104;80;24],4,[1;1;1],0,6,[5;2;-5],3,3},{'M',[1;80;48],5,[1;1;1],0,[0;NaN;NaN],[104;80;24],4,[NaN;0;1]},{'A',[3;607;379],6,[1;80;48],5,3,[-5;-33;-5],2,0},{'M',[104;16;16],5,[1;1;1],0,[NaN;4;4],[104;80;24],4,[0;NaN;NaN]},{'A',[-831;129;-127],6,[1;1;1],0,0,[-104;16;-16],5,3},{'M',[6;64;-127],7,[1;1;1],0,[NaN;6;NaN],[3;607;379],6,[1;NaN;NaN],[-831;129;-127],6,[NaN;NaN;0]},{'M',[1;129;1],7,[1;1;1],0,[0;NaN;0],[-831;129;-127],6,[NaN;0;NaN]},{'A',[25;385;-509],8,[6;64;-127],7,2,[1;129;-1],7,0},{'M',[5;2;20],3,[1;1;1],0,[NaN;1;NaN],[5;33;5],2,[0;NaN;2]},{'A',[-39;-15;-159],4,[1;1;1],0,0,[-5;-2;-20],3,3},{'M',[-831;-60;-127],7,[-831;129;-127],6,[0;NaN;0],[-39;-15;-159],4,[NaN;2;NaN]},{'M',[-39;2;-159],5,[1;1;1],0,[NaN;1;NaN],[-39;-15;-159],4,[0;NaN;0]},{'A',[-870;-58;-286],8,[-831;-60;-127],7,0,[-39;2;-159],5,0},{'M',[640;-58;-509],9,[5;33;5],2,[7;NaN;NaN],[25;385;-509],8,[NaN;NaN;0],[-870;-58;-286],8,[NaN;0;NaN]},{'M',[3;385;1516],9,[3;607;379],6,[0;NaN;2],[25;385;-509],8,[NaN;0;NaN]},{'A',[637;327;1007],10,[640;-58;-509],9,0,[-3;385;1516],9,0},{'M',[-870;129;24],9,[104;80;24],4,[NaN;NaN;0],[-831;129;-127],6,[NaN;0;NaN],[-870;-58;-286],8,[0;NaN;NaN]},{'M',[104;-58;-318],9,[104;80;24],4,[0;NaN;NaN],[-39;-15;-159],4,[NaN;NaN;1],[-870;-58;-286],8,[NaN;0;NaN]},{'A',[-974;187;342],10,[-870;129;24],9,0,[-104;58;318],9,0},{'M',[416;187;-509],11,[104;80;24],4,[2;NaN;NaN],[25;385;-509],8,[NaN;NaN;0],[-974;187;342],10,[NaN;0;NaN]},{'M',[3;516;80],7,[5;33;5],2,[NaN;NaN;4],[3;607;379],6,[0;NaN;NaN],[-831;129;-127],6,[NaN;2;NaN]},{'A',[413;-329;-429],12,[416;187;-509],11,0,[-3;-516;80],7,0},{'M',[413;187;1007],13,[637;327;1007],10,[NaN;NaN;0],[-974;187;342],10,[NaN;0;NaN],[413;-329;-429],12,[0;NaN;NaN]},{'O',[413;187;1007],13,[413;187;1007],13,0},{'M',[-870;-329;-429],13,[-870;-58;-286],8,[0;NaN;NaN],[413;-329;-429],12,[NaN;0;0]},{'O',[870;329;429],13,[870;329;429],13,0},{'M',[100;607;684],11,[3;607;379],6,[NaN;0;NaN],[25;385;-509],8,[2;NaN;NaN],[-974;187;342],10,[NaN;NaN;1]},{'O',[100;607;684],11,[100;607;684],11,0},{'M',[637;327;379],11,[3;607;379],6,[NaN;NaN;0],[637;327;1007],10,[0;0;NaN]},{'O',[637;327;379],11,[637;327;379],11,0},{'M',[-974;-30;-286],11,[-39;-15;-159],4,[NaN;1;NaN],[-870;-58;-286],8,[NaN;NaN;0],[-974;187;342],10,[0;NaN;NaN]},{'O',[974;30;286],11,[974;30;286],11,0}}
Adder graph: {{'M',[1;32;64],1,[1;1;1],0,[0;5;6]},{'M',[4;1;1],1,[1;1;1],0,[2;0;0]},{'A',[6;65;127],2,[1;32;64],1,1,[4;1;-1],1,0},{'M',[2;65;127],3,[1;1;1],0,[1;NaN;NaN],[6;65;127],2,[NaN;0;0]},{'M',[24;1;2],3,[1;1;1],0,[NaN;0;1],[6;65;127],2,[2;NaN;NaN]},{'A',[194;73;143],4,[2;65;127],3,0,[24;1;2],3,3},{'M',[1;65;127],3,[1;1;1],0,[0;NaN;NaN],[6;65;127],2,[NaN;0;0]},{'M',[194;584;2],5,[1;1;1],0,[NaN;NaN;1],[194;73;143],4,[0;3;NaN]},{'A',[-387;-1103;123],6,[1;65;127],3,0,[-194;-584;-2],5,1},{'M',[1;73;143],5,[1;1;1],0,[0;NaN;NaN],[194;73;143],4,[NaN;0;0]},{'M',[194;128;143],5,[1;1;1],0,[NaN;7;NaN],[194;73;143],4,[0;NaN;0]},{'A',[-387;329;429],6,[1;73;143],5,0,[-194;128;143],5,1},{'M',[48;73;143],5,[6;65;127],2,[3;NaN;NaN],[194;73;143],4,[NaN;0;0]},{'M',[1;16;256],1,[1;1;1],0,[0;4;8]},{'A',[50;105;-369],6,[48;73;143],5,0,[1;16;-256],1,1},{'M',[32;1;1],1,[1;1;1],0,[5;0;0]},{'M',[50;2;-369],7,[1;1;1],0,[NaN;1;NaN],[50;105;-369],6,[0;NaN;0]},{'A',[974;30;-337],8,[32;1;1],1,5,[-50;-2;-369],7,0},{'M',[48;30;-337],9,[6;65;127],2,[3;NaN;NaN],[974;30;-337],8,[NaN;0;0]},{'M',[-387;-1103;508],7,[6;65;127],2,[NaN;NaN;2],[-387;-1103;123],6,[0;0;NaN]},{'A',[435;1133;171],10,[48;30;-337],9,0,[387;1103;508],7,0},{'M',[194;73;342],11,[194;73;143],4,[0;0;NaN],[435;1133;171],10,[NaN;NaN;1]},{'A',[826;187;999],12,[194;73;342],11,2,[50;-105;-369],6,0},{'M',[-387;187;999],13,[-387;329;429],6,[0;NaN;NaN],[826;187;999],12,[NaN;0;0]},{'M',[200;105;2],7,[1;1;1],0,[NaN;NaN;1],[50;105;-369],6,[2;0;NaN]},{'A',[413;607;1007],14,[-387;187;999],13,0,[200;105;2],7,2},{'M',[-387;329;123],7,[-387;-1103;123],6,[NaN;NaN;0],[-387;329;429],6,[0;0;NaN]},{'M',[512;1;128],1,[1;1;1],0,[9;0;7]},{'A',[637;327;379],8,[-387;329;123],7,0,[512;-1;128],1,1},{'M',[413;187;1007],15,[826;187;999],12,[NaN;0;NaN],[413;607;1007],14,[0;NaN;0]},{'O',[413;187;1007],15,[413;187;1007],15,0},{'M',[870;329;429],11,[-387;329;429],6,[NaN;0;0],[435;1133;171],10,[1;NaN;NaN]},{'O',[870;329;429],11,[870;329;429],11,0},{'M',[100;607;684],15,[50;105;-369],6,[1;NaN;NaN],[435;1133;171],10,[NaN;NaN;2],[413;607;1007],14,[NaN;0;NaN]},{'O',[100;607;684],15,[100;607;684],15,0},{'O',[637;327;379],8,[637;327;379],8,0},{'M',[974;30;286],9,[194;73;143],4,[NaN;NaN;1],[974;30;-337],8,[0;0;NaN]},{'O',[974;30;286],9,[974;30;286],9,0}}
Adder graph: {{'M',[1;128;8],1,[1;1;1],0,[0;7;3]},{'M',[8;1;1],1,[1;1;1],0,[3;0;0]},{'A',[-7;127;7],2,[1;128;8],1,0,[-8;-1;-1],1,0},{'M',[-7;1;1],3,[1;1;1],0,[NaN;0;0],[-7;127;7],2,[0;NaN;NaN]},{'M',[1;1;2],1,[1;1;1],0,[0;0;1]},{'A',[-71;-63;-127],4,[-7;1;1],3,0,[-1;-1;-2],1,6},{'M',[-56;-63;-127],5,[-7;127;7],2,[3;NaN;NaN],[-71;-63;-127],4,[NaN;0;0]},{'M',[1;8;8],1,[1;1;1],0,[0;3;3]},{'A',[-58;-47;-143],6,[-56;-63;-127],5,0,[-1;8;-8],1,1},{'M',[-142;32;-143],7,[1;1;1],0,[NaN;5;NaN],[-71;-63;-127],4,[1;NaN;NaN],[-58;-47;-143],6,[NaN;NaN;0]},{'M',[-58;1;-143],7,[1;1;1],0,[NaN;0;NaN],[-58;-47;-143],6,[0;NaN;0]},{'A',[-258;30;-429],8,[-142;32;-143],7,0,[-58;-1;-143],7,1},{'M',[-284;1;1],5,[1;1;1],0,[NaN;0;0],[-71;-63;-127],4,[2;NaN;NaN]},{'M',[128;30;-429],9,[1;1;1],0,[7;NaN;NaN],[-258;30;-429],8,[NaN;0;0]},{'A',[-412;31;-428],10,[-284;1;1],5,0,[-128;30;-429],9,0},{'M',[-464;-188;-143],7,[-58;-47;-143],6,[3;2;0]},{'M',[-58;-47;-572],7,[-58;-47;-143],6,[0;0;2]},{'A',[-870;-329;286],8,[-464;-188;-143],7,1,[58;47;572],7,0},{'M',[-28;127;112],3,[-7;127;7],2,[2;0;4]},{'M',[64;240;286],9,[1;1;1],0,[6;NaN;NaN],[-258;30;-429],8,[NaN;3;NaN],[-870;-329;286],8,[NaN;NaN;0]},{'A',[100;607;684],10,[-28;127;112],3,0,[64;240;286],9,1},{'M',[-58;256;256],7,[1;1;1],0,[NaN;8;8],[-58;-47;-143],6,[0;NaN;NaN]},{'M',[-258;2;-127],9,[1;1;1],0,[NaN;1;NaN],[-71;-63;-127],4,[NaN;NaN;0],[-258;30;-429],8,[0;NaN;NaN]},{'A',[974;264;-252],10,[-58;256;256],7,0,[258;2;-127],9,2},{'M',[-412;-188;-1008],11,[-58;-47;-143],6,[NaN;2;NaN],[-412;31;-428],10,[0;NaN;NaN],[974;264;-252],10,[NaN;NaN;2]},{'A',[-413;-187;-1007],12,[-412;-188;-1008],11,0,[-1;1;1],0,0},{'M',[-224;-63;-127],5,[-7;127;7],2,[5;NaN;NaN],[-71;-63;-127],4,[NaN;0;0]},{'M',[-413;264;-252],13,[974;264;-252],10,[NaN;0;0],[-413;-187;-1007],12,[0;NaN;NaN]},{'A',[-637;-327;-379],14,[-224;-63;-127],5,0,[-413;-264;-252],13,0},{'O',[413;187;1007],12,[413;187;1007],12,0},{'M',[-870;-329;-429],9,[-258;30;-429],8,[NaN;NaN;0],[-870;-329;286],8,[0;0;NaN]},{'O',[870;329;429],9,[870;329;429],9,0},{'O',[100;607;684],10,[100;607;684],10,0},{'O',[637;327;379],14,[637;327;379],14,0},{'M',[974;30;286],11,[-258;30;-429],8,[NaN;0;NaN],[-870;-329;286],8,[NaN;NaN;0],[974;264;-252],10,[0;NaN;NaN]},{'O',[974;30;286],11,[974;30;286],11,0}}
Adder graph: {{'M',[1;1;16],1,[1;1;1],0,[0;0;4]},{'A',[3;-1;18],2,[1;1;16],1,0,[1;-1;1],0,1},{'M',[3;2;18],3,[1;1;1],0,[NaN;1;NaN],[3;-1;18],2,[0;NaN;0]},{'A',[25;-15;-143],4,[1;1;1],0,0,[3;-2;-18],3,3},{'M',[1;-1;18],3,[1;1;1],0,[0;NaN;NaN],[3;-1;18],2,[NaN;0;0]},{'A',[5;-9;126],4,[1;-1;18],3,3,[-3;-1;-18],2,0},{'M',[3;1;1],3,[1;1;1],0,[NaN;0;0],[3;-1;18],2,[0;NaN;NaN]},{'M',[160;-4;1],5,[1;1;1],0,[NaN;NaN;0],[3;-1;18],2,[NaN;2;NaN],[5;-9;126],4,[5;NaN;NaN]},{'A',[-637;17;-3],6,[3;1;1],3,0,[-160;4;-1],5,2},{'M',[2560;-9;126],5,[5;-9;126],4,[9;0;0]},{'A',[1286;-43;120],7,[2560;-9;126],5,0,[-637;-17;-3],6,1},{'M',[100;512;-143],5,[1;1;1],0,[NaN;9;NaN],[25;-15;-143],4,[2;NaN;0]},{'M',[4;-9;4],5,[1;1;1],0,[2;NaN;2],[5;-9;126],4,[NaN;0;NaN]},{'A',[104;521;-139],6,[100;512;-143],5,0,[4;9;4],5,0},{'M',[25;-15;128],5,[1;1;1],0,[NaN;NaN;7],[25;-15;-143],4,[0;0;NaN]},{'M',[104;-43;-139],8,[1286;-43;120],7,[NaN;0;NaN],[104;521;-139],6,[0;NaN;0]},{'A',[-391;-187;684],9,[25;-15;128],5,0,[-104;-43;139],8,2},{'M',[1286;521;-139],8,[1286;-43;120],7,[0;NaN;NaN],[104;521;-139],6,[NaN;0;0]},{'M',[208;-43;120],8,[1286;-43;120],7,[NaN;0;0],[104;521;-139],6,[1;NaN;NaN]},{'A',[870;607;-379],9,[1286;521;-139],8,0,[-208;43;-120],8,1},{'M',[128;-86;-143],8,[1;1;1],0,[7;NaN;NaN],[25;-15;-143],4,[NaN;NaN;0],[1286;-43;120],7,[NaN;1;NaN]},{'A',[-487;329;429],9,[25;-15;-143],4,0,[-128;86;143],8,2},{'M',[3;17;1],7,[1;1;1],0,[NaN;NaN;0],[3;-1;18],2,[0;NaN;NaN],[-637;17;-3],6,[NaN;0;NaN]},{'M',[104;-86;252],8,[5;-9;126],4,[NaN;NaN;1],[1286;-43;120],7,[NaN;1;NaN],[104;521;-139],6,[0;NaN;NaN]},{'A',[-413;-327;-1007],9,[3;17;1],7,0,[-104;-86;-252],8,2},{'M',[-413;-187;-1007],10,[-391;-187;684],9,[NaN;0;NaN],[-413;-327;-1007],9,[0;NaN;0]},{'O',[413;187;1007],10,[413;187;1007],10,0},{'M',[870;329;429],10,[870;607;-379],9,[0;NaN;NaN],[-487;329;429],9,[NaN;0;0]},{'O',[870;329;429],10,[870;329;429],10,0},{'M',[100;607;684],10,[25;-15;-143],4,[2;NaN;NaN],[-391;-187;684],9,[NaN;NaN;0],[870;607;-379],9,[NaN;0;NaN]},{'O',[100;607;684],10,[100;607;684],10,0},{'M',[-637;-327;-379],10,[-637;17;-3],6,[0;NaN;NaN],[870;607;-379],9,[NaN;NaN;0],[-413;-327;-1007],9,[NaN;0;NaN]},{'O',[637;327;379],10,[637;327;379],10,0},{'M',[-487;-15;-143],10,[25;-15;-143],4,[NaN;0;0],[-487;329;429],9,[0;NaN;NaN]},{'O',[974;30;286],10,[487;15;143],10,1}}
Adder graph: {{'M',[1;1;32],1,[1;1;1],0,[0;0;5]},{'A',[5;-3;-127],2,[1;1;1],0,0,[1;-1;-32],1,2},{'M',[1;1;2],1,[1;1;1],0,[0;0;1]},{'M',[1;-3;1],3,[1;1;1],0,[0;NaN;0],[5;-3;-127],2,[NaN;0;NaN]},{'A',[33;35;63],4,[1;1;2],1,5,[1;3;-1],3,0},{'M',[33;-192;16],5,[1;1;1],0,[NaN;NaN;4],[5;-3;-127],2,[NaN;6;NaN],[33;35;63],4,[0;NaN;NaN]},{'M',[512;-3;-127],3,[1;1;1],0,[9;NaN;NaN],[5;-3;-127],2,[NaN;0;0]},{'A',[-479;-189;-111],6,[33;-192;16],5,0,[-512;3;-127],3,0},{'M',[66;2;1],5,[1;1;1],0,[NaN;1;0],[33;35;63],4,[1;NaN;NaN]},{'M',[-479;-189;1008],7,[33;35;63],4,[NaN;NaN;4],[-479;-189;-111],6,[0;0;NaN]},{'A',[-413;-187;-1007],8,[66;2;1],5,0,[-479;-189;-1008],7,0},{'M',[-958;35;-111],7,[33;35;63],4,[NaN;0;NaN],[-479;-189;-111],6,[1;NaN;0]},{'M',[8;-3;63],5,[1;1;1],0,[3;NaN;NaN],[5;-3;-127],2,[NaN;0;NaN],[33;35;63],4,[NaN;NaN;0]},{'A',[-974;29;15],8,[-958;35;-111],7,0,[-8;-3;63],5,1},{'M',[-413;232;120],9,[-413;-187;-1007],8,[0;NaN;NaN],[-974;29;15],8,[NaN;3;3]},{'M',[1;-189;-111],7,[1;1;1],0,[0;NaN;NaN],[-479;-189;-111],6,[NaN;0;0]},{'A',[-415;610;342],10,[-413;232;120],9,0,[-1;189;111],7,1},{'M',[-415;610;256],11,[1;1;1],0,[NaN;NaN;8],[-415;610;342],10,[0;0;NaN]},{'M',[1056;-3;-127],5,[5;-3;-127],2,[NaN;0;0],[33;35;63],4,[5;NaN;NaN]},{'A',[641;607;383],12,[-415;610;256],11,0,[1056;-3;127],5,0},{'M',[5;-3;4],3,[1;1;1],0,[NaN;NaN;2],[5;-3;-127],2,[0;0;NaN]},{'A',[50;-30;-286],4,[5;-3;-127],2,1,[5;-3;-4],3,3},{'M',[1;70;1],5,[1;1;1],0,[0;NaN;0],[33;35;63],4,[NaN;1;NaN]},{'A',[-637;-327;-379],13,[1;70;1],5,2,[-641;-607;-383],12,0},{'M',[-830;-189;15],11,[-479;-189;-111],6,[NaN;0;NaN],[-974;29;15],8,[NaN;NaN;0],[-415;610;342],10,[1;NaN;NaN]},{'M',[10;35;-111],7,[5;-3;-127],2,[1;NaN;NaN],[33;35;63],4,[NaN;0;NaN],[-479;-189;-111],6,[NaN;NaN;0]},{'A',[-870;-329;-429],12,[-830;-189;15],11,0,[-10;-35;-111],7,2},{'O',[413;187;1007],8,[413;187;1007],8,0},{'O',[870;329;429],12,[870;329;429],12,0},{'M',[100;607;684],13,[-415;610;342],10,[NaN;NaN;1],[641;607;383],12,[NaN;0;NaN],[50;-30;-286],4,[1;NaN;NaN]},{'O',[100;607;684],13,[100;607;684],13,0},{'O',[637;327;379],13,[637;327;379],13,0},{'M',[-974;-30;-286],9,[-974;29;15],8,[0;NaN;NaN],[50;-30;-286],4,[NaN;0;0]},{'O',[974;30;286],9,[974;30;286],9,0}}
Adder graph: {{'M',[1;2;2],1,[1;1;1],0,[0;1;1]},{'M',[1;1;2],1,[1;1;1],0,[0;0;1]},{'A',[14;30;28],2,[1;2;2],1,4,[-1;-1;-2],1,1},{'M',[28;1;1],3,[1;1;1],0,[NaN;0;0],[14;30;28],2,[1;NaN;NaN]},{'A',[-100;129;129],4,[28;1;1],3,0,[-1;1;1],0,7},{'M',[14;120;112],3,[14;30;28],2,[0;2;2]},{'M',[128;8;129],5,[1;1;1],0,[7;3;NaN],[-100;129;129],4,[NaN;NaN;0]},{'A',[526;152;628],6,[14;120;112],3,0,[128;8;129],5,2},{'M',[112;152;112],7,[14;30;28],2,[3;NaN;2],[526;152;628],6,[NaN;0;NaN]},{'A',[111;153;111],8,[112;152;112],7,0,[-1;1;-1],0,0},{'M',[1;1;448],3,[1;1;1],0,[0;0;NaN],[14;30;28],2,[NaN;NaN;4]},{'A',[113;155;1007],9,[111;153;111],8,0,[1;1;448],3,1},{'M',[113;155;111],10,[111;153;111],8,[NaN;NaN;0],[113;155;1007],9,[0;0;NaN]},{'A',[145;187;143],11,[113;155;111],10,0,[1;1;1],0,5},{'A',[637;-1;739],9,[526;152;628],6,0,[111;-153;111],8,0},{'M',[637;1;572],12,[1;1;1],0,[NaN;0;NaN],[145;187;143],11,[NaN;NaN;2],[637;-1;739],9,[0;NaN;NaN]},{'M',[112;304;628],7,[14;30;28],2,[3;NaN;NaN],[526;152;628],6,[NaN;1;0]},{'A',[413;-607;-684],13,[637;1;572],12,0,[-112;-304;-628],7,1},{'M',[145;258;143],12,[-100;129;129],4,[NaN;1;NaN],[145;187;143],11,[0;NaN;0]},{'M',[580;187;143],12,[145;187;143],11,[2;0;0]},{'A',[870;329;429],13,[145;258;143],12,1,[580;-187;143],12,0},{'M',[448;329;1007],14,[14;30;28],2,[5;NaN;NaN],[113;155;1007],9,[NaN;NaN;0],[870;329;429],13,[NaN;0;NaN]},{'M',[526;2;628],7,[1;1;1],0,[NaN;1;NaN],[526;152;628],6,[0;NaN;0]},{'A',[974;327;379],15,[448;329;1007],14,0,[526;-2;-628],7,0},{'M',[413;187;1007],14,[113;155;1007],9,[NaN;NaN;0],[145;187;143],11,[NaN;0;NaN],[413;-607;-684],13,[0;NaN;NaN]},{'O',[413;187;1007],14,[413;187;1007],14,0},{'O',[870;329;429],13,[870;329;429],13,0},{'M',[-100;-607;-684],14,[-100;129;129],4,[0;NaN;NaN],[413;-607;-684],13,[NaN;0;0]},{'O',[100;607;684],14,[100;607;684],14,0},{'M',[637;327;379],16,[637;-1;739],9,[0;NaN;NaN],[974;327;379],15,[NaN;0;0]},{'O',[637;327;379],16,[637;327;379],16,0},{'M',[974;30;286],16,[14;30;28],2,[NaN;0;NaN],[145;187;143],11,[NaN;NaN;1],[974;327;379],15,[0;NaN;NaN]},{'O',[974;30;286],16,[974;30;286],16,0}}
Adder graph: {{'M',[1;8;8],1,[1;1;1],0,[0;3;3]},{'M',[8;1;1],1,[1;1;1],0,[3;0;0]},{'A',[-6;15;17],2,[1;8;8],1,1,[-8;-1;1],1,0},{'M',[-6;15;32],3,[1;1;1],0,[NaN;NaN;5],[-6;15;17],2,[0;0;NaN]},{'M',[1;1;8],1,[1;1;1],0,[0;0;3]},{'A',[-11;31;72],4,[-6;15;32],3,1,[1;1;8],1,0},{'M',[1;16;16],1,[1;1;1],0,[0;4;4]},{'M',[-12;15;34],3,[-6;15;17],2,[1;0;1]},{'A',[13;1;50],4,[1;16;16],1,0,[12;-15;34],3,0},{'M',[13;4;4],5,[1;1;1],0,[NaN;2;2],[13;1;50],4,[0;NaN;NaN]},{'M',[1;31;1],5,[1;1;1],0,[0;NaN;0],[-11;31;72],4,[NaN;0;NaN]},{'A',[100;156;36],6,[13;4;4],5,3,[-1;31;1],5,2},{'M',[-6;30;17],3,[-6;15;17],2,[0;1;0]},{'M',[100;120;136],7,[-6;15;17],2,[NaN;3;3],[100;156;36],6,[0;NaN;NaN]},{'A',[-424;-360;612],8,[-6;30;17],3,2,[-100;-120;136],7,2},{'A',[-435;-329;684],9,[-424;-360;612],8,0,[-11;31;72],4,0},{'M',[-11;31;1024],5,[1;1;1],0,[NaN;NaN;10],[-11;31;72],4,[0;0;NaN]},{'M',[-424;156;17],9,[-6;15;17],2,[NaN;NaN;0],[100;156;36],6,[NaN;0;NaN],[-424;-360;612],8,[0;NaN;NaN]},{'A',[413;187;1007],10,[-11;31;1024],5,0,[424;156;-17],9,0},{'M',[13;156;36],7,[13;1;50],4,[0;NaN;NaN],[100;156;36],6,[NaN;0;0]},{'M',[-435;1;1],10,[1;1;1],0,[NaN;0;0],[-435;-329;684],9,[0;NaN;NaN]},{'A',[487;623;143],11,[13;156;36],7,2,[435;-1;-1],10,0},{'M',[487;4;143],12,[1;1;1],0,[NaN;2;NaN],[487;623;143],11,[0;NaN;0]},{'A',[2435;607;-429],13,[487;623;143],11,0,[487;-4;-143],12,2},{'M',[-3072;-329;50],10,[-6;15;17],2,[9;NaN;NaN],[13;1;50],4,[NaN;NaN;0],[-435;-329;684],9,[NaN;0;NaN]},{'M',[2435;2;-429],14,[1;1;1],0,[NaN;1;NaN],[2435;607;-429],13,[0;NaN;0]},{'A',[-637;-327;-379],15,[-3072;-329;50],10,0,[2435;2;-429],14,0},{'O',[413;187;1007],10,[413;187;1007],10,0},{'M',[-870;-329;-429],14,[-435;-329;684],9,[1;0;NaN],[2435;607;-429],13,[NaN;NaN;0]},{'O',[870;329;429],14,[870;329;429],14,0},{'M',[100;607;684],14,[100;156;36],6,[0;NaN;NaN],[-435;-329;684],9,[NaN;NaN;0],[2435;607;-429],13,[NaN;0;NaN]},{'O',[100;607;684],14,[100;607;684],14,0},{'O',[637;327;379],15,[637;327;379],15,0},{'M',[487;15;143],12,[-6;15;17],2,[NaN;0;NaN],[487;623;143],11,[0;NaN;0]},{'O',[974;30;286],12,[487;15;143],12,1}}
Adder graph: {{'M',[128;1;1],1,[1;1;1],0,[7;0;0]},{'A',[112;17;17],2,[128;1;1],1,0,[-1;1;1],0,4},{'M',[1;1;2],1,[1;1;1],0,[0;0;1]},{'A',[108;13;25],3,[112;17;17],2,0,[-1;-1;2],1,2},{'M',[1;104;200],4,[1;1;1],0,[0;NaN;NaN],[108;13;25],3,[NaN;3;3]},{'M',[1;2;1],1,[1;1;1],0,[0;1;0]},{'A',[3;100;202],5,[1;104;200],4,0,[1;-2;1],1,1},{'M',[3;512;202],6,[1;1;1],0,[NaN;9;NaN],[3;100;202],5,[0;NaN;0]},{'M',[32;100;272],6,[1;1;1],0,[5;NaN;NaN],[112;17;17],2,[NaN;NaN;4],[3;100;202],5,[NaN;0;NaN]},{'A',[-61;312;746],7,[3;512;202],6,0,[-32;-100;272],6,1},{'M',[-976;1;1],8,[1;1;1],0,[NaN;0;0],[-61;312;746],7,[4;NaN;NaN]},{'M',[1;1;4],1,[1;1;1],0,[0;0;2]},{'A',[-974;-1;9],9,[-976;1;1],8,0,[1;-1;4],1,1},{'M',[24;1;1],6,[1;1;1],0,[NaN;0;0],[3;100;202],5,[3;NaN;NaN]},{'M',[6;-1;9],10,[3;100;202],5,[1;NaN;NaN],[-974;-1;9],9,[NaN;0;0]},{'A',[-72;-15;-143],11,[24;1;1],6,0,[-6;-1;-9],10,4},{'M',[864;13;25],4,[108;13;25],3,[3;0;0]},{'A',[870;-187;429],6,[864;13;25],4,0,[3;-100;202],5,1},{'M',[-576;-15;25],12,[108;13;25],3,[NaN;NaN;0],[-72;-15;-143],11,[3;0;NaN]},{'M',[-61;312;404],8,[3;100;202],5,[NaN;NaN;1],[-61;312;746],7,[0;0;NaN]},{'A',[-637;-327;-379],13,[-576;-15;25],12,0,[-61;-312;-404],8,0},{'M',[112;624;1492],8,[112;17;17],2,[0;NaN;NaN],[-61;312;746],7,[NaN;1;1]},{'M',[12;17;808],6,[112;17;17],2,[NaN;0;NaN],[3;100;202],5,[2;NaN;2]},{'A',[100;607;684],9,[112;624;1492],8,0,[-12;-17;-808],6,0},{'M',[224;2;17],3,[1;1;1],0,[NaN;1;NaN],[112;17;17],2,[1;NaN;0]},{'M',[-637;-327;1024],14,[1;1;1],0,[NaN;NaN;10],[-637;-327;-379],13,[0;0;NaN]},{'A',[-413;329;-1007],15,[224;2;17],3,0,[-637;327;-1024],14,0},{'M',[-413;-187;-1007],16,[870;-187;429],6,[NaN;0;NaN],[-413;329;-1007],15,[0;NaN;0]},{'O',[413;187;1007],16,[413;187;1007],16,0},{'M',[870;329;429],16,[870;-187;429],6,[0;NaN;0],[-413;329;-1007],15,[NaN;0;NaN]},{'O',[870;329;429],16,[870;329;429],16,0},{'O',[100;607;684],9,[100;607;684],9,0},{'O',[637;327;379],13,[637;327;379],13,0},{'M',[-974;-30;-286],12,[-974;-1;9],9,[0;NaN;NaN],[-72;-15;-143],11,[NaN;1;1]},{'O',[974;30;286],12,[974;30;286],12,0}}
Adder graph: {{'M',[1;1;4],1,[1;1;1],0,[0;0;2]},{'A',[-15;-15;65],2,[1;1;1],0,0,[-1;-1;4],1,4},{'M',[1;2;4],1,[1;1;1],0,[0;1;2]},{'M',[1;4;4],1,[1;1;1],0,[0;2;2]},{'A',[14;40;56],2,[1;2;4],1,4,[-1;4;-4],1,1},{'M',[28;40;56],3,[14;40;56],2,[1;0;0]},{'M',[1;1;2],1,[1;1;1],0,[0;0;1]},{'A',[54;82;108],4,[28;40;56],3,1,[-1;1;-2],1,1},{'A',[217;327;431],5,[54;82;108],4,2,[1;-1;-1],0,0},{'M',[54;-240;862],6,[-15;-15;65],2,[NaN;4;NaN],[54;82;108],4,[0;NaN;NaN],[217;327;431],5,[NaN;NaN;1]},{'M',[1;-30;130],3,[1;1;1],0,[0;NaN;NaN],[-15;-15;65],2,[NaN;1;1]},{'A',[50;-360;342],7,[54;-240;862],6,0,[-1;-30;-130],3,2},{'M',[217;327;112],6,[14;40;56],2,[NaN;NaN;1],[217;327;431],5,[0;0;NaN]},{'M',[28;80;1],3,[1;1;1],0,[NaN;NaN;0],[14;40;56],2,[1;1;NaN]},{'A',[189;247;111],7,[217;327;112],6,0,[-28;-80;-1],3,0},{'M',[868;327;431],6,[217;327;431],5,[2;0;0]},{'A',[870;329;429],7,[868;327;431],6,0,[1;1;-1],0,1},{'M',[189;247;56],8,[14;40;56],2,[NaN;NaN;0],[189;247;111],7,[0;0;NaN]},{'M',[448;-360;342],8,[14;40;56],2,[5;NaN;NaN],[50;-360;342],7,[NaN;0;0]},{'A',[637;607;-286],9,[189;247;56],8,0,[448;360;-342],8,0},{'M',[56;-15;224],3,[-15;-15;65],2,[NaN;0;NaN],[14;40;56],2,[2;NaN;2]},{'A',[413;187;1007],8,[189;247;111],7,0,[56;-15;224],3,2},{'M',[-240;-240;111],8,[-15;-15;65],2,[4;4;NaN],[189;247;111],7,[NaN;NaN;0]},{'M',[14;-15;65],3,[-15;-15;65],2,[NaN;0;0],[14;40;56],2,[0;NaN;NaN]},{'A',[-974;-945;379],9,[-240;-240;111],8,2,[-14;15;-65],3,0},{'O',[413;187;1007],8,[413;187;1007],8,0},{'O',[870;329;429],7,[870;329;429],7,0},{'M',[100;607;684],10,[50;-360;342],7,[1;NaN;1],[637;607;-286],9,[NaN;0;NaN]},{'O',[100;607;684],10,[100;607;684],10,0},{'M',[637;327;379],10,[217;327;431],5,[NaN;0;NaN],[637;607;-286],9,[0;NaN;NaN],[-974;-945;379],9,[NaN;NaN;0]},{'O',[637;327;379],10,[637;327;379],10,0},{'M',[-974;-30;-286],10,[-15;-15;65],2,[NaN;1;NaN],[637;607;-286],9,[NaN;NaN;0],[-974;-945;379],9,[0;NaN;NaN]},{'O',[974;30;286],10,[974;30;286],10,0}}
Adder graph: {{'M',[32;32;1],1,[1;1;1],0,[5;5;0]},{'A',[80;-48;18],2,[1;1;1],0,4,[32;-32;1],1,1},{'M',[1;1;4],1,[1;1;1],0,[0;0;2]},{'A',[17;17;-63],2,[1;1;1],0,0,[1;1;-4],1,4},{'M',[136;-48;-504],3,[80;-48;18],2,[NaN;0;NaN],[17;17;-63],2,[3;NaN;3]},{'M',[32;1;1],1,[1;1;1],0,[5;0;0]},{'A',[104;-47;-505],4,[136;-48;-504],3,0,[-32;1;-1],1,0},{'M',[17;272;-63],3,[17;17;-63],2,[0;4;0]},{'M',[8;8;18],3,[1;1;1],0,[3;3;NaN],[80;-48;18],2,[NaN;NaN;0]},{'A',[25;280;-81],4,[17;272;-63],3,0,[8;8;-18],3,0},{'M',[25;280;-126],5,[17;17;-63],2,[NaN;NaN;1],[25;280;-81],4,[0;0;NaN]},{'M',[512;-47;-505],5,[1;1;1],0,[9;NaN;NaN],[104;-47;-505],4,[NaN;0;0]},{'A',[537;327;379],6,[25;280;-126],5,0,[512;47;505],5,0},{'M',[25;-376;-648],5,[104;-47;-505],4,[NaN;3;NaN],[25;280;-81],4,[0;NaN;3]},{'A',[-487;-329;-143],6,[25;-376;-648],5,0,[-512;47;505],5,0},{'M',[100;280;-324],5,[25;280;-81],4,[2;0;2]},{'M',[537;327;-1008],7,[17;17;-63],2,[NaN;NaN;4],[537;327;379],6,[0;0;NaN]},{'A',[637;607;684],8,[100;280;-324],5,0,[537;327;1008],7,0},{'M',[104;8;8],5,[1;1;1],0,[NaN;3;3],[104;-47;-505],4,[0;NaN;NaN]},{'A',[-207;-15;17],6,[1;1;1],0,0,[-104;-8;8],5,1},{'M',[-207;-94;-504],7,[17;17;-63],2,[NaN;NaN;3],[104;-47;-505],4,[NaN;1;NaN],[-207;-15;17],6,[0;NaN;NaN]},{'A',[-413;-187;-1007],8,[1;1;1],0,0,[-207;-94;-504],7,1},{'M',[104;-329;-143],7,[104;-47;-505],4,[0;NaN;NaN],[-487;-329;-143],6,[NaN;0;0]},{'A',[-870;-329;-429],8,[-487;-329;-143],6,1,[104;329;-143],7,0},{'O',[413;187;1007],8,[413;187;1007],8,0},{'O',[870;329;429],8,[870;329;429],8,0},{'M',[100;607;684],9,[25;280;-81],4,[2;NaN;NaN],[637;607;684],8,[NaN;0;0]},{'O',[100;607;684],9,[100;607;684],9,0},{'M',[637;327;379],9,[537;327;379],6,[NaN;0;0],[637;607;684],8,[0;NaN;NaN]},{'O',[637;327;379],9,[637;327;379],9,0},{'M',[-487;-15;-143],7,[-487;-329;-143],6,[0;NaN;0],[-207;-15;17],6,[NaN;0;NaN]},{'O',[974;30;286],7,[487;15;143],7,1}}
Adder graph: {{'M',[1;8;8],1,[1;1;1],0,[0;3;3]},{'A',[3;15;15],2,[1;8;8],1,1,[1;-1;-1],0,0},{'M',[3;15;4],3,[1;1;1],0,[NaN;NaN;2],[3;15;15],2,[0;0;NaN]},{'A',[13;59;17],4,[3;15;4],3,2,[1;-1;1],0,0},{'M',[13;59;8],5,[1;1;1],0,[NaN;NaN;3],[13;59;17],4,[0;0;NaN]},{'M',[104;32;15],5,[1;1;1],0,[NaN;5;NaN],[3;15;15],2,[NaN;NaN;0],[13;59;17],4,[3;NaN;NaN]},{'A',[-91;91;23],6,[13;59;8],5,0,[-104;32;15],5,0},{'M',[13;59;128],5,[1;1;1],0,[NaN;NaN;7],[13;59;17],4,[0;0;NaN]},{'A',[-35;299;-112],6,[13;59;128],5,0,[-3;15;-15],2,4},{'M',[-140;15;-112],7,[3;15;15],2,[NaN;0;NaN],[-35;299;-112],6,[2;NaN;0]},{'A',[-231;76;-89],8,[-91;91;23],6,0,[-140;-15;-112],7,0},{'M',[256;91;23],7,[1;1;1],0,[8;NaN;NaN],[-91;91;23],6,[NaN;0;0]},{'M',[-231;76;120],9,[3;15;15],2,[NaN;NaN;3],[-231;76;-89],8,[0;0;NaN]},{'A',[487;15;143],10,[256;91;23],7,0,[231;-76;120],9,0},{'M',[487;152;143],11,[-231;76;-89],8,[NaN;1;NaN],[487;15;143],10,[0;NaN;0]},{'M',[-1848;1;-112],9,[1;1;1],0,[NaN;0;NaN],[-35;299;-112],6,[NaN;NaN;0],[-231;76;-89],8,[3;NaN;NaN]},{'A',[100;607;684],12,[487;152;143],11,2,[-1848;-1;112],9,0},{'M',[-182;59;-89],9,[13;59;17],4,[NaN;0;NaN],[-91;91;23],6,[1;NaN;NaN],[-231;76;-89],8,[NaN;NaN;0]},{'A',[637;327;379],10,[-91;91;23],6,0,[182;59;89],9,2},{'M',[100;32;256],13,[1;1;1],0,[NaN;5;8],[100;607;684],12,[0;NaN;NaN]},{'A',[413;187;1007],14,[100;32;256],13,2,[13;59;-17],4,0},{'M',[104;299;143],11,[13;59;17],4,[3;NaN;NaN],[-35;299;-112],6,[NaN;0;NaN],[487;15;143],10,[NaN;NaN;0]},{'A',[870;329;429],12,[487;15;143],10,1,[-104;299;143],11,0},{'O',[413;187;1007],14,[413;187;1007],14,0},{'O',[870;329;429],12,[870;329;429],12,0},{'O',[100;607;684],12,[100;607;684],12,0},{'O',[637;327;379],10,[637;327;379],10,0},{'O',[974;30;286],10,[487;15;143],10,1}}
Adder graph: {{'M',[16;1;16],1,[1;1;1],0,[4;0;4]},{'A',[528;513;528],2,[16;1;16],1,0,[1;1;1],0,9},{'M',[1;8;8],1,[1;1;1],0,[0;3;3]},{'A',[9;-63;-63],2,[1;1;1],0,0,[1;-8;-8],1,3},{'A',[25;-47;79],3,[1;1;1],0,4,[9;-63;63],2,0},{'M',[25;-47;-252],4,[9;-63;-63],2,[NaN;NaN;2],[25;-47;79],3,[0;0;NaN]},{'A',[99;-187;-1007],5,[25;-47;-252],4,2,[-1;1;1],0,0},{'A',[-21;-43;-75],4,[1;1;1],0,2,[-25;-47;-79],3,0},{'M',[64;-47;-63],4,[1;1;1],0,[6;NaN;NaN],[9;-63;-63],2,[NaN;NaN;0],[25;-47;79],3,[NaN;0;NaN]},{'M',[25;-47;-75],5,[25;-47;79],3,[0;0;NaN],[-21;-43;-75],4,[NaN;NaN;0]},{'A',[487;-329;-429],6,[64;-47;-63],4,3,[-25;47;75],5,0},{'M',[528;513;-1716],7,[528;513;528],2,[0;0;NaN],[487;-329;-429],6,[NaN;NaN;2]},{'M',[25;-94;-2400],5,[25;-47;79],3,[0;1;NaN],[-21;-43;-75],4,[NaN;NaN;5]},{'A',[553;607;684],8,[528;513;-1716],7,0,[25;94;2400],5,0},{'M',[-42;-187;-150],6,[99;-187;-1007],5,[NaN;0;NaN],[-21;-43;-75],4,[1;NaN;1]},{'M',[553;-47;79],9,[25;-47;79],3,[NaN;0;0],[553;607;684],8,[0;NaN;NaN]},{'A',[-637;-327;-379],10,[-42;-187;-150],6,1,[-553;47;-79],9,0},{'M',[-84;-43;16],5,[1;1;1],0,[NaN;NaN;4],[-21;-43;-75],4,[2;0;NaN]},{'M',[99;-187;79],6,[25;-47;79],3,[NaN;NaN;0],[99;-187;-1007],5,[0;0;NaN]},{'A',[-870;30;286],7,[-84;-43;16],5,3,[-99;187;79],6,1},{'A',[-413;-699;-495],6,[99;-187;-1007],5,0,[-1;-1;1],0,9},{'M',[-413;-187;-1007],7,[99;-187;-1007],5,[NaN;0;0],[-413;-699;-495],6,[0;NaN;NaN]},{'O',[413;187;1007],7,[413;187;1007],7,0},{'M',[-870;-329;-429],8,[487;-329;-429],6,[NaN;0;0],[-870;30;286],7,[0;NaN;NaN]},{'O',[870;329;429],8,[870;329;429],8,0},{'M',[100;607;684],9,[25;-47;79],3,[2;NaN;NaN],[553;607;684],8,[NaN;0;0]},{'O',[100;607;684],9,[100;607;684],9,0},{'O',[637;327;379],10,[637;327;379],10,0},{'M',[974;30;286],8,[487;-329;-429],6,[1;NaN;NaN],[-870;30;286],7,[NaN;0;0]},{'O',[974;30;286],8,[974;30;286],8,0}}
Adder graph: {{'A',[3;1;3],1,[1;1;1],0,1,[1;-1;1],0,0},{'M',[3;2;6],2,[3;1;3],1,[0;1;1]},{'A',[25;17;47],3,[3;2;6],2,3,[1;1;-1],0,0},{'M',[1;16;1],1,[1;1;1],0,[0;4;0]},{'M',[100;17;256],4,[1;1;1],0,[NaN;NaN;8],[25;17;47],3,[2;0;NaN]},{'A',[416;188;-1008],5,[1;16;1],1,4,[100;-17;-256],4,2},{'M',[6;1;6],2,[1;1;1],0,[NaN;0;NaN],[3;1;3],1,[1;NaN;1]},{'M',[832;1;1],6,[1;1;1],0,[NaN;0;0],[416;188;-1008],5,[1;NaN;NaN]},{'A',[-820;1;13],7,[6;1;6],2,1,[-832;-1;1],6,0},{'M',[16;1;3],2,[1;1;1],0,[4;NaN;NaN],[3;1;3],1,[NaN;0;0]},{'A',[487;15;143],4,[16;1;3],2,5,[-25;-17;47],3,0},{'M',[25;16;208],8,[25;17;47],3,[0;NaN;NaN],[-820;1;13],7,[NaN;4;4]},{'M',[-820;15;13],8,[-820;1;13],7,[0;NaN;0],[487;15;143],4,[NaN;0;NaN]},{'A',[870;47;429],9,[25;16;208],8,1,[820;15;13],8,0},{'M',[3;1;1],2,[1;1;1],0,[NaN;NaN;0],[3;1;3],1,[0;0;NaN]},{'A',[-413;-187;-1007],6,[3;1;1],2,0,[-416;-188;-1008],5,0},{'M',[192;47;192],10,[3;1;3],1,[6;NaN;6],[870;47;429],9,[NaN;0;NaN]},{'A',[640;329;-1824],11,[416;188;-1008],5,1,[-192;-47;192],10,0},{'M',[640;329;376],12,[25;17;47],3,[NaN;NaN;3],[640;329;-1824],11,[0;0;NaN]},{'M',[3;2;3],2,[1;1;1],0,[NaN;1;NaN],[3;1;3],1,[0;NaN;0]},{'A',[637;327;379],13,[640;329;376],12,0,[-3;-2;3],2,0},{'M',[-820;654;758],14,[-820;1;13],7,[0;NaN;NaN],[637;327;379],13,[NaN;1;1]},{'M',[870;47;416],10,[-820;1;13],7,[NaN;NaN;5],[870;47;429],9,[0;0;NaN]},{'A',[50;607;342],15,[-820;654;758],14,0,[870;-47;-416],10,0},{'O',[413;187;1007],6,[413;187;1007],6,0},{'M',[870;329;429],12,[870;47;429],9,[0;NaN;0],[640;329;-1824],11,[NaN;0;NaN]},{'O',[870;329;429],12,[870;329;429],12,0},{'M',[100;607;684],16,[50;607;342],15,[1;0;1]},{'O',[100;607;684],16,[100;607;684],16,0},{'O',[637;327;379],13,[637;327;379],13,0},{'O',[974;30;286],4,[487;15;143],4,1}}
Adder graph: {{'A',[5;5;5],1,[1;1;1],0,0,[1;1;1],0,2},{'M',[5;80;64],2,[1;1;1],0,[NaN;NaN;6],[5;5;5],1,[0;4;NaN]},{'A',[-5;70;54],3,[5;80;64],2,0,[-5;-5;-5],1,1},{'M',[-5;70;128],4,[1;1;1],0,[NaN;NaN;7],[-5;70;54],3,[0;0;NaN]},{'M',[512;1;5],2,[1;1;1],0,[9;0;NaN],[5;5;5],1,[NaN;NaN;0]},{'A',[507;71;123],5,[-5;70;128],4,0,[512;1;-5],2,0},{'M',[1;2;2],1,[1;1;1],0,[0;1;1]},{'A',[635;327;379],6,[1;2;2],1,7,[507;71;123],5,0},{'M',[1014;70;246],6,[-5;70;54],3,[NaN;0;NaN],[507;71;123],5,[1;NaN;1]},{'A',[974;30;286],7,[1014;70;246],6,0,[-5;-5;5],1,3},{'A',[-7;9;-7],1,[1;1;1],0,0,[-1;1;-1],0,3},{'M',[80;327;572],8,[5;5;5],1,[4;NaN;NaN],[635;327;379],6,[NaN;0;NaN],[974;30;286],7,[NaN;NaN;1]},{'M',[-5;70;-28],4,[-5;70;54],3,[0;0;NaN],[-7;9;-7],1,[NaN;NaN;2]},{'A',[100;607;684],9,[80;327;572],8,0,[5;70;28],4,2},{'M',[1;1;-28],2,[1;1;1],0,[0;0;NaN],[-7;9;-7],1,[NaN;NaN;2]},{'A',[637;325;435],7,[635;327;379],6,0,[1;-1;28],2,1},{'M',[635;327;432],7,[-5;70;54],3,[NaN;NaN;3],[635;327;379],6,[0;0;NaN]},{'M',[400;325;435],10,[100;607;684],9,[2;NaN;NaN],[637;325;435],7,[NaN;0;0]},{'A',[870;329;429],11,[635;327;432],7,1,[-400;-325;-435],10,0},{'M',[-112;256;286],8,[1;1;1],0,[NaN;8;NaN],[974;30;286],7,[NaN;NaN;0],[-7;9;-7],1,[4;NaN;NaN]},{'A',[413;187;1007],9,[-112;256;286],8,1,[637;-325;435],7,0},{'O',[413;187;1007],9,[413;187;1007],9,0},{'O',[870;329;429],11,[870;329;429],11,0},{'O',[100;607;684],9,[100;607;684],9,0},{'M',[637;327;379],8,[635;327;379],6,[NaN;0;0],[637;325;435],7,[0;NaN;NaN]},{'O',[637;327;379],8,[637;327;379],8,0},{'O',[974;30;286],7,[974;30;286],7,0}}
Adder graph: {{'M',[1;8;8],1,[1;1;1],0,[0;3;3]},{'A',[3;6;10],2,[1;8;8],1,0,[1;-1;1],0,1},{'M',[8;1;1],1,[1;1;1],0,[3;0;0]},{'A',[1022;126;126],2,[8;1;1],1,7,[-1;-1;-1],0,1},{'M',[3;6;40],3,[3;6;10],2,[0;0;2]},{'A',[23;47;321],4,[3;6;40],3,3,[-1;-1;1],0,0},{'A',[974;30;286],3,[1022;126;126],2,0,[-3;-6;10],2,4},{'A',[134;140;108],3,[1;1;1],0,7,[3;6;-10],2,1},{'M',[256;256;286],4,[1;1;1],0,[8;8;NaN],[974;30;286],3,[NaN;NaN;0]},{'M',[3;47;321],5,[3;6;10],2,[0;NaN;NaN],[23;47;321],4,[NaN;0;0]},{'A',[509;465;251],6,[256;256;286],4,1,[-3;-47;-321],5,0},{'M',[64;140;64],4,[1;1;1],0,[6;NaN;6],[134;140;108],3,[NaN;0;NaN]},{'M',[509;47;251],7,[23;47;321],4,[NaN;0;NaN],[509;465;251],6,[0;NaN;0]},{'A',[637;327;379],8,[64;140;64],4,1,[509;47;251],7,0},{'M',[509;188;1008],7,[1022;126;126],2,[NaN;NaN;3],[23;47;321],4,[NaN;2;NaN],[509;465;251],6,[0;NaN;NaN]},{'M',[96;1;1],3,[1;1;1],0,[NaN;0;0],[3;6;10],2,[5;NaN;NaN]},{'A',[413;187;1007],8,[509;188;1008],7,0,[-96;-1;-1],3,0},{'M',[736;2;321],5,[1;1;1],0,[NaN;1;NaN],[23;47;321],4,[5;NaN;0]},{'M',[134;327;108],9,[134;140;108],3,[0;NaN;0],[637;327;379],8,[NaN;0;NaN]},{'A',[870;329;429],10,[736;2;321],5,0,[134;327;108],9,0},{'M',[536;140;108],4,[134;140;108],3,[2;0;0]},{'M',[2044;47;252],5,[1022;126;126],2,[1;NaN;1],[23;47;321],4,[NaN;0;NaN]},{'A',[100;607;684],6,[536;140;108],4,2,[-2044;47;252],5,0},{'O',[413;187;1007],8,[413;187;1007],8,0},{'O',[870;329;429],10,[870;329;429],10,0},{'O',[100;607;684],6,[100;607;684],6,0},{'O',[637;327;379],8,[637;327;379],8,0},{'O',[974;30;286],3,[974;30;286],3,0}}
Adder graph: {{'M',[1;2;1],1,[1;1;1],0,[0;1;0]},{'M',[128;1;1],1,[1;1;1],0,[7;0;0]},{'A',[-511;-2;-3],2,[1;2;1],1,0,[-128;-1;-1],1,2},{'A',[-7;9;-7],1,[1;1;1],0,0,[-1;1;-1],0,3},{'M',[1;1;4],1,[1;1;1],0,[0;0;2]},{'M',[-56;1;1],2,[1;1;1],0,[NaN;0;0],[-7;9;-7],1,[3;NaN;NaN]},{'A',[60;3;17],3,[1;1;4],1,2,[56;-1;1],2,0},{'M',[60;24;17],4,[60;3;17],3,[0;3;0]},{'A',[473;-183;-143],5,[-7;9;-7],1,0,[60;-24;-17],4,3},{'M',[60;-4;17],4,[-511;-2;-3],2,[NaN;1;NaN],[60;3;17],3,[0;NaN;0]},{'M',[473;-183;1024],6,[1;1;1],0,[NaN;NaN;10],[473;-183;-143],5,[0;0;NaN]},{'A',[-413;-187;-1007],7,[60;-4;17],4,0,[-473;-183;-1024],6,0},{'A',[974;30;286],4,[60;3;17],3,4,[7;-9;7],1,1},{'M',[473;36;-143],6,[-7;9;-7],1,[NaN;2;NaN],[473;-183;-143],5,[0;NaN;0]},{'M',[-511;-2;-28],3,[-511;-2;-3],2,[0;0;NaN],[-7;9;-7],1,[NaN;NaN;2]},{'A',[870;140;-628],7,[473;36;-143],6,2,[-511;-2;-28],3,1},{'M',[974;256;286],5,[1;1;1],0,[NaN;8;NaN],[974;30;286],4,[0;NaN;0]},{'A',[1475;329;429],6,[974;256;286],5,1,[-473;-183;-143],5,0},{'M',[-224;140;-628],8,[-7;9;-7],1,[5;NaN;NaN],[870;140;-628],7,[NaN;0;0]},{'A',[-637;-327;-379],9,[-413;-187;-1007],7,0,[-224;-140;628],8,0},{'M',[1948;-327;572],10,[974;30;286],4,[1;NaN;1],[-637;-327;-379],9,[NaN;0;NaN]},{'M',[1024;140;-628],8,[1;1;1],0,[10;NaN;NaN],[870;140;-628],7,[NaN;0;0]},{'A',[-100;-607;-684],11,[1948;-327;572],10,0,[-1024;-140;-628],8,1},{'O',[413;187;1007],7,[413;187;1007],7,0},{'M',[870;329;429],8,[870;140;-628],7,[0;NaN;NaN],[1475;329;429],6,[NaN;0;0]},{'O',[870;329;429],8,[870;329;429],8,0},{'O',[100;607;684],11,[100;607;684],11,0},{'O',[637;327;379],9,[637;327;379],9,0},{'O',[974;30;286],4,[974;30;286],4,0}}
Adder graph: {{'M',[1;8;1],1,[1;1;1],0,[0;3;0]},{'A',[3;33;5],2,[1;8;1],1,2,[-1;1;1],0,0},{'A',[100;1060;164],3,[3;33;5],2,5,[1;1;1],0,2},{'A',[20;20;12],1,[1;1;1],0,4,[1;1;-1],0,2},{'M',[20;20;96],2,[20;20;12],1,[0;0;3]},{'A',[14;86;86],3,[20;20;96],2,0,[-3;33;-5],2,1},{'M',[24;1;1],3,[1;1;1],0,[NaN;0;0],[3;33;5],2,[3;NaN;NaN]},{'A',[385;15;17],4,[24;1;1],3,4,[1;-1;1],0,0},{'M',[224;86;86],4,[14;86;86],3,[4;0;0]},{'M',[12;1;1],3,[1;1;1],0,[NaN;0;0],[3;33;5],2,[2;NaN;NaN]},{'A',[872;342;342],5,[224;86;86],4,2,[-12;-1;-1],3,1},{'M',[872;342;160],6,[3;33;5],2,[NaN;NaN;5],[872;342;342],5,[0;0;NaN]},{'A',[487;327;143],7,[872;342;160],6,0,[-385;-15;-17],4,0},{'M',[14;86;512],4,[1;1;1],0,[NaN;NaN;9],[14;86;86],3,[0;0;NaN]},{'A',[413;187;1007],5,[14;86;512],4,1,[385;15;-17],4,0},{'M',[872;327;143],8,[872;342;342],5,[0;NaN;NaN],[487;327;143],7,[NaN;0;0]},{'M',[1;1;143],8,[1;1;1],0,[0;0;NaN],[487;327;143],7,[NaN;NaN;0]},{'A',[870;329;429],9,[872;327;143],8,0,[-1;1;143],8,1},{'A',[637;607;379],3,[20;20;12],1,5,[-3;-33;-5],2,0},{'O',[413;187;1007],5,[413;187;1007],5,0},{'O',[870;329;429],9,[870;329;429],9,0},{'M',[100;607;684],6,[100;1060;164],3,[0;NaN;NaN],[872;342;342],5,[NaN;NaN;1],[637;607;379],3,[NaN;0;NaN]},{'O',[100;607;684],6,[100;607;684],6,0},{'M',[637;327;379],8,[487;327;143],7,[NaN;0;NaN],[637;607;379],3,[0;NaN;0]},{'O',[637;327;379],8,[637;327;379],8,0},{'M',[487;15;143],8,[385;15;17],4,[NaN;0;NaN],[487;327;143],7,[0;NaN;0]},{'O',[974;30;286],8,[487;15;143],8,1}}
Adder graph: {{'M',[1;4;4],1,[1;1;1],0,[0;2;2]},{'A',[15;65;63],2,[1;4;4],1,4,[-1;1;-1],0,0},{'A',[12;20;20],1,[1;1;1],0,4,[-1;1;1],0,2},{'M',[96;65;160],3,[15;65;63],2,[NaN;0;NaN],[12;20;20],1,[3;NaN;3]},{'M',[1;65;63],3,[1;1;1],0,[0;NaN;NaN],[15;65;63],2,[NaN;0;0]},{'A',[383;325;703],4,[96;65;160],3,2,[-1;65;63],3,0},{'A',[52;76;76],2,[12;20;20],1,2,[1;-1;-1],0,2},{'M',[384;76;640],3,[12;20;20],1,[5;NaN;5],[52;76;76],2,[NaN;0;NaN]},{'A',[2560;1328;1536],4,[384;76;640],3,2,[1;1;-1],0,10},{'M',[15;256;152],3,[1;1;1],0,[NaN;8;NaN],[15;65;63],2,[0;NaN;NaN],[52;76;76],2,[NaN;NaN;1]},{'A',[413;187;1007],5,[15;256;152],3,1,[383;-325;703],4,0},{'A',[637;327;379],5,[2560;1328;1536],4,-2,[-12;-20;-20],1,-2},{'M',[52;40;40],3,[12;20;20],1,[NaN;1;1],[52;76;76],2,[0;NaN;NaN]},{'M',[383;65;63],5,[15;65;63],2,[NaN;0;0],[383;325;703],4,[0;NaN;NaN]},{'A',[487;15;143],6,[52;40;40],3,1,[383;-65;63],5,0},{'M',[12;152;152],3,[12;20;20],1,[0;NaN;NaN],[52;76;76],2,[NaN;1;1]},{'M',[52;1;76],3,[1;1;1],0,[NaN;0;NaN],[52;76;76],2,[0;NaN;0]},{'A',[100;607;684],4,[12;152;152],3,2,[52;-1;76],3,0},{'M',[487;4;143],7,[1;1;1],0,[NaN;2;NaN],[487;15;143],6,[0;NaN;0]},{'M',[383;325;286],7,[383;325;703],4,[0;0;NaN],[487;15;143],6,[NaN;NaN;1]},{'A',[870;329;429],8,[487;4;143],7,0,[383;325;286],7,0},{'O',[413;187;1007],5,[413;187;1007],5,0},{'O',[870;329;429],8,[870;329;429],8,0},{'O',[100;607;684],4,[100;607;684],4,0},{'O',[637;327;379],5,[637;327;379],5,0},{'O',[974;30;286],6,[487;15;143],6,1}}
Finished solving after 259185 seconds
Adder graph: {{'M',[1;4;4],1,[1;1;1],0,[0;2;2]},{'A',[15;65;63],2,[1;4;4],1,4,[-1;1;-1],0,0},{'A',[12;20;20],1,[1;1;1],0,4,[-1;1;1],0,2},{'M',[96;65;160],3,[15;65;63],2,[NaN;0;NaN],[12;20;20],1,[3;NaN;3]},{'M',[1;65;63],3,[1;1;1],0,[0;NaN;NaN],[15;65;63],2,[NaN;0;0]},{'A',[383;325;703],4,[96;65;160],3,2,[-1;65;63],3,0},{'A',[52;76;76],2,[12;20;20],1,2,[1;-1;-1],0,2},{'M',[384;76;640],3,[12;20;20],1,[5;NaN;5],[52;76;76],2,[NaN;0;NaN]},{'A',[2560;1328;1536],4,[384;76;640],3,2,[1;1;-1],0,10},{'M',[15;256;152],3,[1;1;1],0,[NaN;8;NaN],[15;65;63],2,[0;NaN;NaN],[52;76;76],2,[NaN;NaN;1]},{'A',[413;187;1007],5,[15;256;152],3,1,[383;-325;703],4,0},{'A',[637;327;379],5,[2560;1328;1536],4,-2,[-12;-20;-20],1,-2},{'M',[52;40;40],3,[12;20;20],1,[NaN;1;1],[52;76;76],2,[0;NaN;NaN]},{'M',[383;65;63],5,[15;65;63],2,[NaN;0;0],[383;325;703],4,[0;NaN;NaN]},{'A',[487;15;143],6,[52;40;40],3,1,[383;-65;63],5,0},{'M',[12;152;152],3,[12;20;20],1,[0;NaN;NaN],[52;76;76],2,[NaN;1;1]},{'M',[52;1;76],3,[1;1;1],0,[NaN;0;NaN],[52;76;76],2,[0;NaN;0]},{'A',[100;607;684],4,[12;152;152],3,2,[52;-1;76],3,0},{'M',[487;4;143],7,[1;1;1],0,[NaN;2;NaN],[487;15;143],6,[0;NaN;0]},{'M',[383;325;286],7,[383;325;703],4,[0;0;NaN],[487;15;143],6,[NaN;NaN;1]},{'A',[870;329;429],8,[487;4;143],7,0,[383;325;286],7,0},{'O',[413;187;1007],5,[413;187;1007],5,0},{'O',[870;329;429],8,[870;329;429],8,0},{'O',[100;607;684],4,[100;607;684],4,0},{'O',[637;327;379],5,[637;327;379],5,0},{'O',[974;30;286],6,[487;15;143],6,1}}
# Add optimal = 1
# Mux optimal = 0
# FAs optimal = 0
