Adder graph: {{'A',[3;3;1],1,[1;1;1],0,1,[1;1;-1],0,0},{'M',[4;1;2],1,[1;1;1],0,[2;0;1]},{'A',[125;35;65],2,[4;1;2],1,5,[-3;3;1],1,0},{'A',[-45;-45;-15],2,[3;3;1],1,0,[-3;-3;-1],1,4},{'M',[3;3;16],2,[3;3;1],1,[0;0;4]},{'M',[96;3;1],2,[3;3;1],1,[5;0;0]},{'A',[-48;45;257],3,[3;3;16],2,4,[-96;-3;1],2,0},{'M',[4;1;1],1,[1;1;1],0,[2;0;0]},{'M',[8;1;4],1,[1;1;1],0,[3;0;2]},{'A',[136;31;36],2,[4;1;1],1,5,[8;-1;4],1,0},{'M',[136;31;-60],3,[-45;-45;-15],2,[NaN;NaN;2],[136;31;36],2,[0;0;NaN]},{'M',[125;35;130],3,[125;35;65],2,[0;0;1]},{'A',[963;283;-610],4,[136;31;-60],3,3,[-125;35;-130],3,0},{'M',[125;-45;36],3,[125;35;65],2,[0;NaN;NaN],[-45;-45;-15],2,[NaN;0;NaN],[136;31;36],2,[NaN;NaN;0]},{'M',[-45;31;65],3,[125;35;65],2,[NaN;NaN;0],[-45;-45;-15],2,[0;NaN;NaN],[136;31;36],2,[NaN;0;NaN]},{'A',[455;-211;209],4,[125;-45;36],3,2,[-45;-31;65],3,0},{'M',[-45;140;288],3,[125;35;65],2,[NaN;2;NaN],[-45;-45;-15],2,[0;NaN;NaN],[136;31;36],2,[NaN;NaN;3]},{'M',[1000;62;36],3,[125;35;65],2,[3;NaN;NaN],[136;31;36],2,[NaN;1;0]},{'A',[955;202;252],4,[-45;140;288],3,0,[1000;62;-36],3,0},{'M',[136;992;36],3,[136;31;36],2,[0;5;0]},{'M',[-45;70;-120],3,[125;35;65],2,[NaN;1;NaN],[-45;-45;-15],2,[0;NaN;3]},{'A',[91;922;156],4,[136;992;36],3,0,[-45;-70;120],3,0},{'M',[-45;70;144],3,[125;35;65],2,[NaN;1;NaN],[-45;-45;-15],2,[0;NaN;NaN],[136;31;36],2,[NaN;NaN;2]},{'A',[-141;20;658],4,[-48;45;257],3,1,[-45;-70;144],3,0},{'M',[963;20;252],5,[963;283;-610],4,[0;NaN;NaN],[955;202;252],4,[NaN;NaN;0],[-141;20;658],4,[NaN;0;NaN]},{'O',[963;20;252],5,[963;20;252],5,0},{'M',[955;808;209],5,[455;-211;209],4,[NaN;NaN;0],[955;202;252],4,[0;2;NaN]},{'O',[955;808;209],5,[955;808;209],5,0},{'M',[-564;-211;-610],5,[963;283;-610],4,[NaN;NaN;0],[455;-211;209],4,[NaN;0;NaN],[-141;20;658],4,[2;NaN;NaN]},{'O',[564;211;610],5,[564;211;610],5,0},{'M',[91;922;658],5,[91;922;156],4,[0;0;NaN],[-141;20;658],4,[NaN;NaN;0]},{'O',[91;922;658],5,[91;922;658],5,0},{'M',[455;566;156],5,[963;283;-610],4,[NaN;1;NaN],[455;-211;209],4,[0;NaN;NaN],[91;922;156],4,[NaN;NaN;0]},{'O',[455;566;156],5,[455;566;156],5,0}}
Adder graph: {{'A',[15;17;15],1,[1;1;1],0,4,[-1;1;-1],0,0},{'M',[512;8;1],1,[1;1;1],0,[9;3;0]},{'M',[1;64;16],1,[1;1;1],0,[0;6;4]},{'A',[508;264;65],2,[512;8;1],1,0,[-1;64;16],1,2},{'A',[-7;9;9],1,[1;1;1],0,0,[-1;1;1],0,3},{'A',[-3;5;5],1,[1;1;1],0,0,[-1;1;1],0,2},{'M',[1;1;64],1,[1;1;1],0,[0;0;6]},{'A',[61;-67;4],2,[1;1;64],1,0,[15;-17;-15],1,2},{'M',[15;72;80],2,[15;17;15],1,[0;NaN;NaN],[-7;9;9],1,[NaN;3;NaN],[-3;5;5],1,[NaN;NaN;4]},{'A',[91;-211;-156],3,[61;-67;4],2,0,[15;-72;-80],2,1},{'M',[-224;5;160],2,[-7;9;9],1,[5;NaN;NaN],[-3;5;5],1,[NaN;0;5]},{'M',[-7;576;9],2,[-7;9;9],1,[0;6;0]},{'A',[-455;-566;329],3,[-224;5;160],2,1,[-7;-576;9],2,0},{'M',[960;5;15],2,[15;17;15],1,[6;NaN;0],[-3;5;5],1,[NaN;0;NaN]},{'M',[-3;5;320],2,[-3;5;5],1,[0;0;6]},{'A',[963;10;-305],3,[960;5;15],2,0,[3;5;-320],2,0},{'M',[-7;68;18],2,[15;17;15],1,[NaN;2;NaN],[-7;9;9],1,[0;NaN;1]},{'A',[-564;808;209],3,[-7;68;18],2,3,[-508;264;65],2,0},{'A',[955;461;126],3,[508;264;65],2,1,[-61;-67;-4],2,0},{'M',[963;20;252],4,[963;10;-305],3,[0;1;NaN],[955;461;126],3,[NaN;NaN;1]},{'O',[963;20;252],4,[963;20;252],4,0},{'M',[955;808;209],4,[-564;808;209],3,[NaN;0;0],[955;461;126],3,[0;NaN;NaN]},{'O',[955;808;209],4,[955;808;209],4,0},{'M',[-564;-211;-610],4,[91;-211;-156],3,[NaN;0;NaN],[963;10;-305],3,[NaN;NaN;1],[-564;808;209],3,[0;NaN;NaN]},{'O',[564;211;610],4,[564;211;610],4,0},{'M',[91;922;658],4,[91;-211;-156],3,[0;NaN;NaN],[-455;-566;329],3,[NaN;NaN;1],[955;461;126],3,[NaN;1;NaN]},{'O',[91;922;658],4,[91;922;658],4,0},{'M',[-455;-566;-156],4,[91;-211;-156],3,[NaN;NaN;0],[-455;-566;329],3,[0;0;NaN]},{'O',[455;566;156],4,[455;566;156],4,0}}
Adder graph: {{'A',[33;31;33],1,[1;1;1],0,5,[1;-1;1],0,0},{'M',[1;1;32],1,[1;1;1],0,[0;0;5]},{'A',[58;70;322],2,[33;31;33],1,1,[-1;1;32],1,3},{'A',[7;9;7],1,[1;1;1],0,3,[-1;1;-1],0,0},{'M',[4;1;1],1,[1;1;1],0,[2;0;0]},{'A',[-991;-225;-223],2,[33;31;33],1,0,[-4;-1;-1],1,8},{'M',[33;992;7],2,[33;31;33],1,[0;5;NaN],[7;9;7],1,[NaN;NaN;0]},{'A',[91;922;329],3,[33;992;7],2,0,[58;-70;322],2,0},{'M',[14;31;28],2,[33;31;33],1,[NaN;0;NaN],[7;9;7],1,[1;NaN;2]},{'A',[282;566;-126],3,[58;70;322],2,0,[14;31;-28],2,4},{'A',[18;-14;18],1,[1;1;1],0,1,[1;-1;1],0,4},{'M',[14;62;7],2,[33;31;33],1,[NaN;1;NaN],[7;9;7],1,[1;NaN;0]},{'A',[-963;-101;-209],3,[-991;-225;-223],2,0,[14;62;7],2,1},{'M',[448;31;288],2,[33;31;33],1,[NaN;0;NaN],[7;9;7],1,[6;NaN;NaN],[18;-14;18],1,[NaN;NaN;4]},{'M',[7;36;132],2,[33;31;33],1,[NaN;NaN;2],[7;9;7],1,[0;2;NaN]},{'A',[455;-5;156],3,[448;31;288],2,0,[7;-36;-132],2,0},{'M',[36;-14;528],2,[33;31;33],1,[NaN;NaN;4],[18;-14;18],1,[1;0;NaN]},{'A',[-955;211;305],3,[36;-14;528],2,0,[-991;225;-223],2,0},{'M',[-963;-20;-252],4,[282;566;-126],3,[NaN;NaN;1],[-963;-101;-209],3,[0;NaN;NaN],[455;-5;156],3,[NaN;2;NaN]},{'O',[963;20;252],4,[963;20;252],4,0},{'M',[-955;-808;-209],4,[-963;-101;-209],3,[NaN;3;0],[-955;211;305],3,[0;NaN;NaN]},{'O',[955;808;209],4,[955;808;209],4,0},{'M',[564;211;610],4,[282;566;-126],3,[1;NaN;NaN],[-955;211;305],3,[NaN;0;1]},{'O',[564;211;610],4,[564;211;610],4,0},{'M',[91;922;658],4,[91;922;329],3,[0;0;1]},{'O',[91;922;658],4,[91;922;658],4,0},{'M',[455;566;156],4,[282;566;-126],3,[NaN;0;NaN],[455;-5;156],3,[0;NaN;0]},{'O',[455;566;156],4,[455;566;156],4,0}}
Adder graph: {{'A',[5;5;-3],1,[1;1;1],0,0,[1;1;-1],0,2},{'A',[-7;9;9],1,[1;1;1],0,0,[-1;1;1],0,3},{'A',[480;480;480],1,[1;1;1],0,9,[-1;-1;-1],0,5},{'A',[3;3;1],1,[1;1;1],0,1,[1;1;-1],0,0},{'M',[-224;5;36],2,[5;5;-3],1,[NaN;0;NaN],[-7;9;9],1,[5;NaN;2]},{'M',[-7;576;9],2,[-7;9;9],1,[0;6;0]},{'A',[-455;-566;63],3,[-224;5;36],2,1,[-7;-576;-9],2,0},{'M',[4;1;16],1,[1;1;1],0,[2;0;4]},{'A',[67;19;257],2,[3;3;1],1,0,[4;1;16],1,4},{'M',[-7;18;-96],2,[5;5;-3],1,[NaN;NaN;5],[-7;9;9],1,[0;1;NaN]},{'A',[141;20;610],3,[67;19;257],2,1,[7;-18;96],2,0},{'M',[-56;12;-3],2,[5;5;-3],1,[NaN;NaN;0],[-7;9;9],1,[3;NaN;NaN],[3;3;1],1,[NaN;2;NaN]},{'A',[963;211;209],3,[67;19;257],2,0,[56;12;-3],2,4},{'M',[480;48;-6],2,[5;5;-3],1,[NaN;NaN;1],[480;480;480],1,[0;NaN;NaN],[3;3;1],1,[NaN;4;NaN]},{'M',[5;5;144],2,[5;5;-3],1,[0;0;NaN],[-7;9;9],1,[NaN;NaN;4]},{'A',[955;101;-156],3,[480;48;-6],2,1,[-5;5;-144],2,0},{'M',[24;480;72],2,[-7;9;9],1,[NaN;NaN;3],[480;480;480],1,[NaN;0;NaN],[3;3;1],1,[3;NaN;NaN]},{'A',[91;461;329],3,[24;480;72],2,0,[67;-19;257],2,0},{'M',[963;20;252],4,[-455;-566;63],3,[NaN;NaN;2],[141;20;610],3,[NaN;0;NaN],[963;211;209],3,[0;NaN;NaN]},{'O',[963;20;252],4,[963;20;252],4,0},{'M',[955;808;209],4,[963;211;209],3,[NaN;NaN;0],[955;101;-156],3,[0;3;NaN]},{'O',[955;808;209],4,[955;808;209],4,0},{'M',[564;211;610],4,[141;20;610],3,[2;NaN;0],[963;211;209],3,[NaN;0;NaN]},{'O',[564;211;610],4,[564;211;610],4,0},{'M',[91;922;658],4,[91;461;329],3,[0;1;1]},{'O',[91;922;658],4,[91;922;658],4,0},{'M',[-455;-566;-156],4,[-455;-566;63],3,[0;0;NaN],[955;101;-156],3,[NaN;NaN;0]},{'O',[455;566;156],4,[455;566;156],4,0}}
Adder graph: {{'M',[128;1;128],1,[1;1;1],0,[7;0;7]},{'M',[2;1;1],1,[1;1;1],0,[1;0;0]},{'A',[510;5;513],2,[128;1;128],1,2,[-2;1;1],1,0},{'A',[28;28;36],1,[1;1;1],0,5,[-1;-1;1],0,2},{'M',[1;1;256],1,[1;1;1],0,[0;0;8]},{'A',[57;57;328],2,[28;28;36],1,1,[1;1;256],1,0},{'M',[128;1;16],1,[1;1;1],0,[7;0;4]},{'A',[156;-27;52],2,[128;1;16],1,0,[28;-28;36],1,0},{'M',[1;128;1],1,[1;1;1],0,[0;7;0]},{'M',[32;32;1],1,[1;1;1],0,[5;5;0]},{'A',[65;64;-1],2,[1;128;1],1,0,[32;-32;-1],1,1},{'M',[510;5;-2],3,[510;5;513],2,[0;0;NaN],[65;64;-1],2,[NaN;NaN;1]},{'M',[57;10;-256],3,[510;5;513],2,[NaN;1;NaN],[57;57;328],2,[0;NaN;NaN],[65;64;-1],2,[NaN;NaN;8]},{'A',[963;20;252],4,[510;5;-2],3,1,[-57;10;256],3,0},{'M',[510;512;104],3,[510;5;513],2,[0;NaN;NaN],[156;-27;52],2,[NaN;NaN;1],[65;64;-1],2,[NaN;3;NaN]},{'M',[65;-216;-1],3,[156;-27;52],2,[NaN;3;NaN],[65;64;-1],2,[0;NaN;0]},{'A',[955;808;209],4,[510;512;104],3,1,[-65;-216;1],3,0},{'M',[57;-27;52],3,[57;57;328],2,[0;NaN;NaN],[156;-27;52],2,[NaN;0;0]},{'M',[1020;5;1026],3,[510;5;513],2,[1;0;1]},{'A',[-564;-211;-610],4,[57;-27;52],3,3,[-1020;5;-1026],3,0},{'M',[156;912;656],3,[57;57;328],2,[NaN;4;1],[156;-27;52],2,[0;NaN;NaN]},{'M',[65;10;-2],3,[510;5;513],2,[NaN;1;NaN],[65;64;-1],2,[0;NaN;1]},{'A',[91;922;658],4,[156;912;656],3,0,[-65;10;2],3,0},{'M',[520;512;52],3,[156;-27;52],2,[NaN;NaN;0],[65;64;-1],2,[3;3;NaN]},{'M',[65;-54;104],3,[156;-27;52],2,[NaN;1;1],[65;64;-1],2,[0;NaN;NaN]},{'A',[455;566;156],4,[520;512;52],3,0,[-65;54;104],3,0},{'O',[963;20;252],4,[963;20;252],4,0},{'O',[955;808;209],4,[955;808;209],4,0},{'O',[564;211;610],4,[564;211;610],4,0},{'O',[91;922;658],4,[91;922;658],4,0},{'O',[455;566;156],4,[455;566;156],4,0}}
Adder graph: {{'A',[5;5;5],1,[1;1;1],0,0,[1;1;1],0,2},{'A',[15;17;15],1,[1;1;1],0,4,[-1;1;-1],0,0},{'M',[5;5;320],2,[5;5;5],1,[0;0;6]},{'M',[960;10;15],2,[5;5;5],1,[NaN;1;NaN],[15;17;15],1,[6;NaN;0]},{'A',[-955;-5;305],3,[5;5;320],2,0,[-960;-10;-15],2,0},{'M',[1;128;1],1,[1;1;1],0,[0;7;0]},{'A',[-3;251;-3],2,[1;128;1],1,1,[-5;-5;-5],1,0},{'M',[1;1024;1],1,[1;1;1],0,[0;10;0]},{'A',[121;888;-119],2,[1;1024;1],1,0,[15;-17;-15],1,3},{'A',[-7;9;-7],1,[1;1;1],0,0,[-1;1;-1],0,3},{'M',[5;20;20],2,[5;5;5],1,[0;2;2]},{'A',[141;-808;-39],3,[5;20;20],2,2,[121;-888;-119],2,0},{'M',[-7;10;-224],2,[5;5;5],1,[NaN;1;NaN],[-7;9;-7],1,[0;NaN;5]},{'M',[-448;576;15],2,[15;17;15],1,[NaN;NaN;0],[-7;9;-7],1,[6;6;NaN]},{'A',[-455;-566;-209],3,[-7;10;-224],2,0,[-448;-576;15],2,0},{'M',[15;17;-224],2,[15;17;15],1,[0;0;NaN],[-7;9;-7],1,[NaN;NaN;5]},{'A',[91;922;329],3,[121;888;-119],2,0,[-15;17;224],2,1},{'M',[240;10;15],2,[5;5;5],1,[NaN;1;NaN],[15;17;15],1,[4;NaN;0]},{'A',[-963;211;-63],3,[-3;251;-3],2,0,[-240;-10;-15],2,2},{'M',[-963;-20;-252],4,[-955;-5;305],3,[NaN;2;NaN],[-963;211;-63],3,[0;NaN;2]},{'O',[963;20;252],4,[963;20;252],4,0},{'M',[-955;-808;-209],4,[-955;-5;305],3,[0;NaN;NaN],[141;-808;-39],3,[NaN;0;NaN],[-455;-566;-209],3,[NaN;NaN;0]},{'O',[955;808;209],4,[955;808;209],4,0},{'M',[564;211;610],4,[-955;-5;305],3,[NaN;NaN;1],[141;-808;-39],3,[2;NaN;NaN],[-963;211;-63],3,[NaN;0;NaN]},{'O',[564;211;610],4,[564;211;610],4,0},{'M',[91;922;658],4,[91;922;329],3,[0;0;1]},{'O',[91;922;658],4,[91;922;658],4,0},{'M',[-455;-566;-156],4,[141;-808;-39],3,[NaN;NaN;2],[-455;-566;-209],3,[0;0;NaN]},{'O',[455;566;156],4,[455;566;156],4,0}}
Adder graph: {{'A',[3;5;5],1,[1;1;1],0,2,[-1;1;1],0,0},{'A',[7;7;9],1,[1;1;1],0,3,[-1;-1;1],0,0},{'M',[448;5;320],2,[3;5;5],1,[NaN;0;6],[7;7;9],1,[6;NaN;NaN]},{'M',[7;5;9],2,[3;5;5],1,[NaN;0;NaN],[7;7;9],1,[0;NaN;0]},{'A',[455;10;329],3,[448;5;320],2,0,[7;5;9],2,0},{'M',[1;1024;2],1,[1;1;1],0,[0;10;1]},{'A',[-5;1034;12],2,[1;1024;2],1,0,[-3;5;5],1,1},{'M',[256;1;1],1,[1;1;1],0,[8;0;0]},{'A',[270;13;17],2,[7;7;9],1,1,[256;-1;-1],1,0},{'M',[4;1;1],1,[1;1;1],0,[2;0;0]},{'M',[64;1;1],1,[1;1;1],0,[6;0;0]},{'A',[960;255;257],2,[4;1;1],1,8,[-64;-1;1],1,0},{'M',[6;7;9],2,[3;5;5],1,[1;NaN;NaN],[7;7;9],1,[NaN;0;0]},{'A',[91;922;156],3,[-5;1034;12],2,0,[6;-7;9],2,4},{'M',[960;4136;257],3,[-5;1034;12],2,[NaN;2;NaN],[960;255;257],2,[0;NaN;0]},{'M',[-5;3328;48],3,[-5;1034;12],2,[0;NaN;2],[270;13;17],2,[NaN;8;NaN]},{'A',[955;808;209],4,[960;4136;257],3,0,[-5;-3328;-48],3,0},{'M',[3;28;5],2,[3;5;5],1,[0;NaN;0],[7;7;9],1,[NaN;2;NaN]},{'A',[963;283;252],3,[960;255;257],2,0,[3;28;-5],2,0},{'M',[3;56;72],2,[3;5;5],1,[0;NaN;NaN],[7;7;9],1,[NaN;3;3]},{'A',[282;211;305],3,[3;56;72],2,2,[270;-13;17],2,0},{'M',[963;20;252],4,[455;10;329],3,[NaN;1;NaN],[963;283;252],3,[0;NaN;0]},{'O',[963;20;252],4,[963;20;252],4,0},{'O',[955;808;209],4,[955;808;209],4,0},{'M',[564;211;610],4,[282;211;305],3,[1;0;1]},{'O',[564;211;610],4,[564;211;610],4,0},{'M',[91;922;658],4,[455;10;329],3,[NaN;NaN;1],[91;922;156],3,[0;0;NaN]},{'O',[91;922;658],4,[91;922;658],4,0},{'M',[455;566;156],4,[455;10;329],3,[0;NaN;NaN],[91;922;156],3,[NaN;NaN;0],[963;283;252],3,[NaN;1;NaN]},{'O',[455;566;156],4,[455;566;156],4,0}}
Adder graph: {{'A',[15;15;17],1,[1;1;1],0,4,[-1;-1;1],0,0},{'A',[-3;5;5],1,[1;1;1],0,0,[-1;1;1],0,2},{'M',[1;256;32],1,[1;1;1],0,[0;8;5]},{'A',[-29;226;66],2,[1;256;32],1,0,[-15;-15;17],1,1},{'A',[7;9;9],1,[1;1;1],0,3,[-1;1;1],0,0},{'M',[120;15;544],2,[15;15;17],1,[3;0;5]},{'A',[91;211;610],3,[-29;226;66],2,0,[120;-15;544],2,0},{'M',[960;15;144],2,[15;15;17],1,[6;0;NaN],[7;9;9],1,[NaN;NaN;4]},{'M',[-3;5;18],2,[-3;5;5],1,[0;0;NaN],[7;9;9],1,[NaN;NaN;1]},{'A',[963;20;126],3,[960;15;144],2,0,[3;5;-18],2,0},{'M',[224;9;288],2,[7;9;9],1,[5;0;5]},{'A',[282;461;156],3,[224;9;288],2,0,[29;226;-66],2,1},{'M',[7;9;5],2,[-3;5;5],1,[NaN;NaN;0],[7;9;9],1,[0;0;NaN]},{'M',[7;10;9],2,[-3;5;5],1,[NaN;1;NaN],[7;9;9],1,[0;NaN;0]},{'A',[455;566;329],3,[7;9;5],2,6,[7;-10;9],2,0},{'M',[15;1280;17],2,[15;15;17],1,[0;NaN;0],[-3;5;5],1,[NaN;8;NaN]},{'M',[-3;5;576],2,[-3;5;5],1,[0;0;NaN],[7;9;9],1,[NaN;NaN;6]},{'A',[27;1260;2321],3,[15;1280;17],2,0,[3;-5;576],2,2},{'M',[-464;226;1056],3,[-29;226;66],2,[4;0;4]},{'A',[955;808;209],4,[27;1260;2321],3,0,[464;-226;-1056],3,1},{'M',[963;20;252],4,[963;20;126],3,[0;0;1]},{'O',[963;20;252],4,[963;20;252],4,0},{'O',[955;808;209],4,[955;808;209],4,0},{'M',[564;211;610],4,[91;211;610],3,[NaN;0;0],[282;461;156],3,[1;NaN;NaN]},{'O',[564;211;610],4,[564;211;610],4,0},{'M',[91;922;658],4,[91;211;610],3,[0;NaN;NaN],[282;461;156],3,[NaN;1;NaN],[455;566;329],3,[NaN;NaN;1]},{'O',[91;922;658],4,[91;922;658],4,0},{'M',[455;566;156],4,[282;461;156],3,[NaN;NaN;0],[455;566;329],3,[0;0;NaN]},{'O',[455;566;156],4,[455;566;156],4,0}}
Adder graph: {{'A',[33;31;33],1,[1;1;1],0,5,[1;-1;1],0,0},{'M',[32;1;32],1,[1;1;1],0,[5;0;5]},{'M',[2;1;1],1,[1;1;1],0,[1;0;0]},{'A',[28;3;30],2,[32;1;32],1,0,[-2;1;-1],1,1},{'M',[8;1;1],1,[1;1;1],0,[3;0;0]},{'A',[991;97;161],2,[8;1;1],1,7,[-33;-31;33],1,0},{'M',[8;8;1],1,[1;1;1],0,[3;3;0]},{'A',[58;70;65],2,[33;31;33],1,1,[-8;8;-1],1,0},{'M',[1;1;4],1,[1;1;1],0,[0;0;2]},{'M',[1;2;1],1,[1;1;1],0,[0;1;0]},{'A',[9;17;12],2,[1;1;4],1,0,[1;2;1],1,3},{'M',[224;97;240],3,[28;3;30],2,[3;NaN;3],[991;97;161],2,[NaN;0;NaN]},{'M',[116;17;130],3,[58;70;65],2,[1;NaN;1],[9;17;12],2,[NaN;0;NaN]},{'A',[564;211;610],4,[224;97;240],3,1,[116;17;130],3,0},{'M',[33;992;264],2,[33;31;33],1,[0;5;3]},{'A',[91;922;329],3,[33;992;264],2,0,[58;-70;65],2,0},{'M',[58;70;12],3,[58;70;65],2,[0;0;NaN],[9;17;12],2,[NaN;NaN;0]},{'M',[9;6;60],3,[28;3;30],2,[NaN;1;1],[9;17;12],2,[0;NaN;NaN]},{'A',[455;566;156],4,[58;70;12],3,3,[-9;6;60],3,0},{'M',[991;17;12],3,[991;97;161],2,[0;NaN;NaN],[9;17;12],2,[NaN;0;0]},{'M',[28;3;240],3,[28;3;30],2,[0;0;3]},{'A',[963;20;252],4,[991;17;12],3,0,[-28;3;240],3,0},{'M',[991;1088;161],3,[991;97;161],2,[0;NaN;0],[9;17;12],2,[NaN;6;NaN]},{'M',[9;70;12],3,[58;70;65],2,[NaN;0;NaN],[9;17;12],2,[0;NaN;0]},{'A',[955;808;209],4,[991;1088;161],3,0,[-9;-70;12],3,2},{'O',[963;20;252],4,[963;20;252],4,0},{'O',[955;808;209],4,[955;808;209],4,0},{'O',[564;211;610],4,[564;211;610],4,0},{'M',[91;922;658],4,[91;922;329],3,[0;0;1]},{'O',[91;922;658],4,[91;922;658],4,0},{'O',[455;566;156],4,[455;566;156],4,0}}
Adder graph: {{'A',[15;15;17],1,[1;1;1],0,4,[-1;-1;1],0,0},{'A',[5;5;3],1,[1;1;1],0,2,[1;1;-1],0,0},{'M',[960;15;17],2,[15;15;17],1,[6;0;0]},{'M',[5;5;192],2,[5;5;3],1,[0;0;6]},{'A',[955;20;209],3,[960;15;17],2,0,[-5;5;192],2,0},{'M',[8;1;1],1,[1;1;1],0,[3;0;0]},{'A',[38;-29;-33],2,[8;1;1],1,0,[15;-15;-17],1,1},{'A',[7;9;9],1,[1;1;1],0,3,[-1;1;1],0,0},{'M',[15;144;144],2,[15;15;17],1,[0;NaN;NaN],[7;9;9],1,[NaN;4;4]},{'A',[91;202;78],3,[15;144;144],2,0,[38;29;-33],2,1},{'M',[20;15;17],2,[15;15;17],1,[NaN;0;0],[5;5;3],1,[2;NaN;NaN]},{'A',[282;211;305],3,[20;15;17],2,4,[-38;-29;33],2,0},{'M',[56;72;9],2,[7;9;9],1,[3;3;0]},{'M',[7;10;9],2,[5;5;3],1,[NaN;1;NaN],[7;9;9],1,[0;NaN;0]},{'A',[455;566;63],3,[56;72;9],2,3,[7;-10;-9],2,0},{'M',[1;128;128],1,[1;1;1],0,[0;7;7]},{'A',[3;521;521],2,[7;9;9],1,0,[-1;128;128],1,2},{'M',[240;15;48],2,[15;15;17],1,[4;0;NaN],[5;5;3],1,[NaN;NaN;4]},{'A',[963;461;329],3,[3;521;521],2,0,[240;-15;-48],2,2},{'M',[963;20;252],4,[955;20;209],3,[NaN;0;NaN],[455;566;63],3,[NaN;NaN;2],[963;461;329],3,[0;NaN;NaN]},{'O',[963;20;252],4,[963;20;252],4,0},{'M',[955;808;209],4,[955;20;209],3,[0;NaN;0],[91;202;78],3,[NaN;2;NaN]},{'O',[955;808;209],4,[955;808;209],4,0},{'M',[564;211;610],4,[282;211;305],3,[1;0;1]},{'O',[564;211;610],4,[564;211;610],4,0},{'M',[91;922;658],4,[91;202;78],3,[0;NaN;NaN],[963;461;329],3,[NaN;1;1]},{'O',[91;922;658],4,[91;922;658],4,0},{'M',[455;566;156],4,[91;202;78],3,[NaN;NaN;1],[455;566;63],3,[0;0;NaN]},{'O',[455;566;156],4,[455;566;156],4,0}}
Finished solving after 259193 seconds
Adder graph: {{'A',[15;15;17],1,[1;1;1],0,4,[-1;-1;1],0,0},{'A',[5;5;3],1,[1;1;1],0,2,[1;1;-1],0,0},{'M',[960;15;17],2,[15;15;17],1,[6;0;0]},{'M',[5;5;192],2,[5;5;3],1,[0;0;6]},{'A',[955;20;209],3,[960;15;17],2,0,[-5;5;192],2,0},{'M',[8;1;1],1,[1;1;1],0,[3;0;0]},{'A',[38;-29;-33],2,[8;1;1],1,0,[15;-15;-17],1,1},{'A',[7;9;9],1,[1;1;1],0,3,[-1;1;1],0,0},{'M',[15;144;144],2,[15;15;17],1,[0;NaN;NaN],[7;9;9],1,[NaN;4;4]},{'A',[91;202;78],3,[15;144;144],2,0,[38;29;-33],2,1},{'M',[20;15;17],2,[15;15;17],1,[NaN;0;0],[5;5;3],1,[2;NaN;NaN]},{'A',[282;211;305],3,[20;15;17],2,4,[-38;-29;33],2,0},{'M',[56;72;9],2,[7;9;9],1,[3;3;0]},{'M',[7;10;9],2,[5;5;3],1,[NaN;1;NaN],[7;9;9],1,[0;NaN;0]},{'A',[455;566;63],3,[56;72;9],2,3,[7;-10;-9],2,0},{'M',[1;128;128],1,[1;1;1],0,[0;7;7]},{'A',[3;521;521],2,[7;9;9],1,0,[-1;128;128],1,2},{'M',[240;15;48],2,[15;15;17],1,[4;0;NaN],[5;5;3],1,[NaN;NaN;4]},{'A',[963;461;329],3,[3;521;521],2,0,[240;-15;-48],2,2},{'M',[963;20;252],4,[955;20;209],3,[NaN;0;NaN],[455;566;63],3,[NaN;NaN;2],[963;461;329],3,[0;NaN;NaN]},{'O',[963;20;252],4,[963;20;252],4,0},{'M',[955;808;209],4,[955;20;209],3,[0;NaN;0],[91;202;78],3,[NaN;2;NaN]},{'O',[955;808;209],4,[955;808;209],4,0},{'M',[564;211;610],4,[282;211;305],3,[1;0;1]},{'O',[564;211;610],4,[564;211;610],4,0},{'M',[91;922;658],4,[91;202;78],3,[0;NaN;NaN],[963;461;329],3,[NaN;1;1]},{'O',[91;922;658],4,[91;922;658],4,0},{'M',[455;566;156],4,[91;202;78],3,[NaN;NaN;1],[455;566;63],3,[0;0;NaN]},{'O',[455;566;156],4,[455;566;156],4,0}}
# Add optimal = 1
# Mux optimal = 0
# Mux registers optimal = 0
# FAs optimal = 0
