Adder graph: {{'R',[1;1],1,[1;1],0},{'M',[1;16],1,[1;1],0,[0;4]},{'A',[8;-60],2,[1;1],1,2,[1;-16],1,2},{'M',[1;4],1,[1;1],0,[0;2]},{'M',[8;1],1,[1;1],0,[3;0]},{'A',[-7;3],2,[1;4],1,0,[-8;-1],1,0},{'M',[64;1],1,[1;1],0,[6;0]},{'A',[-240;20],2,[1;1],1,4,[-64;1],1,2},{'M',[-224;-60],3,[8;-60],2,[NaN;0],[-7;3],2,[5;NaN]},{'R',[-7;3],3,[-7;3],2},{'A',[-231;-57],4,[-224;-60],3,0,[-7;3],3,0},{'M',[-28;3],3,[-7;3],2,[2;0]},{'M',[-7;80],3,[-7;3],2,[0;NaN],[-240;20],2,[NaN;2]},{'A',[-42;-154],4,[-28;3],3,1,[7;-80],3,1},{'R',[-240;20],3,[-240;20],2},{'M',[-7;24],3,[-7;3],2,[0;3]},{'A',[-233;-4],4,[-240;20],3,0,[7;-24],3,0},{'M',[-231;-4],5,[-231;-57],4,[0;NaN],[-233;-4],4,[NaN;0]},{'O',[231;4],5,[231;4],5,0},{'M',[-233;-57],5,[-231;-57],4,[NaN;0],[-233;-4],4,[0;NaN]},{'O',[233;57],5,[233;57],5,0},{'R',[-42;-154],5,[-42;-154],4},{'O',[42;154],5,[42;154],5,0}}
Adder graph: {{'M',[1;8],1,[1;1],0,[0;3]},{'R',[1;1],1,[1;1],0},{'A',[14;126],2,[1;8],1,4,[-1;-1],1,1},{'M',[1;32],1,[1;1],0,[0;5]},{'M',[2;1],1,[1;1],0,[1;0]},{'A',[-7;28],2,[1;32],1,0,[-2;-1],1,2},{'M',[128;1],1,[1;1],0,[7;0]},{'A',[480;-12],2,[128;1],1,2,[-2;-1],1,4},{'M',[28;28],3,[14;126],2,[1;NaN],[-7;28],2,[NaN;0]},{'R',[14;126],3,[14;126],2},{'A',[42;154],4,[28;28],3,0,[14;126],3,0},{'A',[233;57],3,[480;-12],2,-1,[-14;126],2,-1},{'M',[112;-12],3,[14;126],2,[3;NaN],[480;-12],2,[NaN;0]},{'R',[-7;28],3,[-7;28],2},{'A',[231;4],4,[112;-12],3,1,[7;28],3,0},{'O',[231;4],4,[231;4],4,0},{'R',[233;57],4,[233;57],3},{'O',[233;57],4,[233;57],4,0},{'O',[42;154],4,[42;154],4,0}}
Adder graph: {{'A',[-6;-6],1,[1;1],0,1,[-1;-1],0,3},{'R',[1;1],1,[1;1],0},{'M',[8;1],1,[1;1],0,[3;0]},{'A',[-31;5],2,[1;1],1,0,[-8;1],1,2},{'M',[4;1],1,[1;1],0,[2;0]},{'A',[33;9],2,[4;1],1,3,[1;1],1,0},{'M',[-6;-24],2,[-6;-6],1,[0;2]},{'A',[21;57],3,[33;9],2,0,[-6;24],2,1},{'M',[33;36],3,[33;9],2,[0;2]},{'M',[33;5],3,[-31;5],2,[NaN;0],[33;9],2,[0;NaN]},{'A',[-231;-4],4,[33;36],3,0,[-33;-5],3,3},{'A',[233;77],3,[33;9],2,3,[-31;5],2,0},{'O',[231;4],4,[231;4],4,0},{'M',[233;57],4,[21;57],3,[NaN;0],[233;77],3,[0;NaN]},{'O',[233;57],4,[233;57],4,0},{'M',[21;77],4,[21;57],3,[0;NaN],[233;77],3,[NaN;0]},{'O',[42;154],4,[21;77],4,1}}
Adder graph: {{'R',[1;1],1,[1;1],0},{'A',[7;7],2,[1;1],1,3,[-1;-1],1,0},{'A',[-7;21],3,[7;7],2,0,[-7;7],2,1},{'M',[7;14],3,[7;7],2,[0;1]},{'A',[42;154],4,[-7;21],3,1,[7;14],3,3},{'M',[256;1],1,[1;1],0,[8;0]},{'M',[2;1],1,[1;1],0,[1;0]},{'A',[240;9],2,[256;1],1,0,[-2;1],1,3},{'M',[7;18],3,[7;7],2,[0;NaN],[240;9],2,[NaN;1]},{'M',[112;7],3,[7;7],2,[4;0]},{'A',[231;4],4,[7;18],3,0,[112;-7],3,1},{'M',[240;36],3,[240;9],2,[0;2]},{'A',[233;57],4,[240;36],3,0,[-7;21],3,0},{'O',[231;4],4,[231;4],4,0},{'O',[233;57],4,[233;57],4,0},{'O',[42;154],4,[42;154],4,0}}
Adder graph: {{'A',[-7;-7],1,[1;1],0,0,[-1;-1],0,3},{'A',[-35;-35],2,[-7;-7],1,2,[-7;-7],1,0},{'M',[-7;-14],2,[-7;-7],1,[0;1]},{'A',[-21;-77],3,[-7;-14],2,3,[35;35],2,0},{'M',[1;4],1,[1;1],0,[0;2]},{'M',[2;1],1,[1;1],0,[1;0]},{'A',[-15;-4],2,[1;4],1,0,[-2;-1],1,3},{'R',[-7;-7],2,[-7;-7],1},{'A',[233;57],3,[-7;-7],2,0,[15;4],2,4},{'A',[-231;-231],2,[-7;-7],1,5,[-7;-7],1,0},{'M',[-231;-4],3,[-15;-4],2,[NaN;0],[-231;-231],2,[0;NaN]},{'O',[231;4],3,[231;4],3,0},{'O',[233;57],3,[233;57],3,0},{'O',[42;154],3,[21;77],3,1}}
Adder graph: {{'A',[7;7],1,[1;1],0,3,[-1;-1],0,0},{'M',[1;4],1,[1;1],0,[0;2]},{'A',[30;78],2,[7;7],1,1,[1;4],1,4},{'A',[9;1],2,[1;4],1,1,[7;-7],1,0},{'A',[231;217],2,[7;7],1,5,[7;-7],1,0},{'M',[28;7],2,[7;7],1,[2;0]},{'A',[233;57],3,[9;1],2,0,[28;7],2,3},{'A',[-21;-77],3,[9;1],2,0,[-30;-78],2,0},{'M',[231;4],3,[9;1],2,[NaN;2],[231;217],2,[0;NaN]},{'O',[231;4],3,[231;4],3,0},{'O',[233;57],3,[233;57],3,0},{'O',[42;154],3,[21;77],3,1}}
Adder graph: {{'A',[7;7],1,[1;1],0,3,[-1;-1],0,0},{'A',[231;231],2,[7;7],1,5,[7;7],1,0},{'A',[-49;-49],2,[7;7],1,0,[-7;-7],1,3},{'M',[2;1],1,[1;1],0,[1;0]},{'A',[46;2],2,[2;1],1,4,[7;-7],1,1},{'R',[7;7],2,[7;7],1},{'A',[-42;-154],3,[-49;-49],2,1,[7;-7],2,3},{'A',[-233;-57],3,[-49;-49],2,0,[-46;-2],2,2},{'M',[231;4],3,[231;231],2,[0;NaN],[46;2],2,[NaN;1]},{'O',[231;4],3,[231;4],3,0},{'O',[233;57],3,[233;57],3,0},{'O',[42;154],3,[42;154],3,0}}
Finished solving after 2816.61 seconds
Adder graph: {{'A',[7;7],1,[1;1],0,3,[-1;-1],0,0},{'A',[231;231],2,[7;7],1,5,[7;7],1,0},{'A',[-49;-49],2,[7;7],1,0,[-7;-7],1,3},{'M',[2;1],1,[1;1],0,[1;0]},{'A',[46;2],2,[2;1],1,4,[7;-7],1,1},{'R',[7;7],2,[7;7],1},{'A',[-42;-154],3,[-49;-49],2,1,[7;-7],2,3},{'A',[-233;-57],3,[-49;-49],2,0,[-46;-2],2,2},{'M',[231;4],3,[231;231],2,[0;NaN],[46;2],2,[NaN;1]},{'O',[231;4],3,[231;4],3,0},{'O',[233;57],3,[233;57],3,0},{'O',[42;154],3,[42;154],3,0}}
# Add optimal = 1
# Mux optimal = 1
# Mux registers optimal = 1
# FAs optimal = 0
