Adder graph: {{'M',[1;32;8;1],1,[1;1;1;1],0,[0;5;3;0]},{'M',[1;1;1;2],1,[1;1;1;1],0,[0;0;0;1]},{'A',[2;31;9;-1],2,[1;32;8;1],1,0,[1;-1;1;-2],1,0},{'M',[4;4;16;1],3,[1;1;1;1],0,[NaN;2;4;0],[2;31;9;-1],2,[1;NaN;NaN;NaN]},{'M',[128;31;1;-256],3,[1;1;1;1],0,[NaN;NaN;0;NaN],[2;31;9;-1],2,[6;0;NaN;8]},{'A',[-120;-23;31;-254],4,[4;4;16;1],3,1,[-128;-31;-1;-256],3,0},{'M',[64;-23;18;4],5,[1;1;1;1],0,[6;NaN;NaN;2],[2;31;9;-1],2,[NaN;NaN;1;NaN],[-120;-23;31;-254],4,[NaN;0;NaN;NaN]},{'M',[1;-92;31;-1],5,[1;1;1;1],0,[0;NaN;NaN;NaN],[2;31;9;-1],2,[NaN;NaN;NaN;0],[-120;-23;31;-254],4,[NaN;2;0;NaN]},{'A',[63;69;-13;3],6,[64;-23;18;4],5,0,[-1;92;-31;-1],5,0},{'M',[8;-23;124;3],7,[2;31;9;-1],2,[2;NaN;NaN;NaN],[-120;-23;31;-254],4,[NaN;0;2;NaN],[63;69;-13;3],6,[NaN;NaN;NaN;0]},{'M',[252;64;31;32],7,[1;1;1;1],0,[NaN;6;NaN;5],[-120;-23;31;-254],4,[NaN;NaN;0;NaN],[63;69;-13;3],6,[2;NaN;NaN;NaN]},{'A',[-244;-87;155;35],8,[8;-23;124;3],7,0,[-252;-64;31;32],7,0},{'M',[-120;124;155;-8],9,[2;31;9;-1],2,[NaN;2;NaN;3],[-120;-23;31;-254],4,[0;NaN;NaN;NaN],[-244;-87;155;35],8,[NaN;NaN;0;NaN]},{'M',[63;-87;18;24],9,[2;31;9;-1],2,[NaN;NaN;1;NaN],[63;69;-13;3],6,[0;NaN;NaN;3],[-244;-87;155;35],8,[NaN;0;NaN;NaN]},{'A',[-183;211;173;-32],10,[-120;124;155;-8],9,0,[-63;87;18;-24],9,0},{'M',[1;138;173;192],11,[1;1;1;1],0,[0;NaN;NaN;NaN],[63;69;-13;3],6,[NaN;1;NaN;6],[-183;211;173;-32],10,[NaN;NaN;0;NaN]},{'O',[1;138;173;192],11,[1;138;173;192],11,0},{'M',[63;211;155;35],11,[63;69;-13;3],6,[0;NaN;NaN;NaN],[-244;-87;155;35],8,[NaN;NaN;0;0],[-183;211;173;-32],10,[NaN;0;NaN;NaN]},{'O',[63;211;155;35],11,[63;211;155;35],11,0},{'M',[-183;-174;-26;-254],11,[-120;-23;31;-254],4,[NaN;NaN;NaN;0],[63;69;-13;3],6,[NaN;NaN;1;NaN],[-244;-87;155;35],8,[NaN;1;NaN;NaN],[-183;211;173;-32],10,[0;NaN;NaN;NaN]},{'O',[183;174;26;254],11,[183;174;26;254],11,0}}
Adder graph: {{'M',[1;1;1;4],1,[1;1;1;1],0,[0;0;0;2]},{'M',[16;2;1;4],1,[1;1;1;1],0,[4;1;0;2]},{'A',[-63;-7;-3;-12],2,[1;1;1;4],1,0,[-16;-2;-1;-4],1,2},{'M',[8;2;1;4],1,[1;1;1;1],0,[3;1;0;2]},{'M',[8;1;-3;2],3,[1;1;1;1],0,[3;0;NaN;1],[-63;-7;-3;-12],2,[NaN;NaN;0;NaN]},{'A',[120;31;19;62],4,[8;2;1;4],1,4,[-8;-1;3;-2],3,0},{'M',[1;-56;-192;-96],3,[1;1;1;1],0,[0;NaN;NaN;NaN],[-63;-7;-3;-12],2,[NaN;3;6;3]},{'M',[4;31;19;1],5,[1;1;1;1],0,[2;NaN;NaN;0],[120;31;19;62],4,[NaN;0;0;NaN]},{'A',[-3;-87;-173;-97],6,[1;-56;-192;-96],3,0,[-4;-31;19;-1],5,0},{'M',[-63;-14;-3;-97],7,[-63;-7;-3;-12],2,[0;1;0;NaN],[-3;-87;-173;-97],6,[NaN;NaN;NaN;0]},{'M',[120;124;152;62],5,[120;31;19;62],4,[0;2;3;0]},{'A',[-183;-138;-155;-35],8,[-63;-14;-3;-97],7,0,[-120;-124;-152;62],5,0},{'M',[-3;-87;-12;1],7,[1;1;1;1],0,[NaN;NaN;NaN;0],[-63;-7;-3;-12],2,[NaN;NaN;2;NaN],[-3;-87;-173;-97],6,[0;0;NaN;NaN]},{'M',[2;124;1;128],5,[1;1;1;1],0,[1;NaN;0;7],[120;31;19;62],4,[NaN;2;NaN;NaN]},{'A',[-1;-211;-13;-127],8,[-3;-87;-12;1],7,0,[2;-124;-1;-128],5,0},{'M',[-1;-138;-173;-192],9,[-63;-7;-3;-12],2,[NaN;NaN;NaN;4],[-3;-87;-173;-97],6,[NaN;NaN;0;NaN],[-183;-138;-155;-35],8,[NaN;0;NaN;NaN],[-1;-211;-13;-127],8,[0;NaN;NaN;NaN]},{'O',[1;138;173;192],9,[1;138;173;192],9,0},{'M',[-63;-211;-155;-35],9,[-63;-7;-3;-12],2,[0;NaN;NaN;NaN],[-183;-138;-155;-35],8,[NaN;NaN;0;0],[-1;-211;-13;-127],8,[NaN;0;NaN;NaN]},{'O',[63;211;155;35],9,[63;211;155;35],9,0},{'M',[-183;-174;-26;-254],9,[-3;-87;-173;-97],6,[NaN;1;NaN;NaN],[-183;-138;-155;-35],8,[0;NaN;NaN;NaN],[-1;-211;-13;-127],8,[NaN;NaN;1;1]},{'O',[183;174;26;254],9,[183;174;26;254],9,0}}
Adder graph: {{'M',[1;32;1;32],1,[1;1;1;1],0,[0;5;0;5]},{'M',[32;1;16;32],1,[1;1;1;1],0,[5;0;4;5]},{'A',[-63;34;-31;96],2,[1;32;1;32],1,0,[-32;1;-16;32],1,1},{'M',[2;1;-124;4],3,[1;1;1;1],0,[1;0;NaN;2],[-63;34;-31;96],2,[NaN;NaN;2;NaN]},{'M',[32;68;-31;96],3,[1;1;1;1],0,[5;NaN;NaN;NaN],[-63;34;-31;96],2,[NaN;1;0;0]},{'A',[-30;69;-155;-92],4,[2;1;-124;4],3,0,[-32;68;-31;-96],3,0},{'M',[-60;34;4;96],5,[1;1;1;1],0,[NaN;NaN;2;NaN],[-63;34;-31;96],2,[NaN;0;NaN;0],[-30;69;-155;-92],4,[1;NaN;NaN;NaN]},{'M',[-63;138;1;-184],5,[1;1;1;1],0,[NaN;NaN;0;NaN],[-63;34;-31;96],2,[0;NaN;NaN;NaN],[-30;69;-155;-92],4,[NaN;1;NaN;1]},{'A',[-183;-70;9;8],6,[-60;34;4;96],5,1,[-63;-138;1;-184],5,0},{'M',[-183;-140;36;1],7,[1;1;1;1],0,[NaN;NaN;NaN;0],[-183;-70;9;8],6,[0;1;2;NaN]},{'M',[-126;34;-62;128],7,[-63;34;-31;96],2,[1;0;1;NaN],[-183;-70;9;8],6,[NaN;NaN;NaN;4]},{'A',[-309;-174;-26;-127],8,[-183;-140;36;1],7,0,[-126;-34;-62;-128],7,0},{'M',[1;-280;18;-127],9,[1;1;1;1],0,[0;NaN;NaN;NaN],[-183;-70;9;8],6,[NaN;2;1;NaN],[-309;-174;-26;-127],8,[NaN;NaN;NaN;0]},{'A',[31;-211;173;-35],10,[1;-280;18;-127],9,0,[30;69;155;92],4,0},{'M',[1;138;173;192],11,[1;1;1;1],0,[0;NaN;NaN;NaN],[-63;34;-31;96],2,[NaN;NaN;NaN;1],[-30;69;-155;-92],4,[NaN;1;NaN;NaN],[31;-211;173;-35],10,[NaN;NaN;0;NaN]},{'O',[1;138;173;192],11,[1;138;173;192],11,0},{'M',[-63;-211;-155;-35],11,[-63;34;-31;96],2,[0;NaN;NaN;NaN],[-30;69;-155;-92],4,[NaN;NaN;0;NaN],[31;-211;173;-35],10,[NaN;0;NaN;0]},{'O',[63;211;155;35],11,[63;211;155;35],11,0},{'M',[-183;-174;-26;-254],9,[-183;-70;9;8],6,[0;NaN;NaN;NaN],[-309;-174;-26;-127],8,[NaN;0;0;1]},{'O',[183;174;26;254],9,[183;174;26;254],9,0}}
Adder graph: {{'M',[4;1;1;4],1,[1;1;1;1],0,[2;0;0;2]},{'M',[16;2;1;16],1,[1;1;1;1],0,[4;1;0;4]},{'A',[-60;9;5;-60],2,[4;1;1;4],1,0,[-16;2;1;-16],1,2},{'M',[-240;128;1;-60],3,[1;1;1;1],0,[NaN;7;0;NaN],[-60;9;5;-60],2,[2;NaN;NaN;0]},{'M',[1;18;1;1],3,[1;1;1;1],0,[0;NaN;0;0],[-60;9;5;-60],2,[NaN;1;NaN;NaN]},{'A',[-239;110;0;-61],4,[-240;128;1;-60],3,0,[1;-18;-1;-1],3,0},{'M',[64;220;5;2048],5,[1;1;1;1],0,[6;NaN;NaN;11],[-60;9;5;-60],2,[NaN;NaN;0;NaN],[-239;110;0;-61],4,[NaN;1;NaN;NaN]},{'M',[1;9;8;-1952],5,[1;1;1;1],0,[0;NaN;3;NaN],[-60;9;5;-60],2,[NaN;0;NaN;NaN],[-239;110;0;-61],4,[NaN;NaN;NaN;5]},{'A',[63;211;13;96],6,[64;220;5;2048],5,0,[-1;-9;8;-1952],5,0},{'M',[63;64;160;96],7,[1;1;1;1],0,[NaN;6;NaN;NaN],[-60;9;5;-60],2,[NaN;NaN;5;NaN],[63;211;13;96],6,[0;NaN;NaN;0]},{'M',[-120;110;5;-61],5,[-60;9;5;-60],2,[1;NaN;0;NaN],[-239;110;0;-61],4,[NaN;0;NaN;0]},{'A',[183;174;155;35],8,[63;64;160;96],7,0,[120;110;-5;-61],5,0},{'M',[-239;174;13;256],9,[1;1;1;1],0,[NaN;NaN;NaN;8],[-239;110;0;-61],4,[0;NaN;NaN;NaN],[63;211;13;96],6,[NaN;NaN;0;NaN],[183;174;155;35],8,[NaN;0;NaN;NaN]},{'M',[-120;18;80;1],3,[1;1;1;1],0,[NaN;NaN;NaN;0],[-60;9;5;-60],2,[1;1;4;NaN]},{'A',[1;138;173;254],10,[-239;174;13;256],9,0,[120;-18;80;-1],3,1},{'M',[1;138;173;192],11,[63;211;13;96],6,[NaN;NaN;NaN;1],[1;138;173;254],10,[0;0;0;NaN]},{'O',[1;138;173;192],11,[1;138;173;192],11,0},{'M',[63;211;155;35],9,[63;211;13;96],6,[0;0;NaN;NaN],[183;174;155;35],8,[NaN;NaN;0;0]},{'O',[63;211;155;35],9,[63;211;155;35],9,0},{'M',[183;174;26;254],11,[63;211;13;96],6,[NaN;NaN;1;NaN],[183;174;155;35],8,[0;0;NaN;NaN],[1;138;173;254],10,[NaN;NaN;NaN;0]},{'O',[183;174;26;254],11,[183;174;26;254],11,0}}
Adder graph: {{'M',[1;2;1;2],1,[1;1;1;1],0,[0;1;0;1]},{'M',[64;32;32;1],1,[1;1;1;1],0,[6;5;5;0]},{'A',[-63;34;-31;3],2,[1;2;1;2],1,0,[-64;32;-32;1],1,0},{'M',[1;34;1;3],3,[1;1;1;1],0,[0;NaN;0;NaN],[-63;34;-31;3],2,[NaN;0;NaN;0]},{'M',[16;1;8;8],1,[1;1;1;1],0,[4;0;3;3]},{'A',[17;35;9;-5],4,[1;34;1;3],3,0,[16;1;8;-8],1,0},{'M',[17;35;9;128],5,[1;1;1;1],0,[NaN;NaN;NaN;7],[17;35;9;-5],4,[0;0;0;NaN]},{'M',[4;34;4;3],3,[1;1;1;1],0,[2;NaN;2;NaN],[-63;34;-31;3],2,[NaN;0;NaN;0]},{'A',[21;69;13;125],6,[17;35;9;128],5,0,[4;34;4;-3],3,0},{'M',[21;69;-124;256],7,[1;1;1;1],0,[NaN;NaN;NaN;8],[-63;34;-31;3],2,[NaN;NaN;2;NaN],[21;69;13;125],6,[0;0;NaN;NaN]},{'M',[136;280;-31;2],5,[1;1;1;1],0,[NaN;NaN;NaN;1],[-63;34;-31;3],2,[NaN;NaN;0;NaN],[17;35;9;-5],4,[3;3;NaN;NaN]},{'A',[-115;-211;-155;254],8,[21;69;-124;256],7,0,[-136;-280;-31;-2],5,0},{'M',[68;140;18;125],7,[17;35;9;-5],4,[2;2;1;NaN],[21;69;13;125],6,[NaN;NaN;NaN;0]},{'M',[-115;34;-155;-160],9,[-63;34;-31;3],2,[NaN;0;NaN;NaN],[17;35;9;-5],4,[NaN;NaN;NaN;5],[-115;-211;-155;254],8,[0;NaN;0;NaN]},{'A',[183;174;173;-35],10,[68;140;18;125],7,0,[115;34;155;-160],9,0},{'M',[1;138;173;192],11,[1;1;1;1],0,[0;NaN;NaN;NaN],[-63;34;-31;3],2,[NaN;NaN;NaN;6],[21;69;13;125],6,[NaN;1;NaN;NaN],[183;174;173;-35],10,[NaN;NaN;0;NaN]},{'O',[1;138;173;192],11,[1;138;173;192],11,0},{'M',[-63;-211;-155;-35],11,[-63;34;-31;3],2,[0;NaN;NaN;NaN],[-115;-211;-155;254],8,[NaN;0;0;NaN],[183;174;173;-35],10,[NaN;NaN;NaN;0]},{'O',[63;211;155;35],11,[63;211;155;35],11,0},{'M',[183;174;26;254],11,[21;69;13;125],6,[NaN;NaN;1;NaN],[-115;-211;-155;254],8,[NaN;NaN;NaN;0],[183;174;173;-35],10,[0;0;NaN;NaN]},{'O',[183;174;26;254],11,[183;174;26;254],11,0}}
Adder graph: {{'M',[2;1;2;8],1,[1;1;1;1],0,[1;0;1;3]},{'M',[32;32;1;1],1,[1;1;1;1],0,[5;5;0;0]},{'A',[-30;-31;3;7],2,[2;1;2;8],1,0,[-32;-32;1;-1],1,0},{'M',[1;8;3;112],3,[1;1;1;1],0,[0;3;NaN;NaN],[-30;-31;3;7],2,[NaN;NaN;0;4]},{'M',[2;1;16;2],1,[1;1;1;1],0,[1;0;4;1]},{'A',[-1;7;19;110],4,[1;8;3;112],3,0,[-2;-1;16;-2],1,0},{'M',[64;56;3;128],5,[1;1;1;1],0,[6;NaN;NaN;7],[-30;-31;3;7],2,[NaN;NaN;0;NaN],[-1;7;19;110],4,[NaN;3;NaN;NaN]},{'M',[1;-31;152;1],5,[1;1;1;1],0,[0;NaN;NaN;0],[-30;-31;3;7],2,[NaN;0;NaN;NaN],[-1;7;19;110],4,[NaN;NaN;3;NaN]},{'A',[63;87;155;127],6,[64;56;3;128],5,0,[-1;31;152;-1],5,0},{'M',[63;87;19;7],7,[-30;-31;3;7],2,[NaN;NaN;NaN;0],[-1;7;19;110],4,[NaN;NaN;0;NaN],[63;87;155;127],6,[0;0;NaN;NaN]},{'M',[-30;-31;48;7],3,[-30;-31;3;7],2,[0;0;4;0]},{'A',[183;211;-173;35],8,[63;87;19;7],7,0,[30;31;-48;7],3,2},{'M',[-2;14;1;220],5,[1;1;1;1],0,[NaN;NaN;0;NaN],[-1;7;19;110],4,[1;1;NaN;1]},{'A',[-122;-138;13;-192],6,[-30;-31;3;7],2,2,[-2;-14;1;-220],5,0},{'M',[-1;-138;-173;-192],9,[-1;7;19;110],4,[0;NaN;NaN;NaN],[183;211;-173;35],8,[NaN;NaN;0;NaN],[-122;-138;13;-192],6,[NaN;0;NaN;0]},{'O',[1;138;173;192],9,[1;138;173;192],9,0},{'M',[63;211;155;35],9,[63;87;155;127],6,[0;NaN;0;NaN],[183;211;-173;35],8,[NaN;0;NaN;0]},{'O',[63;211;155;35],9,[63;211;155;35],9,0},{'M',[183;174;26;254],9,[63;87;155;127],6,[NaN;1;NaN;1],[183;211;-173;35],8,[0;NaN;NaN;NaN],[-122;-138;13;-192],6,[NaN;NaN;1;NaN]},{'O',[183;174;26;254],9,[183;174;26;254],9,0}}
Adder graph: {{'M',[1;4;4;256],1,[1;1;1;1],0,[0;2;2;8]},{'M',[2;1;16;2],1,[1;1;1;1],0,[1;0;4;1]},{'A',[-1;5;-12;254],2,[1;4;4;256],1,0,[-2;1;-16;-2],1,0},{'M',[32;64;1;32],1,[1;1;1;1],0,[5;6;0;5]},{'M',[-1;5;-12;4],3,[1;1;1;1],0,[NaN;NaN;NaN;2],[-1;5;-12;254],2,[0;0;0;NaN]},{'A',[31;69;13;36],4,[32;64;1;32],1,0,[-1;5;12;4],3,0},{'M',[62;1;1;1],5,[1;1;1;1],0,[NaN;0;0;0],[31;69;13;36],4,[1;NaN;NaN;NaN]},{'M',[1;69;1;36],5,[1;1;1;1],0,[0;NaN;0;NaN],[31;69;13;36],4,[NaN;0;NaN;0]},{'A',[247;73;5;-32],6,[62;1;1;1],5,2,[-1;69;1;-36],5,0},{'M',[62;138;13;36],5,[31;69;13;36],4,[1;1;0;0]},{'M',[1;73;160;1],7,[1;1;1;1],0,[0;NaN;NaN;0],[247;73;5;-32],6,[NaN;0;5;NaN]},{'A',[63;211;173;35],8,[62;138;13;36],5,0,[1;73;160;-1],7,0},{'M',[-2;10;5;8],7,[1;1;1;1],0,[NaN;NaN;NaN;3],[-1;5;-12;254],2,[1;1;NaN;NaN],[247;73;5;-32],6,[NaN;NaN;0;NaN]},{'M',[247;146;5;-64],7,[247;73;5;-32],6,[0;1;0;1]},{'A',[183;174;155;192],8,[-2;10;5;8],7,5,[247;-146;-5;-64],7,0},{'M',[1;138;173;192],9,[1;1;1;1],0,[0;NaN;NaN;NaN],[31;69;13;36],4,[NaN;1;NaN;NaN],[63;211;173;35],8,[NaN;NaN;0;NaN],[183;174;155;192],8,[NaN;NaN;NaN;0]},{'O',[1;138;173;192],9,[1;138;173;192],9,0},{'M',[63;211;155;35],9,[63;211;173;35],8,[0;0;NaN;0],[183;174;155;192],8,[NaN;NaN;0;NaN]},{'O',[63;211;155;35],9,[63;211;155;35],9,0},{'M',[183;174;26;254],9,[-1;5;-12;254],2,[NaN;NaN;NaN;0],[31;69;13;36],4,[NaN;NaN;1;NaN],[183;174;155;192],8,[0;0;NaN;NaN]},{'O',[183;174;26;254],9,[183;174;26;254],9,0}}
Adder graph: {{'M',[2;2;1;1],1,[1;1;1;1],0,[1;1;0;0]},{'M',[1;4;1;4],1,[1;1;1;1],0,[0;2;0;2]},{'A',[18;-62;17;65],2,[2;2;1;1],1,0,[1;-4;1;4],1,4},{'M',[1;1;4;4],1,[1;1;1;1],0,[0;0;2;2]},{'M',[8;64;1;1],1,[1;1;1;1],0,[3;6;0;0]},{'A',[9;65;5;5],2,[1;1;4;4],1,0,[8;64;1;1],1,0},{'M',[4;65;4;5],3,[1;1;1;1],0,[2;NaN;2;NaN],[9;65;5;5],2,[NaN;0;NaN;0]},{'M',[1;4;17;1],3,[1;1;1;1],0,[0;2;NaN;0],[18;-62;17;65],2,[NaN;NaN;0;NaN]},{'A',[3;69;-13;6],4,[4;65;4;5],3,0,[-1;4;-17;1],3,0},{'M',[18;69;40;10],5,[9;65;5;5],2,[1;NaN;3;1],[3;69;-13;6],4,[NaN;0;NaN;NaN]},{'A',[-63;-211;-155;-35],6,[9;65;5;5],2,0,[-18;-69;-40;-10],5,2},{'M',[9;-211;160;130],7,[18;-62;17;65],2,[NaN;NaN;NaN;1],[9;65;5;5],2,[0;NaN;5;NaN],[-63;-211;-155;-35],6,[NaN;0;NaN;NaN]},{'M',[192;-124;-13;384],5,[18;-62;17;65],2,[NaN;1;NaN;NaN],[3;69;-13;6],4,[6;NaN;0;6]},{'A',[-183;-87;173;-254],8,[9;-211;160;130],7,0,[-192;124;13;-384],5,0},{'M',[1;138;173;192],9,[1;1;1;1],0,[0;NaN;NaN;NaN],[3;69;-13;6],4,[NaN;1;NaN;5],[-183;-87;173;-254],8,[NaN;NaN;0;NaN]},{'O',[1;138;173;192],9,[1;138;173;192],9,0},{'O',[63;211;155;35],6,[63;211;155;35],6,0},{'M',[-183;-174;-26;-254],9,[3;69;-13;6],4,[NaN;NaN;1;NaN],[-183;-87;173;-254],8,[0;1;NaN;0]},{'O',[183;174;26;254],9,[183;174;26;254],9,0}}
Adder graph: {{'M',[16;1;16;16],1,[1;1;1;1],0,[4;0;4;4]},{'A',[127;9;129;127],2,[16;1;16;16],1,3,[-1;1;1;-1],0,0},{'M',[2;18;1;1],3,[1;1;1;1],0,[1;NaN;0;0],[127;9;129;127],2,[NaN;1;NaN;NaN]},{'A',[7;73;5;3],4,[2;18;1;1],3,2,[-1;1;1;-1],0,0},{'M',[8;1;2;8],1,[1;1;1;1],0,[3;0;1;3]},{'A',[-25;69;13;35],5,[7;73;5;3],4,0,[-8;-1;2;8],1,2},{'M',[127;138;26;70],6,[127;9;129;127],2,[0;NaN;NaN;NaN],[-25;69;13;35],5,[NaN;1;1;1]},{'M',[56;36;129;24],5,[127;9;129;127],2,[NaN;2;0;NaN],[7;73;5;3],4,[3;NaN;NaN;3]},{'A',[183;174;155;94],7,[127;138;26;70],6,0,[56;36;129;24],5,0},{'M',[7;73;160;96],5,[7;73;5;3],4,[0;0;5;5]},{'M',[56;138;13;96],6,[7;73;5;3],4,[3;NaN;NaN;5],[-25;69;13;35],5,[NaN;1;0;NaN]},{'A',[63;211;173;192],7,[7;73;160;96],5,0,[56;138;13;96],6,0},{'M',[1;138;173;192],8,[1;1;1;1],0,[0;NaN;NaN;NaN],[-25;69;13;35],5,[NaN;1;NaN;NaN],[63;211;173;192],7,[NaN;NaN;0;0]},{'O',[1;138;173;192],8,[1;138;173;192],8,0},{'M',[63;211;155;35],8,[-25;69;13;35],5,[NaN;NaN;NaN;0],[183;174;155;94],7,[NaN;NaN;0;NaN],[63;211;173;192],7,[0;0;NaN;NaN]},{'O',[63;211;155;35],8,[63;211;155;35],8,0},{'M',[183;174;26;254],8,[127;9;129;127],2,[NaN;NaN;NaN;1],[-25;69;13;35],5,[NaN;NaN;1;NaN],[183;174;155;94],7,[0;0;NaN;NaN]},{'O',[183;174;26;254],8,[183;174;26;254],8,0}}
Adder graph: {{'M',[128;1;4;4],1,[1;1;1;1],0,[7;0;2;2]},{'M',[1;32;1;32],1,[1;1;1;1],0,[0;5;0;5]},{'A',[127;-31;5;36],2,[128;1;4;4],1,0,[-1;-32;1;32],1,0},{'M',[16;16;5;16],3,[1;1;1;1],0,[4;4;NaN;4],[127;-31;5;36],2,[NaN;NaN;0;NaN]},{'M',[1;1;4;4],1,[1;1;1;1],0,[0;0;2;2]},{'A',[14;14;13;24],4,[16;16;5;16],3,0,[-1;-1;4;4],1,1},{'M',[14;14;13;32],5,[1;1;1;1],0,[NaN;NaN;NaN;5],[14;14;13;24],4,[0;0;0;NaN]},{'M',[127;-31;104;1],5,[1;1;1;1],0,[NaN;NaN;NaN;0],[127;-31;5;36],2,[0;0;NaN;NaN],[14;14;13;24],4,[NaN;NaN;3;NaN]},{'A',[183;87;156;127],6,[14;14;13;32],5,2,[127;31;104;-1],5,0},{'M',[128;14;13;48],5,[1;1;1;1],0,[7;NaN;NaN;NaN],[14;14;13;24],4,[NaN;0;0;1]},{'M',[127;-124;160;144],3,[127;-31;5;36],2,[0;2;5;2]},{'A',[1;138;173;192],6,[128;14;13;48],5,0,[-127;124;160;144],3,0},{'M',[64;-124;1;1],3,[1;1;1;1],0,[6;NaN;0;0],[127;-31;5;36],2,[NaN;2;NaN;NaN]},{'M',[127;87;156;36],7,[127;-31;5;36],2,[0;NaN;NaN;0],[183;87;156;127],6,[NaN;0;0;NaN]},{'A',[-63;-211;-155;-35],8,[64;-124;1;1],3,0,[-127;-87;-156;-36],7,0},{'O',[1;138;173;192],6,[1;138;173;192],6,0},{'O',[63;211;155;35],8,[63;211;155;35],8,0},{'M',[183;174;26;254],7,[14;14;13;24],4,[NaN;NaN;1;NaN],[183;87;156;127],6,[0;1;NaN;1]},{'O',[183;174;26;254],7,[183;174;26;254],7,0}}
Adder graph: {{'M',[2;1;2;2],1,[1;1;1;1],0,[1;0;1;1]},{'M',[1;64;1;1],1,[1;1;1;1],0,[0;6;0;0]},{'A',[7;68;7;9],2,[2;1;2;2],1,2,[-1;64;-1;1],1,0},{'M',[14;68;14;32],3,[1;1;1;1],0,[NaN;NaN;NaN;5],[7;68;7;9],2,[1;0;1;NaN]},{'M',[1;1;1;64],1,[1;1;1;1],0,[0;0;0;6]},{'A',[13;69;13;96],4,[14;68;14;32],3,0,[-1;1;-1;64],1,0},{'M',[7;1;16;4],3,[1;1;1;1],0,[NaN;0;4;2],[7;68;7;9],2,[0;NaN;NaN;NaN]},{'M',[13;138;13;18],5,[7;68;7;9],2,[NaN;NaN;NaN;1],[13;69;13;96],4,[0;1;0;NaN]},{'A',[41;142;51;34],6,[7;1;16;4],3,2,[13;138;-13;18],5,0},{'M',[7;1;7;9],3,[1;1;1;1],0,[NaN;0;NaN;NaN],[7;68;7;9],2,[0;NaN;0;0]},{'A',[183;174;173;254],7,[7;1;7;9],3,5,[-41;142;-51;-34],6,0},{'M',[104;69;104;1],5,[1;1;1;1],0,[NaN;NaN;NaN;0],[13;69;13;96],4,[3;0;3;NaN]},{'A',[63;211;155;35],7,[104;69;104;1],5,0,[-41;142;51;34],6,0},{'M',[1;138;173;192],8,[1;1;1;1],0,[0;NaN;NaN;NaN],[13;69;13;96],4,[NaN;1;NaN;1],[183;174;173;254],7,[NaN;NaN;0;NaN]},{'O',[1;138;173;192],8,[1;138;173;192],8,0},{'O',[63;211;155;35],7,[63;211;155;35],7,0},{'M',[183;174;26;254],8,[13;69;13;96],4,[NaN;NaN;1;NaN],[183;174;173;254],7,[0;0;NaN;0]},{'O',[183;174;26;254],8,[183;174;26;254],8,0}}
Adder graph: {{'M',[1;2;1;1],1,[1;1;1;1],0,[0;1;0;0]},{'A',[7;17;7;7],2,[1;2;1;1],1,3,[-1;1;-1;-1],0,0},{'M',[64;17;7;64],3,[1;1;1;1],0,[6;NaN;NaN;6],[7;17;7;7],2,[NaN;0;0;NaN]},{'A',[127;35;13;127],4,[64;17;7;64],3,1,[-1;1;-1;-1],0,0},{'M',[127;35;13;32],5,[1;1;1;1],0,[NaN;NaN;NaN;5],[127;35;13;127],4,[0;0;0;NaN]},{'M',[28;17;32;32],3,[1;1;1;1],0,[NaN;NaN;5;5],[7;17;7;7],2,[2;0;NaN;NaN]},{'A',[183;69;-51;96],6,[127;35;13;32],5,0,[28;17;-32;32],3,1},{'M',[56;70;-51;28],7,[7;17;7;7],2,[3;NaN;NaN;2],[127;35;13;127],4,[NaN;1;NaN;NaN],[183;69;-51;96],6,[NaN;NaN;0;NaN]},{'M',[7;17;224;7],3,[7;17;7;7],2,[0;0;5;0]},{'A',[63;87;173;35],8,[56;70;-51;28],7,0,[7;17;224;7],3,0},{'M',[256;69;-51;256],7,[1;1;1;1],0,[8;NaN;NaN;8],[183;69;-51;96],6,[NaN;0;0;NaN]},{'A',[1272;211;155;760],8,[127;35;13;127],4,3,[256;-69;51;-256],7,0},{'M',[1;138;173;192],9,[1;1;1;1],0,[0;NaN;NaN;NaN],[183;69;-51;96],6,[NaN;1;NaN;1],[63;87;173;35],8,[NaN;NaN;0;NaN]},{'O',[1;138;173;192],9,[1;138;173;192],9,0},{'M',[63;211;155;35],9,[63;87;173;35],8,[0;NaN;NaN;0],[1272;211;155;760],8,[NaN;0;0;NaN]},{'O',[63;211;155;35],9,[63;211;155;35],9,0},{'M',[183;174;26;254],9,[127;35;13;127],4,[NaN;NaN;1;1],[183;69;-51;96],6,[0;NaN;NaN;NaN],[63;87;173;35],8,[NaN;1;NaN;NaN]},{'O',[183;174;26;254],9,[183;174;26;254],9,0}}
Adder graph: {{'M',[1;8;1;1],1,[1;1;1;1],0,[0;3;0;0]},{'A',[-3;-31;5;5],2,[1;1;1;1],0,0,[-1;-8;1;1],1,2},{'M',[1;1;1;2],1,[1;1;1;1],0,[0;0;0;1]},{'A',[63;65;63;66],2,[1;1;1;1],0,6,[-1;1;-1;2],1,0},{'M',[63;4;4;66],3,[1;1;1;1],0,[NaN;2;2;NaN],[63;65;63;66],2,[0;NaN;NaN;0]},{'M',[-3;130;5;5],3,[-3;-31;5;5],2,[0;NaN;0;0],[63;65;63;66],2,[NaN;1;NaN;NaN]},{'A',[129;138;13;127],4,[63;4;4;66],3,1,[3;130;5;-5],3,0},{'M',[-12;138;80;20],5,[-3;-31;5;5],2,[2;NaN;4;2],[129;138;13;127],4,[NaN;0;NaN;NaN]},{'M',[-3;65;5;5],3,[-3;-31;5;5],2,[0;NaN;0;0],[63;65;63;66],2,[NaN;0;NaN;NaN]},{'A',[-27;211;155;35],6,[-12;138;80;20],5,1,[-3;-65;-5;-5],3,0},{'M',[129;-248;13;32],5,[1;1;1;1],0,[NaN;NaN;NaN;5],[-3;-31;5;5],2,[NaN;3;NaN;NaN],[129;138;13;127],4,[0;NaN;0;NaN]},{'M',[-27;211;80;80],7,[-3;-31;5;5],2,[NaN;NaN;4;4],[-27;211;155;35],6,[0;0;NaN;NaN]},{'A',[183;174;173;192],8,[129;-248;13;32],5,0,[27;211;80;80],7,1},{'M',[1;138;173;192],9,[1;1;1;1],0,[0;NaN;NaN;NaN],[129;138;13;127],4,[NaN;0;NaN;NaN],[183;174;173;192],8,[NaN;NaN;0;0]},{'O',[1;138;173;192],9,[1;138;173;192],9,0},{'M',[63;211;155;35],7,[63;65;63;66],2,[0;NaN;NaN;NaN],[-27;211;155;35],6,[NaN;0;0;0]},{'O',[63;211;155;35],7,[63;211;155;35],7,0},{'M',[183;174;26;254],9,[129;138;13;127],4,[NaN;NaN;1;1],[183;174;173;192],8,[0;0;NaN;NaN]},{'O',[183;174;26;254],9,[183;174;26;254],9,0}}
Adder graph: {{'M',[1;4;1;1],1,[1;1;1;1],0,[0;2;0;0]},{'A',[7;31;7;7],2,[1;4;1;1],1,3,[-1;-1;-1;-1],0,0},{'M',[14;31;14;128],3,[1;1;1;1],0,[NaN;NaN;NaN;7],[7;31;7;7],2,[1;0;1;NaN]},{'M',[1;8;1;1],1,[1;1;1;1],0,[0;3;0;0]},{'A',[15;23;13;127],4,[14;31;14;128],3,0,[1;-8;-1;-1],1,0},{'M',[1;23;13;1],5,[1;1;1;1],0,[0;NaN;NaN;0],[15;23;13;127],4,[NaN;0;0;NaN]},{'A',[63;87;51;63],6,[1;1;1;1],0,6,[-1;23;-13;-1],5,0},{'M',[30;31;26;7],5,[7;31;7;7],2,[NaN;0;NaN;0],[15;23;13;127],4,[1;NaN;1;NaN]},{'A',[183;211;155;35],7,[63;87;51;63],6,0,[30;31;26;-7],5,2},{'M',[63;46;51;32],7,[1;1;1;1],0,[NaN;NaN;NaN;5],[15;23;13;127],4,[NaN;1;NaN;NaN],[63;87;51;63],6,[0;NaN;0;NaN]},{'M',[8;23;28;28],5,[1;1;1;1],0,[3;NaN;NaN;NaN],[7;31;7;7],2,[NaN;NaN;2;2],[15;23;13;127],4,[NaN;0;NaN;NaN]},{'A',[-1;-138;-173;-192],8,[63;46;51;32],7,0,[-8;-23;-28;-28],5,3},{'O',[1;138;173;192],8,[1;138;173;192],8,0},{'M',[63;211;155;35],8,[63;87;51;63],6,[0;NaN;NaN;NaN],[183;211;155;35],7,[NaN;0;0;0]},{'O',[63;211;155;35],8,[63;211;155;35],8,0},{'M',[183;174;26;254],8,[15;23;13;127],4,[NaN;NaN;1;1],[63;87;51;63],6,[NaN;1;NaN;NaN],[183;211;155;35],7,[0;NaN;NaN;NaN]},{'O',[183;174;26;254],8,[183;174;26;254],8,0}}
Adder graph: {{'M',[2;2;1;4],1,[1;1;1;1],0,[1;1;0;2]},{'A',[-15;17;9;-31],2,[1;1;1;1],0,0,[-2;2;1;-4],1,3},{'M',[-60;68;9;-31],3,[-15;17;9;-31],2,[2;2;0;0]},{'M',[1;1;128;128],1,[1;1;1;1],0,[0;0;7;7]},{'A',[-59;69;137;97],4,[-60;68;9;-31],3,0,[1;1;128;128],1,0},{'M',[-60;1;36;1],3,[1;1;1;1],0,[NaN;0;NaN;0],[-15;17;9;-31],2,[2;NaN;2;NaN]},{'A',[1;70;173;96],5,[-59;69;137;97],4,0,[60;1;36;-1],3,0},{'M',[2;140;9;-31],6,[-15;17;9;-31],2,[NaN;NaN;0;0],[1;70;173;96],5,[1;1;NaN;NaN]},{'A',[63;211;155;35],7,[2;140;9;-31],6,1,[59;-69;137;97],4,0},{'M',[63;140;8;192],8,[1;1;1;1],0,[NaN;NaN;3;NaN],[1;70;173;96],5,[NaN;1;NaN;1],[63;211;155;35],7,[0;NaN;NaN;NaN]},{'M',[-60;17;9;-31],3,[-15;17;9;-31],2,[2;0;0;0]},{'A',[183;174;26;254],9,[63;140;8;192],8,0,[60;17;9;31],3,1},{'M',[1;138;173;192],6,[-59;69;137;97],4,[NaN;1;NaN;NaN],[1;70;173;96],5,[0;NaN;0;1]},{'O',[1;138;173;192],6,[1;138;173;192],6,0},{'O',[63;211;155;35],7,[63;211;155;35],7,0},{'O',[183;174;26;254],9,[183;174;26;254],9,0}}
Adder graph: {{'M',[4;4;1;1],1,[1;1;1;1],0,[2;2;0;0]},{'A',[30;34;6;10],2,[4;4;1;1],1,3,[-1;1;-1;1],0,1},{'M',[30;34;6;64],3,[1;1;1;1],0,[NaN;NaN;NaN;6],[30;34;6;10],2,[0;0;0;NaN]},{'A',[59;69;13;127],4,[30;34;6;64],3,1,[-1;1;1;-1],0,0},{'M',[1;1;32;1],1,[1;1;1;1],0,[0;0;5;0]},{'M',[59;69;13;16],5,[1;1;1;1],0,[NaN;NaN;NaN;4],[59;69;13;127],4,[0;0;0;NaN]},{'A',[61;71;77;18],6,[1;1;32;1],1,1,[59;69;13;16],5,0},{'M',[61;32;77;32],7,[1;1;1;1],0,[NaN;5;NaN;5],[61;71;77;18],6,[0;NaN;0;NaN]},{'M',[61;71;48;80],7,[30;34;6;10],2,[NaN;NaN;3;3],[61;71;77;18],6,[0;0;NaN;NaN]},{'A',[183;174;173;192],8,[61;32;77;32],7,0,[61;71;48;80],7,1},{'M',[59;69;1;1],5,[1;1;1;1],0,[NaN;NaN;0;0],[59;69;13;127],4,[0;0;NaN;NaN]},{'A',[63;211;155;35],7,[61;71;77;18],6,1,[-59;69;1;-1],5,0},{'M',[1;138;173;192],9,[1;1;1;1],0,[0;NaN;NaN;NaN],[59;69;13;127],4,[NaN;1;NaN;NaN],[183;174;173;192],8,[NaN;NaN;0;0]},{'O',[1;138;173;192],9,[1;138;173;192],9,0},{'O',[63;211;155;35],7,[63;211;155;35],7,0},{'M',[183;174;26;254],9,[59;69;13;127],4,[NaN;NaN;1;1],[183;174;173;192],8,[0;0;NaN;NaN]},{'O',[183;174;26;254],9,[183;174;26;254],9,0}}
Adder graph: {{'M',[1;1;1;4],1,[1;1;1;1],0,[0;0;0;2]},{'A',[9;9;9;-31],2,[1;1;1;1],0,0,[1;1;1;-4],1,3},{'M',[32;9;9;-31],3,[1;1;1;1],0,[5;NaN;NaN;NaN],[9;9;9;-31],2,[NaN;0;0;0]},{'A',[96;55;73;95],4,[1;1;1;1],0,6,[32;-9;9;31],3,0},{'M',[18;55;1;1],5,[1;1;1;1],0,[NaN;NaN;0;0],[9;9;9;-31],2,[1;NaN;NaN;NaN],[96;55;73;95],4,[NaN;0;NaN;NaN]},{'A',[63;211;13;35],6,[18;55;1;1],5,2,[-9;-9;9;31],2,0},{'M',[9;64;9;64],3,[1;1;1;1],0,[NaN;6;NaN;6],[9;9;9;-31],2,[0;NaN;0;NaN]},{'A',[183;174;155;254],5,[96;55;73;95],4,1,[-9;64;9;64],3,0},{'M',[9;18;9;-31],3,[9;9;9;-31],2,[0;1;0;0]},{'A',[165;138;173;192],6,[183;174;155;254],5,0,[-9;-18;9;-31],3,1},{'M',[1;138;173;192],7,[1;1;1;1],0,[0;NaN;NaN;NaN],[165;138;173;192],6,[NaN;0;0;0]},{'O',[1;138;173;192],7,[1;138;173;192],7,0},{'M',[63;211;155;35],7,[63;211;13;35],6,[0;0;NaN;0],[183;174;155;254],5,[NaN;NaN;0;NaN]},{'O',[63;211;155;35],7,[63;211;155;35],7,0},{'M',[183;174;26;254],7,[63;211;13;35],6,[NaN;NaN;1;NaN],[183;174;155;254],5,[0;0;NaN;0]},{'O',[183;174;26;254],7,[183;174;26;254],7,0}}
Finished solving after 4928.33 seconds
Adder graph: {{'M',[1;1;1;4],1,[1;1;1;1],0,[0;0;0;2]},{'A',[9;9;9;-31],2,[1;1;1;1],0,0,[1;1;1;-4],1,3},{'M',[32;9;9;-31],3,[1;1;1;1],0,[5;NaN;NaN;NaN],[9;9;9;-31],2,[NaN;0;0;0]},{'A',[96;55;73;95],4,[1;1;1;1],0,6,[32;-9;9;31],3,0},{'M',[18;55;1;1],5,[1;1;1;1],0,[NaN;NaN;0;0],[9;9;9;-31],2,[1;NaN;NaN;NaN],[96;55;73;95],4,[NaN;0;NaN;NaN]},{'A',[63;211;13;35],6,[18;55;1;1],5,2,[-9;-9;9;31],2,0},{'M',[9;64;9;64],3,[1;1;1;1],0,[NaN;6;NaN;6],[9;9;9;-31],2,[0;NaN;0;NaN]},{'A',[183;174;155;254],5,[96;55;73;95],4,1,[-9;64;9;64],3,0},{'M',[9;18;9;-31],3,[9;9;9;-31],2,[0;1;0;0]},{'A',[165;138;173;192],6,[183;174;155;254],5,0,[-9;-18;9;-31],3,1},{'M',[1;138;173;192],7,[1;1;1;1],0,[0;NaN;NaN;NaN],[165;138;173;192],6,[NaN;0;0;0]},{'O',[1;138;173;192],7,[1;138;173;192],7,0},{'M',[63;211;155;35],7,[63;211;13;35],6,[0;0;NaN;0],[183;174;155;254],5,[NaN;NaN;0;NaN]},{'O',[63;211;155;35],7,[63;211;155;35],7,0},{'M',[183;174;26;254],7,[63;211;13;35],6,[NaN;NaN;1;NaN],[183;174;155;254],5,[0;0;NaN;0]},{'O',[183;174;26;254],7,[183;174;26;254],7,0}}
# Add optimal = 1
# Mux optimal = 1
# FAs optimal = 0
