Adder graph: {{'M',[2;2;128;1],1,[1;1;1;1],0,[1;1;7;0]},{'M',[64;32;1;64],1,[1;1;1;1],0,[6;5;0;6]},{'A',[68;36;257;-62],2,[2;2;128;1],1,1,[64;32;1;-64],1,0},{'M',[68;8;64;8],3,[1;1;1;1],0,[NaN;3;6;3],[68;36;257;-62],2,[0;NaN;NaN;NaN]},{'M',[4;36;4;1],3,[1;1;1;1],0,[2;NaN;2;0],[68;36;257;-62],2,[NaN;0;NaN;NaN]},{'A',[72;44;60;7],4,[68;8;64;8],3,0,[4;36;-4;-1],3,0},{'M',[8;44;60;14],5,[1;1;1;1],0,[3;NaN;NaN;NaN],[72;44;60;7],4,[NaN;0;0;1]},{'M',[68;1;2;-124],3,[1;1;1;1],0,[NaN;0;1;NaN],[68;36;257;-62],2,[0;NaN;NaN;1]},{'A',[76;43;58;138],6,[8;44;60;14],5,0,[68;-1;-2;124],3,0},{'M',[72;1;1;138],7,[1;1;1;1],0,[NaN;0;0;NaN],[72;44;60;7],4,[0;NaN;NaN;NaN],[76;43;58;138],6,[NaN;NaN;NaN;0]},{'M',[2;88;60;28],5,[1;1;1;1],0,[1;NaN;NaN;NaN],[72;44;60;7],4,[NaN;1;0;2]},{'A',[74;89;61;110],8,[72;1;1;138],7,0,[2;88;60;-28],5,0},{'M',[32;72;257;7],5,[1;1;1;1],0,[5;NaN;NaN;NaN],[68;36;257;-62],2,[NaN;1;0;NaN],[72;44;60;7],4,[NaN;NaN;NaN;0]},{'M',[72;43;58;220],9,[72;44;60;7],4,[0;NaN;NaN;NaN],[76;43;58;138],6,[NaN;0;0;NaN],[74;89;61;110],8,[NaN;NaN;NaN;1]},{'A',[104;115;199;227],10,[32;72;257;7],5,0,[72;43;-58;220],9,0},{'M',[74;178;58;138],9,[76;43;58;138],6,[NaN;NaN;0;0],[74;89;61;110],8,[0;1;NaN;NaN]},{'O',[74;178;58;138],9,[74;178;58;138],9,0},{'M',[76;43;199;227],11,[76;43;58;138],6,[0;0;NaN;NaN],[104;115;199;227],10,[NaN;NaN;0;0]},{'O',[76;43;199;227],11,[76;43;199;227],11,0},{'M',[104;115;61;110],11,[74;89;61;110],8,[NaN;NaN;0;0],[104;115;199;227],10,[0;0;NaN;NaN]},{'O',[104;115;61;110],11,[104;115;61;110],11,0}}
Adder graph: {{'M',[1;1;1;64],1,[1;1;1;1],0,[0;0;0;6]},{'M',[8;8;16;1],1,[1;1;1;1],0,[3;3;4;0]},{'A',[17;17;33;62],2,[1;1;1;64],1,0,[8;8;16;-1],1,1},{'M',[2;17;33;8],3,[1;1;1;1],0,[1;NaN;NaN;3],[17;17;33;62],2,[NaN;0;0;NaN]},{'M',[1;8;4;1],1,[1;1;1;1],0,[0;3;2;0]},{'A',[1;9;29;7],4,[2;17;33;8],3,0,[-1;-8;-4;-1],1,0},{'M',[4;9;32;62],5,[1;1;1;1],0,[2;NaN;5;NaN],[17;17;33;62],2,[NaN;NaN;NaN;0],[1;9;29;7],4,[NaN;0;NaN;NaN]},{'M',[34;34;29;7],5,[17;17;33;62],2,[1;1;NaN;NaN],[1;9;29;7],4,[NaN;NaN;0;0]},{'A',[38;43;61;55],6,[4;9;32;62],5,0,[34;34;29;-7],5,0},{'M',[38;43;16;220],7,[1;1;1;1],0,[NaN;NaN;4;NaN],[38;43;61;55],6,[0;0;NaN;2]},{'M',[1;72;29;7],5,[1;9;29;7],4,[0;3;0;0]},{'A',[37;115;-13;227],8,[38;43;16;220],7,0,[-1;72;-29;7],5,0},{'M',[256;72;232;7],5,[1;1;1;1],0,[8;NaN;NaN;NaN],[1;9;29;7],4,[NaN;3;3;0]},{'M',[152;17;33;62],7,[17;17;33;62],2,[NaN;0;0;0],[38;43;61;55],6,[2;NaN;NaN;NaN]},{'A',[104;89;199;69],8,[256;72;232;7],5,0,[-152;17;-33;62],7,0},{'M',[37;89;29;69],9,[1;9;29;7],4,[NaN;NaN;0;NaN],[37;115;-13;227],8,[0;NaN;NaN;NaN],[104;89;199;69],8,[NaN;0;NaN;0]},{'O',[74;178;58;138],9,[37;89;29;69],9,1},{'M',[76;43;199;227],9,[38;43;61;55],6,[1;0;NaN;NaN],[37;115;-13;227],8,[NaN;NaN;NaN;0],[104;89;199;69],8,[NaN;NaN;0;NaN]},{'O',[76;43;199;227],9,[76;43;199;227],9,0},{'M',[104;115;61;110],9,[38;43;61;55],6,[NaN;NaN;0;1],[37;115;-13;227],8,[NaN;0;NaN;NaN],[104;89;199;69],8,[0;NaN;NaN;NaN]},{'O',[104;115;61;110],9,[104;115;61;110],9,0}}
Adder graph: {{'M',[1;8;8;1],1,[1;1;1;1],0,[0;3;3;0]},{'M',[1;1;1;16],1,[1;1;1;1],0,[0;0;0;4]},{'A',[1;15;15;-14],2,[1;8;8;1],1,1,[-1;-1;-1;-16],1,0},{'M',[2;1;30;-28],3,[1;1;1;1],0,[NaN;0;NaN;NaN],[1;15;15;-14],2,[1;NaN;1;1]},{'M',[1;15;2;1],3,[1;1;1;1],0,[0;NaN;1;0],[1;15;15;-14],2,[NaN;0;NaN;NaN]},{'A',[5;-13;58;-57],4,[2;1;30;-28],3,1,[1;-15;-2;-1],3,0},{'M',[5;-13;60;-57],5,[1;15;15;-14],2,[NaN;NaN;2;NaN],[5;-13;58;-57],4,[0;0;NaN;0]},{'M',[8;128;1;-112],3,[1;1;1;1],0,[NaN;7;0;NaN],[1;15;15;-14],2,[3;NaN;NaN;3]},{'A',[13;115;61;55],6,[5;-13;60;-57],5,0,[8;128;1;112],3,0},{'M',[1;-13;1;55],7,[1;1;1;1],0,[0;NaN;0;NaN],[5;-13;58;-57],4,[NaN;0;NaN;NaN],[13;115;61;55],6,[NaN;NaN;NaN;0]},{'M',[20;30;32;-14],5,[1;1;1;1],0,[NaN;NaN;5;NaN],[1;15;15;-14],2,[NaN;1;NaN;0],[5;-13;58;-57],4,[2;NaN;NaN;NaN]},{'A',[-19;-43;33;69],8,[1;-13;1;55],7,0,[-20;-30;32;14],5,0},{'M',[5;230;33;1],9,[1;1;1;1],0,[NaN;NaN;NaN;0],[5;-13;58;-57],4,[0;NaN;NaN;NaN],[13;115;61;55],6,[NaN;1;NaN;NaN],[-19;-43;33;69],8,[NaN;NaN;0;NaN]},{'M',[8;-13;58;-57],5,[1;1;1;1],0,[3;NaN;NaN;NaN],[5;-13;58;-57],4,[NaN;0;0;0]},{'A',[37;178;-199;-227],10,[5;230;33;1],9,0,[8;-13;-58;-57],5,2},{'M',[74;178;58;138],11,[5;-13;58;-57],4,[NaN;NaN;0;NaN],[-19;-43;33;69],8,[NaN;NaN;NaN;1],[37;178;-199;-227],10,[1;0;NaN;NaN]},{'O',[74;178;58;138],11,[74;178;58;138],11,0},{'M',[-76;-43;-199;-227],11,[-19;-43;33;69],8,[2;0;NaN;NaN],[37;178;-199;-227],10,[NaN;NaN;0;0]},{'O',[76;43;199;227],11,[76;43;199;227],11,0},{'M',[104;115;61;110],7,[13;115;61;55],6,[3;0;0;1]},{'O',[104;115;61;110],7,[104;115;61;110],7,0}}
Adder graph: {{'A',[9;9;7;7],1,[1;1;1;1],0,3,[1;1;-1;-1],0,0},{'M',[128;9;7;128],2,[1;1;1;1],0,[7;NaN;NaN;7],[9;9;7;7],1,[NaN;0;0;NaN]},{'M',[2;9;112;2],2,[1;1;1;1],0,[1;NaN;NaN;1],[9;9;7;7],1,[NaN;0;4;NaN]},{'A',[136;45;455;136],3,[128;9;7;128],2,0,[2;9;112;2],2,2},{'M',[72;90;455;56],4,[9;9;7;7],1,[3;NaN;NaN;3],[136;45;455;136],3,[NaN;1;0;NaN]},{'M',[4;1;256;1],1,[1;1;1;1],0,[2;0;8;0]},{'A',[76;89;199;55],5,[72;90;455;56],4,0,[4;-1;-256;-1],1,0},{'M',[36;45;28;14],4,[9;9;7;7],1,[2;NaN;2;1],[136;45;455;136],3,[NaN;0;NaN;NaN]},{'M',[1;2;1;55],6,[1;1;1;1],0,[0;1;0;NaN],[76;89;199;55],5,[NaN;NaN;NaN;0]},{'A',[37;43;29;69],7,[36;45;28;14],4,0,[1;-2;1;55],6,0},{'M',[72;72;29;7],8,[9;9;7;7],1,[3;3;NaN;0],[37;43;29;69],7,[NaN;NaN;0;NaN]},{'M',[32;43;32;220],8,[1;1;1;1],0,[5;NaN;5;NaN],[76;89;199;55],5,[NaN;NaN;NaN;2],[37;43;29;69],7,[NaN;0;NaN;NaN]},{'A',[104;115;61;227],9,[72;72;29;7],8,0,[32;43;32;220],8,0},{'M',[37;89;29;69],8,[76;89;199;55],5,[NaN;0;NaN;NaN],[37;43;29;69],7,[0;NaN;0;0]},{'O',[74;178;58;138],8,[37;89;29;69],8,1},{'M',[76;43;199;227],10,[76;89;199;55],5,[0;NaN;0;NaN],[37;43;29;69],7,[NaN;0;NaN;NaN],[104;115;61;227],9,[NaN;NaN;NaN;0]},{'O',[76;43;199;227],10,[76;43;199;227],10,0},{'M',[104;115;61;110],10,[76;89;199;55],5,[NaN;NaN;NaN;1],[104;115;61;227],9,[0;0;0;NaN]},{'O',[104;115;61;110],10,[104;115;61;110],10,0}}
Adder graph: {{'M',[2;4;1;32],1,[1;1;1;1],0,[1;2;0;5]},{'A',[-3;-7;3;65],2,[1;1;1;1],0,0,[-2;-4;1;32],1,1},{'M',[4;8;8;1],1,[1;1;1;1],0,[2;3;3;0]},{'M',[-3;-7;6;130],3,[-3;-7;3;65],2,[0;0;1;1]},{'A',[29;57;58;138],4,[4;8;8;1],1,3,[-3;-7;-6;130],3,0},{'M',[29;57;58;65],5,[-3;-7;3;65],2,[NaN;NaN;NaN;0],[29;57;58;138],4,[0;0;0;NaN]},{'M',[1;4;1;1],1,[1;1;1;1],0,[0;2;0;0]},{'A',[74;178;100;114],6,[29;57;58;65],5,1,[1;4;-1;-1],1,4},{'M',[1;-7;100;114],7,[1;1;1;1],0,[0;NaN;NaN;NaN],[-3;-7;3;65],2,[NaN;0;NaN;NaN],[74;178;100;114],6,[NaN;NaN;0;0]},{'M',[74;57;1;1],7,[1;1;1;1],0,[NaN;NaN;0;0],[29;57;58;138],4,[NaN;0;NaN;NaN],[74;178;100;114],6,[0;NaN;NaN;NaN]},{'A',[76;43;199;227],8,[1;-7;100;114],7,1,[74;57;-1;-1],7,0},{'M',[29;172;58;114],9,[29;57;58;138],4,[0;NaN;0;NaN],[74;178;100;114],6,[NaN;NaN;NaN;0],[76;43;199;227],8,[NaN;2;NaN;NaN]},{'M',[-3;57;3;4],5,[1;1;1;1],0,[NaN;NaN;NaN;2],[-3;-7;3;65],2,[0;NaN;0;NaN],[29;57;58;138],4,[NaN;0;NaN;NaN]},{'A',[26;115;61;110],10,[29;172;58;114],9,0,[-3;-57;3;-4],5,0},{'M',[74;178;58;138],7,[29;57;58;138],4,[NaN;NaN;0;0],[74;178;100;114],6,[0;0;NaN;NaN]},{'O',[74;178;58;138],7,[74;178;58;138],7,0},{'O',[76;43;199;227],8,[76;43;199;227],8,0},{'M',[104;115;61;110],11,[26;115;61;110],10,[2;0;0;0]},{'O',[104;115;61;110],11,[104;115;61;110],11,0}}
Adder graph: {{'M',[1;1;16;2],1,[1;1;1;1],0,[0;0;4;1]},{'M',[4;1;4;4],1,[1;1;1;1],0,[2;0;2;2]},{'A',[12;15;260;28],2,[1;1;16;2],1,4,[-4;-1;4;-4],1,0},{'M',[12;15;1;1],3,[1;1;1;1],0,[NaN;NaN;0;0],[12;15;260;28],2,[0;0;NaN;NaN]},{'M',[32;1;32;224],3,[1;1;1;1],0,[5;0;5;NaN],[12;15;260;28],2,[NaN;NaN;NaN;3]},{'A',[76;13;-63;-447],4,[12;15;1;1],3,0,[32;-1;-32;-224],3,1},{'M',[76;13;-63;2],5,[1;1;1;1],0,[NaN;NaN;NaN;1],[76;13;-63;-447],4,[0;0;0;NaN]},{'M',[1;64;1;56],3,[1;1;1;1],0,[0;6;0;NaN],[12;15;260;28],2,[NaN;NaN;NaN;1]},{'A',[78;-115;-61;-110],6,[76;13;-63;2],5,0,[1;-64;1;-56],3,1},{'M',[152;26;32;28],5,[1;1;1;1],0,[NaN;NaN;5;NaN],[12;15;260;28],2,[NaN;NaN;NaN;0],[76;13;-63;-447],4,[1;1;NaN;NaN]},{'A',[-74;-89;-29;-138],7,[78;-115;-61;-110],6,0,[-152;26;32;-28],5,0},{'M',[24;30;260;-220],7,[12;15;260;28],2,[1;1;0;NaN],[78;-115;-61;-110],6,[NaN;NaN;NaN;1]},{'M',[76;13;-61;-447],7,[76;13;-63;-447],4,[0;0;NaN;0],[78;-115;-61;-110],6,[NaN;NaN;0;NaN]},{'A',[-52;43;199;227],8,[24;30;260;-220],7,0,[-76;13;-61;447],7,0},{'M',[-74;-178;-58;-138],8,[-74;-89;-29;-138],7,[0;1;1;0]},{'O',[74;178;58;138],8,[74;178;58;138],8,0},{'M',[76;43;199;227],9,[76;13;-63;-447],4,[0;NaN;NaN;NaN],[-52;43;199;227],8,[NaN;0;0;0]},{'O',[76;43;199;227],9,[76;43;199;227],9,0},{'M',[-104;-115;-61;-110],9,[78;-115;-61;-110],6,[NaN;0;0;0],[-52;43;199;227],8,[1;NaN;NaN;NaN]},{'O',[104;115;61;110],9,[104;115;61;110],9,0}}
Adder graph: {{'M',[1;1;1;4],1,[1;1;1;1],0,[0;0;0;2]},{'A',[17;-15;-15;65],2,[1;1;1;1],0,0,[1;-1;-1;4],1,4},{'M',[17;-15;-15;2],3,[1;1;1;1],0,[NaN;NaN;NaN;1],[17;-15;-15;65],2,[0;0;0;NaN]},{'M',[8;2;32;65],3,[1;1;1;1],0,[3;1;5;NaN],[17;-15;-15;65],2,[NaN;NaN;NaN;0]},{'A',[76;-58;-92;73],4,[17;-15;-15;2],3,2,[8;2;-32;65],3,0},{'M',[1;-60;1;2],3,[1;1;1;1],0,[0;NaN;0;1],[17;-15;-15;65],2,[NaN;2;NaN;NaN]},{'M',[76;-58;-60;73],5,[17;-15;-15;65],2,[NaN;NaN;2;NaN],[76;-58;-92;73],4,[0;0;NaN;0]},{'A',[-74;-178;-58;-69],6,[1;-60;1;2],3,1,[-76;-58;-60;-73],5,0},{'M',[76;-58;-15;65],5,[17;-15;-15;65],2,[NaN;NaN;0;0],[76;-58;-92;73],4,[0;0;NaN;NaN]},{'M',[152;-15;-184;292],5,[17;-15;-15;65],2,[NaN;0;NaN;NaN],[76;-58;-92;73],4,[1;NaN;1;2]},{'A',[-76;-43;-199;-227],6,[76;-58;-15;65],5,0,[-152;15;-184;-292],5,0},{'M',[76;-58;-30;73],5,[17;-15;-15;65],2,[NaN;NaN;1;NaN],[76;-58;-92;73],4,[0;0;NaN;0]},{'M',[256;1;1;256],1,[1;1;1;1],0,[8;0;0;8]},{'A',[-104;-115;-61;-110],6,[76;-58;-30;73],5,1,[-256;1;-1;-256],1,0},{'M',[-74;-178;-58;-138],7,[-74;-178;-58;-69],6,[0;0;0;1]},{'O',[74;178;58;138],7,[74;178;58;138],7,0},{'O',[76;43;199;227],6,[76;43;199;227],6,0},{'O',[104;115;61;110],6,[104;115;61;110],6,0}}
Adder graph: {{'M',[16;1;16;32],1,[1;1;1;1],0,[4;0;4;5]},{'A',[33;3;33;65],2,[1;1;1;1],0,0,[16;1;16;32],1,1},{'M',[16;1;4;16],1,[1;1;1;1],0,[4;0;2;4]},{'M',[33;24;33;130],3,[33;3;33;65],2,[0;3;0;1]},{'A',[-17;-23;-29;146],4,[16;1;4;16],1,0,[-33;-24;-33;130],3,0},{'M',[-68;3;33;65],5,[33;3;33;65],2,[NaN;0;0;0],[-17;-23;-29;146],4,[2;NaN;NaN;NaN]},{'M',[4;-23;-116;146],5,[1;1;1;1],0,[2;NaN;NaN;NaN],[-17;-23;-29;146],4,[NaN;0;2;0]},{'A',[-76;-43;-199;-227],6,[-68;3;33;65],5,0,[-4;-23;-116;-146],5,1},{'M',[2;-43;2;2],7,[1;1;1;1],0,[1;NaN;1;1],[-76;-43;-199;-227],6,[NaN;0;NaN;NaN]},{'A',[37;89;29;69],8,[33;3;33;65],2,0,[2;43;-2;2],7,1},{'M',[-136;-23;-29;146],5,[-17;-23;-29;146],4,[3;0;0;0]},{'M',[8;-23;8;64],5,[1;1;1;1],0,[3;NaN;3;6],[-17;-23;-29;146],4,[NaN;0;NaN;NaN]},{'A',[-104;-115;-61;-110],6,[-136;-23;-29;146],5,0,[8;-23;-8;-64],5,2},{'O',[74;178;58;138],8,[37;89;29;69],8,1},{'O',[76;43;199;227],6,[76;43;199;227],6,0},{'O',[104;115;61;110],6,[104;115;61;110],6,0}}
Adder graph: {{'M',[1;1;1;4],1,[1;1;1;1],0,[0;0;0;2]},{'A',[15;17;15;65],2,[1;1;1;4],1,4,[-1;1;-1;1],0,0},{'M',[2;2;2;1],1,[1;1;1;1],0,[1;1;1;0]},{'A',[7;9;23;69],3,[15;17;15;65],2,0,[-2;-2;2;1],1,2},{'M',[7;9;1;16],4,[1;1;1;1],0,[NaN;NaN;0;4],[7;9;23;69],3,[0;0;NaN;NaN]},{'A',[37;43;29;146],5,[15;17;15;65],2,1,[7;9;-1;16],4,0},{'M',[37;36;92;146],6,[7;9;23;69],3,[NaN;2;2;NaN],[37;43;29;146],5,[0;NaN;NaN;0]},{'M',[2;17;15;65],3,[1;1;1;1],0,[1;NaN;NaN;NaN],[15;17;15;65],2,[NaN;0;0;0]},{'A',[76;89;199;227],7,[37;36;92;146],6,1,[2;17;15;-65],3,0},{'M',[32;9;4;32],4,[1;1;1;1],0,[5;NaN;2;5],[7;9;23;69],3,[NaN;0;NaN;NaN]},{'M',[152;43;29;146],8,[37;43;29;146],5,[NaN;0;0;0],[76;89;199;227],7,[1;NaN;NaN;NaN]},{'A',[104;115;61;110],9,[32;9;4;32],4,3,[-152;43;29;-146],8,0},{'M',[37;89;29;69],8,[7;9;23;69],3,[NaN;NaN;NaN;0],[37;43;29;146],5,[0;NaN;0;NaN],[76;89;199;227],7,[NaN;0;NaN;NaN]},{'O',[74;178;58;138],8,[37;89;29;69],8,1},{'M',[76;43;199;227],8,[37;43;29;146],5,[NaN;0;NaN;NaN],[76;89;199;227],7,[0;NaN;0;0]},{'O',[76;43;199;227],8,[76;43;199;227],8,0},{'O',[104;115;61;110],9,[104;115;61;110],9,0}}
Adder graph: {{'A',[-7;9;-7;-7],1,[1;1;1;1],0,0,[-1;1;-1;-1],0,3},{'M',[1;1;1;-14],2,[1;1;1;1],0,[0;0;0;NaN],[-7;9;-7;-7],1,[NaN;NaN;NaN;1]},{'M',[-56;9;1;1],2,[1;1;1;1],0,[NaN;NaN;0;0],[-7;9;-7;-7],1,[3;0;NaN;NaN]},{'A',[-52;13;3;-55],3,[1;1;1;-14],2,2,[-56;9;-1;1],2,0},{'M',[-7;64;32;-7],2,[1;1;1;1],0,[NaN;6;5;NaN],[-7;9;-7;-7],1,[0;NaN;NaN;0]},{'A',[-38;-115;-61;-69],4,[-52;13;3;-55],3,0,[7;-64;-32;-7],2,1},{'M',[1;26;32;1],4,[1;1;1;1],0,[0;NaN;5;0],[-52;13;3;-55],3,[NaN;1;NaN;NaN]},{'A',[-37;-89;-29;70],5,[1;26;32;1],4,0,[-38;-115;-61;69],4,0},{'M',[-52;13;48;-55],4,[-52;13;3;-55],3,[0;0;4;0]},{'A',[-215;-43;-199;-227],5,[-7;9;-7;-7],1,0,[-52;-13;-48;-55],4,2},{'M',[-37;-89;-29;-69],6,[-38;-115;-61;-69],4,[NaN;NaN;NaN;0],[-37;-89;-29;70],5,[0;0;0;NaN]},{'O',[74;178;58;138],6,[37;89;29;69],6,1},{'M',[-76;-43;-199;-227],6,[-38;-115;-61;-69],4,[1;NaN;NaN;NaN],[-215;-43;-199;-227],5,[NaN;0;0;0]},{'O',[76;43;199;227],6,[76;43;199;227],6,0},{'M',[-104;-115;-61;-110],5,[-52;13;3;-55],3,[1;NaN;NaN;1],[-38;-115;-61;-69],4,[NaN;0;0;NaN]},{'O',[104;115;61;110],5,[104;115;61;110],5,0}}
Adder graph: {{'M',[1;2;1;1],1,[1;1;1;1],0,[0;1;0;0]},{'A',[17;14;15;17],2,[1;1;1;1],0,4,[1;-2;-1;1],1,0},{'A',[69;57;61;69],3,[17;14;15;17],2,2,[1;1;1;1],0,0},{'M',[69;57;61;4],4,[1;1;1;1],0,[NaN;NaN;NaN;2],[69;57;61;69],3,[0;0;0;NaN]},{'M',[64;64;64;1],1,[1;1;1;1],0,[6;6;6;0]},{'A',[74;178;58;7],5,[69;57;61;4],4,1,[-64;64;-64;-1],1,0},{'M',[34;1;30;28],6,[1;1;1;1],0,[NaN;0;NaN;NaN],[17;14;15;17],2,[1;NaN;1;NaN],[74;178;58;7],5,[NaN;NaN;NaN;2]},{'A',[104;115;92;110],7,[69;57;61;69],3,1,[-34;1;-30;-28],6,0},{'M',[2;57;184;220],8,[1;1;1;1],0,[1;NaN;NaN;NaN],[69;57;61;69],3,[NaN;0;NaN;NaN],[104;115;92;110],7,[NaN;NaN;1;1]},{'M',[74;14;15;7],6,[17;14;15;17],2,[NaN;0;0;NaN],[74;178;58;7],5,[0;NaN;NaN;0]},{'A',[76;43;199;227],9,[2;57;184;220],8,0,[74;-14;15;7],6,0},{'M',[74;178;58;138],6,[69;57;61;69],3,[NaN;NaN;NaN;1],[74;178;58;7],5,[0;0;0;NaN]},{'O',[74;178;58;138],6,[74;178;58;138],6,0},{'O',[76;43;199;227],9,[76;43;199;227],9,0},{'M',[104;115;61;110],8,[69;57;61;69],3,[NaN;NaN;0;NaN],[104;115;92;110],7,[0;0;NaN;0]},{'O',[104;115;61;110],8,[104;115;61;110],8,0}}
Adder graph: {{'M',[1;2;1;2],1,[1;1;1;1],0,[0;1;0;1]},{'A',[-30;-28;-30;-28],2,[1;2;1;2],1,1,[-1;-1;-1;-1],0,5},{'M',[8;1;1;1],1,[1;1;1;1],0,[3;0;0;0]},{'A',[-52;-57;-61;-55],3,[-30;-28;-30;-28],2,1,[8;-1;-1;1],1,0},{'M',[-30;64;64;-28],3,[1;1;1;1],0,[NaN;6;6;NaN],[-30;-28;-30;-28],2,[0;NaN;NaN;0]},{'A',[-74;-178;-58;-138],4,[-52;-57;-61;-55],3,1,[30;-64;64;-28],3,0},{'M',[-52;-57;-488;-440],4,[-52;-57;-61;-55],3,[0;0;3;3]},{'M',[-148;1;-122;-110],5,[1;1;1;1],0,[NaN;0;NaN;NaN],[-52;-57;-61;-55],3,[NaN;NaN;1;1],[-74;-178;-58;-138],4,[1;NaN;NaN;NaN]},{'A',[-252;-115;-854;-770],6,[-52;-57;-488;-440],4,1,[-148;-1;122;110],5,0},{'M',[-52;-57;-58;-138],5,[-52;-57;-61;-55],3,[0;0;NaN;NaN],[-74;-178;-58;-138],4,[NaN;NaN;0;0]},{'A',[-76;-43;-199;-227],7,[-252;-115;-854;-770],6,-2,[-52;-57;58;-138],5,-2},{'O',[74;178;58;138],4,[74;178;58;138],4,0},{'O',[76;43;199;227],7,[76;43;199;227],7,0},{'M',[-104;-115;-61;-110],7,[-52;-57;-61;-55],3,[1;NaN;0;1],[-252;-115;-854;-770],6,[NaN;0;NaN;NaN]},{'O',[104;115;61;110],7,[104;115;61;110],7,0}}
Adder graph: {{'M',[1;2;1;2],1,[1;1;1;1],0,[0;1;0;1]},{'A',[15;14;15;14],2,[1;1;1;1],0,4,[-1;-2;-1;-2],1,0},{'M',[8;1;1;1],1,[1;1;1;1],0,[3;0;0;0]},{'A',[52;57;61;55],3,[15;14;15;14],2,2,[-8;1;1;-1],1,0},{'M',[15;32;32;14],3,[1;1;1;1],0,[NaN;5;5;NaN],[15;14;15;14],2,[0;NaN;NaN;0]},{'A',[74;178;58;138],4,[52;57;61;55],3,1,[-15;32;-32;14],3,1},{'M',[148;1;976;880],5,[1;1;1;1],0,[NaN;0;NaN;NaN],[52;57;61;55],3,[NaN;NaN;4;4],[74;178;58;138],4,[1;NaN;NaN;NaN]},{'A',[252;115;854;770],6,[148;1;976;880],5,0,[52;57;-61;-55],3,1},{'M',[52;57;58;138],5,[52;57;61;55],3,[0;0;NaN;NaN],[74;178;58;138],4,[NaN;NaN;0;0]},{'A',[76;43;199;227],7,[252;115;854;770],6,-2,[52;57;-58;138],5,-2},{'O',[74;178;58;138],4,[74;178;58;138],4,0},{'O',[76;43;199;227],7,[76;43;199;227],7,0},{'M',[104;115;61;110],7,[52;57;61;55],3,[1;NaN;0;1],[252;115;854;770],6,[NaN;0;NaN;NaN]},{'O',[104;115;61;110],7,[104;115;61;110],7,0}}
Finished solving after 5772.15 seconds
Adder graph: {{'M',[1;2;1;2],1,[1;1;1;1],0,[0;1;0;1]},{'A',[15;14;15;14],2,[1;1;1;1],0,4,[-1;-2;-1;-2],1,0},{'M',[8;1;1;1],1,[1;1;1;1],0,[3;0;0;0]},{'A',[52;57;61;55],3,[15;14;15;14],2,2,[-8;1;1;-1],1,0},{'M',[15;32;32;14],3,[1;1;1;1],0,[NaN;5;5;NaN],[15;14;15;14],2,[0;NaN;NaN;0]},{'A',[74;178;58;138],4,[52;57;61;55],3,1,[-15;32;-32;14],3,1},{'M',[148;1;976;880],5,[1;1;1;1],0,[NaN;0;NaN;NaN],[52;57;61;55],3,[NaN;NaN;4;4],[74;178;58;138],4,[1;NaN;NaN;NaN]},{'A',[252;115;854;770],6,[148;1;976;880],5,0,[52;57;-61;-55],3,1},{'M',[52;57;58;138],5,[52;57;61;55],3,[0;0;NaN;NaN],[74;178;58;138],4,[NaN;NaN;0;0]},{'A',[76;43;199;227],7,[252;115;854;770],6,-2,[52;57;-58;138],5,-2},{'O',[74;178;58;138],4,[74;178;58;138],4,0},{'O',[76;43;199;227],7,[76;43;199;227],7,0},{'M',[104;115;61;110],7,[52;57;61;55],3,[1;NaN;0;1],[252;115;854;770],6,[NaN;0;NaN;NaN]},{'O',[104;115;61;110],7,[104;115;61;110],7,0}}
# Add optimal = 1
# Mux optimal = 1
# FAs optimal = 0
