Adder graph: {{'A',[0,-4,0,0,0,1,0],1,0,[0,0,0,0,0,1,0],0,0,[0,-1,0,0,0,0,0],0,2},{'A',[1,0,1,0,0,0,0],1,0,[1,0,0,0,0,0,0],0,0,[0,0,1,0,0,0,0],0,0},{'A',[-2,-4,-2,0,0,1,0],2,0,[0,-4,0,0,0,1,0],1,0,[-1,0,-1,0,0,0,0],1,1},{'A',[0,0,0,1,0,0,1],1,0,[0,0,0,0,0,0,1],0,0,[0,0,0,1,0,0,0],0,0},{'A',[0,0,1,0,1,0,0],1,0,[0,0,1,0,0,0,0],0,0,[0,0,0,0,1,0,0],0,0},{'A',[0,0,0,2,0,-1,0],1,0,[0,0,0,1,0,0,0],0,1,[0,0,0,0,0,-1,0],0,0},{'A',[0,0,0,3,0,-2,-1],2,0,[0,0,0,2,0,-1,0],1,1,[0,0,0,-1,0,0,-1],1,0},{'A',[0,0,4,-2,4,1,0],2,0,[0,0,1,0,1,0,0],1,2,[0,0,0,-2,0,1,0],1,0},{'A',[2,4,18,-8,16,3,0],3,0,[0,0,4,-2,4,1,0],2,2,[2,4,2,0,0,-1,0],2,0},{'A',[0,0,4,-50,4,33,16],3,0,[0,0,4,-2,4,1,0],2,0,[0,0,0,-3,0,2,1],2,4},{'A',[1,2,7,21,6,-15,-8],4,1,[2,4,18,-8,16,3,0],3,0,[0,0,-4,50,-4,-33,-16],3,0},{'O',[-1,-2,-7,-21,-6,15,8],4,[-1,-2,-7,-21,-6,15,8],4,0}}
Adder graph: {{'A',[0,0,1,0,4,0,0],1,0,[0,0,1,0,0,0,0],0,0,[0,0,0,0,1,0,0],0,2},{'A',[1,2,0,0,0,0,0],1,0,[0,1,0,0,0,0,0],0,1,[1,0,0,0,0,0,0],0,0},{'A',[-2,-4,1,0,4,0,0],2,0,[0,0,1,0,4,0,0],1,0,[-1,-2,0,0,0,0,0],1,1},{'A',[0,0,1,0,0,-2,0],1,0,[0,0,1,0,0,0,0],0,0,[0,0,0,0,0,-1,0],0,1},{'A',[0,0,0,-3,0,0,0],1,0,[0,0,0,1,0,0,0],0,0,[0,0,0,-1,0,0,0],0,2},{'A',[0,0,0,0,-1,0,1],1,0,[0,0,0,0,0,0,1],0,0,[0,0,0,0,-1,0,0],0,0},{'A',[0,0,1,6,0,-2,0],2,0,[0,0,1,0,0,-2,0],1,0,[0,0,0,3,0,0,0],1,1},{'A',[0,0,-1,0,-2,2,2],2,0,[0,0,0,0,-1,0,1],1,1,[0,0,-1,0,0,2,0],1,0},{'A',[0,0,1,3,1,-2,-1],3,1,[0,0,1,6,0,-2,0],2,0,[0,0,1,0,2,-2,-2],2,0},{'A',[-2,-4,2,6,4,-2,0],3,0,[-2,-4,1,0,4,0,0],2,0,[0,0,1,6,0,-2,0],2,0},{'A',[1,2,7,21,6,-15,-8],4,1,[0,0,1,3,1,-2,-1],3,4,[2,4,-2,-6,-4,2,0],3,0},{'O',[-1,-2,-7,-21,-6,15,8],4,[-1,-2,-7,-21,-6,15,8],4,0}}
Adder graph: {{'A',[0,0,0,-1,0,1,0],1,0,[0,0,0,0,0,1,0],0,0,[0,0,0,-1,0,0,0],0,0},{'A',[0,0,0,-15,0,15,0],2,0,[0,0,0,-1,0,1,0],1,4,[0,0,0,1,0,-1,0],1,0},{'A',[0,1,0,0,0,0,-1],1,0,[0,1,0,0,0,0,0],0,0,[0,0,0,0,0,0,-1],0,0},{'A',[0,1,0,-1,0,0,0],1,0,[0,1,0,0,0,0,0],0,0,[0,0,0,-1,0,0,0],0,0},{'A',[1,0,1,0,0,0,0],1,0,[0,0,1,0,0,0,0],0,0,[1,0,0,0,0,0,0],0,0},{'A',[0,0,1,0,1,0,0],1,0,[0,0,0,0,1,0,0],0,0,[0,0,1,0,0,0,0],0,0},{'A',[0,-1,1,1,1,0,0],2,0,[0,0,1,0,1,0,0],1,0,[0,-1,0,1,0,0,0],1,0},{'A',[0,8,-8,-23,-8,15,0],3,0,[0,0,0,-15,0,15,0],2,0,[0,1,-1,-1,-1,0,0],2,3},{'A',[1,8,1,0,0,0,-8],2,0,[0,1,0,0,0,0,-1],1,3,[1,0,1,0,0,0,0],1,0},{'A',[1,10,-1,-2,-2,0,-8],3,0,[1,8,1,0,0,0,-8],2,0,[0,1,-1,-1,-1,0,0],2,1},{'A',[-1,-2,-7,-21,-6,15,8],4,0,[0,8,-8,-23,-8,15,0],3,0,[-1,-10,1,2,2,0,8],3,0},{'O',[-1,-2,-7,-21,-6,15,8],4,[-1,-2,-7,-21,-6,15,8],4,0}}
Adder graph: {{'A',[0,0,0,1,1,0,0],1,0,[0,0,0,1,0,0,0],0,0,[0,0,0,0,1,0,0],0,0},{'A',[0,0,0,0,0,2,0],1,0,[0,0,0,0,0,1,0],0,0,[0,0,0,0,0,1,0],0,0},{'A',[0,0,1,1,0,0,0],1,0,[0,0,1,0,0,0,0],0,0,[0,0,0,1,0,0,0],0,0},{'A',[0,0,2,2,0,-2,0],2,0,[0,0,1,1,0,0,0],1,1,[0,0,0,0,0,-2,0],1,0},{'A',[1,2,0,0,0,0,0],1,0,[0,1,0,0,0,0,0],0,1,[1,0,0,0,0,0,0],0,0},{'A',[0,0,0,-3,-3,0,0],2,0,[0,0,0,1,1,0,0],1,0,[0,0,0,-1,-1,0,0],1,2},{'A',[0,0,1,0,0,0,1],1,0,[0,0,0,0,0,0,1],0,0,[0,0,1,0,0,0,0],0,0},{'A',[0,0,-8,-11,-3,8,0],3,0,[0,0,0,-3,-3,0,0],2,0,[0,0,-2,-2,0,2,0],2,2},{'A',[1,2,-8,0,0,0,-8],2,0,[1,2,0,0,0,0,0],1,0,[0,0,-1,0,0,0,-1],1,3},{'A',[1,2,-9,-1,0,1,-8],3,1,[1,2,-8,0,0,0,-8],2,1,[0,0,-2,-2,0,2,0],2,0},{'A',[-1,-2,-7,-21,-6,15,8],4,0,[0,0,-8,-11,-3,8,0],3,1,[-1,-2,9,1,0,-1,8],3,0},{'O',[-1,-2,-7,-21,-6,15,8],4,[-1,-2,-7,-21,-6,15,8],4,0}}
Adder graph: {{'A',[0,0,0,0,0,1,1],1,0,[0,0,0,0,0,0,1],0,0,[0,0,0,0,0,1,0],0,0},{'A',[1,0,0,-1,0,0,0],1,0,[1,0,0,0,0,0,0],0,0,[0,0,0,-1,0,0,0],0,0},{'A',[0,0,-1,0,0,1,0],1,0,[0,0,0,0,0,1,0],0,0,[0,0,-1,0,0,0,0],0,0},{'A',[0,0,0,4,1,0,0],1,0,[0,0,0,1,0,0,0],0,2,[0,0,0,0,1,0,0],0,0},{'A',[0,0,-1,0,0,3,2],2,0,[0,0,0,0,0,1,1],1,1,[0,0,-1,0,0,1,0],1,0},{'A',[0,0,1,8,2,-1,0],2,0,[0,0,0,4,1,0,0],1,1,[0,0,1,0,0,-1,0],1,0},{'A',[0,1,0,-1,0,0,0],1,0,[0,1,0,0,0,0,0],0,0,[0,0,0,-1,0,0,0],0,0},{'A',[0,0,1,4,1,-2,-1],3,1,[0,0,1,8,2,-1,0],2,0,[0,0,1,0,0,-3,-2],2,0},{'A',[1,2,0,-3,0,0,0],2,0,[1,0,0,-1,0,0,0],1,0,[0,1,0,-1,0,0,0],1,1},{'A',[1,2,-1,-11,-2,1,0],3,0,[1,2,0,-3,0,0,0],2,0,[0,0,-1,-8,-2,1,0],2,0},{'A',[1,2,7,21,6,-15,-8],4,0,[0,0,1,4,1,-2,-1],3,3,[1,2,-1,-11,-2,1,0],3,0},{'O',[-1,-2,-7,-21,-6,15,8],4,[-1,-2,-7,-21,-6,15,8],4,0}}
Adder graph: {{'A',[-1,0,0,1,0,0,0],1,0,[0,0,0,1,0,0,0],0,0,[-1,0,0,0,0,0,0],0,0},{'A',[0,-1,0,0,1,0,0],1,0,[0,0,0,0,1,0,0],0,0,[0,-1,0,0,0,0,0],0,0},{'A',[-1,-2,0,1,2,0,0],2,0,[0,-1,0,0,1,0,0],1,1,[-1,0,0,1,0,0,0],1,0},{'A',[0,0,0,1,0,-1,0],1,0,[0,0,0,1,0,0,0],0,0,[0,0,0,0,0,-1,0],0,0},{'A',[0,0,1,1,0,0,0],1,0,[0,0,0,1,0,0,0],0,0,[0,0,1,0,0,0,0],0,0},{'A',[0,0,0,0,-1,0,1],1,0,[0,0,0,0,0,0,1],0,0,[0,0,0,0,-1,0,0],0,0},{'A',[0,0,1,2,0,-1,0],2,0,[0,0,0,1,0,-1,0],1,0,[0,0,1,1,0,0,0],1,0},{'A',[0,0,7,14,0,-7,0],3,0,[0,0,1,2,0,-1,0],2,3,[0,0,-1,-2,0,1,0],2,0},{'A',[0,0,0,1,1,-1,-1],2,0,[0,0,0,1,0,-1,0],1,0,[0,0,0,0,1,0,-1],1,0},{'A',[-1,-2,0,-7,-6,8,8],3,0,[-1,-2,0,1,2,0,0],2,0,[0,0,0,-1,-1,1,1],2,3},{'A',[-1,-2,-7,-21,-6,15,8],4,0,[-1,-2,0,-7,-6,8,8],3,0,[0,0,-7,-14,0,7,0],3,0},{'O',[-1,-2,-7,-21,-6,15,8],4,[-1,-2,-7,-21,-6,15,8],4,0}}
Finished solving after 138616 seconds
Adder graph: {{'A',[-1,0,0,1,0,0,0],1,0,[0,0,0,1,0,0,0],0,0,[-1,0,0,0,0,0,0],0,0},{'A',[0,-1,0,0,1,0,0],1,0,[0,0,0,0,1,0,0],0,0,[0,-1,0,0,0,0,0],0,0},{'A',[-1,-2,0,1,2,0,0],2,0,[0,-1,0,0,1,0,0],1,1,[-1,0,0,1,0,0,0],1,0},{'A',[0,0,0,1,0,-1,0],1,0,[0,0,0,1,0,0,0],0,0,[0,0,0,0,0,-1,0],0,0},{'A',[0,0,1,1,0,0,0],1,0,[0,0,0,1,0,0,0],0,0,[0,0,1,0,0,0,0],0,0},{'A',[0,0,0,0,-1,0,1],1,0,[0,0,0,0,0,0,1],0,0,[0,0,0,0,-1,0,0],0,0},{'A',[0,0,1,2,0,-1,0],2,0,[0,0,0,1,0,-1,0],1,0,[0,0,1,1,0,0,0],1,0},{'A',[0,0,7,14,0,-7,0],3,0,[0,0,1,2,0,-1,0],2,3,[0,0,-1,-2,0,1,0],2,0},{'A',[0,0,0,1,1,-1,-1],2,0,[0,0,0,1,0,-1,0],1,0,[0,0,0,0,1,0,-1],1,0},{'A',[-1,-2,0,-7,-6,8,8],3,0,[-1,-2,0,1,2,0,0],2,0,[0,0,0,-1,-1,1,1],2,3},{'A',[-1,-2,-7,-21,-6,15,8],4,0,[-1,-2,0,-7,-6,8,8],3,0,[0,0,-7,-14,0,7,0],3,0},{'O',[-1,-2,-7,-21,-6,15,8],4,[-1,-2,-7,-21,-6,15,8],4,0}}
#Add optimal = 0
#FAs optimal = 0
