Adder graph: {{'M',[1;8;1;2],1,[1;1;1;1],0,[0;3;0;1]},{'M',[16;2;8;1],1,[1;1;1;1],0,[4;1;3;0]},{'A',[-15;6;-7;1],2,[1;8;1;2],1,0,[-16;-2;-8;-1],1,0},{'M',[1;4;8;4],1,[1;1;1;1],0,[0;2;3;2]},{'M',[2;1;2;1],1,[1;1;1;1],0,[1;0;1;0]},{'A',[-1;5;10;3],2,[1;4;8;4],1,0,[-2;1;2;-1],1,0},{'M',[8;1;2;8],1,[1;1;1;1],0,[3;0;1;3]},{'M',[32;64;1;1],1,[1;1;1;1],0,[5;6;0;0]},{'A',[-24;65;1;7],2,[8;1;2;8],1,0,[-32;64;-1;-1],1,0},{'M',[-16;160;-14;3],3,[-15;6;-7;1],2,[NaN;NaN;1;NaN],[-1;5;10;3],2,[4;5;NaN;0]},{'M',[-60;5;-224;112],3,[-15;6;-7;1],2,[2;NaN;5;NaN],[-1;5;10;3],2,[NaN;0;NaN;NaN],[-24;65;1;7],2,[NaN;NaN;NaN;4]},{'A',[-76;155;210;-109],4,[-16;160;-14;3],3,0,[-60;-5;224;-112],3,0},{'M',[-16;65;4;3],3,[-1;5;10;3],2,[4;NaN;NaN;0],[-24;65;1;7],2,[NaN;0;2;NaN]},{'M',[-1;160;-224;224],3,[-15;6;-7;1],2,[NaN;NaN;5;NaN],[-1;5;10;3],2,[0;5;NaN;NaN],[-24;65;1;7],2,[NaN;NaN;NaN;5]},{'A',[-15;-95;-220;-221],4,[-16;65;4;3],3,0,[1;-160;-224;-224],3,0},{'M',[-15;65;160;128],3,[-15;6;-7;1],2,[0;NaN;NaN;7],[-1;5;10;3],2,[NaN;NaN;4;NaN],[-24;65;1;7],2,[NaN;0;NaN;NaN]},{'M',[-256;192;1;6],3,[-15;6;-7;1],2,[NaN;5;NaN;NaN],[-1;5;10;3],2,[8;NaN;NaN;1],[-24;65;1;7],2,[NaN;NaN;0;NaN]},{'A',[241;-127;159;122],4,[-15;65;160;128],3,0,[256;-192;-1;-6],3,0},{'M',[-60;5;10;7],3,[-15;6;-7;1],2,[2;NaN;NaN;NaN],[-1;5;10;3],2,[NaN;0;0;NaN],[-24;65;1;7],2,[NaN;NaN;NaN;0]},{'M',[-1;24;160;48],3,[-15;6;-7;1],2,[NaN;2;NaN;NaN],[-1;5;10;3],2,[0;NaN;4;4]},{'A',[-59;-19;-150;-41],4,[-60;5;10;7],3,0,[1;-24;-160;-48],3,0},{'M',[-1;65;1;256],3,[-15;6;-7;1],2,[NaN;NaN;NaN;8],[-1;5;10;3],2,[0;NaN;NaN;NaN],[-24;65;1;7],2,[NaN;0;0;NaN]},{'M',[-48;65;-224;2],3,[-15;6;-7;1],2,[NaN;NaN;5;1],[-24;65;1;7],2,[1;0;NaN;NaN]},{'A',[47;130;-223;254],4,[-1;65;1;256],3,0,[48;65;-224;-2],3,0},{'M',[-120;-76;-220;-221],5,[-15;-95;-220;-221],4,[3;NaN;0;0],[-59;-19;-150;-41],4,[NaN;2;NaN;NaN]},{'O',[120;76;220;221],5,[120;76;220;221],5,0},{'M',[241;155;159;122],5,[-76;155;210;-109],4,[NaN;0;NaN;NaN],[241;-127;159;122],4,[0;NaN;0;0]},{'O',[241;155;159;122],5,[241;155;159;122],5,0},{'M',[-118;-127;-150;-41],5,[241;-127;159;122],4,[NaN;0;NaN;NaN],[-59;-19;-150;-41],4,[1;NaN;0;0]},{'O',[118;127;150;41],5,[118;127;150;41],5,0},{'M',[-152;-95;-223;-218],5,[-76;155;210;-109],4,[1;NaN;NaN;1],[-15;-95;-220;-221],4,[NaN;0;NaN;NaN],[47;130;-223;254],4,[NaN;NaN;0;NaN]},{'O',[152;95;223;218],5,[152;95;223;218],5,0},{'M',[47;130;210;254],5,[-76;155;210;-109],4,[NaN;NaN;0;NaN],[47;130;-223;254],4,[0;0;NaN;0]},{'O',[47;130;210;254],5,[47;130;210;254],5,0}}
Adder graph: {{'M',[16;1;32;1],1,[1;1;1;1],0,[4;0;5;0]},{'M',[1;4;4;4],1,[1;1;1;1],0,[0;2;2;2]},{'A',[15;5;36;-3],2,[16;1;32;1],1,0,[-1;4;4;-4],1,0},{'M',[16;1;16;1],1,[1;1;1;1],0,[4;0;4;0]},{'M',[8;16;1;8],1,[1;1;1;1],0,[3;4;0;3]},{'A',[8;-15;17;-7],2,[16;1;16;1],1,0,[-8;-16;1;-8],1,0},{'M',[2;8;16;1],1,[1;1;1;1],0,[1;3;4;0]},{'M',[4;1;1;2],1,[1;1;1;1],0,[2;0;0;1]},{'A',[-2;7;15;-1],2,[2;8;16;1],1,0,[-4;-1;-1;-2],1,0},{'M',[-32;7;240;-224],3,[8;-15;17;-7],2,[NaN;NaN;NaN;5],[-2;7;15;-1],2,[4;0;4;NaN]},{'M',[60;-60;15;-3],3,[15;5;36;-3],2,[2;NaN;NaN;0],[8;-15;17;-7],2,[NaN;2;NaN;NaN],[-2;7;15;-1],2,[NaN;NaN;0;NaN]},{'A',[-152;127;210;-218],4,[-32;7;240;-224],3,0,[-60;60;-15;3],3,1},{'M',[128;80;144;-1],3,[15;5;36;-3],2,[NaN;4;2;NaN],[8;-15;17;-7],2,[4;NaN;NaN;NaN],[-2;7;15;-1],2,[NaN;NaN;NaN;0]},{'M',[15;5;68;-256],3,[15;5;36;-3],2,[0;0;NaN;NaN],[8;-15;17;-7],2,[NaN;NaN;2;NaN],[-2;7;15;-1],2,[NaN;NaN;NaN;8]},{'A',[241;155;220;254],4,[128;80;144;-1],3,1,[-15;-5;-68;256],3,0},{'M',[120;5;17;-3],3,[15;5;36;-3],2,[3;0;NaN;0],[8;-15;17;-7],2,[NaN;NaN;0;NaN]},{'M',[-2;-60;240;-224],3,[8;-15;17;-7],2,[NaN;2;NaN;5],[-2;7;15;-1],2,[0;NaN;4;NaN]},{'A',[118;65;-223;221],4,[120;5;17;-3],3,0,[-2;60;-240;224],3,0},{'M',[32;-15;30;-3],3,[15;5;36;-3],2,[NaN;NaN;NaN;0],[8;-15;17;-7],2,[2;0;NaN;NaN],[-2;7;15;-1],2,[NaN;NaN;1;NaN]},{'M',[15;80;120;-64],3,[15;5;36;-3],2,[0;4;NaN;NaN],[-2;7;15;-1],2,[NaN;NaN;3;6]},{'A',[47;-95;150;61],4,[32;-15;30;-3],3,0,[15;-80;120;64],3,0},{'M',[120;10;15;-7],3,[15;5;36;-3],2,[3;1;NaN;NaN],[8;-15;17;-7],2,[NaN;NaN;NaN;0],[-2;7;15;-1],2,[NaN;NaN;0;NaN]},{'M',[15;7;36;-12],3,[15;5;36;-3],2,[0;NaN;0;2],[-2;7;15;-1],2,[NaN;0;NaN;NaN]},{'A',[60;38;159;41],4,[120;10;15;-7],3,0,[-15;7;36;12],3,2},{'M',[120;76;220;221],5,[241;155;220;254],4,[NaN;NaN;0;NaN],[118;65;-223;221],4,[NaN;NaN;NaN;0],[60;38;159;41],4,[1;1;NaN;NaN]},{'O',[120;76;220;221],5,[120;76;220;221],5,0},{'M',[241;155;159;122],5,[241;155;220;254],4,[0;0;NaN;NaN],[47;-95;150;61],4,[NaN;NaN;NaN;1],[60;38;159;41],4,[NaN;NaN;0;NaN]},{'O',[241;155;159;122],5,[241;155;159;122],5,0},{'M',[118;127;150;41],5,[-152;127;210;-218],4,[NaN;0;NaN;NaN],[118;65;-223;221],4,[0;NaN;NaN;NaN],[47;-95;150;61],4,[NaN;NaN;0;NaN],[60;38;159;41],4,[NaN;NaN;NaN;0]},{'O',[118;127;150;41],5,[118;127;150;41],5,0},{'M',[-152;-95;-223;-218],5,[-152;127;210;-218],4,[0;NaN;NaN;0],[118;65;-223;221],4,[NaN;NaN;0;NaN],[47;-95;150;61],4,[NaN;0;NaN;NaN]},{'O',[152;95;223;218],5,[152;95;223;218],5,0},{'M',[47;130;210;254],5,[-152;127;210;-218],4,[NaN;NaN;0;NaN],[241;155;220;254],4,[NaN;NaN;NaN;0],[118;65;-223;221],4,[NaN;1;NaN;NaN],[47;-95;150;61],4,[0;NaN;NaN;NaN]},{'O',[47;130;210;254],5,[47;130;210;254],5,0}}
Adder graph: {{'M',[1;1;2;2],1,[1;1;1;1],0,[0;0;1;1]},{'M',[2;64;1;1],1,[1;1;1;1],0,[1;6;0;0]},{'A',[-1;-63;1;1],2,[1;1;2;2],1,0,[-2;-64;-1;-1],1,0},{'M',[16;1;8;8],1,[1;1;1;1],0,[4;0;3;3]},{'M',[1;4;1;1],1,[1;1;1;1],0,[0;2;0;0]},{'A',[15;5;7;7],2,[16;1;8;8],1,0,[-1;4;-1;-1],1,0},{'M',[1;8;4;4],1,[1;1;1;1],0,[0;3;2;2]},{'M',[4;4;1;1],1,[1;1;1;1],0,[2;2;0;0]},{'A',[5;4;5;3],2,[1;8;4;4],1,0,[4;-4;1;-1],1,0},{'M',[5;4;2;48],3,[-1;-63;1;1],2,[NaN;NaN;1;NaN],[5;4;5;3],2,[0;0;NaN;4]},{'M',[20;80;112;7],3,[15;5;7;7],2,[NaN;4;4;0],[5;4;5;3],2,[2;NaN;NaN;NaN]},{'A',[-15;-76;-110;41],4,[5;4;2;48],3,0,[-20;-80;-112;-7],3,0},{'M',[160;5;1;6],3,[-1;-63;1;1],2,[NaN;NaN;0;NaN],[15;5;7;7],2,[NaN;0;NaN;NaN],[5;4;5;3],2,[5;NaN;NaN;1]},{'M',[-1;20;20;16],3,[-1;-63;1;1],2,[0;NaN;NaN;4],[15;5;7;7],2,[NaN;2;NaN;NaN],[5;4;5;3],2,[NaN;NaN;2;NaN]},{'A',[152;-155;-159;-122],4,[160;5;1;6],3,0,[-1;-20;-20;-16],3,3},{'M',[-1;32;112;112],3,[-1;-63;1;1],2,[0;NaN;NaN;NaN],[15;5;7;7],2,[NaN;NaN;4;4],[5;4;5;3],2,[NaN;3;NaN;NaN]},{'M',[120;-63;1;6],3,[-1;-63;1;1],2,[NaN;0;0;NaN],[15;5;7;7],2,[3;NaN;NaN;NaN],[5;4;5;3],2,[NaN;NaN;NaN;1]},{'A',[118;127;223;218],4,[-1;32;112;112],3,1,[120;63;-1;-6],3,0},{'M',[15;32;160;2],3,[-1;-63;1;1],2,[NaN;NaN;NaN;1],[15;5;7;7],2,[0;NaN;NaN;NaN],[5;4;5;3],2,[NaN;3;5;NaN]},{'M',[-256;-63;10;256],3,[-1;-63;1;1],2,[8;0;NaN;8],[5;4;5;3],2,[NaN;NaN;1;NaN]},{'A',[-241;95;150;-254],4,[15;32;160;2],3,0,[-256;63;-10;-256],3,0},{'M',[-32;-126;7;3],3,[-1;-63;1;1],2,[5;1;NaN;NaN],[15;5;7;7],2,[NaN;NaN;0;NaN],[5;4;5;3],2,[NaN;NaN;NaN;0]},{'M',[15;4;112;224],3,[15;5;7;7],2,[0;NaN;4;5],[5;4;5;3],2,[NaN;0;NaN;NaN]},{'A',[-47;-130;-105;-221],4,[-32;-126;7;3],3,0,[-15;-4;-112;-224],3,0},{'M',[-120;-76;-220;-221],5,[-15;-76;-110;41],4,[3;0;1;NaN],[-47;-130;-105;-221],4,[NaN;NaN;NaN;0]},{'O',[120;76;220;221],5,[120;76;220;221],5,0},{'M',[-241;-155;-159;-122],5,[152;-155;-159;-122],4,[NaN;0;0;0],[-241;95;150;-254],4,[0;NaN;NaN;NaN]},{'O',[241;155;159;122],5,[241;155;159;122],5,0},{'M',[118;127;150;41],5,[-15;-76;-110;41],4,[NaN;NaN;NaN;0],[118;127;223;218],4,[0;0;NaN;NaN],[-241;95;150;-254],4,[NaN;NaN;0;NaN]},{'O',[118;127;150;41],5,[118;127;150;41],5,0},{'M',[152;95;223;218],5,[152;-155;-159;-122],4,[0;NaN;NaN;NaN],[118;127;223;218],4,[NaN;NaN;0;0],[-241;95;150;-254],4,[NaN;0;NaN;NaN]},{'O',[152;95;223;218],5,[152;95;223;218],5,0},{'M',[-47;-130;-210;-254],5,[-241;95;150;-254],4,[NaN;NaN;NaN;0],[-47;-130;-105;-221],4,[0;0;1;NaN]},{'O',[47;130;210;254],5,[47;130;210;254],5,0}}
Adder graph: {{'M',[1;1;8;1],1,[1;1;1;1],0,[0;0;3;0]},{'M',[16;2;1;1],1,[1;1;1;1],0,[4;1;0;0]},{'A',[-15;-1;7;2],2,[1;1;8;1],1,0,[-16;-2;-1;1],1,0},{'M',[64;16;1;8],1,[1;1;1;1],0,[6;4;0;3]},{'M',[4;4;4;1],1,[1;1;1;1],0,[2;2;2;0]},{'A',[60;12;5;7],2,[64;16;1;8],1,0,[-4;-4;4;-1],1,0},{'M',[60;-1;14;2],3,[-15;-1;7;2],2,[NaN;0;1;0],[60;12;5;7],2,[0;NaN;NaN;NaN]},{'M',[60;-128;224;256],3,[-15;-1;7;2],2,[NaN;7;5;7],[60;12;5;7],2,[0;NaN;NaN;NaN]},{'A',[120;127;-210;-254],4,[60;-1;14;2],3,0,[60;128;-224;-256],3,0},{'M',[4;4;1;4],1,[1;1;1;1],0,[2;2;0;2]},{'M',[2;1;2;1],1,[1;1;1;1],0,[1;0;1;0]},{'A',[2;5;-1;3],2,[4;4;1;4],1,0,[-2;1;-2;-1],1,0},{'M',[60;-2;80;112],3,[-15;-1;7;2],2,[NaN;1;NaN;NaN],[60;12;5;7],2,[0;NaN;4;4]},{'M',[2;80;-1;3],3,[2;5;-1;3],2,[0;4;0;0]},{'A',[118;76;159;221],4,[60;-2;80;112],3,1,[-2;80;-1;-3],3,0},{'M',[2;-32;20;28],3,[-15;-1;7;2],2,[NaN;5;NaN;NaN],[60;12;5;7],2,[NaN;NaN;2;2],[2;5;-1;3],2,[0;NaN;NaN;NaN]},{'M',[-30;-2;5;3],3,[-15;-1;7;2],2,[1;1;NaN;NaN],[60;12;5;7],2,[NaN;NaN;0;NaN],[2;5;-1;3],2,[NaN;NaN;NaN;0]},{'A',[38;-130;75;109],4,[2;-32;20;28],3,2,[30;-2;-5;-3],3,0},{'M',[8;5;7;2],3,[-15;-1;7;2],2,[NaN;NaN;0;0],[2;5;-1;3],2,[2;0;NaN;NaN]},{'M',[-15;5;-1;3],3,[-15;-1;7;2],2,[0;NaN;NaN;NaN],[2;5;-1;3],2,[NaN;0;0;0]},{'A',[241;155;223;61],4,[8;5;7;2],3,5,[-15;-5;-1;-3],3,0},{'M',[-15;96;-2;48],3,[-15;-1;7;2],2,[0;NaN;NaN;NaN],[60;12;5;7],2,[NaN;3;NaN;NaN],[2;5;-1;3],2,[NaN;NaN;1;4]},{'M',[32;-1;112;7],3,[-15;-1;7;2],2,[NaN;0;4;NaN],[60;12;5;7],2,[NaN;NaN;NaN;0],[2;5;-1;3],2,[4;NaN;NaN;NaN]},{'A',[-47;95;110;41],4,[-15;96;-2;48],3,0,[-32;-1;112;-7],3,0},{'M',[120;76;220;221],5,[120;127;-210;-254],4,[0;NaN;NaN;NaN],[118;76;159;221],4,[NaN;0;NaN;0],[-47;95;110;41],4,[NaN;NaN;1;NaN]},{'O',[120;76;220;221],5,[120;76;220;221],5,0},{'M',[241;155;159;122],5,[118;76;159;221],4,[NaN;NaN;0;NaN],[241;155;223;61],4,[0;0;NaN;1]},{'O',[241;155;159;122],5,[241;155;159;122],5,0},{'M',[118;127;150;41],5,[120;127;-210;-254],4,[NaN;0;NaN;NaN],[118;76;159;221],4,[0;NaN;NaN;NaN],[38;-130;75;109],4,[NaN;NaN;1;NaN],[-47;95;110;41],4,[NaN;NaN;NaN;0]},{'O',[118;127;150;41],5,[118;127;150;41],5,0},{'M',[152;95;223;218],5,[38;-130;75;109],4,[2;NaN;NaN;1],[241;155;223;61],4,[NaN;NaN;0;NaN],[-47;95;110;41],4,[NaN;0;NaN;NaN]},{'O',[152;95;223;218],5,[152;95;223;218],5,0},{'M',[-47;-130;-210;-254],5,[120;127;-210;-254],4,[NaN;NaN;0;0],[38;-130;75;109],4,[NaN;0;NaN;NaN],[-47;95;110;41],4,[0;NaN;NaN;NaN]},{'O',[47;130;210;254],5,[47;130;210;254],5,0}}
Adder graph: {{'M',[16;1;8;1],1,[1;1;1;1],0,[4;0;3;0]},{'M',[1;64;2;1],1,[1;1;1;1],0,[0;6;1;0]},{'A',[15;65;10;2],2,[16;1;8;1],1,0,[-1;64;2;1],1,0},{'R',[1;1;1;1],1,[1;1;1;1],0},{'M',[1;2;1;1],1,[1;1;1;1],0,[0;1;0;0]},{'A',[-1;5;-1;3],2,[1;1;1;1],1,0,[-1;2;-1;1],1,1},{'M',[15;260;160;128],3,[15;65;10;2],2,[0;2;4;6]},{'M',[30;130;10;6],3,[15;65;10;2],2,[1;1;0;NaN],[-1;5;-1;3],2,[NaN;NaN;NaN;1]},{'A',[-15;130;150;122],4,[15;260;160;128],3,0,[-30;-130;-10;-6],3,0},{'M',[15;65;160;256],3,[15;65;10;2],2,[0;0;4;7]},{'M',[-32;160;-1;2],3,[15;65;10;2],2,[NaN;NaN;NaN;0],[-1;5;-1;3],2,[5;5;0;NaN]},{'A',[47;-95;159;254],4,[15;65;160;256],3,0,[32;-160;-1;-2],3,0},{'M',[2048;4;1;1],1,[1;1;1;1],0,[11;2;0;0]},{'M',[2;1;8;8],1,[1;1;1;1],0,[1;0;3;3]},{'A',[2046;3;-7;-7],2,[2048;4;1;1],1,0,[-2;-1;-8;-8],1,0},{'M',[-1;96;-112;-112],3,[-1;5;-1;3],2,[0;NaN;NaN;NaN],[2046;3;-7;-7],2,[NaN;5;4;4]},{'M',[120;65;-1;3],3,[15;65;10;2],2,[3;0;NaN;NaN],[-1;5;-1;3],2,[NaN;NaN;0;0]},{'A',[118;127;-223;-221],4,[-1;96;-112;-112],3,1,[120;-65;1;3],3,0},{'M',[15;10;-7;-7],3,[15;65;10;2],2,[0;NaN;NaN;NaN],[-1;5;-1;3],2,[NaN;1;NaN;NaN],[2046;3;-7;-7],2,[NaN;NaN;0;0]},{'M',[-1;5;-2;3],3,[-1;5;-1;3],2,[0;0;1;0]},{'A',[241;155;-110;-109],4,[15;10;-7;-7],3,4,[1;-5;2;3],3,0},{'M',[-2;10;-7;24],3,[-1;5;-1;3],2,[1;1;NaN;3],[2046;3;-7;-7],2,[NaN;NaN;0;NaN]},{'M',[15;96;-224;-7],3,[15;65;10;2],2,[0;NaN;NaN;NaN],[2046;3;-7;-7],2,[NaN;5;5;0]},{'A',[-19;-76;210;41],4,[-2;10;-7;24],3,1,[-15;-96;224;-7],3,0},{'M',[-120;-76;-220;-221],5,[-15;130;150;122],4,[3;NaN;NaN;NaN],[118;127;-223;-221],4,[NaN;NaN;NaN;0],[241;155;-110;-109],4,[NaN;NaN;1;NaN],[-19;-76;210;41],4,[NaN;0;NaN;NaN]},{'O',[120;76;220;221],5,[120;76;220;221],5,0},{'M',[241;155;159;122],5,[-15;130;150;122],4,[NaN;NaN;NaN;0],[47;-95;159;254],4,[NaN;NaN;0;NaN],[241;155;-110;-109],4,[0;0;NaN;NaN]},{'O',[241;155;159;122],5,[241;155;159;122],5,0},{'M',[118;127;150;41],5,[-15;130;150;122],4,[NaN;NaN;0;NaN],[118;127;-223;-221],4,[0;0;NaN;NaN],[-19;-76;210;41],4,[NaN;NaN;NaN;0]},{'O',[118;127;150;41],5,[118;127;150;41],5,0},{'M',[-152;-95;-223;-218],5,[47;-95;159;254],4,[NaN;0;NaN;NaN],[118;127;-223;-221],4,[NaN;NaN;0;NaN],[241;155;-110;-109],4,[NaN;NaN;NaN;1],[-19;-76;210;41],4,[3;NaN;NaN;NaN]},{'O',[152;95;223;218],5,[152;95;223;218],5,0},{'M',[47;130;210;254],5,[-15;130;150;122],4,[NaN;0;NaN;NaN],[47;-95;159;254],4,[0;NaN;NaN;0],[-19;-76;210;41],4,[NaN;NaN;0;NaN]},{'O',[47;130;210;254],5,[47;130;210;254],5,0}}
Adder graph: {{'M',[256;32;2;1],1,[1;1;1;1],0,[8;5;1;0]},{'M',[16;1;2;1],1,[1;1;1;1],0,[4;0;1;0]},{'A',[2064;255;14;7],2,[256;32;2;1],1,3,[16;-1;-2;-1],1,0},{'M',[1;2;4;1],1,[1;1;1;1],0,[0;1;2;0]},{'M',[16;2;1;1],1,[1;1;1;1],0,[4;1;0;0]},{'A',[-15;4;5;2],2,[1;2;4;1],1,0,[-16;2;1;1],1,0},{'M',[1;2;1;1],1,[1;1;1;1],0,[0;1;0;0]},{'M',[4;1;1;1],1,[1;1;1;1],0,[2;0;0;0]},{'A',[-2;5;1;3],2,[1;2;1;1],1,1,[-4;1;-1;1],1,0},{'M',[-2;20;56;56],3,[2064;255;14;7],2,[NaN;NaN;2;3],[-2;5;1;3],2,[0;2;NaN;NaN]},{'M',[-128;4;4;3],3,[-15;4;5;2],2,[NaN;0;NaN;NaN],[-2;5;1;3],2,[6;NaN;2;0]},{'A',[120;76;220;221],4,[-2;20;56;56],3,2,[128;-4;-4;-3],3,0},{'M',[-15;160;160;128],3,[-15;4;5;2],2,[0;NaN;5;6],[-2;5;1;3],2,[NaN;5;NaN;NaN]},{'M',[-256;5;1;6],3,[-2;5;1;3],2,[7;0;0;1]},{'A',[241;155;159;122],4,[-15;160;160;128],3,0,[256;-5;-1;-6],3,0},{'M',[-32;160;1;6],3,[-2;5;1;3],2,[4;5;0;1]},{'M',[-120;255;224;224],3,[2064;255;14;7],2,[NaN;0;4;5],[-15;4;5;2],2,[3;NaN;NaN;NaN]},{'A',[-152;-95;-223;-218],4,[-32;160;1;6],3,0,[-120;-255;-224;-224],3,0},{'M',[-120;128;10;7],3,[2064;255;14;7],2,[NaN;NaN;NaN;0],[-15;4;5;2],2,[3;5;1;NaN]},{'M',[-2;255;160;48],3,[2064;255;14;7],2,[NaN;0;NaN;NaN],[-15;4;5;2],2,[NaN;NaN;5;NaN],[-2;5;1;3],2,[0;NaN;NaN;4]},{'A',[-118;-127;-150;-41],4,[-120;128;10;7],3,0,[2;-255;-160;-48],3,0},{'M',[-32;510;14;2],3,[2064;255;14;7],2,[NaN;1;0;NaN],[-15;4;5;2],2,[NaN;NaN;NaN;0],[-2;5;1;3],2,[4;NaN;NaN;NaN]},{'M',[-15;640;224;256],3,[2064;255;14;7],2,[NaN;NaN;4;NaN],[-15;4;5;2],2,[0;NaN;NaN;7],[-2;5;1;3],2,[NaN;7;NaN;NaN]},{'A',[-47;-130;-210;-254],4,[-32;510;14;2],3,0,[-15;-640;-224;-256],3,0},{'O',[120;76;220;221],4,[120;76;220;221],4,0},{'O',[241;155;159;122],4,[241;155;159;122],4,0},{'O',[118;127;150;41],4,[118;127;150;41],4,0},{'O',[152;95;223;218],4,[152;95;223;218],4,0},{'O',[47;130;210;254],4,[47;130;210;254],4,0}}
Adder graph: {{'M',[64;16;16;1],1,[1;1;1;1],0,[6;4;4;0]},{'M',[16;2;1;2],1,[1;1;1;1],0,[4;1;0;1]},{'A',[32;12;18;-3],2,[64;16;16;1],1,0,[-16;-2;1;-2],1,1},{'M',[1;1;16;1],1,[1;1;1;1],0,[0;0;4;0]},{'M',[16;2;1;8],1,[1;1;1;1],0,[4;1;0;3]},{'A',[-15;-1;15;-7],2,[1;1;16;1],1,0,[-16;-2;-1;-8],1,0},{'M',[32;-1;240;-3],3,[32;12;18;-3],2,[0;NaN;NaN;0],[-15;-1;15;-7],2,[NaN;0;4;NaN]},{'M',[-15;-128;30;-224],3,[-15;-1;15;-7],2,[0;7;1;5]},{'A',[47;127;210;221],4,[32;-1;240;-3],3,0,[15;128;-30;224],3,0},{'M',[2;16;8;1],1,[1;1;1;1],0,[1;4;3;0]},{'R',[1;1;1;1],1,[1;1;1;1],0},{'A',[5;31;17;1],2,[2;16;8;1],1,1,[1;-1;1;-1],1,0},{'M',[32;62;30;-3],3,[32;12;18;-3],2,[0;NaN;NaN;0],[-15;-1;15;-7],2,[NaN;NaN;1;NaN],[5;31;17;1],2,[NaN;1;NaN;NaN]},{'M',[5;31;15;128],3,[-15;-1;15;-7],2,[NaN;NaN;0;NaN],[5;31;17;1],2,[0;0;NaN;7]},{'A',[59;155;75;122],4,[32;62;30;-3],3,1,[-5;31;15;128],3,0},{'M',[10;24;18;32],3,[32;12;18;-3],2,[NaN;1;0;NaN],[5;31;17;1],2,[1;NaN;NaN;5]},{'M',[10;31;17;1],3,[5;31;17;1],2,[1;0;0;0]},{'A',[60;130;110;254],4,[10;24;18;32],3,3,[-10;-31;-17;-1],3,1},{'M',[-15;-1;15;-3],3,[32;12;18;-3],2,[NaN;NaN;NaN;0],[-15;-1;15;-7],2,[0;0;0;NaN]},{'M',[32;12;18;-14],3,[32;12;18;-3],2,[0;0;0;NaN],[-15;-1;15;-7],2,[NaN;NaN;NaN;1]},{'A',[241;95;159;109],4,[-15;-1;15;-3],3,0,[32;12;18;14],3,3},{'M',[32;12;240;-7],3,[32;12;18;-3],2,[0;0;NaN;NaN],[-15;-1;15;-7],2,[NaN;NaN;4;0]},{'M',[-120;-64;17;-48],3,[32;12;18;-3],2,[NaN;NaN;NaN;4],[-15;-1;15;-7],2,[3;6;NaN;NaN],[5;31;17;1],2,[NaN;NaN;0;NaN]},{'A',[152;76;223;41],4,[32;12;240;-7],3,0,[120;64;-17;48],3,0},{'M',[120;76;220;221],5,[47;127;210;221],4,[NaN;NaN;NaN;0],[60;130;110;254],4,[1;NaN;1;NaN],[152;76;223;41],4,[NaN;0;NaN;NaN]},{'O',[120;76;220;221],5,[120;76;220;221],5,0},{'M',[241;155;159;122],5,[59;155;75;122],4,[NaN;0;NaN;0],[241;95;159;109],4,[0;NaN;0;NaN]},{'O',[241;155;159;122],5,[241;155;159;122],5,0},{'M',[118;127;150;41],5,[47;127;210;221],4,[NaN;0;NaN;NaN],[59;155;75;122],4,[1;NaN;1;NaN],[152;76;223;41],4,[NaN;NaN;NaN;0]},{'O',[118;127;150;41],5,[118;127;150;41],5,0},{'M',[152;95;223;218],5,[241;95;159;109],4,[NaN;0;NaN;1],[152;76;223;41],4,[0;NaN;0;NaN]},{'O',[152;95;223;218],5,[152;95;223;218],5,0},{'M',[47;130;210;254],5,[47;127;210;221],4,[0;NaN;0;NaN],[60;130;110;254],4,[NaN;0;NaN;0]},{'O',[47;130;210;254],5,[47;130;210;254],5,0}}
Adder graph: {{'R',[1;1;1;1],1,[1;1;1;1],0},{'R',[1;1;1;1],2,[1;1;1;1],1},{'M',[1;4;4;4],1,[1;1;1;1],0,[0;2;2;2]},{'M',[16;1;1;1],1,[1;1;1;1],0,[4;0;0;0]},{'A',[-15;5;5;3],2,[1;4;4;4],1,0,[-16;1;1;-1],1,0},{'M',[4;1;8;8],1,[1;1;1;1],0,[2;0;3;3]},{'M',[1;4;1;1],1,[1;1;1;1],0,[0;2;0;0]},{'A',[5;-3;7;7],2,[4;1;8;8],1,0,[1;-4;-1;-1],1,0},{'M',[1;2;7;7],3,[1;1;1;1],2,[0;1;NaN;NaN],[5;-3;7;7],2,[NaN;NaN;0;0]},{'M',[-15;-12;4;3],3,[1;1;1;1],2,[NaN;NaN;2;NaN],[-15;5;5;3],2,[0;NaN;NaN;0],[5;-3;7;7],2,[NaN;2;NaN;NaN]},{'A',[47;76;220;221],4,[1;2;7;7],3,5,[15;12;-4;-3],3,0},{'M',[16;128;1;128],3,[1;1;1;1],2,[4;7;0;7]},{'M',[1;1;224;6],3,[1;1;1;1],2,[0;0;NaN;NaN],[-15;5;5;3],2,[NaN;NaN;NaN;1],[5;-3;7;7],2,[NaN;NaN;5;NaN]},{'A',[15;127;-223;122],4,[16;128;1;128],3,0,[-1;-1;-224;-6],3,0},{'M',[8;10;10;3],3,[1;1;1;1],2,[3;NaN;NaN;NaN],[-15;5;5;3],2,[NaN;1;1;0]},{'M',[10;5;10;7],3,[-15;5;5;3],2,[NaN;0;1;NaN],[5;-3;7;7],2,[1;NaN;NaN;0]},{'A',[118;155;150;41],4,[8;10;10;3],3,4,[-10;-5;-10;-7],3,0},{'M',[-60;1;224;3],3,[1;1;1;1],2,[NaN;0;NaN;NaN],[-15;5;5;3],2,[2;NaN;NaN;0],[5;-3;7;7],2,[NaN;NaN;5;NaN]},{'M',[8;32;7;56],3,[1;1;1;1],2,[3;5;NaN;NaN],[5;-3;7;7],2,[NaN;NaN;0;3]},{'A',[-76;65;210;-109],4,[-60;1;224;3],3,0,[-8;32;-7;-56],3,1},{'M',[-15;-96;160;128],3,[1;1;1;1],2,[NaN;NaN;NaN;7],[-15;5;5;3],2,[0;NaN;5;NaN],[5;-3;7;7],2,[NaN;5;NaN;NaN]},{'M',[256;1;1;1],3,[1;1;1;1],2,[8;0;0;0]},{'A',[241;-95;159;127],4,[-15;-96;160;128],3,0,[256;1;-1;-1],3,0},{'M',[120;76;220;221],5,[47;76;220;221],4,[NaN;0;0;0],[15;127;-223;122],4,[3;NaN;NaN;NaN]},{'O',[120;76;220;221],5,[120;76;220;221],5,0},{'M',[241;155;159;122],5,[15;127;-223;122],4,[NaN;NaN;NaN;0],[118;155;150;41],4,[NaN;0;NaN;NaN],[241;-95;159;127],4,[0;NaN;0;NaN]},{'O',[241;155;159;122],5,[241;155;159;122],5,0},{'M',[118;127;150;41],5,[15;127;-223;122],4,[NaN;0;NaN;NaN],[118;155;150;41],4,[0;NaN;0;0]},{'O',[118;127;150;41],5,[118;127;150;41],5,0},{'M',[-152;-95;-223;-218],5,[15;127;-223;122],4,[NaN;NaN;0;NaN],[-76;65;210;-109],4,[1;NaN;NaN;1],[241;-95;159;127],4,[NaN;0;NaN;NaN]},{'O',[152;95;223;218],5,[152;95;223;218],5,0},{'M',[47;130;210;254],5,[47;76;220;221],4,[0;NaN;NaN;NaN],[-76;65;210;-109],4,[NaN;1;0;NaN],[241;-95;159;127],4,[NaN;NaN;NaN;1]},{'O',[47;130;210;254],5,[47;130;210;254],5,0}}
Adder graph: {{'M',[1;1;2;1],1,[1;1;1;1],0,[0;0;1;0]},{'M',[4;1;2;2],1,[1;1;1;1],0,[2;0;1;1]},{'A',[-15;5;10;-7],2,[1;1;2;1],1,0,[-4;1;2;-2],1,2},{'M',[2;8;1;1],1,[1;1;1;1],0,[1;3;0;0]},{'M',[2;1;1;1],1,[1;1;1;1],0,[1;0;0;0]},{'A',[-2;6;-1;3],2,[2;8;1;1],1,0,[-2;-1;-1;1],1,1},{'M',[2;64;1;1],1,[1;1;1;1],0,[1;6;0;0]},{'M',[4;1;8;1],1,[1;1;1;1],0,[2;0;3;0]},{'A',[-2;65;-7;2],2,[2;64;1;1],1,0,[-4;1;-8;1],1,0},{'M',[-15;192;-224;64],3,[-15;5;10;-7],2,[0;NaN;NaN;NaN],[-2;6;-1;3],2,[NaN;5;NaN;NaN],[-2;65;-7;2],2,[NaN;NaN;5;5]},{'M',[-256;65;-1;3],3,[-2;6;-1;3],2,[7;NaN;0;0],[-2;65;-7;2],2,[NaN;0;NaN;NaN]},{'A',[241;127;-223;61],4,[-15;192;-224;64],3,0,[256;-65;1;-3],3,0},{'M',[-64;65;-224;2],3,[-2;65;-7;2],2,[5;0;5;0]},{'M',[-2;65;-7;128],3,[-2;65;-7;2],2,[0;0;0;6]},{'A',[-60;-65;-210;-254],4,[-64;65;-224;2],3,0,[2;-65;7;-128],3,1},{'M',[-32;65;160;48],3,[-15;5;10;-7],2,[NaN;NaN;4;NaN],[-2;6;-1;3],2,[4;NaN;NaN;4],[-2;65;-7;2],2,[NaN;0;NaN;NaN]},{'M',[-120;160;10;-7],3,[-15;5;10;-7],2,[3;5;0;0]},{'A',[-152;-95;150;41],4,[-32;65;160;48],3,0,[-120;-160;-10;-7],3,0},{'M',[-2;20;-1;3],3,[-15;5;10;-7],2,[NaN;2;NaN;NaN],[-2;6;-1;3],2,[0;NaN;0;0]},{'M',[-15;12;20;-28],3,[-15;5;10;-7],2,[0;NaN;1;2],[-2;6;-1;3],2,[NaN;1;NaN;NaN]},{'A',[118;-76;159;-221],4,[-2;20;-1;3],3,0,[15;-12;20;-28],3,3},{'M',[-2;10;-7;-14],3,[-15;5;10;-7],2,[NaN;1;NaN;1],[-2;65;-7;2],2,[0;NaN;0;NaN]},{'M',[-15;5;-2;6],3,[-15;5;10;-7],2,[0;0;NaN;NaN],[-2;6;-1;3],2,[NaN;NaN;1;1]},{'A',[-47;155;-110;-218],4,[-2;10;-7;-14],3,4,[-15;-5;2;6],3,0},{'M',[-120;-76;-220;-221],5,[-60;-65;-210;-254],4,[1;NaN;NaN;NaN],[118;-76;159;-221],4,[NaN;0;NaN;0],[-47;155;-110;-218],4,[NaN;NaN;1;NaN]},{'O',[120;76;220;221],5,[120;76;220;221],5,0},{'M',[241;155;159;122],5,[241;127;-223;61],4,[0;NaN;NaN;1],[118;-76;159;-221],4,[NaN;NaN;0;NaN],[-47;155;-110;-218],4,[NaN;0;NaN;NaN]},{'O',[241;155;159;122],5,[241;155;159;122],5,0},{'M',[118;127;150;41],5,[241;127;-223;61],4,[NaN;0;NaN;NaN],[-152;-95;150;41],4,[NaN;NaN;0;0],[118;-76;159;-221],4,[0;NaN;NaN;NaN]},{'O',[118;127;150;41],5,[118;127;150;41],5,0},{'M',[-152;-95;-223;-218],5,[241;127;-223;61],4,[NaN;NaN;0;NaN],[-152;-95;150;41],4,[0;0;NaN;NaN],[-47;155;-110;-218],4,[NaN;NaN;NaN;0]},{'O',[152;95;223;218],5,[152;95;223;218],5,0},{'M',[-47;-130;-210;-254],5,[-60;-65;-210;-254],4,[NaN;1;0;0],[-47;155;-110;-218],4,[0;NaN;NaN;NaN]},{'O',[47;130;210;254],5,[47;130;210;254],5,0}}
Adder graph: {{'M',[1;8;16;1],1,[1;1;1;1],0,[0;3;4;0]},{'M',[8;1;1;2],1,[1;1;1;1],0,[3;0;0;1]},{'A',[17;6;14;-3],2,[1;8;16;1],1,0,[8;-1;-1;-2],1,1},{'M',[2;1;2;2],1,[1;1;1;1],0,[1;0;1;1]},{'M',[1;2;1;4],1,[1;1;1;1],0,[0;1;0;2]},{'A',[1;-1;1;-2],2,[2;1;2;2],1,0,[-1;-2;-1;-4],1,0},{'M',[17;12;14;-256],3,[17;6;14;-3],2,[0;1;0;NaN],[1;-1;1;-2],2,[NaN;NaN;NaN;7]},{'M',[64;-64;224;-2],3,[17;6;14;-3],2,[NaN;NaN;4;NaN],[1;-1;1;-2],2,[6;6;NaN;0]},{'A',[-47;76;-210;-254],4,[17;12;14;-256],3,0,[-64;64;-224;2],3,0},{'M',[16;1;1;8],1,[1;1;1;1],0,[4;0;0;3]},{'M',[1;32;4;1],1,[1;1;1;1],0,[0;5;2;0]},{'A',[15;-31;5;7],2,[16;1;1;8],1,0,[-1;-32;4;-1],1,0},{'M',[120;-62;5;56],3,[15;-31;5;7],2,[3;1;0;3]},{'M',[120;6;160;-3],3,[17;6;14;-3],2,[NaN;0;NaN;0],[15;-31;5;7],2,[3;NaN;5;NaN]},{'A',[120;-130;-150;109],4,[120;-62;5;56],3,1,[-120;-6;-160;-3],3,0},{'M',[15;-31;1;-3],3,[17;6;14;-3],2,[NaN;NaN;NaN;0],[1;-1;1;-2],2,[NaN;NaN;0;NaN],[15;-31;5;7],2,[0;0;NaN;NaN]},{'M',[64;-31;40;56],3,[1;-1;1;-2],2,[6;NaN;NaN;NaN],[15;-31;5;7],2,[NaN;0;3;3]},{'A',[-241;-155;-159;221],4,[15;-31;1;-3],3,0,[-64;-31;-40;56],3,2},{'M',[1;-64;112;-24],3,[17;6;14;-3],2,[NaN;NaN;3;3],[1;-1;1;-2],2,[0;6;NaN;NaN]},{'M',[120;-1;1;7],3,[1;-1;1;-2],2,[NaN;0;0;NaN],[15;-31;5;7],2,[3;NaN;NaN;0]},{'A',[-118;-127;223;-41],4,[1;-64;112;-24],3,1,[-120;1;-1;7],3,0},{'M',[2;6;14;-4],3,[17;6;14;-3],2,[NaN;0;0;NaN],[1;-1;1;-2],2,[1;NaN;NaN;1]},{'M',[120;-1;4;-3],3,[17;6;14;-3],2,[NaN;NaN;NaN;0],[1;-1;1;-2],2,[NaN;0;2;NaN],[15;-31;5;7],2,[3;NaN;NaN;NaN]},{'A',[152;95;220;-61],4,[2;6;14;-4],3,4,[120;-1;-4;3],3,0},{'M',[120;76;220;221],5,[-47;76;-210;-254],4,[NaN;0;NaN;NaN],[120;-130;-150;109],4,[0;NaN;NaN;NaN],[-241;-155;-159;221],4,[NaN;NaN;NaN;0],[152;95;220;-61],4,[NaN;NaN;0;NaN]},{'O',[120;76;220;221],5,[120;76;220;221],5,0},{'M',[-241;-155;-159;-122],5,[-241;-155;-159;221],4,[0;0;0;NaN],[152;95;220;-61],4,[NaN;NaN;NaN;1]},{'O',[241;155;159;122],5,[241;155;159;122],5,0},{'M',[-118;-127;-150;-41],5,[120;-130;-150;109],4,[NaN;NaN;0;NaN],[-118;-127;223;-41],4,[0;0;NaN;0]},{'O',[118;127;150;41],5,[118;127;150;41],5,0},{'M',[152;95;223;218],5,[120;-130;-150;109],4,[NaN;NaN;NaN;1],[-118;-127;223;-41],4,[NaN;NaN;0;NaN],[152;95;220;-61],4,[0;0;NaN;NaN]},{'O',[152;95;223;218],5,[152;95;223;218],5,0},{'M',[-47;-130;-210;-254],5,[-47;76;-210;-254],4,[0;NaN;0;0],[120;-130;-150;109],4,[NaN;0;NaN;NaN]},{'O',[47;130;210;254],5,[47;130;210;254],5,0}}
Finished solving after 9894.62 seconds
Adder graph: {{'M',[1;8;16;1],1,[1;1;1;1],0,[0;3;4;0]},{'M',[8;1;1;2],1,[1;1;1;1],0,[3;0;0;1]},{'A',[17;6;14;-3],2,[1;8;16;1],1,0,[8;-1;-1;-2],1,1},{'M',[2;1;2;2],1,[1;1;1;1],0,[1;0;1;1]},{'M',[1;2;1;4],1,[1;1;1;1],0,[0;1;0;2]},{'A',[1;-1;1;-2],2,[2;1;2;2],1,0,[-1;-2;-1;-4],1,0},{'M',[17;12;14;-256],3,[17;6;14;-3],2,[0;1;0;NaN],[1;-1;1;-2],2,[NaN;NaN;NaN;7]},{'M',[64;-64;224;-2],3,[17;6;14;-3],2,[NaN;NaN;4;NaN],[1;-1;1;-2],2,[6;6;NaN;0]},{'A',[-47;76;-210;-254],4,[17;12;14;-256],3,0,[-64;64;-224;2],3,0},{'M',[16;1;1;8],1,[1;1;1;1],0,[4;0;0;3]},{'M',[1;32;4;1],1,[1;1;1;1],0,[0;5;2;0]},{'A',[15;-31;5;7],2,[16;1;1;8],1,0,[-1;-32;4;-1],1,0},{'M',[120;-62;5;56],3,[15;-31;5;7],2,[3;1;0;3]},{'M',[120;6;160;-3],3,[17;6;14;-3],2,[NaN;0;NaN;0],[15;-31;5;7],2,[3;NaN;5;NaN]},{'A',[120;-130;-150;109],4,[120;-62;5;56],3,1,[-120;-6;-160;-3],3,0},{'M',[15;-31;1;-3],3,[17;6;14;-3],2,[NaN;NaN;NaN;0],[1;-1;1;-2],2,[NaN;NaN;0;NaN],[15;-31;5;7],2,[0;0;NaN;NaN]},{'M',[64;-31;40;56],3,[1;-1;1;-2],2,[6;NaN;NaN;NaN],[15;-31;5;7],2,[NaN;0;3;3]},{'A',[-241;-155;-159;221],4,[15;-31;1;-3],3,0,[-64;-31;-40;56],3,2},{'M',[1;-64;112;-24],3,[17;6;14;-3],2,[NaN;NaN;3;3],[1;-1;1;-2],2,[0;6;NaN;NaN]},{'M',[120;-1;1;7],3,[1;-1;1;-2],2,[NaN;0;0;NaN],[15;-31;5;7],2,[3;NaN;NaN;0]},{'A',[-118;-127;223;-41],4,[1;-64;112;-24],3,1,[-120;1;-1;7],3,0},{'M',[2;6;14;-4],3,[17;6;14;-3],2,[NaN;0;0;NaN],[1;-1;1;-2],2,[1;NaN;NaN;1]},{'M',[120;-1;4;-3],3,[17;6;14;-3],2,[NaN;NaN;NaN;0],[1;-1;1;-2],2,[NaN;0;2;NaN],[15;-31;5;7],2,[3;NaN;NaN;NaN]},{'A',[152;95;220;-61],4,[2;6;14;-4],3,4,[120;-1;-4;3],3,0},{'M',[120;76;220;221],5,[-47;76;-210;-254],4,[NaN;0;NaN;NaN],[120;-130;-150;109],4,[0;NaN;NaN;NaN],[-241;-155;-159;221],4,[NaN;NaN;NaN;0],[152;95;220;-61],4,[NaN;NaN;0;NaN]},{'O',[120;76;220;221],5,[120;76;220;221],5,0},{'M',[-241;-155;-159;-122],5,[-241;-155;-159;221],4,[0;0;0;NaN],[152;95;220;-61],4,[NaN;NaN;NaN;1]},{'O',[241;155;159;122],5,[241;155;159;122],5,0},{'M',[-118;-127;-150;-41],5,[120;-130;-150;109],4,[NaN;NaN;0;NaN],[-118;-127;223;-41],4,[0;0;NaN;0]},{'O',[118;127;150;41],5,[118;127;150;41],5,0},{'M',[152;95;223;218],5,[120;-130;-150;109],4,[NaN;NaN;NaN;1],[-118;-127;223;-41],4,[NaN;NaN;0;NaN],[152;95;220;-61],4,[0;0;NaN;NaN]},{'O',[152;95;223;218],5,[152;95;223;218],5,0},{'M',[-47;-130;-210;-254],5,[-47;76;-210;-254],4,[0;NaN;0;0],[120;-130;-150;109],4,[NaN;0;NaN;NaN]},{'O',[47;130;210;254],5,[47;130;210;254],5,0}}
# Add optimal = 1
# Mux optimal = 0
# Mux registers optimal = 0
# FAs optimal = 0
