Adder graph: {{'A',[0,1,1,0,0,0],1,0,[0,0,1,0,0,0],0,0,[0,1,0,0,0,0],0,0},{'A',[0,0,0,0,2,-1],1,0,[0,0,0,0,1,0],0,1,[0,0,0,0,0,-1],0,0},{'A',[0,1,0,-8,0,0],1,0,[0,1,0,0,0,0],0,0,[0,0,0,-1,0,0],0,3},{'A',[0,-2,-2,0,2,-1],2,0,[0,0,0,0,2,-1],1,0,[0,-1,-1,0,0,0],1,1},{'A',[2,2,2,0,-2,1],3,0,[1,0,0,0,0,0],0,1,[0,2,2,0,-2,1],2,0},{'A',[-4,-3,-4,-8,4,-2],4,0,[0,1,0,-8,0,0],1,0,[-2,-2,-2,0,2,-1],3,1},{'A',[-4,-5,-6,-8,6,-3],5,0,[0,-2,-2,0,2,-1],2,0,[-4,-3,-4,-8,4,-2],4,0},{'O',[-4,-5,-6,-8,6,-3],5,[-4,-5,-6,-8,6,-3],5,0}}
Adder graph: {{'A',[0,0,0,0,2,-1],1,0,[0,0,0,0,1,0],0,1,[0,0,0,0,0,-1],0,0},{'A',[4,1,0,0,0,0],1,0,[1,0,0,0,0,0],0,2,[0,1,0,0,0,0],0,0},{'A',[0,0,-2,0,2,-1],2,0,[0,0,0,0,2,-1],1,0,[0,0,-1,0,0,0],0,1},{'A',[0,1,0,2,0,0],1,0,[0,1,0,0,0,0],0,0,[0,0,0,1,0,0],0,1},{'A',[4,5,0,8,0,0],2,0,[0,1,0,2,0,0],1,2,[4,1,0,0,0,0],1,0},{'A',[0,0,-6,0,6,-3],3,0,[0,0,-2,0,2,-1],2,2,[0,0,2,0,-2,1],2,0},{'A',[4,5,6,8,-6,3],4,0,[4,5,0,8,0,0],2,0,[0,0,6,0,-6,3],3,0},{'O',[-4,-5,-6,-8,6,-3],4,[-4,-5,-6,-8,6,-3],4,0}}
Adder graph: {{'A',[0,5,0,0,0,0],1,0,[0,1,0,0,0,0],0,2,[0,1,0,0,0,0],0,0},{'A',[0,0,-1,0,1,0],1,0,[0,0,0,0,1,0],0,0,[0,0,-1,0,0,0],0,0},{'A',[0,5,0,8,0,0],2,0,[0,0,0,1,0,0],0,3,[0,5,0,0,0,0],1,0},{'A',[0,0,2,0,-2,1],2,0,[0,0,0,0,0,1],0,0,[0,0,1,0,-1,0],1,1},{'A',[4,0,2,0,-2,1],3,0,[1,0,0,0,0,0],0,2,[0,0,2,0,-2,1],2,0},{'A',[0,5,4,8,-4,2],3,0,[0,5,0,8,0,0],2,0,[0,0,2,0,-2,1],2,1},{'A',[4,5,6,8,-6,3],4,0,[0,5,4,8,-4,2],3,0,[4,0,2,0,-2,1],3,0},{'O',[-4,-5,-6,-8,6,-3],4,[-4,-5,-6,-8,6,-3],4,0}}
Adder graph: {{'A',[0,1,0,0,0,-1],1,0,[0,1,0,0,0,0],0,0,[0,0,0,0,0,-1],0,0},{'A',[1,0,0,2,0,0],1,0,[1,0,0,0,0,0],0,0,[0,0,0,1,0,0],0,1},{'A',[0,0,1,0,-1,0],1,0,[0,0,1,0,0,0],0,0,[0,0,0,0,-1,0],0,0},{'A',[0,1,-2,0,2,-1],2,0,[0,1,0,0,0,-1],1,0,[0,0,-1,0,1,0],1,1},{'A',[-1,1,-2,-2,2,-1],3,0,[0,1,-2,0,2,-1],2,0,[-1,0,0,-2,0,0],1,0},{'A',[4,-3,6,8,-6,3],4,0,[0,1,-2,0,2,-1],2,0,[1,-1,2,2,-2,1],3,2},{'A',[4,5,6,8,-6,3],5,0,[0,1,0,0,0,0],0,3,[4,-3,6,8,-6,3],4,0},{'O',[-4,-5,-6,-8,6,-3],5,[-4,-5,-6,-8,6,-3],5,0}}
Adder graph: {{'A',[0,-1,0,0,0,1],1,0,[0,0,0,0,0,1],0,0,[0,-1,0,0,0,0],0,0},{'A',[0,-1,0,0,-2,1],2,0,[0,-1,0,0,0,1],1,0,[0,0,0,0,-1,0],0,1},{'A',[0,-1,2,0,-2,1],3,0,[0,0,1,0,0,0],0,1,[0,-1,0,0,-2,1],2,0},{'A',[2,-1,2,0,-2,1],4,0,[0,-1,2,0,-2,1],3,0,[1,0,0,0,0,0],0,1},{'A',[0,1,0,1,0,0],1,0,[0,0,0,1,0,0],0,0,[0,1,0,0,0,0],0,0},{'A',[4,-3,6,0,-6,3],5,0,[0,-1,2,0,-2,1],3,0,[2,-1,2,0,-2,1],4,1},{'A',[4,5,6,8,-6,3],6,0,[4,-3,6,0,-6,3],5,0,[0,1,0,1,0,0],1,3},{'O',[-4,-5,-6,-8,6,-3],6,[-4,-5,-6,-8,6,-3],6,0}}
Adder graph: {{'A',[1,2,0,0,0,0],1,0,[1,0,0,0,0,0],0,0,[0,1,0,0,0,0],0,1},{'A',[0,-1,0,0,0,1],1,0,[0,0,0,0,0,1],0,0,[0,-1,0,0,0,0],0,0},{'A',[0,-1,0,0,-2,1],2,0,[0,-1,0,0,0,1],1,0,[0,0,0,0,-1,0],0,1},{'A',[0,-1,2,0,-2,1],3,0,[0,-1,0,0,-2,1],2,0,[0,0,1,0,0,0],0,1},{'A',[0,-1,2,-8,-2,1],4,0,[0,-1,2,0,-2,1],3,0,[0,0,0,-1,0,0],0,3},{'A',[1,1,2,0,-2,1],4,0,[0,-1,2,0,-2,1],3,0,[1,2,0,0,0,0],1,0},{'A',[-4,-5,-6,-8,6,-3],5,0,[0,-1,2,-8,-2,1],4,0,[-1,-1,-2,0,2,-1],4,2},{'O',[-4,-5,-6,-8,6,-3],5,[-4,-5,-6,-8,6,-3],5,0}}
Finished solving after 44997.6 seconds
Adder graph: {{'A',[1,2,0,0,0,0],1,0,[1,0,0,0,0,0],0,0,[0,1,0,0,0,0],0,1},{'A',[0,-1,0,0,0,1],1,0,[0,0,0,0,0,1],0,0,[0,-1,0,0,0,0],0,0},{'A',[0,-1,0,0,-2,1],2,0,[0,-1,0,0,0,1],1,0,[0,0,0,0,-1,0],0,1},{'A',[0,-1,2,0,-2,1],3,0,[0,-1,0,0,-2,1],2,0,[0,0,1,0,0,0],0,1},{'A',[0,-1,2,-8,-2,1],4,0,[0,-1,2,0,-2,1],3,0,[0,0,0,-1,0,0],0,3},{'A',[1,1,2,0,-2,1],4,0,[0,-1,2,0,-2,1],3,0,[1,2,0,0,0,0],1,0},{'A',[-4,-5,-6,-8,6,-3],5,0,[0,-1,2,-8,-2,1],4,0,[-1,-1,-2,0,2,-1],4,2},{'O',[-4,-5,-6,-8,6,-3],5,[-4,-5,-6,-8,6,-3],5,0}}
#Add optimal = 1
#FAs optimal = 0
