Adder graph: {{'A',[0,0,0,0,7,0],1,0,[0,0,0,0,1,0],0,3,[0,0,0,0,-1,0],0,0},{'A',[0,0,0,2,7,0],2,0,[0,0,0,0,7,0],1,0,[0,0,0,1,0,0],0,1},{'A',[0,-2,0,0,0,1],1,0,[0,0,0,0,0,1],0,0,[0,-1,0,0,0,0],0,1},{'A',[0,2,0,1,0,-1],2,0,[0,0,0,1,0,0],0,0,[0,2,0,0,0,-1],1,0},{'A',[0,0,5,0,0,0],1,0,[0,0,1,0,0,0],0,2,[0,0,1,0,0,0],0,0},{'A',[4,0,0,2,7,0],3,0,[1,0,0,0,0,0],0,2,[0,0,0,2,7,0],2,0},{'A',[4,2,0,3,7,-1],4,0,[0,2,0,1,0,-1],2,0,[4,0,0,2,7,0],3,0},{'A',[4,2,-5,3,7,-1],5,0,[4,2,0,3,7,-1],4,0,[0,0,-5,0,0,0],1,0},{'O',[-4,-2,5,-3,-7,1],5,[-4,-2,5,-3,-7,1],5,0}}
Adder graph: {{'A',[0,0,0,1,2,0],1,0,[0,0,0,0,1,0],0,1,[0,0,0,1,0,0],0,0},{'A',[1,0,0,1,2,0],2,0,[1,0,0,0,0,0],0,0,[0,0,0,1,2,0],1,0},{'A',[-4,0,0,-3,-6,0],3,0,[0,0,0,1,2,0],1,0,[-1,0,0,-1,-2,0],2,2},{'A',[-4,0,0,-3,-6,1],4,0,[0,0,0,0,0,1],0,0,[-4,0,0,-3,-6,0],3,0},{'A',[0,0,5,0,0,0],1,0,[0,0,1,0,0,0],0,0,[0,0,1,0,0,0],0,2},{'A',[-4,0,0,-3,-7,1],5,0,[-4,0,0,-3,-6,1],4,0,[0,0,0,0,-1,0],0,0},{'A',[0,-2,5,0,0,0],2,0,[0,0,5,0,0,0],1,0,[0,-1,0,0,0,0],0,1},{'A',[-4,-2,5,-3,-7,1],6,0,[0,-2,5,0,0,0],2,0,[-4,0,0,-3,-7,1],5,0},{'O',[-4,-2,5,-3,-7,1],6,[-4,-2,5,-3,-7,1],6,0}}
Adder graph: {{'A',[0,1,-2,0,0,0],1,0,[0,1,0,0,0,0],0,0,[0,0,-1,0,0,0],0,1},{'A',[0,2,-5,0,0,0],2,0,[0,1,-2,0,0,0],1,1,[0,0,-1,0,0,0],0,0},{'A',[0,0,0,1,1,0],1,0,[0,0,0,0,1,0],0,0,[0,0,0,1,0,0],0,0},{'A',[0,0,0,1,1,1],2,0,[0,0,0,0,0,1],0,0,[0,0,0,1,1,0],1,0},{'A',[1,0,0,0,1,0],1,0,[1,0,0,0,0,0],0,0,[0,0,0,0,1,0],0,0},{'A',[4,2,-5,0,4,0],3,0,[1,0,0,0,1,0],1,2,[0,2,-5,0,0,0],2,0},{'A',[-4,-2,5,1,-3,1],4,0,[0,0,0,1,1,1],2,0,[-4,-2,5,0,-4,0],3,0},{'A',[-4,-2,5,-3,-7,1],5,0,[-4,-2,5,1,-3,1],4,0,[0,0,0,-1,-1,0],1,2},{'O',[-4,-2,5,-3,-7,1],5,[-4,-2,5,-3,-7,1],5,0}}
Adder graph: {{'A',[0,0,0,1,1,0],1,0,[0,0,0,1,0,0],0,0,[0,0,0,0,1,0],0,0},{'A',[0,0,0,-3,1,0],2,0,[0,0,0,1,1,0],1,0,[0,0,0,-1,0,0],0,2},{'A',[0,0,4,-3,1,0],3,0,[0,0,0,-3,1,0],2,0,[0,0,1,0,0,0],0,2},{'A',[4,0,0,0,0,-1],1,0,[1,0,0,0,0,0],0,2,[0,0,0,0,0,-1],0,0},{'A',[0,-2,1,0,0,0],1,0,[0,0,1,0,0,0],0,0,[0,-1,0,0,0,0],0,1},{'A',[4,0,0,0,8,-1],2,0,[4,0,0,0,0,-1],1,0,[0,0,0,0,1,0],0,3},{'A',[0,-2,5,-3,1,0],4,0,[0,-2,1,0,0,0],1,0,[0,0,4,-3,1,0],3,0},{'A',[4,2,-5,3,7,-1],5,0,[4,0,0,0,8,-1],2,0,[0,2,-5,3,-1,0],4,0},{'O',[-4,-2,5,-3,-7,1],5,[-4,-2,5,-3,-7,1],5,0}}
Adder graph: {{'A',[0,0,0,0,1,1],1,0,[0,0,0,0,1,0],0,0,[0,0,0,0,0,1],0,0},{'A',[0,1,-2,0,0,0],1,0,[0,1,0,0,0,0],0,0,[0,0,-1,0,0,0],0,1},{'A',[0,-2,4,1,0,0],2,0,[0,0,0,1,0,0],0,0,[0,-1,2,0,0,0],1,1},{'A',[0,-2,5,1,0,0],3,0,[0,-2,4,1,0,0],2,0,[0,0,1,0,0,0],0,0},{'A',[1,0,0,1,0,0],1,0,[0,0,0,1,0,0],0,0,[1,0,0,0,0,0],0,0},{'A',[-4,-2,5,-3,0,0],4,0,[0,-2,5,1,0,0],3,0,[-1,0,0,-1,0,0],1,2},{'A',[0,0,0,0,-7,1],2,0,[0,0,0,0,1,1],1,0,[0,0,0,0,-1,0],0,3},{'A',[-4,-2,5,-3,-7,1],5,0,[-4,-2,5,-3,0,0],4,0,[0,0,0,0,-7,1],2,0},{'O',[-4,-2,5,-3,-7,1],5,[-4,-2,5,-3,-7,1],5,0}}
Adder graph: {{'A',[0,0,0,-3,0,0],1,0,[0,0,0,1,0,0],0,0,[0,0,0,-1,0,0],0,2},{'A',[0,0,1,0,1,0],1,0,[0,0,1,0,0,0],0,0,[0,0,0,0,1,0],0,0},{'A',[0,0,0,-3,0,1],2,0,[0,0,0,0,0,1],0,0,[0,0,0,-3,0,0],1,0},{'A',[0,0,1,0,-7,0],2,0,[0,0,1,0,1,0],1,0,[0,0,0,0,-1,0],0,3},{'A',[0,-2,0,-3,0,1],3,0,[0,0,0,-3,0,1],2,0,[0,-1,0,0,0,0],0,1},{'A',[-4,0,1,0,-7,0],3,0,[0,0,1,0,-7,0],2,0,[-1,0,0,0,0,0],0,2},{'A',[0,-2,4,-3,0,1],4,0,[0,-2,0,-3,0,1],3,0,[0,0,1,0,0,0],0,2},{'A',[-4,-2,5,-3,-7,1],5,0,[0,-2,4,-3,0,1],4,0,[-4,0,1,0,-7,0],3,0},{'O',[-4,-2,5,-3,-7,1],5,[-4,-2,5,-3,-7,1],5,0}}
Adder graph: {{'A',[0,0,0,-3,0,0],1,0,[0,0,0,1,0,0],0,0,[0,0,0,-1,0,0],0,2},{'A',[0,0,1,0,1,0],1,0,[0,0,1,0,0,0],0,0,[0,0,0,0,1,0],0,0},{'A',[0,-2,1,0,1,0],2,0,[0,0,1,0,1,0],1,0,[0,-1,0,0,0,0],0,1},{'A',[0,-2,1,0,-7,0],3,0,[0,-2,1,0,1,0],2,0,[0,0,0,0,-1,0],0,3},{'A',[0,0,0,-3,0,1],2,0,[0,0,0,-3,0,0],1,0,[0,0,0,0,0,1],0,0},{'A',[0,0,4,-3,0,1],3,0,[0,0,0,-3,0,1],2,0,[0,0,1,0,0,0],0,2},{'A',[-4,0,4,-3,0,1],4,0,[0,0,4,-3,0,1],3,0,[-1,0,0,0,0,0],0,2},{'A',[-4,-2,5,-3,-7,1],5,0,[0,-2,1,0,-7,0],3,0,[-4,0,4,-3,0,1],4,0},{'O',[-4,-2,5,-3,-7,1],5,[-4,-2,5,-3,-7,1],5,0}}
Adder graph: {{'A',[0,0,0,1,0,1],1,0,[0,0,0,0,0,1],0,0,[0,0,0,1,0,0],0,0},{'A',[0,0,0,-3,0,1],2,0,[0,0,0,1,0,1],1,0,[0,0,0,-1,0,0],0,2},{'A',[0,0,1,0,1,0],1,0,[0,0,1,0,0,0],0,0,[0,0,0,0,1,0],0,0},{'A',[0,-2,0,-3,0,1],3,0,[0,0,0,-3,0,1],2,0,[0,-1,0,0,0,0],0,1},{'A',[-1,0,1,0,0,0],1,0,[0,0,1,0,0,0],0,0,[-1,0,0,0,0,0],0,0},{'A',[0,-2,1,-3,1,1],4,0,[0,-2,0,-3,0,1],3,0,[0,0,1,0,1,0],1,0},{'A',[-4,-2,5,-3,1,1],5,0,[0,-2,1,-3,1,1],4,0,[-1,0,1,0,0,0],1,2},{'A',[-4,-2,5,-3,-7,1],6,0,[-4,-2,5,-3,1,1],5,0,[0,0,0,0,-1,0],0,3},{'O',[-4,-2,5,-3,-7,1],6,[-4,-2,5,-3,-7,1],6,0}}
Adder graph: {{'A',[1,0,-1,0,0,0],1,0,[1,0,0,0,0,0],0,0,[0,0,-1,0,0,0],0,0},{'A',[0,0,1,1,0,0],1,0,[0,0,0,1,0,0],0,0,[0,0,1,0,0,0],0,0},{'A',[0,0,0,0,1,1],1,0,[0,0,0,0,0,1],0,0,[0,0,0,0,1,0],0,0},{'A',[0,-2,0,0,1,1],2,0,[0,0,0,0,1,1],1,0,[0,-1,0,0,0,0],0,1},{'A',[1,0,-1,0,2,0],2,0,[1,0,-1,0,0,0],1,0,[0,0,0,0,1,0],0,1},{'A',[0,0,1,-3,0,0],2,0,[0,0,1,1,0,0],1,0,[0,0,0,-1,0,0],0,2},{'A',[0,-2,1,-3,1,1],3,0,[0,0,1,-3,0,0],2,0,[0,-2,0,0,1,1],2,0},{'A',[-4,-2,5,-3,-7,1],4,0,[0,-2,1,-3,1,1],3,0,[-1,0,1,0,-2,0],2,2},{'O',[-4,-2,5,-3,-7,1],4,[-4,-2,5,-3,-7,1],4,0}}
Finished solving after 91410.2 seconds
Adder graph: {{'A',[1,0,-1,0,0,0],1,0,[1,0,0,0,0,0],0,0,[0,0,-1,0,0,0],0,0},{'A',[0,0,1,1,0,0],1,0,[0,0,0,1,0,0],0,0,[0,0,1,0,0,0],0,0},{'A',[0,0,0,0,1,1],1,0,[0,0,0,0,0,1],0,0,[0,0,0,0,1,0],0,0},{'A',[0,-2,0,0,1,1],2,0,[0,0,0,0,1,1],1,0,[0,-1,0,0,0,0],0,1},{'A',[1,0,-1,0,2,0],2,0,[1,0,-1,0,0,0],1,0,[0,0,0,0,1,0],0,1},{'A',[0,0,1,-3,0,0],2,0,[0,0,1,1,0,0],1,0,[0,0,0,-1,0,0],0,2},{'A',[0,-2,1,-3,1,1],3,0,[0,0,1,-3,0,0],2,0,[0,-2,0,0,1,1],2,0},{'A',[-4,-2,5,-3,-7,1],4,0,[0,-2,1,-3,1,1],3,0,[-1,0,1,0,-2,0],2,2},{'O',[-4,-2,5,-3,-7,1],4,[-4,-2,5,-3,-7,1],4,0}}
#Add optimal = 0
#FAs optimal = 0
