Adder graph: {{'A',[4,0,1,0,0,0],1,0,[1,0,0,0,0,0],0,2,[0,0,1,0,0,0],0,0},{'A',[0,1,0,1,0,0],1,0,[0,0,0,1,0,0],0,0,[0,1,0,0,0,0],0,0},{'A',[4,0,5,0,0,0],2,0,[0,0,1,0,0,0],0,2,[4,0,1,0,0,0],1,0},{'A',[-4,2,-5,2,0,0],3,0,[0,1,0,1,0,0],1,1,[-4,0,-5,0,0,0],2,0},{'A',[0,0,0,0,1,-1],1,0,[0,0,0,0,1,0],0,0,[0,0,0,0,0,-1],0,0},{'A',[0,1,0,1,8,-8],2,0,[0,0,0,0,1,-1],1,3,[0,1,0,1,0,0],1,0},{'A',[0,-1,0,-1,-7,7],3,0,[0,0,0,0,1,-1],1,0,[0,-1,0,-1,-8,8],2,0},{'A',[-4,3,-5,3,7,-7],4,0,[-4,2,-5,2,0,0],3,0,[0,1,0,1,7,-7],3,0},{'O',[4,-3,5,-3,-7,7],4,[4,-3,5,-3,-7,7],4,0}}
Adder graph: {{'A',[0,0,0,0,-1,1],1,0,[0,0,0,0,0,1],0,0,[0,0,0,0,-1,0],0,0},{'A',[1,0,0,0,-1,1],2,0,[0,0,0,0,-1,1],1,0,[1,0,0,0,0,0],0,0},{'A',[0,-1,0,0,-1,1],2,0,[0,0,0,0,-1,1],1,0,[0,-1,0,0,0,0],0,0},{'A',[0,-1,-1,0,-1,1],3,0,[0,-1,0,0,-1,1],2,0,[0,0,-1,0,0,0],0,0},{'A',[0,-1,-1,-1,-1,1],4,0,[0,-1,-1,0,-1,1],3,0,[0,0,0,-1,0,0],0,0},{'A',[1,0,2,0,-1,1],3,0,[1,0,0,0,-1,1],2,0,[0,0,1,0,0,0],0,1},{'A',[4,-1,7,-1,-5,5],5,0,[0,-1,-1,-1,-1,1],4,0,[1,0,2,0,-1,1],3,2},{'A',[4,-3,5,-3,-7,7],6,0,[0,-1,-1,-1,-1,1],4,1,[4,-1,7,-1,-5,5],5,0},{'O',[4,-3,5,-3,-7,7],6,[4,-3,5,-3,-7,7],6,0}}
Adder graph: {{'A',[1,0,2,0,0,0],1,0,[1,0,0,0,0,0],0,0,[0,0,1,0,0,0],0,1},{'A',[0,0,0,0,-1,1],1,0,[0,0,0,0,0,1],0,0,[0,0,0,0,-1,0],0,0},{'A',[0,1,1,0,0,0],1,0,[0,1,0,0,0,0],0,0,[0,0,1,0,0,0],0,0},{'A',[0,1,1,1,0,0],2,0,[0,1,1,0,0,0],1,0,[0,0,0,1,0,0],0,0},{'A',[0,1,1,1,4,-4],3,0,[0,1,1,1,0,0],2,0,[0,0,0,0,1,-1],1,2},{'A',[-4,1,-7,1,0,0],3,0,[0,1,1,1,0,0],2,0,[-1,0,-2,0,0,0],1,2},{'A',[-4,1,-7,1,-1,1],4,0,[0,0,0,0,-1,1],1,0,[-4,1,-7,1,0,0],3,0},{'A',[-4,3,-5,3,7,-7],5,0,[0,1,1,1,4,-4],3,1,[-4,1,-7,1,-1,1],4,0},{'O',[4,-3,5,-3,-7,7],5,[4,-3,5,-3,-7,7],5,0}}
Adder graph: {{'A',[0,0,0,0,-1,1],1,0,[0,0,0,0,0,1],0,0,[0,0,0,0,-1,0],0,0},{'A',[0,0,-1,0,-1,1],2,0,[0,0,0,0,-1,1],1,0,[0,0,-1,0,0,0],0,0},{'A',[0,0,-5,0,-1,1],3,0,[0,0,-1,0,-1,1],2,0,[0,0,-1,0,0,0],0,2},{'A',[0,1,0,1,0,0],1,0,[0,1,0,0,0,0],0,0,[0,0,0,1,0,0],0,0},{'A',[-4,0,-5,0,-1,1],4,0,[0,0,-5,0,-1,1],3,0,[-1,0,0,0,0,0],0,2},{'A',[0,1,0,1,2,-2],2,0,[0,1,0,1,0,0],1,0,[0,0,0,0,1,-1],1,1},{'A',[-4,-1,-5,-1,-1,1],5,0,[-4,0,-5,0,-1,1],4,0,[0,-1,0,-1,0,0],1,0},{'A',[-4,3,-5,3,7,-7],6,0,[-4,-1,-5,-1,-1,1],5,0,[0,1,0,1,2,-2],2,2},{'O',[4,-3,5,-3,-7,7],6,[4,-3,5,-3,-7,7],6,0}}
Adder graph: {{'A',[0,0,0,0,-1,1],1,0,[0,0,0,0,0,1],0,0,[0,0,0,0,-1,0],0,0},{'A',[0,0,1,0,-1,1],2,0,[0,0,1,0,0,0],0,0,[0,0,0,0,-1,1],1,0},{'A',[-4,0,1,0,-1,1],3,0,[0,0,1,0,-1,1],2,0,[-1,0,0,0,0,0],0,2},{'A',[-4,0,-7,0,7,-7],4,0,[-4,0,1,0,-1,1],3,0,[0,0,-1,0,1,-1],2,3},{'A',[0,1,0,1,0,0],1,0,[0,0,0,1,0,0],0,0,[0,1,0,0,0,0],0,0},{'A',[0,-1,2,-1,0,0],2,0,[0,0,1,0,0,0],0,1,[0,-1,0,-1,0,0],1,0},{'A',[0,3,2,3,0,0],3,0,[0,1,0,1,0,0],1,2,[0,-1,2,-1,0,0],2,0},{'A',[-4,3,-5,3,7,-7],5,0,[0,3,2,3,0,0],3,0,[-4,0,-7,0,7,-7],4,0},{'O',[4,-3,5,-3,-7,7],5,[4,-3,5,-3,-7,7],5,0}}
Adder graph: {{'A',[0,1,0,1,0,0],1,0,[0,0,0,1,0,0],0,0,[0,1,0,0,0,0],0,0},{'A',[0,0,1,0,0,1],1,0,[0,0,1,0,0,0],0,0,[0,0,0,0,0,1],0,0},{'A',[0,1,-2,1,0,0],2,0,[0,1,0,1,0,0],1,0,[0,0,-1,0,0,0],0,1},{'A',[0,0,1,0,-1,1],2,0,[0,0,1,0,0,1],1,0,[0,0,0,0,-1,0],0,0},{'A',[0,-1,3,-1,-1,1],3,0,[0,0,1,0,-1,1],2,0,[0,-1,2,-1,0,0],2,0},{'A',[-1,1,0,1,0,0],2,0,[0,1,0,1,0,0],1,0,[-1,0,0,0,0,0],0,0},{'A',[-4,3,3,3,-1,1],4,0,[0,-1,3,-1,-1,1],3,0,[-1,1,0,1,0,0],2,2},{'A',[-4,3,-5,3,7,-7],5,0,[-4,3,3,3,-1,1],4,0,[0,0,-1,0,1,-1],2,3},{'O',[4,-3,5,-3,-7,7],5,[4,-3,5,-3,-7,7],5,0}}
Finished solving after 78392.7 seconds
Adder graph: {{'A',[0,1,0,1,0,0],1,0,[0,0,0,1,0,0],0,0,[0,1,0,0,0,0],0,0},{'A',[0,0,1,0,0,1],1,0,[0,0,1,0,0,0],0,0,[0,0,0,0,0,1],0,0},{'A',[0,1,-2,1,0,0],2,0,[0,1,0,1,0,0],1,0,[0,0,-1,0,0,0],0,1},{'A',[0,0,1,0,-1,1],2,0,[0,0,1,0,0,1],1,0,[0,0,0,0,-1,0],0,0},{'A',[0,-1,3,-1,-1,1],3,0,[0,0,1,0,-1,1],2,0,[0,-1,2,-1,0,0],2,0},{'A',[-1,1,0,1,0,0],2,0,[0,1,0,1,0,0],1,0,[-1,0,0,0,0,0],0,0},{'A',[-4,3,3,3,-1,1],4,0,[0,-1,3,-1,-1,1],3,0,[-1,1,0,1,0,0],2,2},{'A',[-4,3,-5,3,7,-7],5,0,[-4,3,3,3,-1,1],4,0,[0,0,-1,0,1,-1],2,3},{'O',[4,-3,5,-3,-7,7],5,[4,-3,5,-3,-7,7],5,0}}
#Add optimal = 1
#FAs optimal = 0
