Adder graph: {{'A',[0,5,0,0,0,0],1,0,[0,1,0,0,0,0],0,2,[0,1,0,0,0,0],0,0},{'A',[0,0,1,1,0,0],1,0,[0,0,1,0,0,0],0,0,[0,0,0,1,0,0],0,0},{'A',[0,0,1,1,0,1],2,0,[0,0,0,0,0,1],0,0,[0,0,1,1,0,0],1,0},{'A',[-1,0,2,2,0,2],3,0,[0,0,1,1,0,1],2,1,[-1,0,0,0,0,0],0,0},{'A',[-4,5,8,8,0,8],4,0,[0,5,0,0,0,0],1,0,[-1,0,2,2,0,2],3,2},{'A',[4,-5,-8,-8,2,-8],5,0,[0,0,0,0,1,0],0,1,[4,-5,-8,-8,0,-8],4,0},{'A',[4,-5,-7,-7,2,-7],6,0,[4,-5,-8,-8,2,-8],5,0,[0,0,1,1,0,1],2,0},{'O',[4,-5,-7,-7,2,-7],6,[4,-5,-7,-7,2,-7],6,0}}
Adder graph: {{'A',[0,5,0,0,0,0],1,0,[0,1,0,0,0,0],0,0,[0,1,0,0,0,0],0,2},{'A',[4,-5,0,0,0,0],2,0,[1,0,0,0,0,0],0,2,[0,-5,0,0,0,0],1,0},{'A',[0,0,1,1,0,0],1,0,[0,0,1,0,0,0],0,0,[0,0,0,1,0,0],0,0},{'A',[0,0,1,1,0,1],2,0,[0,0,0,0,0,1],0,0,[0,0,1,1,0,0],1,0},{'A',[0,0,-7,-7,0,-7],3,0,[0,0,1,1,0,1],2,0,[0,0,-1,-1,0,-1],2,3},{'A',[0,0,-7,-7,2,-7],4,0,[0,0,-7,-7,0,-7],3,0,[0,0,0,0,1,0],0,1},{'A',[4,-5,-7,-7,2,-7],5,0,[0,0,-7,-7,2,-7],4,0,[4,-5,0,0,0,0],2,0},{'O',[4,-5,-7,-7,2,-7],5,[4,-5,-7,-7,2,-7],5,0}}
Adder graph: {{'A',[2,0,0,0,1,0],1,0,[0,0,0,0,1,0],0,0,[1,0,0,0,0,0],0,1},{'A',[0,0,0,1,0,1],1,0,[0,0,0,0,0,1],0,0,[0,0,0,1,0,0],0,0},{'A',[0,0,1,1,0,1],2,0,[0,0,0,1,0,1],1,0,[0,0,1,0,0,0],0,0},{'A',[0,1,2,2,0,2],3,0,[0,1,0,0,0,0],0,0,[0,0,1,1,0,1],2,1},{'A',[0,-4,-7,-7,0,-7],4,0,[0,0,1,1,0,1],2,0,[0,-1,-2,-2,0,-2],3,2},{'A',[-4,1,0,0,-2,0],2,0,[0,1,0,0,0,0],0,0,[-2,0,0,0,-1,0],1,1},{'A',[-4,5,7,7,-2,7],5,0,[-4,1,0,0,-2,0],2,0,[0,4,7,7,0,7],4,0},{'O',[4,-5,-7,-7,2,-7],5,[4,-5,-7,-7,2,-7],5,0}}
Adder graph: {{'A',[-1,1,0,0,0,0],1,0,[0,1,0,0,0,0],0,0,[-1,0,0,0,0,0],0,0},{'A',[0,0,0,1,0,1],1,0,[0,0,0,0,0,1],0,0,[0,0,0,1,0,0],0,0},{'A',[0,0,1,1,0,1],2,0,[0,0,1,0,0,0],0,0,[0,0,0,1,0,1],1,0},{'A',[0,1,0,0,-2,0],1,0,[0,1,0,0,0,0],0,0,[0,0,0,0,-1,0],0,1},{'A',[0,0,-7,-7,0,-7],3,0,[0,0,1,1,0,1],2,0,[0,0,-1,-1,0,-1],2,3},{'A',[4,-4,-7,-7,0,-7],4,0,[0,0,-7,-7,0,-7],3,0,[1,-1,0,0,0,0],1,2},{'A',[-4,5,7,7,-2,7],5,0,[0,1,0,0,-2,0],1,0,[-4,4,7,7,0,7],4,0},{'O',[4,-5,-7,-7,2,-7],5,[4,-5,-7,-7,2,-7],5,0}}
Adder graph: {{'A',[0,0,1,1,0,0],1,0,[0,0,0,1,0,0],0,0,[0,0,1,0,0,0],0,0},{'A',[0,0,1,1,0,1],2,0,[0,0,1,1,0,0],1,0,[0,0,0,0,0,1],0,0},{'A',[1,-1,0,0,0,0],1,0,[1,0,0,0,0,0],0,0,[0,-1,0,0,0,0],0,0},{'A',[1,-1,-2,-2,0,-2],3,0,[1,-1,0,0,0,0],1,0,[0,0,-1,-1,0,-1],2,1},{'A',[0,-1,1,1,0,1],3,0,[0,0,1,1,0,1],2,0,[0,-1,0,0,0,0],0,0},{'A',[0,-1,1,1,2,1],4,0,[0,-1,1,1,0,1],3,0,[0,0,0,0,1,0],0,1},{'A',[4,-5,-7,-7,2,-7],5,0,[1,-1,-2,-2,0,-2],3,2,[0,-1,1,1,2,1],4,0},{'O',[4,-5,-7,-7,2,-7],5,[4,-5,-7,-7,2,-7],5,0}}
Adder graph: {{'A',[0,1,0,0,-2,0],1,0,[0,1,0,0,0,0],0,0,[0,0,0,0,-1,0],0,1},{'A',[0,0,1,1,0,0],1,0,[0,0,0,1,0,0],0,0,[0,0,1,0,0,0],0,0},{'A',[0,0,1,1,0,1],2,0,[0,0,0,0,0,1],0,0,[0,0,1,1,0,0],1,0},{'A',[0,-4,1,1,0,1],3,0,[0,0,1,1,0,1],2,0,[0,-1,0,0,0,0],0,2},{'A',[-4,1,0,0,-2,0],2,0,[0,1,0,0,-2,0],1,0,[-1,0,0,0,0,0],0,2},{'A',[4,-5,1,1,2,1],4,0,[0,-4,1,1,0,1],3,0,[4,-1,0,0,2,0],2,0},{'A',[4,-5,-7,-7,2,-7],5,0,[4,-5,1,1,2,1],4,0,[0,0,-1,-1,0,-1],2,3},{'O',[4,-5,-7,-7,2,-7],5,[4,-5,-7,-7,2,-7],5,0}}
Adder graph: {{'A',[0,1,1,0,0,0],1,0,[0,1,0,0,0,0],0,0,[0,0,1,0,0,0],0,0},{'A',[0,0,0,1,0,1],1,0,[0,0,0,1,0,0],0,0,[0,0,0,0,0,1],0,0},{'A',[0,1,1,1,0,1],2,0,[0,0,0,1,0,1],1,0,[0,1,1,0,0,0],1,0},{'A',[4,1,1,1,0,1],3,0,[0,1,1,1,0,1],2,0,[1,0,0,0,0,0],0,2},{'A',[0,1,0,0,1,0],1,0,[0,0,0,0,1,0],0,0,[0,1,0,0,0,0],0,0},{'A',[4,3,1,1,2,1],4,0,[4,1,1,1,0,1],3,0,[0,1,0,0,1,0],1,1},{'A',[4,-5,-7,-7,2,-7],5,0,[4,3,1,1,2,1],4,0,[0,-1,-1,-1,0,-1],2,3},{'O',[4,-5,-7,-7,2,-7],5,[4,-5,-7,-7,2,-7],5,0}}
Finished solving after 46836.6 seconds
Adder graph: {{'A',[0,1,1,0,0,0],1,0,[0,1,0,0,0,0],0,0,[0,0,1,0,0,0],0,0},{'A',[0,0,0,1,0,1],1,0,[0,0,0,1,0,0],0,0,[0,0,0,0,0,1],0,0},{'A',[0,1,1,1,0,1],2,0,[0,0,0,1,0,1],1,0,[0,1,1,0,0,0],1,0},{'A',[4,1,1,1,0,1],3,0,[0,1,1,1,0,1],2,0,[1,0,0,0,0,0],0,2},{'A',[0,1,0,0,1,0],1,0,[0,0,0,0,1,0],0,0,[0,1,0,0,0,0],0,0},{'A',[4,3,1,1,2,1],4,0,[4,1,1,1,0,1],3,0,[0,1,0,0,1,0],1,1},{'A',[4,-5,-7,-7,2,-7],5,0,[4,3,1,1,2,1],4,0,[0,-1,-1,-1,0,-1],2,3},{'O',[4,-5,-7,-7,2,-7],5,[4,-5,-7,-7,2,-7],5,0}}
#Add optimal = 1
#FAs optimal = 0
