Adder graph: {{'A',[2,-1],1,0,[1,0],0,1,[0,-1],0,0},{'A',[31,-16],2,0,[2,-1],1,4,[-1,0],0,0},{'A',[23,-12],3,0,[31,-16],2,0,[-2,1],1,2},{'O',[-23,12],3,[-23,12],3,0}}
Adder graph: {{'A',[2,-1],1,0,[1,0],0,1,[0,-1],0,0},{'A',[9,-4],2,0,[2,-1],1,2,[1,0],0,0},{'A',[23,-12],3,0,[2,-1],1,4,[-9,4],2,0},{'O',[-23,12],3,[-23,12],3,0}}
Adder graph: {{'A',[2,-1],1,0,[1,0],0,1,[0,-1],0,0},{'A',[-31,16],2,0,[1,0],0,0,[-2,1],1,4},{'A',[-23,12],3,0,[-31,16],2,0,[2,-1],1,2},{'O',[-23,12],3,[-23,12],3,0}}
Adder graph: {{'A',[2,-1],1,0,[1,0],0,1,[0,-1],0,0},{'A',[-7,4],2,0,[1,0],0,0,[-2,1],1,2},{'A',[-23,12],3,0,[-7,4],2,0,[-2,1],1,3},{'O',[-23,12],3,[-23,12],3,0}}
Adder graph: {{'A',[-2,1],1,0,[0,1],0,0,[-1,0],0,1},{'A',[-7,4],2,0,[1,0],0,0,[-2,1],1,2},{'A',[-23,12],3,0,[-2,1],1,3,[-7,4],2,0},{'O',[-23,12],3,[-23,12],3,0}}
Adder graph: {{'A',[-2,1],1,0,[0,1],0,0,[-1,0],0,1},{'A',[9,-4],2,0,[1,0],0,0,[2,-1],1,2},{'A',[-23,12],3,0,[9,-4],2,0,[-2,1],1,4},{'O',[-23,12],3,[-23,12],3,0}}
Finished solving after 1.06 seconds
Adder graph: {{'A',[-2,1],1,0,[0,1],0,0,[-1,0],0,1},{'A',[9,-4],2,0,[1,0],0,0,[2,-1],1,2},{'A',[-23,12],3,0,[9,-4],2,0,[-2,1],1,4},{'O',[-23,12],3,[-23,12],3,0}}
#Add optimal = 1
#FAs optimal = 1
