Adder graph: {{'A',[2,-1],1,0,[1,0],0,1,[0,-1],0,0},{'A',[34,-17],2,0,[2,-1],1,0,[2,-1],1,4},{'A',[-26,13],3,0,[2,-1],1,2,[-34,17],2,0},{'A',[-26,21],4,0,[-26,13],3,0,[0,1],0,3},{'O',[-26,21],4,[-26,21],4,0}}
Adder graph: {{'A',[0,-7],1,0,[0,1],0,0,[0,-1],0,3},{'A',[8,-7],2,0,[1,0],0,3,[0,-7],1,0},{'A',[9,-7],3,0,[8,-7],2,0,[1,0],0,0},{'A',[26,-21],4,0,[8,-7],2,0,[9,-7],3,1},{'O',[-26,21],4,[-26,21],4,0}}
Adder graph: {{'A',[-1,1],1,0,[0,1],0,0,[-1,0],0,0},{'A',[-2,1],2,0,[-1,1],1,0,[-1,0],0,0},{'A',[-18,17],3,0,[-1,1],1,4,[-2,1],2,0},{'A',[-26,21],4,0,[-2,1],2,2,[-18,17],3,0},{'O',[-26,21],4,[-26,21],4,0}}
Adder graph: {{'A',[1,-1],1,0,[1,0],0,0,[0,-1],0,0},{'A',[2,-1],2,0,[0,1],0,0,[1,-1],1,1},{'A',[6,-5],3,0,[2,-1],2,0,[1,-1],1,2},{'A',[26,-21],4,0,[6,-5],3,2,[2,-1],2,0},{'O',[-26,21],4,[-26,21],4,0}}
Adder graph: {{'A',[1,-2],1,0,[1,0],0,0,[0,-1],0,1},{'A',[-2,5],2,0,[0,1],0,0,[-1,2],1,1},{'A',[-10,21],3,0,[-2,5],2,0,[-1,2],1,3},{'A',[-26,21],4,0,[-10,21],3,0,[-1,0],0,4},{'O',[-26,21],4,[-26,21],4,0}}
Adder graph: {{'A',[-2,1],1,0,[0,1],0,0,[-1,0],0,1},{'A',[6,1],2,0,[-2,1],1,0,[1,0],0,3},{'A',[6,5],3,0,[6,1],2,0,[0,1],0,2},{'A',[-26,21],4,0,[6,5],3,0,[-2,1],1,4},{'O',[-26,21],4,[-26,21],4,0}}
Finished solving after 8.843 seconds
Adder graph: {{'A',[-2,1],1,0,[0,1],0,0,[-1,0],0,1},{'A',[6,1],2,0,[-2,1],1,0,[1,0],0,3},{'A',[6,5],3,0,[6,1],2,0,[0,1],0,2},{'A',[-26,21],4,0,[6,5],3,0,[-2,1],1,4},{'O',[-26,21],4,[-26,21],4,0}}
#Add optimal = 1
#FAs optimal = 1
