Adder graph: {{'A',[1,16],1,0,[1,0],0,0,[0,1],0,4},{'A',[-3,16],2,0,[1,16],1,0,[-1,0],0,2},{'A',[29,16],3,0,[1,0],0,5,[-3,16],2,0},{'A',[29,20],4,0,[29,16],3,0,[0,1],0,2},{'O',[-29,-20],4,[-29,-20],4,0}}
Adder graph: {{'A',[-31,0],1,0,[1,0],0,0,[-1,0],0,5},{'A',[-31,-16],2,0,[-31,0],1,0,[0,-1],0,4},{'A',[1,-2],1,0,[1,0],0,0,[0,-1],0,1},{'A',[-29,-20],3,0,[1,-2],1,1,[-31,-16],2,0},{'O',[-29,-20],3,[-29,-20],3,0}}
Adder graph: {{'A',[1,16],1,0,[1,0],0,0,[0,1],0,4},{'A',[1,-1],1,0,[1,0],0,0,[0,-1],0,0},{'A',[-3,20],2,0,[1,16],1,0,[-1,1],1,2},{'A',[29,20],3,0,[1,0],0,5,[-3,20],2,0},{'O',[-29,-20],3,[-29,-20],3,0}}
Adder graph: {{'A',[-1,1],1,0,[0,1],0,0,[-1,0],0,0},{'A',[2,1],1,0,[0,1],0,0,[1,0],0,1},{'A',[-3,4],2,0,[-1,1],1,2,[1,0],0,0},{'A',[29,20],3,0,[-3,4],2,0,[2,1],1,4},{'O',[-29,-20],3,[-29,-20],3,0}}
Adder graph: {{'A',[1,-1],1,0,[1,0],0,0,[0,-1],0,0},{'A',[-3,4],2,0,[1,0],0,0,[-1,1],1,2},{'A',[-3,20],3,0,[-3,4],2,0,[0,1],0,4},{'A',[29,20],4,0,[1,0],0,5,[-3,20],3,0},{'O',[-29,-20],4,[-29,-20],4,0}}
Adder graph: {{'A',[-3,0],1,0,[1,0],0,0,[-1,0],0,2},{'A',[-3,4],2,0,[0,1],0,2,[-3,0],1,0},{'A',[-3,20],3,0,[-3,4],2,0,[0,1],0,4},{'A',[29,20],4,0,[-3,20],3,0,[1,0],0,5},{'O',[-29,-20],4,[-29,-20],4,0}}
Finished solving after 7.029 seconds
Adder graph: {{'A',[-3,0],1,0,[1,0],0,0,[-1,0],0,2},{'A',[-3,4],2,0,[0,1],0,2,[-3,0],1,0},{'A',[-3,20],3,0,[-3,4],2,0,[0,1],0,4},{'A',[29,20],4,0,[-3,20],3,0,[1,0],0,5},{'O',[-29,-20],4,[-29,-20],4,0}}
#Add optimal = 1
#FAs optimal = 1
