Adder graph: {{'A',[-2,1],1,0,[0,1],0,0,[-1,0],0,1},{'A',[-34,17],2,0,[-2,1],1,0,[-2,1],1,4},{'A',[1,32],1,0,[1,0],0,0,[0,1],0,5},{'A',[2,1],1,0,[1,0],0,1,[0,1],0,0},{'A',[2,1],2,1,[2,1],1,0,[2,1],1,0},{'A',[17,24],2,0,[1,32],1,0,[2,-1],1,3},{'A',[21,26],3,0,[17,24],2,0,[2,1],2,1},{'A',[-26,21],3,0,[-34,17],2,0,[2,1],2,2},{'O',[-26,21],3,[-26,21],3,0},{'O',[-21,-26],3,[-21,-26],3,0}}
Adder graph: {{'A',[3,0],1,0,[1,0],0,0,[1,0],0,1},{'A',[-1,4],1,0,[0,1],0,2,[-1,0],0,0},{'A',[-7,28],2,0,[-1,4],1,3,[1,-4],1,0},{'A',[2,-1],1,0,[1,0],0,1,[0,-1],0,0},{'A',[3,-5],2,0,[2,-1],1,0,[1,-4],1,0},{'A',[14,-1],2,0,[3,0],1,2,[2,-1],1,0},{'A',[21,26],3,0,[-7,28],2,0,[14,-1],2,1},{'A',[26,-21],3,0,[14,-1],2,0,[3,-5],2,2},{'O',[-26,21],3,[-26,21],3,0},{'O',[-21,-26],3,[-21,-26],3,0}}
Adder graph: {{'A',[1,-1],1,0,[1,0],0,0,[0,-1],0,0},{'A',[2,1],1,0,[0,1],0,0,[1,0],0,1},{'A',[-2,1],1,0,[0,1],0,0,[-1,0],0,1},{'A',[10,-9],2,0,[1,-1],1,3,[2,-1],1,0},{'A',[31,17],2,0,[2,1],1,4,[-1,1],1,0},{'A',[-21,-26],3,0,[10,-9],2,0,[-31,-17],2,0},{'A',[-4,3],2,0,[-2,1],1,0,[-1,1],1,1},{'A',[-26,21],3,0,[-4,3],2,2,[-10,9],2,0},{'O',[-26,21],3,[-26,21],3,0},{'O',[-21,-26],3,[-21,-26],3,0}}
Adder graph: {{'A',[-1,0],1,0,[1,0],0,0,[-1,0],0,1},{'A',[0,-3],1,0,[0,1],0,0,[0,-1],0,2},{'A',[1,4],1,0,[1,0],0,0,[0,1],0,2},{'A',[2,11],2,0,[1,4],1,1,[0,3],1,0},{'A',[17,4],2,0,[1,4],1,0,[1,0],1,4},{'A',[21,26],3,0,[17,4],2,0,[2,11],2,1},{'A',[-3,4],2,0,[-1,0],1,2,[1,4],1,0},{'A',[-26,21],3,0,[-3,4],2,3,[-2,-11],2,0},{'O',[-26,21],3,[-26,21],3,0},{'O',[-21,-26],3,[-21,-26],3,0}}
Adder graph: {{'A',[1,-2],1,0,[1,0],0,0,[0,-1],0,1},{'A',[3,-6],2,0,[1,-2],1,2,[-1,2],1,0},{'A',[2,1],1,0,[1,0],0,1,[0,1],0,0},{'A',[-2,1],1,0,[0,1],0,0,[-1,0],0,1},{'A',[6,5],2,0,[-2,1],1,0,[2,1],1,2},{'A',[-2,1],2,0,[-2,1],1,1,[2,-1],1,0},{'A',[-21,-26],3,0,[3,-6],2,0,[-6,-5],2,2},{'A',[-26,21],3,0,[6,5],2,0,[-2,1],2,4},{'O',[-26,21],3,[-26,21],3,0},{'O',[-21,-26],3,[-21,-26],3,0}}
Adder graph: {{'A',[-1,1],1,0,[0,1],0,0,[-1,0],0,0},{'A',[-2,1],1,0,[0,1],0,0,[-1,0],0,1},{'A',[3,-3],2,0,[-1,1],1,0,[1,-1],1,2},{'A',[1,4],1,0,[1,0],0,0,[0,1],0,2},{'A',[-2,-3],2,0,[-1,1],1,0,[-1,-4],1,0},{'A',[5,2],2,0,[1,4],1,0,[2,-1],1,1},{'A',[-21,-26],3,0,[-2,-3],2,3,[-5,-2],2,0},{'A',[26,-21],3,0,[3,-3],2,3,[2,3],2,0},{'O',[-26,21],3,[-26,21],3,0},{'O',[-21,-26],3,[-21,-26],3,0}}
Adder graph: {{'A',[-1,1],1,0,[0,1],0,0,[-1,0],0,0},{'A',[1,1],1,0,[1,0],0,0,[0,1],0,0},{'A',[1,-4],1,0,[1,0],0,0,[0,-1],0,2},{'A',[2,-5],2,0,[1,-4],1,0,[1,-1],1,0},{'A',[3,3],2,0,[1,1],1,2,[-1,-1],1,0},{'A',[3,-2],2,0,[1,1],1,1,[1,-4],1,0},{'A',[-21,-26],3,0,[3,-2],2,0,[-3,-3],2,3},{'A',[26,-21],3,0,[2,-5],2,0,[3,-2],2,3},{'O',[-26,21],3,[-26,21],3,0},{'O',[-21,-26],3,[-21,-26],3,0}}
Adder graph: {{'A',[-1,1],1,0,[0,1],0,0,[-1,0],0,0},{'A',[2,0],1,0,[1,0],0,0,[1,0],0,0},{'A',[2,1],1,0,[1,0],0,1,[0,1],0,0},{'A',[3,3],2,0,[-1,1],1,0,[2,1],1,1},{'A',[-3,2],2,1,[-1,1],1,2,[-2,0],1,0},{'A',[-2,5],2,0,[2,1],1,0,[-1,1],1,2},{'A',[21,26],3,0,[-3,2],2,0,[3,3],2,3},{'A',[-26,21],3,0,[-3,2],2,3,[-2,5],2,0},{'O',[-26,21],3,[-26,21],3,0},{'O',[-21,-26],3,[-21,-26],3,0}}
Adder graph: {{'A',[2,1],1,0,[1,0],0,1,[0,1],0,0},{'A',[-1,1],1,0,[0,1],0,0,[-1,0],0,0},{'A',[3,3],2,0,[2,1],1,1,[-1,1],1,0},{'A',[1,0],1,0,[1,0],0,1,[-1,0],0,0},{'A',[3,-2],2,0,[1,0],1,0,[1,-1],1,1},{'A',[21,26],3,0,[3,3],2,3,[-3,2],2,0},{'A',[-2,5],2,0,[-1,1],1,2,[2,1],1,0},{'A',[-26,21],3,0,[-2,5],2,0,[-3,2],2,3},{'O',[-26,21],3,[-26,21],3,0},{'O',[-21,-26],3,[-21,-26],3,0}}
Finished solving after 9468.13 seconds
Adder graph: {{'A',[2,1],1,0,[1,0],0,1,[0,1],0,0},{'A',[-1,1],1,0,[0,1],0,0,[-1,0],0,0},{'A',[3,3],2,0,[2,1],1,1,[-1,1],1,0},{'A',[1,0],1,0,[1,0],0,1,[-1,0],0,0},{'A',[3,-2],2,0,[1,0],1,0,[1,-1],1,1},{'A',[21,26],3,0,[3,3],2,3,[-3,2],2,0},{'A',[-2,5],2,0,[-1,1],1,2,[2,1],1,0},{'A',[-26,21],3,0,[-2,5],2,0,[-3,2],2,3},{'O',[-26,21],3,[-26,21],3,0},{'O',[-21,-26],3,[-21,-26],3,0}}
#Add optimal = 1
#FAs optimal = 1
