Adder graph: {{'A',[-1,32],1,0,[0,1],0,5,[-1,0],0,0},{'A',[-1,4],1,0,[0,1],0,2,[-1,0],0,0},{'A',[8,-1],1,0,[1,0],0,3,[0,-1],0,0},{'A',[6,7],2,0,[8,-1],1,0,[-1,4],1,1},{'A',[-15,32],2,0,[-1,4],1,4,[1,-32],1,0},{'A',[31,28],2,0,[-1,32],1,0,[8,-1],1,2},{'A',[-25,-21],3,0,[6,7],2,0,[-31,-28],2,0},{'A',[21,-25],3,0,[6,7],2,0,[15,-32],2,0},{'O',[21,-25],3,[21,-25],3,0},{'O',[25,21],3,[25,21],3,0}}
Adder graph: {{'A',[-1,4],1,0,[0,1],0,2,[-1,0],0,0},{'A',[-15,0],1,0,[1,0],0,0,[-1,0],0,4},{'A',[29,4],2,0,[-1,4],1,0,[15,0],1,1},{'A',[-17,8],2,0,[-1,4],1,1,[-15,0],1,0},{'A',[0,-1],1,0,[0,1],0,0,[0,-1],0,1},{'A',[4,-17],2,0,[0,-1],1,0,[1,-4],1,2},{'A',[25,21],3,0,[29,4],2,0,[-4,17],2,0},{'A',[21,-25],3,0,[4,-17],2,0,[17,-8],2,0},{'O',[21,-25],3,[21,-25],3,0},{'O',[25,21],3,[25,21],3,0}}
Adder graph: {{'A',[1,2],1,0,[0,1],0,1,[1,0],0,0},{'A',[1,-2],1,0,[1,0],0,0,[0,-1],0,1},{'A',[1,1],1,0,[0,1],0,0,[1,0],0,0},{'A',[9,-14],2,0,[1,2],1,0,[1,-2],1,3},{'A',[-7,-6],2,0,[1,2],1,0,[-1,-1],1,3},{'A',[-3,-3],2,0,[1,1],1,0,[-1,-1],1,2},{'A',[-25,-21],3,0,[-7,-6],2,2,[3,3],2,0},{'A',[-21,25],3,0,[-3,-3],2,0,[-9,14],2,1},{'O',[21,-25],3,[21,-25],3,0},{'O',[25,21],3,[25,21],3,0}}
Adder graph: {{'A',[1,-1],1,0,[1,0],0,0,[0,-1],0,0},{'A',[15,-15],2,0,[1,-1],1,4,[-1,1],1,0},{'A',[1,1],1,0,[0,1],0,0,[1,0],0,0},{'A',[-1,3],2,0,[1,1],1,0,[-1,1],1,1},{'A',[3,-5],2,0,[1,-1],1,2,[-1,-1],1,0},{'A',[3,3],2,0,[1,1],1,1,[1,1],1,0},{'A',[-25,-21],3,0,[-1,3],2,0,[-3,-3],2,3},{'A',[21,-25],3,0,[3,-5],2,1,[15,-15],2,0},{'O',[21,-25],3,[21,-25],3,0},{'O',[25,21],3,[25,21],3,0}}
Adder graph: {{'A',[0,-7],1,0,[0,1],0,0,[0,-1],0,3},{'A',[1,0],1,0,[1,0],0,1,[-1,0],0,0},{'A',[-1,1],1,0,[0,1],0,0,[-1,0],0,0},{'A',[-1,-13],2,0,[0,-7],1,1,[-1,1],1,0},{'A',[-3,3],2,0,[-1,1],1,0,[-1,1],1,1},{'A',[3,1],2,0,[1,0],1,2,[-1,1],1,0},{'A',[-25,-21],3,0,[-1,-13],2,0,[-3,-1],2,3},{'A',[-21,25],3,0,[3,1],2,0,[-3,3],2,3},{'O',[21,-25],3,[21,-25],3,0},{'O',[25,21],3,[25,21],3,0}}
Adder graph: {{'A',[1,-1],1,0,[1,0],0,0,[0,-1],0,0},{'A',[1,1],1,0,[0,1],0,0,[1,0],0,0},{'A',[1,-3],2,0,[1,-1],1,1,[-1,-1],1,0},{'A',[-3,-3],2,0,[1,1],1,0,[-1,-1],1,2},{'A',[3,-3],2,0,[1,-1],1,2,[-1,1],1,0},{'A',[3,1],2,0,[1,-1],1,0,[1,1],1,1},{'A',[25,21],3,0,[1,-3],2,0,[3,3],2,3},{'A',[21,-25],3,0,[3,-3],2,3,[-3,-1],2,0},{'O',[21,-25],3,[21,-25],3,0},{'O',[25,21],3,[25,21],3,0}}
Finished solving after 11105.4 seconds
Adder graph: {{'A',[1,-1],1,0,[1,0],0,0,[0,-1],0,0},{'A',[1,1],1,0,[0,1],0,0,[1,0],0,0},{'A',[1,-3],2,0,[1,-1],1,1,[-1,-1],1,0},{'A',[-3,-3],2,0,[1,1],1,0,[-1,-1],1,2},{'A',[3,-3],2,0,[1,-1],1,2,[-1,1],1,0},{'A',[3,1],2,0,[1,-1],1,0,[1,1],1,1},{'A',[25,21],3,0,[1,-3],2,0,[3,3],2,3},{'A',[21,-25],3,0,[3,-3],2,3,[-3,-1],2,0},{'O',[21,-25],3,[21,-25],3,0},{'O',[25,21],3,[25,21],3,0}}
#Add optimal = 1
#FAs optimal = 1
