Adder graph: {{'M',[2;1;4],1,[1;1;1],0,[1;0;2]},{'A',[9;-3;17],2,[1;1;1],0,0,[2;-1;4],1,2},{'M',[1;-3;544],3,[1;1;1],0,[0;NaN;NaN],[9;-3;17],2,[NaN;0;5]},{'M',[2048;512;17],3,[1;1;1],0,[11;9;NaN],[9;-3;17],2,[NaN;NaN;0]},{'A',[2050;-518;1071],4,[1;-3;544],3,1,[2048;-512;-17],3,0},{'M',[144;-96;1],3,[1;1;1],0,[NaN;NaN;0],[9;-3;17],2,[4;5;NaN]},{'M',[2050;-1036;4],5,[1;1;1],0,[NaN;NaN;2],[2050;-518;1071],4,[0;1;NaN]},{'A',[-1906;940;-3],6,[144;-96;1],3,0,[-2050;1036;-4],5,0},{'M',[1152;940;-96],7,[9;-3;17],2,[7;NaN;NaN],[-1906;940;-3],6,[NaN;0;5]},{'M',[9;-24;1071],5,[9;-3;17],2,[0;3;NaN],[2050;-518;1071],4,[NaN;NaN;0]},{'A',[2313;1904;-1263],8,[1152;940;-96],7,1,[9;24;-1071],5,0},{'M',[9;-48;1071],5,[9;-3;17],2,[0;4;NaN],[2050;-518;1071],4,[NaN;NaN;0]},{'M',[288;-3;136],3,[9;-3;17],2,[5;0;3]},{'A',[297;-51;935],6,[9;-48;1071],5,0,[288;-3;-136],3,0},{'M',[2313;2;935],9,[1;1;1],0,[NaN;1;NaN],[2313;1904;-1263],8,[0;NaN;NaN],[297;-51;935],6,[NaN;NaN;0]},{'M',[1;-1632;1088],7,[1;1;1],0,[0;NaN;NaN],[9;-3;17],2,[NaN;NaN;6],[297;-51;935],6,[NaN;5;NaN]},{'A',[2311;-3262;3111],10,[2313;2;935],9,0,[-1;-1632;1088],7,1},{'M',[-1906;1904;935],9,[-1906;940;-3],6,[0;NaN;NaN],[2313;1904;-1263],8,[NaN;0;NaN],[297;-51;935],6,[NaN;NaN;0]},{'M',[576;-3;512],3,[1;1;1],0,[NaN;NaN;9],[9;-3;17],2,[6;0;NaN]},{'A',[-1330;1907;1447],10,[-1906;1904;935],9,0,[576;3;512],3,0},{'M',[2311;3760;1447],11,[-1906;940;-3],6,[NaN;2;NaN],[2311;-3262;3111],10,[0;NaN;NaN],[-1330;1907;1447],10,[NaN;NaN;0]},{'O',[2311;3760;1447],11,[2311;3760;1447],11,0},{'M',[-2660;-3262;-1263],11,[2313;1904;-1263],8,[NaN;NaN;0],[2311;-3262;3111],10,[NaN;0;NaN],[-1330;1907;1447],10,[1;NaN;NaN]},{'O',[2660;3262;1263],11,[2660;3262;1263],11,0},{'M',[594;1907;3111],11,[297;-51;935],6,[1;NaN;NaN],[2311;-3262;3111],10,[NaN;NaN;0],[-1330;1907;1447],10,[NaN;0;NaN]},{'O',[594;1907;3111],11,[594;1907;3111],11,0}}
Adder graph: {{'M',[1;2;64],1,[1;1;1],0,[0;1;6]},{'A',[-1;-3;-127],2,[1;1;1],0,0,[-1;-2;-64],1,1},{'M',[-1;-48;16],3,[1;1;1],0,[NaN;NaN;4],[-1;-3;-127],2,[0;4;NaN]},{'M',[-1;2;1],3,[1;1;1],0,[NaN;1;0],[-1;-3;-127],2,[0;NaN;NaN]},{'A',[-3;-190;63],4,[-1;-48;16],3,2,[1;2;-1],3,0},{'M',[-1;-760;63],5,[-1;-3;-127],2,[0;NaN;NaN],[-3;-190;63],4,[NaN;2;0]},{'M',[-12;-24;-127],5,[-1;-3;-127],2,[NaN;3;0],[-3;-190;63],4,[2;NaN;NaN]},{'A',[95;-952;1079],6,[-1;-760;63],5,0,[12;-24;127],5,3},{'M',[95;-952;504],7,[-3;-190;63],4,[NaN;NaN;3],[95;-952;1079],6,[0;0;NaN]},{'M',[1520;-3;1079],7,[-1;-3;-127],2,[NaN;0;NaN],[95;-952;1079],6,[4;NaN;0]},{'A',[-1330;-1907;-71],8,[95;-952;504],7,1,[-1520;-3;-1079],7,0},{'M',[95;-12160;-127],7,[-1;-3;-127],2,[NaN;NaN;0],[-3;-190;63],4,[NaN;6;NaN],[95;-952;1079],6,[0;NaN;NaN]},{'M',[-384;-190;-1136],9,[-3;-190;63],4,[7;0;NaN],[-1330;-1907;-71],8,[NaN;NaN;4]},{'A',[-289;-11970;-1263],10,[95;-12160;-127],7,0,[-384;190;-1136],9,0},{'M',[-289;-15232;-2032],11,[-1;-3;-127],2,[NaN;NaN;4],[95;-952;1079],6,[NaN;4;NaN],[-289;-11970;-1263],10,[0;NaN;NaN]},{'M',[8;-11970;1079],11,[1;1;1],0,[3;NaN;NaN],[95;-952;1079],6,[NaN;NaN;0],[-289;-11970;-1263],10,[NaN;0;NaN]},{'A',[-297;-3262;-3111],12,[-289;-15232;-2032],11,0,[-8;11970;-1079],11,0},{'M',[-2312;-952;1079],11,[95;-952;1079],6,[NaN;0;0],[-289;-11970;-1263],10,[3;NaN;NaN]},{'M',[-1;-12;-2526],11,[-1;-3;-127],2,[0;2;NaN],[-289;-11970;-1263],10,[NaN;NaN;1]},{'A',[-2311;-940;-1447],12,[-2312;-952;1079],11,0,[1;12;-2526],11,0},{'M',[-2311;-3760;-1447],13,[-2311;-940;-1447],12,[0;2;0]},{'O',[2311;3760;1447],13,[2311;3760;1447],13,0},{'M',[-2660;-3262;-1263],13,[-1330;-1907;-71],8,[1;NaN;NaN],[-289;-11970;-1263],10,[NaN;NaN;0],[-297;-3262;-3111],12,[NaN;0;NaN]},{'O',[2660;3262;1263],13,[2660;3262;1263],13,0},{'M',[-594;-1907;-3111],13,[-1330;-1907;-71],8,[NaN;0;NaN],[-297;-3262;-3111],12,[1;NaN;0]},{'O',[594;1907;3111],13,[594;1907;3111],13,0}}
Adder graph: {{'M',[4;1;4],1,[1;1;1],0,[2;0;2]},{'M',[1;16;1],1,[1;1;1],0,[0;4;0]},{'A',[6;34;6],2,[4;1;4],1,1,[-1;16;-1],1,1},{'M',[192;34;96],3,[6;34;6],2,[5;0;4]},{'M',[1;1088;2],3,[1;1;1],0,[0;NaN;1],[6;34;6],2,[NaN;5;NaN]},{'A',[190;-2142;92],4,[192;34;96],3,0,[-1;-1088;-2],3,1},{'M',[190;34;1472],5,[6;34;6],2,[NaN;0;NaN],[190;-2142;92],4,[0;NaN;4]},{'M',[192;34;6],3,[6;34;6],2,[5;0;0]},{'A',[-578;-102;1448],6,[190;34;1472],5,0,[-192;-34;-6],3,2},{'M',[16;-1632;1],7,[1;1;1],0,[4;NaN;0],[-578;-102;1448],6,[NaN;4;NaN]},{'M',[-578;1;1448],7,[1;1;1],0,[NaN;0;NaN],[-578;-102;1448],6,[0;NaN;0]},{'A',[594;-1631;-1447],8,[16;-1632;1],7,0,[578;1;-1448],7,0},{'M',[4;4;-1447],9,[1;1;1],0,[2;2;NaN],[594;-1631;-1447],8,[NaN;NaN;0]},{'M',[190;136;92],5,[6;34;6],2,[NaN;2;NaN],[190;-2142;92],4,[0;NaN;0]},{'A',[384;276;-1263],10,[4;4;-1447],9,0,[190;136;92],5,1},{'M',[190;276;1472],11,[190;-2142;92],4,[0;NaN;4],[384;276;-1263],10,[NaN;0;NaN]},{'M',[1520;-1631;-1447],9,[190;-2142;92],4,[3;NaN;NaN],[594;-1631;-1447],8,[NaN;0;0]},{'A',[-1330;1907;2919],12,[190;276;1472],11,0,[-1520;1631;1447],9,0},{'M',[-578;-2142;48],7,[6;34;6],2,[NaN;NaN;3],[190;-2142;92],4,[NaN;0;NaN],[-578;-102;1448],6,[0;NaN;NaN]},{'M',[1;7628;2919],13,[1;1;1],0,[0;NaN;NaN],[-1330;1907;2919],12,[NaN;2;0]},{'A',[-2311;-940;3111],14,[-578;-2142;48],7,2,[1;7628;2919],13,0},{'M',[-2311;-3760;-1447],15,[594;-1631;-1447],8,[NaN;NaN;0],[-2311;-940;3111],14,[0;2;NaN]},{'O',[2311;3760;1447],15,[2311;3760;1447],15,0},{'M',[-2660;-3262;-1263],13,[594;-1631;-1447],8,[NaN;1;NaN],[384;276;-1263],10,[NaN;NaN;0],[-1330;1907;2919],12,[1;NaN;NaN]},{'O',[2660;3262;1263],13,[2660;3262;1263],13,0},{'M',[594;1907;3111],15,[594;-1631;-1447],8,[0;NaN;NaN],[-1330;1907;2919],12,[NaN;0;NaN],[-2311;-940;3111],14,[NaN;NaN;0]},{'O',[594;1907;3111],15,[594;1907;3111],15,0}}
Adder graph: {{'M',[128;1;2],1,[1;1;1],0,[7;0;1]},{'M',[64;1;128],1,[1;1;1],0,[6;0;7]},{'A',[2304;34;-4092],2,[128;1;2],1,1,[64;1;-128],1,5},{'M',[4;1;512],1,[1;1;1],0,[2;0;9]},{'M',[1;136;64],3,[1;1;1],0,[0;NaN;6],[2304;34;-4092],2,[NaN;2;NaN]},{'A',[7;138;960],4,[4;1;512],1,1,[-1;136;-64],3,0},{'M',[7;1104;64],5,[1;1;1],0,[NaN;NaN;6],[7;138;960],4,[0;3;NaN]},{'M',[2304;34;8],3,[1;1;1],0,[NaN;NaN;3],[2304;34;-4092],2,[0;0;NaN]},{'A',[2311;1070;72],6,[7;1104;64],5,0,[2304;-34;8],3,0},{'M',[2311;1070;960],7,[7;138;960],4,[NaN;NaN;0],[2311;1070;72],6,[0;0;NaN]},{'M',[1;138;-4092],5,[1;1;1],0,[0;NaN;NaN],[2304;34;-4092],2,[NaN;NaN;0],[7;138;960],4,[NaN;0;NaN]},{'A',[578;233;1263],8,[2311;1070;960],7,-2,[1;-138;4092],5,-2},{'M',[578;1864;1263],9,[578;233;1263],8,[0;3;0]},{'M',[16;16;72],7,[1;1;1],0,[4;4;NaN],[2311;1070;72],6,[NaN;NaN;0]},{'A',[594;1880;1191],10,[578;1864;1263],9,0,[16;16;-72],7,0},{'M',[128;2140;1191],11,[1;1;1],0,[7;NaN;NaN],[2311;1070;72],6,[NaN;1;NaN],[594;1880;1191],10,[NaN;NaN;0]},{'M',[14;233;1920],9,[7;138;960],4,[1;NaN;1],[578;233;1263],8,[NaN;0;NaN]},{'A',[142;1907;3111],12,[128;2140;1191],11,0,[14;-233;1920],9,0},{'M',[142;1907;1191],13,[594;1880;1191],10,[NaN;NaN;0],[142;1907;3111],12,[0;0;NaN]},{'M',[594;138;128],11,[1;1;1],0,[NaN;NaN;7],[7;138;960],4,[NaN;0;NaN],[594;1880;1191],10,[0;NaN;NaN]},{'A',[1330;1631;1447],14,[142;1907;1191],13,0,[594;-138;128],11,1},{'M',[2311;3760;1447],15,[2311;1070;72],6,[0;NaN;NaN],[594;1880;1191],10,[NaN;1;NaN],[1330;1631;1447],14,[NaN;NaN;0]},{'O',[2311;3760;1447],15,[2311;3760;1447],15,0},{'M',[2660;3262;1263],15,[578;233;1263],8,[NaN;NaN;0],[1330;1631;1447],14,[1;1;NaN]},{'O',[2660;3262;1263],15,[2660;3262;1263],15,0},{'M',[594;1907;3111],13,[594;1880;1191],10,[0;NaN;NaN],[142;1907;3111],12,[NaN;0;0]},{'O',[594;1907;3111],13,[594;1907;3111],13,0}}
Adder graph: {{'M',[1;16;8],1,[1;1;1],0,[0;4;3]},{'M',[1;1;2],1,[1;1;1],0,[0;0;1]},{'A',[9;127;62],2,[1;16;8],1,3,[1;-1;-2],1,0},{'M',[18;1;4],3,[1;1;1],0,[NaN;0;2],[9;127;62],2,[1;NaN;NaN]},{'A',[37;3;-7],4,[1;1;1],0,0,[18;1;-4],3,1},{'M',[1;24;496],5,[1;1;1],0,[0;NaN;NaN],[9;127;62],2,[NaN;NaN;3],[37;3;-7],4,[NaN;3;NaN]},{'M',[9;3;-7],5,[9;127;62],2,[0;NaN;NaN],[37;3;-7],4,[NaN;0;0]},{'A',[-7;51;999],6,[1;24;496],5,1,[-9;3;7],5,0},{'M',[8;8;1],1,[1;1;1],0,[3;3;0]},{'M',[-14;96;62],7,[9;127;62],2,[NaN;NaN;0],[37;3;-7],4,[NaN;5;NaN],[-7;51;999],6,[1;NaN;NaN]},{'A',[2076;1856;132],8,[8;8;1],1,8,[14;-96;-62],7,1},{'M',[4736;1632;999],7,[37;3;-7],4,[7;NaN;NaN],[-7;51;999],6,[NaN;5;0]},{'M',[2076;1;264],9,[1;1;1],0,[NaN;0;NaN],[2076;1856;132],8,[0;NaN;1]},{'A',[2660;1631;1263],10,[4736;1632;999],7,0,[-2076;-1;264],9,0},{'M',[1;1856;2112],9,[1;1;1],0,[0;NaN;NaN],[2076;1856;132],8,[NaN;0;4]},{'M',[296;24;999],7,[37;3;-7],4,[3;3;NaN],[-7;51;999],6,[NaN;NaN;0]},{'A',[297;1880;3111],10,[1;1856;2112],9,0,[296;24;999],7,0},{'M',[2304;51;999],7,[9;127;62],2,[8;NaN;NaN],[-7;51;999],6,[NaN;0;0]},{'M',[-7;1856;-448],9,[37;3;-7],4,[NaN;NaN;6],[-7;51;999],6,[0;NaN;NaN],[2076;1856;132],8,[NaN;0;NaN]},{'A',[2311;1907;1447],10,[2304;51;999],7,0,[7;1856;448],9,0},{'M',[2311;3760;1447],11,[297;1880;3111],10,[NaN;1;NaN],[2311;1907;1447],10,[0;NaN;0]},{'O',[2311;3760;1447],11,[2311;3760;1447],11,0},{'M',[2660;3262;1263],11,[2660;1631;1263],10,[0;1;0]},{'O',[2660;3262;1263],11,[2660;3262;1263],11,0},{'M',[594;1907;3111],11,[297;1880;3111],10,[1;NaN;0],[2311;1907;1447],10,[NaN;0;NaN]},{'O',[594;1907;3111],11,[594;1907;3111],11,0}}
Adder graph: {{'M',[2;1;4],1,[1;1;1],0,[1;0;2]},{'A',[9;5;15],2,[2;1;4],1,2,[1;1;-1],0,0},{'M',[576;5;512],3,[1;1;1],0,[NaN;NaN;9],[9;5;15],2,[6;0;NaN]},{'M',[1;40;30],3,[1;1;1],0,[0;NaN;NaN],[9;5;15],2,[NaN;3;1]},{'A',[580;-155;632],4,[576;5;512],3,0,[1;-40;30],3,2},{'M',[1;128;1],1,[1;1;1],0,[0;7;0]},{'A',[-1159;438;-1263],5,[1;128;1],1,0,[-580;155;-632],4,1},{'M',[72;438;30],6,[9;5;15],2,[3;NaN;1],[-1159;438;-1263],5,[NaN;0;NaN]},{'M',[9;-155;-1263],6,[9;5;15],2,[0;NaN;NaN],[580;-155;632],4,[NaN;0;NaN],[-1159;438;-1263],5,[NaN;NaN;0]},{'A',[297;1907;1383],7,[72;438;30],6,2,[9;155;1263],6,0},{'M',[2048;1907;1383],8,[1;1;1],0,[11;NaN;NaN],[297;1907;1383],7,[NaN;0;0]},{'M',[18;5;16],3,[1;1;1],0,[NaN;NaN;4],[9;5;15],2,[1;0;NaN]},{'A',[1976;1887;1447],9,[2048;1907;1383],8,0,[-18;-5;16],3,2},{'M',[-1159;64;64],6,[1;1;1],0,[NaN;6;6],[-1159;438;-1263],5,[0;NaN;NaN]},{'A',[-2660;-1631;-1191],10,[-1159;64;64],6,2,[1976;-1887;-1447],9,0},{'M',[9;10;15],3,[9;5;15],2,[0;1;0]},{'M',[-1159;-2480;-1191],11,[580;-155;632],4,[NaN;4;NaN],[-1159;438;-1263],5,[0;NaN;NaN],[-2660;-1631;-1191],10,[NaN;NaN;0]},{'A',[2311;3760;3111],12,[9;10;15],3,7,[1159;2480;1191],11,0},{'M',[2311;3760;1447],13,[1976;1887;1447],9,[NaN;NaN;0],[2311;3760;3111],12,[0;0;NaN]},{'O',[2311;3760;1447],13,[2311;3760;1447],13,0},{'M',[-2660;-3262;-1263],11,[-1159;438;-1263],5,[NaN;NaN;0],[-2660;-1631;-1191],10,[0;1;NaN]},{'O',[2660;3262;1263],11,[2660;3262;1263],11,0},{'M',[594;1907;3111],13,[297;1907;1383],7,[1;0;NaN],[2311;3760;3111],12,[NaN;NaN;0]},{'O',[594;1907;3111],13,[594;1907;3111],13,0}}
Adder graph: {{'M',[4;1;8],1,[1;1;1],0,[2;0;3]},{'A',[7;3;15],2,[4;1;8],1,1,[-1;1;-1],0,0},{'M',[7;3;64],3,[1;1;1],0,[NaN;NaN;6],[7;3;15],2,[0;0;NaN]},{'M',[1;12;60],3,[1;1;1],0,[0;NaN;NaN],[7;3;15],2,[NaN;2;2]},{'A',[9;-21;184],4,[7;3;64],3,0,[1;-12;60],3,1},{'M',[7;-21;1920],5,[7;3;15],2,[0;NaN;7],[9;-21;184],4,[NaN;0;NaN]},{'M',[9;1;1],5,[1;1;1],0,[NaN;0;0],[9;-21;184],4,[0;NaN;NaN]},{'A',[2311;235;1664],6,[7;-21;1920],5,0,[9;1;-1],5,8},{'M',[224;96;1],3,[1;1;1],0,[NaN;NaN;0],[7;3;15],2,[5;5;NaN]},{'M',[9;-21;240],5,[7;3;15],2,[NaN;NaN;4],[9;-21;184],4,[0;0;NaN]},{'A',[215;117;-239],6,[224;96;1],3,0,[-9;21;-240],5,0},{'M',[215;235;-239],7,[2311;235;1664],6,[NaN;0;NaN],[215;117;-239],6,[0;NaN;0]},{'M',[512;3;512],3,[1;1;1],0,[9;NaN;9],[7;3;15],2,[NaN;0;NaN]},{'A',[-809;241;-1263],8,[215;235;-239],7,0,[-512;3;-512],3,1},{'M',[576;482;184],9,[9;-21;184],4,[6;NaN;0],[-809;241;-1263],8,[NaN;1;NaN]},{'M',[-3236;3744;-1263],9,[215;117;-239],6,[NaN;5;NaN],[-809;241;-1263],8,[2;NaN;0]},{'A',[-2660;-3262;1447],10,[576;482;184],9,0,[-3236;-3744;1263],9,0},{'M',[576;1928;1447],11,[9;-21;184],4,[6;NaN;NaN],[-809;241;-1263],8,[NaN;3;NaN],[-2660;-3262;1447],10,[NaN;NaN;0]},{'M',[18;-21;1664],7,[9;-21;184],4,[1;0;NaN],[2311;235;1664],6,[NaN;NaN;0]},{'A',[594;1907;3111],12,[576;1928;1447],11,0,[18;-21;1664],7,0},{'M',[2311;3760;1447],11,[2311;235;1664],6,[0;4;NaN],[-2660;-3262;1447],10,[NaN;NaN;0]},{'O',[2311;3760;1447],11,[2311;3760;1447],11,0},{'M',[-2660;-3262;-1263],11,[-809;241;-1263],8,[NaN;NaN;0],[-2660;-3262;1447],10,[0;0;NaN]},{'O',[2660;3262;1263],11,[2660;3262;1263],11,0},{'O',[594;1907;3111],12,[594;1907;3111],12,0}}
Adder graph: {{'M',[1;2;1],1,[1;1;1],0,[0;1;0]},{'A',[9;15;9],2,[1;2;1],1,3,[1;-1;1],0,0},{'M',[64;1;32],1,[1;1;1],0,[6;0;5]},{'M',[9;15;144],3,[9;15;9],2,[0;0;4]},{'A',[119;-13;208],4,[64;1;32],1,1,[-9;-15;144],3,0},{'M',[288;-13;208],5,[9;15;9],2,[5;NaN;NaN],[119;-13;208],4,[NaN;0;0]},{'M',[9;2048;9],3,[1;1;1],0,[NaN;11;NaN],[9;15;9],2,[0;NaN;0]},{'A',[2313;1944;1655],6,[288;-13;208],5,3,[9;2048;-9],3,0},{'M',[2;1920;208],5,[1;1;1],0,[1;NaN;NaN],[9;15;9],2,[NaN;7;NaN],[119;-13;208],4,[NaN;NaN;0]},{'M',[2313;-13;1655],7,[119;-13;208],4,[NaN;0;NaN],[2313;1944;1655],6,[0;NaN;0]},{'A',[-2311;1907;-1447],8,[2;1920;208],5,0,[-2313;-13;-1655],7,0},{'M',[72;16;208],5,[1;1;1],0,[NaN;4;NaN],[9;15;9],2,[3;NaN;NaN],[119;-13;208],4,[NaN;NaN;0]},{'M',[18;3888;-1447],9,[9;15;9],2,[1;NaN;NaN],[2313;1944;1655],6,[NaN;1;NaN],[-2311;1907;-1447],8,[NaN;NaN;0]},{'A',[594;-3760;3111],10,[72;16;208],5,3,[18;-3888;1447],9,0},{'M',[1904;-208;1655],7,[119;-13;208],4,[4;4;NaN],[2313;1944;1655],6,[NaN;NaN;0]},{'M',[4;1;1],1,[1;1;1],0,[2;0;0]},{'A',[3812;-417;3311],8,[1904;-208;1655],7,1,[4;-1;1],1,0},{'M',[9;16;16],3,[1;1;1],0,[NaN;4;4],[9;15;9],2,[0;NaN;NaN]},{'A',[2660;1631;1263],9,[3812;-417;3311],8,0,[-9;16;-16],3,7},{'M',[-2311;-3760;-1447],11,[-2311;1907;-1447],8,[0;NaN;0],[594;-3760;3111],10,[NaN;0;NaN]},{'O',[2311;3760;1447],11,[2311;3760;1447],11,0},{'M',[2660;3262;1263],10,[2660;1631;1263],9,[0;1;0]},{'O',[2660;3262;1263],10,[2660;3262;1263],10,0},{'M',[594;1907;3111],11,[-2311;1907;-1447],8,[NaN;0;NaN],[594;-3760;3111],10,[0;NaN;0]},{'O',[594;1907;3111],11,[594;1907;3111],11,0}}
Adder graph: {{'M',[2;1;1],1,[1;1;1],0,[1;0;0]},{'A',[33;17;15],2,[2;1;1],1,4,[1;1;-1],0,0},{'M',[8;34;15],3,[1;1;1],0,[3;NaN;NaN],[33;17;15],2,[NaN;1;0]},{'A',[129;543;239],4,[8;34;15],3,4,[1;-1;-1],0,0},{'M',[64;64;239],5,[1;1;1],0,[6;6;NaN],[129;543;239],4,[NaN;NaN;0]},{'M',[1;1;1024],1,[1;1;1],0,[0;0;10]},{'A',[65;63;1263],6,[64;64;239],5,0,[1;-1;1024],1,0},{'M',[65;63;15],7,[33;17;15],2,[NaN;NaN;0],[65;63;1263],6,[0;0;NaN]},{'M',[129;34;239],5,[33;17;15],2,[NaN;1;NaN],[129;543;239],4,[0;NaN;0]},{'A',[391;470;359],8,[65;63;15],7,3,[-129;-34;239],5,0},{'M',[66;504;1],7,[1;1;1],0,[NaN;NaN;0],[33;17;15],2,[1;NaN;NaN],[65;63;1263],6,[NaN;3;NaN]},{'A',[297;2033;11],8,[33;17;15],2,0,[66;504;-1],7,2},{'M',[2376;2033;11],9,[297;2033;11],8,[3;0;0]},{'M',[65;126;1436],9,[65;63;1263],6,[0;1;NaN],[391;470;359],8,[NaN;NaN;2]},{'A',[2311;1907;1447],10,[2376;2033;11],9,0,[-65;-126;1436],9,0},{'M',[264;136;359],9,[33;17;15],2,[3;3;NaN],[391;470;359],8,[NaN;NaN;0]},{'M',[782;543;239],9,[129;543;239],4,[NaN;0;0],[391;470;359],8,[1;NaN;NaN]},{'A',[1330;1631;3111],10,[264;136;359],9,3,[-782;543;239],9,0},{'M',[2311;3760;1447],11,[391;470;359],8,[NaN;3;NaN],[2311;1907;1447],10,[0;NaN;0]},{'O',[2311;3760;1447],11,[2311;3760;1447],11,0},{'M',[2660;3262;1263],11,[65;63;1263],6,[NaN;NaN;0],[1330;1631;3111],10,[1;1;NaN]},{'O',[2660;3262;1263],11,[2660;3262;1263],11,0},{'M',[594;1907;3111],11,[297;2033;11],8,[1;NaN;NaN],[2311;1907;1447],10,[NaN;0;NaN],[1330;1631;3111],10,[NaN;NaN;0]},{'O',[594;1907;3111],11,[594;1907;3111],11,0}}
Adder graph: {{'A',[10;6;10],1,[1;1;1],0,3,[1;-1;1],0,1},{'M',[10;192;10],2,[10;6;10],1,[0;5;0]},{'M',[1;2048;16],1,[1;1;1],0,[0;11;4]},{'A',[9;-1856;26],3,[10;192;10],2,0,[-1;-2048;16],1,0},{'M',[1152;6;10],4,[10;6;10],1,[NaN;0;0],[9;-1856;26],3,[7;NaN;NaN]},{'A',[2303;13;21],5,[1152;6;10],4,1,[-1;1;1],0,0},{'M',[10;13;336],6,[10;6;10],1,[0;NaN;NaN],[2303;13;21],5,[NaN;0;4]},{'A',[41;51;1343],7,[10;13;336],6,2,[1;-1;-1],0,0},{'M',[8;48;1343],8,[1;1;1],0,[3;NaN;NaN],[10;6;10],1,[NaN;3;NaN],[41;51;1343],7,[NaN;NaN;0]},{'M',[2303;-3712;80],6,[10;6;10],1,[NaN;NaN;3],[9;-1856;26],3,[NaN;1;NaN],[2303;13;21],5,[0;NaN;NaN]},{'A',[2311;3760;1263],9,[8;48;1343],8,0,[2303;3712;-80],6,0},{'M',[2624;3264;1343],8,[41;51;1343],7,[6;6;0]},{'M',[18;1;52],4,[1;1;1],0,[NaN;0;NaN],[9;-1856;26],3,[1;NaN;1]},{'A',[2660;3262;1447],9,[2624;3264;1343],8,0,[18;-1;52],4,1},{'M',[18;51;1447],10,[9;-1856;26],3,[1;NaN;NaN],[41;51;1343],7,[NaN;0;NaN],[2660;3262;1447],9,[NaN;NaN;0]},{'M',[576;-1856;1664],4,[9;-1856;26],3,[6;0;6]},{'A',[594;1907;3111],11,[18;51;1447],10,0,[576;1856;1664],4,0},{'M',[2311;3760;1447],10,[2311;3760;1263],9,[0;0;NaN],[2660;3262;1447],9,[NaN;NaN;0]},{'O',[2311;3760;1447],10,[2311;3760;1447],10,0},{'M',[2660;3262;1263],10,[2311;3760;1263],9,[NaN;NaN;0],[2660;3262;1447],9,[0;0;NaN]},{'O',[2660;3262;1263],10,[2660;3262;1263],10,0},{'O',[594;1907;3111],11,[594;1907;3111],11,0}}
Adder graph: {{'M',[1;1;2],1,[1;1;1],0,[0;0;1]},{'A',[3;3;5],2,[1;1;2],1,1,[1;1;1],0,0},{'M',[1;6;1],3,[1;1;1],0,[0;NaN;0],[3;3;5],2,[NaN;1;NaN]},{'M',[1;1;32],1,[1;1;1],0,[0;0;5]},{'A',[34;190;96],4,[1;6;1],3,5,[1;-1;32],1,1},{'M',[1;190;1],5,[1;1;1],0,[0;NaN;0],[34;190;96],4,[NaN;0;NaN]},{'M',[3;384;5],3,[3;3;5],2,[0;7;0]},{'A',[25;3262;-39],6,[1;190;1],5,0,[3;384;-5],3,3},{'M',[1536;3;1536],5,[3;3;5],2,[9;0;NaN],[34;190;96],4,[NaN;NaN;4]},{'M',[25;384;-39],7,[3;3;5],2,[NaN;7;NaN],[25;3262;-39],6,[0;NaN;0]},{'A',[1511;387;1575],8,[1536;3;1536],5,0,[-25;384;39],7,0},{'M',[8704;387;1575],9,[34;190;96],4,[8;NaN;NaN],[1511;387;1575],8,[NaN;0;0]},{'M',[1511;387;-78],9,[25;3262;-39],6,[NaN;NaN;1],[1511;387;1575],8,[0;0;NaN]},{'A',[2660;-1161;1263],10,[8704;387;1575],9,0,[-1511;-387;-78],9,2},{'M',[68;190;192],5,[34;190;96],4,[1;0;1]},{'M',[50;387;1575],9,[25;3262;-39],6,[1;NaN;NaN],[1511;387;1575],8,[NaN;0;0]},{'A',[594;1907;3111],10,[68;190;192],5,3,[50;387;1575],9,0},{'M',[1511;13048;1575],9,[25;3262;-39],6,[NaN;2;NaN],[1511;387;1575],8,[0;NaN;0]},{'M',[100;-1161;16],11,[1;1;1],0,[NaN;NaN;4],[25;3262;-39],6,[2;NaN;NaN],[2660;-1161;1263],10,[NaN;0;NaN]},{'A',[2311;3760;1447],12,[1511;13048;1575],9,0,[100;-1161;-16],11,3},{'O',[2311;3760;1447],12,[2311;3760;1447],12,0},{'M',[2660;3262;1263],11,[25;3262;-39],6,[NaN;0;NaN],[2660;-1161;1263],10,[0;NaN;0]},{'O',[2660;3262;1263],11,[2660;3262;1263],11,0},{'O',[594;1907;3111],10,[594;1907;3111],10,0}}
Finished solving after 14413.4 seconds
Adder graph: {{'M',[1;1;2],1,[1;1;1],0,[0;0;1]},{'A',[3;3;5],2,[1;1;2],1,1,[1;1;1],0,0},{'M',[1;6;1],3,[1;1;1],0,[0;NaN;0],[3;3;5],2,[NaN;1;NaN]},{'M',[1;1;32],1,[1;1;1],0,[0;0;5]},{'A',[34;190;96],4,[1;6;1],3,5,[1;-1;32],1,1},{'M',[1;190;1],5,[1;1;1],0,[0;NaN;0],[34;190;96],4,[NaN;0;NaN]},{'M',[3;384;5],3,[3;3;5],2,[0;7;0]},{'A',[25;3262;-39],6,[1;190;1],5,0,[3;384;-5],3,3},{'M',[1536;3;1536],5,[3;3;5],2,[9;0;NaN],[34;190;96],4,[NaN;NaN;4]},{'M',[25;384;-39],7,[3;3;5],2,[NaN;7;NaN],[25;3262;-39],6,[0;NaN;0]},{'A',[1511;387;1575],8,[1536;3;1536],5,0,[-25;384;39],7,0},{'M',[8704;387;1575],9,[34;190;96],4,[8;NaN;NaN],[1511;387;1575],8,[NaN;0;0]},{'M',[1511;387;-78],9,[25;3262;-39],6,[NaN;NaN;1],[1511;387;1575],8,[0;0;NaN]},{'A',[2660;-1161;1263],10,[8704;387;1575],9,0,[-1511;-387;-78],9,2},{'M',[68;190;192],5,[34;190;96],4,[1;0;1]},{'M',[50;387;1575],9,[25;3262;-39],6,[1;NaN;NaN],[1511;387;1575],8,[NaN;0;0]},{'A',[594;1907;3111],10,[68;190;192],5,3,[50;387;1575],9,0},{'M',[1511;13048;1575],9,[25;3262;-39],6,[NaN;2;NaN],[1511;387;1575],8,[0;NaN;0]},{'M',[100;-1161;16],11,[1;1;1],0,[NaN;NaN;4],[25;3262;-39],6,[2;NaN;NaN],[2660;-1161;1263],10,[NaN;0;NaN]},{'A',[2311;3760;1447],12,[1511;13048;1575],9,0,[100;-1161;-16],11,3},{'O',[2311;3760;1447],12,[2311;3760;1447],12,0},{'M',[2660;3262;1263],11,[25;3262;-39],6,[NaN;0;NaN],[2660;-1161;1263],10,[0;NaN;0]},{'O',[2660;3262;1263],11,[2660;3262;1263],11,0},{'O',[594;1907;3111],10,[594;1907;3111],10,0}}
# Add optimal = 0
# Mux optimal = 0
# FAs optimal = 0
