Adder graph: {{'M',[1;1;32],1,[1;1;1],0,[0;0;5]},{'M',[16;8;1],1,[1;1;1],0,[4;3;0]},{'A',[-63;-31;36],2,[1;1;32],1,0,[-16;-8;1],1,2},{'M',[64;-31;2],3,[1;1;1],0,[6;NaN;1],[-63;-31;36],2,[NaN;0;NaN]},{'M',[1;256;256],1,[1;1;1],0,[0;8;8]},{'A',[62;-543;-510],4,[64;-31;2],3,0,[-1;-256;-256],1,1},{'M',[-63;-248;576],3,[-63;-31;36],2,[0;3;4]},{'M',[124;-543;-510],5,[62;-543;-510],4,[1;0;0]},{'A',[-311;838;1596],6,[-63;-248;576],3,0,[-124;543;510],5,1},{'M',[1984;512;1],5,[1;1;1],0,[NaN;9;0],[62;-543;-510],4,[5;NaN;NaN]},{'M',[-63;2;72],3,[1;1;1],0,[NaN;1;NaN],[-63;-31;36],2,[0;NaN;1]},{'A',[4031;1026;-70],6,[1984;512;1],5,1,[63;2;-72],3,0},{'M',[-63;4104;32],7,[1;1;1],0,[NaN;NaN;5],[-63;-31;36],2,[0;NaN;NaN],[4031;1026;-70],6,[NaN;2;NaN]},{'M',[-1244;-31;36],7,[-63;-31;36],2,[NaN;0;0],[-311;838;1596],6,[2;NaN;NaN]},{'A',[1181;4073;68],8,[-63;4104;32],7,0,[1244;-31;36],7,0},{'M',[4031;-543;1596],7,[62;-543;-510],4,[NaN;0;NaN],[-311;838;1596],6,[NaN;NaN;0],[4031;1026;-70],6,[0;NaN;NaN]},{'M',[16;2052;1],7,[1;1;1],0,[4;NaN;0],[4031;1026;-70],6,[NaN;1;NaN]},{'A',[4015;-2595;1597],8,[4031;-543;1596],7,0,[-16;-2052;1],7,0},{'M',[2362;4073;3194],9,[1181;4073;68],8,[1;0;NaN],[4015;-2595;1597],8,[NaN;NaN;1]},{'O',[2362;4073;3194],9,[2362;4073;3194],9,0},{'M',[-1244;-2595;-70],9,[-311;838;1596],6,[2;NaN;NaN],[4031;1026;-70],6,[NaN;NaN;0],[4015;-2595;1597],8,[NaN;0;NaN]},{'O',[1244;2595;70],9,[1244;2595;70],9,0},{'M',[4015;838;272],9,[-311;838;1596],6,[NaN;0;NaN],[1181;4073;68],8,[NaN;NaN;2],[4015;-2595;1597],8,[0;NaN;NaN]},{'O',[4015;838;272],9,[4015;838;272],9,0}}
Adder graph: {{'M',[1;1;8],1,[1;1;1],0,[0;0;3]},{'M',[16;16;1],1,[1;1;1],0,[4;4;0]},{'A',[-31;-31;6],2,[1;1;8],1,0,[-16;-16;-1],1,1},{'M',[2;-31;1],3,[1;1;1],0,[1;NaN;0],[-31;-31;6],2,[NaN;0;NaN]},{'M',[-496;512;6],3,[1;1;1],0,[NaN;9;NaN],[-31;-31;6],2,[4;NaN;0]},{'A',[498;-543;-5],4,[2;-31;1],3,0,[496;-512;-6],3,0},{'M',[-124;512;6],3,[1;1;1],0,[NaN;9;NaN],[-31;-31;6],2,[2;NaN;0]},{'M',[498;1;-40],5,[1;1;1],0,[NaN;0;NaN],[498;-543;-5],4,[0;NaN;3]},{'A',[-1244;1026;-68],6,[-124;512;6],3,1,[-498;1;-40],5,1},{'M',[1992;-543;-40],5,[498;-543;-5],4,[2;0;3]},{'M',[128;2052;-5],7,[1;1;1],0,[7;NaN;NaN],[498;-543;-5],4,[NaN;NaN;0],[-1244;1026;-68],6,[NaN;1;NaN]},{'A',[1864;-2595;-35],8,[1992;-543;-40],5,0,[-128;-2052;5],7,0},{'M',[1864;-1086;2],9,[1;1;1],0,[NaN;NaN;1],[498;-543;-5],4,[NaN;1;NaN],[1864;-2595;-35],8,[0;NaN;NaN]},{'M',[498;-248;48],5,[-31;-31;6],2,[NaN;3;3],[498;-543;-5],4,[0;NaN;NaN]},{'A',[2362;-838;50],10,[1864;-1086;2],9,0,[498;248;48],5,0},{'M',[-31;-31;3200],11,[-31;-31;6],2,[0;0;NaN],[2362;-838;50],10,[NaN;NaN;6]},{'M',[3984;4104;6],7,[-31;-31;6],2,[NaN;NaN;0],[498;-543;-5],4,[3;NaN;NaN],[-1244;1026;-68],6,[NaN;2;NaN]},{'A',[-4015;4073;3194],12,[-31;-31;3200],11,0,[-3984;4104;-6],7,0},{'M',[2362;4073;3194],13,[2362;-838;50],10,[0;NaN;NaN],[-4015;4073;3194],12,[NaN;0;0]},{'O',[2362;4073;3194],13,[2362;4073;3194],13,0},{'M',[-1244;-2595;-70],9,[-1244;1026;-68],6,[0;NaN;NaN],[1864;-2595;-35],8,[NaN;0;1]},{'O',[1244;2595;70],9,[1244;2595;70],9,0},{'M',[-4015;-838;-272],13,[-1244;1026;-68],6,[NaN;NaN;2],[2362;-838;50],10,[NaN;0;NaN],[-4015;4073;3194],12,[0;NaN;NaN]},{'O',[4015;838;272],13,[4015;838;272],13,0}}
Adder graph: {{'M',[128;1;1],1,[1;1;1],0,[7;0;0]},{'M',[1;256;2],1,[1;1;1],0,[0;8;1]},{'A',[126;513;-3],2,[128;1;1],1,0,[-1;256;-2],1,1},{'M',[16;1;-3],3,[1;1;1],0,[4;0;NaN],[126;513;-3],2,[NaN;NaN;0]},{'M',[126;1;4],3,[1;1;1],0,[NaN;0;2],[126;513;-3],2,[0;NaN;NaN]},{'A',[386;31;-100],4,[16;1;-3],3,5,[-126;-1;-4],3,0},{'M',[2016;31;-3],5,[126;513;-3],2,[4;NaN;0],[386;31;-100],4,[NaN;0;NaN]},{'M',[386;256;-800],5,[1;1;1],0,[NaN;8;NaN],[386;31;-100],4,[0;NaN;3]},{'A',[1244;543;1597],6,[2016;31;-3],5,0,[-386;256;800],5,1},{'M',[1244;2052;1597],7,[126;513;-3],2,[NaN;2;NaN],[1244;543;1597],6,[0;NaN;0]},{'M',[126;31;-12288],5,[126;513;-3],2,[0;NaN;12],[386;31;-100],4,[NaN;0;NaN]},{'A',[2362;4073;15482],8,[1244;2052;1597],7,1,[-126;-31;12288],5,0},{'M',[1008;513;16],3,[1;1;1],0,[NaN;NaN;4],[126;513;-3],2,[3;0;NaN]},{'M',[16;543;-6],7,[1;1;1],0,[4;NaN;NaN],[126;513;-3],2,[NaN;NaN;1],[1244;543;1597],6,[NaN;0;NaN]},{'A',[4016;2595;70],8,[1008;513;16],3,2,[-16;543;6],7,0},{'M',[1;124;-400],5,[1;1;1],0,[0;NaN;NaN],[386;31;-100],4,[NaN;2;2]},{'M',[4016;543;128],9,[1;1;1],0,[NaN;NaN;7],[1244;543;1597],6,[NaN;0;NaN],[4016;2595;70],8,[0;NaN;NaN]},{'A',[-4015;-419;-272],10,[1;124;-400],5,0,[-4016;-543;128],9,0},{'M',[2362;4073;3194],9,[1244;543;1597],6,[NaN;NaN;1],[2362;4073;15482],8,[0;0;NaN]},{'O',[2362;4073;3194],9,[2362;4073;3194],9,0},{'M',[1244;2595;70],9,[1244;543;1597],6,[0;NaN;NaN],[4016;2595;70],8,[NaN;0;0]},{'O',[1244;2595;70],9,[1244;2595;70],9,0},{'M',[-4015;-838;-272],11,[-4015;-419;-272],10,[0;1;0]},{'O',[4015;838;272],11,[4015;838;272],11,0}}
Adder graph: {{'M',[16;1;1],1,[1;1;1],0,[4;0;0]},{'M',[32;2;1],1,[1;1;1],0,[5;1;0]},{'A',[-496;-31;17],2,[16;1;1],1,0,[-32;-2;1],1,4},{'M',[32;256;17],3,[1;1;1],0,[5;8;NaN],[-496;-31;17],2,[NaN;NaN;0]},{'M',[1;1;1088],3,[1;1;1],0,[0;0;NaN],[-496;-31;17],2,[NaN;NaN;6]},{'A',[63;513;-1054],4,[32;256;17],3,1,[-1;1;-1088],3,0},{'M',[2;513;68],5,[1;1;1],0,[1;NaN;NaN],[-496;-31;17],2,[NaN;NaN;2],[63;513;-1054],4,[NaN;0;NaN]},{'M',[4032;-31;1],5,[1;1;1],0,[NaN;NaN;0],[-496;-31;17],2,[NaN;0;NaN],[63;513;-1054],4,[6;NaN;NaN]},{'A',[-4016;4073;543],6,[2;513;68],5,3,[-4032;-31;-1],5,0},{'M',[252;-31;17],5,[-496;-31;17],2,[NaN;0;0],[63;513;-1054],4,[2;NaN;NaN]},{'M',[-496;256;17],3,[1;1;1],0,[NaN;8;NaN],[-496;-31;17],2,[0;NaN;0]},{'A',[1244;-543;-17],6,[252;-31;17],5,0,[496;-256;-17],3,1},{'M',[1;-543;1],7,[1;1;1],0,[0;NaN;0],[1244;-543;-17],6,[NaN;0;NaN]},{'M',[-4016;-124;-34],7,[-496;-31;17],2,[NaN;2;NaN],[-4016;4073;543],6,[0;NaN;NaN],[1244;-543;-17],6,[NaN;NaN;1]},{'A',[-4015;-419;35],8,[1;-543;1],7,0,[-4016;124;34],7,0},{'M',[1244;2052;543],7,[63;513;-1054],4,[NaN;2;NaN],[-4016;4073;543],6,[NaN;NaN;0],[1244;-543;-17],6,[0;NaN;NaN]},{'M',[63;-543;-1054],7,[63;513;-1054],4,[0;NaN;0],[1244;-543;-17],6,[NaN;0;NaN]},{'A',[1181;2595;1597],8,[1244;2052;543],7,0,[-63;543;1054],7,0},{'M',[2362;4073;3194],9,[-4016;4073;543],6,[NaN;0;NaN],[1181;2595;1597],8,[1;NaN;1]},{'O',[2362;4073;3194],9,[2362;4073;3194],9,0},{'M',[1244;2595;70],9,[1244;-543;-17],6,[0;NaN;NaN],[-4015;-419;35],8,[NaN;NaN;1],[1181;2595;1597],8,[NaN;0;NaN]},{'O',[1244;2595;70],9,[1244;2595;70],9,0},{'M',[-4015;-838;-272],9,[1244;-543;-17],6,[NaN;NaN;4],[-4015;-419;35],8,[0;1;NaN]},{'O',[4015;838;272],9,[4015;838;272],9,0}}
Adder graph: {{'M',[1;32;32],1,[1;1;1],0,[0;5;5]},{'M',[64;1;1],1,[1;1;1],0,[6;0;0]},{'A',[-63;31;31],2,[1;32;32],1,0,[-64;-1;-1],1,0},{'M',[64;31;128],3,[1;1;1],0,[6;NaN;7],[-63;31;31],2,[NaN;0;NaN]},{'M',[1;256;256],1,[1;1;1],0,[0;8;8]},{'A',[62;543;-384],4,[64;31;128],3,0,[-1;256;-256],1,1},{'M',[1;256;2],1,[1;1;1],0,[0;8;1]},{'M',[496;1;31],5,[1;1;1],0,[NaN;0;NaN],[-63;31;31],2,[NaN;NaN;0],[62;543;-384],4,[3;NaN;NaN]},{'A',[-494;513;35],6,[1;256;2],1,1,[-496;1;31],5,0},{'M',[32;513;64],7,[1;1;1],0,[5;NaN;6],[-494;513;35],6,[NaN;0;NaN]},{'M',[-494;543;560],7,[62;543;-384],4,[NaN;0;NaN],[-494;513;35],6,[0;NaN;4]},{'A',[622;2595;816],8,[32;513;64],7,2,[494;543;560],7,0},{'M',[622;124;816],9,[-63;31;31],2,[NaN;2;NaN],[622;2595;816],8,[0;NaN;0]},{'M',[-63;1086;35],7,[-63;31;31],2,[0;NaN;NaN],[62;543;-384],4,[NaN;1;NaN],[-494;513;35],6,[NaN;NaN;0]},{'A',[1181;-838;1597],10,[622;124;816],9,1,[-63;-1086;-35],7,0},{'M',[-494;513;1],7,[1;1;1],0,[NaN;NaN;0],[-494;513;35],6,[0;0;NaN]},{'M',[-63;31;280],7,[-63;31;31],2,[0;0;NaN],[-494;513;35],6,[NaN;NaN;3]},{'A',[-4015;4073;-272],8,[-494;513;1],7,3,[-63;-31;-280],7,0},{'M',[2362;4073;3194],11,[1181;-838;1597],10,[1;NaN;1],[-4015;4073;-272],8,[NaN;0;NaN]},{'O',[2362;4073;3194],11,[2362;4073;3194],11,0},{'M',[1244;2595;70],9,[-494;513;35],6,[NaN;NaN;1],[622;2595;816],8,[1;0;NaN]},{'O',[1244;2595;70],9,[1244;2595;70],9,0},{'M',[-4015;-838;-272],11,[1181;-838;1597],10,[NaN;0;NaN],[-4015;4073;-272],8,[0;NaN;0]},{'O',[4015;838;272],11,[4015;838;272],11,0}}
Adder graph: {{'M',[1;1;16],1,[1;1;1],0,[0;0;4]},{'M',[32;32;1],1,[1;1;1],0,[5;5;0]},{'A',[-31;-31;17],2,[1;1;16],1,0,[-32;-32;1],1,0},{'M',[1;-62;34],3,[1;1;1],0,[0;NaN;NaN],[-31;-31;17],2,[NaN;1;1]},{'M',[-248;1024;1],3,[1;1;1],0,[NaN;10;0],[-31;-31;17],2,[3;NaN;NaN]},{'A',[249;-1086;35],4,[1;-62;34],3,0,[248;-1024;1],3,0},{'M',[249;256;1],5,[1;1;1],0,[NaN;8;0],[249;-1086;35],4,[0;NaN;NaN]},{'M',[-1984;8;35],5,[1;1;1],0,[NaN;3;NaN],[-31;-31;17],2,[6;NaN;NaN],[249;-1086;35],4,[NaN;NaN;0]},{'A',[5968;4104;51],6,[249;256;1],5,4,[1984;8;35],5,0},{'M',[3984;-31;3264],7,[-31;-31;17],2,[NaN;0;NaN],[249;-1086;35],4,[4;NaN;NaN],[5968;4104;51],6,[NaN;NaN;6]},{'M',[-31;4104;70],7,[-31;-31;17],2,[0;NaN;NaN],[249;-1086;35],4,[NaN;NaN;1],[5968;4104;51],6,[NaN;0;NaN]},{'A',[4015;4073;3194],8,[3984;-31;3264],7,0,[31;4104;-70],7,0},{'M',[249;-62;34],5,[-31;-31;17],2,[NaN;1;1],[249;-1086;35],4,[0;NaN;NaN]},{'M',[-248;-1086;136],5,[-31;-31;17],2,[3;NaN;3],[249;-1086;35],4,[NaN;0;NaN]},{'A',[1244;838;272],6,[249;-62;34],5,2,[248;1086;136],5,0},{'M',[1244;-1086;35],7,[249;-1086;35],4,[NaN;0;0],[1244;838;272],6,[0;NaN;NaN]},{'A',[2362;2595;43],8,[5968;4104;51],6,-1,[-1244;1086;35],7,-1},{'M',[2362;4073;3194],9,[4015;4073;3194],8,[NaN;0;0],[2362;2595;43],8,[0;NaN;NaN]},{'O',[2362;4073;3194],9,[2362;4073;3194],9,0},{'M',[1244;2595;70],9,[249;-1086;35],4,[NaN;NaN;1],[1244;838;272],6,[0;NaN;NaN],[2362;2595;43],8,[NaN;0;NaN]},{'O',[1244;2595;70],9,[1244;2595;70],9,0},{'M',[4015;838;272],9,[4015;4073;3194],8,[0;NaN;NaN],[1244;838;272],6,[NaN;0;0]},{'O',[4015;838;272],9,[4015;838;272],9,0}}
Adder graph: {{'A',[-31;-31;-31],1,[1;1;1],0,0,[-1;-1;-1],0,5},{'M',[16;1;16],1,[1;1;1],0,[4;0;4]},{'M',[-31;512;-31],2,[1;1;1],0,[NaN;9;NaN],[-31;-31;-31],1,[0;NaN;0]},{'A',[47;513;47],3,[16;1;16],1,0,[31;512;31],2,0},{'M',[1;-31;1504],4,[1;1;1],0,[0;NaN;NaN],[-31;-31;-31],1,[NaN;0;NaN],[47;513;47],3,[NaN;NaN;5]},{'M',[-31;256;-31],2,[1;1;1],0,[NaN;8;NaN],[-31;-31;-31],1,[0;NaN;0]},{'A',[63;-543;1566],5,[1;-31;1504],4,0,[31;-256;31],2,1},{'M',[63;-124;1566],6,[-31;-31;-31],1,[NaN;2;NaN],[63;-543;1566],5,[0;NaN;0]},{'M',[-248;-543;-31],6,[-31;-31;-31],1,[3;NaN;0],[63;-543;1566],5,[NaN;0;NaN]},{'A',[311;419;1597],7,[63;-124;1566],6,0,[248;543;31],6,0},{'M',[311;513;2],8,[1;1;1],0,[NaN;NaN;1],[47;513;47],3,[NaN;0;NaN],[311;419;1597],7,[0;NaN;NaN]},{'M',[63;-543;-62],6,[-31;-31;-31],1,[NaN;NaN;1],[63;-543;1566],5,[0;0;NaN]},{'A',[1181;2595;70],9,[311;513;2],8,2,[-63;543;62],6,0},{'M',[47;4104;280],10,[47;513;47],3,[0;3;NaN],[1181;2595;70],9,[NaN;NaN;2]},{'M',[-3968;-31;8],2,[1;1;1],0,[NaN;NaN;3],[-31;-31;-31],1,[7;0;NaN]},{'A',[4015;4073;272],11,[47;4104;280],10,0,[3968;-31;-8],2,0},{'M',[2362;4073;3194],12,[311;419;1597],7,[NaN;NaN;1],[1181;2595;70],9,[1;NaN;NaN],[4015;4073;272],11,[NaN;0;NaN]},{'O',[2362;4073;3194],12,[2362;4073;3194],12,0},{'M',[1244;2595;70],10,[311;419;1597],7,[2;NaN;NaN],[1181;2595;70],9,[NaN;0;0]},{'O',[1244;2595;70],10,[1244;2595;70],10,0},{'M',[4015;838;272],12,[311;419;1597],7,[NaN;1;NaN],[4015;4073;272],11,[0;NaN;0]},{'O',[4015;838;272],12,[4015;838;272],12,0}}
Adder graph: {{'M',[1;1;8],1,[1;1;1],0,[0;0;3]},{'M',[64;1;8],1,[1;1;1],0,[6;0;3]},{'A',[1025;17;136],2,[1;1;8],1,0,[64;1;8],1,4},{'M',[128;1;1],1,[1;1;1],0,[7;0;0]},{'M',[1;17;1],3,[1;1;1],0,[0;NaN;0],[1025;17;136],2,[NaN;0;NaN]},{'A',[126;35;3],4,[128;1;1],1,0,[-1;17;1],3,1},{'M',[126;35;12],5,[126;35;3],4,[0;0;2]},{'M',[252;1;6],5,[1;1;1],0,[NaN;0;NaN],[126;35;3],4,[1;NaN;1]},{'A',[1260;279;102],6,[126;35;12],5,3,[252;-1;6],5,0},{'M',[4;35;8],5,[1;1;1],0,[2;NaN;3],[126;35;3],4,[NaN;0;NaN]},{'A',[1244;419;70],7,[1260;279;102],6,0,[-4;35;-8],5,2},{'M',[1260;544;102],7,[1025;17;136],2,[NaN;5;NaN],[1260;279;102],6,[0;NaN;0]},{'M',[1025;419;136],8,[1025;17;136],2,[0;NaN;0],[1244;419;70],7,[NaN;0;NaN]},{'A',[4015;2595;272],9,[1260;544;102],7,2,[-1025;419;-136],8,0},{'M',[126;279;70],8,[126;35;3],4,[0;NaN;NaN],[1260;279;102],6,[NaN;0;NaN],[1244;419;70],7,[NaN;NaN;0]},{'M',[1244;2176;1632],8,[1025;17;136],2,[NaN;7;NaN],[1260;279;102],6,[NaN;NaN;4],[1244;419;70],7,[0;NaN;NaN]},{'A',[-2362;-4073;-3194],9,[126;279;70],8,0,[-1244;-2176;-1632],8,1},{'O',[2362;4073;3194],9,[2362;4073;3194],9,0},{'M',[1244;2595;70],10,[1244;419;70],7,[0;NaN;0],[4015;2595;272],9,[NaN;0;NaN]},{'O',[1244;2595;70],10,[1244;2595;70],10,0},{'M',[4015;838;272],10,[1244;419;70],7,[NaN;1;NaN],[4015;2595;272],9,[0;NaN;0]},{'O',[4015;838;272],10,[4015;838;272],10,0}}
Adder graph: {{'M',[1;2;32],1,[1;1;1],0,[0;1;5]},{'A',[17;31;511],2,[1;2;32],1,4,[1;-1;-1],0,0},{'M',[1;8;1],1,[1;1;1],0,[0;3;0]},{'M',[1;31;511],3,[1;1;1],0,[0;NaN;NaN],[17;31;511],2,[NaN;0;0]},{'A',[63;543;-447],4,[1;8;1],1,6,[-1;31;-511],3,0},{'M',[17;248;4088],3,[17;31;511],2,[0;3;3]},{'M',[2016;543;-447],5,[63;543;-447],4,[5;0;0]},{'A',[-4015;-838;3194],6,[17;248;4088],3,0,[-2016;-543;-447],5,1},{'M',[4;1;1],1,[1;1;1],0,[2;0;0]},{'M',[63;512;16],5,[1;1;1],0,[NaN;9;4],[63;543;-447],4,[0;NaN;NaN]},{'A',[-236;2052;68],6,[4;1;1],1,2,[-63;512;16],5,2},{'M',[1008;543;2],5,[1;1;1],0,[NaN;NaN;1],[63;543;-447],4,[4;0;NaN]},{'A',[1244;2595;70],7,[1008;543;2],5,0,[236;2052;68],6,0},{'M',[1244;2052;68],8,[-236;2052;68],6,[NaN;0;0],[1244;2595;70],7,[0;NaN;NaN]},{'M',[126;31;272],7,[17;31;511],2,[NaN;0;NaN],[63;543;-447],4,[1;NaN;NaN],[-236;2052;68],6,[NaN;NaN;2]},{'A',[2362;4073;-136],9,[1244;2052;68],8,1,[-126;-31;-272],7,0},{'M',[2362;4073;3194],10,[-4015;-838;3194],6,[NaN;NaN;0],[2362;4073;-136],9,[0;0;NaN]},{'O',[2362;4073;3194],10,[2362;4073;3194],10,0},{'O',[1244;2595;70],7,[1244;2595;70],7,0},{'M',[-4015;-838;-272],10,[-4015;-838;3194],6,[0;0;NaN],[2362;4073;-136],9,[NaN;NaN;1]},{'O',[4015;838;272],10,[4015;838;272],10,0}}
Adder graph: {{'M',[1;1;2],1,[1;1;1],0,[0;0;1]},{'M',[8;8;1],1,[1;1;1],0,[3;3;0]},{'A',[-31;-31;-2],2,[1;1;2],1,0,[-8;-8;-1],1,2},{'M',[-3968;-31;-256],3,[-31;-31;-2],2,[7;0;7]},{'M',[2;64;-2],3,[1;1;1],0,[1;6;NaN],[-31;-31;-2],2,[NaN;NaN;0]},{'A',[-3984;-543;-272],4,[-3968;-31;-256],3,0,[-2;-64;-2],3,3},{'M',[-3984;-1086;-272],5,[-3984;-543;-272],4,[0;1;0]},{'M',[-31;-248;-128],3,[-31;-31;-2],2,[0;3;6]},{'A',[-4015;-838;-400],6,[-3984;-1086;-272],5,0,[-31;248;-128],3,0},{'M',[-31;256;-2],3,[1;1;1],0,[NaN;8;NaN],[-31;-31;-2],2,[0;NaN;0]},{'A',[-126;1026;-6],4,[-31;256;-2],3,2,[-1;1;1],0,1},{'M',[-992;-543;-64],5,[-31;-31;-2],2,[5;NaN;5],[-3984;-543;-272],4,[NaN;0;NaN]},{'M',[-252;2052;-6],5,[-126;1026;-6],4,[1;1;0]},{'A',[-1244;-2595;-70],6,[-992;-543;-64],5,0,[-252;-2052;-6],5,0},{'M',[-126;-31;-6],5,[-31;-31;-2],2,[NaN;0;NaN],[-126;1026;-6],4,[0;NaN;0]},{'M',[-1244;2052;-1600],7,[-4015;-838;-400],6,[NaN;NaN;2],[-126;1026;-6],4,[NaN;1;NaN],[-1244;-2595;-70],6,[0;NaN;NaN]},{'A',[2362;4073;3194],8,[-126;-31;-6],5,0,[1244;2052;1600],7,1},{'O',[2362;4073;3194],8,[2362;4073;3194],8,0},{'O',[1244;2595;70],6,[1244;2595;70],6,0},{'M',[-4015;-838;-272],7,[-3984;-543;-272],4,[NaN;NaN;0],[-4015;-838;-400],6,[0;0;NaN]},{'O',[4015;838;272],7,[4015;838;272],7,0}}
Adder graph: {{'M',[16;16;1],1,[1;1;1],0,[4;4;0]},{'A',[-31;-31;3],2,[1;1;1],0,0,[-16;-16;1],1,1},{'M',[-62;128;1],3,[1;1;1],0,[NaN;7;0],[-31;-31;3],2,[1;NaN;NaN]},{'M',[1;1;96],3,[1;1;1],0,[0;0;NaN],[-31;-31;3],2,[NaN;NaN;5]},{'A',[-498;1026;200],4,[-62;128;1],3,3,[-1;1;96],3,1},{'M',[2;-31;2],3,[1;1;1],0,[1;NaN;1],[-31;-31;3],2,[NaN;0;NaN]},{'M',[1;4;1],1,[1;1;1],0,[0;2;0]},{'A',[-126;-543;130],4,[2;-31;2],3,0,[-1;-4;1],1,7},{'M',[-996;1026;400],5,[-498;1026;200],4,[1;0;1]},{'A',[-4015;4073;1597],6,[-996;1026;400],5,2,[-31;-31;-3],2,0},{'M',[-248;-543;130],5,[-31;-31;3],2,[3;NaN;NaN],[-126;-543;130],4,[NaN;0;0]},{'M',[-996;2052;200],5,[-498;1026;200],4,[1;1;0]},{'A',[-1244;-2595;-70],6,[-248;-543;130],5,0,[-996;-2052;-200],5,0},{'M',[-126;-543;4],5,[1;1;1],0,[NaN;NaN;2],[-126;-543;130],4,[0;0;NaN]},{'M',[-1244;-62;-70],7,[-31;-31;3],2,[NaN;1;NaN],[-1244;-2595;-70],6,[0;NaN;0]},{'A',[2362;-419;-136],8,[-126;-543;4],5,0,[1244;62;-70],7,1},{'M',[2362;4073;3194],9,[-4015;4073;1597],6,[NaN;0;1],[2362;-419;-136],8,[0;NaN;NaN]},{'O',[2362;4073;3194],9,[2362;4073;3194],9,0},{'O',[1244;2595;70],6,[1244;2595;70],6,0},{'M',[-4015;-838;-272],9,[-4015;4073;1597],6,[0;NaN;NaN],[2362;-419;-136],8,[NaN;1;1]},{'O',[4015;838;272],9,[4015;838;272],9,0}}
Adder graph: {{'M',[16;16;1],1,[1;1;1],0,[4;4;0]},{'A',[31;31;3],2,[16;16;1],1,1,[-1;-1;1],0,0},{'M',[1;16;1],1,[1;1;1],0,[0;4;0]},{'A',[63;543;35],3,[1;16;1],1,5,[31;31;3],2,0},{'M',[63;62;35],4,[31;31;3],2,[NaN;1;NaN],[63;543;35],3,[0;NaN;0]},{'M',[496;543;35],4,[31;31;3],2,[4;NaN;NaN],[63;543;35],3,[NaN;0;0]},{'A',[1244;-838;70],5,[63;62;35],4,2,[496;-543;-35],4,1},{'M',[1;1;384],3,[1;1;1],0,[0;0;NaN],[31;31;3],2,[NaN;NaN;7]},{'M',[31;64;3],3,[1;1;1],0,[NaN;6;NaN],[31;31;3],2,[0;NaN;0]},{'A',[-247;513;408],4,[1;1;384],3,0,[-31;64;3],3,3},{'M',[1244;2052;1632],6,[1244;-838;70],5,[0;NaN;NaN],[-247;513;408],4,[NaN;2;2]},{'M',[126;31;70],4,[31;31;3],2,[NaN;0;NaN],[63;543;35],3,[1;NaN;1]},{'A',[2362;4073;3194],7,[1244;2052;1632],6,1,[-126;-31;-70],4,0},{'M',[-988;513;2],5,[1;1;1],0,[NaN;NaN;1],[-247;513;408],4,[2;0;NaN]},{'M',[63;543;280],6,[63;543;35],3,[0;0;NaN],[1244;-838;70],5,[NaN;NaN;2]},{'A',[-4015;2595;-272],7,[-988;513;2],5,2,[-63;543;-280],6,0},{'O',[2362;4073;3194],7,[2362;4073;3194],7,0},{'M',[1244;2595;70],8,[1244;-838;70],5,[0;NaN;0],[-4015;2595;-272],7,[NaN;0;NaN]},{'O',[1244;2595;70],8,[1244;2595;70],8,0},{'M',[-4015;-838;-272],8,[1244;-838;70],5,[NaN;0;NaN],[-4015;2595;-272],7,[0;NaN;0]},{'O',[4015;838;272],8,[4015;838;272],8,0}}
Adder graph: {{'A',[-31;-31;33],1,[1;1;1],0,0,[-1;-1;1],0,5},{'M',[16;512;1],1,[1;1;1],0,[4;9;0]},{'A',[47;543;34],2,[16;512;1],1,0,[31;31;33],1,0},{'M',[-992;-31;33],2,[-31;-31;33],1,[5;0;0]},{'A',[4015;419;-98],3,[47;543;34],2,0,[992;-31;-33],2,2},{'M',[256;1;1],1,[1;1;1],0,[8;0;0]},{'M',[47;512;-392],4,[1;1;1],0,[NaN;9;NaN],[47;543;34],2,[0;NaN;NaN],[4015;419;-98],3,[NaN;NaN;2]},{'A',[1212;2052;-1564],5,[256;1;1],1,2,[47;512;-392],4,2},{'M',[1212;2052;1],6,[1;1;1],0,[NaN;NaN;0],[1212;2052;-1564],5,[0;0;NaN]},{'M',[32;543;34],3,[1;1;1],0,[5;NaN;NaN],[47;543;34],2,[NaN;0;0]},{'A',[1244;2595;35],7,[1212;2052;1],6,0,[32;543;34],3,0},{'M',[-62;-31;66],2,[-31;-31;33],1,[1;0;1]},{'A',[2362;4073;3194],6,[-62;-31;66],2,0,[1212;2052;1564],5,1},{'O',[2362;4073;3194],6,[2362;4073;3194],6,0},{'M',[1244;2595;70],8,[1244;2595;35],7,[0;0;1]},{'O',[1244;2595;70],8,[1244;2595;70],8,0},{'M',[4015;838;272],4,[47;543;34],2,[NaN;NaN;3],[4015;419;-98],3,[0;1;NaN]},{'O',[4015;838;272],4,[4015;838;272],4,0}}
Adder graph: {{'M',[2;1;1],1,[1;1;1],0,[1;0;0]},{'A',[-31;17;17],2,[1;1;1],0,0,[-2;1;1],1,4},{'A',[126;70;70],3,[1;1;1],0,1,[31;17;17],2,2},{'M',[2;1;2],1,[1;1;1],0,[1;0;1]},{'A',[502;279;282],4,[126;70;70],3,2,[-2;-1;2],1,0},{'M',[2008;70;70],5,[126;70;70],3,[NaN;0;0],[502;279;282],4,[2;NaN;NaN]},{'M',[1;279;4],5,[1;1;1],0,[0;NaN;2],[502;279;282],4,[NaN;0;NaN]},{'A',[4015;419;136],6,[2008;70;70],5,1,[-1;279;-4],5,0},{'M',[126;1088;1088],4,[-31;17;17],2,[NaN;6;6],[126;70;70],3,[0;NaN;NaN]},{'M',[-992;419;544],7,[-31;17;17],2,[5;NaN;5],[4015;419;136],6,[NaN;0;NaN]},{'A',[1244;2595;1632],8,[126;1088;1088],4,1,[992;419;-544],7,0},{'M',[126;279;70],5,[126;70;70],3,[0;NaN;0],[502;279;282],4,[NaN;0;NaN]},{'M',[1244;2176;1632],9,[-31;17;17],2,[NaN;7;NaN],[1244;2595;1632],8,[0;NaN;0]},{'A',[-2362;-4073;-3194],10,[126;279;70],5,0,[-1244;-2176;-1632],9,1},{'O',[2362;4073;3194],10,[2362;4073;3194],10,0},{'M',[1244;2595;70],9,[126;70;70],3,[NaN;NaN;0],[1244;2595;1632],8,[0;0;NaN]},{'O',[1244;2595;70],9,[1244;2595;70],9,0},{'M',[4015;838;272],7,[4015;419;136],6,[0;1;1]},{'O',[4015;838;272],7,[4015;838;272],7,0}}
Finished solving after 7227.86 seconds
Adder graph: {{'M',[2;1;1],1,[1;1;1],0,[1;0;0]},{'A',[-31;17;17],2,[1;1;1],0,0,[-2;1;1],1,4},{'A',[126;70;70],3,[1;1;1],0,1,[31;17;17],2,2},{'M',[2;1;2],1,[1;1;1],0,[1;0;1]},{'A',[502;279;282],4,[126;70;70],3,2,[-2;-1;2],1,0},{'M',[2008;70;70],5,[126;70;70],3,[NaN;0;0],[502;279;282],4,[2;NaN;NaN]},{'M',[1;279;4],5,[1;1;1],0,[0;NaN;2],[502;279;282],4,[NaN;0;NaN]},{'A',[4015;419;136],6,[2008;70;70],5,1,[-1;279;-4],5,0},{'M',[126;1088;1088],4,[-31;17;17],2,[NaN;6;6],[126;70;70],3,[0;NaN;NaN]},{'M',[-992;419;544],7,[-31;17;17],2,[5;NaN;5],[4015;419;136],6,[NaN;0;NaN]},{'A',[1244;2595;1632],8,[126;1088;1088],4,1,[992;419;-544],7,0},{'M',[126;279;70],5,[126;70;70],3,[0;NaN;0],[502;279;282],4,[NaN;0;NaN]},{'M',[1244;2176;1632],9,[-31;17;17],2,[NaN;7;NaN],[1244;2595;1632],8,[0;NaN;0]},{'A',[-2362;-4073;-3194],10,[126;279;70],5,0,[-1244;-2176;-1632],9,1},{'O',[2362;4073;3194],10,[2362;4073;3194],10,0},{'M',[1244;2595;70],9,[126;70;70],3,[NaN;NaN;0],[1244;2595;1632],8,[0;0;NaN]},{'O',[1244;2595;70],9,[1244;2595;70],9,0},{'M',[4015;838;272],7,[4015;419;136],6,[0;1;1]},{'O',[4015;838;272],7,[4015;838;272],7,0}}
# Add optimal = 1
# Mux optimal = 0
# FAs optimal = 0
