Adder graph: {{'M',[8;16;1],1,[1;1;1],0,[3;4;0]},{'M',[1;1;4],1,[1;1;1],0,[0;0;2]},{'A',[7;15;-3],2,[8;16;1],1,0,[-1;-1;-4],1,0},{'M',[7;16;-3],3,[1;1;1],0,[NaN;4;NaN],[7;15;-3],2,[0;NaN;0]},{'M',[1;256;256],1,[1;1;1],0,[0;8;8]},{'A',[54;-384;488],4,[7;16;-3],3,3,[-1;-256;256],1,1},{'M',[54;480;-384],5,[7;15;-3],2,[NaN;5;7],[54;-384;488],4,[0;NaN;NaN]},{'A',[61;465;-381],6,[54;480;-384],5,0,[7;-15;3],2,0},{'M',[61;15;1],7,[1;1;1],0,[NaN;NaN;0],[7;15;-3],2,[NaN;0;NaN],[61;465;-381],6,[0;NaN;NaN]},{'M',[488;-384;16],7,[1;1;1],0,[NaN;NaN;4],[54;-384;488],4,[NaN;0;NaN],[61;465;-381],6,[3;NaN;NaN]},{'A',[549;399;17],8,[61;15;1],7,0,[488;384;16],7,0},{'M',[1;1920;976],5,[1;1;1],0,[0;NaN;NaN],[7;15;-3],2,[NaN;7;NaN],[54;-384;488],4,[NaN;NaN;1]},{'M',[3584;399;-381],9,[7;15;-3],2,[9;NaN;NaN],[61;465;-381],6,[NaN;NaN;0],[549;399;17],8,[NaN;0;NaN]},{'A',[3585;2319;1357],10,[1;1920;976],5,0,[3584;399;381],9,0},{'M',[3585;798;2714],11,[549;399;17],8,[NaN;1;NaN],[3585;2319;1357],10,[0;NaN;1]},{'M',[216;465;-381],7,[54;-384;488],4,[2;NaN;NaN],[61;465;-381],6,[NaN;0;0]},{'A',[3801;1263;2333],12,[3585;798;2714],11,0,[216;465;-381],7,0},{'M',[3801;2319;2333],13,[3585;2319;1357],10,[NaN;0;NaN],[3801;1263;2333],12,[0;NaN;0]},{'O',[3801;2319;2333],13,[3801;2319;2333],13,0},{'M',[1792;3720;1357],11,[7;15;-3],2,[8;NaN;NaN],[61;465;-381],6,[NaN;3;NaN],[3585;2319;1357],10,[NaN;NaN;0]},{'O',[1792;3720;1357],11,[1792;3720;1357],11,0},{'M',[549;2526;68],13,[549;399;17],8,[0;NaN;2],[3801;1263;2333],12,[NaN;1;NaN]},{'O',[549;2526;68],13,[549;2526;68],13,0}}
Adder graph: {{'M',[1;16;1],1,[1;1;1],0,[0;4;0]},{'M',[1;8;1],1,[1;1;1],0,[0;3;0]},{'A',[34;528;30],2,[1;16;1],1,5,[1;8;-1],1,1},{'M',[272;512;30],3,[1;1;1],0,[NaN;9;NaN],[34;528;30],2,[3;NaN;0]},{'A',[-543;-1023;-59],4,[1;1;1],0,0,[-272;-512;-30],3,1},{'M',[-543;2;-59],5,[1;1;1],0,[NaN;1;NaN],[-543;-1023;-59],4,[0;NaN;0]},{'M',[-543;1;-59],5,[1;1;1],0,[NaN;0;NaN],[-543;-1023;-59],4,[0;NaN;0]},{'A',[-3801;15;-413],6,[-543;2;-59],5,3,[543;-1;59],5,0},{'M',[4;120;-413],7,[1;1;1],0,[2;NaN;NaN],[-3801;15;-413],6,[NaN;3;0]},{'M',[1;3840;-944],7,[1;1;1],0,[0;NaN;NaN],[-543;-1023;-59],4,[NaN;NaN;4],[-3801;15;-413],6,[NaN;8;NaN]},{'A',[3;-3720;-1357],8,[4;120;-413],7,0,[-1;-3840;-944],7,0},{'M',[-543;-1023;60],5,[34;528;30],2,[NaN;NaN;1],[-543;-1023;-59],4,[0;0;NaN]},{'M',[3;120;64],9,[1;1;1],0,[NaN;NaN;6],[-3801;15;-413],6,[NaN;3;NaN],[3;-3720;-1357],8,[0;NaN;NaN]},{'A',[-549;-1263;-68],10,[-543;-1023;60],5,0,[-3;-120;-64],9,1},{'M',[2;-1263;-413],11,[1;1;1],0,[1;NaN;NaN],[-3801;15;-413],6,[NaN;NaN;0],[-549;-1263;-68],10,[NaN;0;NaN]},{'M',[8;528;960],3,[1;1;1],0,[3;NaN;NaN],[34;528;30],2,[NaN;0;5]},{'A',[-14;-2319;-2333],12,[2;-1263;-413],11,0,[-8;-528;-960],3,1},{'M',[-3801;-2319;-2333],13,[-3801;15;-413],6,[0;NaN;NaN],[-14;-2319;-2333],12,[NaN;0;0]},{'O',[3801;2319;2333],13,[3801;2319;2333],13,0},{'M',[-1792;-3720;-1357],13,[3;-3720;-1357],8,[NaN;0;0],[-14;-2319;-2333],12,[7;NaN;NaN]},{'O',[1792;3720;1357],13,[1792;3720;1357],13,0},{'M',[-549;-2526;-68],11,[-549;-1263;-68],10,[0;1;0]},{'O',[549;2526;68],11,[549;2526;68],11,0}}
Adder graph: {{'M',[32;1;1],1,[1;1;1],0,[5;0;0]},{'M',[1;4;1],1,[1;1;1],0,[0;2;0]},{'A',[28;-15;-3],2,[32;1;1],1,0,[-1;-4;-1],1,2},{'M',[512;-15;-3],3,[1;1;1],0,[9;NaN;NaN],[28;-15;-3],2,[NaN;0;0]},{'M',[1;1;1024],1,[1;1;1],0,[0;0;10]},{'A',[8193;-239;976],4,[512;-15;-3],3,4,[1;1;1024],1,0},{'M',[8;-30;976],5,[1;1;1],0,[3;NaN;NaN],[28;-15;-3],2,[NaN;1;NaN],[8193;-239;976],4,[NaN;NaN;0]},{'M',[8;-15;-3],3,[1;1;1],0,[3;NaN;NaN],[28;-15;-3],2,[NaN;0;0]},{'A',[520;930;1168],6,[8;-30;976],5,0,[8;15;3],3,6},{'M',[28;2048;-3],3,[1;1;1],0,[NaN;11;NaN],[28;-15;-3],2,[0;NaN;0]},{'M',[520;-478;2336],7,[8193;-239;976],4,[NaN;1;NaN],[520;930;1168],6,[0;NaN;1]},{'A',[548;2526;2333],8,[28;2048;-3],3,0,[520;478;2336],7,0},{'M',[1;-239;976],5,[1;1;1],0,[0;NaN;NaN],[8193;-239;976],4,[NaN;0;0]},{'A',[549;2287;1357],9,[548;2526;2333],8,0,[1;-239;-976],5,0},{'M',[8193;32;32],5,[1;1;1],0,[NaN;5;5],[8193;-239;976],4,[0;NaN;NaN]},{'M',[4392;2287;2],10,[1;1;1],0,[NaN;NaN;1],[549;2287;1357],9,[3;0;NaN]},{'A',[3801;2319;34],11,[8193;32;32],5,0,[-4392;2287;2],10,0},{'M',[3801;2319;2333],12,[548;2526;2333],8,[NaN;NaN;0],[3801;2319;34],11,[0;0;NaN]},{'O',[3801;2319;2333],12,[3801;2319;2333],12,0},{'M',[1792;3720;1357],10,[28;-15;-3],2,[6;NaN;NaN],[520;930;1168],6,[NaN;2;NaN],[549;2287;1357],9,[NaN;NaN;0]},{'O',[1792;3720;1357],10,[1792;3720;1357],10,0},{'M',[549;2526;68],12,[548;2526;2333],8,[NaN;0;NaN],[549;2287;1357],9,[0;NaN;NaN],[3801;2319;34],11,[NaN;NaN;1]},{'O',[549;2526;68],12,[549;2526;68],12,0}}
Adder graph: {{'M',[2;4;1],1,[1;1;1],0,[1;2;0]},{'M',[1;2;1],1,[1;1;1],0,[0;1;0]},{'A',[-14;36;-15],2,[2;4;1],1,0,[-1;2;-1],1,4},{'M',[-112;36;-15],3,[-14;36;-15],2,[3;0;0]},{'A',[-447;145;-61],4,[-112;36;-15],3,2,[1;1;-1],0,0},{'M',[-447;512;-61],5,[1;1;1],0,[NaN;9;NaN],[-447;145;-61],4,[0;NaN;0]},{'M',[512;145;512],5,[1;1;1],0,[9;NaN;9],[-447;145;-61],4,[NaN;0;NaN]},{'A',[577;222;-1085],6,[-447;512;-61],5,0,[512;-145;-512],5,1},{'M',[577;444;2],7,[1;1;1],0,[NaN;NaN;1],[577;222;-1085],6,[0;1;NaN]},{'M',[-28;2304;-15],3,[-14;36;-15],2,[1;6;0]},{'A',[549;-1860;17],8,[577;444;2],7,0,[-28;-2304;15],3,0},{'M',[-14;2304;272],9,[-14;36;-15],2,[0;6;NaN],[549;-1860;17],8,[NaN;NaN;4]},{'A',[591;2526;-1357],10,[577;222;-1085],6,0,[14;2304;-272],9,0},{'M',[591;1;-1357],11,[1;1;1],0,[NaN;0;NaN],[591;2526;-1357],10,[0;NaN;0]},{'M',[549;290;-122],9,[-447;145;-61],4,[NaN;1;1],[549;-1860;17],8,[0;NaN;NaN]},{'A',[-3801;-2319;-2333],12,[591;1;-1357],11,0,[-549;-290;-122],9,3},{'O',[3801;2319;2333],12,[3801;2319;2333],12,0},{'M',[-1792;-3720;-1357],11,[-14;36;-15],2,[7;NaN;NaN],[549;-1860;17],8,[NaN;1;NaN],[591;2526;-1357],10,[NaN;NaN;0]},{'O',[1792;3720;1357],11,[1792;3720;1357],11,0},{'M',[549;2526;68],11,[549;-1860;17],8,[0;NaN;2],[591;2526;-1357],10,[NaN;0;NaN]},{'O',[549;2526;68],11,[549;2526;68],11,0}}
Adder graph: {{'M',[1;2;1],1,[1;1;1],0,[0;1;0]},{'A',[28;40;28],2,[1;1;1],0,5,[-1;2;-1],1,2},{'M',[28;16;28],3,[1;1;1],0,[NaN;4;NaN],[28;40;28],2,[0;NaN;0]},{'A',[-27;-15;29],4,[1;1;1],0,0,[-28;-16;28],3,0},{'M',[-27;-15;448],5,[28;40;28],2,[NaN;NaN;4],[-27;-15;29],4,[0;0;NaN]},{'M',[1792;-1920;29],5,[28;40;28],2,[6;NaN;NaN],[-27;-15;29],4,[NaN;7;0]},{'A',[-1900;1860;1821],6,[-27;-15;448],5,2,[-1792;1920;29],5,0},{'M',[16;40;16],3,[1;1;1],0,[4;NaN;4],[28;40;28],2,[NaN;0;NaN]},{'M',[-27;-15;1821],7,[-27;-15;29],4,[0;0;NaN],[-1900;1860;1821],6,[NaN;NaN;0]},{'A',[485;1295;2333],8,[16;40;16],3,5,[-27;15;1821],7,0},{'M',[485;2590;4],9,[1;1;1],0,[NaN;NaN;2],[485;1295;2333],8,[0;1;NaN]},{'A',[549;2526;68],10,[485;2590;4],9,0,[1;-1;1],0,6},{'M',[1;1024;1821],7,[1;1;1],0,[0;10;NaN],[-1900;1860;1821],6,[NaN;NaN;0]},{'M',[-3800;1295;464],9,[-27;-15;29],4,[NaN;NaN;4],[-1900;1860;1821],6,[1;NaN;NaN],[485;1295;2333],8,[NaN;0;NaN]},{'A',[3801;2319;1357],10,[1;1024;1821],7,0,[3800;1295;-464],9,0},{'M',[3801;2319;2333],11,[485;1295;2333],8,[NaN;NaN;0],[3801;2319;1357],10,[0;0;NaN]},{'O',[3801;2319;2333],11,[3801;2319;2333],11,0},{'M',[1792;3720;1357],11,[28;40;28],2,[6;NaN;NaN],[-1900;1860;1821],6,[NaN;1;NaN],[3801;2319;1357],10,[NaN;NaN;0]},{'O',[1792;3720;1357],11,[1792;3720;1357],11,0},{'O',[549;2526;68],10,[549;2526;68],10,0}}
Adder graph: {{'M',[4;1;4],1,[1;1;1],0,[2;0;2]},{'M',[1;128;1],1,[1;1;1],0,[0;7;0]},{'A',[30;264;34],2,[4;1;4],1,3,[-1;128;1],1,1},{'M',[512;512;1],1,[1;1;1],0,[9;9;0]},{'M',[64;64;34],3,[1;1;1],0,[6;6;NaN],[30;264;34],2,[NaN;NaN;0]},{'A',[1792;1792;140],4,[512;512;1],1,2,[-64;-64;34],3,2},{'M',[30;264;64],3,[1;1;1],0,[NaN;NaN;6],[30;264;34],2,[0;0;NaN]},{'A',[61;529;129],4,[1;1;1],0,0,[30;264;64],3,1},{'M',[488;1792;140],5,[1792;1792;140],4,[NaN;0;0],[61;529;129],4,[3;NaN;NaN]},{'A',[549;1263;269],6,[488;1792;140],5,0,[61;-529;129],4,0},{'M',[549;4232;269],7,[61;529;129],4,[NaN;3;NaN],[549;1263;269],6,[0;NaN;0]},{'M',[32;16;34],3,[1;1;1],0,[5;4;NaN],[30;264;34],2,[NaN;NaN;0]},{'A',[-475;3720;1357],8,[549;4232;269],7,0,[-32;-16;34],3,5},{'M',[1;1263;269],7,[1;1;1],0,[0;NaN;NaN],[549;1263;269],6,[NaN;0;0]},{'M',[-950;264;516],9,[30;264;34],2,[NaN;0;NaN],[61;529;129],4,[NaN;NaN;2],[-475;3720;1357],8,[1;NaN;NaN]},{'A',[3801;2319;2333],10,[1;1263;269],7,0,[950;264;516],9,2},{'O',[3801;2319;2333],10,[3801;2319;2333],10,0},{'M',[1792;3720;1357],9,[1792;1792;140],4,[0;NaN;NaN],[-475;3720;1357],8,[NaN;0;0]},{'O',[1792;3720;1357],9,[1792;3720;1357],9,0},{'M',[549;2526;68],7,[30;264;34],2,[NaN;NaN;1],[549;1263;269],6,[0;1;NaN]},{'O',[549;2526;68],7,[549;2526;68],7,0}}
Adder graph: {{'M',[1;4;1],1,[1;1;1],0,[0;2;0]},{'A',[-7;-31;-7],2,[1;1;1],0,0,[-1;-4;-1],1,3},{'M',[4;1;1],1,[1;1;1],0,[2;0;0]},{'M',[-7;2;-7],3,[1;1;1],0,[NaN;1;NaN],[-7;-31;-7],2,[0;NaN;0]},{'A',[498;132;142],4,[4;1;1],1,7,[-7;2;7],3,1},{'M',[-28;-124;1],3,[1;1;1],0,[NaN;NaN;0],[-7;-31;-7],2,[2;2;NaN]},{'A',[-44;-108;17],4,[-28;-124;1],3,0,[-1;1;1],0,4},{'M',[-44;-124;17],5,[-7;-31;-7],2,[NaN;2;NaN],[-44;-108;17],4,[0;NaN;0]},{'A',[-183;-465;61],6,[-44;-124;17],5,2,[-7;31;-7],2,0},{'M',[-183;-432;568],7,[498;132;142],4,[NaN;NaN;2],[-44;-108;17],4,[NaN;2;NaN],[-183;-465;61],6,[0;NaN;NaN]},{'A',[549;1263;2333],8,[-183;-465;61],6,0,[183;432;568],7,2},{'M',[498;132;122],7,[498;132;142],4,[0;0;NaN],[-183;-465;61],6,[NaN;NaN;1]},{'M',[-183;1263;2333],9,[-183;-465;61],6,[0;NaN;NaN],[549;1263;2333],8,[NaN;0;0]},{'A',[3801;2319;-1357],10,[498;132;122],7,3,[-183;1263;-2333],9,0},{'M',[3801;2319;2333],11,[549;1263;2333],8,[NaN;NaN;0],[3801;2319;-1357],10,[0;0;NaN]},{'O',[3801;2319;2333],11,[3801;2319;2333],11,0},{'M',[-1792;-3720;-1357],11,[-7;-31;-7],2,[8;NaN;NaN],[-183;-465;61],6,[NaN;3;NaN],[3801;2319;-1357],10,[NaN;NaN;0]},{'O',[1792;3720;1357],11,[1792;3720;1357],11,0},{'M',[549;2526;68],9,[-44;-108;17],4,[NaN;NaN;2],[549;1263;2333],8,[0;1;NaN]},{'O',[549;2526;68],9,[549;2526;68],9,0}}
Adder graph: {{'M',[1;1;2],1,[1;1;1],0,[0;0;1]},{'A',[7;7;15],2,[1;1;2],1,3,[-1;-1;-1],0,0},{'A',[29;-27;61],3,[1;1;1],0,0,[7;-7;15],2,2},{'M',[7;1;15],3,[1;1;1],0,[NaN;0;NaN],[7;7;15],2,[0;NaN;0]},{'M',[7;2;2],3,[1;1;1],0,[NaN;1;1],[7;7;15],2,[0;NaN;NaN]},{'A',[119;33;-17],4,[7;1;15],3,0,[7;2;-2],3,4},{'M',[4;-27;4],4,[1;1;1],0,[2;NaN;2],[29;-27;61],3,[NaN;0;NaN]},{'A',[183;465;-81],5,[119;33;-17],4,0,[4;27;-4],4,4},{'M',[183;465;61],6,[29;-27;61],3,[NaN;NaN;0],[183;465;-81],5,[0;0;NaN]},{'M',[183;-432;-324],6,[29;-27;61],3,[NaN;4;NaN],[183;465;-81],5,[0;NaN;2]},{'A',[-549;-1263;1357],7,[183;465;61],6,0,[-183;-432;324],6,2},{'M',[238;66;61],5,[29;-27;61],3,[NaN;NaN;0],[119;33;-17],4,[1;1;NaN]},{'M',[7;-1263;1357],8,[7;7;15],2,[0;NaN;NaN],[-549;-1263;1357],7,[NaN;0;0]},{'A',[3801;2319;2333],9,[238;66;61],5,4,[-7;1263;1357],8,0},{'O',[3801;2319;2333],9,[3801;2319;2333],9,0},{'M',[1792;3720;1357],8,[7;7;15],2,[8;NaN;NaN],[183;465;-81],5,[NaN;3;NaN],[-549;-1263;1357],7,[NaN;NaN;0]},{'O',[1792;3720;1357],8,[1792;3720;1357],8,0},{'M',[-549;-2526;-68],8,[119;33;-17],4,[NaN;NaN;2],[-549;-1263;1357],7,[0;1;NaN]},{'O',[549;2526;68],8,[549;2526;68],8,0}}
Finished solving after 7745.64 seconds
Adder graph: {{'M',[1;1;2],1,[1;1;1],0,[0;0;1]},{'A',[7;7;15],2,[1;1;2],1,3,[-1;-1;-1],0,0},{'A',[29;-27;61],3,[1;1;1],0,0,[7;-7;15],2,2},{'M',[7;1;15],3,[1;1;1],0,[NaN;0;NaN],[7;7;15],2,[0;NaN;0]},{'M',[7;2;2],3,[1;1;1],0,[NaN;1;1],[7;7;15],2,[0;NaN;NaN]},{'A',[119;33;-17],4,[7;1;15],3,0,[7;2;-2],3,4},{'M',[4;-27;4],4,[1;1;1],0,[2;NaN;2],[29;-27;61],3,[NaN;0;NaN]},{'A',[183;465;-81],5,[119;33;-17],4,0,[4;27;-4],4,4},{'M',[183;465;61],6,[29;-27;61],3,[NaN;NaN;0],[183;465;-81],5,[0;0;NaN]},{'M',[183;-432;-324],6,[29;-27;61],3,[NaN;4;NaN],[183;465;-81],5,[0;NaN;2]},{'A',[-549;-1263;1357],7,[183;465;61],6,0,[-183;-432;324],6,2},{'M',[238;66;61],5,[29;-27;61],3,[NaN;NaN;0],[119;33;-17],4,[1;1;NaN]},{'M',[7;-1263;1357],8,[7;7;15],2,[0;NaN;NaN],[-549;-1263;1357],7,[NaN;0;0]},{'A',[3801;2319;2333],9,[238;66;61],5,4,[-7;1263;1357],8,0},{'O',[3801;2319;2333],9,[3801;2319;2333],9,0},{'M',[1792;3720;1357],8,[7;7;15],2,[8;NaN;NaN],[183;465;-81],5,[NaN;3;NaN],[-549;-1263;1357],7,[NaN;NaN;0]},{'O',[1792;3720;1357],8,[1792;3720;1357],8,0},{'M',[-549;-2526;-68],8,[119;33;-17],4,[NaN;NaN;2],[-549;-1263;1357],7,[0;1;NaN]},{'O',[549;2526;68],8,[549;2526;68],8,0}}
# Add optimal = 1
# Mux optimal = 0
# FAs optimal = 0
