Adder graph: {{'M',[16;1;2],1,[1;1;1],0,[4;0;1]},{'M',[1;4;2048],1,[1;1;1],0,[0;2;11]},{'A',[18;9;4098],2,[16;1;2],1,0,[1;4;2048],1,1},{'M',[64;576;1],3,[1;1;1],0,[6;NaN;0],[18;9;4098],2,[NaN;6;NaN]},{'M',[1;2;4],1,[1;1;1],0,[0;1;2]},{'A',[65;574;5],4,[64;576;1],3,0,[1;-2;4],1,0},{'M',[65;32;5],5,[1;1;1],0,[NaN;5;NaN],[65;574;5],4,[0;NaN;0]},{'M',[18;2;16],3,[1;1;1],0,[NaN;1;4],[18;9;4098],2,[0;NaN;NaN]},{'A',[83;30;-11],6,[65;32;5],5,0,[18;-2;-16],3,0},{'M',[332;9;-704],7,[18;9;4098],2,[NaN;0;NaN],[83;30;-11],6,[2;NaN;6]},{'M',[1328;64;1],7,[1;1;1],0,[NaN;6;0],[83;30;-11],6,[4;NaN;NaN]},{'A',[1992;-46;-1409],8,[332;9;-704],7,1,[1328;-64;-1],7,0},{'M',[83;240;1],7,[1;1;1],0,[NaN;NaN;0],[83;30;-11],6,[0;3;NaN]},{'M',[1992;2296;320],9,[65;574;5],4,[NaN;2;6],[1992;-46;-1409],8,[0;NaN;NaN]},{'A',[2075;-2056;321],10,[83;240;1],7,0,[1992;-2296;320],9,0},{'M',[3984;1148;321],11,[65;574;5],4,[NaN;1;NaN],[1992;-46;-1409],8,[1;NaN;NaN],[2075;-2056;321],10,[NaN;NaN;0]},{'M',[65;-368;1024],9,[1;1;1],0,[NaN;NaN;10],[65;574;5],4,[0;NaN;NaN],[1992;-46;-1409],8,[NaN;3;NaN]},{'A',[3919;1516;-703],12,[3984;1148;321],11,0,[-65;368;-1024],9,0},{'M',[512;30;-1406],13,[1;1;1],0,[9;NaN;NaN],[83;30;-11],6,[NaN;0;NaN],[3919;1516;-703],12,[NaN;NaN;1]},{'M',[2075;-368;5136],11,[1992;-46;-1409],8,[NaN;3;NaN],[2075;-2056;321],10,[0;NaN;4]},{'A',[-1563;398;3730],14,[512;30;-1406],13,0,[-2075;368;5136],11,0},{'M',[3919;3032;2568],13,[2075;-2056;321],10,[NaN;NaN;3],[3919;1516;-703],12,[0;1;NaN]},{'O',[3919;3032;2568],13,[3919;3032;2568],13,0},{'M',[-1563;-46;-1409],15,[1992;-46;-1409],8,[NaN;0;0],[-1563;398;3730],14,[0;NaN;NaN]},{'O',[1563;46;1409],15,[1563;46;1409],15,0},{'M',[2656;1592;3730],15,[83;30;-11],6,[5;NaN;NaN],[-1563;398;3730],14,[NaN;2;0]},{'O',[2656;1592;3730],15,[2656;1592;3730],15,0}}
Adder graph: {{'M',[1;1;32],1,[1;1;1],0,[0;0;5]},{'M',[1;1;2],1,[1;1;1],0,[0;0;1]},{'A',[-12;-12;96],2,[1;1;32],1,2,[-1;-1;-2],1,4},{'M',[1;-192;768],3,[1;1;1],0,[0;NaN;NaN],[-12;-12;96],2,[NaN;4;3]},{'M',[-12;1;1],3,[1;1;1],0,[NaN;0;0],[-12;-12;96],2,[0;NaN;NaN]},{'A',[-11;-193;767],4,[1;-192;768],3,0,[-12;-1;-1],3,0},{'M',[1;-24;128],3,[1;1;1],0,[0;NaN;7],[-12;-12;96],2,[NaN;1;NaN]},{'M',[-176;4;1],5,[1;1;1],0,[NaN;2;0],[-11;-193;767],4,[4;NaN;NaN]},{'A',[177;-20;127],6,[1;-24;128],3,0,[176;4;-1],5,0},{'M',[-96;-24;127],7,[-12;-12;96],2,[3;1;NaN],[177;-20;127],6,[NaN;NaN;0]},{'M',[1;1;1536],3,[1;1;1],0,[0;0;NaN],[-12;-12;96],2,[NaN;NaN;4]},{'A',[-97;-23;-1409],8,[-96;-24;127],7,0,[-1;1;-1536],3,0},{'M',[-194;-384;767],9,[-12;-12;96],2,[NaN;5;NaN],[-11;-193;767],4,[NaN;NaN;0],[-97;-23;-1409],8,[1;NaN;NaN]},{'M',[-11;-40;127],7,[-11;-193;767],4,[0;NaN;NaN],[177;-20;127],6,[NaN;1;0]},{'A',[-1563;-3032;6263],10,[-194;-384;767],9,3,[-11;40;127],7,0},{'M',[177;-640;-1409],9,[177;-20;127],6,[0;5;NaN],[-97;-23;-1409],8,[NaN;NaN;0]},{'M',[4096;-184;767],9,[1;1;1],0,[12;NaN;NaN],[-11;-193;767],4,[NaN;NaN;0],[-97;-23;-1409],8,[NaN;3;NaN]},{'A',[-3919;-456;-642],10,[177;-640;-1409],9,0,[-4096;184;767],9,0},{'M',[-44;-456;8128],11,[-11;-193;767],4,[2;NaN;NaN],[177;-20;127],6,[NaN;NaN;6],[-3919;-456;-642],10,[NaN;0;NaN]},{'M',[708;2048;6263],11,[1;1;1],0,[NaN;11;NaN],[177;-20;127],6,[2;NaN;NaN],[-1563;-3032;6263],10,[NaN;NaN;0]},{'A',[664;1592;1865],12,[-44;-456;8128],11,0,[708;2048;-6263],11,0},{'M',[-3919;-3032;-2568],11,[-1563;-3032;6263],10,[NaN;0;NaN],[-3919;-456;-642],10,[0;NaN;2]},{'O',[3919;3032;2568],11,[3919;3032;2568],11,0},{'M',[-1563;-46;-1409],11,[-97;-23;-1409],8,[NaN;1;0],[-1563;-3032;6263],10,[0;NaN;NaN]},{'O',[1563;46;1409],11,[1563;46;1409],11,0},{'M',[2656;1592;3730],13,[664;1592;1865],12,[2;0;1]},{'O',[2656;1592;3730],13,[2656;1592;3730],13,0}}
Adder graph: {{'M',[1;16;8],1,[1;1;1],0,[0;4;3]},{'M',[32;1;1],1,[1;1;1],0,[5;0;0]},{'A',[65;14;10],2,[1;16;8],1,0,[32;-1;1],1,1},{'M',[2;4096;1],1,[1;1;1],0,[1;12;0]},{'M',[65;56;1280],3,[65;14;10],2,[0;2;7]},{'A',[67;4152;1281],4,[2;4096;1],1,0,[65;56;1280],3,0},{'M',[1;14;128],3,[1;1;1],0,[0;NaN;7],[65;14;10],2,[NaN;0;NaN]},{'M',[520;32;1281],5,[1;1;1],0,[NaN;5;NaN],[65;14;10],2,[3;NaN;NaN],[67;4152;1281],4,[NaN;NaN;0]},{'A',[521;46;1409],6,[1;14;128],3,0,[520;32;1281],5,0},{'M',[1072;46;8192],7,[1;1;1],0,[NaN;NaN;13],[67;4152;1281],4,[4;NaN;NaN],[521;46;1409],6,[NaN;0;NaN]},{'M',[64;46;20],7,[1;1;1],0,[6;NaN;NaN],[65;14;10],2,[NaN;NaN;1],[521;46;1409],6,[NaN;0;NaN]},{'A',[1328;-138;8272],8,[1072;46;8192],7,0,[64;-46;20],7,2},{'M',[520;448;1],3,[1;1;1],0,[NaN;NaN;0],[65;14;10],2,[3;5;NaN]},{'M',[16384;-138;640],9,[1;1;1],0,[14;NaN;NaN],[65;14;10],2,[NaN;NaN;6],[1328;-138;8272],8,[NaN;0;NaN]},{'A',[-61376;3032;2568],10,[520;448;1],3,3,[-16384;-138;640],9,2},{'M',[521;56;20544],11,[65;14;10],2,[NaN;2;NaN],[521;46;1409],6,[0;NaN;NaN],[-61376;3032;2568],10,[NaN;NaN;3]},{'M',[521;512;512],7,[1;1;1],0,[NaN;9;9],[521;46;1409],6,[0;NaN;NaN]},{'A',[1563;-968;21568],12,[521;56;20544],11,0,[521;-512;512],7,1},{'M',[1328;4152;8272],9,[67;4152;1281],4,[NaN;0;NaN],[1328;-138;8272],8,[0;NaN;0]},{'M',[-61376;-968;21568],13,[-61376;3032;2568],10,[0;NaN;NaN],[1563;-968;21568],12,[NaN;0;0]},{'A',[3919;199;1865],14,[1328;4152;8272],9,-4,[61376;-968;21568],13,-4},{'M',[3919;3032;2568],15,[-61376;3032;2568],10,[NaN;0;0],[3919;199;1865],14,[0;NaN;NaN]},{'O',[3919;3032;2568],15,[3919;3032;2568],15,0},{'M',[1563;46;1409],13,[521;46;1409],6,[NaN;0;0],[1563;-968;21568],12,[0;NaN;NaN]},{'O',[1563;46;1409],13,[1563;46;1409],13,0},{'M',[1328;796;1865],15,[1328;-138;8272],8,[0;NaN;NaN],[3919;199;1865],14,[NaN;2;0]},{'O',[2656;1592;3730],15,[1328;796;1865],15,1}}
Adder graph: {{'M',[128;1;2],1,[1;1;1],0,[7;0;1]},{'M',[1;4;1],1,[1;1;1],0,[0;2;0]},{'A',[120;33;-6],2,[128;1;2],1,0,[-1;4;-1],1,3},{'M',[512;33;-192],3,[1;1;1],0,[9;NaN;NaN],[120;33;-6],2,[NaN;0;5]},{'M',[240;132;1],3,[1;1;1],0,[NaN;NaN;0],[120;33;-6],2,[1;2;NaN]},{'A',[784;-66;-385],4,[512;33;-192],3,1,[-240;-132;-1],3,0},{'M',[1;1;-6160],5,[1;1;1],0,[0;0;NaN],[784;-66;-385],4,[NaN;NaN;4]},{'M',[784;1;512],5,[1;1;1],0,[NaN;0;9],[784;-66;-385],4,[0;NaN;NaN]},{'A',[-3135;5;-4112],6,[1;1;-6160],5,0,[-784;1;512],5,2},{'M',[1568;10;-385],7,[784;-66;-385],4,[1;NaN;0],[-3135;5;-4112],6,[NaN;1;NaN]},{'M',[1;33;1024],3,[1;1;1],0,[0;NaN;10],[120;33;-6],2,[NaN;0;NaN]},{'A',[1567;-23;-1409],8,[1568;10;-385],7,0,[-1;-33;-1024],3,0},{'M',[2;-66;-96],5,[1;1;1],0,[1;NaN;NaN],[120;33;-6],2,[NaN;NaN;4],[784;-66;-385],4,[NaN;0;NaN]},{'M',[1567;1;1],9,[1;1;1],0,[NaN;0;0],[1567;-23;-1409],8,[0;NaN;NaN]},{'A',[-1563;-133;-191],10,[2;-66;-96],5,1,[-1567;-1;1],9,0},{'M',[480;-1064;-4112],11,[120;33;-6],2,[2;NaN;NaN],[-3135;5;-4112],6,[NaN;NaN;0],[-1563;-133;-191],10,[NaN;3;NaN]},{'M',[1568;264;-191],11,[120;33;-6],2,[NaN;3;NaN],[784;-66;-385],4,[1;NaN;NaN],[-1563;-133;-191],10,[NaN;NaN;0]},{'A',[-2656;-1592;-3730],12,[480;-1064;-4112],11,0,[-1568;-264;191],11,1},{'M',[784;-266;-382],11,[784;-66;-385],4,[0;NaN;NaN],[-1563;-133;-191],10,[NaN;1;1]},{'M',[-3135;1024;1024],7,[1;1;1],0,[NaN;10;10],[-3135;5;-4112],6,[0;NaN;NaN]},{'A',[3919;758;642],12,[784;-266;-382],11,0,[3135;1024;1024],7,0},{'M',[3919;3032;2568],13,[3919;758;642],12,[0;2;2]},{'O',[3919;3032;2568],13,[3919;3032;2568],13,0},{'M',[-1563;-46;-1409],11,[1567;-23;-1409],8,[NaN;1;0],[-1563;-133;-191],10,[0;NaN;NaN]},{'O',[1563;46;1409],11,[1563;46;1409],11,0},{'O',[2656;1592;3730],12,[2656;1592;3730],12,0}}
Adder graph: {{'M',[1;1;8],1,[1;1;1],0,[0;0;3]},{'M',[2;1024;1],1,[1;1;1],0,[1;10;0]},{'A',[-3;-2047;6],2,[1;1;8],1,0,[-2;-1024;-1],1,1},{'M',[-6;1;1],3,[1;1;1],0,[NaN;0;0],[-3;-2047;6],2,[1;NaN;NaN]},{'A',[-1535;-255;257],4,[1;1;1],0,0,[-6;-1;1],3,8},{'M',[-3;8;256],3,[1;1;1],0,[NaN;3;8],[-3;-2047;6],2,[0;NaN;NaN]},{'M',[64;1;257],5,[1;1;1],0,[6;0;NaN],[-1535;-255;257],4,[NaN;NaN;0]},{'A',[-76;31;1281],6,[-3;8;256],3,2,[-64;-1;257],5,0},{'M',[-12;31;16],7,[1;1;1],0,[NaN;NaN;4],[-3;-2047;6],2,[2;NaN;NaN],[-76;31;1281],6,[NaN;0;NaN]},{'A',[1487;379;321],8,[-12;31;16],7,2,[1535;255;257],4,0},{'M',[1487;62;128],9,[1;1;1],0,[NaN;NaN;7],[-76;31;1281],6,[NaN;1;NaN],[1487;379;321],8,[0;NaN;NaN]},{'M',[-76;16;1281],7,[1;1;1],0,[NaN;4;NaN],[-76;31;1281],6,[0;NaN;0]},{'A',[1563;46;1409],10,[1487;62;128],9,0,[76;-16;1281],7,0},{'M',[128;1;1028],5,[1;1;1],0,[7;0;NaN],[-1535;-255;257],4,[NaN;NaN;2]},{'M',[-76;46;1284],11,[-76;31;1281],6,[0;NaN;NaN],[1487;379;321],8,[NaN;NaN;2],[1563;46;1409],10,[NaN;0;NaN]},{'A',[664;-88;1544],12,[128;1;1028],5,2,[76;-46;-1284],11,1},{'M',[1487;92;3088],13,[1487;379;321],8,[0;NaN;NaN],[1563;46;1409],10,[NaN;1;NaN],[664;-88;1544],12,[NaN;NaN;1]},{'M',[-1216;-352;321],13,[-76;31;1281],6,[4;NaN;NaN],[1487;379;321],8,[NaN;NaN;0],[664;-88;1544],12,[NaN;2;NaN]},{'A',[3919;796;3730],14,[1487;92;3088],13,0,[1216;352;321],13,1},{'M',[3919;3032;2568],15,[1487;379;321],8,[NaN;3;3],[3919;796;3730],14,[0;NaN;NaN]},{'O',[3919;3032;2568],15,[3919;3032;2568],15,0},{'O',[1563;46;1409],10,[1563;46;1409],10,0},{'M',[2656;1592;3730],15,[664;-88;1544],12,[2;NaN;NaN],[3919;796;3730],14,[NaN;1;0]},{'O',[2656;1592;3730],15,[2656;1592;3730],15,0}}
Adder graph: {{'M',[2;1;2],1,[1;1;1],0,[1;0;1]},{'M',[16;1;1],1,[1;1;1],0,[4;0;0]},{'A',[130;-7;10],2,[2;1;2],1,0,[16;-1;1],1,3},{'M',[1;-7;640],3,[1;1;1],0,[0;NaN;NaN],[130;-7;10],2,[NaN;0;6]},{'M',[8;1;1],1,[1;1;1],0,[3;0;0]},{'A',[-15;-5;642],4,[1;-7;640],3,0,[-8;1;1],1,1},{'M',[260;1;16],3,[1;1;1],0,[NaN;0;4],[130;-7;10],2,[1;NaN;NaN]},{'A',[245;-4;-626],5,[260;1;16],3,0,[-15;-5;-642],4,0},{'M',[-30;-5;160],5,[130;-7;10],2,[NaN;NaN;4],[-15;-5;642],4,[1;0;NaN]},{'A',[226;11;176],6,[16;1;1],1,4,[-30;-5;160],5,0},{'M',[226;2;64],7,[1;1;1],0,[NaN;1;6],[226;11;176],6,[0;NaN;NaN]},{'M',[245;-7;-626],6,[130;-7;10],2,[NaN;0;NaN],[245;-4;-626],5,[0;NaN;0]},{'A',[1563;23;-114],8,[226;2;64],7,3,[-245;7;-626],6,0},{'M',[490;11;176],7,[245;-4;-626],5,[1;NaN;NaN],[226;11;176],6,[NaN;0;0]},{'M',[1;2944;1],9,[1;1;1],0,[0;NaN;0],[1563;23;-114],8,[NaN;7;NaN]},{'A',[3919;3032;1409],10,[490;11;176],7,3,[-1;2944;1],9,0},{'M',[226;1408;2818],11,[226;11;176],6,[0;7;NaN],[3919;3032;1409],10,[NaN;NaN;1]},{'M',[-15;46;-228],9,[-15;-5;642],4,[0;NaN;NaN],[1563;23;-114],8,[NaN;1;1]},{'A',[166;1592;3730],12,[226;1408;2818],11,0,[-15;46;228],9,2},{'M',[3919;3032;2568],11,[-15;-5;642],4,[NaN;NaN;2],[3919;3032;1409],10,[0;0;NaN]},{'O',[3919;3032;2568],11,[3919;3032;2568],11,0},{'M',[1563;46;1409],11,[1563;23;-114],8,[0;1;NaN],[3919;3032;1409],10,[NaN;NaN;0]},{'O',[1563;46;1409],11,[1563;46;1409],11,0},{'M',[2656;1592;3730],13,[166;1592;3730],12,[4;0;0]},{'O',[2656;1592;3730],13,[2656;1592;3730],13,0}}
Adder graph: {{'M',[1;1;32],1,[1;1;1],0,[0;0;5]},{'M',[32;1;1],1,[1;1;1],0,[5;0;0]},{'A',[257;9;40],2,[1;1;32],1,0,[32;1;1],1,3},{'M',[1;18;80],3,[1;1;1],0,[0;NaN;NaN],[257;9;40],2,[NaN;1;1]},{'M',[16;16;40],3,[1;1;1],0,[4;4;NaN],[257;9;40],2,[NaN;NaN;0]},{'A',[-63;-46;-80],4,[1;18;80],3,0,[-16;-16;-40],3,2},{'M',[-63;1152;-640],5,[257;9;40],2,[NaN;7;NaN],[-63;-46;-80],4,[0;NaN;3]},{'M',[32;32;1],1,[1;1;1],0,[5;5;0]},{'A',[-158;2336;-1281],6,[-63;1152;-640],5,1,[-32;32;-1],1,0},{'M',[-63;2336;-1281],7,[-63;-46;-80],4,[0;NaN;NaN],[-158;2336;-1281],6,[NaN;0;0]},{'M',[-158;8;8],7,[1;1;1],0,[NaN;3;3],[-158;2336;-1281],6,[0;NaN;NaN]},{'A',[-2591;2464;-1409],8,[-63;2336;-1281],7,0,[-158;8;-8],7,4},{'M',[1;9;40],3,[1;1;1],0,[0;NaN;NaN],[257;9;40],2,[NaN;0;0]},{'M',[-158;1;1],7,[1;1;1],0,[NaN;0;0],[-158;2336;-1281],6,[0;NaN;NaN]},{'A',[166;71;321],8,[1;9;40],3,3,[158;-1;1],7,0},{'M',[1328;568;321],9,[166;71;321],8,[3;3;0]},{'M',[-2591;2464;1024],9,[1;1;1],0,[NaN;NaN;10],[-2591;2464;-1409],8,[0;0;NaN]},{'A',[3919;3032;-703],10,[1328;568;321],9,0,[2591;2464;-1024],9,0},{'M',[-2591;284;2568],9,[-2591;2464;-1409],8,[0;NaN;NaN],[166;71;321],8,[NaN;2;3]},{'M',[1028;512;-703],11,[1;1;1],0,[NaN;9;NaN],[257;9;40],2,[2;NaN;NaN],[3919;3032;-703],10,[NaN;NaN;0]},{'A',[-1563;796;1865],12,[-2591;284;2568],9,0,[1028;512;-703],11,0},{'M',[3919;3032;2568],11,[166;71;321],8,[NaN;NaN;3],[3919;3032;-703],10,[0;0;NaN]},{'O',[3919;3032;2568],11,[3919;3032;2568],11,0},{'M',[-1563;-46;-1409],13,[-63;-46;-80],4,[NaN;0;NaN],[-2591;2464;-1409],8,[NaN;NaN;0],[-1563;796;1865],12,[0;NaN;NaN]},{'O',[1563;46;1409],13,[1563;46;1409],13,0},{'M',[1328;796;1865],13,[166;71;321],8,[3;NaN;NaN],[-1563;796;1865],12,[NaN;0;0]},{'O',[2656;1592;3730],13,[1328;796;1865],13,1}}
Adder graph: {{'M',[1;64;64],1,[1;1;1],0,[0;6;6]},{'M',[1;1;256],1,[1;1;1],0,[0;0;8]},{'A',[5;60;1088],2,[1;64;64],1,0,[1;-1;256],1,2},{'M',[20;240;1],3,[1;1;1],0,[NaN;NaN;0],[5;60;1088],2,[2;2;NaN]},{'M',[20;1;1],3,[1;1;1],0,[NaN;0;0],[5;60;1088],2,[2;NaN;NaN]},{'A',[-480;1952;40],4,[20;240;1],3,3,[-20;1;1],3,5},{'M',[5;2;640],5,[1;1;1],0,[NaN;1;NaN],[5;60;1088],2,[0;NaN;NaN],[-480;1952;40],4,[NaN;NaN;4]},{'M',[64;1;64],1,[1;1;1],0,[6;0;6]},{'A',[-2043;-30;-1408],6,[5;2;640],5,0,[-64;-1;-64],1,5},{'M',[80;1952;2],5,[1;1;1],0,[NaN;NaN;1],[5;60;1088],2,[4;NaN;NaN],[-480;1952;40],4,[NaN;0;NaN]},{'M',[-3840;-120;-1408],7,[-480;1952;40],4,[3;NaN;NaN],[-2043;-30;-1408],6,[NaN;2;0]},{'A',[3920;2072;-1406],8,[80;1952;2],5,0,[3840;120;-1408],7,0},{'M',[-480;16;1],5,[1;1;1],0,[NaN;4;0],[-480;1952;40],4,[0;NaN;NaN]},{'A',[1563;46;1409],7,[-480;16;1],5,0,[2043;30;1408],6,0},{'M',[-8172;60;1088],7,[5;60;1088],2,[NaN;0;0],[-2043;-30;-1408],6,[2;NaN;NaN]},{'M',[62720;2072;11272],9,[3920;2072;-1406],8,[4;0;NaN],[1563;46;1409],7,[NaN;NaN;3]},{'A',[-2656;-1592;-2568],10,[-8172;60;1088],7,3,[62720;-2072;-11272],9,0},{'M',[1;-960;-5136],11,[1;1;1],0,[0;NaN;NaN],[-2043;-30;-1408],6,[NaN;5;NaN],[-2656;-1592;-2568],10,[NaN;NaN;1]},{'A',[-3919;-3032;-3730],12,[1;-960;-5136],11,0,[-3920;-2072;1406],8,0},{'M',[-3919;-3032;-2568],13,[-2656;-1592;-2568],10,[NaN;NaN;0],[-3919;-3032;-3730],12,[0;0;NaN]},{'O',[3919;3032;2568],13,[3919;3032;2568],13,0},{'O',[1563;46;1409],7,[1563;46;1409],7,0},{'M',[-2656;-1592;-3730],13,[-2656;-1592;-2568],10,[0;0;NaN],[-3919;-3032;-3730],12,[NaN;NaN;0]},{'O',[2656;1592;3730],13,[2656;1592;3730],13,0}}
Adder graph: {{'M',[1;1;8],1,[1;1;1],0,[0;0;3]},{'A',[10;6;-8],2,[1;1;1],0,3,[1;-1;-8],1,1},{'M',[1;2;1],1,[1;1;1],0,[0;1;0]},{'A',[-79;-46;65],3,[1;2;1],1,0,[-10;-6;8],2,3},{'M',[10;6;-128],3,[10;6;-8],2,[0;0;4]},{'M',[-79;8;65],4,[1;1;1],0,[NaN;3;NaN],[-79;-46;65],3,[0;NaN;0]},{'A',[-59;20;-321],5,[10;6;-128],3,1,[-79;8;-65],4,0},{'A',[965;-1004;-1345],6,[-59;20;-321],5,0,[1;-1;-1],0,10},{'M',[-2528;-1472;-1345],7,[-79;-46;65],3,[5;5;NaN],[965;-1004;-1345],6,[NaN;NaN;0]},{'A',[-2656;-1600;-1473],8,[-2528;-1472;-1345],7,0,[-1;-1;-1],0,7},{'M',[-59;8;64],6,[1;1;1],0,[NaN;3;6],[-59;20;-321],5,[0;NaN;NaN]},{'M',[3860;-1600;-1473],9,[965;-1004;-1345],6,[2;NaN;NaN],[-2656;-1600;-1473],8,[NaN;0;0]},{'A',[-3919;-1592;-1409],10,[-59;8;64],6,0,[-3860;-1600;-1473],9,0},{'M',[-2528;-2008;-1345],7,[-79;-46;65],3,[5;NaN;NaN],[965;-1004;-1345],6,[NaN;1;0]},{'M',[965;1024;520],7,[1;1;1],0,[NaN;10;NaN],[-79;-46;65],3,[NaN;NaN;3],[965;-1004;-1345],6,[0;NaN;NaN]},{'A',[-1563;-3032;-1865],8,[-2528;-2008;-1345],7,0,[965;-1024;-520],7,0},{'M',[-3919;-3032;-2568],11,[-59;20;-321],5,[NaN;NaN;3],[-3919;-1592;-1409],10,[0;NaN;NaN],[-1563;-3032;-1865],8,[NaN;0;NaN]},{'O',[3919;3032;2568],11,[3919;3032;2568],11,0},{'M',[-1563;-46;-1409],11,[-79;-46;65],3,[NaN;0;NaN],[-3919;-1592;-1409],10,[NaN;NaN;0],[-1563;-3032;-1865],8,[0;NaN;NaN]},{'O',[1563;46;1409],11,[1563;46;1409],11,0},{'M',[-2656;-1592;-3730],11,[-2656;-1600;-1473],8,[0;NaN;NaN],[-3919;-1592;-1409],10,[NaN;0;NaN],[-1563;-3032;-1865],8,[NaN;NaN;1]},{'O',[2656;1592;3730],11,[2656;1592;3730],11,0}}
Adder graph: {{'M',[1;1;4],1,[1;1;1],0,[0;0;2]},{'M',[2;1;1],1,[1;1;1],0,[1;0;0]},{'A',[-3;3;6],2,[1;1;4],1,0,[-2;1;1],1,1},{'M',[-96;3;6],3,[-3;3;6],2,[5;0;0]},{'A',[386;14;-22],4,[1;1;1],0,1,[96;3;-6],3,2},{'M',[-3;3;2],3,[1;1;1],0,[NaN;NaN;1],[-3;3;6],2,[0;0;NaN]},{'M',[1;3;24],3,[1;1;1],0,[0;NaN;NaN],[-3;3;6],2,[NaN;0;2]},{'A',[-19;-45;386],4,[-3;3;2],3,0,[-1;-3;24],3,4},{'M',[1544;1;1],5,[1;1;1],0,[NaN;0;0],[386;14;-22],4,[2;NaN;NaN]},{'M',[-19;-45;-1408],5,[386;14;-22],4,[NaN;NaN;6],[-19;-45;386],4,[0;0;NaN]},{'A',[1563;46;1409],6,[1544;1;1],5,0,[19;45;1408],5,0},{'M',[-19;-45;1409],7,[-19;-45;386],4,[0;0;NaN],[1563;46;1409],6,[NaN;NaN;0]},{'M',[-304;46;6176],7,[-19;-45;386],4,[4;NaN;4],[1563;46;1409],6,[NaN;0;NaN]},{'A',[589;47;-10943],8,[-19;-45;1409],7,0,[304;46;-6176],7,1},{'M',[2356;3;-10943],9,[-3;3;6],2,[NaN;0;NaN],[589;47;-10943],8,[2;NaN;0]},{'M',[1563;376;-11264],9,[386;14;-22],4,[NaN;NaN;9],[1563;46;1409],6,[0;NaN;NaN],[589;47;-10943],8,[NaN;3;NaN]},{'A',[3919;379;321],10,[2356;3;-10943],9,0,[1563;376;11264],9,0},{'M',[256;379;321],11,[1;1;1],0,[8;NaN;NaN],[3919;379;321],10,[NaN;0;0]},{'A',[332;199;1865],12,[256;379;321],11,0,[19;-45;386],4,2},{'M',[3919;3032;2568],11,[3919;379;321],10,[0;3;3]},{'O',[3919;3032;2568],11,[3919;3032;2568],11,0},{'O',[1563;46;1409],6,[1563;46;1409],6,0},{'M',[1328;796;1865],13,[332;199;1865],12,[2;2;0]},{'O',[2656;1592;3730],13,[1328;796;1865],13,1}}
Adder graph: {{'M',[1;64;64],1,[1;1;1],0,[0;6;6]},{'M',[1;4;4],1,[1;1;1],0,[0;2;2]},{'A',[-3;48;80],2,[1;64;64],1,0,[-1;-4;4],1,2},{'M',[-24;1;640],3,[1;1;1],0,[NaN;0;NaN],[-3;48;80],2,[3;NaN;3]},{'M',[-1536;1;1],3,[1;1;1],0,[NaN;0;0],[-3;48;80],2,[9;NaN;NaN]},{'A',[-1560;2;639],4,[-24;1;640],3,0,[-1536;1;-1],3,0},{'M',[-3;48;2048],3,[1;1;1],0,[NaN;NaN;11],[-3;48;80],2,[0;0;NaN]},{'A',[-1563;-46;-1409],5,[-1560;2;639],4,0,[-3;-48;-2048],3,0},{'M',[-3;96;80],3,[-3;48;80],2,[0;1;0]},{'A',[-13;383;321],4,[-3;96;80],3,2,[-1;-1;1],0,0},{'M',[-26;383;642],5,[-13;383;321],4,[1;0;1]},{'M',[-1563;-46;512],6,[1;1;1],0,[NaN;NaN;9],[-1563;-46;-1409],5,[0;0;NaN]},{'A',[-6278;199;-1406],7,[-26;383;642],5,0,[-1563;-46;-512],6,2},{'M',[-104;3064;-1406],8,[-13;383;321],4,[3;3;NaN],[-6278;199;-1406],7,[NaN;NaN;0]},{'M',[-48;384;321],5,[-3;48;80],2,[4;3;NaN],[-13;383;321],4,[NaN;NaN;0]},{'A',[664;-3080;3730],9,[-104;3064;-1406],8,0,[48;-384;321],5,4},{'M',[-6278;48;-1406],8,[-3;48;80],2,[NaN;0;NaN],[-6278;199;-1406],7,[0;NaN;0]},{'M',[-1560;-3080;3730],10,[-1560;2;639],4,[0;NaN;NaN],[664;-3080;3730],9,[NaN;0;0]},{'A',[-3919;-1516;-2568],11,[-6278;48;-1406],8,-1,[-1560;-3080;-3730],10,-1},{'M',[-3919;-3032;-2568],12,[-3919;-1516;-2568],11,[0;1;0]},{'O',[3919;3032;2568],12,[3919;3032;2568],12,0},{'O',[1563;46;1409],5,[1563;46;1409],5,0},{'M',[2656;1592;3730],10,[-6278;199;-1406],7,[NaN;3;NaN],[664;-3080;3730],9,[2;NaN;0]},{'O',[2656;1592;3730],10,[2656;1592;3730],10,0}}
Adder graph: {{'M',[2;2;1],1,[1;1;1],0,[1;1;0]},{'A',[-7;9;-3],2,[1;1;1],0,0,[-2;2;-1],1,2},{'M',[-7;9;-384],3,[-7;9;-3],2,[0;0;7]},{'M',[256;64;1],1,[1;1;1],0,[8;6;0]},{'A',[505;-119;-386],4,[-7;9;-384],3,0,[256;-64;-1],1,1},{'M',[-7;4;4],3,[1;1;1],0,[NaN;2;2],[-7;9;-3],2,[0;NaN;NaN]},{'M',[-28;36;-3],3,[-7;9;-3],2,[2;2;0]},{'A',[168;320;8],4,[-7;4;4],3,3,[28;36;-3],3,3},{'M',[-3584;-119;-386],5,[-7;9;-3],2,[9;NaN;NaN],[505;-119;-386],4,[NaN;0;0]},{'A',[-3583;-118;-385],6,[1;1;1],0,0,[-3584;-119;-386],5,0},{'M',[168;320;128],5,[1;1;1],0,[NaN;NaN;7],[168;320;8],4,[0;0;NaN]},{'M',[-3583;-118;-386],7,[505;-119;-386],4,[NaN;NaN;0],[-3583;-118;-385],6,[0;0;NaN]},{'A',[3919;758;642],8,[168;320;128],5,1,[3583;118;386],7,0},{'M',[505;18;256],5,[-7;9;-3],2,[NaN;1;NaN],[505;-119;-386],4,[0;NaN;NaN],[168;320;8],4,[NaN;NaN;5]},{'A',[-1563;-46;-1409],7,[-3583;-118;-385],6,0,[505;18;-256],5,2},{'M',[1;-238;-772],5,[1;1;1],0,[0;NaN;NaN],[505;-119;-386],4,[NaN;1;1]},{'M',[336;640;642],9,[168;320;8],4,[1;1;NaN],[3919;758;642],8,[NaN;NaN;0]},{'A',[-332;-1592;-3730],10,[1;-238;-772],5,2,[-336;-640;-642],9,0},{'M',[3919;3032;2568],9,[3919;758;642],8,[0;2;2]},{'O',[3919;3032;2568],9,[3919;3032;2568],9,0},{'O',[1563;46;1409],7,[1563;46;1409],7,0},{'M',[-2656;-1592;-3730],11,[-332;-1592;-3730],10,[3;0;0]},{'O',[2656;1592;3730],11,[2656;1592;3730],11,0}}
Finished solving after 14554.5 seconds
Adder graph: {{'M',[2;2;1],1,[1;1;1],0,[1;1;0]},{'A',[-7;9;-3],2,[1;1;1],0,0,[-2;2;-1],1,2},{'M',[-7;9;-384],3,[-7;9;-3],2,[0;0;7]},{'M',[256;64;1],1,[1;1;1],0,[8;6;0]},{'A',[505;-119;-386],4,[-7;9;-384],3,0,[256;-64;-1],1,1},{'M',[-7;4;4],3,[1;1;1],0,[NaN;2;2],[-7;9;-3],2,[0;NaN;NaN]},{'M',[-28;36;-3],3,[-7;9;-3],2,[2;2;0]},{'A',[168;320;8],4,[-7;4;4],3,3,[28;36;-3],3,3},{'M',[-3584;-119;-386],5,[-7;9;-3],2,[9;NaN;NaN],[505;-119;-386],4,[NaN;0;0]},{'A',[-3583;-118;-385],6,[1;1;1],0,0,[-3584;-119;-386],5,0},{'M',[168;320;128],5,[1;1;1],0,[NaN;NaN;7],[168;320;8],4,[0;0;NaN]},{'M',[-3583;-118;-386],7,[505;-119;-386],4,[NaN;NaN;0],[-3583;-118;-385],6,[0;0;NaN]},{'A',[3919;758;642],8,[168;320;128],5,1,[3583;118;386],7,0},{'M',[505;18;256],5,[-7;9;-3],2,[NaN;1;NaN],[505;-119;-386],4,[0;NaN;NaN],[168;320;8],4,[NaN;NaN;5]},{'A',[-1563;-46;-1409],7,[-3583;-118;-385],6,0,[505;18;-256],5,2},{'M',[1;-238;-772],5,[1;1;1],0,[0;NaN;NaN],[505;-119;-386],4,[NaN;1;1]},{'M',[336;640;642],9,[168;320;8],4,[1;1;NaN],[3919;758;642],8,[NaN;NaN;0]},{'A',[-332;-1592;-3730],10,[1;-238;-772],5,2,[-336;-640;-642],9,0},{'M',[3919;3032;2568],9,[3919;758;642],8,[0;2;2]},{'O',[3919;3032;2568],9,[3919;3032;2568],9,0},{'O',[1563;46;1409],7,[1563;46;1409],7,0},{'M',[-2656;-1592;-3730],11,[-332;-1592;-3730],10,[3;0;0]},{'O',[2656;1592;3730],11,[2656;1592;3730],11,0}}
# Add optimal = 0
# Mux optimal = 0
# FAs optimal = 0
