Adder graph: {{'M',[4;1;1],1,[1;1;1],0,[2;0;0]},{'M',[4;512;1],1,[1;1;1],0,[2;9;0]},{'A',[-12;2049;5],2,[4;1;1],1,0,[-4;512;1],1,2},{'M',[1;8;5],3,[1;1;1],0,[0;3;NaN],[-12;2049;5],2,[NaN;NaN;0]},{'M',[-24;1;80],3,[1;1;1],0,[NaN;0;NaN],[-12;2049;5],2,[1;NaN;4]},{'A',[25;7;-75],4,[1;8;5],3,0,[24;-1;-80],3,0},{'M',[-192;1;-75],5,[1;1;1],0,[NaN;0;NaN],[-12;2049;5],2,[4;NaN;NaN],[25;7;-75],4,[NaN;NaN;0]},{'M',[25;16;20],5,[1;1;1],0,[NaN;4;NaN],[-12;2049;5],2,[NaN;NaN;2],[25;7;-75],4,[0;NaN;NaN]},{'A',[-334;-30;-110],6,[-192;1;-75],5,1,[25;-16;20],5,1},{'M',[-12;14;-880],7,[-12;2049;5],2,[0;NaN;NaN],[25;7;-75],4,[NaN;1;NaN],[-334;-30;-110],6,[NaN;NaN;3]},{'M',[-334;2049;1],7,[1;1;1],0,[NaN;NaN;0],[-12;2049;5],2,[NaN;0;NaN],[-334;-30;-110],6,[0;NaN;NaN]},{'A',[-358;-2021;-1759],8,[-12;14;-880],7,1,[-334;-2049;1],7,0},{'M',[400;1;-75],5,[1;1;1],0,[NaN;0;NaN],[25;7;-75],4,[4;NaN;0]},{'M',[-358;-240;-880],9,[-334;-30;-110],6,[NaN;3;3],[-358;-2021;-1759],8,[0;NaN;NaN]},{'A',[758;241;805],10,[400;1;-75],5,0,[358;240;880],9,0},{'M',[2;2049;805],11,[1;1;1],0,[1;NaN;NaN],[-12;2049;5],2,[NaN;0;NaN],[758;241;805],10,[NaN;NaN;0]},{'M',[-1432;448;-110],9,[25;7;-75],4,[NaN;6;NaN],[-334;-30;-110],6,[NaN;NaN;0],[-358;-2021;-1759],8,[2;NaN;NaN]},{'A',[1434;1601;695],12,[2;2049;805],11,0,[1432;-448;-110],9,0},{'M',[758;1601;1390],13,[758;241;805],10,[0;NaN;NaN],[1434;1601;695],12,[NaN;0;1]},{'O',[758;1601;1390],13,[758;1601;1390],13,0},{'M',[-2864;-2021;-1759],9,[-358;-2021;-1759],8,[3;0;0]},{'O',[2864;2021;1759],9,[2864;2021;1759],9,0},{'M',[1434;241;805],13,[758;241;805],10,[NaN;0;0],[1434;1601;695],12,[0;NaN;NaN]},{'O',[1434;241;805],13,[1434;241;805],13,0}}
Adder graph: {{'M',[128;16;1],1,[1;1;1],0,[7;4;0]},{'M',[1;1;64],1,[1;1;1],0,[0;0;6]},{'A',[129;15;-63],2,[128;16;1],1,0,[1;-1;-64],1,0},{'M',[1;15;128],3,[1;1;1],0,[0;NaN;7],[129;15;-63],2,[NaN;0;NaN]},{'M',[1;64;-126],3,[1;1;1],0,[0;6;NaN],[129;15;-63],2,[NaN;NaN;1]},{'A',[5;-241;632],4,[1;15;128],3,0,[1;-64;126],3,2},{'M',[640;4;632],5,[1;1;1],0,[NaN;2;NaN],[5;-241;632],4,[7;NaN;0]},{'M',[10;1920;-63],5,[129;15;-63],2,[NaN;7;0],[5;-241;632],4,[1;NaN;NaN]},{'A',[630;-1916;695],6,[640;4;632],5,0,[-10;-1920;63],5,0},{'M',[630;15;-126],7,[129;15;-63],2,[NaN;0;1],[630;-1916;695],6,[0;NaN;NaN]},{'M',[258;15;2],3,[1;1;1],0,[NaN;NaN;1],[129;15;-63],2,[1;0;NaN]},{'A',[-1434;-105;-110],8,[630;15;-126],7,0,[-258;-15;2],3,3},{'M',[-2868;-1916;-1760],9,[630;-1916;695],6,[NaN;0;NaN],[-1434;-105;-110],8,[1;NaN;4]},{'M',[4;-105;1],9,[1;1;1],0,[2;NaN;0],[-1434;-105;-110],8,[NaN;0;NaN]},{'A',[-2864;-2021;-1759],10,[-2868;-1916;-1760],9,0,[4;-105;1],9,0},{'M',[128;-420;-110],9,[1;1;1],0,[7;NaN;NaN],[-1434;-105;-110],8,[NaN;2;0]},{'M',[630;-2021;695],11,[630;-1916;695],6,[0;NaN;0],[-2864;-2021;-1759],10,[NaN;0;NaN]},{'A',[758;1601;-805],12,[128;-420;-110],9,0,[630;2021;-695],11,0},{'M',[758;1601;1390],13,[630;-1916;695],6,[NaN;NaN;1],[758;1601;-805],12,[0;0;NaN]},{'O',[758;1601;1390],13,[758;1601;1390],13,0},{'O',[2864;2021;1759],10,[2864;2021;1759],10,0},{'M',[-1434;-241;-805],13,[5;-241;632],4,[NaN;0;NaN],[-1434;-105;-110],8,[0;NaN;NaN],[758;1601;-805],12,[NaN;NaN;0]},{'O',[1434;241;805],13,[1434;241;805],13,0}}
Adder graph: {{'M',[1;4;1],1,[1;1;1],0,[0;2;0]},{'M',[64;1;8],1,[1;1;1],0,[6;0;3]},{'A',[65;3;-7],2,[1;4;1],1,0,[64;-1;-8],1,0},{'M',[8;128;1],1,[1;1;1],0,[3;7;0]},{'M',[65;3;-112],3,[65;3;-7],2,[0;0;4]},{'A',[-49;253;-110],4,[8;128;1],1,1,[-65;-3;-112],3,0},{'M',[-49;3;1],5,[1;1;1],0,[NaN;NaN;0],[65;3;-7],2,[NaN;0;NaN],[-49;253;-110],4,[0;NaN;NaN]},{'M',[1;2024;-1760],5,[1;1;1],0,[0;NaN;NaN],[-49;253;-110],4,[NaN;3;4]},{'A',[-50;-2021;-1759],6,[-49;3;1],5,0,[-1;-2024;-1760],5,0},{'M',[-98;253;-110],5,[-49;253;-110],4,[1;0;0]},{'M',[65;96;16],3,[1;1;1],0,[NaN;NaN;4],[65;3;-7],2,[0;5;NaN]},{'A',[-358;637;-174],6,[-98;253;-110],5,0,[-65;96;-16],3,2},{'M',[-1432;12;1],7,[1;1;1],0,[NaN;NaN;0],[65;3;-7],2,[NaN;2;NaN],[-358;637;-174],6,[2;NaN;NaN]},{'M',[2;253;-696],7,[1;1;1],0,[1;NaN;NaN],[-49;253;-110],4,[NaN;0;NaN],[-358;637;-174],6,[NaN;NaN;2]},{'A',[-1434;-241;-695],8,[-1432;12;1],7,0,[-2;-253;-696],7,0},{'M',[-400;-964;-695],9,[-50;-2021;-1759],6,[3;NaN;NaN],[-1434;-241;-695],8,[NaN;2;0]},{'M',[-358;637;-110],7,[-49;253;-110],4,[NaN;NaN;0],[-358;637;-174],6,[0;0;NaN]},{'A',[-758;-1601;-805],10,[-400;-964;-695],9,0,[-358;-637;-110],7,0},{'M',[-758;-1601;-1390],11,[-1434;-241;-695],8,[NaN;NaN;1],[-758;-1601;-805],10,[0;0;NaN]},{'O',[758;1601;1390],11,[758;1601;1390],11,0},{'M',[-2864;-2021;-1759],7,[-50;-2021;-1759],6,[NaN;0;0],[-358;637;-174],6,[3;NaN;NaN]},{'O',[2864;2021;1759],7,[2864;2021;1759],7,0},{'M',[-1434;-241;-805],11,[-1434;-241;-695],8,[0;0;NaN],[-758;-1601;-805],10,[NaN;NaN;0]},{'O',[1434;241;805],11,[1434;241;805],11,0}}
Adder graph: {{'M',[1;32;4],1,[1;1;1],0,[0;5;2]},{'A',[17;513;-63],2,[1;1;1],0,0,[1;32;-4],1,4},{'M',[34;513;64],3,[1;1;1],0,[NaN;NaN;6],[17;513;-63],2,[1;0;NaN]},{'A',[137;2053;255],4,[34;513;64],3,2,[1;1;-1],0,0},{'M',[4;4;1],1,[1;1;1],0,[2;2;0]},{'M',[274;2053;-63],5,[17;513;-63],2,[NaN;NaN;0],[137;2053;255],4,[1;0;NaN]},{'A',[-242;-2021;-55],6,[4;4;1],1,3,[-274;-2053;-63],5,0},{'M',[137;2;255],5,[1;1;1],0,[NaN;1;NaN],[137;2053;255],4,[0;NaN;0]},{'M',[-242;32;-440],7,[1;1;1],0,[NaN;5;NaN],[-242;-2021;-55],6,[0;NaN;3]},{'A',[379;34;695],8,[137;2;255],5,0,[242;32;440],7,0},{'M',[379;136;-880],9,[-242;-2021;-55],6,[NaN;NaN;4],[379;34;695],8,[0;2;NaN]},{'M',[2192;513;1],5,[1;1;1],0,[NaN;NaN;0],[17;513;-63],2,[NaN;0;NaN],[137;2053;255],4,[4;NaN;NaN]},{'A',[-1434;-241;-1759],10,[379;136;-880],9,1,[-2192;-513;1],5,0},{'M',[4;513;-110],7,[1;1;1],0,[2;NaN;NaN],[17;513;-63],2,[NaN;0;NaN],[-242;-2021;-55],6,[NaN;NaN;1]},{'M',[-2868;1088;695],11,[379;34;695],8,[NaN;5;0],[-1434;-241;-1759],10,[1;NaN;NaN]},{'A',[-2864;1601;-805],12,[4;513;-110],7,0,[-2868;1088;-695],11,0},{'M',[758;1601;1390],13,[379;34;695],8,[1;NaN;1],[-2864;1601;-805],12,[NaN;0;NaN]},{'O',[758;1601;1390],13,[758;1601;1390],13,0},{'M',[-2864;-2021;-1759],13,[-242;-2021;-55],6,[NaN;0;NaN],[-1434;-241;-1759],10,[NaN;NaN;0],[-2864;1601;-805],12,[0;NaN;NaN]},{'O',[2864;2021;1759],13,[2864;2021;1759],13,0},{'M',[-1434;-241;-805],13,[-1434;-241;-1759],10,[0;0;NaN],[-2864;1601;-805],12,[NaN;NaN;0]},{'O',[1434;241;805],13,[1434;241;805],13,0}}
Adder graph: {{'M',[2;1;64],1,[1;1;1],0,[1;0;6]},{'M',[1;2;1],1,[1;1;1],0,[0;1;0]},{'A',[20;34;112],2,[2;1;64],1,1,[1;2;-1],1,4},{'M',[40;1;112],3,[1;1;1],0,[NaN;0;NaN],[20;34;112],2,[1;NaN;0]},{'M',[1;256;1],1,[1;1;1],0,[0;8;0]},{'A',[42;513;110],4,[40;1;112],3,0,[1;256;-1],1,1},{'M',[160;513;110],5,[20;34;112],2,[3;NaN;NaN],[42;513;110],4,[NaN;0;0]},{'M',[1;544;32],3,[1;1;1],0,[0;NaN;5],[20;34;112],2,[NaN;4;NaN]},{'A',[158;1601;174],6,[160;513;110],5,0,[-1;544;32],3,1},{'M',[158;8;174],7,[1;1;1],0,[NaN;3;NaN],[158;1601;174],6,[0;NaN;0]},{'M',[84;1;1],5,[1;1;1],0,[NaN;0;0],[42;513;110],4,[1;NaN;NaN]},{'A',[716;31;695],8,[158;8;174],7,2,[84;-1;-1],5,0},{'M',[716;272;695],9,[20;34;112],2,[NaN;3;NaN],[716;31;695],8,[0;NaN;0]},{'A',[758;241;805],10,[42;513;110],4,0,[716;-272;695],9,0},{'M',[716;1026;880],9,[42;513;110],4,[NaN;1;3],[716;31;695],8,[0;NaN;NaN]},{'M',[2;31;1],9,[1;1;1],0,[1;NaN;0],[716;31;695],8,[NaN;0;NaN]},{'A',[1434;2021;1759],10,[716;1026;880],9,1,[2;-31;-1],9,0},{'M',[758;1601;1390],11,[158;1601;174],6,[NaN;0;NaN],[716;31;695],8,[NaN;NaN;1],[758;241;805],10,[0;NaN;NaN]},{'O',[758;1601;1390],11,[758;1601;1390],11,0},{'M',[2864;2021;1759],11,[716;31;695],8,[2;NaN;NaN],[1434;2021;1759],10,[NaN;0;0]},{'O',[2864;2021;1759],11,[2864;2021;1759],11,0},{'M',[1434;241;805],11,[758;241;805],10,[NaN;0;0],[1434;2021;1759],10,[0;NaN;NaN]},{'O',[1434;241;805],11,[1434;241;805],11,0}}
Adder graph: {{'M',[1;256;1],1,[1;1;1],0,[0;8;0]},{'A',[9;2049;7],2,[1;256;1],1,3,[1;1;-1],0,0},{'M',[72;2;7],3,[1;1;1],0,[NaN;1;NaN],[9;2049;7],2,[3;NaN;0]},{'M',[2;2;1],1,[1;1;1],0,[1;1;0]},{'A',[574;14;55],4,[72;2;7],3,3,[-2;-2;-1],1,0},{'M',[9;2;55],5,[1;1;1],0,[NaN;1;NaN],[9;2049;7],2,[0;NaN;NaN],[574;14;55],4,[NaN;NaN;0]},{'M',[574;1;1],5,[1;1;1],0,[NaN;0;0],[574;14;55],4,[0;NaN;NaN]},{'A',[-502;15;439],6,[9;2;55],5,3,[-574;-1;-1],5,0},{'M',[-502;2049;1],7,[1;1;1],0,[NaN;NaN;0],[9;2049;7],2,[NaN;0;NaN],[-502;15;439],6,[0;NaN;NaN]},{'M',[9;28;110],5,[9;2049;7],2,[0;NaN;NaN],[574;14;55],4,[NaN;1;1]},{'A',[-358;1601;-1759],8,[-502;2049;1],7,0,[9;-28;-110],5,4},{'A',[758;241;695],7,[1;1;1],0,8,[502;-15;439],6,0},{'M',[1;14;55],5,[1;1;1],0,[0;NaN;NaN],[574;14;55],4,[NaN;0;0]},{'M',[-1432;2049;695],9,[9;2049;7],2,[NaN;0;NaN],[-358;1601;-1759],8,[2;NaN;NaN],[758;241;695],7,[NaN;NaN;0]},{'A',[1434;-2021;805],10,[1;14;55],5,1,[1432;-2049;695],9,0},{'M',[758;1601;1390],9,[-358;1601;-1759],8,[NaN;0;NaN],[758;241;695],7,[0;NaN;1]},{'O',[758;1601;1390],9,[758;1601;1390],9,0},{'M',[-2864;-2021;-1759],11,[-358;1601;-1759],8,[3;NaN;0],[1434;-2021;805],10,[NaN;0;NaN]},{'O',[2864;2021;1759],11,[2864;2021;1759],11,0},{'M',[1434;241;805],11,[758;241;695],7,[NaN;0;NaN],[1434;-2021;805],10,[0;NaN;0]},{'O',[1434;241;805],11,[1434;241;805],11,0}}
Adder graph: {{'M',[1;1;16],1,[1;1;1],0,[0;0;4]},{'M',[1;1;8],1,[1;1;1],0,[0;0;3]},{'A',[17;-15;-112],2,[1;1;16],1,0,[1;-1;-8],1,4},{'M',[17;-15;1],3,[1;1;1],0,[NaN;NaN;0],[17;-15;-112],2,[0;0;NaN]},{'M',[1;1;4],1,[1;1;1],0,[0;0;2]},{'A',[-239;241;1025],4,[17;-15;1],3,0,[-1;1;4],1,8},{'M',[136;-15;-112],3,[17;-15;-112],2,[3;0;0]},{'M',[2;2;1],1,[1;1;1],0,[1;1;0]},{'A',[140;-19;-110],4,[136;-15;-112],3,0,[2;-2;1],1,1},{'M',[-239;-120;1025],5,[17;-15;-112],2,[NaN;3;NaN],[-239;241;1025],4,[0;NaN;0]},{'M',[-956;-19;-220],5,[-239;241;1025],4,[2;NaN;NaN],[140;-19;-110],4,[NaN;0;1]},{'A',[717;-101;805],6,[-239;-120;1025],5,0,[956;19;-220],5,0},{'M',[1;-1920;1],3,[1;1;1],0,[0;NaN;0],[17;-15;-112],2,[NaN;7;NaN]},{'M',[717;-101;-1760],7,[140;-19;-110],4,[NaN;NaN;4],[717;-101;805],6,[0;0;NaN]},{'A',[-716;-2021;-1759],8,[1;-1920;1],3,0,[-717;-101;-1760],7,0},{'M',[280;-15;-220],5,[17;-15;-112],2,[NaN;0;NaN],[140;-19;-110],4,[1;NaN;1]},{'M',[-239;-808;805],7,[-239;241;1025],4,[0;NaN;NaN],[717;-101;805],6,[NaN;3;0]},{'A',[758;1601;1390],8,[280;-15;-220],5,0,[239;808;805],7,1},{'O',[758;1601;1390],8,[758;1601;1390],8,0},{'M',[-2864;-2021;-1759],9,[-716;-2021;-1759],8,[2;0;0]},{'O',[2864;2021;1759],9,[2864;2021;1759],9,0},{'M',[1434;241;805],7,[-239;241;1025],4,[NaN;0;NaN],[717;-101;805],6,[1;NaN;0]},{'O',[1434;241;805],7,[1434;241;805],7,0}}
Adder graph: {{'M',[1;1;4],1,[1;1;1],0,[0;0;2]},{'A',[5;5;-15],2,[1;1;1],0,0,[1;1;-4],1,2},{'M',[1;16;1],1,[1;1;1],0,[0;4;0]},{'A',[12;252;20],2,[1;16;1],1,4,[-1;-1;1],0,2},{'M',[24;1;40],3,[1;1;1],0,[NaN;0;NaN],[12;252;20],2,[1;NaN;1]},{'M',[128;320;-15],3,[1;1;1],0,[7;NaN;NaN],[5;5;-15],2,[NaN;6;0]},{'A',[152;321;55],4,[24;1;40],3,0,[128;320;15],3,0},{'M',[768;5;1760],5,[5;5;-15],2,[NaN;0;NaN],[12;252;20],2,[6;NaN;NaN],[152;321;55],4,[NaN;NaN;5]},{'M',[10;2016;1],3,[1;1;1],0,[NaN;NaN;0],[5;5;-15],2,[1;NaN;NaN],[12;252;20],2,[NaN;3;NaN]},{'A',[758;2021;1759],6,[768;5;1760],5,0,[-10;2016;-1],3,0},{'M',[40;40;20],3,[5;5;-15],2,[3;3;NaN],[12;252;20],2,[NaN;NaN;0]},{'A',[1432;1601;695],5,[152;321;55],4,0,[40;40;20],3,5},{'M',[2;321;110],5,[1;1;1],0,[1;NaN;NaN],[152;321;55],4,[NaN;0;1]},{'M',[1432;80;695],6,[5;5;-15],2,[NaN;4;NaN],[1432;1601;695],5,[0;NaN;0]},{'A',[1434;241;805],7,[2;321;110],5,0,[1432;-80;695],6,0},{'M',[758;1601;1390],7,[758;2021;1759],6,[0;NaN;NaN],[1432;1601;695],5,[NaN;0;1]},{'O',[758;1601;1390],7,[758;1601;1390],7,0},{'M',[2864;2021;1759],7,[758;2021;1759],6,[NaN;0;0],[1432;1601;695],5,[1;NaN;NaN]},{'O',[2864;2021;1759],7,[2864;2021;1759],7,0},{'O',[1434;241;805],7,[1434;241;805],7,0}}
Adder graph: {{'M',[1;64;1],1,[1;1;1],0,[0;6;0]},{'A',[3;-60;5],2,[1;1;1],0,2,[-1;-64;1],1,0},{'M',[1;1;40],3,[1;1;1],0,[0;0;NaN],[3;-60;5],2,[NaN;NaN;3]},{'M',[6;-120;5],3,[3;-60;5],2,[1;1;0]},{'A',[-11;241;50],4,[1;1;40],3,0,[-6;120;5],3,1},{'M',[3;4;5],3,[1;1;1],0,[NaN;2;NaN],[3;-60;5],2,[0;NaN;0]},{'M',[-11;2;50],5,[1;1;1],0,[NaN;1;NaN],[-11;241;50],4,[0;NaN;0]},{'A',[179;-28;805],6,[3;4;5],3,0,[11;-2;50],5,4},{'M',[-11;2048;50],5,[1;1;1],0,[NaN;11;NaN],[-11;241;50],4,[0;NaN;0]},{'M',[1;1;5],3,[1;1;1],0,[0;0;NaN],[3;-60;5],2,[NaN;NaN;0]},{'A',[-10;2049;55],6,[-11;2048;50],5,0,[1;1;5],3,0},{'M',[-10;2049;110],7,[-10;2049;55],6,[0;0;1]},{'M',[48;-28;80],7,[3;-60;5],2,[4;NaN;4],[179;-28;805],6,[NaN;0;NaN]},{'A',[758;1601;1390],8,[-10;2049;110],7,0,[48;-28;80],7,4},{'M',[716;2049;1760],7,[179;-28;805],6,[2;NaN;NaN],[-10;2049;55],6,[NaN;0;5]},{'M',[1;-28;1],7,[1;1;1],0,[0;NaN;0],[179;-28;805],6,[NaN;0;NaN]},{'A',[717;2021;1759],8,[716;2049;1760],7,0,[1;-28;-1],7,0},{'O',[758;1601;1390],8,[758;1601;1390],8,0},{'M',[2864;2021;1759],9,[179;-28;805],6,[4;NaN;NaN],[717;2021;1759],8,[NaN;0;0]},{'O',[2864;2021;1759],9,[2864;2021;1759],9,0},{'M',[1434;241;805],9,[-11;241;50],4,[NaN;0;NaN],[179;-28;805],6,[NaN;NaN;0],[717;2021;1759],8,[1;NaN;NaN]},{'O',[1434;241;805],9,[1434;241;805],9,0}}
Adder graph: {{'M',[1;512;1],1,[1;1;1],0,[0;9;0]},{'A',[-3;2049;5],2,[1;1;1],0,0,[-1;512;1],1,2},{'M',[-3;2;5],3,[1;1;1],0,[NaN;1;NaN],[-3;2049;5],2,[0;NaN;0]},{'M',[-12;4;5],3,[1;1;1],0,[NaN;2;NaN],[-3;2049;5],2,[2;NaN;0]},{'A',[90;-28;50],4,[-3;2;5],3,1,[12;-4;5],3,3},{'M',[-6;2049;5],3,[-3;2049;5],2,[1;0;0]},{'A',[1434;1601;805],5,[-6;2049;5],3,0,[90;-28;50],4,4},{'M',[16;16;50],5,[1;1;1],0,[4;4;NaN],[90;-28;50],4,[NaN;NaN;0]},{'A',[19;-2033;55],6,[16;16;50],5,0,[3;-2049;5],2,0},{'M',[2880;2049;1760],7,[-3;2049;5],2,[NaN;0;NaN],[90;-28;50],4,[5;NaN;NaN],[19;-2033;55],6,[NaN;NaN;5]},{'M',[16;-28;1],5,[1;1;1],0,[4;NaN;0],[90;-28;50],4,[NaN;0;NaN]},{'A',[2864;2021;1759],8,[2880;2049;1760],7,0,[-16;-28;-1],5,0},{'M',[90;-448;160],5,[-3;2049;5],2,[NaN;NaN;5],[90;-28;50],4,[0;4;NaN]},{'A',[379;241;695],7,[90;-448;160],5,2,[19;2033;55],6,0},{'M',[758;1601;1390],8,[1434;1601;805],5,[NaN;0;NaN],[379;241;695],7,[1;NaN;1]},{'O',[758;1601;1390],8,[758;1601;1390],8,0},{'O',[2864;2021;1759],8,[2864;2021;1759],8,0},{'M',[1434;241;805],8,[1434;1601;805],5,[0;NaN;0],[379;241;695],7,[NaN;0;NaN]},{'O',[1434;241;805],8,[1434;241;805],8,0}}
Adder graph: {{'M',[1;128;1],1,[1;1;1],0,[0;7;0]},{'A',[-3;513;5],2,[1;1;1],0,0,[-1;128;1],1,2},{'M',[-3;8;5],3,[1;1;1],0,[NaN;3;NaN],[-3;513;5],2,[0;NaN;0]},{'M',[32;32;5],3,[1;1;1],0,[5;5;NaN],[-3;513;5],2,[NaN;NaN;0]},{'A',[-131;136;25],4,[-3;8;5],3,0,[-32;32;5],3,2},{'M',[-12;136;400],5,[-3;513;5],2,[2;NaN;NaN],[-131;136;25],4,[NaN;0;4]},{'A',[21;241;805],6,[-3;513;5],2,0,[12;-136;400],5,1},{'M',[-24;513;40],3,[-3;513;5],2,[3;0;3]},{'A',[-179;-890;-55],5,[-131;136;25],4,0,[-24;-513;-40],3,1},{'M',[21;544;805],7,[-131;136;25],4,[NaN;2;NaN],[21;241;805],6,[0;NaN;0]},{'M',[-716;513;-220],6,[-3;513;5],2,[NaN;0;NaN],[-179;-890;-55],5,[2;NaN;2]},{'A',[758;1601;1390],8,[21;544;805],7,1,[716;513;-220],6,0},{'M',[1;-1780;1],6,[1;1;1],0,[0;NaN;0],[-179;-890;-55],5,[NaN;1;NaN]},{'M',[-716;241;-1760],7,[21;241;805],6,[NaN;0;NaN],[-179;-890;-55],5,[2;NaN;5]},{'A',[717;-2021;-1759],8,[1;-1780;1],6,0,[716;-241;-1760],7,0},{'O',[758;1601;1390],8,[758;1601;1390],8,0},{'M',[-2864;-2021;-1759],9,[-179;-890;-55],5,[4;NaN;NaN],[717;-2021;-1759],8,[NaN;0;0]},{'O',[2864;2021;1759],9,[2864;2021;1759],9,0},{'M',[1434;241;805],9,[21;241;805],6,[NaN;0;0],[717;-2021;-1759],8,[1;NaN;NaN]},{'O',[1434;241;805],9,[1434;241;805],9,0}}
Finished solving after 7255.2 seconds
Adder graph: {{'M',[1;128;1],1,[1;1;1],0,[0;7;0]},{'A',[-3;513;5],2,[1;1;1],0,0,[-1;128;1],1,2},{'M',[-3;8;5],3,[1;1;1],0,[NaN;3;NaN],[-3;513;5],2,[0;NaN;0]},{'M',[32;32;5],3,[1;1;1],0,[5;5;NaN],[-3;513;5],2,[NaN;NaN;0]},{'A',[-131;136;25],4,[-3;8;5],3,0,[-32;32;5],3,2},{'M',[-12;136;400],5,[-3;513;5],2,[2;NaN;NaN],[-131;136;25],4,[NaN;0;4]},{'A',[21;241;805],6,[-3;513;5],2,0,[12;-136;400],5,1},{'M',[-24;513;40],3,[-3;513;5],2,[3;0;3]},{'A',[-179;-890;-55],5,[-131;136;25],4,0,[-24;-513;-40],3,1},{'M',[21;544;805],7,[-131;136;25],4,[NaN;2;NaN],[21;241;805],6,[0;NaN;0]},{'M',[-716;513;-220],6,[-3;513;5],2,[NaN;0;NaN],[-179;-890;-55],5,[2;NaN;2]},{'A',[758;1601;1390],8,[21;544;805],7,1,[716;513;-220],6,0},{'M',[1;-1780;1],6,[1;1;1],0,[0;NaN;0],[-179;-890;-55],5,[NaN;1;NaN]},{'M',[-716;241;-1760],7,[21;241;805],6,[NaN;0;NaN],[-179;-890;-55],5,[2;NaN;5]},{'A',[717;-2021;-1759],8,[1;-1780;1],6,0,[716;-241;-1760],7,0},{'O',[758;1601;1390],8,[758;1601;1390],8,0},{'M',[-2864;-2021;-1759],9,[-179;-890;-55],5,[4;NaN;NaN],[717;-2021;-1759],8,[NaN;0;0]},{'O',[2864;2021;1759],9,[2864;2021;1759],9,0},{'M',[1434;241;805],9,[21;241;805],6,[NaN;0;0],[717;-2021;-1759],8,[1;NaN;NaN]},{'O',[1434;241;805],9,[1434;241;805],9,0}}
# Add optimal = 1
# Mux optimal = 0
# FAs optimal = 0
