Adder graph: {{'M',[8;8;1],1,[1;1;1],0,[3;3;0]},{'M',[1;1;16],1,[1;1;1],0,[0;0;4]},{'A',[9;7;17],2,[8;8;1],1,0,[1;-1;16],1,0},{'M',[2;4;1],1,[1;1;1],0,[1;2;0]},{'M',[1;1;4],1,[1;1;1],0,[0;0;2]},{'A',[3;5;5],2,[2;4;1],1,0,[1;1;4],1,0},{'M',[192;7;17],3,[9;7;17],2,[NaN;0;0],[3;5;5],2,[6;NaN;NaN]},{'M',[9;224;20],3,[9;7;17],2,[0;5;NaN],[3;5;5],2,[NaN;NaN;2]},{'A',[201;231;37],4,[192;7;17],3,0,[9;224;20],3,0},{'M',[24;7;40],3,[9;7;17],2,[NaN;0;NaN],[3;5;5],2,[3;NaN;3]},{'M',[9;10;17],3,[9;7;17],2,[0;NaN;0],[3;5;5],2,[NaN;1;NaN]},{'A',[87;38;143],4,[24;7;40],3,2,[-9;10;-17],3,0},{'M',[3;5;80],3,[3;5;5],2,[0;0;4]},{'M',[192;5;17],3,[9;7;17],2,[NaN;NaN;0],[3;5;5],2,[6;0;NaN]},{'A',[198;5;177],4,[3;5;80],3,1,[192;-5;17],3,0},{'M',[1;4;16],1,[1;1;1],0,[0;2;4]},{'M',[1;2;8],1,[1;1;1],0,[0;1;3]},{'A',[1;6;24],2,[1;4;16],1,1,[-1;-2;-8],1,0},{'M',[3;48;96],3,[3;5;5],2,[0;NaN;NaN],[1;6;24],2,[NaN;3;2]},{'M',[128;5;34],3,[9;7;17],2,[NaN;NaN;1],[3;5;5],2,[NaN;0;NaN],[1;6;24],2,[7;NaN;NaN]},{'A',[131;53;62],4,[3;48;96],3,0,[128;5;-34],3,0},{'M',[24;48;24],3,[3;5;5],2,[3;NaN;NaN],[1;6;24],2,[NaN;3;0]},{'M',[3;7;20],3,[9;7;17],2,[NaN;0;NaN],[3;5;5],2,[0;NaN;2]},{'A',[27;41;4],4,[24;48;24],3,0,[3;-7;-20],3,0},{'M',[131;53;128],5,[131;53;62],4,[0;0;NaN],[27;41;4],4,[NaN;NaN;5]},{'O',[131;53;128],5,[131;53;128],5,0},{'M',[54;5;177],5,[198;5;177],4,[NaN;0;0],[27;41;4],4,[1;NaN;NaN]},{'O',[54;5;177],5,[54;5;177],5,0},{'M',[201;152;62],5,[201;231;37],4,[0;NaN;NaN],[87;38;143],4,[NaN;2;NaN],[131;53;62],4,[NaN;NaN;0]},{'O',[201;152;62],5,[201;152;62],5,0},{'M',[198;38;143],5,[87;38;143],4,[NaN;0;0],[198;5;177],4,[0;NaN;NaN]},{'O',[198;38;143],5,[198;38;143],5,0},{'M',[87;231;74],5,[201;231;37],4,[NaN;0;1],[87;38;143],4,[0;NaN;NaN]},{'O',[87;231;74],5,[87;231;74],5,0}}
Adder graph: {{'M',[2;1;1],1,[1;1;1],0,[1;0;0]},{'M',[1;4;2],1,[1;1;1],0,[0;2;1]},{'A',[3;5;-1],2,[2;1;1],1,0,[1;4;-2],1,0},{'M',[3;10;-1],3,[3;5;-1],2,[0;1;0]},{'M',[24;5;-2],3,[3;5;-1],2,[3;0;1]},{'A',[27;5;1],4,[3;10;-1],3,0,[24;-5;2],3,0},{'M',[1;4;16],1,[1;1;1],0,[0;2;4]},{'M',[1;2;2],1,[1;1;1],0,[0;1;1]},{'A',[16;48;144],2,[1;4;16],1,3,[1;2;2],1,3},{'M',[3;384;-1],3,[3;5;-1],2,[0;NaN;0],[16;48;144],2,[NaN;3;NaN]},{'M',[96;12288;144],3,[3;5;-1],2,[5;NaN;NaN],[16;48;144],2,[NaN;8;0]},{'A',[99;12672;143],4,[3;384;-1],3,0,[96;12288;144],3,0},{'M',[8;8;1],1,[1;1;1],0,[3;3;0]},{'M',[1;1;32],1,[1;1;1],0,[0;0;5]},{'A',[9;7;33],2,[8;8;1],1,0,[1;-1;32],1,0},{'M',[128;48;33],3,[16;48;144],2,[3;0;NaN],[9;7;33],2,[NaN;NaN;0]},{'M',[3;5;144],3,[3;5;-1],2,[0;0;NaN],[16;48;144],2,[NaN;NaN;0]},{'A',[131;53;177],4,[128;48;33],3,0,[3;5;144],3,0},{'M',[96;7;33],3,[3;5;-1],2,[5;NaN;NaN],[9;7;33],2,[NaN;0;0]},{'M',[9;224;-2],3,[3;5;-1],2,[NaN;NaN;1],[9;7;33],2,[0;5;NaN]},{'A',[87;231;31],4,[96;7;33],3,0,[-9;224;-2],3,0},{'M',[192;14;33],3,[3;5;-1],2,[6;NaN;NaN],[9;7;33],2,[NaN;1;0]},{'M',[9;5;-4],3,[3;5;-1],2,[NaN;0;2],[9;7;33],2,[0;NaN;NaN]},{'A',[201;19;37],4,[192;14;33],3,0,[9;5;4],3,0},{'M',[131;53;128],5,[27;5;1],4,[NaN;NaN;7],[131;53;177],4,[0;0;NaN]},{'O',[131;53;128],5,[131;53;128],5,0},{'M',[54;5;177],5,[27;5;1],4,[1;0;NaN],[131;53;177],4,[NaN;NaN;0]},{'O',[54;5;177],5,[54;5;177],5,0},{'M',[201;152;62],5,[87;231;31],4,[NaN;NaN;1],[201;19;37],4,[0;3;NaN]},{'O',[201;152;62],5,[201;152;62],5,0},{'M',[198;38;143],5,[99;12672;143],4,[1;NaN;0],[201;19;37],4,[NaN;1;NaN]},{'O',[198;38;143],5,[198;38;143],5,0},{'M',[87;231;74],5,[87;231;31],4,[0;0;NaN],[201;19;37],4,[NaN;NaN;1]},{'O',[87;231;74],5,[87;231;74],5,0}}
Adder graph: {{'A',[9;7;9],1,[1;1;1],0,3,[1;-1;1],0,0},{'A',[3;3;1],1,[1;1;1],0,1,[1;1;-1],0,0},{'M',[24;3;8],2,[3;3;1],1,[3;0;3]},{'M',[3;7;1],2,[9;7;9],1,[NaN;0;NaN],[3;3;1],1,[0;NaN;0]},{'A',[99;19;31],3,[24;3;8],2,2,[3;7;-1],2,0},{'M',[96;7;144],2,[9;7;9],1,[NaN;0;4],[3;3;1],1,[5;NaN;NaN]},{'M',[9;224;1],2,[9;7;9],1,[0;5;NaN],[3;3;1],1,[NaN;NaN;0]},{'A',[87;231;143],3,[96;7;144],2,0,[-9;224;-1],2,0},{'M',[48;3;8],2,[3;3;1],1,[4;0;3]},{'M',[3;28;8],2,[9;7;9],1,[NaN;2;NaN],[3;3;1],1,[0;NaN;3]},{'A',[54;-53;-8],3,[48;3;8],2,0,[3;-28;-8],2,1},{'M',[1;256;32],1,[1;1;1],0,[0;8;5]},{'A',[143;-144;176],2,[9;7;9],1,4,[-1;-256;32],1,0},{'M',[9;12;1],2,[9;7;9],1,[0;NaN;NaN],[3;3;1],1,[NaN;2;0]},{'M',[192;7;36],2,[9;7;9],1,[NaN;0;2],[3;3;1],1,[6;NaN;NaN]},{'A',[201;5;37],3,[9;12;1],2,0,[192;-7;36],2,0},{'M',[12;7;1],2,[9;7;9],1,[NaN;0;NaN],[3;3;1],1,[2;NaN;0]},{'A',[-131;-137;177],3,[12;7;1],2,0,[-143;-144;176],2,0},{'M',[-131;-53;-128],4,[54;-53;-8],3,[NaN;0;4],[-131;-137;177],3,[0;NaN;NaN]},{'O',[131;53;128],4,[131;53;128],4,0},{'M',[54;5;177],4,[54;-53;-8],3,[0;NaN;NaN],[201;5;37],3,[NaN;0;NaN],[-131;-137;177],3,[NaN;NaN;0]},{'O',[54;5;177],4,[54;5;177],4,0},{'M',[201;152;62],4,[99;19;31],3,[NaN;3;1],[201;5;37],3,[0;NaN;NaN]},{'O',[201;152;62],4,[201;152;62],4,0},{'M',[198;38;143],4,[99;19;31],3,[1;1;NaN],[87;231;143],3,[NaN;NaN;0]},{'O',[198;38;143],4,[198;38;143],4,0},{'M',[87;231;74],4,[87;231;143],3,[0;0;NaN],[201;5;37],3,[NaN;NaN;1]},{'O',[87;231;74],4,[87;231;74],4,0}}
Adder graph: {{'A',[9;7;9],1,[1;1;1],0,3,[1;-1;1],0,0},{'M',[1;256;2],1,[1;1;1],0,[0;8;1]},{'A',[8;263;11],2,[9;7;9],1,0,[-1;256;2],1,0},{'A',[3;3;-1],1,[1;1;1],0,0,[1;1;-1],0,1},{'M',[192;56;-1],2,[9;7;9],1,[NaN;3;NaN],[3;3;-1],1,[6;NaN;0]},{'M',[6;3;144],2,[9;7;9],1,[NaN;NaN;4],[3;3;-1],1,[1;0;NaN]},{'A',[198;53;143],3,[192;56;-1],2,0,[6;-3;144],2,0},{'M',[12;28;9],2,[9;7;9],1,[NaN;2;0],[3;3;-1],1,[2;NaN;NaN]},{'M',[9;7;-2],2,[9;7;9],1,[0;0;NaN],[3;3;-1],1,[NaN;NaN;1]},{'A',[87;231;74],3,[12;28;9],2,3,[-9;7;2],2,0},{'M',[3;12;-8],2,[3;3;-1],1,[0;2;3]},{'M',[24;7;9],2,[9;7;9],1,[NaN;0;0],[3;3;-1],1,[3;NaN;NaN]},{'A',[27;5;1],3,[3;12;-8],2,0,[24;-7;9],2,0},{'M',[96;7;-1],2,[9;7;9],1,[NaN;0;NaN],[3;3;-1],1,[5;NaN;0]},{'M',[9;24;-64],2,[9;7;9],1,[0;NaN;NaN],[3;3;-1],1,[NaN;3;6]},{'A',[201;38;62],3,[96;7;-1],2,1,[9;24;64],2,0},{'M',[3;48;-1],2,[3;3;-1],1,[0;4;0]},{'A',[131;4256;177],3,[8;263;11],2,4,[3;48;1],2,0},{'M',[131;53;128],4,[198;53;143],3,[NaN;0;NaN],[27;5;1],3,[NaN;NaN;7],[131;4256;177],3,[0;NaN;NaN]},{'O',[131;53;128],4,[131;53;128],4,0},{'M',[54;5;177],4,[27;5;1],3,[1;0;NaN],[131;4256;177],3,[NaN;NaN;0]},{'O',[54;5;177],4,[54;5;177],4,0},{'M',[201;152;62],4,[201;38;62],3,[0;2;0]},{'O',[201;152;62],4,[201;152;62],4,0},{'M',[198;38;143],4,[198;53;143],3,[0;NaN;0],[201;38;62],3,[NaN;0;NaN]},{'O',[198;38;143],4,[198;38;143],4,0},{'R',[87;231;74],4,[87;231;74],3},{'O',[87;231;74],4,[87;231;74],4,0}}
Adder graph: {{'A',[3;3;1],1,[1;1;1],0,1,[1;1;-1],0,0},{'M',[2;2;1],1,[1;1;1],0,[1;1;0]},{'M',[64;1;1],1,[1;1;1],0,[6;0;0]},{'A',[128;65;33],2,[2;2;1],1,5,[64;1;1],1,0},{'M',[3;6;2],2,[3;3;1],1,[0;1;1]},{'M',[3;24;8],2,[3;3;1],1,[0;3;3]},{'A',[54;48;16],3,[3;6;2],2,4,[3;-24;-8],2,1},{'A',[9;7;9],1,[1;1;1],0,3,[1;-1;1],0,0},{'M',[3;12;144],2,[3;3;1],1,[0;2;NaN],[9;7;9],1,[NaN;NaN;4]},{'M',[96;7;1],2,[3;3;1],1,[5;NaN;0],[9;7;9],1,[NaN;0;NaN]},{'A',[99;5;143],3,[3;12;144],2,0,[96;-7;-1],2,0},{'A',[131;53;177],3,[128;65;33],2,0,[3;-12;144],2,0},{'M',[3;7;1],2,[3;3;1],1,[0;NaN;0],[9;7;9],1,[NaN;0;NaN]},{'M',[9;7;1],2,[3;3;1],1,[NaN;NaN;0],[9;7;9],1,[0;0;NaN]},{'A',[87;231;31],3,[3;7;1],2,5,[-9;7;-1],2,0},{'M',[9;24;72],2,[3;3;1],1,[NaN;3;NaN],[9;7;9],1,[0;NaN;3]},{'A',[201;38;74],3,[96;7;1],2,1,[9;24;72],2,0},{'M',[131;53;128],4,[54;48;16],3,[NaN;NaN;3],[131;53;177],3,[0;0;NaN]},{'O',[131;53;128],4,[131;53;128],4,0},{'M',[54;5;177],4,[54;48;16],3,[0;NaN;NaN],[99;5;143],3,[NaN;0;NaN],[131;53;177],3,[NaN;NaN;0]},{'O',[54;5;177],4,[54;5;177],4,0},{'M',[201;152;62],4,[87;231;31],3,[NaN;NaN;1],[201;38;74],3,[0;2;NaN]},{'O',[201;152;62],4,[201;152;62],4,0},{'M',[198;38;143],4,[99;5;143],3,[1;NaN;0],[201;38;74],3,[NaN;0;NaN]},{'O',[198;38;143],4,[198;38;143],4,0},{'M',[87;231;74],4,[87;231;31],3,[0;0;NaN],[201;38;74],3,[NaN;NaN;0]},{'O',[87;231;74],4,[87;231;74],4,0}}
Adder graph: {{'M',[1;32;2],1,[1;1;1],0,[0;5;1]},{'R',[1;1;1],1,[1;1;1],0},{'A',[9;255;17],2,[1;32;2],1,3,[1;-1;1],1,0},{'A',[-1;3;-1],1,[1;1;1],0,0,[-1;1;-1],0,1},{'A',[3;5;5],1,[1;1;1],0,2,[-1;1;1],0,0},{'M',[96;24;-1],2,[-1;3;-1],1,[NaN;3;0],[3;5;5],1,[5;NaN;NaN]},{'M',[3;5;-32],2,[-1;3;-1],1,[NaN;NaN;5],[3;5;5],1,[0;0;NaN]},{'A',[198;38;62],3,[96;24;-1],2,1,[3;-5;32],2,1},{'M',[48;3;80],2,[-1;3;-1],1,[NaN;0;NaN],[3;5;5],1,[4;NaN;4]},{'A',[87;261;143],3,[48;3;80],2,1,[-9;255;-17],2,0},{'M',[12;5;5],2,[3;5;5],1,[2;0;0]},{'M',[3;5;-64],2,[-1;3;-1],1,[NaN;NaN;6],[3;5;5],1,[0;0;NaN]},{'A',[27;5;74],3,[12;5;5],2,1,[3;-5;64],2,0},{'M',[24;3;20],2,[-1;3;-1],1,[NaN;0;NaN],[3;5;5],1,[3;NaN;2]},{'A',[201;231;177],3,[9;255;17],2,0,[24;-3;20],2,3},{'M',[3;48;-16],2,[-1;3;-1],1,[NaN;4;4],[3;5;5],1,[0;NaN;NaN]},{'M',[-128;5;20],2,[-1;3;-1],1,[7;NaN;NaN],[3;5;5],1,[NaN;0;2]},{'A',[131;53;4],3,[3;48;-16],2,0,[128;5;20],2,0},{'M',[131;53;128],4,[131;53;4],3,[0;0;5]},{'O',[131;53;128],4,[131;53;128],4,0},{'M',[54;5;177],4,[27;5;74],3,[1;0;NaN],[201;231;177],3,[NaN;NaN;0]},{'O',[54;5;177],4,[54;5;177],4,0},{'M',[201;152;62],4,[198;38;62],3,[NaN;2;0],[201;231;177],3,[0;NaN;NaN]},{'O',[201;152;62],4,[201;152;62],4,0},{'M',[198;38;143],4,[198;38;62],3,[0;0;NaN],[87;261;143],3,[NaN;NaN;0]},{'O',[198;38;143],4,[198;38;143],4,0},{'M',[87;231;74],4,[87;261;143],3,[0;NaN;NaN],[27;5;74],3,[NaN;NaN;0],[201;231;177],3,[NaN;0;NaN]},{'O',[87;231;74],4,[87;231;74],4,0}}
Adder graph: {{'A',[3;3;1],1,[1;1;1],0,1,[1;1;-1],0,0},{'M',[64;1;32],1,[1;1;1],0,[6;0;5]},{'M',[64;1;1],1,[1;1;1],0,[6;0;0]},{'A',[128;2;33],2,[64;1;32],1,0,[64;1;1],1,0},{'A',[9;7;9],1,[1;1;1],0,3,[1;-1;1],0,0},{'M',[24;7;8],2,[3;3;1],1,[3;NaN;3],[9;7;9],1,[NaN;0;NaN]},{'M',[9;3;2],2,[3;3;1],1,[NaN;0;1],[9;7;9],1,[0;NaN;NaN]},{'A',[201;53;62],3,[24;7;8],2,3,[9;-3;-2],2,0},{'M',[3;12;1],2,[3;3;1],1,[0;2;0]},{'M',[96;7;36],2,[3;3;1],1,[5;NaN;NaN],[9;7;9],1,[NaN;0;2]},{'A',[99;19;37],3,[3;12;1],2,0,[96;7;36],2,0},{'M',[24;7;144],2,[3;3;1],1,[3;NaN;NaN],[9;7;9],1,[NaN;0;4]},{'M',[3;224;1],2,[3;3;1],1,[0;NaN;0],[9;7;9],1,[NaN;5;NaN]},{'A',[27;231;143],3,[24;7;144],2,0,[3;224;-1],2,0},{'M',[6;3;1],2,[3;3;1],1,[1;0;0]},{'M',[9;7;8],2,[3;3;1],1,[NaN;NaN;3],[9;7;9],1,[0;0;NaN]},{'A',[87;55;8],3,[6;3;1],2,4,[-9;7;-8],2,0},{'M',[3;3;144],2,[3;3;1],1,[0;0;NaN],[9;7;9],1,[NaN;NaN;4]},{'A',[131;5;177],3,[128;2;33],2,0,[3;3;144],2,0},{'M',[131;53;128],4,[201;53;62],3,[NaN;0;NaN],[87;55;8],3,[NaN;NaN;4],[131;5;177],3,[0;NaN;NaN]},{'O',[131;53;128],4,[131;53;128],4,0},{'M',[54;5;177],4,[27;231;143],3,[1;NaN;NaN],[131;5;177],3,[NaN;0;0]},{'O',[54;5;177],4,[54;5;177],4,0},{'M',[201;152;62],4,[201;53;62],3,[0;NaN;0],[99;19;37],3,[NaN;3;NaN]},{'O',[201;152;62],4,[201;152;62],4,0},{'M',[198;38;143],4,[99;19;37],3,[1;1;NaN],[27;231;143],3,[NaN;NaN;0]},{'O',[198;38;143],4,[198;38;143],4,0},{'M',[87;231;74],4,[99;19;37],3,[NaN;NaN;1],[27;231;143],3,[NaN;0;NaN],[87;55;8],3,[0;NaN;NaN]},{'O',[87;231;74],4,[87;231;74],4,0}}
Adder graph: {{'M',[256;1;32],1,[1;1;1],0,[8;0;5]},{'M',[128;1;1],1,[1;1;1],0,[7;0;0]},{'A',[128;2;33],2,[256;1;32],1,0,[-128;1;1],1,0},{'A',[3;3;1],1,[1;1;1],0,1,[1;1;-1],0,0},{'A',[9;7;9],1,[1;1;1],0,3,[1;-1;1],0,0},{'M',[3;3;144],2,[3;3;1],1,[0;0;NaN],[9;7;9],1,[NaN;NaN;4]},{'A',[131;5;177],3,[128;2;33],2,0,[3;3;144],2,0},{'M',[12;28;9],2,[3;3;1],1,[2;NaN;NaN],[9;7;9],1,[NaN;2;0]},{'M',[9;7;2],2,[3;3;1],1,[NaN;NaN;1],[9;7;9],1,[0;0;NaN]},{'A',[87;231;74],3,[12;28;9],2,3,[-9;7;2],2,0},{'M',[3;28;72],2,[3;3;1],1,[0;NaN;NaN],[9;7;9],1,[NaN;2;3]},{'M',[192;3;1],2,[3;3;1],1,[6;0;0]},{'A',[198;53;143],3,[3;28;72],2,1,[192;-3;-1],2,0},{'M',[12;3;1],2,[3;3;1],1,[2;0;0]},{'M',[6;7;2],2,[3;3;1],1,[1;NaN;1],[9;7;9],1,[NaN;0;NaN]},{'A',[54;19;2],3,[12;3;1],2,2,[6;7;-2],2,0},{'M',[96;7;32],2,[3;3;1],1,[5;NaN;5],[9;7;9],1,[NaN;0;NaN]},{'M',[9;14;2],2,[3;3;1],1,[NaN;NaN;1],[9;7;9],1,[0;1;NaN]},{'A',[201;28;62],3,[96;7;32],2,1,[9;14;-2],2,0},{'M',[131;53;128],4,[131;5;177],3,[0;NaN;NaN],[198;53;143],3,[NaN;0;NaN],[54;19;2],3,[NaN;NaN;6]},{'O',[131;53;128],4,[131;53;128],4,0},{'M',[54;5;177],4,[131;5;177],3,[NaN;0;0],[54;19;2],3,[0;NaN;NaN]},{'O',[54;5;177],4,[54;5;177],4,0},{'M',[201;152;62],4,[54;19;2],3,[NaN;3;NaN],[201;28;62],3,[0;NaN;0]},{'O',[201;152;62],4,[201;152;62],4,0},{'M',[198;38;143],4,[198;53;143],3,[0;NaN;0],[54;19;2],3,[NaN;1;NaN]},{'O',[198;38;143],4,[198;38;143],4,0},{'R',[87;231;74],4,[87;231;74],3},{'O',[87;231;74],4,[87;231;74],4,0}}
Adder graph: {{'A',[3;3;-1],1,[1;1;1],0,0,[1;1;-1],0,1},{'M',[96;3;-1],2,[3;3;-1],1,[5;0;0]},{'M',[6;6;-1],2,[3;3;-1],1,[1;1;0]},{'A',[198;12;-1],3,[96;3;-1],2,1,[6;6;1],2,0},{'A',[9;-7;9],1,[1;1;1],0,0,[1;-1;1],0,3},{'M',[9;-7;18],2,[9;-7;9],1,[0;0;1]},{'M',[18;3;-1],2,[3;3;-1],1,[NaN;0;0],[9;-7;9],1,[1;NaN;NaN]},{'A',[54;-53;143],3,[9;-7;18],2,3,[-18;3;-1],2,0},{'M',[1;8;2],1,[1;1;1],0,[0;3;1]},{'A',[-8;1;11],2,[1;8;2],1,0,[-9;-7;9],1,0},{'M',[9;-7;-2],2,[3;3;-1],1,[NaN;NaN;1],[9;-7;9],1,[0;0;NaN]},{'M',[12;-28;9],2,[3;3;-1],1,[2;NaN;NaN],[9;-7;9],1,[NaN;2;0]},{'A',[-87;-231;-74],3,[9;-7;-2],2,0,[-12;-28;-9],2,3},{'R',[3;3;-1],2,[3;3;-1],1},{'A',[-131;19;177],3,[-8;1;11],2,4,[-3;3;1],2,0},{'M',[48;3;-16],2,[3;3;-1],1,[4;0;4]},{'A',[201;5;62],3,[9;-7;-2],2,0,[48;3;16],2,2},{'M',[-131;-53;-128],4,[198;12;-1],3,[NaN;NaN;7],[54;-53;143],3,[NaN;0;NaN],[-131;19;177],3,[0;NaN;NaN]},{'O',[131;53;128],4,[131;53;128],4,0},{'M',[54;5;177],4,[54;-53;143],3,[0;NaN;NaN],[-131;19;177],3,[NaN;NaN;0],[201;5;62],3,[NaN;0;NaN]},{'O',[54;5;177],4,[54;5;177],4,0},{'M',[201;152;62],4,[-131;19;177],3,[NaN;3;NaN],[201;5;62],3,[0;NaN;0]},{'O',[201;152;62],4,[201;152;62],4,0},{'M',[198;38;143],4,[198;12;-1],3,[0;NaN;NaN],[54;-53;143],3,[NaN;NaN;0],[-131;19;177],3,[NaN;1;NaN]},{'O',[198;38;143],4,[198;38;143],4,0},{'R',[-87;-231;-74],4,[-87;-231;-74],3},{'O',[87;231;74],4,[87;231;74],4,0}}
Adder graph: {{'A',[9;7;9],1,[1;1;1],0,3,[1;-1;1],0,0},{'A',[3;3;1],1,[1;1;1],0,1,[1;1;-1],0,0},{'M',[1;2;2],1,[1;1;1],0,[0;1;1]},{'A',[8;5;11],2,[9;7;9],1,0,[-1;-2;2],1,0},{'M',[48;3;16],2,[3;3;1],1,[4;0;4]},{'M',[9;7;2],2,[9;7;9],1,[0;0;NaN],[3;3;1],1,[NaN;NaN;1]},{'A',[201;19;62],3,[48;3;16],2,2,[9;7;-2],2,0},{'M',[9;3;9],2,[9;7;9],1,[0;NaN;0],[3;3;1],1,[NaN;0;NaN]},{'M',[18;7;1],2,[9;7;9],1,[1;0;NaN],[3;3;1],1,[NaN;NaN;0]},{'A',[54;5;37],3,[9;3;9],2,2,[18;-7;1],2,0},{'M',[3;28;72],2,[9;7;9],1,[NaN;2;3],[3;3;1],1,[0;NaN;NaN]},{'M',[192;3;1],2,[3;3;1],1,[6;0;0]},{'A',[198;53;143],3,[3;28;72],2,1,[192;-3;-1],2,0},{'M',[3;7;9],2,[9;7;9],1,[NaN;0;0],[3;3;1],1,[0;NaN;NaN]},{'M',[9;7;256],2,[9;7;9],1,[0;0;NaN],[3;3;1],1,[NaN;NaN;8]},{'A',[87;231;32],3,[3;7;9],2,5,[-9;7;-256],2,0},{'M',[3;768;1],2,[3;3;1],1,[0;8;0]},{'A',[131;-688;177],3,[8;5;11],2,4,[3;-768;1],2,0},{'M',[131;53;128],4,[198;53;143],3,[NaN;0;NaN],[87;231;32],3,[NaN;NaN;2],[131;-688;177],3,[0;NaN;NaN]},{'O',[131;53;128],4,[131;53;128],4,0},{'M',[54;5;177],4,[54;5;37],3,[0;0;NaN],[131;-688;177],3,[NaN;NaN;0]},{'O',[54;5;177],4,[54;5;177],4,0},{'M',[201;152;62],4,[201;19;62],3,[0;3;0]},{'O',[201;152;62],4,[201;152;62],4,0},{'M',[198;38;143],4,[201;19;62],3,[NaN;1;NaN],[198;53;143],3,[0;NaN;0]},{'O',[198;38;143],4,[198;38;143],4,0},{'M',[87;231;74],4,[54;5;37],3,[NaN;NaN;1],[87;231;32],3,[0;0;NaN]},{'O',[87;231;74],4,[87;231;74],4,0}}
Adder graph: {{'A',[-7;-7;-7],1,[1;1;1],0,0,[-1;-1;-1],0,3},{'M',[4;1;4],1,[1;1;1],0,[2;0;2]},{'A',[-23;-3;-23],2,[-7;-7;-7],1,0,[-4;1;-4],1,2},{'A',[31;33;31],1,[1;1;1],0,5,[-1;1;-1],0,0},{'M',[-112;-28;-7],2,[-7;-7;-7],1,[4;2;0]},{'A',[-201;-53;-37],3,[-112;-28;-7],2,1,[23;3;-23],2,0},{'M',[-7;-112;-112],2,[-7;-7;-7],1,[0;4;4]},{'M',[124;33;31],2,[31;33;31],1,[2;0;0]},{'A',[-131;-145;-143],3,[-7;-112;-112],2,0,[-124;-33;-31],2,0},{'M',[31;-7;-7],2,[-7;-7;-7],1,[NaN;0;0],[31;33;31],1,[0;NaN;NaN]},{'A',[-27;-5;-8],3,[-23;-3;-23],2,-1,[-31;-7;7],2,-1},{'M',[-14;-14;-7],2,[-7;-7;-7],1,[1;1;0]},{'A',[-198;-38;-177],3,[-23;-3;-23],2,3,[-14;-14;7],2,0},{'M',[-56;33;31],2,[-7;-7;-7],1,[3;NaN;NaN],[31;33;31],1,[NaN;0;0]},{'M',[31;264;62],2,[31;33;31],1,[0;3;1]},{'A',[-87;-231;-31],3,[-56;33;31],2,0,[-31;-264;-62],2,0},{'M',[-131;-53;-128],4,[-201;-53;-37],3,[NaN;0;NaN],[-131;-145;-143],3,[0;NaN;NaN],[-27;-5;-8],3,[NaN;NaN;4]},{'O',[131;53;128],4,[131;53;128],4,0},{'M',[-54;-5;-177],4,[-27;-5;-8],3,[1;0;NaN],[-198;-38;-177],3,[NaN;NaN;0]},{'O',[54;5;177],4,[54;5;177],4,0},{'M',[-201;-152;-62],4,[-201;-53;-37],3,[0;NaN;NaN],[-198;-38;-177],3,[NaN;2;NaN],[-87;-231;-31],3,[NaN;NaN;1]},{'O',[201;152;62],4,[201;152;62],4,0},{'M',[-198;-38;-143],4,[-131;-145;-143],3,[NaN;NaN;0],[-198;-38;-177],3,[0;0;NaN]},{'O',[198;38;143],4,[198;38;143],4,0},{'M',[-87;-231;-74],4,[-201;-53;-37],3,[NaN;NaN;1],[-87;-231;-31],3,[0;0;NaN]},{'O',[87;231;74],4,[87;231;74],4,0}}
Adder graph: {{'M',[1;8;8],1,[1;1;1],0,[0;3;3]},{'M',[2;1;2],1,[1;1;1],0,[1;0;1]},{'A',[3;9;10],2,[1;8;8],1,0,[2;1;2],1,0},{'M',[8;8;1],1,[1;1;1],0,[3;3;0]},{'R',[1;1;1],1,[1;1;1],0},{'A',[9;7;2],2,[8;8;1],1,0,[1;-1;1],1,0},{'M',[6;7;2],3,[3;9;10],2,[1;NaN;NaN],[9;7;2],2,[NaN;0;0]},{'M',[9;72;2],3,[3;9;10],2,[NaN;3;NaN],[9;7;2],2,[0;NaN;0]},{'A',[201;152;62],4,[6;7;2],3,5,[9;-72;-2],3,0},{'M',[2;2;1],1,[1;1;1],0,[1;1;0]},{'M',[16;1;1],1,[1;1;1],0,[4;0;0]},{'A',[16;31;17],2,[2;2;1],1,4,[-16;-1;1],1,0},{'M',[3;7;2],3,[3;9;10],2,[0;NaN;NaN],[9;7;2],2,[NaN;0;0]},{'M',[9;7;10],3,[3;9;10],2,[NaN;NaN;0],[9;7;2],2,[0;0;NaN]},{'A',[87;231;74],4,[3;7;2],3,5,[-9;7;10],3,0},{'M',[24;7;20],3,[3;9;10],2,[3;NaN;1],[9;7;2],2,[NaN;0;NaN]},{'M',[6;18;17],3,[3;9;10],2,[1;1;NaN],[16;31;17],2,[NaN;NaN;0]},{'A',[198;38;143],4,[24;7;20],3,3,[6;-18;-17],3,0},{'M',[12;9;40],3,[3;9;10],2,[2;0;2]},{'M',[6;31;17],3,[3;9;10],2,[1;NaN;NaN],[16;31;17],2,[NaN;0;0]},{'A',[54;5;177],4,[12;9;40],3,2,[6;-31;17],3,0},{'M',[64;31;68],3,[16;31;17],2,[2;0;2]},{'M',[3;9;8],3,[3;9;10],2,[0;0;NaN],[9;7;2],2,[NaN;NaN;2]},{'A',[131;53;128],4,[64;31;68],3,1,[3;-9;-8],3,0},{'O',[131;53;128],4,[131;53;128],4,0},{'O',[54;5;177],4,[54;5;177],4,0},{'O',[201;152;62],4,[201;152;62],4,0},{'O',[198;38;143],4,[198;38;143],4,0},{'O',[87;231;74],4,[87;231;74],4,0}}
Adder graph: {{'A',[9;7;9],1,[1;1;1],0,3,[1;-1;1],0,0},{'A',[3;3;1],1,[1;1;1],0,1,[1;1;-1],0,0},{'M',[18;14;9],2,[9;7;9],1,[1;1;0]},{'M',[18;3;1],2,[9;7;9],1,[1;NaN;NaN],[3;3;1],1,[NaN;0;0]},{'A',[54;53;37],3,[18;14;9],2,2,[-18;-3;1],2,0},{'M',[1;1;2],1,[1;1;1],0,[0;0;1]},{'A',[-13;19;33],2,[3;3;1],1,0,[-1;1;2],1,4},{'M',[3;3;72],2,[9;7;9],1,[NaN;NaN;3],[3;3;1],1,[0;0;NaN]},{'M',[192;192;1],2,[3;3;1],1,[6;6;0]},{'A',[198;198;143],3,[3;3;72],2,1,[192;192;-1],2,0},{'M',[72;7;72],2,[9;7;9],1,[3;0;3]},{'A',[131;5;177],3,[-13;19;33],2,0,[72;-7;72],2,1},{'M',[48;3;16],2,[3;3;1],1,[4;0;4]},{'M',[9;7;2],2,[9;7;9],1,[0;0;NaN],[3;3;1],1,[NaN;NaN;1]},{'A',[201;19;62],3,[48;3;16],2,2,[9;7;-2],2,0},{'M',[3;7;1],2,[9;7;9],1,[NaN;0;NaN],[3;3;1],1,[0;NaN;0]},{'M',[9;7;16],2,[9;7;9],1,[0;0;NaN],[3;3;1],1,[NaN;NaN;4]},{'A',[87;231;16],3,[3;7;1],2,5,[-9;7;-16],2,0},{'M',[131;53;128],4,[54;53;37],3,[NaN;0;NaN],[131;5;177],3,[0;NaN;NaN],[87;231;16],3,[NaN;NaN;3]},{'O',[131;53;128],4,[131;53;128],4,0},{'M',[54;5;177],4,[54;53;37],3,[0;NaN;NaN],[131;5;177],3,[NaN;0;0]},{'O',[54;5;177],4,[54;5;177],4,0},{'M',[201;152;62],4,[201;19;62],3,[0;3;0]},{'O',[201;152;62],4,[201;152;62],4,0},{'M',[198;38;143],4,[198;198;143],3,[0;NaN;0],[201;19;62],3,[NaN;1;NaN]},{'O',[198;38;143],4,[198;38;143],4,0},{'M',[87;231;74],4,[54;53;37],3,[NaN;NaN;1],[87;231;16],3,[0;0;NaN]},{'O',[87;231;74],4,[87;231;74],4,0}}
Finished solving after 15210.5 seconds
Adder graph: {{'A',[9;7;9],1,[1;1;1],0,3,[1;-1;1],0,0},{'A',[3;3;1],1,[1;1;1],0,1,[1;1;-1],0,0},{'M',[18;14;9],2,[9;7;9],1,[1;1;0]},{'M',[18;3;1],2,[9;7;9],1,[1;NaN;NaN],[3;3;1],1,[NaN;0;0]},{'A',[54;53;37],3,[18;14;9],2,2,[-18;-3;1],2,0},{'M',[1;1;2],1,[1;1;1],0,[0;0;1]},{'A',[-13;19;33],2,[3;3;1],1,0,[-1;1;2],1,4},{'M',[3;3;72],2,[9;7;9],1,[NaN;NaN;3],[3;3;1],1,[0;0;NaN]},{'M',[192;192;1],2,[3;3;1],1,[6;6;0]},{'A',[198;198;143],3,[3;3;72],2,1,[192;192;-1],2,0},{'M',[72;7;72],2,[9;7;9],1,[3;0;3]},{'A',[131;5;177],3,[-13;19;33],2,0,[72;-7;72],2,1},{'M',[48;3;16],2,[3;3;1],1,[4;0;4]},{'M',[9;7;2],2,[9;7;9],1,[0;0;NaN],[3;3;1],1,[NaN;NaN;1]},{'A',[201;19;62],3,[48;3;16],2,2,[9;7;-2],2,0},{'M',[3;7;1],2,[9;7;9],1,[NaN;0;NaN],[3;3;1],1,[0;NaN;0]},{'M',[9;7;16],2,[9;7;9],1,[0;0;NaN],[3;3;1],1,[NaN;NaN;4]},{'A',[87;231;16],3,[3;7;1],2,5,[-9;7;-16],2,0},{'M',[131;53;128],4,[54;53;37],3,[NaN;0;NaN],[131;5;177],3,[0;NaN;NaN],[87;231;16],3,[NaN;NaN;3]},{'O',[131;53;128],4,[131;53;128],4,0},{'M',[54;5;177],4,[54;53;37],3,[0;NaN;NaN],[131;5;177],3,[NaN;0;0]},{'O',[54;5;177],4,[54;5;177],4,0},{'M',[201;152;62],4,[201;19;62],3,[0;3;0]},{'O',[201;152;62],4,[201;152;62],4,0},{'M',[198;38;143],4,[198;198;143],3,[0;NaN;0],[201;19;62],3,[NaN;1;NaN]},{'O',[198;38;143],4,[198;38;143],4,0},{'M',[87;231;74],4,[54;53;37],3,[NaN;NaN;1],[87;231;16],3,[0;0;NaN]},{'O',[87;231;74],4,[87;231;74],4,0}}
# Add optimal = 1
# Mux optimal = 0
# Mux registers optimal = 0
# FAs optimal = 0
