Adder graph: {{'M',[2;1;16],1,[1;1;1],0,[1;0;4]},{'M',[1;2;1],1,[1;1;1],0,[0;1;0]},{'A',[1;-1;15],2,[2;1;16],1,0,[-1;-2;-1],1,0},{'A',[7;9;7],1,[1;1;1],0,3,[-1;1;-1],0,0},{'R',[1;1;1],1,[1;1;1],0},{'A',[27;37;27],2,[7;9;7],1,2,[-1;1;-1],1,0},{'M',[7;9;28],2,[7;9;7],1,[0;0;2]},{'A',[9;7;58],3,[1;-1;15],2,1,[7;9;28],2,0},{'M',[27;-2;27],3,[1;-1;15],2,[NaN;1;NaN],[27;37;27],2,[0;NaN;0]},{'A',[63;30;205],4,[9;7;58],3,2,[27;2;-27],3,0},{'M',[64;37;108],3,[1;-1;15],2,[6;NaN;NaN],[27;37;27],2,[NaN;0;2]},{'M',[108;37;120],3,[1;-1;15],2,[NaN;NaN;3],[27;37;27],2,[2;0;NaN]},{'A',[-152;-37;-132],4,[64;37;108],3,0,[-108;-37;-120],3,1},{'M',[7;9;224],2,[7;9;7],1,[0;0;5]},{'A',[5;11;194],3,[7;9;224],2,0,[-1;1;-15],2,1},{'M',[1;74;120],3,[1;-1;15],2,[0;NaN;3],[27;37;27],2,[NaN;1;NaN]},{'M',[32;37;15],3,[1;-1;15],2,[5;NaN;0],[27;37;27],2,[NaN;0;NaN]},{'A',[34;185;255],4,[1;74;120],3,1,[32;37;15],3,0},{'O',[34;185;255],4,[34;185;255],4,0},{'O',[63;30;205],4,[63;30;205],4,0},{'M',[18;88;58],4,[9;7;58],3,[1;NaN;0],[5;11;194],3,[NaN;3;NaN]},{'O',[18;88;58],4,[18;88;58],4,0},{'O',[152;37;132],4,[152;37;132],4,0},{'M',[80;7;194],4,[9;7;58],3,[NaN;0;NaN],[5;11;194],3,[4;NaN;0]},{'O',[80;7;194],4,[80;7;194],4,0}}
Adder graph: {{'A',[5;5;-3],1,[1;1;1],0,0,[1;1;-1],0,2},{'A',[3;3;1],1,[1;1;1],0,1,[1;1;-1],0,0},{'M',[3;10;32],2,[5;5;-3],1,[NaN;1;NaN],[3;3;1],1,[0;NaN;5]},{'M',[20;5;-3],2,[5;5;-3],1,[2;0;0]},{'A',[-17;15;29],3,[3;10;32],2,0,[-20;5;-3],2,0},{'M',[32;1;8],1,[1;1;1],0,[5;0;3]},{'A',[69;7;13],2,[32;1;8],1,1,[5;5;-3],1,0},{'M',[6;6;1],2,[3;3;1],1,[1;1;0]},{'M',[6;5;-192],2,[5;5;-3],1,[NaN;0;6],[3;3;1],1,[1;NaN;NaN]},{'A',[18;7;194],3,[6;6;1],2,1,[6;-5;192],2,0},{'M',[10;10;1],2,[5;5;-3],1,[1;1;NaN],[3;3;1],1,[NaN;NaN;0]},{'M',[20;3;128],2,[5;5;-3],1,[2;NaN;NaN],[3;3;1],1,[NaN;0;7]},{'A',[20;37;132],3,[10;10;1],2,2,[-20;-3;128],2,0},{'M',[48;48;1],2,[3;3;1],1,[4;4;0]},{'M',[5;20;128],2,[5;5;-3],1,[0;2;NaN],[3;3;1],1,[NaN;NaN;7]},{'A',[38;88;-255],3,[48;48;1],2,0,[-5;20;-128],2,1},{'M',[3;96;-96],2,[5;5;-3],1,[NaN;NaN;5],[3;3;1],1,[0;5;NaN]},{'A',[63;-185;205],3,[69;7;13],2,0,[-3;-96;96],2,1},{'M',[-34;-185;-255],4,[-17;15;29],3,[1;NaN;NaN],[38;88;-255],3,[NaN;NaN;0],[63;-185;205],3,[NaN;0;NaN]},{'O',[34;185;255],4,[34;185;255],4,0},{'M',[63;30;205],4,[-17;15;29],3,[NaN;1;NaN],[63;-185;205],3,[0;NaN;0]},{'O',[63;30;205],4,[63;30;205],4,0},{'M',[18;88;58],4,[-17;15;29],3,[NaN;NaN;1],[18;7;194],3,[0;NaN;NaN],[38;88;-255],3,[NaN;0;NaN]},{'O',[18;88;58],4,[18;88;58],4,0},{'M',[152;37;132],4,[20;37;132],3,[NaN;0;0],[38;88;-255],3,[2;NaN;NaN]},{'O',[152;37;132],4,[152;37;132],4,0},{'M',[80;7;194],4,[18;7;194],3,[NaN;0;0],[20;37;132],3,[2;NaN;NaN]},{'O',[80;7;194],4,[80;7;194],4,0}}
Adder graph: {{'A',[10;6;10],1,[1;1;1],0,3,[1;-1;1],0,1},{'A',[17;17;17],1,[1;1;1],0,4,[1;1;1],0,0},{'M',[1;32;256],1,[1;1;1],0,[0;5;8]},{'A',[-16;49;239],2,[1;32;256],1,0,[-17;17;-17],1,0},{'M',[17;17;34],2,[17;17;17],1,[0;0;1]},{'A',[152;185;33],3,[17;17;34],2,3,[16;49;-239],2,0},{'M',[20;6;17],2,[10;6;10],1,[1;0;NaN],[17;17;17],1,[NaN;NaN;0]},{'M',[17;6;10],2,[10;6;10],1,[NaN;0;0],[17;17;17],1,[0;NaN;NaN]},{'A',[63;30;58],3,[20;6;17],2,2,[-17;6;-10],2,0},{'M',[20;24;17],2,[10;6;10],1,[1;2;NaN],[17;17;17],1,[NaN;NaN;0]},{'M',[10;17;80],2,[10;6;10],1,[0;NaN;3],[17;17;17],1,[NaN;0;NaN]},{'A',[10;7;97],3,[20;24;17],2,0,[-10;-17;80],2,0},{'M',[17;6;17],2,[10;6;10],1,[NaN;0;NaN],[17;17;17],1,[0;NaN;0]},{'A',[18;37;205],3,[-16;49;239],2,0,[17;-6;-17],2,1},{'M',[17;34;272],2,[17;17;17],1,[0;1;4]},{'M',[17;12;17],2,[10;6;10],1,[NaN;1;NaN],[17;17;17],1,[0;NaN;0]},{'A',[34;22;255],3,[17;34;272],2,0,[17;-12;-17],2,0},{'M',[34;185;255],4,[152;185;33],3,[NaN;0;NaN],[34;22;255],3,[0;NaN;0]},{'O',[34;185;255],4,[34;185;255],4,0},{'M',[63;30;205],4,[63;30;58],3,[0;0;NaN],[18;37;205],3,[NaN;NaN;0]},{'O',[63;30;205],4,[63;30;205],4,0},{'M',[18;88;58],4,[63;30;58],3,[NaN;NaN;0],[18;37;205],3,[0;NaN;NaN],[34;22;255],3,[NaN;2;NaN]},{'O',[18;88;58],4,[18;88;58],4,0},{'M',[152;37;132],4,[152;185;33],3,[0;NaN;2],[18;37;205],3,[NaN;0;NaN]},{'O',[152;37;132],4,[152;37;132],4,0},{'M',[80;7;194],4,[10;7;97],3,[3;0;1]},{'O',[80;7;194],4,[80;7;194],4,0}}
Adder graph: {{'A',[-1;3;-1],1,[1;1;1],0,0,[-1;1;-1],0,1},{'M',[-2;6;-1],2,[-1;3;-1],1,[1;1;0]},{'M',[-4;3;-4],2,[-1;3;-1],1,[2;0;2]},{'A',[-34;30;-33],3,[-2;6;-1],2,0,[-4;3;-4],2,3},{'A',[-3;5;-3],1,[1;1;1],0,0,[-1;1;-1],0,2},{'M',[-6;3;-6],2,[-1;3;-1],1,[NaN;0;NaN],[-3;5;-3],1,[1;NaN;1]},{'M',[-4;5;-8],2,[-1;3;-1],1,[2;NaN;3],[-3;5;-3],1,[NaN;0;NaN]},{'A',[-38;-37;58],3,[-6;3;-6],2,0,[-4;-5;8],2,3},{'M',[-16;3;-256],2,[-1;3;-1],1,[4;0;8]},{'M',[-6;10;-1],2,[-1;3;-1],1,[NaN;NaN;0],[-3;5;-3],1,[1;1;NaN]},{'A',[-10;-7;-255],3,[-16;3;-256],2,0,[6;-10;1],2,0},{'M',[1;1;128],1,[1;1;1],0,[0;0;7]},{'A',[-1;7;253],2,[-3;5;-3],1,0,[1;1;128],1,1},{'M',[-3;24;-2],2,[-1;3;-1],1,[NaN;3;1],[-3;5;-3],1,[0;NaN;NaN]},{'M',[-3;5;-48],2,[-3;5;-3],1,[0;0;4]},{'A',[9;44;-194],3,[-3;24;-2],2,0,[3;5;-48],2,2},{'M',[-4;12;-3],2,[-1;3;-1],1,[2;2;NaN],[-3;5;-3],1,[NaN;NaN;0]},{'A',[63;-185;205],3,[-1;7;253],2,0,[4;-12;-3],2,4},{'M',[-34;-185;-255],4,[-34;30;-33],3,[0;NaN;NaN],[-10;-7;-255],3,[NaN;NaN;0],[63;-185;205],3,[NaN;0;NaN]},{'O',[34;185;255],4,[34;185;255],4,0},{'M',[63;30;205],4,[-34;30;-33],3,[NaN;0;NaN],[63;-185;205],3,[0;NaN;0]},{'O',[63;30;205],4,[63;30;205],4,0},{'M',[18;88;58],4,[-38;-37;58],3,[NaN;NaN;0],[9;44;-194],3,[1;1;NaN]},{'O',[18;88;58],4,[18;88;58],4,0},{'M',[-152;-37;-132],4,[-34;30;-33],3,[NaN;NaN;2],[-38;-37;58],3,[2;0;NaN]},{'O',[152;37;132],4,[152;37;132],4,0},{'M',[-80;-7;-194],4,[-10;-7;-255],3,[3;0;NaN],[9;44;-194],3,[NaN;NaN;0]},{'O',[80;7;194],4,[80;7;194],4,0}}
Adder graph: {{'A',[-6;10;10],1,[1;1;1],0,1,[-1;1;1],0,3},{'A',[17;17;17],1,[1;1;1],0,4,[1;1;1],0,0},{'M',[-6;20;272],2,[-6;10;10],1,[0;1;NaN],[17;17;17],1,[NaN;NaN;4]},{'M',[-24;68;17],2,[-6;10;10],1,[2;NaN;NaN],[17;17;17],1,[NaN;2;0]},{'A',[18;88;255],3,[-6;20;272],2,0,[24;68;-17],2,0},{'M',[68;17;68],2,[17;17;17],1,[2;0;2]},{'M',[-12;10;10],2,[-6;10;10],1,[1;0;0]},{'A',[80;7;58],3,[68;17;68],2,0,[12;-10;-10],2,0},{'M',[1;1;8],1,[1;1;1],0,[0;0;3]},{'A',[15;49;239],2,[1;1;8],1,5,[-17;17;-17],1,0},{'M',[17;68;136],2,[17;17;17],1,[0;2;3]},{'A',[19;185;33],3,[17;68;136],2,1,[-15;49;-239],2,0},{'M',[-24;17;17],2,[-6;10;10],1,[2;NaN;NaN],[17;17;17],1,[NaN;0;0]},{'A',[63;15;205],3,[15;49;239],2,0,[24;-17;-17],2,1},{'M',[17;10;17],2,[-6;10;10],1,[NaN;0;NaN],[17;17;17],1,[0;NaN;0]},{'M',[17;17;160],2,[-6;10;10],1,[NaN;NaN;4],[17;17;17],1,[0;0;NaN]},{'A',[17;37;194],3,[17;10;17],2,1,[-17;17;160],2,0},{'M',[34;185;255],4,[18;88;255],3,[NaN;NaN;0],[19;185;33],3,[NaN;0;NaN],[17;37;194],3,[1;NaN;NaN]},{'O',[34;185;255],4,[34;185;255],4,0},{'M',[63;30;205],4,[63;15;205],3,[0;1;0]},{'O',[63;30;205],4,[63;30;205],4,0},{'M',[18;88;58],4,[18;88;255],3,[0;0;NaN],[80;7;58],3,[NaN;NaN;0]},{'O',[18;88;58],4,[18;88;58],4,0},{'M',[152;37;132],4,[19;185;33],3,[3;NaN;2],[17;37;194],3,[NaN;0;NaN]},{'O',[152;37;132],4,[152;37;132],4,0},{'M',[80;7;194],4,[80;7;58],3,[0;0;NaN],[17;37;194],3,[NaN;NaN;0]},{'O',[80;7;194],4,[80;7;194],4,0}}
Adder graph: {{'M',[1;1;2],1,[1;1;1],0,[0;0;1]},{'R',[1;1;1],1,[1;1;1],0},{'A',[-6;-6;12],2,[1;1;2],1,1,[-1;-1;1],1,3},{'M',[1;8;1],1,[1;1;1],0,[0;3;0]},{'M',[2;1;2],1,[1;1;1],0,[1;0;1]},{'A',[-1;7;-1],2,[1;8;1],1,0,[-2;-1;-2],1,0},{'M',[-24;7;48],3,[-6;-6;12],2,[2;NaN;2],[-1;7;-1],2,[NaN;0;NaN]},{'M',[-128;7;-1],3,[-1;7;-1],2,[7;0;0]},{'A',[80;7;97],4,[-24;7;48],3,1,[128;-7;1],3,0},{'M',[-6;-6;-1],3,[-6;-6;12],2,[0;0;NaN],[-1;7;-1],2,[NaN;NaN;0]},{'M',[-8;7;-8],3,[-1;7;-1],2,[3;0;3]},{'A',[-76;44;-66],4,[-6;-6;-1],3,1,[-8;7;-8],3,3},{'A',[-7;-13;13],3,[-6;-6;12],2,0,[-1;-7;1],2,0},{'M',[-1;-192;-256],3,[-6;-6;12],2,[NaN;5;NaN],[-1;7;-1],2,[0;NaN;8]},{'M',[-64;7;-1],3,[-1;7;-1],2,[6;0;0]},{'A',[63;-185;-255],4,[-1;-192;-256],3,0,[64;7;1],3,0},{'M',[-4;7;-4],3,[-1;7;-1],2,[2;0;2]},{'A',[18;30;58],4,[-7;-13;13],3,1,[4;7;4],3,3},{'M',[-6;-6;48],3,[-6;-6;12],2,[0;0;2]},{'A',[-17;-37;205],4,[-6;-6;48],3,2,[7;-13;13],3,0},{'M',[-34;-185;-255],5,[63;-185;-255],4,[NaN;0;0],[-17;-37;205],4,[1;NaN;NaN]},{'O',[34;185;255],5,[34;185;255],5,0},{'M',[63;30;205],5,[63;-185;-255],4,[0;NaN;NaN],[18;30;58],4,[NaN;0;NaN],[-17;-37;205],4,[NaN;NaN;0]},{'O',[63;30;205],5,[63;30;205],5,0},{'M',[18;88;58],5,[-76;44;-66],4,[NaN;1;NaN],[18;30;58],4,[0;NaN;0]},{'O',[18;88;58],5,[18;88;58],5,0},{'M',[-152;-37;-132],5,[-76;44;-66],4,[1;NaN;1],[-17;-37;205],4,[NaN;0;NaN]},{'O',[152;37;132],5,[152;37;132],5,0},{'M',[80;7;194],5,[80;7;97],4,[0;0;1]},{'O',[80;7;194],5,[80;7;194],5,0}}
Adder graph: {{'R',[1;1;1],1,[1;1;1],0},{'M',[1;8;1],1,[1;1;1],0,[0;3;0]},{'A',[1;10;1],2,[1;1;1],1,1,[-1;8;-1],1,0},{'M',[8;1;8],1,[1;1;1],0,[3;0;3]},{'M',[1;1;16],1,[1;1;1],0,[0;0;4]},{'A',[6;3;-24],2,[8;1;8],1,0,[-1;1;-16],1,1},{'M',[8;10;1],3,[1;10;1],2,[3;0;0]},{'M',[6;3;128],3,[1;10;1],2,[NaN;NaN;7],[6;3;-24],2,[0;0;NaN]},{'A',[38;37;132],4,[8;10;1],3,2,[6;-3;128],3,0},{'M',[64;10;1],3,[1;10;1],2,[6;0;0]},{'M',[24;3;-96],3,[6;3;-24],2,[2;0;2]},{'A',[40;7;97],4,[64;10;1],3,0,[-24;-3;96],3,0},{'A',[-5;7;25],3,[1;10;1],2,0,[-6;-3;24],2,0},{'M',[2;3;32],3,[1;10;1],2,[1;NaN;5],[6;3;-24],2,[NaN;0;NaN]},{'M',[1;20;1],3,[1;10;1],2,[0;1;0]},{'A',[17;44;255],4,[2;3;32],3,3,[1;20;-1],3,0},{'M',[1;48;1],3,[1;10;1],2,[0;NaN;0],[6;3;-24],2,[NaN;4;NaN]},{'A',[9;185;29],4,[1;48;1],3,2,[5;-7;25],3,0},{'M',[-40;7;25],4,[-5;7;25],3,[3;0;0]},{'A',[-63;-30;-205],5,[-40;7;25],4,1,[17;-44;-255],4,0},{'M',[34;185;255],5,[17;44;255],4,[1;NaN;0],[9;185;29],4,[NaN;0;NaN]},{'O',[34;185;255],5,[34;185;255],5,0},{'O',[63;30;205],5,[63;30;205],5,0},{'M',[9;44;29],5,[17;44;255],4,[NaN;0;NaN],[9;185;29],4,[0;NaN;0]},{'O',[18;88;58],5,[9;44;29],5,1},{'M',[152;37;132],5,[38;37;132],4,[2;0;0]},{'O',[152;37;132],5,[152;37;132],5,0},{'M',[80;7;194],5,[40;7;97],4,[1;0;1]},{'O',[80;7;194],5,[80;7;194],5,0}}
Adder graph: {{'M',[1;1;2],1,[1;1;1],0,[0;0;1]},{'M',[1;4;1],1,[1;1;1],0,[0;2;0]},{'A',[2;-3;1],2,[1;1;2],1,0,[1;-4;-1],1,0},{'M',[1;4;4],1,[1;1;1],0,[0;2;2]},{'M',[4;1;1],1,[1;1;1],0,[2;0;0]},{'A',[5;5;3],2,[1;4;4],1,0,[4;1;-1],1,0},{'M',[8;5;8],3,[2;-3;1],2,[2;NaN;3],[5;5;3],2,[NaN;0;NaN]},{'M',[5;-24;3],3,[2;-3;1],2,[NaN;3;NaN],[5;5;3],2,[0;NaN;0]},{'A',[27;44;29],4,[8;5;8],3,2,[-5;24;-3],3,0},{'M',[16;-3;1],3,[2;-3;1],2,[3;0;0]},{'M',[32;5;16],3,[2;-3;1],2,[4;NaN;4],[5;5;3],2,[NaN;0;NaN]},{'A',[80;7;33],4,[16;-3;1],3,0,[32;5;16],3,1},{'M',[40;40;1],3,[2;-3;1],2,[NaN;NaN;0],[5;5;3],2,[3;3;NaN]},{'M',[2;-3;96],3,[2;-3;1],2,[0;0;NaN],[5;5;3],2,[NaN;NaN;5]},{'A',[38;37;97],4,[40;40;1],3,0,[-2;-3;96],3,0},{'M',[5;10;6],3,[5;5;3],2,[0;1;1]},{'M',[2;-3;64],3,[2;-3;1],2,[0;0;6]},{'A',[18;37;88],4,[5;10;6],3,2,[-2;-3;64],3,0},{'A',[34;185;255],5,[18;37;88],4,2,[-38;37;-97],4,0},{'A',[63;30;205],5,[18;37;88],4,1,[27;-44;29],4,0},{'O',[34;185;255],5,[34;185;255],5,0},{'O',[63;30;205],5,[63;30;205],5,0},{'M',[18;88;58],5,[27;44;29],4,[NaN;1;1],[18;37;88],4,[0;NaN;NaN]},{'O',[18;88;58],5,[18;88;58],5,0},{'M',[152;37;132],5,[80;7;33],4,[NaN;NaN;2],[38;37;97],4,[2;0;NaN]},{'O',[152;37;132],5,[152;37;132],5,0},{'M',[80;7;194],5,[80;7;33],4,[0;0;NaN],[38;37;97],4,[NaN;NaN;1]},{'O',[80;7;194],5,[80;7;194],5,0}}
Adder graph: {{'M',[8;8;1],1,[1;1;1],0,[3;3;0]},{'M',[16;1;2],1,[1;1;1],0,[4;0;1]},{'A',[-8;7;-1],2,[8;8;1],1,0,[-16;-1;-2],1,0},{'A',[1;1;3],1,[1;1;1],0,1,[-1;-1;1],0,0},{'M',[1;1;8],1,[1;1;1],0,[0;0;3]},{'A',[-1;3;-13],2,[1;1;3],1,0,[-1;1;-8],1,1},{'M',[64;1;192],2,[1;1;3],1,[6;0;6]},{'A',[80;15;194],3,[64;1;192],2,0,[8;7;1],2,1},{'M',[-2;7;-256],3,[-8;7;-1],2,[NaN;0;8],[-1;3;-13],2,[1;NaN;NaN]},{'M',[-32;192;-1],3,[-8;7;-1],2,[NaN;NaN;0],[-1;3;-13],2,[5;6;NaN]},{'A',[-34;-185;-255],4,[-2;7;-256],3,0,[-32;-192;1],3,0},{'M',[16;16;3],2,[1;1;3],1,[4;4;0]},{'A',[18;22;29],3,[16;16;3],2,0,[1;3;13],2,1},{'M',[-8;7;-256],3,[-8;7;-1],2,[0;0;8]},{'A',[152;37;132],4,[80;15;194],3,1,[-8;7;-256],3,0},{'M',[16;1;48],2,[1;1;3],1,[4;0;4]},{'A',[63;7;205],3,[16;1;48],2,2,[-1;3;13],2,0},{'O',[34;185;255],4,[34;185;255],4,0},{'M',[63;30;205],4,[80;15;194],3,[NaN;1;NaN],[63;7;205],3,[0;NaN;0]},{'O',[63;30;205],4,[63;30;205],4,0},{'M',[18;88;58],4,[18;22;29],3,[0;2;1]},{'O',[18;88;58],4,[18;88;58],4,0},{'O',[152;37;132],4,[152;37;132],4,0},{'M',[80;7;194],4,[80;15;194],3,[0;NaN;0],[63;7;205],3,[NaN;0;NaN]},{'O',[80;7;194],4,[80;7;194],4,0}}
Adder graph: {{'A',[5;5;-3],1,[1;1;1],0,0,[1;1;-1],0,2},{'A',[1;3;1],1,[1;1;1],0,1,[-1;1;-1],0,0},{'M',[1;5;8],2,[5;5;-3],1,[NaN;0;NaN],[1;3;1],1,[0;NaN;3]},{'M',[10;3;-24],2,[5;5;-3],1,[1;NaN;3],[1;3;1],1,[NaN;0;NaN]},{'A',[18;37;88],3,[1;5;8],2,3,[10;-3;24],2,0},{'M',[80;3;1],2,[5;5;-3],1,[4;NaN;NaN],[1;3;1],1,[NaN;0;0]},{'M',[80;5;16],2,[5;5;-3],1,[4;0;NaN],[1;3;1],1,[NaN;NaN;4]},{'A',[-80;-7;33],3,[80;3;1],2,0,[-80;-5;16],2,1},{'M',[5;24;-3],2,[5;5;-3],1,[0;NaN;0],[1;3;1],1,[NaN;3;NaN]},{'M',[8;5;8],2,[5;5;-3],1,[NaN;0;NaN],[1;3;1],1,[3;NaN;3]},{'A',[-27;44;29],3,[5;24;-3],2,0,[-8;5;8],2,2},{'A',[63;30;205],4,[18;37;88],3,1,[27;-44;29],3,0},{'M',[5;5;-12],2,[5;5;-3],1,[0;0;2]},{'M',[2;3;1],2,[1;3;1],1,[1;0;0]},{'A',[38;37;-97],3,[5;5;-12],2,3,[-2;-3;-1],2,0},{'A',[34;185;255],4,[18;37;88],3,2,[-38;37;-97],3,0},{'O',[34;185;255],4,[34;185;255],4,0},{'O',[63;30;205],4,[63;30;205],4,0},{'M',[18;88;58],4,[18;37;88],3,[0;NaN;NaN],[-27;44;29],3,[NaN;1;1]},{'O',[18;88;58],4,[18;88;58],4,0},{'M',[152;37;132],4,[-80;-7;33],3,[NaN;NaN;2],[38;37;-97],3,[2;0;NaN]},{'O',[152;37;132],4,[152;37;132],4,0},{'M',[-80;-7;-194],4,[-80;-7;33],3,[0;0;NaN],[38;37;-97],3,[NaN;NaN;1]},{'O',[80;7;194],4,[80;7;194],4,0}}
Adder graph: {{'A',[5;5;3],1,[1;1;1],0,2,[1;1;-1],0,0},{'A',[1;3;1],1,[1;1;1],0,1,[-1;1;-1],0,0},{'M',[32;5;32],2,[5;5;3],1,[NaN;0;NaN],[1;3;1],1,[5;NaN;5]},{'M',[16;3;2],2,[1;3;1],1,[4;0;1]},{'A',[80;7;66],3,[32;5;32],2,1,[16;-3;2],2,0},{'M',[5;5;12],2,[5;5;3],1,[0;0;2]},{'M',[2;3;1],2,[1;3;1],1,[1;0;0]},{'A',[38;37;97],3,[5;5;12],2,3,[-2;-3;1],2,0},{'M',[8;5;8],2,[5;5;3],1,[NaN;0;NaN],[1;3;1],1,[3;NaN;3]},{'M',[5;24;3],2,[5;5;3],1,[0;NaN;0],[1;3;1],1,[NaN;3;NaN]},{'A',[27;44;29],3,[8;5;8],2,2,[-5;24;-3],2,0},{'M',[5;20;48],2,[5;5;3],1,[0;2;4]},{'M',[8;3;8],2,[1;3;1],1,[3;0;3]},{'A',[18;37;88],3,[5;20;48],2,1,[8;-3;-8],2,0},{'A',[63;30;205],4,[18;37;88],3,1,[27;-44;29],3,0},{'A',[34;185;255],4,[18;37;88],3,2,[-38;37;-97],3,0},{'O',[34;185;255],4,[34;185;255],4,0},{'O',[63;30;205],4,[63;30;205],4,0},{'M',[18;88;58],4,[27;44;29],3,[NaN;1;1],[18;37;88],3,[0;NaN;NaN]},{'O',[18;88;58],4,[18;88;58],4,0},{'M',[152;37;132],4,[80;7;66],3,[NaN;NaN;1],[38;37;97],3,[2;0;NaN]},{'O',[152;37;132],4,[152;37;132],4,0},{'M',[80;7;194],4,[80;7;66],3,[0;0;NaN],[38;37;97],3,[NaN;NaN;1]},{'O',[80;7;194],4,[80;7;194],4,0}}
Adder graph: {{'A',[1;3;1],1,[1;1;1],0,1,[-1;1;-1],0,0},{'A',[5;5;3],1,[1;1;1],0,2,[1;1;-1],0,0},{'M',[1;10;1],2,[1;3;1],1,[0;NaN;0],[5;5;3],1,[NaN;1;NaN]},{'M',[1;3;128],2,[1;3;1],1,[0;0;7]},{'A',[5;37;132],3,[1;10;1],2,2,[1;-3;128],2,0},{'M',[5;20;12],2,[5;5;3],1,[0;2;2]},{'M',[2;3;1],2,[1;3;1],1,[1;0;0]},{'A',[38;157;97],3,[5;20;12],2,3,[-2;-3;1],2,0},{'M',[5;5;48],2,[5;5;3],1,[0;0;4]},{'M',[8;3;8],2,[1;3;1],1,[3;0;3]},{'A',[18;7;88],3,[5;5;48],2,1,[8;-3;-8],2,0},{'M',[4;3;4],2,[1;3;1],1,[2;0;2]},{'M',[5;20;3],2,[5;5;3],1,[0;2;0]},{'A',[27;44;29],3,[4;3;4],2,3,[-5;20;-3],2,0},{'A',[34;185;255],4,[18;7;88],3,2,[-38;157;-97],3,0},{'A',[63;30;205],4,[27;44;29],3,0,[18;-7;88],3,1},{'O',[34;185;255],4,[34;185;255],4,0},{'O',[63;30;205],4,[63;30;205],4,0},{'M',[18;88;58],4,[18;7;88],3,[0;NaN;NaN],[27;44;29],3,[NaN;1;1]},{'O',[18;88;58],4,[18;88;58],4,0},{'M',[152;37;132],4,[5;37;132],3,[NaN;0;0],[38;157;97],3,[2;NaN;NaN]},{'O',[152;37;132],4,[152;37;132],4,0},{'M',[80;7;194],4,[5;37;132],3,[4;NaN;NaN],[38;157;97],3,[NaN;NaN;1],[18;7;88],3,[NaN;0;NaN]},{'O',[80;7;194],4,[80;7;194],4,0}}
Finished solving after 12455.6 seconds
Adder graph: {{'A',[1;3;1],1,[1;1;1],0,1,[-1;1;-1],0,0},{'A',[5;5;3],1,[1;1;1],0,2,[1;1;-1],0,0},{'M',[1;10;1],2,[1;3;1],1,[0;NaN;0],[5;5;3],1,[NaN;1;NaN]},{'M',[1;3;128],2,[1;3;1],1,[0;0;7]},{'A',[5;37;132],3,[1;10;1],2,2,[1;-3;128],2,0},{'M',[5;20;12],2,[5;5;3],1,[0;2;2]},{'M',[2;3;1],2,[1;3;1],1,[1;0;0]},{'A',[38;157;97],3,[5;20;12],2,3,[-2;-3;1],2,0},{'M',[5;5;48],2,[5;5;3],1,[0;0;4]},{'M',[8;3;8],2,[1;3;1],1,[3;0;3]},{'A',[18;7;88],3,[5;5;48],2,1,[8;-3;-8],2,0},{'M',[4;3;4],2,[1;3;1],1,[2;0;2]},{'M',[5;20;3],2,[5;5;3],1,[0;2;0]},{'A',[27;44;29],3,[4;3;4],2,3,[-5;20;-3],2,0},{'A',[34;185;255],4,[18;7;88],3,2,[-38;157;-97],3,0},{'A',[63;30;205],4,[27;44;29],3,0,[18;-7;88],3,1},{'O',[34;185;255],4,[34;185;255],4,0},{'O',[63;30;205],4,[63;30;205],4,0},{'M',[18;88;58],4,[18;7;88],3,[0;NaN;NaN],[27;44;29],3,[NaN;1;1]},{'O',[18;88;58],4,[18;88;58],4,0},{'M',[152;37;132],4,[5;37;132],3,[NaN;0;0],[38;157;97],3,[2;NaN;NaN]},{'O',[152;37;132],4,[152;37;132],4,0},{'M',[80;7;194],4,[5;37;132],3,[4;NaN;NaN],[38;157;97],3,[NaN;NaN;1],[18;7;88],3,[NaN;0;NaN]},{'O',[80;7;194],4,[80;7;194],4,0}}
# Add optimal = 1
# Mux optimal = 0
# Mux registers optimal = 0
# FAs optimal = 0
