<graph>
{{'A',[52],3,[27],2,2,[-7],2,3},{'A',[148],3,[7],2,4,[9],2,2},{'A',[412],3,[7],2,6,[-9],2,2},{'A',[169],3,[7],2,5,[-55],2,0},{'A',[844],3,[55],2,4,[-9],2,2},{'A',[462],3,[7],2,1,[7],2,6},{'A',[271],3,[27],2,3,[55],2,0},{'A',[878],3,[7],2,7,[-9],2,1},{'A',[855],3,[27],2,5,[-9],2,0},{'A',[871],3,[7],2,0,[27],2,5},{'R',[7],2,[7],1},{'A',[9],2,[1],1,0,[1],1,3},{'A',[27],2,[7],1,2,[-1],1,0},{'A',[55],2,[7],1,3,[-1],1,0},{'R',[1],1,[1],0},{'A',[7],1,[1],0,3,[-1],0,0}}
</graph>
<graph>
{{'A',[8],3,[7],2,-1,[9],2,-1},{'A',[744],3,[31],2,3,[31],2,4},{'A',[226],3,[9],2,5,[-31],2,1},{'A',[936],3,[31],2,5,[-7],2,3},{'A',[306],3,[9],2,1,[9],2,5},{'A',[179],3,[31],2,2,[55],2,0},{'A',[932],3,[7],2,7,[9],2,2},{'A',[938],3,[31],2,5,[-27],2,1},{'A',[841],3,[7],2,7,[-55],2,0},{'A',[907],3,[27],2,0,[55],2,4},{'R',[7],2,[7],1},{'A',[9],2,[1],1,0,[1],1,3},{'A',[27],2,[7],1,2,[-1],1,0},{'A',[31],2,[1],1,5,[-1],1,0},{'A',[55],2,[7],1,3,[-1],1,0},{'R',[1],1,[1],0},{'A',[7],1,[1],0,3,[-1],0,0}}
</graph>
<merge>
148;226
</merge>
<merge>
412;932
</merge>
<merge>
271;306
</merge>
<merge>
871;8
</merge>
<merge>
462;907
</merge>
<merge>
855;841
</merge>
<merge>
844;179
</merge>
<merge>
52;936
</merge>
<merge>
169;938
</merge>
<merge>
878;744
</merge>