<graph>
{{'A',[57],3,[1],2,0,[7],2,3},{'A',[151],3,[19],2,3,[-1],2,0},{'A',[330],3,[7],2,5,[53],2,1},{'A',[812],3,[1],2,10,[-53],2,2},{'A',[618],3,[1],2,9,[53],2,1},{'A',[411],3,[19],2,0,[49],2,3},{'A',[846],3,[53],2,4,[-1],2,1},{'A',[723],3,[761],2,0,[-19],2,1},{'A',[731],3,[49],2,4,[-53],2,0},{'A',[913],3,[19],2,3,[761],2,0},{'R',[7],2,[7],1},{'A',[1],2,[7],1,0,[-3],1,1},{'A',[19],2,[3],1,2,[7],1,0},{'A',[49],2,[7],1,3,[-7],1,0},{'A',[53],2,[7],1,3,[-3],1,0},{'A',[761],2,[3],1,8,[-7],1,0},{'A',[3],1,[1],0,0,[1],0,1},{'A',[7],1,[1],0,3,[-1],0,0}}
</graph>
<graph>
{{'R',[512],3,[1],2,9},{'A',[624],3,[1],2,9,[7],2,4},{'A',[408],3,[1],2,8,[19],2,3},{'A',[190],3,[761],2,-2,[-1],2,-2},{'A',[612],3,[1],2,2,[19],2,5},{'A',[450],3,[1],2,1,[7],2,6},{'A',[449],3,[1],2,0,[7],2,6},{'A',[661],3,[19],2,5,[53],2,0},{'A',[757],3,[761],2,0,[-1],2,2},{'R',[256],3,[1],2,8},{'R',[7],2,[7],1},{'A',[1],2,[7],1,0,[-3],1,1},{'A',[19],2,[3],1,2,[7],1,0},{'A',[53],2,[7],1,3,[-3],1,0},{'A',[761],2,[3],1,8,[-7],1,0},{'A',[3],1,[1],0,0,[1],0,1},{'A',[7],1,[1],0,3,[-1],0,0}}
</graph>
<merge>
151;449
</merge>
<merge>
618;661
</merge>
<merge>
731;190
</merge>
<merge>
57;450
</merge>
<merge>
330;757
</merge>
<merge>
723;256
</merge>
<merge>
411;408
</merge>
<merge>
812;612
</merge>
<merge>
846;512
</merge>
<merge>
913;624
</merge>