<graph>
{{'A',[224],3,[1],2,8,[-1],2,5},{'A',[11],3,[273],2,-4,[-97],2,-4},{'A',[212],3,[69],2,2,[-1],2,6},{'A',[134],3,[69],2,1,[-1],2,2},{'A',[284],3,[1],2,3,[69],2,2},{'A',[554],3,[1],2,1,[69],2,3},{'A',[353],3,[1],2,8,[97],2,0},{'A',[411],3,[69],2,1,[273],2,0},{'A',[587],3,[69],2,0,[259],2,1},{'A',[643],3,[97],2,0,[273],2,1},{'R',[1],2,[1],1},{'A',[69],2,[1],1,0,[17],1,2},{'A',[97],2,[1],1,5,[65],1,0},{'A',[259],2,[65],1,2,[-1],1,0},{'A',[273],2,[1],1,0,[17],1,4},{'R',[1],1,[1],0},{'A',[17],1,[1],0,0,[1],0,4},{'A',[65],1,[1],0,0,[1],0,6}}
</graph>
<graph>
{{'A',[480],3,[1],2,9,[-1],2,5},{'A',[130],3,[1],2,1,[1],2,7},{'A',[744],3,[97],2,3,[-1],2,5},{'A',[318],3,[1],2,9,[-97],2,1},{'A',[263],3,[1],2,2,[259],2,0},{'A',[473],3,[273],2,1,[-73],2,0},{'A',[483],3,[69],2,3,[-69],2,0},{'A',[529],3,[1],2,8,[273],2,0},{'A',[647],3,[97],2,2,[259],2,0},{'A',[857],3,[73],2,3,[273],2,0},{'R',[1],2,[1],1},{'A',[69],2,[1],1,0,[17],1,2},{'A',[73],2,[1],1,3,[65],1,0},{'A',[97],2,[1],1,5,[65],1,0},{'A',[259],2,[65],1,2,[-1],1,0},{'A',[273],2,[1],1,0,[17],1,4},{'R',[1],1,[1],0},{'A',[17],1,[1],0,0,[1],0,4},{'A',[65],1,[1],0,0,[1],0,6}}
</graph>
<merge>
353;529
</merge>
<merge>
224;473
</merge>
<merge>
587;857
</merge>
<merge>
212;480
</merge>
<merge>
11;263
</merge>
<merge>
284;130
</merge>
<merge>
554;483
</merge>
<merge>
411;647
</merge>
<merge>
134;318
</merge>
<merge>
643;744
</merge>