<graph>
{{'R',[832],3,[13],2,6},{'A',[226],3,[35],2,3,[-27],2,1},{'A',[127],3,[35],2,2,[-13],2,0},{'A',[255],3,[13],2,4,[47],2,0},{'A',[710],3,[71],2,1,[71],2,3},{'A',[423],3,[47],2,0,[47],2,3},{'A',[543],3,[35],2,4,[-17],2,0},{'A',[719],3,[17],2,4,[447],2,0},{'A',[725],3,[47],2,4,[-27],2,0},{'A',[941],3,[47],2,0,[447],2,1},{'A',[13],2,[1],1,0,[3],1,2},{'A',[17],2,[1],1,0,[1],1,4},{'A',[27],2,[7],1,2,[-1],1,0},{'A',[35],2,[1],1,5,[3],1,0},{'A',[47],2,[3],1,4,[-1],1,0},{'A',[71],2,[1],1,6,[7],1,0},{'A',[447],2,[7],1,6,[-1],1,0},{'R',[1],1,[1],0},{'A',[3],1,[1],0,0,[1],0,1},{'A',[7],1,[1],0,3,[-1],0,0}}
</graph>
<graph>
{{'A',[73],3,[13],2,1,[47],2,0},{'A',[430],3,[447],2,0,[-17],2,0},{'A',[988],3,[47],2,1,[447],2,1},{'A',[271],3,[71],2,2,[-13],2,0},{'A',[622],3,[447],2,1,[-17],2,4},{'A',[770],3,[13],2,7,[-447],2,1},{'A',[421],3,[447],2,0,[-13],2,1},{'A',[547],3,[35],2,4,[-13],2,0},{'A',[877],3,[13],2,0,[27],2,5},{'A',[907],3,[13],2,0,[447],2,1},{'A',[13],2,[1],1,0,[3],1,2},{'A',[17],2,[1],1,0,[1],1,4},{'A',[27],2,[7],1,2,[-1],1,0},{'A',[35],2,[1],1,5,[3],1,0},{'A',[47],2,[3],1,4,[-1],1,0},{'A',[71],2,[1],1,6,[7],1,0},{'A',[447],2,[7],1,6,[-1],1,0},{'R',[1],1,[1],0},{'A',[3],1,[1],0,0,[1],0,1},{'A',[7],1,[1],0,3,[-1],0,0}}
</graph>
<merge>
423;430
</merge>
<merge>
127;421
</merge>
<merge>
832;877
</merge>
<merge>
226;622
</merge>
<merge>
543;271
</merge>
<merge>
255;988
</merge>
<merge>
941;547
</merge>
<merge>
725;907
</merge>
<merge>
719;770
</merge>
<merge>
710;73
</merge>