<graph>
{{'R',[448],3,[7],2,6},{'A',[106],3,[7],2,4,[-3],2,1},{'A',[55],3,[3],2,4,[7],2,0},{'A',[340],3,[7],2,5,[29],2,2},{'A',[147],3,[75],2,1,[-3],2,0},{'A',[442],3,[7],2,6,[-3],2,1},{'A',[321],3,[3],2,5,[225],2,0},{'A',[457],3,[29],2,4,[-7],2,0},{'A',[525],3,[75],2,3,[-75],2,0},{'A',[765],3,[3],2,8,[-3],2,0},{'A',[3],2,[1],1,0,[1],1,1},{'A',[7],2,[1],1,3,[-1],1,0},{'A',[29],2,[15],1,1,[-1],1,0},{'A',[75],2,[15],1,0,[15],1,2},{'A',[225],2,[15],1,4,[-15],1,0},{'R',[1],1,[1],0},{'A',[15],1,[1],0,4,[-1],0,0}}
</graph>
<graph>
{{'A',[13],3,[3],2,1,[7],2,0},{'A',[222],3,[225],2,0,[-3],2,0},{'A',[238],3,[3],2,1,[29],2,3},{'A',[668],3,[17],2,2,[75],2,3},{'R',[900],3,[225],2,2},{'A',[229],3,[29],2,3,[-3],2,0},{'A',[367],3,[3],2,7,[-17],2,0},{'A',[842],3,[225],2,2,[-29],2,1},{'A',[942],3,[7],2,1,[29],2,5},{'A',[479],3,[29],2,0,[225],2,1},{'A',[3],2,[1],1,0,[1],1,1},{'A',[7],2,[1],1,3,[-1],1,0},{'A',[17],2,[1],1,0,[1],1,4},{'A',[29],2,[15],1,1,[-1],1,0},{'A',[75],2,[15],1,0,[15],1,2},{'A',[225],2,[15],1,4,[-15],1,0},{'R',[1],1,[1],0},{'A',[15],1,[1],0,4,[-1],0,0}}
</graph>
<merge>
525;668
</merge>
<merge>
457;842
</merge>
<merge>
448;479
</merge>
<merge>
106;238
</merge>
<merge>
55;900
</merge>
<merge>
340;942
</merge>
<merge>
765;222
</merge>
<merge>
321;13
</merge>
<merge>
442;229
</merge>
<merge>
147;367
</merge>