<graph>
{{'A',[216],3,[9],2,3,[9],2,4},{'A',[526],3,[9],2,2,[245],2,1},{'A',[269],3,[9],2,4,[125],2,0},{'A',[305],3,[9],2,3,[233],2,0},{'A',[533],3,[9],2,5,[245],2,0},{'A',[567],3,[9],2,6,[-9],2,0},{'A',[585],3,[9],2,0,[9],2,6},{'A',[607],3,[9],2,6,[31],2,0},{'A',[845],3,[13],2,0,[13],2,6},{'A',[971],3,[245],2,2,[-9],2,0},{'A',[9],2,[1],1,0,[1],1,3},{'A',[13],2,[1],1,0,[3],1,2},{'A',[31],2,[1],1,5,[-1],1,0},{'A',[125],2,[1],1,7,[-3],1,0},{'A',[233],2,[257],1,0,[-3],1,3},{'A',[245],2,[257],1,0,[-3],1,2},{'R',[1],1,[1],0},{'A',[3],1,[1],0,0,[1],0,1},{'A',[257],1,[1],0,0,[1],0,8}}
</graph>
<graph>
{{'A',[720],3,[9],2,4,[9],2,6},{'A',[716],3,[125],2,1,[233],2,1},{'A',[181],3,[233],2,0,[-13],2,2},{'A',[916],3,[13],2,5,[125],2,2},{'R',[980],3,[245],2,2},{'A',[389],3,[9],2,4,[245],2,0},{'A',[806],3,[13],2,6,[-13],2,1},{'A',[453],3,[233],2,1,[-13],2,0},{'A',[625],3,[125],2,0,[125],2,2},{'A',[945],3,[13],2,0,[233],2,2},{'A',[9],2,[1],1,0,[1],1,3},{'A',[13],2,[1],1,0,[3],1,2},{'A',[125],2,[1],1,7,[-3],1,0},{'A',[233],2,[257],1,0,[-3],1,3},{'A',[245],2,[257],1,0,[-3],1,2},{'R',[1],1,[1],0},{'A',[3],1,[1],0,0,[1],0,1},{'A',[257],1,[1],0,0,[1],0,8}}
</graph>
<merge>
533;806
</merge>
<merge>
526;389
</merge>
<merge>
607;181
</merge>
<merge>
845;625
</merge>
<merge>
567;945
</merge>
<merge>
216;716
</merge>
<merge>
585;453
</merge>
<merge>
305;916
</merge>
<merge>
269;720
</merge>
<merge>
971;980
</merge>