Adder graph: {{'A',[0,1,-2],1,0,[0,1,0],0,0,[0,0,-1],0,1},{'A',[1,0,0],1,0,[1,0,0],0,1,[-1,0,0],0,0},{'A',[4,-1,2],2,0,[1,0,0],1,2,[0,-1,2],1,0},{'A',[1,-32,0],1,0,[1,0,0],0,0,[0,-1,0],0,5},{'A',[-1,33,-2],2,0,[0,1,-2],1,0,[-1,32,0],1,0},{'A',[15,29,6],3,0,[-1,33,-2],2,0,[4,-1,2],2,2},{'O',[-15,-29,-6],3,[-15,-29,-6],3,0}}
Adder graph: {{'A',[-1,1,0],1,0,[0,1,0],0,0,[-1,0,0],0,0},{'A',[0,4,1],1,0,[0,1,0],0,2,[0,0,1],0,0},{'A',[-1,9,2],2,0,[-1,1,0],1,0,[0,4,1],1,1},{'A',[4,1,0],1,0,[0,1,0],0,0,[1,0,0],0,2},{'A',[4,5,1],2,0,[4,1,0],1,0,[0,4,1],1,0},{'A',[15,29,6],3,0,[-1,9,2],2,0,[4,5,1],2,2},{'O',[-15,-29,-6],3,[-15,-29,-6],3,0}}
Adder graph: {{'A',[1,2,0],1,0,[1,0,0],0,0,[0,1,0],0,1},{'A',[0,-1,0],1,0,[0,1,0],0,0,[0,-1,0],0,1},{'A',[15,30,0],2,0,[1,2,0],1,4,[-1,-2,0],1,0},{'A',[0,0,-3],1,0,[0,0,1],0,0,[0,0,-1],0,2},{'A',[0,-1,6],2,0,[0,-1,0],1,0,[0,0,3],1,1},{'A',[15,29,6],3,0,[15,30,0],2,0,[0,-1,6],2,0},{'O',[-15,-29,-6],3,[-15,-29,-6],3,0}}
Adder graph: {{'A',[1,1,0],1,0,[0,1,0],0,0,[1,0,0],0,0},{'A',[-15,-15,0],2,0,[1,1,0],1,0,[-1,-1,0],1,4},{'A',[0,2,1],1,0,[0,1,0],0,1,[0,0,1],0,0},{'A',[0,1,1],1,0,[0,1,0],0,0,[0,0,1],0,0},{'A',[0,7,3],2,0,[0,2,1],1,2,[0,-1,-1],1,0},{'A',[-15,-29,-6],3,0,[-15,-15,0],2,0,[0,-7,-3],2,1},{'O',[-15,-29,-6],3,[-15,-29,-6],3,0}}
Adder graph: {{'A',[0,0,3],1,0,[0,0,1],0,1,[0,0,1],0,0},{'A',[0,1,0],1,0,[0,1,0],0,1,[0,-1,0],0,0},{'A',[1,2,0],1,0,[0,1,0],0,1,[1,0,0],0,0},{'A',[8,16,3],2,0,[1,2,0],1,3,[0,0,3],1,0},{'A',[1,3,0],2,0,[1,2,0],1,0,[0,1,0],1,0},{'A',[15,29,6],3,0,[8,16,3],2,1,[-1,-3,0],2,0},{'O',[-15,-29,-6],3,[-15,-29,-6],3,0}}
Adder graph: {{'A',[1,0,0],1,0,[1,0,0],0,1,[-1,0,0],0,0},{'A',[0,-1,2],1,0,[0,0,1],0,1,[0,-1,0],0,0},{'A',[1,-1,2],2,0,[0,-1,2],1,0,[1,0,0],1,0},{'A',[1,2,0],1,0,[1,0,0],0,0,[0,1,0],0,1},{'A',[4,7,2],2,0,[1,2,0],1,2,[0,-1,2],1,0},{'A',[-15,-29,-6],3,0,[1,-1,2],2,0,[-4,-7,-2],2,2},{'O',[-15,-29,-6],3,[-15,-29,-6],3,0}}
Finished solving after 144.988 seconds
Adder graph: {{'A',[1,0,0],1,0,[1,0,0],0,1,[-1,0,0],0,0},{'A',[0,-1,2],1,0,[0,0,1],0,1,[0,-1,0],0,0},{'A',[1,-1,2],2,0,[0,-1,2],1,0,[1,0,0],1,0},{'A',[1,2,0],1,0,[1,0,0],0,0,[0,1,0],0,1},{'A',[4,7,2],2,0,[1,2,0],1,2,[0,-1,2],1,0},{'A',[-15,-29,-6],3,0,[1,-1,2],2,0,[-4,-7,-2],2,2},{'O',[-15,-29,-6],3,[-15,-29,-6],3,0}}
#Add optimal = 1
#FAs optimal = 1
