Adder graph: {{'A',[8,0,1],1,0,[0,0,1],0,0,[1,0,0],0,3},{'A',[-24,0,-3],2,0,[8,0,1],1,0,[-8,0,-1],1,2},{'A',[0,7,0],1,0,[0,1,0],0,3,[0,-1,0],0,0},{'A',[0,1,16],1,0,[0,0,1],0,4,[0,1,0],0,0},{'A',[0,29,16],2,0,[0,7,0],1,2,[0,1,16],1,0},{'A',[24,29,19],3,0,[0,29,16],2,0,[24,0,3],2,0},{'O',[-24,-29,-19],3,[-24,-29,-19],3,0}}
Adder graph: {{'A',[8,-1,0],1,0,[1,0,0],0,3,[0,-1,0],0,0},{'A',[-24,3,0],2,0,[8,-1,0],1,0,[-8,1,0],1,2},{'A',[0,0,3],1,0,[0,0,1],0,1,[0,0,1],0,0},{'A',[0,2,1],1,0,[0,1,0],0,1,[0,0,1],0,0},{'A',[0,32,19],2,0,[0,2,1],1,4,[0,0,3],1,0},{'A',[24,29,19],3,0,[0,32,19],2,0,[24,-3,0],2,0},{'O',[-24,-29,-19],3,[-24,-29,-19],3,0}}
Adder graph: {{'A',[4,0,1],1,0,[1,0,0],0,2,[0,0,1],0,0},{'A',[0,2,1],1,0,[0,1,0],0,1,[0,0,1],0,0},{'A',[4,8,5],2,0,[0,2,1],1,2,[4,0,1],1,0},{'A',[-8,1,0],1,0,[0,1,0],0,0,[-1,0,0],0,3},{'A',[-8,3,1],2,0,[-8,1,0],1,0,[0,2,1],1,0},{'A',[24,29,19],3,0,[4,8,5],2,2,[8,-3,-1],2,0},{'O',[-24,-29,-19],3,[-24,-29,-19],3,0}}
Adder graph: {{'A',[8,-1,0],1,0,[1,0,0],0,3,[0,-1,0],0,0},{'A',[0,0,-3],1,0,[0,0,1],0,0,[0,0,-1],0,2},{'A',[8,-1,3],2,0,[8,-1,0],1,0,[0,0,3],1,0},{'A',[0,2,1],1,0,[0,0,1],0,0,[0,1,0],0,1},{'A',[8,15,8],2,0,[8,-1,0],1,0,[0,2,1],1,3},{'A',[24,29,19],3,0,[8,-1,3],2,0,[8,15,8],2,1},{'O',[-24,-29,-19],3,[-24,-29,-19],3,0}}
Adder graph: {{'A',[0,2,1],1,0,[0,0,1],0,0,[0,1,0],0,1},{'A',[-3,0,0],1,0,[1,0,0],0,0,[-1,0,0],0,2},{'A',[0,-1,1],1,0,[0,0,1],0,0,[0,-1,0],0,0},{'A',[-12,1,-1],2,0,[-3,0,0],1,2,[0,1,-1],1,0},{'A',[0,31,17],2,0,[0,-1,1],1,0,[0,2,1],1,4},{'A',[-24,-29,-19],3,0,[-12,1,-1],2,1,[0,-31,-17],2,0},{'O',[-24,-29,-19],3,[-24,-29,-19],3,0}}
Adder graph: {{'A',[1,4,0],1,0,[1,0,0],0,0,[0,1,0],0,2},{'A',[1,0,1],1,0,[0,0,1],0,0,[1,0,0],0,0},{'A',[3,4,2],2,0,[1,0,1],1,1,[1,4,0],1,0},{'A',[0,-1,1],1,0,[0,0,1],0,0,[0,-1,0],0,0},{'A',[0,-3,3],2,0,[0,-1,1],1,2,[0,1,-1],1,0},{'A',[24,29,19],3,0,[3,4,2],2,3,[0,-3,3],2,0},{'O',[-24,-29,-19],3,[-24,-29,-19],3,0}}
Adder graph: {{'A',[1,1,0],1,0,[1,0,0],0,0,[0,1,0],0,0},{'A',[0,-1,1],1,0,[0,0,1],0,0,[0,-1,0],0,0},{'A',[1,0,-2],1,0,[1,0,0],0,0,[0,0,-1],0,1},{'A',[0,-3,3],2,0,[0,-1,1],1,1,[0,-1,1],1,0},{'A',[3,4,2],2,0,[1,1,0],1,2,[-1,0,2],1,0},{'A',[24,29,19],3,0,[3,4,2],2,3,[0,-3,3],2,0},{'O',[-24,-29,-19],3,[-24,-29,-19],3,0}}
Finished solving after 177.469 seconds
Adder graph: {{'A',[1,1,0],1,0,[1,0,0],0,0,[0,1,0],0,0},{'A',[0,-1,1],1,0,[0,0,1],0,0,[0,-1,0],0,0},{'A',[1,0,-2],1,0,[1,0,0],0,0,[0,0,-1],0,1},{'A',[0,-3,3],2,0,[0,-1,1],1,1,[0,-1,1],1,0},{'A',[3,4,2],2,0,[1,1,0],1,2,[-1,0,2],1,0},{'A',[24,29,19],3,0,[3,4,2],2,3,[0,-3,3],2,0},{'O',[-24,-29,-19],3,[-24,-29,-19],3,0}}
#Add optimal = 1
#FAs optimal = 1
