Adder graph: {{'A',[0,-1,8],1,0,[0,0,1],0,3,[0,-1,0],0,0},{'A',[1,0,-1],1,0,[1,0,0],0,0,[0,0,-1],0,0},{'A',[2,-1,0],1,0,[1,0,0],0,1,[0,-1,0],0,0},{'A',[1,-2,15],2,0,[0,-1,8],1,1,[1,0,-1],1,0},{'A',[30,-15,0],2,0,[2,-1,0],1,4,[-2,1,0],1,0},{'A',[29,-13,-15],3,0,[30,-15,0],2,0,[-1,2,-15],2,0},{'O',[-29,13,15],3,[-29,13,15],3,0}}
Adder graph: {{'A',[2,0,-1],1,0,[1,0,0],0,1,[0,0,-1],0,0},{'A',[0,-16,1],1,0,[0,0,1],0,0,[0,-1,0],0,4},{'A',[32,-16,-15],2,0,[0,-16,1],1,0,[2,0,-1],1,4},{'A',[1,-1,0],1,0,[1,0,0],0,0,[0,-1,0],0,0},{'A',[3,-3,0],2,0,[1,-1,0],1,2,[-1,1,0],1,0},{'A',[29,-13,-15],3,0,[32,-16,-15],2,0,[-3,3,0],2,0},{'O',[-29,13,15],3,[-29,13,15],3,0}}
Adder graph: {{'A',[2,0,-1],1,0,[1,0,0],0,1,[0,0,-1],0,0},{'A',[-1,1,0],1,0,[0,1,0],0,0,[-1,0,0],0,0},{'A',[0,7,0],1,0,[0,1,0],0,3,[0,-1,0],0,0},{'A',[-1,-13,0],2,0,[-1,1,0],1,0,[0,-7,0],1,1},{'A',[-30,0,15],2,0,[2,0,-1],1,0,[-2,0,1],1,4},{'A',[-29,13,15],3,0,[-30,0,15],2,0,[1,13,0],2,0},{'O',[-29,13,15],3,[-29,13,15],3,0}}
Adder graph: {{'A',[2,0,-1],1,0,[1,0,0],0,1,[0,0,-1],0,0},{'A',[0,3,0],1,0,[0,1,0],0,2,[0,-1,0],0,0},{'A',[30,0,-15],2,0,[2,0,-1],1,4,[-2,0,1],1,0},{'A',[1,1,0],1,0,[0,1,0],0,0,[1,0,0],0,0},{'A',[1,13,0],2,0,[0,3,0],1,2,[1,1,0],1,0},{'A',[-29,13,15],3,0,[1,13,0],2,0,[-30,0,15],2,0},{'O',[-29,13,15],3,[-29,13,15],3,0}}
Adder graph: {{'A',[1,4,0],1,0,[1,0,0],0,0,[0,1,0],0,2},{'A',[2,0,-1],1,0,[1,0,0],0,1,[0,0,-1],0,0},{'A',[0,-1,1],1,0,[0,0,1],0,0,[0,-1,0],0,0},{'A',[-1,-5,1],2,0,[0,-1,1],1,0,[-1,-4,0],1,0},{'A',[15,-4,-8],2,0,[2,0,-1],1,3,[-1,-4,0],1,0},{'A',[29,-13,-15],3,0,[-1,-5,1],2,0,[15,-4,-8],2,1},{'O',[-29,13,15],3,[-29,13,15],3,0}}
Adder graph: {{'A',[2,0,-1],1,0,[1,0,0],0,1,[0,0,-1],0,0},{'A',[1,4,0],1,0,[0,1,0],0,2,[1,0,0],0,0},{'A',[7,-4,-4],2,0,[2,0,-1],1,2,[-1,-4,0],1,0},{'A',[0,1,-1],1,0,[0,1,0],0,0,[0,0,-1],0,0},{'A',[-1,-3,-1],2,0,[0,1,-1],1,0,[-1,-4,0],1,0},{'A',[29,-13,-15],3,0,[7,-4,-4],2,2,[1,3,1],2,0},{'O',[-29,13,15],3,[-29,13,15],3,0}}
Adder graph: {{'A',[1,1,0],1,0,[1,0,0],0,0,[0,1,0],0,0},{'A',[0,-3,0],1,0,[0,1,0],0,0,[0,-1,0],0,2},{'A',[2,0,-1],1,0,[1,0,0],0,1,[0,0,-1],0,0},{'A',[3,1,-1],2,0,[1,1,0],1,0,[2,0,-1],1,0},{'A',[8,-3,-4],2,0,[0,-3,0],1,0,[2,0,-1],1,2},{'A',[-29,13,15],3,0,[3,1,-1],2,0,[-8,3,4],2,2},{'O',[-29,13,15],3,[-29,13,15],3,0}}
Finished solving after 325.63 seconds
Adder graph: {{'A',[1,1,0],1,0,[1,0,0],0,0,[0,1,0],0,0},{'A',[0,-3,0],1,0,[0,1,0],0,0,[0,-1,0],0,2},{'A',[2,0,-1],1,0,[1,0,0],0,1,[0,0,-1],0,0},{'A',[3,1,-1],2,0,[1,1,0],1,0,[2,0,-1],1,0},{'A',[8,-3,-4],2,0,[0,-3,0],1,0,[2,0,-1],1,2},{'A',[-29,13,15],3,0,[3,1,-1],2,0,[-8,3,4],2,2},{'O',[-29,13,15],3,[-29,13,15],3,0}}
#Add optimal = 1
#FAs optimal = 1
