Adder graph: {{'A',[1,-4,0],1,0,[1,0,0],0,0,[0,-1,0],0,2},{'A',[0,1,8],1,0,[0,1,0],0,0,[0,0,1],0,3},{'A',[1,-6,-16],2,0,[1,-4,0],1,0,[0,-1,-8],1,1},{'A',[0,9,0],1,0,[0,1,0],0,0,[0,1,0],0,3},{'A',[0,2,-2],2,2,[0,9,0],1,0,[0,-1,-8],1,0},{'A',[-2,13,31],3,1,[0,2,-2],2,0,[-1,6,16],2,2},{'O',[-2,13,31],3,[-2,13,31],3,0}}
Adder graph: {{'A',[2,0,1],1,0,[0,0,1],0,0,[1,0,0],0,1},{'A',[0,-15,0],1,0,[0,1,0],0,0,[0,-1,0],0,4},{'A',[2,-15,1],2,0,[2,0,1],1,0,[0,-15,0],1,0},{'A',[0,1,-1],1,0,[0,1,0],0,0,[0,0,-1],0,0},{'A',[0,1,-16],2,0,[0,-15,0],1,0,[0,1,-1],1,4},{'A',[2,-13,-31],3,0,[2,-15,1],2,0,[0,1,-16],2,1},{'O',[-2,13,31],3,[-2,13,31],3,0}}
Adder graph: {{'A',[0,-1,1],1,0,[0,0,1],0,0,[0,-1,0],0,0},{'A',[1,2,0],1,0,[0,1,0],0,1,[1,0,0],0,0},{'A',[0,0,-3],1,0,[0,0,1],0,0,[0,0,-1],0,2},{'A',[2,3,1],2,0,[0,-1,1],1,0,[1,2,0],1,1},{'A',[0,-1,-2],2,0,[0,-1,1],1,0,[0,0,-3],1,0},{'A',[2,-13,-31],3,0,[2,3,1],2,0,[0,-1,-2],2,4},{'O',[-2,13,31],3,[-2,13,31],3,0}}
Adder graph: {{'A',[1,1,0],1,0,[0,1,0],0,0,[1,0,0],0,0},{'A',[0,1,1],1,0,[0,0,1],0,0,[0,1,0],0,0},{'A',[0,0,2],1,0,[0,0,1],0,0,[0,0,1],0,0},{'A',[0,2,4],2,0,[0,0,2],1,0,[0,1,1],1,1},{'A',[2,3,1],2,0,[0,1,1],1,0,[1,1,0],1,1},{'A',[2,-13,-31],3,0,[2,3,1],2,0,[0,-2,-4],2,3},{'O',[-2,13,31],3,[-2,13,31],3,0}}
Adder graph: {{'A',[0,1,1],1,0,[0,1,0],0,0,[0,0,1],0,0},{'A',[1,1,0],1,0,[1,0,0],0,0,[0,1,0],0,0},{'A',[2,3,1],2,0,[0,1,1],1,0,[1,1,0],1,1},{'A',[0,0,-1],1,0,[0,0,1],0,0,[0,0,-1],0,1},{'A',[0,1,2],2,0,[0,1,1],1,0,[0,0,1],1,0},{'A',[-2,13,31],3,0,[0,1,2],2,4,[-2,-3,-1],2,0},{'O',[-2,13,31],3,[-2,13,31],3,0}}
Adder graph: {{'A',[0,1,0],1,0,[0,1,0],0,1,[0,-1,0],0,0},{'A',[0,1,1],1,0,[0,0,1],0,0,[0,1,0],0,0},{'A',[0,1,2],2,0,[0,1,1],1,1,[0,-1,0],1,0},{'A',[1,1,0],1,0,[1,0,0],0,0,[0,1,0],0,0},{'A',[2,3,1],2,0,[0,1,1],1,0,[1,1,0],1,1},{'A',[2,-13,-31],3,0,[2,3,1],2,0,[0,-1,-2],2,4},{'O',[-2,13,31],3,[-2,13,31],3,0}}
Finished solving after 63.532 seconds
Adder graph: {{'A',[0,1,0],1,0,[0,1,0],0,1,[0,-1,0],0,0},{'A',[0,1,1],1,0,[0,0,1],0,0,[0,1,0],0,0},{'A',[0,1,2],2,0,[0,1,1],1,1,[0,-1,0],1,0},{'A',[1,1,0],1,0,[1,0,0],0,0,[0,1,0],0,0},{'A',[2,3,1],2,0,[0,1,1],1,0,[1,1,0],1,1},{'A',[2,-13,-31],3,0,[2,3,1],2,0,[0,-1,-2],2,4},{'O',[-2,13,31],3,[-2,13,31],3,0}}
#Add optimal = 1
#FAs optimal = 1
