Adder graph: {{'A',[1,0,32],1,0,[0,0,1],0,5,[1,0,0],0,0},{'A',[0,1,-4],1,0,[0,1,0],0,0,[0,0,-1],0,2},{'A',[-1,0,-32],2,0,[1,0,32],1,0,[-1,0,-32],1,1},{'A',[0,16,1],1,0,[0,1,0],0,4,[0,0,1],0,0},{'A',[0,17,-3],2,0,[0,16,1],1,0,[0,1,-4],1,0},{'A',[1,17,29],3,0,[0,17,-3],2,0,[1,0,32],2,0},{'O',[1,17,29],3,[1,17,29],3,0}}
Adder graph: {{'A',[1,0,32],1,0,[1,0,0],0,0,[0,0,1],0,5},{'A',[0,-8,1],1,0,[0,0,1],0,0,[0,-1,0],0,3},{'A',[0,-1,1],1,0,[0,0,1],0,0,[0,-1,0],0,0},{'A',[-1,-8,-31],2,0,[0,-8,1],1,0,[-1,0,-32],1,0},{'A',[1,-1,33],2,0,[0,-1,1],1,0,[1,0,32],1,0},{'A',[-1,-17,-29],3,0,[1,-1,33],2,0,[-1,-8,-31],2,1},{'O',[1,17,29],3,[1,17,29],3,0}}
Adder graph: {{'A',[0,-16,1],1,0,[0,0,1],0,0,[0,-1,0],0,4},{'A',[1,1,0],1,0,[0,1,0],0,0,[1,0,0],0,0},{'A',[0,-1,1],1,0,[0,0,1],0,0,[0,-1,0],0,0},{'A',[0,-48,33],2,0,[0,-1,1],1,5,[0,-16,1],1,0},{'A',[1,65,-4],2,0,[1,1,0],1,0,[0,16,-1],1,2},{'A',[1,17,29],3,0,[0,-48,33],2,0,[1,65,-4],2,0},{'O',[1,17,29],3,[1,17,29],3,0}}
Adder graph: {{'A',[0,1,-2],1,0,[0,1,0],0,0,[0,0,-1],0,1},{'A',[0,15,-30],2,0,[0,1,-2],1,4,[0,-1,2],1,0},{'A',[0,1,0],1,0,[0,1,0],0,1,[0,-1,0],0,0},{'A',[1,0,-1],1,0,[1,0,0],0,0,[0,0,-1],0,0},{'A',[1,32,-1],2,0,[0,1,0],1,5,[1,0,-1],1,0},{'A',[1,17,29],3,0,[1,32,-1],2,0,[0,-15,30],2,0},{'O',[1,17,29],3,[1,17,29],3,0}}
Adder graph: {{'A',[0,1,2],1,0,[0,0,1],0,1,[0,1,0],0,0},{'A',[0,-15,-30],2,0,[0,1,2],1,0,[0,-1,-2],1,4},{'A',[-1,2,0],1,0,[0,1,0],0,1,[-1,0,0],0,0},{'A',[2,0,-1],1,0,[1,0,0],0,1,[0,0,-1],0,0},{'A',[1,2,-1],2,0,[-1,2,0],1,0,[2,0,-1],1,0},{'A',[1,17,29],3,0,[1,2,-1],2,0,[0,15,30],2,0},{'O',[1,17,29],3,[1,17,29],3,0}}
Adder graph: {{'A',[0,1,2],1,0,[0,1,0],0,0,[0,0,1],0,1},{'A',[0,15,30],2,0,[0,1,2],1,4,[0,-1,-2],1,0},{'A',[0,2,0],1,0,[0,1,0],0,0,[0,1,0],0,0},{'A',[1,0,-1],1,0,[1,0,0],0,0,[0,0,-1],0,0},{'A',[1,2,-1],2,0,[0,2,0],1,0,[1,0,-1],1,0},{'A',[1,17,29],3,0,[0,15,30],2,0,[1,2,-1],2,0},{'O',[1,17,29],3,[1,17,29],3,0}}
Adder graph: {{'A',[-1,0,1],1,0,[0,0,1],0,0,[-1,0,0],0,0},{'A',[0,1,2],1,0,[0,0,1],0,1,[0,1,0],0,0},{'A',[-1,-1,-1],2,0,[-1,0,1],1,0,[0,-1,-2],1,0},{'A',[0,0,-1],1,0,[0,0,1],0,0,[0,0,-1],0,1},{'A',[0,4,7],2,0,[0,0,-1],1,0,[0,1,2],1,2},{'A',[1,17,29],3,0,[0,4,7],2,2,[1,1,1],2,0},{'O',[1,17,29],3,[1,17,29],3,0}}
Adder graph: {{'A',[1,0,-1],1,0,[1,0,0],0,0,[0,0,-1],0,0},{'A',[0,1,0],1,1,[0,1,0],0,0,[0,1,0],0,0},{'A',[0,-1,2],1,0,[0,0,1],0,1,[0,-1,0],0,0},{'A',[0,1,2],2,0,[0,1,0],1,1,[0,-1,2],1,0},{'A',[1,1,-3],2,0,[1,0,-1],1,0,[0,1,-2],1,0},{'A',[1,17,29],3,0,[0,1,2],2,4,[1,1,-3],2,0},{'O',[1,17,29],3,[1,17,29],3,0}}
Finished solving after 56.161 seconds
Adder graph: {{'A',[1,0,-1],1,0,[1,0,0],0,0,[0,0,-1],0,0},{'A',[0,1,0],1,1,[0,1,0],0,0,[0,1,0],0,0},{'A',[0,-1,2],1,0,[0,0,1],0,1,[0,-1,0],0,0},{'A',[0,1,2],2,0,[0,1,0],1,1,[0,-1,2],1,0},{'A',[1,1,-3],2,0,[1,0,-1],1,0,[0,1,-2],1,0},{'A',[1,17,29],3,0,[0,1,2],2,4,[1,1,-3],2,0},{'O',[1,17,29],3,[1,17,29],3,0}}
#Add optimal = 1
#FAs optimal = 1
