Adder graph: {{'A',[1,-32,0],1,0,[1,0,0],0,0,[0,-1,0],0,5},{'A',[8,1,0],1,0,[0,1,0],0,0,[1,0,0],0,3},{'A',[-31,-36,0],2,0,[1,-32,0],1,0,[-8,-1,0],1,2},{'A',[0,-1,4],1,0,[0,0,1],0,2,[0,-1,0],0,0},{'A',[-8,-2,4],2,0,[0,-1,4],1,0,[-8,-1,0],1,0},{'A',[-15,-32,-8],3,0,[-31,-36,0],2,0,[8,2,-4],2,1},{'A',[-72,-18,36],3,0,[-8,-2,4],2,0,[-8,-2,4],2,3},{'A',[-21,23,26],4,1,[-72,-18,36],3,0,[15,32,8],3,1},{'O',[21,-23,-26],4,[21,-23,-26],4,0}}
Adder graph: {{'A',[0,-15,0],1,0,[0,1,0],0,0,[0,-1,0],0,4},{'A',[1,0,-2],1,0,[1,0,0],0,0,[0,0,-1],0,1},{'A',[-16,1,0],1,0,[0,1,0],0,0,[-1,0,0],0,4},{'A',[-2,-15,4],2,0,[0,-15,0],1,0,[-1,0,2],1,1},{'A',[2,15,-4],3,0,[-2,-15,4],2,0,[2,15,-4],2,1},{'A',[48,-1,-64],2,0,[1,0,-2],1,5,[16,-1,0],1,0},{'A',[23,-8,-30],3,1,[48,-1,-64],2,0,[-2,-15,4],2,0},{'A',[21,-23,-26],4,0,[23,-8,-30],3,0,[-2,-15,4],3,0},{'O',[21,-23,-26],4,[21,-23,-26],4,0}}
Adder graph: {{'A',[1,-1,0],1,0,[1,0,0],0,0,[0,-1,0],0,0},{'A',[0,8,-1],1,0,[0,1,0],0,3,[0,0,-1],0,0},{'A',[0,16,-2],2,0,[0,8,-1],1,0,[0,8,-1],1,0},{'A',[-1,0,2],1,0,[0,0,1],0,1,[-1,0,0],0,0},{'A',[-3,1,4],2,0,[-1,0,2],1,1,[-1,1,0],1,0},{'A',[45,-15,-60],3,0,[-3,1,4],2,0,[3,-1,-4],2,4},{'A',[3,31,-8],3,0,[0,16,-2],2,1,[3,-1,-4],2,0},{'A',[-21,23,26],4,1,[3,31,-8],3,0,[-45,15,60],3,0},{'O',[21,-23,-26],4,[21,-23,-26],4,0}}
Adder graph: {{'A',[1,0,-8],1,0,[1,0,0],0,0,[0,0,-1],0,3},{'A',[0,1,-2],1,0,[0,1,0],0,0,[0,0,-1],0,1},{'A',[-1,1,6],2,0,[0,1,-2],1,0,[-1,0,8],1,0},{'A',[-1,1,6],3,0,[-1,1,6],2,1,[1,-1,-6],2,0},{'A',[1,-1,0],1,0,[1,0,0],0,0,[0,-1,0],0,0},{'A',[-7,8,-8],2,0,[1,0,-8],1,0,[-1,1,0],1,3},{'A',[-13,15,-22],3,0,[-7,8,-8],2,1,[1,-1,-6],2,0},{'A',[-21,23,26],4,0,[-13,15,-22],3,0,[-1,1,6],3,3},{'O',[21,-23,-26],4,[21,-23,-26],4,0}}
Adder graph: {{'A',[1,-1,0],1,0,[1,0,0],0,0,[0,-1,0],0,0},{'A',[2,-2,0],2,0,[1,-1,0],1,0,[1,-1,0],1,0},{'A',[0,1,-2],1,0,[0,1,0],0,0,[0,0,-1],0,1},{'A',[10,-10,0],3,0,[2,-2,0],2,0,[2,-2,0],2,2},{'A',[0,0,-15],1,0,[0,0,1],0,0,[0,0,-1],0,4},{'A',[0,1,13],2,0,[0,1,-2],1,0,[0,0,15],1,0},{'A',[-1,3,26],3,1,[0,1,13],2,2,[-2,2,0],2,0},{'A',[-21,23,26],4,0,[-1,3,26],3,0,[-10,10,0],3,1},{'O',[21,-23,-26],4,[21,-23,-26],4,0}}
Adder graph: {{'A',[0,-1,1],1,0,[0,0,1],0,0,[0,-1,0],0,0},{'A',[-1,0,2],1,0,[0,0,1],0,1,[-1,0,0],0,0},{'A',[-1,1,1],2,0,[-1,0,2],1,0,[0,1,-1],1,0},{'A',[-5,5,5],3,0,[-1,1,1],2,0,[-1,1,1],2,2},{'A',[-4,1,0],1,0,[0,1,0],0,0,[-1,0,0],0,2},{'A',[-3,1,-2],2,0,[-4,1,0],1,0,[1,0,-2],1,0},{'A',[1,-3,-6],3,0,[-3,1,-2],2,0,[1,-1,-1],2,2},{'A',[-21,23,26],4,0,[-5,5,5],3,2,[-1,3,6],3,0},{'O',[21,-23,-26],4,[21,-23,-26],4,0}}
Adder graph: {{'A',[1,0,-1],1,0,[1,0,0],0,0,[0,0,-1],0,0},{'A',[1,1,0],1,0,[1,0,0],0,0,[0,1,0],0,0},{'A',[0,-2,1],1,0,[0,0,1],0,0,[0,-1,0],0,1},{'A',[3,-1,-4],2,0,[1,0,-1],1,2,[-1,-1,0],1,0},{'A',[-1,-5,2],2,0,[0,-2,1],1,1,[-1,-1,0],1,0},{'A',[-3,-15,6],3,0,[-1,-5,2],2,0,[-1,-5,2],2,1},{'A',[-3,1,4],3,0,[3,-1,-4],2,0,[-3,1,4],2,1},{'A',[-21,23,26],4,0,[-3,1,4],3,3,[3,15,-6],3,0},{'O',[21,-23,-26],4,[21,-23,-26],4,0}}
Adder graph: {{'A',[1,1,0],1,0,[0,1,0],0,0,[1,0,0],0,0},{'A',[2,0,1],1,0,[0,0,1],0,0,[1,0,0],0,1},{'A',[0,2,1],1,0,[0,1,0],0,1,[0,0,1],0,0},{'A',[3,-1,2],2,0,[2,0,1],1,1,[-1,-1,0],1,0},{'A',[1,-1,-1],2,0,[1,1,0],1,0,[0,-2,-1],1,0},{'A',[-5,7,10],3,0,[3,-1,2],2,0,[-1,1,1],2,3},{'A',[1,-1,-1],3,1,[1,-1,-1],2,0,[1,-1,-1],2,0},{'A',[21,-23,-26],4,0,[1,-1,-1],3,4,[5,-7,-10],3,0},{'O',[21,-23,-26],4,[21,-23,-26],4,0}}
Adder graph: {{'A',[2,-1,0],1,0,[1,0,0],0,1,[0,-1,0],0,0},{'A',[-1,1,0],1,0,[0,1,0],0,0,[-1,0,0],0,0},{'A',[1,0,1],1,0,[1,0,0],0,0,[0,0,1],0,0},{'A',[1,-1,-1],2,0,[2,-1,0],1,0,[-1,0,-1],1,0},{'A',[1,-1,-1],3,1,[1,-1,-1],2,0,[1,-1,-1],2,0},{'A',[-3,1,-2],2,0,[-1,1,0],1,0,[-1,0,-1],1,1},{'A',[5,-7,-10],3,0,[1,-1,-1],2,3,[-3,1,-2],2,0},{'A',[21,-23,-26],4,0,[5,-7,-10],3,0,[1,-1,-1],3,4},{'O',[21,-23,-26],4,[21,-23,-26],4,0}}
Adder graph: {{'A',[0,1,0],1,1,[0,1,0],0,0,[0,1,0],0,0},{'A',[1,1,0],1,0,[0,1,0],0,0,[1,0,0],0,0},{'A',[-1,0,1],1,0,[0,0,1],0,0,[-1,0,0],0,0},{'A',[-2,1,2],2,0,[0,1,0],1,0,[-1,0,1],1,1},{'A',[3,1,-2],2,0,[1,1,0],1,0,[1,0,-1],1,1},{'A',[-1,3,2],3,0,[-2,1,2],2,1,[3,1,-2],2,0},{'A',[-5,5,6],3,0,[3,1,-2],2,0,[-2,1,2],2,2},{'A',[-21,23,26],4,0,[-5,5,6],3,2,[-1,3,2],3,0},{'O',[21,-23,-26],4,[21,-23,-26],4,0}}
Adder graph: {{'A',[1,-1,0],1,0,[1,0,0],0,0,[0,-1,0],0,0},{'A',[0,0,1],1,0,[0,0,1],0,1,[0,0,-1],0,0},{'A',[1,-1,-1],2,0,[1,-1,0],1,0,[0,0,-1],1,0},{'A',[1,1,0],1,0,[0,1,0],0,0,[1,0,0],0,0},{'A',[3,-3,-3],3,0,[1,-1,-1],2,2,[-1,1,1],2,0},{'A',[5,-3,0],2,0,[1,-1,0],1,2,[1,1,0],1,0},{'A',[-3,1,-2],3,0,[1,-1,-1],2,1,[-5,3,0],2,0},{'A',[21,-23,-26],4,0,[3,-3,-3],3,3,[-3,1,-2],3,0},{'O',[21,-23,-26],4,[21,-23,-26],4,0}}
Finished solving after 67441.7 seconds
Adder graph: {{'A',[1,-1,0],1,0,[1,0,0],0,0,[0,-1,0],0,0},{'A',[0,0,1],1,0,[0,0,1],0,1,[0,0,-1],0,0},{'A',[1,-1,-1],2,0,[1,-1,0],1,0,[0,0,-1],1,0},{'A',[1,1,0],1,0,[0,1,0],0,0,[1,0,0],0,0},{'A',[3,-3,-3],3,0,[1,-1,-1],2,2,[-1,1,1],2,0},{'A',[5,-3,0],2,0,[1,-1,0],1,2,[1,1,0],1,0},{'A',[-3,1,-2],3,0,[1,-1,-1],2,1,[-5,3,0],2,0},{'A',[21,-23,-26],4,0,[3,-3,-3],3,3,[-3,1,-2],3,0},{'O',[21,-23,-26],4,[21,-23,-26],4,0}}
#Add optimal = 0
#FAs optimal = 1
