Adder graph: {{'A',[0,1,-2],1,0,[0,1,0],0,0,[0,0,-1],0,1},{'A',[16,1,0],1,0,[0,1,0],0,0,[1,0,0],0,4},{'A',[-16,7,-16],2,0,[0,1,-2],1,3,[-16,-1,0],1,0},{'A',[2,0,-1],1,0,[1,0,0],0,1,[0,0,-1],0,0},{'A',[10,0,-5],2,0,[2,0,-1],1,0,[2,0,-1],1,2},{'A',[26,-7,11],3,0,[10,0,-5],2,0,[16,-7,16],2,0},{'O',[26,-7,11],3,[26,-7,11],3,0}}
Adder graph: {{'A',[1,0,-4],1,0,[1,0,0],0,0,[0,0,-1],0,2},{'A',[-4,1,0],1,0,[0,1,0],0,0,[-1,0,0],0,2},{'A',[0,0,3],1,0,[0,0,1],0,2,[0,0,-1],0,0},{'A',[28,-7,0],2,0,[-4,1,0],1,0,[4,-1,0],1,3},{'A',[2,0,-11],2,0,[1,0,-4],1,1,[0,0,-3],1,0},{'A',[26,-7,11],3,0,[28,-7,0],2,0,[-2,0,11],2,0},{'O',[26,-7,11],3,[26,-7,11],3,0}}
Adder graph: {{'A',[0,0,3],1,0,[0,0,1],0,2,[0,0,-1],0,0},{'A',[-4,1,0],1,0,[0,1,0],0,0,[-1,0,0],0,2},{'A',[28,-7,0],2,0,[-4,1,0],1,0,[4,-1,0],1,3},{'A',[2,0,1],1,0,[0,0,1],0,0,[1,0,0],0,1},{'A',[2,0,-11],2,0,[2,0,1],1,0,[0,0,-3],1,2},{'A',[-26,7,-11],3,0,[2,0,-11],2,0,[-28,7,0],2,0},{'O',[26,-7,11],3,[26,-7,11],3,0}}
Adder graph: {{'A',[2,0,1],1,0,[1,0,0],0,1,[0,0,1],0,0},{'A',[2,0,-1],1,0,[1,0,0],0,1,[0,0,-1],0,0},{'A',[0,7,0],1,0,[0,1,0],0,3,[0,-1,0],0,0},{'A',[6,0,3],2,0,[2,0,1],1,2,[-2,0,-1],1,0},{'A',[2,-7,-1],2,0,[2,0,-1],1,0,[0,-7,0],1,0},{'A',[26,-7,11],3,0,[2,-7,-1],2,0,[6,0,3],2,2},{'O',[26,-7,11],3,[26,-7,11],3,0}}
Adder graph: {{'A',[4,-1,0],1,0,[1,0,0],0,2,[0,-1,0],0,0},{'A',[0,1,-1],1,0,[0,1,0],0,0,[0,0,-1],0,0},{'A',[1,0,-2],1,0,[1,0,0],0,0,[0,0,-1],0,1},{'A',[3,-1,2],2,0,[4,-1,0],1,0,[-1,0,2],1,0},{'A',[2,1,-5],2,0,[1,0,-2],1,1,[0,1,-1],1,0},{'A',[26,-7,11],3,0,[2,1,-5],2,0,[3,-1,2],2,3},{'O',[26,-7,11],3,[26,-7,11],3,0}}
Adder graph: {{'A',[3,0,0],1,0,[1,0,0],0,1,[1,0,0],0,0},{'A',[0,1,-1],1,0,[0,1,0],0,0,[0,0,-1],0,0},{'A',[1,0,2],1,0,[1,0,0],0,0,[0,0,1],0,1},{'A',[2,1,3],2,0,[0,1,-1],1,0,[1,0,2],1,1},{'A',[3,-1,1],2,0,[3,0,0],1,0,[0,-1,1],1,0},{'A',[26,-7,11],3,0,[2,1,3],2,0,[3,-1,1],2,3},{'O',[26,-7,11],3,[26,-7,11],3,0}}
Adder graph: {{'A',[1,0,1],1,0,[1,0,0],0,0,[0,0,1],0,0},{'A',[2,-1,0],1,0,[1,0,0],0,1,[0,-1,0],0,0},{'A',[0,1,1],1,0,[0,1,0],0,0,[0,0,1],0,0},{'A',[3,-1,1],2,0,[2,-1,0],1,0,[1,0,1],1,0},{'A',[2,1,3],2,0,[1,0,1],1,1,[0,1,1],1,0},{'A',[26,-7,11],3,0,[2,1,3],2,0,[3,-1,1],2,3},{'O',[26,-7,11],3,[26,-7,11],3,0}}
Finished solving after 168.642 seconds
Adder graph: {{'A',[1,0,1],1,0,[1,0,0],0,0,[0,0,1],0,0},{'A',[2,-1,0],1,0,[1,0,0],0,1,[0,-1,0],0,0},{'A',[0,1,1],1,0,[0,1,0],0,0,[0,0,1],0,0},{'A',[3,-1,1],2,0,[2,-1,0],1,0,[1,0,1],1,0},{'A',[2,1,3],2,0,[1,0,1],1,1,[0,1,1],1,0},{'A',[26,-7,11],3,0,[2,1,3],2,0,[3,-1,1],2,3},{'O',[26,-7,11],3,[26,-7,11],3,0}}
#Add optimal = 1
#FAs optimal = 1
