Adder graph: {{'M',[256;16;1],1,[1;1;1],0,[8;4;0]},{'M',[1;128;16],1,[1;1;1],0,[0;7;4]},{'A',[255;144;17],2,[256;16;1],1,0,[-1;128;16],1,0},{'A',[30;30;34],1,[1;1;1],0,5,[-1;-1;1],0,1},{'R',[1;1;1],1,[1;1;1],0},{'A',[29;29;33],2,[30;30;34],1,0,[-1;-1;-1],1,0},{'M',[16;1;4],1,[1;1;1],0,[4;0;2]},{'M',[1;1;8],1,[1;1;1],0,[0;0;3]},{'A',[65;5;24],2,[16;1;4],1,2,[1;1;8],1,0},{'M',[1024;1;128],1,[1;1;1],0,[10;0;7]},{'M',[2;2;1],1,[1;1;1],0,[1;1;0]},{'A',[1028;-3;130],2,[1024;1;128],1,0,[2;-2;1],1,1},{'M',[255;10;48],3,[255;144;17],2,[0;NaN;NaN],[65;5;24],2,[NaN;1;1]},{'M',[65;-768;17],3,[255;144;17],2,[NaN;NaN;0],[65;5;24],2,[0;NaN;NaN],[1028;-3;130],2,[NaN;8;NaN]},{'A',[955;808;209],4,[255;10;48],3,2,[-65;768;17],3,0},{'M',[65;20;132],3,[29;29;33],2,[NaN;NaN;2],[65;5;24],2,[0;2;NaN]},{'M',[1028;40;384],3,[65;5;24],2,[NaN;3;4],[1028;-3;130],2,[0;NaN;NaN]},{'A',[-963;-20;-252],4,[65;20;132],3,0,[-1028;-40;-384],3,0},{'M',[30;60;68],2,[30;30;34],1,[0;1;1]},{'A',[91;211;305],3,[30;60;68],2,2,[-29;-29;33],2,0},{'M',[520;576;24],3,[255;144;17],2,[NaN;2;NaN],[65;5;24],2,[3;NaN;0]},{'M',[65;10;132],3,[29;29;33],2,[NaN;NaN;2],[65;5;24],2,[0;1;NaN]},{'A',[455;566;156],4,[520;576;24],3,0,[-65;-10;132],3,0},{'A',[564;461;658],3,[1028;-3;130],2,0,[-29;29;33],2,4},{'O',[963;20;252],4,[963;20;252],4,0},{'O',[955;808;209],4,[955;808;209],4,0},{'M',[564;211;610],4,[91;211;305],3,[NaN;0;1],[564;461;658],3,[0;NaN;NaN]},{'O',[564;211;610],4,[564;211;610],4,0},{'M',[91;922;658],4,[91;211;305],3,[0;NaN;NaN],[564;461;658],3,[NaN;1;0]},{'O',[91;922;658],4,[91;922;658],4,0},{'O',[455;566;156],4,[455;566;156],4,0}}
Adder graph: {{'A',[-3;-3;5],1,[1;1;1],0,0,[-1;-1;1],0,2},{'M',[64;256;1],1,[1;1;1],0,[6;8;0]},{'A',[67;259;-4],2,[64;256;1],1,0,[3;3;-5],1,0},{'M',[-3;-3;20],2,[-3;-3;5],1,[0;0;2]},{'A',[91;283;156],3,[67;259;-4],2,0,[3;3;20],2,3},{'M',[256;64;1],1,[1;1;1],0,[8;6;0]},{'M',[1;2;8],1,[1;1;1],0,[0;1;3]},{'A',[511;130;-6],2,[256;64;1],1,1,[-1;2;-8],1,0},{'M',[512;1;1],1,[1;1;1],0,[9;0;0]},{'M',[1;4;256],1,[1;1;1],0,[0;2;8]},{'A',[511;-3;257],2,[512;1;1],1,0,[-1;-4;256],1,0},{'M',[1;64;1],1,[1;1;1],0,[0;6;0]},{'A',[7;58;-9],2,[1;64;1],1,0,[3;-3;-5],1,1},{'M',[536;259;514],3,[67;259;-4],2,[3;0;NaN],[511;-3;257],2,[NaN;NaN;1]},{'M',[7;-12;-24],3,[511;130;-6],2,[NaN;NaN;2],[511;-3;257],2,[NaN;2;NaN],[7;58;-9],2,[0;NaN;NaN]},{'A',[564;211;610],4,[536;259;514],3,0,[7;-12;24],3,2},{'A',[455;461;329],3,[511;-3;257],2,0,[-7;58;9],2,3},{'M',[896;116;-4],3,[67;259;-4],2,[NaN;NaN;0],[7;58;-9],2,[7;1;NaN]},{'M',[67;-96;-256],3,[67;259;-4],2,[0;NaN;6],[511;-3;257],2,[NaN;5;NaN]},{'A',[963;20;252],4,[896;116;-4],3,0,[67;-96;256],3,0},{'M',[511;520;-24],3,[511;130;-6],2,[0;2;2]},{'M',[67;232;257],3,[67;259;-4],2,[0;NaN;NaN],[511;-3;257],2,[NaN;NaN;0],[7;58;-9],2,[NaN;2;NaN]},{'A',[955;808;209],4,[511;520;-24],3,1,[-67;-232;257],3,0},{'O',[963;20;252],4,[963;20;252],4,0},{'O',[955;808;209],4,[955;808;209],4,0},{'O',[564;211;610],4,[564;211;610],4,0},{'M',[91;922;658],4,[91;283;156],3,[0;NaN;NaN],[455;461;329],3,[NaN;1;1]},{'O',[91;922;658],4,[91;922;658],4,0},{'M',[455;566;156],4,[91;283;156],3,[NaN;1;0],[455;461;329],3,[0;NaN;NaN]},{'O',[455;566;156],4,[455;566;156],4,0}}
Adder graph: {{'A',[5;5;5],1,[1;1;1],0,2,[1;1;1],0,0},{'A',[7;9;7],1,[1;1;1],0,3,[-1;1;-1],0,0},{'A',[-30;34;34],1,[1;1;1],0,1,[-1;1;1],0,5},{'M',[5;5;20],2,[5;5;5],1,[0;0;2]},{'M',[-480;5;136],2,[5;5;5],1,[NaN;0;NaN],[-30;34;34],1,[4;NaN;2]},{'A',[-955;-5;-252],3,[5;5;20],2,0,[-480;-5;-136],2,1},{'M',[1;64;2],1,[1;1;1],0,[0;6;1]},{'A',[-3;247;15],2,[1;64;2],1,2,[-7;-9;7],1,0},{'M',[448;288;34],2,[7;9;7],1,[6;5;NaN],[-30;34;34],1,[NaN;NaN;0]},{'M',[7;5;5],2,[5;5;5],1,[NaN;0;0],[7;9;7],1,[0;NaN;NaN]},{'A',[455;283;39],3,[448;288;34],2,0,[7;-5;5],2,0},{'M',[1;256;128],1,[1;1;1],0,[0;8;7]},{'A',[-29;-222;162],2,[-30;34;34],1,0,[1;-256;128],1,0},{'M',[-30;5;112],2,[5;5;5],1,[NaN;0;NaN],[7;9;7],1,[NaN;NaN;4],[-30;34;34],1,[0;NaN;NaN]},{'A',[91;-202;610],3,[-29;-222;162],2,0,[30;5;112],2,2},{'M',[448;34;10],2,[5;5;5],1,[NaN;NaN;1],[7;9;7],1,[6;NaN;NaN],[-30;34;34],1,[NaN;0;NaN]},{'A',[564;922;658],3,[448;34;10],2,0,[29;222;162],2,2},{'M',[-240;9;56],2,[7;9;7],1,[NaN;0;3],[-30;34;34],1,[3;NaN;NaN]},{'A',[-963;211;-209],3,[-3;247;15],2,0,[-240;-9;-56],2,2},{'M',[-963;-20;-252],4,[-955;-5;-252],3,[NaN;2;0],[-963;211;-209],3,[0;NaN;NaN]},{'O',[963;20;252],4,[963;20;252],4,0},{'M',[-955;-808;-209],4,[-955;-5;-252],3,[0;NaN;NaN],[91;-202;610],3,[NaN;2;NaN],[-963;211;-209],3,[NaN;NaN;0]},{'O',[955;808;209],4,[955;808;209],4,0},{'M',[564;211;610],4,[91;-202;610],3,[NaN;NaN;0],[564;922;658],3,[0;NaN;NaN],[-963;211;-209],3,[NaN;0;NaN]},{'O',[564;211;610],4,[564;211;610],4,0},{'M',[91;922;658],4,[91;-202;610],3,[0;NaN;NaN],[564;922;658],3,[NaN;0;0]},{'O',[91;922;658],4,[91;922;658],4,0},{'M',[455;566;156],4,[455;283;39],3,[0;1;2]},{'O',[455;566;156],4,[455;566;156],4,0}}
Adder graph: {{'M',[8;1;1],1,[1;1;1],0,[3;0;0]},{'M',[1;1;4],1,[1;1;1],0,[0;0;2]},{'A',[24;10;34],2,[8;1;1],1,1,[1;1;4],1,3},{'A',[7;9;7],1,[1;1;1],0,3,[-1;1;-1],0,0},{'A',[5;5;5],1,[1;1;1],0,2,[1;1;1],0,0},{'M',[4;1;2],1,[1;1;1],0,[2;0;1]},{'A',[57;25;25],2,[4;1;2],1,4,[-7;9;-7],1,0},{'M',[128;64;1],1,[1;1;1],0,[7;6;0]},{'A',[507;261;9],2,[128;64;1],1,2,[-5;5;5],1,0},{'M',[57;261;576],3,[57;25;25],2,[0;NaN;NaN],[507;261;9],2,[NaN;0;6]},{'M',[507;50;34],3,[24;10;34],2,[NaN;NaN;0],[57;25;25],2,[NaN;1;NaN],[507;261;9],2,[0;NaN;NaN]},{'A',[564;211;610],4,[57;261;576],3,0,[507;-50;34],3,0},{'M',[5;20;20],2,[5;5;5],1,[0;2;2]},{'A',[91;20;156],3,[24;10;34],2,2,[-5;-20;20],2,0},{'M',[14;5;10],2,[7;9;7],1,[1;NaN;NaN],[5;5;5],1,[NaN;0;1]},{'A',[955;101;329],3,[507;261;9],2,0,[14;-5;10],2,5},{'M',[14;18;7],2,[7;9;7],1,[1;1;0]},{'M',[7;10;28],2,[7;9;7],1,[0;NaN;2],[5;5;5],1,[NaN;1;NaN]},{'A',[455;566;252],3,[14;18;7],2,5,[7;-10;28],2,0},{'A',[963;461;209],3,[57;25;25],2,3,[507;261;9],2,0},{'M',[963;20;252],4,[91;20;156],3,[NaN;0;NaN],[455;566;252],3,[NaN;NaN;0],[963;461;209],3,[0;NaN;NaN]},{'O',[963;20;252],4,[963;20;252],4,0},{'M',[955;808;209],4,[955;101;329],3,[0;3;NaN],[963;461;209],3,[NaN;NaN;0]},{'O',[955;808;209],4,[955;808;209],4,0},{'O',[564;211;610],4,[564;211;610],4,0},{'M',[91;922;658],4,[91;20;156],3,[0;NaN;NaN],[955;101;329],3,[NaN;NaN;1],[963;461;209],3,[NaN;1;NaN]},{'O',[91;922;658],4,[91;922;658],4,0},{'M',[455;566;156],4,[91;20;156],3,[NaN;NaN;0],[455;566;252],3,[0;0;NaN]},{'O',[455;566;156],4,[455;566;156],4,0}}
Adder graph: {{'A',[15;15;17],1,[1;1;1],0,4,[-1;-1;1],0,0},{'A',[-3;5;5],1,[1;1;1],0,0,[-1;1;1],0,2},{'M',[1;8;128],1,[1;1;1],0,[0;3;7]},{'A',[29;38;162],2,[15;15;17],1,1,[-1;8;128],1,0},{'A',[7;9;7],1,[1;1;1],0,3,[-1;1;-1],0,0},{'M',[15;120;56],2,[15;15;17],1,[0;3;NaN],[7;9;7],1,[NaN;NaN;3]},{'A',[91;922;610],3,[15;120;56],2,3,[-29;-38;162],2,0},{'M',[1;128;128],1,[1;1;1],0,[0;7;7]},{'A',[-5;247;249],2,[1;128;128],1,1,[-7;-9;-7],1,0},{'M',[480;20;7],2,[15;15;17],1,[5;NaN;NaN],[-3;5;5],1,[NaN;2;NaN],[7;9;7],1,[NaN;NaN;0]},{'M',[-3;30;112],2,[15;15;17],1,[NaN;1;NaN],[-3;5;5],1,[0;NaN;NaN],[7;9;7],1,[NaN;NaN;4]},{'A',[963;10;126],3,[480;20;7],2,1,[3;-30;112],2,0},{'M',[224;480;5],2,[15;15;17],1,[NaN;5;NaN],[-3;5;5],1,[NaN;NaN;0],[7;9;7],1,[5;NaN;NaN]},{'A',[564;808;658],3,[224;480;5],2,1,[29;-38;162],2,2},{'M',[112;144;5],2,[-3;5;5],1,[NaN;NaN;0],[7;9;7],1,[4;4;NaN]},{'M',[7;10;136],2,[15;15;17],1,[NaN;NaN;3],[-3;5;5],1,[NaN;1;NaN],[7;9;7],1,[0;NaN;NaN]},{'A',[455;566;156],3,[112;144;5],2,2,[7;-10;136],2,0},{'M',[240;9;10],2,[15;15;17],1,[4;NaN;NaN],[-3;5;5],1,[NaN;NaN;1],[7;9;7],1,[NaN;0;NaN]},{'A',[955;211;209],3,[-5;247;249],2,0,[240;-9;-10],2,2},{'M',[963;20;252],4,[963;10;126],3,[0;1;1]},{'O',[963;20;252],4,[963;20;252],4,0},{'M',[955;808;209],4,[564;808;658],3,[NaN;0;NaN],[955;211;209],3,[0;NaN;0]},{'O',[955;808;209],4,[955;808;209],4,0},{'M',[564;211;610],4,[91;922;610],3,[NaN;NaN;0],[564;808;658],3,[0;NaN;NaN],[955;211;209],3,[NaN;0;NaN]},{'O',[564;211;610],4,[564;211;610],4,0},{'M',[91;922;658],4,[91;922;610],3,[0;0;NaN],[564;808;658],3,[NaN;NaN;0]},{'O',[91;922;658],4,[91;922;658],4,0},{'R',[455;566;156],4,[455;566;156],3},{'O',[455;566;156],4,[455;566;156],4,0}}
Adder graph: {{'M',[16;1;4],1,[1;1;1],0,[4;0;2]},{'M',[1024;1;1],1,[1;1;1],0,[10;0;0]},{'A',[-960;5;17],2,[16;1;4],1,2,[-1024;1;1],1,0},{'A',[5;-3;-3],1,[1;1;1],0,0,[1;-1;-1],0,2},{'M',[4;1;1],1,[1;1;1],0,[2;0;0]},{'M',[1;1;32],1,[1;1;1],0,[0;0;5]},{'A',[65;15;-16],2,[4;1;1],1,4,[1;-1;-32],1,0},{'M',[5;-96;-192],2,[5;-3;-3],1,[0;5;6]},{'A',[-955;-101;-209],3,[5;-96;-192],2,0,[-960;-5;-17],2,0},{'M',[1;1;4],1,[1;1;1],0,[0;0;2]},{'A',[-22;-38;-134],2,[5;-3;-3],1,1,[-1;-1;-4],1,5},{'M',[1;16;8],1,[1;1;1],0,[0;4;3]},{'A',[3;131;61],2,[1;16;8],1,3,[-5;3;-3],1,0},{'M',[260;131;61],3,[65;15;-16],2,[2;NaN;NaN],[3;131;61],2,[NaN;0;0]},{'M',[65;-304;34],3,[-960;5;17],2,[NaN;NaN;1],[65;15;-16],2,[0;NaN;NaN],[-22;-38;-134],2,[NaN;3;NaN]},{'A',[455;566;156],4,[260;131;61],3,1,[-65;304;34],3,0},{'M',[65;10;61],3,[-960;5;17],2,[NaN;1;NaN],[65;15;-16],2,[0;NaN;NaN],[3;131;61],2,[NaN;NaN;0]},{'M',[-44;131;122],3,[-22;-38;-134],2,[1;NaN;NaN],[3;131;61],2,[NaN;0;1]},{'A',[564;211;610],4,[65;10;61],3,3,[44;131;122],3,0},{'M',[3;15;-16],3,[65;15;-16],2,[NaN;0;0],[3;131;61],2,[0;NaN;NaN]},{'M',[-960;5;-268],3,[-960;5;17],2,[0;0;NaN],[-22;-38;-134],2,[NaN;NaN;1]},{'A',[963;20;252],4,[3;15;-16],3,0,[960;5;268],3,0},{'M',[3;-38;122],3,[-22;-38;-134],2,[NaN;0;NaN],[3;131;61],2,[0;NaN;1]},{'M',[-22;240;-134],3,[65;15;-16],2,[NaN;4;NaN],[-22;-38;-134],2,[0;NaN;0]},{'A',[91;922;658],4,[3;-38;122],3,0,[22;240;134],3,2},{'O',[963;20;252],4,[963;20;252],4,0},{'M',[-955;-808;-209],4,[-955;-101;-209],3,[0;3;0]},{'O',[955;808;209],4,[955;808;209],4,0},{'O',[564;211;610],4,[564;211;610],4,0},{'O',[91;922;658],4,[91;922;658],4,0},{'O',[455;566;156],4,[455;566;156],4,0}}
Adder graph: {{'M',[1;4;4],1,[1;1;1],0,[0;2;2]},{'M',[1;2;2],1,[1;1;1],0,[0;1;1]},{'A',[7;30;34],2,[1;4;4],1,3,[-1;-2;2],1,0},{'A',[15;15;17],1,[1;1;1],0,4,[-1;-1;1],0,0},{'M',[32;1;1],1,[1;1;1],0,[5;0;0]},{'M',[32;1;32],1,[1;1;1],0,[5;0;5]},{'A',[-32;3;65],2,[32;1;1],1,0,[-32;1;32],1,1},{'M',[256;1;1],1,[1;1;1],0,[8;0;0]},{'A',[226;-29;-33],2,[256;1;1],1,0,[-15;-15;-17],1,1},{'A',[282;211;305],3,[7;30;34],2,3,[226;-29;33],2,0},{'M',[1;512;32],1,[1;1;1],0,[0;9;5]},{'A',[-59;572;-36],2,[1;512;32],1,0,[-15;15;-17],1,2},{'M',[-59;-928;-144],3,[226;-29;-33],2,[NaN;5;NaN],[-59;572;-36],2,[0;NaN;2]},{'M',[896;120;65],3,[7;30;34],2,[7;2;NaN],[-32;3;65],2,[NaN;NaN;0]},{'A',[-955;-808;-209],4,[-59;-928;-144],3,0,[-896;120;-65],3,0},{'M',[-59;96;-288],3,[-32;3;65],2,[NaN;5;NaN],[-59;572;-36],2,[0;NaN;3]},{'M',[904;-116;-36],3,[226;-29;-33],2,[2;2;NaN],[-59;572;-36],2,[NaN;NaN;0]},{'A',[-963;-20;-252],4,[-59;96;-288],3,0,[-904;-116;36],3,0},{'M',[448;572;-132],3,[7;30;34],2,[6;NaN;NaN],[226;-29;-33],2,[NaN;NaN;2],[-59;572;-36],2,[NaN;0;NaN]},{'M',[7;6;-288],3,[7;30;34],2,[0;NaN;NaN],[-32;3;65],2,[NaN;1;NaN],[-59;572;-36],2,[NaN;NaN;3]},{'A',[455;566;156],4,[448;572;-132],3,0,[7;-6;288],3,0},{'M',[-32;-928;-528],3,[-32;3;65],2,[0;NaN;NaN],[226;-29;-33],2,[NaN;5;4]},{'M',[-59;6;130],3,[-32;3;65],2,[NaN;1;1],[-59;572;-36],2,[0;NaN;NaN]},{'A',[-91;-922;-658],4,[-32;-928;-528],3,0,[-59;6;-130],3,0},{'O',[963;20;252],4,[963;20;252],4,0},{'O',[955;808;209],4,[955;808;209],4,0},{'M',[564;211;610],4,[282;211;305],3,[1;0;1]},{'O',[564;211;610],4,[564;211;610],4,0},{'O',[91;922;658],4,[91;922;658],4,0},{'O',[455;566;156],4,[455;566;156],4,0}}
Adder graph: {{'A',[3;3;-1],1,[1;1;1],0,0,[1;1;-1],0,1},{'A',[34;30;30],1,[1;1;1],0,5,[1;-1;-1],0,1},{'M',[1;128;128],1,[1;1;1],0,[0;7;7]},{'M',[128;1;1],1,[1;1;1],0,[7;0;0]},{'A',[-1022;264;264],2,[1;128;128],1,1,[-128;1;1],1,3},{'M',[4;1;4],1,[1;1;1],0,[2;0;2]},{'A',[67;19;-65],2,[3;3;-1],1,0,[4;1;-4],1,4},{'M',[3;24;30],2,[3;3;-1],1,[0;3;NaN],[34;30;30],1,[NaN;NaN;0]},{'A',[91;211;305],3,[3;24;30],2,3,[67;19;65],2,0},{'A',[7;7;9],1,[1;1;1],0,3,[-1;-1;1],0,0},{'A',[-955;283;329],3,[-1022;264;264],2,0,[67;19;65],2,0},{'M',[7;960;-4],2,[3;3;-1],1,[NaN;NaN;2],[34;30;30],1,[NaN;5;NaN],[7;7;9],1,[0;NaN;NaN]},{'A',[141;922;126],3,[7;960;-4],2,0,[67;-19;65],2,1},{'M',[448;3;36],2,[3;3;-1],1,[NaN;0;NaN],[7;7;9],1,[6;NaN;2]},{'M',[7;7;120],2,[34;30;30],1,[NaN;NaN;2],[7;7;9],1,[0;0;NaN]},{'A',[455;10;156],3,[448;3;36],2,0,[7;7;120],2,0},{'M',[224;30;36],2,[34;30;30],1,[NaN;0;NaN],[7;7;9],1,[5;NaN;2]},{'A',[963;-101;-209],3,[67;19;-65],2,0,[224;-30;-36],2,2},{'M',[963;20;252],4,[141;922;126],3,[NaN;NaN;1],[455;10;156],3,[NaN;1;NaN],[963;-101;-209],3,[0;NaN;NaN]},{'O',[963;20;252],4,[963;20;252],4,0},{'M',[-955;-808;-209],4,[-955;283;329],3,[0;NaN;NaN],[963;-101;-209],3,[NaN;3;0]},{'O',[955;808;209],4,[955;808;209],4,0},{'M',[564;211;610],4,[91;211;305],3,[NaN;0;1],[141;922;126],3,[2;NaN;NaN]},{'O',[564;211;610],4,[564;211;610],4,0},{'M',[91;922;658],4,[91;211;305],3,[0;NaN;NaN],[-955;283;329],3,[NaN;NaN;1],[141;922;126],3,[NaN;0;NaN]},{'O',[91;922;658],4,[91;922;658],4,0},{'M',[455;566;156],4,[-955;283;329],3,[NaN;1;NaN],[455;10;156],3,[0;NaN;0]},{'O',[455;566;156],4,[455;566;156],4,0}}
Adder graph: {{'M',[256;1;1],1,[1;1;1],0,[8;0;0]},{'M',[8;1;1],1,[1;1;1],0,[3;0;0]},{'A',[480;6;-2],2,[256;1;1],1,1,[-8;1;-1],1,2},{'M',[1;16;16],1,[1;1;1],0,[0;4;4]},{'R',[1;1;1],1,[1;1;1],0},{'A',[3;14;14],2,[1;16;16],1,0,[1;-1;-1],1,1},{'A',[9;9;9],1,[1;1;1],0,0,[1;1;1],0,3},{'M',[3;14;224],3,[3;14;14],2,[0;0;4]},{'M',[960;6;28],3,[480;6;-2],2,[1;0;NaN],[3;14;14],2,[NaN;NaN;1]},{'A',[963;20;252],4,[3;14;224],3,0,[960;6;28],3,0},{'M',[1;1;32],1,[1;1;1],0,[0;0;5]},{'A',[5;13;-119],2,[9;9;9],1,0,[-1;1;-32],1,2},{'A',[135;135;153],2,[9;9;9],1,4,[-9;-9;9],1,0},{'M',[960;832;153],3,[480;6;-2],2,[1;NaN;NaN],[5;13;-119],2,[NaN;6;NaN],[135;135;153],2,[NaN;NaN;0]},{'M',[5;24;56],3,[480;6;-2],2,[NaN;2;NaN],[3;14;14],2,[NaN;NaN;2],[5;13;-119],2,[0;NaN;NaN]},{'A',[955;808;209],4,[960;832;153],3,0,[-5;-24;56],3,0},{'A',[91;461;329],3,[3;14;14],2,5,[-5;13;-119],2,0},{'M',[160;13;14],3,[3;14;14],2,[NaN;NaN;0],[5;13;-119],2,[5;0;NaN]},{'M',[135;540;-128],3,[480;6;-2],2,[NaN;NaN;6],[135;135;153],2,[0;2;NaN]},{'A',[455;566;156],4,[160;13;14],3,1,[135;540;128],3,0},{'M',[24;224;-2],3,[480;6;-2],2,[NaN;NaN;0],[3;14;14],2,[3;4;NaN]},{'M',[540;13;612],3,[5;13;-119],2,[NaN;0;NaN],[135;135;153],2,[2;NaN;2]},{'A',[564;211;610],4,[24;224;-2],3,0,[540;-13;612],3,0},{'O',[963;20;252],4,[963;20;252],4,0},{'O',[955;808;209],4,[955;808;209],4,0},{'O',[564;211;610],4,[564;211;610],4,0},{'M',[91;922;658],4,[91;461;329],3,[0;1;1]},{'O',[91;922;658],4,[91;922;658],4,0},{'O',[455;566;156],4,[455;566;156],4,0}}
Adder graph: {{'A',[33;33;33],1,[1;1;1],0,5,[1;1;1],0,0},{'R',[1;1;1],1,[1;1;1],0},{'M',[1;1;128],1,[1;1;1],0,[0;0;7]},{'A',[7;9;-120],2,[1;1;1],1,3,[-1;1;-128],1,0},{'M',[1;1;16],1,[1;1;1],0,[0;0;4]},{'M',[1;64;1],1,[1;1;1],0,[0;6;0]},{'A',[12;264;132],2,[1;1;16],1,3,[1;64;1],1,2},{'A',[67;67;65],2,[33;33;33],1,1,[1;1;-1],1,0},{'M',[536;67;130],3,[67;67;65],2,[3;0;1]},{'M',[7;36;-120],3,[7;9;-120],2,[0;2;0]},{'A',[564;211;610],4,[536;67;130],3,0,[7;36;120],3,2},{'M',[128;1;1],1,[1;1;1],0,[7;0;0]},{'M',[1;1;32],1,[1;1;1],0,[0;0;5]},{'A',[511;5;36],2,[128;1;1],1,2,[-1;1;32],1,0},{'M',[67;40;288],3,[67;67;65],2,[0;NaN;NaN],[511;5;36],2,[NaN;3;3]},{'M',[896;20;36],3,[7;9;-120],2,[7;NaN;NaN],[511;5;36],2,[NaN;2;0]},{'A',[963;20;252],4,[67;40;288],3,0,[896;-20;-36],3,0},{'M',[448;576;36],3,[7;9;-120],2,[6;6;NaN],[511;5;36],2,[NaN;NaN;0]},{'M',[7;10;-120],3,[7;9;-120],2,[0;NaN;0],[511;5;36],2,[NaN;1;NaN]},{'A',[455;566;156],4,[448;576;36],3,0,[7;-10;120],3,0},{'A',[91;461;329],3,[12;264;132],2,1,[67;-67;65],2,0},{'M',[511;536;72],3,[67;67;65],2,[NaN;3;NaN],[511;5;36],2,[0;NaN;1]},{'M',[67;264;65],3,[12;264;132],2,[NaN;0;NaN],[67;67;65],2,[0;NaN;0]},{'A',[955;808;209],4,[511;536;72],3,1,[-67;-264;65],3,0},{'O',[963;20;252],4,[963;20;252],4,0},{'O',[955;808;209],4,[955;808;209],4,0},{'O',[564;211;610],4,[564;211;610],4,0},{'M',[91;922;658],4,[91;461;329],3,[0;1;1]},{'O',[91;922;658],4,[91;922;658],4,0},{'O',[455;566;156],4,[455;566;156],4,0}}
Adder graph: {{'A',[15;15;17],1,[1;1;1],0,4,[-1;-1;1],0,0},{'A',[7;9;9],1,[1;1;1],0,3,[-1;1;1],0,0},{'A',[3;3;5],1,[1;1;1],0,2,[-1;-1;1],0,0},{'A',[5;5;3],1,[1;1;1],0,2,[1;1;-1],0,0},{'M',[3;9;20],2,[7;9;9],1,[NaN;0;NaN],[3;3;5],1,[0;NaN;2]},{'M',[5;5;18],2,[7;9;9],1,[NaN;NaN;1],[5;5;3],1,[0;0;NaN]},{'A',[91;283;658],3,[3;9;20],2,5,[-5;-5;18],2,0},{'M',[8;8;1],1,[1;1;1],0,[3;3;0]},{'A',[226;226;66],2,[8;8;1],1,5,[-15;-15;17],1,1},{'M',[960;15;17],2,[15;15;17],1,[6;0;0]},{'M',[5;5;192],2,[5;5;3],1,[0;0;6]},{'A',[955;20;209],3,[960;15;17],2,0,[-5;5;192],2,0},{'M',[56;15;544],2,[15;15;17],1,[NaN;0;5],[7;9;9],1,[3;NaN;NaN]},{'A',[282;211;610],3,[226;226;66],2,0,[56;-15;544],2,0},{'M',[3;9;24],2,[7;9;9],1,[NaN;0;NaN],[3;3;5],1,[0;NaN;NaN],[5;5;3],1,[NaN;NaN;3]},{'A',[455;461;156],3,[226;226;66],2,1,[3;9;24],2,0},{'M',[3;192;320],2,[3;3;5],1,[0;6;6]},{'M',[480;5;34],2,[15;15;17],1,[5;NaN;1],[5;5;3],1,[NaN;0;NaN]},{'A',[963;202;252],3,[3;192;320],2,0,[480;5;-34],2,1},{'M',[963;20;252],4,[955;20;209],3,[NaN;0;NaN],[963;202;252],3,[0;NaN;0]},{'O',[963;20;252],4,[963;20;252],4,0},{'M',[955;808;209],4,[955;20;209],3,[0;NaN;0],[963;202;252],3,[NaN;2;NaN]},{'O',[955;808;209],4,[955;808;209],4,0},{'M',[564;211;610],4,[282;211;610],3,[1;0;0]},{'O',[564;211;610],4,[564;211;610],4,0},{'M',[91;922;658],4,[91;283;658],3,[0;NaN;0],[455;461;156],3,[NaN;1;NaN]},{'O',[91;922;658],4,[91;922;658],4,0},{'M',[455;566;156],4,[91;283;658],3,[NaN;1;NaN],[455;461;156],3,[0;NaN;0]},{'O',[455;566;156],4,[455;566;156],4,0}}
Finished solving after 259194 seconds
Adder graph: {{'A',[15;15;17],1,[1;1;1],0,4,[-1;-1;1],0,0},{'A',[7;9;9],1,[1;1;1],0,3,[-1;1;1],0,0},{'A',[3;3;5],1,[1;1;1],0,2,[-1;-1;1],0,0},{'A',[5;5;3],1,[1;1;1],0,2,[1;1;-1],0,0},{'M',[3;9;20],2,[7;9;9],1,[NaN;0;NaN],[3;3;5],1,[0;NaN;2]},{'M',[5;5;18],2,[7;9;9],1,[NaN;NaN;1],[5;5;3],1,[0;0;NaN]},{'A',[91;283;658],3,[3;9;20],2,5,[-5;-5;18],2,0},{'M',[8;8;1],1,[1;1;1],0,[3;3;0]},{'A',[226;226;66],2,[8;8;1],1,5,[-15;-15;17],1,1},{'M',[960;15;17],2,[15;15;17],1,[6;0;0]},{'M',[5;5;192],2,[5;5;3],1,[0;0;6]},{'A',[955;20;209],3,[960;15;17],2,0,[-5;5;192],2,0},{'M',[56;15;544],2,[15;15;17],1,[NaN;0;5],[7;9;9],1,[3;NaN;NaN]},{'A',[282;211;610],3,[226;226;66],2,0,[56;-15;544],2,0},{'M',[3;9;24],2,[7;9;9],1,[NaN;0;NaN],[3;3;5],1,[0;NaN;NaN],[5;5;3],1,[NaN;NaN;3]},{'A',[455;461;156],3,[226;226;66],2,1,[3;9;24],2,0},{'M',[3;192;320],2,[3;3;5],1,[0;6;6]},{'M',[480;5;34],2,[15;15;17],1,[5;NaN;1],[5;5;3],1,[NaN;0;NaN]},{'A',[963;202;252],3,[3;192;320],2,0,[480;5;-34],2,1},{'M',[963;20;252],4,[955;20;209],3,[NaN;0;NaN],[963;202;252],3,[0;NaN;0]},{'O',[963;20;252],4,[963;20;252],4,0},{'M',[955;808;209],4,[955;20;209],3,[0;NaN;0],[963;202;252],3,[NaN;2;NaN]},{'O',[955;808;209],4,[955;808;209],4,0},{'M',[564;211;610],4,[282;211;610],3,[1;0;0]},{'O',[564;211;610],4,[564;211;610],4,0},{'M',[91;922;658],4,[91;283;658],3,[0;NaN;0],[455;461;156],3,[NaN;1;NaN]},{'O',[91;922;658],4,[91;922;658],4,0},{'M',[455;566;156],4,[91;283;658],3,[NaN;1;NaN],[455;461;156],3,[0;NaN;0]},{'O',[455;566;156],4,[455;566;156],4,0}}
# Add optimal = 1
# Mux optimal = 0
# Mux registers optimal = 0
# FAs optimal = 0
