Adder graph: {{'A',[0,0,1,2],1,0,[0,0,0,1],0,1,[0,0,1,0],0,0},{'A',[1,-2,0,0],1,0,[1,0,0,0],0,0,[0,-1,0,0],0,1},{'A',[2,-4,0,1],2,0,[1,-2,0,0],1,1,[0,0,0,1],0,0},{'A',[1,0,-8,-16],2,0,[1,0,0,0],0,0,[0,0,-1,-2],1,3},{'A',[15,-32,8,24],3,0,[2,-4,0,1],2,3,[-1,0,8,16],2,0},{'A',[-13,28,-8,-23],4,0,[2,-4,0,1],2,0,[-15,32,-8,-24],3,0},{'O',[-13,28,-8,-23],4,[-13,28,-8,-23],4,0}}
Adder graph: {{'A',[-1,2,0,0],1,0,[0,1,0,0],0,1,[-1,0,0,0],0,0},{'A',[2,-4,0,1],2,0,[0,0,0,1],0,0,[1,-2,0,0],1,1},{'A',[2,-4,0,3],3,0,[0,0,0,1],0,1,[2,-4,0,1],2,0},{'A',[3,-4,0,1],3,0,[2,-4,0,1],2,0,[1,0,0,0],0,0},{'A',[2,-4,1,3],4,0,[0,0,1,0],0,0,[2,-4,0,3],3,0},{'A',[-13,28,-8,-23],5,0,[3,-4,0,1],3,0,[-2,4,-1,-3],4,3},{'O',[-13,28,-8,-23],5,[-13,28,-8,-23],5,0}}
Adder graph: {{'A',[1,0,-8,0],1,0,[1,0,0,0],0,0,[0,0,-1,0],0,3},{'A',[1,0,-8,-16],2,0,[1,0,-8,0],1,0,[0,0,0,-1],0,4},{'A',[2,0,0,1],1,0,[0,0,0,1],0,0,[1,0,0,0],0,1},{'A',[2,-4,0,1],2,0,[2,0,0,1],1,0,[0,-1,0,0],0,2},{'A',[3,-4,-8,-15],3,0,[2,-4,0,1],2,0,[1,0,-8,-16],2,0},{'A',[13,-28,8,23],4,0,[2,-4,0,1],2,3,[-3,4,8,15],3,0},{'O',[-13,28,-8,-23],4,[-13,28,-8,-23],4,0}}
Adder graph: {{'A',[2,0,0,1],1,0,[1,0,0,0],0,1,[0,0,0,1],0,0},{'A',[-1,0,8,0],1,0,[0,0,1,0],0,3,[-1,0,0,0],0,0},{'A',[2,-4,0,1],2,0,[2,0,0,1],1,0,[0,-1,0,0],0,2},{'A',[-3,4,8,-1],3,0,[-1,0,8,0],1,0,[-2,4,0,-1],2,0},{'A',[-3,4,8,15],4,0,[0,0,0,1],0,4,[-3,4,8,-1],3,0},{'A',[13,-28,8,23],5,0,[2,-4,0,1],2,3,[-3,4,8,15],4,0},{'O',[-13,28,-8,-23],5,[-13,28,-8,-23],5,0}}
Adder graph: {{'A',[2,0,0,1],1,0,[0,0,0,1],0,0,[1,0,0,0],0,1},{'A',[2,-4,0,1],2,0,[2,0,0,1],1,0,[0,-1,0,0],0,2},{'A',[3,-4,0,1],3,0,[1,0,0,0],0,0,[2,-4,0,1],2,0},{'A',[3,-4,-8,1],4,0,[3,-4,0,1],3,0,[0,0,-1,0],0,3},{'A',[-13,28,-8,-7],5,0,[3,-4,-8,1],4,0,[-2,4,0,-1],2,3},{'A',[-13,28,-8,-23],6,0,[-13,28,-8,-7],5,0,[0,0,0,-1],0,4},{'O',[-13,28,-8,-23],6,[-13,28,-8,-23],6,0}}
Adder graph: {{'A',[2,0,0,1],1,0,[0,0,0,1],0,0,[1,0,0,0],0,1},{'A',[2,-4,0,1],2,0,[2,0,0,1],1,0,[0,-1,0,0],0,2},{'A',[3,-4,0,1],3,0,[1,0,0,0],0,0,[2,-4,0,1],2,0},{'A',[3,-4,-8,1],4,0,[3,-4,0,1],3,0,[0,0,-1,0],0,3},{'A',[3,-4,-8,-15],5,0,[3,-4,-8,1],4,0,[0,0,0,-1],0,4},{'A',[-13,28,-8,-23],6,0,[3,-4,-8,-15],5,0,[-2,4,0,-1],2,3},{'O',[-13,28,-8,-23],6,[-13,28,-8,-23],6,0}}
Finished solving after 37981.7 seconds
Adder graph: {{'A',[2,0,0,1],1,0,[0,0,0,1],0,0,[1,0,0,0],0,1},{'A',[2,-4,0,1],2,0,[2,0,0,1],1,0,[0,-1,0,0],0,2},{'A',[3,-4,0,1],3,0,[1,0,0,0],0,0,[2,-4,0,1],2,0},{'A',[3,-4,-8,1],4,0,[3,-4,0,1],3,0,[0,0,-1,0],0,3},{'A',[3,-4,-8,-15],5,0,[3,-4,-8,1],4,0,[0,0,0,-1],0,4},{'A',[-13,28,-8,-23],6,0,[3,-4,-8,-15],5,0,[-2,4,0,-1],2,3},{'O',[-13,28,-8,-23],6,[-13,28,-8,-23],6,0}}
#Add optimal = 1
#FAs optimal = 1
