Adder graph: {{'A',[0,1,1,0],1,0,[0,0,1,0],0,0,[0,1,0,0],0,0},{'A',[1,0,0,1],1,0,[0,0,0,1],0,0,[1,0,0,0],0,0},{'A',[-1,0,16,-1],2,0,[0,0,1,0],0,4,[-1,0,0,-1],1,0},{'A',[1,1,-16,1],3,0,[0,1,0,0],0,0,[1,0,-16,1],2,0},{'A',[0,8,8,1],2,0,[0,0,0,1],0,0,[0,1,1,0],1,3},{'A',[2,10,-24,3],4,0,[0,8,8,1],2,0,[1,1,-16,1],3,1},{'A',[-30,10,-24,-29],5,0,[2,10,-24,3],4,0,[-1,0,0,-1],1,5},{'O',[-30,10,-24,-29],5,[-30,10,-24,-29],5,0}}
Adder graph: {{'A',[0,-1,16,0],1,0,[0,0,1,0],0,4,[0,-1,0,0],0,0},{'A',[1,0,0,1],1,0,[1,0,0,0],0,0,[0,0,0,1],0,0},{'A',[2,0,0,3],2,0,[1,0,0,1],1,1,[0,0,0,1],0,0},{'A',[2,8,0,3],3,0,[2,0,0,3],2,0,[0,1,0,0],0,3},{'A',[2,8,8,3],4,0,[2,8,0,3],3,0,[0,0,1,0],0,3},{'A',[-2,-10,24,-3],5,0,[0,-1,16,0],1,1,[-2,-8,-8,-3],4,0},{'A',[30,-10,24,29],6,0,[1,0,0,1],1,5,[-2,-10,24,-3],5,0},{'O',[-30,10,-24,-29],6,[-30,10,-24,-29],6,0}}
Adder graph: {{'A',[0,-1,4,0],1,0,[0,0,1,0],0,2,[0,-1,0,0],0,0},{'A',[0,2,0,1],1,0,[0,1,0,0],0,1,[0,0,0,1],0,0},{'A',[0,2,8,1],2,0,[0,0,1,0],0,3,[0,2,0,1],1,0},{'A',[1,0,0,1],1,0,[1,0,0,0],0,0,[0,0,0,1],0,0},{'A',[4,-1,4,4],2,0,[0,-1,4,0],1,0,[1,0,0,1],1,2},{'A',[-15,4,-16,-15],3,0,[1,0,0,1],1,0,[-4,1,-4,-4],2,2},{'A',[-30,10,-24,-29],4,0,[-15,4,-16,-15],3,1,[0,2,8,1],2,0},{'O',[-30,10,-24,-29],4,[-30,10,-24,-29],4,0}}
Adder graph: {{'A',[0,2,0,-1],1,0,[0,1,0,0],0,1,[0,0,0,-1],0,0},{'A',[0,2,8,-1],2,0,[0,0,1,0],0,3,[0,2,0,-1],1,0},{'A',[2,2,8,-1],3,0,[0,2,8,-1],2,0,[1,0,0,0],0,1},{'A',[1,0,0,1],1,0,[0,0,0,1],0,0,[1,0,0,0],0,0},{'A',[2,-1,0,2],2,0,[1,0,0,1],1,1,[0,-1,0,0],0,0},{'A',[2,-6,-24,3],4,0,[2,2,8,-1],3,0,[0,-2,-8,1],2,2},{'A',[-30,10,-24,-29],5,0,[2,-6,-24,3],4,0,[-2,1,0,-2],2,4},{'O',[-30,10,-24,-29],5,[-30,10,-24,-29],5,0}}
Adder graph: {{'A',[0,4,0,1],1,0,[0,0,0,1],0,0,[0,1,0,0],0,2},{'A',[-1,1,0,0],1,0,[0,1,0,0],0,0,[-1,0,0,0],0,0},{'A',[0,4,-8,1],2,0,[0,4,0,1],1,0,[0,0,-1,0],0,3},{'A',[-1,-3,8,-1],3,0,[-1,1,0,0],1,0,[0,-4,8,-1],2,0},{'A',[-32,4,-8,1],3,0,[0,4,-8,1],2,0,[-1,0,0,0],0,5},{'A',[-1,-3,8,15],4,0,[-1,-3,8,-1],3,0,[0,0,0,1],0,4},{'A',[30,-10,24,29],5,0,[-1,-3,8,15],4,1,[32,-4,8,-1],3,0},{'O',[-30,10,-24,-29],5,[-30,10,-24,-29],5,0}}
Adder graph: {{'A',[0,0,-3,0],1,0,[0,0,1,0],0,0,[0,0,-1,0],0,2},{'A',[1,0,0,1],1,0,[1,0,0,0],0,0,[0,0,0,1],0,0},{'A',[1,1,0,1],2,0,[0,1,0,0],0,0,[1,0,0,1],1,0},{'A',[1,5,0,1],3,0,[1,1,0,1],2,0,[0,1,0,0],0,2},{'A',[-32,0,0,-31],2,0,[0,0,0,1],0,0,[-1,0,0,-1],1,5},{'A',[-32,0,-24,-31],3,0,[-32,0,0,-31],2,0,[0,0,-3,0],1,3},{'A',[-30,10,-24,-29],4,0,[-32,0,-24,-31],3,0,[1,5,0,1],3,1},{'O',[-30,10,-24,-29],4,[-30,10,-24,-29],4,0}}
Adder graph: {{'A',[0,0,1,1],1,0,[0,0,0,1],0,0,[0,0,1,0],0,0},{'A',[0,-2,0,1],1,0,[0,0,0,1],0,0,[0,-1,0,0],0,1},{'A',[-2,-2,0,1],2,0,[0,-2,0,1],1,0,[-1,0,0,0],0,1},{'A',[-2,-2,-8,-7],3,0,[-2,-2,0,1],2,0,[0,0,-1,-1],1,3},{'A',[8,-2,0,1],2,0,[0,-2,0,1],1,0,[1,0,0,0],0,3},{'A',[8,-2,8,9],3,0,[8,-2,0,1],2,0,[0,0,1,1],1,3},{'A',[30,-10,24,29],4,0,[8,-2,8,9],3,2,[-2,-2,-8,-7],3,0},{'O',[-30,10,-24,-29],4,[-30,10,-24,-29],4,0}}
Adder graph: {{'A',[0,8,0,1],1,0,[0,0,0,1],0,0,[0,1,0,0],0,3},{'A',[0,0,-3,0],1,0,[0,0,1,0],0,0,[0,0,-1,0],0,2},{'A',[0,10,0,1],2,0,[0,8,0,1],1,0,[0,1,0,0],0,1},{'A',[1,0,0,1],1,0,[0,0,0,1],0,0,[1,0,0,0],0,0},{'A',[2,10,0,3],3,0,[0,10,0,1],2,0,[1,0,0,1],1,1},{'A',[2,10,-24,3],4,0,[0,0,-3,0],1,3,[2,10,0,3],3,0},{'A',[-30,10,-24,-29],5,0,[2,10,-24,3],4,0,[-1,0,0,-1],1,5},{'O',[-30,10,-24,-29],5,[-30,10,-24,-29],5,0}}
Adder graph: {{'A',[0,-1,1,0],1,0,[0,0,1,0],0,0,[0,-1,0,0],0,0},{'A',[0,-1,3,0],2,0,[0,-1,1,0],1,0,[0,0,1,0],0,1},{'A',[1,0,0,1],1,0,[0,0,0,1],0,0,[1,0,0,0],0,0},{'A',[2,0,0,3],2,0,[0,0,0,1],0,0,[1,0,0,1],1,1},{'A',[2,2,0,3],3,0,[2,0,0,3],2,0,[0,1,0,0],0,1},{'A',[2,10,-24,3],4,0,[2,2,0,3],3,0,[0,1,-3,0],2,3},{'A',[-30,10,-24,-29],5,0,[2,10,-24,3],4,0,[-1,0,0,-1],1,5},{'O',[-30,10,-24,-29],5,[-30,10,-24,-29],5,0}}
Adder graph: {{'A',[1,0,0,1],1,0,[1,0,0,0],0,0,[0,0,0,1],0,0},{'A',[2,0,0,3],2,0,[0,0,0,1],0,0,[1,0,0,1],1,1},{'A',[0,1,1,0],1,0,[0,0,1,0],0,0,[0,1,0,0],0,0},{'A',[0,1,-3,0],2,0,[0,1,1,0],1,0,[0,0,-1,0],0,2},{'A',[2,2,0,3],3,0,[0,1,0,0],0,1,[2,0,0,3],2,0},{'A',[2,10,-24,3],4,0,[0,1,-3,0],2,3,[2,2,0,3],3,0},{'A',[-30,10,-24,-29],5,0,[2,10,-24,3],4,0,[-1,0,0,-1],1,5},{'O',[-30,10,-24,-29],5,[-30,10,-24,-29],5,0}}
Adder graph: {{'A',[1,0,0,1],1,0,[1,0,0,0],0,0,[0,0,0,1],0,0},{'A',[0,1,1,0],1,0,[0,1,0,0],0,0,[0,0,1,0],0,0},{'A',[0,1,-3,0],2,0,[0,1,1,0],1,0,[0,0,-1,0],0,2},{'A',[0,2,0,1],1,0,[0,1,0,0],0,1,[0,0,0,1],0,0},{'A',[2,2,0,3],2,0,[0,2,0,1],1,0,[1,0,0,1],1,1},{'A',[2,10,-24,3],3,0,[2,2,0,3],2,0,[0,1,-3,0],2,3},{'A',[-30,10,-24,-29],4,0,[2,10,-24,3],3,0,[-1,0,0,-1],1,5},{'O',[-30,10,-24,-29],4,[-30,10,-24,-29],4,0}}
Finished solving after 55988.3 seconds
Adder graph: {{'A',[1,0,0,1],1,0,[1,0,0,0],0,0,[0,0,0,1],0,0},{'A',[0,1,1,0],1,0,[0,1,0,0],0,0,[0,0,1,0],0,0},{'A',[0,1,-3,0],2,0,[0,1,1,0],1,0,[0,0,-1,0],0,2},{'A',[0,2,0,1],1,0,[0,1,0,0],0,1,[0,0,0,1],0,0},{'A',[2,2,0,3],2,0,[0,2,0,1],1,0,[1,0,0,1],1,1},{'A',[2,10,-24,3],3,0,[2,2,0,3],2,0,[0,1,-3,0],2,3},{'A',[-30,10,-24,-29],4,0,[2,10,-24,3],3,0,[-1,0,0,-1],1,5},{'O',[-30,10,-24,-29],4,[-30,10,-24,-29],4,0}}
#Add optimal = 1
#FAs optimal = 0
