Adder graph: {{'A',[1,0,2,0],1,0,[1,0,0,0],0,0,[0,0,1,0],0,1},{'A',[0,1,0,-1],1,0,[0,1,0,0],0,0,[0,0,0,-1],0,0},{'A',[0,1,-8,-1],2,0,[0,1,0,-1],1,0,[0,0,-1,0],0,3},{'A',[-1,2,-2,-2],2,0,[0,1,0,-1],1,1,[-1,0,-2,0],1,0},{'A',[0,1,-8,-5],3,0,[0,1,-8,-1],2,0,[0,0,0,-1],0,2},{'A',[-16,31,-24,-27],4,0,[-1,2,-2,-2],2,4,[0,-1,8,5],3,0},{'A',[-15,29,-22,-25],5,0,[-16,31,-24,-27],4,0,[1,-2,2,2],2,0},{'O',[15,-29,22,25],5,[15,-29,22,25],5,0}}
Adder graph: {{'A',[0,1,0,-1],1,0,[0,1,0,0],0,0,[0,0,0,-1],0,0},{'A',[0,-1,1,1],2,0,[0,0,1,0],0,0,[0,-1,0,1],1,0},{'A',[1,-2,2,2],3,0,[1,0,0,0],0,0,[0,-1,1,1],2,1},{'A',[0,0,2,1],1,0,[0,0,0,1],0,0,[0,0,1,0],0,1},{'A',[-15,30,-30,-30],4,0,[1,-2,2,2],3,0,[-1,2,-2,-2],3,4},{'A',[-15,30,-22,-26],5,0,[-15,30,-30,-30],4,0,[0,0,2,1],1,2},{'A',[-15,29,-22,-25],6,0,[-15,30,-22,-26],5,0,[0,-1,0,1],1,0},{'O',[15,-29,22,25],6,[15,-29,22,25],6,0}}
Adder graph: {{'A',[0,1,0,-1],1,0,[0,1,0,0],0,0,[0,0,0,-1],0,0},{'A',[1,0,2,0],1,0,[1,0,0,0],0,0,[0,0,1,0],0,1},{'A',[1,-2,2,2],2,0,[1,0,2,0],1,0,[0,-1,0,1],1,1},{'A',[-1,3,-2,-3],3,0,[0,1,0,-1],1,0,[-1,2,-2,-2],2,0},{'A',[-4,8,-8,-7],3,0,[0,0,0,1],0,0,[-1,2,-2,-2],2,2},{'A',[-1,3,-10,-3],4,0,[-1,3,-2,-3],3,0,[0,0,-1,0],0,3},{'A',[-15,29,-22,-25],5,0,[-4,8,-8,-7],3,2,[1,-3,10,3],4,0},{'O',[15,-29,22,25],5,[15,-29,22,25],5,0}}
Adder graph: {{'A',[0,1,0,-1],1,0,[0,1,0,0],0,0,[0,0,0,-1],0,0},{'A',[0,1,-8,-1],2,0,[0,1,0,-1],1,0,[0,0,-1,0],0,3},{'A',[0,1,-8,-5],3,0,[0,1,-8,-1],2,0,[0,0,0,-1],0,2},{'A',[0,1,-1,-1],2,0,[0,1,0,-1],1,0,[0,0,-1,0],0,0},{'A',[1,-2,2,2],3,0,[1,0,0,0],0,0,[0,-1,1,1],2,1},{'A',[1,-3,10,7],4,0,[1,-2,2,2],3,0,[0,-1,8,5],3,0},{'A',[-15,29,-22,-25],5,0,[1,-3,10,7],4,0,[-1,2,-2,-2],3,4},{'O',[15,-29,22,25],5,[15,-29,22,25],5,0}}
Adder graph: {{'A',[0,1,0,-1],1,0,[0,1,0,0],0,0,[0,0,0,-1],0,0},{'A',[0,0,2,1],1,0,[0,0,0,1],0,0,[0,0,1,0],0,1},{'A',[1,0,2,0],1,0,[1,0,0,0],0,0,[0,0,1,0],0,1},{'A',[0,1,-8,-5],2,0,[0,1,0,-1],1,0,[0,0,-2,-1],1,2},{'A',[1,-2,2,2],2,0,[1,0,2,0],1,0,[0,-1,0,1],1,1},{'A',[1,-3,10,7],3,0,[1,-2,2,2],2,0,[0,-1,8,5],2,0},{'A',[-15,29,-22,-25],4,0,[1,-3,10,7],3,0,[-1,2,-2,-2],2,4},{'O',[15,-29,22,25],4,[15,-29,22,25],4,0}}
Adder graph: {{'A',[0,-1,0,1],1,0,[0,0,0,1],0,0,[0,-1,0,0],0,0},{'A',[1,0,2,0],1,0,[0,0,1,0],0,1,[1,0,0,0],0,0},{'A',[1,-2,2,2],2,0,[1,0,2,0],1,0,[0,-1,0,1],1,1},{'A',[0,-1,0,5],2,0,[0,-1,0,1],1,0,[0,0,0,1],0,2},{'A',[1,-3,2,7],3,0,[1,-2,2,2],2,0,[0,-1,0,5],2,0},{'A',[1,-3,10,7],4,0,[1,-3,2,7],3,0,[0,0,1,0],0,3},{'A',[-15,29,-22,-25],5,0,[1,-3,10,7],4,0,[-1,2,-2,-2],2,4},{'O',[15,-29,22,25],5,[15,-29,22,25],5,0}}
Finished solving after 55029.6 seconds
Adder graph: {{'A',[0,-1,0,1],1,0,[0,0,0,1],0,0,[0,-1,0,0],0,0},{'A',[1,0,2,0],1,0,[0,0,1,0],0,1,[1,0,0,0],0,0},{'A',[1,-2,2,2],2,0,[1,0,2,0],1,0,[0,-1,0,1],1,1},{'A',[0,-1,0,5],2,0,[0,-1,0,1],1,0,[0,0,0,1],0,2},{'A',[1,-3,2,7],3,0,[1,-2,2,2],2,0,[0,-1,0,5],2,0},{'A',[1,-3,10,7],4,0,[1,-3,2,7],3,0,[0,0,1,0],0,3},{'A',[-15,29,-22,-25],5,0,[1,-3,10,7],4,0,[-1,2,-2,-2],2,4},{'O',[15,-29,22,25],5,[15,-29,22,25],5,0}}
#Add optimal = 1
#FAs optimal = 0
