Adder graph: {{'A',[-7,0,0,0],1,0,[1,0,0,0],0,0,[-1,0,0,0],0,3},{'A',[-7,0,-2,0],2,0,[-7,0,0,0],1,0,[0,0,-1,0],0,1},{'A',[-14,0,0,1],2,0,[-7,0,0,0],1,1,[0,0,0,1],0,0},{'A',[7,0,2,32],3,0,[0,0,0,1],0,5,[7,0,2,0],2,0},{'A',[-14,1,0,1],3,0,[-14,0,0,1],2,0,[0,1,0,0],0,0},{'A',[21,-1,2,31],4,0,[7,0,2,32],3,0,[14,-1,0,-1],3,0},{'O',[21,-1,2,31],4,[21,-1,2,31],4,0}}
Adder graph: {{'A',[1,0,2,0],1,0,[1,0,0,0],0,0,[0,0,1,0],0,1},{'A',[1,0,2,32],2,0,[0,0,0,1],0,5,[1,0,2,0],1,0},{'A',[1,0,2,31],3,0,[1,0,2,32],2,0,[0,0,0,-1],0,0},{'A',[17,0,2,31],4,0,[1,0,2,31],3,0,[1,0,0,0],0,4},{'A',[4,-1,0,0],1,0,[1,0,0,0],0,2,[0,-1,0,0],0,0},{'A',[21,-1,2,31],5,0,[4,-1,0,0],1,0,[17,0,2,31],4,0},{'O',[21,-1,2,31],5,[21,-1,2,31],5,0}}
Adder graph: {{'A',[5,0,0,0],1,0,[1,0,0,0],0,0,[1,0,0,0],0,2},{'A',[5,0,-1,0],2,0,[5,0,0,0],1,0,[0,0,-1,0],0,0},{'A',[1,0,0,1],1,0,[0,0,0,1],0,0,[1,0,0,0],0,0},{'A',[10,1,-2,0],3,0,[0,1,0,0],0,0,[5,0,-1,0],2,1},{'A',[11,1,-2,1],4,0,[10,1,-2,0],3,0,[1,0,0,1],1,0},{'A',[21,-1,2,31],5,0,[1,0,0,1],1,5,[-11,-1,2,-1],4,0},{'O',[21,-1,2,31],5,[21,-1,2,31],5,0}}
Adder graph: {{'A',[0,1,0,-32],1,0,[0,1,0,0],0,0,[0,0,0,-1],0,5},{'A',[3,0,0,0],1,0,[1,0,0,0],0,0,[1,0,0,0],0,1},{'A',[0,0,-2,1],1,0,[0,0,0,1],0,0,[0,0,-1,0],0,1},{'A',[3,0,-2,1],2,0,[3,0,0,0],1,0,[0,0,-2,1],1,0},{'A',[21,0,2,-1],3,0,[3,0,0,0],1,3,[-3,0,2,-1],2,0},{'A',[-21,1,-2,-31],4,0,[0,1,0,-32],1,0,[-21,0,-2,1],3,0},{'O',[21,-1,2,31],4,[21,-1,2,31],4,0}}
Adder graph: {{'A',[0,0,2,-1],1,0,[0,0,1,0],0,1,[0,0,0,-1],0,0},{'A',[0,-1,2,-1],2,0,[0,0,2,-1],1,0,[0,-1,0,0],0,0},{'A',[0,-1,2,31],3,0,[0,-1,2,-1],2,0,[0,0,0,1],0,5},{'A',[3,0,0,0],1,0,[1,0,0,0],0,0,[1,0,0,0],0,1},{'A',[24,-1,2,31],4,0,[0,-1,2,31],3,0,[3,0,0,0],1,3},{'A',[-21,1,-2,-31],5,0,[3,0,0,0],1,0,[-24,1,-2,-31],4,0},{'O',[21,-1,2,31],5,[21,-1,2,31],5,0}}
Adder graph: {{'A',[-4,0,0,1],1,0,[0,0,0,1],0,0,[-1,0,0,0],0,2},{'A',[5,0,0,-1],2,0,[1,0,0,0],0,0,[4,0,0,-1],1,0},{'A',[-5,1,0,1],3,0,[0,1,0,0],0,0,[-5,0,0,1],2,0},{'A',[8,0,1,0],1,0,[0,0,1,0],0,0,[1,0,0,0],0,3},{'A',[21,-1,2,-1],4,0,[8,0,1,0],1,1,[5,-1,0,-1],3,0},{'A',[21,-1,2,31],5,0,[0,0,0,1],0,5,[21,-1,2,-1],4,0},{'O',[21,-1,2,31],5,[21,-1,2,31],5,0}}
Adder graph: {{'A',[0,1,0,1],1,0,[0,0,0,1],0,0,[0,1,0,0],0,0},{'A',[0,1,0,-31],2,0,[0,1,0,1],1,0,[0,0,0,-1],0,5},{'A',[-3,0,0,0],1,0,[1,0,0,0],0,0,[-1,0,0,0],0,2},{'A',[-24,1,0,-31],3,0,[-3,0,0,0],1,3,[0,1,0,-31],2,0},{'A',[-3,0,2,0],2,0,[0,0,1,0],0,1,[-3,0,0,0],1,0},{'A',[-21,1,-2,-31],4,0,[-24,1,0,-31],3,0,[3,0,-2,0],2,0},{'O',[21,-1,2,31],4,[21,-1,2,31],4,0}}
Adder graph: {{'A',[-4,0,0,1],1,0,[0,0,0,1],0,0,[-1,0,0,0],0,2},{'A',[1,-1,0,0],1,0,[1,0,0,0],0,0,[0,-1,0,0],0,0},{'A',[1,-1,2,0],2,0,[0,0,1,0],0,1,[1,-1,0,0],1,0},{'A',[-20,0,0,1],2,0,[-4,0,0,1],1,0,[-1,0,0,0],0,4},{'A',[-20,0,0,-31],3,0,[-20,0,0,1],2,0,[0,0,0,-1],0,5},{'A',[21,-1,2,31],4,0,[1,-1,2,0],2,0,[20,0,0,31],3,0},{'O',[21,-1,2,31],4,[21,-1,2,31],4,0}}
Adder graph: {{'A',[-1,0,0,1],1,0,[0,0,0,1],0,0,[-1,0,0,0],0,0},{'A',[-1,1,0,1],2,0,[-1,0,0,1],1,0,[0,1,0,0],0,0},{'A',[-5,1,0,1],3,0,[-1,1,0,1],2,0,[-1,0,0,0],0,2},{'A',[5,-1,2,-1],4,0,[0,0,1,0],0,1,[5,-1,0,-1],3,0},{'A',[21,-1,2,-1],5,0,[5,-1,2,-1],4,0,[1,0,0,0],0,4},{'A',[21,-1,2,31],6,0,[21,-1,2,-1],5,0,[0,0,0,1],0,5},{'O',[21,-1,2,31],6,[21,-1,2,31],6,0}}
Adder graph: {{'A',[2,1,0,0],1,0,[0,1,0,0],0,0,[1,0,0,0],0,1},{'A',[1,0,0,1],1,0,[0,0,0,1],0,0,[1,0,0,0],0,0},{'A',[3,1,0,1],2,0,[2,1,0,0],1,0,[1,0,0,1],1,0},{'A',[3,1,-2,1],3,0,[3,1,0,1],2,0,[0,0,-1,0],0,1},{'A',[11,1,-2,1],4,0,[3,1,-2,1],3,0,[1,0,0,0],0,3},{'A',[-21,1,-2,-31],5,0,[11,1,-2,1],4,0,[-1,0,0,-1],1,5},{'O',[21,-1,2,31],5,[21,-1,2,31],5,0}}
Adder graph: {{'A',[1,0,0,1],1,0,[0,0,0,1],0,0,[1,0,0,0],0,0},{'A',[1,0,-1,0],1,0,[1,0,0,0],0,0,[0,0,-1,0],0,0},{'A',[1,1,0,1],2,0,[1,0,0,1],1,0,[0,1,0,0],0,0},{'A',[3,1,-2,1],3,0,[1,1,0,1],2,0,[1,0,-1,0],1,1},{'A',[11,1,-2,1],4,0,[3,1,-2,1],3,0,[1,0,0,0],0,3},{'A',[-21,1,-2,-31],5,0,[11,1,-2,1],4,0,[-1,0,0,-1],1,5},{'O',[21,-1,2,31],5,[21,-1,2,31],5,0}}
Finished solving after 10189.9 seconds
Adder graph: {{'A',[1,0,0,1],1,0,[0,0,0,1],0,0,[1,0,0,0],0,0},{'A',[1,0,-1,0],1,0,[1,0,0,0],0,0,[0,0,-1,0],0,0},{'A',[1,1,0,1],2,0,[1,0,0,1],1,0,[0,1,0,0],0,0},{'A',[3,1,-2,1],3,0,[1,1,0,1],2,0,[1,0,-1,0],1,1},{'A',[11,1,-2,1],4,0,[3,1,-2,1],3,0,[1,0,0,0],0,3},{'A',[-21,1,-2,-31],5,0,[11,1,-2,1],4,0,[-1,0,0,-1],1,5},{'O',[21,-1,2,31],5,[21,-1,2,31],5,0}}
#Add optimal = 1
#FAs optimal = 1
