Adder graph: {{'R',[1;1;1],1,[1;1;1],0},{'M',[1;4;8],1,[1;1;1],0,[0;2;3]},{'A',[17;65;-127],2,[1;1;1],1,0,[1;4;-8],1,4},{'M',[17;520;-2032],3,[17;65;-127],2,[0;3;4]},{'M',[272;65;-4064],3,[17;65;-127],2,[4;0;5]},{'A',[-255;455;2032],4,[17;520;-2032],3,0,[-272;-65;4064],3,0},{'A',[48;16;48],1,[1;1;1],0,5,[1;-1;1],0,4},{'M',[1;2;32],1,[1;1;1],0,[0;1;5]},{'M',[4;1;2],1,[1;1;1],0,[2;0;1]},{'A',[-3;1;34],2,[1;2;32],1,0,[-4;-1;2],1,0},{'M',[48;64;48],2,[48;16;48],1,[0;2;0]},{'A',[36;60;-88],3,[48;64;48],2,0,[-3;-1;-34],2,2},{'M',[1024;1;512],1,[1;1;1],0,[10;0;9]},{'A',[1072;17;-464],2,[48;16;48],1,0,[1024;1;-512],1,0},{'M',[16;16;1],1,[1;1;1],0,[4;4;0]},{'M',[4;1;4],1,[1;1;1],0,[2;0;2]},{'A',[20;15;-3],2,[16;16;1],1,0,[4;-1;-4],1,0},{'M',[1;64;256],1,[1;1;1],0,[0;6;8]},{'M',[128;1;1],1,[1;1;1],0,[7;0;0]},{'A',[130;127;513],2,[1;64;256],1,1,[128;-1;1],1,0},{'A',[1410;-833;705],3,[130;127;513],2,0,[20;-15;3],2,6},{'M',[136;544;-464],3,[17;65;-127],2,[3;NaN;NaN],[1072;17;-464],2,[NaN;5;0]},{'M',[2144;254;-127],3,[17;65;-127],2,[NaN;NaN;0],[1072;17;-464],2,[1;NaN;NaN],[130;127;513],2,[NaN;1;NaN]},{'A',[-2008;798;-337],4,[136;544;-464],3,0,[-2144;254;127],3,0},{'M',[320;508;-3],3,[20;15;-3],2,[4;NaN;0],[130;127;513],2,[NaN;2;NaN]},{'M',[34;17;-464],3,[17;65;-127],2,[1;NaN;NaN],[1072;17;-464],2,[NaN;0;0]},{'A',[286;491;461],4,[320;508;-3],3,0,[-34;-17;464],3,0},{'M',[1072;480;-12],3,[1072;17;-464],2,[0;NaN;NaN],[20;15;-3],2,[NaN;5;2]},{'A',[338;-353;693],4,[1410;-833;705],3,0,[-1072;480;-12],3,0},{'R',[1410;-833;705],4,[1410;-833;705],3},{'A',[848;662;583],5,[286;491;461],4,-1,[1410;833;705],4,-1},{'M',[36;60;705],4,[36;60;-88],3,[0;0;NaN],[1410;-833;705],3,[NaN;NaN;0]},{'A',[1022;429;521],5,[36;60;705],4,-1,[2008;798;337],4,-1},{'M',[-255;-706;-337],5,[-255;455;2032],4,[0;NaN;NaN],[-2008;798;-337],4,[NaN;NaN;0],[338;-353;693],4,[NaN;1;NaN]},{'O',[255;706;337],5,[255;706;337],5,0},{'O',[848;662;583],5,[848;662;583],5,0},{'O',[1022;429;521],5,[1022;429;521],5,0},{'M',[338;491;461],5,[286;491;461],4,[NaN;0;0],[338;-353;693],4,[0;NaN;NaN]},{'O',[338;491;461],5,[338;491;461],5,0},{'M',[572;455;693],5,[-255;455;2032],4,[NaN;0;NaN],[286;491;461],4,[1;NaN;NaN],[338;-353;693],4,[NaN;NaN;0]},{'O',[572;455;693],5,[572;455;693],5,0}}
Adder graph: {{'M',[4;4;1],1,[1;1;1],0,[2;2;0]},{'M',[1;16;1],1,[1;1;1],0,[0;4;0]},{'A',[-4;-124;-7],2,[4;4;1],1,0,[-1;-16;-1],1,3},{'A',[3;3;3],1,[1;1;1],0,1,[1;1;1],0,0},{'A',[2;19;2],2,[3;3;3],1,0,[-1;16;-1],1,0},{'M',[1;4;4],1,[1;1;1],0,[0;2;2]},{'A',[-1;-13;-13],2,[3;3;3],1,0,[-1;-4;-4],1,2},{'M',[1;8;2],1,[1;1;1],0,[0;3;1]},{'M',[1;1;2],1,[1;1;1],0,[0;0;1]},{'A',[62;510;132],2,[1;8;2],1,6,[-1;-1;2],1,1},{'M',[1;2;4],1,[1;1;1],0,[0;1;2]},{'M',[64;1;2],1,[1;1;1],0,[6;0;1]},{'A',[68;7;18],2,[1;2;4],1,2,[64;-1;2],1,0},{'A',[276;152;79],3,[68;7;18],2,2,[4;124;7],2,0},{'M',[12;3;6],2,[3;3;3],1,[2;0;1]},{'A',[26;13;14],3,[2;19;2],2,0,[12;-3;6],2,1},{'M',[-256;510;576],3,[-4;-124;-7],2,[6;NaN;NaN],[62;510;132],2,[NaN;0;NaN],[68;7;18],2,[NaN;NaN;5]},{'M',[-1;1216;-7],3,[-4;-124;-7],2,[NaN;NaN;0],[2;19;2],2,[NaN;6;NaN],[-1;-13;-13],2,[0;NaN;NaN]},{'A',[-255;-706;583],4,[-256;510;576],3,0,[1;-1216;7],3,0},{'M',[-16;-13;-13],3,[-1;-13;-13],2,[4;0;0]},{'A',[848;429;461],4,[26;13;14],3,5,[16;13;13],3,0},{'M',[62;510;-416],3,[-1;-13;-13],2,[NaN;NaN;5],[62;510;132],2,[0;0;NaN]},{'A',[338;662;-337],4,[62;510;-416],3,0,[276;152;79],3,0},{'M',[384;3;3],2,[3;3;3],1,[7;0;0]},{'A',[352;307;-29],3,[384;3;3],2,0,[-2;19;-2],2,4},{'M',[276;26;-232],4,[276;152;79],3,[0;NaN;NaN],[26;13;14],3,[NaN;1;NaN],[352;307;-29],3,[NaN;NaN;3]},{'A',[572;455;693],5,[848;429;461],4,0,[-276;26;232],4,0},{'M',[-1;510;-7],3,[-4;-124;-7],2,[NaN;NaN;0],[-1;-13;-13],2,[0;NaN;NaN],[62;510;132],2,[NaN;0;NaN]},{'M',[-512;19;528],3,[-4;-124;-7],2,[7;NaN;NaN],[2;19;2],2,[NaN;0;NaN],[62;510;132],2,[NaN;NaN;2]},{'A',[511;491;521],4,[-1;510;-7],3,0,[512;-19;528],3,0},{'M',[-255;-706;-337],5,[-255;-706;583],4,[0;0;NaN],[338;662;-337],4,[NaN;NaN;0]},{'O',[255;706;337],5,[255;706;337],5,0},{'M',[848;662;583],5,[-255;-706;583],4,[NaN;NaN;0],[848;429;461],4,[0;NaN;NaN],[338;662;-337],4,[NaN;0;NaN]},{'O',[848;662;583],5,[848;662;583],5,0},{'M',[1022;429;521],5,[848;429;461],4,[NaN;0;NaN],[511;491;521],4,[1;NaN;0]},{'O',[1022;429;521],5,[1022;429;521],5,0},{'M',[338;491;461],5,[848;429;461],4,[NaN;NaN;0],[338;662;-337],4,[0;NaN;NaN],[511;491;521],4,[NaN;0;NaN]},{'O',[338;491;461],5,[338;491;461],5,0},{'O',[572;455;693],5,[572;455;693],5,0}}
Adder graph: {{'A',[36;28;28],1,[1;1;1],0,5,[1;-1;-1],0,2},{'A',[65;65;65],1,[1;1;1],0,0,[1;1;1],0,6},{'A',[3;3;-1],1,[1;1;1],0,0,[1;1;-1],0,1},{'M',[36;28;130],2,[36;28;28],1,[0;0;NaN],[65;65;65],1,[NaN;NaN;1]},{'M',[1040;12;-1],2,[65;65;65],1,[4;NaN;NaN],[3;3;-1],1,[NaN;2;0]},{'A',[2192;884;4161],3,[36;28;130],2,5,[1040;-12;1],2,0},{'M',[1;2;1],1,[1;1;1],0,[0;1;0]},{'M',[4;4;1],1,[1;1;1],0,[2;2;0]},{'A',[20;36;17],2,[1;2;1],1,4,[4;4;1],1,0},{'M',[256;1;1],1,[1;1;1],0,[8;0;0]},{'A',[832;-447;449],2,[256;1;1],1,0,[36;-28;28],1,4},{'M',[65;130;65],2,[65;65;65],1,[0;1;0]},{'A',[255;706;337],3,[20;36;17],2,4,[-65;130;65],2,0},{'A',[585;-455;-455],2,[65;65;65],1,0,[65;-65;-65],1,3},{'M',[832;-455;449],3,[832;-447;449],2,[0;NaN;0],[585;-455;-455],2,[NaN;0;NaN]},{'M',[1170;36;-910],3,[20;36;17],2,[NaN;0;NaN],[585;-455;-455],2,[1;NaN;1]},{'A',[-338;-491;-461],4,[832;-455;449],3,0,[-1170;-36;-910],3,0},{'A',[-164;-164;-292],2,[3;3;-1],1,5,[-65;-65;-65],1,2},{'M',[1170;-455;-3640],3,[585;-455;-455],2,[1;0;3]},{'A',[1022;429;521],4,[2192;884;4161],3,0,[-1170;-455;-3640],3,0},{'M',[32;1;1],1,[1;1;1],0,[5;0;0]},{'A',[252;-244;-244],2,[32;1;1],1,4,[-65;-65;-65],1,2},{'M',[252;-455;449],3,[832;-447;449],2,[NaN;NaN;0],[585;-455;-455],2,[NaN;0;NaN],[252;-244;-244],2,[0;NaN;NaN]},{'M',[320;-910;-244],3,[20;36;17],2,[4;NaN;NaN],[585;-455;-455],2,[NaN;1;NaN],[252;-244;-244],2,[NaN;NaN;0]},{'A',[572;455;693],4,[252;-455;449],3,0,[320;910;244],3,0},{'M',[96;3;-1],2,[3;3;-1],1,[5;0;0]},{'A',[-424;-331;-583],3,[-164;-164;-292],2,1,[-96;-3;1],2,0},{'R',[255;706;337],4,[255;706;337],3},{'O',[255;706;337],4,[255;706;337],4,0},{'M',[-848;-662;-583],4,[-424;-331;-583],3,[1;1;0]},{'O',[848;662;583],4,[848;662;583],4,0},{'O',[1022;429;521],4,[1022;429;521],4,0},{'O',[338;491;461],4,[338;491;461],4,0},{'O',[572;455;693],4,[572;455;693],4,0}}
Adder graph: {{'A',[15;15;15],1,[1;1;1],0,4,[-1;-1;-1],0,0},{'M',[4;2;1],1,[1;1;1],0,[2;1;0]},{'A',[1;-7;-11],2,[4;2;1],1,2,[-15;-15;-15],1,0},{'A',[8;24;8],1,[1;1;1],0,4,[-1;1;-1],0,3},{'M',[8;192;8],2,[8;24;8],1,[0;3;0]},{'A',[-7;185;-19],3,[1;-7;-11],2,0,[-8;192;-8],2,0},{'M',[15;60;960],2,[15;15;15],1,[0;2;6]},{'M',[8;384;256],2,[8;24;8],1,[0;4;5]},{'A',[7;-324;704],3,[15;60;960],2,0,[-8;-384;-256],2,0},{'M',[1;1;8],1,[1;1;1],0,[0;0;3]},{'M',[1;1;4],1,[1;1;1],0,[0;0;2]},{'A',[-31;33;-120],2,[1;1;8],1,0,[-1;1;-4],1,5},{'M',[-248;-7;-11],3,[1;-7;-11],2,[NaN;0;0],[-31;33;-120],2,[3;NaN;NaN]},{'A',[-255;-331;693],4,[-248;-7;-11],3,0,[-7;-324;704],3,0},{'A',[135;135;135],2,[15;15;15],1,0,[15;15;15],1,3},{'A',[263;-761;-1543],3,[1;-7;-11],2,7,[135;135;-135],2,0},{'M',[16;1;1],1,[1;1;1],0,[4;0;0]},{'A',[-176;244;-236],2,[16;1;1],1,2,[-15;15;-15],1,4},{'M',[-124;135;-480],3,[-31;33;-120],2,[2;NaN;2],[135;135;135],2,[NaN;0;NaN]},{'A',[511;-491;-583],4,[263;-761;-1543],3,0,[124;135;480],3,1},{'M',[-176;244;540],3,[135;135;135],2,[NaN;NaN;2],[-176;244;-236],2,[0;0;NaN]},{'A',[-169;429;521],4,[-176;244;540],3,0,[7;185;-19],3,0},{'M',[16;244;-236],3,[1;-7;-11],2,[4;NaN;NaN],[-176;244;-236],2,[NaN;0;0]},{'M',[540;33;-11],3,[1;-7;-11],2,[NaN;NaN;0],[-31;33;-120],2,[NaN;0;NaN],[135;135;135],2,[2;NaN;NaN]},{'A',[572;455;-461],4,[16;244;-236],3,1,[540;-33;11],3,0},{'M',[-248;135;-236],3,[-31;33;-120],2,[3;NaN;NaN],[135;135;135],2,[NaN;0;NaN],[-176;244;-236],2,[NaN;NaN;0]},{'M',[-352;976;135],3,[135;135;135],2,[NaN;NaN;0],[-176;244;-236],2,[1;2;NaN]},{'A',[-848;-706;-337],4,[-248;135;-236],3,1,[-352;-976;135],3,0},{'M',[-255;-706;-337],5,[-255;-331;693],4,[0;NaN;NaN],[-848;-706;-337],4,[NaN;0;0]},{'O',[255;706;337],5,[255;706;337],5,0},{'M',[-848;-662;-583],5,[-255;-331;693],4,[NaN;1;NaN],[511;-491;-583],4,[NaN;NaN;0],[-848;-706;-337],4,[0;NaN;NaN]},{'O',[848;662;583],5,[848;662;583],5,0},{'M',[1022;429;521],5,[511;-491;-583],4,[1;NaN;NaN],[-169;429;521],4,[NaN;0;0]},{'O',[1022;429;521],5,[1022;429;521],5,0},{'M',[-338;-491;-461],5,[511;-491;-583],4,[NaN;0;NaN],[-169;429;521],4,[1;NaN;NaN],[572;455;-461],4,[NaN;NaN;0]},{'O',[338;491;461],5,[338;491;461],5,0},{'M',[572;455;693],5,[-255;-331;693],4,[NaN;NaN;0],[572;455;-461],4,[0;0;NaN]},{'O',[572;455;693],5,[572;455;693],5,0}}
Adder graph: {{'A',[9;-7;9],1,[1;1;1],0,0,[1;-1;1],0,3},{'M',[2;2;1],1,[1;1;1],0,[1;1;0]},{'A',[1;-15;13],2,[9;-7;9],1,0,[-2;-2;1],1,2},{'M',[18;-14;9],2,[9;-7;9],1,[1;1;0]},{'M',[18;-7;9],2,[9;-7;9],1,[1;0;0]},{'A',[504;-420;324],3,[18;-14;9],2,5,[-18;7;9],2,2},{'M',[2;1;1],1,[1;1;1],0,[1;0;0]},{'M',[8;1;16],1,[1;1;1],0,[3;0;4]},{'A',[-62;-7;-127],2,[2;1;1],1,0,[-8;-1;-16],1,3},{'A',[8;8;24],1,[1;1;1],0,4,[-1;-1;1],0,3},{'A',[7;9;57],2,[8;8;24],1,1,[-9;-7;9],1,0},{'M',[64;-7;9],2,[9;-7;9],1,[NaN;0;0],[8;8;24],1,[3;NaN;NaN]},{'A',[72;-86;474],3,[64;-7;9],2,1,[-7;-9;57],2,3},{'M',[2;9;57],3,[1;-15;13],2,[1;NaN;NaN],[7;9;57],2,[NaN;0;0]},{'A',[-286;353;-1839],4,[2;9;57],3,0,[-72;86;-474],3,2},{'M',[-496;576;13],3,[1;-15;13],2,[NaN;NaN;0],[-62;-7;-127],2,[3;NaN;NaN],[7;9;57],2,[NaN;6;NaN]},{'A',[-424;-662;461],4,[72;-86;474],3,0,[-496;-576;-13],3,0},{'M',[72;-7;9],2,[9;-7;9],1,[3;0;0]},{'M',[8;16;24],2,[8;8;24],1,[0;1;0]},{'A',[200;249;-375],3,[72;-7;9],2,0,[8;16;-24],2,4},{'M',[7;-7;-127],3,[-62;-7;-127],2,[NaN;0;0],[7;9;57],2,[0;NaN;NaN]},{'M',[-62;-112;114],3,[-62;-7;-127],2,[0;4;NaN],[7;9;57],2,[NaN;NaN;1]},{'A',[255;-455;-583],4,[7;-7;-127],3,0,[62;-112;-114],3,2},{'M',[1;9;13],3,[1;-15;13],2,[0;NaN;0],[7;9;57],2,[NaN;0;NaN]},{'A',[505;429;337],4,[1;9;13],3,0,[504;420;324],3,0},{'M',[14;18;-127],3,[-62;-7;-127],2,[NaN;NaN;0],[7;9;57],2,[1;1;NaN]},{'A',[1022;858;521],4,[14;18;-127],3,0,[504;420;324],3,1},{'M',[-62;-7;57],3,[-62;-7;-127],2,[0;0;NaN],[7;9;57],2,[NaN;NaN;0]},{'A',[338;491;-693],4,[200;249;-375],3,1,[-62;-7;57],3,0},{'M',[255;706;337],5,[-286;353;-1839],4,[NaN;1;NaN],[255;-455;-583],4,[0;NaN;NaN],[505;429;337],4,[NaN;NaN;0]},{'O',[255;706;337],5,[255;706;337],5,0},{'M',[-848;-662;-583],5,[-424;-662;461],4,[1;0;NaN],[255;-455;-583],4,[NaN;NaN;0]},{'O',[848;662;583],5,[848;662;583],5,0},{'M',[1022;429;521],5,[505;429;337],4,[NaN;0;NaN],[1022;858;521],4,[0;NaN;0]},{'O',[1022;429;521],5,[1022;429;521],5,0},{'M',[338;491;461],5,[-424;-662;461],4,[NaN;NaN;0],[338;491;-693],4,[0;0;NaN]},{'O',[338;491;461],5,[338;491;461],5,0},{'M',[-572;-455;-693],5,[-286;353;-1839],4,[1;NaN;NaN],[255;-455;-583],4,[NaN;0;NaN],[338;491;-693],4,[NaN;NaN;0]},{'O',[572;455;693],5,[572;455;693],5,0}}
Adder graph: {{'A',[5;5;-3],1,[1;1;1],0,0,[1;1;-1],0,2},{'A',[257;-255;257],1,[1;1;1],0,0,[1;-1;1],0,8},{'A',[7;9;7],1,[1;1;1],0,3,[-1;1;-1],0,0},{'A',[-191;321;705],2,[257;-255;257],1,0,[-7;9;7],1,6},{'A',[288;224;288],1,[1;1;1],0,8,[1;-1;1],0,5},{'M',[8;1;1],1,[1;1;1],0,[3;0;0]},{'A',[584;449;577],2,[8;1;1],1,0,[288;224;288],1,1},{'M',[8;1;16],1,[1;1;1],0,[3;0;4]},{'M',[1;64;64],1,[1;1;1],0,[0;6;6]},{'A',[4;257;-240],2,[8;1;16],1,0,[-1;64;-64],1,2},{'A',[-63;65;-63],1,[1;1;1],0,0,[-1;1;-1],0,6},{'M',[160;520;7],2,[5;5;-3],1,[5;NaN;NaN],[7;9;7],1,[NaN;NaN;0],[-63;65;-63],1,[NaN;3;NaN]},{'M',[-126;65;514],2,[257;-255;257],1,[NaN;NaN;1],[-63;65;-63],1,[1;0;NaN]},{'A',[286;455;521],3,[160;520;7],2,0,[126;-65;514],2,0},{'M',[10;9;-24],2,[5;5;-3],1,[1;NaN;3],[7;9;7],1,[NaN;0;NaN]},{'M',[7;9;-63],2,[7;9;7],1,[0;0;NaN],[-63;65;-63],1,[NaN;NaN;0]},{'A',[26;18;30],3,[10;9;-24],2,2,[-7;-9;63],2,1},{'M',[64;449;-240],3,[584;449;577],2,[NaN;0;NaN],[4;257;-240],2,[4;NaN;0]},{'M',[-191;257;577],3,[-191;321;705],2,[0;NaN;NaN],[584;449;577],2,[NaN;NaN;0],[4;257;-240],2,[NaN;0;NaN]},{'A',[255;706;337],4,[64;449;-240],3,0,[191;257;577],3,0},{'A',[338;491;461],4,[286;455;521],3,0,[26;18;-30],3,1},{'M',[80;10;-3],2,[5;5;-3],1,[4;1;0]},{'A',[424;429;583],3,[584;449;577],2,0,[-80;-10;3],2,1},{'M',[160;5;-6],2,[5;5;-3],1,[5;0;1]},{'A',[511;331;693],3,[160;5;-6],2,1,[191;321;705],2,0},{'O',[255;706;337],4,[255;706;337],4,0},{'M',[848;662;583],4,[424;429;583],3,[1;NaN;0],[511;331;693],3,[NaN;1;NaN]},{'O',[848;662;583],4,[848;662;583],4,0},{'M',[1022;429;521],4,[286;455;521],3,[NaN;NaN;0],[424;429;583],3,[NaN;0;NaN],[511;331;693],3,[1;NaN;NaN]},{'O',[1022;429;521],4,[1022;429;521],4,0},{'O',[338;491;461],4,[338;491;461],4,0},{'M',[572;455;693],4,[286;455;521],3,[1;0;NaN],[511;331;693],3,[NaN;NaN;0]},{'O',[572;455;693],4,[572;455;693],4,0}}
Adder graph: {{'A',[-3;-3;-3],1,[1;1;1],0,0,[-1;-1;-1],0,2},{'A',[33;-31;-31],1,[1;1;1],0,0,[1;-1;-1],0,5},{'A',[-1;3;-1],1,[1;1;1],0,0,[-1;1;-1],0,1},{'M',[8;2;1],1,[1;1;1],0,[3;1;0]},{'A',[136;-216;-232],2,[33;-31;-31],1,3,[-8;2;1],1,4},{'A',[-351;-415;-353],2,[-3;-3;-3],1,7,[33;-31;31],1,0},{'M',[132;-3;-3],2,[-3;-3;-3],1,[NaN;0;0],[33;-31;-31],1,[2;NaN;NaN]},{'M',[-48;-48;-1],2,[-3;-3;-3],1,[4;4;NaN],[-1;3;-1],1,[NaN;NaN;0]},{'A',[576;-60;-13],3,[132;-3;-3],2,2,[48;-48;-1],2,0},{'M',[33;96;-1],2,[33;-31;-31],1,[0;NaN;NaN],[-1;3;-1],1,[NaN;5;0]},{'M',[-48;3;-4],2,[-3;-3;-3],1,[4;NaN;NaN],[-1;3;-1],1,[NaN;0;2]},{'A',[417;72;31],3,[33;96;-1],2,0,[48;-3;4],2,3},{'M',[-48;-31;-8],2,[-3;-3;-3],1,[4;NaN;NaN],[33;-31;-31],1,[NaN;0;NaN],[-1;3;-1],1,[NaN;NaN;3]},{'A',[-255;-353;-337],3,[-351;-415;-353],2,0,[48;31;8],2,1},{'M',[1;512;512],1,[1;1;1],0,[0;9;9]},{'A',[-2;515;-513],2,[-1;3;-1],1,0,[-1;512;-512],1,0},{'M',[-16;3;-8],2,[-1;3;-1],1,[4;0;3]},{'A',[14;518;-521],3,[-2;515;-513],2,0,[16;3;-8],2,0},{'A',[848;662;583],4,[417;72;31],3,1,[14;518;521],3,0},{'M',[-128;-3;-8],2,[-3;-3;-3],1,[NaN;0;NaN],[-1;3;-1],1,[7;NaN;3]},{'A',[-1022;491;449],3,[-128;-3;-8],2,3,[2;515;513],2,0},{'M',[-4;515;-706],3,[-351;-415;-353],2,[NaN;NaN;1],[-2;515;-513],2,[1;0;NaN]},{'A',[572;455;693],4,[576;-60;-13],3,0,[-4;515;706],3,0},{'M',[66;3;-3],2,[-3;-3;-3],1,[NaN;NaN;0],[33;-31;-31],1,[1;NaN;NaN],[-1;3;-1],1,[NaN;0;NaN]},{'A',[338;-429;461],3,[66;3;-3],2,0,[136;-216;232],2,1},{'M',[-255;-706;-337],4,[-255;-353;-337],3,[0;1;0]},{'O',[255;706;337],4,[255;706;337],4,0},{'O',[848;662;583],4,[848;662;583],4,0},{'M',[-1022;-429;-521],4,[14;518;-521],3,[NaN;NaN;0],[-1022;491;449],3,[0;NaN;NaN],[338;-429;461],3,[NaN;0;NaN]},{'O',[1022;429;521],4,[1022;429;521],4,0},{'M',[338;491;461],4,[-1022;491;449],3,[NaN;0;NaN],[338;-429;461],3,[0;NaN;0]},{'O',[338;491;461],4,[338;491;461],4,0},{'O',[572;455;693],4,[572;455;693],4,0}}
Adder graph: {{'M',[1;1;8],1,[1;1;1],0,[0;0;3]},{'M',[16;1;1],1,[1;1;1],0,[4;0;0]},{'A',[768;1040;8208],2,[1;1;8],1,10,[-16;1;1],1,4},{'A',[5;-3;-3],1,[1;1;1],0,0,[1;-1;-1],0,2},{'M',[10;-3;-96],2,[5;-3;-3],1,[1;0;5]},{'M',[160;-96;-3],2,[5;-3;-3],1,[5;5;0]},{'A',[-9920;-6240;-2880],3,[10;-3;-96],2,5,[-160;-96;3],2,6},{'A',[-48;80;80],1,[1;1;1],0,4,[-1;1;1],0,6},{'M',[32;1;32],1,[1;1;1],0,[5;0;5]},{'A',[16;82;144],2,[-48;80;80],1,0,[32;1;32],1,1},{'R',[768;1040;8208],3,[768;1040;8208],2},{'A',[-572;-455;-693],4,[-9920;-6240;-2880],3,-4,[768;-1040;-8208],3,-4},{'M',[-96;-768;80],2,[5;-3;-3],1,[NaN;8;NaN],[-48;80;80],1,[1;NaN;0]},{'M',[160;-3;-96],2,[5;-3;-3],1,[5;0;5]},{'A',[-4096;-12336;2816],3,[-96;-768;80],2,4,[-160;-3;96],2,4},{'M',[16;1040;8208],3,[768;1040;8208],2,[NaN;0;0],[16;82;144],2,[0;NaN;NaN]},{'A',[-255;-706;-337],4,[-4096;-12336;2816],3,-4,[16;1040;-8208],3,-4},{'M',[1;2;2],1,[1;1;1],0,[0;1;1]},{'A',[254;510;528],2,[1;2;2],1,8,[-1;-1;8],1,1},{'M',[4;1;1],1,[1;1;1],0,[2;0;0]},{'A',[21;7;7],2,[4;1;1],1,2,[5;3;3],1,0},{'M',[1;1;4],1,[1;1;1],0,[0;0;2]},{'A',[21;19;67],2,[1;1;4],1,4,[5;3;3],1,0},{'M',[84;510;528],3,[254;510;528],2,[NaN;0;0],[21;7;7],2,[2;NaN;NaN]},{'M',[254;19;67],3,[254;510;528],2,[0;NaN;NaN],[21;19;67],2,[NaN;0;0]},{'A',[338;491;461],4,[84;510;528],3,0,[254;-19;-67],3,0},{'M',[254;448;528],3,[254;510;528],2,[0;NaN;0],[21;7;7],2,[NaN;6;NaN]},{'M',[768;19;7],3,[768;1040;8208],2,[0;NaN;NaN],[21;7;7],2,[NaN;NaN;0],[21;19;67],2,[NaN;0;NaN]},{'A',[1022;429;521],4,[254;448;528],3,0,[768;-19;-7],3,0},{'M',[1016;510;576],3,[16;82;144],2,[NaN;NaN;2],[254;510;528],2,[2;0;NaN]},{'M',[168;152;7],3,[21;7;7],2,[NaN;NaN;0],[21;19;67],2,[3;3;NaN]},{'A',[848;662;583],4,[1016;510;576],3,0,[-168;152;7],3,0},{'O',[255;706;337],4,[255;706;337],4,0},{'O',[848;662;583],4,[848;662;583],4,0},{'O',[1022;429;521],4,[1022;429;521],4,0},{'O',[338;491;461],4,[338;491;461],4,0},{'O',[572;455;693],4,[572;455;693],4,0}}
Adder graph: {{'A',[15;15;15],1,[1;1;1],0,4,[-1;-1;-1],0,0},{'M',[1;2;1],1,[1;1;1],0,[0;1;0]},{'A',[19;7;11],2,[15;15;15],1,0,[1;-2;-1],1,2},{'M',[30;15;15],2,[15;15;15],1,[1;0;0]},{'A',[106;43;29],3,[19;7;11],2,2,[30;15;-15],2,0},{'M',[32;64;1],1,[1;1;1],0,[5;6;0]},{'M',[1;128;128],1,[1;1;1],0,[0;7;7]},{'A',[62;-128;-254],2,[32;64;1],1,1,[-1;-128;-128],1,1},{'M',[62;56;88],3,[19;7;11],2,[NaN;3;3],[62;-128;-254],2,[0;NaN;NaN]},{'M',[76;7;11],3,[19;7;11],2,[2;0;0]},{'A',[572;455;693],4,[62;56;88],3,3,[76;7;-11],3,0},{'M',[62;28;44],3,[19;7;11],2,[NaN;2;2],[62;-128;-254],2,[0;NaN;NaN]},{'A',[18;13;59],4,[62;28;44],3,1,[-106;-43;-29],3,0},{'A',[45;75;75],2,[15;15;15],1,2,[-15;15;15],1,0},{'M',[1;1;2],1,[1;1;1],0,[0;0;1]},{'A',[242;242;236],2,[15;15;15],1,4,[1;1;-2],1,1},{'M',[120;480;15],2,[15;15;15],1,[3;5;0]},{'A',[210;630;-135],3,[120;480;15],2,0,[45;75;-75],2,1},{'A',[169;331;583],3,[45;75;75],2,0,[62;128;254],2,1},{'A',[465;491;461],3,[242;242;236],2,1,[-19;7;-11],2,0},{'M',[4;1;16],1,[1;1;1],0,[2;0;4]},{'A',[-1;19;-49],2,[15;15;15],1,0,[-4;1;-16],1,2},{'M',[-1024;19;-49],3,[-1;19;-49],2,[10;0;0]},{'M',[-1;224;236],3,[19;7;11],2,[NaN;5;NaN],[242;242;236],2,[NaN;NaN;0],[-1;19;-49],2,[0;NaN;NaN]},{'A',[-1022;-429;-521],4,[-1024;19;-49],3,0,[1;-224;-236],3,1},{'M',[45;76;472],3,[45;75;75],2,[0;NaN;NaN],[242;242;236],2,[NaN;NaN;1],[-1;19;-49],2,[NaN;2;NaN]},{'A',[255;706;337],4,[210;630;-135],3,0,[45;76;472],3,0},{'O',[255;706;337],4,[255;706;337],4,0},{'M',[848;662;583],4,[106;43;29],3,[3;NaN;NaN],[169;331;583],3,[NaN;1;0]},{'O',[848;662;583],4,[848;662;583],4,0},{'O',[1022;429;521],4,[1022;429;521],4,0},{'M',[338;491;461],4,[169;331;583],3,[1;NaN;NaN],[465;491;461],3,[NaN;0;0]},{'O',[338;491;461],4,[338;491;461],4,0},{'O',[572;455;693],4,[572;455;693],4,0}}
Adder graph: {{'A',[24;24;40],1,[1;1;1],0,5,[-1;-1;1],0,3},{'A',[-62;66;66],1,[1;1;1],0,1,[-1;1;1],0,6},{'M',[1;1;2],1,[1;1;1],0,[0;0;1]},{'M',[1;16;1],1,[1;1;1],0,[0;4;0]},{'A',[3;20;9],2,[1;1;2],1,2,[-1;16;1],1,0},{'M',[2;4;1],1,[1;1;1],0,[1;2;0]},{'A',[-58;74;68],2,[-62;66;66],1,0,[2;4;1],1,1},{'M',[8;1;1],1,[1;1;1],0,[3;0;0]},{'A',[2;-58;74],2,[8;1;1],1,3,[-62;-66;66],1,0},{'A',[1024;800;1312],2,[24;24;40],1,5,[8;1;1],1,5},{'A',[255;257;257],1,[1;1;1],0,8,[-1;1;1],0,0},{'A',[7;521;-7],2,[255;257;257],1,0,[-62;66;-66],1,2},{'A',[185;1801;583],3,[3;20;9],2,6,[-7;521;7],2,0},{'M',[510;257;257],2,[255;257;257],1,[1;0;0]},{'M',[-62;96;80],2,[24;24;40],1,[NaN;2;1],[-62;66;66],1,[0;NaN;NaN]},{'A',[572;353;337],3,[510;257;257],2,0,[62;96;80],2,0},{'M',[-248;66;528],2,[-62;66;66],1,[2;0;3]},{'A',[255;455;521],3,[7;521;-7],2,0,[248;-66;528],2,0},{'M',[48;257;257],2,[24;24;40],1,[1;NaN;NaN],[255;257;257],1,[NaN;0;0]},{'A',[106;331;189],3,[48;257;257],2,0,[58;74;-68],2,0},{'M',[-58;40;68],3,[3;20;9],2,[NaN;1;NaN],[-58;74;68],2,[0;NaN;0]},{'A',[338;491;461],4,[106;331;189],3,0,[58;40;68],3,2},{'A',[511;429;693],3,[1024;800;1312],2,-1,[-2;58;74],2,-1},{'M',[255;706;337],4,[572;353;337],3,[NaN;1;0],[255;455;521],3,[0;NaN;NaN]},{'O',[255;706;337],4,[255;706;337],4,0},{'M',[848;662;583],4,[185;1801;583],3,[NaN;NaN;0],[106;331;189],3,[3;1;NaN]},{'O',[848;662;583],4,[848;662;583],4,0},{'M',[1022;429;521],4,[255;455;521],3,[NaN;NaN;0],[511;429;693],3,[1;0;NaN]},{'O',[1022;429;521],4,[1022;429;521],4,0},{'O',[338;491;461],4,[338;491;461],4,0},{'M',[572;455;693],4,[572;353;337],3,[0;NaN;NaN],[255;455;521],3,[NaN;0;NaN],[511;429;693],3,[NaN;NaN;0]},{'O',[572;455;693],4,[572;455;693],4,0}}
Adder graph: {{'A',[9;7;7],1,[1;1;1],0,3,[1;-1;-1],0,0},{'M',[128;1;16],1,[1;1;1],0,[7;0;4]},{'M',[256;16;1],1,[1;1;1],0,[8;4;0]},{'A',[-128;-15;15],2,[128;1;16],1,0,[-256;-16;-1],1,0},{'A',[15;15;17],1,[1;1;1],0,4,[-1;-1;1],0,0},{'A',[5;3;5],1,[1;1;1],0,2,[1;-1;1],0,0},{'M',[1;64;1],1,[1;1;1],0,[0;6;0]},{'M',[256;1;256],1,[1;1;1],0,[8;0;8]},{'A',[258;127;258],2,[1;64;1],1,1,[256;-1;256],1,0},{'M',[80;3;5],2,[5;3;5],1,[4;0;0]},{'A',[596;251;521],3,[258;127;258],2,1,[80;-3;5],2,0},{'A',[0;4016;8336],4,[596;251;521],3,3,[-596;251;521],3,3},{'A',[700;444;708],2,[5;3;5],1,7,[15;15;17],1,2},{'M',[36;28;7],2,[9;7;7],1,[2;2;0]},{'A',[552;226;523],3,[258;127;258],2,1,[36;-28;7],2,0},{'M',[700;444;30],3,[-128;-15;15],2,[NaN;NaN;1],[700;444;708],2,[0;0;NaN]},{'A',[848;662;583],4,[700;444;30],3,1,[-552;-226;523],3,0},{'M',[258;-240;60],3,[-128;-15;15],2,[NaN;4;2],[258;127;258],2,[0;NaN;NaN]},{'A',[-338;-491;-461],4,[258;-240;60],3,0,[-596;-251;-521],3,0},{'M',[240;7;320],2,[9;7;7],1,[NaN;0;NaN],[15;15;17],1,[4;NaN;NaN],[5;3;5],1,[NaN;NaN;6]},{'M',[15;448;17],2,[9;7;7],1,[NaN;6;NaN],[15;15;17],1,[0;NaN;0]},{'A',[255;455;337],3,[240;7;320],2,0,[15;448;17],2,0},{'M',[40;15;40],2,[15;15;17],1,[NaN;0;NaN],[5;3;5],1,[3;NaN;3]},{'A',[1022;353;1538],3,[40;15;40],2,5,[-258;-127;258],2,0},{'A',[572;429;693],3,[700;444;708],2,0,[-128;-15;-15],2,0},{'M',[255;706;337],4,[255;455;337],3,[0;NaN;0],[1022;353;1538],3,[NaN;1;NaN]},{'O',[255;706;337],4,[255;706;337],4,0},{'O',[848;662;583],4,[848;662;583],4,0},{'M',[1022;429;521],4,[596;251;521],3,[NaN;NaN;0],[1022;353;1538],3,[0;NaN;NaN],[572;429;693],3,[NaN;0;NaN]},{'O',[1022;429;521],4,[1022;429;521],4,0},{'O',[338;491;461],4,[338;491;461],4,0},{'M',[572;455;693],4,[255;455;337],3,[NaN;0;NaN],[572;429;693],3,[0;NaN;0]},{'O',[572;455;693],4,[572;455;693],4,0}}
Adder graph: {{'A',[33;-31;33],1,[1;1;1],0,0,[1;-1;1],0,5},{'M',[2;1;2],1,[1;1;1],0,[1;0;1]},{'M',[2;1;1],1,[1;1;1],0,[1;0;0]},{'A',[6;5;7],2,[2;1;2],1,2,[-2;1;-1],1,0},{'M',[128;1;1],1,[1;1;1],0,[7;0;0]},{'M',[1;32;32],1,[1;1;1],0,[0;5;5]},{'A',[126;65;-63],2,[128;1;1],1,0,[-1;32;-32],1,1},{'A',[257;257;257],1,[1;1;1],0,8,[1;1;1],0,0},{'M',[257;-124;132],2,[33;-31;33],1,[NaN;2;2],[257;257;257],1,[0;NaN;NaN]},{'A',[-1022;-491;-521],3,[6;5;7],2,0,[-257;-124;-132],2,2},{'M',[8;2;1],1,[1;1;1],0,[3;1;0]},{'A',[31;-15;-25],2,[8;2;1],1,3,[-33;-31;-33],1,0},{'M',[1;32;1],1,[1;1;1],0,[0;5;0]},{'M',[1;1;2],1,[1;1;1],0,[0;0;1]},{'A',[-3;36;-7],2,[1;32;1],1,0,[-1;1;-2],1,2},{'M',[32;1;2],1,[1;1;1],0,[5;0;1]},{'A',[-232;-247;-262],2,[32;1;2],1,0,[-33;-31;-33],1,3},{'A',[896;672;-576],3,[31;-15;-25],2,5,[-3;36;7],2,5},{'M',[48;10;-7],3,[6;5;7],2,[3;1;NaN],[-3;36;-7],2,[NaN;NaN;0]},{'A',[-848;-662;-583],4,[48;10;-7],3,0,[-896;-672;-576],3,0},{'M',[132;257;257],2,[33;-31;33],1,[2;NaN;NaN],[257;257;257],1,[NaN;0;0]},{'A',[10048;7952;10512],3,[132;257;257],2,4,[31;15;25],2,8},{'A',[-338;-429;-461],3,[-232;-247;-262],2,1,[126;65;63],2,0},{'A',[-572;-455;-693],4,[896;672;-576],3,-4,[-10048;-7952;-10512],3,-4},{'M',[252;130;-63],3,[126;65;-63],2,[1;1;0]},{'M',[-3;576;-400],3,[31;-15;-25],2,[NaN;NaN;4],[-3;36;-7],2,[0;4;NaN]},{'A',[255;706;337],4,[252;130;-63],3,0,[3;576;400],3,0},{'O',[255;706;337],4,[255;706;337],4,0},{'O',[848;662;583],4,[848;662;583],4,0},{'M',[-1022;-429;-521],4,[-1022;-491;-521],3,[0;NaN;0],[-338;-429;-461],3,[NaN;0;NaN]},{'O',[1022;429;521],4,[1022;429;521],4,0},{'M',[-338;-491;-461],4,[-1022;-491;-521],3,[NaN;0;NaN],[-338;-429;-461],3,[0;NaN;0]},{'O',[338;491;461],4,[338;491;461],4,0},{'O',[572;455;693],4,[572;455;693],4,0}}
Adder graph: {{'M',[1;2;2],1,[1;1;1],0,[0;1;1]},{'M',[1;1;32],1,[1;1;1],0,[0;0;5]},{'A',[129;255;224],2,[1;2;2],1,7,[1;-1;-32],1,0},{'A',[5;-3;5],1,[1;1;1],0,0,[1;-1;1],0,2},{'A',[34;30;30],1,[1;1;1],0,5,[1;-1;-1],0,1},{'A',[0;0;1],1,[1;1;1],0,-1,[-1;-1;1],0,-1},{'M',[1;2;1],1,[1;1;1],0,[0;1;0]},{'A',[3;19;13],2,[1;2;1],1,3,[-5;3;5],1,0},{'R',[1;1;1],1,[1;1;1],0},{'M',[1;16;1],1,[1;1;1],0,[0;4;0]},{'A',[508;448;508],2,[1;1;1],1,9,[-1;-16;-1],1,2},{'M',[8;8;1],1,[1;1;1],0,[3;3;0]},{'A',[328;-200;319],2,[5;-3;5],1,6,[8;-8;-1],1,0},{'A',[73;-63;-55],2,[5;-3;5],1,0,[34;-30;-30],1,1},{'M',[8;1;1],1,[1;1;1],0,[3;0;0]},{'A',[176;98;162],2,[8;1;1],1,1,[5;3;5],1,5},{'A',[511;429;521],3,[508;448;508],2,0,[3;-19;13],2,0},{'M',[129;98;162],3,[129;255;224],2,[0;NaN;NaN],[176;98;162],2,[NaN;0;0]},{'M',[3;510;13],3,[129;255;224],2,[NaN;1;NaN],[3;19;13],2,[0;NaN;0]},{'A',[255;706;337],4,[129;98;162],3,1,[-3;510;13],3,0},{'M',[12;-63;-55],3,[3;19;13],2,[2;NaN;NaN],[73;-63;-55],2,[NaN;0;0]},{'M',[292;196;319],3,[328;-200;319],2,[NaN;NaN;0],[73;-63;-55],2,[2;NaN;NaN],[176;98;162],2,[NaN;1;NaN]},{'A',[-572;-455;-693],4,[12;-63;-55],3,0,[-292;-196;-319],3,1},{'M',[96;255;224],3,[129;255;224],2,[NaN;0;0],[3;19;13],2,[5;NaN;NaN]},{'M',[146;19;13],3,[3;19;13],2,[NaN;0;0],[73;-63;-55],2,[1;NaN;NaN]},{'A',[338;491;461],4,[96;255;224],3,1,[146;-19;13],3,0},{'M',[328;76;319],3,[3;19;13],2,[NaN;2;NaN],[328;-200;319],2,[0;NaN;0]},{'M',[192;510;-55],3,[129;255;224],2,[NaN;1;NaN],[3;19;13],2,[6;NaN;NaN],[73;-63;-55],2,[NaN;NaN;0]},{'A',[848;662;583],4,[328;76;319],3,1,[192;510;-55],3,0},{'O',[255;706;337],4,[255;706;337],4,0},{'O',[848;662;583],4,[848;662;583],4,0},{'M',[1022;429;521],4,[511;429;521],3,[1;0;0]},{'O',[1022;429;521],4,[1022;429;521],4,0},{'O',[338;491;461],4,[338;491;461],4,0},{'O',[572;455;693],4,[572;455;693],4,0}}
Adder graph: {{'A',[-1;3;3],1,[1;1;1],0,0,[-1;1;1],0,1},{'A',[5;-3;5],1,[1;1;1],0,0,[1;-1;1],0,2},{'A',[85;45;-75],2,[5;-3;5],1,0,[5;3;-5],1,4},{'M',[1;64;256],1,[1;1;1],0,[0;6;8]},{'A',[-1;-58;262],2,[-1;3;3],1,1,[1;-64;256],1,0},{'M',[320;96;5],2,[-1;3;3],1,[NaN;5;NaN],[5;-3;5],1,[6;NaN;0]},{'M',[80;-3;80],2,[5;-3;5],1,[4;0;4]},{'A',[1360;381;-60],3,[320;96;5],2,2,[80;-3;-80],2,0},{'R',[1;1;1],1,[1;1;1],0},{'A',[1152;896;1152],2,[1;1;1],1,9,[5;3;5],1,7},{'M',[-2;3;6],2,[-1;3;3],1,[1;0;1]},{'A',[341;429;693],3,[85;45;-75],2,0,[2;3;6],2,7},{'M',[2;1;1],1,[1;1;1],0,[1;0;0]},{'A',[8;14;14],2,[2;1;1],1,1,[1;3;3],1,2},{'M',[-1024;-6;3],2,[-1;3;3],1,[10;NaN;0],[5;-3;5],1,[NaN;1;NaN]},{'A',[1022;-110;521],3,[-1;-58;262],2,1,[1024;6;-3],2,0},{'A',[338;491;461],4,[1360;381;-60],3,0,[-1022;110;521],3,0},{'A',[1361;662;-938],3,[85;45;-75],2,4,[1;-58;262],2,0},{'A',[106;-3622;16618],3,[85;45;-75],2,1,[-1;-58;262],2,6},{'A',[572;455;583],3,[1152;896;1152],2,-1,[-8;14;14],2,-1},{'M',[-256;14;-75],3,[85;45;-75],2,[NaN;NaN;0],[-1;-58;262],2,[8;NaN;NaN],[8;14;14],2,[NaN;0;NaN]},{'M',[-1;720;262],3,[85;45;-75],2,[NaN;4;NaN],[-1;-58;262],2,[0;NaN;0]},{'A',[-255;-706;-337],4,[-256;14;-75],3,0,[1;-720;-262],3,0},{'O',[255;706;337],4,[255;706;337],4,0},{'M',[848;662;583],4,[1361;662;-938],3,[NaN;0;NaN],[106;-3622;16618],3,[3;NaN;NaN],[572;455;583],3,[NaN;NaN;0]},{'O',[848;662;583],4,[848;662;583],4,0},{'M',[1022;429;521],4,[341;429;693],3,[NaN;0;NaN],[1022;-110;521],3,[0;NaN;0]},{'O',[1022;429;521],4,[1022;429;521],4,0},{'O',[338;491;461],4,[338;491;461],4,0},{'M',[572;455;693],4,[341;429;693],3,[NaN;NaN;0],[572;455;583],3,[0;0;NaN]},{'O',[572;455;693],4,[572;455;693],4,0}}
Adder graph: {{'A',[511;513;511],1,[1;1;1],0,9,[-1;1;-1],0,0},{'A',[62;62;66],1,[1;1;1],0,6,[-1;-1;1],0,1},{'M',[1;1;4],1,[1;1;1],0,[0;0;2]},{'M',[1;2048;1],1,[1;1;1],0,[0;11;0]},{'A',[1;2050;7],2,[1;1;4],1,1,[-1;2048;-1],1,0},{'A',[-3;5;5],1,[1;1;1],0,0,[-1;1;1],0,2},{'A',[50;42;86],2,[62;62;66],1,0,[-3;-5;5],1,2},{'M',[1;1344;7],3,[1;2050;7],2,[0;NaN;0],[50;42;86],2,[NaN;5;NaN]},{'M',[256;2050;344],3,[1;2050;7],2,[8;0;NaN],[50;42;86],2,[NaN;NaN;2]},{'A',[-255;-706;-337],4,[1;1344;7],3,0,[-256;-2050;-344],3,0},{'A',[-535;553;-471],2,[-3;5;5],1,3,[-511;513;-511],1,0},{'M',[-24;62;10],2,[62;62;66],1,[NaN;0;NaN],[-3;5;5],1,[3;NaN;1]},{'A',[511;-491;-461],3,[-24;62;10],2,0,[535;-553;-471],2,0},{'M',[-24;40;66],2,[62;62;66],1,[NaN;NaN;0],[-3;5;5],1,[3;3;NaN]},{'A',[-193;-1730;521],3,[-24;40;66],2,3,[-1;-2050;-7],2,0},{'A',[-519;33353;-583],3,[-535;553;-471],2,0,[1;2050;-7],2,4},{'M',[-6;513;511],2,[511;513;511],1,[NaN;0;0],[-3;5;5],1,[1;NaN;NaN]},{'A',[-106;429;339],3,[-6;513;511],2,0,[-50;-42;-86],2,1},{'M',[62;5;5],2,[62;62;66],1,[0;NaN;NaN],[-3;5;5],1,[NaN;0;0]},{'A',[-338;-331;693],3,[62;5;5],2,0,[-50;-42;86],2,3},{'A',[765;-1275;-1275],2,[-3;5;5],1,0,[3;-5;-5],1,8},{'M',[765;-1275;172],3,[50;42;86],2,[NaN;NaN;1],[765;-1275;-1275],2,[0;0;NaN]},{'A',[572;455;693],4,[765;-1275;172],3,0,[-193;1730;521],3,0},{'O',[255;706;337],4,[255;706;337],4,0},{'M',[-848;-662;-583],4,[-519;33353;-583],3,[NaN;NaN;0],[-106;429;339],3,[3;NaN;NaN],[-338;-331;693],3,[NaN;1;NaN]},{'O',[848;662;583],4,[848;662;583],4,0},{'M',[1022;429;521],4,[511;-491;-461],3,[1;NaN;NaN],[-193;-1730;521],3,[NaN;NaN;0],[-106;429;339],3,[NaN;0;NaN]},{'O',[1022;429;521],4,[1022;429;521],4,0},{'M',[-338;-491;-461],4,[511;-491;-461],3,[NaN;0;0],[-338;-331;693],3,[0;NaN;NaN]},{'O',[338;491;461],4,[338;491;461],4,0},{'O',[572;455;693],4,[572;455;693],4,0}}
Adder graph: {{'R',[1;1;1],1,[1;1;1],0},{'M',[16;1;16],2,[1;1;1],1,[4;0;4]},{'M',[1;16;1],2,[1;1;1],1,[0;4;0]},{'A',[3968;2304;4224],3,[16;1;16],2,8,[-1;16;1],2,7},{'A',[288;224;288],1,[1;1;1],0,8,[1;-1;1],0,5},{'M',[128;224;128],2,[1;1;1],1,[7;NaN;7],[288;224;288],1,[NaN;0;NaN]},{'M',[1;2;2],2,[1;1;1],1,[0;1;1]},{'A',[120;208;112],3,[128;224;128],2,0,[-1;-2;-2],2,3},{'A',[33;33;33],1,[1;1;1],0,5,[1;1;1],0,0},{'M',[33;132;132],2,[33;33;33],1,[0;2;2]},{'M',[288;2;2],2,[1;1;1],1,[NaN;1;1],[288;224;288],1,[0;NaN;NaN]},{'A',[17664;33728;33728],3,[33;132;132],2,8,[288;-2;-2],2,5},{'A',[495;561;561],2,[33;33;33],1,4,[-33;33;33],1,0},{'M',[495;1122;561],3,[495;561;561],2,[0;1;0]},{'A',[255;706;337],4,[495;1122;561],3,0,[-120;-208;-112],3,1},{'A',[338;491;461],4,[17664;33728;33728],3,-6,[3968;-2304;-4224],3,-6},{'M',[4;1;512],1,[1;1;1],0,[2;0;9]},{'A',[-4;-7;520],2,[4;1;512],1,0,[-1;-1;1],1,3},{'M',[576;448;1],2,[1;1;1],1,[NaN;NaN;0],[288;224;288],1,[1;1;NaN]},{'A',[572;455;521],3,[576;448;1],2,0,[-4;7;520],2,0},{'M',[288;64;288],2,[1;1;1],1,[NaN;6;NaN],[288;224;288],1,[0;NaN;0]},{'A',[36608;8640;3584],3,[288;64;288],2,7,[-4;7;-520],2,6},{'A',[848;662;583],4,[17664;33728;33728],3,-6,[36608;8640;3584],3,-6},{'M',[4;33;33],2,[1;1;1],1,[2;NaN;NaN],[33;33;33],1,[NaN;0;0]},{'A',[511;429;693],3,[495;561;561],2,0,[4;-33;33],2,2},{'O',[255;706;337],4,[255;706;337],4,0},{'O',[848;662;583],4,[848;662;583],4,0},{'M',[1022;429;521],4,[572;455;521],3,[NaN;NaN;0],[511;429;693],3,[1;0;NaN]},{'O',[1022;429;521],4,[1022;429;521],4,0},{'O',[338;491;461],4,[338;491;461],4,0},{'M',[572;455;693],4,[572;455;521],3,[0;0;NaN],[511;429;693],3,[NaN;NaN;0]},{'O',[572;455;693],4,[572;455;693],4,0}}
Adder graph: {{'A',[1;0;1],1,[1;1;1],0,-1,[1;-1;1],0,-1},{'A',[31;33;33],1,[1;1;1],0,5,[-1;1;1],0,0},{'A',[527;495;561],2,[31;33;33],1,4,[31;-33;33],1,0},{'M',[16;1;1],1,[1;1;1],0,[4;0;0]},{'A',[232;265;263],2,[31;33;33],1,3,[-16;1;-1],1,0},{'A',[3;5;5],1,[1;1;1],0,2,[-1;1;1],0,0},{'M',[192;33;20],2,[31;33;33],1,[NaN;0;NaN],[3;5;5],1,[6;NaN;2]},{'A',[143;429;521],3,[527;495;561],2,0,[-192;-33;-20],2,1},{'M',[96;33;160],2,[31;33;33],1,[NaN;0;NaN],[3;5;5],1,[5;NaN;5]},{'A',[424;331;583],3,[96;33;160],2,1,[232;265;263],2,0},{'M',[4;10;33],2,[1;0;1],1,[2;NaN;NaN],[31;33;33],1,[NaN;NaN;0],[3;5;5],1,[NaN;1;NaN]},{'A',[511;455;693],3,[527;495;561],2,0,[-4;-10;33],2,2},{'A',[272;304;-224],2,[3;5;5],1,3,[31;33;-33],1,3},{'A',[688;848;848],2,[3;5;5],1,6,[31;33;33],1,4},{'M',[3;0;4],2,[1;0;1],1,[NaN;2;2],[3;5;5],1,[0;NaN;NaN]},{'M',[3;80;10],2,[3;5;5],1,[0;4;1]},{'A',[381;80;522],3,[3;0;4],2,7,[-3;80;10],2,0},{'A',[338;491;461],4,[381;80;522],3,1,[-424;331;-583],3,0},{'A',[511;0;693],4,[511;455;693],3,-1,[511;-455;693],3,-1},{'M',[527;1696;561],3,[527;495;561],2,[0;NaN;0],[688;848;848],2,[NaN;1;NaN]},{'M',[272;990;-224],3,[527;495;561],2,[NaN;1;NaN],[272;304;-224],2,[0;NaN;0]},{'A',[255;706;337],4,[527;1696;561],3,0,[-272;-990;-224],3,0},{'O',[255;706;337],4,[255;706;337],4,0},{'M',[848;662;583],4,[424;331;583],3,[1;1;0]},{'O',[848;662;583],4,[848;662;583],4,0},{'M',[1022;429;521],4,[143;429;521],3,[NaN;0;0],[511;455;693],3,[1;NaN;NaN]},{'O',[1022;429;521],4,[1022;429;521],4,0},{'O',[338;491;461],4,[338;491;461],4,0},{'M',[572;455;693],4,[143;429;521],3,[2;NaN;NaN],[511;455;693],3,[NaN;0;0]},{'O',[572;455;693],4,[572;455;693],4,0}}
Adder graph: {{'A',[160;96;160],1,[1;1;1],0,7,[1;-1;1],0,5},{'A',[-30;34;34],1,[1;1;1],0,1,[-1;1;1],0,5},{'M',[64;1;1],1,[1;1;1],0,[6;0;0]},{'A',[704;-383;-639],2,[64;1;1],1,0,[160;-96;-160],1,2},{'A',[9;9;-7],1,[1;1;1],0,0,[1;1;-1],0,3},{'A',[631;393;633],2,[160;96;160],1,2,[-9;9;-7],1,0},{'A',[65;65;65],1,[1;1;1],0,0,[1;1;1],0,6},{'M',[72;72;34],2,[-30;34;34],1,[NaN;NaN;0],[9;9;-7],1,[3;3;NaN]},{'M',[65;130;65],2,[65;65;65],1,[0;1;0]},{'A',[511;706;337],3,[72;72;34],2,3,[-65;130;65],2,0},{'M',[1;1;32],1,[1;1;1],0,[0;0;5]},{'A',[-22;-26;222],2,[1;1;32],1,3,[-30;-34;-34],1,0},{'M',[9;9;-28],2,[9;9;-7],1,[0;0;2]},{'A',[667;429;521],3,[9;9;-28],2,2,[631;393;633],2,0},{'A',[-748;331;1083],3,[-22;-26;222],2,1,[-704;383;639],2,0},{'M',[320;9;-7],2,[160;96;160],1,[1;NaN;NaN],[9;9;-7],1,[NaN;0;0]},{'M',[65;9;68],2,[-30;34;34],1,[NaN;NaN;1],[9;9;-7],1,[NaN;0;NaN],[65;65;65],1,[0;NaN;NaN]},{'A',[255;18;61],3,[320;9;-7],2,0,[-65;9;68],2,0},{'M',[18;9;-7],2,[9;9;-7],1,[1;0;0]},{'A',[848;455;583],3,[18;9;-7],2,3,[704;383;639],2,0},{'M',[-88;393;888],3,[631;393;633],2,[NaN;0;NaN],[-22;-26;222],2,[2;NaN;2]},{'A',[-572;-455;-693],4,[-748;331;1083],3,0,[88;-393;-888],3,1},{'A',[338;491;461],4,[848;455;583],3,0,[-255;18;-61],3,1},{'M',[255;706;337],4,[511;706;337],3,[NaN;0;0],[255;18;61],3,[0;NaN;NaN]},{'O',[255;706;337],4,[255;706;337],4,0},{'M',[848;662;583],4,[-748;331;1083],3,[NaN;1;NaN],[848;455;583],3,[0;NaN;0]},{'O',[848;662;583],4,[848;662;583],4,0},{'M',[1022;429;521],4,[511;706;337],3,[1;NaN;NaN],[667;429;521],3,[NaN;0;0]},{'O',[1022;429;521],4,[1022;429;521],4,0},{'O',[338;491;461],4,[338;491;461],4,0},{'O',[572;455;693],4,[572;455;693],4,0}}
Finished solving after 259189 seconds
Adder graph: {{'A',[160;96;160],1,[1;1;1],0,7,[1;-1;1],0,5},{'A',[-30;34;34],1,[1;1;1],0,1,[-1;1;1],0,5},{'M',[64;1;1],1,[1;1;1],0,[6;0;0]},{'A',[704;-383;-639],2,[64;1;1],1,0,[160;-96;-160],1,2},{'A',[9;9;-7],1,[1;1;1],0,0,[1;1;-1],0,3},{'A',[631;393;633],2,[160;96;160],1,2,[-9;9;-7],1,0},{'A',[65;65;65],1,[1;1;1],0,0,[1;1;1],0,6},{'M',[72;72;34],2,[-30;34;34],1,[NaN;NaN;0],[9;9;-7],1,[3;3;NaN]},{'M',[65;130;65],2,[65;65;65],1,[0;1;0]},{'A',[511;706;337],3,[72;72;34],2,3,[-65;130;65],2,0},{'M',[1;1;32],1,[1;1;1],0,[0;0;5]},{'A',[-22;-26;222],2,[1;1;32],1,3,[-30;-34;-34],1,0},{'M',[9;9;-28],2,[9;9;-7],1,[0;0;2]},{'A',[667;429;521],3,[9;9;-28],2,2,[631;393;633],2,0},{'A',[-748;331;1083],3,[-22;-26;222],2,1,[-704;383;639],2,0},{'M',[320;9;-7],2,[160;96;160],1,[1;NaN;NaN],[9;9;-7],1,[NaN;0;0]},{'M',[65;9;68],2,[-30;34;34],1,[NaN;NaN;1],[9;9;-7],1,[NaN;0;NaN],[65;65;65],1,[0;NaN;NaN]},{'A',[255;18;61],3,[320;9;-7],2,0,[-65;9;68],2,0},{'M',[18;9;-7],2,[9;9;-7],1,[1;0;0]},{'A',[848;455;583],3,[18;9;-7],2,3,[704;383;639],2,0},{'M',[-88;393;888],3,[631;393;633],2,[NaN;0;NaN],[-22;-26;222],2,[2;NaN;2]},{'A',[-572;-455;-693],4,[-748;331;1083],3,0,[88;-393;-888],3,1},{'A',[338;491;461],4,[848;455;583],3,0,[-255;18;-61],3,1},{'M',[255;706;337],4,[511;706;337],3,[NaN;0;0],[255;18;61],3,[0;NaN;NaN]},{'O',[255;706;337],4,[255;706;337],4,0},{'M',[848;662;583],4,[-748;331;1083],3,[NaN;1;NaN],[848;455;583],3,[0;NaN;0]},{'O',[848;662;583],4,[848;662;583],4,0},{'M',[1022;429;521],4,[511;706;337],3,[1;NaN;NaN],[667;429;521],3,[NaN;0;0]},{'O',[1022;429;521],4,[1022;429;521],4,0},{'O',[338;491;461],4,[338;491;461],4,0},{'O',[572;455;693],4,[572;455;693],4,0}}
# Add optimal = 1
# Mux optimal = 0
# Mux registers optimal = 0
# FAs optimal = 0
