Adder graph: {{'A',[3;3;-1],1,[1;1;1],0,0,[1;1;-1],0,1},{'M',[96;3;-64],2,[3;3;-1],1,[5;0;6]},{'M',[1536;48;-1],2,[3;3;-1],1,[9;4;0]},{'A',[-768;-24;-513],3,[96;3;-64],2,3,[-1536;-48;-1],2,0},{'M',[2;4;1],1,[1;1;1],0,[1;2;0]},{'M',[1;128;1],1,[1;1;1],0,[0;7;0]},{'A',[129;128;65],2,[2;4;1],1,6,[1;-128;1],1,0},{'M',[8;256;1],1,[1;1;1],0,[3;8;0]},{'A',[11;259;0],2,[8;256;1],1,0,[3;3;-1],1,0},{'M',[32;256;1],1,[1;1;1],0,[5;8;0]},{'M',[256;1;1],1,[1;1;1],0,[8;0;0]},{'A',[-992;260;5],2,[32;256;1],1,0,[-256;1;1],1,2},{'A',[18;14;14],1,[1;1;1],0,4,[1;-1;-1],0,1},{'A',[5;5;-3],1,[1;1;1],0,0,[1;1;-1],0,2},{'M',[18;20;-3],2,[18;14;14],1,[0;NaN;NaN],[5;5;-3],1,[NaN;2;0]},{'A',[15;32;41],3,[18;20;-3],2,3,[-129;-128;65],2,0},{'M',[5;5;-768],2,[5;5;-3],1,[0;0;8]},{'A',[-997;265;773],3,[-992;260;5],2,0,[-5;5;768],2,0},{'M',[48;14;-96],2,[3;3;-1],1,[4;NaN;NaN],[18;14;14],1,[NaN;0;NaN],[5;5;-3],1,[NaN;NaN;5]},{'A',[395;371;-768],3,[11;259;0],2,0,[48;14;-96],2,3},{'A',[-708;-152;-677],4,[-768;-24;-513],3,0,[15;-32;-41],3,2},{'M',[18;5;896],2,[18;14;14],1,[0;NaN;6],[5;5;-3],1,[NaN;0;NaN]},{'A',[147;123;961],3,[129;128;65],2,0,[18;-5;896],2,0},{'M',[30;742;773],4,[15;32;41],3,[1;NaN;NaN],[-997;265;773],3,[NaN;NaN;0],[395;371;-768],3,[NaN;1;NaN]},{'O',[30;742;773],4,[30;742;773],4,0},{'M',[147;265;961],4,[-997;265;773],3,[NaN;0;NaN],[147;123;961],3,[0;NaN;0]},{'O',[147;265;961],4,[147;265;961],4,0},{'M',[-997;-24;-768],4,[-768;-24;-513],3,[NaN;0;NaN],[-997;265;773],3,[0;NaN;NaN],[395;371;-768],3,[NaN;NaN;0]},{'O',[997;24;768],4,[997;24;768],4,0},{'O',[708;152;677],4,[708;152;677],4,0},{'M',[395;123;41],4,[15;32;41],3,[NaN;NaN;0],[395;371;-768],3,[0;NaN;NaN],[147;123;961],3,[NaN;0;NaN]},{'O',[395;123;41],4,[395;123;41],4,0}}
Adder graph: {{'A',[3;3;5],1,[1;1;1],0,2,[-1;-1;1],0,0},{'M',[8;1;8],1,[1;1;1],0,[3;0;3]},{'M',[1;128;256],1,[1;1;1],0,[0;7;8]},{'A',[15;-126;272],2,[8;1;8],1,1,[-1;-128;256],1,0},{'M',[48;3;80],2,[3;3;5],1,[4;0;4]},{'A',[177;138;48],3,[48;3;80],2,2,[-15;126;-272],2,0},{'M',[32;32;1],1,[1;1;1],0,[5;5;0]},{'M',[2;1;4],1,[1;1;1],0,[1;0;2]},{'A',[72;60;18],2,[32;32;1],1,1,[2;-1;4],1,2},{'M',[8;256;1],1,[1;1;1],0,[3;8;0]},{'A',[392;128;641],2,[3;3;5],1,7,[8;-256;1],1,0},{'M',[24;3;5],2,[3;3;5],1,[3;0;0]},{'A',[120;123;41],3,[72;60;18],2,1,[-24;3;5],2,0},{'M',[64;1;8],1,[1;1;1],0,[6;0;3]},{'A',[1027;13;133],2,[64;1;8],1,4,[3;-3;5],1,0},{'A',[997;265;677],3,[1027;13;133],2,0,[-15;126;272],2,1},{'M',[3;196608;327680],2,[3;3;5],1,[0;16;16]},{'M',[6;3;5],2,[3;3;5],1,[1;0;0]},{'A',[15;196614;327690],3,[3;196608;327680],2,0,[6;3;5],2,1},{'M',[3;24;320],2,[3;3;5],1,[0;3;6]},{'A',[395;152;961],3,[392;128;641],2,0,[3;24;320],2,0},{'M',[3;96;160],2,[3;3;5],1,[0;5;5]},{'A',[147;24;196],3,[72;60;18],2,1,[3;-96;160],2,0},{'M',[3;384;640],2,[3;3;5],1,[0;7;7]},{'A',[-1024;371;773],3,[3;384;640],2,0,[-1027;-13;133],2,0},{'M',[30;742;773],4,[15;196614;327690],3,[1;NaN;NaN],[-1024;371;773],3,[NaN;1;0]},{'O',[30;742;773],4,[30;742;773],4,0},{'M',[147;265;961],4,[997;265;677],3,[NaN;0;NaN],[395;152;961],3,[NaN;NaN;0],[147;24;196],3,[0;NaN;NaN]},{'O',[147;265;961],4,[147;265;961],4,0},{'M',[997;24;768],4,[177;138;48],3,[NaN;NaN;4],[997;265;677],3,[0;NaN;NaN],[147;24;196],3,[NaN;0;NaN]},{'O',[997;24;768],4,[997;24;768],4,0},{'M',[708;152;677],4,[177;138;48],3,[2;NaN;NaN],[997;265;677],3,[NaN;NaN;0],[395;152;961],3,[NaN;0;NaN]},{'O',[708;152;677],4,[708;152;677],4,0},{'M',[395;123;41],4,[120;123;41],3,[NaN;0;0],[395;152;961],3,[0;NaN;NaN]},{'O',[395;123;41],4,[395;123;41],4,0}}
Adder graph: {{'A',[3;3;1],1,[1;1;1],0,1,[1;1;-1],0,0},{'A',[33;33;33],1,[1;1;1],0,5,[1;1;1],0,0},{'A',[384;384;640],1,[1;1;1],0,9,[-1;-1;1],0,7},{'M',[33;6;33],2,[3;3;1],1,[NaN;1;NaN],[33;33;33],1,[0;NaN;0]},{'M',[3;3;8],2,[3;3;1],1,[0;0;3]},{'A',[30;3;41],3,[33;6;33],2,0,[-3;-3;8],2,0},{'M',[1;1;16],1,[1;1;1],0,[0;0;4]},{'M',[8;1;1],1,[1;1;1],0,[3;0;0]},{'A',[18;4;30],2,[1;1;16],1,1,[8;1;-1],1,1},{'M',[256;8;1],1,[1;1;1],0,[8;3;0]},{'A',[-991;1;37],2,[33;33;33],1,0,[-256;-8;1],1,2},{'M',[132;24;1],2,[3;3;1],1,[NaN;3;0],[33;33;33],1,[2;NaN;NaN]},{'A',[708;152;961],3,[18;4;30],2,5,[132;24;1],2,0},{'M',[1;1;8],1,[1;1;1],0,[0;0;3]},{'M',[2;1;2],1,[1;1;1],0,[1;0;1]},{'A',[-15;9;-8],2,[1;1;8],1,0,[-2;1;-2],1,3},{'M',[1;16;1],1,[1;1;1],0,[0;4;0]},{'A',[-383;-368;641],2,[1;16;1],1,0,[-384;-384;640],1,0},{'M',[12;3;132],2,[3;3;1],1,[2;0;NaN],[33;33;33],1,[NaN;NaN;2]},{'A',[395;371;773],3,[12;3;132],2,0,[383;368;641],2,0},{'M',[6;264;640],2,[3;3;1],1,[1;NaN;NaN],[33;33;33],1,[NaN;3;NaN],[384;384;640],1,[NaN;NaN;0]},{'A',[997;265;677],3,[6;264;640],2,0,[991;1;37],2,0},{'M',[33;33;8],2,[3;3;1],1,[NaN;NaN;3],[33;33;33],1,[0;0;NaN]},{'A',[147;123;24],3,[33;33;8],2,2,[15;-9;-8],2,0},{'M',[30;742;773],4,[30;3;41],3,[0;NaN;NaN],[395;371;773],3,[NaN;1;0]},{'O',[30;742;773],4,[30;742;773],4,0},{'M',[147;265;961],4,[708;152;961],3,[NaN;NaN;0],[997;265;677],3,[NaN;0;NaN],[147;123;24],3,[0;NaN;NaN]},{'O',[147;265;961],4,[147;265;961],4,0},{'M',[997;24;768],4,[30;3;41],3,[NaN;3;NaN],[997;265;677],3,[0;NaN;NaN],[147;123;24],3,[NaN;NaN;5]},{'O',[997;24;768],4,[997;24;768],4,0},{'M',[708;152;677],4,[708;152;961],3,[0;0;NaN],[997;265;677],3,[NaN;NaN;0]},{'O',[708;152;677],4,[708;152;677],4,0},{'M',[395;123;41],4,[30;3;41],3,[NaN;NaN;0],[395;371;773],3,[0;NaN;NaN],[147;123;24],3,[NaN;0;NaN]},{'O',[395;123;41],4,[395;123;41],4,0}}
Adder graph: {{'A',[-3;-3;-3],1,[1;1;1],0,0,[-1;-1;-1],0,2},{'M',[-24;-192;-3],2,[-3;-3;-3],1,[3;6;0]},{'M',[-96;-3;-768],2,[-3;-3;-3],1,[5;0;8]},{'A',[288;-756;3060],3,[-24;-192;-3],2,2,[96;3;768],2,2},{'A',[-15;-15;17],1,[1;1;1],0,0,[-1;-1;1],0,4},{'M',[-15;-24;-24],2,[-3;-3;-3],1,[NaN;3;3],[-15;-15;17],1,[0;NaN;NaN]},{'M',[-30;-30;17],2,[-15;-15;17],1,[1;1;0]},{'A',[15;6;-41],3,[-15;-24;-24],2,0,[30;30;-17],2,0},{'M',[4;2;1],1,[1;1;1],0,[2;1;0]},{'A',[992;736;672],2,[4;2;1],1,7,[15;15;17],1,5},{'M',[1;64;64],1,[1;1;1],0,[0;6;6]},{'A',[392;128;896],2,[1;64;64],1,3,[3;-3;3],1,7},{'A',[300;304;784],3,[992;736;672],2,-1,[-392;-128;896],2,-1},{'A',[5;3;5],1,[1;1;1],0,2,[1;-1;1],0,0},{'M',[-30;-120;5],2,[-15;-15;17],1,[1;3;NaN],[5;3;5],1,[NaN;NaN;0]},{'M',[-384;-3;-768],2,[-3;-3;-3],1,[7;0;8]},{'A',[354;-123;773],3,[-30;-120;5],2,0,[384;-3;768],2,0},{'M',[5;6;5],2,[5;3;5],1,[0;1;0]},{'A',[997;742;677],3,[5;6;5],2,0,[992;736;672],2,0},{'A',[147;265;961],4,[300;304;784],3,-2,[288;756;3060],3,-2},{'M',[-3;24;1088],2,[-3;-3;-3],1,[0;NaN;NaN],[-15;-15;17],1,[NaN;NaN;6],[5;3;5],1,[NaN;3;NaN]},{'A',[-395;152;192],3,[-3;24;1088],2,0,[-392;128;-896],2,0},{'M',[30;742;773],4,[15;6;-41],3,[1;NaN;NaN],[354;-123;773],3,[NaN;NaN;0],[997;742;677],3,[NaN;0;NaN]},{'O',[30;742;773],4,[30;742;773],4,0},{'O',[147;265;961],4,[147;265;961],4,0},{'M',[997;24;768],4,[15;6;-41],3,[NaN;2;NaN],[997;742;677],3,[0;NaN;NaN],[-395;152;192],3,[NaN;NaN;2]},{'O',[997;24;768],4,[997;24;768],4,0},{'M',[708;152;677],4,[354;-123;773],3,[1;NaN;NaN],[997;742;677],3,[NaN;NaN;0],[-395;152;192],3,[NaN;0;NaN]},{'O',[708;152;677],4,[708;152;677],4,0},{'M',[-395;-123;-41],4,[15;6;-41],3,[NaN;NaN;0],[354;-123;773],3,[NaN;0;NaN],[-395;152;192],3,[0;NaN;NaN]},{'O',[395;123;41],4,[395;123;41],4,0}}
Adder graph: {{'A',[5;-3;5],1,[1;1;1],0,0,[1;-1;1],0,2},{'M',[256;128;1],1,[1;1;1],0,[8;7;0]},{'A',[216;152;-39],2,[256;128;1],1,0,[-5;3;-5],1,3},{'M',[1;64;64],1,[1;1;1],0,[0;6;6]},{'A',[81;112;144],2,[1;64;64],1,0,[5;3;5],1,4},{'M',[1;2;1],1,[1;1;1],0,[0;1;0]},{'A',[37;-67;37],2,[5;-3;5],1,0,[1;-2;1],1,5},{'A',[-395;-371;-41],3,[37;-67;37],2,0,[-216;-152;-39],2,1},{'A',[132;-124;132],1,[1;1;1],0,2,[1;-1;1],0,7},{'M',[80;-3;264],2,[5;-3;5],1,[4;0;NaN],[132;-124;132],1,[NaN;NaN;1]},{'M',[5;-3;132],2,[5;-3;5],1,[0;0;NaN],[132;-124;132],1,[NaN;NaN;0]},{'A',[325;-15;924],3,[80;-3;264],2,2,[5;-3;-132],2,0},{'M',[1;2;8],1,[1;1;1],0,[0;1;3]},{'A',[59;125;507],2,[1;2;8],1,6,[-5;-3;-5],1,0},{'M',[132;-248;264],2,[132;-124;132],1,[0;1;1]},{'A',[-30;-24;-24],3,[132;-248;264],2,0,[-81;112;-144],2,1},{'M',[236;152;592],3,[216;152;-39],2,[NaN;0;NaN],[37;-67;37],2,[NaN;NaN;4],[59;125;507],2,[2;NaN;NaN]},{'M',[236;152;507],3,[216;152;-39],2,[NaN;0;NaN],[59;125;507],2,[2;NaN;0]},{'A',[708;152;677],4,[236;152;592],3,1,[236;-152;-507],3,0},{'M',[472;250;37],3,[37;-67;37],2,[NaN;NaN;0],[59;125;507],2,[3;1;NaN]},{'A',[147;265;961],4,[472;250;37],3,0,[-325;15;924],3,0},{'M',[528;-124;640],2,[5;-3;5],1,[NaN;NaN;7],[132;-124;132],1,[2;0;NaN]},{'A',[-997;-123;-773],3,[59;125;507],2,0,[-528;-124;-640],2,1},{'M',[-30;-742;-773],4,[-395;-371;-41],3,[NaN;1;NaN],[-30;-24;-24],3,[0;NaN;NaN],[-997;-123;-773],3,[NaN;NaN;0]},{'O',[30;742;773],4,[30;742;773],4,0},{'O',[147;265;961],4,[147;265;961],4,0},{'M',[-997;-24;-768],4,[-30;-24;-24],3,[NaN;0;5],[-997;-123;-773],3,[0;NaN;NaN]},{'O',[997;24;768],4,[997;24;768],4,0},{'O',[708;152;677],4,[708;152;677],4,0},{'M',[-395;-123;-41],4,[-395;-371;-41],3,[0;NaN;0],[-997;-123;-773],3,[NaN;0;NaN]},{'O',[395;123;41],4,[395;123;41],4,0}}
Adder graph: {{'A',[9;9;9],1,[1;1;1],0,3,[1;1;1],0,0},{'A',[33;31;31],1,[1;1;1],0,5,[1;-1;-1],0,0},{'A',[24;8;24],1,[1;1;1],0,4,[1;-1;1],0,3},{'M',[8;1;1],1,[1;1;1],0,[3;0;0]},{'A',[-1015;137;137],2,[9;9;9],1,0,[-8;1;1],1,7},{'A',[129;-127;129],1,[1;1;1],0,0,[1;-1;1],0,7},{'A',[225;-33;-161],2,[33;31;31],1,0,[24;-8;-24],1,3},{'M',[129;8;992],2,[33;31;31],1,[NaN;NaN;5],[24;8;24],1,[NaN;0;NaN],[129;-127;129],1,[0;NaN;NaN]},{'M',[18;144;31],2,[9;9;9],1,[1;4;NaN],[33;31;31],1,[NaN;NaN;0]},{'A',[147;152;961],3,[129;8;992],2,0,[18;144;-31],2,0},{'M',[24;9;516],2,[9;9;9],1,[NaN;0;NaN],[24;8;24],1,[0;NaN;NaN],[129;-127;129],1,[NaN;NaN;2]},{'A',[249;-24;677],3,[24;9;516],2,0,[225;-33;161],2,0},{'M',[9;9;62],2,[9;9;9],1,[0;0;NaN],[33;31;31],1,[NaN;NaN;1]},{'M',[24;256;24],2,[24;8;24],1,[0;5;0]},{'A',[-15;265;38],3,[9;9;62],2,0,[-24;256;-24],2,0},{'M',[192;9;129],2,[9;9;9],1,[NaN;0;NaN],[24;8;24],1,[3;NaN;NaN],[129;-127;129],1,[NaN;NaN;0]},{'A',[708;-123;-773],3,[225;-33;-161],2,2,[-192;9;-129],2,0},{'A',[-395;52;-12],3,[225;-33;-161],2,-1,[-1015;137;137],2,-1},{'M',[9;-254;48],2,[9;9;9],1,[0;NaN;NaN],[24;8;24],1,[NaN;NaN;1],[129;-127;129],1,[NaN;1;NaN]},{'A',[-997;-371;-41],3,[9;-254;48],2,1,[-1015;137;-137],2,0},{'M',[-30;-742;-773],4,[-15;265;38],3,[1;NaN;NaN],[708;-123;-773],3,[NaN;NaN;0],[-997;-371;-41],3,[NaN;1;NaN]},{'O',[30;742;773],4,[30;742;773],4,0},{'M',[147;265;961],4,[147;152;961],3,[0;NaN;0],[-15;265;38],3,[NaN;0;NaN]},{'O',[147;265;961],4,[147;265;961],4,0},{'M',[-997;-24;-768],4,[249;-24;677],3,[NaN;0;NaN],[-395;52;-12],3,[NaN;NaN;6],[-997;-371;-41],3,[0;NaN;NaN]},{'O',[997;24;768],4,[997;24;768],4,0},{'M',[708;152;677],4,[147;152;961],3,[NaN;0;NaN],[249;-24;677],3,[NaN;NaN;0],[708;-123;-773],3,[0;NaN;NaN]},{'O',[708;152;677],4,[708;152;677],4,0},{'M',[-395;-123;-41],4,[708;-123;-773],3,[NaN;0;NaN],[-395;52;-12],3,[0;NaN;NaN],[-997;-371;-41],3,[NaN;NaN;0]},{'O',[395;123;41],4,[395;123;41],4,0}}
Adder graph: {{'A',[63;63;65],1,[1;1;1],0,6,[-1;-1;1],0,0},{'A',[-3;5;-3],1,[1;1;1],0,0,[-1;1;-1],0,2},{'M',[128;1;32],1,[1;1;1],0,[7;0;5]},{'A',[1021;13;253],2,[128;1;32],1,3,[-3;5;-3],1,0},{'A',[3;3;5],1,[1;1;1],0,2,[-1;-1;1],0,0},{'A',[51;83;53],2,[63;63;65],1,0,[-3;5;-3],1,2},{'M',[8;16;1],1,[1;1;1],0,[3;4;0]},{'A',[392;-368;641],2,[8;16;1],1,0,[3;-3;5],1,7},{'A',[771;1283;773],2,[3;3;5],1,0,[3;5;3],1,8},{'M',[63;1280;-96],2,[63;63;65],1,[0;NaN;NaN],[-3;5;-3],1,[NaN;8;5]},{'A',[708;3;677],3,[771;1283;773],2,0,[-63;-1280;-96],2,0},{'M',[-6;63;130],2,[63;63;65],1,[NaN;0;1],[-3;5;-3],1,[1;NaN;NaN]},{'A',[997;265;773],3,[1021;13;253],2,0,[-6;63;130],2,2},{'M',[3;3;-3],2,[-3;5;-3],1,[NaN;NaN;0],[3;3;5],1,[0;0;NaN]},{'M',[-6;5;-48],2,[-3;5;-3],1,[1;0;4]},{'A',[30;19;24],3,[3;3;-3],2,3,[6;-5;48],2,0},{'M',[24;10;-3],2,[-3;5;-3],1,[NaN;1;0],[3;3;5],1,[3;NaN;NaN]},{'A',[147;123;41],3,[24;10;-3],2,2,[51;83;53],2,0},{'M',[3;3;320],2,[3;3;5],1,[0;0;6]},{'A',[395;371;961],3,[3;3;320],2,0,[392;368;641],2,0},{'M',[30;742;773],4,[997;265;773],3,[NaN;NaN;0],[30;19;24],3,[0;NaN;NaN],[395;371;961],3,[NaN;1;NaN]},{'O',[30;742;773],4,[30;742;773],4,0},{'M',[147;265;961],4,[997;265;773],3,[NaN;0;NaN],[147;123;41],3,[0;NaN;NaN],[395;371;961],3,[NaN;NaN;0]},{'O',[147;265;961],4,[147;265;961],4,0},{'M',[997;24;768],4,[708;3;677],3,[NaN;3;NaN],[997;265;773],3,[0;NaN;NaN],[30;19;24],3,[NaN;NaN;5]},{'O',[997;24;768],4,[997;24;768],4,0},{'M',[708;152;677],4,[708;3;677],3,[0;NaN;0],[30;19;24],3,[NaN;3;NaN]},{'O',[708;152;677],4,[708;152;677],4,0},{'M',[395;123;41],4,[147;123;41],3,[NaN;0;0],[395;371;961],3,[0;NaN;NaN]},{'O',[395;123;41],4,[395;123;41],4,0}}
Adder graph: {{'A',[3;-1;3],1,[1;1;1],0,0,[1;-1;1],0,1},{'A',[3;3;5],1,[1;1;1],0,2,[-1;-1;1],0,0},{'M',[96;192;5],2,[3;-1;3],1,[5;NaN;NaN],[3;3;5],1,[NaN;6;0]},{'M',[3;-1;96],2,[3;-1;3],1,[0;0;5]},{'A',[120;200;773],3,[96;192;5],2,0,[3;1;96],2,3},{'M',[512;1;2],1,[1;1;1],0,[9;0;1]},{'A',[1000;26;-36],2,[512;1;2],1,1,[-3;3;-5],1,3},{'M',[32;1;2],1,[1;1;1],0,[5;0;1]},{'M',[1;1;8],1,[1;1;1],0,[0;0;3]},{'A',[72;10;-60],2,[32;1;2],1,1,[1;1;-8],1,3},{'M',[3;768;5],2,[3;3;5],1,[0;8;0]},{'A',[-997;742;41],3,[3;768;5],2,0,[-1000;-26;36],2,0},{'M',[2;2;1],1,[1;1;1],0,[1;1;0]},{'A',[196;-60;-190],2,[2;2;1],1,1,[3;-1;-3],1,6},{'M',[3;3;5],2,[3;-1;3],1,[0;NaN;NaN],[3;3;5],1,[NaN;0;0]},{'A',[395;123;385],3,[3;3;5],2,0,[196;60;190],2,1},{'A',[33;33;-31],1,[1;1;1],0,0,[1;1;-1],0,5},{'M',[3;-32;96],2,[3;-1;3],1,[0;5;5]},{'A',[147;-12;-24],3,[3;-32;96],2,0,[72;10;-60],2,1},{'M',[12;264;-31],2,[3;3;5],1,[2;NaN;NaN],[33;33;-31],1,[NaN;3;0]},{'M',[3;-1;-992],2,[3;-1;3],1,[0;0;NaN],[33;33;-31],1,[NaN;NaN;5]},{'A',[15;265;961],3,[12;264;-31],2,0,[3;1;992],2,0},{'A',[708;152;677],4,[120;200;773],3,0,[147;-12;-24],3,2},{'M',[30;742;773],4,[120;200;773],3,[NaN;NaN;0],[-997;742;41],3,[NaN;0;NaN],[15;265;961],3,[1;NaN;NaN]},{'O',[30;742;773],4,[30;742;773],4,0},{'M',[147;265;961],4,[147;-12;-24],3,[0;NaN;NaN],[15;265;961],3,[NaN;0;0]},{'O',[147;265;961],4,[147;265;961],4,0},{'M',[-997;-24;-768],4,[-997;742;41],3,[0;NaN;NaN],[147;-12;-24],3,[NaN;1;5]},{'O',[997;24;768],4,[997;24;768],4,0},{'O',[708;152;677],4,[708;152;677],4,0},{'M',[395;123;41],4,[-997;742;41],3,[NaN;NaN;0],[395;123;385],3,[0;0;NaN]},{'O',[395;123;41],4,[395;123;41],4,0}}
Adder graph: {{'A',[128;384;128],1,[1;1;1],0,8,[-1;1;-1],0,7},{'M',[1;1;64],1,[1;1;1],0,[0;0;6]},{'M',[1;8;32],1,[1;1;1],0,[0;3;5]},{'A',[-15;129;-448],2,[1;1;64],1,0,[-1;8;-32],1,4},{'A',[33;-31;-31],1,[1;1;1],0,0,[1;-1;-1],0,5},{'M',[256;1;1],1,[1;1;1],0,[8;0;0]},{'A',[124;125;-123],2,[256;1;1],1,0,[-33;31;-31],1,2},{'M',[-30;1000;-123],3,[-15;129;-448],2,[1;NaN;NaN],[124;125;-123],2,[NaN;3;0]},{'M',[-30;129;-448],3,[-15;129;-448],2,[1;0;0]},{'A',[30;742;773],4,[-30;1000;-123],3,0,[30;-129;448],3,1},{'M',[1;128;256],1,[1;1;1],0,[0;7;8]},{'M',[1;1;32],1,[1;1;1],0,[0;0;5]},{'A',[5;513;992],2,[1;128;256],1,2,[1;1;-32],1,0},{'M',[33;-62;-62],2,[33;-31;-31],1,[0;1;1]},{'A',[147;-377;200],3,[33;-62;-62],2,2,[15;-129;448],2,0},{'M',[5;4128;-7168],3,[-15;129;-448],2,[NaN;5;4],[5;513;992],2,[0;NaN;NaN]},{'M',[124;513;992],3,[124;125;-123],2,[0;NaN;NaN],[5;513;992],2,[NaN;0;0]},{'A',[997;24;768],4,[5;4128;-7168],3,0,[124;-513;992],3,3},{'A',[161;-415;-159],2,[33;-31;-31],1,0,[128;-384;-128],1,0},{'M',[248;500;-159],3,[124;125;-123],2,[1;2;NaN],[161;-415;-159],2,[NaN;NaN;0]},{'A',[395;123;41],4,[248;500;-159],3,0,[147;-377;200],3,0},{'M',[33;-248;-31],2,[33;-31;-31],1,[0;3;0]},{'A',[38;265;961],3,[5;513;992],2,0,[33;-248;-31],2,0},{'M',[-120;-1660;-123],3,[-15;129;-448],2,[3;NaN;NaN],[124;125;-123],2,[NaN;NaN;0],[161;-415;-159],2,[NaN;2;NaN]},{'A',[708;152;677],4,[147;-377;200],3,2,[120;1660;-123],3,0},{'O',[30;742;773],4,[30;742;773],4,0},{'M',[147;265;961],4,[147;-377;200],3,[0;NaN;NaN],[38;265;961],3,[NaN;0;0]},{'O',[147;265;961],4,[147;265;961],4,0},{'O',[997;24;768],4,[997;24;768],4,0},{'O',[708;152;677],4,[708;152;677],4,0},{'O',[395;123;41],4,[395;123;41],4,0}}
Adder graph: {{'A',[5;5;5],1,[1;1;1],0,0,[1;1;1],0,2},{'M',[4;4;1],1,[1;1;1],0,[2;2;0]},{'M',[4;1;1],1,[1;1;1],0,[2;0;0]},{'A',[12;7;1],2,[4;4;1],1,1,[4;-1;-1],1,0},{'M',[1;4;4],1,[1;1;1],0,[0;2;2]},{'M',[1;1;32],1,[1;1;1],0,[0;0;5]},{'A',[1;9;40],2,[1;4;4],1,1,[-1;1;32],1,0},{'A',[129;129;129],1,[1;1;1],0,0,[1;1;1],0,7},{'M',[1;1;2],1,[1;1;1],0,[0;0;1]},{'A',[145;145;161],2,[129;129;129],1,0,[1;1;2],1,4},{'A',[124;132;-96],2,[4;4;1],1,5,[-1;1;-32],1,2},{'M',[129;10;10],2,[5;5;5],1,[NaN;1;1],[129;129;129],1,[0;NaN;NaN]},{'A',[177;38;6],3,[129;10;10],2,0,[12;7;-1],2,2},{'M',[8;1;8],1,[1;1;1],0,[3;0;3]},{'A',[-383;193;641],2,[129;129;129],1,0,[-8;1;8],1,6},{'M',[5;1032;5],2,[5;5;5],1,[0;NaN;0],[129;129;129],1,[NaN;3;NaN]},{'A',[997;24;-773],3,[124;132;-96],2,3,[5;-1032;-5],2,0},{'M',[40;129;129],2,[5;5;5],1,[3;NaN;NaN],[129;129;129],1,[NaN;0;0]},{'A',[-15;-371;677],3,[145;145;161],2,0,[-40;-129;129],2,2},{'M',[145;193;641],3,[145;145;161],2,[0;NaN;NaN],[-383;193;641],2,[NaN;0;0]},{'M',[1;36;160],3,[1;9;40],2,[0;2;2]},{'A',[147;265;961],4,[145;193;641],3,0,[1;36;160],3,1},{'M',[12;132;1],3,[12;7;1],2,[0;NaN;0],[124;132;-96],2,[NaN;0;NaN]},{'M',[-383;9;40],3,[1;9;40],2,[NaN;0;0],[-383;193;641],2,[0;NaN;NaN]},{'A',[395;123;41],4,[12;132;1],3,0,[383;-9;40],3,0},{'M',[-30;-742;-773],4,[997;24;-773],3,[NaN;NaN;0],[-15;-371;677],3,[1;1;NaN]},{'O',[30;742;773],4,[30;742;773],4,0},{'O',[147;265;961],4,[147;265;961],4,0},{'M',[997;24;768],4,[177;38;6],3,[NaN;NaN;7],[997;24;-773],3,[0;0;NaN]},{'O',[997;24;768],4,[997;24;768],4,0},{'M',[708;152;677],4,[177;38;6],3,[2;2;NaN],[-15;-371;677],3,[NaN;NaN;0]},{'O',[708;152;677],4,[708;152;677],4,0},{'O',[395;123;41],4,[395;123;41],4,0}}
Adder graph: {{'A',[6;2;6],1,[1;1;1],0,2,[1;-1;1],0,1},{'M',[1024;1;1],1,[1;1;1],0,[10;0;0]},{'A',[-1000;9;23],2,[6;2;6],1,2,[-1024;1;-1],1,0},{'A',[-42;-14;-42],2,[6;2;6],1,0,[-6;-2;-6],1,3},{'A',[18;18;18],1,[1;1;1],0,1,[1;1;1],0,4},{'A',[3;3;5],1,[1;1;1],0,2,[-1;-1;1],0,0},{'M',[8;8;1],1,[1;1;1],0,[3;3;0]},{'A',[392;120;385],2,[6;2;6],1,6,[8;-8;1],1,0},{'M',[6;48;6],2,[6;2;6],1,[0;NaN;0],[3;3;5],1,[NaN;4;NaN]},{'M',[24;8;5],2,[6;2;6],1,[2;2;NaN],[3;3;5],1,[NaN;NaN;0]},{'A',[72;760;101],3,[6;48;6],2,4,[-24;-8;5],2,0},{'M',[3;256;18],2,[6;2;6],1,[NaN;7;NaN],[18;18;18],1,[NaN;NaN;0],[3;3;5],1,[0;NaN;NaN]},{'A',[-997;265;41],3,[-1000;9;23],2,0,[3;256;18],2,0},{'M',[36;72;5],2,[18;18;18],1,[1;2;NaN],[3;3;5],1,[NaN;NaN;0]},{'A',[-708;-152;-677],3,[-42;-14;-42],2,4,[-36;72;-5],2,0},{'M',[-42;18;-672],3,[-1000;9;23],2,[NaN;1;NaN],[-42;-14;-42],2,[0;NaN;4]},{'A',[30;742;773],4,[72;760;101],3,0,[-42;-18;672],3,0},{'M',[3;3;576],2,[18;18;18],1,[NaN;NaN;5],[3;3;5],1,[0;0;NaN]},{'A',[395;123;961],3,[3;3;576],2,0,[392;120;385],2,0},{'M',[3;3;48],2,[6;2;6],1,[NaN;NaN;3],[3;3;5],1,[0;0;NaN]},{'M',[72;3;72],2,[18;18;18],1,[2;NaN;2],[3;3;5],1,[NaN;0;NaN]},{'A',[147;-3;-96],3,[3;3;48],2,0,[72;-3;-72],2,1},{'O',[30;742;773],4,[30;742;773],4,0},{'M',[147;265;961],4,[-997;265;41],3,[NaN;0;NaN],[395;123;961],3,[NaN;NaN;0],[147;-3;-96],3,[0;NaN;NaN]},{'O',[147;265;961],4,[147;265;961],4,0},{'M',[-997;-24;-768],4,[-997;265;41],3,[0;NaN;NaN],[147;-3;-96],3,[NaN;3;3]},{'O',[997;24;768],4,[997;24;768],4,0},{'R',[-708;-152;-677],4,[-708;-152;-677],3},{'O',[708;152;677],4,[708;152;677],4,0},{'M',[395;123;41],4,[-997;265;41],3,[NaN;NaN;0],[395;123;961],3,[0;0;NaN]},{'O',[395;123;41],4,[395;123;41],4,0}}
Adder graph: {{'A',[-12;20;-12],1,[1;1;1],0,2,[-1;1;-1],0,4},{'A',[5;3;5],1,[1;1;1],0,2,[1;-1;1],0,0},{'A',[9;9;9],1,[1;1;1],0,3,[1;1;1],0,0},{'M',[256;1;1],1,[1;1;1],0,[8;0;0]},{'M',[1;1;2],1,[1;1;1],0,[0;0;1]},{'A',[992;36;-60],2,[256;1;1],1,2,[-1;1;-2],1,5},{'M',[2;1;2],1,[1;1;1],0,[1;0;1]},{'A',[42;23;42],2,[5;3;5],1,3,[2;-1;2],1,0},{'M',[5;9;5],2,[5;3;5],1,[0;NaN;0],[9;9;9],1,[NaN;0;NaN]},{'A',[997;-27;-55],3,[5;9;5],2,0,[992;-36;-60],2,0},{'M',[36;3;5],2,[5;3;5],1,[NaN;0;0],[9;9;9],1,[2;NaN;NaN]},{'A',[708;371;677],3,[36;3;5],2,0,[42;23;42],2,4},{'M',[32;1;1],1,[1;1;1],0,[5;0;0]},{'R',[1;1;1],1,[1;1;1],0},{'A',[63;3;1],2,[32;1;1],1,1,[-1;1;-1],1,0},{'M',[-24;3;5],2,[-12;20;-12],1,[1;NaN;NaN],[5;3;5],1,[NaN;0;0]},{'A',[174;12;12],3,[63;3;1],2,1,[24;3;5],2,1},{'A',[395;123;41],4,[174;12;12],3,3,[-997;27;-55],3,0},{'M',[18;18;5],2,[5;3;5],1,[NaN;NaN;0],[9;9;9],1,[1;1;NaN]},{'M',[-12;20;-768],2,[-12;20;-12],1,[0;0;6]},{'A',[30;38;773],3,[18;18;5],2,0,[12;20;768],2,0},{'M',[63;288;1],3,[992;36;-60],2,[NaN;3;NaN],[63;3;1],2,[0;NaN;0]},{'M',[84;23;-960],3,[992;36;-60],2,[NaN;NaN;4],[42;23;42],2,[1;0;NaN]},{'A',[147;265;961],4,[63;288;1],3,0,[84;-23;960],3,0},{'M',[30;742;773],4,[708;371;677],3,[NaN;1;NaN],[30;38;773],3,[0;NaN;0]},{'O',[30;742;773],4,[30;742;773],4,0},{'O',[147;265;961],4,[147;265;961],4,0},{'M',[997;24;768],4,[997;-27;-55],3,[0;NaN;NaN],[174;12;12],3,[NaN;1;6]},{'O',[997;24;768],4,[997;24;768],4,0},{'M',[708;152;677],4,[708;371;677],3,[0;NaN;0],[30;38;773],3,[NaN;2;NaN]},{'O',[708;152;677],4,[708;152;677],4,0},{'O',[395;123;41],4,[395;123;41],4,0}}
Adder graph: {{'A',[3;1;1],1,[1;1;1],0,1,[1;-1;-1],0,0},{'M',[6;2;1],2,[3;1;1],1,[1;1;0]},{'M',[3;1;32],2,[3;1;1],1,[0;0;5]},{'A',[30;-6;257],3,[6;2;1],2,0,[3;-1;32],2,3},{'A',[68;68;68],1,[1;1;1],0,6,[1;1;1],0,2},{'M',[128;1;128],1,[1;1;1],0,[7;0;7]},{'A',[1027;9;1025],2,[128;1;128],1,3,[3;1;1],1,0},{'M',[12;4;1],2,[3;1;1],1,[2;2;0]},{'A',[1795;265;961],3,[1027;9;1025],2,0,[12;4;-1],2,6},{'M',[1;64;1],1,[1;1;1],0,[0;6;0]},{'A',[97;-32;31],2,[3;1;1],1,5,[1;-64;-1],1,0},{'A',[5;3;5],1,[1;1;1],0,2,[1;-1;1],0,0},{'M',[8;1;8],1,[1;1;1],0,[3;0;3]},{'A',[-123;-13;133],2,[5;3;5],1,0,[-8;-1;8],1,4},{'M',[3;48;80],2,[3;1;1],1,[0;NaN;NaN],[5;3;5],1,[NaN;4;4]},{'A',[147;371;773],3,[3;48;80],2,3,[123;-13;133],2,0},{'M',[136;68;272],2,[68;68;68],1,[1;0;2]},{'A',[395;123;677],3,[136;68;272],2,1,[123;-13;133],2,0},{'M',[40;3;5],2,[5;3;5],1,[3;0;0]},{'A',[177;38;41],3,[40;3;5],2,1,[97;32;31],2,0},{'M',[1027;18;1025],3,[1027;9;1025],2,[0;1;0]},{'A',[-997;-24;-768],4,[30;-6;257],3,0,[-1027;-18;-1025],3,0},{'M',[30;742;773],4,[30;-6;257],3,[0;NaN;NaN],[147;371;773],3,[NaN;1;0]},{'O',[30;742;773],4,[30;742;773],4,0},{'M',[147;265;961],4,[1795;265;961],3,[NaN;0;0],[147;371;773],3,[0;NaN;NaN]},{'O',[147;265;961],4,[147;265;961],4,0},{'O',[997;24;768],4,[997;24;768],4,0},{'M',[708;152;677],4,[395;123;677],3,[NaN;NaN;0],[177;38;41],3,[2;2;NaN]},{'O',[708;152;677],4,[708;152;677],4,0},{'M',[395;123;41],4,[395;123;677],3,[0;0;NaN],[177;38;41],3,[NaN;NaN;0]},{'O',[395;123;41],4,[395;123;41],4,0}}
Adder graph: {{'A',[1;3;3],1,[1;1;1],0,1,[-1;1;1],0,0},{'A',[3;5;5],1,[1;1;1],0,2,[-1;1;1],0,0},{'M',[8;3;24],2,[1;3;3],1,[3;0;3]},{'M',[1;3;48],2,[1;3;3],1,[0;0;4]},{'A',[15;3;96],3,[8;3;24],2,1,[-1;-3;48],2,0},{'M',[128;1;1],1,[1;1;1],0,[7;0;0]},{'M',[4;32;1],1,[1;1;1],0,[2;5;0]},{'A',[1008;136;4],2,[128;1;1],1,3,[-4;32;-1],1,2},{'A',[193;323;323],2,[3;5;5],1,6,[1;3;3],1,0},{'M',[1;1;4],1,[1;1;1],0,[0;0;2]},{'A',[11;13;37],2,[3;5;5],1,0,[1;1;4],1,3},{'M',[3;5;10],2,[3;5;5],1,[0;0;1]},{'A',[-191;-317;-957],3,[193;323;323],2,0,[-3;-5;-10],2,7},{'A',[997;123;41],3,[1008;136;4],2,0,[-11;-13;37],2,0},{'A',[129;129;127],1,[1;1;1],0,7,[1;1;-1],0,0},{'M',[44;52;4],3,[1008;136;4],2,[NaN;NaN;0],[11;13;37],2,[2;2;NaN]},{'A',[-147;-265;-961],4,[-191;-317;-957],3,0,[44;52;-4],3,0},{'M',[192;3;320],2,[1;3;3],1,[NaN;0;NaN],[3;5;5],1,[6;NaN;6]},{'A',[395;19;677],3,[192;3;320],2,1,[11;13;37],2,0},{'M',[32;96;127],2,[1;3;3],1,[5;5;NaN],[129;129;127],1,[NaN;NaN;0]},{'A',[354;742;773],3,[193;323;323],2,1,[-32;96;127],2,0},{'M',[30;742;773],4,[15;3;96],3,[1;NaN;NaN],[354;742;773],3,[NaN;0;0]},{'O',[30;742;773],4,[30;742;773],4,0},{'O',[147;265;961],4,[147;265;961],4,0},{'M',[997;24;768],4,[15;3;96],3,[NaN;3;3],[997;123;41],3,[0;NaN;NaN]},{'O',[997;24;768],4,[997;24;768],4,0},{'M',[708;152;677],4,[395;19;677],3,[NaN;3;0],[354;742;773],3,[1;NaN;NaN]},{'O',[708;152;677],4,[708;152;677],4,0},{'M',[395;123;41],4,[997;123;41],3,[NaN;0;0],[395;19;677],3,[0;NaN;NaN]},{'O',[395;123;41],4,[395;123;41],4,0}}
Adder graph: {{'A',[1;1;3],1,[1;1;1],0,1,[-1;-1;1],0,0},{'A',[3;1;1],1,[1;1;1],0,1,[1;-1;-1],0,0},{'M',[1;4;4],1,[1;1;1],0,[0;2;2]},{'A',[97;36;28],2,[3;1;1],1,5,[1;4;-4],1,0},{'A',[5;3;5],1,[1;1;1],0,2,[1;-1;1],0,0},{'M',[5;16;5],2,[3;1;1],1,[NaN;4;NaN],[5;3;5],1,[0;NaN;0]},{'M',[4;3;12],2,[1;1;3],1,[2;NaN;2],[5;3;5],1,[NaN;0;NaN]},{'A',[18;38;-14],3,[5;16;5],2,1,[4;3;-12],2,1},{'M',[2;1;2],1,[1;1;1],0,[1;0;1]},{'A',[27;13;37],2,[2;1;2],1,4,[-5;-3;5],1,0},{'M',[1;1;32],2,[1;1;3],1,[0;0;NaN],[3;1;1],1,[NaN;NaN;5]},{'A',[772;284;96],3,[97;36;28],2,3,[-1;-1;-32],2,2},{'A',[395;123;41],4,[772;284;96],3,-1,[18;-38;-14],3,-1},{'M',[8;3;5],2,[1;1;3],1,[3;NaN;NaN],[5;3;5],1,[NaN;0;0]},{'A',[997;371;677],3,[8;3;5],2,7,[-27;-13;37],2,0},{'M',[5;3;10],2,[5;3;5],1,[0;0;1]},{'A',[177;12;188],3,[5;3;10],2,4,[97;-36;28],2,0},{'M',[20;3;5],2,[5;3;5],1,[2;0;0]},{'M',[5;128;384],2,[1;1;3],1,[NaN;7;7],[5;3;5],1,[0;NaN;NaN]},{'A',[30;-253;773],3,[20;3;5],2,0,[5;-128;384],2,1},{'A',[147;265;961],4,[177;12;188],3,0,[-30;253;773],3,0},{'M',[30;742;773],4,[997;371;677],3,[NaN;1;NaN],[30;-253;773],3,[0;NaN;0]},{'O',[30;742;773],4,[30;742;773],4,0},{'O',[147;265;961],4,[147;265;961],4,0},{'M',[997;24;768],4,[772;284;96],3,[NaN;NaN;3],[997;371;677],3,[0;NaN;NaN],[177;12;188],3,[NaN;1;NaN]},{'O',[997;24;768],4,[997;24;768],4,0},{'M',[708;152;677],4,[18;38;-14],3,[NaN;2;NaN],[997;371;677],3,[NaN;NaN;0],[177;12;188],3,[2;NaN;NaN]},{'O',[708;152;677],4,[708;152;677],4,0},{'O',[395;123;41],4,[395;123;41],4,0}}
Finished solving after 259193 seconds
Adder graph: {{'A',[1;1;3],1,[1;1;1],0,1,[-1;-1;1],0,0},{'A',[3;1;1],1,[1;1;1],0,1,[1;-1;-1],0,0},{'M',[1;4;4],1,[1;1;1],0,[0;2;2]},{'A',[97;36;28],2,[3;1;1],1,5,[1;4;-4],1,0},{'A',[5;3;5],1,[1;1;1],0,2,[1;-1;1],0,0},{'M',[5;16;5],2,[3;1;1],1,[NaN;4;NaN],[5;3;5],1,[0;NaN;0]},{'M',[4;3;12],2,[1;1;3],1,[2;NaN;2],[5;3;5],1,[NaN;0;NaN]},{'A',[18;38;-14],3,[5;16;5],2,1,[4;3;-12],2,1},{'M',[2;1;2],1,[1;1;1],0,[1;0;1]},{'A',[27;13;37],2,[2;1;2],1,4,[-5;-3;5],1,0},{'M',[1;1;32],2,[1;1;3],1,[0;0;NaN],[3;1;1],1,[NaN;NaN;5]},{'A',[772;284;96],3,[97;36;28],2,3,[-1;-1;-32],2,2},{'A',[395;123;41],4,[772;284;96],3,-1,[18;-38;-14],3,-1},{'M',[8;3;5],2,[1;1;3],1,[3;NaN;NaN],[5;3;5],1,[NaN;0;0]},{'A',[997;371;677],3,[8;3;5],2,7,[-27;-13;37],2,0},{'M',[5;3;10],2,[5;3;5],1,[0;0;1]},{'A',[177;12;188],3,[5;3;10],2,4,[97;-36;28],2,0},{'M',[20;3;5],2,[5;3;5],1,[2;0;0]},{'M',[5;128;384],2,[1;1;3],1,[NaN;7;7],[5;3;5],1,[0;NaN;NaN]},{'A',[30;-253;773],3,[20;3;5],2,0,[5;-128;384],2,1},{'A',[147;265;961],4,[177;12;188],3,0,[-30;253;773],3,0},{'M',[30;742;773],4,[997;371;677],3,[NaN;1;NaN],[30;-253;773],3,[0;NaN;0]},{'O',[30;742;773],4,[30;742;773],4,0},{'O',[147;265;961],4,[147;265;961],4,0},{'M',[997;24;768],4,[772;284;96],3,[NaN;NaN;3],[997;371;677],3,[0;NaN;NaN],[177;12;188],3,[NaN;1;NaN]},{'O',[997;24;768],4,[997;24;768],4,0},{'M',[708;152;677],4,[18;38;-14],3,[NaN;2;NaN],[997;371;677],3,[NaN;NaN;0],[177;12;188],3,[2;NaN;NaN]},{'O',[708;152;677],4,[708;152;677],4,0},{'O',[395;123;41],4,[395;123;41],4,0}}
# Add optimal = 1
# Mux optimal = 0
# Mux registers optimal = 0
# FAs optimal = 0
