Adder graph: {{'A',[9;-7;-7],1,[1;1;1],0,0,[1;-1;-1],0,3},{'A',[5;5;3],1,[1;1;1],0,2,[1;1;-1],0,0},{'M',[9;-7;-112],2,[9;-7;-7],1,[0;0;4]},{'M',[9;5;-28],2,[9;-7;-7],1,[0;NaN;2],[5;5;3],1,[NaN;0;NaN]},{'A',[81;-47;112],3,[9;-7;-112],2,0,[9;-5;28],2,3},{'M',[9;-224;192],2,[9;-7;-7],1,[0;5;NaN],[5;5;3],1,[NaN;NaN;6]},{'M',[40;-7;-7],2,[9;-7;-7],1,[NaN;0;0],[5;5;3],1,[3;NaN;NaN]},{'A',[-151;-252;164],3,[9;-224;192],2,0,[-40;-7;-7],2,2},{'M',[2;1;32],1,[1;1;1],0,[1;0;5]},{'M',[4;2;1],1,[1;1;1],0,[2;1;0]},{'A',[8;4;63],2,[2;1;32],1,1,[4;2;-1],1,0},{'A',[383;457;440],4,[81;-47;112],3,0,[151;252;164],3,1},{'R',[9;-7;-7],2,[9;-7;-7],1},{'A',[137;71;1001],3,[8;4;63],2,4,[9;7;-7],2,0},{'M',[64;2;1],1,[1;1;1],0,[6;1;0]},{'A',[133;1;1],2,[5;5;3],1,0,[64;-2;-1],1,1},{'M',[144;5;48],2,[9;-7;-7],1,[4;NaN;NaN],[5;5;3],1,[NaN;0;4]},{'M',[9;5;-14],2,[9;-7;-7],1,[0;NaN;1],[5;5;3],1,[NaN;0;NaN]},{'A',[1161;45;370],3,[144;5;48],2,3,[9;5;-14],2,0},{'M',[9;40;12],2,[9;-7;-7],1,[0;NaN;NaN],[5;5;3],1,[NaN;3;2]},{'M',[5;-448;-7],2,[9;-7;-7],1,[NaN;6;0],[5;5;3],1,[0;NaN;NaN]},{'A',[14;488;5],3,[9;40;12],2,0,[5;448;-7],2,0},{'M',[36;320;-7],2,[9;-7;-7],1,[2;NaN;0],[5;5;3],1,[NaN;6;NaN]},{'A',[205;641;15],3,[133;1;1],2,0,[36;320;7],2,1},{'O',[383;457;440],4,[383;457;440],4,0},{'M',[410;488;740],4,[1161;45;370],3,[NaN;NaN;1],[14;488;5],3,[NaN;0;NaN],[205;641;15],3,[1;NaN;NaN]},{'O',[410;488;740],4,[410;488;740],4,0},{'M',[820;45;896],4,[81;-47;112],3,[NaN;NaN;3],[1161;45;370],3,[NaN;0;NaN],[205;641;15],3,[2;NaN;NaN]},{'O',[820;45;896],4,[820;45;896],4,0},{'M',[137;568;1001],4,[137;71;1001],3,[0;3;0]},{'O',[137;568;1001],4,[137;568;1001],4,0},{'M',[14;641;5],4,[14;488;5],3,[0;NaN;0],[205;641;15],3,[NaN;0;NaN]},{'O',[14;641;5],4,[14;641;5],4,0}}
Adder graph: {{'R',[1;1;1],1,[1;1;1],0},{'R',[1;1;1],2,[1;1;1],1},{'M',[1;8;2],1,[1;1;1],0,[0;3;1]},{'M',[8;1;8],1,[1;1;1],0,[3;0;3]},{'A',[-31;12;-30],2,[1;8;2],1,0,[-8;1;-8],1,2},{'M',[1;8;8],1,[1;1;1],0,[0;3;3]},{'M',[16;1;1],1,[1;1;1],0,[4;0;0]},{'A',[17;9;7],2,[1;8;8],1,0,[16;1;-1],1,0},{'R',[1;1;1],3,[1;1;1],2},{'M',[1;9;7],3,[1;1;1],2,[0;NaN;NaN],[17;9;7],2,[NaN;0;0]},{'A',[-14;-142;-110],4,[1;1;1],3,1,[-1;-9;-7],3,4},{'A',[-26;-10;-6],3,[1;1;1],2,3,[-17;-9;-7],2,1},{'M',[128;4;1],1,[1;1;1],0,[7;2;0]},{'M',[16;1;2],1,[1;1;1],0,[4;0;1]},{'A',[-384;-28;-63],2,[128;4;1],1,0,[-16;-1;-2],1,5},{'A',[-60;-22;-58],3,[1;1;1],2,1,[-31;-12;-30],2,1},{'M',[-384;-112;1],3,[1;1;1],2,[NaN;NaN;0],[-384;-28;-63],2,[0;2;NaN]},{'A',[-410;-122;-5],4,[-26;-10;-6],3,0,[-384;-112;1],3,0},{'M',[17;1;-60],3,[1;1;1],2,[NaN;0;NaN],[-31;12;-30],2,[NaN;NaN;1],[17;9;7],2,[0;NaN;NaN]},{'A',[-137;-45;-56],4,[-60;-22;-58],3,1,[-17;-1;60],3,0},{'M',[2;1;14],3,[1;1;1],2,[1;0;NaN],[17;9;7],2,[NaN;NaN;1]},{'A',[-1662;-641;-370],4,[-26;-10;-6],3,6,[2;-1;14],3,0},{'M',[1;-448;-1008],3,[1;1;1],2,[0;NaN;NaN],[-384;-28;-63],2,[NaN;4;4]},{'M',[-384;9;7],3,[17;9;7],2,[NaN;0;0],[-384;-28;-63],2,[0;NaN;NaN]},{'A',[-383;-457;-1001],4,[1;-448;-1008],3,0,[-384;-9;7],3,0},{'M',[-383;-457;-440],5,[-14;-142;-110],4,[NaN;NaN;2],[-383;-457;-1001],4,[0;0;NaN]},{'O',[383;457;440],5,[383;457;440],5,0},{'M',[-410;-488;-740],5,[-410;-122;-5],4,[0;2;NaN],[-1662;-641;-370],4,[NaN;NaN;1]},{'O',[410;488;740],5,[410;488;740],5,0},{'M',[-820;-45;-896],5,[-410;-122;-5],4,[1;NaN;NaN],[-137;-45;-56],4,[NaN;0;4]},{'O',[820;45;896],5,[820;45;896],5,0},{'M',[-137;-568;-1001],5,[-14;-142;-110],4,[NaN;2;NaN],[-137;-45;-56],4,[0;NaN;NaN],[-383;-457;-1001],4,[NaN;NaN;0]},{'O',[137;568;1001],5,[137;568;1001],5,0},{'M',[-14;-641;-5],5,[-14;-142;-110],4,[0;NaN;NaN],[-410;-122;-5],4,[NaN;NaN;0],[-1662;-641;-370],4,[NaN;0;NaN]},{'O',[14;641;5],5,[14;641;5],5,0}}
Adder graph: {{'A',[520;504;504],1,[1;1;1],0,9,[1;-1;-1],0,3},{'A',[260;260;260],1,[1;1;1],0,8,[1;1;1],0,2},{'A',[9;9;-7],1,[1;1;1],0,0,[1;1;-1],0,3},{'A',[-1;-1;-1],1,[1;1;1],0,0,[-1;-1;-1],0,1},{'A',[192;320;192],1,[1;1;1],0,8,[-1;1;-1],0,6},{'M',[64;512;1],1,[1;1;1],0,[6;9;0]},{'A',[55;521;-6],2,[64;512;1],1,0,[-9;9;-7],1,0},{'M',[-64;504;1008],2,[520;504;504],1,[NaN;0;1],[-1;-1;-1],1,[6;NaN;NaN]},{'M',[-4;-16;-7],2,[9;9;-7],1,[NaN;NaN;0],[-1;-1;-1],1,[2;4;NaN]},{'A',[-60;488;1001],3,[-64;504;1008],2,0,[4;-16;-7],2,0},{'M',[-1;9;-7],2,[9;9;-7],1,[NaN;0;0],[-1;-1;-1],1,[0;NaN;NaN]},{'M',[384;36;192],2,[9;9;-7],1,[NaN;2;NaN],[192;320;192],1,[1;NaN;0]},{'A',[383;45;185],3,[-1;9;-7],2,0,[384;36;192],2,0},{'M',[260;-64;-1],2,[260;260;260],1,[0;NaN;NaN],[-1;-1;-1],1,[NaN;6;0]},{'A',[205;457;5],3,[260;-64;-1],2,0,[-55;521;6],2,0},{'M',[-1;320;-16],2,[-1;-1;-1],1,[0;NaN;4],[192;320;192],1,[NaN;0;NaN]},{'M',[9;-1;-256],2,[9;9;-7],1,[0;NaN;NaN],[-1;-1;-1],1,[NaN;0;8]},{'A',[7;641;224],3,[-1;320;-16],2,1,[9;1;256],2,0},{'M',[9;640;192],2,[9;9;-7],1,[0;NaN;NaN],[192;320;192],1,[NaN;1;0]},{'M',[-32;18;-7],2,[9;9;-7],1,[NaN;1;0],[-1;-1;-1],1,[5;NaN;NaN]},{'A',[137;568;220],3,[9;640;192],2,0,[32;-18;7],2,2},{'M',[383;457;440],4,[383;45;185],3,[0;NaN;NaN],[205;457;5],3,[NaN;0;NaN],[137;568;220],3,[NaN;NaN;1]},{'O',[383;457;440],4,[383;457;440],4,0},{'M',[410;488;740],4,[-60;488;1001],3,[NaN;0;NaN],[383;45;185],3,[NaN;NaN;2],[205;457;5],3,[1;NaN;NaN]},{'O',[410;488;740],4,[410;488;740],4,0},{'M',[820;45;896],4,[383;45;185],3,[NaN;0;NaN],[205;457;5],3,[2;NaN;NaN],[7;641;224],3,[NaN;NaN;2]},{'O',[820;45;896],4,[820;45;896],4,0},{'M',[137;568;1001],4,[-60;488;1001],3,[NaN;NaN;0],[137;568;220],3,[0;0;NaN]},{'O',[137;568;1001],4,[137;568;1001],4,0},{'M',[14;641;5],4,[205;457;5],3,[NaN;NaN;0],[7;641;224],3,[1;0;NaN]},{'O',[14;641;5],4,[14;641;5],4,0}}
Adder graph: {{'A',[3;5;5],1,[1;1;1],0,2,[-1;1;1],0,0},{'M',[3;80;5],2,[3;5;5],1,[0;4;0]},{'R',[3;5;5],2,[3;5;5],1},{'A',[-3;90;-5],3,[3;80;5],2,0,[-3;5;-5],2,1},{'A',[-1;-1;3],1,[1;1;1],0,0,[-1;-1;1],0,1},{'M',[64;64;1],1,[1;1;1],0,[6;6;0]},{'M',[8;1;8],1,[1;1;1],0,[3;0;3]},{'A',[72;63;-7],2,[64;64;1],1,0,[8;-1;-8],1,0},{'A',[65;63;63],1,[1;1;1],0,6,[1;-1;-1],0,0},{'M',[-1;-1;2560],2,[3;5;5],1,[NaN;NaN;9],[-1;-1;3],1,[0;0;NaN]},{'A',[383;-641;1920],3,[-1;-1;2560],2,0,[3;-5;-5],2,7},{'M',[12;-1;24],2,[3;5;5],1,[2;NaN;NaN],[-1;-1;3],1,[NaN;0;3]},{'A',[-24;71;185],3,[72;63;-7],2,0,[-12;1;24],2,3},{'M',[128;16;1],1,[1;1;1],0,[7;4;0]},{'A',[193;-47;64],2,[128;16;1],1,0,[65;-63;63],1,0},{'M',[65;-2;1008],2,[-1;-1;3],1,[NaN;1;NaN],[65;63;63],1,[0;NaN;4]},{'A',[137;61;1001],3,[72;63;-7],2,0,[65;-2;1008],2,0},{'M',[-2;5;96],2,[3;5;5],1,[NaN;0;NaN],[-1;-1;3],1,[1;NaN;5]},{'M',[3;10;10],2,[3;5;5],1,[0;1;1]},{'A',[-14;45;56],3,[-2;5;96],2,0,[-3;10;-10],2,2},{'M',[3;126;126],2,[3;5;5],1,[0;NaN;NaN],[65;63;63],1,[NaN;1;1]},{'A',[205;457;440],3,[3;126;126],2,2,[193;-47;-64],2,0},{'M',[383;457;440],4,[383;-641;1920],3,[0;NaN;NaN],[205;457;440],3,[NaN;0;0]},{'O',[383;457;440],4,[383;457;440],4,0},{'M',[205;244;370],4,[-24;71;185],3,[NaN;NaN;1],[137;61;1001],3,[NaN;2;NaN],[205;457;440],3,[0;NaN;NaN]},{'O',[410;488;740],4,[205;244;370],4,1},{'M',[820;45;896],4,[-14;45;56],3,[NaN;0;4],[205;457;440],3,[2;NaN;NaN]},{'O',[820;45;896],4,[820;45;896],4,0},{'M',[137;568;1001],4,[-24;71;185],3,[NaN;3;NaN],[137;61;1001],3,[0;NaN;0]},{'O',[137;568;1001],4,[137;568;1001],4,0},{'M',[-14;-641;-5],4,[-3;90;-5],3,[NaN;NaN;0],[383;-641;1920],3,[NaN;0;NaN],[-14;45;56],3,[0;NaN;NaN]},{'O',[14;641;5],4,[14;641;5],4,0}}
Adder graph: {{'A',[-15;-15;-15],1,[1;1;1],0,0,[-1;-1;-1],0,4},{'M',[1;16;1],1,[1;1;1],0,[0;4;0]},{'A',[-7;-143;-7],2,[-15;-15;-15],1,0,[1;-16;1],1,3},{'M',[8;1;1],1,[1;1;1],0,[3;0;0]},{'M',[1;1;2],1,[1;1;1],0,[0;0;1]},{'A',[63;9;6],2,[8;1;1],1,3,[-1;1;-2],1,0},{'A',[15;17;15],1,[1;1;1],0,4,[-1;1;-1],0,0},{'M',[32;1;32],1,[1;1;1],0,[5;0;5]},{'A',[92;67;28],2,[15;17;15],1,2,[32;-1;-32],1,0},{'M',[1;2;16],1,[1;1;1],0,[0;1;4]},{'A',[47;79;497],2,[1;2;16],1,5,[15;15;-15],1,0},{'M',[252;316;-7],3,[-7;-143;-7],2,[NaN;NaN;0],[63;9;6],2,[2;NaN;NaN],[47;79;497],2,[NaN;2;NaN]},{'M',[47;72;48],3,[63;9;6],2,[NaN;3;3],[47;79;497],2,[0;NaN;NaN]},{'A',[205;244;-55],4,[252;316;-7],3,0,[-47;-72;-48],3,0},{'M',[-112;-143;-7],3,[-7;-143;-7],2,[4;0;0]},{'M',[63;36;6],3,[63;9;6],2,[0;2;0]},{'A',[14;-71;5],4,[-112;-143;-7],3,0,[63;36;6],3,1},{'M',[-7;9;-7],3,[-7;-143;-7],2,[0;NaN;0],[63;9;6],2,[NaN;0;NaN]},{'M',[188;316;-7],3,[-7;-143;-7],2,[NaN;NaN;0],[47;79;497],2,[2;2;NaN]},{'A',[-383;641;7],4,[-7;9;-7],3,0,[-188;316;7],3,1},{'M',[2016;9;192],3,[63;9;6],2,[5;0;5]},{'M',[47;9;28],3,[63;9;6],2,[NaN;0;NaN],[92;67;28],2,[NaN;NaN;0],[47;79;497],2,[0;NaN;NaN]},{'A',[8017;45;740],4,[2016;9;192],3,2,[-47;9;-28],3,0},{'M',[47;79;-7],3,[-7;-143;-7],2,[NaN;NaN;0],[47;79;497],2,[0;0;NaN]},{'M',[92;268;497],3,[92;67;28],2,[0;2;NaN],[47;79;497],2,[NaN;NaN;0]},{'A',[-137;-457;-1001],4,[47;79;-7],3,0,[-92;-268;-497],3,1},{'M',[-383;-457;-440],5,[205;244;-55],4,[NaN;NaN;3],[-383;641;7],4,[0;NaN;NaN],[-137;-457;-1001],4,[NaN;0;NaN]},{'O',[383;457;440],5,[383;457;440],5,0},{'M',[410;488;740],5,[205;244;-55],4,[1;1;NaN],[8017;45;740],4,[NaN;NaN;0]},{'O',[410;488;740],5,[410;488;740],5,0},{'M',[820;45;896],5,[205;244;-55],4,[2;NaN;NaN],[-383;641;7],4,[NaN;NaN;7],[8017;45;740],4,[NaN;0;NaN]},{'O',[820;45;896],5,[820;45;896],5,0},{'M',[-137;-568;-1001],5,[14;-71;5],4,[NaN;3;NaN],[-137;-457;-1001],4,[0;NaN;0]},{'O',[137;568;1001],5,[137;568;1001],5,0},{'M',[14;641;5],5,[14;-71;5],4,[0;NaN;0],[-383;641;7],4,[NaN;0;NaN]},{'O',[14;641;5],5,[14;641;5],5,0}}
Adder graph: {{'M',[32;32;1],1,[1;1;1],0,[5;5;0]},{'M',[1;1;4],1,[1;1;1],0,[0;0;2]},{'A',[257;255;4],2,[32;32;1],1,3,[1;-1;-4],1,0},{'A',[264;248;264],1,[1;1;1],0,8,[1;-1;1],0,3},{'A',[9;-7;9],1,[1;1;1],0,0,[1;-1;1],0,3},{'M',[1;8;2],1,[1;1;1],0,[0;3;1]},{'A',[73;519;119],2,[1;8;2],1,6,[9;7;-9],1,0},{'M',[264;-896;9],2,[264;248;264],1,[0;NaN;NaN],[9;-7;9],1,[NaN;7;0]},{'A',[-7;-641;-5],3,[257;255;4],2,0,[-264;-896;-9],2,0},{'M',[4;1;8],1,[1;1;1],0,[2;0;3]},{'M',[128;32;1],1,[1;1;1],0,[7;5;0]},{'A',[132;-31;7],2,[4;1;8],1,0,[128;-32;-1],1,0},{'A',[205;488;112],3,[73;519;119],2,0,[132;-31;-7],2,0},{'M',[528;-1792;264],2,[264;248;264],1,[1;NaN;0],[9;-7;9],1,[NaN;8;NaN]},{'A',[820;284;740],3,[73;519;119],2,2,[528;-1792;264],2,0},{'M',[1;4;256],1,[1;1;1],0,[0;2;8]},{'M',[1;2;16],1,[1;1;1],0,[0;1;4]},{'A',[5;14;1008],2,[1;4;256],1,2,[1;-2;-16],1,0},{'M',[320;-31;476],3,[73;519;119],2,[NaN;NaN;2],[132;-31;7],2,[NaN;0;NaN],[5;14;1008],2,[6;NaN;NaN]},{'M',[257;519;512],3,[257;255;4],2,[0;NaN;7],[73;519;119],2,[NaN;0;NaN]},{'A',[383;457;440],4,[320;-31;476],3,1,[-257;519;-512],3,0},{'A',[137;45;1001],3,[5;14;1008],2,0,[132;31;-7],2,0},{'O',[383;457;440],4,[383;457;440],4,0},{'M',[410;488;740],4,[205;488;112],3,[1;0;NaN],[820;284;740],3,[NaN;NaN;0]},{'O',[410;488;740],4,[410;488;740],4,0},{'M',[820;45;896],4,[205;488;112],3,[NaN;NaN;3],[820;284;740],3,[0;NaN;NaN],[137;45;1001],3,[NaN;0;NaN]},{'O',[820;45;896],4,[820;45;896],4,0},{'M',[137;568;1001],4,[820;284;740],3,[NaN;1;NaN],[137;45;1001],3,[0;NaN;0]},{'O',[137;568;1001],4,[137;568;1001],4,0},{'M',[-14;-641;-5],4,[-7;-641;-5],3,[1;0;0]},{'O',[14;641;5],4,[14;641;5],4,0}}
Adder graph: {{'A',[65;65;-63],1,[1;1;1],0,0,[1;1;-1],0,6},{'M',[65;4160;-4032],2,[65;65;-63],1,[0;6;6]},{'M',[65;65;-504],2,[65;65;-63],1,[0;0;3]},{'A',[0;131040;-145152],3,[65;4160;-4032],2,5,[-65;-65;-504],2,5},{'M',[1;64;64],1,[1;1;1],0,[0;6;6]},{'M',[1;64;32],1,[1;1;1],0,[0;6;5]},{'A',[-7;-448;-192],2,[1;64;64],1,0,[-1;-64;-32],1,3},{'A',[7;9;7],1,[1;1;1],0,3,[-1;1;-1],0,0},{'M',[16;8;1],1,[1;1;1],0,[4;3;0]},{'A',[270;110;2],2,[16;8;1],1,4,[7;-9;-7],1,1},{'M',[65;65;-1008],2,[65;65;-63],1,[0;0;4]},{'M',[448;576;7],2,[7;9;7],1,[6;6;0]},{'A',[-383;641;-1001],3,[65;65;-1008],2,0,[-448;576;7],2,0},{'A',[130;-126;130],1,[1;1;1],0,1,[1;-1;1],0,7},{'M',[7;-126;7],2,[7;9;7],1,[0;NaN;0],[130;-126;130],1,[NaN;0;NaN]},{'M',[7;130;7],2,[65;65;-63],1,[NaN;1;NaN],[7;9;7],1,[0;NaN;0]},{'A',[14;-244;14],3,[7;-126;7],2,2,[-7;130;-7],2,1},{'M',[65;65;112],2,[65;65;-63],1,[0;0;NaN],[7;9;7],1,[NaN;NaN;4]},{'A',[205;45;-110],3,[270;110;2],2,0,[-65;-65;-112],2,0},{'M',[65;-252;7],2,[65;65;-63],1,[0;NaN;NaN],[7;9;7],1,[NaN;NaN;0],[130;-126;130],1,[NaN;1;NaN]},{'A',[-205;-142;5],3,[65;-252;7],2,0,[-270;110;-2],2,0},{'M',[130;9;7],2,[7;9;7],1,[NaN;0;0],[130;-126;130],1,[0;NaN;NaN]},{'A',[-137;-457;-185],3,[-7;-448;-192],2,0,[-130;-9;7],2,0},{'M',[-383;-457;-440],4,[-383;641;-1001],3,[0;NaN;NaN],[205;45;-110],3,[NaN;NaN;2],[-137;-457;-185],3,[NaN;0;NaN]},{'O',[383;457;440],4,[383;457;440],4,0},{'M',[-205;-244;-370],4,[14;-244;14],3,[NaN;0;NaN],[-205;-142;5],3,[0;NaN;NaN],[-137;-457;-185],3,[NaN;NaN;1]},{'O',[410;488;740],4,[205;244;370],4,1},{'M',[820;45;896],4,[14;-244;14],3,[NaN;NaN;6],[205;45;-110],3,[2;0;NaN]},{'O',[820;45;896],4,[820;45;896],4,0},{'M',[-137;-568;-1001],4,[-383;641;-1001],3,[NaN;NaN;0],[-205;-142;5],3,[NaN;2;NaN],[-137;-457;-185],3,[0;NaN;NaN]},{'O',[137;568;1001],4,[137;568;1001],4,0},{'M',[14;641;5],4,[-383;641;-1001],3,[NaN;0;NaN],[14;-244;14],3,[0;NaN;NaN],[-205;-142;5],3,[NaN;NaN;0]},{'O',[14;641;5],4,[14;641;5],4,0}}
Adder graph: {{'M',[1;1;2],1,[1;1;1],0,[0;0;1]},{'M',[1;4;4],1,[1;1;1],0,[0;2;2]},{'A',[5;8;4],2,[1;1;2],1,2,[1;4;-4],1,0},{'A',[9;9;9],1,[1;1;1],0,3,[1;1;1],0,0},{'M',[9;576;9],2,[9;9;9],1,[0;6;0]},{'A',[14;568;5],3,[9;576;9],2,0,[5;-8;-4],2,0},{'M',[256;1;1],1,[1;1;1],0,[8;0;0]},{'M',[1;1;16],1,[1;1;1],0,[0;0;4]},{'A',[511;3;18],2,[256;1;1],1,1,[-1;1;16],1,0},{'M',[4;1;16],1,[1;1;1],0,[2;0;4]},{'M',[1;1;64],1,[1;1;1],0,[0;0;6]},{'A',[132;28;256],2,[4;1;16],1,5,[1;-1;-64],1,2},{'M',[128;1;1024],1,[1;1;1],0,[7;0;10]},{'M',[8;16;1],1,[1;1;1],0,[3;4;0]},{'A',[-128;-511;992],2,[128;1;1024],1,0,[-8;-16;-1],1,5},{'A',[4408;488;112],3,[5;8;4],2,6,[511;-3;-18],2,3},{'R',[1;1;1],1,[1;1;1],0},{'A',[73;73;-71],2,[1;1;1],1,0,[9;9;-9],1,3},{'M',[9;1152;9],2,[9;9;9],1,[0;7;0]},{'A',[137;641;1001],3,[9;1152;9],2,0,[128;-511;992],2,0},{'M',[-128;384;512],3,[511;3;18],2,[NaN;7;NaN],[132;28;256],2,[NaN;NaN;1],[-128;-511;992],2,[0;NaN;NaN]},{'M',[511;73;72],3,[511;3;18],2,[0;NaN;2],[73;73;-71],2,[NaN;0;NaN]},{'A',[383;457;440],4,[-128;384;512],3,0,[511;73;-72],3,0},{'A',[205;45;185],3,[73;73;-71],2,0,[132;-28;256],2,0},{'O',[383;457;440],4,[383;457;440],4,0},{'M',[410;488;740],4,[4408;488;112],3,[NaN;0;NaN],[205;45;185],3,[1;NaN;2]},{'O',[410;488;740],4,[410;488;740],4,0},{'M',[820;45;896],4,[4408;488;112],3,[NaN;NaN;3],[205;45;185],3,[2;0;NaN]},{'O',[820;45;896],4,[820;45;896],4,0},{'M',[137;568;1001],4,[14;568;5],3,[NaN;0;NaN],[137;641;1001],3,[0;NaN;0]},{'O',[137;568;1001],4,[137;568;1001],4,0},{'M',[14;641;5],4,[14;568;5],3,[0;NaN;0],[137;641;1001],3,[NaN;0;NaN]},{'O',[14;641;5],4,[14;641;5],4,0}}
Adder graph: {{'A',[1;1;0],1,[1;1;1],0,-1,[1;1;-1],0,-1},{'A',[3;5;5],1,[1;1;1],0,2,[-1;1;1],0,0},{'M',[2;1;256],1,[1;1;1],0,[1;0;8]},{'M',[128;1;1],1,[1;1;1],0,[7;0;0]},{'A',[136;5;1025],2,[2;1;256],1,2,[128;1;1],1,0},{'A',[544;-480;-480],1,[1;1;1],0,5,[1;-1;-1],0,9},{'A',[3;3;3],1,[1;1;1],0,1,[1;1;1],0,0},{'M',[1;128;0],2,[1;1;0],1,[0;7;7]},{'M',[3;24;5],2,[3;5;5],1,[0;NaN;0],[3;3;3],1,[NaN;3;NaN]},{'A',[7;488;5],3,[1;128;0],2,2,[3;-24;5],2,0},{'M',[2;1;1],1,[1;1;1],0,[1;0;0]},{'A',[26;23;25],2,[3;3;3],1,3,[2;-1;1],1,0},{'M',[1;1;10],2,[1;1;0],1,[0;0;NaN],[3;5;5],1,[NaN;NaN;1]},{'M',[384;640;3],2,[3;5;5],1,[7;7;NaN],[3;3;3],1,[NaN;NaN;0]},{'A',[-383;641;7],3,[1;1;10],2,0,[-384;640;-3],2,0},{'M',[1;40;24],2,[1;1;0],1,[0;NaN;NaN],[3;5;5],1,[NaN;3;NaN],[3;3;3],1,[NaN;NaN;3]},{'A',[137;45;1001],3,[136;5;1025],2,0,[1;40;-24],2,0},{'M',[24;3;10],2,[3;5;5],1,[NaN;NaN;1],[3;3;3],1,[3;0;NaN]},{'A',[410;71;185],3,[24;3;10],2,4,[26;23;25],2,0},{'M',[3;-480;80],2,[3;5;5],1,[0;NaN;4],[544;-480;-480],1,[NaN;0;NaN]},{'A',[29;-457;-55],3,[26;23;25],2,0,[3;-480;-80],2,0},{'M',[-383;-457;-440],4,[-383;641;7],3,[0;NaN;NaN],[29;-457;-55],3,[NaN;0;3]},{'O',[383;457;440],4,[383;457;440],4,0},{'M',[410;488;740],4,[7;488;5],3,[NaN;0;NaN],[410;71;185],3,[0;NaN;2]},{'O',[410;488;740],4,[410;488;740],4,0},{'M',[820;45;896],4,[-383;641;7],3,[NaN;NaN;7],[137;45;1001],3,[NaN;0;NaN],[410;71;185],3,[1;NaN;NaN]},{'O',[820;45;896],4,[820;45;896],4,0},{'M',[137;568;1001],4,[137;45;1001],3,[0;NaN;0],[410;71;185],3,[NaN;3;NaN]},{'O',[137;568;1001],4,[137;568;1001],4,0},{'M',[14;641;5],4,[7;488;5],3,[1;NaN;0],[-383;641;7],3,[NaN;0;NaN]},{'O',[14;641;5],4,[14;641;5],4,0}}
Adder graph: {{'A',[12;20;12],1,[1;1;1],0,4,[-1;1;-1],0,2},{'M',[2;1;4],1,[1;1;1],0,[1;0;2]},{'A',[26;41;28],2,[2;1;4],1,0,[12;20;12],1,1},{'A',[28;36;28],1,[1;1;1],0,5,[-1;1;-1],0,2},{'A',[66;62;66],1,[1;1;1],0,6,[1;-1;1],0,1},{'M',[28;160;28],2,[12;20;12],1,[NaN;3;NaN],[28;36;28],1,[0;NaN;0]},{'M',[66;72;56],2,[28;36;28],1,[NaN;1;1],[66;62;66],1,[0;NaN;NaN]},{'A',[46;568;56],3,[28;160;28],2,2,[-66;-72;-56],2,0},{'R',[1;1;1],1,[1;1;1],0},{'M',[8;1;1],2,[1;1;1],1,[3;0;0]},{'M',[1;640;4],2,[12;20;12],1,[NaN;5;NaN],[1;1;1],1,[0;NaN;2]},{'A',[7;641;5],3,[8;1;1],2,0,[-1;640;4],2,0},{'A',[25;-39;-23],2,[1;1;1],1,0,[12;-20;-12],1,1},{'M',[384;62;56],2,[12;20;12],1,[5;NaN;NaN],[28;36;28],1,[NaN;NaN;1],[66;62;66],1,[NaN;0;NaN]},{'M',[1;1;384],2,[12;20;12],1,[NaN;NaN;5],[1;1;1],1,[0;0;NaN]},{'A',[383;61;440],3,[384;62;56],2,0,[-1;-1;384],2,0},{'M',[96;1;192],2,[12;20;12],1,[3;NaN;4],[1;1;1],1,[NaN;0;NaN]},{'A',[410;45;740],3,[96;1;192],2,2,[26;41;-28],2,0},{'M',[28;124;256],2,[28;36;28],1,[0;NaN;NaN],[66;62;66],1,[NaN;1;NaN],[1;1;1],1,[NaN;NaN;8]},{'A',[137;457;1001],3,[28;124;256],2,2,[25;-39;-23],2,0},{'M',[383;457;440],4,[383;61;440],3,[0;NaN;0],[137;457;1001],3,[NaN;0;NaN]},{'O',[383;457;440],4,[383;457;440],4,0},{'M',[410;488;740],4,[383;61;440],3,[NaN;3;NaN],[410;45;740],3,[0;NaN;0]},{'O',[410;488;740],4,[410;488;740],4,0},{'M',[820;45;896],4,[46;568;56],3,[NaN;NaN;4],[410;45;740],3,[1;0;NaN]},{'O',[820;45;896],4,[820;45;896],4,0},{'M',[137;568;1001],4,[46;568;56],3,[NaN;0;NaN],[137;457;1001],3,[0;NaN;0]},{'O',[137;568;1001],4,[137;568;1001],4,0},{'M',[14;641;5],4,[7;641;5],3,[1;0;0]},{'O',[14;641;5],4,[14;641;5],4,0}}
Adder graph: {{'A',[7;9;7],1,[1;1;1],0,3,[-1;1;-1],0,0},{'A',[96;96;160],1,[1;1;1],0,7,[-1;-1;1],0,5},{'M',[7;18;14],2,[7;9;7],1,[0;1;1]},{'M',[7;9;28],2,[7;9;7],1,[0;0;2]},{'A',[7;45;56],3,[7;18;14],2,1,[-7;9;28],2,0},{'M',[1;16;64],1,[1;1;1],0,[0;4;6]},{'A',[26;4;-100],2,[7;9;7],1,2,[-1;-16;-64],1,1},{'A',[4;4;12],1,[1;1;1],0,3,[-1;-1;1],0,2},{'A',[65;63;63],1,[1;1;1],0,6,[1;-1;-1],0,0},{'M',[192;63;320],2,[96;96;160],1,[1;NaN;1],[65;63;63],1,[NaN;0;NaN]},{'A',[410;122;740],3,[192;63;320],2,1,[26;-4;100],2,0},{'M',[512;1;4],1,[1;1;1],0,[9;0;2]},{'M',[1;64;8],1,[1;1;1],0,[0;6;3]},{'A',[513;65;12],2,[512;1;4],1,0,[1;64;8],1,0},{'M',[65;63;504],2,[65;63;63],1,[0;0;3]},{'M',[7;16;7],2,[7;9;7],1,[0;NaN;0],[4;4;12],1,[NaN;2;NaN]},{'A',[137;142;1001],3,[65;63;504],2,1,[7;16;-7],2,0},{'M',[130;576;7],2,[7;9;7],1,[NaN;6;0],[65;63;63],1,[1;NaN;NaN]},{'A',[383;641;5],3,[513;65;12],2,0,[-130;576;-7],2,0},{'M',[65;63;14],2,[7;9;7],1,[NaN;NaN;1],[65;63;63],1,[0;0;NaN]},{'A',[4039;457;110],3,[513;65;12],2,3,[-65;-63;14],2,0},{'M',[383;457;440],4,[383;641;5],3,[0;NaN;NaN],[4039;457;110],3,[NaN;0;2]},{'O',[383;457;440],4,[383;457;440],4,0},{'M',[410;488;740],4,[410;122;740],3,[0;2;0]},{'O',[410;488;740],4,[410;488;740],4,0},{'M',[820;45;896],4,[7;45;56],3,[NaN;0;4],[410;122;740],3,[1;NaN;NaN]},{'O',[820;45;896],4,[820;45;896],4,0},{'M',[137;568;1001],4,[137;142;1001],3,[0;2;0]},{'O',[137;568;1001],4,[137;568;1001],4,0},{'M',[14;641;5],4,[7;45;56],3,[1;NaN;NaN],[383;641;5],3,[NaN;0;0]},{'O',[14;641;5],4,[14;641;5],4,0}}
Adder graph: {{'A',[448;448;576],1,[1;1;1],0,9,[-1;-1;1],0,6},{'M',[2;1;2],1,[1;1;1],0,[1;0;1]},{'M',[1;8;8],1,[1;1;1],0,[0;3;3]},{'A',[36;-254;-252],2,[2;1;2],1,1,[1;-8;-8],1,5},{'A',[192;192;192],1,[1;1;1],0,6,[1;1;1],0,7},{'A',[7;9;7],1,[1;1;1],0,3,[-1;1;-1],0,0},{'M',[1;256;1],1,[1;1;1],0,[0;8;0]},{'M',[512;1;1],1,[1;1;1],0,[9;0;0]},{'A',[513;255;2],2,[1;256;1],1,0,[512;-1;1],1,0},{'M',[1;2;4],1,[1;1;1],0,[0;1;2]},{'A',[191;194;196],2,[192;192;192],1,0,[-1;2;4],1,0},{'M',[14;18;192],2,[192;192;192],1,[NaN;NaN;0],[7;9;7],1,[1;1;NaN]},{'M',[14;9;14],2,[7;9;7],1,[1;0;1]},{'A',[14;45;370],3,[14;18;192],2,1,[-14;9;-14],2,0},{'M',[7;448;7],2,[448;448;576],1,[NaN;0;NaN],[7;9;7],1,[0;NaN;0]},{'A',[-137;-568;-1001],3,[7;448;7],2,0,[-36;-254;-252],2,2},{'M',[384;9;384],2,[192;192;192],1,[1;NaN;1],[7;9;7],1,[NaN;0;NaN]},{'M',[448;448;56],2,[448;448;576],1,[0;0;NaN],[7;9;7],1,[NaN;NaN;3]},{'A',[832;457;440],3,[384;9;384],2,0,[448;448;56],2,0},{'M',[7;36;14],2,[7;9;7],1,[0;2;1]},{'A',[205;122;224],3,[191;194;196],2,0,[7;-36;14],2,1},{'M',[896;896;7],2,[448;448;576],1,[1;1;NaN],[7;9;7],1,[NaN;NaN;0]},{'A',[383;641;5],3,[896;896;7],2,0,[-513;-255;-2],2,0},{'M',[383;457;440],4,[832;457;440],3,[NaN;0;0],[383;641;5],3,[0;NaN;NaN]},{'O',[383;457;440],4,[383;457;440],4,0},{'M',[205;244;370],4,[14;45;370],3,[NaN;NaN;0],[205;122;224],3,[0;1;NaN]},{'O',[410;488;740],4,[205;244;370],4,1},{'M',[820;45;896],4,[14;45;370],3,[NaN;0;NaN],[205;122;224],3,[2;NaN;2]},{'O',[820;45;896],4,[820;45;896],4,0},{'R',[-137;-568;-1001],4,[-137;-568;-1001],3},{'O',[137;568;1001],4,[137;568;1001],4,0},{'M',[14;641;5],4,[14;45;370],3,[0;NaN;NaN],[383;641;5],3,[NaN;0;0]},{'O',[14;641;5],4,[14;641;5],4,0}}
Adder graph: {{'M',[8;8;1],1,[1;1;1],0,[3;3;0]},{'M',[1;8;8],1,[1;1;1],0,[0;3;3]},{'A',[7;16;-7],2,[8;8;1],1,0,[-1;8;-8],1,0},{'A',[7;7;9],1,[1;1;1],0,3,[-1;-1;1],0,0},{'A',[9;9;7],1,[1;1;1],0,3,[1;1;-1],0,0},{'M',[9;9;896],2,[9;9;7],1,[0;0;7]},{'M',[36;7;28],2,[7;7;9],1,[NaN;0;NaN],[9;9;7],1,[2;NaN;2]},{'A',[2313;457;-896],3,[9;9;896],2,0,[36;7;-28],2,6},{'A',[65;-63;-63],1,[1;1;1],0,0,[1;-1;-1],0,6},{'M',[16;2;1],1,[1;1;1],0,[4;1;0]},{'A',[28;44;32],2,[16;2;1],1,2,[-9;9;7],1,2},{'M',[65;-63;72],2,[7;7;9],1,[NaN;NaN;3],[65;-63;-63],1,[0;0;NaN]},{'A',[383;641;440],3,[28;44;32],2,4,[-65;-63;-72],2,0},{'M',[16;16;1],1,[1;1;1],0,[4;4;0]},{'A',[-392;-376;-496],2,[16;16;1],1,3,[-65;-63;-63],1,3},{'M',[9;56;-63],2,[7;7;9],1,[NaN;3;NaN],[9;9;7],1,[0;NaN;NaN],[65;-63;-63],1,[NaN;NaN;0]},{'A',[-410;-488;-370],3,[-392;-376;-496],2,0,[-9;-56;63],2,1},{'M',[65;-63;-504],2,[65;-63;-63],1,[0;0;3]},{'A',[137;142;1001],3,[7;16;-7],2,0,[65;63;504],2,1},{'M',[7;18;14],2,[7;7;9],1,[0;NaN;NaN],[9;9;7],1,[NaN;1;1]},{'M',[7;-63;9],2,[7;7;9],1,[0;NaN;0],[65;-63;-63],1,[NaN;0;NaN]},{'A',[14;-45;5],3,[7;18;14],2,0,[7;-63;-9],2,0},{'M',[383;457;440],4,[2313;457;-896],3,[NaN;0;NaN],[383;641;440],3,[0;NaN;0]},{'O',[383;457;440],4,[383;457;440],4,0},{'M',[-410;-488;-740],4,[-410;-488;-370],3,[0;0;1]},{'O',[410;488;740],4,[410;488;740],4,0},{'M',[-820;-45;-896],4,[2313;457;-896],3,[NaN;NaN;0],[-410;-488;-370],3,[1;NaN;NaN],[14;-45;5],3,[NaN;0;NaN]},{'O',[820;45;896],4,[820;45;896],4,0},{'M',[137;568;1001],4,[137;142;1001],3,[0;2;0]},{'O',[137;568;1001],4,[137;568;1001],4,0},{'M',[14;641;5],4,[383;641;440],3,[NaN;0;NaN],[14;-45;5],3,[0;NaN;0]},{'O',[14;641;5],4,[14;641;5],4,0}}
Adder graph: {{'M',[1;1;8],1,[1;1;1],0,[0;0;3]},{'M',[1;16;16],1,[1;1;1],0,[0;4;4]},{'A',[-15;-255;-248],2,[1;1;8],1,0,[-1;-16;-16],1,4},{'A',[3;3;1],1,[1;1;1],0,1,[1;1;-1],0,0},{'M',[2;2;1],1,[1;1;1],0,[1;1;0]},{'A',[190;194;63],2,[3;3;1],1,6,[-2;2;-1],1,0},{'M',[1;2;2],1,[1;1;1],0,[0;1;1]},{'M',[1;16;1],1,[1;1;1],0,[0;4;0]},{'A',[0;-896;192],2,[1;2;2],1,6,[-1;-16;1],1,6},{'M',[1;32;1],1,[1;1;1],0,[0;5;0]},{'A',[17;48;9],2,[2;2;1],1,3,[1;32;1],1,0},{'M',[1;1;16],1,[1;1;1],0,[0;0;4]},{'A',[184;184;192],2,[3;3;1],1,6,[-1;-1;16],1,3},{'A',[-15;-641;-56],3,[0;-896;192],2,0,[-15;255;-248],2,0},{'M',[-30;-510;-248],3,[-15;-255;-248],2,[1;1;0]},{'M',[17;1472;9],3,[17;48;9],2,[0;NaN;0],[184;184;192],2,[NaN;3;NaN]},{'A',[-137;-568;-1001],4,[-30;-510;-248],3,2,[-17;1472;-9],3,0},{'M',[368;184;384],3,[184;184;192],2,[1;0;1]},{'A',[-383;-457;-440],4,[-15;-641;-56],3,0,[-368;184;-384],3,0},{'M',[3;3;4],2,[3;3;1],1,[0;0;2]},{'A',[-14;-45;-5],3,[3;3;4],2,0,[-17;-48;-9],2,0},{'A',[-205;-61;-185],3,[-15;-255;-248],2,0,[-190;194;63],2,0},{'O',[383;457;440],4,[383;457;440],4,0},{'M',[-205;-244;-370],4,[-205;-61;-185],3,[0;2;1]},{'O',[410;488;740],4,[205;244;370],4,1},{'M',[-820;-45;-896],4,[-15;-641;-56],3,[NaN;NaN;4],[-14;-45;-5],3,[NaN;0;NaN],[-205;-61;-185],3,[2;NaN;NaN]},{'O',[820;45;896],4,[820;45;896],4,0},{'O',[137;568;1001],4,[137;568;1001],4,0},{'M',[-14;-641;-5],4,[-15;-641;-56],3,[NaN;0;NaN],[-14;-45;-5],3,[0;NaN;0]},{'O',[14;641;5],4,[14;641;5],4,0}}
Adder graph: {{'R',[1;1;1],1,[1;1;1],0},{'M',[64;64;1],1,[1;1;1],0,[6;6;0]},{'A',[129;129;1],2,[64;64;1],1,1,[1;1;-1],1,0},{'A',[18;14;18],2,[1;1;1],1,4,[1;-1;1],1,1},{'M',[128;128;1],2,[1;1;1],1,[7;7;0]},{'A',[383;641;5],3,[128;128;1],2,2,[-129;129;1],2,0},{'M',[1;4;1],2,[1;1;1],1,[0;2;0]},{'A',[14;142;14],3,[1;4;1],2,5,[-18;14;-18],2,0},{'A',[17;-15;-15],1,[1;1;1],0,0,[1;-1;-1],0,4},{'M',[1;1;32],1,[1;1;1],0,[0;0;5]},{'A',[69;-59;-92],2,[17;-15;-15],1,2,[1;1;-32],1,0},{'A',[516;516;508],1,[1;1;1],0,9,[1;1;-1],0,2},{'M',[4;4;1],2,[1;1;1],1,[2;2;0]},{'A',[568;488;740],3,[4;4;1],2,2,[69;59;92],2,3},{'M',[136;-15;-15],2,[17;-15;-15],1,[3;0;0]},{'M',[1;-60;1016],2,[1;1;1],1,[0;NaN;NaN],[17;-15;-15],1,[NaN;2;NaN],[516;516;508],1,[NaN;NaN;1]},{'A',[137;45;1001],3,[136;-15;-15],2,0,[1;60;1016],2,0},{'M',[136;516;128],2,[1;1;1],1,[NaN;NaN;7],[17;-15;-15],1,[3;NaN;NaN],[516;516;508],1,[NaN;0;NaN]},{'A',[205;457;220],3,[136;516;128],2,0,[69;-59;92],2,0},{'M',[383;457;440],4,[383;641;5],3,[0;NaN;NaN],[205;457;220],3,[NaN;0;1]},{'O',[383;457;440],4,[383;457;440],4,0},{'M',[410;488;740],4,[568;488;740],3,[NaN;0;0],[205;457;220],3,[1;NaN;NaN]},{'O',[410;488;740],4,[410;488;740],4,0},{'M',[820;45;896],4,[14;142;14],3,[NaN;NaN;6],[137;45;1001],3,[NaN;0;NaN],[205;457;220],3,[2;NaN;NaN]},{'O',[820;45;896],4,[820;45;896],4,0},{'M',[137;568;1001],4,[14;142;14],3,[NaN;2;NaN],[137;45;1001],3,[0;NaN;0]},{'O',[137;568;1001],4,[137;568;1001],4,0},{'M',[14;641;5],4,[383;641;5],3,[NaN;0;0],[14;142;14],3,[0;NaN;NaN]},{'O',[14;641;5],4,[14;641;5],4,0}}
Adder graph: {{'A',[129;129;129],1,[1;1;1],0,0,[1;1;1],0,7},{'A',[9;-7;9],1,[1;1;1],0,0,[1;-1;1],0,3},{'R',[1;1;1],1,[1;1;1],0},{'M',[4;8;1],1,[1;1;1],0,[2;3;0]},{'A',[1;385;97],2,[129;129;129],1,0,[-4;8;-1],1,5},{'M',[1;1;9],2,[9;-7;9],1,[NaN;NaN;0],[1;1;1],1,[0;0;NaN]},{'M',[32;-7;32],2,[9;-7;9],1,[NaN;0;NaN],[1;1;1],1,[5;NaN;5]},{'A',[48;9;112],3,[1;1;9],2,4,[32;-7;-32],2,0},{'M',[18;-14;9],2,[9;-7;9],1,[1;1;0]},{'M',[2;129;2],2,[129;129;129],1,[NaN;0;NaN],[1;1;1],1,[1;NaN;1]},{'A',[14;244;5],3,[18;-14;9],2,0,[-2;129;-2],2,1},{'A',[201;73;57],2,[129;129;129],1,0,[9;-7;-9],1,3},{'M',[1;2;1],2,[1;1;1],1,[0;1;0]},{'A',[129;641;225],3,[1;385;97],2,0,[1;2;1],2,7},{'M',[1;385;456],3,[1;385;97],2,[0;0;NaN],[201;73;57],2,[NaN;NaN;3]},{'A',[383;457;440],4,[48;9;112],3,3,[-1;385;-456],3,0},{'M',[8;73;776],3,[1;385;97],2,[3;NaN;3],[201;73;57],2,[NaN;0;NaN]},{'A',[137;568;1001],4,[129;641;225],3,0,[8;-73;776],3,0},{'M',[1;-7;32],2,[9;-7;9],1,[NaN;0;NaN],[1;1;1],1,[0;NaN;5]},{'A',[205;45;185],3,[201;73;57],2,0,[1;-7;32],2,2},{'O',[383;457;440],4,[383;457;440],4,0},{'M',[205;244;370],4,[14;244;5],3,[NaN;0;NaN],[205;45;185],3,[0;NaN;1]},{'O',[410;488;740],4,[205;244;370],4,1},{'M',[820;45;896],4,[48;9;112],3,[NaN;NaN;3],[205;45;185],3,[2;0;NaN]},{'O',[820;45;896],4,[820;45;896],4,0},{'O',[137;568;1001],4,[137;568;1001],4,0},{'M',[14;641;5],4,[14;244;5],3,[0;NaN;0],[129;641;225],3,[NaN;0;NaN]},{'O',[14;641;5],4,[14;641;5],4,0}}
Adder graph: {{'A',[3;3;3],1,[1;1;1],0,2,[-1;-1;-1],0,0},{'A',[-3;5;5],1,[1;1;1],0,0,[-1;1;1],0,2},{'M',[1;64;1],1,[1;1;1],0,[0;6;0]},{'A',[193;128;191],2,[3;3;3],1,6,[1;-64;-1],1,0},{'M',[1;256;1],1,[1;1;1],0,[0;8;0]},{'A',[-4;502;-8],2,[1;256;1],1,1,[-3;-5;-5],1,1},{'M',[1;1;8],1,[1;1;1],0,[0;0;3]},{'A',[140;148;1004],2,[1;1;8],1,7,[3;5;-5],1,2},{'M',[8;1;1],1,[1;1;1],0,[3;0;0]},{'A',[13;-1;5],2,[8;1;1],1,1,[-3;-3;3],1,0},{'M',[-3;320;5],2,[-3;5;5],1,[0;6;0]},{'A',[7;641;5],3,[-3;320;5],2,1,[13;1;-5],2,0},{'M',[3;3;192],2,[3;3;3],1,[0;0;6]},{'M',[-24;3;40],2,[3;3;3],1,[NaN;0;NaN],[-3;5;5],1,[3;NaN;3]},{'A',[387;-45;-448],3,[3;3;192],2,0,[24;-3;-40],2,4},{'M',[3;6;3],2,[3;3;3],1,[0;1;0]},{'A',[-137;-142;-1001],3,[3;6;3],2,0,[-140;-148;-1004],2,0},{'M',[-6;3;3],2,[3;3;3],1,[NaN;0;0],[-3;5;5],1,[1;NaN;NaN]},{'A',[-205;-122;-185],3,[-6;3;3],2,1,[-193;-128;-191],2,0},{'R',[-4;502;-8],3,[-4;502;-8],2},{'A',[383;457;440],4,[-4;502;-8],3,0,[387;-45;448],3,0},{'O',[383;457;440],4,[383;457;440],4,0},{'M',[-205;-244;-370],4,[-205;-122;-185],3,[0;1;1]},{'O',[410;488;740],4,[205;244;370],4,1},{'M',[-820;-45;-896],4,[387;-45;-448],3,[NaN;0;1],[-205;-122;-185],3,[2;NaN;NaN]},{'O',[820;45;896],4,[820;45;896],4,0},{'M',[-137;-568;-1001],4,[-137;-142;-1001],3,[0;2;0]},{'O',[137;568;1001],4,[137;568;1001],4,0},{'M',[14;641;5],4,[7;641;5],3,[1;0;0]},{'O',[14;641;5],4,[14;641;5],4,0}}
Adder graph: {{'R',[1;1;1],1,[1;1;1],0},{'A',[7;7;7],1,[1;1;1],0,3,[-1;-1;-1],0,0},{'A',[3;5;5],1,[1;1;1],0,2,[-1;1;1],0,0},{'M',[1;1;64],1,[1;1;1],0,[0;0;6]},{'A',[382;642;768],2,[3;5;5],1,7,[-1;1;64],1,1},{'M',[16;5;16],2,[1;1;1],1,[4;NaN;4],[3;5;5],1,[NaN;0;NaN]},{'M',[7;40;40],2,[7;7;7],1,[0;NaN;NaN],[3;5;5],1,[NaN;3;3]},{'A',[23;45;56],3,[16;5;16],2,0,[7;40;40],2,0},{'M',[1;32;1],2,[1;1;1],1,[0;5;0]},{'M',[7;7;448],2,[7;7;7],1,[0;0;6]},{'A',[15;263;456],3,[1;32;1],2,3,[7;7;448],2,0},{'A',[383;457;440],4,[23;45;56],3,4,[15;-263;-456],3,0},{'M',[28;1;28],2,[1;1;1],1,[NaN;0;NaN],[7;7;7],1,[2;NaN;2]},{'A',[410;641;740],3,[382;642;768],2,0,[28;-1;-28],2,0},{'M',[7;40;7],2,[7;7;7],1,[0;NaN;0],[3;5;5],1,[NaN;3;NaN]},{'M',[14;7;7],2,[7;7;7],1,[1;0;0]},{'A',[231;152;-105],3,[7;40;7],2,0,[14;7;-7],2,4},{'A',[137;568;1001],4,[23;45;56],3,4,[-231;-152;105],3,0},{'M',[3;28;5],2,[7;7;7],1,[NaN;2;NaN],[3;5;5],1,[0;NaN;0]},{'M',[8;5;5],2,[1;1;1],1,[3;NaN;NaN],[3;5;5],1,[NaN;0;0]},{'A',[14;61;5],3,[3;28;5],2,1,[8;5;-5],2,0},{'O',[383;457;440],4,[383;457;440],4,0},{'M',[410;488;740],4,[410;641;740],3,[0;NaN;0],[14;61;5],3,[NaN;3;NaN]},{'O',[410;488;740],4,[410;488;740],4,0},{'M',[820;45;896],4,[23;45;56],3,[NaN;0;4],[410;641;740],3,[1;NaN;NaN]},{'O',[820;45;896],4,[820;45;896],4,0},{'O',[137;568;1001],4,[137;568;1001],4,0},{'M',[14;641;5],4,[410;641;740],3,[NaN;0;NaN],[14;61;5],3,[0;NaN;0]},{'O',[14;641;5],4,[14;641;5],4,0}}
Adder graph: {{'A',[-1;3;3],1,[1;1;1],0,0,[-1;1;1],0,1},{'A',[4;36;-12],2,[-1;3;3],1,2,[1;3;-3],1,3},{'A',[9;9;-7],1,[1;1;1],0,0,[1;1;-1],0,3},{'M',[18;9;-7],2,[9;9;-7],1,[1;0;0]},{'A',[14;45;5],3,[18;9;-7],2,0,[-4;36;12],2,0},{'A',[7;7;7],1,[1;1;1],0,3,[-1;-1;-1],0,0},{'A',[252;260;252],1,[1;1;1],0,8,[-1;1;-1],0,2},{'M',[9;9;-14],2,[9;9;-7],1,[0;0;1]},{'M',[-2;7;6],2,[-1;3;3],1,[1;NaN;1],[7;7;7],1,[NaN;0;NaN]},{'A',[137;457;370],3,[9;9;-14],2,0,[2;7;6],2,6},{'M',[-4;12;252],2,[-1;3;3],1,[2;2;NaN],[252;260;252],1,[NaN;NaN;0]},{'M',[7;520;7],2,[7;7;7],1,[0;NaN;0],[252;260;252],1,[NaN;1;NaN]},{'A',[-23;568;1001],3,[-4;12;252],2,2,[-7;520;-7],2,0},{'A',[196;316;196],2,[252;260;252],1,0,[-7;7;-7],1,3},{'M',[9;9;48],2,[-1;3;3],1,[NaN;NaN;4],[9;9;-7],1,[0;0;NaN]},{'A',[383;641;440],3,[196;316;196],2,1,[-9;9;48],2,0},{'M',[9;72;-28],2,[9;9;-7],1,[0;3;2]},{'A',[205;244;224],3,[196;316;196],2,0,[9;-72;28],2,0},{'M',[383;457;440],4,[137;457;370],3,[NaN;0;NaN],[383;641;440],3,[0;NaN;0]},{'O',[383;457;440],4,[383;457;440],4,0},{'M',[205;244;370],4,[137;457;370],3,[NaN;NaN;0],[205;244;224],3,[0;0;NaN]},{'O',[410;488;740],4,[205;244;370],4,1},{'M',[820;45;896],4,[14;45;5],3,[NaN;0;NaN],[205;244;224],3,[2;NaN;2]},{'O',[820;45;896],4,[820;45;896],4,0},{'M',[137;568;1001],4,[137;457;370],3,[0;NaN;NaN],[-23;568;1001],3,[NaN;0;0]},{'O',[137;568;1001],4,[137;568;1001],4,0},{'M',[14;641;5],4,[14;45;5],3,[0;NaN;0],[383;641;440],3,[NaN;0;NaN]},{'O',[14;641;5],4,[14;641;5],4,0}}
Finished solving after 259192 seconds
Adder graph: {{'A',[-1;3;3],1,[1;1;1],0,0,[-1;1;1],0,1},{'A',[4;36;-12],2,[-1;3;3],1,2,[1;3;-3],1,3},{'A',[9;9;-7],1,[1;1;1],0,0,[1;1;-1],0,3},{'M',[18;9;-7],2,[9;9;-7],1,[1;0;0]},{'A',[14;45;5],3,[18;9;-7],2,0,[-4;36;12],2,0},{'A',[7;7;7],1,[1;1;1],0,3,[-1;-1;-1],0,0},{'A',[252;260;252],1,[1;1;1],0,8,[-1;1;-1],0,2},{'M',[9;9;-14],2,[9;9;-7],1,[0;0;1]},{'M',[-2;7;6],2,[-1;3;3],1,[1;NaN;1],[7;7;7],1,[NaN;0;NaN]},{'A',[137;457;370],3,[9;9;-14],2,0,[2;7;6],2,6},{'M',[-4;12;252],2,[-1;3;3],1,[2;2;NaN],[252;260;252],1,[NaN;NaN;0]},{'M',[7;520;7],2,[7;7;7],1,[0;NaN;0],[252;260;252],1,[NaN;1;NaN]},{'A',[-23;568;1001],3,[-4;12;252],2,2,[-7;520;-7],2,0},{'A',[196;316;196],2,[252;260;252],1,0,[-7;7;-7],1,3},{'M',[9;9;48],2,[-1;3;3],1,[NaN;NaN;4],[9;9;-7],1,[0;0;NaN]},{'A',[383;641;440],3,[196;316;196],2,1,[-9;9;48],2,0},{'M',[9;72;-28],2,[9;9;-7],1,[0;3;2]},{'A',[205;244;224],3,[196;316;196],2,0,[9;-72;28],2,0},{'M',[383;457;440],4,[137;457;370],3,[NaN;0;NaN],[383;641;440],3,[0;NaN;0]},{'O',[383;457;440],4,[383;457;440],4,0},{'M',[205;244;370],4,[137;457;370],3,[NaN;NaN;0],[205;244;224],3,[0;0;NaN]},{'O',[410;488;740],4,[205;244;370],4,1},{'M',[820;45;896],4,[14;45;5],3,[NaN;0;NaN],[205;244;224],3,[2;NaN;2]},{'O',[820;45;896],4,[820;45;896],4,0},{'M',[137;568;1001],4,[137;457;370],3,[0;NaN;NaN],[-23;568;1001],3,[NaN;0;0]},{'O',[137;568;1001],4,[137;568;1001],4,0},{'M',[14;641;5],4,[14;45;5],3,[0;NaN;0],[383;641;440],3,[NaN;0;NaN]},{'O',[14;641;5],4,[14;641;5],4,0}}
# Add optimal = 1
# Mux optimal = 0
# Mux registers optimal = 0
# FAs optimal = 0
