Adder graph: {{'A',[0,-1,0,0,0,0,0],1,0,[0,1,0,0,0,0,0],0,0,[0,-1,0,0,0,0,0],0,1},{'A',[0,0,0,1,0,2,0],1,0,[0,0,0,1,0,0,0],0,0,[0,0,0,0,0,1,0],0,1},{'A',[0,1,0,4,0,8,0],2,0,[0,0,0,1,0,2,0],1,2,[0,1,0,0,0,0,0],1,0},{'A',[0,-4,0,1,0,2,0],2,0,[0,0,0,1,0,2,0],1,0,[0,-1,0,0,0,0,0],1,2},{'A',[0,0,2,0,-1,0,0],1,0,[0,0,1,0,0,0,0],0,1,[0,0,0,0,-1,0,0],0,0},{'A',[1,0,0,0,0,0,2],1,0,[1,0,0,0,0,0,0],0,0,[0,0,0,0,0,0,1],0,1},{'A',[0,1,0,4,0,8,0],3,1,[0,1,0,4,0,8,0],2,0,[0,1,0,4,0,8,0],2,0},{'A',[2,0,-2,0,1,0,4],2,0,[1,0,0,0,0,0,2],1,1,[0,0,-2,0,1,0,0],1,0},{'A',[4,4,-4,-1,2,-2,8],3,0,[2,0,-2,0,1,0,4],2,1,[0,4,0,-1,0,-2,0],2,0},{'A',[4,5,-4,3,2,6,8],4,0,[0,1,0,4,0,8,0],3,0,[4,4,-4,-1,2,-2,8],3,0},{'O',[-4,-5,4,-3,-2,-6,-8],4,[-4,-5,4,-3,-2,-6,-8],4,0}}
Adder graph: {{'A',[0,0,0,1,0,2,0],1,0,[0,0,0,0,0,1,0],0,1,[0,0,0,1,0,0,0],0,0},{'A',[0,0,1,0,0,0,-2],1,0,[0,0,1,0,0,0,0],0,0,[0,0,0,0,0,0,-1],0,1},{'A',[0,2,0,0,1,0,0],1,0,[0,0,0,0,1,0,0],0,0,[0,1,0,0,0,0,0],0,1},{'A',[4,1,0,0,0,0,0],1,0,[0,1,0,0,0,0,0],0,0,[1,0,0,0,0,0,0],0,2},{'A',[0,0,-1,0,0,0,2],2,0,[0,0,1,0,0,0,-2],1,0,[0,0,-1,0,0,0,2],1,1},{'A',[0,2,0,1,1,2,0],2,0,[0,2,0,0,1,0,0],1,0,[0,0,0,1,0,2,0],1,0},{'A',[0,2,-1,1,1,2,2],3,0,[0,0,-1,0,0,0,2],2,0,[0,2,0,1,1,2,0],2,0},{'A',[-4,1,0,0,1,0,0],2,0,[0,2,0,0,1,0,0],1,0,[-4,-1,0,0,0,0,0],1,0},{'A',[-4,3,0,1,2,2,0],3,0,[0,2,0,1,1,2,0],2,0,[-4,1,0,0,1,0,0],2,0},{'A',[4,5,-4,3,2,6,8],4,0,[0,2,-1,1,1,2,2],3,2,[4,-3,0,-1,-2,-2,0],3,0},{'O',[-4,-5,4,-3,-2,-6,-8],4,[-4,-5,4,-3,-2,-6,-8],4,0}}
Adder graph: {{'A',[0,0,0,1,0,2,0],1,0,[0,0,0,1,0,0,0],0,0,[0,0,0,0,0,1,0],0,1},{'A',[0,0,0,3,0,6,0],2,0,[0,0,0,1,0,2,0],1,2,[0,0,0,-1,0,-2,0],1,0},{'A',[0,2,0,0,0,0,0],1,0,[0,1,0,0,0,0,0],0,0,[0,1,0,0,0,0,0],0,0},{'A',[1,0,0,0,0,0,2],1,0,[1,0,0,0,0,0,0],0,0,[0,0,0,0,0,0,1],0,1},{'A',[0,0,2,0,-1,0,0],1,0,[0,0,1,0,0,0,0],0,1,[0,0,0,0,-1,0,0],0,0},{'A',[2,2,0,0,0,0,4],2,0,[1,0,0,0,0,0,2],1,1,[0,2,0,0,0,0,0],1,0},{'A',[0,2,-8,0,4,0,0],2,0,[0,2,0,0,0,0,0],1,0,[0,0,-2,0,1,0,0],1,2},{'A',[0,1,-4,3,2,6,0],3,1,[0,2,-8,0,4,0,0],2,0,[0,0,0,3,0,6,0],2,1},{'A',[1,1,0,0,0,0,2],3,2,[2,2,0,0,0,0,4],2,0,[2,2,0,0,0,0,4],2,0},{'A',[4,5,-4,3,2,6,8],4,0,[1,1,0,0,0,0,2],3,2,[0,1,-4,3,2,6,0],3,0},{'O',[-4,-5,4,-3,-2,-6,-8],4,[-4,-5,4,-3,-2,-6,-8],4,0}}
Adder graph: {{'A',[0,1,0,0,2,0,0],1,0,[0,1,0,0,0,0,0],0,0,[0,0,0,0,1,0,0],0,1},{'A',[0,1,0,0,0,0,2],1,0,[0,0,0,0,0,0,1],0,1,[0,1,0,0,0,0,0],0,0},{'A',[0,0,0,1,0,2,0],1,0,[0,0,0,0,0,1,0],0,1,[0,0,0,1,0,0,0],0,0},{'A',[0,1,0,1,0,2,2],2,0,[0,1,0,0,0,0,2],1,0,[0,0,0,1,0,2,0],1,0},{'A',[0,1,0,0,2,0,0],2,1,[0,1,0,0,2,0,0],1,0,[0,1,0,0,2,0,0],1,0},{'A',[1,0,-1,0,0,0,0],1,0,[1,0,0,0,0,0,0],0,0,[0,0,-1,0,0,0,0],0,0},{'A',[-4,0,4,1,0,2,0],2,0,[0,0,0,1,0,2,0],1,0,[-1,0,1,0,0,0,0],1,2},{'A',[0,1,0,0,2,0,0],3,1,[0,1,0,0,2,0,0],2,0,[0,1,0,0,2,0,0],2,0},{'A',[-4,-4,4,-3,0,-6,-8],3,0,[-4,0,4,1,0,2,0],2,0,[0,-1,0,-1,0,-2,-2],2,2},{'A',[4,5,-4,3,2,6,8],4,0,[0,1,0,0,2,0,0],3,0,[4,4,-4,3,0,6,8],3,0},{'O',[-4,-5,4,-3,-2,-6,-8],4,[-4,-5,4,-3,-2,-6,-8],4,0}}
Adder graph: {{'A',[0,1,0,0,0,0,0],1,0,[0,1,0,0,0,0,0],0,1,[0,-1,0,0,0,0,0],0,0},{'A',[0,1,0,0,0,0,0],2,0,[0,1,0,0,0,0,0],1,1,[0,-1,0,0,0,0,0],1,0},{'A',[0,5,0,0,0,0,0],3,0,[0,1,0,0,0,0,0],2,2,[0,1,0,0,0,0,0],2,0},{'A',[0,0,0,1,0,2,0],1,0,[0,0,0,0,0,1,0],0,1,[0,0,0,1,0,0,0],0,0},{'A',[0,0,0,-3,0,-6,0],2,0,[0,0,0,1,0,2,0],1,0,[0,0,0,-1,0,-2,0],1,2},{'A',[2,0,0,0,1,0,0],1,0,[1,0,0,0,0,0,0],0,1,[0,0,0,0,1,0,0],0,0},{'A',[0,0,1,0,0,0,-2],1,0,[0,0,1,0,0,0,0],0,0,[0,0,0,0,0,0,-1],0,1},{'A',[2,0,-2,0,1,0,4],2,0,[2,0,0,0,1,0,0],1,0,[0,0,-1,0,0,0,2],1,1},{'A',[-4,0,4,-3,-2,-6,-8],3,0,[0,0,0,-3,0,-6,0],2,0,[-2,0,2,0,-1,0,-4],2,1},{'A',[4,5,-4,3,2,6,8],4,0,[0,5,0,0,0,0,0],3,0,[4,0,-4,3,2,6,8],3,0},{'O',[-4,-5,4,-3,-2,-6,-8],4,[-4,-5,4,-3,-2,-6,-8],4,0}}
Adder graph: {{'A',[0,1,0,0,0,0,0],1,0,[0,1,0,0,0,0,0],0,1,[0,-1,0,0,0,0,0],0,0},{'A',[0,1,0,0,0,0,0],2,0,[0,1,0,0,0,0,0],1,1,[0,-1,0,0,0,0,0],1,0},{'A',[0,5,0,0,0,0,0],3,0,[0,1,0,0,0,0,0],2,2,[0,1,0,0,0,0,0],2,0},{'A',[0,0,0,1,0,2,0],1,0,[0,0,0,0,0,1,0],0,1,[0,0,0,1,0,0,0],0,0},{'A',[0,0,1,0,0,0,-2],1,0,[0,0,1,0,0,0,0],0,0,[0,0,0,0,0,0,-1],0,1},{'A',[2,0,0,0,1,0,0],1,0,[0,0,0,0,1,0,0],0,0,[1,0,0,0,0,0,0],0,1},{'A',[4,0,0,-1,2,-2,0],2,0,[2,0,0,0,1,0,0],1,1,[0,0,0,-1,0,-2,0],1,0},{'A',[0,0,1,-1,0,-2,-2],2,0,[0,0,1,0,0,0,-2],1,0,[0,0,0,-1,0,-2,0],1,0},{'A',[-4,0,4,-3,-2,-6,-8],3,0,[0,0,1,-1,0,-2,-2],2,2,[-4,0,0,1,-2,2,0],2,0},{'A',[-4,-5,4,-3,-2,-6,-8],4,0,[-4,0,4,-3,-2,-6,-8],3,0,[0,-5,0,0,0,0,0],3,0},{'O',[-4,-5,4,-3,-2,-6,-8],4,[-4,-5,4,-3,-2,-6,-8],4,0}}
Adder graph: {{'A',[0,0,0,1,0,2,0],1,0,[0,0,0,0,0,1,0],0,1,[0,0,0,1,0,0,0],0,0},{'A',[0,0,0,0,1,0,4],1,0,[0,0,0,0,0,0,1],0,2,[0,0,0,0,1,0,0],0,0},{'A',[0,0,0,1,1,2,4],2,0,[0,0,0,0,1,0,4],1,0,[0,0,0,1,0,2,0],1,0},{'A',[0,1,0,0,0,0,0],1,1,[0,1,0,0,0,0,0],0,0,[0,1,0,0,0,0,0],0,0},{'A',[-1,0,1,0,0,0,0],1,0,[0,0,1,0,0,0,0],0,0,[-1,0,0,0,0,0,0],0,0},{'A',[0,1,0,1,0,2,0],2,0,[0,0,0,1,0,2,0],1,0,[0,1,0,0,0,0,0],1,0},{'A',[-1,-1,1,0,0,0,0],2,0,[-1,0,1,0,0,0,0],1,0,[0,-1,0,0,0,0,0],1,0},{'A',[-2,-2,2,-1,-1,-2,-4],3,0,[-1,-1,1,0,0,0,0],2,1,[0,0,0,-1,-1,-2,-4],2,0},{'A',[0,1,0,1,0,2,0],3,1,[0,1,0,1,0,2,0],2,0,[0,1,0,1,0,2,0],2,0},{'A',[-4,-5,4,-3,-2,-6,-8],4,0,[-2,-2,2,-1,-1,-2,-4],3,1,[0,-1,0,-1,0,-2,0],3,0},{'O',[-4,-5,4,-3,-2,-6,-8],4,[-4,-5,4,-3,-2,-6,-8],4,0}}
Finished solving after 90539.1 seconds
Adder graph: {{'A',[0,0,0,1,0,2,0],1,0,[0,0,0,0,0,1,0],0,1,[0,0,0,1,0,0,0],0,0},{'A',[0,0,0,0,1,0,4],1,0,[0,0,0,0,0,0,1],0,2,[0,0,0,0,1,0,0],0,0},{'A',[0,0,0,1,1,2,4],2,0,[0,0,0,0,1,0,4],1,0,[0,0,0,1,0,2,0],1,0},{'A',[0,1,0,0,0,0,0],1,1,[0,1,0,0,0,0,0],0,0,[0,1,0,0,0,0,0],0,0},{'A',[-1,0,1,0,0,0,0],1,0,[0,0,1,0,0,0,0],0,0,[-1,0,0,0,0,0,0],0,0},{'A',[0,1,0,1,0,2,0],2,0,[0,0,0,1,0,2,0],1,0,[0,1,0,0,0,0,0],1,0},{'A',[-1,-1,1,0,0,0,0],2,0,[-1,0,1,0,0,0,0],1,0,[0,-1,0,0,0,0,0],1,0},{'A',[-2,-2,2,-1,-1,-2,-4],3,0,[-1,-1,1,0,0,0,0],2,1,[0,0,0,-1,-1,-2,-4],2,0},{'A',[0,1,0,1,0,2,0],3,1,[0,1,0,1,0,2,0],2,0,[0,1,0,1,0,2,0],2,0},{'A',[-4,-5,4,-3,-2,-6,-8],4,0,[-2,-2,2,-1,-1,-2,-4],3,1,[0,-1,0,-1,0,-2,0],3,0},{'O',[-4,-5,4,-3,-2,-6,-8],4,[-4,-5,4,-3,-2,-6,-8],4,0}}
#Add optimal = 0
#FAs optimal = 0
