Adder graph: {{'A',[0,0,1,0,0,1,0],1,0,[0,0,1,0,0,0,0],0,0,[0,0,0,0,0,1,0],0,0},{'A',[0,0,5,0,0,5,0],2,0,[0,0,1,0,0,1,0],1,2,[0,0,1,0,0,1,0],1,0},{'A',[0,0,0,0,-1,1,0],1,0,[0,0,0,0,0,1,0],0,0,[0,0,0,0,-1,0,0],0,0},{'A',[0,0,10,0,0,10,0],3,0,[0,0,5,0,0,5,0],2,0,[0,0,5,0,0,5,0],2,0},{'A',[2,0,0,1,0,0,0],1,0,[0,0,0,1,0,0,0],0,0,[1,0,0,0,0,0,0],0,1},{'A',[2,0,0,1,-1,1,0],2,0,[2,0,0,1,0,0,0],1,0,[0,0,0,0,-1,1,0],1,0},{'A',[0,-1,0,0,0,0,1],1,0,[0,0,0,0,0,0,1],0,0,[0,-1,0,0,0,0,0],0,0},{'A',[-2,-2,0,-1,0,0,2],2,0,[0,-1,0,0,0,0,1],1,1,[-2,0,0,-1,0,0,0],1,0},{'A',[6,4,0,3,-1,1,-4],3,0,[2,0,0,1,-1,1,0],2,0,[2,2,0,1,0,0,-2],2,1},{'A',[-6,-4,5,-3,1,4,4],4,1,[0,0,10,0,0,10,0],3,0,[-6,-4,0,-3,1,-1,4],3,1},{'O',[-6,-4,5,-3,1,4,4],4,[-6,-4,5,-3,1,4,4],4,0}}
Adder graph: {{'A',[0,1,0,0,0,0,-1],1,0,[0,1,0,0,0,0,0],0,0,[0,0,0,0,0,0,-1],0,0},{'A',[0,2,0,0,0,0,-2],2,0,[0,1,0,0,0,0,-1],1,0,[0,1,0,0,0,0,-1],1,0},{'A',[2,0,0,1,0,0,0],1,0,[1,0,0,0,0,0,0],0,1,[0,0,0,1,0,0,0],0,0},{'A',[0,0,1,0,0,1,0],1,0,[0,0,0,0,0,1,0],0,0,[0,0,1,0,0,0,0],0,0},{'A',[0,0,1,0,1,0,0],1,0,[0,0,0,0,1,0,0],0,0,[0,0,1,0,0,0,0],0,0},{'A',[0,0,5,0,1,4,0],2,0,[0,0,1,0,1,0,0],1,0,[0,0,1,0,0,1,0],1,2},{'A',[2,1,0,1,0,0,-1],2,0,[0,1,0,0,0,0,-1],1,0,[2,0,0,1,0,0,0],1,0},{'A',[2,1,5,1,1,4,-1],3,0,[0,0,5,0,1,4,0],2,0,[2,1,0,1,0,0,-1],2,0},{'A',[16,10,0,8,0,0,-10],3,0,[2,1,0,1,0,0,-1],2,3,[0,2,0,0,0,0,-2],2,0},{'A',[6,4,-5,3,-1,-4,-4],4,1,[16,10,0,8,0,0,-10],3,0,[-2,-1,-5,-1,-1,-4,1],3,1},{'O',[-6,-4,5,-3,1,4,4],4,[-6,-4,5,-3,1,4,4],4,0}}
Adder graph: {{'A',[2,0,0,1,0,0,0],1,0,[0,0,0,1,0,0,0],0,0,[1,0,0,0,0,0,0],0,1},{'A',[2,0,0,1,0,0,0],2,1,[2,0,0,1,0,0,0],1,0,[2,0,0,1,0,0,0],1,0},{'A',[-6,0,0,-3,0,0,0],3,0,[2,0,0,1,0,0,0],2,0,[-2,0,0,-1,0,0,0],2,2},{'A',[0,0,0,0,0,1,1],1,0,[0,0,0,0,0,1,0],0,0,[0,0,0,0,0,0,1],0,0},{'A',[0,0,2,0,0,0,0],1,0,[0,0,1,0,0,0,0],0,0,[0,0,1,0,0,0,0],0,0},{'A',[0,0,1,0,0,1,1],2,1,[0,0,2,0,0,0,0],1,0,[0,0,0,0,0,1,1],1,1},{'A',[0,4,0,0,-1,0,0],1,0,[0,1,0,0,0,0,0],0,2,[0,0,0,0,-1,0,0],0,0},{'A',[0,4,-1,0,-1,0,0],2,1,[0,4,0,0,-1,0,0],1,1,[0,0,-2,0,0,0,0],1,0},{'A',[0,4,-5,0,-1,-4,-4],3,0,[0,4,-1,0,-1,0,0],2,0,[0,0,-1,0,0,-1,-1],2,2},{'A',[-6,-4,5,-3,1,4,4],4,0,[-6,0,0,-3,0,0,0],3,0,[0,-4,5,0,1,4,4],3,0},{'O',[-6,-4,5,-3,1,4,4],4,[-6,-4,5,-3,1,4,4],4,0}}
Adder graph: {{'A',[2,0,0,1,0,0,0],1,0,[1,0,0,0,0,0,0],0,1,[0,0,0,1,0,0,0],0,0},{'A',[0,-1,0,0,0,0,1],1,0,[0,0,0,0,0,0,1],0,0,[0,-1,0,0,0,0,0],0,0},{'A',[0,0,1,0,1,0,0],1,0,[0,0,1,0,0,0,0],0,0,[0,0,0,0,1,0,0],0,0},{'A',[2,0,-1,1,-1,0,0],2,0,[2,0,0,1,0,0,0],1,0,[0,0,-1,0,-1,0,0],1,0},{'A',[0,0,0,0,1,-1,0],1,0,[0,0,0,0,1,0,0],0,0,[0,0,0,0,0,-1,0],0,0},{'A',[0,0,0,0,-1,1,0],2,0,[0,0,0,0,1,-1,0],1,0,[0,0,0,0,-1,1,0],1,1},{'A',[2,0,-1,1,3,-4,0],3,0,[2,0,-1,1,-1,0,0],2,0,[0,0,0,0,1,-1,0],2,2},{'A',[0,-2,1,0,1,0,2],2,0,[0,-1,0,0,0,0,1],1,1,[0,0,1,0,1,0,0],1,0},{'A',[-2,-2,2,-1,2,0,2],3,0,[0,-2,1,0,1,0,2],2,0,[-2,0,1,-1,1,0,0],2,0},{'A',[6,4,-5,3,-1,-4,-4],4,0,[2,0,-1,1,3,-4,0],3,0,[2,2,-2,1,-2,0,-2],3,1},{'O',[-6,-4,5,-3,1,4,4],4,[-6,-4,5,-3,1,4,4],4,0}}
Adder graph: {{'A',[2,0,0,1,0,0,0],1,0,[1,0,0,0,0,0,0],0,1,[0,0,0,1,0,0,0],0,0},{'A',[0,-1,1,0,0,0,0],1,0,[0,0,1,0,0,0,0],0,0,[0,-1,0,0,0,0,0],0,0},{'A',[0,0,1,0,1,0,0],1,0,[0,0,0,0,1,0,0],0,0,[0,0,1,0,0,0,0],0,0},{'A',[0,-1,1,0,0,0,0],2,1,[0,-1,1,0,0,0,0],1,0,[0,-1,1,0,0,0,0],1,0},{'A',[0,0,0,0,0,1,1],1,0,[0,0,0,0,0,1,0],0,0,[0,0,0,0,0,0,1],0,0},{'A',[0,1,-1,0,0,0,0],3,0,[0,-1,1,0,0,0,0],2,0,[0,1,-1,0,0,0,0],2,1},{'A',[2,0,0,1,0,-2,-2],2,0,[2,0,0,1,0,0,0],1,0,[0,0,0,0,0,-1,-1],1,1},{'A',[-2,0,1,-1,1,0,0],2,0,[0,0,1,0,1,0,0],1,0,[-2,0,0,-1,0,0,0],1,0},{'A',[6,0,-1,3,-1,-4,-4],3,0,[2,0,0,1,0,-2,-2],2,1,[2,0,-1,1,-1,0,0],2,0},{'A',[6,4,-5,3,-1,-4,-4],4,0,[0,1,-1,0,0,0,0],3,2,[6,0,-1,3,-1,-4,-4],3,0},{'O',[-6,-4,5,-3,1,4,4],4,[-6,-4,5,-3,1,4,4],4,0}}
Adder graph: {{'A',[0,1,0,0,1,0,0],1,0,[0,1,0,0,0,0,0],0,0,[0,0,0,0,1,0,0],0,0},{'A',[2,0,0,1,0,0,0],1,0,[0,0,0,1,0,0,0],0,0,[1,0,0,0,0,0,0],0,1},{'A',[0,0,0,0,0,1,1],1,0,[0,0,0,0,0,0,1],0,0,[0,0,0,0,0,1,0],0,0},{'A',[0,0,1,0,1,0,0],1,0,[0,0,1,0,0,0,0],0,0,[0,0,0,0,1,0,0],0,0},{'A',[0,0,1,0,1,0,0],2,1,[0,0,1,0,1,0,0],1,0,[0,0,1,0,1,0,0],1,0},{'A',[0,-1,0,0,-1,1,1],2,0,[0,0,0,0,0,1,1],1,0,[0,-1,0,0,-1,0,0],1,0},{'A',[-2,0,1,-1,1,0,0],2,0,[0,0,1,0,1,0,0],1,0,[-2,0,0,-1,0,0,0],1,0},{'A',[-2,0,-1,-1,-1,0,0],3,0,[-2,0,1,-1,1,0,0],2,0,[0,0,-1,0,-1,0,0],2,1},{'A',[-2,-1,1,-1,0,1,1],3,0,[0,-1,0,0,-1,1,1],2,0,[-2,0,1,-1,1,0,0],2,0},{'A',[-6,-4,5,-3,1,4,4],4,0,[-2,-1,1,-1,0,1,1],3,2,[2,0,1,1,1,0,0],3,0},{'O',[-6,-4,5,-3,1,4,4],4,[-6,-4,5,-3,1,4,4],4,0}}
Adder graph: {{'A',[2,0,0,1,0,0,0],1,0,[1,0,0,0,0,0,0],0,1,[0,0,0,1,0,0,0],0,0},{'A',[0,0,1,0,1,0,0],1,0,[0,0,0,0,1,0,0],0,0,[0,0,1,0,0,0,0],0,0},{'A',[0,0,1,0,1,0,0],2,1,[0,0,1,0,1,0,0],1,0,[0,0,1,0,1,0,0],1,0},{'A',[2,0,0,1,0,0,0],2,0,[2,0,0,1,0,0,0],1,1,[-2,0,0,-1,0,0,0],1,0},{'A',[0,0,1,0,0,0,1],1,0,[0,0,1,0,0,0,0],0,0,[0,0,0,0,0,0,1],0,0},{'A',[0,1,0,0,0,-1,0],1,0,[0,1,0,0,0,0,0],0,0,[0,0,0,0,0,-1,0],0,0},{'A',[0,1,-1,0,0,-1,-1],2,0,[0,1,0,0,0,-1,0],1,0,[0,0,-1,0,0,0,-1],1,0},{'A',[2,0,1,1,1,0,0],3,0,[0,0,1,0,1,0,0],2,0,[2,0,0,1,0,0,0],2,0},{'A',[2,1,-1,1,0,-1,-1],3,0,[2,0,0,1,0,0,0],2,0,[0,1,-1,0,0,-1,-1],2,0},{'A',[-6,-4,5,-3,1,4,4],4,0,[2,0,1,1,1,0,0],3,0,[-2,-1,1,-1,0,1,1],3,2},{'O',[-6,-4,5,-3,1,4,4],4,[-6,-4,5,-3,1,4,4],4,0}}
Finished solving after 90663.5 seconds
Adder graph: {{'A',[2,0,0,1,0,0,0],1,0,[1,0,0,0,0,0,0],0,1,[0,0,0,1,0,0,0],0,0},{'A',[0,0,1,0,1,0,0],1,0,[0,0,0,0,1,0,0],0,0,[0,0,1,0,0,0,0],0,0},{'A',[0,0,1,0,1,0,0],2,1,[0,0,1,0,1,0,0],1,0,[0,0,1,0,1,0,0],1,0},{'A',[2,0,0,1,0,0,0],2,0,[2,0,0,1,0,0,0],1,1,[-2,0,0,-1,0,0,0],1,0},{'A',[0,0,1,0,0,0,1],1,0,[0,0,1,0,0,0,0],0,0,[0,0,0,0,0,0,1],0,0},{'A',[0,1,0,0,0,-1,0],1,0,[0,1,0,0,0,0,0],0,0,[0,0,0,0,0,-1,0],0,0},{'A',[0,1,-1,0,0,-1,-1],2,0,[0,1,0,0,0,-1,0],1,0,[0,0,-1,0,0,0,-1],1,0},{'A',[2,0,1,1,1,0,0],3,0,[0,0,1,0,1,0,0],2,0,[2,0,0,1,0,0,0],2,0},{'A',[2,1,-1,1,0,-1,-1],3,0,[2,0,0,1,0,0,0],2,0,[0,1,-1,0,0,-1,-1],2,0},{'A',[-6,-4,5,-3,1,4,4],4,0,[2,0,1,1,1,0,0],3,0,[-2,-1,1,-1,0,1,1],3,2},{'O',[-6,-4,5,-3,1,4,4],4,[-6,-4,5,-3,1,4,4],4,0}}
#Add optimal = 0
#FAs optimal = 0
