Adder graph: {{'A',[0,0,0,0,2,0,0],1,0,[0,0,0,0,1,0,0],0,0,[0,0,0,0,1,0,0],0,0},{'A',[-1,0,0,0,0,0,1],1,0,[0,0,0,0,0,0,1],0,0,[-1,0,0,0,0,0,0],0,0},{'A',[0,0,0,0,7,0,0],2,1,[0,0,0,0,2,0,0],1,3,[0,0,0,0,-2,0,0],1,0},{'A',[0,-1,1,0,0,0,0],1,0,[0,0,1,0,0,0,0],0,0,[0,-1,0,0,0,0,0],0,0},{'A',[1,-1,1,0,0,0,-1],2,0,[0,-1,1,0,0,0,0],1,0,[1,0,0,0,0,0,-1],1,0},{'A',[-2,2,-2,0,7,0,2],3,0,[0,0,0,0,7,0,0],2,0,[-1,1,-1,0,0,0,1],2,1},{'A',[0,0,0,8,0,-1,0],1,0,[0,0,0,1,0,0,0],0,3,[0,0,0,0,0,-1,0],0,0},{'A',[0,1,-1,8,0,-1,0],2,0,[0,0,0,8,0,-1,0],1,0,[0,1,-1,0,0,0,0],1,0},{'A',[4,-3,3,8,0,-1,-4],3,0,[0,1,-1,8,0,-1,0],2,0,[1,-1,1,0,0,0,-1],2,2},{'A',[6,-5,5,8,-7,-1,-6],4,0,[4,-3,3,8,0,-1,-4],3,0,[2,-2,2,0,-7,0,-2],3,0},{'O',[-6,5,-5,-8,7,1,6],4,[-6,5,-5,-8,7,1,6],4,0}}
Adder graph: {{'A',[0,0,0,-1,1,0,0],1,0,[0,0,0,0,1,0,0],0,0,[0,0,0,-1,0,0,0],0,0},{'A',[0,1,-1,0,0,0,0],1,0,[0,1,0,0,0,0,0],0,0,[0,0,-1,0,0,0,0],0,0},{'A',[0,0,0,0,1,-1,0],1,0,[0,0,0,0,1,0,0],0,0,[0,0,0,0,0,-1,0],0,0},{'A',[0,0,0,-2,2,0,0],2,0,[0,0,0,-1,1,0,0],1,0,[0,0,0,-1,1,0,0],1,0},{'A',[0,-8,8,0,1,-1,0],2,0,[0,0,0,0,1,-1,0],1,0,[0,-1,1,0,0,0,0],1,3},{'A',[-1,0,0,0,0,0,1],1,0,[0,0,0,0,0,0,1],0,0,[-1,0,0,0,0,0,0],0,0},{'A',[0,-8,8,8,-7,-1,0],3,0,[0,-8,8,0,1,-1,0],2,0,[0,0,0,2,-2,0,0],2,2},{'A',[2,1,-1,0,0,0,-2],2,0,[0,1,-1,0,0,0,0],1,0,[1,0,0,0,0,0,-1],1,1},{'A',[-6,-3,3,0,0,0,6],3,0,[2,1,-1,0,0,0,-2],2,0,[-2,-1,1,0,0,0,2],2,2},{'A',[-6,5,-5,-8,7,1,6],4,0,[-6,-3,3,0,0,0,6],3,0,[0,8,-8,-8,7,1,0],3,0},{'O',[-6,5,-5,-8,7,1,6],4,[-6,5,-5,-8,7,1,6],4,0}}
Adder graph: {{'A',[1,0,0,0,0,0,-1],1,0,[1,0,0,0,0,0,0],0,0,[0,0,0,0,0,0,-1],0,0},{'A',[0,1,-1,0,0,0,0],1,0,[0,1,0,0,0,0,0],0,0,[0,0,-1,0,0,0,0],0,0},{'A',[-1,1,-1,0,0,0,1],2,0,[0,1,-1,0,0,0,0],1,0,[-1,0,0,0,0,0,1],1,0},{'A',[-5,5,-5,0,0,0,5],3,0,[-1,1,-1,0,0,0,1],2,0,[-1,1,-1,0,0,0,1],2,2},{'A',[2,0,0,0,0,0,-2],2,0,[1,0,0,0,0,0,-1],1,0,[1,0,0,0,0,0,-1],1,0},{'A',[0,0,0,0,-1,1,0],1,0,[0,0,0,0,0,1,0],0,0,[0,0,0,0,-1,0,0],0,0},{'A',[0,0,0,-1,1,0,0],1,0,[0,0,0,0,1,0,0],0,0,[0,0,0,-1,0,0,0],0,0},{'A',[0,0,0,-8,7,1,0],2,0,[0,0,0,0,-1,1,0],1,0,[0,0,0,-1,1,0,0],1,3},{'A',[-1,0,0,-8,7,1,1],3,1,[0,0,0,-8,7,1,0],2,1,[-2,0,0,0,0,0,2],2,0},{'A',[-6,5,-5,-8,7,1,6],4,0,[-5,5,-5,0,0,0,5],3,0,[-1,0,0,-8,7,1,1],3,0},{'O',[-6,5,-5,-8,7,1,6],4,[-6,5,-5,-8,7,1,6],4,0}}
Adder graph: {{'A',[0,1,-1,0,0,0,0],1,0,[0,1,0,0,0,0,0],0,0,[0,0,-1,0,0,0,0],0,0},{'A',[-1,0,0,0,0,0,1],1,0,[0,0,0,0,0,0,1],0,0,[-1,0,0,0,0,0,0],0,0},{'A',[-2,1,-1,0,0,0,2],2,0,[0,1,-1,0,0,0,0],1,0,[-1,0,0,0,0,0,1],1,1},{'A',[0,0,0,0,-1,1,0],1,0,[0,0,0,0,0,1,0],0,0,[0,0,0,0,-1,0,0],0,0},{'A',[0,0,0,-1,1,0,0],1,0,[0,0,0,0,1,0,0],0,0,[0,0,0,-1,0,0,0],0,0},{'A',[-1,0,0,4,-4,0,1],2,0,[-1,0,0,0,0,0,1],1,0,[0,0,0,1,-1,0,0],1,2},{'A',[0,1,-1,0,-1,1,0],2,0,[0,1,-1,0,0,0,0],1,0,[0,0,0,0,-1,1,0],1,0},{'A',[0,2,-2,0,-2,2,0],3,0,[0,1,-1,0,-1,1,0],2,0,[0,1,-1,0,-1,1,0],2,0},{'A',[3,-2,2,4,-4,0,-3],3,0,[-1,0,0,4,-4,0,1],2,0,[2,-1,1,0,0,0,-2],2,1},{'A',[6,-5,5,8,-7,-1,-6],4,1,[3,-2,2,4,-4,0,-3],3,2,[0,-2,2,0,2,-2,0],3,0},{'O',[-6,5,-5,-8,7,1,6],4,[-6,5,-5,-8,7,1,6],4,0}}
Adder graph: {{'A',[0,0,0,1,-1,0,0],1,0,[0,0,0,1,0,0,0],0,0,[0,0,0,0,-1,0,0],0,0},{'A',[1,0,0,0,0,0,-1],1,0,[1,0,0,0,0,0,0],0,0,[0,0,0,0,0,0,-1],0,0},{'A',[2,0,0,0,0,0,-2],2,0,[1,0,0,0,0,0,-1],1,0,[1,0,0,0,0,0,-1],1,0},{'A',[0,1,-1,0,0,0,0],1,0,[0,1,0,0,0,0,0],0,0,[0,0,-1,0,0,0,0],0,0},{'A',[0,0,0,0,-1,1,0],1,0,[0,0,0,0,0,1,0],0,0,[0,0,0,0,-1,0,0],0,0},{'A',[6,0,0,0,0,0,-6],3,0,[2,0,0,0,0,0,-2],2,2,[-2,0,0,0,0,0,2],2,0},{'A',[0,1,-1,0,-1,1,0],2,0,[0,0,0,0,-1,1,0],1,0,[0,1,-1,0,0,0,0],1,0},{'A',[0,1,-1,-2,2,0,0],2,0,[0,1,-1,0,0,0,0],1,0,[0,0,0,-1,1,0,0],1,1},{'A',[0,5,-5,-8,7,1,0],3,0,[0,1,-1,0,-1,1,0],2,0,[0,1,-1,-2,2,0,0],2,2},{'A',[6,-5,5,8,-7,-1,-6],4,0,[6,0,0,0,0,0,-6],3,0,[0,-5,5,8,-7,-1,0],3,0},{'O',[-6,5,-5,-8,7,1,6],4,[-6,5,-5,-8,7,1,6],4,0}}
Adder graph: {{'A',[0,-1,1,0,0,0,0],1,0,[0,0,1,0,0,0,0],0,0,[0,-1,0,0,0,0,0],0,0},{'A',[0,-1,1,0,0,0,0],2,1,[0,-1,1,0,0,0,0],1,0,[0,-1,1,0,0,0,0],1,0},{'A',[0,-5,5,0,0,0,0],3,0,[0,-1,1,0,0,0,0],2,0,[0,-1,1,0,0,0,0],2,2},{'A',[-1,0,0,0,0,0,1],1,0,[0,0,0,0,0,0,1],0,0,[-1,0,0,0,0,0,0],0,0},{'A',[0,0,0,0,-1,1,0],1,0,[0,0,0,0,0,1,0],0,0,[0,0,0,0,-1,0,0],0,0},{'A',[0,0,0,-1,1,0,0],1,0,[0,0,0,0,1,0,0],0,0,[0,0,0,-1,0,0,0],0,0},{'A',[-1,0,0,-1,1,0,1],2,0,[-1,0,0,0,0,0,1],1,0,[0,0,0,-1,1,0,0],1,0},{'A',[-2,0,0,0,1,-1,2],2,0,[-1,0,0,0,0,0,1],1,1,[0,0,0,0,1,-1,0],1,0},{'A',[-6,0,0,-8,7,1,6],3,0,[-1,0,0,-1,1,0,1],2,3,[2,0,0,0,-1,1,-2],2,0},{'A',[6,-5,5,8,-7,-1,-6],4,0,[0,-5,5,0,0,0,0],3,0,[6,0,0,8,-7,-1,-6],3,0},{'O',[-6,5,-5,-8,7,1,6],4,[-6,5,-5,-8,7,1,6],4,0}}
Adder graph: {{'A',[0,0,0,-1,1,0,0],1,0,[0,0,0,0,1,0,0],0,0,[0,0,0,-1,0,0,0],0,0},{'A',[1,0,0,0,0,0,-1],1,0,[1,0,0,0,0,0,0],0,0,[0,0,0,0,0,0,-1],0,0},{'A',[0,0,0,-1,0,1,0],1,0,[0,0,0,0,0,1,0],0,0,[0,0,0,-1,0,0,0],0,0},{'A',[2,0,0,1,-1,0,-2],2,0,[1,0,0,0,0,0,-1],1,1,[0,0,0,1,-1,0,0],1,0},{'A',[0,-1,1,0,0,0,0],1,0,[0,0,1,0,0,0,0],0,0,[0,-1,0,0,0,0,0],0,0},{'A',[0,1,-1,-1,1,0,0],2,0,[0,0,0,-1,1,0,0],1,0,[0,1,-1,0,0,0,0],1,0},{'A',[-2,1,-1,-2,2,0,2],3,0,[0,1,-1,-1,1,0,0],2,0,[-2,0,0,-1,1,0,2],2,0},{'A',[0,-1,1,1,0,-1,0],2,0,[0,-1,1,0,0,0,0],1,0,[0,0,0,1,0,-1,0],1,0},{'A',[-2,-1,1,0,1,-1,2],3,0,[0,-1,1,1,0,-1,0],2,0,[-2,0,0,-1,1,0,2],2,0},{'A',[6,-5,5,8,-7,-1,-6],4,0,[-2,-1,1,0,1,-1,2],3,0,[2,-1,1,2,-2,0,-2],3,2},{'O',[-6,5,-5,-8,7,1,6],4,[-6,5,-5,-8,7,1,6],4,0}}
Adder graph: {{'A',[0,1,-1,0,0,0,0],1,0,[0,1,0,0,0,0,0],0,0,[0,0,-1,0,0,0,0],0,0},{'A',[-1,0,0,0,0,0,1],1,0,[0,0,0,0,0,0,1],0,0,[-1,0,0,0,0,0,0],0,0},{'A',[0,0,0,1,-1,0,0],1,0,[0,0,0,1,0,0,0],0,0,[0,0,0,0,-1,0,0],0,0},{'A',[-1,0,0,-2,2,0,1],2,0,[-1,0,0,0,0,0,1],1,0,[0,0,0,-1,1,0,0],1,1},{'A',[0,1,-1,0,0,0,0],2,1,[0,1,-1,0,0,0,0],1,0,[0,1,-1,0,0,0,0],1,0},{'A',[0,0,0,0,1,-1,0],1,0,[0,0,0,0,1,0,0],0,0,[0,0,0,0,0,-1,0],0,0},{'A',[-2,0,0,0,-1,1,2],2,0,[-1,0,0,0,0,0,1],1,1,[0,0,0,0,-1,1,0],1,0},{'A',[-1,1,-1,-2,2,0,1],3,0,[0,1,-1,0,0,0,0],2,0,[-1,0,0,-2,2,0,1],2,0},{'A',[-2,1,-1,0,-1,1,2],3,0,[0,1,-1,0,0,0,0],2,0,[-2,0,0,0,-1,1,2],2,0},{'A',[-6,5,-5,-8,7,1,6],4,0,[-1,1,-1,-2,2,0,1],3,2,[-2,1,-1,0,-1,1,2],3,0},{'O',[-6,5,-5,-8,7,1,6],4,[-6,5,-5,-8,7,1,6],4,0}}
Adder graph: {{'A',[-1,0,0,0,0,0,1],1,0,[0,0,0,0,0,0,1],0,0,[-1,0,0,0,0,0,0],0,0},{'A',[0,-1,1,0,0,0,0],1,0,[0,0,1,0,0,0,0],0,0,[0,-1,0,0,0,0,0],0,0},{'A',[0,0,0,-1,1,0,0],1,0,[0,0,0,0,1,0,0],0,0,[0,0,0,-1,0,0,0],0,0},{'A',[0,0,0,1,-1,0,0],2,0,[0,0,0,-1,1,0,0],1,0,[0,0,0,1,-1,0,0],1,1},{'A',[-1,1,-1,0,0,0,1],2,0,[-1,0,0,0,0,0,1],1,0,[0,1,-1,0,0,0,0],1,0},{'A',[0,0,0,0,-1,1,0],1,0,[0,0,0,0,0,1,0],0,0,[0,0,0,0,-1,0,0],0,0},{'A',[1,-1,1,2,-2,0,-1],3,0,[0,0,0,1,-1,0,0],2,1,[1,-1,1,0,0,0,-1],2,0},{'A',[0,-1,1,0,-1,1,0],2,0,[0,-1,1,0,0,0,0],1,0,[0,0,0,0,-1,1,0],1,0},{'A',[-2,1,-1,0,-1,1,2],3,0,[-1,1,-1,0,0,0,1],2,1,[0,-1,1,0,-1,1,0],2,0},{'A',[-6,5,-5,-8,7,1,6],4,0,[-2,1,-1,0,-1,1,2],3,0,[-1,1,-1,-2,2,0,1],3,2},{'O',[-6,5,-5,-8,7,1,6],4,[-6,5,-5,-8,7,1,6],4,0}}
Finished solving after 88805.8 seconds
Adder graph: {{'A',[-1,0,0,0,0,0,1],1,0,[0,0,0,0,0,0,1],0,0,[-1,0,0,0,0,0,0],0,0},{'A',[0,-1,1,0,0,0,0],1,0,[0,0,1,0,0,0,0],0,0,[0,-1,0,0,0,0,0],0,0},{'A',[0,0,0,-1,1,0,0],1,0,[0,0,0,0,1,0,0],0,0,[0,0,0,-1,0,0,0],0,0},{'A',[0,0,0,1,-1,0,0],2,0,[0,0,0,-1,1,0,0],1,0,[0,0,0,1,-1,0,0],1,1},{'A',[-1,1,-1,0,0,0,1],2,0,[-1,0,0,0,0,0,1],1,0,[0,1,-1,0,0,0,0],1,0},{'A',[0,0,0,0,-1,1,0],1,0,[0,0,0,0,0,1,0],0,0,[0,0,0,0,-1,0,0],0,0},{'A',[1,-1,1,2,-2,0,-1],3,0,[0,0,0,1,-1,0,0],2,1,[1,-1,1,0,0,0,-1],2,0},{'A',[0,-1,1,0,-1,1,0],2,0,[0,-1,1,0,0,0,0],1,0,[0,0,0,0,-1,1,0],1,0},{'A',[-2,1,-1,0,-1,1,2],3,0,[-1,1,-1,0,0,0,1],2,1,[0,-1,1,0,-1,1,0],2,0},{'A',[-6,5,-5,-8,7,1,6],4,0,[-2,1,-1,0,-1,1,2],3,0,[-1,1,-1,-2,2,0,1],3,2},{'O',[-6,5,-5,-8,7,1,6],4,[-6,5,-5,-8,7,1,6],4,0}}
#Add optimal = 0
#FAs optimal = 0
