Adder graph: {{'A',[0,0,0,0,0,1,8],1,0,[0,0,0,0,0,1,0],0,0,[0,0,0,0,0,0,1],0,3},{'A',[0,0,-1,0,2,0,0],1,0,[0,0,0,0,1,0,0],0,1,[0,0,-1,0,0,0,0],0,0},{'A',[0,0,-1,0,2,-2,-16],2,0,[0,0,-1,0,2,0,0],1,0,[0,0,0,0,0,-1,-8],1,1},{'A',[-1,1,0,0,0,0,0],1,0,[0,1,0,0,0,0,0],0,0,[-1,0,0,0,0,0,0],0,0},{'A',[-4,4,1,0,-2,0,0],2,0,[-1,1,0,0,0,0,0],1,2,[0,0,1,0,-2,0,0],1,0},{'A',[0,0,0,1,0,1,0],1,0,[0,0,0,0,0,1,0],0,0,[0,0,0,1,0,0,0],0,0},{'A',[-1,1,0,-4,0,-4,0],2,0,[-1,1,0,0,0,0,0],1,0,[0,0,0,-1,0,-1,0],1,2},{'A',[-2,2,-1,-8,2,-10,-16],3,0,[-1,1,0,-4,0,-4,0],2,1,[0,0,-1,0,2,-2,-16],2,0},{'A',[12,-12,-3,0,6,0,0],3,0,[-4,4,1,0,-2,0,0],2,0,[4,-4,-1,0,2,0,0],2,2},{'A',[-7,7,1,-4,-2,-5,-8],4,1,[-2,2,-1,-8,2,-10,-16],3,0,[-12,12,3,0,-6,0,0],3,0},{'O',[-7,7,1,-4,-2,-5,-8],4,[-7,7,1,-4,-2,-5,-8],4,0}}
Adder graph: {{'A',[0,0,0,0,2,1,0],1,0,[0,0,0,0,1,0,0],0,1,[0,0,0,0,0,1,0],0,0},{'A',[0,0,-1,4,0,0,0],1,0,[0,0,0,1,0,0,0],0,2,[0,0,-1,0,0,0,0],0,0},{'A',[0,0,0,0,0,1,2],1,0,[0,0,0,0,0,0,1],0,1,[0,0,0,0,0,1,0],0,0},{'A',[-1,1,0,0,0,0,0],1,0,[0,1,0,0,0,0,0],0,0,[-1,0,0,0,0,0,0],0,0},{'A',[0,0,-1,4,-4,-2,0],2,0,[0,0,-1,4,0,0,0],1,0,[0,0,0,0,-2,-1,0],1,1},{'A',[1,-1,0,0,2,1,0],2,0,[0,0,0,0,2,1,0],1,0,[1,-1,0,0,0,0,0],1,0},{'A',[-1,1,0,0,0,-1,-2],2,0,[-1,1,0,0,0,0,0],1,0,[0,0,0,0,0,-1,-2],1,0},{'A',[1,-1,0,0,1,1,1],3,1,[1,-1,0,0,2,1,0],2,0,[1,-1,0,0,0,1,2],2,0},{'A',[-1,1,-1,4,-6,-3,0],3,0,[0,0,-1,4,-4,-2,0],2,0,[-1,1,0,0,-2,-1,0],2,0},{'A',[7,-7,-1,4,2,5,8],4,0,[1,-1,0,0,1,1,1],3,3,[-1,1,-1,4,-6,-3,0],3,0},{'O',[-7,7,1,-4,-2,-5,-8],4,[-7,7,1,-4,-2,-5,-8],4,0}}
Adder graph: {{'A',[0,0,0,1,0,1,0],1,0,[0,0,0,0,0,1,0],0,0,[0,0,0,1,0,0,0],0,0},{'A',[1,-1,0,0,0,0,0],1,0,[1,0,0,0,0,0,0],0,0,[0,-1,0,0,0,0,0],0,0},{'A',[1,-1,0,0,0,0,0],2,1,[1,-1,0,0,0,0,0],1,0,[1,-1,0,0,0,0,0],1,0},{'A',[0,0,0,5,0,5,0],2,0,[0,0,0,1,0,1,0],1,2,[0,0,0,1,0,1,0],1,0},{'A',[0,0,0,0,1,0,4],1,0,[0,0,0,0,0,0,1],0,2,[0,0,0,0,1,0,0],0,0},{'A',[0,0,1,1,0,0,0],1,0,[0,0,0,1,0,0,0],0,0,[0,0,1,0,0,0,0],0,0},{'A',[-7,7,0,0,0,0,0],3,0,[1,-1,0,0,0,0,0],2,0,[-1,1,0,0,0,0,0],2,3},{'A',[0,0,1,1,-2,0,-8],2,0,[0,0,1,1,0,0,0],1,0,[0,0,0,0,-1,0,-4],1,1},{'A',[0,0,-1,4,2,5,8],3,0,[0,0,0,5,0,5,0],2,0,[0,0,-1,-1,2,0,8],2,0},{'A',[7,-7,-1,4,2,5,8],4,0,[0,0,-1,4,2,5,8],3,0,[7,-7,0,0,0,0,0],3,0},{'O',[-7,7,1,-4,-2,-5,-8],4,[-7,7,1,-4,-2,-5,-8],4,0}}
Adder graph: {{'A',[0,0,1,0,0,-1,0],1,0,[0,0,1,0,0,0,0],0,0,[0,0,0,0,0,-1,0],0,0},{'A',[-1,1,0,0,0,0,0],1,0,[0,1,0,0,0,0,0],0,0,[-1,0,0,0,0,0,0],0,0},{'A',[0,0,0,0,1,0,4],1,0,[0,0,0,0,1,0,0],0,0,[0,0,0,0,0,0,1],0,2},{'A',[0,0,0,1,0,1,0],1,0,[0,0,0,0,0,1,0],0,0,[0,0,0,1,0,0,0],0,0},{'A',[-1,1,1,0,0,-1,0],2,0,[0,0,1,0,0,-1,0],1,0,[-1,1,0,0,0,0,0],1,0},{'A',[0,0,1,0,-1,-1,-4],2,0,[0,0,1,0,0,-1,0],1,0,[0,0,0,0,-1,0,-4],1,0},{'A',[2,-2,0,1,0,1,0],2,0,[0,0,0,1,0,1,0],1,0,[1,-1,0,0,0,0,0],1,1},{'A',[7,-7,1,4,0,3,0],3,0,[2,-2,0,1,0,1,0],2,2,[-1,1,1,0,0,-1,0],2,0},{'A',[0,0,2,0,-2,-2,-8],3,0,[0,0,1,0,-1,-1,-4],2,0,[0,0,1,0,-1,-1,-4],2,0},{'A',[-7,7,1,-4,-2,-5,-8],4,0,[0,0,2,0,-2,-2,-8],3,0,[-7,7,-1,-4,0,-3,0],3,0},{'O',[-7,7,1,-4,-2,-5,-8],4,[-7,7,1,-4,-2,-5,-8],4,0}}
Adder graph: {{'A',[1,-1,0,0,0,0,0],1,0,[1,0,0,0,0,0,0],0,0,[0,-1,0,0,0,0,0],0,0},{'A',[0,0,0,0,0,1,0],1,1,[0,0,0,0,0,1,0],0,0,[0,0,0,0,0,1,0],0,0},{'A',[-1,1,0,0,0,1,0],2,0,[0,0,0,0,0,1,0],1,0,[-1,1,0,0,0,0,0],1,0},{'A',[0,0,0,1,0,0,2],1,0,[0,0,0,1,0,0,0],0,0,[0,0,0,0,0,0,1],0,1},{'A',[0,0,0,1,0,1,2],2,0,[0,0,0,1,0,0,2],1,0,[0,0,0,0,0,1,0],1,0},{'A',[-1,1,0,0,0,1,0],3,1,[-1,1,0,0,0,1,0],2,0,[-1,1,0,0,0,1,0],2,0},{'A',[0,0,1,0,-2,0,0],1,0,[0,0,1,0,0,0,0],0,0,[0,0,0,0,-1,0,0],0,1},{'A',[-8,8,1,0,-2,0,0],2,0,[0,0,1,0,-2,0,0],1,0,[-1,1,0,0,0,0,0],1,3},{'A',[-8,8,1,-4,-2,-4,-8],3,0,[-8,8,1,0,-2,0,0],2,0,[0,0,0,-1,0,-1,-2],2,2},{'A',[-7,7,1,-4,-2,-5,-8],4,0,[-8,8,1,-4,-2,-4,-8],3,0,[1,-1,0,0,0,-1,0],3,0},{'O',[-7,7,1,-4,-2,-5,-8],4,[-7,7,1,-4,-2,-5,-8],4,0}}
Adder graph: {{'A',[-1,1,0,0,0,0,0],1,0,[0,1,0,0,0,0,0],0,0,[-1,0,0,0,0,0,0],0,0},{'A',[0,0,1,0,-2,0,0],1,0,[0,0,1,0,0,0,0],0,0,[0,0,0,0,-1,0,0],0,1},{'A',[1,-1,1,0,-2,0,0],2,0,[0,0,1,0,-2,0,0],1,0,[1,-1,0,0,0,0,0],1,0},{'A',[0,0,0,1,0,0,2],1,0,[0,0,0,1,0,0,0],0,0,[0,0,0,0,0,0,1],0,1},{'A',[-2,2,0,-1,0,0,-2],2,0,[-1,1,0,0,0,0,0],1,1,[0,0,0,-1,0,0,-2],1,0},{'A',[0,0,0,0,0,1,0],1,0,[0,0,0,0,0,1,0],0,1,[0,0,0,0,0,-1,0],0,0},{'A',[-7,7,1,-4,-2,0,-8],3,0,[1,-1,1,0,-2,0,0],2,0,[-2,2,0,-1,0,0,-2],2,2},{'A',[0,0,0,0,0,2,0],2,0,[0,0,0,0,0,1,0],1,0,[0,0,0,0,0,1,0],1,0},{'A',[0,0,0,0,0,5,0],3,1,[0,0,0,0,0,2,0],2,2,[0,0,0,0,0,2,0],2,0},{'A',[7,-7,-1,4,2,5,8],4,0,[0,0,0,0,0,5,0],3,0,[7,-7,-1,4,2,0,8],3,0},{'O',[-7,7,1,-4,-2,-5,-8],4,[-7,7,1,-4,-2,-5,-8],4,0}}
Adder graph: {{'A',[0,0,0,1,0,0,2],1,0,[0,0,0,0,0,0,1],0,1,[0,0,0,1,0,0,0],0,0},{'A',[0,0,0,0,0,-1,0],1,0,[0,0,0,0,0,1,0],0,0,[0,0,0,0,0,-1,0],0,1},{'A',[1,-1,0,0,0,0,0],1,0,[1,0,0,0,0,0,0],0,0,[0,-1,0,0,0,0,0],0,0},{'A',[-1,1,0,0,0,-1,0],2,0,[0,0,0,0,0,-1,0],1,0,[-1,1,0,0,0,0,0],1,0},{'A',[0,0,1,0,-2,0,0],1,0,[0,0,1,0,0,0,0],0,0,[0,0,0,0,-1,0,0],0,1},{'A',[0,0,1,0,-2,-2,0],2,0,[0,0,1,0,-2,0,0],1,0,[0,0,0,0,0,-1,0],1,1},{'A',[0,0,0,1,0,-1,2],2,0,[0,0,0,0,0,-1,0],1,0,[0,0,0,1,0,0,2],1,0},{'A',[-2,2,0,-1,0,-1,-2],3,0,[-1,1,0,0,0,-1,0],2,1,[0,0,0,-1,0,1,-2],2,0},{'A',[-1,1,-1,0,2,1,0],3,0,[-1,1,0,0,0,-1,0],2,0,[0,0,-1,0,2,2,0],2,0},{'A',[-7,7,1,-4,-2,-5,-8],4,0,[-2,2,0,-1,0,-1,-2],3,2,[1,-1,1,0,-2,-1,0],3,0},{'O',[-7,7,1,-4,-2,-5,-8],4,[-7,7,1,-4,-2,-5,-8],4,0}}
Adder graph: {{'A',[1,-1,0,0,0,0,0],1,0,[1,0,0,0,0,0,0],0,0,[0,-1,0,0,0,0,0],0,0},{'A',[0,0,0,1,0,0,2],1,0,[0,0,0,1,0,0,0],0,0,[0,0,0,0,0,0,1],0,1},{'A',[0,0,0,0,0,1,0],1,1,[0,0,0,0,0,1,0],0,0,[0,0,0,0,0,1,0],0,0},{'A',[0,0,0,0,0,1,0],2,0,[0,0,0,0,0,1,0],1,1,[0,0,0,0,0,-1,0],1,0},{'A',[2,-2,0,1,0,0,2],2,0,[0,0,0,1,0,0,2],1,0,[1,-1,0,0,0,0,0],1,1},{'A',[0,0,-1,0,2,0,0],1,0,[0,0,0,0,1,0,0],0,1,[0,0,-1,0,0,0,0],0,0},{'A',[1,-1,1,0,-2,0,0],2,0,[1,-1,0,0,0,0,0],1,0,[0,0,1,0,-2,0,0],1,0},{'A',[1,-1,1,0,-2,-1,0],3,0,[1,-1,1,0,-2,0,0],2,0,[0,0,0,0,0,-1,0],2,0},{'A',[2,-2,0,1,0,1,2],3,0,[0,0,0,0,0,1,0],2,0,[2,-2,0,1,0,0,2],2,0},{'A',[-7,7,1,-4,-2,-5,-8],4,0,[1,-1,1,0,-2,-1,0],3,0,[-2,2,0,-1,0,-1,-2],3,2},{'O',[-7,7,1,-4,-2,-5,-8],4,[-7,7,1,-4,-2,-5,-8],4,0}}
Finished solving after 89949.6 seconds
Adder graph: {{'A',[1,-1,0,0,0,0,0],1,0,[1,0,0,0,0,0,0],0,0,[0,-1,0,0,0,0,0],0,0},{'A',[0,0,0,1,0,0,2],1,0,[0,0,0,1,0,0,0],0,0,[0,0,0,0,0,0,1],0,1},{'A',[0,0,0,0,0,1,0],1,1,[0,0,0,0,0,1,0],0,0,[0,0,0,0,0,1,0],0,0},{'A',[0,0,0,0,0,1,0],2,0,[0,0,0,0,0,1,0],1,1,[0,0,0,0,0,-1,0],1,0},{'A',[2,-2,0,1,0,0,2],2,0,[0,0,0,1,0,0,2],1,0,[1,-1,0,0,0,0,0],1,1},{'A',[0,0,-1,0,2,0,0],1,0,[0,0,0,0,1,0,0],0,1,[0,0,-1,0,0,0,0],0,0},{'A',[1,-1,1,0,-2,0,0],2,0,[1,-1,0,0,0,0,0],1,0,[0,0,1,0,-2,0,0],1,0},{'A',[1,-1,1,0,-2,-1,0],3,0,[1,-1,1,0,-2,0,0],2,0,[0,0,0,0,0,-1,0],2,0},{'A',[2,-2,0,1,0,1,2],3,0,[0,0,0,0,0,1,0],2,0,[2,-2,0,1,0,0,2],2,0},{'A',[-7,7,1,-4,-2,-5,-8],4,0,[1,-1,1,0,-2,-1,0],3,0,[-2,2,0,-1,0,-1,-2],3,2},{'O',[-7,7,1,-4,-2,-5,-8],4,[-7,7,1,-4,-2,-5,-8],4,0}}
#Add optimal = 0
#FAs optimal = 0
