Adder graph: {{'A',[0,0,0,0,7,0,0],1,0,[0,0,0,0,1,0,0],0,3,[0,0,0,0,-1,0,0],0,0},{'A',[0,0,0,2,0,1,0],1,0,[0,0,0,0,0,1,0],0,0,[0,0,0,1,0,0,0],0,1},{'A',[0,0,0,16,7,8,0],2,0,[0,0,0,0,7,0,0],1,0,[0,0,0,2,0,1,0],1,3},{'A',[-1,0,0,0,0,0,1],1,0,[0,0,0,0,0,0,1],0,0,[-1,0,0,0,0,0,0],0,0},{'A',[0,1,2,0,0,0,0],1,0,[0,1,0,0,0,0,0],0,0,[0,0,1,0,0,0,0],0,1},{'A',[0,-1,-2,8,0,4,0],2,0,[0,0,0,2,0,1,0],1,2,[0,-1,-2,0,0,0,0],1,0},{'A',[1,0,0,4,0,2,-1],2,0,[0,0,0,2,0,1,0],1,1,[1,0,0,0,0,0,-1],1,0},{'A',[1,2,4,-12,0,-6,-1],3,0,[1,0,0,4,0,2,-1],2,0,[0,1,2,-8,0,-4,0],2,1},{'A',[0,-1,-2,-8,-7,-4,0],3,0,[0,-1,-2,8,0,4,0],2,0,[0,0,0,-16,-7,-8,0],2,0},{'A',[1,3,6,-4,7,-2,-1],4,0,[1,2,4,-12,0,-6,-1],3,0,[0,1,2,8,7,4,0],3,0},{'O',[1,3,6,-4,7,-2,-1],4,[1,3,6,-4,7,-2,-1],4,0}}
Adder graph: {{'A',[0,1,2,0,0,0,0],1,0,[0,1,0,0,0,0,0],0,0,[0,0,1,0,0,0,0],0,1},{'A',[0,0,0,1,-2,0,0],1,0,[0,0,0,1,0,0,0],0,0,[0,0,0,0,-1,0,0],0,1},{'A',[0,0,0,0,1,0,1],1,0,[0,0,0,0,1,0,0],0,0,[0,0,0,0,0,0,1],0,0},{'A',[0,1,2,0,-1,0,-1],2,0,[0,1,2,0,0,0,0],1,0,[0,0,0,0,-1,0,-1],1,0},{'A',[1,0,0,0,0,-2,0],1,0,[1,0,0,0,0,0,0],0,0,[0,0,0,0,0,-1,0],0,1},{'A',[-1,0,0,4,-8,2,0],2,0,[0,0,0,1,-2,0,0],1,2,[-1,0,0,0,0,2,0],1,0},{'A',[0,1,2,0,1,0,1],2,0,[0,0,0,0,1,0,1],1,0,[0,1,2,0,0,0,0],1,0},{'A',[-1,1,2,4,-7,2,1],3,0,[0,1,2,0,1,0,1],2,0,[-1,0,0,4,-8,2,0],2,0},{'A',[1,1,2,-4,7,-2,-1],3,0,[0,1,2,0,-1,0,-1],2,0,[1,0,0,-4,8,-2,0],2,0},{'A',[1,3,6,-4,7,-2,-1],4,0,[-1,1,2,4,-7,2,1],3,0,[1,1,2,-4,7,-2,-1],3,1},{'O',[1,3,6,-4,7,-2,-1],4,[1,3,6,-4,7,-2,-1],4,0}}
Adder graph: {{'A',[0,1,2,0,0,0,0],1,0,[0,0,1,0,0,0,0],0,1,[0,1,0,0,0,0,0],0,0},{'A',[0,0,0,1,-2,0,0],1,0,[0,0,0,1,0,0,0],0,0,[0,0,0,0,-1,0,0],0,1},{'A',[-1,0,0,0,0,0,1],1,0,[0,0,0,0,0,0,1],0,0,[-1,0,0,0,0,0,0],0,0},{'A',[0,0,0,0,1,2,0],1,0,[0,0,0,0,0,1,0],0,1,[0,0,0,0,1,0,0],0,0},{'A',[0,-1,-2,0,0,0,0],2,0,[0,1,2,0,0,0,0],1,0,[0,-1,-2,0,0,0,0],1,1},{'A',[0,0,0,4,-7,2,0],2,0,[0,0,0,0,1,2,0],1,0,[0,0,0,1,-2,0,0],1,2},{'A',[0,-5,-10,0,0,0,0],3,0,[0,-1,-2,0,0,0,0],2,0,[0,-1,-2,0,0,0,0],2,2},{'A',[2,1,2,0,0,0,-2],2,0,[0,1,2,0,0,0,0],1,0,[1,0,0,0,0,0,-1],1,1},{'A',[2,1,2,-8,14,-4,-2],3,0,[2,1,2,0,0,0,-2],2,0,[0,0,0,-4,7,-2,0],2,1},{'A',[1,3,6,-4,7,-2,-1],4,1,[2,1,2,-8,14,-4,-2],3,0,[0,5,10,0,0,0,0],3,0},{'O',[1,3,6,-4,7,-2,-1],4,[1,3,6,-4,7,-2,-1],4,0}}
Adder graph: {{'A',[0,0,0,0,-1,0,0],1,0,[0,0,0,0,1,0,0],0,0,[0,0,0,0,-1,0,0],0,1},{'A',[0,0,0,0,0,2,1],1,0,[0,0,0,0,0,1,0],0,1,[0,0,0,0,0,0,1],0,0},{'A',[1,0,0,-4,0,0,0],1,0,[1,0,0,0,0,0,0],0,0,[0,0,0,-1,0,0,0],0,2},{'A',[0,0,0,0,1,2,1],2,0,[0,0,0,0,0,2,1],1,0,[0,0,0,0,1,0,0],1,0},{'A',[0,1,2,0,0,0,0],1,0,[0,0,1,0,0,0,0],0,1,[0,1,0,0,0,0,0],0,0},{'A',[1,0,0,-4,2,0,0],2,0,[1,0,0,-4,0,0,0],1,0,[0,0,0,0,1,0,0],1,1},{'A',[1,-1,-2,-4,0,0,0],2,0,[1,0,0,-4,0,0,0],1,0,[0,-1,-2,0,0,0,0],1,0},{'A',[0,-1,-2,0,-2,0,0],3,0,[1,-1,-2,-4,0,0,0],2,0,[-1,0,0,4,-2,0,0],2,0},{'A',[1,-1,-2,-4,-1,-2,-1],3,0,[1,-1,-2,-4,0,0,0],2,0,[0,0,0,0,-1,-2,-1],2,0},{'A',[1,3,6,-4,7,-2,-1],4,0,[1,-1,-2,-4,-1,-2,-1],3,0,[0,1,2,0,2,0,0],3,2},{'O',[1,3,6,-4,7,-2,-1],4,[1,3,6,-4,7,-2,-1],4,0}}
Adder graph: {{'A',[0,0,0,0,2,0,0],1,0,[0,0,0,0,1,0,0],0,0,[0,0,0,0,1,0,0],0,0},{'A',[-1,0,0,0,0,0,1],1,0,[0,0,0,0,0,0,1],0,0,[-1,0,0,0,0,0,0],0,0},{'A',[0,1,2,0,0,0,0],1,0,[0,1,0,0,0,0,0],0,0,[0,0,1,0,0,0,0],0,1},{'A',[0,1,2,0,2,0,0],2,0,[0,0,0,0,2,0,0],1,0,[0,1,2,0,0,0,0],1,0},{'A',[0,0,0,2,0,1,0],1,0,[0,0,0,0,0,1,0],0,0,[0,0,0,1,0,0,0],0,1},{'A',[-1,0,0,2,0,1,1],2,0,[-1,0,0,0,0,0,1],1,0,[0,0,0,2,0,1,0],1,0},{'A',[0,0,0,-2,1,-1,0],2,1,[0,0,0,0,2,0,0],1,0,[0,0,0,-2,0,-1,0],1,1},{'A',[1,0,0,-4,1,-2,-1],3,0,[0,0,0,-2,1,-1,0],2,0,[1,0,0,-2,0,-1,-1],2,0},{'A',[0,-3,-6,0,-6,0,0],3,0,[0,1,2,0,2,0,0],2,0,[0,-1,-2,0,-2,0,0],2,2},{'A',[-1,-3,-6,4,-7,2,1],4,0,[0,-3,-6,0,-6,0,0],3,0,[-1,0,0,4,-1,2,1],3,0},{'O',[1,3,6,-4,7,-2,-1],4,[1,3,6,-4,7,-2,-1],4,0}}
Adder graph: {{'A',[0,1,2,0,0,0,0],1,0,[0,1,0,0,0,0,0],0,0,[0,0,1,0,0,0,0],0,1},{'A',[0,0,0,0,-1,0,0],1,0,[0,0,0,0,1,0,0],0,0,[0,0,0,0,-1,0,0],0,1},{'A',[0,1,2,0,1,0,0],2,0,[0,1,2,0,0,0,0],1,0,[0,0,0,0,1,0,0],1,0},{'A',[0,0,0,2,0,1,0],1,0,[0,0,0,1,0,0,0],0,1,[0,0,0,0,0,1,0],0,0},{'A',[0,-3,-6,0,-3,0,0],3,0,[0,1,2,0,1,0,0],2,0,[0,-1,-2,0,-1,0,0],2,2},{'A',[-1,0,0,0,0,0,1],1,0,[0,0,0,0,0,0,1],0,0,[-1,0,0,0,0,0,0],0,0},{'A',[0,0,0,2,-1,1,0],2,0,[0,0,0,2,0,1,0],1,0,[0,0,0,0,-1,0,0],1,0},{'A',[1,0,0,4,0,2,-1],2,0,[0,0,0,2,0,1,0],1,1,[1,0,0,0,0,0,-1],1,0},{'A',[1,0,0,-4,4,-2,-1],3,0,[1,0,0,4,0,2,-1],2,0,[0,0,0,-2,1,-1,0],2,2},{'A',[1,3,6,-4,7,-2,-1],4,0,[1,0,0,-4,4,-2,-1],3,0,[0,3,6,0,3,0,0],3,0},{'O',[1,3,6,-4,7,-2,-1],4,[1,3,6,-4,7,-2,-1],4,0}}
Adder graph: {{'A',[1,0,0,0,-1,0,0],1,0,[1,0,0,0,0,0,0],0,0,[0,0,0,0,-1,0,0],0,0},{'A',[1,0,0,0,-1,0,0],2,0,[1,0,0,0,-1,0,0],1,1,[-1,0,0,0,1,0,0],1,0},{'A',[0,0,0,0,0,2,1],1,0,[0,0,0,0,0,0,1],0,0,[0,0,0,0,0,1,0],0,1},{'A',[1,0,0,0,-1,0,0],3,1,[1,0,0,0,-1,0,0],2,0,[1,0,0,0,-1,0,0],2,0},{'A',[0,0,0,1,-2,0,0],1,0,[0,0,0,1,0,0,0],0,0,[0,0,0,0,-1,0,0],0,1},{'A',[0,1,2,0,0,0,0],1,0,[0,1,0,0,0,0,0],0,0,[0,0,1,0,0,0,0],0,1},{'A',[0,1,2,0,0,2,1],2,0,[0,1,2,0,0,0,0],1,0,[0,0,0,0,0,2,1],1,0},{'A',[0,-1,-2,1,-2,0,0],2,0,[0,0,0,1,-2,0,0],1,0,[0,-1,-2,0,0,0,0],1,0},{'A',[0,-3,-6,4,-8,2,1],3,0,[0,1,2,0,0,2,1],2,0,[0,-1,-2,1,-2,0,0],2,2},{'A',[-1,-3,-6,4,-7,2,1],4,0,[0,-3,-6,4,-8,2,1],3,0,[-1,0,0,0,1,0,0],3,0},{'O',[1,3,6,-4,7,-2,-1],4,[1,3,6,-4,7,-2,-1],4,0}}
Adder graph: {{'A',[0,1,2,0,0,0,0],1,0,[0,0,1,0,0,0,0],0,1,[0,1,0,0,0,0,0],0,0},{'A',[1,0,0,0,0,0,-1],1,0,[1,0,0,0,0,0,0],0,0,[0,0,0,0,0,0,-1],0,0},{'A',[0,0,0,0,1,0,0],1,0,[0,0,0,0,1,0,0],0,1,[0,0,0,0,-1,0,0],0,0},{'A',[0,1,2,0,1,0,0],2,0,[0,0,0,0,1,0,0],1,0,[0,1,2,0,0,0,0],1,0},{'A',[0,0,0,2,0,1,0],1,0,[0,0,0,0,0,1,0],0,0,[0,0,0,1,0,0,0],0,1},{'A',[1,0,0,-4,0,-2,-1],2,0,[1,0,0,0,0,0,-1],1,0,[0,0,0,-2,0,-1,0],1,1},{'A',[0,0,0,0,-1,0,0],2,0,[0,0,0,0,1,0,0],1,0,[0,0,0,0,-1,0,0],1,1},{'A',[1,0,0,-4,4,-2,-1],3,0,[1,0,0,-4,0,-2,-1],2,0,[0,0,0,0,1,0,0],2,2},{'A',[0,3,6,0,3,0,0],3,0,[0,1,2,0,1,0,0],2,1,[0,1,2,0,1,0,0],2,0},{'A',[1,3,6,-4,7,-2,-1],4,0,[1,0,0,-4,4,-2,-1],3,0,[0,3,6,0,3,0,0],3,0},{'O',[1,3,6,-4,7,-2,-1],4,[1,3,6,-4,7,-2,-1],4,0}}
Adder graph: {{'A',[1,0,0,0,0,0,-1],1,0,[1,0,0,0,0,0,0],0,0,[0,0,0,0,0,0,-1],0,0},{'A',[0,0,0,2,0,1,0],1,0,[0,0,0,1,0,0,0],0,1,[0,0,0,0,0,1,0],0,0},{'A',[0,0,0,0,1,0,0],1,1,[0,0,0,0,1,0,0],0,0,[0,0,0,0,1,0,0],0,0},{'A',[0,1,2,0,0,0,0],1,0,[0,1,0,0,0,0,0],0,0,[0,0,1,0,0,0,0],0,1},{'A',[1,1,2,0,0,0,-1],2,0,[1,0,0,0,0,0,-1],1,0,[0,1,2,0,0,0,0],1,0},{'A',[0,0,0,0,1,0,0],2,1,[0,0,0,0,1,0,0],1,0,[0,0,0,0,1,0,0],1,0},{'A',[0,-1,-2,2,0,1,0],2,0,[0,0,0,2,0,1,0],1,0,[0,-1,-2,0,0,0,0],1,0},{'A',[0,1,2,-2,4,-1,0],3,0,[0,0,0,0,1,0,0],2,2,[0,1,2,-2,0,-1,0],2,0},{'A',[1,1,2,0,-1,0,-1],3,0,[1,1,2,0,0,0,-1],2,0,[0,0,0,0,-1,0,0],2,0},{'A',[1,3,6,-4,7,-2,-1],4,0,[0,1,2,-2,4,-1,0],3,1,[1,1,2,0,-1,0,-1],3,0},{'O',[1,3,6,-4,7,-2,-1],4,[1,3,6,-4,7,-2,-1],4,0}}
Adder graph: {{'A',[0,0,0,0,1,0,0],1,1,[0,0,0,0,1,0,0],0,0,[0,0,0,0,1,0,0],0,0},{'A',[0,0,0,0,1,0,0],2,0,[0,0,0,0,1,0,0],1,1,[0,0,0,0,-1,0,0],1,0},{'A',[0,1,2,0,0,0,0],1,0,[0,0,1,0,0,0,0],0,1,[0,1,0,0,0,0,0],0,0},{'A',[0,1,2,0,1,0,0],2,0,[0,1,2,0,0,0,0],1,0,[0,0,0,0,1,0,0],1,0},{'A',[0,0,0,2,0,1,0],1,0,[0,0,0,0,0,1,0],0,0,[0,0,0,1,0,0,0],0,1},{'A',[-1,0,0,0,0,0,1],1,0,[0,0,0,0,0,0,1],0,0,[-1,0,0,0,0,0,0],0,0},{'A',[-1,0,0,4,0,2,1],2,0,[0,0,0,2,0,1,0],1,1,[-1,0,0,0,0,0,1],1,0},{'A',[-1,-2,-4,4,-2,2,1],3,0,[-1,0,0,4,0,2,1],2,0,[0,-1,-2,0,-1,0,0],2,1},{'A',[0,1,2,0,5,0,0],3,0,[0,1,2,0,1,0,0],2,0,[0,0,0,0,1,0,0],2,2},{'A',[-1,-3,-6,4,-7,2,1],4,0,[-1,-2,-4,4,-2,2,1],3,0,[0,-1,-2,0,-5,0,0],3,0},{'O',[1,3,6,-4,7,-2,-1],4,[1,3,6,-4,7,-2,-1],4,0}}
Finished solving after 89593.6 seconds
Adder graph: {{'A',[0,0,0,0,1,0,0],1,1,[0,0,0,0,1,0,0],0,0,[0,0,0,0,1,0,0],0,0},{'A',[0,0,0,0,1,0,0],2,0,[0,0,0,0,1,0,0],1,1,[0,0,0,0,-1,0,0],1,0},{'A',[0,1,2,0,0,0,0],1,0,[0,0,1,0,0,0,0],0,1,[0,1,0,0,0,0,0],0,0},{'A',[0,1,2,0,1,0,0],2,0,[0,1,2,0,0,0,0],1,0,[0,0,0,0,1,0,0],1,0},{'A',[0,0,0,2,0,1,0],1,0,[0,0,0,0,0,1,0],0,0,[0,0,0,1,0,0,0],0,1},{'A',[-1,0,0,0,0,0,1],1,0,[0,0,0,0,0,0,1],0,0,[-1,0,0,0,0,0,0],0,0},{'A',[-1,0,0,4,0,2,1],2,0,[0,0,0,2,0,1,0],1,1,[-1,0,0,0,0,0,1],1,0},{'A',[-1,-2,-4,4,-2,2,1],3,0,[-1,0,0,4,0,2,1],2,0,[0,-1,-2,0,-1,0,0],2,1},{'A',[0,1,2,0,5,0,0],3,0,[0,1,2,0,1,0,0],2,0,[0,0,0,0,1,0,0],2,2},{'A',[-1,-3,-6,4,-7,2,1],4,0,[-1,-2,-4,4,-2,2,1],3,0,[0,-1,-2,0,-5,0,0],3,0},{'O',[1,3,6,-4,7,-2,-1],4,[1,3,6,-4,7,-2,-1],4,0}}
#Add optimal = 0
#FAs optimal = 0
