Adder graph: {{'A',[0,0,0,1,0,1,0],1,0,[0,0,0,1,0,0,0],0,0,[0,0,0,0,0,1,0],0,0},{'A',[0,0,0,-1,0,-1,0],2,0,[0,0,0,1,0,1,0],1,0,[0,0,0,-1,0,-1,0],1,1},{'A',[0,0,0,-5,0,-5,0],3,0,[0,0,0,-1,0,-1,0],2,0,[0,0,0,-1,0,-1,0],2,2},{'A',[1,0,0,0,2,0,0],1,0,[0,0,0,0,1,0,0],0,1,[1,0,0,0,0,0,0],0,0},{'A',[3,0,0,0,6,0,0],2,0,[1,0,0,0,2,0,0],1,1,[1,0,0,0,2,0,0],1,0},{'A',[0,1,0,0,0,0,1],1,0,[0,1,0,0,0,0,0],0,0,[0,0,0,0,0,0,1],0,0},{'A',[0,0,-4,0,1,0,0],1,0,[0,0,0,0,1,0,0],0,0,[0,0,-1,0,0,0,0],0,2},{'A',[0,2,4,0,-1,0,2],2,0,[0,1,0,0,0,0,1],1,1,[0,0,4,0,-1,0,0],1,0},{'A',[3,-2,-4,0,7,0,-2],3,0,[3,0,0,0,6,0,0],2,0,[0,-2,-4,0,1,0,-2],2,0},{'A',[-3,2,4,-5,-7,-5,2],4,0,[0,0,0,-5,0,-5,0],3,0,[-3,2,4,0,-7,0,2],3,0},{'O',[3,-2,-4,5,7,5,-2],4,[3,-2,-4,5,7,5,-2],4,0}}
Adder graph: {{'A',[0,0,0,1,0,1,0],1,0,[0,0,0,1,0,0,0],0,0,[0,0,0,0,0,1,0],0,0},{'A',[0,0,0,1,0,1,0],2,1,[0,0,0,1,0,1,0],1,0,[0,0,0,1,0,1,0],1,0},{'A',[1,0,0,0,2,0,0],1,0,[1,0,0,0,0,0,0],0,0,[0,0,0,0,1,0,0],0,1},{'A',[0,0,0,5,0,5,0],3,0,[0,0,0,1,0,1,0],2,2,[0,0,0,1,0,1,0],2,0},{'A',[0,1,2,0,0,0,0],1,0,[0,0,1,0,0,0,0],0,1,[0,1,0,0,0,0,0],0,0},{'A',[0,0,0,0,1,0,-2],1,0,[0,0,0,0,1,0,0],0,0,[0,0,0,0,0,0,-1],0,1},{'A',[0,-2,-4,0,1,0,-2],2,0,[0,0,0,0,1,0,-2],1,0,[0,-1,-2,0,0,0,0],1,1},{'A',[3,0,0,0,6,0,0],2,0,[1,0,0,0,2,0,0],1,0,[1,0,0,0,2,0,0],1,1},{'A',[3,-2,-4,0,7,0,-2],3,0,[0,-2,-4,0,1,0,-2],2,0,[3,0,0,0,6,0,0],2,0},{'A',[3,-2,-4,5,7,5,-2],4,0,[3,-2,-4,0,7,0,-2],3,0,[0,0,0,5,0,5,0],3,0},{'O',[3,-2,-4,5,7,5,-2],4,[3,-2,-4,5,7,5,-2],4,0}}
Adder graph: {{'A',[0,0,0,1,0,1,0],1,0,[0,0,0,1,0,0,0],0,0,[0,0,0,0,0,1,0],0,0},{'A',[0,0,0,2,0,2,0],2,0,[0,0,0,1,0,1,0],1,0,[0,0,0,1,0,1,0],1,0},{'A',[0,0,0,10,0,10,0],3,0,[0,0,0,2,0,2,0],2,2,[0,0,0,2,0,2,0],2,0},{'A',[0,0,-1,0,1,0,0],1,0,[0,0,0,0,1,0,0],0,0,[0,0,-1,0,0,0,0],0,0},{'A',[1,0,0,0,1,0,0],1,0,[0,0,0,0,1,0,0],0,0,[1,0,0,0,0,0,0],0,0},{'A',[0,1,0,0,0,0,1],1,0,[0,0,0,0,0,0,1],0,0,[0,1,0,0,0,0,0],0,0},{'A',[-3,0,0,0,-3,0,0],2,0,[1,0,0,0,1,0,0],1,0,[-1,0,0,0,-1,0,0],1,2},{'A',[0,-1,-2,0,2,0,-1],2,0,[0,0,-1,0,1,0,0],1,1,[0,-1,0,0,0,0,-1],1,0},{'A',[-3,2,4,0,-7,0,2],3,0,[-3,0,0,0,-3,0,0],2,0,[0,1,2,0,-2,0,1],2,1},{'A',[3,-2,-4,5,7,5,-2],4,1,[0,0,0,10,0,10,0],3,0,[3,-2,-4,0,7,0,-2],3,1},{'O',[3,-2,-4,5,7,5,-2],4,[3,-2,-4,5,7,5,-2],4,0}}
Adder graph: {{'A',[0,0,1,0,-1,0,0],1,0,[0,0,1,0,0,0,0],0,0,[0,0,0,0,-1,0,0],0,0},{'A',[0,1,0,0,0,0,1],1,0,[0,0,0,0,0,0,1],0,0,[0,1,0,0,0,0,0],0,0},{'A',[0,2,0,0,0,0,2],2,0,[0,1,0,0,0,0,1],1,0,[0,1,0,0,0,0,1],1,0},{'A',[0,0,0,1,0,1,0],1,0,[0,0,0,0,0,1,0],0,0,[0,0,0,1,0,0,0],0,0},{'A',[1,0,0,0,1,0,0],1,0,[0,0,0,0,1,0,0],0,0,[1,0,0,0,0,0,0],0,0},{'A',[0,0,-1,2,1,2,0],2,0,[0,0,0,1,0,1,0],1,1,[0,0,-1,0,1,0,0],1,0},{'A',[-1,0,0,1,-1,1,0],2,0,[0,0,0,1,0,1,0],1,0,[-1,0,0,0,-1,0,0],1,0},{'A',[-1,0,1,-1,-2,-1,0],3,0,[-1,0,0,1,-1,1,0],2,0,[0,0,1,-2,-1,-2,0],2,0},{'A',[-1,-2,0,1,-1,1,-2],3,0,[-1,0,0,1,-1,1,0],2,0,[0,-2,0,0,0,0,-2],2,0},{'A',[3,-2,-4,5,7,5,-2],4,0,[-1,-2,0,1,-1,1,-2],3,0,[1,0,-1,1,2,1,0],3,2},{'O',[3,-2,-4,5,7,5,-2],4,[3,-2,-4,5,7,5,-2],4,0}}
Adder graph: {{'A',[1,0,0,0,1,0,0],1,0,[1,0,0,0,0,0,0],0,0,[0,0,0,0,1,0,0],0,0},{'A',[1,0,0,0,1,0,0],2,0,[1,0,0,0,1,0,0],1,1,[-1,0,0,0,-1,0,0],1,0},{'A',[0,0,0,1,0,1,0],1,0,[0,0,0,1,0,0,0],0,0,[0,0,0,0,0,1,0],0,0},{'A',[1,0,0,1,1,1,0],2,0,[1,0,0,0,1,0,0],1,0,[0,0,0,1,0,1,0],1,0},{'A',[0,0,-1,0,1,0,0],1,0,[0,0,0,0,1,0,0],0,0,[0,0,-1,0,0,0,0],0,0},{'A',[0,1,0,0,0,0,1],1,0,[0,1,0,0,0,0,0],0,0,[0,0,0,0,0,0,1],0,0},{'A',[-1,0,0,1,-1,1,0],3,0,[1,0,0,1,1,1,0],2,0,[-1,0,0,0,-1,0,0],2,1},{'A',[0,-1,-2,0,2,0,-1],2,0,[0,0,-1,0,1,0,0],1,1,[0,-1,0,0,0,0,-1],1,0},{'A',[2,-1,-2,2,4,2,-1],3,0,[1,0,0,1,1,1,0],2,1,[0,-1,-2,0,2,0,-1],2,0},{'A',[3,-2,-4,5,7,5,-2],4,0,[-1,0,0,1,-1,1,0],3,0,[2,-1,-2,2,4,2,-1],3,1},{'O',[3,-2,-4,5,7,5,-2],4,[3,-2,-4,5,7,5,-2],4,0}}
Adder graph: {{'A',[1,0,1,0,0,0,0],1,0,[1,0,0,0,0,0,0],0,0,[0,0,1,0,0,0,0],0,0},{'A',[1,0,0,0,1,0,0],1,0,[0,0,0,0,1,0,0],0,0,[1,0,0,0,0,0,0],0,0},{'A',[1,0,1,0,0,0,0],2,1,[1,0,1,0,0,0,0],1,0,[1,0,1,0,0,0,0],1,0},{'A',[0,0,0,1,0,1,0],1,0,[0,0,0,0,0,1,0],0,0,[0,0,0,1,0,0,0],0,0},{'A',[1,0,0,1,1,1,0],2,0,[0,0,0,1,0,1,0],1,0,[1,0,0,0,1,0,0],1,0},{'A',[0,1,0,0,0,0,1],1,0,[0,1,0,0,0,0,0],0,0,[0,0,0,0,0,0,1],0,0},{'A',[-1,1,0,0,-1,0,1],2,0,[0,1,0,0,0,0,1],1,0,[-1,0,0,0,-1,0,0],1,0},{'A',[-3,2,0,-1,-3,-1,2],3,0,[-1,1,0,0,-1,0,1],2,1,[-1,0,0,-1,-1,-1,0],2,0},{'A',[0,0,-1,1,1,1,0],3,0,[1,0,0,1,1,1,0],2,0,[-1,0,-1,0,0,0,0],2,0},{'A',[3,-2,-4,5,7,5,-2],4,0,[0,0,-1,1,1,1,0],3,2,[3,-2,0,1,3,1,-2],3,0},{'O',[3,-2,-4,5,7,5,-2],4,[3,-2,-4,5,7,5,-2],4,0}}
Finished solving after 91576.4 seconds
Adder graph: {{'A',[1,0,1,0,0,0,0],1,0,[1,0,0,0,0,0,0],0,0,[0,0,1,0,0,0,0],0,0},{'A',[1,0,0,0,1,0,0],1,0,[0,0,0,0,1,0,0],0,0,[1,0,0,0,0,0,0],0,0},{'A',[1,0,1,0,0,0,0],2,1,[1,0,1,0,0,0,0],1,0,[1,0,1,0,0,0,0],1,0},{'A',[0,0,0,1,0,1,0],1,0,[0,0,0,0,0,1,0],0,0,[0,0,0,1,0,0,0],0,0},{'A',[1,0,0,1,1,1,0],2,0,[0,0,0,1,0,1,0],1,0,[1,0,0,0,1,0,0],1,0},{'A',[0,1,0,0,0,0,1],1,0,[0,1,0,0,0,0,0],0,0,[0,0,0,0,0,0,1],0,0},{'A',[-1,1,0,0,-1,0,1],2,0,[0,1,0,0,0,0,1],1,0,[-1,0,0,0,-1,0,0],1,0},{'A',[-3,2,0,-1,-3,-1,2],3,0,[-1,1,0,0,-1,0,1],2,1,[-1,0,0,-1,-1,-1,0],2,0},{'A',[0,0,-1,1,1,1,0],3,0,[1,0,0,1,1,1,0],2,0,[-1,0,-1,0,0,0,0],2,0},{'A',[3,-2,-4,5,7,5,-2],4,0,[0,0,-1,1,1,1,0],3,2,[3,-2,0,1,3,1,-2],3,0},{'O',[3,-2,-4,5,7,5,-2],4,[3,-2,-4,5,7,5,-2],4,0}}
#Add optimal = 0
#FAs optimal = 0
