Adder graph: {{'A',[1,0,0,0,0,0,-1],1,0,[1,0,0,0,0,0,0],0,0,[0,0,0,0,0,0,-1],0,0},{'A',[0,1,0,0,1,0,0],1,0,[0,1,0,0,0,0,0],0,0,[0,0,0,0,1,0,0],0,0},{'A',[0,0,1,1,0,0,0],1,0,[0,0,1,0,0,0,0],0,0,[0,0,0,1,0,0,0],0,0},{'A',[1,0,-1,-1,0,0,-1],2,0,[1,0,0,0,0,0,-1],1,0,[0,0,-1,-1,0,0,0],1,0},{'A',[0,0,0,1,0,-2,0],1,0,[0,0,0,1,0,0,0],0,0,[0,0,0,0,0,-1,0],0,1},{'A',[1,1,0,0,1,0,-1],2,0,[1,0,0,0,0,0,-1],1,0,[0,1,0,0,1,0,0],1,0},{'A',[0,-8,0,1,-8,-2,0],2,0,[0,0,0,1,0,-2,0],1,0,[0,-1,0,0,-1,0,0],1,3},{'A',[4,-8,-4,-3,-8,-2,-4],3,0,[0,-8,0,1,-8,-2,0],2,0,[1,0,-1,-1,0,0,-1],2,2},{'A',[7,-1,-8,-8,-1,0,-7],3,0,[1,0,-1,-1,0,0,-1],2,3,[-1,-1,0,0,-1,0,1],2,0},{'A',[-3,-7,4,5,-7,-2,3],4,0,[4,-8,-4,-3,-8,-2,-4],3,0,[-7,1,8,8,1,0,7],3,0},{'O',[3,7,-4,-5,7,2,-3],4,[3,7,-4,-5,7,2,-3],4,0}}
Adder graph: {{'A',[0,1,0,0,1,0,0],1,0,[0,1,0,0,0,0,0],0,0,[0,0,0,0,1,0,0],0,0},{'A',[1,0,0,0,0,0,-1],1,0,[1,0,0,0,0,0,0],0,0,[0,0,0,0,0,0,-1],0,0},{'A',[0,0,0,1,0,-2,0],1,0,[0,0,0,1,0,0,0],0,0,[0,0,0,0,0,-1,0],0,1},{'A',[-3,0,0,0,0,0,3],2,0,[1,0,0,0,0,0,-1],1,0,[-1,0,0,0,0,0,1],1,2},{'A',[0,0,1,1,0,0,0],1,0,[0,0,0,1,0,0,0],0,0,[0,0,1,0,0,0,0],0,0},{'A',[0,1,0,1,1,-2,0],2,0,[0,0,0,1,0,-2,0],1,0,[0,1,0,0,1,0,0],1,0},{'A',[0,2,-1,-1,2,0,0],2,0,[0,1,0,0,1,0,0],1,1,[0,0,-1,-1,0,0,0],1,0},{'A',[3,8,-4,-4,8,0,-3],3,0,[0,2,-1,-1,2,0,0],2,2,[3,0,0,0,0,0,-3],2,0},{'A',[0,1,0,1,1,-2,0],3,1,[0,1,0,1,1,-2,0],2,0,[0,1,0,1,1,-2,0],2,0},{'A',[-3,-7,4,5,-7,-2,3],4,0,[0,1,0,1,1,-2,0],3,0,[-3,-8,4,4,-8,0,3],3,0},{'O',[3,7,-4,-5,7,2,-3],4,[3,7,-4,-5,7,2,-3],4,0}}
Adder graph: {{'A',[0,0,1,1,0,0,0],1,0,[0,0,1,0,0,0,0],0,0,[0,0,0,1,0,0,0],0,0},{'A',[0,1,0,0,1,0,0],1,0,[0,0,0,0,1,0,0],0,0,[0,1,0,0,0,0,0],0,0},{'A',[0,0,2,2,0,0,0],2,0,[0,0,1,1,0,0,0],1,0,[0,0,1,1,0,0,0],1,0},{'A',[-1,0,0,0,0,0,1],1,0,[0,0,0,0,0,0,1],0,0,[-1,0,0,0,0,0,0],0,0},{'A',[0,0,0,-1,0,2,0],1,0,[0,0,0,0,0,1,0],0,1,[0,0,0,-1,0,0,0],0,0},{'A',[1,2,0,0,2,0,-1],2,0,[0,1,0,0,1,0,0],1,1,[1,0,0,0,0,0,-1],1,0},{'A',[2,4,-2,-2,4,0,-2],3,0,[1,2,0,0,2,0,-1],2,1,[0,0,-2,-2,0,0,0],2,0},{'A',[0,1,0,-1,1,2,0],2,0,[0,0,0,-1,0,2,0],1,0,[0,1,0,0,1,0,0],1,0},{'A',[1,1,0,1,1,-2,-1],3,0,[1,2,0,0,2,0,-1],2,0,[0,-1,0,1,-1,-2,0],2,0},{'A',[3,7,-4,-5,7,2,-3],4,0,[2,4,-2,-2,4,0,-2],3,1,[-1,-1,0,-1,-1,2,1],3,0},{'O',[3,7,-4,-5,7,2,-3],4,[3,7,-4,-5,7,2,-3],4,0}}
Adder graph: {{'A',[1,0,0,0,0,0,-1],1,0,[1,0,0,0,0,0,0],0,0,[0,0,0,0,0,0,-1],0,0},{'A',[0,0,0,1,0,0,0],1,0,[0,0,0,1,0,0,0],0,1,[0,0,0,-1,0,0,0],0,0},{'A',[0,1,0,0,1,0,0],1,0,[0,0,0,0,1,0,0],0,0,[0,1,0,0,0,0,0],0,0},{'A',[0,0,2,0,0,-1,0],1,0,[0,0,1,0,0,0,0],0,1,[0,0,0,0,0,-1,0],0,0},{'A',[1,0,-4,0,0,2,-1],2,0,[1,0,0,0,0,0,-1],1,0,[0,0,-2,0,0,1,0],1,1},{'A',[1,1,0,0,1,0,-1],2,0,[1,0,0,0,0,0,-1],1,0,[0,1,0,0,1,0,0],1,0},{'A',[3,2,-4,0,2,2,-3],3,0,[1,1,0,0,1,0,-1],2,1,[1,0,-4,0,0,2,-1],2,0},{'A',[0,-1,0,1,-1,0,0],2,0,[0,0,0,1,0,0,0],1,0,[0,-1,0,0,-1,0,0],1,0},{'A',[0,-5,0,5,-5,0,0],3,0,[0,-1,0,1,-1,0,0],2,0,[0,-1,0,1,-1,0,0],2,2},{'A',[-3,-7,4,5,-7,-2,3],4,0,[0,-5,0,5,-5,0,0],3,0,[-3,-2,4,0,-2,-2,3],3,0},{'O',[3,7,-4,-5,7,2,-3],4,[3,7,-4,-5,7,2,-3],4,0}}
Adder graph: {{'A',[1,0,0,0,0,0,-1],1,0,[1,0,0,0,0,0,0],0,0,[0,0,0,0,0,0,-1],0,0},{'A',[0,1,0,0,1,0,0],1,0,[0,0,0,0,1,0,0],0,0,[0,1,0,0,0,0,0],0,0},{'A',[0,0,1,1,0,0,0],1,0,[0,0,0,1,0,0,0],0,0,[0,0,1,0,0,0,0],0,0},{'A',[0,0,1,0,0,2,0],1,0,[0,0,1,0,0,0,0],0,0,[0,0,0,0,0,1,0],0,1},{'A',[0,0,0,1,0,-2,0],2,0,[0,0,1,1,0,0,0],1,0,[0,0,-1,0,0,-2,0],1,0},{'A',[1,1,0,0,1,0,-1],2,0,[1,0,0,0,0,0,-1],1,0,[0,1,0,0,1,0,0],1,0},{'A',[0,-1,1,1,-1,0,0],2,0,[0,0,1,1,0,0,0],1,0,[0,-1,0,0,-1,0,0],1,0},{'A',[1,3,-2,-2,3,0,-1],3,0,[1,1,0,0,1,0,-1],2,0,[0,1,-1,-1,1,0,0],2,1},{'A',[-1,-1,0,1,-1,-2,1],3,0,[0,0,0,1,0,-2,0],2,0,[-1,-1,0,0,-1,0,1],2,0},{'A',[3,7,-4,-5,7,2,-3],4,0,[1,3,-2,-2,3,0,-1],3,1,[1,1,0,-1,1,2,-1],3,0},{'O',[3,7,-4,-5,7,2,-3],4,[3,7,-4,-5,7,2,-3],4,0}}
Adder graph: {{'A',[-1,0,0,0,0,0,1],1,0,[0,0,0,0,0,0,1],0,0,[-1,0,0,0,0,0,0],0,0},{'A',[0,0,1,0,0,2,0],1,0,[0,0,0,0,0,1,0],0,1,[0,0,1,0,0,0,0],0,0},{'A',[0,1,0,0,1,0,0],1,0,[0,0,0,0,1,0,0],0,0,[0,1,0,0,0,0,0],0,0},{'A',[0,0,1,1,0,0,0],1,0,[0,0,0,1,0,0,0],0,0,[0,0,1,0,0,0,0],0,0},{'A',[0,0,0,-1,0,2,0],2,0,[0,0,1,0,0,2,0],1,0,[0,0,-1,-1,0,0,0],1,0},{'A',[0,-1,1,1,-1,0,0],2,0,[0,0,1,1,0,0,0],1,0,[0,-1,0,0,-1,0,0],1,0},{'A',[1,1,0,0,1,0,-1],2,0,[0,1,0,0,1,0,0],1,0,[1,0,0,0,0,0,-1],1,0},{'A',[-1,-2,1,1,-2,0,1],3,0,[0,-1,1,1,-1,0,0],2,0,[-1,-1,0,0,-1,0,1],2,0},{'A',[-1,-1,0,-1,-1,2,1],3,0,[0,0,0,-1,0,2,0],2,0,[-1,-1,0,0,-1,0,1],2,0},{'A',[-3,-7,4,5,-7,-2,3],4,0,[-1,-2,1,1,-2,0,1],3,2,[1,1,0,1,1,-2,-1],3,0},{'O',[3,7,-4,-5,7,2,-3],4,[3,7,-4,-5,7,2,-3],4,0}}
Finished solving after 90884.3 seconds
Adder graph: {{'A',[-1,0,0,0,0,0,1],1,0,[0,0,0,0,0,0,1],0,0,[-1,0,0,0,0,0,0],0,0},{'A',[0,0,1,0,0,2,0],1,0,[0,0,0,0,0,1,0],0,1,[0,0,1,0,0,0,0],0,0},{'A',[0,1,0,0,1,0,0],1,0,[0,0,0,0,1,0,0],0,0,[0,1,0,0,0,0,0],0,0},{'A',[0,0,1,1,0,0,0],1,0,[0,0,0,1,0,0,0],0,0,[0,0,1,0,0,0,0],0,0},{'A',[0,0,0,-1,0,2,0],2,0,[0,0,1,0,0,2,0],1,0,[0,0,-1,-1,0,0,0],1,0},{'A',[0,-1,1,1,-1,0,0],2,0,[0,0,1,1,0,0,0],1,0,[0,-1,0,0,-1,0,0],1,0},{'A',[1,1,0,0,1,0,-1],2,0,[0,1,0,0,1,0,0],1,0,[1,0,0,0,0,0,-1],1,0},{'A',[-1,-2,1,1,-2,0,1],3,0,[0,-1,1,1,-1,0,0],2,0,[-1,-1,0,0,-1,0,1],2,0},{'A',[-1,-1,0,-1,-1,2,1],3,0,[0,0,0,-1,0,2,0],2,0,[-1,-1,0,0,-1,0,1],2,0},{'A',[-3,-7,4,5,-7,-2,3],4,0,[-1,-2,1,1,-2,0,1],3,2,[1,1,0,1,1,-2,-1],3,0},{'O',[3,7,-4,-5,7,2,-3],4,[3,7,-4,-5,7,2,-3],4,0}}
#Add optimal = 0
#FAs optimal = 0
