Adder graph: {{'A',[0,-2,0,0,0,0,1],1,0,[0,0,0,0,0,0,1],0,0,[0,-1,0,0,0,0,0],0,1},{'A',[0,0,0,-1,1,0,0],1,0,[0,0,0,0,1,0,0],0,0,[0,0,0,-1,0,0,0],0,0},{'A',[0,4,0,-1,1,0,-2],2,0,[0,0,0,-1,1,0,0],1,0,[0,2,0,0,0,0,-1],1,1},{'A',[0,0,0,0,0,2,0],1,0,[0,0,0,0,0,1,0],0,0,[0,0,0,0,0,1,0],0,0},{'A',[0,-2,0,2,-2,0,1],2,0,[0,-2,0,0,0,0,1],1,0,[0,0,0,1,-1,0,0],1,1},{'A',[1,0,-2,0,0,0,0],1,0,[1,0,0,0,0,0,0],0,0,[0,0,-1,0,0,0,0],0,1},{'A',[0,12,0,-9,9,0,-6],3,0,[0,4,0,-1,1,0,-2],2,0,[0,2,0,-2,2,0,-1],2,2},{'A',[-8,0,16,0,0,2,0],2,0,[0,0,0,0,0,2,0],1,0,[-1,0,2,0,0,0,0],1,3},{'A',[-8,4,16,-1,1,2,-2],3,0,[-8,0,16,0,0,2,0],2,0,[0,4,0,-1,1,0,-2],2,0},{'A',[-4,8,8,-5,5,1,-4],4,1,[-8,4,16,-1,1,2,-2],3,0,[0,12,0,-9,9,0,-6],3,0},{'O',[4,-8,-8,5,-5,-1,4],4,[4,-8,-8,5,-5,-1,4],4,0}}
Adder graph: {{'A',[0,0,0,-1,1,0,0],1,0,[0,0,0,0,1,0,0],0,0,[0,0,0,-1,0,0,0],0,0},{'A',[2,0,0,0,0,0,0],1,0,[1,0,0,0,0,0,0],0,0,[1,0,0,0,0,0,0],0,0},{'A',[0,8,0,0,0,1,0],1,0,[0,1,0,0,0,0,0],0,3,[0,0,0,0,0,1,0],0,0},{'A',[0,0,-2,0,0,0,1],1,0,[0,0,0,0,0,0,1],0,0,[0,0,-1,0,0,0,0],0,1},{'A',[2,-8,0,0,0,-1,0],2,0,[2,0,0,0,0,0,0],1,0,[0,-8,0,0,0,-1,0],1,0},{'A',[-2,0,0,-1,1,0,0],2,0,[0,0,0,-1,1,0,0],1,0,[-2,0,0,0,0,0,0],1,0},{'A',[0,0,-2,1,-1,0,1],2,0,[0,0,-2,0,0,0,1],1,0,[0,0,0,1,-1,0,0],1,0},{'A',[-2,0,16,-9,9,0,-8],3,0,[-2,0,0,-1,1,0,0],2,0,[0,0,2,-1,1,0,-1],2,3},{'A',[-2,8,-8,4,-4,1,4],3,0,[0,0,-2,1,-1,0,1],2,2,[-2,8,0,0,0,1,0],2,0},{'A',[-4,8,8,-5,5,1,-4],4,0,[-2,8,-8,4,-4,1,4],3,0,[-2,0,16,-9,9,0,-8],3,0},{'O',[4,-8,-8,5,-5,-1,4],4,[4,-8,-8,5,-5,-1,4],4,0}}
Adder graph: {{'A',[0,0,0,1,-1,0,0],1,0,[0,0,0,1,0,0,0],0,0,[0,0,0,0,-1,0,0],0,0},{'A',[0,0,0,7,-7,0,0],2,0,[0,0,0,1,-1,0,0],1,3,[0,0,0,-1,1,0,0],1,0},{'A',[0,1,1,0,0,0,0],1,0,[0,1,0,0,0,0,0],0,0,[0,0,1,0,0,0,0],0,0},{'A',[-4,0,0,0,0,1,0],1,0,[0,0,0,0,0,1,0],0,0,[-1,0,0,0,0,0,0],0,2},{'A',[-4,8,8,0,0,1,0],2,0,[0,1,1,0,0,0,0],1,3,[-4,0,0,0,0,1,0],1,0},{'A',[0,0,0,0,0,0,2],1,0,[0,0,0,0,0,0,1],0,0,[0,0,0,0,0,0,1],0,0},{'A',[0,0,0,1,-1,0,-2],2,0,[0,0,0,1,-1,0,0],1,0,[0,0,0,0,0,0,-2],1,0},{'A',[0,0,0,5,-5,0,4],3,0,[0,0,0,7,-7,0,0],2,0,[0,0,0,-1,1,0,2],2,1},{'A',[4,-8,-8,0,0,-1,0],3,0,[-4,8,8,0,0,1,0],2,0,[4,-8,-8,0,0,-1,0],2,1},{'A',[4,-8,-8,5,-5,-1,4],4,0,[4,-8,-8,0,0,-1,0],3,0,[0,0,0,5,-5,0,4],3,0},{'O',[4,-8,-8,5,-5,-1,4],4,[4,-8,-8,5,-5,-1,4],4,0}}
Adder graph: {{'A',[-2,0,0,0,0,1,0],1,0,[0,0,0,0,0,1,0],0,0,[-1,0,0,0,0,0,0],0,1},{'A',[0,0,0,0,0,1,4],1,0,[0,0,0,0,0,0,1],0,2,[0,0,0,0,0,1,0],0,0},{'A',[0,0,0,1,-1,0,0],1,0,[0,0,0,1,0,0,0],0,0,[0,0,0,0,-1,0,0],0,0},{'A',[0,1,1,0,0,0,0],1,0,[0,0,1,0,0,0,0],0,0,[0,1,0,0,0,0,0],0,0},{'A',[-2,0,0,0,0,0,-4],2,0,[-2,0,0,0,0,1,0],1,0,[0,0,0,0,0,-1,-4],1,0},{'A',[0,-2,-2,1,-1,0,0],2,0,[0,0,0,1,-1,0,0],1,0,[0,-1,-1,0,0,0,0],1,1},{'A',[2,-2,-2,1,-1,0,4],3,0,[0,-2,-2,1,-1,0,0],2,0,[2,0,0,0,0,0,4],2,0},{'A',[2,2,2,0,0,-1,0],2,0,[0,1,1,0,0,0,0],1,1,[2,0,0,0,0,-1,0],1,0},{'A',[2,-6,-6,4,-4,-1,0],3,0,[0,-2,-2,1,-1,0,0],2,2,[2,2,2,0,0,-1,0],2,0},{'A',[4,-8,-8,5,-5,-1,4],4,0,[2,-2,-2,1,-1,0,4],3,0,[2,-6,-6,4,-4,-1,0],3,0},{'O',[4,-8,-8,5,-5,-1,4],4,[4,-8,-8,5,-5,-1,4],4,0}}
Adder graph: {{'A',[0,0,0,-1,1,0,0],1,0,[0,0,0,0,1,0,0],0,0,[0,0,0,-1,0,0,0],0,0},{'A',[0,0,0,0,0,2,0],1,0,[0,0,0,0,0,1,0],0,0,[0,0,0,0,0,1,0],0,0},{'A',[0,0,0,-2,2,2,0],2,0,[0,0,0,0,0,2,0],1,0,[0,0,0,-1,1,0,0],1,1},{'A',[1,0,0,0,0,0,1],1,0,[0,0,0,0,0,0,1],0,0,[1,0,0,0,0,0,0],0,0},{'A',[0,1,1,0,0,0,0],1,0,[0,0,1,0,0,0,0],0,0,[0,1,0,0,0,0,0],0,0},{'A',[0,-1,-1,0,0,0,0],2,0,[0,1,1,0,0,0,0],1,0,[0,-1,-1,0,0,0,0],1,1},{'A',[0,8,8,-2,2,2,0],3,0,[0,0,0,-2,2,2,0],2,0,[0,1,1,0,0,0,0],2,3},{'A',[-1,0,0,-1,1,0,-1],2,0,[0,0,0,-1,1,0,0],1,0,[-1,0,0,0,0,0,-1],1,0},{'A',[-1,1,1,-1,1,0,-1],3,0,[-1,0,0,-1,1,0,-1],2,0,[0,1,1,0,0,0,0],2,0},{'A',[-4,8,8,-5,5,1,-4],4,1,[0,8,8,-2,2,2,0],3,0,[-1,1,1,-1,1,0,-1],3,3},{'O',[4,-8,-8,5,-5,-1,4],4,[4,-8,-8,5,-5,-1,4],4,0}}
Adder graph: {{'A',[0,1,0,0,0,0,0],1,0,[0,1,0,0,0,0,0],0,1,[0,-1,0,0,0,0,0],0,0},{'A',[1,0,0,0,0,0,1],1,0,[0,0,0,0,0,0,1],0,0,[1,0,0,0,0,0,0],0,0},{'A',[0,0,8,0,0,1,0],1,0,[0,0,1,0,0,0,0],0,3,[0,0,0,0,0,1,0],0,0},{'A',[0,0,0,-1,1,0,0],1,0,[0,0,0,0,1,0,0],0,0,[0,0,0,-1,0,0,0],0,0},{'A',[-1,0,0,-1,1,0,-1],2,0,[0,0,0,-1,1,0,0],1,0,[-1,0,0,0,0,0,-1],1,0},{'A',[0,0,8,-1,1,1,0],2,0,[0,0,0,-1,1,0,0],1,0,[0,0,8,0,0,1,0],1,0},{'A',[-4,0,8,-5,5,1,-4],3,0,[-1,0,0,-1,1,0,-1],2,2,[0,0,8,-1,1,1,0],2,0},{'A',[0,1,0,0,0,0,0],2,0,[0,1,0,0,0,0,0],1,1,[0,-1,0,0,0,0,0],1,0},{'A',[0,2,0,0,0,0,0],3,0,[0,1,0,0,0,0,0],2,0,[0,1,0,0,0,0,0],2,0},{'A',[-4,8,8,-5,5,1,-4],4,0,[-4,0,8,-5,5,1,-4],3,0,[0,2,0,0,0,0,0],3,2},{'O',[4,-8,-8,5,-5,-1,4],4,[4,-8,-8,5,-5,-1,4],4,0}}
Adder graph: {{'A',[0,1,1,0,0,0,0],1,0,[0,1,0,0,0,0,0],0,0,[0,0,1,0,0,0,0],0,0},{'A',[0,0,0,0,0,2,0],1,0,[0,0,0,0,0,1,0],0,0,[0,0,0,0,0,1,0],0,0},{'A',[0,0,0,-1,1,0,0],1,0,[0,0,0,0,1,0,0],0,0,[0,0,0,-1,0,0,0],0,0},{'A',[0,0,0,0,0,1,0],2,1,[0,0,0,0,0,2,0],1,1,[0,0,0,0,0,-2,0],1,0},{'A',[0,8,8,-1,1,0,0],2,0,[0,0,0,-1,1,0,0],1,0,[0,1,1,0,0,0,0],1,3},{'A',[0,0,0,0,0,1,0],3,0,[0,0,0,0,0,1,0],2,1,[0,0,0,0,0,-1,0],2,0},{'A',[1,0,0,0,0,0,1],1,0,[1,0,0,0,0,0,0],0,0,[0,0,0,0,0,0,1],0,0},{'A',[1,0,0,1,-1,0,1],2,0,[1,0,0,0,0,0,1],1,0,[0,0,0,1,-1,0,0],1,0},{'A',[-4,8,8,-5,5,0,-4],3,0,[0,8,8,-1,1,0,0],2,0,[-1,0,0,-1,1,0,-1],2,2},{'A',[-4,8,8,-5,5,1,-4],4,0,[-4,8,8,-5,5,0,-4],3,0,[0,0,0,0,0,1,0],3,0},{'O',[4,-8,-8,5,-5,-1,4],4,[4,-8,-8,5,-5,-1,4],4,0}}
Adder graph: {{'A',[0,0,0,1,-1,0,0],1,0,[0,0,0,1,0,0,0],0,0,[0,0,0,0,-1,0,0],0,0},{'A',[0,0,0,0,0,1,0],1,0,[0,0,0,0,0,1,0],0,1,[0,0,0,0,0,-1,0],0,0},{'A',[0,1,1,0,0,0,0],1,0,[0,0,1,0,0,0,0],0,0,[0,1,0,0,0,0,0],0,0},{'A',[1,0,0,0,0,0,1],1,0,[1,0,0,0,0,0,0],0,0,[0,0,0,0,0,0,1],0,0},{'A',[0,0,0,-1,1,1,0],2,0,[0,0,0,0,0,1,0],1,0,[0,0,0,-1,1,0,0],1,0},{'A',[0,0,0,-1,1,1,0],3,1,[0,0,0,-1,1,1,0],2,0,[0,0,0,-1,1,1,0],2,0},{'A',[-1,2,2,0,0,0,-1],2,0,[0,1,1,0,0,0,0],1,1,[-1,0,0,0,0,0,-1],1,0},{'A',[0,0,0,2,-2,0,0],2,0,[0,0,0,1,-1,0,0],1,0,[0,0,0,1,-1,0,0],1,0},{'A',[2,-4,-4,2,-2,0,2],3,0,[0,0,0,2,-2,0,0],2,0,[1,-2,-2,0,0,0,1],2,1},{'A',[-4,8,8,-5,5,1,-4],4,0,[0,0,0,-1,1,1,0],3,0,[-2,4,4,-2,2,0,-2],3,1},{'O',[4,-8,-8,5,-5,-1,4],4,[4,-8,-8,5,-5,-1,4],4,0}}
Adder graph: {{'A',[0,1,1,0,0,0,0],1,0,[0,1,0,0,0,0,0],0,0,[0,0,1,0,0,0,0],0,0},{'A',[0,0,0,1,-1,0,0],1,0,[0,0,0,1,0,0,0],0,0,[0,0,0,0,-1,0,0],0,0},{'A',[1,0,0,0,0,0,1],1,0,[0,0,0,0,0,0,1],0,0,[1,0,0,0,0,0,0],0,0},{'A',[0,0,0,1,-1,0,0],2,1,[0,0,0,1,-1,0,0],1,0,[0,0,0,1,-1,0,0],1,0},{'A',[0,0,0,1,-1,0,0],3,1,[0,0,0,1,-1,0,0],2,0,[0,0,0,1,-1,0,0],2,0},{'A',[0,0,0,0,0,1,0],1,1,[0,0,0,0,0,1,0],0,0,[0,0,0,0,0,1,0],0,0},{'A',[0,0,0,1,-1,-1,0],2,0,[0,0,0,1,-1,0,0],1,0,[0,0,0,0,0,-1,0],1,0},{'A',[-1,2,2,0,0,0,-1],2,0,[0,1,1,0,0,0,0],1,1,[-1,0,0,0,0,0,-1],1,0},{'A',[4,-8,-8,1,-1,-1,4],3,0,[0,0,0,1,-1,-1,0],2,0,[1,-2,-2,0,0,0,1],2,2},{'A',[4,-8,-8,5,-5,-1,4],4,0,[0,0,0,1,-1,0,0],3,2,[4,-8,-8,1,-1,-1,4],3,0},{'O',[4,-8,-8,5,-5,-1,4],4,[4,-8,-8,5,-5,-1,4],4,0}}
Adder graph: {{'A',[0,0,0,0,0,1,0],1,0,[0,0,0,0,0,1,0],0,1,[0,0,0,0,0,-1,0],0,0},{'A',[0,0,0,1,-1,0,0],1,0,[0,0,0,1,0,0,0],0,0,[0,0,0,0,-1,0,0],0,0},{'A',[0,0,0,-1,1,1,0],2,0,[0,0,0,0,0,1,0],1,0,[0,0,0,-1,1,0,0],1,0},{'A',[0,1,1,0,0,0,0],1,0,[0,1,0,0,0,0,0],0,0,[0,0,1,0,0,0,0],0,0},{'A',[0,0,0,-2,2,2,0],3,0,[0,0,0,-1,1,1,0],2,0,[0,0,0,-1,1,1,0],2,0},{'A',[1,0,0,0,0,0,1],1,0,[1,0,0,0,0,0,0],0,0,[0,0,0,0,0,0,1],0,0},{'A',[0,1,1,0,0,0,0],2,1,[0,1,1,0,0,0,0],1,0,[0,1,1,0,0,0,0],1,0},{'A',[1,0,0,1,-1,0,1],2,0,[1,0,0,0,0,0,1],1,0,[0,0,0,1,-1,0,0],1,0},{'A',[1,-2,-2,1,-1,0,1],3,0,[1,0,0,1,-1,0,1],2,0,[0,-1,-1,0,0,0,0],2,1},{'A',[4,-8,-8,5,-5,-1,4],4,1,[1,-2,-2,1,-1,0,1],3,3,[0,0,0,2,-2,-2,0],3,0},{'O',[4,-8,-8,5,-5,-1,4],4,[4,-8,-8,5,-5,-1,4],4,0}}
Adder graph: {{'A',[0,0,0,1,-1,0,0],1,0,[0,0,0,1,0,0,0],0,0,[0,0,0,0,-1,0,0],0,0},{'A',[0,0,0,2,-2,0,0],2,0,[0,0,0,1,-1,0,0],1,0,[0,0,0,1,-1,0,0],1,0},{'A',[1,0,0,0,0,0,1],1,0,[0,0,0,0,0,0,1],0,0,[1,0,0,0,0,0,0],0,0},{'A',[0,0,0,0,0,1,0],1,0,[0,0,0,0,0,1,0],0,1,[0,0,0,0,0,-1,0],0,0},{'A',[0,1,1,0,0,0,0],1,0,[0,0,1,0,0,0,0],0,0,[0,1,0,0,0,0,0],0,0},{'A',[-1,2,2,0,0,0,-1],2,0,[0,1,1,0,0,0,0],1,1,[-1,0,0,0,0,0,-1],1,0},{'A',[0,0,0,0,0,1,0],2,0,[0,0,0,0,0,1,0],1,1,[0,0,0,0,0,-1,0],1,0},{'A',[0,0,0,-1,1,1,0],3,1,[0,0,0,0,0,1,0],2,1,[0,0,0,-2,2,0,0],2,0},{'A',[1,-2,-2,1,-1,0,1],3,1,[0,0,0,2,-2,0,0],2,0,[1,-2,-2,0,0,0,1],2,1},{'A',[4,-8,-8,5,-5,-1,4],4,0,[1,-2,-2,1,-1,0,1],3,2,[0,0,0,1,-1,-1,0],3,0},{'O',[4,-8,-8,5,-5,-1,4],4,[4,-8,-8,5,-5,-1,4],4,0}}
Adder graph: {{'A',[0,0,0,0,0,1,0],1,0,[0,0,0,0,0,1,0],0,1,[0,0,0,0,0,-1,0],0,0},{'A',[0,0,0,0,0,1,0],2,0,[0,0,0,0,0,1,0],1,1,[0,0,0,0,0,-1,0],1,0},{'A',[0,1,1,0,0,0,0],1,0,[0,0,1,0,0,0,0],0,0,[0,1,0,0,0,0,0],0,0},{'A',[1,0,0,0,0,0,1],1,0,[0,0,0,0,0,0,1],0,0,[1,0,0,0,0,0,0],0,0},{'A',[0,0,0,-1,1,0,0],1,0,[0,0,0,0,1,0,0],0,0,[0,0,0,-1,0,0,0],0,0},{'A',[0,0,0,-1,1,0,0],2,0,[0,0,0,-1,1,0,0],1,1,[0,0,0,1,-1,0,0],1,0},{'A',[0,0,0,-1,1,1,0],3,0,[0,0,0,-1,1,0,0],2,0,[0,0,0,0,0,1,0],2,0},{'A',[-1,2,2,0,0,0,-1],2,0,[0,1,1,0,0,0,0],1,1,[-1,0,0,0,0,0,-1],1,0},{'A',[-1,2,2,-1,1,0,-1],3,0,[-1,2,2,0,0,0,-1],2,0,[0,0,0,-1,1,0,0],2,0},{'A',[-4,8,8,-5,5,1,-4],4,0,[-1,2,2,-1,1,0,-1],3,2,[0,0,0,-1,1,1,0],3,0},{'O',[4,-8,-8,5,-5,-1,4],4,[4,-8,-8,5,-5,-1,4],4,0}}
Finished solving after 90653.4 seconds
Adder graph: {{'A',[0,0,0,0,0,1,0],1,0,[0,0,0,0,0,1,0],0,1,[0,0,0,0,0,-1,0],0,0},{'A',[0,0,0,0,0,1,0],2,0,[0,0,0,0,0,1,0],1,1,[0,0,0,0,0,-1,0],1,0},{'A',[0,1,1,0,0,0,0],1,0,[0,0,1,0,0,0,0],0,0,[0,1,0,0,0,0,0],0,0},{'A',[1,0,0,0,0,0,1],1,0,[0,0,0,0,0,0,1],0,0,[1,0,0,0,0,0,0],0,0},{'A',[0,0,0,-1,1,0,0],1,0,[0,0,0,0,1,0,0],0,0,[0,0,0,-1,0,0,0],0,0},{'A',[0,0,0,-1,1,0,0],2,0,[0,0,0,-1,1,0,0],1,1,[0,0,0,1,-1,0,0],1,0},{'A',[0,0,0,-1,1,1,0],3,0,[0,0,0,-1,1,0,0],2,0,[0,0,0,0,0,1,0],2,0},{'A',[-1,2,2,0,0,0,-1],2,0,[0,1,1,0,0,0,0],1,1,[-1,0,0,0,0,0,-1],1,0},{'A',[-1,2,2,-1,1,0,-1],3,0,[-1,2,2,0,0,0,-1],2,0,[0,0,0,-1,1,0,0],2,0},{'A',[-4,8,8,-5,5,1,-4],4,0,[-1,2,2,-1,1,0,-1],3,2,[0,0,0,-1,1,1,0],3,0},{'O',[4,-8,-8,5,-5,-1,4],4,[4,-8,-8,5,-5,-1,4],4,0}}
#Add optimal = 0
#FAs optimal = 0
