Adder graph: {{'A',[7;7;7;9],1,[1;1;1;1],0,3,[-1;-1;-1;1],0,0},{'A',[1;3;3;1],1,[1;1;1;1],0,1,[-1;1;1;-1],0,0},{'M',[8;1;4;8],1,[1;1;1;1],0,[3;0;2;3]},{'M',[16;1;16;4],1,[1;1;1;1],0,[4;0;4;2]},{'A',[112;15;80;132],2,[8;1;4;8],1,4,[-16;-1;16;4],1,0},{'M',[32;7;48;144],2,[7;7;7;9],1,[NaN;0;NaN;4],[1;3;3;1],1,[5;NaN;4;NaN]},{'M',[1;6;3;1],2,[1;3;3;1],1,[0;1;0;0]},{'A',[31;13;51;145],3,[32;7;48;144],2,0,[-1;6;3;1],2,0},{'M',[7;224;3;288],2,[7;7;7;9],1,[0;5;NaN;5],[1;3;3;1],1,[NaN;NaN;0;NaN]},{'A',[119;209;83;156],3,[7;224;3;288],2,0,[112;-15;80;-132],2,0},{'M',[7;96;7;1],2,[7;7;7;9],1,[0;NaN;0;NaN],[1;3;3;1],1,[NaN;5;NaN;0]},{'A',[105;111;87;131],3,[112;15;80;132],2,0,[-7;96;7;-1],2,0},{'M',[105;104;87;131],4,[31;13;51;145],3,[NaN;3;NaN;NaN],[105;111;87;131],3,[0;NaN;0;0]},{'O',[105;104;87;131],4,[105;104;87;131],4,0},{'M',[238;222;83;145],4,[31;13;51;145],3,[NaN;NaN;NaN;0],[119;209;83;156],3,[1;NaN;0;NaN],[105;111;87;131],3,[NaN;1;NaN;NaN]},{'O',[238;222;83;145],4,[238;222;83;145],4,0},{'M',[62;209;51;156],4,[31;13;51;145],3,[1;NaN;0;NaN],[119;209;83;156],3,[NaN;0;NaN;0]},{'O',[62;209;51;156],4,[62;209;51;156],4,0}}
Adder graph: {{'M',[1;8;64;1],1,[1;1;1;1],0,[0;3;6;0]},{'M',[1;1;8;1],1,[1;1;1;1],0,[0;0;3;0]},{'A',[3;15;120;1],2,[1;8;64;1],1,1,[1;-1;-8;-1],1,0},{'M',[1;4;1;2],1,[1;1;1;1],0,[0;2;0;1]},{'M',[1;1;2;1],1,[1;1;1;1],0,[0;0;1;0]},{'A',[-15;20;33;18],2,[1;4;1;2],1,0,[-1;1;2;1],1,4},{'M',[16;1;1;1],1,[1;1;1;1],0,[4;0;0;0]},{'M',[1;16;8;16],1,[1;1;1;1],0,[0;4;3;4]},{'A',[14;-31;17;33],2,[16;1;1;1],1,0,[-1;-16;8;16],1,1},{'M',[-120;-124;33;144],3,[-15;20;33;18],2,[3;NaN;0;3],[14;-31;17;33],2,[NaN;2;NaN;NaN]},{'M',[-15;20;120;1],3,[3;15;120;1],2,[NaN;NaN;0;0],[-15;20;33;18],2,[0;0;NaN;NaN]},{'A',[-105;-104;-87;145],4,[-120;-124;33;144],3,0,[15;20;-120;1],3,0},{'M',[14;-31;17;1],3,[3;15;120;1],2,[NaN;NaN;NaN;0],[14;-31;17;33],2,[0;0;0;NaN]},{'M',[24;120;17;66],3,[3;15;120;1],2,[3;3;NaN;NaN],[14;-31;17;33],2,[NaN;NaN;0;1]},{'A',[62;209;51;-131],4,[14;-31;17;1],3,0,[24;120;17;-66],3,1},{'M',[112;80;33;72],3,[-15;20;33;18],2,[NaN;2;0;2],[14;-31;17;33],2,[3;NaN;NaN;NaN]},{'M',[14;-62;17;66],3,[14;-31;17;33],2,[0;1;0;1]},{'A',[238;222;83;78],4,[112;80;33;72],3,1,[14;62;17;-66],3,0},{'M',[-105;-104;-87;-131],5,[-105;-104;-87;145],4,[0;0;0;NaN],[62;209;51;-131],4,[NaN;NaN;NaN;0]},{'O',[105;104;87;131],5,[105;104;87;131],5,0},{'M',[238;222;83;145],5,[-105;-104;-87;145],4,[NaN;NaN;NaN;0],[238;222;83;78],4,[0;0;0;NaN]},{'O',[238;222;83;145],5,[238;222;83;145],5,0},{'M',[62;209;51;156],5,[62;209;51;-131],4,[0;0;0;NaN],[238;222;83;78],4,[NaN;NaN;NaN;1]},{'O',[62;209;51;156],5,[62;209;51;156],5,0}}
Adder graph: {{'A',[1;1;3;1],1,[1;1;1;1],0,1,[-1;-1;1;-1],0,0},{'A',[12;12;20;20],1,[1;1;1;1],0,4,[-1;-1;1;1],0,2},{'M',[8;1;64;1],1,[1;1;1;1],0,[3;0;6;0]},{'M',[1;16;1;128],1,[1;1;1;1],0,[0;4;0;7]},{'A',[9;17;63;129],2,[8;1;64;1],1,0,[1;16;-1;128],1,0},{'M',[64;64;12;1],2,[1;1;3;1],1,[6;6;2;0]},{'A',[119;111;87;131],3,[64;64;12;1],2,1,[-9;-17;63;129],2,0},{'M',[96;192;20;16],2,[1;1;3;1],1,[NaN;NaN;NaN;4],[12;12;20;20],1,[3;4;0;NaN]},{'A',[105;209;83;145],3,[9;17;63;129],2,0,[96;192;20;16],2,0},{'M',[32;12;48;80],2,[1;1;3;1],1,[5;NaN;4;NaN],[12;12;20;20],1,[NaN;0;NaN;2]},{'M',[1;1;3;2],2,[1;1;3;1],1,[0;0;0;1]},{'A',[31;13;51;78],3,[32;12;48;80],2,0,[-1;1;3;-2],2,0},{'M',[105;104;87;131],4,[119;111;87;131],3,[NaN;NaN;0;0],[105;209;83;145],3,[0;NaN;NaN;NaN],[31;13;51;78],3,[NaN;3;NaN;NaN]},{'O',[105;104;87;131],4,[105;104;87;131],4,0},{'M',[238;222;83;145],4,[119;111;87;131],3,[1;1;NaN;NaN],[105;209;83;145],3,[NaN;NaN;0;0]},{'O',[238;222;83;145],4,[238;222;83;145],4,0},{'M',[62;209;51;156],4,[105;209;83;145],3,[NaN;0;NaN;NaN],[31;13;51;78],3,[1;NaN;0;1]},{'O',[62;209;51;156],4,[62;209;51;156],4,0}}
Adder graph: {{'R',[1;1;1;1],1,[1;1;1;1],0},{'M',[2;2;1;2],1,[1;1;1;1],0,[1;1;0;1]},{'A',[-7;-7;5;-7],2,[1;1;1;1],1,0,[-2;-2;1;-2],1,2},{'M',[8;1;2;32],1,[1;1;1;1],0,[3;0;1;5]},{'M',[1;2;1;1],1,[1;1;1;1],0,[0;1;0;0]},{'A',[7;-1;3;33],2,[8;1;2;32],1,0,[-1;-2;1;1],1,0},{'M',[64;1;2;8],1,[1;1;1;1],0,[6;0;1;3]},{'M',[16;16;1;16],1,[1;1;1;1],0,[4;4;0;4]},{'A',[48;-15;1;24],2,[64;1;2;8],1,0,[-16;-16;-1;16],1,0},{'M',[48;-15;48;132],3,[7;-1;3;33],2,[NaN;NaN;4;2],[48;-15;1;24],2,[0;0;NaN;NaN]},{'M',[14;-224;3;24],3,[-7;-7;5;-7],2,[NaN;5;NaN;NaN],[7;-1;3;33],2,[1;NaN;0;NaN],[48;-15;1;24],2,[NaN;NaN;NaN;0]},{'A',[62;209;51;156],4,[48;-15;48;132],3,0,[14;224;3;24],3,0},{'A',[119;111;83;145],3,[7;-1;3;33],2,0,[7;7;5;7],2,4},{'M',[224;-7;4;-14],3,[-7;-7;5;-7],2,[NaN;0;NaN;1],[7;-1;3;33],2,[5;NaN;NaN;NaN],[48;-15;1;24],2,[NaN;NaN;2;NaN]},{'A',[105;104;87;131],4,[224;-7;4;-14],3,0,[-119;111;83;145],3,0},{'O',[105;104;87;131],4,[105;104;87;131],4,0},{'M',[238;222;83;145],4,[119;111;83;145],3,[1;1;0;0]},{'O',[238;222;83;145],4,[238;222;83;145],4,0},{'O',[62;209;51;156],4,[62;209;51;156],4,0}}
Adder graph: {{'M',[2;16;1;1],1,[1;1;1;1],0,[1;4;0;0]},{'M',[1;8;1;8],1,[1;1;1;1],0,[0;3;0;3]},{'A',[-2;48;-3;33],2,[2;16;1;1],1,0,[-1;8;-1;8],1,2},{'M',[16;4;4;1],1,[1;1;1;1],0,[4;2;2;0]},{'M',[2;1;2;1],1,[1;1;1;1],0,[1;0;1;0]},{'A',[30;7;10;1],2,[16;4;4;1],1,1,[-2;-1;2;-1],1,0},{'M',[16;16;1;16],1,[1;1;1;1],0,[4;4;0;4]},{'M',[1;1;128;128],1,[1;1;1;1],0,[0;0;7;7]},{'A',[15;15;-127;144],2,[16;16;1;16],1,0,[-1;-1;-128;128],1,0},{'M',[15;15;-127;1],3,[30;7;10;1],2,[NaN;NaN;NaN;0],[15;15;-127;144],2,[0;0;0;NaN]},{'M',[30;7;10;33],3,[-2;48;-3;33],2,[NaN;NaN;NaN;0],[30;7;10;1],2,[0;0;0;NaN]},{'A',[-105;-13;-87;-131],4,[15;15;-127;1],3,0,[-30;-7;10;-33],3,2},{'M',[60;48;20;33],3,[-2;48;-3;33],2,[NaN;0;NaN;0],[30;7;10;1],2,[1;NaN;1;NaN]},{'M',[-2;30;-3;288],3,[-2;48;-3;33],2,[0;NaN;0;NaN],[15;15;-127;144],2,[NaN;1;NaN;1]},{'A',[238;222;83;-156],4,[60;48;20;33],3,2,[-2;30;3;-288],3,0},{'M',[-32;15;-48;144],3,[-2;48;-3;33],2,[4;NaN;4;NaN],[15;15;-127;144],2,[NaN;0;NaN;0]},{'M',[30;224;-3;1],3,[-2;48;-3;33],2,[NaN;NaN;0;NaN],[30;7;10;1],2,[0;5;NaN;0]},{'A',[-62;-209;-51;145],4,[-32;15;-48;144],3,0,[-30;-224;-3;1],3,0},{'M',[-105;-104;-87;-131],5,[-105;-13;-87;-131],4,[0;3;0;0]},{'O',[105;104;87;131],5,[105;104;87;131],5,0},{'M',[238;222;83;145],5,[238;222;83;-156],4,[0;0;0;NaN],[-62;-209;-51;145],4,[NaN;NaN;NaN;0]},{'O',[238;222;83;145],5,[238;222;83;145],5,0},{'M',[-62;-209;-51;-156],5,[238;222;83;-156],4,[NaN;NaN;NaN;0],[-62;-209;-51;145],4,[0;0;0;NaN]},{'O',[62;209;51;156],5,[62;209;51;156],5,0}}
Adder graph: {{'M',[64;16;32;1],1,[1;1;1;1],0,[6;4;5;0]},{'M',[1;256;1;1],1,[1;1;1;1],0,[0;8;0;0]},{'A',[129;-224;63;1],2,[64;16;32;1],1,1,[1;-256;-1;-1],1,0},{'M',[32;1;2;2],1,[1;1;1;1],0,[5;0;1;1]},{'M',[1;16;1;16],1,[1;1;1;1],0,[0;4;0;4]},{'A',[31;-15;3;18],2,[32;1;2;2],1,0,[-1;-16;1;16],1,0},{'M',[4;1;8;64],1,[1;1;1;1],0,[2;0;3;6]},{'M',[8;1;1;1],1,[1;1;1;1],0,[3;0;0;0]},{'A',[-12;-1;10;66],2,[4;1;8;64],1,0,[-8;-1;1;1],1,1},{'A',[119;104;87;145],3,[31;-15;3;18],2,3,[-129;224;63;1],2,0},{'A',[105;222;83;131],3,[-12;-1;10;66],2,1,[129;224;63;-1],2,0},{'M',[31;-15;48;288],3,[31;-15;3;18],2,[0;0;4;4]},{'M',[31;-224;3;132],3,[129;-224;63;1],2,[NaN;0;NaN;NaN],[31;-15;3;18],2,[0;NaN;0;NaN],[-12;-1;10;66],2,[NaN;NaN;NaN;1]},{'A',[62;209;51;156],4,[31;-15;48;288],3,0,[31;224;3;-132],3,0},{'M',[105;104;87;131],4,[119;104;87;145],3,[NaN;0;0;NaN],[105;222;83;131],3,[0;NaN;NaN;0]},{'O',[105;104;87;131],4,[105;104;87;131],4,0},{'M',[238;222;83;145],4,[119;104;87;145],3,[1;NaN;NaN;0],[105;222;83;131],3,[NaN;0;0;NaN]},{'O',[238;222;83;145],4,[238;222;83;145],4,0},{'O',[62;209;51;156],4,[62;209;51;156],4,0}}
Adder graph: {{'M',[1;16;16;16],1,[1;1;1;1],0,[0;4;4;4]},{'M',[8;1;1;1],1,[1;1;1;1],0,[3;0;0;0]},{'A',[-7;15;15;17],2,[1;16;16;16],1,0,[-8;-1;-1;1],1,0},{'M',[2;2;1;1],1,[1;1;1;1],0,[1;1;0;0]},{'M',[4;8;1;16],1,[1;1;1;1],0,[2;3;0;4]},{'A',[28;24;17;32],2,[2;2;1;1],1,4,[-4;-8;1;16],1,0},{'M',[2;1;1;2],1,[1;1;1;1],0,[1;0;0;1]},{'M',[1;1;4;2],1,[1;1;1;1],0,[0;0;2;1]},{'A',[17;7;4;14],2,[2;1;1;2],1,3,[1;-1;-4;-2],1,0},{'M',[17;112;17;14],3,[28;24;17;32],2,[NaN;NaN;0;NaN],[17;7;4;14],2,[0;4;NaN;0]},{'M',[28;15;17;128],3,[-7;15;15;17],2,[NaN;0;NaN;NaN],[28;24;17;32],2,[0;NaN;0;2]},{'A',[62;209;51;156],4,[17;112;17;14],3,1,[28;-15;17;128],3,0},{'A',[119;111;83;145],3,[28;24;17;32],2,2,[7;15;15;17],2,0},{'M',[-14;7;4;14],3,[-7;15;15;17],2,[1;NaN;NaN;NaN],[17;7;4;14],2,[NaN;0;0;0]},{'A',[105;104;87;131],4,[119;111;83;145],3,0,[-14;-7;4;-14],3,0},{'O',[105;104;87;131],4,[105;104;87;131],4,0},{'M',[238;222;83;145],4,[119;111;83;145],3,[1;1;0;0]},{'O',[238;222;83;145],4,[238;222;83;145],4,0},{'O',[62;209;51;156],4,[62;209;51;156],4,0}}
Adder graph: {{'A',[3;3;5;5],1,[1;1;1;1],0,2,[-1;-1;1;1],0,0},{'A',[15;15;17;17],1,[1;1;1;1],0,4,[-1;-1;1;1],0,0},{'M',[1;2;2;8],1,[1;1;1;1],0,[0;1;1;3]},{'A',[1;17;49;111],2,[1;2;2;8],1,4,[-15;-15;17;-17],1,0},{'M',[30;48;34;5],2,[3;3;5;5],1,[NaN;4;NaN;0],[15;15;17;17],1,[1;NaN;1;NaN]},{'A',[119;209;87;131],3,[30;48;34;5],2,2,[-1;17;-49;111],2,0},{'R',[15;15;17;17],2,[15;15;17;17],1},{'A',[31;13;83;145],3,[15;15;17;17],2,1,[1;-17;49;111],2,0},{'M',[30;24;17;34],2,[3;3;5;5],1,[NaN;3;NaN;NaN],[15;15;17;17],1,[1;NaN;0;1]},{'M',[15;15;17;20],2,[3;3;5;5],1,[NaN;NaN;NaN;2],[15;15;17;17],1,[0;0;0;NaN]},{'A',[105;111;51;156],3,[30;24;17;34],2,2,[-15;15;-17;20],2,0},{'M',[105;104;87;131],4,[119;209;87;131],3,[NaN;NaN;0;0],[31;13;83;145],3,[NaN;3;NaN;NaN],[105;111;51;156],3,[0;NaN;NaN;NaN]},{'O',[105;104;87;131],4,[105;104;87;131],4,0},{'M',[238;222;83;145],4,[119;209;87;131],3,[1;NaN;NaN;NaN],[31;13;83;145],3,[NaN;NaN;0;0],[105;111;51;156],3,[NaN;1;NaN;NaN]},{'O',[238;222;83;145],4,[238;222;83;145],4,0},{'M',[62;209;51;156],4,[119;209;87;131],3,[NaN;0;NaN;NaN],[31;13;83;145],3,[1;NaN;NaN;NaN],[105;111;51;156],3,[NaN;NaN;0;0]},{'O',[62;209;51;156],4,[62;209;51;156],4,0}}
Adder graph: {{'M',[1;4;4;1],1,[1;1;1;1],0,[0;2;2;0]},{'M',[8;8;1;1],1,[1;1;1;1],0,[3;3;0;0]},{'A',[12;8;17;5],2,[1;4;4;1],1,2,[8;-8;1;1],1,0},{'M',[1;128;1;128],1,[1;1;1;1],0,[0;7;0;7]},{'A',[-7;96;33;136],2,[1;128;1;128],1,0,[-1;-4;4;1],1,3},{'R',[1;1;1;1],1,[1;1;1;1],0},{'M',[2;1;1;1],1,[1;1;1;1],0,[1;0;0;0]},{'A',[14;17;15;15],2,[1;1;1;1],1,4,[-2;1;-1;-1],1,0},{'M',[56;64;17;40],3,[12;8;17;5],2,[NaN;3;0;3],[14;17;15;15],2,[2;NaN;NaN;NaN]},{'M',[14;34;15;15],3,[14;17;15;15],2,[0;1;0;0]},{'A',[238;222;83;145],4,[56;64;17;40],3,2,[14;-34;15;-15],3,0},{'M',[24;96;33;10],3,[12;8;17;5],2,[1;NaN;NaN;1],[-7;96;33;136],2,[NaN;0;0;NaN]},{'M',[14;17;15;136],3,[-7;96;33;136],2,[NaN;NaN;NaN;0],[14;17;15;15],2,[0;0;0;NaN]},{'A',[62;209;51;156],4,[24;96;33;10],3,1,[14;17;-15;136],3,0},{'M',[112;96;120;136],3,[-7;96;33;136],2,[NaN;0;NaN;0],[14;17;15;15],2,[3;NaN;3;NaN]},{'M',[-7;8;33;5],3,[12;8;17;5],2,[NaN;0;NaN;0],[-7;96;33;136],2,[0;NaN;0;NaN]},{'A',[105;104;87;131],4,[112;96;120;136],3,0,[-7;8;-33;-5],3,0},{'O',[105;104;87;131],4,[105;104;87;131],4,0},{'O',[238;222;83;145],4,[238;222;83;145],4,0},{'O',[62;209;51;156],4,[62;209;51;156],4,0}}
Adder graph: {{'M',[4;1;4;1],1,[1;1;1;1],0,[2;0;2;0]},{'M',[1;2;1;1],1,[1;1;1;1],0,[0;1;0;0]},{'A',[15;6;15;5],2,[4;1;4;1],1,2,[-1;2;-1;1],1,0},{'M',[1;8;1;1],1,[1;1;1;1],0,[0;3;0;0]},{'M',[1;1;64;64],1,[1;1;1;1],0,[0;0;6;6]},{'A',[2;7;65;65],2,[1;8;1;1],1,0,[1;-1;64;64],1,0},{'M',[1;16;1;16],1,[1;1;1;1],0,[0;4;0;4]},{'M',[1;1;8;1],1,[1;1;1;1],0,[0;0;3;0]},{'A',[2;15;9;17],2,[1;16;1;16],1,0,[1;-1;8;1],1,0},{'M',[120;15;9;40],3,[15;6;15;5],2,[3;NaN;NaN;3],[2;15;9;17],2,[NaN;0;0;NaN]},{'M',[2;192;65;65],3,[15;6;15;5],2,[NaN;5;NaN;NaN],[2;7;65;65],2,[0;NaN;0;0]},{'A',[238;222;83;145],4,[120;15;9;40],3,1,[-2;192;65;65],3,0},{'M',[15;56;15;5],3,[15;6;15;5],2,[0;NaN;0;0],[2;7;65;65],2,[NaN;3;NaN;NaN]},{'M',[2;15;9;136],3,[2;15;9;17],2,[0;0;0;3]},{'A',[62;209;51;156],4,[15;56;15;5],3,2,[2;-15;-9;136],3,0},{'M',[15;6;9;17],3,[15;6;15;5],2,[0;0;NaN;NaN],[2;15;9;17],2,[NaN;NaN;0;0]},{'A',[105;104;87;131],4,[15;6;9;17],3,3,[-15;56;15;-5],3,0},{'O',[105;104;87;131],4,[105;104;87;131],4,0},{'O',[238;222;83;145],4,[238;222;83;145],4,0},{'O',[62;209;51;156],4,[62;209;51;156],4,0}}
Adder graph: {{'M',[2;1;1;1],1,[1;1;1;1],0,[1;0;0;0]},{'M',[1;16;16;8],1,[1;1;1;1],0,[0;4;4;3]},{'A',[1;-15;17;9],2,[2;1;1;1],1,0,[-1;-16;16;8],1,0},{'M',[2;2;1;2],1,[1;1;1;1],0,[1;1;0;1]},{'M',[4;1;1;4],1,[1;1;1;1],0,[2;0;0;2]},{'A',[60;63;33;68],2,[2;2;1;2],1,5,[-4;-1;1;4],1,0},{'A',[119;111;83;145],3,[60;63;33;68],2,1,[-1;-15;17;9],2,0},{'M',[4;4;1;4],1,[1;1;1;1],0,[2;2;0;2]},{'M',[1;1;4;1],1,[1;1;1;1],0,[0;0;2;0]},{'A',[7;7;-2;7],2,[4;4;1;4],1,1,[-1;-1;-4;-1],1,0},{'M',[14;7;-4;14],3,[7;7;-2;7],2,[1;0;1;1]},{'A',[105;104;87;131],4,[119;111;83;145],3,0,[-14;-7;4;-14],3,0},{'M',[1;112;17;112],3,[1;-15;17;9],2,[0;NaN;0;NaN],[7;7;-2;7],2,[NaN;4;NaN;4]},{'M',[60;-15;17;68],3,[1;-15;17;9],2,[NaN;0;0;NaN],[60;63;33;68],2,[0;NaN;NaN;0]},{'A',[62;209;51;156],4,[1;112;17;112],3,1,[60;-15;17;-68],3,0},{'O',[105;104;87;131],4,[105;104;87;131],4,0},{'M',[238;222;83;145],4,[119;111;83;145],3,[1;1;0;0]},{'O',[238;222;83;145],4,[238;222;83;145],4,0},{'O',[62;209;51;156],4,[62;209;51;156],4,0}}
Finished solving after 7245.25 seconds
Adder graph: {{'M',[2;1;1;1],1,[1;1;1;1],0,[1;0;0;0]},{'M',[1;16;16;8],1,[1;1;1;1],0,[0;4;4;3]},{'A',[1;-15;17;9],2,[2;1;1;1],1,0,[-1;-16;16;8],1,0},{'M',[2;2;1;2],1,[1;1;1;1],0,[1;1;0;1]},{'M',[4;1;1;4],1,[1;1;1;1],0,[2;0;0;2]},{'A',[60;63;33;68],2,[2;2;1;2],1,5,[-4;-1;1;4],1,0},{'A',[119;111;83;145],3,[60;63;33;68],2,1,[-1;-15;17;9],2,0},{'M',[4;4;1;4],1,[1;1;1;1],0,[2;2;0;2]},{'M',[1;1;4;1],1,[1;1;1;1],0,[0;0;2;0]},{'A',[7;7;-2;7],2,[4;4;1;4],1,1,[-1;-1;-4;-1],1,0},{'M',[14;7;-4;14],3,[7;7;-2;7],2,[1;0;1;1]},{'A',[105;104;87;131],4,[119;111;83;145],3,0,[-14;-7;4;-14],3,0},{'M',[1;112;17;112],3,[1;-15;17;9],2,[0;NaN;0;NaN],[7;7;-2;7],2,[NaN;4;NaN;4]},{'M',[60;-15;17;68],3,[1;-15;17;9],2,[NaN;0;0;NaN],[60;63;33;68],2,[0;NaN;NaN;0]},{'A',[62;209;51;156],4,[1;112;17;112],3,1,[60;-15;17;-68],3,0},{'O',[105;104;87;131],4,[105;104;87;131],4,0},{'M',[238;222;83;145],4,[119;111;83;145],3,[1;1;0;0]},{'O',[238;222;83;145],4,[238;222;83;145],4,0},{'O',[62;209;51;156],4,[62;209;51;156],4,0}}
# Add optimal = 1
# Mux optimal = 0
# Mux registers optimal = 0
# FAs optimal = 0
