Adder graph: {{'M',[4;4;1;2],1,[1;1;1;1],0,[2;2;0;1]},{'M',[1;2;16;2],1,[1;1;1;1],0,[0;1;4;1]},{'A',[5;2;-15;4],2,[4;4;1;2],1,0,[1;-2;-16;2],1,0},{'M',[16;2;4;1],1,[1;1;1;1],0,[4;1;2;0]},{'M',[2;1;8;64],1,[1;1;1;1],0,[1;0;3;6]},{'A',[124;14;16;136],2,[16;2;4;1],1,3,[-2;-1;-8;64],1,1},{'M',[5;64;-120;4],3,[5;2;-15;4],2,[0;5;3;0]},{'M',[248;28;-15;16],3,[5;2;-15;4],2,[NaN;NaN;0;2],[124;14;16;136],2,[1;1;NaN;NaN]},{'A',[-243;92;-135;-12],4,[5;64;-120;4],3,0,[-248;28;-15;-16],3,0},{'M',[1;256;2;128],1,[1;1;1;1],0,[0;8;1;7]},{'M',[16;1;1;1],1,[1;1;1;1],0,[4;0;0;0]},{'A',[17;255;1;127],2,[1;256;2;128],1,0,[16;-1;-1;-1],1,0},{'M',[124;255;16;127],3,[124;14;16;136],2,[0;NaN;NaN;NaN],[17;255;1;127],2,[NaN;0;4;0]},{'M',[10;2;-30;4],3,[5;2;-15;4],2,[1;0;1;0]},{'A',[134;253;46;123],4,[124;255;16;127],3,0,[10;-2;30;-4],3,0},{'M',[124;14;16;272],3,[124;14;16;136],2,[0;0;0;1]},{'M',[17;16;1;127],3,[5;2;-15;4],2,[NaN;3;NaN;NaN],[17;255;1;127],2,[0;NaN;0;0]},{'A',[107;-2;15;145],4,[124;14;16;272],3,0,[-17;-16;-1;-127],3,0},{'M',[-243;-32;-135;-12],5,[-243;92;-135;-12],4,[0;NaN;0;0],[107;-2;15;145],4,[NaN;4;NaN;NaN]},{'O',[243;32;135;12],5,[243;32;135;12],5,0},{'M',[214;253;46;123],5,[134;253;46;123],4,[NaN;0;0;0],[107;-2;15;145],4,[1;NaN;NaN;NaN]},{'O',[214;253;46;123],5,[214;253;46;123],5,0},{'M',[134;184;15;145],5,[-243;92;-135;-12],4,[NaN;1;NaN;NaN],[134;253;46;123],4,[0;NaN;NaN;NaN],[107;-2;15;145],4,[NaN;NaN;0;0]},{'O',[134;184;15;145],5,[134;184;15;145],5,0}}
Adder graph: {{'M',[32;128;4;1],1,[1;1;1;1],0,[5;7;2;0]},{'M',[8;1;8;128],1,[1;1;1;1],0,[3;0;3;7]},{'A',[72;255;16;-126],2,[32;128;4;1],1,1,[8;-1;8;-128],1,0},{'M',[1;128;2;128],1,[1;1;1;1],0,[0;7;1;7]},{'M',[4;128;1;1],1,[1;1;1;1],0,[2;7;0;0]},{'A',[5;256;1;129],2,[1;128;2;128],1,0,[4;128;-1;1],1,0},{'A',[-67;1;-15;3],3,[5;256;1;129],2,0,[-72;-255;-16;-126],2,0},{'M',[80;255;16;129],3,[72;255;16;-126],2,[NaN;0;NaN;NaN],[5;256;1;129],2,[4;NaN;4;0]},{'A',[214;253;46;123],4,[80;255;16;129],3,0,[67;-1;15;-3],3,1},{'M',[32;1;1;2],1,[1;1;1;1],0,[5;0;0;1]},{'M',[1;8;16;4],1,[1;1;1;1],0,[0;3;4;2]},{'A',[31;9;17;-2],2,[32;1;1;2],1,0,[-1;8;16;-4],1,0},{'A',[243;-184;135;-145],3,[31;9;17;-2],2,3,[-5;-256;-1;-129],2,0},{'M',[243;32;135;12],4,[-67;1;-15;3],3,[NaN;5;NaN;2],[243;-184;135;-145],3,[0;NaN;0;NaN]},{'O',[243;32;135;12],4,[243;32;135;12],4,0},{'O',[214;253;46;123],4,[214;253;46;123],4,0},{'M',[-134;-184;-15;-145],4,[-67;1;-15;3],3,[1;NaN;0;NaN],[243;-184;135;-145],3,[NaN;0;NaN;0]},{'O',[134;184;15;145],4,[134;184;15;145],4,0}}
Adder graph: {{'M',[64;1;32;1],1,[1;1;1;1],0,[6;0;5;0]},{'M',[4;1;4;1],1,[1;1;1;1],0,[2;0;2;0]},{'A',[124;1;68;1],2,[64;1;32;1],1,1,[-4;-1;4;-1],1,0},{'M',[4;1;2;1],1,[1;1;1;1],0,[2;0;1;0]},{'M',[1;16;1;128],1,[1;1;1;1],0,[0;4;0;7]},{'A',[5;-15;1;129],2,[4;1;2;1],1,0,[1;-16;-1;128],1,0},{'M',[160;-15;32;128],3,[124;1;68;1],2,[NaN;NaN;NaN;7],[5;-15;1;129],2,[5;0;5;NaN]},{'M',[80;16;1;8],3,[124;1;68;1],2,[NaN;4;NaN;3],[5;-15;1;129],2,[4;NaN;0;NaN]},{'A',[80;1;31;120],4,[160;-15;32;128],3,0,[-80;16;-1;-8],3,0},{'M',[5;2;8;2],3,[124;1;68;1],2,[NaN;1;NaN;1],[5;-15;1;129],2,[0;NaN;3;NaN]},{'M',[124;256;1;1],3,[124;1;68;1],2,[0;8;NaN;0],[5;-15;1;129],2,[NaN;NaN;0;NaN]},{'A',[134;-252;15;3],4,[5;2;8;2],3,1,[124;-256;-1;-1],3,0},{'M',[124;8;68;8],3,[124;1;68;1],2,[0;3;0;3]},{'M',[5;-30;1;129],3,[5;-15;1;129],2,[0;1;0;0]},{'A',[243;46;135;145],4,[124;8;68;8],3,1,[-5;30;-1;129],3,0},{'A',[214;253;46;123],5,[80;1;31;120],4,0,[134;252;15;3],4,0},{'M',[243;32;135;12],5,[80;1;31;120],4,[NaN;5;NaN;NaN],[134;-252;15;3],4,[NaN;NaN;NaN;2],[243;46;135;145],4,[0;NaN;0;NaN]},{'O',[243;32;135;12],5,[243;32;135;12],5,0},{'O',[214;253;46;123],5,[214;253;46;123],5,0},{'M',[134;184;15;145],5,[134;-252;15;3],4,[0;NaN;0;NaN],[243;46;135;145],4,[NaN;2;NaN;0]},{'O',[134;184;15;145],5,[134;184;15;145],5,0}}
Adder graph: {{'A',[3;1;1;1],1,[1;1;1;1],0,1,[1;-1;-1;-1],0,0},{'A',[15;15;15;17],1,[1;1;1;1],0,4,[-1;-1;-1;1],0,0},{'M',[1;1;2;2],1,[1;1;1;1],0,[0;0;1;1]},{'A',[-13;-13;-11;-13],2,[1;1;2;2],1,1,[-15;-15;-15;-17],1,0},{'M',[15;60;2;64],2,[3;1;1;1],1,[NaN;NaN;1;6],[15;15;15;17],1,[0;2;NaN;NaN]},{'A',[67;8;46;12],3,[15;60;2;64],2,0,[13;-13;11;-13],2,2},{'M',[30;60;1;34],2,[3;1;1;1],1,[NaN;NaN;0;NaN],[15;15;15;17],1,[1;2;NaN;1]},{'A',[107;253;15;123],3,[30;60;1;34],2,2,[-13;13;11;-13],2,0},{'M',[240;64;15;128],2,[3;1;1;1],1,[NaN;6;NaN;7],[15;15;15;17],1,[4;NaN;0;NaN]},{'M',[3;120;120;17],2,[3;1;1;1],1,[0;NaN;NaN;NaN],[15;15;15;17],1,[NaN;3;3;0]},{'A',[243;184;135;145],3,[240;64;15;128],2,0,[3;120;120;17],2,0},{'M',[243;32;135;12],4,[67;8;46;12],3,[NaN;2;NaN;0],[243;184;135;145],3,[0;NaN;0;NaN]},{'O',[243;32;135;12],4,[243;32;135;12],4,0},{'M',[214;253;46;123],4,[67;8;46;12],3,[NaN;NaN;0;NaN],[107;253;15;123],3,[1;0;NaN;0]},{'O',[214;253;46;123],4,[214;253;46;123],4,0},{'M',[134;184;15;145],4,[67;8;46;12],3,[1;NaN;NaN;NaN],[107;253;15;123],3,[NaN;NaN;0;NaN],[243;184;135;145],3,[NaN;0;NaN;0]},{'O',[134;184;15;145],4,[134;184;15;145],4,0}}
Adder graph: {{'M',[1;16;8;4],1,[1;1;1;1],0,[0;4;3;2]},{'M',[128;1;1;1],1,[1;1;1;1],0,[7;0;0;0]},{'A',[-124;63;31;15],2,[1;16;8;4],1,2,[-128;-1;-1;-1],1,0},{'M',[2;1;1;1],1,[1;1;1;1],0,[1;0;0;0]},{'M',[8;4;1;8],1,[1;1;1;1],0,[3;2;0;3]},{'A',[248;124;127;136],2,[2;1;1;1],1,7,[-8;-4;-1;8],1,0},{'M',[1;4;2;2],1,[1;1;1;1],0,[0;2;1;1]},{'M',[1;16;16;1],1,[1;1;1;1],0,[0;4;4;0]},{'A',[5;32;-8;9],2,[1;4;2;2],1,2,[1;16;-16;1],1,0},{'A',[134;1;15;3],3,[5;32;-8;9],2,1,[124;-63;31;-15],2,0},{'A',[243;92;135;145],3,[248;124;127;136],2,0,[-5;-32;8;9],2,0},{'M',[80;252;31;120],3,[-124;63;31;15],2,[NaN;2;0;3],[5;32;-8;9],2,[4;NaN;NaN;NaN]},{'A',[214;253;46;123],4,[80;252;31;120],3,0,[134;1;15;3],3,0},{'M',[243;32;135;12],4,[134;1;15;3],3,[NaN;5;NaN;2],[243;92;135;145],3,[0;NaN;0;NaN]},{'O',[243;32;135;12],4,[243;32;135;12],4,0},{'O',[214;253;46;123],4,[214;253;46;123],4,0},{'M',[134;184;15;145],4,[134;1;15;3],3,[0;NaN;0;NaN],[243;92;135;145],3,[NaN;1;NaN;0]},{'O',[134;184;15;145],4,[134;184;15;145],4,0}}
Adder graph: {{'M',[1;1;4;128],1,[1;1;1;1],0,[0;0;2;7]},{'M',[2;8;2;1],1,[1;1;1;1],0,[1;3;1;0]},{'A',[5;17;8;130],2,[1;1;4;128],1,0,[2;8;2;1],1,1},{'M',[4;1;1;8],1,[1;1;1;1],0,[2;0;0;3]},{'M',[16;1;1;1],1,[1;1;1;1],0,[4;0;0;0]},{'A',[144;33;31;257],2,[4;1;1;8],1,5,[16;1;-1;1],1,0},{'A',[134;-1;15;-3],3,[144;33;31;257],2,0,[-5;-17;-8;-130],2,1},{'M',[8;64;1;16],1,[1;1;1;1],0,[3;6;0;4]},{'M',[256;1;128;1],1,[1;1;1;1],0,[8;0;7;0]},{'A',[-248;63;-127;15],2,[8;64;1;16],1,0,[-256;-1;-128;-1],1,0},{'A',[-243;46;-135;145],3,[-248;63;-127;15],2,0,[5;-17;-8;130],2,0},{'M',[80;252;31;120],3,[5;17;8;130],2,[4;NaN;NaN;NaN],[144;33;31;257],2,[NaN;NaN;0;NaN],[-248;63;-127;15],2,[NaN;2;NaN;3]},{'A',[214;253;46;123],4,[80;252;31;120],3,0,[134;1;15;3],3,0},{'M',[-243;-32;-135;-12],4,[134;-1;15;-3],3,[NaN;5;NaN;2],[-243;46;-135;145],3,[0;NaN;0;NaN]},{'O',[243;32;135;12],4,[243;32;135;12],4,0},{'O',[214;253;46;123],4,[214;253;46;123],4,0},{'M',[134;184;15;145],4,[134;-1;15;-3],3,[0;NaN;0;NaN],[-243;46;-135;145],3,[NaN;2;NaN;0]},{'O',[134;184;15;145],4,[134;184;15;145],4,0}}
Adder graph: {{'M',[4;4;1;4],1,[1;1;1;1],0,[2;2;0;2]},{'M',[1;1;8;1],1,[1;1;1;1],0,[0;0;3;0]},{'A',[5;3;-7;5],2,[4;4;1;4],1,0,[1;-1;-8;1],1,0},{'M',[4;4;1;8],1,[1;1;1;1],0,[2;2;0;3]},{'M',[1;8;1;8],1,[1;1;1;1],0,[0;3;0;3]},{'A',[7;16;1;8],2,[4;4;1;8],1,1,[-1;8;-1;-8],1,0},{'A',[107;253;23;123],3,[7;16;1;8],2,4,[-5;-3;7;-5],2,0},{'M',[2;1;1;2],1,[1;1;1;1],0,[1;0;0;1]},{'M',[4;8;4;1],1,[1;1;1;1],0,[2;3;2;0]},{'A',[124;72;68;129],2,[2;1;1;2],1,6,[-4;8;4;1],1,0},{'M',[124;32;68;10],3,[5;3;-7;5],2,[NaN;NaN;NaN;1],[7;16;1;8],2,[NaN;1;NaN;NaN],[124;72;68;129],2,[0;NaN;0;NaN]},{'M',[5;32;1;8],3,[5;3;-7;5],2,[0;NaN;NaN;NaN],[7;16;1;8],2,[NaN;1;0;0]},{'A',[243;32;135;12],4,[124;32;68;10],3,1,[-5;-32;-1;-8],3,0},{'M',[10;256;1;16],3,[5;3;-7;5],2,[1;NaN;NaN;NaN],[7;16;1;8],2,[NaN;4;0;1]},{'M',[124;72;-14;129],3,[5;3;-7;5],2,[NaN;NaN;1;NaN],[124;72;68;129],2,[0;0;NaN;0]},{'A',[134;184;15;145],4,[10;256;1;16],3,0,[124;-72;14;129],3,0},{'O',[243;32;135;12],4,[243;32;135;12],4,0},{'M',[214;253;46;123],4,[107;253;23;123],3,[1;0;1;0]},{'O',[214;253;46;123],4,[214;253;46;123],4,0},{'O',[134;184;15;145],4,[134;184;15;145],4,0}}
Adder graph: {{'M',[16;1;1;1],1,[1;1;1;1],0,[4;0;0;0]},{'M',[8;2;1;1],1,[1;1;1;1],0,[3;1;0;0]},{'A',[-112;-31;-15;-15],2,[16;1;1;1],1,0,[-8;-2;-1;-1],1,4},{'R',[1;1;1;1],1,[1;1;1;1],0},{'M',[2;2;1;2],1,[1;1;1;1],0,[1;1;0;1]},{'A',[5;5;-1;-3],2,[1;1;1;1],1,0,[2;2;-1;-2],1,1},{'M',[5;-124;-8;-60],3,[-112;-31;-15;-15],2,[NaN;2;NaN;2],[5;5;-1;-3],2,[0;NaN;3;NaN]},{'M',[-224;5;-30;-3],3,[-112;-31;-15;-15],2,[1;NaN;1;NaN],[5;5;-1;-3],2,[NaN;0;NaN;0]},{'A',[-214;-253;-46;-123],4,[5;-124;-8;-60],3,1,[-224;-5;-30;-3],3,0},{'M',[2;1;1;1],1,[1;1;1;1],0,[1;0;0;0]},{'M',[64;1;1;64],1,[1;1;1;1],0,[6;0;0;6]},{'A',[-124;4;0;130],2,[2;1;1;1],1,1,[-64;1;-1;64],1,1},{'M',[-248;8;-15;-15],3,[-112;-31;-15;-15],2,[NaN;NaN;0;0],[-124;4;0;130],2,[1;1;NaN;NaN]},{'M',[5;40;-120;-3],3,[-112;-31;-15;-15],2,[NaN;NaN;3;NaN],[5;5;-1;-3],2,[0;3;NaN;0]},{'A',[-243;-32;-135;-12],4,[-248;8;-15;-15],3,0,[5;-40;-120;3],3,0},{'M',[-124;-248;-15;-15],3,[-112;-31;-15;-15],2,[NaN;3;0;0],[-124;4;0;130],2,[0;NaN;NaN;NaN]},{'M',[10;64;0;130],3,[5;5;-1;-3],2,[1;NaN;NaN;NaN],[-124;4;0;130],2,[NaN;4;0;0]},{'A',[-134;-184;-15;-145],4,[-124;-248;-15;-15],3,0,[-10;64;0;-130],3,0},{'O',[243;32;135;12],4,[243;32;135;12],4,0},{'O',[214;253;46;123],4,[214;253;46;123],4,0},{'O',[134;184;15;145],4,[134;184;15;145],4,0}}
Adder graph: {{'M',[256;1;1;1],1,[1;1;1;1],0,[8;0;0;0]},{'M',[1;1;8;8],1,[1;1;1;1],0,[0;0;3;3]},{'A',[240;-15;-127;129],2,[256;1;1;1],1,0,[-1;-1;-8;8],1,4},{'A',[3;1;1;1],1,[1;1;1;1],0,1,[1;-1;-1;-1],0,0},{'M',[32;1;2;1],1,[1;1;1;1],0,[5;0;1;0]},{'A',[131;3;7;5],2,[32;1;2;1],1,2,[3;-1;-1;1],1,0},{'M',[24;1;16;1],2,[3;1;1;1],1,[3;0;4;0]},{'A',[107;4;23;6],3,[131;3;7;5],2,0,[-24;1;16;1],2,0},{'M',[3;256;8;128],2,[3;1;1;1],1,[0;8;3;7]},{'A',[134;253;15;123],3,[3;256;8;128],2,0,[131;-3;7;-5],2,0},{'M',[3;8;8;16],2,[3;1;1;1],1,[0;3;3;4]},{'A',[243;23;135;145],3,[3;8;8;16],2,0,[240;15;127;129],2,0},{'M',[243;32;135;12],4,[107;4;23;6],3,[NaN;3;NaN;1],[243;23;135;145],3,[0;NaN;0;NaN]},{'O',[243;32;135;12],4,[243;32;135;12],4,0},{'M',[214;253;46;123],4,[107;4;23;6],3,[1;NaN;1;NaN],[134;253;15;123],3,[NaN;0;NaN;0]},{'O',[214;253;46;123],4,[214;253;46;123],4,0},{'M',[134;184;15;145],4,[134;253;15;123],3,[0;NaN;0;NaN],[243;23;135;145],3,[NaN;3;NaN;0]},{'O',[134;184;15;145],4,[134;184;15;145],4,0}}
Adder graph: {{'A',[3;1;1;1],1,[1;1;1;1],0,1,[1;-1;-1;-1],0,0},{'A',[120;120;136;136],1,[1;1;1;1],0,7,[-1;-1;1;1],0,3},{'M',[240;120;136;4],2,[3;1;1;1],1,[NaN;NaN;NaN;2],[120;120;136;136],1,[1;0;0;NaN]},{'M',[3;64;1;1],2,[3;1;1;1],1,[0;6;0;0]},{'A',[243;184;135;3],3,[240;120;136;4],2,0,[3;64;-1;-1],2,0},{'M',[16;32;1;16],1,[1;1;1;1],0,[4;5;0;4]},{'A',[131;257;-7;-127],2,[3;1;1;1],1,0,[16;32;-1;-16],1,3},{'M',[6;1;2;1],2,[3;1;1;1],1,[1;0;1;0]},{'A',[-107;-253;15;-123],3,[6;1;2;1],2,2,[-131;-257;7;-127],2,0},{'M',[3;256;16;272],2,[3;1;1;1],1,[0;8;4;NaN],[120;120;136;136],1,[NaN;NaN;NaN;1]},{'A',[134;1;-23;145],3,[131;257;-7;-127],2,0,[3;-256;-16;272],2,0},{'M',[243;32;135;12],4,[243;184;135;3],3,[0;NaN;0;2],[134;1;-23;145],3,[NaN;5;NaN;NaN]},{'O',[243;32;135;12],4,[243;32;135;12],4,0},{'M',[-214;-253;-46;-123],4,[-107;-253;15;-123],3,[1;0;NaN;0],[134;1;-23;145],3,[NaN;NaN;1;NaN]},{'O',[214;253;46;123],4,[214;253;46;123],4,0},{'M',[134;184;15;145],4,[243;184;135;3],3,[NaN;0;NaN;NaN],[-107;-253;15;-123],3,[NaN;NaN;0;NaN],[134;1;-23;145],3,[0;NaN;NaN;0]},{'O',[134;184;15;145],4,[134;184;15;145],4,0}}
Adder graph: {{'M',[16;1;1;1],1,[1;1;1;1],0,[4;0;0;0]},{'M',[1;16;1;1],1,[1;1;1;1],0,[0;4;0;0]},{'A',[31;18;1;1],2,[16;1;1;1],1,1,[-1;16;-1;-1],1,0},{'M',[1;2;1;64],1,[1;1;1;1],0,[0;1;0;6]},{'A',[14;-3;3;129],2,[16;1;1;1],1,0,[-1;-2;1;64],1,1},{'M',[1;256;1;1],1,[1;1;1;1],0,[0;8;0;0]},{'M',[1;32;32;1],1,[1;1;1;1],0,[0;5;5;0]},{'A',[5;128;-127;-3],2,[1;256;1;1],1,0,[1;-32;-32;-1],1,2},{'M',[224;-3;48;129],3,[14;-3;3;129],2,[4;0;4;0]},{'M',[5;128;1;-3],3,[31;18;1;1],2,[NaN;NaN;0;NaN],[5;128;-127;-3],2,[0;0;NaN;0]},{'A',[214;253;46;123],4,[224;-3;48;129],3,0,[-5;128;-1;-3],3,1},{'M',[31;-12;1;1],3,[31;18;1;1],2,[0;NaN;0;0],[14;-3;3;129],2,[NaN;2;NaN;NaN]},{'M',[5;128;-127;4],3,[31;18;1;1],2,[NaN;NaN;NaN;2],[5;128;-127;-3],2,[0;0;0;NaN]},{'A',[243;32;135;12],4,[31;-12;1;1],3,3,[-5;128;127;4],3,0},{'M',[5;128;8;8],3,[31;18;1;1],2,[NaN;NaN;3;3],[5;128;-127;-3],2,[0;0;NaN;NaN]},{'M',[124;72;1;129],3,[31;18;1;1],2,[2;2;0;NaN],[14;-3;3;129],2,[NaN;NaN;NaN;0]},{'A',[134;184;15;145],4,[5;128;8;8],3,1,[124;-72;-1;129],3,0},{'O',[243;32;135;12],4,[243;32;135;12],4,0},{'O',[214;253;46;123],4,[214;253;46;123],4,0},{'O',[134;184;15;145],4,[134;184;15;145],4,0}}
Adder graph: {{'M',[1;32;4;2],1,[1;1;1;1],0,[0;5;2;1]},{'M',[2;2;1;1],1,[1;1;1;1],0,[1;1;0;0]},{'A',[10;254;31;15],2,[1;32;4;2],1,3,[2;-2;-1;-1],1,0},{'A',[15;17;17;17],1,[1;1;1;1],0,4,[-1;1;1;1],0,0},{'M',[256;256;1;1],1,[1;1;1;1],0,[8;8;0;0]},{'M',[1;2;1;4],1,[1;1;1;1],0,[0;1;0;2]},{'A',[258;252;-1;9],2,[256;256;1;1],1,0,[1;-2;-1;4],1,1},{'M',[15;68;136;136],2,[15;17;17;17],1,[0;2;3;3]},{'A',[243;184;135;145],3,[258;252;-1;9],2,0,[-15;-68;136;136],2,0},{'A',[134;1;15;3],3,[10;254;31;15],2,-1,[258;-252;-1;-9],2,-1},{'M',[80;254;31;120],3,[10;254;31;15],2,[3;0;0;3]},{'A',[214;253;46;123],4,[80;254;31;120],3,0,[134;-1;15;3],3,0},{'M',[243;32;135;12],4,[243;184;135;145],3,[0;NaN;0;NaN],[134;1;15;3],3,[NaN;5;NaN;2]},{'O',[243;32;135;12],4,[243;32;135;12],4,0},{'O',[214;253;46;123],4,[214;253;46;123],4,0},{'M',[134;184;15;145],4,[243;184;135;145],3,[NaN;0;NaN;0],[134;1;15;3],3,[0;NaN;0;NaN]},{'O',[134;184;15;145],4,[134;184;15;145],4,0}}
Adder graph: {{'M',[8;1;8;1],1,[1;1;1;1],0,[3;0;3;0]},{'M',[1;1;2;1],1,[1;1;1;1],0,[0;0;1;0]},{'A',[17;3;18;1],2,[8;1;8;1],1,1,[1;1;2;-1],1,0},{'M',[1;32;1;1],1,[1;1;1;1],0,[0;5;0;0]},{'M',[1;1;4;4],1,[1;1;1;1],0,[0;0;2;2]},{'A',[5;36;-15;17],2,[1;32;1;1],1,0,[1;1;-4;4],1,2},{'M',[2;2;1;2],1,[1;1;1;1],0,[1;1;0;1]},{'M',[1;32;32;1],1,[1;1;1;1],0,[0;5;5;0]},{'A',[124;256;-64;124],2,[2;2;1;2],1,6,[-1;32;-32;-1],1,2},{'M',[124;256;-15;17],3,[5;36;-15;17],2,[NaN;NaN;0;0],[124;256;-64;124],2,[0;0;NaN;NaN]},{'M',[5;36;-15;64],3,[17;3;18;1],2,[NaN;NaN;NaN;6],[5;36;-15;17],2,[0;0;0;NaN]},{'A',[134;184;15;145],4,[124;256;-15;17],3,0,[5;-36;15;64],3,1},{'M',[5;256;-15;124],3,[5;36;-15;17],2,[0;NaN;0;NaN],[124;256;-64;124],2,[NaN;0;NaN;0]},{'M',[124;144;-60;68],3,[5;36;-15;17],2,[NaN;2;2;2],[124;256;-64;124],2,[0;NaN;NaN;NaN]},{'A',[-243;-32;-135;-12],4,[5;256;-15;124],3,0,[-124;-144;-60;-68],3,1},{'A',[-107;-253;-46;-123],3,[17;3;18;1],2,0,[-124;-256;-64;-124],2,0},{'O',[243;32;135;12],4,[243;32;135;12],4,0},{'M',[-214;-253;-46;-123],4,[-107;-253;-46;-123],3,[1;0;0;0]},{'O',[214;253;46;123],4,[214;253;46;123],4,0},{'O',[134;184;15;145],4,[134;184;15;145],4,0}}
Adder graph: {{'M',[8;1;8;1],1,[1;1;1;1],0,[3;0;3;0]},{'M',[1;1;2;1],1,[1;1;1;1],0,[0;0;1;0]},{'A',[17;3;14;1],2,[8;1;8;1],1,1,[1;1;-2;-1],1,0},{'M',[2;2;1;2],1,[1;1;1;1],0,[1;1;0;1]},{'M',[1;32;1;1],1,[1;1;1;1],0,[0;5;0;0]},{'A',[62;128;30;62],2,[2;2;1;2],1,5,[-1;32;-1;-1],1,1},{'A',[-107;-253;-46;-123],3,[17;3;14;1],2,0,[-62;-128;-30;-62],2,1},{'M',[1;1;4;4],1,[1;1;1;1],0,[0;0;2;2]},{'A',[5;36;-15;17],2,[1;32;1;1],1,0,[1;1;-4;4],1,2},{'M',[124;256;-15;17],3,[62;128;30;62],2,[1;1;NaN;NaN],[5;36;-15;17],2,[NaN;NaN;0;0]},{'M',[5;36;-15;64],3,[17;3;14;1],2,[NaN;NaN;NaN;6],[5;36;-15;17],2,[0;0;0;NaN]},{'A',[134;184;15;145],4,[124;256;-15;17],3,0,[5;-36;15;64],3,1},{'M',[62;72;30;34],3,[62;128;30;62],2,[0;NaN;0;NaN],[5;36;-15;17],2,[NaN;1;NaN;1]},{'M',[5;256;-15;124],3,[62;128;30;62],2,[NaN;1;NaN;1],[5;36;-15;17],2,[0;NaN;0;NaN]},{'A',[243;32;135;12],4,[62;72;30;34],3,2,[-5;-256;15;-124],3,0},{'O',[243;32;135;12],4,[243;32;135;12],4,0},{'M',[-214;-253;-46;-123],4,[-107;-253;-46;-123],3,[1;0;0;0]},{'O',[214;253;46;123],4,[214;253;46;123],4,0},{'O',[134;184;15;145],4,[134;184;15;145],4,0}}
Finished solving after 7294.82 seconds
Adder graph: {{'M',[8;1;8;1],1,[1;1;1;1],0,[3;0;3;0]},{'M',[1;1;2;1],1,[1;1;1;1],0,[0;0;1;0]},{'A',[17;3;14;1],2,[8;1;8;1],1,1,[1;1;-2;-1],1,0},{'M',[2;2;1;2],1,[1;1;1;1],0,[1;1;0;1]},{'M',[1;32;1;1],1,[1;1;1;1],0,[0;5;0;0]},{'A',[62;128;30;62],2,[2;2;1;2],1,5,[-1;32;-1;-1],1,1},{'A',[-107;-253;-46;-123],3,[17;3;14;1],2,0,[-62;-128;-30;-62],2,1},{'M',[1;1;4;4],1,[1;1;1;1],0,[0;0;2;2]},{'A',[5;36;-15;17],2,[1;32;1;1],1,0,[1;1;-4;4],1,2},{'M',[124;256;-15;17],3,[62;128;30;62],2,[1;1;NaN;NaN],[5;36;-15;17],2,[NaN;NaN;0;0]},{'M',[5;36;-15;64],3,[17;3;14;1],2,[NaN;NaN;NaN;6],[5;36;-15;17],2,[0;0;0;NaN]},{'A',[134;184;15;145],4,[124;256;-15;17],3,0,[5;-36;15;64],3,1},{'M',[62;72;30;34],3,[62;128;30;62],2,[0;NaN;0;NaN],[5;36;-15;17],2,[NaN;1;NaN;1]},{'M',[5;256;-15;124],3,[62;128;30;62],2,[NaN;1;NaN;1],[5;36;-15;17],2,[0;NaN;0;NaN]},{'A',[243;32;135;12],4,[62;72;30;34],3,2,[-5;-256;15;-124],3,0},{'O',[243;32;135;12],4,[243;32;135;12],4,0},{'M',[-214;-253;-46;-123],4,[-107;-253;-46;-123],3,[1;0;0;0]},{'O',[214;253;46;123],4,[214;253;46;123],4,0},{'O',[134;184;15;145],4,[134;184;15;145],4,0}}
# Add optimal = 1
# Mux optimal = 0
# Mux registers optimal = 0
# FAs optimal = 0
