Adder graph: {{'A',[7;7;7;7],1,[1;1;1;1],0,3,[-1;-1;-1;-1],0,0},{'A',[-3;-3;5;-3],1,[1;1;1;1],0,0,[-1;-1;1;-1],0,2},{'M',[1;2;4;32],1,[1;1;1;1],0,[0;1;2;5]},{'A',[11;13;37;253],2,[1;2;4;32],1,3,[3;-3;5;-3],1,0},{'M',[-6;-48;5;-768],2,[-3;-3;5;-3],1,[1;4;0;8]},{'A',[50;4;153;244],3,[11;13;37;253],2,2,[6;-48;5;-768],2,0},{'M',[112;-192;7;28],2,[7;7;7;7],1,[4;NaN;0;2],[-3;-3;5;-3],1,[NaN;6;NaN;NaN]},{'A',[123;205;44;225],3,[11;13;37;253],2,0,[112;192;7;-28],2,0},{'M',[7;28;112;14],2,[7;7;7;7],1,[0;2;4;1]},{'M',[-24;7;7;-192],2,[7;7;7;7],1,[NaN;0;0;NaN],[-3;-3;5;-3],1,[3;NaN;NaN;6]},{'A',[31;35;105;206],3,[7;28;112;14],2,0,[24;7;-7;192],2,0},{'M',[246;205;105;225],4,[123;205;44;225],3,[1;0;NaN;0],[31;35;105;206],3,[NaN;NaN;0;NaN]},{'O',[246;205;105;225],4,[246;205;105;225],4,0},{'M',[31;8;88;206],4,[50;4;153;244],3,[NaN;1;NaN;NaN],[123;205;44;225],3,[NaN;NaN;1;NaN],[31;35;105;206],3,[0;NaN;NaN;0]},{'O',[31;8;88;206],4,[31;8;88;206],4,0},{'M',[200;35;153;244],4,[50;4;153;244],3,[2;NaN;0;0],[31;35;105;206],3,[NaN;0;NaN;NaN]},{'O',[200;35;153;244],4,[200;35;153;244],4,0}}
Adder graph: {{'A',[-3;5;5;-3],1,[1;1;1;1],0,0,[-1;1;1;-1],0,2},{'M',[1;1;1;32],1,[1;1;1;1],0,[0;0;0;5]},{'A',[-1;3;7;61],2,[-3;5;5;-3],1,0,[1;-1;1;32],1,1},{'M',[2;2;1;4],1,[1;1;1;1],0,[1;1;0;2]},{'A',[5;13;9;19],2,[2;2;1;4],1,2,[-3;5;5;3],1,0},{'M',[-1;104;72;19],3,[-1;3;7;61],2,[0;NaN;NaN;NaN],[5;13;9;19],2,[NaN;3;3;0]},{'M',[-8;24;7;61],3,[-1;3;7;61],2,[3;3;0;0]},{'A',[31;8;44;-225],4,[-1;104;72;19],3,0,[8;-24;-7;-61],3,2},{'M',[5;48;144;122],3,[-1;3;7;61],2,[NaN;4;NaN;1],[5;13;9;19],2,[0;NaN;4;NaN]},{'M',[-128;13;9;19],3,[-1;3;7;61],2,[7;NaN;NaN;NaN],[5;13;9;19],2,[NaN;0;0;0]},{'A',[-123;35;153;103],4,[5;48;144;122],3,0,[-128;-13;9;-19],3,0},{'M',[10;3;7;61],3,[-1;3;7;61],2,[NaN;0;0;0],[5;13;9;19],2,[1;NaN;NaN;NaN]},{'M',[40;208;112;61],3,[-1;3;7;61],2,[NaN;NaN;4;0],[5;13;9;19],2,[3;4;NaN;NaN]},{'A',[50;-205;-105;122],4,[10;3;7;61],3,0,[40;-208;-112;61],3,0},{'M',[-246;-205;-105;-225],5,[31;8;44;-225],4,[NaN;NaN;NaN;0],[-123;35;153;103],4,[1;NaN;NaN;NaN],[50;-205;-105;122],4,[NaN;0;0;NaN]},{'O',[246;205;105;225],5,[246;205;105;225],5,0},{'M',[31;8;88;206],5,[31;8;44;-225],4,[0;0;1;NaN],[-123;35;153;103],4,[NaN;NaN;NaN;1]},{'O',[31;8;88;206],5,[31;8;88;206],5,0},{'M',[200;35;153;244],5,[-123;35;153;103],4,[NaN;0;0;NaN],[50;-205;-105;122],4,[2;NaN;NaN;1]},{'O',[200;35;153;244],5,[200;35;153;244],5,0}}
Adder graph: {{'M',[1;2;1;1],1,[1;1;1;1],0,[0;1;0;0]},{'M',[4;1;16;16],1,[1;1;1;1],0,[2;0;4;4]},{'A',[5;1;-15;17],2,[1;2;1;1],1,0,[4;-1;-16;16],1,0},{'M',[1;8;8;8],1,[1;1;1;1],0,[0;3;3;3]},{'M',[1;1;2;1],1,[1;1;1;1],0,[0;0;1;0]},{'A',[1;17;14;15],2,[1;8;8;8],1,1,[-1;1;-2;-1],1,0},{'A',[20;-204;-168;300],3,[1;17;14;15],2,2,[1;-17;-14;15],2,4},{'M',[64;17;14;120],3,[1;17;14;15],2,[6;0;0;3]},{'M',[5;1;-60;34],3,[5;1;-15;17],2,[0;0;2;1]},{'A',[123;35;88;206],4,[64;17;14;120],3,1,[-5;1;60;-34],3,0},{'M',[32;16;-15;240],3,[5;1;-15;17],2,[NaN;4;0;NaN],[1;17;14;15],2,[5;NaN;NaN;4]},{'M',[1;8;-120;15],3,[5;1;-15;17],2,[NaN;3;3;NaN],[1;17;14;15],2,[0;NaN;NaN;0]},{'A',[31;8;105;225],4,[32;16;-15;240],3,0,[-1;-8;120;-15],3,0},{'M',[80;1;-15;544],3,[5;1;-15;17],2,[4;0;0;5]},{'A',[100;205;153;244],4,[80;1;-15;544],3,0,[20;204;168;-300],3,0},{'M',[246;205;105;225],5,[123;35;88;206],4,[1;NaN;NaN;NaN],[31;8;105;225],4,[NaN;NaN;0;0],[100;205;153;244],4,[NaN;0;NaN;NaN]},{'O',[246;205;105;225],5,[246;205;105;225],5,0},{'M',[31;8;88;206],5,[123;35;88;206],4,[NaN;NaN;0;0],[31;8;105;225],4,[0;0;NaN;NaN]},{'O',[31;8;88;206],5,[31;8;88;206],5,0},{'M',[200;35;153;244],5,[123;35;88;206],4,[NaN;0;NaN;NaN],[100;205;153;244],4,[1;NaN;0;0]},{'O',[200;35;153;244],5,[200;35;153;244],5,0}}
Adder graph: {{'A',[7;7;7;7],1,[1;1;1;1],0,3,[-1;-1;-1;-1],0,0},{'M',[1;2;8;1],1,[1;1;1;1],0,[0;1;3;0]},{'A',[58;52;40;58],2,[7;7;7;7],1,3,[1;-2;-8;1],1,1},{'A',[-1;3;-1;3],1,[1;1;1;1],0,0,[-1;1;-1;1],0,1},{'M',[7;96;-8;6],2,[7;7;7;7],1,[0;NaN;NaN;NaN],[-1;3;-1;3],1,[NaN;5;3;1]},{'A',[123;8;88;122],3,[58;52;40;58],2,1,[7;-96;8;6],2,0},{'M',[-1;28;112;14],2,[7;7;7;7],1,[NaN;2;4;1],[-1;3;-1;3],1,[0;NaN;NaN;NaN]},{'M',[-32;7;7;192],2,[7;7;7;7],1,[NaN;0;0;NaN],[-1;3;-1;3],1,[5;NaN;NaN;6]},{'A',[31;35;105;206],3,[-1;28;112;14],2,0,[32;7;-7;192],2,0},{'M',[-32;3;7;7],2,[7;7;7;7],1,[NaN;NaN;0;0],[-1;3;-1;3],1,[5;0;NaN;NaN]},{'A',[200;205;153;225],3,[58;52;40;58],2,2,[-32;-3;-7;-7],2,0},{'M',[246;205;105;225],4,[123;8;88;122],3,[1;NaN;NaN;NaN],[31;35;105;206],3,[NaN;NaN;0;NaN],[200;205;153;225],3,[NaN;0;NaN;0]},{'O',[246;205;105;225],4,[246;205;105;225],4,0},{'M',[31;8;88;206],4,[123;8;88;122],3,[NaN;0;0;NaN],[31;35;105;206],3,[0;NaN;NaN;0]},{'O',[31;8;88;206],4,[31;8;88;206],4,0},{'M',[200;35;153;244],4,[123;8;88;122],3,[NaN;NaN;NaN;1],[31;35;105;206],3,[NaN;0;NaN;NaN],[200;205;153;225],3,[0;NaN;0;NaN]},{'O',[200;35;153;244],4,[200;35;153;244],4,0}}
Adder graph: {{'R',[1;1;1;1],1,[1;1;1;1],0},{'A',[17;17;-15;-15],1,[1;1;1;1],0,0,[1;1;-1;-1],0,4},{'M',[4;1;1;32],1,[1;1;1;1],0,[2;0;0;5]},{'A',[140;137;121;-88],2,[4;1;1;32],1,0,[17;17;15;-15],1,3},{'M',[17;68;32;-15],2,[1;1;1;1],1,[NaN;NaN;5;NaN],[17;17;-15;-15],1,[0;2;NaN;0]},{'A',[123;205;153;-103],3,[140;137;121;-88],2,0,[-17;68;32;-15],2,0},{'M',[1;1;8;4],2,[1;1;1;1],1,[0;0;3;2]},{'M',[16;17;-15;-120],2,[1;1;1;1],1,[4;NaN;NaN;NaN],[17;17;-15;-15],1,[NaN;0;0;3]},{'A',[-31;35;-22;244],3,[1;1;8;4],2,0,[-16;17;-15;120],2,1},{'M',[64;64;-15;-15],2,[1;1;1;1],1,[6;6;NaN;NaN],[17;17;-15;-15],1,[NaN;NaN;0;0]},{'M',[34;17;-30;-60],2,[17;17;-15;-15],1,[1;0;1;2]},{'A',[200;-4;105;225],3,[64;64;-15;-15],2,0,[34;-17;30;60],2,2},{'M',[246;205;105;225],4,[123;205;153;-103],3,[1;0;NaN;NaN],[200;-4;105;225],3,[NaN;NaN;0;0]},{'O',[246;205;105;225],4,[246;205;105;225],4,0},{'M',[-31;-8;-88;-206],4,[123;205;153;-103],3,[NaN;NaN;NaN;1],[-31;35;-22;244],3,[0;NaN;2;NaN],[200;-4;105;225],3,[NaN;1;NaN;NaN]},{'O',[31;8;88;206],4,[31;8;88;206],4,0},{'M',[200;35;153;244],4,[123;205;153;-103],3,[NaN;NaN;0;NaN],[-31;35;-22;244],3,[NaN;0;NaN;0],[200;-4;105;225],3,[0;NaN;NaN;NaN]},{'O',[200;35;153;244],4,[200;35;153;244],4,0}}
Adder graph: {{'M',[1;16;8;16],1,[1;1;1;1],0,[0;4;3;4]},{'M',[2;1;1;1],1,[1;1;1;1],0,[1;0;0;0]},{'A',[-1;15;9;15],2,[1;16;8;16],1,0,[-2;-1;1;-1],1,0},{'M',[1;4;4;1],1,[1;1;1;1],0,[0;2;2;0]},{'M',[64;1;1;1],1,[1;1;1;1],0,[6;0;0;0]},{'A',[66;7;7;1],2,[1;4;4;1],1,1,[64;-1;-1;-1],1,0},{'A',[124;106;58;118],3,[-1;15;9;15],2,3,[66;-7;-7;-1],2,1},{'M',[-2;7;28;30],3,[-1;15;9;15],2,[1;NaN;NaN;1],[66;7;7;1],2,[NaN;0;2;NaN]},{'A',[246;205;88;206],4,[124;106;58;118],3,1,[-2;-7;-28;-30],3,0},{'M',[66;7;36;60],3,[-1;15;9;15],2,[NaN;NaN;2;2],[66;7;7;1],2,[0;0;NaN;NaN]},{'M',[-64;7;9;15],3,[-1;15;9;15],2,[6;NaN;0;0],[66;7;7;1],2,[NaN;0;NaN;NaN]},{'A',[200;35;153;225],4,[66;7;36;60],3,2,[-64;7;9;-15],3,0},{'M',[-1;15;112;60],3,[-1;15;9;15],2,[0;0;NaN;2],[66;7;7;1],2,[NaN;NaN;4;NaN]},{'M',[-32;7;7;1],3,[-1;15;9;15],2,[5;NaN;NaN;NaN],[66;7;7;1],2,[NaN;0;0;0]},{'A',[31;8;105;61],4,[-1;15;112;60],3,0,[32;-7;-7;1],3,0},{'M',[246;205;105;225],5,[246;205;88;206],4,[0;0;NaN;NaN],[200;35;153;225],4,[NaN;NaN;NaN;0],[31;8;105;61],4,[NaN;NaN;0;NaN]},{'O',[246;205;105;225],5,[246;205;105;225],5,0},{'M',[31;8;88;206],5,[246;205;88;206],4,[NaN;NaN;0;0],[31;8;105;61],4,[0;0;NaN;NaN]},{'O',[31;8;88;206],5,[31;8;88;206],5,0},{'M',[200;35;153;244],5,[200;35;153;225],4,[0;0;0;NaN],[31;8;105;61],4,[NaN;NaN;NaN;2]},{'O',[200;35;153;244],5,[200;35;153;244],5,0}}
Adder graph: {{'M',[1;4;4;8],1,[1;1;1;1],0,[0;2;2;3]},{'M',[4;1;8;4],1,[1;1;1;1],0,[2;0;3;2]},{'A',[18;12;40;32],2,[1;4;4;8],1,1,[4;1;8;4],1,2},{'A',[9;9;9;9],1,[1;1;1;1],0,3,[1;1;1;1],0,0},{'M',[8;1;4;4],1,[1;1;1;1],0,[3;0;2;2]},{'A',[41;13;-7;25],2,[9;9;9;9],1,0,[8;1;-4;4],1,2},{'M',[328;13;-7;200],3,[41;13;-7;25],2,[3;0;0;3]},{'M',[82;192;-112;25],3,[18;12;40;32],2,[NaN;4;NaN;NaN],[41;13;-7;25],2,[1;NaN;4;0]},{'A',[246;205;105;225],4,[328;13;-7;200],3,0,[-82;192;112;25],3,0},{'A',[31;35;153;103],3,[18;12;40;32],2,2,[-41;-13;-7;-25],2,0},{'M',[9;9;18;36],2,[9;9;9;9],1,[0;0;1;2]},{'A',[100;8;22;122],3,[41;13;-7;25],2,1,[9;-9;18;36],2,1},{'O',[246;205;105;225],4,[246;205;105;225],4,0},{'M',[31;8;88;206],4,[31;35;153;103],3,[0;NaN;NaN;1],[100;8;22;122],3,[NaN;0;2;NaN]},{'O',[31;8;88;206],4,[31;8;88;206],4,0},{'M',[200;35;153;244],4,[31;35;153;103],3,[NaN;0;0;NaN],[100;8;22;122],3,[1;NaN;NaN;1]},{'O',[200;35;153;244],4,[200;35;153;244],4,0}}
Adder graph: {{'A',[9;9;9;-7],1,[1;1;1;1],0,0,[1;1;1;-1],0,3},{'M',[2;1;2;2],1,[1;1;1;1],0,[1;0;1;1]},{'A',[41;25;41;25],2,[9;9;9;-7],1,0,[2;1;2;2],1,4},{'M',[2;2;1;8],1,[1;1;1;1],0,[1;1;0;3]},{'A',[5;5;7;9],2,[9;9;9;-7],1,0,[-2;-2;-1;8],1,1},{'M',[20;5;56;72],3,[5;5;7;9],2,[2;0;3;3]},{'M',[160;25;41;100],3,[41;25;41;25],2,[NaN;0;0;2],[5;5;7;9],2,[5;NaN;NaN;NaN]},{'A',[200;35;153;244],4,[20;5;56;72],3,1,[160;25;41;100],3,0},{'M',[36;9;18;-112],2,[9;9;9;-7],1,[2;0;1;4]},{'A',[-31;-4;-11;-103],3,[5;5;7;9],2,0,[-36;-9;-18;-112],2,0},{'M',[41;25;14;25],3,[41;25;41;25],2,[0;0;NaN;0],[5;5;7;9],2,[NaN;NaN;1;NaN]},{'M',[82;5;7;25],3,[41;25;41;25],2,[1;NaN;NaN;0],[5;5;7;9],2,[NaN;0;0;NaN]},{'A',[246;205;105;225],4,[41;25;14;25],3,3,[-82;5;-7;25],3,0},{'O',[246;205;105;225],4,[246;205;105;225],4,0},{'M',[-31;-8;-88;-206],4,[-31;-4;-11;-103],3,[0;1;3;1]},{'O',[31;8;88;206],4,[31;8;88;206],4,0},{'O',[200;35;153;244],4,[200;35;153;244],4,0}}
Adder graph: {{'M',[1;1;1;2],1,[1;1;1;1],0,[0;0;0;1]},{'R',[1;1;1;1],1,[1;1;1;1],0},{'A',[9;9;9;17],2,[1;1;1;2],1,3,[1;1;1;1],1,0},{'M',[2;2;1;4],1,[1;1;1;1],0,[1;1;0;2]},{'A',[5;5;1;7],2,[2;2;1;4],1,1,[1;1;-1;-1],1,0},{'M',[5;5;18;34],3,[9;9;9;17],2,[NaN;NaN;1;1],[5;5;1;7],2,[0;0;NaN;NaN]},{'M',[9;5;9;28],3,[9;9;9;17],2,[0;NaN;0;NaN],[5;5;1;7],2,[NaN;0;NaN;2]},{'A',[31;35;153;244],4,[5;5;18;34],3,3,[-9;-5;9;-28],3,0},{'A',[41;41;35;75],3,[9;9;9;17],2,2,[5;5;-1;7],2,0},{'A',[123;205;105;225],4,[41;41;35;75],3,2,[-41;41;-35;-75],3,0},{'M',[9;40;9;28],3,[9;9;9;17],2,[0;NaN;0;NaN],[5;5;1;7],2,[NaN;3;NaN;2]},{'A',[50;1;44;103],4,[41;41;35;75],3,0,[9;-40;9;28],3,0},{'M',[246;205;105;225],5,[123;205;105;225],4,[1;0;0;0]},{'O',[246;205;105;225],5,[246;205;105;225],5,0},{'M',[31;8;88;206],5,[31;35;153;244],4,[0;NaN;NaN;NaN],[50;1;44;103],4,[NaN;3;1;1]},{'O',[31;8;88;206],5,[31;8;88;206],5,0},{'M',[200;35;153;244],5,[31;35;153;244],4,[NaN;0;0;0],[50;1;44;103],4,[2;NaN;NaN;NaN]},{'O',[200;35;153;244],5,[200;35;153;244],5,0}}
Adder graph: {{'M',[4;4;4;1],1,[1;1;1;1],0,[2;2;2;0]},{'M',[4;4;1;1],1,[1;1;1;1],0,[2;2;0;0]},{'A',[36;36;-4;-7],2,[4;4;4;1],1,0,[4;4;-1;-1],1,3},{'M',[1;1;4;4],1,[1;1;1;1],0,[0;0;2;2]},{'M',[1;1;1;2],1,[1;1;1;1],0,[0;0;0;1]},{'A',[5;5;17;18],2,[1;1;4;4],1,2,[1;1;1;2],1,0},{'A',[41;41;21;25],3,[5;5;17;18],2,0,[36;36;4;7],2,0},{'M',[5;5;17;-28],3,[36;36;-4;-7],2,[NaN;NaN;NaN;2],[5;5;17;18],2,[0;0;0;NaN]},{'M',[160;5;17;18],3,[5;5;17;18],2,[5;0;0;0]},{'A',[200;35;153;-206],4,[5;5;17;-28],3,3,[160;-5;17;18],3,0},{'M',[5;20;-16;18],3,[36;36;-4;-7],2,[NaN;NaN;2;NaN],[5;5;17;18],2,[0;2;NaN;0]},{'A',[-31;-1;-11;61],4,[5;20;-16;18],3,1,[-41;-41;21;25],3,0},{'M',[82;41;21;25],4,[41;41;21;25],3,[1;0;0;0]},{'M',[41;41;21;50],4,[41;41;21;25],3,[0;0;0;1]},{'A',[246;205;105;225],5,[82;41;21;25],4,0,[41;41;21;50],4,2},{'O',[246;205;105;225],5,[246;205;105;225],5,0},{'M',[-31;-8;-88;-206],5,[200;35;153;-206],4,[NaN;NaN;NaN;0],[-31;-1;-11;61],4,[0;3;3;NaN]},{'O',[31;8;88;206],5,[31;8;88;206],5,0},{'M',[200;35;153;244],5,[200;35;153;-206],4,[0;0;0;NaN],[-31;-1;-11;61],4,[NaN;NaN;NaN;2]},{'O',[200;35;153;244],5,[200;35;153;244],5,0}}
Adder graph: {{'A',[1;3;1;3],1,[1;1;1;1],0,1,[-1;1;-1;1],0,0},{'M',[16;1;1;1],1,[1;1;1;1],0,[4;0;0;0]},{'A',[8;25;9;25],2,[16;1;1;1],1,0,[-1;3;1;3],1,3},{'M',[1;96;8;3],2,[1;3;1;3],1,[0;5;3;0]},{'A',[31;4;44;103],3,[8;25;9;25],2,2,[-1;-96;8;3],2,0},{'M',[8;1;1;128],1,[1;1;1;1],0,[3;0;0;7]},{'A',[10;-5;3;122],2,[8;1;1;128],1,0,[1;-3;1;-3],1,1},{'M',[32;25;12;25],3,[8;25;9;25],2,[2;0;NaN;0],[10;-5;3;122],2,[NaN;NaN;2;NaN]},{'M',[10;-5;9;25],3,[8;25;9;25],2,[NaN;NaN;0;0],[10;-5;3;122],2,[0;0;NaN;NaN]},{'A',[246;205;105;225],4,[32;25;12;25],3,3,[-10;5;9;25],3,0},{'M',[40;25;9;488],3,[8;25;9;25],2,[NaN;0;0;NaN],[10;-5;3;122],2,[2;NaN;NaN;2]},{'M',[80;-5;72;122],3,[8;25;9;25],2,[NaN;NaN;3;NaN],[10;-5;3;122],2,[3;0;NaN;0]},{'A',[200;35;153;244],4,[40;25;9;488],3,0,[80;5;72;-122],3,1},{'O',[246;205;105;225],4,[246;205;105;225],4,0},{'M',[31;8;88;206],4,[31;4;44;103],3,[0;1;1;1]},{'O',[31;8;88;206],4,[31;8;88;206],4,0},{'O',[200;35;153;244],4,[200;35;153;244],4,0}}
Finished solving after 7419.94 seconds
Adder graph: {{'A',[1;3;1;3],1,[1;1;1;1],0,1,[-1;1;-1;1],0,0},{'M',[16;1;1;1],1,[1;1;1;1],0,[4;0;0;0]},{'A',[8;25;9;25],2,[16;1;1;1],1,0,[-1;3;1;3],1,3},{'M',[1;96;8;3],2,[1;3;1;3],1,[0;5;3;0]},{'A',[31;4;44;103],3,[8;25;9;25],2,2,[-1;-96;8;3],2,0},{'M',[8;1;1;128],1,[1;1;1;1],0,[3;0;0;7]},{'A',[10;-5;3;122],2,[8;1;1;128],1,0,[1;-3;1;-3],1,1},{'M',[32;25;12;25],3,[8;25;9;25],2,[2;0;NaN;0],[10;-5;3;122],2,[NaN;NaN;2;NaN]},{'M',[10;-5;9;25],3,[8;25;9;25],2,[NaN;NaN;0;0],[10;-5;3;122],2,[0;0;NaN;NaN]},{'A',[246;205;105;225],4,[32;25;12;25],3,3,[-10;5;9;25],3,0},{'M',[40;25;9;488],3,[8;25;9;25],2,[NaN;0;0;NaN],[10;-5;3;122],2,[2;NaN;NaN;2]},{'M',[80;-5;72;122],3,[8;25;9;25],2,[NaN;NaN;3;NaN],[10;-5;3;122],2,[3;0;NaN;0]},{'A',[200;35;153;244],4,[40;25;9;488],3,0,[80;5;72;-122],3,1},{'O',[246;205;105;225],4,[246;205;105;225],4,0},{'M',[31;8;88;206],4,[31;4;44;103],3,[0;1;1;1]},{'O',[31;8;88;206],4,[31;8;88;206],4,0},{'O',[200;35;153;244],4,[200;35;153;244],4,0}}
# Add optimal = 1
# Mux optimal = 0
# Mux registers optimal = 0
# FAs optimal = 0
