Adder graph: {{'M',[1;8;1;8],1,[1;1;1;1],0,[0;3;0;3]},{'M',[2;1;8;1],1,[1;1;1;1],0,[1;0;3;0]},{'A',[-1;9;-7;7],2,[1;8;1;8],1,0,[-2;1;-8;-1],1,0},{'M',[1;2;1;1],1,[1;1;1;1],0,[0;1;0;0]},{'M',[32;1;1;1],1,[1;1;1;1],0,[5;0;0;0]},{'A',[36;7;3;3],2,[1;2;1;1],1,2,[32;-1;-1;-1],1,0},{'M',[72;7;192;3],3,[36;7;3;3],2,[1;0;6;0]},{'M',[-4;36;-7;224],3,[-1;9;-7;7],2,[2;2;0;5]},{'A',[76;43;199;227],4,[72;7;192;3],3,0,[4;36;7;224],3,0},{'M',[2;1;1;2],1,[1;1;1;1],0,[1;0;0;1]},{'M',[1;1;1;32],1,[1;1;1;1],0,[0;0;0;5]},{'A',[3;3;1;36],2,[2;1;1;2],1,1,[-1;1;-1;32],1,0},{'M',[-1;7;3;3],3,[-1;9;-7;7],2,[0;NaN;NaN;NaN],[36;7;3;3],2,[NaN;0;0;0]},{'M',[36;96;32;72],3,[36;7;3;3],2,[0;NaN;NaN;NaN],[3;3;1;36],2,[NaN;5;5;1]},{'A',[-37;-89;-29;-69],4,[-1;7;3;3],3,0,[-36;-96;-32;-72],3,0},{'M',[36;56;32;48],3,[36;7;3;3],2,[0;3;NaN;4],[3;3;1;36],2,[NaN;NaN;5;NaN]},{'M',[-32;3;3;14],3,[-1;9;-7;7],2,[5;NaN;NaN;1],[36;7;3;3],2,[NaN;NaN;0;NaN],[3;3;1;36],2,[NaN;0;NaN;NaN]},{'A',[104;115;61;110],4,[36;56;32;48],3,1,[32;3;-3;14],3,0},{'O',[74;178;58;138],4,[37;89;29;69],4,1},{'O',[76;43;199;227],4,[76;43;199;227],4,0},{'O',[104;115;61;110],4,[104;115;61;110],4,0}}
Adder graph: {{'M',[4;64;8;1],1,[1;1;1;1],0,[2;6;3;0]},{'R',[1;1;1;1],1,[1;1;1;1],0},{'A',[7;129;15;3],2,[4;64;8;1],1,1,[-1;1;-1;1],1,0},{'M',[1;4;1;1],1,[1;1;1;1],0,[0;2;0;0]},{'M',[2;2;1;4],1,[1;1;1;1],0,[1;1;0;2]},{'A',[-15;20;-7;33],2,[1;4;1;1],1,0,[-2;2;-1;4],1,3},{'M',[4;16;1;8],1,[1;1;1;1],0,[2;4;0;3]},{'M',[4;1;1;4],1,[1;1;1;1],0,[2;0;0;2]},{'A',[20;63;3;28],2,[4;16;1;8],1,2,[4;-1;-1;-4],1,0},{'A',[74;178;58;138],3,[7;129;15;3],2,1,[15;-20;7;33],2,2},{'M',[20;63;192;224],3,[20;63;3;28],2,[0;0;6;3]},{'M',[56;20;-7;3],3,[7;129;15;3],2,[3;NaN;NaN;0],[-15;20;-7;33],2,[NaN;0;0;NaN]},{'A',[76;43;199;227],4,[20;63;192;224],3,0,[56;-20;7;3],3,0},{'M',[-30;63;3;28],3,[-15;20;-7;33],2,[1;NaN;NaN;NaN],[20;63;3;28],2,[NaN;0;0;0]},{'A',[104;115;61;110],4,[74;178;58;138],3,0,[30;-63;3;-28],3,0},{'R',[74;178;58;138],4,[74;178;58;138],3},{'O',[74;178;58;138],4,[74;178;58;138],4,0},{'O',[76;43;199;227],4,[76;43;199;227],4,0},{'O',[104;115;61;110],4,[104;115;61;110],4,0}}
Adder graph: {{'M',[16;8;1;256],1,[1;1;1;1],0,[4;3;0;8]},{'M',[2;1;256;1],1,[1;1;1;1],0,[1;0;8;0]},{'A',[18;9;-255;255],2,[16;8;1;256],1,0,[2;1;-256;-1],1,0},{'M',[2;2;2;1],1,[1;1;1;1],0,[1;1;1;0]},{'M',[2;4;2;1],1,[1;1;1;1],0,[1;2;1;0]},{'A',[28;40;28;14],2,[2;2;2;1],1,4,[-2;4;-2;-1],1,1},{'M',[16;1;2;128],1,[1;1;1;1],0,[4;0;1;7]},{'M',[64;4;1;4],1,[1;1;1;1],0,[6;2;0;2]},{'A',[-48;-3;1;124],2,[16;1;2;128],1,0,[-64;-4;-1;-4],1,0},{'A',[74;89;-199;-227],3,[28;40;28;14],2,1,[18;9;-255;-255],2,0},{'A',[-76;-43;29;138],3,[-48;-3;1;124],2,0,[-28;-40;28;14],2,0},{'M',[28;72;32;248],3,[18;9;-255;255],2,[NaN;3;NaN;NaN],[28;40;28;14],2,[0;NaN;NaN;NaN],[-48;-3;1;124],2,[NaN;NaN;5;1]},{'A',[104;115;61;110],4,[28;72;32;248],3,0,[76;43;29;-138],3,0},{'M',[74;178;58;138],4,[74;89;-199;-227],3,[0;1;NaN;NaN],[-76;-43;29;138],3,[NaN;NaN;1;0]},{'O',[74;178;58;138],4,[74;178;58;138],4,0},{'M',[-76;-43;-199;-227],4,[74;89;-199;-227],3,[NaN;NaN;0;0],[-76;-43;29;138],3,[0;0;NaN;NaN]},{'O',[76;43;199;227],4,[76;43;199;227],4,0},{'O',[104;115;61;110],4,[104;115;61;110],4,0}}
Adder graph: {{'M',[1;16;16;16],1,[1;1;1;1],0,[0;4;4;4]},{'M',[2;1;8;4],1,[1;1;1;1],0,[1;0;3;2]},{'A',[-8;120;64;96],2,[1;16;16;16],1,3,[-2;-1;-8;-4],1,3},{'M',[4;4;1;16],1,[1;1;1;1],0,[2;2;0;4]},{'M',[64;1;4;2],1,[1;1;1;1],0,[6;0;2;1]},{'A',[-60;5;-3;14],2,[4;4;1;16],1,0,[-64;1;-4;-2],1,0},{'A',[52;115;61;110],3,[-8;120;64;96],2,0,[60;-5;-3;14],2,0},{'M',[128;64;1;1],1,[1;1;1;1],0,[7;6;0;0]},{'M',[2;1;8;256],1,[1;1;1;1],0,[1;0;3;8]},{'A',[126;63;-7;-255],2,[128;64;1;1],1,0,[-2;-1;-8;-256],1,0},{'M',[126;63;-3;28],3,[-60;5;-3;14],2,[NaN;NaN;0;1],[126;63;-7;-255],2,[0;0;NaN;NaN]},{'A',[74;178;58;138],4,[126;63;-3;28],3,0,[-52;115;61;110],3,0},{'M',[-16;20;-7;-255],3,[-8;120;64;96],2,[1;NaN;NaN;NaN],[-60;5;-3;14],2,[NaN;2;NaN;NaN],[126;63;-7;-255],2,[NaN;NaN;0;0]},{'M',[-60;63;-192;28],3,[-60;5;-3;14],2,[0;NaN;6;1],[126;63;-7;-255],2,[NaN;0;NaN;NaN]},{'A',[-76;-43;-199;-227],4,[-16;20;-7;-255],3,0,[-60;-63;-192;28],3,0},{'O',[74;178;58;138],4,[74;178;58;138],4,0},{'O',[76;43;199;227],4,[76;43;199;227],4,0},{'M',[104;115;61;110],4,[52;115;61;110],3,[1;0;0;0]},{'O',[104;115;61;110],4,[104;115;61;110],4,0}}
Adder graph: {{'M',[1;1;16;16],1,[1;1;1;1],0,[0;0;4;4]},{'M',[16;1;1;16],1,[1;1;1;1],0,[4;0;0;4]},{'A',[24;7;129;144],2,[1;1;16;16],1,3,[16;-1;1;16],1,0},{'M',[2;32;2;1],1,[1;1;1;1],0,[1;5;1;0]},{'M',[1;1;4;1],1,[1;1;1;1],0,[0;0;2;0]},{'A',[10;40;34;-7],2,[2;32;2;1],1,0,[1;1;4;-1],1,3},{'M',[1;1;64;1],1,[1;1;1;1],0,[0;0;6;0]},{'M',[2;2;1;2],1,[1;1;1;1],0,[1;1;0;1]},{'A',[3;3;63;3],2,[1;1;64;1],1,0,[2;2;-1;2],1,0},{'M',[12;3;63;48],3,[3;3;63;3],2,[2;0;0;4]},{'M',[40;40;136;-7],3,[10;40;34;-7],2,[2;0;2;0]},{'A',[52;43;199;55],4,[12;3;63;48],3,0,[40;40;136;7],3,0},{'M',[96;96;126;3],3,[3;3;63;3],2,[5;5;1;0]},{'M',[20;7;68;-224],3,[24;7;129;144],2,[NaN;0;NaN;NaN],[10;40;34;-7],2,[1;NaN;1;5]},{'A',[76;89;58;227],4,[96;96;126;3],3,0,[-20;-7;-68;224],3,0},{'M',[80;3;129;144],3,[24;7;129;144],2,[NaN;NaN;0;0],[10;40;34;-7],2,[3;NaN;NaN;NaN],[3;3;63;3],2,[NaN;0;NaN;NaN]},{'M',[3;56;34;3],3,[24;7;129;144],2,[NaN;3;NaN;NaN],[10;40;34;-7],2,[NaN;NaN;0;NaN],[3;3;63;3],2,[0;NaN;NaN;0]},{'A',[74;115;61;138],4,[80;3;129;144],3,0,[-3;56;-34;-3],3,1},{'M',[74;178;58;138],5,[76;89;58;227],4,[NaN;1;0;NaN],[74;115;61;138],4,[0;NaN;NaN;0]},{'O',[74;178;58;138],5,[74;178;58;138],5,0},{'M',[76;43;199;227],5,[52;43;199;55],4,[NaN;0;0;NaN],[76;89;58;227],4,[0;NaN;NaN;0]},{'O',[76;43;199;227],5,[76;43;199;227],5,0},{'M',[104;115;61;110],5,[52;43;199;55],4,[1;NaN;NaN;1],[74;115;61;138],4,[NaN;0;0;NaN]},{'O',[104;115;61;110],5,[104;115;61;110],5,0}}
Adder graph: {{'M',[4;1;1;1],1,[1;1;1;1],0,[2;0;0;0]},{'M',[1;2;1;1],1,[1;1;1;1],0,[0;1;0;0]},{'A',[-4;-15;-7;-7],2,[4;1;1;1],1,0,[-1;-2;-1;-1],1,3},{'M',[32;1;1;1],1,[1;1;1;1],0,[5;0;0;0]},{'M',[1;2;1;8],1,[1;1;1;1],0,[0;1;0;3]},{'A',[36;-7;5;-31],2,[32;1;1;1],1,0,[1;-2;1;-8],1,2},{'M',[2;1;1;1],1,[1;1;1;1],0,[1;0;0;0]},{'R',[1;1;1;1],1,[1;1;1;1],0},{'A',[-2;-3;-3;-3],2,[2;1;1;1],1,0,[-1;-1;-1;-1],1,2},{'M',[-16;-3;-56;-24],3,[-4;-15;-7;-7],2,[NaN;NaN;3;NaN],[-2;-3;-3;-3],2,[3;0;NaN;3]},{'M',[36;-112;5;-31],3,[36;-7;5;-31],2,[0;4;0;0]},{'A',[-52;-115;-61;-55],4,[-16;-3;-56;-24],3,0,[-36;-112;-5;-31],3,0},{'M',[-4;-15;-48;-7],3,[-4;-15;-7;-7],2,[0;0;NaN;0],[-2;-3;-3;-3],2,[NaN;NaN;4;NaN]},{'M',[36;-14;5;-31],3,[36;-7;5;-31],2,[0;1;0;0]},{'A',[-76;-43;-58;-69],4,[-4;-15;-48;-7],3,0,[-36;-14;-5;-31],3,1},{'M',[-2;-192;-7;-3],3,[-4;-15;-7;-7],2,[NaN;NaN;0;NaN],[-2;-3;-3;-3],2,[0;6;NaN;0]},{'M',[36;-7;-96;-112],3,[-4;-15;-7;-7],2,[NaN;NaN;NaN;4],[36;-7;5;-31],2,[0;0;NaN;NaN],[-2;-3;-3;-3],2,[NaN;NaN;5;NaN]},{'A',[-74;-178;-199;-227],4,[-2;-192;-7;-3],3,0,[-36;7;-96;-112],3,1},{'M',[-74;-178;-58;-138],5,[-76;-43;-58;-69],4,[NaN;NaN;0;1],[-74;-178;-199;-227],4,[0;0;NaN;NaN]},{'O',[74;178;58;138],5,[74;178;58;138],5,0},{'M',[-76;-43;-199;-227],5,[-76;-43;-58;-69],4,[0;0;NaN;NaN],[-74;-178;-199;-227],4,[NaN;NaN;0;0]},{'O',[76;43;199;227],5,[76;43;199;227],5,0},{'M',[-104;-115;-61;-110],5,[-52;-115;-61;-55],4,[1;0;0;1]},{'O',[104;115;61;110],5,[104;115;61;110],5,0}}
Adder graph: {{'M',[64;1;64;1],1,[1;1;1;1],0,[6;0;6;0]},{'M',[4;1;4;4],1,[1;1;1;1],0,[2;0;2;2]},{'A',[64;18;64;-62],2,[64;1;64;1],1,1,[-4;1;-4;-4],1,4},{'M',[1;8;8;8],1,[1;1;1;1],0,[0;3;3;3]},{'M',[2;1;1;1],1,[1;1;1;1],0,[1;0;0;0]},{'A',[3;7;7;7],2,[1;8;8;8],1,0,[2;-1;-1;-1],1,0},{'M',[8;1;1;1],1,[1;1;1;1],0,[3;0;0;0]},{'A',[40;3;3;3],2,[8;1;1;1],1,2,[8;-1;-1;-1],1,0},{'M',[3;7;192;224],3,[3;7;7;7],2,[0;0;NaN;5],[40;3;3;3],2,[NaN;NaN;6;NaN]},{'M',[40;96;7;3],3,[3;7;7;7],2,[NaN;NaN;0;NaN],[40;3;3;3],2,[0;5;NaN;0]},{'A',[-37;-89;199;227],4,[3;7;192;224],3,0,[-40;-96;7;3],3,0},{'M',[12;7;6;48],3,[3;7;7;7],2,[2;0;NaN;NaN],[40;3;3;3],2,[NaN;NaN;1;4]},{'M',[64;36;64;-62],3,[64;18;64;-62],2,[0;1;0;0]},{'A',[76;43;-58;110],4,[12;7;6;48],3,0,[64;36;-64;62],3,0},{'M',[64;112;64;-62],3,[64;18;64;-62],2,[0;NaN;0;0],[3;7;7;7],2,[NaN;4;NaN;NaN]},{'M',[40;3;3;7],3,[3;7;7;7],2,[NaN;NaN;NaN;0],[40;3;3;3],2,[0;0;0;NaN]},{'A',[104;115;61;-69],4,[64;112;64;-62],3,0,[40;3;-3;-7],3,0},{'M',[-74;-178;-58;-138],5,[-37;-89;199;227],4,[1;1;NaN;NaN],[76;43;-58;110],4,[NaN;NaN;0;NaN],[104;115;61;-69],4,[NaN;NaN;NaN;1]},{'O',[74;178;58;138],5,[74;178;58;138],5,0},{'M',[76;43;199;227],5,[-37;-89;199;227],4,[NaN;NaN;0;0],[76;43;-58;110],4,[0;0;NaN;NaN]},{'O',[76;43;199;227],5,[76;43;199;227],5,0},{'M',[104;115;61;110],5,[76;43;-58;110],4,[NaN;NaN;NaN;0],[104;115;61;-69],4,[0;0;0;NaN]},{'O',[104;115;61;110],5,[104;115;61;110],5,0}}
Adder graph: {{'R',[1;1;1;1],1,[1;1;1;1],0},{'M',[64;32;32;1],1,[1;1;1;1],0,[6;5;5;0]},{'A',[-62;34;34;3],2,[1;1;1;1],1,1,[-64;32;32;1],1,0},{'M',[2;1;1;1],1,[1;1;1;1],0,[1;0;0;0]},{'A',[-30;-31;-31;-31],2,[2;1;1;1],1,0,[-1;-1;-1;-1],1,5},{'M',[8;1;8;2],1,[1;1;1;1],0,[3;0;3;1]},{'M',[4;1;1;2],1,[1;1;1;1],0,[2;0;0;1]},{'A',[68;9;63;14],2,[8;1;8;2],1,3,[4;1;-1;-2],1,0},{'A',[-52;-115;-61;-110],3,[68;9;63;14],2,0,[-30;-31;-31;-31],2,2},{'M',[136;9;63;224],3,[68;9;63;14],2,[1;0;0;4]},{'M',[-60;34;136;3],3,[-62;34;34;3],2,[NaN;0;2;0],[-30;-31;-31;-31],2,[1;NaN;NaN;NaN]},{'A',[76;43;199;227],4,[136;9;63;224],3,0,[-60;34;136;3],3,0},{'M',[136;144;126;14],3,[68;9;63;14],2,[1;4;1;0]},{'M',[-62;34;68;-124],3,[-62;34;34;3],2,[0;0;1;NaN],[-30;-31;-31;-31],2,[NaN;NaN;NaN;2]},{'A',[74;178;58;138],4,[136;144;126;14],3,0,[-62;34;-68;124],3,0},{'O',[74;178;58;138],4,[74;178;58;138],4,0},{'O',[76;43;199;227],4,[76;43;199;227],4,0},{'M',[-104;-115;-61;-110],4,[-52;-115;-61;-110],3,[1;0;0;0]},{'O',[104;115;61;110],4,[104;115;61;110],4,0}}
Adder graph: {{'M',[2;2;2;1],1,[1;1;1;1],0,[1;1;1;0]},{'M',[4;1;4;1],1,[1;1;1;1],0,[2;0;2;0]},{'A',[40;34;24;14],2,[2;2;2;1],1,4,[4;1;-4;-1],1,1},{'M',[1;1;1;128],1,[1;1;1;1],0,[0;0;0;7]},{'A',[9;9;7;-124],2,[2;2;2;1],1,2,[1;1;-1;-128],1,0},{'M',[40;34;192;14],3,[40;34;24;14],2,[0;0;3;0]},{'M',[36;9;7;-124],3,[9;9;7;-124],2,[2;0;0;0]},{'A',[76;43;199;138],4,[40;34;192;14],3,0,[36;9;7;124],3,0},{'M',[1;1;2;1],1,[1;1;1;1],0,[0;0;1;0]},{'M',[1;8;8;1],1,[1;1;1;1],0,[0;3;3;0]},{'A',[-3;-31;34;-3],2,[1;1;2;1],1,0,[-1;-8;8;-1],1,2},{'M',[-3;9;7;-124],3,[9;9;7;-124],2,[NaN;0;0;0],[-3;-31;34;-3],2,[0;NaN;NaN;NaN]},{'M',[40;-124;68;14],3,[40;34;24;14],2,[0;NaN;NaN;0],[-3;-31;34;-3],2,[NaN;2;1;NaN]},{'A',[37;-115;-61;-110],4,[-3;9;7;-124],3,0,[40;-124;-68;14],3,0},{'M',[40;34;24;224],3,[40;34;24;14],2,[0;0;0;4]},{'M',[144;144;34;-3],3,[9;9;7;-124],2,[4;4;NaN;NaN],[-3;-31;34;-3],2,[NaN;NaN;0;0]},{'A',[-104;178;58;227],4,[40;34;24;224],3,0,[-144;144;34;3],3,0},{'M',[74;178;58;138],5,[76;43;199;138],4,[NaN;NaN;NaN;0],[37;-115;-61;-110],4,[1;NaN;NaN;NaN],[-104;178;58;227],4,[NaN;0;0;NaN]},{'O',[74;178;58;138],5,[74;178;58;138],5,0},{'M',[76;43;199;227],5,[76;43;199;138],4,[0;0;0;NaN],[-104;178;58;227],4,[NaN;NaN;NaN;0]},{'O',[76;43;199;227],5,[76;43;199;227],5,0},{'M',[-104;-115;-61;-110],5,[37;-115;-61;-110],4,[NaN;0;0;0],[-104;178;58;227],4,[0;NaN;NaN;NaN]},{'O',[104;115;61;110],5,[104;115;61;110],5,0}}
Adder graph: {{'A',[-3;-3;5;-3],1,[1;1;1;1],0,0,[-1;-1;1;-1],0,2},{'A',[7;7;7;7],1,[1;1;1;1],0,3,[-1;-1;-1;-1],0,0},{'M',[2;1;2;4],1,[1;1;1;1],0,[1;0;1;2]},{'A',[25;23;39;57],2,[2;1;2;4],1,4,[-7;7;7;-7],1,0},{'M',[56;112;5;224],2,[-3;-3;5;-3],1,[NaN;NaN;0;NaN],[7;7;7;7],1,[3;4;NaN;5]},{'M',[-48;-3;56;-3],2,[-3;-3;5;-3],1,[4;0;NaN;0],[7;7;7;7],1,[NaN;NaN;3;NaN]},{'A',[104;115;61;227],3,[56;112;5;224],2,0,[48;3;56;3],2,0},{'M',[-24;-3;20;-24],2,[-3;-3;5;-3],1,[3;0;2;3]},{'A',[74;43;58;138],3,[25;23;39;57],2,1,[24;-3;-20;24],2,0},{'M',[-3;56;80;56],2,[-3;-3;5;-3],1,[0;NaN;4;NaN],[7;7;7;7],1,[NaN;3;NaN;3]},{'A',[19;89;199;55],3,[-3;56;80;56],2,1,[25;-23;39;-57],2,0},{'M',[74;178;58;138],4,[74;43;58;138],3,[0;NaN;0;0],[19;89;199;55],3,[NaN;1;NaN;NaN]},{'O',[74;178;58;138],4,[74;178;58;138],4,0},{'M',[76;43;199;227],4,[104;115;61;227],3,[NaN;NaN;NaN;0],[74;43;58;138],3,[NaN;0;NaN;NaN],[19;89;199;55],3,[2;NaN;0;NaN]},{'O',[76;43;199;227],4,[76;43;199;227],4,0},{'M',[104;115;61;110],4,[104;115;61;227],3,[0;0;0;NaN],[19;89;199;55],3,[NaN;NaN;NaN;1]},{'O',[104;115;61;110],4,[104;115;61;110],4,0}}
Adder graph: {{'R',[1;1;1;1],1,[1;1;1;1],0},{'M',[1;1;32;32],1,[1;1;1;1],0,[0;0;5;5]},{'A',[9;9;-255;-255],2,[1;1;1;1],1,0,[1;1;-32;-32],1,3},{'M',[2;1;2;128],1,[1;1;1;1],0,[1;0;1;7]},{'M',[64;4;1;4],1,[1;1;1;1],0,[6;2;0;2]},{'A',[-62;-3;1;124],2,[2;1;2;128],1,0,[-64;-4;-1;-4],1,0},{'M',[1;2;2;1],1,[1;1;1;1],0,[0;1;1;0]},{'M',[1;4;2;1],1,[1;1;1;1],0,[0;2;1;0]},{'A',[14;40;28;14],2,[1;2;2;1],1,4,[-1;4;-2;-1],1,1},{'A',[-76;-43;29;138],3,[-62;-3;1;124],2,0,[-14;-40;28;14],2,0},{'M',[14;36;16;124],3,[9;9;-255;-255],2,[NaN;2;NaN;NaN],[-62;-3;1;124],2,[NaN;NaN;4;0],[14;40;28;14],2,[0;NaN;NaN;NaN]},{'A',[104;115;61;110],4,[14;36;16;124],3,1,[76;43;29;-138],3,0},{'A',[37;89;-199;-227],3,[14;40;28;14],2,1,[9;9;-255;-255],2,0},{'M',[74;178;58;138],4,[-76;-43;29;138],3,[NaN;NaN;1;0],[37;89;-199;-227],3,[1;1;NaN;NaN]},{'O',[74;178;58;138],4,[74;178;58;138],4,0},{'M',[-76;-43;-199;-227],4,[-76;-43;29;138],3,[0;0;NaN;NaN],[37;89;-199;-227],3,[NaN;NaN;0;0]},{'O',[76;43;199;227],4,[76;43;199;227],4,0},{'O',[104;115;61;110],4,[104;115;61;110],4,0}}
Adder graph: {{'A',[-7;-7;-7;-7],1,[1;1;1;1],0,0,[-1;-1;-1;-1],0,3},{'A',[5;3;3;3],1,[1;1;1;1],0,2,[1;-1;-1;-1],0,0},{'M',[2;1;2;4],1,[1;1;1;1],0,[1;0;1;2]},{'M',[1;1;8;1],1,[1;1;1;1],0,[0;0;3;0]},{'A',[15;9;8;31],2,[2;1;2;4],1,3,[-1;1;-8;-1],1,0},{'M',[-14;-7;3;-14],2,[-7;-7;-7;-7],1,[1;0;NaN;1],[5;3;3;3],1,[NaN;NaN;0;NaN]},{'A',[74;43;29;138],3,[15;9;8;31],2,2,[14;7;-3;14],2,0},{'M',[5;192;192;3],2,[5;3;3;3],1,[0;6;6;0]},{'M',[-14;-14;-7;-224],2,[-7;-7;-7;-7],1,[1;1;0;5]},{'A',[19;178;199;227],3,[5;192;192;3],2,0,[14;-14;7;224],2,0},{'M',[15;36;16;124],3,[15;9;8;31],2,[0;2;1;2]},{'A',[104;115;61;110],4,[15;36;16;124],3,1,[74;43;29;-138],3,0},{'M',[74;178;58;138],4,[74;43;29;138],3,[0;NaN;1;0],[19;178;199;227],3,[NaN;0;NaN;NaN]},{'O',[74;178;58;138],4,[74;178;58;138],4,0},{'M',[76;43;199;227],4,[74;43;29;138],3,[NaN;0;NaN;NaN],[19;178;199;227],3,[2;NaN;0;0]},{'O',[76;43;199;227],4,[76;43;199;227],4,0},{'O',[104;115;61;110],4,[104;115;61;110],4,0}}
Adder graph: {{'M',[1;1;4;1],1,[1;1;1;1],0,[0;0;2;0]},{'M',[1;16;1;1],1,[1;1;1;1],0,[0;4;0;0]},{'A',[3;-14;7;3],2,[1;1;4;1],1,1,[1;-16;-1;1],1,0},{'M',[2;1;2;2],1,[1;1;1;1],0,[1;0;1;1]},{'M',[1;1;32;1],1,[1;1;1;1],0,[0;0;5;0]},{'A',[9;5;-24;7],2,[2;1;2;2],1,2,[1;1;-32;-1],1,0},{'M',[8;1;1;8],1,[1;1;1;1],0,[3;0;0;3]},{'M',[4;1;1;1],1,[1;1;1;1],0,[2;0;0;0]},{'A',[28;3;5;31],2,[8;1;1;8],1,2,[-4;-1;1;-1],1,0},{'A',[52;115;61;55],3,[28;3;5;31],2,0,[3;14;7;3],2,3},{'M',[28;96;5;62],3,[28;3;5;31],2,[0;5;0;1]},{'M',[18;-14;-48;14],3,[3;-14;7;3],2,[NaN;0;NaN;NaN],[9;5;-24;7],2,[1;NaN;1;1]},{'A',[74;178;58;138],4,[28;96;5;62],3,1,[18;-14;48;14],3,0},{'M',[28;3;7;3],3,[3;-14;7;3],2,[NaN;NaN;0;0],[28;3;5;31],2,[0;0;NaN;NaN]},{'M',[6;5;-24;28],3,[3;-14;7;3],2,[1;NaN;NaN;NaN],[9;5;-24;7],2,[NaN;0;0;2]},{'A',[76;43;199;227],4,[28;3;7;3],3,0,[6;5;24;28],3,3},{'O',[74;178;58;138],4,[74;178;58;138],4,0},{'O',[76;43;199;227],4,[76;43;199;227],4,0},{'M',[104;115;61;110],4,[52;115;61;55],3,[1;0;0;1]},{'O',[104;115;61;110],4,[104;115;61;110],4,0}}
Adder graph: {{'M',[1;1;32;1],1,[1;1;1;1],0,[0;0;5;0]},{'M',[1;4;1;4],1,[1;1;1;1],0,[0;2;0;2]},{'A',[6;18;68;-14],2,[1;1;32;1],1,1,[1;4;1;-4],1,2},{'M',[16;1;1;1],1,[1;1;1;1],0,[4;0;0;0]},{'M',[1;1;16;1],1,[1;1;1;1],0,[0;0;4;0]},{'A',[20;-3;65;-3],2,[16;1;1;1],1,0,[1;-1;16;-1],1,2},{'M',[2;1;1;2],1,[1;1;1;1],0,[1;0;0;1]},{'M',[8;1;8;8],1,[1;1;1;1],0,[3;0;3;3]},{'A',[-62;-7;-63;-62],2,[2;1;1;2],1,0,[-8;-1;-8;-8],1,3},{'M',[20;-7;-63;-3],3,[20;-3;65;-3],2,[0;NaN;NaN;0],[-62;-7;-63;-62],2,[NaN;0;0;NaN]},{'M',[48;18;68;-112],3,[6;18;68;-14],2,[3;0;0;3]},{'A',[-76;-43;-199;-227],4,[20;-7;-63;-3],3,0,[-48;-18;-68;-112],3,1},{'M',[6;-192;68;-14],3,[6;18;68;-14],2,[0;NaN;0;0],[20;-3;65;-3],2,[NaN;6;NaN;NaN]},{'M',[40;-7;-63;-62],3,[20;-3;65;-3],2,[1;NaN;NaN;NaN],[-62;-7;-63;-62],2,[NaN;0;0;0]},{'A',[-74;-178;-58;-138],4,[6;-192;68;-14],3,0,[-40;7;-63;-62],3,1},{'M',[-62;-56;-63;-62],3,[-62;-7;-63;-62],2,[0;3;0;0]},{'M',[20;-3;65;-14],3,[6;18;68;-14],2,[NaN;NaN;NaN;0],[20;-3;65;-3],2,[0;0;0;NaN]},{'A',[-104;-115;-61;-110],4,[-62;-56;-63;-62],3,1,[20;-3;65;14],3,0},{'O',[74;178;58;138],4,[74;178;58;138],4,0},{'O',[76;43;199;227],4,[76;43;199;227],4,0},{'O',[104;115;61;110],4,[104;115;61;110],4,0}}
Finished solving after 7250.43 seconds
Adder graph: {{'M',[1;1;32;1],1,[1;1;1;1],0,[0;0;5;0]},{'M',[1;4;1;4],1,[1;1;1;1],0,[0;2;0;2]},{'A',[6;18;68;-14],2,[1;1;32;1],1,1,[1;4;1;-4],1,2},{'M',[16;1;1;1],1,[1;1;1;1],0,[4;0;0;0]},{'M',[1;1;16;1],1,[1;1;1;1],0,[0;0;4;0]},{'A',[20;-3;65;-3],2,[16;1;1;1],1,0,[1;-1;16;-1],1,2},{'M',[2;1;1;2],1,[1;1;1;1],0,[1;0;0;1]},{'M',[8;1;8;8],1,[1;1;1;1],0,[3;0;3;3]},{'A',[-62;-7;-63;-62],2,[2;1;1;2],1,0,[-8;-1;-8;-8],1,3},{'M',[20;-7;-63;-3],3,[20;-3;65;-3],2,[0;NaN;NaN;0],[-62;-7;-63;-62],2,[NaN;0;0;NaN]},{'M',[48;18;68;-112],3,[6;18;68;-14],2,[3;0;0;3]},{'A',[-76;-43;-199;-227],4,[20;-7;-63;-3],3,0,[-48;-18;-68;-112],3,1},{'M',[6;-192;68;-14],3,[6;18;68;-14],2,[0;NaN;0;0],[20;-3;65;-3],2,[NaN;6;NaN;NaN]},{'M',[40;-7;-63;-62],3,[20;-3;65;-3],2,[1;NaN;NaN;NaN],[-62;-7;-63;-62],2,[NaN;0;0;0]},{'A',[-74;-178;-58;-138],4,[6;-192;68;-14],3,0,[-40;7;-63;-62],3,1},{'M',[-62;-56;-63;-62],3,[-62;-7;-63;-62],2,[0;3;0;0]},{'M',[20;-3;65;-14],3,[6;18;68;-14],2,[NaN;NaN;NaN;0],[20;-3;65;-3],2,[0;0;0;NaN]},{'A',[-104;-115;-61;-110],4,[-62;-56;-63;-62],3,1,[20;-3;65;14],3,0},{'O',[74;178;58;138],4,[74;178;58;138],4,0},{'O',[76;43;199;227],4,[76;43;199;227],4,0},{'O',[104;115;61;110],4,[104;115;61;110],4,0}}
# Add optimal = 1
# Mux optimal = 0
# Mux registers optimal = 0
# FAs optimal = 0
