Adder graph: {{'M',[32;1],1,[1;1],0,[5;0]},{'M',[1;2],1,[1;1],0,[0;1]},{'A',[28;9],2,[32;1],1,0,[-1;2],1,2},{'M',[256;1],1,[1;1],0,[8;0]},{'M',[28;18],3,[28;9],2,[0;1]},{'A',[200;37],4,[256;1],1,0,[-28;18],3,1},{'M',[128;1],1,[1;1],0,[7;0]},{'M',[1;512],1,[1;1],0,[0;9]},{'A',[136;4097],2,[128;1],1,0,[1;512],1,3},{'M',[136;9],3,[28;9],2,[NaN;0],[136;4097],2,[0;NaN]},{'M',[28;4097],3,[28;9],2,[0;NaN],[136;4097],2,[NaN;0]},{'A',[41;-1022],4,[136;9],3,-2,[28;-4097],3,-2},{'M',[4;9],3,[1;1],0,[2;NaN],[28;9],2,[NaN;0]},{'M',[41;9],5,[28;9],2,[NaN;0],[41;-1022],4,[0;NaN]},{'A',[49;27],6,[4;9],3,1,[41;9],5,0},{'M',[16;37],5,[1;1],0,[4;NaN],[200;37],4,[NaN;0]},{'A',[23;139],6,[16;37],5,2,[-41;-9],5,0},{'M',[1;139],7,[1;1],0,[0;NaN],[23;139],6,[NaN;0]},{'M',[200;72],5,[28;9],2,[NaN;3],[200;37],4,[0;NaN]},{'A',[201;67],8,[1;139],7,0,[200;-72],5,0},{'M',[28;64],3,[1;1],0,[NaN;6],[28;9],2,[0;NaN]},{'M',[1;67],9,[1;1],0,[0;NaN],[201;67],8,[NaN;0]},{'A',[55;61],10,[28;64],3,1,[-1;-67],9,0},{'M',[55;2],11,[1;1],0,[NaN;1],[55;61],10,[0;NaN]},{'M',[49;9],7,[28;9],2,[NaN;0],[49;27],6,[0;NaN]},{'A',[171;17],12,[55;2],11,2,[-49;9],7,0},{'M',[200;122],11,[200;37],4,[0;NaN],[55;61],10,[NaN;1]},{'M',[171;9],13,[28;9],2,[NaN;0],[171;17],12,[0;NaN]},{'A',[229;235],14,[200;122],11,1,[-171;-9],13,0},{'M',[201;37],9,[200;37],4,[NaN;0],[201;67],8,[0;NaN]},{'O',[201;37],9,[201;37],9,0},{'M',[229;9],15,[28;9],2,[NaN;0],[229;235],14,[0;NaN]},{'O',[229;9],15,[229;9],15,0},{'M',[112;1],3,[1;1],0,[NaN;0],[28;9],2,[2;NaN]},{'O',[224;2],3,[112;1],3,1},{'M',[196;17],13,[49;27],6,[2;NaN],[171;17],12,[NaN;0]},{'O',[196;17],13,[196;17],13,0},{'M',[41;67],9,[41;-1022],4,[0;NaN],[201;67],8,[NaN;0]},{'O',[41;67],9,[41;67],9,0},{'M',[136;235],15,[136;4097],2,[0;NaN],[229;235],14,[NaN;0]},{'O',[136;235],15,[136;235],15,0},{'O',[55;61],10,[55;61],10,0},{'M',[200;139],7,[200;37],4,[0;NaN],[23;139],6,[NaN;0]},{'O',[200;139],7,[200;139],7,0},{'M',[23;54],7,[49;27],6,[NaN;1],[23;139],6,[0;NaN]},{'O',[23;54],7,[23;54],7,0},{'M',[171;27],13,[49;27],6,[NaN;0],[171;17],12,[0;NaN]},{'O',[171;27],13,[171;27],13,0}}
Adder graph: {{'M',[1;4],1,[1;1],0,[0;2]},{'M',[2;1],1,[1;1],0,[1;0]},{'A',[17;-4],2,[1;4],1,0,[2;-1],1,3},{'A',[7;31],2,[1;4],1,3,[-1;-1],0,0},{'M',[7;-16],3,[17;-4],2,[NaN;2],[7;31],2,[0;NaN]},{'M',[56;1],3,[1;1],0,[NaN;0],[7;31],2,[3;NaN]},{'A',[-49;-17],4,[7;-16],3,0,[-56;-1],3,0},{'M',[1;8],1,[1;1],0,[0;3]},{'M',[56;-17],5,[7;31],2,[3;NaN],[-49;-17],4,[NaN;0]},{'A',[-55;-9],6,[1;8],1,0,[-56;-17],5,0},{'M',[-49;31],5,[7;31],2,[NaN;0],[-49;-17],4,[0;NaN]},{'M',[-55;1],7,[1;1],0,[NaN;0],[-55;-9],6,[0;NaN]},{'A',[171;27],8,[-49;31],5,0,[55;-1],7,2},{'M',[1368;1],9,[1;1],0,[NaN;0],[171;27],8,[3;NaN]},{'M',[-784;31],5,[7;31],2,[NaN;0],[-49;-17],4,[4;NaN]},{'A',[-200;-61],10,[1368;1],9,0,[-784;-31],5,1},{'M',[7;-61],11,[7;31],2,[0;NaN],[-200;-61],10,[NaN;0]},{'M',[-55;-17],7,[-49;-17],4,[NaN;0],[-55;-9],6,[0;NaN]},{'A',[-41;-139],12,[7;-61],11,1,[-55;-17],7,0},{'M',[-200;1],11,[1;1],0,[NaN;0],[-200;-61],10,[0;NaN]},{'M',[1;-68],5,[1;1],0,[0;NaN],[-49;-17],4,[NaN;2]},{'A',[-201;-67],12,[-200;1],11,0,[-1;-68],5,0},{'M',[171;-9],9,[-55;-9],6,[NaN;0],[171;27],8,[0;NaN]},{'M',[-200;-122],11,[-200;-61],10,[0;1]},{'A',[-229;235],12,[171;-9],9,0,[-200;122],11,1},{'M',[4;-17],5,[1;1],0,[2;NaN],[-49;-17],4,[NaN;0]},{'A',[23;-37],6,[7;31],2,0,[4;-17],5,2},{'M',[-201;-37],13,[-201;-67],12,[0;NaN],[23;-37],6,[NaN;0]},{'O',[201;37],13,[201;37],13,0},{'M',[-229;-9],13,[-55;-9],6,[NaN;0],[-229;235],12,[0;NaN]},{'O',[229;9],13,[229;9],13,0},{'M',[112;1],3,[1;1],0,[NaN;0],[7;31],2,[4;NaN]},{'O',[224;2],3,[112;1],3,1},{'M',[-196;-17],5,[-49;-17],4,[2;0]},{'O',[196;17],5,[196;17],5,0},{'M',[-41;-67],13,[-41;-139],12,[0;NaN],[-201;-67],12,[NaN;0]},{'O',[41;67],13,[41;67],13,0},{'M',[136;235],13,[17;-4],2,[3;NaN],[-229;235],12,[NaN;0]},{'O',[136;235],13,[136;235],13,0},{'M',[-55;-61],11,[-55;-9],6,[0;NaN],[-200;-61],10,[NaN;0]},{'O',[55;61],11,[55;61],11,0},{'M',[-200;-139],13,[-200;-61],10,[0;NaN],[-41;-139],12,[NaN;0]},{'O',[200;139],13,[200;139],13,0},{'M',[23;54],9,[171;27],8,[NaN;1],[23;-37],6,[0;NaN]},{'O',[23;54],9,[23;54],9,0},{'O',[171;27],8,[171;27],8,0}}
Adder graph: {{'A',[7;9],1,[1;1],0,3,[-1;1],0,0},{'M',[14;9],2,[7;9],1,[1;0]},{'A',[-49;-27],3,[7;9],1,0,[-14;-9],2,2},{'M',[32;9],2,[1;1],0,[5;NaN],[7;9],1,[NaN;0]},{'M',[7;36],2,[7;9],1,[0;2]},{'A',[25;45],3,[32;9],2,0,[-7;36],2,0},{'M',[7;1],2,[1;1],0,[NaN;0],[7;9],1,[0;NaN]},{'M',[1;45],4,[1;1],0,[0;NaN],[25;45],3,[NaN;0]},{'A',[55;-37],5,[7;1],2,3,[-1;-45],4,0},{'A',[41;61],4,[25;45],3,0,[1;1],0,4},{'M',[-196;1],4,[1;1],0,[NaN;0],[-49;-27],3,[2;NaN]},{'M',[25;18],4,[7;9],1,[NaN;1],[25;45],3,[0;NaN]},{'A',[-171;-17],5,[-196;1],4,0,[25;-18],4,0},{'M',[100;61],5,[25;45],3,[2;NaN],[41;61],4,[NaN;0]},{'M',[-171;9],6,[7;9],1,[NaN;0],[-171;-17],5,[0;NaN]},{'A',[229;235],7,[100;61],5,2,[-171;-9],6,0},{'M',[1;128],1,[1;1],0,[0;7]},{'M',[16;61],5,[1;1],0,[4;NaN],[41;61],4,[NaN;0]},{'A',[17;67],6,[1;128],1,0,[16;-61],5,0},{'M',[28;67],7,[7;9],1,[2;NaN],[17;67],6,[NaN;0]},{'M',[229;8],8,[1;1],0,[NaN;3],[229;235],7,[0;NaN]},{'A',[-201;59],9,[28;67],7,0,[-229;-8],8,0},{'M',[4;9],2,[1;1],0,[2;NaN],[7;9],1,[NaN;0]},{'M',[55;67],7,[55;-37],5,[0;NaN],[17;67],6,[NaN;0]},{'A',[-23;139],8,[4;9],2,3,[-55;67],7,0},{'M',[-201;-37],10,[55;-37],5,[NaN;0],[-201;59],9,[0;NaN]},{'O',[201;37],10,[201;37],10,0},{'M',[229;9],8,[7;9],1,[NaN;0],[229;235],7,[0;NaN]},{'O',[229;9],8,[229;9],8,0},{'M',[112;1],2,[1;1],0,[NaN;0],[7;9],1,[4;NaN]},{'O',[224;2],2,[112;1],2,1},{'M',[-196;-17],6,[-49;-27],3,[2;NaN],[-171;-17],5,[NaN;0]},{'O',[196;17],6,[196;17],6,0},{'M',[41;67],7,[41;61],4,[0;NaN],[17;67],6,[NaN;0]},{'O',[41;67],7,[41;67],7,0},{'M',[136;235],8,[229;235],7,[NaN;0],[17;67],6,[3;NaN]},{'O',[136;235],8,[136;235],8,0},{'M',[55;61],6,[55;-37],5,[0;NaN],[41;61],4,[NaN;0]},{'O',[55;61],6,[55;61],6,0},{'M',[200;139],9,[25;45],3,[3;NaN],[-23;139],8,[NaN;0]},{'O',[200;139],9,[200;139],9,0},{'M',[-23;-54],9,[-49;-27],3,[NaN;1],[-23;139],8,[0;NaN]},{'O',[23;54],9,[23;54],9,0},{'M',[-171;-27],6,[-49;-27],3,[NaN;0],[-171;-17],5,[0;NaN]},{'O',[171;27],6,[171;27],6,0}}
Adder graph: {{'M',[4;1],1,[1;1],0,[2;0]},{'M',[1;4],1,[1;1],0,[0;2]},{'A',[7;-2],2,[4;1],1,1,[-1;-4],1,0},{'M',[2;1],1,[1;1],0,[1;0]},{'A',[34;-15],2,[2;1],1,0,[2;-1],1,4},{'M',[16;-15],3,[1;1],0,[4;NaN],[34;-15],2,[NaN;0]},{'A',[23;-17],4,[16;-15],3,0,[7;-2],2,0},{'M',[128;-17],5,[1;1],0,[7;NaN],[23;-17],4,[NaN;0]},{'A',[-100;9],6,[7;-2],2,2,[-128;17],5,0},{'M',[-100;-30],7,[34;-15],2,[NaN;1],[-100;9],6,[0;NaN]},{'A',[201;61],8,[1;1],0,0,[100;30],7,1},{'M',[23;1],5,[1;1],0,[NaN;0],[23;-17],4,[0;NaN]},{'M',[16;-17],5,[1;1],0,[4;NaN],[23;-17],4,[NaN;0]},{'A',[-41;-67],6,[23;1],5,0,[-16;-17],5,2},{'A',[55;27],9,[128;-17],5,1,[-201;61],8,0},{'M',[14;-15],3,[7;-2],2,[1;NaN],[34;-15],2,[NaN;0]},{'M',[201;-67],9,[201;61],8,[0;NaN],[-41;-67],6,[NaN;0]},{'A',[229;37],10,[14;-15],3,1,[201;67],9,0},{'M',[1;122],9,[1;1],0,[0;NaN],[201;61],8,[NaN;1]},{'A',[-98;235],10,[1;122],9,1,[-100;-9],6,0},{'M',[7;9],7,[7;-2],2,[0;NaN],[-100;9],6,[NaN;0]},{'M',[-41;37],11,[-41;-67],6,[0;NaN],[229;37],10,[NaN;0]},{'A',[171;-139],12,[7;9],7,0,[41;-37],11,2},{'M',[201;37],11,[201;61],8,[0;NaN],[229;37],10,[NaN;0]},{'O',[201;37],11,[201;37],11,0},{'M',[229;9],11,[-100;9],6,[NaN;0],[229;37],10,[0;NaN]},{'O',[229;9],11,[229;9],11,0},{'M',[112;1],3,[1;1],0,[NaN;0],[7;-2],2,[4;NaN]},{'O',[224;2],3,[112;1],3,1},{'M',[-196;-17],11,[23;-17],4,[NaN;0],[-98;235],10,[1;NaN]},{'O',[196;17],11,[196;17],11,0},{'O',[41;67],6,[41;67],6,0},{'M',[136;235],11,[34;-15],2,[2;NaN],[-98;235],10,[NaN;0]},{'O',[136;235],11,[136;235],11,0},{'M',[55;61],10,[201;61],8,[NaN;0],[55;27],9,[0;NaN]},{'O',[55;61],10,[55;61],10,0},{'M',[-200;-139],13,[-100;9],6,[1;NaN],[171;-139],12,[NaN;0]},{'O',[200;139],13,[200;139],13,0},{'M',[23;54],10,[23;-17],4,[0;NaN],[55;27],9,[NaN;1]},{'O',[23;54],10,[23;54],10,0},{'M',[171;27],13,[55;27],9,[NaN;0],[171;-139],12,[0;NaN]},{'O',[171;27],13,[171;27],13,0}}
Adder graph: {{'M',[4;1],1,[1;1],0,[2;0]},{'A',[17;5],2,[4;1],1,2,[1;1],0,0},{'M',[8;5],3,[1;1],0,[3;NaN],[17;5],2,[NaN;0]},{'M',[1;32],1,[1;1],0,[0;5]},{'A',[7;-27],4,[8;5],3,0,[-1;-32],1,0},{'M',[16;5],3,[1;1],0,[4;NaN],[17;5],2,[NaN;0]},{'A',[-25;-17],5,[7;-27],4,0,[-16;5],3,1},{'M',[-50;-17],6,[-25;-17],5,[1;0]},{'A',[-201;-67],7,[-50;-17],6,2,[-1;1],0,0},{'A',[-23;9],8,[17;5],2,-3,[-201;67],7,-3},{'M',[32;9],9,[1;1],0,[5;NaN],[-23;9],8,[NaN;0]},{'A',[55;-139],10,[-201;-67],7,0,[32;-9],9,3},{'A',[229;-175],8,[7;-27],4,2,[201;-67],7,0},{'M',[4;-67],8,[1;1],0,[2;NaN],[-201;-67],7,[NaN;0]},{'M',[-25;16],6,[1;1],0,[NaN;4],[-25;-17],5,[0;NaN]},{'A',[-196;61],9,[4;-67],8,0,[-25;16],6,3},{'M',[-196;-54],10,[7;-27],4,[NaN;1],[-196;61],9,[0;NaN]},{'A',[-171;-37],11,[-196;-54],10,0,[25;17],5,0},{'M',[-25;-37],12,[-25;-17],5,[0;NaN],[-171;-37],11,[NaN;0]},{'M',[1;-17],6,[1;1],0,[0;NaN],[-25;-17],5,[NaN;0]},{'A',[-41;235],13,[-25;-37],12,0,[-1;17],6,4},{'M',[-201;-37],12,[-201;-67],7,[0;NaN],[-171;-37],11,[NaN;0]},{'O',[201;37],12,[201;37],12,0},{'M',[229;9],9,[-23;9],8,[NaN;0],[229;-175],8,[0;NaN]},{'O',[229;9],9,[229;9],9,0},{'M',[112;1],5,[1;1],0,[NaN;0],[7;-27],4,[4;NaN]},{'O',[224;2],5,[112;1],5,1},{'M',[-196;-17],10,[-25;-17],5,[NaN;0],[-196;61],9,[0;NaN]},{'O',[196;17],10,[196;17],10,0},{'M',[-41;-67],14,[-201;-67],7,[NaN;0],[-41;235],13,[0;NaN]},{'O',[41;67],14,[41;67],14,0},{'M',[136;235],14,[17;5],2,[3;NaN],[-41;235],13,[NaN;0]},{'O',[136;235],14,[136;235],14,0},{'M',[55;61],11,[55;-139],10,[0;NaN],[-196;61],9,[NaN;0]},{'O',[55;61],11,[55;61],11,0},{'M',[-200;-139],11,[-25;-17],5,[3;NaN],[55;-139],10,[NaN;0]},{'O',[200;139],11,[200;139],11,0},{'M',[-23;-54],9,[7;-27],4,[NaN;1],[-23;9],8,[0;NaN]},{'O',[23;54],9,[23;54],9,0},{'M',[-171;-27],12,[7;-27],4,[NaN;0],[-171;-37],11,[0;NaN]},{'O',[171;27],12,[171;27],12,0}}
Adder graph: {{'M',[1;4],1,[1;1],0,[0;2]},{'A',[-7;33],2,[1;1],0,0,[-1;4],1,3},{'M',[256;33],3,[1;1],0,[8;NaN],[-7;33],2,[NaN;0]},{'M',[-14;1],3,[1;1],0,[NaN;0],[-7;33],2,[1;NaN]},{'A',[200;37],4,[256;33],3,0,[-14;1],3,2},{'M',[8;33],3,[1;1],0,[3;NaN],[-7;33],2,[NaN;0]},{'A',[17;67],4,[8;33],3,1,[1;1],0,0},{'M',[-7;2],3,[1;1],0,[NaN;1],[-7;33],2,[0;NaN]},{'A',[-55;17],4,[-7;2],3,3,[1;1],0,0},{'A',[49;-61],5,[17;67],4,0,[1;-4],1,5},{'M',[1;272],5,[1;1],0,[0;NaN],[-55;17],4,[NaN;4]},{'A',[201;235],6,[1;272],5,0,[200;-37],4,0},{'M',[1;2],1,[1;1],0,[0;1]},{'A',[23;-1],3,[1;2],1,4,[7;-33],2,0},{'M',[-7;-61],6,[-7;33],2,[0;NaN],[49;-61],5,[NaN;0]},{'A',[-229;-9],7,[-7;-61],6,2,[-201;235],6,0},{'M',[23;37],5,[200;37],4,[NaN;0],[23;-1],3,[0;NaN]},{'A',[41;27],6,[1;1],0,6,[-23;-37],5,0},{'M',[200;74],5,[200;37],4,[0;1]},{'A',[171;139],8,[200;74],5,1,[-229;-9],7,0},{'M',[201;37],7,[200;37],4,[NaN;0],[201;235],6,[0;NaN]},{'O',[201;37],7,[201;37],7,0},{'O',[229;9],7,[229;9],7,0},{'M',[-112;-1],4,[-7;33],2,[4;NaN],[23;-1],3,[NaN;0]},{'O',[224;2],4,[112;1],4,1},{'M',[196;17],6,[-55;17],4,[NaN;0],[49;-61],5,[2;NaN]},{'O',[196;17],6,[196;17],6,0},{'M',[41;67],7,[17;67],4,[NaN;0],[41;27],6,[0;NaN]},{'O',[41;67],7,[41;67],7,0},{'M',[136;235],7,[17;67],4,[3;NaN],[201;235],6,[NaN;0]},{'O',[136;235],7,[136;235],7,0},{'M',[-55;-61],6,[-55;17],4,[0;NaN],[49;-61],5,[NaN;0]},{'O',[55;61],6,[55;61],6,0},{'M',[200;139],9,[200;37],4,[0;NaN],[171;139],8,[NaN;0]},{'O',[200;139],9,[200;139],9,0},{'M',[23;54],7,[23;-1],3,[0;NaN],[41;27],6,[NaN;1]},{'O',[23;54],7,[23;54],7,0},{'M',[171;27],9,[41;27],6,[NaN;0],[171;139],8,[0;NaN]},{'O',[171;27],9,[171;27],9,0}}
Adder graph: {{'M',[1;2],1,[1;1],0,[0;1]},{'M',[4;1],1,[1;1],0,[2;0]},{'A',[17;-2],2,[1;2],1,0,[4;-1],1,2},{'M',[1;-8],3,[1;1],0,[0;NaN],[17;-2],2,[NaN;2]},{'A',[-7;-63],4,[1;1],0,0,[-1;-8],3,3},{'M',[17;2],3,[1;1],0,[NaN;1],[17;-2],2,[0;NaN]},{'A',[41;67],5,[17;2],3,1,[7;63],4,0},{'M',[1;8],1,[1;1],0,[0;3]},{'A',[-25;61],6,[1;8],1,4,[-41;-67],5,0},{'M',[-25;-2],7,[17;-2],2,[NaN;0],[-25;61],6,[0;NaN]},{'A',[-201;-17],8,[-25;-2],7,3,[-1;-1],0,0},{'M',[64;-63],5,[1;1],0,[6;NaN],[-7;-63],4,[NaN;0]},{'A',[55;235],9,[-201;-17],8,0,[64;63],5,2},{'M',[-7;2],5,[1;1],0,[NaN;1],[-7;-63],4,[0;NaN]},{'A',[-229;-9],9,[-201;-17],8,0,[-7;2],5,2},{'M',[41;-9],10,[41;67],5,[0;NaN],[-229;-9],9,[NaN;0]},{'A',[-171;-27],11,[-7;-63],4,0,[-41;9],10,2},{'M',[-25;-64],7,[17;-2],2,[NaN;5],[-25;61],6,[0;NaN]},{'A',[-196;-37],12,[-25;-64],7,0,[-171;27],11,0},{'M',[41;-72],10,[41;67],5,[0;NaN],[-229;-9],9,[NaN;3]},{'M',[64;67],6,[1;1],0,[6;NaN],[41;67],5,[NaN;0]},{'A',[-23;-139],11,[41;-72],10,0,[-64;-67],6,0},{'M',[-201;-37],13,[-201;-17],8,[0;NaN],[-196;-37],12,[NaN;0]},{'O',[201;37],13,[201;37],13,0},{'O',[229;9],9,[229;9],9,0},{'M',[-224;-2],5,[17;-2],2,[NaN;0],[-7;-63],4,[5;NaN]},{'O',[224;2],5,[224;2],5,0},{'M',[-196;-17],13,[-201;-17],8,[NaN;0],[-196;-37],12,[0;NaN]},{'O',[196;17],13,[196;17],13,0},{'O',[41;67],5,[41;67],5,0},{'M',[136;235],10,[17;-2],2,[3;NaN],[55;235],9,[NaN;0]},{'O',[136;235],10,[136;235],10,0},{'M',[55;61],10,[-25;61],6,[NaN;0],[55;235],9,[0;NaN]},{'O',[55;61],10,[55;61],10,0},{'M',[-200;-139],12,[-25;61],6,[3;NaN],[-23;-139],11,[NaN;0]},{'O',[200;139],12,[200;139],12,0},{'M',[-23;-54],12,[-171;-27],11,[NaN;1],[-23;-139],11,[0;NaN]},{'O',[23;54],12,[23;54],12,0},{'O',[171;27],11,[171;27],11,0}}
Adder graph: {{'A',[-7;9],1,[1;1],0,0,[-1;1],0,3},{'M',[-7;4],2,[1;1],0,[NaN;2],[-7;9],1,[0;NaN]},{'A',[-55;33],3,[1;1],0,0,[-7;4],2,3},{'M',[64;1],1,[1;1],0,[6;0]},{'A',[201;37],4,[-55;33],3,0,[64;1],1,2},{'M',[8;33],4,[1;1],0,[3;NaN],[-55;33],3,[NaN;0]},{'A',[17;67],5,[8;33],4,1,[1;1],0,0},{'M',[-7;1],2,[1;1],0,[NaN;0],[-7;9],1,[0;NaN]},{'A',[49;17],3,[-7;9],1,0,[7;1],2,3},{'M',[201;67],6,[201;37],4,[0;NaN],[17;67],5,[NaN;0]},{'M',[1;128],1,[1;1],0,[0;7]},{'A',[200;-61],7,[201;67],6,0,[-1;-128],1,0},{'M',[-14;17],4,[-7;9],1,[1;NaN],[49;17],3,[NaN;0]},{'A',[-23;235],5,[-14;17],4,4,[201;-37],4,0},{'M',[4;-61],8,[1;1],0,[2;NaN],[200;-61],7,[NaN;0]},{'A',[41;139],9,[49;17],3,0,[-4;61],8,1},{'M',[201;34],5,[201;37],4,[0;NaN],[49;17],3,[NaN;1]},{'A',[229;-2],6,[201;34],5,0,[7;-9],1,2},{'M',[41;9],10,[-7;9],1,[NaN;0],[41;139],9,[0;NaN]},{'A',[-171;-27],11,[-7;9],1,0,[-41;-9],10,2},{'O',[201;37],4,[201;37],4,0},{'M',[229;9],7,[-7;9],1,[NaN;0],[229;-2],6,[0;NaN]},{'O',[229;9],7,[229;9],7,0},{'M',[-224;-2],7,[-7;9],1,[5;NaN],[229;-2],6,[NaN;0]},{'O',[224;2],7,[224;2],7,0},{'M',[196;17],4,[49;17],3,[2;0]},{'O',[196;17],4,[196;17],4,0},{'M',[41;67],10,[17;67],5,[NaN;0],[41;139],9,[0;NaN]},{'O',[41;67],10,[41;67],10,0},{'M',[136;235],6,[17;67],5,[3;NaN],[-23;235],5,[NaN;0]},{'O',[136;235],6,[136;235],6,0},{'M',[-55;-61],8,[-55;33],3,[0;NaN],[200;-61],7,[NaN;0]},{'O',[55;61],8,[55;61],8,0},{'M',[200;139],10,[200;-61],7,[0;NaN],[41;139],9,[NaN;0]},{'O',[200;139],10,[200;139],10,0},{'M',[-23;-54],12,[-23;235],5,[0;NaN],[-171;-27],11,[NaN;1]},{'O',[23;54],12,[23;54],12,0},{'O',[171;27],11,[171;27],11,0}}
Adder graph: {{'M',[2;1],1,[1;1],0,[1;0]},{'A',[17;9],2,[1;1],0,0,[2;1],1,3},{'M',[2;9],3,[1;1],0,[1;NaN],[17;9],2,[NaN;0]},{'A',[7;37],4,[2;9],3,2,[-1;1],0,0},{'A',[49;41],3,[1;1],0,5,[17;9],2,0},{'M',[1;2],1,[1;1],0,[0;1]},{'A',[-25;-27],5,[7;37],4,0,[-1;-2],1,5},{'M',[2;-27],6,[1;1],0,[1;NaN],[-25;-27],5,[NaN;0]},{'A',[-41;-67],7,[2;-27],6,2,[-49;41],3,0},{'M',[-25;2],6,[1;1],0,[NaN;1],[-25;-27],5,[0;NaN]},{'A',[201;17],7,[1;1],0,0,[25;2],6,3},{'M',[8;9],3,[1;1],0,[3;NaN],[17;9],2,[NaN;0]},{'A',[23;-139],8,[-41;-67],7,0,[8;-9],3,3},{'M',[-41;68],8,[-41;-67],7,[0;NaN],[201;17],7,[NaN;2]},{'A',[-171;235],9,[-41;68],8,2,[-7;-37],4,0},{'M',[1;235],10,[1;1],0,[0;NaN],[-171;235],9,[NaN;0]},{'A',[55;61],11,[7;37],4,3,[-1;-235],10,0},{'M',[28;37],5,[7;37],4,[2;0]},{'A',[229;54],8,[28;37],5,0,[201;17],7,0},{'M',[201;37],8,[7;37],4,[NaN;0],[201;17],7,[0;NaN]},{'O',[201;37],8,[201;37],8,0},{'M',[229;9],9,[17;9],2,[NaN;0],[229;54],8,[0;NaN]},{'O',[229;9],9,[229;9],9,0},{'M',[112;1],5,[1;1],0,[NaN;0],[7;37],4,[4;NaN]},{'O',[224;2],5,[112;1],5,1},{'M',[196;17],8,[49;41],3,[2;NaN],[201;17],7,[NaN;0]},{'O',[196;17],8,[196;17],8,0},{'O',[41;67],7,[41;67],7,0},{'M',[136;235],10,[17;9],2,[3;NaN],[-171;235],9,[NaN;0]},{'O',[136;235],10,[136;235],10,0},{'O',[55;61],11,[55;61],11,0},{'M',[-200;-139],9,[-25;-27],5,[3;NaN],[23;-139],8,[NaN;0]},{'O',[200;139],9,[200;139],9,0},{'M',[23;54],9,[23;-139],8,[0;NaN],[229;54],8,[NaN;0]},{'O',[23;54],9,[23;54],9,0},{'M',[-171;-27],10,[-25;-27],5,[NaN;0],[-171;235],9,[0;NaN]},{'O',[171;27],10,[171;27],10,0}}
Adder graph: {{'A',[17;17],1,[1;1],0,0,[1;1],0,4},{'M',[4;1],1,[1;1],0,[2;0]},{'A',[49;9],2,[17;17],1,0,[4;-1],1,3},{'M',[32;1],1,[1;1],0,[5;0]},{'M',[1;8],1,[1;1],0,[0;3]},{'A',[56;-62],2,[32;1],1,1,[-1;-8],1,3},{'A',[-55;-61],3,[1;1],0,0,[-56;-62],2,0},{'A',[201;3],4,[-55;-61],3,0,[4;1],1,6},{'M',[56;34],3,[17;17],1,[NaN;1],[56;-62],2,[0;NaN]},{'A',[-23;139],5,[201;3],4,0,[-56;34],3,2},{'M',[16;3],5,[1;1],0,[4;NaN],[201;3],4,[NaN;0]},{'A',[50;37],6,[16;3],5,0,[17;17],1,1},{'M',[-55;9],4,[49;9],2,[NaN;0],[-55;-61],3,[0;NaN]},{'A',[-171;-27],5,[49;9],2,0,[-55;-9],4,2},{'M',[-23;3],6,[201;3],4,[NaN;0],[-23;139],5,[0;NaN]},{'A',[41;67],7,[1;1],0,6,[-23;3],6,0},{'M',[-171;-61],6,[-55;-61],3,[NaN;0],[-171;-27],5,[0;NaN]},{'A',[229;235],7,[50;37],6,3,[-171;-61],6,0},{'M',[201;37],7,[201;3],4,[0;NaN],[50;37],6,[NaN;0]},{'O',[201;37],7,[201;37],7,0},{'M',[229;9],8,[49;9],2,[NaN;0],[229;235],7,[0;NaN]},{'O',[229;9],8,[229;9],8,0},{'M',[112;1],3,[1;1],0,[NaN;0],[56;-62],2,[1;NaN]},{'O',[224;2],3,[112;1],3,1},{'M',[196;17],3,[17;17],1,[NaN;0],[49;9],2,[2;NaN]},{'O',[196;17],3,[196;17],3,0},{'O',[41;67],7,[41;67],7,0},{'M',[136;235],8,[17;17],1,[3;NaN],[229;235],7,[NaN;0]},{'O',[136;235],8,[136;235],8,0},{'O',[55;61],3,[55;61],3,0},{'M',[200;139],7,[-23;139],5,[NaN;0],[50;37],6,[2;NaN]},{'O',[200;139],7,[200;139],7,0},{'M',[-23;-54],6,[-23;139],5,[0;NaN],[-171;-27],5,[NaN;1]},{'O',[23;54],6,[23;54],6,0},{'O',[171;27],5,[171;27],5,0}}
Adder graph: {{'A',[7;9],1,[1;1],0,3,[-1;1],0,0},{'M',[4;9],2,[1;1],0,[2;NaN],[7;9],1,[NaN;0]},{'A',[17;37],3,[4;9],2,2,[1;1],0,0},{'M',[2;1],1,[1;1],0,[1;0]},{'A',[25;7],2,[2;1],1,4,[-7;-9],1,0},{'M',[112;9],2,[7;9],1,[4;0]},{'M',[28;1],2,[1;1],0,[NaN;0],[7;9],1,[2;NaN]},{'A',[196;17],3,[112;9],2,1,[-28;-1],2,0},{'M',[25;32],3,[1;1],0,[NaN;5],[25;7],2,[0;NaN]},{'A',[23;34],4,[25;32],3,0,[-1;1],0,1},{'M',[196;34],4,[196;17],3,[0;1]},{'A',[171;27],5,[196;34],4,0,[-25;-7],2,0},{'M',[23;1],5,[1;1],0,[NaN;0],[23;34],4,[0;NaN]},{'M',[16;17],4,[1;1],0,[4;NaN],[196;17],3,[NaN;0]},{'A',[-41;-67],6,[23;1],5,0,[-16;-17],4,2},{'A',[229;139],6,[25;7],2,4,[-171;27],5,0},{'M',[7;64],2,[1;1],0,[NaN;6],[7;9],1,[0;NaN]},{'A',[55;61],7,[7;64],2,1,[41;-67],6,0},{'A',[201;235],5,[23;34],4,3,[17;-37],3,0},{'M',[201;37],6,[17;37],3,[NaN;0],[201;235],5,[0;NaN]},{'O',[201;37],6,[201;37],6,0},{'M',[229;9],7,[7;9],1,[NaN;0],[229;139],6,[0;NaN]},{'O',[229;9],7,[229;9],7,0},{'M',[112;1],2,[1;1],0,[NaN;0],[7;9],1,[4;NaN]},{'O',[224;2],2,[112;1],2,1},{'O',[196;17],3,[196;17],3,0},{'O',[41;67],6,[41;67],6,0},{'M',[136;235],6,[17;37],3,[3;NaN],[201;235],5,[NaN;0]},{'O',[136;235],6,[136;235],6,0},{'O',[55;61],7,[55;61],7,0},{'M',[200;139],7,[25;7],2,[3;NaN],[229;139],6,[NaN;0]},{'O',[200;139],7,[200;139],7,0},{'M',[23;54],6,[23;34],4,[0;NaN],[171;27],5,[NaN;1]},{'O',[23;54],6,[23;54],6,0},{'O',[171;27],5,[171;27],5,0}}
Adder graph: {{'A',[17;17],1,[1;1],0,0,[1;1],0,4},{'A',[7;9],1,[1;1],0,3,[-1;1],0,0},{'M',[28;1],2,[1;1],0,[NaN;0],[7;9],1,[2;NaN]},{'A',[49;-7],3,[28;1],2,1,[-7;-9],1,0},{'M',[4;-7],4,[1;1],0,[2;NaN],[49;-7],3,[NaN;0]},{'A',[23;37],5,[7;9],1,0,[4;7],4,2},{'M',[4;37],6,[1;1],0,[2;NaN],[23;37],5,[NaN;0]},{'A',[41;67],7,[49;-7],3,0,[-4;37],6,1},{'M',[41;74],8,[23;37],5,[NaN;1],[41;67],7,[0;NaN]},{'A',[171;305],9,[7;9],1,0,[41;74],8,2},{'M',[7;64],2,[1;1],0,[NaN;6],[7;9],1,[0;NaN]},{'A',[55;61],8,[7;64],2,1,[41;-67],7,0},{'M',[14;17],2,[17;17],1,[NaN;0],[7;9],1,[1;NaN]},{'A',[201;235],6,[14;17],2,4,[-23;-37],5,0},{'M',[201;9],7,[7;9],1,[NaN;0],[201;235],6,[0;NaN]},{'A',[229;27],8,[7;9],1,2,[201;-9],7,0},{'A',[200;139],10,[171;305],9,-1,[229;-27],8,-1},{'M',[201;37],7,[23;37],5,[NaN;0],[201;235],6,[0;NaN]},{'O',[201;37],7,[201;37],7,0},{'M',[229;9],9,[7;9],1,[NaN;0],[229;27],8,[0;NaN]},{'O',[229;9],9,[229;9],9,0},{'M',[112;1],2,[1;1],0,[NaN;0],[7;9],1,[4;NaN]},{'O',[224;2],2,[112;1],2,1},{'M',[196;17],4,[17;17],1,[NaN;0],[49;-7],3,[2;NaN]},{'O',[196;17],4,[196;17],4,0},{'O',[41;67],7,[41;67],7,0},{'M',[136;235],7,[17;17],1,[3;NaN],[201;235],6,[NaN;0]},{'O',[136;235],7,[136;235],7,0},{'O',[55;61],8,[55;61],8,0},{'O',[200;139],10,[200;139],10,0},{'M',[23;54],9,[23;37],5,[0;NaN],[229;27],8,[NaN;1]},{'O',[23;54],9,[23;54],9,0},{'M',[171;27],10,[171;305],9,[0;NaN],[229;27],8,[NaN;0]},{'O',[171;27],10,[171;27],10,0}}
Adder graph: {{'A',[17;17],1,[1;1],0,4,[1;1],0,0},{'A',[14;18],1,[1;1],0,4,[-1;1],0,1},{'A',[25;9],2,[17;17],1,0,[1;-1],0,3},{'A',[196;60],2,[1;1],0,7,[17;-17],1,2},{'M',[56;60],3,[14;18],1,[2;NaN],[196;60],2,[NaN;0]},{'A',[55;61],4,[56;60],3,0,[-1;1],0,0},{'M',[14;1],2,[1;1],0,[NaN;0],[14;18],1,[0;NaN]},{'M',[55;68],5,[17;17],1,[NaN;2],[55;61],4,[0;NaN]},{'A',[-41;-67],6,[14;1],2,0,[-55;-68],5,0},{'M',[100;18],3,[14;18],1,[NaN;0],[25;9],2,[2;NaN]},{'A',[201;37],4,[100;18],3,1,[1;1],0,0},{'M',[196;36],3,[14;18],1,[NaN;1],[196;60],2,[0;NaN]},{'A',[-171;-27],4,[25;9],2,0,[-196;-36],3,0},{'M',[1;74],5,[1;1],0,[0;NaN],[201;37],4,[NaN;1]},{'A',[-23;139],6,[1;74],5,1,[-25;-9],2,0},{'M',[14;136],2,[17;17],1,[NaN;3],[14;18],1,[0;NaN]},{'A',[229;235],5,[14;136],2,1,[201;-37],4,0},{'O',[201;37],4,[201;37],4,0},{'M',[229;9],6,[25;9],2,[NaN;0],[229;235],5,[0;NaN]},{'O',[229;9],6,[229;9],6,0},{'M',[112;1],2,[1;1],0,[NaN;0],[14;18],1,[3;NaN]},{'O',[224;2],2,[112;1],2,1},{'M',[196;17],3,[17;17],1,[NaN;0],[196;60],2,[0;NaN]},{'O',[196;17],3,[196;17],3,0},{'O',[41;67],6,[41;67],6,0},{'M',[136;235],6,[17;17],1,[3;NaN],[229;235],5,[NaN;0]},{'O',[136;235],6,[136;235],6,0},{'O',[55;61],4,[55;61],4,0},{'M',[200;139],7,[25;9],2,[3;NaN],[-23;139],6,[NaN;0]},{'O',[200;139],7,[200;139],7,0},{'M',[-23;-54],7,[-171;-27],4,[NaN;1],[-23;139],6,[0;NaN]},{'O',[23;54],7,[23;54],7,0},{'O',[171;27],4,[171;27],4,0}}
Adder graph: {{'A',[17;17],1,[1;1],0,0,[1;1],0,4},{'A',[25;-9],2,[1;1],0,3,[17;-17],1,0},{'A',[49;49],2,[1;1],0,5,[17;17],1,0},{'M',[50;-9],3,[25;-9],2,[1;0]},{'A',[201;37],4,[1;1],0,0,[50;9],3,2},{'M',[1;74],5,[1;1],0,[0;NaN],[201;37],4,[NaN;1]},{'A',[23;139],6,[25;-9],2,0,[-1;74],5,1},{'M',[4;-9],3,[1;1],0,[2;NaN],[25;-9],2,[NaN;0]},{'A',[41;67],4,[49;49],2,0,[-4;9],3,1},{'A',[7;9],1,[1;1],0,3,[-1;1],0,0},{'M',[41;9],5,[41;67],4,[0;NaN],[7;9],1,[NaN;0]},{'A',[171;27],6,[41;9],5,2,[7;-9],1,0},{'M',[128;49],3,[1;1],0,[7;NaN],[49;49],2,[NaN;0]},{'A',[55;61],5,[128;49],3,1,[-201;-37],4,0},{'M',[7;68],2,[17;17],1,[NaN;2],[7;9],1,[0;NaN]},{'A',[229;235],5,[7;68],2,2,[201;-37],4,0},{'O',[201;37],4,[201;37],4,0},{'M',[229;9],6,[7;9],1,[NaN;0],[229;235],5,[0;NaN]},{'O',[229;9],6,[229;9],6,0},{'M',[112;1],2,[1;1],0,[NaN;0],[7;9],1,[4;NaN]},{'O',[224;2],2,[112;1],2,1},{'M',[196;17],3,[17;17],1,[NaN;0],[49;49],2,[2;NaN]},{'O',[196;17],3,[196;17],3,0},{'O',[41;67],4,[41;67],4,0},{'M',[136;235],6,[17;17],1,[3;NaN],[229;235],5,[NaN;0]},{'O',[136;235],6,[136;235],6,0},{'O',[55;61],5,[55;61],5,0},{'M',[200;139],7,[25;-9],2,[3;NaN],[23;139],6,[NaN;0]},{'O',[200;139],7,[200;139],7,0},{'M',[23;54],7,[23;139],6,[0;NaN],[171;27],6,[NaN;1]},{'O',[23;54],7,[23;54],7,0},{'O',[171;27],6,[171;27],6,0}}
Finished solving after 7193.92 seconds
Adder graph: {{'A',[17;17],1,[1;1],0,0,[1;1],0,4},{'A',[25;-9],2,[1;1],0,3,[17;-17],1,0},{'A',[49;49],2,[1;1],0,5,[17;17],1,0},{'M',[50;-9],3,[25;-9],2,[1;0]},{'A',[201;37],4,[1;1],0,0,[50;9],3,2},{'M',[1;74],5,[1;1],0,[0;NaN],[201;37],4,[NaN;1]},{'A',[23;139],6,[25;-9],2,0,[-1;74],5,1},{'M',[4;-9],3,[1;1],0,[2;NaN],[25;-9],2,[NaN;0]},{'A',[41;67],4,[49;49],2,0,[-4;9],3,1},{'A',[7;9],1,[1;1],0,3,[-1;1],0,0},{'M',[41;9],5,[41;67],4,[0;NaN],[7;9],1,[NaN;0]},{'A',[171;27],6,[41;9],5,2,[7;-9],1,0},{'M',[128;49],3,[1;1],0,[7;NaN],[49;49],2,[NaN;0]},{'A',[55;61],5,[128;49],3,1,[-201;-37],4,0},{'M',[7;68],2,[17;17],1,[NaN;2],[7;9],1,[0;NaN]},{'A',[229;235],5,[7;68],2,2,[201;-37],4,0},{'O',[201;37],4,[201;37],4,0},{'M',[229;9],6,[7;9],1,[NaN;0],[229;235],5,[0;NaN]},{'O',[229;9],6,[229;9],6,0},{'M',[112;1],2,[1;1],0,[NaN;0],[7;9],1,[4;NaN]},{'O',[224;2],2,[112;1],2,1},{'M',[196;17],3,[17;17],1,[NaN;0],[49;49],2,[2;NaN]},{'O',[196;17],3,[196;17],3,0},{'O',[41;67],4,[41;67],4,0},{'M',[136;235],6,[17;17],1,[3;NaN],[229;235],5,[NaN;0]},{'O',[136;235],6,[136;235],6,0},{'O',[55;61],5,[55;61],5,0},{'M',[200;139],7,[25;-9],2,[3;NaN],[23;139],6,[NaN;0]},{'O',[200;139],7,[200;139],7,0},{'M',[23;54],7,[23;139],6,[0;NaN],[171;27],6,[NaN;1]},{'O',[23;54],7,[23;54],7,0},{'O',[171;27],6,[171;27],6,0}}
# Add optimal = 1
# Mux optimal = 0
# FAs optimal = 0
