Adder graph: {{'M',[8;4;1;1],1,[1;1;1;1],0,[3;2;0;0]},{'M',[1;1;16;16],1,[1;1;1;1],0,[0;0;4;4]},{'A',[9;3;17;17],2,[8;4;1;1],1,0,[1;-1;16;16],1,0},{'M',[1;3;17;34],3,[1;1;1;1],0,[0;NaN;NaN;NaN],[9;3;17;17],2,[NaN;0;0;1]},{'M',[9;1024;128;256],3,[1;1;1;1],0,[NaN;10;7;8],[9;3;17;17],2,[0;NaN;NaN;NaN]},{'A',[-17;-2045;273;-478],4,[1;3;17;34],3,0,[-9;-1024;128;-256],3,1},{'M',[-34;-4090;546;17],5,[9;3;17;17],2,[NaN;NaN;NaN;0],[-17;-2045;273;-478],4,[1;1;1;NaN]},{'M',[9;1024;17;4],3,[1;1;1;1],0,[NaN;10;NaN;2],[9;3;17;17],2,[0;NaN;0;NaN]},{'A',[-43;-3066;563;13],6,[-34;-4090;546;17],5,0,[-9;1024;17;-4],3,0},{'M',[-688;-2045;17;26],7,[9;3;17;17],2,[NaN;NaN;0;NaN],[-17;-2045;273;-478],4,[NaN;0;NaN;NaN],[-43;-3066;563;13],6,[4;NaN;NaN;1]},{'M',[-43;192;1088;-3824],7,[9;3;17;17],2,[NaN;6;6;NaN],[-17;-2045;273;-478],4,[NaN;NaN;NaN;3],[-43;-3066;563;13],6,[0;NaN;NaN;NaN]},{'A',[-645;-2237;1105;-3798],8,[-688;-2045;17;26],7,0,[43;-192;1088;-3824],7,0},{'M',[36;2;17;1024],3,[1;1;1;1],0,[NaN;1;NaN;10],[9;3;17;17],2,[2;NaN;0;NaN]},{'M',[1;-2237;1;13],9,[1;1;1;1],0,[0;NaN;0;NaN],[-43;-3066;563;13],6,[NaN;NaN;NaN;0],[-645;-2237;1105;-3798],8,[NaN;0;NaN;NaN]},{'A',[143;2245;67;4109],10,[36;2;17;1024],3,2,[-1;2237;-1;13],9,0},{'M',[-645;24;273;4109],11,[9;3;17;17],2,[NaN;3;NaN;NaN],[-17;-2045;273;-478],4,[NaN;NaN;0;NaN],[-645;-2237;1105;-3798],8,[0;NaN;NaN;NaN],[143;2245;67;4109],10,[NaN;NaN;NaN;0]},{'M',[1;48;268;-956],11,[1;1;1;1],0,[0;NaN;NaN;NaN],[9;3;17;17],2,[NaN;4;NaN;NaN],[-17;-2045;273;-478],4,[NaN;NaN;NaN;1],[143;2245;67;4109],10,[NaN;NaN;2;NaN]},{'A',[-653;-360;-1871;-3539],12,[-645;24;273;4109],11,0,[-1;-48;-268;-956],11,3},{'M',[4576;-720;134;4109],13,[143;2245;67;4109],10,[5;NaN;1;0],[-653;-360;-1871;-3539],12,[NaN;1;NaN;NaN]},{'M',[-645;3;1105;832],9,[9;3;17;17],2,[NaN;0;NaN;NaN],[-43;-3066;563;13],6,[NaN;NaN;NaN;6],[-645;-2237;1105;-3798],8,[0;NaN;0;NaN]},{'A',[3931;-723;-971;3277],14,[4576;-720;134;4109],13,0,[-645;-3;-1105;-832],9,0},{'M',[3931;2245;2252;3277],15,[-43;-3066;563;13],6,[NaN;NaN;2;NaN],[143;2245;67;4109],10,[NaN;0;NaN;NaN],[3931;-723;-971;3277],14,[0;NaN;NaN;0]},{'O',[3931;2245;2252;3277],15,[3931;2245;2252;3277],15,0},{'M',[-653;-723;-1871;-3798],15,[-645;-2237;1105;-3798],8,[NaN;NaN;NaN;0],[-653;-360;-1871;-3539],12,[0;NaN;0;NaN],[3931;-723;-971;3277],14,[NaN;0;NaN;NaN]},{'O',[653;723;1871;3798],15,[653;723;1871;3798],15,0},{'M',[-136;-3066;-971;-3539],15,[-17;-2045;273;-478],4,[3;NaN;NaN;NaN],[-43;-3066;563;13],6,[NaN;0;NaN;NaN],[-653;-360;-1871;-3539],12,[NaN;NaN;NaN;0],[3931;-723;-971;3277],14,[NaN;NaN;0;NaN]},{'O',[136;3066;971;3539],15,[136;3066;971;3539],15,0}}
Adder graph: {{'M',[16;128;64;1],1,[1;1;1;1],0,[4;7;6;0]},{'A',[-31;257;129;3],2,[1;1;1;1],0,0,[-16;128;64;1],1,1},{'M',[-31;16;2064;24],3,[1;1;1;1],0,[NaN;4;NaN;NaN],[-31;257;129;3],2,[0;NaN;4;3]},{'M',[4;257;64;128],3,[1;1;1;1],0,[2;NaN;6;7],[-31;257;129;3],2,[NaN;0;NaN;NaN]},{'A',[-35;-241;2000;-104],4,[-31;16;2064;24],3,0,[-4;-257;-64;-128],3,0},{'M',[64;-241;64;1536],5,[1;1;1;1],0,[6;NaN;6;NaN],[-31;257;129;3],2,[NaN;NaN;NaN;9],[-35;-241;2000;-104],4,[NaN;0;NaN;NaN]},{'M',[-280;256;1;-104],5,[1;1;1;1],0,[NaN;8;0;NaN],[-35;-241;2000;-104],4,[3;NaN;NaN;0]},{'A',[344;-497;63;1640],6,[64;-241;64;1536],5,0,[280;-256;-1;104],5,0},{'M',[2;257;2;-208],5,[1;1;1;1],0,[1;NaN;1;NaN],[-31;257;129;3],2,[NaN;0;NaN;NaN],[-35;-241;2000;-104],4,[NaN;NaN;NaN;1]},{'M',[-3968;-1988;63;-3328],7,[-31;257;129;3],2,[7;NaN;NaN;NaN],[-35;-241;2000;-104],4,[NaN;NaN;NaN;5],[344;-497;63;1640],6,[NaN;2;0;NaN]},{'A',[-3966;2245;-61;-3536],8,[2;257;2;-208],5,0,[-3968;1988;-63;-3328],7,0},{'M',[64;514;516;1640],7,[1;1;1;1],0,[6;NaN;NaN;NaN],[-31;257;129;3],2,[NaN;1;2;NaN],[344;-497;63;1640],6,[NaN;NaN;NaN;0]},{'M',[8;8;-61;3],9,[1;1;1;1],0,[3;3;NaN;NaN],[-31;257;129;3],2,[NaN;NaN;NaN;0],[-3966;2245;-61;-3536],8,[NaN;NaN;0;NaN]},{'A',[136;1036;971;3277],10,[64;514;516;1640],7,1,[8;8;-61;-3],9,0},{'M',[-35;1036;2000;3],11,[-31;257;129;3],2,[NaN;NaN;NaN;0],[-35;-241;2000;-104],4,[0;NaN;0;NaN],[136;1036;971;3277],10,[NaN;0;NaN;NaN]},{'M',[-3966;-497;252;-3536],9,[344;-497;63;1640],6,[NaN;0;2;NaN],[-3966;2245;-61;-3536],8,[0;NaN;NaN;0]},{'A',[3931;1533;2252;3539],12,[-35;1036;2000;3],11,0,[3966;497;252;3536],9,0},{'M',[-35;-241;2000;7078],13,[-35;-241;2000;-104],4,[0;0;0;NaN],[3931;1533;2252;3539],12,[NaN;NaN;NaN;1]},{'M',[688;-964;129;3280],7,[-31;257;129;3],2,[NaN;NaN;0;NaN],[-35;-241;2000;-104],4,[NaN;2;NaN;NaN],[344;-497;63;1640],6,[1;NaN;NaN;1]},{'A',[653;723;1871;3798],14,[-35;-241;2000;7078],13,0,[688;964;-129;-3280],7,0},{'M',[3931;2245;2252;3277],13,[-3966;2245;-61;-3536],8,[NaN;0;NaN;NaN],[136;1036;971;3277],10,[NaN;NaN;NaN;0],[3931;1533;2252;3539],12,[0;NaN;0;NaN]},{'O',[3931;2245;2252;3277],13,[3931;2245;2252;3277],13,0},{'O',[653;723;1871;3798],14,[653;723;1871;3798],14,0},{'M',[136;3066;971;3539],13,[136;1036;971;3277],10,[0;NaN;0;NaN],[3931;1533;2252;3539],12,[NaN;1;NaN;0]},{'O',[136;3066;971;3539],13,[136;3066;971;3539],13,0}}
Adder graph: {{'M',[1;64;128;128],1,[1;1;1;1],0,[0;6;7;7]},{'M',[16;2;16;1],1,[1;1;1;1],0,[4;1;4;0]},{'A',[-15;66;112;129],2,[1;64;128;128],1,0,[-16;2;-16;1],1,0},{'M',[128;66;112;129],3,[1;1;1;1],0,[7;NaN;NaN;NaN],[-15;66;112;129],2,[NaN;0;0;0]},{'M',[-60;1056;1;2],3,[1;1;1;1],0,[NaN;NaN;0;1],[-15;66;112;129],2,[2;4;NaN;NaN]},{'A',[68;1122;113;131],4,[128;66;112;129],3,0,[-60;1056;1;2],3,0},{'M',[68;1122;113;524],5,[68;1122;113;131],4,[0;0;0;2]},{'M',[68;1;8;131],5,[1;1;1;1],0,[NaN;0;3;NaN],[68;1122;113;131],4,[0;NaN;NaN;0]},{'A',[204;2245;234;917],6,[68;1122;113;524],5,1,[68;1;8;-131],5,0},{'M',[204;4;226;3668],7,[1;1;1;1],0,[NaN;2;NaN;NaN],[68;1122;113;131],4,[NaN;NaN;1;NaN],[204;2245;234;917],6,[0;NaN;NaN;2]},{'M',[1;1;1;129],3,[1;1;1;1],0,[0;0;0;NaN],[-15;66;112;129],2,[NaN;NaN;NaN;0]},{'A',[203;3;225;3539],8,[204;4;226;3668],7,0,[-1;-1;-1;-129],3,0},{'M',[203;3;1872;3539],9,[204;2245;234;917],6,[NaN;NaN;3;NaN],[203;3;225;3539],8,[0;0;NaN;0]},{'M',[-480;192;1;128],9,[1;1;1;1],0,[NaN;NaN;0;7],[-15;66;112;129],2,[5;NaN;NaN;NaN],[203;3;225;3539],8,[NaN;6;NaN;NaN]},{'A',[683;195;1871;3667],10,[203;3;1872;3539],9,0,[480;192;-1;128],9,0},{'M',[683;1536;900;3539],11,[203;3;225;3539],8,[NaN;9;2;0],[683;195;1871;3667],10,[0;NaN;NaN;NaN]},{'M',[3248;3;226;262],9,[68;1122;113;131],4,[NaN;NaN;1;1],[203;3;225;3539],8,[4;0;NaN;NaN]},{'A',[3931;1533;1126;3277],12,[683;1536;900;3539],11,0,[3248;-3;226;-262],9,0},{'M',[683;528;1871;3667],11,[-15;66;112;129],2,[NaN;3;NaN;NaN],[683;195;1871;3667],10,[0;NaN;0;0]},{'M',[-30;195;900;131],11,[-15;66;112;129],2,[1;NaN;NaN;NaN],[68;1122;113;131],4,[NaN;NaN;NaN;0],[203;3;225;3539],8,[NaN;NaN;2;NaN],[683;195;1871;3667],10,[NaN;0;NaN;NaN]},{'A',[653;723;971;3798],12,[683;528;1871;3667],11,0,[-30;195;-900;131],11,0},{'M',[3931;2245;2252;3277],13,[204;2245;234;917],6,[NaN;0;NaN;NaN],[3931;1533;1126;3277],12,[0;NaN;1;0]},{'O',[3931;2245;2252;3277],13,[3931;2245;2252;3277],13,0},{'M',[653;723;1871;3798],13,[683;195;1871;3667],10,[NaN;NaN;0;NaN],[653;723;971;3798],12,[0;0;NaN;0]},{'O',[653;723;1871;3798],13,[653;723;1871;3798],13,0},{'M',[136;3066;971;3539],13,[68;1122;113;131],4,[1;NaN;NaN;NaN],[203;3;225;3539],8,[NaN;NaN;NaN;0],[3931;1533;1126;3277],12,[NaN;1;NaN;NaN],[653;723;971;3798],12,[NaN;NaN;0;NaN]},{'O',[136;3066;971;3539],13,[136;3066;971;3539],13,0}}
Adder graph: {{'M',[2;1;4;2],1,[1;1;1;1],0,[1;0;2;1]},{'A',[5;3;9;-3],2,[1;1;1;1],0,0,[2;1;4;-2],1,1},{'M',[5;16;9;16],3,[1;1;1;1],0,[NaN;4;NaN;4],[5;3;9;-3],2,[0;NaN;0;NaN]},{'M',[1;3;1;-3],3,[1;1;1;1],0,[0;NaN;0;NaN],[5;3;9;-3],2,[NaN;0;NaN;0]},{'A',[81;253;143;253],4,[5;16;9;16],3,4,[1;-3;-1;-3],3,0},{'M',[81;253;143;-3],5,[5;3;9;-3],2,[NaN;NaN;NaN;0],[81;253;143;253],4,[0;0;0;NaN]},{'M',[8;253;8;506],5,[1;1;1;1],0,[3;NaN;3;NaN],[81;253;143;253],4,[NaN;0;NaN;1]},{'A',[17;2277;207;4045],6,[81;253;143;-3],5,0,[-8;253;8;506],5,3},{'M',[4096;506;2288;253],5,[1;1;1;1],0,[12;NaN;NaN;NaN],[81;253;143;253],4,[NaN;1;4;0]},{'M',[5;384;36;-6],3,[5;3;9;-3],2,[0;7;2;1]},{'A',[4091;122;2252;247],6,[4096;506;2288;253],5,0,[-5;-384;-36;-6],3,0},{'M',[4091;2277;828;4045],7,[17;2277;207;4045],6,[NaN;0;2;0],[4091;122;2252;247],6,[0;NaN;NaN;NaN]},{'M',[160;32;143;-768],5,[1;1;1;1],0,[NaN;5;NaN;NaN],[5;3;9;-3],2,[5;NaN;NaN;8],[81;253;143;253],4,[NaN;NaN;0;NaN]},{'A',[3931;2245;971;3277],8,[4091;2277;828;4045],7,0,[-160;-32;143;-768],5,0},{'M',[324;1536;8;4045],7,[1;1;1;1],0,[NaN;NaN;3;NaN],[5;3;9;-3],2,[NaN;9;NaN;NaN],[81;253;143;253],4,[2;NaN;NaN;NaN],[17;2277;207;4045],6,[NaN;NaN;NaN;0]},{'M',[256;3;18;247],7,[1;1;1;1],0,[8;NaN;NaN;NaN],[5;3;9;-3],2,[NaN;0;1;NaN],[4091;122;2252;247],6,[NaN;NaN;NaN;0]},{'A',[68;1533;26;3798],8,[324;1536;8;4045],7,0,[-256;-3;18;-247],7,0},{'M',[5;976;207;4045],7,[5;3;9;-3],2,[0;NaN;NaN;NaN],[17;2277;207;4045],6,[NaN;NaN;0;0],[4091;122;2252;247],6,[NaN;3;NaN;NaN]},{'M',[648;253;1664;506],9,[81;253;143;253],4,[3;0;NaN;1],[68;1533;26;3798],8,[NaN;NaN;6;NaN]},{'A',[653;723;1871;3539],10,[5;976;207;4045],7,0,[648;-253;1664;-506],9,0},{'M',[3931;2245;2252;3277],9,[4091;122;2252;247],6,[NaN;NaN;0;NaN],[3931;2245;971;3277],8,[0;0;NaN;0]},{'O',[3931;2245;2252;3277],9,[3931;2245;2252;3277],9,0},{'M',[653;723;1871;3798],11,[68;1533;26;3798],8,[NaN;NaN;NaN;0],[653;723;1871;3539],10,[0;0;0;NaN]},{'O',[653;723;1871;3798],11,[653;723;1871;3798],11,0},{'M',[136;3066;971;3539],11,[3931;2245;971;3277],8,[NaN;NaN;0;NaN],[68;1533;26;3798],8,[1;1;NaN;NaN],[653;723;1871;3539],10,[NaN;NaN;NaN;0]},{'O',[136;3066;971;3539],11,[136;3066;971;3539],11,0}}
Adder graph: {{'M',[1;1;8;2],1,[1;1;1;1],0,[0;0;3;1]},{'A',[3;3;17;-3],2,[1;1;1;1],0,0,[1;1;8;-2],1,1},{'M',[96;3;17;-3],3,[3;3;17;-3],2,[5;0;0;0]},{'M',[3;192;17;64],3,[1;1;1;1],0,[NaN;NaN;NaN;6],[3;3;17;-3],2,[0;6;0;NaN]},{'A',[84;771;-51;253],4,[96;3;17;-3],3,0,[-3;192;-17;64],3,2},{'M',[8;1;512;2024],5,[1;1;1;1],0,[3;0;9;NaN],[84;771;-51;253],4,[NaN;NaN;NaN;3]},{'M',[672;771;-51;256],5,[1;1;1;1],0,[NaN;NaN;NaN;8],[84;771;-51;253],4,[3;0;0;NaN]},{'A',[-656;-769;973;3792],6,[8;1;512;2024],5,1,[-672;-771;-51;-256],5,0},{'M',[64;1;4;-48],3,[1;1;1;1],0,[6;0;2;NaN],[3;3;17;-3],2,[NaN;NaN;NaN;4]},{'M',[3;771;17;-48],5,[3;3;17;-3],2,[0;NaN;0;4],[84;771;-51;253],4,[NaN;0;NaN;NaN]},{'A',[4099;-707;239;-3024],6,[64;1;4;-48],3,6,[3;-771;-17;48],5,0},{'M',[168;-1538;-1632;-3024],7,[84;771;-51;253],4,[1;NaN;5;NaN],[-656;-769;973;3792],6,[NaN;1;NaN;NaN],[4099;-707;239;-3024],6,[NaN;NaN;NaN;0]},{'M',[4099;-707;239;253],7,[84;771;-51;253],4,[NaN;NaN;NaN;0],[4099;-707;239;-3024],6,[0;0;0;NaN]},{'A',[-3931;-2245;-1871;-3277],8,[168;-1538;-1632;-3024],7,0,[-4099;-707;-239;-253],7,0},{'M',[32;6;-51;253],5,[1;1;1;1],0,[5;NaN;NaN;NaN],[3;3;17;-3],2,[NaN;1;NaN;NaN],[84;771;-51;253],4,[NaN;NaN;0;0]},{'M',[168;3072;512;3792],7,[1;1;1;1],0,[NaN;NaN;9;NaN],[3;3;17;-3],2,[NaN;10;NaN;NaN],[84;771;-51;253],4,[1;NaN;NaN;NaN],[-656;-769;973;3792],6,[NaN;NaN;NaN;0]},{'A',[-136;-3066;-563;-3539],8,[32;6;-51;253],5,0,[-168;-3072;-512;-3792],7,0},{'M',[-656;-707;2;-6],7,[1;1;1;1],0,[NaN;NaN;1;NaN],[3;3;17;-3],2,[NaN;NaN;NaN;1],[-656;-769;973;3792],6,[0;NaN;NaN;NaN],[4099;-707;239;-3024],6,[NaN;0;NaN;NaN]},{'M',[3;16;973;3792],7,[1;1;1;1],0,[NaN;4;NaN;NaN],[3;3;17;-3],2,[0;NaN;NaN;NaN],[-656;-769;973;3792],6,[NaN;NaN;0;0]},{'A',[-653;-723;-971;-3798],8,[-656;-707;2;-6],7,0,[3;-16;-973;-3792],7,0},{'M',[-3931;-2245;-2252;-3277],9,[-3931;-2245;-1871;-3277],8,[0;0;NaN;0],[-136;-3066;-563;-3539],8,[NaN;NaN;2;NaN]},{'O',[3931;2245;2252;3277],9,[3931;2245;2252;3277],9,0},{'M',[-653;-723;-1871;-3798],9,[-3931;-2245;-1871;-3277],8,[NaN;NaN;0;NaN],[-653;-723;-971;-3798],8,[0;0;NaN;0]},{'O',[653;723;1871;3798],9,[653;723;1871;3798],9,0},{'M',[-136;-3066;-971;-3539],9,[-136;-3066;-563;-3539],8,[0;0;NaN;0],[-653;-723;-971;-3798],8,[NaN;NaN;0;NaN]},{'O',[136;3066;971;3539],9,[136;3066;971;3539],9,0}}
Finished solving after 13198.2 seconds
Adder graph: {{'M',[1;1;8;2],1,[1;1;1;1],0,[0;0;3;1]},{'A',[3;3;17;-3],2,[1;1;1;1],0,0,[1;1;8;-2],1,1},{'M',[96;3;17;-3],3,[3;3;17;-3],2,[5;0;0;0]},{'M',[3;192;17;64],3,[1;1;1;1],0,[NaN;NaN;NaN;6],[3;3;17;-3],2,[0;6;0;NaN]},{'A',[84;771;-51;253],4,[96;3;17;-3],3,0,[-3;192;-17;64],3,2},{'M',[8;1;512;2024],5,[1;1;1;1],0,[3;0;9;NaN],[84;771;-51;253],4,[NaN;NaN;NaN;3]},{'M',[672;771;-51;256],5,[1;1;1;1],0,[NaN;NaN;NaN;8],[84;771;-51;253],4,[3;0;0;NaN]},{'A',[-656;-769;973;3792],6,[8;1;512;2024],5,1,[-672;-771;-51;-256],5,0},{'M',[64;1;4;-48],3,[1;1;1;1],0,[6;0;2;NaN],[3;3;17;-3],2,[NaN;NaN;NaN;4]},{'M',[3;771;17;-48],5,[3;3;17;-3],2,[0;NaN;0;4],[84;771;-51;253],4,[NaN;0;NaN;NaN]},{'A',[4099;-707;239;-3024],6,[64;1;4;-48],3,6,[3;-771;-17;48],5,0},{'M',[168;-1538;-1632;-3024],7,[84;771;-51;253],4,[1;NaN;5;NaN],[-656;-769;973;3792],6,[NaN;1;NaN;NaN],[4099;-707;239;-3024],6,[NaN;NaN;NaN;0]},{'M',[4099;-707;239;253],7,[84;771;-51;253],4,[NaN;NaN;NaN;0],[4099;-707;239;-3024],6,[0;0;0;NaN]},{'A',[-3931;-2245;-1871;-3277],8,[168;-1538;-1632;-3024],7,0,[-4099;-707;-239;-253],7,0},{'M',[32;6;-51;253],5,[1;1;1;1],0,[5;NaN;NaN;NaN],[3;3;17;-3],2,[NaN;1;NaN;NaN],[84;771;-51;253],4,[NaN;NaN;0;0]},{'M',[168;3072;512;3792],7,[1;1;1;1],0,[NaN;NaN;9;NaN],[3;3;17;-3],2,[NaN;10;NaN;NaN],[84;771;-51;253],4,[1;NaN;NaN;NaN],[-656;-769;973;3792],6,[NaN;NaN;NaN;0]},{'A',[-136;-3066;-563;-3539],8,[32;6;-51;253],5,0,[-168;-3072;-512;-3792],7,0},{'M',[-656;-707;2;-6],7,[1;1;1;1],0,[NaN;NaN;1;NaN],[3;3;17;-3],2,[NaN;NaN;NaN;1],[-656;-769;973;3792],6,[0;NaN;NaN;NaN],[4099;-707;239;-3024],6,[NaN;0;NaN;NaN]},{'M',[3;16;973;3792],7,[1;1;1;1],0,[NaN;4;NaN;NaN],[3;3;17;-3],2,[0;NaN;NaN;NaN],[-656;-769;973;3792],6,[NaN;NaN;0;0]},{'A',[-653;-723;-971;-3798],8,[-656;-707;2;-6],7,0,[3;-16;-973;-3792],7,0},{'M',[-3931;-2245;-2252;-3277],9,[-3931;-2245;-1871;-3277],8,[0;0;NaN;0],[-136;-3066;-563;-3539],8,[NaN;NaN;2;NaN]},{'O',[3931;2245;2252;3277],9,[3931;2245;2252;3277],9,0},{'M',[-653;-723;-1871;-3798],9,[-3931;-2245;-1871;-3277],8,[NaN;NaN;0;NaN],[-653;-723;-971;-3798],8,[0;0;NaN;0]},{'O',[653;723;1871;3798],9,[653;723;1871;3798],9,0},{'M',[-136;-3066;-971;-3539],9,[-136;-3066;-563;-3539],8,[0;0;NaN;0],[-653;-723;-971;-3798],8,[NaN;NaN;0;NaN]},{'O',[136;3066;971;3539],9,[136;3066;971;3539],9,0}}
# Add optimal = 1
# Mux optimal = 0
# FAs optimal = 0
