Adder graph: {{'M',[1;2;1;4],1,[1;1;1;1],0,[0;1;0;2]},{'M',[16;1;32;8],1,[1;1;1;1],0,[4;0;5;3]},{'A',[-127;-6;-255;-60],2,[1;2;1;4],1,0,[-16;-1;-32;-8],1,3},{'M',[-2032;-48;-255;1],3,[1;1;1;1],0,[NaN;NaN;NaN;0],[-127;-6;-255;-60],2,[4;3;0;NaN]},{'M',[4;1;32;32],1,[1;1;1;1],0,[2;0;5;5]},{'A',[-2028;-49;-223;-31],4,[-2032;-48;-255;1],3,0,[4;-1;32;-32],1,0},{'M',[-2028;-49;-1784;-31],5,[-2028;-49;-223;-31],4,[0;0;3;0]},{'M',[-2028;-384;64;256],5,[1;1;1;1],0,[NaN;NaN;6;8],[-127;-6;-255;-60],2,[NaN;6;NaN;NaN],[-2028;-49;-223;-31],4,[0;NaN;NaN;NaN]},{'A',[2028;719;-1656;-543],6,[-2028;-49;-1784;-31],5,0,[2028;384;64;-256],5,1},{'M',[1;16;-1656;1],7,[1;1;1;1],0,[0;4;NaN;0],[2028;719;-1656;-543],6,[NaN;NaN;0;NaN]},{'M',[8;1438;-223;-1920],7,[1;1;1;1],0,[3;NaN;NaN;NaN],[-127;-6;-255;-60],2,[NaN;NaN;NaN;5],[-2028;-49;-223;-31],4,[NaN;NaN;0;NaN],[2028;719;-1656;-543],6,[NaN;1;NaN;NaN]},{'A',[-7;-1422;-1879;1921],8,[1;16;-1656;1],7,0,[-8;-1438;-223;1920],7,0},{'M',[1;-49;2;1921],9,[1;1;1;1],0,[0;NaN;1;NaN],[-2028;-49;-223;-31],4,[NaN;0;NaN;NaN],[-7;-1422;-1879;1921],8,[NaN;NaN;NaN;0]},{'M',[-1792;-1422;-1656;-480],9,[-127;-6;-255;-60],2,[NaN;NaN;NaN;3],[2028;719;-1656;-543],6,[NaN;NaN;0;NaN],[-7;-1422;-1879;1921],8,[8;0;NaN;NaN]},{'A',[-1791;1373;-1654;2401],10,[1;-49;2;1921],9,0,[-1792;1422;-1656;480],9,0},{'M',[2028;1;-255;8],7,[1;1;1;1],0,[NaN;0;NaN;3],[-127;-6;-255;-60],2,[NaN;NaN;0;NaN],[2028;719;-1656;-543],6,[0;NaN;NaN;NaN]},{'M',[-1791;-6;-1656;1921],11,[-127;-6;-255;-60],2,[NaN;0;NaN;NaN],[2028;719;-1656;-543],6,[NaN;NaN;0;NaN],[-7;-1422;-1879;1921],8,[NaN;NaN;NaN;0],[-1791;1373;-1654;2401],10,[0;NaN;NaN;NaN]},{'A',[3819;-5;1401;-1913],12,[2028;1;-255;8],7,0,[1791;-6;1656;-1921],11,0},{'M',[-4056;-1422;-1879;-3826],13,[-2028;-49;-223;-31],4,[1;NaN;NaN;NaN],[-7;-1422;-1879;1921],8,[NaN;0;0;NaN],[3819;-5;1401;-1913],12,[NaN;NaN;NaN;1]},{'O',[4056;1422;1879;3826],13,[4056;1422;1879;3826],13,0},{'M',[-3582;-5;-1654;-543],13,[2028;719;-1656;-543],6,[NaN;NaN;NaN;0],[-1791;1373;-1654;2401],10,[1;NaN;0;NaN],[3819;-5;1401;-1913],12,[NaN;0;NaN;NaN]},{'O',[3582;5;1654;543],13,[3582;5;1654;543],13,0},{'M',[3819;1373;1401;2401],13,[-1791;1373;-1654;2401],10,[NaN;0;NaN;0],[3819;-5;1401;-1913],12,[0;NaN;0;NaN]},{'O',[3819;1373;1401;2401],13,[3819;1373;1401;2401],13,0}}
Adder graph: {{'M',[4;1;256;128],1,[1;1;1;1],0,[2;0;8;7]},{'M',[64;4;1;8],1,[1;1;1;1],0,[6;2;0;3]},{'A',[-60;-3;255;120],2,[4;1;256;128],1,0,[-64;-4;-1;-8],1,0},{'M',[1;-6;510;16],3,[1;1;1;1],0,[0;NaN;NaN;4],[-60;-3;255;120],2,[NaN;1;1;NaN]},{'M',[8;1;32;3840],3,[1;1;1;1],0,[3;0;5;NaN],[-60;-3;255;120],2,[NaN;NaN;NaN;5]},{'A',[-7;-5;478;-3824],4,[1;-6;510;16],3,0,[-8;1;-32;-3840],3,0},{'M',[-3840;-20;478;2],5,[1;1;1;1],0,[NaN;NaN;NaN;1],[-60;-3;255;120],2,[6;NaN;NaN;NaN],[-7;-5;478;-3824],4,[NaN;2;0;NaN]},{'M',[-14;-192;64;-3824],5,[1;1;1;1],0,[NaN;NaN;6;NaN],[-60;-3;255;120],2,[NaN;6;NaN;NaN],[-7;-5;478;-3824],4,[1;NaN;NaN;0]},{'A',[-3826;172;414;3826],6,[-3840;-20;478;2],5,0,[14;192;-64;3824],5,0},{'M',[-7;-48;2;480],5,[1;1;1;1],0,[NaN;NaN;1;NaN],[-60;-3;255;120],2,[NaN;4;NaN;2],[-7;-5;478;-3824],4,[0;NaN;NaN;NaN]},{'M',[-3826;1;1656;1],7,[1;1;1;1],0,[NaN;0;NaN;0],[-3826;172;414;3826],6,[0;NaN;2;NaN]},{'A',[3819;-49;-1654;481],8,[-7;-48;2;480],5,0,[3826;-1;-1656;1],7,0},{'M',[2;1376;1656;481],9,[1;1;1;1],0,[1;NaN;NaN;NaN],[-3826;172;414;3826],6,[NaN;3;2;NaN],[3819;-49;-1654;481],8,[NaN;NaN;NaN;0]},{'M',[-3584;-3;255;1024],5,[1;1;1;1],0,[NaN;NaN;NaN;10],[-60;-3;255;120],2,[NaN;0;0;NaN],[-7;-5;478;-3824],4,[9;NaN;NaN;NaN]},{'A',[-3582;1373;1401;-543],10,[2;1376;1656;481],9,0,[-3584;-3;-255;-1024],5,0},{'M',[7638;1373;1401;1920],11,[-60;-3;255;120],2,[NaN;NaN;NaN;4],[3819;-49;-1654;481],8,[1;NaN;NaN;NaN],[-3582;1373;1401;-543],10,[NaN;0;0;NaN]},{'M',[-3582;-49;478;481],11,[-7;-5;478;-3824],4,[NaN;NaN;0;NaN],[3819;-49;-1654;481],8,[NaN;0;NaN;0],[-3582;1373;1401;-543],10,[0;NaN;NaN;NaN]},{'A',[4056;1422;1879;2401],12,[7638;1373;1401;1920],11,0,[-3582;49;478;481],11,0},{'M',[4056;1422;1879;3826],13,[-3826;172;414;3826],6,[NaN;NaN;NaN;0],[4056;1422;1879;2401],12,[0;0;0;NaN]},{'O',[4056;1422;1879;3826],13,[4056;1422;1879;3826],13,0},{'M',[-3582;-5;-1654;-543],11,[-7;-5;478;-3824],4,[NaN;0;NaN;NaN],[3819;-49;-1654;481],8,[NaN;NaN;0;NaN],[-3582;1373;1401;-543],10,[0;NaN;NaN;0]},{'O',[3582;5;1654;543],11,[3582;5;1654;543],11,0},{'M',[3819;1373;1401;2401],13,[3819;-49;-1654;481],8,[0;NaN;NaN;NaN],[-3582;1373;1401;-543],10,[NaN;0;0;NaN],[4056;1422;1879;2401],12,[NaN;NaN;NaN;0]},{'O',[3819;1373;1401;2401],13,[3819;1373;1401;2401],13,0}}
Adder graph: {{'M',[1;1;256;512],1,[1;1;1;1],0,[0;0;8;9]},{'M',[256;4;1;1],1,[1;1;1;1],0,[8;2;0;0]},{'A',[257;5;255;511],2,[1;1;256;512],1,0,[256;4;-1;-1],1,0},{'M',[2048;5;510;511],3,[1;1;1;1],0,[11;NaN;NaN;NaN],[257;5;255;511],2,[NaN;0;1;0]},{'M',[257;40;32;32],3,[1;1;1;1],0,[NaN;NaN;5;5],[257;5;255;511],2,[0;3;NaN;NaN]},{'A',[1791;-35;478;543],4,[2048;5;510;511],3,0,[-257;-40;-32;32],3,0},{'M',[8;32;478;64],5,[1;1;1;1],0,[3;5;NaN;6],[1791;-35;478;543],4,[NaN;NaN;0;NaN]},{'M',[257;5;32;2],3,[1;1;1;1],0,[NaN;NaN;5;1],[257;5;255;511],2,[0;0;NaN;NaN]},{'A',[-1012;44;828;120],6,[8;32;478;64],5,1,[-257;-5;-32;-2],3,2},{'M',[4;2;828;1920],7,[1;1;1;1],0,[2;1;NaN;NaN],[-1012;44;828;120],6,[NaN;NaN;0;4]},{'M',[-2024;1408;1;1],7,[1;1;1;1],0,[NaN;NaN;0;0],[-1012;44;828;120],6,[1;5;NaN;NaN]},{'A',[2028;-1406;827;1921],8,[4;2;828;1920],7,0,[2024;-1408;-1;1],7,0},{'M',[8;8;828;1921],9,[1;1;1;1],0,[3;3;NaN;NaN],[-1012;44;828;120],6,[NaN;NaN;0;NaN],[2028;-1406;827;1921],8,[NaN;NaN;NaN;0]},{'M',[1791;-1406;255;16],9,[1;1;1;1],0,[NaN;NaN;NaN;4],[257;5;255;511],2,[NaN;NaN;0;NaN],[1791;-35;478;543],4,[0;NaN;NaN;NaN],[2028;-1406;827;1921],8,[NaN;0;NaN;NaN]},{'A',[1807;1422;1401;3826],10,[8;8;828;1921],9,1,[1791;1406;-255;-16],9,0},{'M',[2028;1408;478;1921],9,[1791;-35;478;543],4,[NaN;NaN;0;NaN],[-1012;44;828;120],6,[NaN;5;NaN;NaN],[2028;-1406;827;1921],8,[0;NaN;NaN;0]},{'M',[1791;-35;1401;480],11,[1791;-35;478;543],4,[0;0;NaN;NaN],[-1012;44;828;120],6,[NaN;NaN;NaN;2],[1807;1422;1401;3826],10,[NaN;NaN;0;NaN]},{'A',[3819;1373;1879;2401],12,[2028;1408;478;1921],9,0,[1791;-35;1401;480],11,0},{'M',[4056;1422;1879;3826],13,[2028;-1406;827;1921],8,[1;NaN;NaN;NaN],[1807;1422;1401;3826],10,[NaN;0;NaN;0],[3819;1373;1879;2401],12,[NaN;NaN;0;NaN]},{'O',[4056;1422;1879;3826],13,[4056;1422;1879;3826],13,0},{'M',[3582;5;1654;543],9,[257;5;255;511],2,[NaN;0;NaN;NaN],[1791;-35;478;543],4,[1;NaN;NaN;0],[2028;-1406;827;1921],8,[NaN;NaN;1;NaN]},{'O',[3582;5;1654;543],9,[3582;5;1654;543],9,0},{'M',[3819;1373;1401;2401],13,[1807;1422;1401;3826],10,[NaN;NaN;0;NaN],[3819;1373;1879;2401],12,[0;0;NaN;0]},{'O',[3819;1373;1401;2401],13,[3819;1373;1401;2401],13,0}}
Adder graph: {{'M',[64;32;256;1],1,[1;1;1;1],0,[6;5;8;0]},{'M',[8;4;1;16],1,[1;1;1;1],0,[3;2;0;4]},{'A',[56;28;255;-15],2,[64;32;256;1],1,0,[-8;-4;-1;-16],1,0},{'M',[1024;448;255;1024],3,[1;1;1;1],0,[10;NaN;NaN;10],[56;28;255;-15],2,[NaN;4;0;NaN]},{'M',[8;1;32;1],1,[1;1;1;1],0,[3;0;5;0]},{'A',[1016;447;223;1023],4,[1024;448;255;1024],3,0,[-8;-1;-32;-1],1,0},{'M',[1016;894;446;1023],5,[1016;447;223;1023],4,[0;1;1;0]},{'M',[1;8;16;-240],3,[1;1;1;1],0,[0;3;4;NaN],[56;28;255;-15],2,[NaN;NaN;NaN;4]},{'A',[1014;910;414;543],6,[1016;894;446;1023],5,0,[-1;8;-16;-240],3,1},{'M',[1;910;223;1],7,[1;1;1;1],0,[0;NaN;NaN;0],[1016;447;223;1023],4,[NaN;NaN;0;NaN],[1014;910;414;543],6,[NaN;0;NaN;NaN]},{'M',[448;128;414;-480],7,[1;1;1;1],0,[NaN;7;NaN;NaN],[56;28;255;-15],2,[3;NaN;NaN;5],[1014;910;414;543],6,[NaN;NaN;0;NaN]},{'A',[-1791;1422;1879;1921],8,[1;910;223;1],7,0,[-448;128;414;480],7,2},{'M',[-1791;447;255;1921],9,[56;28;255;-15],2,[NaN;NaN;0;NaN],[1016;447;223;1023],4,[NaN;0;NaN;NaN],[-1791;1422;1879;1921],8,[0;NaN;NaN;0]},{'M',[1014;910;828;4],7,[1;1;1;1],0,[NaN;NaN;NaN;2],[1014;910;414;543],6,[0;0;1;NaN]},{'A',[-3819;-1373;-1401;1913],10,[-1791;447;255;1921],9,0,[-1014;-910;-828;-4],7,1},{'M',[896;2;414;-240],7,[1;1;1;1],0,[NaN;1;NaN;NaN],[56;28;255;-15],2,[4;NaN;NaN;4],[1014;910;414;543],6,[NaN;NaN;0;NaN]},{'M',[1;1;1;1921],9,[1;1;1;1],0,[0;0;0;NaN],[-1791;1422;1879;1921],8,[NaN;NaN;NaN;0]},{'A',[1791;5;827;-2401],10,[896;2;414;-240],7,1,[-1;1;-1;-1921],9,0},{'M',[4056;1422;1879;3826],11,[1014;910;414;543],6,[2;NaN;NaN;NaN],[-1791;1422;1879;1921],8,[NaN;0;0;NaN],[-3819;-1373;-1401;1913],10,[NaN;NaN;NaN;1]},{'O',[4056;1422;1879;3826],11,[4056;1422;1879;3826],11,0},{'M',[3582;5;1654;543],11,[1014;910;414;543],6,[NaN;NaN;NaN;0],[1791;5;827;-2401],10,[1;0;1;NaN]},{'O',[3582;5;1654;543],11,[3582;5;1654;543],11,0},{'M',[-3819;-1373;-1401;-2401],11,[-3819;-1373;-1401;1913],10,[0;0;0;NaN],[1791;5;827;-2401],10,[NaN;NaN;NaN;0]},{'O',[3819;1373;1401;2401],11,[3819;1373;1401;2401],11,0}}
Adder graph: {{'M',[32;1;32;1],1,[1;1;1;1],0,[5;0;5;0]},{'A',[257;9;-255;-7],2,[1;1;1;1],0,0,[32;1;-32;-1],1,3},{'M',[4;4;-255;256],3,[1;1;1;1],0,[2;2;NaN;8],[257;9;-255;-7],2,[NaN;NaN;0;NaN]},{'M',[16;9;16;16],3,[1;1;1;1],0,[4;NaN;4;4],[257;9;-255;-7],2,[NaN;0;NaN;NaN]},{'A',[20;-5;-239;240],4,[4;4;-255;256],3,0,[16;-9;16;-16],3,0},{'M',[1;64;64;1],1,[1;1;1;1],0,[0;6;6;0]},{'M',[8;9;-478;480],5,[1;1;1;1],0,[3;NaN;NaN;NaN],[257;9;-255;-7],2,[NaN;0;NaN;NaN],[20;-5;-239;240],4,[NaN;NaN;1;1]},{'A',[-7;73;-414;481],6,[1;64;64;1],1,0,[-8;9;-478;480],5,0},{'M',[1;9;-255;481],7,[1;1;1;1],0,[0;NaN;NaN;NaN],[257;9;-255;-7],2,[NaN;0;0;NaN],[-7;73;-414;481],6,[NaN;NaN;NaN;0]},{'M',[-448;-10;-414;256],7,[1;1;1;1],0,[NaN;NaN;NaN;8],[20;-5;-239;240],4,[NaN;1;NaN;NaN],[-7;73;-414;481],6,[6;NaN;0;NaN]},{'A',[-1791;49;1401;-543],8,[1;9;-255;481],7,0,[-448;10;414;-256],7,2},{'M',[1024;392;1;960],9,[1;1;1;1],0,[10;NaN;0;NaN],[20;-5;-239;240],4,[NaN;NaN;NaN;2],[-1791;49;1401;-543],8,[NaN;3;NaN;NaN]},{'M',[20;73;-1656;481],7,[20;-5;-239;240],4,[0;NaN;NaN;NaN],[-7;73;-414;481],6,[NaN;0;2;0]},{'A',[2028;711;-1654;2401],10,[1024;392;1;960],9,1,[-20;-73;-1656;481],7,0},{'M',[2028;1422;1401;3840],11,[20;-5;-239;240],4,[NaN;NaN;NaN;4],[-1791;49;1401;-543],8,[NaN;NaN;0;NaN],[2028;711;-1654;2401],10,[0;1;NaN;NaN]},{'M',[-1791;49;-478;-14],9,[257;9;-255;-7],2,[NaN;NaN;NaN;1],[20;-5;-239;240],4,[NaN;NaN;1;NaN],[-1791;49;1401;-543],8,[0;0;NaN;NaN]},{'A',[3819;1373;1879;3826],12,[2028;1422;1401;3840],11,0,[1791;-49;478;-14],9,0},{'M',[4056;1422;1879;3826],13,[2028;711;-1654;2401],10,[1;1;NaN;NaN],[3819;1373;1879;3826],12,[NaN;NaN;0;0]},{'O',[4056;1422;1879;3826],13,[4056;1422;1879;3826],13,0},{'M',[-3582;-5;-1654;-543],11,[20;-5;-239;240],4,[NaN;0;NaN;NaN],[-1791;49;1401;-543],8,[1;NaN;NaN;0],[2028;711;-1654;2401],10,[NaN;NaN;0;NaN]},{'O',[3582;5;1654;543],11,[3582;5;1654;543],11,0},{'M',[3819;1373;1401;2401],13,[-1791;49;1401;-543],8,[NaN;NaN;0;NaN],[2028;711;-1654;2401],10,[NaN;NaN;NaN;0],[3819;1373;1879;3826],12,[0;0;NaN;NaN]},{'O',[3819;1373;1401;2401],13,[3819;1373;1401;2401],13,0}}
Adder graph: {{'M',[64;1;64;4],1,[1;1;1;1],0,[6;0;6;2]},{'A',[257;3;255;17],2,[64;1;64;4],1,2,[1;-1;-1;1],0,0},{'M',[8;3;255;17],3,[1;1;1;1],0,[3;NaN;NaN;NaN],[257;3;255;17],2,[NaN;0;0;0]},{'M',[257;8;16;2],3,[1;1;1;1],0,[NaN;3;4;1],[257;3;255;17],2,[0;NaN;NaN;NaN]},{'A',[-249;-5;239;15],4,[8;3;255;17],3,0,[-257;-8;-16;-2],3,0},{'M',[1024;3;956;1],5,[1;1;1;1],0,[10;NaN;NaN;0],[257;3;255;17],2,[NaN;0;NaN;NaN],[-249;-5;239;15],4,[NaN;NaN;2;NaN]},{'M',[-249;-160;128;1920],5,[1;1;1;1],0,[NaN;NaN;7;NaN],[-249;-5;239;15],4,[0;5;NaN;7]},{'A',[1273;163;828;1921],6,[1024;3;956;1],5,0,[249;160;-128;1920],5,0},{'M',[1273;768;828;240],7,[257;3;255;17],2,[NaN;8;NaN;NaN],[-249;-5;239;15],4,[NaN;NaN;NaN;4],[1273;163;828;1921],6,[0;NaN;0;NaN]},{'M',[1273;163;255;1921],7,[257;3;255;17],2,[NaN;NaN;0;NaN],[1273;163;828;1921],6,[0;0;NaN;0]},{'A',[3819;1373;1401;2401],8,[1273;768;828;240],7,1,[1273;-163;-255;1921],7,0},{'M',[257;1;1;1921],7,[1;1;1;1],0,[NaN;0;0;NaN],[257;3;255;17],2,[0;NaN;NaN;NaN],[1273;163;828;1921],6,[NaN;NaN;NaN;0]},{'M',[2048;48;828;8],7,[1;1;1;1],0,[11;NaN;NaN;3],[257;3;255;17],2,[NaN;4;NaN;NaN],[1273;163;828;1921],6,[NaN;NaN;0;NaN]},{'A',[-1791;49;-827;1913],8,[257;1;1;1921],7,0,[-2048;48;-828;-8],7,0},{'M',[3819;1373;1401;1],9,[1;1;1;1],0,[NaN;NaN;NaN;0],[3819;1373;1401;2401],8,[0;0;0;NaN]},{'M',[-1791;49;478;544],9,[257;3;255;17],2,[NaN;NaN;NaN;5],[-249;-5;239;15],4,[NaN;NaN;1;NaN],[-1791;49;-827;1913],8,[0;0;NaN;NaN]},{'A',[2028;1422;1879;-543],10,[3819;1373;1401;1],9,0,[-1791;49;478;-544],9,0},{'M',[4056;1422;1879;3826],11,[-1791;49;-827;1913],8,[NaN;NaN;NaN;1],[2028;1422;1879;-543],10,[1;0;0;NaN]},{'O',[4056;1422;1879;3826],11,[4056;1422;1879;3826],11,0},{'M',[-3582;-5;-1654;-543],11,[-249;-5;239;15],4,[NaN;0;NaN;NaN],[-1791;49;-827;1913],8,[1;NaN;1;NaN],[2028;1422;1879;-543],10,[NaN;NaN;NaN;0]},{'O',[3582;5;1654;543],11,[3582;5;1654;543],11,0},{'O',[3819;1373;1401;2401],8,[3819;1373;1401;2401],8,0}}
Adder graph: {{'M',[8;1;8;1],1,[1;1;1;1],0,[3;0;3;0]},{'M',[1;1;1;2],1,[1;1;1;1],0,[0;0;0;1]},{'A',[255;33;255;30],2,[8;1;8;1],1,5,[-1;1;-1;-2],1,0},{'M',[255;33;255;480],3,[255;33;255;30],2,[0;0;0;4]},{'M',[512;2;32;1],1,[1;1;1;1],0,[9;1;5;0]},{'A',[767;31;223;481],4,[255;33;255;480],3,0,[512;-2;-32;1],1,0},{'M',[767;4;223;481],5,[1;1;1;1],0,[NaN;2;NaN;NaN],[767;31;223;481],4,[0;NaN;0;0]},{'M',[4;1;16;1],1,[1;1;1;1],0,[2;0;4;0]},{'A',[763;5;207;482],6,[767;4;223;481],5,0,[-4;1;-16;1],1,0},{'M',[1024;31;828;1024],7,[1;1;1;1],0,[10;NaN;NaN;10],[767;31;223;481],4,[NaN;0;NaN;NaN],[763;5;207;482],6,[NaN;NaN;2;NaN]},{'M',[767;640;1;481],7,[1;1;1;1],0,[NaN;NaN;0;NaN],[767;31;223;481],4,[0;NaN;NaN;0],[763;5;207;482],6,[NaN;7;NaN;NaN]},{'A',[1791;671;827;543],8,[1024;31;828;1024],7,0,[767;640;-1;-481],7,0},{'M',[767;31;1656;481],7,[767;31;223;481],4,[0;0;NaN;0],[763;5;207;482],6,[NaN;NaN;3;NaN]},{'M',[3052;1342;255;1920],9,[255;33;255;30],2,[NaN;NaN;0;6],[763;5;207;482],6,[2;NaN;NaN;NaN],[1791;671;827;543],8,[NaN;1;NaN;NaN]},{'A',[3819;1373;1401;2401],10,[767;31;1656;481],7,0,[3052;1342;-255;1920],9,0},{'M',[7638;671;223;3856],11,[767;31;223;481],4,[NaN;NaN;0;NaN],[763;5;207;482],6,[NaN;NaN;NaN;3],[1791;671;827;543],8,[NaN;0;NaN;NaN],[3819;1373;1401;2401],10,[1;NaN;NaN;NaN]},{'M',[3582;40;1656;30],9,[255;33;255;30],2,[NaN;NaN;NaN;0],[763;5;207;482],6,[NaN;3;3;NaN],[1791;671;827;543],8,[1;NaN;NaN;NaN]},{'A',[4056;711;1879;3826],12,[7638;671;223;3856],11,0,[-3582;40;1656;-30],9,0},{'M',[4056;1422;1879;3826],13,[4056;711;1879;3826],12,[0;1;0;0]},{'O',[4056;1422;1879;3826],13,[4056;1422;1879;3826],13,0},{'M',[3582;5;1654;543],9,[763;5;207;482],6,[NaN;0;NaN;NaN],[1791;671;827;543],8,[1;NaN;1;0]},{'O',[3582;5;1654;543],9,[3582;5;1654;543],9,0},{'O',[3819;1373;1401;2401],10,[3819;1373;1401;2401],10,0}}
Adder graph: {{'M',[128;1;1;128],1,[1;1;1;1],0,[7;0;0;7]},{'M',[32;1;32;1],1,[1;1;1;1],0,[5;0;5;0]},{'A',[-128;-7;-255;136],2,[128;1;1;128],1,0,[-32;-1;-32;1],1,3},{'M',[1;16;1;16],1,[1;1;1;1],0,[0;4;0;4]},{'A',[-224;-526;-478;-240],3,[-128;-7;-255;136],2,1,[1;-16;1;-16],1,5},{'M',[1;-526;-478;1],4,[1;1;1;1],0,[0;NaN;NaN;0],[-224;-526;-478;-240],3,[NaN;0;0;NaN]},{'M',[-128;-224;16;136],3,[1;1;1;1],0,[NaN;NaN;4;NaN],[-128;-7;-255;136],2,[0;5;NaN;0]},{'A',[-511;-1422;-414;-543],5,[1;-526;-478;1],4,0,[-128;-224;16;-136],3,2},{'M',[1;1;-1656;1],6,[1;1;1;1],0,[0;0;NaN;0],[-511;-1422;-414;-543],5,[NaN;NaN;2;NaN]},{'M',[-1792;-1052;-255;-1920],4,[-128;-7;-255;136],2,[NaN;NaN;0;NaN],[-224;-526;-478;-240],3,[3;1;NaN;3]},{'A',[-1791;1053;-1401;1921],7,[1;1;-1656;1],6,0,[-1792;1052;255;1920],4,0},{'M',[-511;1;1;4],6,[1;1;1;1],0,[NaN;0;0;2],[-511;-1422;-414;-543],5,[0;NaN;NaN;NaN]},{'M',[8;-7;-1656;1921],8,[1;1;1;1],0,[3;NaN;NaN;NaN],[-128;-7;-255;136],2,[NaN;0;NaN;NaN],[-511;-1422;-414;-543],5,[NaN;NaN;2;NaN],[-1791;1053;-1401;1921],7,[NaN;NaN;NaN;0]},{'A',[-1014;-5;-1654;-1913],9,[-511;1;1;4],6,1,[8;-7;-1656;-1921],8,0},{'M',[-2028;-320;-478;-480],10,[-224;-526;-478;-240],3,[NaN;NaN;0;1],[-1014;-5;-1654;-1913],9,[1;6;NaN;NaN]},{'A',[-3819;-1373;-1879;-2401],11,[-2028;-320;-478;-480],10,0,[-1791;-1053;-1401;-1921],7,0},{'M',[-4056;-1422;-1879;-3826],12,[-511;-1422;-414;-543],5,[NaN;0;NaN;NaN],[-1014;-5;-1654;-1913],9,[2;NaN;NaN;1],[-3819;-1373;-1879;-2401],11,[NaN;NaN;0;NaN]},{'O',[4056;1422;1879;3826],12,[4056;1422;1879;3826],12,0},{'M',[-3582;-5;-1654;-543],10,[-511;-1422;-414;-543],5,[NaN;NaN;NaN;0],[-1791;1053;-1401;1921],7,[1;NaN;NaN;NaN],[-1014;-5;-1654;-1913],9,[NaN;0;0;NaN]},{'O',[3582;5;1654;543],10,[3582;5;1654;543],10,0},{'M',[-3819;-1373;-1401;-2401],12,[-1791;1053;-1401;1921],7,[NaN;NaN;0;NaN],[-3819;-1373;-1879;-2401],11,[0;0;NaN;0]},{'O',[3819;1373;1401;2401],12,[3819;1373;1401;2401],12,0}}
Finished solving after 7238.38 seconds
Adder graph: {{'M',[128;1;1;128],1,[1;1;1;1],0,[7;0;0;7]},{'M',[32;1;32;1],1,[1;1;1;1],0,[5;0;5;0]},{'A',[-128;-7;-255;136],2,[128;1;1;128],1,0,[-32;-1;-32;1],1,3},{'M',[1;16;1;16],1,[1;1;1;1],0,[0;4;0;4]},{'A',[-224;-526;-478;-240],3,[-128;-7;-255;136],2,1,[1;-16;1;-16],1,5},{'M',[1;-526;-478;1],4,[1;1;1;1],0,[0;NaN;NaN;0],[-224;-526;-478;-240],3,[NaN;0;0;NaN]},{'M',[-128;-224;16;136],3,[1;1;1;1],0,[NaN;NaN;4;NaN],[-128;-7;-255;136],2,[0;5;NaN;0]},{'A',[-511;-1422;-414;-543],5,[1;-526;-478;1],4,0,[-128;-224;16;-136],3,2},{'M',[1;1;-1656;1],6,[1;1;1;1],0,[0;0;NaN;0],[-511;-1422;-414;-543],5,[NaN;NaN;2;NaN]},{'M',[-1792;-1052;-255;-1920],4,[-128;-7;-255;136],2,[NaN;NaN;0;NaN],[-224;-526;-478;-240],3,[3;1;NaN;3]},{'A',[-1791;1053;-1401;1921],7,[1;1;-1656;1],6,0,[-1792;1052;255;1920],4,0},{'M',[-511;1;1;4],6,[1;1;1;1],0,[NaN;0;0;2],[-511;-1422;-414;-543],5,[0;NaN;NaN;NaN]},{'M',[8;-7;-1656;1921],8,[1;1;1;1],0,[3;NaN;NaN;NaN],[-128;-7;-255;136],2,[NaN;0;NaN;NaN],[-511;-1422;-414;-543],5,[NaN;NaN;2;NaN],[-1791;1053;-1401;1921],7,[NaN;NaN;NaN;0]},{'A',[-1014;-5;-1654;-1913],9,[-511;1;1;4],6,1,[8;-7;-1656;-1921],8,0},{'M',[-2028;-320;-478;-480],10,[-224;-526;-478;-240],3,[NaN;NaN;0;1],[-1014;-5;-1654;-1913],9,[1;6;NaN;NaN]},{'A',[-3819;-1373;-1879;-2401],11,[-2028;-320;-478;-480],10,0,[-1791;-1053;-1401;-1921],7,0},{'M',[-4056;-1422;-1879;-3826],12,[-511;-1422;-414;-543],5,[NaN;0;NaN;NaN],[-1014;-5;-1654;-1913],9,[2;NaN;NaN;1],[-3819;-1373;-1879;-2401],11,[NaN;NaN;0;NaN]},{'O',[4056;1422;1879;3826],12,[4056;1422;1879;3826],12,0},{'M',[-3582;-5;-1654;-543],10,[-511;-1422;-414;-543],5,[NaN;NaN;NaN;0],[-1791;1053;-1401;1921],7,[1;NaN;NaN;NaN],[-1014;-5;-1654;-1913],9,[NaN;0;0;NaN]},{'O',[3582;5;1654;543],10,[3582;5;1654;543],10,0},{'M',[-3819;-1373;-1401;-2401],12,[-1791;1053;-1401;1921],7,[NaN;NaN;0;NaN],[-3819;-1373;-1879;-2401],11,[0;0;NaN;0]},{'O',[3819;1373;1401;2401],12,[3819;1373;1401;2401],12,0}}
# Add optimal = 1
# Mux optimal = 0
# FAs optimal = 0
