Adder graph: {{'A',[1,-1,0],1,0,[1,0,0],0,0,[0,-1,0],0,0},{'A',[0,0,-15],1,0,[0,0,1],0,0,[0,0,-1],0,4},{'A',[7,1,0],2,0,[1,0,0],0,3,[-1,1,0],1,0},{'A',[-13,-3,0],3,0,[1,-1,0],1,0,[-7,-1,0],2,1},{'A',[-13,-3,-30],4,0,[-13,-3,0],3,0,[0,0,-15],1,1},{'O',[-13,-3,-30],4,[-13,-3,-30],4,0}}
Adder graph: {{'A',[4,1,0],1,0,[0,1,0],0,0,[1,0,0],0,2},{'A',[-3,-1,0],2,0,[1,0,0],0,0,[-4,-1,0],1,0},{'A',[3,1,2],3,0,[0,0,1],0,1,[3,1,0],2,0},{'A',[4,1,8],2,0,[4,1,0],1,0,[0,0,1],0,3},{'A',[-13,-3,-30],4,0,[3,1,2],3,0,[-4,-1,-8],2,2},{'O',[-13,-3,-30],4,[-13,-3,-30],4,0}}
Adder graph: {{'A',[1,0,2],1,0,[1,0,0],0,0,[0,0,1],0,1},{'A',[-1,1,-2],2,0,[0,1,0],0,0,[-1,0,-2],1,0},{'A',[3,-3,6],3,0,[-1,1,-2],2,0,[1,-1,2],2,2},{'A',[-13,-3,-26],4,0,[3,-3,6],3,0,[-1,0,-2],1,4},{'A',[-13,-3,-30],5,0,[-13,-3,-26],4,0,[0,0,-1],0,2},{'O',[-13,-3,-30],5,[-13,-3,-30],5,0}}
Adder graph: {{'A',[1,-1,0],1,0,[1,0,0],0,0,[0,-1,0],0,0},{'A',[3,1,0],2,0,[1,0,0],0,2,[-1,1,0],1,0},{'A',[3,1,8],3,0,[3,1,0],2,0,[0,0,1],0,3},{'A',[1,-1,-2],2,0,[1,-1,0],1,0,[0,0,-1],0,1},{'A',[13,3,30],4,0,[1,-1,-2],2,0,[3,1,8],3,2},{'O',[-13,-3,-30],4,[-13,-3,-30],4,0}}
Adder graph: {{'A',[1,-1,0],1,0,[1,0,0],0,0,[0,-1,0],0,0},{'A',[-3,3,0],2,0,[1,-1,0],1,0,[-1,1,0],1,2},{'A',[0,0,-15],1,0,[0,0,1],0,0,[0,0,-1],0,4},{'A',[13,3,0],3,0,[-3,3,0],2,0,[1,0,0],0,4},{'A',[13,3,30],4,0,[13,3,0],3,0,[0,0,15],1,1},{'O',[-13,-3,-30],4,[-13,-3,-30],4,0}}
Adder graph: {{'A',[-1,1,0],1,0,[0,1,0],0,0,[-1,0,0],0,0},{'A',[-1,1,2],2,0,[-1,1,0],1,0,[0,0,1],0,1},{'A',[3,-3,2],3,0,[-1,1,2],2,0,[1,-1,0],1,2},{'A',[1,0,2],1,0,[0,0,1],0,1,[1,0,0],0,0},{'A',[-13,-3,-30],4,0,[3,-3,2],3,0,[-1,0,-2],1,4},{'O',[-13,-3,-30],4,[-13,-3,-30],4,0}}
Adder graph: {{'A',[1,-1,0],1,0,[1,0,0],0,0,[0,-1,0],0,0},{'A',[1,-1,-2],2,0,[1,-1,0],1,0,[0,0,-1],0,1},{'A',[-3,3,-2],3,0,[1,-1,-2],2,0,[-1,1,0],1,2},{'A',[13,3,-2],4,0,[-3,3,-2],3,0,[1,0,0],0,4},{'A',[13,3,30],5,0,[13,3,-2],4,0,[0,0,1],0,5},{'O',[-13,-3,-30],5,[-13,-3,-30],5,0}}
Finished solving after 164.292 seconds
Adder graph: {{'A',[1,-1,0],1,0,[1,0,0],0,0,[0,-1,0],0,0},{'A',[1,-1,-2],2,0,[1,-1,0],1,0,[0,0,-1],0,1},{'A',[-3,3,-2],3,0,[1,-1,-2],2,0,[-1,1,0],1,2},{'A',[13,3,-2],4,0,[-3,3,-2],3,0,[1,0,0],0,4},{'A',[13,3,30],5,0,[13,3,-2],4,0,[0,0,1],0,5},{'O',[-13,-3,-30],5,[-13,-3,-30],5,0}}
#Add optimal = 1
#FAs optimal = 1
