Adder graph: {{'A',[0,1,-2],1,0,[0,1,0],0,0,[0,0,-1],0,1},{'A',[0,33,-2],2,0,[0,1,0],0,5,[0,1,-2],1,0},{'A',[1,-33,2],3,0,[1,0,0],0,0,[0,-33,2],2,0},{'A',[-15,-33,2],4,0,[1,-33,2],3,0,[-1,0,0],0,4},{'A',[-15,-29,-6],5,0,[0,1,-2],1,2,[-15,-33,2],4,0},{'O',[-15,-29,-6],5,[-15,-29,-6],5,0}}
Adder graph: {{'A',[1,2,0],1,0,[0,1,0],0,1,[1,0,0],0,0},{'A',[0,0,-3],1,0,[0,0,1],0,0,[0,0,-1],0,2},{'A',[1,2,-6],2,0,[1,2,0],1,0,[0,0,-3],1,1},{'A',[-15,-30,-6],3,0,[1,2,-6],2,0,[-1,-2,0],1,4},{'A',[-15,-29,-6],4,0,[0,1,0],0,0,[-15,-30,-6],3,0},{'O',[-15,-29,-6],4,[-15,-29,-6],4,0}}
Adder graph: {{'A',[-15,0,0],1,0,[1,0,0],0,0,[-1,0,0],0,4},{'A',[-15,-32,0],2,0,[-15,0,0],1,0,[0,-1,0],0,5},{'A',[0,1,-2],1,0,[0,1,0],0,0,[0,0,-1],0,1},{'A',[0,3,-6],2,0,[0,1,-2],1,1,[0,1,-2],1,0},{'A',[-15,-29,-6],3,0,[0,3,-6],2,0,[-15,-32,0],2,0},{'O',[-15,-29,-6],3,[-15,-29,-6],3,0}}
Adder graph: {{'A',[1,2,0],1,0,[0,1,0],0,1,[1,0,0],0,0},{'A',[1,3,0],2,0,[1,2,0],1,0,[0,1,0],0,0},{'A',[0,0,-3],1,0,[0,0,1],0,0,[0,0,-1],0,2},{'A',[-15,-29,0],3,0,[1,3,0],2,0,[-1,-2,0],1,4},{'A',[-15,-29,-6],4,0,[0,0,-3],1,1,[-15,-29,0],3,0},{'O',[-15,-29,-6],4,[-15,-29,-6],4,0}}
Adder graph: {{'A',[2,0,1],1,0,[0,0,1],0,0,[1,0,0],0,1},{'A',[-1,1,0],1,0,[0,1,0],0,0,[-1,0,0],0,0},{'A',[-5,1,-2],2,0,[-1,1,0],1,0,[-2,0,-1],1,1},{'A',[-5,-7,-2],3,0,[-5,1,-2],2,0,[0,-1,0],0,3},{'A',[15,29,6],4,0,[-5,1,-2],2,0,[5,7,2],3,2},{'O',[-15,-29,-6],4,[-15,-29,-6],4,0}}
Adder graph: {{'A',[0,1,-2],1,0,[0,1,0],0,0,[0,0,-1],0,1},{'A',[-1,1,-2],2,0,[0,1,-2],1,0,[-1,0,0],0,0},{'A',[-1,-3,6],3,0,[-1,1,-2],2,0,[0,-1,2],1,2},{'A',[1,2,0],1,0,[1,0,0],0,0,[0,1,0],0,1},{'A',[15,29,6],4,0,[1,2,0],1,4,[-1,-3,6],3,0},{'O',[-15,-29,-6],4,[-15,-29,-6],4,0}}
Adder graph: {{'A',[0,1,-2],1,0,[0,1,0],0,0,[0,0,-1],0,1},{'A',[-1,1,-2],2,0,[0,1,-2],1,0,[-1,0,0],0,0},{'A',[-1,-3,6],3,0,[-1,1,-2],2,0,[0,-1,2],1,2},{'A',[15,-3,6],4,0,[-1,-3,6],3,0,[1,0,0],0,4},{'A',[15,29,6],5,0,[15,-3,6],4,0,[0,1,0],0,5},{'O',[-15,-29,-6],5,[-15,-29,-6],5,0}}
Finished solving after 277.779 seconds
Adder graph: {{'A',[0,1,-2],1,0,[0,1,0],0,0,[0,0,-1],0,1},{'A',[-1,1,-2],2,0,[0,1,-2],1,0,[-1,0,0],0,0},{'A',[-1,-3,6],3,0,[-1,1,-2],2,0,[0,-1,2],1,2},{'A',[15,-3,6],4,0,[-1,-3,6],3,0,[1,0,0],0,4},{'A',[15,29,6],5,0,[15,-3,6],4,0,[0,1,0],0,5},{'O',[-15,-29,-6],5,[-15,-29,-6],5,0}}
#Add optimal = 1
#FAs optimal = 1
