Adder graph: {{'A',[0,3,0],1,0,[0,1,0],0,2,[0,-1,0],0,0},{'A',[0,0,-31],1,0,[0,0,1],0,0,[0,0,-1],0,5},{'A',[2,0,-31],2,0,[0,0,-31],1,0,[1,0,0],0,1},{'A',[2,-12,-31],3,0,[2,0,-31],2,0,[0,-3,0],1,2},{'A',[-2,13,31],4,0,[0,1,0],0,0,[-2,12,31],3,0},{'O',[-2,13,31],4,[-2,13,31],4,0}}
Adder graph: {{'A',[0,4,1],1,0,[0,1,0],0,2,[0,0,1],0,0},{'A',[0,1,32],1,0,[0,1,0],0,0,[0,0,1],0,5},{'A',[1,-8,0],1,0,[1,0,0],0,0,[0,-1,0],0,3},{'A',[2,-17,-32],2,0,[1,-8,0],1,1,[0,-1,-32],1,0},{'A',[2,-13,-31],3,0,[2,-17,-32],2,0,[0,4,1],1,0},{'O',[-2,13,31],3,[-2,13,31],3,0}}
Adder graph: {{'A',[1,1,0],1,0,[1,0,0],0,0,[0,1,0],0,0},{'A',[1,-7,0],2,0,[1,1,0],1,0,[0,-1,0],0,3},{'A',[2,-14,1],3,0,[0,0,1],0,0,[1,-7,0],2,1},{'A',[2,-14,-31],4,0,[2,-14,1],3,0,[0,0,-1],0,5},{'A',[2,-13,-31],5,0,[2,-14,-31],4,0,[0,1,0],0,0},{'O',[-2,13,31],5,[-2,13,31],5,0}}
Adder graph: {{'A',[-1,2,0],1,0,[0,1,0],0,1,[-1,0,0],0,0},{'A',[-2,4,-1],2,0,[-1,2,0],1,1,[0,0,-1],0,0},{'A',[0,9,0],1,0,[0,1,0],0,3,[0,1,0],0,0},{'A',[-2,13,-1],3,0,[0,9,0],1,0,[-2,4,-1],2,0},{'A',[-2,13,31],4,0,[0,0,1],0,5,[-2,13,-1],3,0},{'O',[-2,13,31],4,[-2,13,31],4,0}}
Adder graph: {{'A',[2,-1,0],1,0,[1,0,0],0,1,[0,-1,0],0,0},{'A',[0,4,1],1,0,[0,1,0],0,2,[0,0,1],0,0},{'A',[2,-1,-32],2,0,[2,-1,0],1,0,[0,0,-1],0,5},{'A',[0,-12,1],2,0,[0,4,1],1,0,[0,-1,0],0,4},{'A',[2,-13,-31],3,0,[0,-12,1],2,0,[2,-1,-32],2,0},{'O',[-2,13,31],3,[-2,13,31],3,0}}
Adder graph: {{'A',[-2,1,0],1,0,[0,1,0],0,0,[-1,0,0],0,1},{'A',[0,1,2],1,0,[0,1,0],0,0,[0,0,1],0,1},{'A',[0,4,1],1,0,[0,0,1],0,0,[0,1,0],0,2},{'A',[-2,-3,-1],2,0,[-2,1,0],1,0,[0,-4,-1],1,0},{'A',[-2,13,31],3,0,[-2,-3,-1],2,0,[0,1,2],1,4},{'O',[-2,13,31],3,[-2,13,31],3,0}}
Adder graph: {{'A',[1,2,0],1,0,[0,1,0],0,1,[1,0,0],0,0},{'A',[0,-1,1],1,0,[0,0,1],0,0,[0,-1,0],0,0},{'A',[2,3,1],2,0,[1,2,0],1,1,[0,-1,1],1,0},{'A',[2,3,-31],3,0,[2,3,1],2,0,[0,0,-1],0,5},{'A',[2,-13,-31],4,0,[2,3,-31],3,0,[0,-1,0],0,4},{'O',[-2,13,31],4,[-2,13,31],4,0}}
Adder graph: {{'A',[0,4,1],1,0,[0,0,1],0,0,[0,1,0],0,2},{'A',[-2,1,0],1,0,[0,1,0],0,0,[-1,0,0],0,1},{'A',[2,3,1],2,0,[0,4,1],1,0,[2,-1,0],1,0},{'A',[2,-13,1],3,0,[2,3,1],2,0,[0,-1,0],0,4},{'A',[2,-13,-31],4,0,[2,-13,1],3,0,[0,0,-1],0,5},{'O',[-2,13,31],4,[-2,13,31],4,0}}
Adder graph: {{'A',[0,1,1],1,0,[0,0,1],0,0,[0,1,0],0,0},{'A',[1,1,0],1,0,[1,0,0],0,0,[0,1,0],0,0},{'A',[2,3,1],2,0,[1,1,0],1,1,[0,1,1],1,0},{'A',[2,-13,1],3,0,[2,3,1],2,0,[0,-1,0],0,4},{'A',[2,-13,-31],4,0,[2,-13,1],3,0,[0,0,-1],0,5},{'O',[-2,13,31],4,[-2,13,31],4,0}}
Adder graph: {{'A',[0,1,-1],1,0,[0,1,0],0,0,[0,0,-1],0,0},{'A',[-2,1,-1],2,0,[0,1,-1],1,0,[-1,0,0],0,1},{'A',[-2,-3,-1],3,0,[-2,1,-1],2,0,[0,-1,0],0,2},{'A',[-2,13,-1],4,0,[0,1,0],0,4,[-2,-3,-1],3,0},{'A',[-2,13,31],5,0,[-2,13,-1],4,0,[0,0,1],0,5},{'O',[-2,13,31],5,[-2,13,31],5,0}}
Finished solving after 218.445 seconds
Adder graph: {{'A',[0,1,-1],1,0,[0,1,0],0,0,[0,0,-1],0,0},{'A',[-2,1,-1],2,0,[0,1,-1],1,0,[-1,0,0],0,1},{'A',[-2,-3,-1],3,0,[-2,1,-1],2,0,[0,-1,0],0,2},{'A',[-2,13,-1],4,0,[0,1,0],0,4,[-2,-3,-1],3,0},{'A',[-2,13,31],5,0,[-2,13,-1],4,0,[0,0,1],0,5},{'O',[-2,13,31],5,[-2,13,31],5,0}}
#Add optimal = 1
#FAs optimal = 1
