Adder graph: {{'A',[0,0,31],1,0,[0,0,1],0,5,[0,0,-1],0,0},{'A',[16,0,31],2,0,[0,0,31],1,0,[1,0,0],0,4},{'A',[0,1,1],1,0,[0,1,0],0,0,[0,0,1],0,0},{'A',[16,-8,23],3,0,[16,0,31],2,0,[0,-1,-1],1,3},{'O',[16,-8,23],3,[16,-8,23],3,0}}
Adder graph: {{'A',[0,0,7],1,0,[0,0,1],0,3,[0,0,-1],0,0},{'A',[2,-1,0],1,0,[1,0,0],0,1,[0,-1,0],0,0},{'A',[2,-1,2],2,0,[0,0,1],0,1,[2,-1,0],1,0},{'A',[16,-8,23],3,0,[0,0,7],1,0,[2,-1,2],2,3},{'O',[16,-8,23],3,[16,-8,23],3,0}}
Adder graph: {{'A',[-16,0,1],1,0,[0,0,1],0,0,[-1,0,0],0,4},{'A',[-16,0,-15],2,0,[-16,0,1],1,0,[0,0,-1],0,4},{'A',[0,-1,1],1,0,[0,0,1],0,0,[0,-1,0],0,0},{'A',[16,-8,23],3,0,[0,-1,1],1,3,[16,0,15],2,0},{'O',[16,-8,23],3,[16,-8,23],3,0}}
Adder graph: {{'A',[0,8,1],1,0,[0,1,0],0,3,[0,0,1],0,0},{'A',[0,8,9],2,0,[0,8,1],1,0,[0,0,1],0,3},{'A',[1,0,2],1,0,[0,0,1],0,1,[1,0,0],0,0},{'A',[-16,8,-23],3,0,[0,8,9],2,0,[-1,0,-2],1,4},{'O',[16,-8,23],3,[16,-8,23],3,0}}
Adder graph: {{'A',[0,1,-2],1,0,[0,1,0],0,0,[0,0,-1],0,1},{'A',[0,0,-7],1,0,[0,0,1],0,0,[0,0,-1],0,3},{'A',[0,8,-23],2,0,[0,0,-7],1,0,[0,1,-2],1,3},{'A',[-16,8,-23],3,0,[0,8,-23],2,0,[-1,0,0],0,4},{'O',[16,-8,23],3,[16,-8,23],3,0}}
Adder graph: {{'A',[0,0,-7],1,0,[0,0,1],0,0,[0,0,-1],0,3},{'A',[1,0,1],1,0,[0,0,1],0,0,[1,0,0],0,0},{'A',[0,8,-7],2,0,[0,0,-7],1,0,[0,1,0],0,3},{'A',[-16,8,-23],3,0,[0,8,-7],2,0,[-1,0,-1],1,4},{'O',[16,-8,23],3,[16,-8,23],3,0}}
Finished solving after 16.087 seconds
Adder graph: {{'A',[0,0,-7],1,0,[0,0,1],0,0,[0,0,-1],0,3},{'A',[1,0,1],1,0,[0,0,1],0,0,[1,0,0],0,0},{'A',[0,8,-7],2,0,[0,0,-7],1,0,[0,1,0],0,3},{'A',[-16,8,-23],3,0,[0,8,-7],2,0,[-1,0,-1],1,4},{'O',[16,-8,23],3,[16,-8,23],3,0}}
#Add optimal = 1
#FAs optimal = 1
