Adder graph: {{'A',[0,1,2],1,0,[0,1,0],0,0,[0,0,1],0,1},{'A',[2,1,2],2,0,[0,1,2],1,0,[1,0,0],0,1},{'A',[8,5,10],3,0,[0,1,2],1,0,[2,1,2],2,2},{'A',[24,15,30],4,0,[8,5,10],3,0,[8,5,10],3,1},{'A',[-24,-13,-30],5,0,[0,1,0],0,1,[-24,-15,-30],4,0},{'O',[24,13,30],5,[24,13,30],5,0}}
Adder graph: {{'A',[-8,1,0],1,0,[0,1,0],0,0,[-1,0,0],0,3},{'A',[-8,1,-2],2,0,[-8,1,0],1,0,[0,0,-1],0,1},{'A',[-8,-3,0],2,0,[-8,1,0],1,0,[0,-1,0],0,2},{'A',[-8,-3,-8],3,0,[-8,-3,0],2,0,[0,0,-1],0,3},{'A',[-24,-13,-30],4,0,[-8,-3,-8],3,2,[8,-1,2],2,0},{'O',[24,13,30],4,[24,13,30],4,0}}
Adder graph: {{'A',[4,-1,0],1,0,[1,0,0],0,2,[0,-1,0],0,0},{'A',[0,1,2],1,0,[0,1,0],0,0,[0,0,1],0,1},{'A',[12,-1,0],2,0,[4,-1,0],1,0,[1,0,0],0,3},{'A',[12,7,16],3,0,[12,-1,0],2,0,[0,1,2],1,3},{'A',[-24,-13,-30],4,0,[0,1,2],1,0,[-12,-7,-16],3,1},{'O',[24,13,30],4,[24,13,30],4,0}}
Adder graph: {{'A',[0,1,2],1,0,[0,0,1],0,1,[0,1,0],0,0},{'A',[0,3,2],2,0,[0,1,2],1,0,[0,1,0],0,1},{'A',[8,3,2],3,0,[0,3,2],2,0,[1,0,0],0,3},{'A',[2,1,2],2,0,[0,1,2],1,0,[1,0,0],0,1},{'A',[24,13,30],4,0,[2,1,2],2,4,[-8,-3,-2],3,0},{'O',[24,13,30],4,[24,13,30],4,0}}
Adder graph: {{'A',[0,0,-15],1,0,[0,0,1],0,0,[0,0,-1],0,4},{'A',[-8,1,0],1,0,[0,1,0],0,0,[-1,0,0],0,3},{'A',[-8,17,0],2,0,[-8,1,0],1,0,[0,1,0],0,4},{'A',[24,13,0],3,0,[-8,17,0],2,0,[8,-1,0],1,2},{'A',[24,13,30],4,0,[24,13,0],3,0,[0,0,15],1,1},{'O',[24,13,30],4,[24,13,30],4,0}}
Adder graph: {{'A',[2,1,0],1,0,[1,0,0],0,1,[0,1,0],0,0},{'A',[-8,-3,0],2,0,[0,1,0],0,0,[-2,-1,0],1,2},{'A',[0,0,-15],1,0,[0,0,1],0,0,[0,0,-1],0,4},{'A',[-8,-3,30],3,0,[-8,-3,0],2,0,[0,0,15],1,1},{'A',[24,13,30],4,0,[-8,-3,30],3,0,[2,1,0],1,4},{'O',[24,13,30],4,[24,13,30],4,0}}
Adder graph: {{'A',[0,1,2],1,0,[0,1,0],0,0,[0,0,1],0,1},{'A',[0,3,2],2,0,[0,1,0],0,1,[0,1,2],1,0},{'A',[-32,3,2],3,0,[0,3,2],2,0,[-1,0,0],0,5},{'A',[1,-2,-4],2,0,[1,0,0],0,0,[0,-1,-2],1,1},{'A',[-24,-13,-30],4,0,[-32,3,2],3,0,[1,-2,-4],2,3},{'O',[24,13,30],4,[24,13,30],4,0}}
Adder graph: {{'A',[0,1,2],1,0,[0,1,0],0,0,[0,0,1],0,1},{'A',[8,1,2],2,0,[0,1,2],1,0,[1,0,0],0,3},{'A',[-24,1,2],3,0,[8,1,2],2,0,[-1,0,0],0,5},{'A',[-24,3,2],4,0,[0,1,0],0,1,[-24,1,2],3,0},{'A',[-24,-13,-30],5,0,[-24,3,2],4,0,[0,-1,-2],1,4},{'O',[24,13,30],5,[24,13,30],5,0}}
Adder graph: {{'A',[0,1,2],1,0,[0,1,0],0,0,[0,0,1],0,1},{'A',[0,3,2],2,0,[0,1,2],1,0,[0,1,0],0,1},{'A',[-8,3,2],3,0,[0,3,2],2,0,[-1,0,0],0,3},{'A',[-24,3,2],4,0,[-8,3,2],3,0,[-1,0,0],0,4},{'A',[-24,-13,-30],5,0,[-24,3,2],4,0,[0,-1,-2],1,4},{'O',[24,13,30],5,[24,13,30],5,0}}
Adder graph: {{'A',[0,1,2],1,0,[0,1,0],0,0,[0,0,1],0,1},{'A',[0,3,2],2,0,[0,1,0],0,1,[0,1,2],1,0},{'A',[8,3,2],3,0,[1,0,0],0,3,[0,3,2],2,0},{'A',[-24,3,2],4,0,[8,3,2],3,0,[-1,0,0],0,5},{'A',[-24,-13,-30],5,0,[-24,3,2],4,0,[0,-1,-2],1,4},{'O',[24,13,30],5,[24,13,30],5,0}}
Finished solving after 261.828 seconds
Adder graph: {{'A',[0,1,2],1,0,[0,1,0],0,0,[0,0,1],0,1},{'A',[0,3,2],2,0,[0,1,0],0,1,[0,1,2],1,0},{'A',[8,3,2],3,0,[1,0,0],0,3,[0,3,2],2,0},{'A',[-24,3,2],4,0,[8,3,2],3,0,[-1,0,0],0,5},{'A',[-24,-13,-30],5,0,[-24,3,2],4,0,[0,-1,-2],1,4},{'O',[24,13,30],5,[24,13,30],5,0}}
#Add optimal = 1
#FAs optimal = 1
