Adder graph: {{'A',[2,0,1],1,0,[1,0,0],0,1,[0,0,1],0,0},{'A',[2,0,3],2,0,[0,0,1],0,1,[2,0,1],1,0},{'A',[-4,1,-2],2,0,[0,1,0],0,0,[-2,0,-1],1,1},{'A',[-30,8,-13],3,0,[-4,1,-2],2,3,[2,0,3],2,0},{'A',[-26,7,-11],4,0,[-30,8,-13],3,0,[4,-1,2],2,0},{'O',[26,-7,11],4,[26,-7,11],4,0}}
Adder graph: {{'A',[1,0,-2],1,0,[1,0,0],0,0,[0,0,-1],0,1},{'A',[4,0,1],1,0,[1,0,0],0,2,[0,0,1],0,0},{'A',[-4,1,-1],2,0,[0,1,0],0,0,[-4,0,-1],1,0},{'A',[6,-1,-3],3,0,[1,0,-2],1,1,[4,-1,1],2,0},{'A',[-26,7,-11],4,0,[6,-1,-3],3,0,[-4,1,-1],2,3},{'O',[26,-7,11],4,[26,-7,11],4,0}}
Adder graph: {{'A',[0,-1,1],1,0,[0,0,1],0,0,[0,-1,0],0,0},{'A',[1,0,-2],1,0,[1,0,0],0,0,[0,0,-1],0,1},{'A',[4,-1,1],2,0,[0,-1,1],1,0,[1,0,0],0,2},{'A',[-28,7,-7],3,0,[4,-1,1],2,0,[-4,1,-1],2,3},{'A',[-26,7,-11],4,0,[-28,7,-7],3,0,[1,0,-2],1,1},{'O',[26,-7,11],4,[26,-7,11],4,0}}
Adder graph: {{'A',[0,1,-1],1,0,[0,1,0],0,0,[0,0,-1],0,0},{'A',[-1,0,2],1,0,[0,0,1],0,1,[-1,0,0],0,0},{'A',[-4,1,-1],2,0,[0,1,-1],1,0,[-1,0,0],0,2},{'A',[-6,1,3],3,0,[-1,0,2],1,1,[-4,1,-1],2,0},{'A',[26,-7,11],4,0,[-6,1,3],3,0,[4,-1,1],2,3},{'O',[26,-7,11],4,[26,-7,11],4,0}}
Adder graph: {{'A',[0,-1,1],1,0,[0,0,1],0,0,[0,-1,0],0,0},{'A',[4,-1,1],2,0,[1,0,0],0,2,[0,-1,1],1,0},{'A',[4,-1,-3],3,0,[4,-1,1],2,0,[0,0,-1],0,2},{'A',[6,-1,-3],4,0,[1,0,0],0,1,[4,-1,-3],3,0},{'A',[-26,7,-11],5,0,[6,-1,-3],4,0,[-4,1,-1],2,3},{'O',[26,-7,11],5,[26,-7,11],5,0}}
Adder graph: {{'A',[2,0,1],1,0,[1,0,0],0,1,[0,0,1],0,0},{'A',[2,-1,1],2,0,[2,0,1],1,0,[0,-1,0],0,0},{'A',[-2,-1,1],3,0,[2,-1,1],2,0,[-1,0,0],0,2},{'A',[-10,-1,-3],4,0,[-2,-1,1],3,0,[-2,0,-1],1,2},{'A',[-26,7,-11],5,0,[-10,-1,-3],4,0,[-2,1,-1],2,3},{'O',[26,-7,11],5,[26,-7,11],5,0}}
Finished solving after 341.576 seconds
Adder graph: {{'A',[2,0,1],1,0,[1,0,0],0,1,[0,0,1],0,0},{'A',[2,-1,1],2,0,[2,0,1],1,0,[0,-1,0],0,0},{'A',[-2,-1,1],3,0,[2,-1,1],2,0,[-1,0,0],0,2},{'A',[-10,-1,-3],4,0,[-2,-1,1],3,0,[-2,0,-1],1,2},{'A',[-26,7,-11],5,0,[-10,-1,-3],4,0,[-2,1,-1],2,3},{'O',[26,-7,11],5,[26,-7,11],5,0}}
#Add optimal = 1
#FAs optimal = 1
