Adder graph: {{'A',[4,0,-1],1,0,[1,0,0],0,2,[0,0,-1],0,0},{'A',[0,1,2],1,0,[0,0,1],0,1,[0,1,0],0,0},{'A',[4,2,3],2,0,[0,1,2],1,1,[4,0,-1],1,0},{'A',[33,16,24],3,0,[4,2,3],2,3,[1,0,0],0,0},{'A',[-29,-14,-21],4,0,[4,2,3],2,0,[-33,-16,-24],3,0},{'O',[29,14,21],4,[29,14,21],4,0}}
Adder graph: {{'A',[-4,0,1],1,0,[0,0,1],0,0,[-1,0,0],0,2},{'A',[4,2,-1],2,0,[0,1,0],0,1,[4,0,-1],1,0},{'A',[4,2,3],3,0,[4,2,-1],2,0,[0,0,1],0,2},{'A',[33,16,24],4,0,[1,0,0],0,0,[4,2,3],3,3},{'A',[-29,-14,-21],5,0,[4,2,3],3,0,[-33,-16,-24],4,0},{'O',[29,14,21],5,[29,14,21],5,0}}
Adder graph: {{'A',[1,0,1],1,0,[1,0,0],0,0,[0,0,1],0,0},{'A',[-1,2,-1],2,0,[0,1,0],0,1,[-1,0,-1],1,0},{'A',[3,2,3],3,0,[1,0,1],1,2,[-1,2,-1],2,0},{'A',[4,2,3],4,0,[3,2,3],3,0,[1,0,0],0,0},{'A',[29,14,21],5,0,[4,2,3],4,3,[-3,-2,-3],3,0},{'O',[29,14,21],5,[29,14,21],5,0}}
Adder graph: {{'A',[0,-2,1],1,0,[0,0,1],0,0,[0,-1,0],0,1},{'A',[0,-2,-3],2,0,[0,-2,1],1,0,[0,0,-1],0,2},{'A',[4,2,3],3,0,[1,0,0],0,2,[0,2,3],2,0},{'A',[3,2,3],4,0,[4,2,3],3,0,[-1,0,0],0,0},{'A',[-29,-14,-21],5,0,[3,2,3],4,0,[-4,-2,-3],3,3},{'O',[29,14,21],5,[29,14,21],5,0}}
Adder graph: {{'A',[0,0,3],1,0,[0,0,1],0,0,[0,0,1],0,1},{'A',[0,2,3],2,0,[0,0,3],1,0,[0,1,0],0,1},{'A',[4,2,3],3,0,[0,2,3],2,0,[1,0,0],0,2},{'A',[3,2,3],4,0,[4,2,3],3,0,[-1,0,0],0,0},{'A',[-29,-14,-21],5,0,[3,2,3],4,0,[-4,-2,-3],3,3},{'O',[29,14,21],5,[29,14,21],5,0}}
Adder graph: {{'A',[1,0,1],1,0,[1,0,0],0,0,[0,0,1],0,0},{'A',[2,1,2],2,0,[0,1,0],0,0,[1,0,1],1,1},{'A',[-14,-7,-14],3,0,[2,1,2],2,0,[-2,-1,-2],2,3},{'A',[1,0,-7],2,0,[1,0,1],1,0,[0,0,-1],0,3},{'A',[29,14,21],4,0,[1,0,-7],2,0,[14,7,14],3,1},{'O',[29,14,21],4,[29,14,21],4,0}}
Adder graph: {{'A',[1,0,1],1,0,[0,0,1],0,0,[1,0,0],0,0},{'A',[1,0,-7],2,0,[1,0,1],1,0,[0,0,-1],0,3},{'A',[2,1,2],2,0,[0,1,0],0,0,[1,0,1],1,1},{'A',[-3,-2,-11],3,0,[1,0,-7],2,0,[-2,-1,-2],2,1},{'A',[29,14,21],4,0,[2,1,2],2,4,[-3,-2,-11],3,0},{'O',[29,14,21],4,[29,14,21],4,0}}
Adder graph: {{'A',[1,0,1],1,0,[1,0,0],0,0,[0,0,1],0,0},{'A',[1,-2,1],2,0,[1,0,1],1,0,[0,-1,0],0,1},{'A',[-3,-2,-3],3,0,[1,-2,1],2,0,[-1,0,-1],1,2},{'A',[5,-2,-3],4,0,[-3,-2,-3],3,0,[1,0,0],0,3},{'A',[29,14,21],5,0,[5,-2,-3],4,0,[3,2,3],3,3},{'O',[29,14,21],5,[29,14,21],5,0}}
Finished solving after 506.282 seconds
Adder graph: {{'A',[1,0,1],1,0,[1,0,0],0,0,[0,0,1],0,0},{'A',[1,-2,1],2,0,[1,0,1],1,0,[0,-1,0],0,1},{'A',[-3,-2,-3],3,0,[1,-2,1],2,0,[-1,0,-1],1,2},{'A',[5,-2,-3],4,0,[-3,-2,-3],3,0,[1,0,0],0,3},{'A',[29,14,21],5,0,[5,-2,-3],4,0,[3,2,3],3,3},{'O',[29,14,21],5,[29,14,21],5,0}}
#Add optimal = 1
#FAs optimal = 1
