Adder graph: {{'A',[4,0,-1],1,0,[1,0,0],0,2,[0,0,-1],0,0},{'A',[0,0,15],1,0,[0,0,1],0,4,[0,0,-1],0,0},{'A',[4,16,-1],2,0,[0,1,0],0,4,[4,0,-1],1,0},{'A',[8,32,13],3,0,[0,0,15],1,0,[4,16,-1],2,1},{'A',[8,31,13],4,0,[8,32,13],3,0,[0,-1,0],0,0},{'O',[8,31,13],4,[8,31,13],4,0}}
Adder graph: {{'A',[0,-31,0],1,0,[0,1,0],0,0,[0,-1,0],0,5},{'A',[0,0,-7],1,0,[0,0,1],0,0,[0,0,-1],0,3},{'A',[0,0,-13],2,0,[0,0,-7],1,1,[0,0,1],0,0},{'A',[8,31,0],2,0,[1,0,0],0,3,[0,31,0],1,0},{'A',[8,31,13],3,0,[8,31,0],2,0,[0,0,13],2,0},{'O',[8,31,13],3,[8,31,13],3,0}}
Adder graph: {{'A',[-8,1,0],1,0,[0,1,0],0,0,[-1,0,0],0,3},{'A',[0,0,17],1,0,[0,0,1],0,4,[0,0,1],0,0},{'A',[0,32,17],2,0,[0,1,0],0,5,[0,0,17],1,0},{'A',[-8,-31,-17],3,0,[-8,1,0],1,0,[0,-32,-17],2,0},{'A',[-8,-31,-13],4,0,[0,0,1],0,2,[-8,-31,-17],3,0},{'O',[8,31,13],4,[8,31,13],4,0}}
Adder graph: {{'A',[0,0,-15],1,0,[0,0,1],0,0,[0,0,-1],0,4},{'A',[-4,0,1],1,0,[0,0,1],0,0,[-1,0,0],0,2},{'A',[-8,1,2],2,0,[0,1,0],0,0,[-4,0,1],1,1},{'A',[-8,1,-13],3,0,[0,0,-15],1,0,[-8,1,2],2,0},{'A',[-8,-31,-13],4,0,[-8,1,-13],3,0,[0,-1,0],0,5},{'O',[8,31,13],4,[8,31,13],4,0}}
Adder graph: {{'A',[0,0,-3],1,0,[0,0,1],0,0,[0,0,-1],0,2},{'A',[1,0,2],1,0,[1,0,0],0,0,[0,0,1],0,1},{'A',[0,1,3],2,0,[0,1,0],0,0,[0,0,3],1,0},{'A',[8,-1,13],3,0,[1,0,2],1,3,[0,-1,-3],2,0},{'A',[8,31,13],4,0,[0,1,0],0,5,[8,-1,13],3,0},{'O',[8,31,13],4,[8,31,13],4,0}}
Adder graph: {{'A',[0,-1,1],1,0,[0,0,1],0,0,[0,-1,0],0,0},{'A',[0,2,1],1,0,[0,0,1],0,0,[0,1,0],0,1},{'A',[1,4,2],2,0,[1,0,0],0,0,[0,2,1],1,1},{'A',[0,-1,-3],2,0,[0,-1,1],1,0,[0,0,-1],0,2},{'A',[8,31,13],3,0,[1,4,2],2,3,[0,-1,-3],2,0},{'O',[8,31,13],3,[8,31,13],3,0}}
Adder graph: {{'A',[1,0,2],1,0,[1,0,0],0,0,[0,0,1],0,1},{'A',[0,-1,1],1,0,[0,0,1],0,0,[0,-1,0],0,0},{'A',[0,-1,-3],2,0,[0,-1,1],1,0,[0,0,-1],0,2},{'A',[1,4,2],2,0,[1,0,2],1,0,[0,1,0],0,2},{'A',[8,31,13],3,0,[0,-1,-3],2,0,[1,4,2],2,3},{'O',[8,31,13],3,[8,31,13],3,0}}
Adder graph: {{'A',[1,4,0],1,0,[1,0,0],0,0,[0,1,0],0,2},{'A',[0,1,1],1,0,[0,1,0],0,0,[0,0,1],0,0},{'A',[0,1,3],2,0,[0,1,1],1,0,[0,0,1],0,1},{'A',[0,1,-13],3,0,[0,1,3],2,0,[0,0,-1],0,4},{'A',[-8,-31,-13],4,0,[0,1,-13],3,0,[-1,-4,0],1,3},{'O',[8,31,13],4,[8,31,13],4,0}}
Adder graph: {{'A',[0,-1,1],1,0,[0,0,1],0,0,[0,-1,0],0,0},{'A',[0,-1,-3],2,0,[0,-1,1],1,0,[0,0,-1],0,2},{'A',[0,-1,13],3,0,[0,-1,-3],2,0,[0,0,1],0,4},{'A',[8,-1,13],4,0,[1,0,0],0,3,[0,-1,13],3,0},{'A',[8,31,13],5,0,[8,-1,13],4,0,[0,1,0],0,5},{'O',[8,31,13],5,[8,31,13],5,0}}
Adder graph: {{'A',[0,1,-1],1,0,[0,1,0],0,0,[0,0,-1],0,0},{'A',[0,1,3],2,0,[0,1,-1],1,0,[0,0,1],0,2},{'A',[-8,1,3],3,0,[0,1,3],2,0,[-1,0,0],0,3},{'A',[-8,1,-13],4,0,[-8,1,3],3,0,[0,0,-1],0,4},{'A',[-8,-31,-13],5,0,[-8,1,-13],4,0,[0,-1,0],0,5},{'O',[8,31,13],5,[8,31,13],5,0}}
Finished solving after 205.132 seconds
Adder graph: {{'A',[0,1,-1],1,0,[0,1,0],0,0,[0,0,-1],0,0},{'A',[0,1,3],2,0,[0,1,-1],1,0,[0,0,1],0,2},{'A',[-8,1,3],3,0,[0,1,3],2,0,[-1,0,0],0,3},{'A',[-8,1,-13],4,0,[-8,1,3],3,0,[0,0,-1],0,4},{'A',[-8,-31,-13],5,0,[-8,1,-13],4,0,[0,-1,0],0,5},{'O',[8,31,13],5,[8,31,13],5,0}}
#Add optimal = 1
#FAs optimal = 1
