<graph>
{{'A',[432],3,[1],2,9,[-5],2,4},{'A',[316],3,[5],2,6,[-1],2,2},{'A',[81],3,[1],2,0,[5],2,4},{'A',[460],3,[231],2,1,[-1],2,1},{'A',[310],3,[5],2,6,[-5],2,1},{'A',[964],3,[5],2,3,[231],2,2},{'A',[622],3,[5],2,5,[231],2,1},{'A',[315],3,[5],2,6,[-5],2,0},{'A',[706],3,[1],2,1,[11],2,6},{'A',[723],3,[899],2,0,[-11],2,4},{'R',[1],2,[1],1},{'A',[5],2,[1],1,0,[1],1,2},{'A',[11],2,[1],1,3,[3],1,0},{'A',[231],2,[7],1,0,[7],1,5},{'A',[899],2,[3],1,0,[7],1,7},{'R',[1],1,[1],0},{'A',[3],1,[1],0,0,[1],0,1},{'A',[7],1,[1],0,3,[-1],0,0}}
</graph>
<graph>
{{'A',[144],3,[1],2,4,[1],2,7},{'A',[25],3,[1],2,3,[17],2,0},{'A',[89],3,[1],2,0,[11],2,3},{'A',[744],3,[5],2,3,[11],2,6},{'A',[674],3,[5],2,7,[17],2,1},{'A',[819],3,[899],2,0,[-5],2,4},{'A',[943],3,[11],2,2,[899],2,0},{'A',[993],3,[17],2,5,[449],2,0},{'A',[54],3,[1],2,6,[-5],2,1},{'A',[230],3,[231],2,0,[-1],2,0},{'R',[1],2,[1],1},{'A',[5],2,[1],1,0,[1],1,2},{'A',[11],2,[1],1,3,[3],1,0},{'A',[17],2,[1],1,0,[1],1,4},{'A',[231],2,[7],1,0,[7],1,5},{'A',[449],2,[1],1,0,[7],1,6},{'A',[899],2,[3],1,0,[7],1,7},{'R',[1],1,[1],0},{'A',[3],1,[1],0,0,[1],0,1},{'A',[7],1,[1],0,3,[-1],0,0}}
</graph>
<graph>
{{'A',[896],3,[1],2,10,[-1],2,7},{'A',[69],3,[1],2,6,[5],2,0},{'A',[246],3,[1],2,8,[-5],2,1},{'A',[245],3,[1],2,8,[-11],2,0},{'A',[369],3,[449],2,0,[-5],2,4},{'A',[926],3,[1],2,1,[231],2,2},{'A',[467],3,[5],2,0,[231],2,1},{'A',[793],3,[1],2,10,[-231],2,0},{'A',[935],3,[11],2,0,[231],2,2},{'A',[1019],3,[1],2,10,[-5],2,0},{'R',[1],2,[1],1},{'A',[5],2,[1],1,0,[1],1,2},{'A',[11],2,[1],1,3,[3],1,0},{'A',[231],2,[7],1,0,[7],1,5},{'A',[449],2,[1],1,0,[7],1,6},{'R',[1],1,[1],0},{'A',[3],1,[1],0,0,[1],0,1},{'A',[7],1,[1],0,3,[-1],0,0}}
</graph>
<graph>
{{'R',[16],3,[1],2,4},{'A',[92],3,[1],2,2,[11],2,3},{'A',[952],3,[17],2,6,[-17],2,3},{'A',[580],3,[1],2,9,[17],2,2},{'A',[187],3,[11],2,0,[11],2,4},{'A',[199],3,[231],2,0,[-1],2,5},{'A',[261],3,[1],2,8,[5],2,0},{'A',[878],3,[449],2,1,[-5],2,2},{'A',[441],3,[449],2,0,[-1],2,3},{'A',[479],3,[17],2,0,[231],2,1},{'R',[1],2,[1],1},{'A',[5],2,[1],1,0,[1],1,2},{'A',[11],2,[1],1,3,[3],1,0},{'A',[17],2,[1],1,0,[1],1,4},{'A',[231],2,[7],1,0,[7],1,5},{'A',[449],2,[1],1,0,[7],1,6},{'R',[1],1,[1],0},{'A',[3],1,[1],0,0,[1],0,1},{'A',[7],1,[1],0,3,[-1],0,0}}
</graph>
<merge>
723;819;245;16
</merge>
<merge>
706;89;896;199
</merge>
<merge>
81;674;369;441
</merge>
<merge>
622;25;246;92
</merge>
<merge>
310;943;935;187
</merge>
<merge>
964;54;793;479
</merge>
<merge>
315;230;69;580
</merge>
<merge>
432;993;467;878
</merge>
<merge>
316;144;926;952
</merge>
<merge>
460;744;1019;261
</merge>