<graph>
{{'A',[142],3,[21],2,2,[29],2,1},{'A',[300],3,[3],2,7,[-21],2,2},{'A',[77],3,[3],2,4,[29],2,0},{'A',[338],3,[29],2,3,[53],2,1},{'A',[804],3,[21],2,5,[33],2,2},{'A',[874],3,[3],2,8,[53],2,1},{'A',[934],3,[3],2,1,[29],2,5},{'A',[946],3,[21],2,3,[389],2,1},{'A',[735],3,[3],2,8,[-33],2,0},{'A',[849],3,[3],2,8,[81],2,0},{'R',[3],2,[3],1},{'A',[21],2,[1],1,0,[5],1,2},{'A',[29],2,[1],1,5,[-3],1,0},{'A',[33],2,[1],1,0,[1],1,5},{'A',[53],2,[3],1,4,[5],1,0},{'A',[81],2,[1],1,0,[5],1,4},{'A',[389],2,[3],1,7,[5],1,0},{'R',[1],1,[1],0},{'A',[3],1,[1],0,0,[1],0,1},{'A',[5],1,[1],0,0,[1],0,2}}
</graph>
<graph>
{{'A',[32],3,[3],2,0,[29],2,0},{'R',[672],3,[21],2,5},{'R',[264],3,[33],2,3},{'A',[358],3,[29],2,4,[-53],2,1},{'A',[381],3,[3],2,7,[-3],2,0},{'A',[395],3,[3],2,1,[389],2,0},{'A',[617],3,[81],2,3,[-31],2,0},{'A',[815],3,[53],2,4,[-33],2,0},{'A',[944],3,[31],2,5,[-3],2,4},{'A',[467],3,[3],2,0,[29],2,4},{'R',[3],2,[3],1},{'A',[21],2,[1],1,0,[5],1,2},{'A',[29],2,[1],1,5,[-3],1,0},{'A',[31],2,[1],1,5,[-1],1,0},{'A',[33],2,[1],1,0,[1],1,5},{'A',[53],2,[3],1,4,[5],1,0},{'A',[81],2,[1],1,0,[5],1,4},{'A',[389],2,[3],1,7,[5],1,0},{'R',[1],1,[1],0},{'A',[3],1,[1],0,0,[1],0,1},{'A',[5],1,[1],0,0,[1],0,2}}
</graph>
<graph>
{{'A',[7],3,[31],2,0,[-3],2,3},{'A',[472],3,[31],2,4,[-3],2,3},{'A',[278],3,[3],2,7,[-53],2,1},{'A',[660],3,[21],2,5,[-3],2,2},{'A',[390],3,[3],2,1,[3],2,7},{'A',[285],3,[21],2,0,[33],2,3},{'A',[327],3,[3],2,0,[81],2,2},{'A',[774],3,[3],2,1,[3],2,8},{'A',[713],3,[81],2,2,[389],2,0},{'A',[901],3,[53],2,0,[53],2,4},{'R',[3],2,[3],1},{'A',[21],2,[1],1,0,[5],1,2},{'A',[31],2,[1],1,5,[-1],1,0},{'A',[33],2,[1],1,0,[1],1,5},{'A',[53],2,[3],1,4,[5],1,0},{'A',[81],2,[1],1,0,[5],1,4},{'A',[389],2,[3],1,7,[5],1,0},{'R',[1],1,[1],0},{'A',[3],1,[1],0,0,[1],0,1},{'A',[5],1,[1],0,0,[1],0,2}}
</graph>
<graph>
{{'R',[464],3,[29],2,4},{'A',[37],3,[3],2,1,[31],2,0},{'A',[282],3,[81],2,2,[-21],2,1},{'A',[451],3,[31],2,1,[389],2,0},{'A',[1010],3,[29],2,3,[389],2,1},{'A',[507],3,[33],2,4,[-21],2,0},{'A',[639],3,[21],2,5,[-33],2,0},{'A',[807],3,[29],2,0,[389],2,1},{'A',[853],3,[29],2,4,[389],2,0},{'A',[925],3,[29],2,5,[-3],2,0},{'R',[3],2,[3],1},{'A',[21],2,[1],1,0,[5],1,2},{'A',[29],2,[1],1,5,[-3],1,0},{'A',[31],2,[1],1,5,[-1],1,0},{'A',[33],2,[1],1,0,[1],1,5},{'A',[81],2,[1],1,0,[5],1,4},{'A',[389],2,[3],1,7,[5],1,0},{'R',[1],1,[1],0},{'A',[3],1,[1],0,0,[1],0,1},{'A',[5],1,[1],0,0,[1],0,2}}
</graph>
<merge>
77;264;7;639
</merge>
<merge>
804;467;713;807
</merge>
<merge>
849;944;660;507
</merge>
<merge>
934;815;472;37
</merge>
<merge>
142;395;390;1010
</merge>
<merge>
338;32;278;282
</merge>
<merge>
300;381;285;451
</merge>
<merge>
874;358;901;464
</merge>
<merge>
946;672;774;853
</merge>
<merge>
735;617;327;925
</merge>