<graph>
{{'A',[118],3,[15],2,3,[-1],2,1},{'A',[968],3,[1],2,10,[-7],2,3},{'A',[724],3,[1],2,2,[45],2,4},{'A',[249],3,[1],2,8,[-7],2,0},{'A',[289],3,[37],2,3,[-7],2,0},{'A',[359],3,[45],2,3,[-1],2,0},{'A',[818],3,[1],2,1,[51],2,4},{'A',[629],3,[37],2,0,[37],2,4},{'A',[641],3,[81],2,3,[-7],2,0},{'A',[923],3,[15],2,6,[-37],2,0},{'R',[1],2,[1],1},{'A',[7],2,[1],1,3,[-1],1,0},{'A',[15],2,[1],1,4,[-1],1,0},{'A',[37],2,[1],1,5,[5],1,0},{'A',[45],2,[3],1,4,[-3],1,0},{'A',[51],2,[3],1,0,[3],1,4},{'A',[81],2,[1],1,0,[5],1,4},{'R',[1],1,[1],0},{'A',[3],1,[1],0,0,[1],0,1},{'A',[5],1,[1],0,0,[1],0,2}}
</graph>
<graph>
{{'A',[136],3,[1],2,3,[1],2,7},{'A',[27],3,[7],2,2,[-1],2,0},{'A',[528],3,[1],2,4,[1],2,9},{'A',[456],3,[1],2,3,[7],2,6},{'A',[788],3,[51],2,4,[-7],2,2},{'A',[662],3,[7],2,1,[81],2,3},{'A',[511],3,[1],2,9,[-1],2,0},{'A',[721],3,[1],2,0,[45],2,4},{'A',[879],3,[15],2,6,[-81],2,0},{'A',[1017],3,[1],2,10,[-7],2,0},{'R',[1],2,[1],1},{'A',[7],2,[1],1,3,[-1],1,0},{'A',[15],2,[1],1,4,[-1],1,0},{'A',[45],2,[3],1,4,[-3],1,0},{'A',[51],2,[3],1,0,[3],1,4},{'A',[81],2,[1],1,0,[5],1,4},{'R',[1],1,[1],0},{'A',[3],1,[1],0,0,[1],0,1},{'A',[5],1,[1],0,0,[1],0,2}}
</graph>
<graph>
{{'R',[256],3,[1],2,8},{'R',[48],3,[3],2,4},{'R',[360],3,[45],2,3},{'A',[55],3,[7],2,3,[-1],2,0},{'A',[238],3,[15],2,4,[-1],2,1},{'A',[478],3,[15],2,5,[-1],2,1},{'A',[339],3,[3],2,7,[-45],2,0},{'A',[978],3,[51],2,4,[81],2,1},{'A',[585],3,[37],2,4,[-7],2,0},{'A',[853],3,[37],2,0,[51],2,4},{'R',[1],2,[1],1},{'R',[3],2,[3],1},{'A',[7],2,[1],1,3,[-1],1,0},{'A',[15],2,[1],1,4,[-1],1,0},{'A',[37],2,[1],1,5,[5],1,0},{'A',[45],2,[3],1,4,[-3],1,0},{'A',[51],2,[3],1,0,[3],1,4},{'A',[81],2,[1],1,0,[5],1,4},{'R',[1],1,[1],0},{'A',[3],1,[1],0,0,[1],0,1},{'A',[5],1,[1],0,0,[1],0,2}}
</graph>
<graph>
{{'A',[26],3,[1],2,1,[3],2,3},{'A',[350],3,[1],2,9,[-81],2,1},{'A',[398],3,[3],2,7,[7],2,1},{'A',[434],3,[7],2,6,[-7],2,1},{'A',[722],3,[1],2,1,[45],2,4},{'A',[922],3,[1],2,10,[-51],2,1},{'A',[589],3,[37],2,4,[-3],2,0},{'A',[723],3,[3],2,0,[45],2,4},{'A',[903],3,[7],2,0,[7],2,7},{'A',[943],3,[1],2,10,[-81],2,0},{'R',[1],2,[1],1},{'R',[3],2,[3],1},{'A',[7],2,[1],1,3,[-1],1,0},{'A',[37],2,[1],1,5,[5],1,0},{'A',[45],2,[3],1,4,[-3],1,0},{'A',[51],2,[3],1,0,[3],1,4},{'A',[81],2,[1],1,0,[5],1,4},{'R',[1],1,[1],0},{'A',[3],1,[1],0,0,[1],0,1},{'A',[5],1,[1],0,0,[1],0,2}}
</graph>
<merge>
923;136;256;943
</merge>
<merge>
249;1017;339;903
</merge>
<merge>
118;456;478;723
</merge>
<merge>
289;721;360;398
</merge>
<merge>
724;662;238;26
</merge>
<merge>
359;511;978;722
</merge>
<merge>
629;879;48;434
</merge>
<merge>
818;528;585;922
</merge>
<merge>
641;27;853;589
</merge>
<merge>
968;788;55;350
</merge>