<graph>
{{'A',[11],3,[15],2,0,[-1],2,2},{'A',[68],3,[1],2,2,[1],2,6},{'A',[976],3,[1],2,4,[15],2,6},{'A',[316],3,[1],2,8,[15],2,2},{'A',[788],3,[1],2,9,[69],2,2},{'A',[690],3,[69],2,1,[69],2,3},{'A',[421],3,[69],2,3,[-131],2,0},{'A',[955],3,[1],2,10,[-69],2,0},{'A',[959],3,[15],2,6,[-1],2,0},{'A',[979],3,[131],2,3,[-69],2,0},{'R',[1],2,[1],1},{'A',[15],2,[1],1,4,[-1],1,0},{'A',[69],2,[1],1,6,[5],1,0},{'A',[131],2,[1],1,7,[3],1,0},{'R',[1],1,[1],0},{'A',[3],1,[1],0,0,[1],0,1},{'A',[5],1,[1],0,0,[1],0,2}}
</graph>
<graph>
{{'A',[13],3,[15],2,0,[-1],2,1},{'A',[532],3,[1],2,8,[69],2,2},{'A',[580],3,[15],2,4,[85],2,2},{'A',[247],3,[131],2,1,[-15],2,0},{'A',[550],3,[69],2,3,[-1],2,1},{'A',[622],3,[35],2,1,[69],2,3},{'A',[694],3,[85],2,1,[131],2,2},{'A',[377],3,[69],2,2,[101],2,0},{'A',[947],3,[131],2,3,[-101],2,0},{'A',[394],3,[1],2,8,[69],2,1},{'R',[1],2,[1],1},{'A',[15],2,[1],1,4,[-1],1,0},{'A',[35],2,[1],1,5,[3],1,0},{'A',[69],2,[1],1,6,[5],1,0},{'A',[85],2,[5],1,0,[5],1,4},{'A',[101],2,[3],1,5,[5],1,0},{'A',[131],2,[1],1,7,[3],1,0},{'R',[1],1,[1],0},{'A',[3],1,[1],0,0,[1],0,1},{'A',[5],1,[1],0,0,[1],0,2}}
</graph>
<graph>
{{'A',[396],3,[1],2,8,[35],2,2},{'A',[117],3,[1],2,5,[85],2,0},{'A',[370],3,[15],2,1,[85],2,2},{'A',[363],3,[101],2,0,[131],2,1},{'A',[786],3,[131],2,1,[131],2,2},{'A',[489],3,[131],2,2,[-35],2,0},{'A',[517],3,[69],2,3,[-35],2,0},{'A',[925],3,[15],2,6,[-35],2,0},{'A',[963],3,[131],2,3,[-85],2,0},{'A',[468],3,[1],2,7,[85],2,2},{'R',[1],2,[1],1},{'A',[15],2,[1],1,4,[-1],1,0},{'A',[35],2,[1],1,5,[3],1,0},{'A',[69],2,[1],1,6,[5],1,0},{'A',[85],2,[5],1,0,[5],1,4},{'A',[101],2,[3],1,5,[5],1,0},{'A',[131],2,[1],1,7,[3],1,0},{'R',[1],1,[1],0},{'A',[3],1,[1],0,0,[1],0,1},{'A',[5],1,[1],0,0,[1],0,2}}
</graph>
<graph>
{{'R',[15],3,[15],2},{'A',[38],3,[1],2,3,[15],2,1},{'A',[464],3,[15],2,5,[-1],2,4},{'A',[127],3,[1],2,7,[-1],2,0},{'A',[330],3,[1],2,7,[101],2,1},{'A',[756],3,[15],2,5,[69],2,2},{'A',[526],3,[1],2,1,[131],2,2},{'A',[774],3,[1],2,9,[131],2,1},{'A',[473],3,[69],2,0,[101],2,2},{'R',[120],3,[15],2,3},{'R',[1],2,[1],1},{'A',[15],2,[1],1,4,[-1],1,0},{'A',[69],2,[1],1,6,[5],1,0},{'A',[101],2,[3],1,5,[5],1,0},{'A',[131],2,[1],1,7,[3],1,0},{'R',[1],1,[1],0},{'A',[3],1,[1],0,0,[1],0,1},{'A',[5],1,[1],0,0,[1],0,2}}
</graph>
<merge>
955;394;925;127
</merge>
<merge>
788;622;786;330
</merge>
<merge>
979;694;396;526
</merge>
<merge>
68;947;370;473
</merge>
<merge>
976;247;963;756
</merge>
<merge>
316;550;517;120
</merge>
<merge>
11;532;468;15
</merge>
<merge>
690;13;363;774
</merge>
<merge>
421;580;117;38
</merge>
<merge>
959;377;489;464
</merge>