Adder graph: {{'M',[1;4;32],1,[1;1;1],0,[0;2;5]},{'M',[64;1;1],1,[1;1;1],0,[6;0;0]},{'A',[65;3;31],2,[1;4;32],1,0,[64;-1;-1],1,0},{'M',[2048;3;31],3,[1;1;1],0,[11;NaN;NaN],[65;3;31],2,[NaN;0;0]},{'M',[65;384;128],3,[1;1;1],0,[NaN;NaN;7],[65;3;31],2,[0;7;NaN]},{'A',[2113;387;159],4,[2048;3;31],3,0,[65;384;128],3,0},{'M',[2;256;159],5,[1;1;1],0,[1;8;NaN],[2113;387;159],4,[NaN;NaN;0]},{'M',[128;387;1],5,[1;1;1],0,[7;NaN;0],[2113;387;159],4,[NaN;0;NaN]},{'A',[-120;1411;635],6,[2;256;159],5,2,[-128;387;-1],5,0},{'M',[-480;387;1],7,[1;1;1],0,[NaN;NaN;0],[2113;387;159],4,[NaN;0;NaN],[-120;1411;635],6,[2;NaN;NaN]},{'M',[65;32;32],3,[1;1;1],0,[NaN;5;5],[65;3;31],2,[0;NaN;NaN]},{'A',[40;131;257],8,[-480;387;1],7,0,[65;-32;32],3,3},{'M',[130;2;635],7,[1;1;1],0,[NaN;1;NaN],[65;3;31],2,[1;NaN;NaN],[-120;1411;635],6,[NaN;NaN;0]},{'M',[2;4;257],9,[1;1;1],0,[1;2;NaN],[40;131;257],8,[NaN;NaN;0]},{'A',[122;-14;-393],10,[130;2;635],7,0,[-2;-4;-257],9,2},{'M',[2080;262;31],9,[65;3;31],2,[5;NaN;0],[40;131;257],8,[NaN;1;NaN]},{'M',[244;1411;-393],11,[-120;1411;635],6,[NaN;0;NaN],[122;-14;-393],10,[1;NaN;0]},{'A',[3916;-887;-331],12,[2080;262;31],9,1,[-244;-1411;-393],11,0},{'M',[122;524;635],11,[-120;1411;635],6,[NaN;NaN;0],[40;131;257],8,[NaN;2;NaN],[122;-14;-393],10,[0;NaN;NaN]},{'M',[244;-887;257],13,[40;131;257],8,[NaN;NaN;0],[122;-14;-393],10,[1;NaN;NaN],[3916;-887;-331],12,[NaN;0;NaN]},{'A',[366;-363;378],14,[122;524;635],11,0,[244;-887;-257],13,0},{'M',[4226;387;32],5,[1;1;1],0,[NaN;NaN;5],[2113;387;159],4,[1;0;NaN]},{'M',[3916;16;635],13,[1;1;1],0,[NaN;4;NaN],[-120;1411;635],6,[NaN;NaN;0],[3916;-887;-331],12,[0;NaN;NaN]},{'A',[310;403;-603],14,[4226;387;32],5,0,[-3916;16;-635],13,0},{'M',[128;-14;-331],13,[1;1;1],0,[7;NaN;NaN],[122;-14;-393],10,[NaN;0;NaN],[3916;-887;-331],12,[NaN;NaN;0]},{'A',[822;347;721],15,[310;403;-603],14,0,[128;-14;331],13,2},{'M',[1;131;-393],11,[1;1;1],0,[0;NaN;NaN],[40;131;257],8,[NaN;0;NaN],[122;-14;-393],10,[NaN;NaN;0]},{'M',[244;-14;-331],13,[122;-14;-393],10,[1;0;NaN],[3916;-887;-331],12,[NaN;NaN;0]},{'A',[-487;103;269],14,[1;131;-393],11,0,[-244;-14;331],13,1},{'M',[-480;347;-603],16,[-120;1411;635],6,[2;NaN;NaN],[310;403;-603],14,[NaN;NaN;0],[822;347;721],15,[NaN;0;NaN]},{'M',[822;103;8],16,[1;1;1],0,[NaN;NaN;3],[822;347;721],15,[0;NaN;NaN],[-487;103;269],14,[NaN;0;NaN]},{'A',[342;244;-611],17,[-480;347;-603],16,0,[822;-103;-8],16,0},{'M',[160;403;756],15,[40;131;257],8,[2;NaN;NaN],[366;-363;378],14,[NaN;NaN;1],[310;403;-603],14,[NaN;0;NaN]},{'O',[160;403;756],15,[160;403;756],15,0},{'M',[342;103;636],18,[2113;387;159],4,[NaN;NaN;2],[-487;103;269],14,[NaN;0;NaN],[342;244;-611],17,[0;NaN;NaN]},{'O',[342;103;636],18,[342;103;636],18,0},{'M',[-487;-363;-611],18,[366;-363;378],14,[NaN;0;NaN],[-487;103;269],14,[0;NaN;NaN],[342;244;-611],17,[NaN;NaN;0]},{'O',[487;363;611],18,[487;363;611],18,0},{'M',[822;347;269],16,[822;347;721],15,[0;0;NaN],[-487;103;269],14,[NaN;NaN;0]},{'O',[822;347;269],16,[822;347;269],16,0},{'M',[366;244;721],18,[366;-363;378],14,[0;NaN;NaN],[822;347;721],15,[NaN;NaN;0],[342;244;-611],17,[NaN;0;NaN]},{'O',[366;244;721],18,[366;244;721],18,0}}
Adder graph: {{'M',[1;8;8],1,[1;1;1],0,[0;3;3]},{'M',[64;1;128],1,[1;1;1],0,[6;0;7]},{'A',[129;6;264],2,[1;8;8],1,0,[64;-1;128],1,1},{'M',[16;1;1],1,[1;1;1],0,[4;0;0]},{'M',[1;64;1],1,[1;1;1],0,[0;6;0]},{'A',[33;66;3],2,[16;1;1],1,1,[1;64;1],1,0},{'M',[264;66;3],3,[33;66;3],2,[3;0;0]},{'M',[129;96;16],3,[1;1;1],0,[NaN;NaN;4],[129;6;264],2,[0;4;NaN]},{'A',[270;324;38],4,[264;66;3],3,1,[-129;96;16],3,1},{'M',[540;1;2],5,[1;1;1],0,[NaN;0;1],[270;324;38],4,[1;NaN;NaN]},{'M',[129;66;3],3,[129;6;264],2,[0;NaN;NaN],[33;66;3],2,[NaN;0;0]},{'A',[411;67;5],6,[540;1;2],5,0,[-129;66;3],3,0},{'M',[16;16;264],3,[1;1;1],0,[4;4;NaN],[129;6;264],2,[NaN;NaN;0]},{'M',[258;6;38],5,[129;6;264],2,[1;0;NaN],[270;324;38],4,[NaN;NaN;0]},{'A',[-484;20;452],6,[16;16;264],3,1,[-258;-6;-38],5,1},{'M',[2;1;6],3,[1;1;1],0,[1;0;NaN],[33;66;3],2,[NaN;NaN;1]},{'M',[-484;324;40],7,[270;324;38],4,[NaN;0;NaN],[411;67;5],6,[NaN;NaN;3],[-484;20;452],6,[0;NaN;NaN]},{'A',[486;-323;46],8,[2;1;6],3,0,[484;-324;40],7,0},{'M',[486;40;2],9,[1;1;1],0,[NaN;NaN;1],[-484;20;452],6,[NaN;1;NaN],[486;-323;46],8,[0;NaN;NaN]},{'M',[411;-323;320],9,[411;67;5],6,[0;NaN;6],[486;-323;46],8,[NaN;0;NaN]},{'A',[75;363;-318],10,[486;40;2],9,0,[-411;323;-320],9,0},{'M',[258;363;5],11,[129;6;264],2,[1;NaN;NaN],[411;67;5],6,[NaN;NaN;0],[75;363;-318],10,[NaN;0;NaN]},{'M',[600;16;264],11,[1;1;1],0,[NaN;4;NaN],[129;6;264],2,[NaN;NaN;0],[75;363;-318],10,[3;NaN;NaN]},{'A',[-342;347;269],12,[258;363;5],11,0,[-600;-16;264],11,0},{'M',[33;-646;452],9,[33;66;3],2,[0;NaN;NaN],[-484;20;452],6,[NaN;NaN;0],[486;-323;46],8,[NaN;1;NaN]},{'M',[150;768;269],13,[129;6;264],2,[NaN;7;NaN],[75;363;-318],10,[1;NaN;NaN],[-342;347;269],12,[NaN;NaN;0]},{'A',[183;122;721],14,[33;-646;452],9,0,[150;768;269],13,0},{'M',[1;40;5],7,[1;1;1],0,[0;NaN;NaN],[411;67;5],6,[NaN;NaN;0],[-484;20;452],6,[NaN;1;NaN]},{'M',[486;363;184],11,[486;-323;46],8,[0;NaN;2],[75;363;-318],10,[NaN;0;NaN]},{'A',[487;403;189],12,[1;40;5],7,0,[486;363;184],11,0},{'M',[4;244;3],15,[1;1;1],0,[2;NaN;NaN],[33;66;3],2,[NaN;NaN;0],[183;122;721],14,[NaN;1;NaN]},{'M',[1;347;608],13,[1;1;1],0,[0;NaN;NaN],[270;324;38],4,[NaN;NaN;4],[-342;347;269],12,[NaN;0;NaN]},{'A',[5;-103;611],16,[4;244;3],15,0,[1;-347;608],13,0},{'M',[160;403;756],17,[487;403;189],12,[NaN;0;2],[5;-103;611],16,[5;NaN;NaN]},{'O',[160;403;756],17,[160;403;756],17,0},{'M',[-342;-103;-636],17,[75;363;-318],10,[NaN;NaN;1],[-342;347;269],12,[0;NaN;NaN],[5;-103;611],16,[NaN;0;NaN]},{'O',[342;103;636],17,[342;103;636],17,0},{'M',[487;363;611],17,[75;363;-318],10,[NaN;0;NaN],[487;403;189],12,[0;NaN;NaN],[5;-103;611],16,[NaN;NaN;0]},{'O',[487;363;611],17,[487;363;611],17,0},{'M',[822;347;269],13,[411;67;5],6,[1;NaN;NaN],[-342;347;269],12,[NaN;0;0]},{'O',[822;347;269],13,[822;347;269],13,0},{'M',[366;244;721],15,[183;122;721],14,[1;1;0]},{'O',[366;244;721],15,[366;244;721],15,0}}
Adder graph: {{'M',[1;1;8],1,[1;1;1],0,[0;0;3]},{'M',[8;8;1],1,[1;1;1],0,[3;3;0]},{'A',[-6;-6;15],2,[1;1;8],1,1,[-8;-8;-1],1,0},{'M',[-192;1;1],3,[1;1;1],0,[NaN;0;0],[-6;-6;15],2,[5;NaN;NaN]},{'M',[1;1;30],3,[1;1;1],0,[0;0;NaN],[-6;-6;15],2,[NaN;NaN;1]},{'A',[-191;2;-29],4,[-192;1;1],3,0,[1;1;-30],3,0},{'M',[-191;1;-116],5,[1;1;1],0,[NaN;0;NaN],[-191;2;-29],4,[0;NaN;2]},{'M',[-6;2048;480],3,[1;1;1],0,[NaN;11;NaN],[-6;-6;15],2,[0;NaN;5]},{'A',[-197;-2047;-596],6,[-191;1;-116],5,0,[-6;-2048;-480],3,0},{'M',[1;64;-58],5,[1;1;1],0,[0;NaN;NaN],[-191;2;-29],4,[NaN;5;1]},{'M',[-394;2;512],7,[1;1;1],0,[NaN;NaN;9],[-191;2;-29],4,[NaN;0;NaN],[-197;-2047;-596],6,[1;NaN;NaN]},{'A',[396;126;-628],8,[1;64;-58],5,1,[394;-2;-512],7,0},{'M',[-12;2;-3712],5,[-6;-6;15],2,[1;NaN;NaN],[-191;2;-29],4,[NaN;0;7]},{'M',[-6;252;15],9,[-6;-6;15],2,[0;NaN;0],[396;126;-628],8,[NaN;1;NaN]},{'A',[-54;-244;-14833],10,[-12;2;-3712],5,2,[-6;-252;15],9,0},{'M',[-216;8;-29],11,[1;1;1],0,[NaN;3;NaN],[-191;2;-29],4,[NaN;NaN;0],[-54;-244;-14833],10,[2;NaN;NaN]},{'M',[512;-2047;240],7,[1;1;1],0,[9;NaN;NaN],[-6;-6;15],2,[NaN;NaN;4],[-197;-2047;-596],6,[NaN;0;NaN]},{'A',[296;2055;-269],12,[-216;8;-29],11,0,[512;2047;-240],7,0},{'M',[296;-1952;-1076],13,[-54;-244;-14833],10,[NaN;3;NaN],[296;2055;-269],12,[0;NaN;2]},{'M',[-191;2055;256],13,[1;1;1],0,[NaN;NaN;8],[-191;2;-29],4,[0;NaN;NaN],[296;2055;-269],12,[NaN;0;NaN]},{'A',[487;103;-1332],14,[296;-1952;-1076],13,0,[191;2055;-256],13,0},{'M',[1024;1;-628],9,[1;1;1],0,[10;0;NaN],[396;126;-628],8,[NaN;NaN;0]},{'M',[296;103;32],15,[1;1;1],0,[NaN;NaN;5],[296;2055;-269],12,[0;NaN;NaN],[487;103;-1332],14,[NaN;0;NaN]},{'A',[-160;-411;-756],16,[1024;1;-628],9,0,[-296;-103;-32],15,2},{'M',[-54;-244;15],11,[-6;-6;15],2,[NaN;NaN;0],[-54;-244;-14833],10,[0;0;NaN]},{'M',[-768;103;-596],15,[-6;-6;15],2,[7;NaN;NaN],[-197;-2047;-596],6,[NaN;NaN;0],[487;103;-1332],14,[NaN;0;NaN]},{'A',[-822;-347;611],16,[-54;-244;15],11,0,[-768;-103;596],15,0},{'M',[-382;16;611],17,[1;1;1],0,[NaN;4;NaN],[-191;2;-29],4,[1;NaN;NaN],[-822;-347;611],16,[NaN;NaN;0]},{'M',[16;-347;-1332],17,[1;1;1],0,[4;NaN;NaN],[487;103;-1332],14,[NaN;NaN;0],[-822;-347;611],16,[NaN;0;NaN]},{'A',[-366;363;-721],18,[-382;16;611],17,0,[16;347;-1332],17,0},{'M',[-54;8;8],11,[1;1;1],0,[NaN;3;3],[-54;-244;-14833],10,[0;NaN;NaN]},{'M',[396;-411;-628],17,[396;126;-628],8,[0;NaN;0],[-160;-411;-756],16,[NaN;0;NaN]},{'A',[342;-403;636],18,[-54;8;8],11,0,[396;-411;628],17,0},{'M',[-160;-403;-756],19,[-160;-411;-756],16,[0;NaN;0],[342;-403;636],18,[NaN;0;NaN]},{'O',[160;403;756],19,[160;403;756],19,0},{'M',[342;103;636],19,[487;103;-1332],14,[NaN;0;NaN],[342;-403;636],18,[0;NaN;0]},{'O',[342;103;636],19,[342;103;636],19,0},{'M',[487;363;611],19,[487;103;-1332],14,[0;NaN;NaN],[-822;-347;611],16,[NaN;NaN;0],[-366;363;-721],18,[NaN;0;NaN]},{'O',[487;363;611],19,[487;363;611],19,0},{'M',[-822;-347;-269],17,[296;2055;-269],12,[NaN;NaN;0],[-822;-347;611],16,[0;0;NaN]},{'O',[822;347;269],17,[822;347;269],17,0},{'M',[-366;-244;-721],19,[-54;-244;-14833],10,[NaN;0;NaN],[-366;363;-721],18,[0;NaN;0]},{'O',[366;244;721],19,[366;244;721],19,0}}
Adder graph: {{'M',[2;2;1],1,[1;1;1],0,[1;1;0]},{'M',[4;1;4],1,[1;1;1],0,[2;0;2]},{'A',[18;6;17],2,[2;2;1],1,0,[4;1;4],1,2},{'M',[18;12;17],3,[18;6;17],2,[0;1;0]},{'M',[1;1;68],3,[1;1;1],0,[0;0;NaN],[18;6;17],2,[NaN;NaN;2]},{'A',[19;13;-51],4,[18;12;17],3,0,[1;1;-68],3,0},{'M',[32;13;-51],5,[1;1;1],0,[5;NaN;NaN],[19;13;-51],4,[NaN;0;0]},{'M',[18;104;-204],5,[18;6;17],2,[0;NaN;NaN],[19;13;-51],4,[NaN;3;2]},{'A',[-40;-403;-867],6,[32;13;-51],5,0,[-18;-104;-204],5,2},{'M',[-640;-6448;1],7,[1;1;1],0,[NaN;NaN;0],[-40;-403;-867],6,[4;4;NaN]},{'M',[1;4;1],1,[1;1;1],0,[0;2;0]},{'A',[-1279;-12892;3],8,[-640;-6448;1],7,1,[1;4;1],1,0},{'M',[128;384;3],9,[1;1;1],0,[7;NaN;NaN],[18;6;17],2,[NaN;6;NaN],[-1279;-12892;3],8,[NaN;NaN;0]},{'A',[120;376;11],10,[128;384;3],9,0,[-1;-1;1],0,3},{'M',[2;1;352],11,[1;1;1],0,[1;0;NaN],[120;376;11],10,[NaN;NaN;5]},{'M',[288;-12892;256],9,[1;1;1],0,[NaN;NaN;8],[18;6;17],2,[4;NaN;NaN],[-1279;-12892;3],8,[NaN;0;NaN]},{'A',[290;-12891;608],12,[2;1;352],11,0,[288;-12892;256],9,0},{'M',[290;-403;176],13,[-40;-403;-867],6,[NaN;0;NaN],[120;376;11],10,[NaN;NaN;4],[290;-12891;608],12,[0;NaN;NaN]},{'M',[76;2048;17],5,[1;1;1],0,[NaN;11;NaN],[18;6;17],2,[NaN;NaN;0],[19;13;-51],4,[2;NaN;NaN]},{'A',[366;1645;159],14,[290;-403;176],13,0,[76;2048;-17],5,0},{'M',[120;376;608],13,[120;376;11],10,[0;0;NaN],[290;-12891;608],12,[NaN;NaN;0]},{'M',[19;13;3],9,[19;13;-51],4,[0;0;NaN],[-1279;-12892;3],8,[NaN;NaN;0]},{'A',[101;363;611],14,[120;376;608],13,0,[-19;-13;3],9,0},{'M',[19;96;3],9,[18;6;17],2,[NaN;4;NaN],[19;13;-51],4,[0;NaN;NaN],[-1279;-12892;3],8,[NaN;NaN;0]},{'M',[76;13;96],9,[19;13;-51],4,[2;0;NaN],[-1279;-12892;3],8,[NaN;NaN;5]},{'A',[342;244;-378],10,[19;96;3],9,1,[76;13;-96],9,2},{'M',[101;16;3],15,[1;1;1],0,[NaN;4;NaN],[-1279;-12892;3],8,[NaN;NaN;0],[101;363;611],14,[0;NaN;NaN]},{'M',[512;363;272],15,[1;1;1],0,[9;NaN;NaN],[18;6;17],2,[NaN;NaN;4],[101;363;611],14,[NaN;0;NaN]},{'A',[-411;-347;-269],16,[101;16;3],15,0,[-512;-363;-272],15,0},{'M',[76;104;17],5,[18;6;17],2,[NaN;NaN;0],[19;13;-51],4,[2;3;NaN]},{'M',[-411;1;704],17,[1;1;1],0,[NaN;0;NaN],[120;376;11],10,[NaN;NaN;6],[-411;-347;-269],16,[0;NaN;NaN]},{'A',[487;103;721],18,[76;104;17],5,0,[411;-1;704],17,0},{'M',[-160;-403;-756],11,[-40;-403;-867],6,[2;0;NaN],[342;244;-378],10,[NaN;NaN;1]},{'O',[160;403;756],11,[160;403;756],11,0},{'M',[342;103;636],19,[366;1645;159],14,[NaN;NaN;2],[342;244;-378],10,[0;NaN;NaN],[487;103;721],18,[NaN;0;NaN]},{'O',[342;103;636],19,[342;103;636],19,0},{'M',[487;363;611],19,[101;363;611],14,[NaN;0;0],[487;103;721],18,[0;NaN;NaN]},{'O',[487;363;611],19,[487;363;611],19,0},{'M',[-822;-347;-269],17,[-411;-347;-269],16,[1;0;0]},{'O',[822;347;269],17,[822;347;269],17,0},{'M',[366;244;721],19,[366;1645;159],14,[0;NaN;NaN],[342;244;-378],10,[NaN;0;NaN],[487;103;721],18,[NaN;NaN;0]},{'O',[366;244;721],19,[366;244;721],19,0}}
Adder graph: {{'M',[1;1;32],1,[1;1;1],0,[0;0;5]},{'A',[-1;-1;34],2,[1;1;32],1,0,[-1;-1;1],0,1},{'M',[-1;4;2],3,[1;1;1],0,[NaN;2;1],[-1;-1;34],2,[0;NaN;NaN]},{'M',[-16;1;1],3,[1;1;1],0,[NaN;0;0],[-1;-1;34],2,[4;NaN;NaN]},{'A',[14;7;3],4,[-1;4;2],3,1,[16;-1;-1],3,0},{'M',[-1;-1;136],3,[-1;-1;34],2,[0;0;2]},{'M',[4;7;3],5,[1;1;1],0,[2;NaN;NaN],[14;7;3],4,[NaN;0;0]},{'A',[-10;-16;266],6,[-1;-1;136],3,1,[-4;-7;-3],5,1},{'M',[-20;1;3],7,[1;1;1],0,[NaN;0;NaN],[14;7;3],4,[NaN;NaN;0],[-10;-16;266],6,[1;NaN;NaN]},{'M',[1;224;1],5,[1;1;1],0,[0;NaN;0],[14;7;3],4,[NaN;5;NaN]},{'A',[-39;-222;7],8,[-20;1;3],7,1,[1;-224;1],5,0},{'M',[-10;-444;3],9,[14;7;3],4,[NaN;NaN;0],[-10;-16;266],6,[0;NaN;NaN],[-39;-222;7],8,[NaN;1;NaN]},{'M',[448;7;96],5,[14;7;3],4,[5;0;5]},{'A',[886;-458;-189],10,[-10;-444;3],9,0,[448;-7;-96],5,1},{'M',[56;28;34],5,[-1;-1;34],2,[NaN;NaN;0],[14;7;3],4,[2;2;NaN]},{'M',[-160;1;224],9,[1;1;1],0,[NaN;0;NaN],[-10;-16;266],6,[4;NaN;NaN],[-39;-222;7],8,[NaN;NaN;5]},{'A',[272;55;-156],10,[56;28;34],5,1,[160;-1;-224],9,0},{'M',[64;55;3],11,[1;1;1],0,[6;NaN;NaN],[14;7;3],4,[NaN;NaN;0],[272;55;-156],10,[NaN;0;NaN]},{'M',[886;-458;-156],11,[886;-458;-189],10,[0;0;NaN],[272;55;-156],10,[NaN;NaN;0]},{'A',[-822;-403;159],12,[64;55;3],11,0,[-886;-458;156],11,0},{'M',[14;-16;159],13,[14;7;3],4,[0;NaN;NaN],[-10;-16;266],6,[NaN;0;NaN],[-822;-403;159],12,[NaN;NaN;0]},{'M',[272;-222;7],11,[-39;-222;7],8,[NaN;0;0],[272;55;-156],10,[0;NaN;NaN]},{'A',[143;103;76],14,[14;-16;159],13,-1,[272;222;-7],11,-1},{'M',[286;-403;3],15,[14;7;3],4,[NaN;NaN;0],[-822;-403;159],12,[NaN;0;NaN],[143;103;76],14,[1;NaN;NaN]},{'M',[14;14;152],15,[14;7;3],4,[0;1;NaN],[143;103;76],14,[NaN;NaN;1]},{'A',[342;-347;611],16,[286;-403;3],15,0,[14;14;152],15,2},{'M',[-80;103;-189],15,[-10;-16;266],6,[3;NaN;NaN],[886;-458;-189],10,[NaN;NaN;0],[143;103;76],14,[NaN;0;NaN]},{'M',[286;-347;532],17,[-10;-16;266],6,[NaN;NaN;1],[143;103;76],14,[1;NaN;NaN],[342;-347;611],16,[NaN;0;NaN]},{'A',[-366;-244;-721],18,[-80;103;-189],15,0,[-286;-347;-532],17,0},{'M',[448;16;3],5,[1;1;1],0,[NaN;4;NaN],[14;7;3],4,[5;NaN;0]},{'M',[-39;-347;272],17,[-1;-1;34],2,[NaN;NaN;3],[-39;-222;7],8,[0;NaN;NaN],[342;-347;611],16,[NaN;0;NaN]},{'A',[487;363;-269],18,[448;16;3],5,0,[39;347;-272],17,0},{'M',[-160;-403;-756],13,[-10;-16;266],6,[4;NaN;NaN],[886;-458;-189],10,[NaN;NaN;2],[-822;-403;159],12,[NaN;0;NaN]},{'O',[160;403;756],13,[160;403;756],13,0},{'M',[342;103;636],17,[-822;-403;159],12,[NaN;NaN;2],[143;103;76],14,[NaN;0;NaN],[342;-347;611],16,[0;NaN;NaN]},{'O',[342;103;636],17,[342;103;636],17,0},{'M',[487;363;611],19,[342;-347;611],16,[NaN;NaN;0],[487;363;-269],18,[0;0;NaN]},{'O',[487;363;611],19,[487;363;611],19,0},{'M',[-822;-347;-269],19,[-822;-403;159],12,[0;NaN;NaN],[342;-347;611],16,[NaN;0;NaN],[487;363;-269],18,[NaN;NaN;0]},{'O',[822;347;269],19,[822;347;269],19,0},{'O',[366;244;721],18,[366;244;721],18,0}}
Adder graph: {{'M',[1;1;2],1,[1;1;1],0,[0;0;1]},{'M',[1;1;8],1,[1;1;1],0,[0;0;3]},{'A',[5;-3;34],2,[1;1;2],1,0,[1;-1;8],1,2},{'M',[1;8;1],1,[1;1;1],0,[0;3;0]},{'M',[128;1;2],1,[1;1;1],0,[7;0;1]},{'A',[-240;126;12],2,[1;8;1],1,4,[-128;-1;-2],1,1},{'M',[4;-3;24],3,[1;1;1],0,[2;NaN;NaN],[5;-3;34],2,[NaN;0;NaN],[-240;126;12],2,[NaN;NaN;1]},{'M',[2;4;12],3,[1;1;1],0,[1;2;NaN],[-240;126;12],2,[NaN;NaN;0]},{'A',[126;-100;756],4,[4;-3;24],3,5,[-2;-4;-12],3,0},{'M',[126;-100;64],5,[1;1;1],0,[NaN;NaN;6],[126;-100;756],4,[0;0;NaN]},{'M',[2;1;1024],1,[1;1;1],0,[1;0;10]},{'A',[502;-401;-768],6,[126;-100;64],5,2,[-2;-1;-1024],1,0},{'M',[-240;8;1],3,[1;1;1],0,[NaN;3;0],[-240;126;12],2,[0;NaN;NaN]},{'M',[126;252;48],5,[-240;126;12],2,[NaN;1;2],[126;-100;756],4,[0;NaN;NaN]},{'A',[-366;-244;-47],6,[-240;8;1],3,0,[-126;-252;-48],5,0},{'M',[1;-401;-188],7,[1;1;1],0,[0;NaN;NaN],[502;-401;-768],6,[NaN;0;NaN],[-366;-244;-47],6,[NaN;NaN;2]},{'M',[504;-244;-47],7,[126;-100;756],4,[2;NaN;NaN],[-366;-244;-47],6,[NaN;0;0]},{'A',[-503;-157;-235],8,[1;-401;-188],7,0,[-504;244;-47],7,0},{'M',[10;-6;-47],7,[5;-3;34],2,[1;1;NaN],[-366;-244;-47],6,[NaN;NaN;0]},{'M',[1;32;1],1,[1;1;1],0,[0;5;0]},{'A',[11;-38;-46],8,[10;-6;-47],7,0,[1;-32;1],1,0},{'M',[22;-401;-768],9,[502;-401;-768],6,[NaN;0;0],[11;-38;-46],8,[1;NaN;NaN]},{'M',[1280;-38;-47],9,[5;-3;34],2,[8;NaN;NaN],[-366;-244;-47],6,[NaN;NaN;0],[11;-38;-46],8,[NaN;0;NaN]},{'A',[1302;-363;-721],10,[22;-401;-768],9,0,[1280;38;47],9,0},{'M',[-240;126;136],3,[5;-3;34],2,[NaN;NaN;2],[-240;126;12],2,[0;0;NaN]},{'M',[1302;-157;-92],11,[-503;-157;-235],8,[NaN;0;NaN],[11;-38;-46],8,[NaN;NaN;1],[1302;-363;-721],10,[0;NaN;NaN]},{'A',[342;347;636],12,[-240;126;136],3,2,[1302;-157;92],11,0},{'M',[320;2;34],3,[1;1;1],0,[NaN;1;NaN],[5;-3;34],2,[6;NaN;0]},{'M',[502;-401;-235],9,[502;-401;-768],6,[0;0;NaN],[-503;-157;-235],8,[NaN;NaN;0]},{'A',[822;403;269],10,[320;2;34],3,0,[502;401;235],9,0},{'M',[-503;504;-235],9,[-240;126;12],2,[NaN;2;NaN],[-503;-157;-235],8,[0;NaN;0]},{'M',[16;-401;-376],7,[1;1;1],0,[4;NaN;NaN],[502;-401;-768],6,[NaN;0;NaN],[-366;-244;-47],6,[NaN;NaN;3]},{'A',[-487;103;-611],10,[-503;504;-235],9,0,[16;-401;-376],7,0},{'M',[160;403;756],11,[5;-3;34],2,[5;NaN;NaN],[126;-100;756],4,[NaN;NaN;0],[822;403;269],10,[NaN;0;NaN]},{'O',[160;403;756],11,[160;403;756],11,0},{'M',[342;103;636],13,[342;347;636],12,[0;NaN;0],[-487;103;-611],10,[NaN;0;NaN]},{'O',[342;103;636],13,[342;103;636],13,0},{'M',[-487;-363;-611],11,[1302;-363;-721],10,[NaN;0;NaN],[-487;103;-611],10,[0;NaN;0]},{'O',[487;363;611],11,[487;363;611],11,0},{'M',[822;347;269],13,[342;347;636],12,[NaN;0;NaN],[822;403;269],10,[0;NaN;0]},{'O',[822;347;269],13,[822;347;269],13,0},{'M',[-366;-244;-721],11,[-366;-244;-47],6,[0;0;NaN],[1302;-363;-721],10,[NaN;NaN;0]},{'O',[366;244;721],11,[366;244;721],11,0}}
Adder graph: {{'M',[1;1;2],1,[1;1;1],0,[0;0;1]},{'M',[32;1;64],1,[1;1;1],0,[5;0;6]},{'A',[-24;7;-48],2,[1;1;2],1,3,[-32;-1;-64],1,0},{'M',[-24;2;-48],3,[1;1;1],0,[NaN;1;NaN],[-24;7;-48],2,[0;NaN;0]},{'M',[1;28;1],3,[1;1;1],0,[0;NaN;0],[-24;7;-48],2,[NaN;2;NaN]},{'A',[-23;-26;-47],4,[-24;2;-48],3,0,[1;-28;1],3,0},{'M',[-384;512;1],3,[1;1;1],0,[NaN;9;0],[-24;7;-48],2,[4;NaN;NaN]},{'A',[1537;-2047;-3],4,[1;1;1],0,0,[384;-512;-1],3,2},{'M',[-5888;-2047;-6],5,[-23;-26;-47],4,[8;NaN;NaN],[1537;-2047;-3],4,[NaN;0;1]},{'M',[64;-52;1],5,[1;1;1],0,[6;NaN;0],[-23;-26;-47],4,[NaN;1;NaN]},{'A',[-7936;-383;-38],6,[-5888;-2047;-6],5,0,[-64;52;-1],5,5},{'M',[-368;-383;-768],7,[-23;-26;-47],4,[4;NaN;NaN],[1537;-2047;-3],4,[NaN;NaN;8],[-7936;-383;-38],6,[NaN;0;NaN]},{'M',[2;28;-47],5,[1;1;1],0,[1;NaN;NaN],[-24;7;-48],2,[NaN;2;NaN],[-23;-26;-47],4,[NaN;NaN;0]},{'A',[-366;-411;-721],8,[-368;-383;-768],7,0,[2;-28;47],5,0},{'M',[1;14;1],3,[1;1;1],0,[0;NaN;0],[-24;7;-48],2,[NaN;1;NaN]},{'M',[-24;7;-188],5,[-24;7;-48],2,[0;0;NaN],[-23;-26;-47],4,[NaN;NaN;2]},{'A',[-20;63;-184],6,[1;14;1],3,2,[-24;7;-188],5,0},{'M',[1;2;-608],7,[1;1;1],0,[0;1;NaN],[-7936;-383;-38],6,[NaN;NaN;4]},{'M',[128;63;-721],9,[1;1;1],0,[7;NaN;NaN],[-366;-411;-721],8,[NaN;NaN;0],[-20;63;-184],6,[NaN;0;NaN]},{'A',[516;-244;452],10,[1;2;-608],7,2,[128;-63;721],9,2},{'M',[-24;8;-768],5,[1;1;1],0,[NaN;3;NaN],[-24;7;-48],2,[0;NaN;NaN],[1537;-2047;-3],4,[NaN;NaN;8]},{'M',[-366;-411;-12],9,[1537;-2047;-3],4,[NaN;NaN;2],[-366;-411;-721],8,[0;0;NaN]},{'A',[342;-403;-756],10,[-24;8;-768],5,0,[366;-411;12],9,0},{'M',[516;1;452],11,[1;1;1],0,[NaN;0;NaN],[516;-244;452],10,[0;NaN;0]},{'M',[-7936;-411;-184],9,[-7936;-383;-38],6,[0;NaN;NaN],[-366;-411;-721],8,[NaN;0;NaN],[-20;63;-184],6,[NaN;NaN;0]},{'A',[-1855;103;159],12,[516;1;452],11,-2,[-7936;411;184],9,-2},{'M',[1368;-766;-3],11,[1537;-2047;-3],4,[NaN;NaN;0],[-7936;-383;-38],6,[NaN;1;NaN],[342;-403;-756],10,[2;NaN;NaN]},{'M',[-1855;-403;-608],13,[-7936;-383;-38],6,[NaN;NaN;4],[342;-403;-756],10,[NaN;0;NaN],[-1855;103;159],12,[0;NaN;NaN]},{'A',[-487;-363;-611],14,[1368;-766;-3],11,0,[-1855;403;-608],13,0},{'M',[-3896;64;452],15,[1;1;1],0,[NaN;6;NaN],[516;-244;452],10,[NaN;NaN;0],[-487;-363;-611],14,[3;NaN;NaN]},{'M',[3074;-411;-721],9,[1537;-2047;-3],4,[1;NaN;NaN],[-366;-411;-721],8,[NaN;0;0]},{'A',[-822;-347;-269],16,[-3896;64;452],15,0,[3074;-411;-721],9,0},{'M',[-160;-403;-756],11,[-20;63;-184],6,[3;NaN;NaN],[342;-403;-756],10,[NaN;0;0]},{'O',[160;403;756],11,[160;403;756],11,0},{'M',[342;103;636],13,[342;-403;-756],10,[0;NaN;NaN],[-1855;103;159],12,[NaN;0;2]},{'O',[342;103;636],13,[342;103;636],13,0},{'O',[487;363;611],14,[487;363;611],14,0},{'O',[822;347;269],16,[822;347;269],16,0},{'M',[-366;-244;-721],11,[-366;-411;-721],8,[0;NaN;0],[516;-244;452],10,[NaN;0;NaN]},{'O',[366;244;721],11,[366;244;721],11,0}}
Adder graph: {{'M',[8;2;1],1,[1;1;1],0,[3;1;0]},{'A',[-16;36;-30],2,[8;2;1],1,1,[-1;1;-1],0,5},{'M',[-16;4;4],3,[1;1;1],0,[NaN;2;2],[-16;36;-30],2,[0;NaN;NaN]},{'M',[1;1;512],1,[1;1;1],0,[0;0;9]},{'A',[-17;3;-508],4,[-16;4;4],3,0,[-1;-1;-512],1,0},{'M',[-16;192;32],5,[1;1;1],0,[NaN;NaN;5],[-16;36;-30],2,[0;NaN;NaN],[-17;3;-508],4,[NaN;6;NaN]},{'M',[-272;48;-508],5,[-17;3;-508],4,[4;4;0]},{'A',[208;816;636],6,[-16;192;32],5,2,[272;48;508],5,0},{'M',[-17;3;636],7,[-17;3;-508],4,[0;0;NaN],[208;816;636],6,[NaN;NaN;0]},{'M',[-136;24;-30],5,[-16;36;-30],2,[NaN;NaN;0],[-17;3;-508],4,[3;3;NaN]},{'A',[527;99;756],8,[-17;3;636],7,0,[136;24;30],5,2},{'M',[8;8;-30],3,[1;1;1],0,[3;3;NaN],[-16;36;-30],2,[NaN;NaN;0]},{'M',[2;2;-30],3,[1;1;1],0,[1;1;NaN],[-16;36;-30],2,[NaN;NaN;0]},{'A',[10;10;0],4,[8;8;-30],3,0,[2;2;30],3,0},{'M',[-17;99;1],9,[1;1;1],0,[NaN;NaN;0],[-17;3;-508],4,[0;NaN;NaN],[527;99;756],8,[NaN;0;NaN]},{'M',[16;16;1],1,[1;1;1],0,[4;4;0]},{'A',[47;35;5],10,[-17;99;1],9,0,[16;-16;1],1,2},{'M',[376;280;5],11,[47;35;5],10,[3;3;0]},{'M',[-17;36;-60],5,[-16;36;-30],2,[NaN;0;1],[-17;3;-508],4,[0;NaN;NaN]},{'A',[359;244;-55],12,[376;280;5],11,0,[-17;-36;-60],5,0},{'M',[-17;816;-508],7,[-17;3;-508],4,[0;NaN;0],[208;816;636],6,[NaN;0;NaN]},{'M',[359;10;-30],13,[-16;36;-30],2,[NaN;NaN;0],[10;10;0],4,[NaN;0;NaN],[359;244;-55],12,[0;NaN;NaN]},{'A',[171;403;-269],14,[-17;816;-508],7,-1,[359;-10;-30],13,-1},{'M',[47;4;-2032],11,[1;1;1],0,[NaN;2;NaN],[-17;3;-508],4,[NaN;NaN;2],[47;35;5],10,[0;NaN;NaN]},{'M',[-136;99;-4064],9,[-17;3;-508],4,[3;NaN;3],[527;99;756],8,[NaN;0;NaN]},{'A',[183;103;2032],12,[47;4;-2032],11,0,[136;99;4064],9,0},{'M',[527;403;-269],15,[527;99;756],8,[0;NaN;NaN],[171;403;-269],14,[NaN;0;0]},{'M',[10;10;-220],13,[10;10;0],4,[0;0;NaN],[359;244;-55],12,[NaN;NaN;2]},{'A',[487;363;611],16,[527;403;-269],15,0,[-10;-10;220],13,2},{'M',[10;16;611],17,[1;1;1],0,[NaN;4;NaN],[10;10;0],4,[0;NaN;NaN],[487;363;611],16,[NaN;NaN;0]},{'M',[832;363;-110],17,[208;816;636],6,[2;NaN;NaN],[359;244;-55],12,[NaN;NaN;1],[487;363;611],16,[NaN;0;NaN]},{'A',[-822;-347;721],18,[10;16;611],17,0,[-832;-363;110],17,0},{'M',[160;403;756],15,[527;99;756],8,[NaN;NaN;0],[10;10;0],4,[4;NaN;NaN],[171;403;-269],14,[NaN;0;NaN]},{'O',[160;403;756],15,[160;403;756],15,0},{'M',[342;103;636],15,[208;816;636],6,[NaN;NaN;0],[171;403;-269],14,[1;NaN;NaN],[183;103;2032],12,[NaN;0;NaN]},{'O',[342;103;636],15,[342;103;636],15,0},{'O',[487;363;611],16,[487;363;611],16,0},{'M',[-822;-347;-269],19,[171;403;-269],14,[NaN;NaN;0],[-822;-347;721],18,[0;0;NaN]},{'O',[822;347;269],19,[822;347;269],19,0},{'M',[366;244;721],19,[359;244;-55],12,[NaN;0;NaN],[183;103;2032],12,[1;NaN;NaN],[-822;-347;721],18,[NaN;NaN;0]},{'O',[366;244;721],19,[366;244;721],19,0}}
Adder graph: {{'M',[1;1;8],1,[1;1;1],0,[0;0;3]},{'A',[5;5;31],2,[1;1;8],1,2,[1;1;-1],0,0},{'M',[5;4;4],3,[1;1;1],0,[NaN;2;2],[5;5;31],2,[0;NaN;NaN]},{'M',[5;5;64],3,[1;1;1],0,[NaN;NaN;6],[5;5;31],2,[0;0;NaN]},{'A',[25;11;80],4,[5;4;4],3,2,[5;-5;64],3,0},{'M',[20;80;1],3,[1;1;1],0,[NaN;NaN;0],[5;5;31],2,[2;4;NaN]},{'M',[64;64;31],3,[1;1;1],0,[6;6;NaN],[5;5;31],2,[NaN;NaN;0]},{'A',[104;224;-29],4,[20;80;1],3,1,[64;64;-31],3,0},{'M',[512;224;62],5,[1;1;1],0,[9;NaN;NaN],[5;5;31],2,[NaN;NaN;1],[104;224;-29],4,[NaN;0;NaN]},{'A',[-510;-222;64],6,[1;1;1],0,1,[-512;-224;62],5,0},{'M',[1;1;4],1,[1;1;1],0,[0;0;2]},{'M',[320;-222;31],7,[5;5;31],2,[6;NaN;0],[-510;-222;64],6,[NaN;0;NaN]},{'A',[-316;-218;47],8,[1;1;4],1,2,[-320;-222;31],7,0},{'M',[800;352;47],9,[25;11;80],4,[5;5;NaN],[-316;-218;47],8,[NaN;NaN;0]},{'M',[50;11;160],5,[25;11;80],4,[1;0;1]},{'A',[750;363;207],10,[800;352;47],9,0,[-50;11;160],5,0},{'M',[512;5;640],5,[1;1;1],0,[9;NaN;NaN],[5;5;31],2,[NaN;0;NaN],[25;11;80],4,[NaN;NaN;3]},{'M',[25;11;-29],5,[25;11;80],4,[0;0;NaN],[104;224;-29],4,[NaN;NaN;0]},{'A',[487;-6;611],6,[512;5;640],5,0,[-25;-11;-29],5,0},{'M',[416;363;-116],11,[104;224;-29],4,[2;NaN;2],[750;363;207],10,[NaN;0;NaN]},{'M',[5;40;752],9,[5;5;31],2,[0;3;NaN],[-316;-218;47],8,[NaN;NaN;4]},{'A',[411;403;636],12,[416;363;-116],11,0,[-5;40;752],9,0},{'M',[832;363;207],11,[104;224;-29],4,[3;NaN;NaN],[750;363;207],10,[NaN;0;0]},{'M',[487;8;31],7,[1;1;1],0,[NaN;3;NaN],[5;5;31],2,[NaN;NaN;0],[487;-6;611],6,[0;NaN;NaN]},{'A',[1806;347;269],12,[832;363;207],11,0,[487;-8;31],7,1},{'M',[25;-48;376],9,[25;11;80],4,[0;NaN;NaN],[-316;-218;47],8,[NaN;NaN;3],[487;-6;611],6,[NaN;3;NaN]},{'M',[-316;-218;31],9,[5;5;31],2,[NaN;NaN;0],[-316;-218;47],8,[0;0;NaN]},{'A',[366;122;721],10,[25;-48;376],9,1,[316;218;-31],9,0},{'M',[1464;244;80],11,[25;11;80],4,[NaN;NaN;0],[366;122;721],10,[2;1;NaN]},{'A',[342;103;189],13,[1806;347;269],12,0,[-1464;-244;-80],11,0},{'M',[160;403;756],14,[5;5;31],2,[5;NaN;NaN],[411;403;636],12,[NaN;0;NaN],[342;103;189],13,[NaN;NaN;2]},{'O',[160;403;756],14,[160;403;756],14,0},{'M',[342;103;636],14,[411;403;636],12,[NaN;NaN;0],[342;103;189],13,[0;0;NaN]},{'O',[342;103;636],14,[342;103;636],14,0},{'M',[487;363;611],11,[750;363;207],10,[NaN;0;NaN],[487;-6;611],6,[0;NaN;0]},{'O',[487;363;611],11,[487;363;611],11,0},{'M',[822;347;269],13,[411;403;636],12,[1;NaN;NaN],[1806;347;269],12,[NaN;0;0]},{'O',[822;347;269],13,[822;347;269],13,0},{'M',[366;244;721],11,[366;122;721],10,[0;1;0]},{'O',[366;244;721],11,[366;244;721],11,0}}
Adder graph: {{'M',[1;1;256],1,[1;1;1],0,[0;0;8]},{'A',[3;3;1025],2,[1;1;256],1,2,[-1;-1;1],0,0},{'M',[3;3;2],3,[1;1;1],0,[NaN;NaN;1],[3;3;1025],2,[0;0;NaN]},{'M',[32;1;1],1,[1;1;1],0,[5;0;0]},{'A',[-104;28;20],4,[3;3;2],3,3,[-32;1;1],1,2},{'M',[1;24;80],5,[1;1;1],0,[0;NaN;NaN],[3;3;1025],2,[NaN;3;NaN],[-104;28;20],4,[NaN;NaN;2]},{'M',[-416;112;1],5,[1;1;1],0,[NaN;NaN;0],[-104;28;20],4,[2;2;NaN]},{'A',[-414;-64;159],6,[1;24;80],5,1,[-416;-112;-1],5,0},{'M',[48;48;20],5,[3;3;1025],2,[4;4;NaN],[-104;28;20],4,[NaN;NaN;0]},{'M',[-414;3584;320],7,[-104;28;20],4,[NaN;7;4],[-414;-64;159],6,[0;NaN;NaN]},{'A',[-366;-3536;-300],8,[48;48;20],5,0,[-414;-3584;-320],7,0},{'M',[-414;-64;160],7,[-104;28;20],4,[NaN;NaN;3],[-414;-64;159],6,[0;0;NaN]},{'M',[3;3;8],3,[1;1;1],0,[NaN;NaN;3],[3;3;1025],2,[0;0;NaN]},{'A',[-822;-122;304],8,[-414;-64;160],7,1,[3;3;-8],3,1},{'M',[2;2;1025],3,[1;1;1],0,[1;1;NaN],[3;3;1025],2,[NaN;NaN;0]},{'M',[-104;28;-2400],9,[-104;28;20],4,[0;0;NaN],[-366;-3536;-300],8,[NaN;NaN;3]},{'A',[210;-54;-3775],10,[2;2;1025],3,0,[104;-28;-2400],9,1},{'M',[-366;-3536;159],9,[-414;-64;159],6,[NaN;NaN;0],[-366;-3536;-300],8,[0;0;NaN]},{'M',[210;-64;-3775],11,[-414;-64;159],6,[NaN;0;NaN],[210;-54;-3775],10,[0;NaN;0]},{'A',[-36;-225;-226],12,[-366;-3536;159],9,-4,[-210;-64;-3775],11,-4},{'M',[-72;-122;304],13,[-822;-122;304],8,[NaN;0;0],[-36;-225;-226],12,[1;NaN;NaN]},{'M',[-414;-225;1025],13,[3;3;1025],2,[NaN;NaN;0],[-414;-64;159],6,[0;NaN;NaN],[-36;-225;-226],12,[NaN;0;NaN]},{'A',[342;103;-721],14,[-72;-122;304],13,0,[414;225;-1025],13,0},{'M',[3;103;-721],15,[3;3;1025],2,[0;NaN;NaN],[342;103;-721],14,[NaN;0;0]},{'M',[32;-225;-226],13,[1;1;1],0,[5;NaN;NaN],[-36;-225;-226],12,[NaN;0;0]},{'A',[67;-347;-269],16,[3;103;-721],15,0,[32;-225;226],13,1},{'M',[420;16;159],11,[1;1;1],0,[NaN;4;NaN],[-414;-64;159],6,[NaN;NaN;0],[210;-54;-3775],10,[1;NaN;NaN]},{'M',[67;-347;-452],17,[-36;-225;-226],12,[NaN;NaN;1],[67;-347;-269],16,[0;0;NaN]},{'A',[487;363;611],18,[420;16;159],11,0,[67;347;452],17,0},{'M',[3;56;1025],5,[3;3;1025],2,[0;NaN;0],[-104;28;20],4,[NaN;1;NaN]},{'M',[2;-347;-269],17,[1;1;1],0,[1;NaN;NaN],[67;-347;-269],16,[NaN;0;0]},{'A',[5;403;756],18,[3;56;1025],5,0,[2;347;-269],17,0},{'M',[160;403;756],19,[5;403;756],18,[5;0;0]},{'O',[160;403;756],19,[160;403;756],19,0},{'M',[342;103;636],15,[-414;-64;159],6,[NaN;NaN;2],[342;103;-721],14,[0;0;NaN]},{'O',[342;103;636],15,[342;103;636],15,0},{'O',[487;363;611],18,[487;363;611],18,0},{'M',[-822;-347;-269],17,[-822;-122;304],8,[0;NaN;NaN],[67;-347;-269],16,[NaN;0;0]},{'O',[822;347;269],17,[822;347;269],17,0},{'M',[-366;-244;-721],15,[-366;-3536;-300],8,[0;NaN;NaN],[-822;-122;304],8,[NaN;1;NaN],[342;103;-721],14,[NaN;NaN;0]},{'O',[366;244;721],15,[366;244;721],15,0}}
Adder graph: {{'M',[2;1;1],1,[1;1;1],0,[1;0;0]},{'A',[-3;3;3],2,[1;1;1],0,0,[-2;1;1],1,1},{'M',[-3;3;8],3,[1;1;1],0,[NaN;NaN;3],[-3;3;3],2,[0;0;NaN]},{'M',[-192;16;1],3,[1;1;1],0,[NaN;4;0],[-3;3;3],2,[6;NaN;NaN]},{'A',[168;40;63],4,[-3;3;8],3,3,[192;16;-1],3,0},{'M',[-3;320;504],5,[-3;3;3],2,[0;NaN;NaN],[168;40;63],4,[NaN;3;3]},{'M',[168;384;384],5,[-3;3;3],2,[NaN;7;7],[168;40;63],4,[0;NaN;NaN]},{'A',[-171;-64;888],6,[-3;320;504],5,0,[-168;-384;384],5,0},{'M',[168;384;63],5,[-3;3;3],2,[NaN;7;NaN],[168;40;63],4,[0;NaN;0]},{'M',[16;3;768],3,[1;1;1],0,[4;NaN;NaN],[-3;3;3],2,[NaN;0;8]},{'A',[152;387;-705],6,[168;384;63],5,0,[-16;3;-768],3,0},{'M',[-3;64;4],3,[1;1;1],0,[NaN;6;2],[-3;3;3],2,[0;NaN;NaN]},{'M',[-6;12;-705],7,[-3;3;3],2,[1;2;NaN],[152;387;-705],6,[NaN;NaN;0]},{'A',[-18;244;721],8,[-3;64;4],3,2,[-6;-12;705],7,0},{'M',[1;1;3552],7,[1;1;1],0,[0;0;NaN],[-171;-64;888],6,[NaN;NaN;2]},{'M',[336;40;63],5,[168;40;63],4,[1;0;0]},{'A',[-335;41;3615],8,[1;1;3552],7,0,[-336;40;63],5,0},{'M',[-670;40;63],9,[168;40;63],4,[NaN;0;0],[-335;41;3615],8,[1;NaN;NaN]},{'M',[152;387;126],7,[168;40;63],4,[NaN;NaN;1],[152;387;-705],6,[0;0;NaN]},{'A',[-822;-347;189],10,[-670;40;63],9,0,[-152;-387;126],7,0},{'M',[1;2;2],1,[1;1;1],0,[0;1;1]},{'A',[160;403;110],8,[152;387;126],7,0,[1;2;-2],1,3},{'M',[-384;-347;880],11,[-3;3;3],2,[7;NaN;NaN],[-822;-347;189],10,[NaN;0;NaN],[160;403;110],8,[NaN;NaN;3]},{'A',[366;-103;-159],12,[-18;244;721],8,0,[384;-347;-880],11,0},{'M',[-335;16;721],9,[1;1;1],0,[NaN;4;NaN],[-18;244;721],8,[NaN;NaN;0],[-335;41;3615],8,[0;NaN;NaN]},{'M',[-822;-347;110],11,[-822;-347;189],10,[0;0;NaN],[160;403;110],8,[NaN;NaN;0]},{'A',[487;363;611],12,[-335;16;721],9,0,[822;347;-110],11,0},{'A',[526;300;-269],13,[366;-103;-159],12,0,[160;403;-110],8,0},{'M',[160;403;756],11,[-822;-347;189],10,[NaN;NaN;2],[160;403;110],8,[0;0;NaN]},{'O',[160;403;756],11,[160;403;756],11,0},{'M',[-342;-103;-636],13,[-171;-64;888],6,[1;NaN;NaN],[366;-103;-159],12,[NaN;0;2]},{'O',[342;103;636],13,[342;103;636],13,0},{'O',[487;363;611],12,[487;363;611],12,0},{'M',[-822;-347;-269],14,[-822;-347;189],10,[0;0;NaN],[526;300;-269],13,[NaN;NaN;0]},{'O',[822;347;269],14,[822;347;269],14,0},{'M',[366;244;721],13,[-18;244;721],8,[NaN;0;0],[366;-103;-159],12,[0;NaN;NaN]},{'O',[366;244;721],13,[366;244;721],13,0}}
Adder graph: {{'M',[1;2;2],1,[1;1;1],0,[0;1;1]},{'M',[1;1;8],1,[1;1;1],0,[0;0;3]},{'A',[3840;7936;10240],2,[1;2;2],1,12,[-1;-1;8],1,8},{'M',[4;1;4],1,[1;1;1],0,[2;0;2]},{'A',[10;4;10],2,[4;1;4],1,1,[1;1;1],0,1},{'M',[10;2;2],3,[1;1;1],0,[NaN;1;1],[10;4;10],2,[0;NaN;NaN]},{'A',[1344;192;192],4,[10;2;2],3,7,[1;-1;-1],0,6},{'M',[1;1;192],5,[1;1;1],0,[0;0;NaN],[1344;192;192],4,[NaN;NaN;0]},{'M',[10;384;384],5,[10;4;10],2,[0;NaN;NaN],[1344;192;192],4,[NaN;1;1]},{'A',[11;385;576],6,[1;1;192],5,0,[10;384;384],5,0},{'M',[10;2;512],3,[1;1;1],0,[NaN;1;9],[10;4;10],2,[0;NaN;NaN]},{'A',[69;401;3520],7,[10;2;512],3,3,[-11;385;-576],6,0},{'M',[3840;7936;192],5,[3840;7936;10240],2,[0;0;NaN],[1344;192;192],4,[NaN;NaN;0]},{'A',[120;248;157],6,[3840;7936;10240],2,-6,[3840;7936;-192],5,-6},{'M',[240;1;314],7,[1;1;1],0,[NaN;0;NaN],[120;248;157],6,[1;NaN;1]},{'M',[69;401;8],8,[1;1;1],0,[NaN;NaN;3],[69;401;3520],7,[0;0;NaN]},{'A',[411;403;636],9,[240;1;314],7,1,[-69;401;8],8,0},{'M',[120;248;3520],8,[69;401;3520],7,[NaN;NaN;0],[120;248;157],6,[0;0;NaN]},{'M',[1344;4;636],10,[10;4;10],2,[NaN;0;NaN],[1344;192;192],4,[0;NaN;NaN],[411;403;636],9,[NaN;NaN;0]},{'A',[366;61;721],11,[120;248;3520],8,-2,[1344;-4;-636],10,-2},{'M',[160;488;157],12,[10;4;10],2,[4;NaN;NaN],[120;248;157],6,[NaN;NaN;0],[366;61;721],11,[NaN;3;NaN]},{'M',[11;385;32],7,[1;1;1],0,[NaN;NaN;5],[11;385;576],6,[0;0;NaN]},{'A',[171;103;189],13,[160;488;157],12,0,[11;-385;32],7,0},{'M',[366;244;80],12,[10;4;10],2,[NaN;NaN;3],[366;61;721],11,[0;2;NaN]},{'A',[537;347;269],14,[171;103;189],13,0,[366;244;80],12,0},{'M',[256;4;192],5,[1;1;1],0,[8;2;NaN],[1344;192;192],4,[NaN;NaN;0]},{'M',[537;347;157],15,[120;248;157],6,[NaN;NaN;0],[537;347;269],14,[0;0;NaN]},{'A',[487;363;611],16,[256;4;192],5,2,[-537;347;-157],15,0},{'M',[160;403;756],14,[10;4;10],2,[4;NaN;NaN],[411;403;636],9,[NaN;0;NaN],[171;103;189],13,[NaN;NaN;2]},{'O',[160;403;756],14,[160;403;756],14,0},{'M',[342;103;636],14,[411;403;636],9,[NaN;NaN;0],[171;103;189],13,[1;0;NaN]},{'O',[342;103;636],14,[342;103;636],14,0},{'O',[487;363;611],16,[487;363;611],16,0},{'M',[822;347;269],15,[411;403;636],9,[1;NaN;NaN],[537;347;269],14,[NaN;0;0]},{'O',[822;347;269],15,[822;347;269],15,0},{'M',[366;244;721],12,[366;61;721],11,[0;2;0]},{'O',[366;244;721],12,[366;244;721],12,0}}
Adder graph: {{'M',[1;1;2],1,[1;1;1],0,[0;0;1]},{'M',[16;1;16],1,[1;1;1],0,[4;0;4]},{'A',[-24;10;48],2,[1;1;2],1,3,[-16;1;16],1,1},{'M',[32;10;8],3,[1;1;1],0,[5;NaN;3],[-24;10;48],2,[NaN;0;NaN]},{'A',[-31;11;9],4,[1;1;1],0,0,[-32;10;8],3,0},{'M',[-31;1;9],5,[1;1;1],0,[NaN;0;NaN],[-31;11;9],4,[0;NaN;0]},{'M',[-96;40;9],5,[-24;10;48],2,[2;2;NaN],[-31;11;9],4,[NaN;NaN;0]},{'A',[-415;161;45],6,[-31;1;9],5,0,[-96;40;9],5,2},{'M',[-830;161;45],7,[-415;161;45],6,[1;0;0]},{'M',[-496;10;144],5,[-24;10;48],2,[NaN;0;NaN],[-31;11;9],4,[4;NaN;4]},{'A',[162;141;333],8,[-830;161;45],7,0,[496;-10;144],5,1},{'M',[-31;352;128],5,[1;1;1],0,[NaN;NaN;7],[-31;11;9],4,[0;5;NaN]},{'A',[-61;703;255],6,[-31;352;128],5,1,[1;-1;-1],0,0},{'M',[-488;161;576],7,[-31;11;9],4,[NaN;NaN;6],[-415;161;45],6,[NaN;0;NaN],[-61;703;255],6,[3;NaN;NaN]},{'A',[160;403;756],9,[162;141;333],8,2,[-488;-161;-576],7,0},{'M',[-61;703;384],7,[-24;10;48],2,[NaN;NaN;3],[-61;703;255],6,[0;0;NaN]},{'M',[-122;403;510],10,[-61;703;255],6,[1;NaN;1],[160;403;756],9,[NaN;0;NaN]},{'A',[183;-103;-636],11,[-61;703;384],7,0,[122;-403;-510],10,1},{'M',[1;564;1],9,[1;1;1],0,[0;NaN;0],[162;141;333],8,[NaN;2;NaN]},{'M',[162;320;720],9,[-24;10;48],2,[NaN;5;NaN],[-415;161;45],6,[NaN;NaN;4],[162;141;333],8,[0;NaN;NaN]},{'A',[-161;244;721],10,[1;564;1],9,0,[-162;-320;720],9,0},{'M',[-415;-103;32],12,[1;1;1],0,[NaN;NaN;5],[-415;161;45],6,[0;NaN;NaN],[183;-103;-636],11,[NaN;0;NaN]},{'M',[8;141;333],9,[1;1;1],0,[3;NaN;NaN],[162;141;333],8,[NaN;0;0]},{'A',[-822;-347;-269],13,[-415;-103;32],12,1,[8;-141;-333],9,0},{'M',[-488;403;2040],10,[-61;703;255],6,[3;NaN;3],[160;403;756],9,[NaN;0;NaN]},{'A',[-342;-81;2130],11,[-415;161;45],6,1,[488;-403;2040],10,0},{'M',[324;141;666],9,[162;141;333],8,[1;0;1]},{'M',[-161;-81;721],12,[-161;244;721],10,[0;NaN;0],[-342;-81;2130],11,[NaN;0;NaN]},{'A',[487;363;611],13,[324;141;666],9,1,[-161;81;-721],12,0},{'O',[160;403;756],9,[160;403;756],9,0},{'M',[-342;-103;-636],12,[183;-103;-636],11,[NaN;0;0],[-342;-81;2130],11,[0;NaN;NaN]},{'O',[342;103;636],12,[342;103;636],12,0},{'O',[487;363;611],13,[487;363;611],13,0},{'O',[822;347;269],13,[822;347;269],13,0},{'M',[366;244;721],12,[183;-103;-636],11,[1;NaN;NaN],[-161;244;721],10,[NaN;0;0]},{'O',[366;244;721],12,[366;244;721],12,0}}
Adder graph: {{'M',[1;32;1],1,[1;1;1],0,[0;5;0]},{'A',[7;-24;9],2,[1;1;1],0,3,[-1;-32;1],1,0},{'M',[16;1;16],1,[1;1;1],0,[4;0;4]},{'M',[7;32;8],3,[1;1;1],0,[NaN;5;3],[7;-24;9],2,[0;NaN;NaN]},{'A',[25;34;40],4,[16;1;16],1,1,[-7;32;8],3,0},{'M',[25;1;1],5,[1;1;1],0,[NaN;0;0],[25;34;40],4,[0;NaN;NaN]},{'M',[128;1;64],1,[1;1;1],0,[7;0;6]},{'A',[-487;-3;257],6,[25;1;1],5,0,[-128;-1;64],1,2},{'M',[4;34;40],5,[1;1;1],0,[2;NaN;NaN],[25;34;40],4,[NaN;0;0]},{'M',[56;-192;1],3,[1;1;1],0,[NaN;NaN;0],[7;-24;9],2,[3;3;NaN]},{'A',[-40;-56;159],6,[4;34;40],5,2,[-56;-192;-1],3,0},{'M',[28;-96;40],5,[7;-24;9],2,[2;2;NaN],[25;34;40],4,[NaN;NaN;0]},{'M',[-974;-3;514],7,[-487;-3;257],6,[1;0;1]},{'A',[-862;-387;-354],8,[28;-96;40],5,2,[-974;-3;-514],7,0},{'M',[50;1;1],5,[1;1;1],0,[NaN;0;0],[25;34;40],4,[1;NaN;NaN]},{'M',[7;-24;4],3,[1;1;1],0,[NaN;NaN;2],[7;-24;9],2,[0;0;NaN]},{'A',[57;25;-3],6,[50;1;1],5,0,[7;24;-4],3,0},{'M',[28;-24;257],7,[7;-24;9],2,[2;NaN;NaN],[-487;-3;257],6,[NaN;3;0]},{'A',[-834;-363;-611],9,[-862;-387;-354],8,0,[28;24;-257],7,0},{'M',[-1724;-3;-708],9,[-487;-3;257],6,[NaN;0;NaN],[-862;-387;-354],8,[1;NaN;1]},{'M',[-862;400;-48],9,[-862;-387;-354],8,[0;NaN;NaN],[57;25;-3],6,[NaN;4;4]},{'A',[-862;-403;-756],10,[-1724;-3;-708],9,0,[862;-400;-48],9,0},{'M',[-862;-403;-611],11,[-834;-363;-611],9,[NaN;NaN;0],[-862;-403;-756],10,[0;0;NaN]},{'A',[-822;-347;-452],12,[-862;-403;-611],11,0,[40;56;159],6,0},{'M',[114;-3;257],7,[-487;-3;257],6,[NaN;0;0],[57;25;-3],6,[1;NaN;NaN]},{'A',[342;103;-269],8,[57;25;-3],6,2,[114;3;-257],7,0},{'M',[456;103;-269],9,[57;25;-3],6,[3;NaN;NaN],[342;103;-269],8,[NaN;0;0]},{'A',[-366;-244;-721],13,[456;103;-269],9,0,[-822;-347;-452],12,0},{'M',[-160;-403;-756],11,[-40;-56;159],6,[2;NaN;NaN],[-862;-403;-756],10,[NaN;0;0]},{'O',[160;403;756],11,[160;403;756],11,0},{'M',[342;103;636],9,[-40;-56;159],6,[NaN;NaN;2],[342;103;-269],8,[0;0;NaN]},{'O',[342;103;636],9,[342;103;636],9,0},{'M',[-487;-363;-611],10,[-487;-3;257],6,[0;NaN;NaN],[-834;-363;-611],9,[NaN;0;0]},{'O',[487;363;611],10,[487;363;611],10,0},{'M',[-822;-347;-269],13,[-822;-347;-452],12,[0;0;NaN],[342;103;-269],8,[NaN;NaN;0]},{'O',[822;347;269],13,[822;347;269],13,0},{'O',[366;244;721],13,[366;244;721],13,0}}
Adder graph: {{'A',[7;7;9],1,[1;1;1],0,3,[-1;-1;1],0,0},{'M',[7;7;72],2,[7;7;9],1,[0;0;3]},{'A',[519;519;584],3,[7;7;72],2,0,[1;1;1],0,9},{'A',[135;-121;137],2,[7;7;9],1,0,[1;-1;1],0,7},{'M',[56;-121;72],3,[7;7;9],1,[3;NaN;3],[135;-121;137],2,[NaN;0;NaN]},{'A',[24;-89;104],4,[56;-121;72],3,0,[-1;1;1],0,5},{'M',[32;-121;137],3,[1;1;1],0,[5;NaN;NaN],[135;-121;137],2,[NaN;0;0]},{'A',[487;398;721],4,[519;519;584],3,0,[-32;-121;137],3,0},{'M',[1;-178;144],5,[1;1;1],0,[0;NaN;NaN],[7;7;9],1,[NaN;NaN;4],[24;-89;104],4,[NaN;1;NaN]},{'A',[5;363;-279],6,[7;7;9],1,0,[-1;178;-144],5,1},{'M',[135;7;9],3,[7;7;9],1,[NaN;0;0],[135;-121;137],2,[0;NaN;NaN]},{'M',[1;1;32],1,[1;1;1],0,[0;0;5]},{'A',[137;5;-55],4,[135;7;9],3,0,[1;-1;-32],1,1},{'M',[4;4;137],3,[1;1;1],0,[2;2;NaN],[135;-121;137],2,[NaN;NaN;0]},{'A',[-11;347;269],7,[5;363;-279],6,0,[-4;-4;137],3,2},{'M',[548;398;208],5,[24;-89;104],4,[NaN;NaN;1],[487;398;721],4,[NaN;0;NaN],[137;5;-55],4,[2;NaN;NaN]},{'M',[137;5;548],5,[135;-121;137],2,[NaN;NaN;2],[137;5;-55],4,[0;0;NaN]},{'A',[411;403;756],6,[548;398;208],5,0,[-137;5;548],5,0},{'M',[160;7;538],8,[7;7;9],1,[NaN;0;NaN],[5;363;-279],6,[5;NaN;NaN],[-11;347;269],7,[NaN;NaN;1]},{'M',[-22;-89;-440],8,[24;-89;104],4,[NaN;0;NaN],[137;5;-55],4,[NaN;NaN;3],[-11;347;269],7,[1;NaN;NaN]},{'A',[342;103;636],9,[160;7;538],8,1,[22;89;-440],8,0},{'M',[96;2;721],5,[1;1;1],0,[NaN;1;NaN],[24;-89;104],4,[2;NaN;NaN],[487;398;721],4,[NaN;NaN;0]},{'M',[135;-121;-55],5,[135;-121;137],2,[0;0;NaN],[137;5;-55],4,[NaN;NaN;0]},{'A',[366;244;611],6,[96;2;721],5,0,[135;121;-55],5,1},{'M',[160;403;756],7,[5;363;-279],6,[5;NaN;NaN],[411;403;756],6,[NaN;0;0]},{'O',[160;403;756],7,[160;403;756],7,0},{'O',[342;103;636],9,[342;103;636],9,0},{'M',[487;363;611],7,[487;398;721],4,[0;NaN;NaN],[5;363;-279],6,[NaN;0;NaN],[366;244;611],6,[NaN;NaN;0]},{'O',[487;363;611],7,[487;363;611],7,0},{'M',[822;347;269],8,[-11;347;269],7,[NaN;0;0],[411;403;756],6,[1;NaN;NaN]},{'O',[822;347;269],8,[822;347;269],8,0},{'M',[366;244;721],7,[487;398;721],4,[NaN;NaN;0],[366;244;611],6,[0;0;NaN]},{'O',[366;244;721],7,[366;244;721],7,0}}
Adder graph: {{'A',[-3;5;5],1,[1;1;1],0,0,[-1;1;1],0,2},{'M',[-3;4;4],2,[1;1;1],0,[NaN;2;2],[-3;5;5],1,[0;NaN;NaN]},{'M',[-3;5;8],2,[1;1;1],0,[NaN;NaN;3],[-3;5;5],1,[0;0;NaN]},{'A',[45;-76;132],3,[-3;4;4],2,0,[3;-5;8],2,4},{'M',[4;4;5],2,[1;1;1],0,[2;2;NaN],[-3;5;5],1,[NaN;NaN;0]},{'A',[173;52;292],4,[45;-76;132],3,0,[4;4;5],2,5},{'M',[173;52;320],5,[-3;5;5],1,[NaN;NaN;6],[173;52;292],4,[0;0;NaN]},{'M',[4;1;4],1,[1;1;1],0,[2;0;2]},{'A',[342;103;636],6,[173;52;320],5,1,[-4;-1;-4],1,0},{'M',[512;5;292],5,[1;1;1],0,[9;NaN;NaN],[-3;5;5],1,[NaN;0;NaN],[173;52;292],4,[NaN;NaN;0]},{'M',[-3;5;40],2,[-3;5;5],1,[0;0;3]},{'A',[488;45;612],6,[512;5;292],5,0,[-3;5;40],2,3},{'M',[1;1;20],2,[1;1;1],0,[0;0;NaN],[-3;5;5],1,[NaN;NaN;2]},{'M',[-3;206;5],7,[-3;5;5],1,[0;NaN;0],[342;103;636],6,[NaN;1;NaN]},{'A',[5;-204;45],8,[1;1;20],2,1,[3;-206;5],7,0},{'M',[10;80;132],9,[-3;5;5],1,[NaN;4;NaN],[45;-76;132],3,[NaN;NaN;0],[5;-204;45],8,[1;NaN;NaN]},{'M',[346;104;5],5,[-3;5;5],1,[NaN;NaN;0],[173;52;292],4,[1;1;NaN]},{'A',[366;56;269],10,[10;80;132],9,1,[346;-104;5],5,0},{'M',[732;112;269],11,[366;56;269],10,[1;1;0]},{'M',[488;45;320],7,[-3;5;5],1,[NaN;NaN;6],[488;45;612],6,[0;0;NaN]},{'A',[3416;403;756],12,[732;112;269],11,2,[488;-45;-320],7,0},{'M',[1;320;1],2,[1;1;1],0,[0;NaN;0],[-3;5;5],1,[NaN;6;NaN]},{'M',[45;-76;720],9,[45;-76;132],3,[0;0;NaN],[5;-204;45],8,[NaN;NaN;4]},{'A',[46;244;721],10,[1;320;1],2,0,[45;-76;720],9,0},{'M',[1;-408;1],9,[1;1;1],0,[0;NaN;0],[5;-204;45],8,[NaN;1;NaN]},{'A',[-487;-363;-611],10,[1;-408;1],9,0,[-488;45;-612],6,0},{'M',[732;403;538],13,[366;56;269],10,[1;NaN;1],[3416;403;756],12,[NaN;0;NaN]},{'M',[90;56;269],11,[45;-76;132],3,[1;NaN;NaN],[366;56;269],10,[NaN;0;0]},{'A',[822;347;269],14,[732;403;538],13,0,[90;-56;-269],11,0},{'M',[160;403;756],13,[5;-204;45],8,[5;NaN;NaN],[3416;403;756],12,[NaN;0;0]},{'O',[160;403;756],13,[160;403;756],13,0},{'O',[342;103;636],6,[342;103;636],6,0},{'O',[487;363;611],10,[487;363;611],10,0},{'O',[822;347;269],14,[822;347;269],14,0},{'M',[366;244;721],11,[366;56;269],10,[0;NaN;NaN],[46;244;721],10,[NaN;0;0]},{'O',[366;244;721],11,[366;244;721],11,0}}
Adder graph: {{'A',[-15;17;-15],1,[1;1;1],0,0,[-1;1;-1],0,4},{'M',[1;1;-60],2,[1;1;1],0,[0;0;NaN],[-15;17;-15],1,[NaN;NaN;2]},{'M',[1;2;1],1,[1;1;1],0,[0;1;0]},{'A',[5;-7;-64],3,[1;1;-60],2,0,[1;-2;-1],1,2},{'M',[-60;68;-15],2,[-15;17;-15],1,[2;2;0]},{'A',[-136;152;-46],3,[-60;68;-15],2,1,[-1;1;-1],0,4},{'M',[5;-7;-30],4,[-15;17;-15],1,[NaN;NaN;1],[5;-7;-64],3,[0;0;NaN]},{'A',[65;61;30],5,[5;-7;-30],4,0,[15;17;15],1,2},{'M',[-136;244;-46],6,[-136;152;-46],3,[0;NaN;0],[65;61;30],5,[NaN;2;NaN]},{'A',[-104;28;-286],7,[-15;17;-15],1,4,[136;-244;-46],6,0},{'M',[2;-7;-64],4,[1;1;1],0,[1;NaN;NaN],[5;-7;-64],3,[NaN;0;0]},{'M',[-136;152;-572],8,[-136;152;-46],3,[0;0;NaN],[-104;28;-286],7,[NaN;NaN;1]},{'A',[138;-159;-636],9,[2;-7;-64],4,0,[136;-152;-572],8,0},{'A',[122;403;756],10,[65;61;30],5,2,[-138;159;636],9,0},{'M',[122;17;-15],11,[-15;17;-15],1,[NaN;0;0],[122;403;756],10,[0;NaN;NaN]},{'M',[122;1216;-368],11,[-136;152;-46],3,[NaN;3;3],[122;403;756],10,[0;NaN;NaN]},{'A',[366;-2415;721],12,[122;17;-15],11,0,[122;-1216;368],11,1},{'M',[-240;28;-286],8,[-15;17;-15],1,[4;NaN;NaN],[-104;28;-286],7,[NaN;0;0]},{'M',[138;-159;721],13,[138;-159;-636],9,[0;0;NaN],[366;-2415;721],12,[NaN;NaN;0]},{'A',[-342;-103;149],14,[-240;28;-286],8,1,[138;-159;721],13,0},{'M',[138;244;120],10,[65;61;30],5,[NaN;2;2],[138;-159;-636],9,[0;NaN;NaN]},{'M',[-684;-103;149],15,[-342;-103;149],14,[1;0;0]},{'A',[822;347;269],16,[138;244;120],10,0,[684;103;149],15,0},{'M',[122;4;149],15,[1;1;1],0,[NaN;2;NaN],[122;403;756],10,[0;NaN;NaN],[-342;-103;149],14,[NaN;NaN;0]},{'M',[1;347;-15],17,[1;1;1],0,[0;NaN;NaN],[-15;17;-15],1,[NaN;NaN;0],[822;347;269],16,[NaN;0;NaN]},{'A',[487;363;611],18,[122;4;149],15,2,[-1;347;15],17,0},{'M',[160;403;756],11,[5;-7;-64],3,[5;NaN;NaN],[122;403;756],10,[NaN;0;0]},{'O',[160;403;756],11,[160;403;756],11,0},{'M',[-342;-103;-636],15,[138;-159;-636],9,[NaN;NaN;0],[-342;-103;149],14,[0;0;NaN]},{'O',[342;103;636],15,[342;103;636],15,0},{'O',[487;363;611],18,[487;363;611],18,0},{'O',[822;347;269],16,[822;347;269],16,0},{'M',[366;244;721],13,[65;61;30],5,[NaN;2;NaN],[366;-2415;721],12,[0;NaN;0]},{'O',[366;244;721],13,[366;244;721],13,0}}
Adder graph: {{'M',[4;1;1],1,[1;1;1],0,[2;0;0]},{'A',[15;5;5],2,[4;1;1],1,2,[-1;1;1],0,0},{'M',[1;16;1],1,[1;1;1],0,[0;4;0]},{'A',[3;18;3],2,[1;1;1],0,1,[1;16;1],1,0},{'M',[24;18;3],3,[3;18;3],2,[3;0;0]},{'A',[56;-14;35],4,[24;18;3],3,0,[1;-1;1],0,5},{'M',[56;32;35],5,[1;1;1],0,[NaN;5;NaN],[56;-14;35],4,[0;NaN;0]},{'A',[449;-255;281],6,[1;1;1],0,0,[56;-32;35],5,3},{'M',[3;18;384],3,[3;18;3],2,[0;0;7]},{'M',[8;18;3],3,[1;1;1],0,[3;NaN;NaN],[3;18;3],2,[NaN;0;0]},{'A',[38;108;756],4,[3;18;384],3,1,[8;18;-3],3,2},{'A',[-18;122;721],5,[38;108;756],4,0,[-56;14;-35],4,0},{'M',[38;108;20],5,[15;5;5],2,[NaN;NaN;2],[38;108;756],4,[0;0;NaN]},{'M',[304;5;5],5,[15;5;5],2,[NaN;0;0],[38;108;756],4,[3;NaN;NaN]},{'A',[342;103;25],6,[38;108;20],5,0,[304;-5;5],5,0},{'M',[384;122;721],6,[3;18;3],2,[7;NaN;NaN],[-18;122;721],5,[NaN;0;0]},{'M',[-18;122;562],7,[449;-255;281],6,[NaN;NaN;1],[-18;122;721],5,[0;0;NaN]},{'A',[366;244;159],8,[384;122;721],6,0,[-18;122;-562],7,0},{'M',[342;103;281],7,[449;-255;281],6,[NaN;NaN;0],[342;103;25],6,[0;0;NaN]},{'M',[240;122;6],6,[15;5;5],2,[4;NaN;NaN],[3;18;3],2,[NaN;NaN;1],[-18;122;721],5,[NaN;0;NaN]},{'A',[822;347;269],8,[342;103;281],7,0,[240;122;-6],6,1},{'M',[384;347;384],9,[3;18;3],2,[7;NaN;7],[822;347;269],8,[NaN;0;NaN]},{'A',[160;403;524],10,[384;347;384],9,0,[-56;14;35],4,2},{'M',[38;108;636],9,[38;108;756],4,[0;0;NaN],[366;244;159],8,[NaN;NaN;2]},{'M',[449;-255;25],7,[449;-255;281],6,[0;0;NaN],[342;103;25],6,[NaN;NaN;0]},{'A',[487;363;611],10,[38;108;636],9,0,[449;255;-25],7,0},{'M',[160;403;756],11,[38;108;756],4,[NaN;NaN;0],[160;403;524],10,[0;0;NaN]},{'O',[160;403;756],11,[160;403;756],11,0},{'M',[342;103;636],9,[342;103;25],6,[0;0;NaN],[366;244;159],8,[NaN;NaN;2]},{'O',[342;103;636],9,[342;103;636],9,0},{'O',[487;363;611],10,[487;363;611],10,0},{'O',[822;347;269],8,[822;347;269],8,0},{'M',[366;244;721],9,[-18;122;721],5,[NaN;NaN;0],[366;244;159],8,[0;0;NaN]},{'O',[366;244;721],9,[366;244;721],9,0}}
Adder graph: {{'M',[1;1;4],1,[1;1;1],0,[0;0;2]},{'A',[33;31;36],2,[1;1;1],0,5,[1;-1;4],1,0},{'M',[8;31;36],3,[1;1;1],0,[3;NaN;NaN],[33;31;36],2,[NaN;0;0]},{'A',[560;-372;720],4,[8;31;36],3,2,[33;-31;36],2,4},{'M',[1;1;256],1,[1;1;1],0,[0;0;8]},{'A',[5;5;1025],2,[1;1;256],1,2,[1;1;1],0,0},{'A',[-527;403;756],5,[33;31;36],2,0,[-560;372;720],4,0},{'M',[160;1;1024],3,[1;1;1],0,[NaN;0;10],[5;5;1025],2,[5;NaN;NaN]},{'A',[152;-7;1032],4,[160;1;1024],3,0,[-1;-1;1],0,3},{'M',[640;1;1],3,[1;1;1],0,[NaN;0;0],[5;5;1025],2,[7;NaN;NaN]},{'M',[66;62;36],3,[33;31;36],2,[1;1;0]},{'A',[376;249;145],4,[640;1;1],3,0,[-66;62;36],3,2},{'A',[-247;217;396],6,[-527;403;756],5,-1,[33;31;36],2,-1},{'M',[40;40;145],5,[5;5;1025],2,[3;3;NaN],[376;249;145],4,[NaN;NaN;0]},{'A',[-487;-363;-611],6,[40;40;145],5,0,[-527;-403;-756],5,0},{'M',[-494;217;396],7,[-247;217;396],6,[1;0;0]},{'M',[152;320;1032],5,[5;5;1025],2,[NaN;6;NaN],[152;-7;1032],4,[0;NaN;0]},{'A',[-342;-103;-636],8,[-494;217;396],7,0,[152;-320;-1032],5,0},{'M',[10;5;576],3,[33;31;36],2,[NaN;NaN;4],[5;5;1025],2,[1;0;NaN]},{'A',[366;244;721],5,[376;249;145],4,0,[-10;-5;576],3,0},{'M',[152;-103;756],9,[-527;403;756],5,[NaN;NaN;0],[152;-7;1032],4,[0;NaN;NaN],[-342;-103;-636],8,[NaN;0;NaN]},{'M',[-974;244;1025],7,[5;5;1025],2,[NaN;NaN;0],[-487;-363;-611],6,[1;NaN;NaN],[366;244;721],5,[NaN;0;NaN]},{'A',[-822;-347;-269],10,[152;-103;756],9,0,[-974;-244;-1025],7,0},{'M',[160;403;756],6,[5;5;1025],2,[5;NaN;NaN],[-527;403;756],5,[NaN;0;0]},{'O',[160;403;756],6,[160;403;756],6,0},{'O',[342;103;636],8,[342;103;636],8,0},{'O',[487;363;611],6,[487;363;611],6,0},{'O',[822;347;269],10,[822;347;269],10,0},{'O',[366;244;721],5,[366;244;721],5,0}}
Adder graph: {{'M',[16;1;1],1,[1;1;1],0,[4;0;0]},{'A',[129;-7;9],2,[1;1;1],0,0,[16;-1;1],1,3},{'A',[15;17;15],1,[1;1;1],0,4,[-1;1;-1],0,0},{'M',[30;17;30],2,[15;17;15],1,[1;0;1]},{'A',[-105;-51;135],3,[15;17;15],1,0,[-30;-17;30],2,2},{'A',[6;11;36],4,[129;-7;9],2,-2,[-105;51;135],3,-2},{'M',[16;11;16],5,[1;1;1],0,[4;NaN;4],[6;11;36],4,[NaN;0;NaN]},{'A',[407;403;647],6,[16;11;16],5,5,[-105;51;135],3,0},{'M',[-210;-51;270],4,[-105;-51;135],3,[1;0;1]},{'M',[192;1;1],5,[1;1;1],0,[NaN;0;0],[6;11;36],4,[5;NaN;NaN]},{'A',[-402;-52;269],6,[-210;-51;270],4,0,[-192;-1;-1],5,0},{'A',[10;702;756],7,[407;403;647],6,1,[-402;-52;-269],6,1},{'M',[-402;-52;120],7,[15;17;15],1,[NaN;NaN;3],[-402;-52;269],6,[0;0;NaN]},{'M',[60;-51;756],8,[15;17;15],1,[2;NaN;NaN],[-105;-51;135],3,[NaN;0;NaN],[10;702;756],7,[NaN;NaN;0]},{'A',[-342;-103;-636],9,[-402;-52;120],7,0,[60;-51;-756],8,0},{'M',[-210;403;647],7,[-105;-51;135],3,[1;NaN;NaN],[407;403;647],6,[NaN;0;0]},{'A',[822;347;719],8,[129;-7;9],2,3,[-210;403;647],7,0},{'M',[407;352;647],7,[6;11;36],4,[NaN;5;NaN],[407;403;647],6,[0;NaN;0]},{'M',[80;11;36],8,[6;11;36],4,[NaN;0;0],[10;702;756],7,[3;NaN;NaN]},{'A',[487;363;611],9,[407;352;647],7,0,[80;11;-36],8,0},{'M',[24;347;719],9,[6;11;36],4,[2;NaN;NaN],[822;347;719],8,[NaN;0;0]},{'M',[-342;-103;2],10,[1;1;1],0,[NaN;NaN;1],[-342;-103;-636],9,[0;0;NaN]},{'A',[366;244;721],11,[24;347;719],9,0,[342;-103;2],10,0},{'M',[160;403;756],8,[407;403;647],6,[NaN;0;NaN],[10;702;756],7,[4;NaN;0]},{'O',[160;403;756],8,[160;403;756],8,0},{'O',[342;103;636],9,[342;103;636],9,0},{'O',[487;363;611],9,[487;363;611],9,0},{'M',[822;347;269],9,[-402;-52;269],6,[NaN;NaN;0],[822;347;719],8,[0;0;NaN]},{'O',[822;347;269],9,[822;347;269],9,0},{'O',[366;244;721],11,[366;244;721],11,0}}
Adder graph: {{'A',[5;3;5],1,[1;1;1],0,2,[1;-1;1],0,0},{'A',[7;7;9],1,[1;1;1],0,3,[-1;-1;1],0,0},{'A',[42;26;38],2,[5;3;5],1,3,[1;1;-1],0,1},{'A',[74;46;66],3,[42;26;38],2,1,[-5;-3;-5],1,1},{'M',[7;7;1024],2,[1;1;1],0,[NaN;NaN;10],[7;7;9],1,[0;0;NaN]},{'A',[343;-201;720],3,[7;7;1024],2,0,[42;-26;-38],2,3},{'M',[74;16;66],4,[1;1;1],0,[NaN;4;NaN],[74;46;66],3,[0;NaN;0]},{'A',[291;61;269],5,[74;16;66],4,2,[-5;-3;5],1,0},{'M',[5;3;38],3,[5;3;5],1,[0;0;NaN],[42;26;38],2,[NaN;NaN;0]},{'A',[61;53;110],4,[7;7;9],1,3,[5;-3;38],3,0},{'M',[343;104;720],4,[42;26;38],2,[NaN;2;NaN],[343;-201;720],3,[0;NaN;0]},{'A',[342;103;721],5,[343;104;720],4,0,[-1;-1;1],0,0},{'M',[342;103;320],6,[5;3;5],1,[NaN;NaN;6],[342;103;721],5,[0;0;NaN]},{'A',[822;347;756],7,[291;61;269],5,2,[-342;103;-320],6,0},{'M',[1;61;269],6,[1;1;1],0,[0;NaN;NaN],[291;61;269],5,[NaN;0;0]},{'A',[-487;-363;-611],7,[1;61;269],6,0,[-61;-53;-110],4,3},{'M',[61;7;110],5,[7;7;9],1,[NaN;0;NaN],[61;53;110],4,[0;NaN;0]},{'M',[122;347;721],8,[61;53;110],4,[1;NaN;NaN],[342;103;721],5,[NaN;NaN;0],[822;347;756],7,[NaN;0;NaN]},{'A',[366;403;159],9,[61;7;110],5,3,[-122;347;-721],8,0},{'M',[160;403;756],10,[5;3;5],1,[5;NaN;NaN],[822;347;756],7,[NaN;NaN;0],[366;403;159],9,[NaN;0;NaN]},{'O',[160;403;756],10,[160;403;756],10,0},{'M',[342;103;636],10,[342;103;721],5,[0;0;NaN],[366;403;159],9,[NaN;NaN;2]},{'O',[342;103;636],10,[342;103;636],10,0},{'O',[487;363;611],7,[487;363;611],7,0},{'M',[822;347;269],8,[291;61;269],5,[NaN;NaN;0],[822;347;756],7,[0;0;NaN]},{'O',[822;347;269],8,[822;347;269],8,0},{'M',[366;244;721],10,[291;61;269],5,[NaN;2;NaN],[342;103;721],5,[NaN;NaN;0],[366;403;159],9,[0;NaN;NaN]},{'O',[366;244;721],10,[366;244;721],10,0}}
Adder graph: {{'A',[40;-24;-24],1,[1;1;1],0,3,[1;-1;-1],0,5},{'M',[2;1;2],1,[1;1;1],0,[1;0;1]},{'A',[24;28;40],2,[1;1;1],0,5,[-2;-1;2],1,2},{'M',[40;4;4],2,[1;1;1],0,[NaN;2;2],[40;-24;-24],1,[0;NaN;NaN]},{'M',[1;1;-96],2,[1;1;1],0,[0;0;NaN],[40;-24;-24],1,[NaN;NaN;2]},{'A',[39;5;100],3,[40;4;4],2,0,[-1;1;96],2,0},{'A',[23;29;41],3,[24;28;40],2,0,[-1;1;1],0,0},{'M',[40;-24;1],2,[1;1;1],0,[NaN;NaN;0],[40;-24;-24],1,[0;0;NaN]},{'M',[23;5;41],4,[39;5;100],3,[NaN;0;NaN],[23;29;41],3,[0;NaN;0]},{'A',[137;-101;45],5,[40;-24;1],2,2,[-23;-5;41],4,0},{'M',[137;64;256],6,[1;1;1],0,[NaN;6;8],[137;-101;45],5,[0;NaN;NaN]},{'A',[183;122;338],7,[137;64;256],6,0,[23;29;41],3,1},{'M',[39;29;41],4,[39;5;100],3,[0;NaN;NaN],[23;29;41],3,[NaN;0;0]},{'A',[487;363;611],6,[39;29;41],4,4,[-137;-101;-45],5,0},{'A',[799;403;189],7,[39;5;100],3,3,[487;363;-611],6,0},{'A',[-342;-216;-636],8,[24;28;40],2,0,[-183;-122;-338],7,1},{'M',[23;56;80],4,[24;28;40],2,[NaN;1;1],[23;29;41],3,[0;NaN;NaN]},{'A',[822;347;269],8,[799;403;189],7,0,[23;-56;80],4,0},{'M',[183;1;338],8,[1;1;1],0,[NaN;0;NaN],[183;122;338],7,[0;NaN;0]},{'A',[503;-103;721],9,[137;-101;45],5,0,[183;-1;338],8,1},{'M',[160;403;756],8,[40;-24;-24],1,[2;NaN;NaN],[799;403;189],7,[NaN;0;2]},{'O',[160;403;756],8,[160;403;756],8,0},{'M',[-342;-103;-636],10,[-342;-216;-636],8,[0;NaN;0],[503;-103;721],9,[NaN;0;NaN]},{'O',[342;103;636],10,[342;103;636],10,0},{'O',[487;363;611],6,[487;363;611],6,0},{'O',[822;347;269],8,[822;347;269],8,0},{'M',[366;244;721],10,[183;122;338],7,[1;1;NaN],[503;-103;721],9,[NaN;NaN;0]},{'O',[366;244;721],10,[366;244;721],10,0}}
Adder graph: {{'M',[1;8;8],1,[1;1;1],0,[0;3;3]},{'A',[3;6;6],2,[1;8;8],1,0,[1;-1;-1],0,1},{'M',[48;96;6],3,[3;6;6],2,[4;4;0]},{'M',[2;8;6],3,[1;1;1],0,[1;3;NaN],[3;6;6],2,[NaN;NaN;0]},{'A',[-80;-416;-378],4,[48;96;6],3,0,[-2;-8;-6],3,6},{'A',[7;13;-11],3,[1;1;1],0,0,[3;6;-6],2,1},{'A',[-73;-403;-367],5,[-80;-416;-378],4,0,[7;13;11],3,0},{'A',[-57;-51;-75],4,[7;13;-11],3,0,[-1;-1;-1],0,6},{'M',[3;16;12],3,[1;1;1],0,[NaN;4;NaN],[3;6;6],2,[0;NaN;1]},{'A',[-17;141;85],4,[7;13;-11],3,0,[-3;16;12],3,3},{'A',[-126;-126;-174],5,[-57;-51;-75],4,1,[-3;-6;-6],2,2},{'A',[-487;-363;-611],6,[-126;-126;-174],5,2,[17;141;85],4,0},{'M',[-57;-51;-696],6,[-57;-51;-75],4,[0;0;NaN],[-126;-126;-174],5,[NaN;NaN;2]},{'M',[-228;1;-756],5,[1;1;1],0,[NaN;0;NaN],[-80;-416;-378],4,[NaN;NaN;1],[-57;-51;-75],4,[2;NaN;NaN]},{'A',[-342;-103;-636],7,[-57;-51;-696],6,1,[-228;-1;756],5,0},{'M',[24;141;85],5,[3;6;6],2,[3;NaN;NaN],[-17;141;85],4,[NaN;0;0]},{'A',[366;244;721],8,[24;141;85],5,0,[342;103;636],7,0},{'M',[-456;-103;-636],8,[-57;-51;-75],4,[3;NaN;NaN],[-342;-103;-636],7,[NaN;0;0]},{'M',[366;244;-367],9,[-73;-403;-367],5,[NaN;NaN;0],[366;244;721],8,[0;0;NaN]},{'A',[-822;-347;-269],10,[-456;-103;-636],8,0,[-366;-244;367],9,0},{'M',[-160;-403;-756],6,[-80;-416;-378],4,[1;NaN;1],[-73;-403;-367],5,[NaN;0;NaN]},{'O',[160;403;756],6,[160;403;756],6,0},{'O',[342;103;636],7,[342;103;636],7,0},{'O',[487;363;611],6,[487;363;611],6,0},{'O',[822;347;269],10,[822;347;269],10,0},{'O',[366;244;721],8,[366;244;721],8,0}}
Adder graph: {{'A',[5;3;3],1,[1;1;1],0,2,[1;-1;-1],0,0},{'A',[6;4;-2],2,[1;1;1],0,0,[5;3;-3],1,0},{'M',[48;1;1],3,[1;1;1],0,[NaN;0;0],[6;4;-2],2,[3;NaN;NaN]},{'M',[5;3;8],2,[1;1;1],0,[NaN;NaN;3],[5;3;3],1,[0;0;NaN]},{'A',[16;50;-126],4,[48;1;1],3,1,[-5;3;-8],2,4},{'A',[69;61;61],2,[1;1;1],0,6,[5;-3;-3],1,0},{'M',[1;3;1],2,[1;1;1],0,[0;NaN;0],[5;3;3],1,[NaN;0;NaN]},{'M',[32;61;61],5,[16;50;-126],4,[1;NaN;NaN],[69;61;61],2,[NaN;0;0]},{'A',[65;125;123],6,[1;3;1],2,0,[32;61;61],5,1},{'M',[192;50;-126],5,[6;4;-2],2,[5;NaN;NaN],[16;50;-126],4,[NaN;0;0]},{'A',[240;82;110],6,[6;4;-2],2,3,[192;50;126],5,0},{'M',[138;61;61],3,[69;61;61],2,[1;0;0]},{'A',[-342;-103;-159],7,[138;61;61],3,0,[-240;-82;-110],6,1},{'M',[6;164;220],7,[6;4;-2],2,[0;NaN;NaN],[240;82;110],6,[NaN;1;1]},{'M',[-342;-412;-159],8,[-342;-103;-159],7,[0;2;0]},{'A',[366;244;721],9,[6;164;220],7,2,[342;-412;-159],8,0},{'M',[32;3;-252],5,[5;3;3],1,[NaN;0;NaN],[16;50;-126],4,[1;NaN;1]},{'A',[160;403;756],6,[32;3;-252],5,0,[16;50;126],4,3},{'M',[480;244;110],7,[69;61;61],2,[NaN;2;NaN],[240;82;110],6,[1;NaN;0]},{'A',[-822;-347;-269],8,[-342;-103;-159],7,0,[-480;-244;-110],7,0},{'A',[487;363;611],7,[69;61;61],2,3,[-65;-125;123],6,0},{'O',[160;403;756],6,[160;403;756],6,0},{'M',[-342;-103;-636],8,[-342;-103;-159],7,[0;0;2]},{'O',[342;103;636],8,[342;103;636],8,0},{'O',[487;363;611],7,[487;363;611],7,0},{'O',[822;347;269],8,[822;347;269],8,0},{'O',[366;244;721],9,[366;244;721],9,0}}
Finished solving after 259188 seconds
Adder graph: {{'A',[5;3;3],1,[1;1;1],0,2,[1;-1;-1],0,0},{'A',[6;4;-2],2,[1;1;1],0,0,[5;3;-3],1,0},{'M',[48;1;1],3,[1;1;1],0,[NaN;0;0],[6;4;-2],2,[3;NaN;NaN]},{'M',[5;3;8],2,[1;1;1],0,[NaN;NaN;3],[5;3;3],1,[0;0;NaN]},{'A',[16;50;-126],4,[48;1;1],3,1,[-5;3;-8],2,4},{'A',[69;61;61],2,[1;1;1],0,6,[5;-3;-3],1,0},{'M',[1;3;1],2,[1;1;1],0,[0;NaN;0],[5;3;3],1,[NaN;0;NaN]},{'M',[32;61;61],5,[16;50;-126],4,[1;NaN;NaN],[69;61;61],2,[NaN;0;0]},{'A',[65;125;123],6,[1;3;1],2,0,[32;61;61],5,1},{'M',[192;50;-126],5,[6;4;-2],2,[5;NaN;NaN],[16;50;-126],4,[NaN;0;0]},{'A',[240;82;110],6,[6;4;-2],2,3,[192;50;126],5,0},{'M',[138;61;61],3,[69;61;61],2,[1;0;0]},{'A',[-342;-103;-159],7,[138;61;61],3,0,[-240;-82;-110],6,1},{'M',[6;164;220],7,[6;4;-2],2,[0;NaN;NaN],[240;82;110],6,[NaN;1;1]},{'M',[-342;-412;-159],8,[-342;-103;-159],7,[0;2;0]},{'A',[366;244;721],9,[6;164;220],7,2,[342;-412;-159],8,0},{'M',[32;3;-252],5,[5;3;3],1,[NaN;0;NaN],[16;50;-126],4,[1;NaN;1]},{'A',[160;403;756],6,[32;3;-252],5,0,[16;50;126],4,3},{'M',[480;244;110],7,[69;61;61],2,[NaN;2;NaN],[240;82;110],6,[1;NaN;0]},{'A',[-822;-347;-269],8,[-342;-103;-159],7,0,[-480;-244;-110],7,0},{'A',[487;363;611],7,[69;61;61],2,3,[-65;-125;123],6,0},{'O',[160;403;756],6,[160;403;756],6,0},{'M',[-342;-103;-636],8,[-342;-103;-159],7,[0;0;2]},{'O',[342;103;636],8,[342;103;636],8,0},{'O',[487;363;611],7,[487;363;611],7,0},{'O',[822;347;269],8,[822;347;269],8,0},{'O',[366;244;721],9,[366;244;721],9,0}}
# Add optimal = 1
# Mux optimal = 0
# FAs optimal = 0
