Adder graph: {{'M',[2;8;1],1,[1;1;1],0,[1;3;0]},{'M',[1;4;4],1,[1;1;1],0,[0;2;2]},{'A',[-6;-24;-31],2,[2;8;1],1,0,[-1;-4;-4],1,3},{'M',[-384;1;16],3,[1;1;1],0,[NaN;0;4],[-6;-24;-31],2,[6;NaN;NaN]},{'M',[4;-24;-31],3,[1;1;1],0,[2;NaN;NaN],[-6;-24;-31],2,[NaN;0;0]},{'A',[-392;49;-46],4,[-384;1;16],3,0,[-4;24;-31],3,1},{'M',[-48;4;-31],3,[1;1;1],0,[NaN;2;NaN],[-6;-24;-31],2,[3;NaN;0]},{'M',[4;49;-368],5,[1;1;1],0,[2;NaN;NaN],[-392;49;-46],4,[NaN;0;3]},{'A',[-52;53;337],6,[-48;4;-31],3,0,[-4;49;368],5,0},{'M',[-24;64;-46],5,[1;1;1],0,[NaN;6;NaN],[-6;-24;-31],2,[2;NaN;NaN],[-392;49;-46],4,[NaN;NaN;0]},{'M',[1;-48;337],7,[1;1;1],0,[0;NaN;NaN],[-6;-24;-31],2,[NaN;1;NaN],[-52;53;337],6,[NaN;NaN;0]},{'A',[-95;304;-521],8,[-24;64;-46],5,2,[1;48;-337],7,0},{'M',[-95;304;1],9,[1;1;1],0,[NaN;NaN;0],[-95;304;-521],8,[0;0;NaN]},{'M',[-6;98;64],5,[1;1;1],0,[NaN;NaN;6],[-6;-24;-31],2,[0;NaN;NaN],[-392;49;-46],4,[NaN;1;NaN]},{'A',[-89;402;65],10,[-95;304;1],9,0,[6;98;64],5,0},{'M',[-52;64;2],7,[1;1;1],0,[NaN;6;1],[-52;53;337],6,[0;NaN;NaN]},{'M',[1;53;16],7,[1;1;1],0,[0;NaN;4],[-52;53;337],6,[NaN;0;NaN]},{'A',[-53;117;-14],8,[-52;64;2],7,0,[-1;53;-16],7,0},{'M',[64;-96;-31],3,[1;1;1],0,[6;NaN;NaN],[-6;-24;-31],2,[NaN;2;0]},{'M',[1;53;337],7,[1;1;1],0,[0;NaN;NaN],[-52;53;337],6,[NaN;0;0]},{'A',[255;-331;-461],8,[64;-96;-31],3,2,[-1;53;-337],7,0},{'M',[-784;53;-461],9,[-392;49;-46],4,[1;NaN;NaN],[-52;53;337],6,[NaN;0;NaN],[255;-331;-461],8,[NaN;NaN;0]},{'M',[-89;402;-224],11,[-89;402;65],10,[0;0;NaN],[-53;117;-14],8,[NaN;NaN;4]},{'A',[-873;455;-685],12,[-784;53;-461],9,0,[-89;402;-224],11,0},{'M',[-832;117;-461],9,[-52;53;337],6,[4;NaN;NaN],[-53;117;-14],8,[NaN;0;NaN],[255;-331;-461],8,[NaN;NaN;0]},{'M',[-95;304;-5480],13,[-95;304;-521],8,[0;0;NaN],[-873;455;-685],12,[NaN;NaN;3]},{'A',[-1022;-491;-11421],14,[-832;117;-461],9,0,[-95;-304;-5480],13,1},{'M',[-212;-331;-62],9,[-6;-24;-31],2,[NaN;NaN;1],[-53;117;-14],8,[2;NaN;NaN],[255;-331;-461],8,[NaN;0;NaN]},{'M',[-784;98;-521],9,[-392;49;-46],4,[1;1;NaN],[-95;304;-521],8,[NaN;NaN;0]},{'A',[572;-429;-583],10,[-212;-331;-62],9,0,[784;-98;-521],9,0},{'M',[510;304;8],9,[1;1;1],0,[NaN;NaN;3],[-95;304;-521],8,[NaN;0;NaN],[255;-331;-461],8,[1;NaN;NaN]},{'M',[-848;49;-685],13,[-392;49;-46],4,[NaN;0;NaN],[-53;117;-14],8,[4;NaN;NaN],[-873;455;-685],12,[NaN;NaN;0]},{'A',[-338;353;693],14,[510;304;8],9,0,[-848;49;685],13,0},{'M',[255;706;337],15,[-52;53;337],6,[NaN;NaN;0],[255;-331;-461],8,[0;NaN;NaN],[-338;353;693],14,[NaN;1;NaN]},{'O',[255;706;337],15,[255;706;337],15,0},{'M',[-848;-662;-583],11,[-53;117;-14],8,[4;NaN;NaN],[255;-331;-461],8,[NaN;1;NaN],[572;-429;-583],10,[NaN;NaN;0]},{'O',[848;662;583],11,[848;662;583],11,0},{'M',[-1022;-429;-521],15,[-95;304;-521],8,[NaN;NaN;0],[-1022;-491;-11421],14,[0;NaN;NaN],[572;-429;-583],10,[NaN;0;NaN]},{'O',[1022;429;521],15,[1022;429;521],15,0},{'M',[-338;-491;-461],15,[255;-331;-461],8,[NaN;NaN;0],[-1022;-491;-11421],14,[NaN;0;NaN],[-338;353;693],14,[0;NaN;NaN]},{'O',[338;491;461],15,[338;491;461],15,0},{'M',[572;455;693],15,[-873;455;-685],12,[NaN;0;NaN],[572;-429;-583],10,[0;NaN;NaN],[-338;353;693],14,[NaN;NaN;0]},{'O',[572;455;693],15,[572;455;693],15,0}}
Adder graph: {{'M',[1;8;1],1,[1;1;1],0,[0;3;0]},{'M',[8;1;8],1,[1;1;1],0,[3;0;3]},{'A',[9;7;-7],2,[1;8;1],1,0,[8;-1;-8],1,0},{'M',[4096;1;4],1,[1;1;1],0,[12;0;2]},{'M',[16;64;-7],3,[1;1;1],0,[4;6;NaN],[9;7;-7],2,[NaN;NaN;0]},{'A',[4080;-63;11],4,[4096;1;4],1,0,[-16;-64;7],3,0},{'M',[4080;-63;704],5,[4080;-63;11],4,[0;0;6]},{'M',[144;256;11],5,[1;1;1],0,[NaN;8;NaN],[9;7;-7],2,[4;NaN;NaN],[4080;-63;11],4,[NaN;NaN;0]},{'A',[3936;-319;693],6,[4080;-63;704],5,0,[-144;-256;-11],5,0},{'M',[64;2;11],5,[1;1;1],0,[6;1;NaN],[4080;-63;11],4,[NaN;NaN;0]},{'M',[1;1;64],1,[1;1;1],0,[0;0;6]},{'A',[254;6;172],6,[64;2;11],5,2,[-1;-1;64],1,1},{'M',[1;1;-7],3,[1;1;1],0,[0;0;NaN],[9;7;-7],2,[NaN;NaN;0]},{'M',[18;6;22],7,[9;7;-7],2,[1;NaN;NaN],[4080;-63;11],4,[NaN;NaN;1],[254;6;172],6,[NaN;0;NaN]},{'A',[-35;13;-51],8,[1;1;-7],3,0,[-18;6;-22],7,1},{'M',[288;832;-51],9,[9;7;-7],2,[5;NaN;NaN],[-35;13;-51],8,[NaN;6;0]},{'M',[1;-63;256],5,[1;1;1],0,[0;NaN;8],[4080;-63;11],4,[NaN;0;NaN]},{'A',[286;706;461],10,[288;832;-51],9,0,[-1;-63;256],5,1},{'M',[254;12;-51],9,[254;6;172],6,[0;1;NaN],[-35;13;-51],8,[NaN;NaN;0]},{'M',[1;-319;-112],7,[1;1;1],0,[0;NaN;NaN],[9;7;-7],2,[NaN;NaN;4],[3936;-319;693],6,[NaN;0;NaN]},{'A',[255;331;61],10,[254;12;-51],9,0,[1;319;112],7,0},{'M',[9;8;2772],7,[1;1;1],0,[NaN;3;NaN],[9;7;-7],2,[0;NaN;NaN],[3936;-319;693],6,[NaN;NaN;2]},{'M',[-35;64;64],9,[1;1;1],0,[NaN;6;6],[-35;13;-51],8,[0;NaN;NaN]},{'A',[106;160;11216],10,[9;8;2772],7,2,[35;64;64],9,1},{'M',[15744;224;172],7,[9;7;-7],2,[NaN;5;NaN],[3936;-319;693],6,[2;NaN;NaN],[254;6;172],6,[NaN;NaN;0]},{'M',[2;7;-7],3,[1;1;1],0,[1;NaN;NaN],[9;7;-7],2,[NaN;0;0]},{'A',[31490;455;337],8,[15744;224;172],7,1,[2;7;-7],3,0},{'M',[32512;13;693],9,[3936;-319;693],6,[NaN;NaN;0],[254;6;172],6,[7;NaN;NaN],[-35;13;-51],8,[NaN;0;NaN]},{'M',[31490;416;172],9,[254;6;172],6,[NaN;NaN;0],[-35;13;-51],8,[NaN;5;NaN],[31490;455;337],8,[0;NaN;NaN]},{'A',[1022;429;521],10,[32512;13;693],9,0,[-31490;416;-172],9,0},{'M',[424;331;461],11,[286;706;461],10,[NaN;NaN;0],[255;331;61],10,[NaN;0;NaN],[106;160;11216],10,[2;NaN;NaN]},{'M',[255;160;122],11,[255;331;61],10,[0;NaN;1],[106;160;11216],10,[NaN;0;NaN]},{'A',[169;491;583],12,[424;331;461],11,0,[-255;160;122],11,0},{'M',[255;706;337],11,[286;706;461],10,[NaN;0;NaN],[255;331;61],10,[0;NaN;NaN],[31490;455;337],8,[NaN;NaN;0]},{'O',[255;706;337],11,[255;706;337],11,0},{'M',[848;662;583],13,[255;331;61],10,[NaN;1;NaN],[106;160;11216],10,[3;NaN;NaN],[169;491;583],12,[NaN;NaN;0]},{'O',[848;662;583],13,[848;662;583],13,0},{'O',[1022;429;521],10,[1022;429;521],10,0},{'M',[338;491;461],13,[286;706;461],10,[NaN;NaN;0],[169;491;583],12,[1;0;NaN]},{'O',[338;491;461],13,[338;491;461],13,0},{'M',[572;455;693],11,[3936;-319;693],6,[NaN;NaN;0],[286;706;461],10,[1;NaN;NaN],[31490;455;337],8,[NaN;0;NaN]},{'O',[572;455;693],11,[572;455;693],11,0}}
Adder graph: {{'M',[1;16;1],1,[1;1;1],0,[0;4;0]},{'M',[64;1;8],1,[1;1;1],0,[6;0;3]},{'A',[-63;15;9],2,[1;16;1],1,0,[-64;-1;8],1,0},{'M',[4;1;128],1,[1;1;1],0,[2;0;7]},{'M',[-63;15;72],3,[-63;15;9],2,[0;0;3]},{'A',[71;-13;328],4,[4;1;128],1,1,[63;-15;72],3,0},{'M',[4;-13;4096],5,[1;1;1],0,[2;NaN;12],[71;-13;328],4,[NaN;0;NaN]},{'M',[64;2;9],3,[1;1;1],0,[6;1;NaN],[-63;15;9],2,[NaN;NaN;0]},{'A',[-60;-11;4087],6,[4;-13;4096],5,0,[-64;2;-9],3,0},{'M',[64;-44;9],7,[1;1;1],0,[6;NaN;NaN],[-63;15;9],2,[NaN;NaN;0],[-60;-11;4087],6,[NaN;2;NaN]},{'M',[1;512;1],1,[1;1;1],0,[0;9;0]},{'A',[255;-688;35],8,[64;-44;9],7,2,[-1;-512;-1],1,0},{'M',[-60;8;35],9,[1;1;1],0,[NaN;3;NaN],[-60;-11;4087],6,[0;NaN;NaN],[255;-688;35],8,[NaN;NaN;0]},{'M',[8;8;1],1,[1;1;1],0,[3;3;0]},{'A',[-572;-504;99],10,[-60;8;35],9,0,[-8;-8;1],1,6},{'M',[-480;-504;99],11,[-60;-11;4087],6,[3;NaN;NaN],[-572;-504;99],10,[NaN;0;0]},{'M',[142;-13;560],9,[71;-13;328],4,[1;0;NaN],[255;-688;35],8,[NaN;NaN;4]},{'A',[-338;-491;-461],12,[-480;-504;99],11,0,[142;13;-560],9,0},{'M',[-252;-13;8],5,[1;1;1],0,[NaN;NaN;3],[-63;15;9],2,[2;NaN;NaN],[71;-13;328],4,[NaN;0;NaN]},{'M',[-1352;-688;1120],13,[255;-688;35],8,[NaN;0;5],[-338;-491;-461],12,[2;NaN;NaN]},{'A',[848;662;-1104],14,[-252;-13;8],5,1,[1352;688;-1120],13,0},{'M',[1;-1376;99],11,[1;1;1],0,[0;NaN;NaN],[255;-688;35],8,[NaN;1;NaN],[-572;-504;99],10,[NaN;NaN;0]},{'M',[512;-11;792],11,[1;1;1],0,[9;NaN;NaN],[-60;-11;4087],6,[NaN;0;NaN],[-572;-504;99],10,[NaN;NaN;3]},{'A',[-511;-1365;-693],12,[1;-1376;99],11,0,[-512;11;-792],11,0},{'M',[71;-416;4087],7,[71;-13;328],4,[0;5;NaN],[-60;-11;4087],6,[NaN;NaN;0]},{'M',[-32256;-13;4608],5,[-63;15;9],2,[9;NaN;9],[71;-13;328],4,[NaN;0;NaN]},{'A',[-32185;-429;-521],8,[71;-416;4087],7,0,[-32256;-13;-4608],5,0},{'M',[142;-26;-521],9,[71;-13;328],4,[1;1;NaN],[-32185;-429;-521],8,[NaN;NaN;0]},{'M',[848;-429;-1104],15,[848;662;-1104],14,[0;NaN;0],[-32185;-429;-521],8,[NaN;0;NaN]},{'A',[990;-455;583],16,[142;-26;-521],9,0,[848;-429;1104],15,0},{'M',[848;662;9],15,[-63;15;9],2,[NaN;NaN;0],[848;662;-1104],14,[0;0;NaN]},{'M',[-240;-44;328],7,[71;-13;328],4,[NaN;NaN;0],[-60;-11;4087],6,[2;2;NaN]},{'A',[1088;706;337],16,[848;662;9],15,0,[240;44;328],7,0},{'M',[255;706;337],17,[255;-688;35],8,[0;NaN;NaN],[1088;706;337],16,[NaN;0;0]},{'O',[255;706;337],17,[255;706;337],17,0},{'M',[848;662;583],17,[848;662;-1104],14,[0;0;NaN],[990;-455;583],16,[NaN;NaN;0]},{'O',[848;662;583],17,[848;662;583],17,0},{'M',[-1022;-429;-521],13,[-511;-1365;-693],12,[1;NaN;NaN],[-32185;-429;-521],8,[NaN;0;0]},{'O',[1022;429;521],13,[1022;429;521],13,0},{'O',[338;491;461],12,[338;491;461],12,0},{'M',[-572;-455;-693],17,[-572;-504;99],10,[0;NaN;NaN],[-511;-1365;-693],12,[NaN;NaN;0],[990;-455;583],16,[NaN;0;NaN]},{'O',[572;455;693],17,[572;455;693],17,0}}
Adder graph: {{'M',[1;1;8],1,[1;1;1],0,[0;0;3]},{'M',[16;16;1],1,[1;1;1],0,[4;4;0]},{'A',[17;-15;9],2,[1;1;8],1,0,[16;-16;1],1,0},{'M',[17;64;32],3,[1;1;1],0,[NaN;6;5],[17;-15;9],2,[0;NaN;NaN]},{'M',[1;1;9],3,[1;1;1],0,[0;0;NaN],[17;-15;9],2,[NaN;NaN;0]},{'A',[135;513;265],4,[17;64;32],3,3,[-1;1;9],3,0},{'M',[2;1;2],1,[1;1;1],0,[1;0;1]},{'M',[68;1;288],3,[1;1;1],0,[NaN;0;NaN],[17;-15;9],2,[2;NaN;5]},{'A',[274;5;1154],4,[2;1;2],1,0,[68;1;288],3,2},{'M',[34;-15;9],3,[17;-15;9],2,[1;0;0]},{'M',[17;2;265],5,[1;1;1],0,[NaN;1;NaN],[17;-15;9],2,[0;NaN;NaN],[135;513;265],4,[NaN;NaN;0]},{'A',[255;-118;337],6,[34;-15;9],3,3,[-17;2;265],5,0},{'M',[135;10;72],5,[17;-15;9],2,[NaN;NaN;3],[135;513;265],4,[0;NaN;NaN],[274;5;1154],4,[NaN;1;NaN]},{'A',[2295;353;-887],6,[135;513;265],4,0,[135;-10;-72],5,4},{'M',[274;1;-887],7,[1;1;1],0,[NaN;0;NaN],[274;5;1154],4,[0;NaN;NaN],[2295;353;-887],6,[NaN;NaN;0]},{'M',[16;-118;337],7,[1;1;1],0,[4;NaN;NaN],[255;-118;337],6,[NaN;0;0]},{'A',[338;-471;461],8,[274;1;-887],7,0,[16;-118;337],7,2},{'M',[4;16;461],9,[1;1;1],0,[2;4;NaN],[338;-471;461],8,[NaN;NaN;0]},{'M',[8768;-471;1154],9,[274;5;1154],4,[5;NaN;0],[338;-471;461],8,[NaN;0;NaN]},{'A',[-8764;-455;-693],10,[4;16;461],9,0,[-8768;-471;-1154],9,0},{'M',[2;-942;9],9,[1;1;1],0,[1;NaN;NaN],[17;-15;9],2,[NaN;NaN;0],[338;-471;461],8,[NaN;1;NaN]},{'M',[1024;513;530],5,[1;1;1],0,[10;NaN;NaN],[135;513;265],4,[NaN;0;1]},{'A',[-1022;-429;-521],10,[2;-942;9],9,0,[-1024;513;-530],5,0},{'M',[135;-472;32],7,[1;1;1],0,[NaN;NaN;5],[135;513;265],4,[0;NaN;NaN],[255;-118;337],6,[NaN;2;NaN]},{'M',[-1022;2;9],11,[1;1;1],0,[NaN;1;NaN],[17;-15;9],2,[NaN;NaN;0],[-1022;-429;-521],10,[0;NaN;NaN]},{'A',[-752;-946;55],12,[135;-472;32],7,1,[-1022;-2;-9],11,0},{'M',[-3008;-455;-693],13,[-8764;-455;-693],10,[NaN;0;0],[-752;-946;55],12,[2;NaN;NaN]},{'M',[2160;-946;110],13,[135;513;265],4,[4;NaN;NaN],[-752;-946;55],12,[NaN;0;1]},{'A',[-848;491;-583],14,[-3008;-455;-693],13,0,[2160;946;110],13,0},{'M',[256;5;256],5,[1;1;1],0,[8;NaN;8],[274;5;1154],4,[NaN;0;NaN]},{'M',[-8764;491;-693],15,[-8764;-455;-693],10,[0;NaN;0],[-848;491;-583],14,[NaN;0;NaN]},{'A',[-572;-331;8885],16,[256;5;256],5,5,[-8764;-491;693],15,0},{'M',[255;706;337],7,[255;-118;337],6,[0;NaN;0],[2295;353;-887],6,[NaN;1;NaN]},{'O',[255;706;337],7,[255;706;337],7,0},{'M',[-848;-662;-583],17,[-848;491;-583],14,[0;NaN;0],[-572;-331;8885],16,[NaN;1;NaN]},{'O',[848;662;583],17,[848;662;583],17,0},{'O',[1022;429;521],10,[1022;429;521],10,0},{'M',[338;491;461],15,[338;-471;461],8,[0;NaN;0],[-848;491;-583],14,[NaN;0;NaN]},{'O',[338;491;461],15,[338;491;461],15,0},{'M',[-572;-455;-693],17,[-8764;-455;-693],10,[NaN;0;0],[-572;-331;8885],16,[0;NaN;NaN]},{'O',[572;455;693],17,[572;455;693],17,0}}
Adder graph: {{'M',[1;1;4],1,[1;1;1],0,[0;0;2]},{'M',[512;1;512],1,[1;1;1],0,[9;0;9]},{'A',[514;3;520],2,[1;1;4],1,1,[512;1;512],1,0},{'M',[1028;6;1],3,[1;1;1],0,[NaN;NaN;0],[514;3;520],2,[1;1;NaN]},{'A',[-3084;-18;1044],4,[514;3;520],2,1,[-1028;-6;1],3,2},{'M',[32;-18;32],5,[1;1;1],0,[5;NaN;5],[-3084;-18;1044],4,[NaN;0;NaN]},{'M',[4;4;1],1,[1;1;1],0,[2;2;0]},{'A',[56;-44;62],6,[32;-18;32],5,1,[-4;-4;-1],1,1},{'M',[128;-44;16],7,[1;1;1],0,[7;NaN;4],[56;-44;62],6,[NaN;0;NaN]},{'A',[516;182;1104],8,[514;3;520],2,1,[-128;44;16],7,2},{'A',[286;-113;583],9,[56;-44;62],6,-1,[516;-182;1104],8,-1},{'M',[2;2;1044],5,[1;1;1],0,[1;1;NaN],[-3084;-18;1044],4,[NaN;NaN;0]},{'M',[224;-704;583],10,[56;-44;62],6,[2;4;NaN],[286;-113;583],9,[NaN;NaN;0]},{'A',[226;706;461],11,[2;2;1044],5,0,[224;704;-583],10,0},{'M',[1;3;520],3,[1;1;1],0,[0;NaN;NaN],[514;3;520],2,[NaN;0;0]},{'M',[128;-113;128],10,[1;1;1],0,[7;NaN;7],[286;-113;583],9,[NaN;0;NaN]},{'A',[-511;455;8],11,[1;3;520],3,0,[-128;113;-128],10,2},{'M',[226;455;461],12,[226;706;461],11,[0;NaN;0],[-511;455;8],11,[NaN;0;NaN]},{'M',[56;-18;62],7,[-3084;-18;1044],4,[NaN;0;NaN],[56;-44;62],6,[0;NaN;0]},{'A',[338;491;337],13,[226;455;461],12,0,[56;18;-62],7,1},{'M',[1;182;62],9,[1;1;1],0,[0;NaN;NaN],[56;-44;62],6,[NaN;NaN;0],[516;182;1104],8,[NaN;0;NaN]},{'M',[512;128;583],10,[1;1;1],0,[9;7;NaN],[286;-113;583],9,[NaN;NaN;0]},{'A',[-511;54;-521],11,[1;182;62],9,0,[-512;-128;-583],10,0},{'M',[256;3;674],14,[1;1;1],0,[8;NaN;NaN],[514;3;520],2,[NaN;0;NaN],[338;491;337],13,[NaN;NaN;1]},{'M',[1;432;496],12,[1;1;1],0,[0;NaN;NaN],[56;-44;62],6,[NaN;NaN;3],[-511;54;-521],11,[NaN;3;NaN]},{'A',[255;-429;178],15,[256;3;674],14,0,[-1;-432;-496],12,0},{'M',[510;-44;356],16,[56;-44;62],6,[NaN;0;NaN],[255;-429;178],15,[1;NaN;1]},{'M',[338;706;337],14,[226;706;461],11,[NaN;0;NaN],[338;491;337],13,[0;NaN;0]},{'A',[848;662;693],17,[510;-44;356],16,0,[338;706;337],14,0},{'M',[255;706;337],16,[226;706;461],11,[NaN;0;NaN],[338;491;337],13,[NaN;NaN;0],[255;-429;178],15,[0;NaN;NaN]},{'O',[255;706;337],16,[255;706;337],16,0},{'M',[848;662;583],18,[286;-113;583],9,[NaN;NaN;0],[848;662;693],17,[0;0;NaN]},{'O',[848;662;583],18,[848;662;583],18,0},{'M',[-1022;-429;-521],16,[-511;54;-521],11,[1;NaN;0],[255;-429;178],15,[NaN;0;NaN]},{'O',[1022;429;521],16,[1022;429;521],16,0},{'M',[338;491;461],14,[226;706;461],11,[NaN;NaN;0],[338;491;337],13,[0;0;NaN]},{'O',[338;491;461],14,[338;491;461],14,0},{'M',[572;455;693],18,[286;-113;583],9,[1;NaN;NaN],[-511;455;8],11,[NaN;0;NaN],[848;662;693],17,[NaN;NaN;0]},{'O',[572;455;693],18,[572;455;693],18,0}}
Adder graph: {{'M',[256;4;1],1,[1;1;1],0,[8;2;0]},{'M',[1;1;2],1,[1;1;1],0,[0;0;1]},{'A',[224;36;-63],2,[256;4;1],1,0,[-1;1;-2],1,5},{'M',[1;2;2],1,[1;1;1],0,[0;1;1]},{'A',[31;65;65],2,[1;2;2],1,5,[-1;1;1],0,0},{'M',[1;65;-252],3,[1;1;1],0,[0;NaN;NaN],[224;36;-63],2,[NaN;NaN;2],[31;65;65],2,[NaN;0;NaN]},{'M',[64;36;-63],3,[1;1;1],0,[6;NaN;NaN],[224;36;-63],2,[NaN;0;0]},{'A',[-511;353;-756],4,[1;65;-252],3,0,[-64;36;-63],3,3},{'M',[31;16;16],3,[1;1;1],0,[NaN;4;4],[31;65;65],2,[0;NaN;NaN]},{'A',[512;272;272],4,[1;1;1],0,4,[31;16;16],3,4},{'M',[2;1;2],1,[1;1;1],0,[1;0;1]},{'M',[2;36;2],3,[1;1;1],0,[1;NaN;1],[224;36;-63],2,[NaN;0;NaN]},{'A',[14;-28;14],4,[2;1;2],1,3,[-2;-36;-2],3,0},{'M',[224;353;272],5,[224;36;-63],2,[0;NaN;NaN],[-511;353;-756],4,[NaN;0;NaN],[512;272;272],4,[NaN;NaN;0]},{'M',[31;4;65],3,[1;1;1],0,[NaN;2;NaN],[31;65;65],2,[0;NaN;0]},{'A',[255;349;337],6,[224;353;272],5,0,[31;-4;65],3,0},{'M',[14;-28;64],5,[1;1;1],0,[NaN;NaN;6],[14;-28;14],4,[0;0;NaN]},{'A',[-12;-26;-62],6,[1;1;1],0,1,[-14;-28;-64],5,0},{'M',[56;65;-756],5,[31;65;65],2,[NaN;0;NaN],[-511;353;-756],4,[NaN;NaN;0],[14;-28;14],4,[2;NaN;NaN]},{'M',[224;520;-63],3,[224;36;-63],2,[0;NaN;0],[31;65;65],2,[NaN;3;NaN]},{'A',[-168;-455;-693],6,[56;65;-756],5,0,[-224;-520;63],3,0},{'M',[2;36;-63],3,[1;1;1],0,[1;NaN;NaN],[224;36;-63],2,[NaN;0;0]},{'M',[-168;349;260],7,[31;65;65],2,[NaN;NaN;2],[255;349;337],6,[NaN;0;NaN],[-168;-455;-693],6,[0;NaN;NaN]},{'A',[338;-662;-583],8,[2;36;-63],3,0,[168;-349;-260],7,1},{'M',[-168;-455;-583],9,[-168;-455;-693],6,[0;0;NaN],[338;-662;-583],8,[NaN;NaN;0]},{'M',[256;-26;-62],7,[1;1;1],0,[8;NaN;NaN],[-12;-26;-62],6,[NaN;0;0]},{'A',[-424;-429;-521],10,[-168;-455;-583],9,0,[-256;26;62],7,0},{'M',[224;36;337],7,[224;36;-63],2,[0;0;NaN],[255;349;337],6,[NaN;NaN;0]},{'M',[510;-455;-124],7,[255;349;337],6,[1;NaN;NaN],[-12;-26;-62],6,[NaN;NaN;1],[-168;-455;-693],6,[NaN;0;NaN]},{'A',[-286;491;461],8,[224;36;337],7,0,[-510;455;124],7,0},{'M',[255;706;337],7,[-511;353;-756],4,[NaN;1;NaN],[255;349;337],6,[0;NaN;0]},{'O',[255;706;337],7,[255;706;337],7,0},{'M',[-848;-662;-583],11,[338;-662;-583],8,[NaN;0;0],[-424;-429;-521],10,[1;NaN;NaN]},{'O',[848;662;583],11,[848;662;583],11,0},{'M',[-1022;-429;-521],11,[-511;353;-756],4,[1;NaN;NaN],[-424;-429;-521],10,[NaN;0;0]},{'O',[1022;429;521],11,[1022;429;521],11,0},{'M',[338;491;461],9,[338;-662;-583],8,[0;NaN;NaN],[-286;491;461],8,[NaN;0;0]},{'O',[338;491;461],9,[338;491;461],9,0},{'M',[-572;-455;-693],9,[-168;-455;-693],6,[NaN;0;0],[-286;491;461],8,[1;NaN;NaN]},{'O',[572;455;693],9,[572;455;693],9,0}}
Adder graph: {{'M',[2;1;2],1,[1;1;1],0,[1;0;1]},{'A',[9;5;-7],2,[1;1;1],0,0,[2;1;-2],1,2},{'M',[18;5;-14],3,[9;5;-7],2,[1;0;1]},{'M',[32;32;-7],3,[1;1;1],0,[5;5;NaN],[9;5;-7],2,[NaN;NaN;0]},{'A',[256;48;-231],4,[18;5;-14],3,4,[-32;-32;-7],3,0},{'M',[1;128;1],1,[1;1;1],0,[0;7;0]},{'A',[16;-246;-16],3,[9;5;-7],2,1,[-1;-128;-1],1,1},{'M',[576;1;-448],3,[1;1;1],0,[NaN;0;NaN],[9;5;-7],2,[6;NaN;6]},{'M',[16;192;-7],5,[9;5;-7],2,[NaN;NaN;0],[256;48;-231],4,[NaN;2;NaN],[16;-246;-16],3,[0;NaN;NaN]},{'A',[592;193;-441],6,[576;1;-448],3,0,[16;192;7],5,0},{'M',[4;4;1],1,[1;1;1],0,[2;2;0]},{'M',[1;10;1],3,[1;1;1],0,[0;NaN;0],[9;5;-7],2,[NaN;1;NaN]},{'A',[36;324;-31],4,[4;4;1],1,0,[1;10;-1],3,5},{'M',[592;193;-62],7,[592;193;-441],6,[0;0;NaN],[36;324;-31],4,[NaN;NaN;1]},{'A',[608;-53;46],8,[16;-246;-16],3,0,[592;193;62],7,0},{'M',[608;-53;368],9,[608;-53;46],8,[0;0;3]},{'M',[36;384;-31],5,[256;48;-231],4,[NaN;3;NaN],[36;324;-31],4,[0;NaN;0]},{'A',[572;331;337],10,[608;-53;368],9,0,[-36;384;-31],5,0},{'M',[256;-246;-231],5,[256;48;-231],4,[0;NaN;0],[16;-246;-16],3,[NaN;0;NaN]},{'A',[511;-491;-461],6,[256;-246;-231],5,1,[-1;1;1],0,0},{'M',[256;648;-231],5,[256;48;-231],4,[0;NaN;0],[36;324;-31],4,[NaN;1;NaN]},{'M',[592;193;-924],7,[256;48;-231],4,[NaN;NaN;2],[592;193;-441],6,[0;0;NaN]},{'A',[848;455;693],8,[256;648;-231],5,0,[592;-193;924],7,0},{'M',[16;10;64],4,[1;1;1],0,[NaN;NaN;6],[9;5;-7],2,[NaN;1;NaN],[16;-246;-16],3,[0;NaN;NaN]},{'M',[1;193;-441],7,[1;1;1],0,[0;NaN;NaN],[592;193;-441],6,[NaN;0;0]},{'A',[255;353;583],8,[16;10;64],4,4,[-1;193;-441],7,0},{'M',[510;5;-62],9,[9;5;-7],2,[NaN;0;NaN],[36;324;-31],4,[NaN;NaN;1],[255;353;583],8,[1;NaN;NaN]},{'M',[848;-424;583],9,[608;-53;46],8,[NaN;3;NaN],[848;455;693],8,[0;NaN;NaN],[255;353;583],8,[NaN;NaN;0]},{'A',[-338;429;521],10,[510;5;-62],9,0,[-848;424;583],9,0},{'M',[255;706;337],11,[572;331;337],10,[NaN;NaN;0],[255;353;583],8,[0;1;NaN]},{'O',[255;706;337],11,[255;706;337],11,0},{'M',[848;662;583],11,[572;331;337],10,[NaN;1;NaN],[848;455;693],8,[0;NaN;NaN],[255;353;583],8,[NaN;NaN;0]},{'O',[848;662;583],11,[848;662;583],11,0},{'M',[1022;429;521],11,[511;-491;-461],6,[1;NaN;NaN],[-338;429;521],10,[NaN;0;0]},{'O',[1022;429;521],11,[1022;429;521],11,0},{'M',[-338;-491;-461],11,[511;-491;-461],6,[NaN;0;0],[-338;429;521],10,[0;NaN;NaN]},{'O',[338;491;461],11,[338;491;461],11,0},{'M',[572;455;693],11,[572;331;337],10,[0;NaN;NaN],[848;455;693],8,[NaN;0;0]},{'O',[572;455;693],11,[572;455;693],11,0}}
Adder graph: {{'M',[4;1;1],1,[1;1;1],0,[2;0;0]},{'M',[1;8;8],1,[1;1;1],0,[0;3;3]},{'A',[12;65;65],2,[4;1;1],1,0,[1;8;8],1,3},{'M',[1;65;65],3,[1;1;1],0,[0;NaN;NaN],[12;65;65],2,[NaN;0;0]},{'M',[128;260;1],3,[1;1;1],0,[7;NaN;0],[12;65;65],2,[NaN;2;NaN]},{'A',[257;-455;63],4,[1;65;65],3,0,[128;-260;-1],3,1},{'M',[12;32;32],3,[1;1;1],0,[NaN;5;5],[12;65;65],2,[0;NaN;NaN]},{'M',[1;1;8],1,[1;1;1],0,[0;0;3]},{'A',[94;258;272],4,[12;32;32],3,3,[-1;1;8],1,1},{'M',[257;130;63],5,[12;65;65],2,[NaN;1;NaN],[257;-455;63],4,[0;NaN;0]},{'M',[4;4;63],5,[1;1;1],0,[2;2;NaN],[257;-455;63],4,[NaN;NaN;0]},{'A',[241;146;315],6,[257;130;63],5,0,[-4;4;63],5,2},{'M',[96;146;520],7,[12;65;65],2,[3;NaN;3],[241;146;315],6,[NaN;0;NaN]},{'M',[24;516;63],5,[12;65;65],2,[1;NaN;NaN],[257;-455;63],4,[NaN;NaN;0],[94;258;272],4,[NaN;1;NaN]},{'A',[72;662;583],8,[96;146;520],7,0,[-24;516;63],5,0},{'M',[964;584;315],7,[241;146;315],6,[2;2;0]},{'M',[96;-455;63],5,[12;65;65],2,[3;NaN;NaN],[257;-455;63],4,[NaN;0;0]},{'A',[-572;7864;-693],8,[964;584;315],7,0,[-96;455;-63],5,4},{'M',[72;64;544],9,[1;1;1],0,[NaN;6;NaN],[94;258;272],4,[NaN;NaN;1],[72;662;583],8,[0;NaN;NaN]},{'A',[338;420;-458],10,[241;146;315],6,1,[-72;64;-544],9,1},{'M',[4;4;65],3,[1;1;1],0,[2;2;NaN],[12;65;65],2,[NaN;NaN;0]},{'A',[7;9;131],4,[4;4;65],3,1,[-1;1;1],0,0},{'M',[94;288;272],5,[94;258;272],4,[0;NaN;0],[7;9;131],4,[NaN;5;NaN]},{'A',[106;353;337],6,[12;65;65],2,0,[94;288;272],5,0},{'M',[128;9;131],5,[1;1;1],0,[7;NaN;NaN],[7;9;131],4,[NaN;0;0]},{'A',[255;491;461],6,[128;9;131],5,2,[-257;455;-63],4,0},{'M',[1536;9;63],5,[12;65;65],2,[7;NaN;NaN],[257;-455;63],4,[NaN;NaN;0],[7;9;131],4,[NaN;0;NaN]},{'M',[514;420;-458],11,[257;-455;63],4,[1;NaN;NaN],[338;420;-458],10,[NaN;0;0]},{'A',[1022;429;521],12,[1536;9;63],5,0,[-514;420;458],11,0},{'M',[255;706;337],7,[106;353;337],6,[NaN;1;0],[255;491;461],6,[0;NaN;NaN]},{'O',[255;706;337],7,[255;706;337],7,0},{'M',[848;662;583],9,[72;662;583],8,[NaN;0;0],[106;353;337],6,[3;NaN;NaN]},{'O',[848;662;583],9,[848;662;583],9,0},{'O',[1022;429;521],12,[1022;429;521],12,0},{'M',[338;491;461],11,[338;420;-458],10,[0;NaN;NaN],[255;491;461],6,[NaN;0;0]},{'O',[338;491;461],11,[338;491;461],11,0},{'M',[-572;-455;-693],9,[257;-455;63],4,[NaN;0;NaN],[-572;7864;-693],8,[0;NaN;0]},{'O',[572;455;693],9,[572;455;693],9,0}}
Adder graph: {{'M',[4;1;2],1,[1;1;1],0,[2;0;1]},{'A',[31;7;15],2,[4;1;2],1,3,[-1;-1;-1],0,0},{'M',[4;7;15],3,[1;1;1],0,[2;NaN;NaN],[31;7;15],2,[NaN;0;0]},{'A',[8;11;11],4,[4;7;15],3,0,[1;1;-1],0,2},{'M',[1;256;1],1,[1;1;1],0,[0;8;0]},{'M',[8;7;1],5,[1;1;1],0,[NaN;NaN;0],[31;7;15],2,[NaN;0;NaN],[8;11;11],4,[0;NaN;NaN]},{'A',[-15;242;3],6,[1;256;1],1,0,[-8;-7;1],5,1},{'M',[-15;224;30],7,[31;7;15],2,[NaN;5;1],[-15;242;3],6,[0;NaN;NaN]},{'A',[-14;223;29],8,[-15;224;30],7,0,[1;-1;-1],0,0},{'M',[-60;448;11],7,[31;7;15],2,[NaN;6;NaN],[8;11;11],4,[NaN;NaN;0],[-15;242;3],6,[2;NaN;NaN]},{'M',[512;11;704],5,[8;11;11],4,[6;0;6]},{'A',[-572;437;-693],8,[-60;448;11],7,0,[-512;-11;-704],5,0},{'M',[8;437;11],9,[8;11;11],4,[0;NaN;0],[-572;437;-693],8,[NaN;0;NaN]},{'M',[-14;223;480],9,[31;7;15],2,[NaN;NaN;5],[-14;223;29],8,[0;0;NaN]},{'A',[-48;-455;1931],10,[8;437;11],9,0,[-14;-223;480],9,2},{'A',[-510;335;269],9,[-14;223;29],8,0,[-31;7;15],2,4},{'M',[1;1;15],3,[1;1;1],0,[0;0;NaN],[31;7;15],2,[NaN;NaN;0]},{'A',[255;353;337],5,[8;11;11],4,5,[-1;1;-15],3,0},{'M',[-48;670;1931],11,[-48;-455;1931],10,[0;NaN;0],[-510;335;269],9,[NaN;1;NaN]},{'M',[-224;2;337],9,[1;1;1],0,[NaN;1;NaN],[-14;223;29],8,[4;NaN;NaN],[255;353;337],5,[NaN;NaN;0]},{'A',[848;662;583],12,[-48;670;1931],11,0,[224;-2;-337],9,2},{'M',[-510;484;269],10,[-15;242;3],6,[NaN;1;NaN],[-510;335;269],9,[0;NaN;0]},{'M',[848;7;192],13,[31;7;15],2,[NaN;0;NaN],[-15;242;3],6,[NaN;NaN;6],[848;662;583],12,[0;NaN;NaN]},{'A',[338;491;461],14,[-510;484;269],10,0,[848;7;192],13,0},{'M',[62;437;461],15,[31;7;15],2,[1;NaN;NaN],[-572;437;-693],8,[NaN;0;NaN],[338;491;461],14,[NaN;NaN;0]},{'M',[-240;2;15],7,[1;1;1],0,[NaN;1;NaN],[31;7;15],2,[NaN;NaN;0],[-15;242;3],6,[4;NaN;NaN]},{'A',[1022;429;521],16,[62;437;461],15,0,[240;-2;15],7,2},{'M',[255;706;337],6,[255;353;337],5,[0;1;0]},{'O',[255;706;337],6,[255;706;337],6,0},{'O',[848;662;583],12,[848;662;583],12,0},{'O',[1022;429;521],16,[1022;429;521],16,0},{'O',[338;491;461],14,[338;491;461],14,0},{'M',[-572;-455;-693],11,[-572;437;-693],8,[0;NaN;0],[-48;-455;1931],10,[NaN;0;NaN]},{'O',[572;455;693],11,[572;455;693],11,0}}
Adder graph: {{'M',[32;1;1],1,[1;1;1],0,[5;0;0]},{'M',[1;32;32],1,[1;1;1],0,[0;5;5]},{'A',[30;65;-63],2,[32;1;1],1,0,[-1;32;-32],1,1},{'M',[32;32;1],1,[1;1;1],0,[5;5;0]},{'A',[-226;321;-55],3,[30;65;-63],2,0,[-32;32;1],1,3},{'A',[286;321;-319],3,[30;65;-63],2,0,[1;1;-1],0,8},{'M',[8;8;-319],4,[1;1;1],0,[3;3;NaN],[286;321;-319],3,[NaN;NaN;0]},{'M',[32;1;8],1,[1;1;1],0,[5;0;3]},{'A',[-112;20;-670],5,[8;8;-319],4,1,[-32;1;-8],1,2},{'M',[-112;20;-55],6,[-226;321;-55],3,[NaN;NaN;0],[-112;20;-670],5,[0;0;NaN]},{'M',[480;321;-319],4,[30;65;-63],2,[4;NaN;NaN],[286;321;-319],3,[NaN;0;0]},{'A',[848;662;583],7,[-112;20;-55],6,0,[480;321;319],4,1},{'M',[256;16;-55],4,[1;1;1],0,[8;4;NaN],[-226;321;-55],3,[NaN;NaN;0]},{'M',[-112;321;-319],6,[286;321;-319],3,[NaN;0;0],[-112;20;-670],5,[0;NaN;NaN]},{'A',[624;353;209],7,[256;16;-55],4,1,[112;321;319],6,0},{'M',[4576;65;-63],4,[30;65;-63],2,[NaN;0;0],[286;321;-319],3,[4;NaN;NaN]},{'M',[30;20;-670],6,[30;65;-63],2,[0;NaN;NaN],[-112;20;-670],5,[NaN;0;0]},{'A',[4606;85;607],7,[4576;65;-63],4,0,[30;20;670],6,0},{'M',[256;353;209],8,[1;1;1],0,[8;NaN;NaN],[624;353;209],7,[NaN;0;0]},{'M',[1;128;128],1,[1;1;1],0,[0;7;7]},{'A',[255;481;337],9,[256;353;209],8,0,[-1;128;128],1,0},{'M',[8160;520;583],10,[30;65;-63],2,[NaN;3;NaN],[848;662;583],7,[NaN;NaN;0],[255;481;337],9,[5;NaN;NaN]},{'M',[30;65;-110],4,[30;65;-63],2,[0;0;NaN],[-226;321;-55],3,[NaN;NaN;1]},{'A',[8190;455;693],11,[8160;520;583],10,0,[30;-65;110],4,0},{'M',[4606;455;607],12,[4606;85;607],7,[0;NaN;0],[8190;455;693],11,[NaN;0;NaN]},{'M',[8190;481;693],12,[255;481;337],9,[NaN;0;NaN],[8190;455;693],11,[0;NaN;0]},{'A',[1022;429;521],13,[4606;455;607],12,1,[-8190;-481;-693],12,0},{'M',[624;170;209],8,[624;353;209],7,[0;NaN;0],[4606;85;607],7,[NaN;1;NaN]},{'M',[286;321;-252],4,[30;65;-63],2,[NaN;NaN;2],[286;321;-319],3,[0;0;NaN]},{'A',[338;491;461],9,[624;170;209],8,0,[-286;321;252],4,0},{'M',[255;706;337],10,[624;353;209],7,[NaN;1;NaN],[255;481;337],9,[0;NaN;0]},{'O',[255;706;337],10,[255;706;337],10,0},{'O',[848;662;583],7,[848;662;583],7,0},{'O',[1022;429;521],13,[1022;429;521],13,0},{'O',[338;491;461],9,[338;491;461],9,0},{'M',[572;455;693],12,[286;321;-319],3,[1;NaN;NaN],[8190;455;693],11,[NaN;0;0]},{'O',[572;455;693],12,[572;455;693],12,0}}
Adder graph: {{'M',[1;2;2],1,[1;1;1],0,[0;1;1]},{'M',[2;1;1],1,[1;1;1],0,[1;0;0]},{'A',[18;31;31],2,[1;2;2],1,4,[2;-1;-1],1,0},{'M',[72;1;124],3,[1;1;1],0,[NaN;0;NaN],[18;31;31],2,[2;NaN;2]},{'M',[8;1984;1],3,[1;1;1],0,[3;NaN;0],[18;31;31],2,[NaN;6;NaN]},{'A',[80;-1983;123],4,[72;1;124],3,0,[8;-1984;-1],3,0},{'M',[32;1;32],1,[1;1;1],0,[5;0;5]},{'A',[36;5;28],2,[32;1;32],1,0,[1;1;-1],0,2},{'M',[80;124;123],5,[18;31;31],2,[NaN;2;NaN],[80;-1983;123],4,[0;NaN;0]},{'M',[18;5;31],3,[18;31;31],2,[0;NaN;0],[36;5;28],2,[NaN;0;NaN]},{'A',[338;491;461],6,[80;124;123],5,2,[18;-5;-31],3,0},{'M',[18;31;1],3,[1;1;1],0,[NaN;NaN;0],[18;31;31],2,[0;0;NaN]},{'M',[512;512;123],5,[1;1;1],0,[9;9;NaN],[80;-1983;123],4,[NaN;NaN;0]},{'A',[-1006;-993;-245],6,[18;31;1],3,0,[-512;-512;-123],5,1},{'M',[144;20;-245],7,[36;5;28],2,[2;2;NaN],[-1006;-993;-245],6,[NaN;NaN;0]},{'A',[-496;-1903;1103],8,[80;-1983;123],4,0,[-144;20;245],7,2},{'A',[-255;455;429],9,[-1006;-993;-245],6,-1,[496;1903;1103],8,-1},{'M',[18;31;429],10,[18;31;31],2,[0;0;NaN],[-255;455;429],9,[NaN;NaN;0]},{'M',[-1006;-993;1103],9,[-1006;-993;-245],6,[0;0;NaN],[-496;-1903;1103],8,[NaN;NaN;0]},{'A',[512;-481;-337],11,[18;31;429],10,-1,[1006;-993;-1103],9,-1},{'M',[36;40;28],3,[36;5;28],2,[0;3;0]},{'M',[4;-993;-245],7,[1;1;1],0,[2;NaN;NaN],[-1006;-993;-245],6,[NaN;0;0]},{'A',[572;-353;693],8,[36;40;28],3,4,[-4;-993;245],7,0},{'A',[1022;429;521],12,[512;-481;-337],11,0,[255;455;429],9,1},{'M',[338;982;62],7,[18;31;31],2,[NaN;NaN;1],[338;491;461],6,[0;1;NaN]},{'M',[-510;320;521],13,[36;5;28],2,[NaN;6;NaN],[-255;455;429],9,[1;NaN;NaN],[1022;429;521],12,[NaN;NaN;0]},{'A',[848;662;583],14,[338;982;62],7,0,[510;-320;521],13,0},{'M',[-255;-706;-337],12,[-255;455;429],9,[0;NaN;NaN],[512;-481;-337],11,[NaN;NaN;0],[572;-353;693],8,[NaN;1;NaN]},{'O',[255;706;337],12,[255;706;337],12,0},{'O',[848;662;583],14,[848;662;583],14,0},{'O',[1022;429;521],12,[1022;429;521],12,0},{'O',[338;491;461],6,[338;491;461],6,0},{'M',[572;455;693],10,[-255;455;429],9,[NaN;0;NaN],[572;-353;693],8,[0;NaN;0]},{'O',[572;455;693],10,[572;455;693],10,0}}
Adder graph: {{'A',[10;10;6],1,[1;1;1],0,3,[1;1;-1],0,1},{'A',[11;11;7],2,[10;10;6],1,0,[1;1;1],0,0},{'M',[44;10;6],3,[10;10;6],1,[NaN;0;0],[11;11;7],2,[2;NaN;NaN]},{'M',[1;1;96],2,[1;1;1],0,[0;0;NaN],[10;10;6],1,[NaN;NaN;4]},{'A',[48;6;-378],4,[44;10;6],3,0,[1;-1;-96],2,2},{'M',[4;4;1],1,[1;1;1],0,[2;2;0]},{'M',[8;11;8],3,[1;1;1],0,[3;NaN;3],[11;11;7],2,[NaN;0;NaN]},{'A',[72;-80;-62],4,[4;4;1],1,1,[8;-11;-8],3,3},{'M',[2;2;7],3,[1;1;1],0,[1;1;NaN],[11;11;7],2,[NaN;NaN;0]},{'A',[1022;1026;1031],4,[1;1;1],0,10,[-2;2;7],3,0},{'M',[144;2;1031],5,[1;1;1],0,[NaN;1;NaN],[72;-80;-62],4,[1;NaN;NaN],[1022;1026;1031],4,[NaN;NaN;0]},{'A',[848;706;583],6,[144;2;1031],5,0,[11;11;-7],2,6},{'M',[1;1;-62],5,[1;1;1],0,[0;0;NaN],[72;-80;-62],4,[NaN;NaN;0]},{'A',[97;13;694],6,[1;1;-62],5,0,[48;6;378],4,1},{'M',[352;320;1031],5,[10;10;6],1,[NaN;5;NaN],[11;11;7],2,[5;NaN;NaN],[1022;1026;1031],4,[NaN;NaN;0]},{'M',[97;11;694],7,[11;11;7],2,[NaN;0;NaN],[97;13;694],6,[0;NaN;0]},{'A',[255;331;337],8,[352;320;1031],5,0,[-97;11;-694],7,0},{'A',[111;491;461],9,[255;331;337],8,0,[-72;80;62],4,1},{'M',[72;416;-62],7,[72;-80;-62],4,[0;NaN;0],[97;13;694],6,[NaN;5;NaN]},{'M',[97;13;583],7,[848;706;583],6,[NaN;NaN;0],[97;13;694],6,[0;0;NaN]},{'A',[169;429;521],8,[72;416;-62],7,0,[97;13;583],7,0},{'M',[444;429;694],10,[97;13;694],6,[NaN;NaN;0],[111;491;461],9,[2;NaN;NaN],[169;429;521],8,[NaN;0;NaN]},{'M',[128;26;1],7,[1;1;1],0,[7;NaN;0],[97;13;694],6,[NaN;1;NaN]},{'A',[572;455;693],11,[444;429;694],10,0,[128;26;-1],7,0},{'M',[255;706;337],9,[848;706;583],6,[NaN;0;NaN],[255;331;337],8,[0;NaN;0]},{'O',[255;706;337],9,[255;706;337],9,0},{'M',[848;662;583],9,[848;706;583],6,[0;NaN;0],[255;331;337],8,[NaN;1;NaN]},{'O',[848;662;583],9,[848;662;583],9,0},{'M',[1022;429;521],9,[1022;1026;1031],4,[0;NaN;NaN],[169;429;521],8,[NaN;0;0]},{'O',[1022;429;521],9,[1022;429;521],9,0},{'M',[338;491;461],10,[111;491;461],9,[NaN;0;0],[169;429;521],8,[1;NaN;NaN]},{'O',[338;491;461],10,[338;491;461],10,0},{'O',[572;455;693],11,[572;455;693],11,0}}
Adder graph: {{'A',[9;7;9],1,[1;1;1],0,3,[1;-1;1],0,0},{'M',[1;7;9],2,[1;1;1],0,[0;NaN;NaN],[9;7;9],1,[NaN;0;0]},{'M',[16;1;16],1,[1;1;1],0,[4;0;4]},{'A',[33;5;41],3,[1;7;9],2,0,[16;-1;16],1,1},{'M',[1;1;18],2,[1;1;1],0,[0;0;NaN],[9;7;9],1,[NaN;NaN;1]},{'M',[18;1;1],2,[1;1;1],0,[NaN;0;0],[9;7;9],1,[1;NaN;NaN]},{'A',[20;3;37],3,[1;1;18],2,1,[18;1;1],2,0},{'M',[144;112;1],2,[1;1;1],0,[NaN;NaN;0],[9;7;9],1,[4;4;NaN]},{'M',[8;5;64],4,[1;1;1],0,[3;NaN;6],[33;5;41],3,[NaN;0;NaN]},{'A',[568;443;-60],5,[144;112;1],2,2,[-8;-5;-64],4,0},{'M',[18;443;-60],6,[9;7;9],1,[1;NaN;NaN],[568;443;-60],5,[NaN;0;0]},{'A',[338;491;532],7,[20;3;37],3,4,[18;443;-60],6,0},{'A',[255;33;337],4,[33;5;41],3,3,[-9;-7;9],1,0},{'M',[4;7;82],4,[1;1;1],0,[2;NaN;NaN],[9;7;9],1,[NaN;0;NaN],[33;5;41],3,[NaN;NaN;1]},{'A',[572;455;658],5,[9;7;9],1,6,[-4;7;82],4,0},{'A',[508;83;693],4,[33;5;41],3,4,[-20;3;37],3,0},{'M',[4;5;4],4,[1;1;1],0,[2;NaN;2],[33;5;41],3,[NaN;0;NaN]},{'M',[510;66;9],5,[9;7;9],1,[NaN;NaN;0],[255;33;337],4,[1;1;NaN]},{'A',[1022;706;521],6,[4;5;4],4,7,[510;66;9],5,0},{'M',[18;14;521],7,[9;7;9],1,[1;1;NaN],[1022;706;521],6,[NaN;NaN;0]},{'A',[586;429;461],8,[568;443;-60],5,0,[18;-14;521],7,0},{'M',[144;112;9],2,[9;7;9],1,[4;4;0]},{'M',[568;443;592],6,[20;3;37],3,[NaN;NaN;4],[568;443;-60],5,[0;0;NaN]},{'A',[-424;-331;-583],7,[144;112;9],2,0,[-568;-443;-592],6,0},{'M',[255;706;337],7,[255;33;337],4,[0;NaN;0],[1022;706;521],6,[NaN;0;NaN]},{'O',[255;706;337],7,[255;706;337],7,0},{'M',[-848;-662;-583],8,[-424;-331;-583],7,[1;1;0]},{'O',[848;662;583],8,[848;662;583],8,0},{'M',[1022;429;521],9,[1022;706;521],6,[0;NaN;0],[586;429;461],8,[NaN;0;NaN]},{'O',[1022;429;521],9,[1022;429;521],9,0},{'M',[338;491;461],9,[338;491;532],7,[0;0;NaN],[586;429;461],8,[NaN;NaN;0]},{'O',[338;491;461],9,[338;491;461],9,0},{'M',[572;455;693],6,[572;455;658],5,[0;0;NaN],[508;83;693],4,[NaN;NaN;0]},{'O',[572;455;693],6,[572;455;693],6,0}}
Adder graph: {{'A',[9;9;7],1,[1;1;1],0,3,[1;1;-1],0,0},{'A',[33;31;31],1,[1;1;1],0,5,[1;-1;-1],0,0},{'M',[33;31;28],2,[9;9;7],1,[NaN;NaN;2],[33;31;31],1,[0;0;NaN]},{'M',[9;2;7],2,[1;1;1],0,[NaN;1;NaN],[9;9;7],1,[0;NaN;0]},{'A',[255;246;231],3,[33;31;28],2,3,[-9;-2;7],2,0},{'M',[18;246;231],4,[9;9;7],1,[1;NaN;NaN],[255;246;231],3,[NaN;0;0]},{'A',[37;491;461],5,[18;246;231],4,1,[1;-1;-1],0,0},{'M',[1024;124;1],2,[1;1;1],0,[10;NaN;0],[33;31;31],1,[NaN;2;NaN]},{'M',[2112;491;1984],6,[33;31;31],1,[6;NaN;6],[37;491;461],5,[NaN;0;NaN]},{'A',[-1088;-367;-1983],7,[1024;124;1],2,0,[-2112;-491;-1984],6,0},{'A',[-1022;-429;-2045],8,[-1088;-367;-1983],7,0,[33;-31;-31],1,1},{'A',[181;635;-349],6,[9;9;7],1,4,[37;491;-461],5,0},{'M',[9;9;-1983],8,[9;9;7],1,[0;0;NaN],[-1088;-367;-1983],7,[NaN;NaN;0]},{'A',[43;161;-583],9,[181;635;-349],6,-2,[-9;9;-1983],8,-2},{'M',[37;62;461],6,[33;31;31],1,[NaN;1;NaN],[37;491;461],5,[0;NaN;0]},{'M',[33;161;31],10,[33;31;31],1,[0;NaN;0],[43;161;-583],9,[NaN;0;NaN]},{'A',[169;706;337],11,[37;62;461],6,0,[33;161;-31],10,2},{'M',[86;161;-583],10,[43;161;-583],9,[1;0;0]},{'M',[255;246;31],4,[33;31;31],1,[NaN;NaN;0],[255;246;231],3,[0;0;NaN]},{'A',[-424;-331;-521],11,[86;161;-583],10,0,[-255;-246;31],4,1},{'M',[148;124;-349],7,[33;31;31],1,[NaN;2;NaN],[37;491;461],5,[2;NaN;NaN],[181;635;-349],6,[NaN;NaN;0]},{'M',[-424;-331;-1042],12,[-424;-331;-521],11,[0;0;1]},{'A',[572;455;693],13,[148;124;-349],7,0,[424;331;1042],12,0},{'M',[255;706;337],12,[255;246;231],3,[0;NaN;NaN],[169;706;337],11,[NaN;0;0]},{'O',[255;706;337],12,[255;706;337],12,0},{'M',[-848;-662;-583],12,[43;161;-583],9,[NaN;NaN;0],[-424;-331;-521],11,[1;1;NaN]},{'O',[848;662;583],12,[848;662;583],12,0},{'M',[-1022;-429;-521],12,[-1022;-429;-2045],8,[0;0;NaN],[-424;-331;-521],11,[NaN;NaN;0]},{'O',[1022;429;521],12,[1022;429;521],12,0},{'M',[338;491;461],12,[37;491;461],5,[NaN;0;0],[169;706;337],11,[1;NaN;NaN]},{'O',[338;491;461],12,[338;491;461],12,0},{'O',[572;455;693],13,[572;455;693],13,0}}
Adder graph: {{'A',[68;68;68],1,[1;1;1],0,6,[1;1;1],0,2},{'A',[17;15;15],1,[1;1;1],0,4,[1;-1;-1],0,0},{'M',[34;8;1],2,[1;1;1],0,[NaN;3;0],[17;15;15],1,[1;NaN;NaN]},{'A',[289;-49;23],3,[17;15;15],1,0,[34;-8;1],2,3},{'M',[272;15;1088],2,[68;68;68],1,[2;NaN;4],[17;15;15],1,[NaN;0;NaN]},{'M',[4;-49;4],4,[1;1;1],0,[2;NaN;2],[289;-49;23],3,[NaN;0;NaN]},{'A',[288;211;1104],5,[272;15;1088],2,0,[4;49;4],4,2},{'M',[288;211;4],6,[1;1;1],0,[NaN;NaN;2],[288;211;1104],5,[0;0;NaN]},{'A',[424;331;116],7,[17;15;15],1,3,[288;211;-4],6,0},{'A',[255;495;521],4,[68;68;68],1,3,[-289;-49;-23],3,0},{'M',[255;4;521],5,[1;1;1],0,[NaN;2;NaN],[255;495;521],4,[0;NaN;0]},{'A',[33;207;583],6,[288;211;1104],5,0,[-255;-4;-521],5,0},{'M',[1;1;15],2,[1;1;1],0,[0;0;NaN],[17;15;15],1,[NaN;NaN;0]},{'M',[272;495;521],5,[17;15;15],1,[4;NaN;NaN],[255;495;521],4,[NaN;0;0]},{'A',[276;-491;-461],6,[1;1;15],2,2,[272;-495;-521],5,0},{'M',[1088;15;15],2,[17;15;15],1,[6;0;0]},{'A',[1022;429;1181],7,[1088;15;15],2,0,[-33;207;583],6,1},{'M',[424;211;184],8,[289;-49;23],3,[NaN;NaN;3],[288;211;1104],5,[NaN;0;NaN],[424;331;116],7,[0;NaN;NaN]},{'A',[-169;706;337],9,[255;495;521],4,0,[-424;211;-184],8,0},{'M',[276;207;-461],7,[33;207;583],6,[NaN;0;NaN],[276;-491;-461],6,[0;NaN;0]},{'A',[572;455;693],8,[424;331;116],7,1,[-276;-207;461],7,0},{'M',[255;706;337],10,[255;495;521],4,[0;NaN;NaN],[-169;706;337],9,[NaN;0;0]},{'O',[255;706;337],10,[255;706;337],10,0},{'M',[848;662;583],8,[424;331;116],7,[1;1;NaN],[33;207;583],6,[NaN;NaN;0]},{'O',[848;662;583],8,[848;662;583],8,0},{'M',[1022;429;521],8,[255;495;521],4,[NaN;NaN;0],[1022;429;1181],7,[0;0;NaN]},{'O',[1022;429;521],8,[1022;429;521],8,0},{'M',[-338;-491;-461],10,[276;-491;-461],6,[NaN;0;0],[-169;706;337],9,[1;NaN;NaN]},{'O',[338;491;461],10,[338;491;461],10,0},{'O',[572;455;693],8,[572;455;693],8,0}}
Adder graph: {{'M',[1;1;4],1,[1;1;1],0,[0;0;2]},{'A',[1;3;7],2,[1;1;4],1,1,[-1;1;-1],0,0},{'A',[33;31;31],1,[1;1;1],0,5,[1;-1;-1],0,0},{'M',[16;1;16],1,[1;1;1],0,[4;0;4]},{'A',[97;27;-33],2,[33;31;31],1,0,[16;-1;-16],1,2},{'M',[512;31;14],3,[1;3;7],2,[9;NaN;1],[33;31;31],1,[NaN;0;NaN]},{'A',[-1022;68;42],4,[1;3;7],2,1,[-512;31;14],3,1},{'M',[32;96;42],5,[1;3;7],2,[5;5;NaN],[-1022;68;42],4,[NaN;NaN;0]},{'M',[1;62;1],2,[1;1;1],0,[0;NaN;0],[33;31;31],1,[NaN;1;NaN]},{'A',[255;706;337],6,[32;96;42],5,3,[-1;-62;1],2,0},{'M',[4;27;28],3,[1;3;7],2,[2;NaN;2],[97;27;-33],2,[NaN;0;NaN]},{'A',[532;523;-468],4,[4;27;28],3,0,[33;31;-31],1,4},{'M',[194;192;7],3,[1;3;7],2,[NaN;6;0],[97;27;-33],2,[1;NaN;NaN]},{'A',[-338;-331;-461],5,[194;192;7],3,0,[-532;-523;-468],4,0},{'M',[17024;3;7],5,[1;3;7],2,[NaN;0;0],[532;523;-468],4,[5;NaN;NaN]},{'A',[15472;-429;-521],6,[17024;3;7],5,0,[-97;-27;-33],2,4},{'M',[8160;31;31],7,[33;31;31],1,[NaN;0;0],[255;706;337],6,[5;NaN;NaN]},{'A',[-848;-491;-583],8,[15472;-429;-521],6,0,[-8160;-31;-31],7,1},{'M',[-848;-491;31],9,[33;31;31],1,[NaN;NaN;0],[-848;-491;-583],8,[0;0;NaN]},{'A',[-1104;-747;-225],10,[-848;-491;31],9,0,[-1;-1;-1],0,8},{'M',[-1104;68;-225],11,[-1022;68;42],4,[NaN;0;NaN],[-1104;-747;-225],10,[0;NaN;0]},{'A',[-572;-455;-693],12,[-1104;68;-225],11,0,[532;-523;-468],4,0},{'O',[255;706;337],6,[255;706;337],6,0},{'M',[-848;-662;-583],9,[-338;-331;-461],5,[NaN;1;NaN],[-848;-491;-583],8,[0;NaN;0]},{'O',[848;662;583],9,[848;662;583],9,0},{'M',[-1022;-429;-521],7,[-1022;68;42],4,[0;NaN;NaN],[15472;-429;-521],6,[NaN;0;0]},{'O',[1022;429;521],7,[1022;429;521],7,0},{'M',[-338;-491;-461],9,[-338;-331;-461],5,[0;NaN;0],[-848;-491;-583],8,[NaN;0;NaN]},{'O',[338;491;461],9,[338;491;461],9,0},{'O',[572;455;693],12,[572;455;693],12,0}}
Adder graph: {{'M',[2;1;1],1,[1;1;1],0,[1;0;0]},{'A',[126;129;127],2,[1;1;1],0,7,[-2;1;-1],1,0},{'A',[33;31;31],1,[1;1;1],0,5,[1;-1;-1],0,0},{'A',[17;15;17],1,[1;1;1],0,4,[1;-1;1],0,0},{'M',[16;16;127],3,[1;1;1],0,[4;4;NaN],[126;129;127],2,[NaN;NaN;0]},{'A',[-18;46;93],4,[16;16;127],3,0,[-17;15;-17],1,1},{'A',[-53;77;169],5,[-18;46;93],4,1,[-17;-15;-17],1,0},{'M',[1;129;1],3,[1;1;1],0,[0;NaN;0],[126;129;127],2,[NaN;0;NaN]},{'M',[-53;77;186],6,[-18;46;93],4,[NaN;NaN;1],[-53;77;169],5,[0;0;NaN]},{'A',[110;362;-368],7,[1;129;1],3,2,[53;-77;-186],6,1},{'M',[-288;362;-368],8,[-18;46;93],4,[4;NaN;NaN],[110;362;-368],7,[NaN;0;0]},{'A',[-255;-331;-337],9,[33;31;31],1,0,[-288;-362;-368],8,0},{'M',[440;-331;-337],10,[110;362;-368],7,[2;NaN;NaN],[-255;-331;-337],9,[NaN;0;0]},{'A',[572;455;461],11,[33;31;31],1,2,[440;331;337],10,0},{'M',[126;129;93],5,[126;129;127],2,[0;0;NaN],[-18;46;93],4,[NaN;NaN;0]},{'M',[-212;362;676],8,[-53;77;169],5,[2;NaN;2],[110;362;-368],7,[NaN;0;NaN]},{'A',[338;491;-583],9,[126;129;93],5,0,[212;362;-676],8,0},{'M',[1088;491;-583],10,[17;15;17],1,[6;NaN;NaN],[338;491;-583],9,[NaN;0;0]},{'A',[-1022;-429;-521],11,[33;31;31],1,1,[-1088;-491;-583],10,0},{'M',[-53;92;169],6,[-18;46;93],4,[NaN;1;NaN],[-53;77;169],5,[0;NaN;0]},{'A',[-195;-353;693],7,[17;15;17],1,0,[-53;-92;169],6,2},{'M',[-255;-706;-337],10,[-255;-331;-337],9,[0;NaN;0],[-195;-353;693],7,[NaN;1;NaN]},{'O',[255;706;337],10,[255;706;337],10,0},{'M',[-848;-662;-583],10,[-53;77;169],5,[4;NaN;NaN],[-255;-331;-337],9,[NaN;1;NaN],[338;491;-583],9,[NaN;NaN;0]},{'O',[848;662;583],10,[848;662;583],10,0},{'O',[1022;429;521],11,[1022;429;521],11,0},{'M',[338;491;461],12,[572;455;461],11,[NaN;NaN;0],[338;491;-583],9,[0;0;NaN]},{'O',[338;491;461],12,[338;491;461],12,0},{'M',[572;455;693],12,[572;455;461],11,[0;0;NaN],[-195;-353;693],7,[NaN;NaN;0]},{'O',[572;455;693],12,[572;455;693],12,0}}
Finished solving after 259192 seconds
Adder graph: {{'M',[2;1;1],1,[1;1;1],0,[1;0;0]},{'A',[126;129;127],2,[1;1;1],0,7,[-2;1;-1],1,0},{'A',[33;31;31],1,[1;1;1],0,5,[1;-1;-1],0,0},{'A',[17;15;17],1,[1;1;1],0,4,[1;-1;1],0,0},{'M',[16;16;127],3,[1;1;1],0,[4;4;NaN],[126;129;127],2,[NaN;NaN;0]},{'A',[-18;46;93],4,[16;16;127],3,0,[-17;15;-17],1,1},{'A',[-53;77;169],5,[-18;46;93],4,1,[-17;-15;-17],1,0},{'M',[1;129;1],3,[1;1;1],0,[0;NaN;0],[126;129;127],2,[NaN;0;NaN]},{'M',[-53;77;186],6,[-18;46;93],4,[NaN;NaN;1],[-53;77;169],5,[0;0;NaN]},{'A',[110;362;-368],7,[1;129;1],3,2,[53;-77;-186],6,1},{'M',[-288;362;-368],8,[-18;46;93],4,[4;NaN;NaN],[110;362;-368],7,[NaN;0;0]},{'A',[-255;-331;-337],9,[33;31;31],1,0,[-288;-362;-368],8,0},{'M',[440;-331;-337],10,[110;362;-368],7,[2;NaN;NaN],[-255;-331;-337],9,[NaN;0;0]},{'A',[572;455;461],11,[33;31;31],1,2,[440;331;337],10,0},{'M',[126;129;93],5,[126;129;127],2,[0;0;NaN],[-18;46;93],4,[NaN;NaN;0]},{'M',[-212;362;676],8,[-53;77;169],5,[2;NaN;2],[110;362;-368],7,[NaN;0;NaN]},{'A',[338;491;-583],9,[126;129;93],5,0,[212;362;-676],8,0},{'M',[1088;491;-583],10,[17;15;17],1,[6;NaN;NaN],[338;491;-583],9,[NaN;0;0]},{'A',[-1022;-429;-521],11,[33;31;31],1,1,[-1088;-491;-583],10,0},{'M',[-53;92;169],6,[-18;46;93],4,[NaN;1;NaN],[-53;77;169],5,[0;NaN;0]},{'A',[-195;-353;693],7,[17;15;17],1,0,[-53;-92;169],6,2},{'M',[-255;-706;-337],10,[-255;-331;-337],9,[0;NaN;0],[-195;-353;693],7,[NaN;1;NaN]},{'O',[255;706;337],10,[255;706;337],10,0},{'M',[-848;-662;-583],10,[-53;77;169],5,[4;NaN;NaN],[-255;-331;-337],9,[NaN;1;NaN],[338;491;-583],9,[NaN;NaN;0]},{'O',[848;662;583],10,[848;662;583],10,0},{'O',[1022;429;521],11,[1022;429;521],11,0},{'M',[338;491;461],12,[572;455;461],11,[NaN;NaN;0],[338;491;-583],9,[0;0;NaN]},{'O',[338;491;461],12,[338;491;461],12,0},{'M',[572;455;693],12,[572;455;461],11,[0;0;NaN],[-195;-353;693],7,[NaN;NaN;0]},{'O',[572;455;693],12,[572;455;693],12,0}}
# Add optimal = 1
# Mux optimal = 0
# FAs optimal = 0
