Adder graph: {{'M',[1;128;1024],1,[1;1;1],0,[0;7;10]},{'M',[8;4;1],1,[1;1;1],0,[3;2;0]},{'A',[9;124;1025],2,[1;128;1024],1,0,[8;-4;1],1,0},{'M',[288;124;512],3,[1;1;1],0,[NaN;NaN;9],[9;124;1025],2,[5;0;NaN]},{'M',[1;1;32800],3,[1;1;1],0,[0;0;NaN],[9;124;1025],2,[NaN;NaN;5]},{'A',[287;123;33312],4,[288;124;512],3,0,[-1;-1;32800],3,0},{'M',[72;2;1025],3,[1;1;1],0,[NaN;1;NaN],[9;124;1025],2,[3;NaN;0]},{'M',[1;16;66624],5,[1;1;1],0,[0;4;NaN],[287;123;33312],4,[NaN;NaN;1]},{'A',[143;-12;-64574],6,[72;2;1025],3,1,[-1;-16;-66624],5,0},{'M',[128;1;32],1,[1;1;1],0,[7;0;5]},{'M',[143;248;128],7,[1;1;1],0,[NaN;NaN;7],[9;124;1025],2,[NaN;1;NaN],[143;-12;-64574],6,[0;NaN;NaN]},{'A',[-15;-247;-96],8,[128;1;32],1,0,[-143;-248;-128],7,0},{'M',[287;-24;-384],9,[287;123;33312],4,[0;NaN;NaN],[143;-12;-64574],6,[NaN;1;NaN],[-15;-247;-96],8,[NaN;NaN;2]},{'M',[1152;-247;-384],9,[9;124;1025],2,[7;NaN;NaN],[-15;-247;-96],8,[NaN;0;2]},{'A',[1144;-439;-2688],10,[287;-24;-384],9,3,[-1152;-247;384],9,0},{'M',[1;128;4],1,[1;1;1],0,[0;7;2]},{'M',[143;-247;4],9,[1;1;1],0,[NaN;NaN;2],[143;-12;-64574],6,[0;NaN;NaN],[-15;-247;-96],8,[NaN;0;NaN]},{'A',[147;265;20],10,[1;128;4],1,2,[143;-247;4],9,0},{'M',[9;124;-2688],11,[9;124;1025],2,[0;0;NaN],[1144;-439;-2688],10,[NaN;NaN;0]},{'M',[9;-12;20],11,[9;124;1025],2,[0;NaN;NaN],[143;-12;-64574],6,[NaN;0;NaN],[147;265;20],10,[NaN;NaN;0]},{'A',[0;34;-677],12,[9;124;-2688],11,-2,[-9;12;-20],11,-2},{'M',[147;124;-96],11,[9;124;1025],2,[NaN;0;NaN],[-15;-247;-96],8,[NaN;NaN;0],[147;265;20],10,[0;NaN;NaN]},{'M',[1144;256;-677],13,[1;1;1],0,[NaN;8;NaN],[1144;-439;-2688],10,[0;NaN;NaN],[0;34;-677],12,[NaN;NaN;0]},{'A',[-997;-132;-773],14,[147;124;-96],11,0,[-1144;-256;-677],13,0},{'M',[-30;-12;1025],9,[9;124;1025],2,[NaN;NaN;0],[143;-12;-64574],6,[NaN;0;NaN],[-15;-247;-96],8,[1;NaN;NaN]},{'M',[147;64;64],11,[1;1;1],0,[NaN;6;6],[147;265;20],10,[0;NaN;NaN]},{'A',[-177;-76;961],12,[-30;-12;1025],9,0,[-147;-64;-64],11,0},{'M',[572;68;1],13,[1;1;1],0,[NaN;NaN;0],[143;-12;-64574],6,[2;NaN;NaN],[0;34;-677],12,[NaN;1;NaN]},{'M',[-177;-439;40],13,[1144;-439;-2688],10,[NaN;0;NaN],[147;265;20],10,[NaN;NaN;1],[-177;-76;961],12,[0;NaN;NaN]},{'A',[395;-371;41],14,[572;68;1],13,0,[-177;-439;40],13,0},{'M',[-30;-742;-773],15,[-15;-247;-96],8,[1;NaN;NaN],[-997;-132;-773],14,[NaN;NaN;0],[395;-371;41],14,[NaN;1;NaN]},{'O',[30;742;773],15,[30;742;773],15,0},{'M',[147;265;961],13,[147;265;20],10,[0;0;NaN],[-177;-76;961],12,[NaN;NaN;0]},{'O',[147;265;961],13,[147;265;961],13,0},{'M',[-997;-24;-768],15,[143;-12;-64574],6,[NaN;1;NaN],[-15;-247;-96],8,[NaN;NaN;3],[-997;-132;-773],14,[0;NaN;NaN]},{'O',[997;24;768],15,[997;24;768],15,0},{'M',[-708;-152;-677],13,[0;34;-677],12,[NaN;NaN;0],[-177;-76;961],12,[2;1;NaN]},{'O',[708;152;677],13,[708;152;677],13,0},{'M',[395;123;41],15,[287;123;33312],4,[NaN;0;NaN],[395;-371;41],14,[0;NaN;0]},{'O',[395;123;41],15,[395;123;41],15,0}}
Adder graph: {{'M',[1;1;256],1,[1;1;1],0,[0;0;8]},{'M',[1;1;32768],1,[1;1;1],0,[0;0;15]},{'A',[-3;5;131328],2,[1;1;256],1,0,[-1;1;32768],1,2},{'M',[16;1;4],1,[1;1;1],0,[4;0;2]},{'M',[1;2;1],1,[1;1;1],0,[0;1;0]},{'A',[30;-2;6],2,[16;1;4],1,1,[-1;-2;-1],1,1},{'M',[-3;512;12],3,[1;1;1],0,[NaN;9;NaN],[-3;5;131328],2,[0;NaN;NaN],[30;-2;6],2,[NaN;NaN;1]},{'M',[-12;-2;6],3,[-3;5;131328],2,[2;NaN;NaN],[30;-2;6],2,[NaN;0;0]},{'A',[93;528;60],4,[-3;512;12],3,0,[12;2;6],3,3},{'M',[93;16;120],5,[1;1;1],0,[NaN;4;NaN],[93;528;60],4,[0;NaN;1]},{'M',[16;5;1],3,[1;1;1],0,[4;NaN;0],[-3;5;131328],2,[NaN;0;NaN]},{'A',[760;123;961],6,[93;16;120],5,3,[16;-5;1],3,0},{'M',[256;1;2],1,[1;1;1],0,[8;0;1]},{'M',[1;20;24],3,[1;1;1],0,[0;NaN;NaN],[-3;5;131328],2,[NaN;2;NaN],[30;-2;6],2,[NaN;NaN;2]},{'A',[255;-19;-22],4,[256;1;2],1,0,[-1;-20;-24],3,0},{'M',[93;5;60],5,[-3;5;131328],2,[NaN;0;NaN],[93;528;60],4,[0;NaN;0]},{'M',[255;123;-22],7,[760;123;961],6,[NaN;0;NaN],[255;-19;-22],4,[0;NaN;0]},{'A',[174;64;41],8,[93;5;60],5,-1,[255;123;22],7,-1},{'M',[-3;2;246016],7,[1;1;1],0,[NaN;1;NaN],[-3;5;131328],2,[0;NaN;NaN],[760;123;961],6,[NaN;NaN;8]},{'M',[348;492;1],9,[1;1;1],0,[NaN;NaN;0],[760;123;961],6,[NaN;2;NaN],[174;64;41],8,[1;NaN;NaN]},{'A',[-354;496;492031],10,[-3;2;246016],7,1,[-348;492;-1],9,0},{'M',[30;4;32],3,[1;1;1],0,[NaN;2;5],[30;-2;6],2,[0;NaN;NaN]},{'M',[93;20;1312],9,[-3;5;131328],2,[NaN;2;NaN],[93;528;60],4,[0;NaN;NaN],[174;64;41],8,[NaN;NaN;5]},{'A',[147;12;1568],10,[30;4;32],3,3,[-93;-20;1312],9,0},{'M',[760;528;1568],11,[93;528;60],4,[NaN;0;NaN],[760;123;961],6,[0;NaN;NaN],[147;12;1568],10,[NaN;NaN;0]},{'M',[30;-2;-22],5,[30;-2;6],2,[0;0;NaN],[255;-19;-22],4,[NaN;NaN;0]},{'A',[395;265;773],12,[760;528;1568],11,-1,[30;2;-22],5,-1},{'M',[696;123;48],9,[30;-2;6],2,[NaN;NaN;3],[760;123;961],6,[NaN;0;NaN],[174;64;41],8,[2;NaN;NaN]},{'M',[395;496;773],13,[-354;496;492031],10,[NaN;0;NaN],[395;265;773],12,[0;NaN;0]},{'A',[997;742;-677],14,[696;123;48],9,1,[-395;496;-773],13,0},{'M',[30;742;773],15,[30;-2;6],2,[0;NaN;NaN],[395;265;773],12,[NaN;NaN;0],[997;742;-677],14,[NaN;0;NaN]},{'O',[30;742;773],15,[30;742;773],15,0},{'M',[147;265;961],13,[760;123;961],6,[NaN;NaN;0],[147;12;1568],10,[0;NaN;NaN],[395;265;773],12,[NaN;0;NaN]},{'O',[147;265;961],13,[147;265;961],13,0},{'M',[997;24;768],15,[30;-2;6],2,[NaN;NaN;7],[147;12;1568],10,[NaN;1;NaN],[997;742;-677],14,[0;NaN;NaN]},{'O',[997;24;768],15,[997;24;768],15,0},{'M',[-708;-152;-677],15,[255;-19;-22],4,[NaN;3;NaN],[-354;496;492031],10,[1;NaN;NaN],[997;742;-677],14,[NaN;NaN;0]},{'O',[708;152;677],15,[708;152;677],15,0},{'M',[395;123;41],13,[760;123;961],6,[NaN;0;NaN],[174;64;41],8,[NaN;NaN;0],[395;265;773],12,[0;NaN;NaN]},{'O',[395;123;41],13,[395;123;41],13,0}}
Adder graph: {{'M',[1;1;8],1,[1;1;1],0,[0;0;3]},{'M',[128;128;1],1,[1;1;1],0,[7;7;0]},{'A',[-255;257;6],2,[1;1;8],1,0,[-128;128;-1],1,1},{'M',[1;257;512],3,[1;1;1],0,[0;NaN;9],[-255;257;6],2,[NaN;0;NaN]},{'M',[2;1;2],1,[1;1;1],0,[1;0;1]},{'A',[-15;265;528],4,[1;257;512],3,0,[-2;1;2],1,3},{'M',[-15;16;6],5,[1;1;1],0,[NaN;4;NaN],[-255;257;6],2,[NaN;NaN;0],[-15;265;528],4,[0;NaN;NaN]},{'M',[1;1;12],3,[1;1;1],0,[0;0;NaN],[-255;257;6],2,[NaN;NaN;1]},{'A',[-19;12;-42],6,[-15;16;6],5,0,[-1;-1;-12],3,2},{'M',[1;1;4096],1,[1;1;1],0,[0;0;12]},{'M',[-255;64;1056],5,[1;1;1],0,[NaN;6;NaN],[-255;257;6],2,[0;NaN;NaN],[-15;265;528],4,[NaN;NaN;1]},{'A',[-253;-62;9248],6,[1;1;4096],1,1,[-255;-64;1056],5,0},{'M',[-15;512;6144],5,[1;1;1],0,[NaN;9;NaN],[-255;257;6],2,[NaN;NaN;10],[-15;265;528],4,[0;NaN;NaN]},{'M',[-506;4;6],7,[1;1;1],0,[NaN;2;NaN],[-255;257;6],2,[NaN;NaN;0],[-253;-62;9248],6,[1;NaN;NaN]},{'A',[997;504;6156],8,[-15;512;6144],5,0,[506;-4;6],7,1},{'M',[-253;2;512],7,[1;1;1],0,[NaN;1;9],[-253;-62;9248],6,[0;NaN;NaN]},{'M',[-304;265;-84],7,[-15;265;528],4,[NaN;0;NaN],[-19;12;-42],6,[4;NaN;1]},{'A',[-708;273;1964],8,[-253;2;512],7,2,[304;265;-84],7,0},{'M',[-253;273;-42],9,[-19;12;-42],6,[NaN;NaN;0],[-253;-62;9248],6,[0;NaN;NaN],[-708;273;1964],8,[NaN;0;NaN]},{'M',[-255;257;1964],9,[-255;257;6],2,[0;0;NaN],[-708;273;1964],8,[NaN;NaN;0]},{'A',[-254;265;961],10,[-253;273;-42],9,-1,[-255;257;1964],9,-1},{'M',[-255;12;6156],9,[-255;257;6],2,[0;NaN;NaN],[-19;12;-42],6,[NaN;0;NaN],[997;504;6156],8,[NaN;NaN;0]},{'M',[997;504;9248],9,[-253;-62;9248],6,[NaN;NaN;0],[997;504;6156],8,[0;0;NaN]},{'A',[-313;-123;-773],10,[-255;12;6156],9,-2,[-997;-504;-9248],9,-2},{'M',[-708;-248;1],9,[1;1;1],0,[NaN;NaN;0],[-253;-62;9248],6,[NaN;2;NaN],[-708;273;1964],8,[0;NaN;NaN]},{'M',[-313;-123;-42],11,[-19;12;-42],6,[NaN;NaN;0],[-313;-123;-773],10,[0;0;NaN]},{'A',[-395;-371;-41],12,[-708;-248;1],9,0,[313;-123;-42],11,0},{'M',[128;-248;-773],11,[1;1;1],0,[7;NaN;NaN],[-253;-62;9248],6,[NaN;2;NaN],[-313;-123;-773],10,[NaN;NaN;0]},{'M',[-19;96;96],7,[-255;257;6],2,[NaN;NaN;4],[-19;12;-42],6,[0;3;NaN]},{'A',[147;-152;-677],12,[128;-248;-773],11,0,[19;96;96],7,0},{'M',[-30;-742;-773],13,[-15;265;528],4,[1;NaN;NaN],[-313;-123;-773],10,[NaN;NaN;0],[-395;-371;-41],12,[NaN;1;NaN]},{'O',[30;742;773],13,[30;742;773],13,0},{'M',[147;265;961],13,[-254;265;961],10,[NaN;0;0],[147;-152;-677],12,[0;NaN;NaN]},{'O',[147;265;961],13,[147;265;961],13,0},{'M',[997;24;768],9,[-255;257;6],2,[NaN;NaN;7],[-19;12;-42],6,[NaN;1;NaN],[997;504;6156],8,[0;NaN;NaN]},{'O',[997;24;768],9,[997;24;768],9,0},{'M',[-708;-152;-677],13,[-708;273;1964],8,[0;NaN;NaN],[147;-152;-677],12,[NaN;0;0]},{'O',[708;152;677],13,[708;152;677],13,0},{'M',[-395;-123;-41],13,[-313;-123;-773],10,[NaN;0;NaN],[-395;-371;-41],12,[0;NaN;0]},{'O',[395;123;41],13,[395;123;41],13,0}}
Adder graph: {{'M',[16;64;1],1,[1;1;1],0,[4;6;0]},{'M',[1;1;8],1,[1;1;1],0,[0;0;3]},{'A',[17;63;9],2,[16;64;1],1,0,[1;-1;8],1,0},{'M',[2;32;1],1,[1;1;1],0,[1;5;0]},{'M',[17;63;512],3,[1;1;1],0,[NaN;NaN;9],[17;63;9],2,[0;0;NaN]},{'A',[19;95;513],4,[2;32;1],1,0,[17;63;512],3,0},{'M',[2;1;32],1,[1;1;1],0,[1;0;5]},{'M',[16;2;1],1,[1;1;1],0,[4;1;0]},{'A',[-30;-3;30],2,[2;1;32],1,0,[-16;-2;-1],1,1},{'M',[512;-3;512],3,[1;1;1],0,[9;NaN;9],[-30;-3;30],2,[NaN;0;NaN]},{'M',[-245760;1;245760],3,[1;1;1],0,[NaN;0;NaN],[-30;-3;30],2,[13;NaN;13]},{'A',[495616;-22;-487424],4,[512;-3;512],3,3,[245760;1;-245760],3,1},{'M',[64;-3;30],3,[1;1;1],0,[6;NaN;NaN],[-30;-3;30],2,[NaN;0;0]},{'M',[1;504;72],3,[1;1;1],0,[0;NaN;NaN],[17;63;9],2,[NaN;3;3]},{'A',[1016;3984;-96],4,[64;-3;30],3,4,[-1;504;-72],3,3},{'M',[19;190;513],5,[19;95;513],4,[0;1;0]},{'M',[-30;-6;30],3,[-30;-3;30],2,[0;1;0]},{'A',[79;202;453],6,[19;190;513],5,0,[30;6;-30],3,1},{'M',[19;63;9],5,[17;63;9],2,[NaN;0;0],[19;95;513],4,[0;NaN;NaN]},{'M',[1016;202;32],7,[1;1;1],0,[NaN;NaN;5],[1016;3984;-96],4,[0;NaN;NaN],[79;202;453],6,[NaN;0;NaN]},{'A',[-997;265;41],8,[19;63;9],5,0,[-1016;202;32],7,0},{'M',[19;16;960],5,[1;1;1],0,[NaN;4;NaN],[19;95;513],4,[0;NaN;NaN],[-30;-3;30],2,[NaN;NaN;5]},{'M',[128;-3;1],3,[1;1;1],0,[7;NaN;0],[-30;-3;30],2,[NaN;0;NaN]},{'A',[147;19;961],6,[19;16;960],5,0,[128;3;1],3,0},{'M',[1024;-3;164],9,[1;1;1],0,[10;NaN;NaN],[-30;-3;30],2,[NaN;0;NaN],[-997;265;41],8,[NaN;NaN;2]},{'M',[316;126;513],7,[17;63;9],2,[NaN;1;NaN],[19;95;513],4,[NaN;NaN;0],[79;202;453],6,[2;NaN;NaN]},{'A',[708;123;677],10,[1024;-3;164],9,0,[-316;126;513],7,0},{'M',[79;-704;-96],7,[495616;-22;-487424],4,[NaN;5;NaN],[1016;3984;-96],4,[NaN;NaN;0],[79;202;453],6,[0;NaN;NaN]},{'M',[316;38;677],11,[79;202;453],6,[2;NaN;NaN],[147;19;961],6,[NaN;1;NaN],[708;123;677],10,[NaN;NaN;0]},{'A',[395;-742;-773],12,[79;-704;-96],7,0,[316;-38;-677],11,0},{'M',[-30;-742;-773],13,[-30;-3;30],2,[0;NaN;NaN],[395;-742;-773],12,[NaN;0;0]},{'O',[30;742;773],13,[30;742;773],13,0},{'M',[147;265;961],9,[-997;265;41],8,[NaN;0;NaN],[147;19;961],6,[0;NaN;0]},{'O',[147;265;961],9,[147;265;961],9,0},{'M',[-997;-24;-768],9,[-30;-3;30],2,[NaN;3;NaN],[1016;3984;-96],4,[NaN;NaN;3],[-997;265;41],8,[0;NaN;NaN]},{'O',[997;24;768],9,[997;24;768],9,0},{'M',[708;152;677],11,[147;19;961],6,[NaN;3;NaN],[708;123;677],10,[0;NaN;0]},{'O',[708;152;677],11,[708;152;677],11,0},{'M',[395;123;41],13,[-997;265;41],8,[NaN;NaN;0],[708;123;677],10,[NaN;0;NaN],[395;-742;-773],12,[0;NaN;NaN]},{'O',[395;123;41],13,[395;123;41],13,0}}
Adder graph: {{'M',[1;1;128],1,[1;1;1],0,[0;0;7]},{'M',[2;1;64],1,[1;1;1],0,[1;0;6]},{'A',[33;-15;1152],2,[1;1;128],1,0,[2;-1;64],1,4},{'M',[1;-60;256],3,[1;1;1],0,[0;NaN;8],[33;-15;1152],2,[NaN;2;NaN]},{'M',[8;8;1],1,[1;1;1],0,[3;3;0]},{'A',[-15;-76;258],4,[1;-60;256],3,0,[-8;-8;1],1,1},{'M',[-15;4096;258],5,[1;1;1],0,[NaN;12;NaN],[-15;-76;258],4,[0;NaN;0]},{'M',[66;-76;258],5,[33;-15;1152],2,[1;NaN;NaN],[-15;-76;258],4,[NaN;0;0]},{'A',[-147;4248;774],6,[-15;4096;258],5,0,[-66;76;258],5,1},{'M',[512;1;1],1,[1;1;1],0,[9;0;0]},{'M',[-30;-30;1],5,[1;1;1],0,[NaN;NaN;0],[33;-15;1152],2,[NaN;1;NaN],[-15;-76;258],4,[1;NaN;NaN]},{'A',[572;61;3],6,[512;1;1],1,0,[30;30;1],5,1},{'M',[256;256;1],1,[1;1;1],0,[8;8;0]},{'M',[8;244;774],7,[1;1;1],0,[3;NaN;NaN],[-147;4248;774],6,[NaN;NaN;0],[572;61;3],6,[NaN;2;NaN]},{'A',[248;12;-773],8,[256;256;1],1,0,[-8;-244;-774],7,0},{'M',[1;24;1],9,[1;1;1],0,[0;NaN;0],[248;12;-773],8,[NaN;1;NaN]},{'A',[32;-39;1153],10,[33;-15;1152],2,0,[-1;-24;1],9,0},{'M',[-15;-76;24],7,[-15;-76;258],4,[0;0;NaN],[572;61;3],6,[NaN;NaN;3]},{'M',[32;256;1153],11,[1;1;1],0,[NaN;8;NaN],[32;-39;1153],10,[0;NaN;0]},{'A',[-88;-864;-961],12,[-15;-76;24],7,3,[32;-256;-1153],11,0},{'M',[572;61;2],7,[1;1;1],0,[NaN;NaN;1],[572;61;3],6,[0;0;NaN]},{'M',[-147;1;1],7,[1;1;1],0,[NaN;0;0],[-147;4248;774],6,[0;NaN;NaN]},{'A',[997;123;5],8,[572;61;2],7,1,[-147;1;1],7,0},{'M',[-15;-76;10],9,[-15;-76;258],4,[0;0;NaN],[997;123;5],8,[NaN;NaN;1]},{'M',[-294;-39;1],11,[1;1;1],0,[NaN;NaN;0],[-147;4248;774],6,[1;NaN;NaN],[32;-39;1153],10,[NaN;0;NaN]},{'A',[-354;-265;41],12,[-15;-76;10],9,2,[-294;39;1],11,0},{'M',[248;-864;-773],13,[248;12;-773],8,[0;NaN;0],[-88;-864;-961],12,[NaN;0;NaN]},{'M',[-147;122;96],7,[-147;4248;774],6,[0;NaN;NaN],[572;61;3],6,[NaN;1;5]},{'A',[395;-742;-677],14,[248;-864;-773],13,0,[147;122;96],7,0},{'M',[-30;-742;-773],15,[-15;-76;258],4,[1;NaN;NaN],[248;12;-773],8,[NaN;NaN;0],[395;-742;-677],14,[NaN;0;NaN]},{'O',[30;742;773],15,[30;742;773],15,0},{'M',[-147;-265;-961],13,[-147;4248;774],6,[0;NaN;NaN],[-88;-864;-961],12,[NaN;NaN;0],[-354;-265;41],12,[NaN;0;NaN]},{'O',[147;265;961],13,[147;265;961],13,0},{'M',[997;24;768],9,[572;61;3],6,[NaN;NaN;8],[248;12;-773],8,[NaN;1;NaN],[997;123;5],8,[0;NaN;NaN]},{'O',[997;24;768],9,[997;24;768],9,0},{'M',[-708;-152;-677],15,[-15;-76;258],4,[NaN;1;NaN],[-354;-265;41],12,[1;NaN;NaN],[395;-742;-677],14,[NaN;NaN;0]},{'O',[708;152;677],15,[708;152;677],15,0},{'M',[395;123;41],15,[997;123;5],8,[NaN;0;NaN],[-354;-265;41],12,[NaN;NaN;0],[395;-742;-677],14,[0;NaN;NaN]},{'O',[395;123;41],15,[395;123;41],15,0}}
Adder graph: {{'M',[1;1;2],1,[1;1;1],0,[0;0;1]},{'M',[4;1;1],1,[1;1;1],0,[2;0;0]},{'A',[-15;-3;-2],2,[1;1;2],1,0,[-4;-1;-1],1,2},{'M',[64;1;-16],3,[1;1;1],0,[6;0;NaN],[-15;-3;-2],2,[NaN;NaN;3]},{'M',[1;-12;1],3,[1;1;1],0,[0;NaN;0],[-15;-3;-2],2,[NaN;2;NaN]},{'A',[63;13;-17],4,[64;1;-16],3,0,[-1;12;-1],3,0},{'M',[-15;-192;-272],5,[-15;-3;-2],2,[0;6;NaN],[63;13;-17],4,[NaN;NaN;4]},{'A',[-267;-140;-340],6,[-15;-192;-272],5,0,[-63;13;-17],4,2},{'M',[4;-140;4],7,[1;1;1],0,[2;NaN;2],[-267;-140;-340],6,[NaN;0;NaN]},{'M',[-267;8;8],7,[1;1;1],0,[NaN;3;3],[-267;-140;-340],6,[0;NaN;NaN]},{'A',[-1060;-248;-24],8,[4;-140;4],7,1,[-267;8;-8],7,2},{'M',[63;-96;-64],5,[-15;-3;-2],2,[NaN;5;5],[63;13;-17],4,[0;NaN;NaN]},{'M',[64512;13;-17],5,[63;13;-17],4,[10;0;0]},{'A',[-128961;-70;-30],6,[63;-96;-64],5,0,[-64512;13;17],5,1},{'M',[-240;-280;1],7,[1;1;1],0,[NaN;NaN;0],[-15;-3;-2],2,[4;NaN;NaN],[-128961;-70;-30],6,[NaN;2;NaN]},{'M',[-120;-3;4],3,[1;1;1],0,[NaN;NaN;2],[-15;-3;-2],2,[3;0;NaN]},{'A',[-120;-277;-3],8,[-240;-280;1],7,0,[120;3;-4],3,0},{'M',[-267;-12;1],7,[1;1;1],0,[NaN;NaN;0],[-15;-3;-2],2,[NaN;2;NaN],[-267;-140;-340],6,[0;NaN;NaN]},{'M',[128;-277;-960],9,[1;1;1],0,[7;NaN;NaN],[-128961;-70;-30],6,[NaN;NaN;5],[-120;-277;-3],8,[NaN;0;NaN]},{'A',[-395;265;961],10,[-267;-12;1],7,0,[-128;277;960],9,0},{'M',[-120;-384;-3],9,[-15;-3;-2],2,[NaN;7;NaN],[-120;-277;-3],8,[0;NaN;0]},{'M',[-267;13;-680],7,[63;13;-17],4,[NaN;0;NaN],[-267;-140;-340],6,[0;NaN;1]},{'A',[147;-371;677],10,[-120;-384;-3],9,0,[267;13;680],7,0},{'M',[63;-371;-17],11,[63;13;-17],4,[0;NaN;0],[147;-371;677],10,[NaN;0;NaN]},{'A',[-997;-123;-41],12,[63;-371;-17],11,0,[-1060;248;-24],8,0},{'M',[147;-24;-24],11,[-15;-3;-2],2,[NaN;3;NaN],[-120;-277;-3],8,[NaN;NaN;3],[147;-371;677],10,[0;NaN;NaN]},{'M',[-120;-248;677],11,[-15;-3;-2],2,[3;NaN;NaN],[-1060;-248;-24],8,[NaN;0;NaN],[147;-371;677],10,[NaN;NaN;0]},{'A',[708;152;-773],12,[147;-24;-24],11,2,[120;248;-677],11,0},{'M',[-30;-742;-773],13,[-15;-3;-2],2,[1;NaN;NaN],[147;-371;677],10,[NaN;1;NaN],[708;152;-773],12,[NaN;NaN;0]},{'O',[30;742;773],13,[30;742;773],13,0},{'M',[147;265;961],11,[-395;265;961],10,[NaN;0;0],[147;-371;677],10,[0;NaN;NaN]},{'O',[147;265;961],11,[147;265;961],11,0},{'M',[-997;-24;-768],13,[-15;-3;-2],2,[NaN;3;NaN],[-120;-277;-3],8,[NaN;NaN;8],[-997;-123;-41],12,[0;NaN;NaN]},{'O',[997;24;768],13,[997;24;768],13,0},{'M',[708;152;677],13,[147;-371;677],10,[NaN;NaN;0],[708;152;-773],12,[0;0;NaN]},{'O',[708;152;677],13,[708;152;677],13,0},{'M',[-395;-123;-41],13,[-395;265;961],10,[0;NaN;NaN],[-997;-123;-41],12,[NaN;0;0]},{'O',[395;123;41],13,[395;123;41],13,0}}
Adder graph: {{'M',[1;4;8],1,[1;1;1],0,[0;2;3]},{'M',[64;1;1],1,[1;1;1],0,[6;0;0]},{'A',[-62;7;17],2,[1;4;8],1,1,[-64;-1;1],1,0},{'M',[1;1;4],1,[1;1;1],0,[0;0;2]},{'M',[1;8;8],1,[1;1;1],0,[0;3;3]},{'A',[5;-31;-28],2,[1;1;4],1,0,[1;-8;-8],1,2},{'M',[5;-31;-56],3,[5;-31;-28],2,[0;0;1]},{'M',[-62;64;1],3,[1;1;1],0,[NaN;6;0],[-62;7;17],2,[0;NaN;NaN]},{'A',[67;-95;-57],4,[5;-31;-56],3,0,[62;-64;-1],3,0},{'M',[160;-95;-57],5,[5;-31;-28],2,[5;NaN;NaN],[67;-95;-57],4,[NaN;0;0]},{'M',[-62;7;4],3,[1;1;1],0,[NaN;NaN;2],[-62;7;17],2,[0;0;NaN]},{'A',[-88;-123;-41],6,[160;-95;-57],5,0,[-62;-7;4],3,2},{'M',[-704;1;1],7,[1;1;1],0,[NaN;0;0],[-88;-123;-41],6,[3;NaN;NaN]},{'M',[1;4;-112],3,[1;1;1],0,[0;2;NaN],[5;-31;-28],2,[NaN;NaN;2]},{'A',[-708;17;449],8,[-704;1;1],7,0,[-1;4;112],3,2},{'M',[67;-31;-41],7,[5;-31;-28],2,[NaN;0;NaN],[67;-95;-57],4,[0;NaN;NaN],[-88;-123;-41],6,[NaN;NaN;0]},{'M',[80;7;17],3,[-62;7;17],2,[NaN;0;0],[5;-31;-28],2,[4;NaN;NaN]},{'A',[147;-38;-24],8,[67;-31;-41],7,0,[80;-7;17],3,0},{'M',[-248;7;-57],5,[-62;7;17],2,[2;0;NaN],[67;-95;-57],4,[NaN;NaN;0]},{'M',[5;-31;449],9,[5;-31;-28],2,[0;0;NaN],[-708;17;449],8,[NaN;NaN;0]},{'A',[-997;-3;-677],10,[-248;7;-57],5,2,[-5;-31;-449],9,0},{'M',[5;-152;-96],9,[5;-31;-28],2,[0;NaN;NaN],[147;-38;-24],8,[NaN;2;2]},{'M',[20;-3;-677],11,[5;-31;-28],2,[2;NaN;NaN],[-997;-3;-677],10,[NaN;0;0]},{'A',[-15;-155;-773],12,[5;-152;-96],9,0,[-20;-3;-677],11,0},{'M',[-124;-123;34],7,[-62;7;17],2,[1;NaN;1],[-88;-123;-41],6,[NaN;0;NaN]},{'M',[147;-496;-448],9,[5;-31;-28],2,[NaN;4;4],[147;-38;-24],8,[0;NaN;NaN]},{'A',[-395;-742;-380],10,[-124;-123;34],7,1,[-147;-496;-448],9,0},{'M',[512;17;512],9,[1;1;1],0,[9;NaN;9],[-708;17;449],8,[NaN;0;NaN]},{'M',[-708;-248;449],9,[5;-31;-28],2,[NaN;3;NaN],[-708;17;449],8,[0;NaN;0]},{'A',[-196;265;961],10,[512;17;512],9,0,[-708;248;449],9,0},{'M',[-30;-742;-773],13,[-15;-155;-773],12,[1;NaN;0],[-395;-742;-380],10,[NaN;0;NaN]},{'O',[30;742;773],13,[30;742;773],13,0},{'M',[147;265;961],11,[147;-38;-24],8,[0;NaN;NaN],[-196;265;961],10,[NaN;0;0]},{'O',[147;265;961],11,[147;265;961],11,0},{'M',[-997;-24;-768],11,[147;-38;-24],8,[NaN;NaN;5],[-997;-3;-677],10,[0;3;NaN]},{'O',[997;24;768],11,[997;24;768],11,0},{'M',[-708;-152;-677],11,[-708;17;449],8,[0;NaN;NaN],[147;-38;-24],8,[NaN;2;NaN],[-997;-3;-677],10,[NaN;NaN;0]},{'O',[708;152;677],11,[708;152;677],11,0},{'M',[-395;-123;-41],11,[-88;-123;-41],6,[NaN;0;0],[-395;-742;-380],10,[0;NaN;NaN]},{'O',[395;123;41],11,[395;123;41],11,0}}
Adder graph: {{'M',[16;1;1],1,[1;1;1],0,[4;0;0]},{'M',[1;128;4],1,[1;1;1],0,[0;7;2]},{'A',[15;129;-3],2,[16;1;1],1,0,[-1;128;-4],1,0},{'M',[2;8;1],1,[1;1;1],0,[1;3;0]},{'M',[16;129;-192],3,[1;1;1],0,[4;NaN;NaN],[15;129;-3],2,[NaN;0;6]},{'A',[-62;524;769],4,[2;8;1],1,0,[-16;129;192],3,2},{'M',[1024;524;769],5,[1;1;1],0,[10;NaN;NaN],[-62;524;769],4,[NaN;0;0]},{'M',[30;64;1],3,[1;1;1],0,[NaN;6;0],[15;129;-3],2,[1;NaN;NaN]},{'A',[1144;268;773],6,[1024;524;769],5,0,[30;-64;1],3,2},{'M',[2;1;2],1,[1;1;1],0,[1;0;1]},{'A',[5;3;5],2,[2;1;2],1,1,[1;1;1],0,0},{'M',[-62;32;32],5,[1;1;1],0,[NaN;5;5],[-62;524;769],4,[0;NaN;NaN]},{'M',[5;536;1280],7,[1144;268;773],6,[NaN;1;NaN],[5;3;5],2,[0;NaN;8]},{'A',[-997;-24;-768],8,[-62;32;32],5,4,[-5;-536;-1280],7,0},{'M',[1144;129;773],7,[15;129;-3],2,[NaN;0;NaN],[1144;268;773],6,[0;NaN;0]},{'M',[-997;-24;-96],9,[15;129;-3],2,[NaN;NaN;5],[-997;-24;-768],8,[0;0;NaN]},{'A',[147;153;677],10,[1144;129;773],7,0,[-997;24;-96],9,0},{'M',[147;-192;-6144],11,[-997;-24;-768],8,[NaN;3;3],[147;153;677],10,[0;NaN;NaN]},{'M',[-248;268;773],7,[-62;524;769],4,[2;NaN;NaN],[1144;268;773],6,[NaN;0;0]},{'A',[395;76;-5371],12,[147;-192;-6144],11,0,[248;268;773],7,0},{'M',[-1994;524;769],9,[-62;524;769],4,[NaN;0;0],[-997;-24;-768],8,[1;NaN;NaN]},{'M',[60;153;-768],11,[15;129;-3],2,[2;NaN;NaN],[-997;-24;-768],8,[NaN;NaN;0],[147;153;677],10,[NaN;0;NaN]},{'A',[-1934;371;1],12,[-1994;524;769],9,0,[60;-153;-768],11,0},{'M',[-62;268;769],7,[-62;524;769],4,[0;NaN;0],[1144;268;773],6,[NaN;0;NaN]},{'M',[5;3;-192],3,[15;129;-3],2,[NaN;NaN;6],[5;3;5],2,[0;0;NaN]},{'A',[-57;265;961],8,[-62;268;769],7,0,[5;-3;192],3,0},{'M',[-1934;129;1],13,[15;129;-3],2,[NaN;0;NaN],[-1934;371;1],12,[0;NaN;0]},{'M',[1144;3;20],7,[1144;268;773],6,[0;NaN;NaN],[5;3;5],2,[NaN;0;2]},{'A',[354;123;41],14,[-1934;129;1],13,0,[1144;-3;20],7,1},{'M',[30;742;773],13,[15;129;-3],2,[1;NaN;NaN],[1144;268;773],6,[NaN;NaN;0],[-1934;371;1],12,[NaN;1;NaN]},{'O',[30;742;773],13,[30;742;773],13,0},{'M',[147;265;961],11,[147;153;677],10,[0;NaN;NaN],[-57;265;961],8,[NaN;0;0]},{'O',[147;265;961],11,[147;265;961],11,0},{'O',[997;24;768],8,[997;24;768],8,0},{'M',[708;152;677],15,[147;153;677],10,[NaN;NaN;0],[395;76;-5371],12,[NaN;1;NaN],[354;123;41],14,[1;NaN;NaN]},{'O',[708;152;677],15,[708;152;677],15,0},{'M',[395;123;41],15,[395;76;-5371],12,[0;NaN;NaN],[354;123;41],14,[NaN;0;0]},{'O',[395;123;41],15,[395;123;41],15,0}}
Adder graph: {{'M',[1;16;64],1,[1;1;1],0,[0;4;6]},{'A',[3;33;129],2,[1;16;64],1,1,[1;1;1],0,0},{'M',[1;256;32],1,[1;1;1],0,[0;8;5]},{'M',[16;1;16],1,[1;1;1],0,[4;0;4]},{'A',[-127;264;-96],2,[1;256;32],1,0,[-16;1;-16],1,3},{'M',[6;66;129],3,[3;33;129],2,[1;1;0]},{'M',[1;1;129],3,[1;1;1],0,[0;0;NaN],[3;33;129],2,[NaN;NaN;0]},{'A',[10;62;645],4,[6;66;129],3,0,[1;-1;129],3,2},{'M',[10;128;4],5,[1;1;1],0,[NaN;7;2],[10;62;645],4,[0;NaN;NaN]},{'M',[-127;264;2],3,[1;1;1],0,[NaN;NaN;1],[-127;264;-96],2,[0;0;NaN]},{'A',[-174;496;36],6,[10;128;4],5,3,[-127;-264;2],3,1},{'M',[12;264;645],5,[3;33;129],2,[2;3;NaN],[10;62;645],4,[NaN;NaN;0]},{'M',[-696;1;32],7,[1;1;1],0,[NaN;0;5],[-174;496;36],6,[2;NaN;NaN]},{'A',[708;265;677],8,[12;264;645],5,0,[696;1;32],7,0},{'M',[8;1;-96],3,[1;1;1],0,[3;0;NaN],[-127;264;-96],2,[NaN;NaN;0]},{'M',[-254;62;2],5,[1;1;1],0,[NaN;NaN;1],[-127;264;-96],2,[1;NaN;NaN],[10;62;645],4,[NaN;0;NaN]},{'A',[-500;-123;-100],6,[8;1;-96],3,0,[-254;-62;-2],5,1},{'M',[10;32;32],5,[1;1;1],0,[NaN;5;5],[10;62;645],4,[0;NaN;NaN]},{'M',[10;2;645],5,[1;1;1],0,[NaN;1;NaN],[10;62;645],4,[0;NaN;0]},{'A',[30;126;773],6,[10;32;32],5,2,[-10;-2;645],5,0},{'M',[3;496;129],7,[3;33;129],2,[0;NaN;0],[-174;496;36],6,[NaN;0;NaN]},{'A',[-997;742;329],8,[3;496;129],7,0,[-500;123;100],6,1},{'M',[10;126;645],7,[10;62;645],4,[0;NaN;0],[30;126;773],6,[NaN;0;NaN]},{'M',[-127;264;329],9,[-127;264;-96],2,[0;0;NaN],[-997;742;329],8,[NaN;NaN;0]},{'A',[147;-12;961],10,[10;126;645],7,1,[127;-264;-329],9,0},{'M',[-348;62;72],7,[10;62;645],4,[NaN;0;NaN],[-174;496;36],6,[1;NaN;1]},{'M',[-997;-96;329],11,[-997;742;329],8,[0;NaN;0],[147;-12;961],10,[NaN;3;NaN]},{'A',[-395;152;-41],12,[-348;62;72],7,2,[997;-96;-329],11,0},{'M',[30;742;773],9,[30;126;773],6,[0;NaN;0],[-997;742;329],8,[NaN;0;NaN]},{'O',[30;742;773],9,[30;742;773],9,0},{'M',[147;265;961],11,[708;265;677],8,[NaN;0;NaN],[147;-12;961],10,[0;NaN;0]},{'O',[147;265;961],11,[147;265;961],11,0},{'M',[-997;-24;-768],11,[-127;264;-96],2,[NaN;NaN;3],[-997;742;329],8,[0;NaN;NaN],[147;-12;961],10,[NaN;1;NaN]},{'O',[997;24;768],11,[997;24;768],11,0},{'M',[708;152;677],13,[708;265;677],8,[0;NaN;0],[-395;152;-41],12,[NaN;0;NaN]},{'O',[708;152;677],13,[708;152;677],13,0},{'M',[-395;-123;-41],13,[-500;-123;-100],6,[NaN;0;NaN],[-395;152;-41],12,[0;NaN;0]},{'O',[395;123;41],13,[395;123;41],13,0}}
Adder graph: {{'M',[1;2;4],1,[1;1;1],0,[0;1;2]},{'A',[5;9;17],2,[1;2;4],1,2,[1;1;1],0,0},{'M',[16;1;512],1,[1;1;1],0,[4;0;9]},{'M',[5;36;17],3,[5;9;17],2,[0;2;0]},{'A',[27;-34;1041],4,[16;1;512],1,1,[-5;-36;17],3,0},{'M',[5;4;16],3,[1;1;1],0,[NaN;2;4],[5;9;17],2,[0;NaN;NaN]},{'A',[39;31;127],4,[5;4;16],3,3,[-1;-1;-1],0,0},{'M',[5;2;2],3,[1;1;1],0,[NaN;1;1],[5;9;17],2,[0;NaN;NaN]},{'M',[40;72;17],3,[5;9;17],2,[3;3;0]},{'A',[50;76;-13],4,[5;2;2],3,1,[40;72;-17],3,0},{'M',[1728;9;4],5,[1;1;1],0,[NaN;NaN;2],[5;9;17],2,[NaN;0;NaN],[27;-34;1041],4,[6;NaN;NaN]},{'M',[27;256;-52],5,[1;1;1],0,[NaN;8;NaN],[27;-34;1041],4,[0;NaN;NaN],[50;76;-13],4,[NaN;NaN;2]},{'A',[1701;265;-48],6,[1728;9;4],5,0,[-27;256;-52],5,0},{'M',[10;31;34],5,[5;9;17],2,[1;NaN;1],[39;31;127],4,[NaN;0;NaN]},{'M',[10;256;1],3,[1;1;1],0,[NaN;8;0],[5;9;17],2,[1;NaN;NaN]},{'A',[30;-194;67],6,[10;31;34],5,1,[10;-256;-1],3,0},{'M',[200;62;-13],5,[39;31;127],4,[NaN;1;NaN],[50;76;-13],4,[2;NaN;0]},{'M',[5;1;67],7,[1;1;1],0,[NaN;0;NaN],[5;9;17],2,[0;NaN;NaN],[30;-194;67],6,[NaN;NaN;0]},{'A',[395;123;41],8,[200;62;-13],5,1,[-5;-1;67],7,0},{'A',[147;742;773],7,[27;-34;1041],4,0,[30;194;-67],6,2},{'M',[30;-194;-96],7,[1701;265;-48],6,[NaN;NaN;1],[30;-194;67],6,[0;0;NaN]},{'A',[177;548;677],8,[30;-194;-96],7,0,[147;742;773],7,0},{'M',[27;-34;1088],5,[5;9;17],2,[NaN;NaN;6],[27;-34;1041],4,[0;0;NaN]},{'M',[1024;31;127],5,[1;1;1],0,[10;NaN;NaN],[39;31;127],4,[NaN;0;0]},{'A',[-997;-3;961],6,[27;-34;1088],5,0,[-1024;31;-127],5,0},{'M',[30;742;773],8,[30;-194;67],6,[0;NaN;NaN],[147;742;773],7,[NaN;0;0]},{'O',[30;742;773],8,[30;742;773],8,0},{'M',[147;265;961],8,[1701;265;-48],6,[NaN;0;NaN],[147;742;773],7,[0;NaN;NaN],[-997;-3;961],6,[NaN;NaN;0]},{'O',[147;265;961],8,[147;265;961],8,0},{'M',[-997;-24;-768],7,[1701;265;-48],6,[NaN;NaN;4],[-997;-3;961],6,[0;3;NaN]},{'O',[997;24;768],7,[997;24;768],7,0},{'M',[708;152;677],9,[50;76;-13],4,[NaN;1;NaN],[177;548;677],8,[2;NaN;0]},{'O',[708;152;677],9,[708;152;677],9,0},{'O',[395;123;41],8,[395;123;41],8,0}}
Adder graph: {{'M',[1;32;32],1,[1;1;1],0,[0;5;5]},{'M',[1;1;8],1,[1;1;1],0,[0;0;3]},{'A',[9;24;96],2,[1;32;32],1,0,[1;-1;8],1,3},{'M',[4;1;1],1,[1;1;1],0,[2;0;0]},{'A',[4100;1020;1020],2,[4;1;1],1,10,[1;-1;-1],0,2},{'A',[112;640;1792],3,[1;1;1],0,8,[-9;24;96],2,4},{'A',[3;5;5],1,[1;1;1],0,2,[-1;1;1],0,0},{'M',[3;128;5],2,[1;1;1],0,[NaN;7;NaN],[3;5;5],1,[0;NaN;0]},{'M',[2;1;192],3,[1;1;1],0,[1;0;NaN],[9;24;96],2,[NaN;NaN;1]},{'A',[11;124;773],4,[3;128;5],2,0,[2;-1;192],3,2},{'M',[144;124;1],5,[1;1;1],0,[NaN;NaN;0],[9;24;96],2,[4;NaN;NaN],[11;124;773],4,[NaN;0;NaN]},{'M',[3;1;3072],3,[1;1;1],0,[NaN;0;NaN],[9;24;96],2,[NaN;NaN;5],[3;5;5],1,[0;NaN;NaN]},{'A',[147;123;-3071],6,[144;124;1],5,0,[3;-1;-3072],3,0},{'M',[11;24;96],5,[9;24;96],2,[NaN;0;0],[11;124;773],4,[0;NaN;NaN]},{'M',[384;16;-3071],7,[1;1;1],0,[NaN;4;NaN],[3;5;5],1,[7;NaN;NaN],[147;123;-3071],6,[NaN;NaN;0]},{'A',[395;40;3167],8,[11;24;96],5,0,[384;16;3071],7,0},{'M',[4100;1020;773],5,[4100;1020;1020],2,[0;0;NaN],[11;124;773],4,[NaN;NaN;0]},{'M',[112;40;-3071],9,[112;640;1792],3,[0;NaN;NaN],[147;123;-3071],6,[NaN;NaN;0],[395;40;3167],8,[NaN;0;NaN]},{'A',[997;265;961],10,[4100;1020;773],5,-2,[-112;40;3071],9,-2},{'M',[44;124;10],5,[3;5;5],1,[NaN;NaN;1],[11;124;773],4,[2;0;NaN]},{'M',[1;246;1],7,[1;1;1],0,[0;NaN;0],[147;123;-3071],6,[NaN;1;NaN]},{'A',[177;742;41],8,[44;124;10],5,2,[1;246;1],7,0},{'M',[24;128;773],5,[1;1;1],0,[NaN;7;NaN],[3;5;5],1,[3;NaN;NaN],[11;124;773],4,[NaN;NaN;0]},{'A',[15;152;677],6,[24;128;773],5,0,[-9;24;-96],2,0},{'M',[30;742;773],9,[11;124;773],4,[NaN;NaN;0],[177;742;41],8,[NaN;0;NaN],[15;152;677],6,[1;NaN;NaN]},{'O',[30;742;773],9,[30;742;773],9,0},{'M',[147;265;961],11,[147;123;-3071],6,[0;NaN;NaN],[997;265;961],10,[NaN;0;0]},{'O',[147;265;961],11,[147;265;961],11,0},{'M',[997;24;768],11,[9;24;96],2,[NaN;0;3],[997;265;961],10,[0;NaN;NaN]},{'O',[997;24;768],11,[997;24;768],11,0},{'M',[708;152;677],9,[177;742;41],8,[2;NaN;NaN],[15;152;677],6,[NaN;0;0]},{'O',[708;152;677],9,[708;152;677],9,0},{'M',[395;123;41],9,[147;123;-3071],6,[NaN;0;NaN],[395;40;3167],8,[0;NaN;NaN],[177;742;41],8,[NaN;NaN;0]},{'O',[395;123;41],9,[395;123;41],9,0}}
Adder graph: {{'M',[1;16;4],1,[1;1;1],0,[0;4;2]},{'A',[3;31;9],2,[1;16;4],1,1,[1;-1;1],0,0},{'M',[8;8;1],1,[1;1;1],0,[3;3;0]},{'A',[35;-1;5],3,[3;31;9],2,0,[8;-8;-1],1,2},{'M',[64;1;1],1,[1;1;1],0,[6;0;0]},{'A',[-1021;47;25],3,[3;31;9],2,0,[-64;1;1],1,4},{'M',[-1021;4;4],4,[1;1;1],0,[NaN;2;2],[-1021;47;25],3,[0;NaN;NaN]},{'M',[3;2;2],3,[1;1;1],0,[NaN;1;1],[3;31;9],2,[0;NaN;NaN]},{'A',[-997;-12;-12],5,[-1021;4;4],4,0,[3;-2;-2],3,3},{'M',[3;376;200],4,[3;31;9],2,[0;NaN;NaN],[-1021;47;25],3,[NaN;3;3]},{'M',[128;1;320],4,[1;1;1],0,[7;0;NaN],[35;-1;5],3,[NaN;NaN;6]},{'A',[-250;750;-240],5,[3;376;200],4,1,[-128;-1;-320],4,1},{'M',[6;62;9],3,[3;31;9],2,[1;1;0]},{'M',[1;-48;320],6,[1;1;1],0,[0;NaN;NaN],[35;-1;5],3,[NaN;NaN;6],[-997;-12;-12],5,[NaN;2;NaN]},{'A',[11;76;338],7,[6;62;9],3,1,[-1;-48;320],6,0},{'M',[88;-8;338],8,[35;-1;5],3,[NaN;3;NaN],[11;76;338],7,[3;NaN;0]},{'A',[177;-17;677],9,[88;-8;338],8,1,[1;-1;1],0,0},{'M',[-250;750;1],6,[1;1;1],0,[NaN;NaN;0],[-250;750;-240],5,[0;0;NaN]},{'A',[30;742;41],7,[35;-1;5],3,3,[-250;750;1],6,0},{'M',[-1021;47;5],4,[35;-1;5],3,[NaN;NaN;0],[-1021;47;25],3,[0;0;NaN]},{'M',[1416;76;-768],10,[-997;-12;-12],5,[NaN;NaN;6],[11;76;338],7,[NaN;0;NaN],[177;-17;677],9,[3;NaN;NaN]},{'A',[395;123;773],11,[-1021;47;5],4,0,[1416;76;768],10,0},{'M',[30;-17;-960],10,[-250;750;-240],5,[NaN;NaN;2],[177;-17;677],9,[NaN;0;NaN],[30;742;41],7,[0;NaN;NaN]},{'M',[177;248;1],10,[1;1;1],0,[NaN;NaN;0],[3;31;9],2,[NaN;3;NaN],[177;-17;677],9,[0;NaN;NaN]},{'A',[-147;-265;-961],11,[30;-17;-960],10,0,[-177;-248;-1],10,0},{'M',[30;742;773],12,[30;742;41],7,[0;0;NaN],[395;123;773],11,[NaN;NaN;0]},{'O',[30;742;773],12,[30;742;773],12,0},{'O',[147;265;961],11,[147;265;961],11,0},{'M',[-997;-24;-768],6,[-997;-12;-12],5,[0;1;6]},{'O',[997;24;768],6,[997;24;768],6,0},{'M',[708;152;677],10,[11;76;338],7,[NaN;1;NaN],[177;-17;677],9,[2;NaN;0]},{'O',[708;152;677],10,[708;152;677],10,0},{'M',[395;123;41],12,[30;742;41],7,[NaN;NaN;0],[395;123;773],11,[0;0;NaN]},{'O',[395;123;41],12,[395;123;41],12,0}}
Adder graph: {{'M',[1;16;16],1,[1;1;1],0,[0;4;4]},{'M',[64;1;1],1,[1;1;1],0,[6;0;0]},{'A',[1026;16;48],2,[1;16;16],1,1,[64;-1;1],1,4},{'M',[1;1;48],3,[1;1;1],0,[0;0;NaN],[1026;16;48],2,[NaN;NaN;0]},{'M',[128;16;48],3,[1;1;1],0,[7;NaN;NaN],[1026;16;48],2,[NaN;0;0]},{'A',[264;-24;480],4,[1;1;48],3,3,[128;-16;48],3,1},{'M',[1026;4;4],3,[1;1;1],0,[NaN;2;2],[1026;16;48],2,[0;NaN;NaN]},{'M',[1;256;3072],3,[1;1;1],0,[0;NaN;NaN],[1026;16;48],2,[NaN;4;6]},{'A',[2053;264;-3064],4,[1026;4;4],3,1,[1;256;-3072],3,0},{'M',[64;64;1],1,[1;1;1],0,[6;6;0]},{'M',[1;1;1536],3,[1;1;1],0,[0;0;NaN],[1026;16;48],2,[NaN;NaN;5]},{'A',[66;62;-3071],4,[64;64;1],1,0,[1;-1;-1536],3,1},{'M',[132;124;48],5,[1026;16;48],2,[NaN;NaN;0],[66;62;-3071],4,[1;1;NaN]},{'M',[1;1;-3064],5,[1;1;1],0,[0;0;NaN],[2053;264;-3064],4,[NaN;NaN;0]},{'A',[131;123;3112],6,[132;124;48],5,0,[-1;-1;3064],5,0},{'M',[1056;1;1],5,[1;1;1],0,[NaN;0;0],[264;-24;480],4,[2;NaN;NaN]},{'M',[2053;264;960],5,[264;-24;480],4,[NaN;NaN;1],[2053;264;-3064],4,[0;0;NaN]},{'A',[-997;265;961],6,[1056;1;1],5,0,[-2053;264;960],5,0},{'M',[131;123;-3071],7,[66;62;-3071],4,[NaN;NaN;0],[131;123;3112],6,[0;0;NaN]},{'M',[4;4;961],7,[1;1;1],0,[2;2;NaN],[-997;265;961],6,[NaN;NaN;0]},{'A',[147;107;773],8,[131;123;-3071],7,0,[4;-4;961],7,2},{'M',[1;1;64],1,[1;1;1],0,[0;0;6]},{'A',[15;17;-48],2,[1;1;1],0,4,[-1;1;-64],1,0},{'M',[30;264;-96],5,[2053;264;-3064],4,[NaN;0;NaN],[15;17;-48],2,[1;NaN;1]},{'A',[177;371;677],9,[30;264;-96],5,0,[147;107;773],8,0},{'M',[131;214;3112],9,[131;123;3112],6,[0;NaN;0],[147;107;773],8,[NaN;1;NaN]},{'M',[264;62;-3071],5,[66;62;-3071],4,[2;0;0]},{'A',[395;152;41],10,[131;214;3112],9,0,[264;-62;-3071],5,0},{'M',[30;742;773],10,[147;107;773],8,[NaN;NaN;0],[15;17;-48],2,[1;NaN;NaN],[177;371;677],9,[NaN;1;NaN]},{'O',[30;742;773],10,[30;742;773],10,0},{'M',[147;265;961],9,[-997;265;961],6,[NaN;0;0],[147;107;773],8,[0;NaN;NaN]},{'O',[147;265;961],9,[147;265;961],9,0},{'M',[-997;-24;-768],7,[264;-24;480],4,[NaN;0;NaN],[-997;265;961],6,[0;NaN;NaN],[15;17;-48],2,[NaN;NaN;4]},{'O',[997;24;768],7,[997;24;768],7,0},{'M',[708;152;677],11,[177;371;677],9,[2;NaN;0],[395;152;41],10,[NaN;0;NaN]},{'O',[708;152;677],11,[708;152;677],11,0},{'M',[395;123;41],11,[131;123;3112],6,[NaN;0;NaN],[395;152;41],10,[0;NaN;0]},{'O',[395;123;41],11,[395;123;41],11,0}}
Adder graph: {{'M',[8;8;1],1,[1;1;1],0,[3;3;0]},{'M',[128;8;1],1,[1;1;1],0,[7;3;0]},{'A',[-248;24;3],2,[8;8;1],1,0,[-128;8;1],1,1},{'M',[-248;4;3],3,[1;1;1],0,[NaN;2;NaN],[-248;24;3],2,[0;NaN;0]},{'M',[1;1;384],3,[1;1;1],0,[0;0;NaN],[-248;24;3],2,[NaN;NaN;7]},{'A',[-249;5;387],4,[-248;4;3],3,0,[-1;1;384],3,0},{'A',[997;-19;1549],5,[1;1;1],0,0,[249;-5;387],4,2},{'M',[1994;5;387],6,[-249;5;387],4,[NaN;0;0],[997;-19;1549],5,[1;NaN;NaN]},{'A',[-3987;-9;-773],7,[1;1;1],0,0,[-1994;-5;-387],6,1},{'M',[16;24;16],3,[1;1;1],0,[4;NaN;4],[-248;24;3],2,[NaN;0;NaN]},{'A',[505;389;643],5,[16;24;16],3,4,[249;5;387],4,0},{'M',[1;1;48],3,[1;1;1],0,[0;0;NaN],[-248;24;3],2,[NaN;NaN;4]},{'M',[16;96;1],3,[1;1;1],0,[4;NaN;0],[-248;24;3],2,[NaN;2;NaN]},{'A',[-30;-190;94],4,[1;1;48],3,1,[-16;-96;-1],3,1},{'M',[505;389;6],6,[-248;24;3],2,[NaN;NaN;1],[505;389;643],5,[0;0;NaN]},{'A',[-489;-373;22],7,[1;1;1],0,4,[-505;-389;6],6,0},{'M',[-120;4;3],5,[1;1;1],0,[NaN;2;NaN],[-248;24;3],2,[NaN;NaN;0],[-30;-190;94],4,[2;NaN;NaN]},{'M',[-3987;5;-773],8,[-249;5;387],4,[NaN;0;NaN],[-3987;-9;-773],7,[0;NaN;0]},{'A',[147;123;-677],9,[-120;4;3],5,5,[3987;-5;-773],8,0},{'M',[-30;128;94],5,[1;1;1],0,[NaN;7;NaN],[-30;-190;94],4,[0;NaN;0]},{'M',[294;-9;-773],10,[-3987;-9;-773],7,[NaN;0;0],[147;123;-677],9,[1;NaN;NaN]},{'A',[-354;265;961],11,[-30;128;94],5,1,[-294;9;773],10,0},{'M',[147;-746;44],10,[-489;-373;22],7,[NaN;1;1],[147;123;-677],9,[0;NaN;NaN]},{'A',[395;-742;41],11,[147;-746;44],10,0,[248;4;-3],3,0},{'M',[-30;-742;-773],12,[-3987;-9;-773],7,[NaN;NaN;0],[-30;-190;94],4,[0;NaN;NaN],[395;-742;41],11,[NaN;0;NaN]},{'O',[30;742;773],12,[30;742;773],12,0},{'M',[147;265;961],12,[147;123;-677],9,[0;NaN;NaN],[-354;265;961],11,[NaN;0;0]},{'O',[147;265;961],12,[147;265;961],12,0},{'M',[997;24;768],6,[-248;24;3],2,[NaN;0;8],[997;-19;1549],5,[0;NaN;NaN]},{'O',[997;24;768],6,[997;24;768],6,0},{'M',[-708;-152;-677],12,[997;-19;1549],5,[NaN;3;NaN],[147;123;-677],9,[NaN;NaN;0],[-354;265;961],11,[1;NaN;NaN]},{'O',[708;152;677],12,[708;152;677],12,0},{'M',[395;123;41],12,[147;123;-677],9,[NaN;0;NaN],[395;-742;41],11,[0;NaN;0]},{'O',[395;123;41],12,[395;123;41],12,0}}
Adder graph: {{'M',[2;1;2],1,[1;1;1],0,[1;0;1]},{'A',[6;5;6],2,[2;1;2],1,0,[1;1;1],0,2},{'M',[1;1;2],1,[1;1;1],0,[0;0;1]},{'M',[4;16;6],3,[1;1;1],0,[2;4;NaN],[6;5;6],2,[NaN;NaN;0]},{'A',[-14;-62;-20],4,[1;1;2],1,1,[-4;-16;-6],3,2},{'M',[-14;2;2],5,[1;1;1],0,[NaN;1;1],[-14;-62;-20],4,[0;NaN;NaN]},{'M',[1;1;-640],5,[1;1;1],0,[0;0;NaN],[-14;-62;-20],4,[NaN;NaN;5]},{'A',[-27;3;-636],6,[-14;2;2],5,1,[1;-1;-640],5,0},{'M',[64;1;1],1,[1;1;1],0,[6;0;0]},{'M',[-27;16;-1280],7,[1;1;1],0,[NaN;4;NaN],[-14;-62;-20],4,[NaN;NaN;6],[-27;3;-636],6,[0;NaN;NaN]},{'A',[91;17;1281],8,[64;1;1],1,0,[27;16;1280],7,0},{'M',[512;5;512],3,[1;1;1],0,[9;NaN;9],[6;5;6],2,[NaN;0;NaN]},{'M',[-27;48;256],7,[1;1;1],0,[NaN;NaN;8],[-27;3;-636],6,[0;4;NaN]},{'A',[997;-38;768],8,[512;5;512],3,1,[-27;-48;-256],7,0},{'A',[-92;-123;-41],5,[-14;-62;-20],4,1,[-64;1;-1],1,0},{'M',[-736;3;-636],7,[-27;3;-636],6,[NaN;0;0],[-92;-123;-41],5,[3;NaN;NaN]},{'M',[-28;384;-41],7,[-14;-62;-20],4,[1;NaN;NaN],[-27;3;-636],6,[NaN;7;NaN],[-92;-123;-41],5,[NaN;NaN;0]},{'A',[-708;-381;-677],8,[-736;3;-636],7,0,[28;-384;-41],7,0},{'M',[-54;-762;-677],9,[-27;3;-636],6,[1;NaN;NaN],[-708;-381;-677],8,[NaN;1;0]},{'M',[6;5;24],3,[6;5;6],2,[0;0;2]},{'A',[-30;-742;-773],10,[-54;-762;-677],9,0,[6;5;-24],3,2},{'M',[-14;-62;-80],5,[-14;-62;-20],4,[0;0;2]},{'A',[147;265;961],9,[91;17;1281],8,0,[14;62;-80],5,2},{'M',[-368;-492;-773],11,[-92;-123;-41],5,[2;2;NaN],[-30;-742;-773],10,[NaN;NaN;0]},{'M',[-27;80;96],7,[6;5;6],2,[NaN;4;4],[-27;3;-636],6,[0;NaN;NaN]},{'A',[-395;-412;-677],12,[-368;-492;-773],11,0,[-27;80;96],7,0},{'O',[30;742;773],10,[30;742;773],10,0},{'O',[147;265;961],9,[147;265;961],9,0},{'M',[997;24;768],9,[-27;3;-636],6,[NaN;3;NaN],[997;-38;768],8,[0;NaN;0]},{'O',[997;24;768],9,[997;24;768],9,0},{'M',[-708;-152;-677],9,[997;-38;768],8,[NaN;2;NaN],[-708;-381;-677],8,[0;NaN;0]},{'O',[708;152;677],9,[708;152;677],9,0},{'M',[-395;-123;-41],13,[-92;-123;-41],5,[NaN;0;0],[-395;-412;-677],12,[0;NaN;NaN]},{'O',[395;123;41],13,[395;123;41],13,0}}
Adder graph: {{'A',[5;5;-3],1,[1;1;1],0,0,[1;1;-1],0,2},{'M',[20;5;-12],2,[5;5;-3],1,[2;0;2]},{'A',[42;12;-22],3,[1;1;1],0,1,[20;5;-12],2,1},{'M',[5;5;-48],2,[5;5;-3],1,[0;0;4]},{'A',[88;128;680],4,[42;12;-22],3,2,[-5;5;48],2,4},{'M',[20;128;680],5,[5;5;-3],1,[2;NaN;NaN],[88;128;680],4,[NaN;0;0]},{'M',[5;24;-3],4,[5;5;-3],1,[0;NaN;0],[42;12;-22],3,[NaN;1;NaN]},{'A',[15;152;677],6,[20;128;680],5,0,[-5;24;-3],4,0},{'M',[4;5;-3],2,[1;1;1],0,[2;NaN;NaN],[5;5;-3],1,[NaN;0;0]},{'M',[256;5;-3],2,[1;1;1],0,[8;NaN;NaN],[5;5;-3],1,[NaN;0;0]},{'A',[-248;5;-3],3,[4;5;-3],2,1,[-256;-5;3],2,0},{'M',[15;1;1],7,[1;1;1],0,[NaN;0;0],[15;152;677],6,[0;NaN;NaN]},{'M',[1;1;-12],4,[1;1;1],0,[0;0;NaN],[-248;5;-3],3,[NaN;NaN;2]},{'A',[-49;65;769],8,[15;1;1],7,0,[-1;1;12],4,6},{'M',[2;152;2],7,[1;1;1],0,[1;NaN;1],[15;152;677],6,[NaN;0;NaN]},{'M',[352;1;1],5,[1;1;1],0,[NaN;0;0],[88;128;680],4,[2;NaN;NaN]},{'A',[708;306;6],8,[2;152;2],7,1,[352;1;1],5,1},{'M',[-49;5;192],9,[-248;5;-3],3,[NaN;0;NaN],[-49;65;769],8,[0;NaN;NaN],[708;306;6],8,[NaN;NaN;5]},{'M',[-196;260;769],9,[-49;65;769],8,[2;2;0]},{'A',[147;265;961],10,[-49;5;192],9,0,[196;260;769],9,0},{'M',[5;306;4],9,[1;1;1],0,[NaN;NaN;2],[5;5;-3],1,[0;NaN;NaN],[708;306;6],8,[NaN;0;NaN]},{'M',[-992;65;769],9,[-248;5;-3],3,[2;NaN;NaN],[-49;65;769],8,[NaN;0;0]},{'A',[997;371;773],10,[5;306;4],9,0,[992;65;769],9,0},{'M',[147;128;-3],11,[1;1;1],0,[NaN;7;NaN],[5;5;-3],1,[NaN;NaN;0],[147;265;961],10,[0;NaN;NaN]},{'M',[-248;5;-44],4,[42;12;-22],3,[NaN;NaN;1],[-248;5;-3],3,[0;0;NaN]},{'A',[395;123;41],12,[147;128;-3],11,0,[248;-5;44],4,0},{'M',[30;742;773],11,[15;152;677],6,[1;NaN;NaN],[997;371;773],10,[NaN;1;0]},{'O',[30;742;773],11,[30;742;773],11,0},{'O',[147;265;961],10,[147;265;961],10,0},{'M',[997;24;768],11,[42;12;-22],3,[NaN;1;NaN],[708;306;6],8,[NaN;NaN;7],[997;371;773],10,[0;NaN;NaN]},{'O',[997;24;768],11,[997;24;768],11,0},{'M',[708;152;677],9,[15;152;677],6,[NaN;0;0],[708;306;6],8,[0;NaN;NaN]},{'O',[708;152;677],9,[708;152;677],9,0},{'O',[395;123;41],12,[395;123;41],12,0}}
Adder graph: {{'M',[2;1;2],1,[1;1;1],0,[1;0;1]},{'A',[257;129;-255],2,[1;1;1],0,0,[2;1;-2],1,7},{'M',[1;1;16],1,[1;1;1],0,[0;0;4]},{'M',[257;129;2],3,[1;1;1],0,[NaN;NaN;1],[257;129;-255],2,[0;0;NaN]},{'A',[-241;145;258],4,[1;1;16],1,4,[-257;129;2],3,0},{'M',[1;1;8],1,[1;1;1],0,[0;0;3]},{'A',[62;66;48],2,[1;1;1],0,6,[-1;1;-8],1,1},{'M',[257;129;258],5,[257;129;-255],2,[0;0;NaN],[-241;145;258],4,[NaN;NaN;0]},{'M',[1;8;1],1,[1;1;1],0,[0;3;0]},{'A',[515;250;515],6,[257;129;258],5,1,[1;-8;-1],1,0},{'A',[3;3;33],2,[1;1;1],0,0,[1;1;16],1,1},{'M',[3;3;96],3,[62;66;48],2,[NaN;NaN;1],[3;3;33],2,[0;0;NaN]},{'A',[15;15;-351],4,[3;3;33],2,0,[3;3;-96],3,2},{'M',[515;1000;515],7,[515;250;515],6,[0;2;0]},{'M',[-482;258;258],5,[257;129;-255],2,[NaN;1;NaN],[-241;145;258],4,[1;NaN;0]},{'A',[997;742;773],8,[515;1000;515],7,0,[482;-258;258],5,0},{'M',[515;3;33],7,[515;250;515],6,[0;NaN;NaN],[3;3;33],2,[NaN;0;0]},{'M',[15;15;1],5,[1;1;1],0,[NaN;NaN;0],[15;15;-351],4,[0;0;NaN]},{'A',[395;123;41],8,[515;3;33],7,0,[-15;15;1],5,3},{'M',[768;24;773],9,[3;3;33],2,[8;3;NaN],[997;742;773],8,[NaN;NaN;0]},{'M',[30;64;48],5,[1;1;1],0,[NaN;6;NaN],[62;66;48],2,[NaN;NaN;0],[15;15;-351],4,[1;NaN;NaN]},{'A',[708;152;677],10,[768;24;773],9,0,[-30;64;-48],5,1},{'M',[395;250;1312],9,[515;250;515],6,[NaN;0;NaN],[395;123;41],8,[0;NaN;5]},{'M',[248;15;-351],5,[62;66;48],2,[2;NaN;NaN],[15;15;-351],4,[NaN;0;0]},{'A',[147;265;961],10,[395;250;1312],9,0,[-248;15;-351],5,0},{'M',[30;742;773],9,[15;15;-351],4,[1;NaN;NaN],[997;742;773],8,[NaN;0;0]},{'O',[30;742;773],9,[30;742;773],9,0},{'O',[147;265;961],10,[147;265;961],10,0},{'M',[997;24;768],9,[62;66;48],2,[NaN;NaN;4],[3;3;33],2,[NaN;3;NaN],[997;742;773],8,[0;NaN;NaN]},{'O',[997;24;768],9,[997;24;768],9,0},{'O',[708;152;677],10,[708;152;677],10,0},{'O',[395;123;41],8,[395;123;41],8,0}}
Adder graph: {{'M',[32;1;32],1,[1;1;1],0,[5;0;5]},{'M',[1;1;8],1,[1;1;1],0,[0;0;3]},{'A',[30;3;48],2,[32;1;32],1,0,[-1;1;8],1,1},{'M',[1;96;1],3,[1;1;1],0,[0;NaN;0],[30;3;48],2,[NaN;5;NaN]},{'A',[5;383;3],4,[1;96;1],3,2,[1;-1;-1],0,0},{'M',[1;32;1],1,[1;1;1],0,[0;5;0]},{'M',[5;3;3],5,[30;3;48],2,[NaN;0;NaN],[5;383;3],4,[0;NaN;0]},{'A',[26;506;22],6,[1;32;1],1,4,[5;-3;3],5,1},{'M',[5;383;2],5,[1;1;1],0,[NaN;NaN;1],[5;383;3],4,[0;0;NaN]},{'M',[5;6;192],5,[30;3;48],2,[NaN;1;NaN],[5;383;3],4,[0;NaN;6]},{'A',[25;359;770],6,[5;383;2],5,0,[5;-6;192],5,2},{'M',[2;359;1],7,[1;1;1],0,[1;NaN;0],[25;359;770],6,[NaN;0;NaN]},{'M',[1;1;48],5,[1;1;1],0,[0;0;NaN],[5;383;3],4,[NaN;NaN;4]},{'A',[-62;295;-3071],8,[2;359;1],7,0,[-1;-1;-48],5,6},{'M',[5;359;770],7,[5;383;3],4,[0;NaN;NaN],[25;359;770],6,[NaN;0;0]},{'M',[-992;383;3],9,[5;383;3],4,[NaN;0;0],[-62;295;-3071],8,[4;NaN;NaN]},{'A',[997;742;773],10,[5;359;770],7,0,[992;383;3],9,0},{'M',[640;1;1],5,[1;1;1],0,[NaN;0;0],[5;383;3],4,[7;NaN;NaN]},{'A',[650;765;5],6,[5;383;3],4,1,[640;-1;-1],5,0},{'M',[400;506;44],7,[26;506;22],6,[NaN;0;1],[25;359;770],6,[4;NaN;NaN]},{'A',[395;123;41],8,[400;506;44],7,0,[-5;-383;-3],4,0},{'M',[832;742;773],11,[26;506;22],6,[5;NaN;NaN],[997;742;773],10,[NaN;0;0]},{'M',[-62;295;48],9,[30;3;48],2,[NaN;NaN;0],[-62;295;-3071],8,[0;0;NaN]},{'A',[708;152;677],12,[832;742;773],11,0,[-62;-295;-48],9,1},{'M',[650;765;773],11,[997;742;773],10,[NaN;NaN;0],[650;765;5],6,[0;0;NaN]},{'A',[147;265;961],12,[650;765;773],11,-2,[-62;295;3071],8,-2},{'M',[30;742;773],11,[30;3;48],2,[0;NaN;NaN],[997;742;773],10,[NaN;0;0]},{'O',[30;742;773],11,[30;742;773],11,0},{'O',[147;265;961],12,[147;265;961],12,0},{'M',[997;24;768],11,[30;3;48],2,[NaN;3;NaN],[5;383;3],4,[NaN;NaN;8],[997;742;773],10,[0;NaN;NaN]},{'O',[997;24;768],11,[997;24;768],11,0},{'O',[708;152;677],12,[708;152;677],12,0},{'O',[395;123;41],8,[395;123;41],8,0}}
Adder graph: {{'M',[1;1;8],1,[1;1;1],0,[0;0;3]},{'A',[66;66;-48],2,[1;1;8],1,1,[1;1;-1],0,6},{'M',[1;4;1],1,[1;1;1],0,[0;2;0]},{'A',[5;8;5],2,[1;1;1],0,2,[1;4;1],1,0},{'M',[1;8;1],1,[1;1;1],0,[0;3;0]},{'M',[1;1;5],3,[1;1;1],0,[0;0;NaN],[5;8;5],2,[NaN;NaN;0]},{'A',[-31;-24;-159],4,[1;8;1],1,0,[-1;-1;-5],3,5},{'M',[5;1;5],3,[1;1;1],0,[NaN;0;NaN],[5;8;5],2,[0;NaN;0]},{'A',[13;9;3],4,[1;1;1],0,3,[5;1;-5],3,0},{'M',[8;9;3],5,[1;1;1],0,[3;NaN;NaN],[13;9;3],4,[NaN;0;0]},{'A',[-15;19;7],6,[1;1;1],0,0,[-8;9;3],5,1},{'A',[223;125;41],7,[13;9;3],4,4,[15;-19;-7],6,0},{'M',[-31;-24;2],5,[1;1;1],0,[NaN;NaN;1],[-31;-24;-159],4,[0;0;NaN]},{'M',[5;18;6],5,[5;8;5],2,[0;NaN;NaN],[13;9;3],4,[NaN;1;1]},{'A',[-997;-750;70],6,[-31;-24;2],5,5,[-5;18;6],5,0},{'M',[10;16;70],7,[5;8;5],2,[1;1;NaN],[-997;-750;70],6,[NaN;NaN;0]},{'M',[13;9;-159],5,[-31;-24;-159],4,[NaN;NaN;0],[13;9;3],4,[0;0;NaN]},{'A',[147;265;961],8,[10;16;70],7,4,[-13;9;-159],5,0},{'M',[147;-750;-768],9,[66;66;-48],2,[NaN;NaN;4],[-997;-750;70],6,[NaN;0;NaN],[147;265;961],8,[0;NaN;NaN]},{'M',[-248;8;5],5,[5;8;5],2,[NaN;0;0],[-31;-24;-159],4,[3;NaN;NaN]},{'A',[395;-742;-773],10,[147;-750;-768],9,0,[248;8;-5],5,0},{'M',[832;125;41],8,[13;9;3],4,[6;NaN;NaN],[223;125;41],7,[NaN;0;0]},{'M',[-62;1;-318],5,[1;1;1],0,[NaN;0;NaN],[-31;-24;-159],4,[1;NaN;1]},{'A',[708;123;677],9,[832;125;41],8,0,[-62;-1;318],5,1},{'M',[-30;-742;-773],11,[-15;19;7],6,[1;NaN;NaN],[395;-742;-773],10,[NaN;0;0]},{'O',[30;742;773],11,[30;742;773],11,0},{'O',[147;265;961],8,[147;265;961],8,0},{'M',[-997;-24;-768],7,[66;66;-48],2,[NaN;NaN;4],[-31;-24;-159],4,[NaN;0;NaN],[-997;-750;70],6,[0;NaN;NaN]},{'O',[997;24;768],7,[997;24;768],7,0},{'M',[708;152;677],10,[-15;19;7],6,[NaN;3;NaN],[708;123;677],9,[0;NaN;0]},{'O',[708;152;677],10,[708;152;677],10,0},{'M',[395;123;41],11,[223;125;41],7,[NaN;NaN;0],[395;-742;-773],10,[0;NaN;NaN],[708;123;677],9,[NaN;0;NaN]},{'O',[395;123;41],11,[395;123;41],11,0}}
Adder graph: {{'M',[128;128;1],1,[1;1;1],0,[7;7;0]},{'A',[132;124;5],2,[128;128;1],1,0,[1;-1;1],0,2},{'M',[132;2;2],3,[1;1;1],0,[NaN;1;1],[132;124;5],2,[0;NaN;NaN]},{'A',[1057;17;15],4,[132;2;2],3,3,[1;1;-1],0,0},{'M',[132;124;32],3,[1;1;1],0,[NaN;NaN;5],[132;124;5],2,[0;0;NaN]},{'A',[131;123;31],4,[132;124;32],3,0,[-1;-1;-1],0,0},{'M',[33536;124;64],5,[1;1;1],0,[NaN;NaN;6],[132;124;5],2,[NaN;0;NaN],[131;123;31],4,[8;NaN;NaN]},{'M',[67648;17;320],5,[132;124;5],2,[NaN;NaN;6],[1057;17;15],4,[6;0;NaN]},{'A',[-576;265;-192],6,[33536;124;64],5,1,[-67648;17;-320],5,0},{'M',[1;1;8],1,[1;1;1],0,[0;0;3]},{'M',[1;1;20],3,[1;1;1],0,[0;0;NaN],[132;124;5],2,[NaN;NaN;2]},{'A',[-7;-7;168],4,[1;1;8],1,0,[-1;-1;20],3,3},{'M',[2;2;5],3,[1;1;1],0,[1;1;NaN],[132;124;5],2,[NaN;NaN;0]},{'M',[-14;17;-384],7,[1057;17;15],4,[NaN;0;NaN],[-576;265;-192],6,[NaN;NaN;1],[-7;-7;168],4,[1;NaN;NaN]},{'A',[30;-32;773],8,[2;2;5],3,0,[14;-17;384],7,1},{'M',[60;-7;168],9,[-7;-7;168],4,[NaN;0;0],[30;-32;773],8,[1;NaN;NaN]},{'A',[-997;-24;153],10,[60;-7;168],9,0,[-1057;-17;-15],4,0},{'M',[131;1088;960],5,[1057;17;15],4,[NaN;6;6],[131;123;31],4,[0;NaN;NaN]},{'M',[16;1;1],1,[1;1;1],0,[4;0;0]},{'A',[147;1089;961],6,[131;1088;960],5,0,[16;1;1],1,0},{'A',[395;371;41],5,[132;124;5],2,1,[131;123;31],4,0},{'M',[-576;-28;672],7,[-576;265;-192],6,[0;NaN;NaN],[-7;-7;168],4,[NaN;2;2]},{'A',[708;152;677],8,[132;124;5],2,0,[576;28;672],7,0},{'M',[30;742;773],9,[30;-32;773],8,[0;NaN;0],[395;371;41],5,[NaN;1;NaN]},{'O',[30;742;773],9,[30;742;773],9,0},{'M',[147;265;961],7,[-576;265;-192],6,[NaN;0;NaN],[147;1089;961],6,[0;NaN;0]},{'O',[147;265;961],7,[147;265;961],7,0},{'M',[-997;-24;-768],11,[-576;265;-192],6,[NaN;NaN;2],[-997;-24;153],10,[0;0;NaN]},{'O',[997;24;768],11,[997;24;768],11,0},{'O',[708;152;677],8,[708;152;677],8,0},{'M',[395;123;41],6,[131;123;31],4,[NaN;0;NaN],[395;371;41],5,[0;NaN;0]},{'O',[395;123;41],6,[395;123;41],6,0}}
Adder graph: {{'A',[3;3;5],1,[1;1;1],0,2,[-1;-1;1],0,0},{'M',[8;1;8],1,[1;1;1],0,[3;0;3]},{'M',[1;1;80],2,[1;1;1],0,[0;0;NaN],[3;3;5],1,[NaN;NaN;4]},{'A',[15;3;96],3,[8;1;8],1,1,[-1;1;80],2,0},{'M',[3;3;2],2,[1;1;1],0,[NaN;NaN;1],[3;3;5],1,[0;0;NaN]},{'A',[27;27;42],3,[3;3;2],2,0,[3;3;5],1,3},{'M',[16;1;1],1,[1;1;1],0,[4;0;0]},{'A',[272;257;-255],2,[16;1;1],1,0,[1;1;-1],0,8},{'M',[16;1;512],1,[1;1;1],0,[4;0;9]},{'A',[304;259;769],3,[272;257;-255],2,0,[16;1;512],1,1},{'M',[27;6;192],4,[15;3;96],3,[NaN;1;1],[27;27;42],3,[0;NaN;NaN]},{'M',[120;259;769],4,[15;3;96],3,[3;NaN;NaN],[304;259;769],3,[NaN;0;0]},{'A',[147;265;961],5,[27;6;192],4,0,[120;259;769],4,0},{'M',[256;257;256],3,[1;1;1],0,[8;NaN;8],[272;257;-255],2,[NaN;0;NaN]},{'A',[997;1001;982],4,[256;257;256],3,2,[-27;-27;-42],3,0},{'M',[997;1001;4],5,[1;1;1],0,[NaN;NaN;2],[997;1001;982],4,[0;0;NaN]},{'A',[693;742;773],6,[997;1001;4],5,0,[-304;-259;769],3,0},{'M',[1088;27;42],4,[27;27;42],3,[NaN;0;0],[272;257;-255],2,[2;NaN;NaN]},{'M',[693;96;1],7,[1;1;1],0,[NaN;NaN;0],[3;3;5],1,[NaN;5;NaN],[693;742;773],6,[0;NaN;NaN]},{'A',[395;123;41],8,[1088;27;42],4,0,[-693;96;-1],7,0},{'M',[693;128;773],7,[1;1;1],0,[NaN;7;NaN],[693;742;773],6,[0;NaN;0]},{'M',[15;24;96],4,[3;3;5],1,[NaN;3;NaN],[15;3;96],3,[0;NaN;0]},{'A',[708;152;677],8,[693;128;773],7,0,[15;24;-96],4,0},{'M',[30;742;773],7,[15;3;96],3,[1;NaN;NaN],[693;742;773],6,[NaN;0;0]},{'O',[30;742;773],7,[30;742;773],7,0},{'O',[147;265;961],5,[147;265;961],5,0},{'M',[997;24;768],5,[15;3;96],3,[NaN;3;3],[997;1001;982],4,[0;NaN;NaN]},{'O',[997;24;768],5,[997;24;768],5,0},{'O',[708;152;677],8,[708;152;677],8,0},{'O',[395;123;41],8,[395;123;41],8,0}}
Adder graph: {{'M',[1;1;2],1,[1;1;1],0,[0;0;1]},{'A',[5;3;9],2,[1;1;2],1,2,[1;-1;1],0,0},{'M',[1;1;4],1,[1;1;1],0,[0;0;2]},{'M',[5;6;18],3,[5;3;9],2,[0;1;1]},{'A',[69;70;238],4,[1;1;4],1,6,[5;6;-18],3,0},{'M',[8;1;8],1,[1;1;1],0,[3;0;3]},{'A',[129;15;127],2,[8;1;8],1,4,[1;-1;-1],0,0},{'M',[69;70;16],5,[1;1;1],0,[NaN;NaN;4],[69;70;238],4,[0;0;NaN]},{'M',[640;384;9],3,[5;3;9],2,[7;7;0]},{'A',[464;736;265],6,[69;70;16],5,4,[-640;-384;9],3,0},{'A',[997;1542;768],7,[69;70;238],4,0,[464;736;265],6,1},{'M',[5;3;254],3,[5;3;9],2,[0;0;NaN],[129;15;127],2,[NaN;NaN;1]},{'M',[20;736;265],7,[5;3;9],2,[2;NaN;NaN],[464;736;265],6,[NaN;0;0]},{'A',[30;742;773],8,[5;3;254],3,1,[20;736;265],7,0},{'M',[10;6;9],3,[5;3;9],2,[1;1;0]},{'A',[709;454;-338],5,[69;70;238],4,0,[10;6;-9],3,6},{'M',[129;15;9],3,[5;3;9],2,[NaN;NaN;0],[129;15;127],2,[0;0;NaN]},{'A',[147;265;961],5,[69;70;238],4,2,[-129;-15;9],3,0},{'M',[588;1060;1],6,[1;1;1],0,[NaN;NaN;0],[147;265;961],5,[2;2;NaN]},{'M',[60;454;-338],9,[30;742;773],8,[1;NaN;NaN],[709;454;-338],5,[NaN;0;0]},{'A',[708;152;677],10,[588;1060;1],6,0,[60;-454;338],9,1},{'M',[1104;3;9],5,[5;3;9],2,[NaN;0;0],[69;70;238],4,[4;NaN;NaN]},{'M',[709;120;32],6,[1;1;1],0,[NaN;NaN;5],[129;15;127],2,[NaN;3;NaN],[709;454;-338],5,[0;NaN;NaN]},{'A',[395;123;41],7,[1104;3;9],5,0,[-709;120;32],6,0},{'O',[30;742;773],8,[30;742;773],8,0},{'O',[147;265;961],5,[147;265;961],5,0},{'M',[997;24;768],8,[5;3;9],2,[NaN;3;NaN],[997;1542;768],7,[0;NaN;0]},{'O',[997;24;768],8,[997;24;768],8,0},{'O',[708;152;677],10,[708;152;677],10,0},{'O',[395;123;41],7,[395;123;41],7,0}}
Adder graph: {{'M',[4;1;1],1,[1;1;1],0,[2;0;0]},{'A',[15;3;3],2,[4;1;1],1,2,[-1;-1;-1],0,0},{'A',[33;31;33],1,[1;1;1],0,5,[1;-1;1],0,0},{'M',[256;1;1],1,[1;1;1],0,[8;0;0]},{'M',[15;3;96],3,[15;3;3],2,[0;0;5]},{'A',[1144;28;772],4,[256;1;1],1,2,[15;3;96],3,3},{'M',[33;31;6],3,[15;3;3],2,[NaN;NaN;1],[33;31;33],1,[0;0;NaN]},{'A',[263;247;47],4,[33;31;6],3,3,[-1;-1;-1],0,0},{'M',[1144;248;772],5,[33;31;33],1,[NaN;3;NaN],[1144;28;772],4,[0;NaN;0]},{'M',[526;494;1],5,[1;1;1],0,[NaN;NaN;0],[263;247;47],4,[1;1;NaN]},{'A',[618;742;773],6,[1144;248;772],5,0,[-526;494;1],5,0},{'M',[15;3;512],3,[1;1;1],0,[NaN;NaN;9],[15;3;3],2,[0;0;NaN]},{'A',[147;121;644],4,[33;31;33],1,2,[15;-3;512],3,0},{'M',[147;4;4],5,[1;1;1],0,[NaN;2;2],[147;121;644],4,[0;NaN;NaN]},{'A',[997;24;768],6,[1144;28;772],4,0,[-147;-4;-4],5,0},{'M',[30;31;33],3,[15;3;3],2,[1;NaN;NaN],[33;31;33],1,[NaN;0;0]},{'A',[177;152;677],5,[30;31;33],3,0,[147;121;644],4,0},{'M',[66;62;3],3,[15;3;3],2,[NaN;NaN;0],[33;31;33],1,[1;1;NaN]},{'A',[395;123;41],5,[263;247;47],4,0,[66;-62;-3],3,1},{'M',[512;512;773],7,[1;1;1],0,[9;9;NaN],[618;742;773],6,[NaN;NaN;0]},{'M',[1052;247;188],5,[263;247;47],4,[2;0;2]},{'A',[1564;265;961],8,[512;512;773],7,0,[1052;-247;188],5,0},{'M',[30;742;773],7,[15;3;3],2,[1;NaN;NaN],[618;742;773],6,[NaN;0;0]},{'O',[30;742;773],7,[30;742;773],7,0},{'M',[147;265;961],9,[147;121;644],4,[0;NaN;NaN],[1564;265;961],8,[NaN;0;0]},{'O',[147;265;961],9,[147;265;961],9,0},{'O',[997;24;768],6,[997;24;768],6,0},{'M',[708;152;677],6,[177;152;677],5,[2;0;0]},{'O',[708;152;677],6,[708;152;677],6,0},{'O',[395;123;41],5,[395;123;41],5,0}}
Adder graph: {{'A',[5;5;5],1,[1;1;1],0,0,[1;1;1],0,2},{'M',[4;1;1],1,[1;1;1],0,[2;0;0]},{'A',[124;36;36],2,[4;1;1],1,5,[-1;1;1],0,2},{'M',[992;128;36],3,[1;1;1],0,[NaN;7;NaN],[124;36;36],2,[3;NaN;0]},{'A',[997;123;41],4,[992;128;36],3,0,[5;-5;5],1,0},{'M',[5;16;5],2,[1;1;1],0,[NaN;4;NaN],[5;5;5],1,[0;NaN;0]},{'A',[15;26;5],3,[5;5;5],1,1,[5;16;-5],2,0},{'A',[6;6;6],1,[1;1;1],0,1,[1;1;1],0,2},{'M',[15;768;768],4,[15;26;5],3,[0;NaN;NaN],[6;6;6],1,[NaN;7;7]},{'A',[30;742;773],5,[15;768;768],4,0,[15;-26;5],3,0},{'M',[60;104;773],6,[15;26;5],3,[2;2;NaN],[30;742;773],5,[NaN;NaN;0]},{'M',[6;6;12],2,[6;6;6],1,[0;0;1]},{'A',[12;152;677],7,[60;104;773],6,0,[-6;6;-12],2,3},{'M',[15;1;1],4,[1;1;1],0,[NaN;0;0],[15;26;5],3,[0;NaN;NaN]},{'A',[177;193;193],5,[6;6;6],1,5,[-15;1;1],4,0},{'M',[30;72;768],6,[124;36;36],2,[NaN;1;NaN],[6;6;6],1,[NaN;NaN;7],[30;742;773],5,[0;NaN;NaN]},{'A',[147;265;961],7,[177;193;193],5,0,[-30;72;768],6,0},{'A',[395;337;1033],8,[124;36;36],2,1,[147;265;961],7,0},{'O',[30;742;773],5,[30;742;773],5,0},{'O',[147;265;961],7,[147;265;961],7,0},{'M',[997;24;768],5,[997;123;41],4,[0;NaN;NaN],[6;6;6],1,[NaN;2;7]},{'O',[997;24;768],5,[997;24;768],5,0},{'M',[708;152;677],8,[12;152;677],7,[NaN;0;0],[177;193;193],5,[2;NaN;NaN]},{'O',[708;152;677],8,[708;152;677],8,0},{'M',[395;123;41],9,[997;123;41],4,[NaN;0;0],[395;337;1033],8,[0;NaN;NaN]},{'O',[395;123;41],9,[395;123;41],9,0}}
Adder graph: {{'A',[4;12;12],1,[1;1;1],0,3,[-1;1;1],0,2},{'M',[1;1;8],1,[1;1;1],0,[0;0;3]},{'A',[3;5;33],2,[1;1;8],1,2,[-1;1;1],0,0},{'A',[22;38;262],3,[3;5;33],2,3,[-1;-1;-1],0,1},{'M',[16;16;262],4,[1;1;1],0,[4;4;NaN],[22;38;262],3,[NaN;NaN;0]},{'A',[15;17;263],5,[16;16;262],4,0,[-1;1;1],0,0},{'M',[1;5;1],3,[1;1;1],0,[0;NaN;0],[3;5;33],2,[NaN;0;NaN]},{'A',[177;299;2097],4,[22;38;262],3,3,[1;-5;1],3,0},{'A',[196;836;-284],6,[4;12;12],1,6,[-15;17;-263],5,2},{'M',[15;17;-568],7,[15;17;263],5,[0;0;NaN],[196;836;-284],6,[NaN;NaN;1]},{'A',[147;265;961],8,[177;299;2097],4,0,[-15;-17;-568],7,1},{'M',[1176;836;-284],9,[196;836;-284],6,[NaN;0;0],[147;265;961],8,[3;NaN;NaN]},{'M',[147;2;961],9,[1;1;1],0,[NaN;1;NaN],[147;265;961],8,[0;NaN;0]},{'A',[1029;838;677],10,[1176;836;-284],9,0,[-147;2;961],9,0},{'A',[997;742;773],11,[1029;838;677],10,0,[-4;-12;12],1,3},{'M',[196;64;4],7,[1;1;1],0,[NaN;6;2],[196;836;-284],6,[0;NaN;NaN]},{'A',[395;123;41],8,[196;64;4],7,1,[3;-5;33],2,0},{'M',[30;742;773],12,[15;17;263],5,[1;NaN;NaN],[997;742;773],11,[NaN;0;0]},{'O',[30;742;773],12,[30;742;773],12,0},{'O',[147;265;961],8,[147;265;961],8,0},{'M',[997;24;768],12,[4;12;12],1,[NaN;1;6],[997;742;773],11,[0;NaN;NaN]},{'O',[997;24;768],12,[997;24;768],12,0},{'M',[708;152;677],11,[22;38;262],3,[NaN;2;NaN],[177;299;2097],4,[2;NaN;NaN],[1029;838;677],10,[NaN;NaN;0]},{'O',[708;152;677],11,[708;152;677],11,0},{'O',[395;123;41],8,[395;123;41],8,0}}
Adder graph: {{'A',[5;3;3],1,[1;1;1],0,2,[1;-1;-1],0,0},{'M',[1;6;6],2,[1;1;1],0,[0;NaN;NaN],[5;3;3],1,[NaN;1;1]},{'A',[33;191;193],3,[1;6;6],2,5,[1;-1;1],0,0},{'A',[79;47;47],2,[5;3;3],1,4,[-1;-1;-1],0,0},{'M',[5;32;3],2,[1;1;1],0,[NaN;5;NaN],[5;3;3],1,[0;NaN;0]},{'A',[30;76;18],3,[5;3;3],1,2,[5;32;3],2,1},{'M',[160;1;96],2,[1;1;1],0,[NaN;0;NaN],[5;3;3],1,[5;NaN;5]},{'A',[1313;183;961],4,[33;191;193],3,0,[160;-1;96],2,3},{'A',[997;371;773],5,[1313;183;961],4,0,[-79;47;-47],2,2},{'A',[207;417;337],4,[30;76;18],3,3,[-33;-191;193],3,0},{'A',[147;265;301],5,[207;417;337],4,0,[-30;-76;-18],3,1},{'M',[316;76;6],4,[5;3;3],1,[NaN;NaN;1],[79;47;47],2,[2;NaN;NaN],[30;76;18],3,[NaN;0;NaN]},{'A',[395;123;41],5,[79;47;47],2,0,[316;76;-6],4,0},{'M',[294;3;3],6,[5;3;3],1,[NaN;0;0],[147;265;301],5,[1;NaN;NaN]},{'A',[708;-831;677],7,[294;3;3],6,0,[207;-417;337],4,1},{'M',[30;742;773],6,[30;76;18],3,[0;NaN;NaN],[997;371;773],5,[NaN;1;0]},{'O',[30;742;773],6,[30;742;773],6,0},{'M',[147;265;961],6,[1313;183;961],4,[NaN;NaN;0],[147;265;301],5,[0;0;NaN]},{'O',[147;265;961],6,[147;265;961],6,0},{'M',[997;24;768],6,[5;3;3],1,[NaN;3;8],[997;371;773],5,[0;NaN;NaN]},{'O',[997;24;768],6,[997;24;768],6,0},{'M',[708;152;677],8,[30;76;18],3,[NaN;1;NaN],[708;-831;677],7,[0;NaN;0]},{'O',[708;152;677],8,[708;152;677],8,0},{'O',[395;123;41],5,[395;123;41],5,0}}
Finished solving after 259186 seconds
Adder graph: {{'A',[5;3;3],1,[1;1;1],0,2,[1;-1;-1],0,0},{'M',[1;6;6],2,[1;1;1],0,[0;NaN;NaN],[5;3;3],1,[NaN;1;1]},{'A',[33;191;193],3,[1;6;6],2,5,[1;-1;1],0,0},{'A',[79;47;47],2,[5;3;3],1,4,[-1;-1;-1],0,0},{'M',[5;32;3],2,[1;1;1],0,[NaN;5;NaN],[5;3;3],1,[0;NaN;0]},{'A',[30;76;18],3,[5;3;3],1,2,[5;32;3],2,1},{'M',[160;1;96],2,[1;1;1],0,[NaN;0;NaN],[5;3;3],1,[5;NaN;5]},{'A',[1313;183;961],4,[33;191;193],3,0,[160;-1;96],2,3},{'A',[997;371;773],5,[1313;183;961],4,0,[-79;47;-47],2,2},{'A',[207;417;337],4,[30;76;18],3,3,[-33;-191;193],3,0},{'A',[147;265;301],5,[207;417;337],4,0,[-30;-76;-18],3,1},{'M',[316;76;6],4,[5;3;3],1,[NaN;NaN;1],[79;47;47],2,[2;NaN;NaN],[30;76;18],3,[NaN;0;NaN]},{'A',[395;123;41],5,[79;47;47],2,0,[316;76;-6],4,0},{'M',[294;3;3],6,[5;3;3],1,[NaN;0;0],[147;265;301],5,[1;NaN;NaN]},{'A',[708;-831;677],7,[294;3;3],6,0,[207;-417;337],4,1},{'M',[30;742;773],6,[30;76;18],3,[0;NaN;NaN],[997;371;773],5,[NaN;1;0]},{'O',[30;742;773],6,[30;742;773],6,0},{'M',[147;265;961],6,[1313;183;961],4,[NaN;NaN;0],[147;265;301],5,[0;0;NaN]},{'O',[147;265;961],6,[147;265;961],6,0},{'M',[997;24;768],6,[5;3;3],1,[NaN;3;8],[997;371;773],5,[0;NaN;NaN]},{'O',[997;24;768],6,[997;24;768],6,0},{'M',[708;152;677],8,[30;76;18],3,[NaN;1;NaN],[708;-831;677],7,[0;NaN;0]},{'O',[708;152;677],8,[708;152;677],8,0},{'O',[395;123;41],5,[395;123;41],5,0}}
# Add optimal = 1
# Mux optimal = 0
# FAs optimal = 0
