Adder graph: {{'M',[16;1;4],1,[1;1;1],0,[4;0;2]},{'M',[8;4;1],1,[1;1;1],0,[3;2;0]},{'A',[24;5;5],2,[16;1;4],1,0,[8;4;1],1,0},{'M',[4;64;1],1,[1;1;1],0,[2;6;0]},{'M',[128;1;2],1,[1;1;1],0,[7;0;1]},{'A',[65540;-448;1025],2,[4;64;1],1,0,[128;-1;2],1,9},{'M',[8;1;80],3,[1;1;1],0,[3;0;NaN],[24;5;5],2,[NaN;NaN;4]},{'M',[1;16;4],1,[1;1;1],0,[0;4;2]},{'A',[17;18;164],4,[8;1;80],3,1,[1;16;4],1,0},{'M',[17;18;16],5,[1;1;1],0,[NaN;NaN;4],[17;18;164],4,[0;0;NaN]},{'M',[24;1;164],5,[1;1;1],0,[NaN;0;NaN],[24;5;5],2,[0;NaN;NaN],[17;18;164],4,[NaN;NaN;0]},{'A',[92;73;228],6,[17;18;16],5,2,[24;1;164],5,0},{'M',[92;10;16384],7,[1;1;1],0,[NaN;NaN;14],[24;5;5],2,[NaN;1;NaN],[92;73;228],6,[0;NaN;NaN]},{'M',[16;5;65536],3,[1;1;1],0,[4;NaN;16],[24;5;5],2,[NaN;0;NaN]},{'A',[352;45;131072],8,[92;10;16384],7,2,[-16;5;65536],3,0},{'M',[17;640;8],5,[1;1;1],0,[NaN;NaN;3],[24;5;5],2,[NaN;7;NaN],[17;18;164],4,[0;NaN;NaN]},{'M',[92;1;228],7,[1;1;1],0,[NaN;0;NaN],[92;73;228],6,[0;NaN;0]},{'A',[109;641;-220],8,[17;640;8],5,0,[92;1;-228],7,0},{'M',[96;5;1025],3,[24;5;5],2,[2;0;NaN],[65540;-448;1025],2,[NaN;NaN;0]},{'M',[109;18;32],9,[1;1;1],0,[NaN;NaN;5],[17;18;164],4,[NaN;0;NaN],[109;641;-220],8,[0;NaN;NaN]},{'A',[205;23;1057],10,[96;5;1025],3,0,[109;18;32],9,0},{'M',[1;184;8],11,[1;1;1],0,[0;NaN;3],[205;23;1057],10,[NaN;3;NaN]},{'M',[384;641;20],9,[24;5;5],2,[4;NaN;2],[109;641;-220],8,[NaN;0;NaN]},{'A',[-383;-457;28],12,[1;184;8],11,0,[-384;-641;20],9,0},{'M',[16;18;228],7,[1;1;1],0,[4;NaN;NaN],[17;18;164],4,[NaN;0;NaN],[92;73;228],6,[NaN;NaN;0]},{'M',[1;80;256],3,[1;1;1],0,[0;NaN;8],[24;5;5],2,[NaN;4;NaN]},{'A',[14;-142;740],8,[16;18;228],7,0,[-1;-80;256],3,1},{'M',[34;16;28],13,[1;1;1],0,[NaN;4;NaN],[17;18;164],4,[1;NaN;NaN],[-383;-457;28],12,[NaN;NaN;0]},{'M',[205;90;1057],11,[352;45;131072],8,[NaN;1;NaN],[205;23;1057],10,[0;NaN;0]},{'A',[-137;122;-1001],14,[34;16;28],13,1,[-205;90;-1057],11,0},{'M',[-383;-457;-440],13,[109;641;-220],8,[NaN;NaN;1],[-383;-457;28],12,[0;0;NaN]},{'O',[383;457;440],13,[383;457;440],13,0},{'M',[410;488;740],15,[205;23;1057],10,[1;NaN;NaN],[14;-142;740],8,[NaN;NaN;0],[-137;122;-1001],14,[NaN;2;NaN]},{'O',[410;488;740],15,[410;488;740],15,0},{'M',[820;45;896],13,[352;45;131072],8,[NaN;0;NaN],[205;23;1057],10,[2;NaN;NaN],[-383;-457;28],12,[NaN;NaN;5]},{'O',[820;45;896],13,[820;45;896],13,0},{'M',[-137;-568;-1001],15,[14;-142;740],8,[NaN;2;NaN],[-137;122;-1001],14,[0;NaN;0]},{'O',[137;568;1001],15,[137;568;1001],15,0},{'M',[14;641;5],9,[24;5;5],2,[NaN;NaN;0],[109;641;-220],8,[NaN;0;NaN],[14;-142;740],8,[0;NaN;NaN]},{'O',[14;641;5],9,[14;641;5],9,0}}
Adder graph: {{'M',[1;1;4],1,[1;1;1],0,[0;0;2]},{'M',[128;1024;1],1,[1;1;1],0,[7;10;0]},{'A',[129;1025;3],2,[1;1;4],1,0,[128;1024;-1],1,0},{'M',[129;32;32],3,[1;1;1],0,[NaN;5;5],[129;1025;3],2,[0;NaN;NaN]},{'M',[1;16;128],1,[1;1;1],0,[0;4;7]},{'A',[125;96;-480],4,[129;32;32],3,0,[-1;16;-128],1,2},{'M',[256;128;1],1,[1;1;1],0,[8;7;0]},{'M',[16;1;16],1,[1;1;1],0,[4;0;4]},{'A',[640;248;-126],2,[256;128;1],1,1,[16;-1;-16],1,3},{'M',[4;96;3],5,[1;1;1],0,[2;NaN;NaN],[129;1025;3],2,[NaN;NaN;0],[125;96;-480],4,[NaN;0;NaN]},{'M',[129;248;256],3,[1;1;1],0,[NaN;NaN;8],[129;1025;3],2,[0;NaN;NaN],[640;248;-126],2,[NaN;0;NaN]},{'A',[137;-56;-250],6,[4;96;3],5,1,[129;-248;-256],3,0},{'M',[129;256;8],3,[1;1;1],0,[NaN;8;3],[129;1025;3],2,[0;NaN;NaN]},{'M',[640;-56;-126],7,[640;248;-126],2,[0;NaN;0],[137;-56;-250],6,[NaN;0;NaN]},{'A',[-382;568;-110],8,[129;256;8],3,1,[-640;56;-126],7,0},{'M',[-382;2048;-110],9,[1;1;1],0,[NaN;11;NaN],[-382;568;-110],8,[0;NaN;0]},{'M',[1;512;-480],5,[1;1;1],0,[0;9;NaN],[125;96;-480],4,[NaN;NaN;0]},{'A',[-383;1536;370],10,[-382;2048;-110],9,0,[-1;-512;480],5,0},{'M',[16;248;192],3,[1;1;1],0,[4;NaN;NaN],[129;1025;3],2,[NaN;NaN;6],[640;248;-126],2,[NaN;0;NaN]},{'M',[512;8;370],11,[1;1;1],0,[9;3;NaN],[-383;1536;370],10,[NaN;NaN;0]},{'A',[-480;488;14],12,[16;248;192],3,1,[-512;-8;-370],11,0},{'M',[2;568;1],9,[1;1;1],0,[1;NaN;0],[-382;568;-110],8,[NaN;0;NaN]},{'M',[16;1025;6],3,[1;1;1],0,[4;NaN;NaN],[129;1025;3],2,[NaN;0;1]},{'A',[-14;-457;-5],10,[2;568;1],9,0,[-16;-1025;-6],3,0},{'M',[-480;1536;-250],13,[137;-56;-250],6,[NaN;NaN;0],[-383;1536;370],10,[NaN;0;NaN],[-480;488;14],12,[0;NaN;NaN]},{'M',[640;96;-250],7,[125;96;-480],4,[NaN;0;NaN],[640;248;-126],2,[0;NaN;NaN],[137;-56;-250],6,[NaN;NaN;0]},{'A',[5;45;0],14,[-480;1536;-250],13,-5,[640;-96;250],7,-5},{'M',[250;384;1],5,[1;1;1],0,[NaN;NaN;0],[125;96;-480],4,[1;2;NaN]},{'M',[160;1025;-1000],15,[129;1025;3],2,[NaN;0;NaN],[137;-56;-250],6,[NaN;NaN;2],[5;45;0],14,[5;NaN;NaN]},{'A',[410;-641;1001],16,[250;384;1],5,0,[160;-1025;1000],15,0},{'M',[-383;-457;-440],11,[-382;568;-110],8,[NaN;NaN;2],[-383;1536;370],10,[0;NaN;NaN],[-14;-457;-5],10,[NaN;0;NaN]},{'O',[383;457;440],11,[383;457;440],11,0},{'M',[410;488;740],17,[-383;1536;370],10,[NaN;NaN;1],[-480;488;14],12,[NaN;0;NaN],[410;-641;1001],16,[0;NaN;NaN]},{'O',[410;488;740],17,[410;488;740],17,0},{'M',[820;45;896],17,[-480;488;14],12,[NaN;NaN;6],[5;45;0],14,[NaN;0;NaN],[410;-641;1001],16,[1;NaN;NaN]},{'O',[820;45;896],17,[820;45;896],17,0},{'M',[137;568;1001],17,[137;-56;-250],6,[0;NaN;NaN],[-382;568;-110],8,[NaN;0;NaN],[410;-641;1001],16,[NaN;NaN;0]},{'O',[137;568;1001],17,[137;568;1001],17,0},{'M',[-14;-641;-5],17,[-14;-457;-5],10,[0;NaN;0],[410;-641;1001],16,[NaN;0;NaN]},{'O',[14;641;5],17,[14;641;5],17,0}}
Adder graph: {{'M',[512;1;16],1,[1;1;1],0,[9;0;4]},{'M',[1;16;1],1,[1;1;1],0,[0;4;0]},{'A',[516;65;12],2,[512;1;16],1,0,[1;16;-1],1,2},{'M',[128;4;12],3,[1;1;1],0,[7;2;NaN],[516;65;12],2,[NaN;NaN;0]},{'M',[1;32;32],1,[1;1;1],0,[0;5;5]},{'A',[120;-252;268],4,[128;4;12],3,0,[-1;-32;32],1,3},{'M',[516;16;48],3,[1;1;1],0,[NaN;4;NaN],[516;65;12],2,[0;NaN;2]},{'M',[120;4;268],5,[1;1;1],0,[NaN;2;NaN],[120;-252;268],4,[0;NaN;0]},{'A',[396;20;-220],6,[516;16;48],3,0,[-120;4;-268],5,0},{'M',[32;-252;2],5,[1;1;1],0,[5;NaN;1],[120;-252;268],4,[NaN;0;NaN]},{'M',[16;1;1],1,[1;1;1],0,[4;0;0]},{'A',[48;-505;5],6,[32;-252;2],5,1,[-16;-1;1],1,0},{'M',[16;1;128],1,[1;1;1],0,[4;0;7]},{'M',[1;320;8],7,[1;1;1],0,[0;NaN;3],[396;20;-220],6,[NaN;4;NaN]},{'A',[14;641;112],8,[16;1;128],1,0,[-1;320;-8],7,1},{'M',[14;65;768],9,[516;65;12],2,[NaN;0;6],[14;641;112],8,[0;NaN;NaN]},{'M',[396;20;268],7,[120;-252;268],4,[NaN;NaN;0],[396;20;-220],6,[0;0;NaN]},{'A',[410;45;500],10,[14;65;768],9,0,[396;-20;-268],7,0},{'M',[8;1;12],3,[1;1;1],0,[3;0;NaN],[516;65;12],2,[NaN;NaN;0]},{'M',[1;80;12],7,[1;1;1],0,[0;NaN;NaN],[516;65;12],2,[NaN;NaN;0],[396;20;-220],6,[NaN;2;NaN]},{'A',[257;-48;372],8,[8;1;12],3,5,[1;-80;-12],7,0},{'M',[14;360;112],11,[14;641;112],8,[0;NaN;0],[410;45;500],10,[NaN;3;NaN]},{'M',[1;128;1],1,[1;1;1],0,[0;7;0]},{'A',[15;488;111],12,[14;360;112],11,0,[1;128;-1],1,0},{'M',[1;32;372],9,[1;1;1],0,[0;5;NaN],[257;-48;372],8,[NaN;NaN;0]},{'M',[384;-252;2],7,[1;1;1],0,[NaN;NaN;1],[120;-252;268],4,[NaN;0;NaN],[48;-505;5],6,[3;NaN;NaN]},{'A',[-383;284;370],10,[1;32;372],9,0,[-384;252;-2],7,0},{'M',[257;-505;1],9,[1;1;1],0,[NaN;NaN;0],[48;-505;5],6,[NaN;0;NaN],[257;-48;372],8,[0;NaN;NaN]},{'M',[120;-48;1000],13,[410;45;500],10,[NaN;NaN;1],[257;-48;372],8,[NaN;0;NaN],[15;488;111],12,[3;NaN;NaN]},{'A',[137;-457;1001],14,[257;-505;1],9,0,[-120;48;1000],13,0},{'M',[-383;-457;-440],15,[396;20;-220],6,[NaN;NaN;1],[-383;284;370],10,[0;NaN;NaN],[137;-457;1001],14,[NaN;0;NaN]},{'O',[383;457;440],15,[383;457;440],15,0},{'M',[410;488;740],13,[410;45;500],10,[0;NaN;NaN],[15;488;111],12,[NaN;0;NaN],[-383;284;370],10,[NaN;NaN;1]},{'O',[410;488;740],13,[410;488;740],13,0},{'M',[820;45;896],11,[14;641;112],8,[NaN;NaN;3],[410;45;500],10,[1;0;NaN]},{'O',[820;45;896],11,[820;45;896],11,0},{'M',[137;568;1001],15,[-383;284;370],10,[NaN;1;NaN],[137;-457;1001],14,[0;NaN;0]},{'O',[137;568;1001],15,[137;568;1001],15,0},{'M',[14;641;5],9,[48;-505;5],6,[NaN;NaN;0],[14;641;112],8,[0;0;NaN]},{'O',[14;641;5],9,[14;641;5],9,0}}
Adder graph: {{'M',[1;1;4],1,[1;1;1],0,[0;0;2]},{'M',[1;128;1],1,[1;1;1],0,[0;7;0]},{'A',[3;130;9],2,[1;1;4],1,1,[1;128;1],1,0},{'M',[256;1;9],3,[1;1;1],0,[8;0;NaN],[3;130;9],2,[NaN;NaN;0]},{'M',[3;130;32],3,[1;1;1],0,[NaN;NaN;5],[3;130;9],2,[0;0;NaN]},{'A',[253;-129;-23],4,[256;1;9],3,0,[-3;-130;-32],3,0},{'M',[3;520;9],3,[3;130;9],2,[0;2;0]},{'A',[125;-392;137],4,[1;1;1],0,7,[-3;-520;9],3,0},{'M',[125;2;137],5,[1;1;1],0,[NaN;1;NaN],[125;-392;137],4,[0;NaN;0]},{'M',[96;1;9],3,[1;1;1],0,[NaN;0;NaN],[3;130;9],2,[5;NaN;0]},{'A',[4096;63;4375],6,[125;2;137],5,5,[96;-1;-9],3,0},{'M',[4096;63;-736],7,[253;-129;-23],4,[NaN;NaN;5],[4096;63;4375],6,[0;0;NaN]},{'M',[1012;130;1],5,[1;1;1],0,[NaN;NaN;0],[3;130;9],2,[NaN;0;NaN],[253;-129;-23],4,[2;NaN;NaN]},{'A',[48;-457;-740],8,[4096;63;-736],7,0,[-1012;-130;-1],5,2},{'M',[1;2;1],1,[1;1;1],0,[0;1;0]},{'M',[384;63;4],9,[1;1;1],0,[NaN;NaN;2],[4096;63;4375],6,[NaN;0;NaN],[48;-457;-740],8,[3;NaN;NaN]},{'A',[-383;-61;5],10,[1;2;1],1,0,[-384;-63;4],9,0},{'M',[2;64;-23],5,[1;1;1],0,[1;6;NaN],[253;-129;-23],4,[NaN;NaN;0]},{'M',[48;252;512],9,[1;1;1],0,[NaN;NaN;9],[4096;63;4375],6,[NaN;2;NaN],[48;-457;-740],8,[0;NaN;NaN]},{'A',[-94;568;1001],10,[2;64;-23],5,0,[-48;252;512],9,1},{'M',[-766;-129;9],11,[3;130;9],2,[NaN;NaN;0],[253;-129;-23],4,[NaN;0;NaN],[-383;-61;5],10,[1;NaN;NaN]},{'M',[-94;64;2],11,[1;1;1],0,[NaN;6;1],[-94;568;1001],10,[0;NaN;NaN]},{'A',[-14;-641;-7],12,[-766;-129;9],11,0,[94;-64;-2],11,3},{'M',[96;-61;8],11,[1;1;1],0,[NaN;NaN;3],[3;130;9],2,[5;NaN;NaN],[-383;-61;5],10,[NaN;0;NaN]},{'M',[253;8;-224],13,[1;1;1],0,[NaN;3;NaN],[253;-129;-23],4,[0;NaN;NaN],[-14;-641;-7],12,[NaN;NaN;5]},{'A',[-410;-45;-440],14,[96;-61;8],11,0,[-253;8;-224],13,1},{'M',[12;-1568;5],11,[3;130;9],2,[2;NaN;NaN],[125;-392;137],4,[NaN;2;NaN],[-383;-61;5],10,[NaN;NaN;0]},{'M',[125;-46080;10],15,[125;-392;137],4,[0;NaN;NaN],[-383;-61;5],10,[NaN;NaN;1],[-410;-45;-440],14,[NaN;10;NaN]},{'A',[137;-47648;-5],16,[12;-1568;5],11,0,[125;-46080;-10],15,0},{'M',[-383;-457;-440],15,[48;-457;-740],8,[NaN;0;NaN],[-383;-61;5],10,[0;NaN;NaN],[-410;-45;-440],14,[NaN;NaN;0]},{'O',[383;457;440],15,[383;457;440],15,0},{'M',[-410;-488;-740],15,[48;-457;-740],8,[NaN;NaN;0],[-383;-61;5],10,[NaN;3;NaN],[-410;-45;-440],14,[0;NaN;NaN]},{'O',[410;488;740],15,[410;488;740],15,0},{'M',[-820;-45;-896],15,[-14;-641;-7],12,[NaN;NaN;7],[-410;-45;-440],14,[1;0;NaN]},{'O',[820;45;896],15,[820;45;896],15,0},{'M',[137;568;1001],17,[-94;568;1001],10,[NaN;0;0],[137;-47648;-5],16,[0;NaN;NaN]},{'O',[137;568;1001],17,[137;568;1001],17,0},{'M',[-14;-641;-5],17,[-14;-641;-7],12,[0;0;NaN],[137;-47648;-5],16,[NaN;NaN;0]},{'O',[14;641;5],17,[14;641;5],17,0}}
Adder graph: {{'M',[1;2;8],1,[1;1;1],0,[0;1;3]},{'M',[1;1024;1],1,[1;1;1],0,[0;10;0]},{'A',[33;1088;257],2,[1;2;8],1,5,[1;1024;1],1,0},{'M',[16;8;1],1,[1;1;1],0,[4;3;0]},{'A',[127;65;9],2,[16;8;1],1,3,[-1;1;1],0,0},{'M',[127;32;32],3,[1;1;1],0,[NaN;5;5],[127;65;9],2,[0;NaN;NaN]},{'M',[264;128;9],3,[1;1;1],0,[NaN;7;NaN],[33;1088;257],2,[3;NaN;NaN],[127;65;9],2,[NaN;NaN;0]},{'A',[-137;160;23],4,[127;32;32],3,0,[-264;128;-9],3,0},{'M',[8;2080;23],5,[1;1;1],0,[3;NaN;NaN],[127;65;9],2,[NaN;5;NaN],[-137;160;23],4,[NaN;NaN;0]},{'M',[1;4352;1024],3,[1;1;1],0,[0;NaN;10],[33;1088;257],2,[NaN;2;NaN]},{'A',[7;-2272;-1001],6,[8;2080;23],5,0,[-1;-4352;-1024],3,0},{'M',[1056;1;257],3,[1;1;1],0,[NaN;0;NaN],[33;1088;257],2,[5;NaN;0]},{'M',[8;8;9],3,[1;1;1],0,[3;3;NaN],[127;65;9],2,[NaN;NaN;0]},{'A',[1120;-63;185],4,[1056;1;257],3,0,[8;-8;-9],3,3},{'M',[64;1;1],1,[1;1;1],0,[6;0;0]},{'A',[383;61;5],3,[127;65;9],2,0,[64;-1;-1],1,2},{'M',[8128;61;1280],4,[127;65;9],2,[6;NaN;NaN],[383;61;5],3,[NaN;0;8]},{'A',[8144;45;1296],5,[8128;61;1280],4,0,[1;-1;1],0,4},{'M',[8144;-2272;1296],7,[7;-2272;-1001],6,[NaN;0;NaN],[8144;45;1296],5,[0;NaN;0]},{'M',[1120;-2272;1296],7,[7;-2272;-1001],6,[NaN;0;NaN],[1120;-63;185],4,[0;NaN;NaN],[8144;45;1296],5,[NaN;NaN;0]},{'A',[1158;-568;324],8,[8144;-2272;1296],7,-3,[1120;-2272;1296],7,-3},{'M',[512;1;512],1,[1;1;1],0,[9;0;9]},{'M',[1158;640;72],9,[127;65;9],2,[NaN;NaN;3],[-137;160;23],4,[NaN;2;NaN],[1158;-568;324],8,[0;NaN;NaN]},{'A',[-646;641;440],10,[512;1;512],1,0,[-1158;640;-72],9,0},{'M',[-646;520;20],11,[127;65;9],2,[NaN;3;NaN],[383;61;5],3,[NaN;NaN;2],[-646;641;440],10,[0;NaN;NaN]},{'M',[1056;-63;92],5,[33;1088;257],2,[5;NaN;NaN],[-137;160;23],4,[NaN;NaN;2],[1120;-63;185],4,[NaN;0;NaN]},{'A',[410;457;112],12,[-646;520;20],11,0,[1056;-63;92],5,0},{'M',[383;457;440],13,[383;61;5],3,[0;NaN;NaN],[-646;641;440],10,[NaN;NaN;0],[410;457;112],12,[NaN;0;NaN]},{'O',[383;457;440],13,[383;457;440],13,0},{'M',[410;488;740],13,[1120;-63;185],4,[NaN;NaN;2],[383;61;5],3,[NaN;3;NaN],[410;457;112],12,[0;NaN;NaN]},{'O',[410;488;740],13,[410;488;740],13,0},{'M',[820;45;896],13,[8144;45;1296],5,[NaN;0;NaN],[410;457;112],12,[1;NaN;3]},{'O',[820;45;896],13,[820;45;896],13,0},{'M',[-137;-568;-1001],9,[-137;160;23],4,[0;NaN;NaN],[7;-2272;-1001],6,[NaN;NaN;0],[1158;-568;324],8,[NaN;0;NaN]},{'O',[137;568;1001],9,[137;568;1001],9,0},{'M',[14;641;5],11,[7;-2272;-1001],6,[1;NaN;NaN],[383;61;5],3,[NaN;NaN;0],[-646;641;440],10,[NaN;0;NaN]},{'O',[14;641;5],11,[14;641;5],11,0}}
Adder graph: {{'M',[128;64;1],1,[1;1;1],0,[7;6;0]},{'A',[-384;576;513],2,[128;64;1],1,0,[-1;1;1],0,9},{'M',[16;1;16],1,[1;1;1],0,[4;0;4]},{'A',[-63;5;-63],2,[1;1;1],0,0,[-16;1;-16],1,2},{'M',[-49152;576;32],3,[1;1;1],0,[NaN;NaN;5],[-384;576;513],2,[7;0;NaN]},{'M',[4096;4;1],1,[1;1;1],0,[12;2;0]},{'A',[-32768;560;28],4,[-49152;576;32],3,0,[4096;-4;-1],1,2},{'M',[-384;4480;-2016],5,[-384;576;513],2,[0;NaN;NaN],[-63;5;-63],2,[NaN;NaN;5],[-32768;560;28],4,[NaN;3;NaN]},{'M',[1;16;128],1,[1;1;1],0,[0;4;7]},{'A',[-383;4464;-1888],6,[-384;4480;-2016],5,0,[1;-16;128],1,0},{'M',[1;5;3584],5,[1;1;1],0,[0;NaN;NaN],[-63;5;-63],2,[NaN;0;NaN],[-32768;560;28],4,[NaN;NaN;7]},{'M',[2;5;56],5,[1;1;1],0,[1;NaN;NaN],[-63;5;-63],2,[NaN;0;NaN],[-32768;560;28],4,[NaN;NaN;1]},{'A',[17;45;4032],6,[1;5;3584],5,0,[2;5;56],5,3},{'M',[-384;4464;4032],7,[-384;576;513],2,[0;NaN;NaN],[-383;4464;-1888],6,[NaN;0;NaN],[17;45;4032],6,[NaN;NaN;0]},{'M',[-32768;560;-1888],7,[-32768;560;28],4,[0;0;NaN],[-383;4464;-1888],6,[NaN;NaN;0]},{'A',[2024;244;370],8,[-384;4464;4032],7,-4,[32768;-560;1888],7,-4},{'M',[2024;244;28],9,[-32768;560;28],4,[NaN;NaN;0],[2024;244;370],8,[0;0;NaN]},{'A',[410;1177;-1001],10,[2024;244;28],9,-2,[-384;4464;-4032],7,-2},{'M',[34;90;1],7,[1;1;1],0,[NaN;NaN;0],[17;45;4032],6,[1;1;NaN]},{'M',[1;1177;448],11,[1;1;1],0,[0;NaN;NaN],[-32768;560;28],4,[NaN;NaN;4],[410;1177;-1001],10,[NaN;0;NaN]},{'A',[273;-457;-440],12,[34;90;1],7,3,[1;-1177;-448],11,0},{'M',[8;1;1],1,[1;1;1],0,[3;0;0]},{'M',[1;640;4],3,[1;1;1],0,[0;NaN;2],[-63;5;-63],2,[NaN;7;NaN]},{'A',[7;641;5],4,[8;1;1],1,0,[-1;640;4],3,0},{'M',[273;8;1],13,[1;1;1],0,[NaN;3;0],[273;-457;-440],12,[0;NaN;NaN]},{'M',[410;576;513],11,[-384;576;513],2,[NaN;0;0],[410;1177;-1001],10,[0;NaN;NaN]},{'A',[-137;-568;514],14,[273;8;1],13,0,[-410;-576;513],11,0},{'M',[-383;-457;-440],13,[-383;4464;-1888],6,[0;NaN;NaN],[273;-457;-440],12,[NaN;0;0]},{'O',[383;457;440],13,[383;457;440],13,0},{'M',[410;488;740],11,[2024;244;370],8,[NaN;1;1],[410;1177;-1001],10,[0;NaN;NaN]},{'O',[410;488;740],11,[410;488;740],11,0},{'M',[820;45;896],11,[-32768;560;28],4,[NaN;NaN;5],[17;45;4032],6,[NaN;0;NaN],[410;1177;-1001],10,[1;NaN;NaN]},{'O',[820;45;896],11,[820;45;896],11,0},{'M',[-137;-568;-1001],15,[410;1177;-1001],10,[NaN;NaN;0],[-137;-568;514],14,[0;0;NaN]},{'O',[137;568;1001],15,[137;568;1001],15,0},{'M',[14;641;5],5,[7;641;5],4,[1;0;0]},{'O',[14;641;5],5,[14;641;5],5,0}}
Adder graph: {{'M',[1;16;1],1,[1;1;1],0,[0;4;0]},{'M',[4;1;4],1,[1;1;1],0,[2;0;2]},{'A',[9;14;-7],2,[1;16;1],1,0,[4;-1;-4],1,1},{'M',[1;1;-224],3,[1;1;1],0,[0;0;NaN],[9;14;-7],2,[NaN;NaN;5]},{'M',[9;14;-448],3,[9;14;-7],2,[0;0;6]},{'A',[40;-52;896],4,[1;1;-224],3,2,[9;-14;448],3,2},{'M',[40;-52;-57344],5,[9;14;-7],2,[NaN;NaN;13],[40;-52;896],4,[0;0;NaN]},{'M',[1;1;-112],3,[1;1;1],0,[0;0;NaN],[9;14;-7],2,[NaN;NaN;4]},{'A',[41;-53;-57232],6,[40;-52;-57344],5,0,[1;-1;112],3,0},{'M',[41;-53;-114688],7,[9;14;-7],2,[NaN;NaN;14],[41;-53;-57232],6,[0;0;NaN]},{'M',[1;2;1],1,[1;1;1],0,[0;1;0]},{'A',[83;-108;-229375],8,[41;-53;-114688],7,1,[1;-2;1],1,0},{'M',[9;1;-7],3,[1;1;1],0,[NaN;0;NaN],[9;14;-7],2,[0;NaN;0]},{'M',[83;-424;-229375],9,[41;-53;-57232],6,[NaN;3;NaN],[83;-108;-229375],8,[0;NaN;0]},{'A',[92;425;229368],10,[9;1;-7],3,0,[83;424;229375],9,0},{'M',[160;-108;64],9,[1;1;1],0,[NaN;NaN;6],[40;-52;896],4,[2;NaN;NaN],[83;-108;-229375],8,[NaN;0;NaN]},{'M',[9;425;-7],11,[9;14;-7],2,[0;NaN;0],[92;425;229368],10,[NaN;0;NaN]},{'A',[311;-641;121],12,[160;-108;64],9,1,[-9;-425;-7],11,0},{'M',[288;8;229368],11,[1;1;1],0,[NaN;3;NaN],[9;14;-7],2,[5;NaN;NaN],[92;425;229368],10,[NaN;NaN;0]},{'M',[83;-53;-228928],9,[41;-53;-57232],6,[NaN;0;2],[83;-108;-229375],8,[0;NaN;NaN]},{'A',[205;61;440],12,[288;8;229368],11,0,[-83;53;-228928],9,0},{'M',[64;64;121],13,[1;1;1],0,[6;6;NaN],[311;-641;121],12,[NaN;NaN;0]},{'M',[9;14;128],3,[1;1;1],0,[NaN;NaN;7],[9;14;-7],2,[0;0;NaN]},{'A',[137;142;370],14,[64;64;121],13,1,[9;14;128],3,0},{'M',[2;425;2],11,[1;1;1],0,[1;NaN;1],[92;425;229368],10,[NaN;0;NaN]},{'M',[16;32;-7],3,[1;1;1],0,[4;5;NaN],[9;14;-7],2,[NaN;NaN;0]},{'A',[-14;457;-5],12,[2;425;2],11,0,[-16;32;-7],3,0},{'M',[311;61;121],13,[311;-641;121],12,[0;NaN;0],[205;61;440],12,[NaN;0;NaN]},{'M',[36;8;440],13,[1;1;1],0,[NaN;3;NaN],[9;14;-7],2,[2;NaN;NaN],[205;61;440],12,[NaN;NaN;0]},{'A',[383;45;1001],14,[311;61;121],13,0,[36;-8;440],13,1},{'M',[383;457;440],15,[205;61;440],12,[NaN;NaN;0],[-14;457;-5],12,[NaN;0;NaN],[383;45;1001],14,[0;NaN;NaN]},{'O',[383;457;440],15,[383;457;440],15,0},{'M',[205;244;370],15,[205;61;440],12,[0;2;NaN],[137;142;370],14,[NaN;NaN;0]},{'O',[410;488;740],15,[205;244;370],15,1},{'M',[820;45;896],15,[40;-52;896],4,[NaN;NaN;0],[205;61;440],12,[2;NaN;NaN],[383;45;1001],14,[NaN;0;NaN]},{'O',[820;45;896],15,[820;45;896],15,0},{'M',[137;568;1001],15,[137;142;370],14,[0;2;NaN],[383;45;1001],14,[NaN;NaN;0]},{'O',[137;568;1001],15,[137;568;1001],15,0},{'M',[-14;-641;-5],13,[311;-641;121],12,[NaN;0;NaN],[-14;457;-5],12,[0;NaN;0]},{'O',[14;641;5],13,[14;641;5],13,0}}
Adder graph: {{'M',[1;32;2],1,[1;1;1],0,[0;5;1]},{'A',[12;144;24],2,[1;1;1],0,4,[-1;32;2],1,2},{'M',[2048;1;2048],1,[1;1;1],0,[11;0;11]},{'M',[16;1;16],1,[1;1;1],0,[4;0;4]},{'A',[1792;-15;1792],2,[2048;1;2048],1,0,[-16;-1;-16],1,4},{'M',[12;144;1792],3,[12;144;24],2,[0;0;NaN],[1792;-15;1792],2,[NaN;NaN;0]},{'A',[3;36;-221],4,[12;144;24],2,-3,[12;144;-1792],3,-3},{'M',[12;-15;384],5,[12;144;24],2,[NaN;NaN;4],[1792;-15;1792],2,[NaN;0;NaN],[3;36;-221],4,[2;NaN;NaN]},{'M',[768;-15;-442],5,[1792;-15;1792],2,[NaN;0;NaN],[3;36;-221],4,[8;NaN;1]},{'A',[816;-45;1978],6,[12;-15;384],5,2,[768;15;442],5,0},{'M',[3;288;-221],5,[12;144;24],2,[NaN;1;NaN],[3;36;-221],4,[0;NaN;0]},{'M',[4;4;1],1,[1;1;1],0,[2;2;0]},{'A',[14;568;-440],6,[3;288;-221],5,1,[4;-4;1],1,1},{'M',[12;1;24],3,[1;1;1],0,[NaN;0;NaN],[12;144;24],2,[0;NaN;0]},{'A',[414;23;1001],7,[12;1;24],3,-1,[816;45;1978],6,-1},{'M',[4;23;4],8,[1;1;1],0,[2;NaN;2],[414;23;1001],7,[NaN;0;NaN]},{'M',[414;-480;32],8,[1;1;1],0,[NaN;NaN;5],[1792;-15;1792],2,[NaN;5;NaN],[414;23;1001],7,[0;NaN;NaN]},{'A',[-410;-457;-28],9,[4;23;4],8,0,[-414;-480;-32],8,0},{'M',[96;576;1],3,[1;1;1],0,[NaN;NaN;0],[12;144;24],2,[3;2;NaN]},{'A',[-383;-2303;5],4,[1;1;1],0,0,[-96;-576;1],3,2},{'M',[1792;-15;-28],10,[1792;-15;1792],2,[0;0;NaN],[-410;-457;-28],9,[NaN;NaN;0]},{'M',[-766;23;32],8,[1;1;1],0,[NaN;NaN;5],[414;23;1001],7,[NaN;0;NaN],[-383;-2303;5],4,[1;NaN;NaN]},{'A',[520;-122;72],11,[1792;-15;-28],10,1,[-766;-23;32],8,2},{'M',[520;2944;72],12,[414;23;1001],7,[NaN;7;NaN],[520;-122;72],11,[0;NaN;0]},{'M',[-383;-2303;-442],5,[3;36;-221],4,[NaN;NaN;1],[-383;-2303;5],4,[0;0;NaN]},{'A',[137;641;-370],13,[520;2944;72],12,0,[-383;-2303;-442],5,0},{'M',[-383;-457;-440],10,[14;568;-440],6,[NaN;NaN;0],[-410;-457;-28],9,[NaN;0;NaN],[-383;-2303;5],4,[0;NaN;NaN]},{'O',[383;457;440],10,[383;457;440],10,0},{'M',[-410;-488;-740],14,[-410;-457;-28],9,[0;NaN;NaN],[520;-122;72],11,[NaN;2;NaN],[137;641;-370],13,[NaN;NaN;1]},{'O',[410;488;740],14,[410;488;740],14,0},{'M',[-820;-45;-896],10,[816;-45;1978],6,[NaN;0;NaN],[-410;-457;-28],9,[1;NaN;5]},{'O',[820;45;896],10,[820;45;896],10,0},{'M',[137;568;1001],14,[14;568;-440],6,[NaN;0;NaN],[414;23;1001],7,[NaN;NaN;0],[137;641;-370],13,[0;NaN;NaN]},{'O',[137;568;1001],14,[137;568;1001],14,0},{'M',[14;641;5],14,[14;568;-440],6,[0;NaN;NaN],[-383;-2303;5],4,[NaN;NaN;0],[137;641;-370],13,[NaN;0;NaN]},{'O',[14;641;5],14,[14;641;5],14,0}}
Adder graph: {{'M',[1;128;256],1,[1;1;1],0,[0;7;8]},{'M',[16;256;1],1,[1;1;1],0,[4;8;0]},{'A',[-252;4608;1008],2,[1;128;256],1,2,[-16;256;-1],1,4},{'M',[1;2048;1],1,[1;1;1],0,[0;11;0]},{'M',[1;73728;4],3,[1;1;1],0,[0;NaN;2],[-252;4608;1008],2,[NaN;4;NaN]},{'A',[31;139264;36],4,[1;2048;1],1,5,[-1;73728;4],3,0},{'M',[1;2;1],1,[1;1;1],0,[0;1;0]},{'M',[4;4;1],1,[1;1;1],0,[2;2;0]},{'A',[12;20;7],2,[1;2;1],1,3,[4;4;-1],1,0},{'A',[14;22;5],3,[12;20;7],2,0,[1;1;-1],0,1},{'M',[12;20;8],3,[1;1;1],0,[NaN;NaN;3],[12;20;7],2,[0;0;NaN]},{'M',[1;1;36],5,[1;1;1],0,[0;0;NaN],[31;139264;36],4,[NaN;NaN;0]},{'A',[383;641;220],6,[12;20;8],3,5,[-1;1;-36],5,0},{'M',[31;4608;36],5,[-252;4608;1008],2,[NaN;0;NaN],[31;139264;36],4,[0;NaN;0]},{'A',[0;281;0],6,[31;139264;36],4,-9,[-31;4608;-36],5,-9},{'M',[56;281;20],7,[14;22;5],3,[2;NaN;2],[0;281;0],6,[NaN;0;NaN]},{'M',[31;176;640],5,[31;139264;36],4,[0;NaN;NaN],[14;22;5],3,[NaN;3;7]},{'A',[87;457;660],8,[56;281;20],7,0,[31;176;640],5,0},{'M',[124;44;1008],5,[-252;4608;1008],2,[NaN;NaN;0],[31;139264;36],4,[2;NaN;NaN],[14;22;5],3,[NaN;1;NaN]},{'M',[12;1;7],3,[1;1;1],0,[NaN;0;NaN],[12;20;7],2,[0;NaN;0]},{'A',[136;45;1001],6,[124;44;1008],5,0,[12;1;-7],3,0},{'M',[87;281;660],9,[0;281;0],6,[NaN;0;NaN],[87;457;660],8,[0;NaN;0]},{'A',[137;71;740],10,[14;22;5],3,4,[-87;-281;660],9,0},{'M',[31;64;64],5,[1;1;1],0,[NaN;6;6],[31;139264;36],4,[0;NaN;NaN]},{'M',[87;90;80],9,[14;22;5],3,[NaN;NaN;4],[87;457;660],8,[0;NaN;NaN],[136;45;1001],6,[NaN;1;NaN]},{'A',[205;244;224],10,[31;64;64],5,0,[87;90;80],9,1},{'M',[383;457;440],9,[383;641;220],6,[0;NaN;1],[87;457;660],8,[NaN;0;NaN]},{'O',[383;457;440],9,[383;457;440],9,0},{'M',[410;488;740],11,[137;71;740],10,[NaN;NaN;0],[205;244;224],10,[1;1;NaN]},{'O',[410;488;740],11,[410;488;740],11,0},{'M',[820;45;896],11,[136;45;1001],6,[NaN;0;NaN],[205;244;224],10,[2;NaN;2]},{'O',[820;45;896],11,[820;45;896],11,0},{'M',[137;568;1001],11,[136;45;1001],6,[NaN;NaN;0],[137;71;740],10,[0;3;NaN]},{'O',[137;568;1001],11,[137;568;1001],11,0},{'M',[14;641;5],7,[14;22;5],3,[0;NaN;0],[383;641;220],6,[NaN;0;NaN]},{'O',[14;641;5],7,[14;641;5],7,0}}
Adder graph: {{'M',[8;1;32],1,[1;1;1],0,[3;0;5]},{'A',[17;3;-63],2,[1;1;1],0,0,[8;1;-32],1,1},{'M',[1;1;-63],3,[1;1;1],0,[0;0;NaN],[17;3;-63],2,[NaN;NaN;0]},{'M',[1;16;1],1,[1;1;1],0,[0;4;0]},{'A',[5;-63;-67],4,[1;1;-63],3,0,[1;-16;-1],1,2},{'M',[1;8;1],1,[1;1;1],0,[0;3;0]},{'M',[17;-126;-63],5,[17;3;-63],2,[0;NaN;0],[5;-63;-67],4,[NaN;1;NaN]},{'A',[-30;284;130],6,[1;8;1],1,2,[-17;126;63],5,1},{'M',[-30;284;-504],7,[17;3;-63],2,[NaN;NaN;3],[-30;284;130],6,[0;0;NaN]},{'M',[-120;1136;-67],7,[5;-63;-67],4,[NaN;NaN;0],[-30;284;130],6,[2;2;NaN]},{'A',[210;2556;-370],8,[-30;284;-504],7,0,[120;1136;67],7,1},{'M',[136;24;1],3,[1;1;1],0,[NaN;NaN;0],[17;3;-63],2,[3;3;NaN]},{'M',[1;1;8],1,[1;1;1],0,[0;0;3]},{'A',[137;23;-7],4,[136;24;1],3,0,[1;-1;-8],1,0},{'M',[548;1;1],5,[1;1;1],0,[NaN;0;0],[137;23;-7],4,[2;NaN;NaN]},{'M',[2;23;2],5,[1;1;1],0,[1;NaN;1],[137;23;-7],4,[NaN;0;NaN]},{'A',[544;-45;5],6,[548;1;1],5,0,[-2;-23;2],5,1},{'M',[10;-126;130],7,[5;-63;-67],4,[1;1;NaN],[-30;284;130],6,[NaN;NaN;0]},{'M',[544;23;-7],7,[137;23;-7],4,[NaN;0;0],[544;-45;5],6,[0;NaN;NaN]},{'A',[-384;-1993;2073],8,[10;-126;130],7,4,[-544;23;-7],7,0},{'M',[1;1536;-1072],5,[1;1;1],0,[0;NaN;NaN],[17;3;-63],2,[NaN;9;NaN],[5;-63;-67],4,[NaN;NaN;4]},{'A',[-383;-457;1001],9,[-384;-1993;2073],8,0,[1;1536;-1072],5,0},{'M',[5;92;-67],5,[5;-63;-67],4,[0;NaN;0],[137;23;-7],4,[NaN;2;NaN]},{'M',[4;-457;1001],10,[1;1;1],0,[2;NaN;NaN],[-383;-457;1001],9,[NaN;0;0]},{'A',[14;641;867],11,[5;92;-67],5,1,[4;457;1001],10,0},{'M',[5;-63;260],7,[5;-63;-67],4,[0;0;NaN],[-30;284;130],6,[NaN;NaN;1]},{'M',[210;2;-370],9,[1;1;1],0,[NaN;1;NaN],[210;2556;-370],8,[0;NaN;0]},{'A',[-205;-61;-110],10,[5;-63;260],7,0,[-210;2;-370],9,0},{'M',[-383;-457;-440],11,[-383;-457;1001],9,[0;0;NaN],[-205;-61;-110],10,[NaN;NaN;2]},{'O',[383;457;440],11,[383;457;440],11,0},{'M',[-205;-244;-370],11,[210;2556;-370],8,[NaN;NaN;0],[-205;-61;-110],10,[0;2;NaN]},{'O',[410;488;740],11,[205;244;370],11,1},{'M',[-820;-45;-896],11,[137;23;-7],4,[NaN;NaN;7],[544;-45;5],6,[NaN;0;NaN],[-205;-61;-110],10,[2;NaN;NaN]},{'O',[820;45;896],11,[820;45;896],11,0},{'M',[137;568;1001],10,[-30;284;130],6,[NaN;1;NaN],[137;23;-7],4,[0;NaN;NaN],[-383;-457;1001],9,[NaN;NaN;0]},{'O',[137;568;1001],10,[137;568;1001],10,0},{'M',[14;641;5],12,[544;-45;5],6,[NaN;NaN;0],[14;641;867],11,[0;0;NaN]},{'O',[14;641;5],12,[14;641;5],12,0}}
Adder graph: {{'M',[1;1;16],1,[1;1;1],0,[0;0;4]},{'M',[1;2;1],1,[1;1;1],0,[0;1;0]},{'A',[12;20;72],2,[1;1;16],1,2,[1;2;1],1,3},{'M',[12;20;1],3,[1;1;1],0,[NaN;NaN;0],[12;20;72],2,[0;0;NaN]},{'M',[192;20;72],3,[12;20;72],2,[4;0;0]},{'A',[396;60;-143],4,[12;20;1],3,0,[192;20;-72],3,1},{'M',[2;160;1],3,[1;1;1],0,[1;NaN;0],[12;20;72],2,[NaN;3;NaN]},{'A',[9;641;5],4,[2;160;1],3,2,[1;1;1],0,0},{'M',[48;80;1],3,[1;1;1],0,[NaN;NaN;0],[12;20;72],2,[2;2;NaN]},{'M',[396;60;80],5,[396;60;-143],4,[0;0;NaN],[9;641;5],4,[NaN;NaN;4]},{'A',[-600;440;-156],6,[48;80;1],3,2,[-396;60;-80],5,1},{'M',[128;128;-143],5,[1;1;1],0,[7;7;NaN],[396;60;-143],4,[NaN;NaN;0]},{'M',[9;440;-1144],7,[396;60;-143],4,[NaN;NaN;3],[9;641;5],4,[0;NaN;NaN],[-600;440;-156],6,[NaN;0;NaN]},{'A',[137;568;1001],8,[128;128;-143],5,0,[9;440;1144],7,0},{'M',[1;1;1024],1,[1;1;1],0,[0;0;10]},{'M',[96;60;576],5,[12;20;72],2,[3;NaN;3],[396;60;-143],4,[NaN;0;NaN]},{'A',[-95;61;448],6,[1;1;1024],1,0,[-96;60;-576],5,0},{'M',[32;61;-624],7,[1;1;1],0,[5;NaN;NaN],[-600;440;-156],6,[NaN;NaN;2],[-95;61;448],6,[NaN;0;NaN]},{'M',[9;8;10],5,[1;1;1],0,[NaN;3;NaN],[9;641;5],4,[0;NaN;1]},{'A',[14;45;-604],8,[32;61;-624],7,0,[-9;-8;10],5,1},{'M',[288;568;4],9,[1;1;1],0,[NaN;NaN;2],[9;641;5],4,[5;NaN;NaN],[137;568;1001],8,[NaN;0;NaN]},{'M',[-95;1;448],7,[1;1;1],0,[NaN;0;NaN],[-95;61;448],6,[0;NaN;0]},{'A',[383;567;-444],10,[288;568;4],9,0,[95;-1;-448],7,0},{'M',[383;567;448],11,[-95;61;448],6,[NaN;NaN;0],[383;567;-444],10,[0;0;NaN]},{'M',[383;512;-444],11,[1;1;1],0,[NaN;9;NaN],[383;567;-444],10,[0;NaN;0]},{'A',[-383;-457;-440],12,[383;567;448],11,0,[-383;-512;-444],11,1},{'A',[410;-318;740],7,[-95;61;448],6,1,[600;-440;-156],6,0},{'O',[383;457;440],12,[383;457;440],12,0},{'M',[410;488;740],8,[-95;61;448],6,[NaN;3;NaN],[410;-318;740],7,[0;NaN;0]},{'O',[410;488;740],8,[410;488;740],8,0},{'M',[820;45;896],9,[-95;61;448],6,[NaN;NaN;1],[14;45;-604],8,[NaN;0;NaN],[410;-318;740],7,[1;NaN;NaN]},{'O',[820;45;896],9,[820;45;896],9,0},{'O',[137;568;1001],8,[137;568;1001],8,0},{'M',[14;641;5],9,[9;641;5],4,[NaN;0;0],[14;45;-604],8,[0;NaN;NaN]},{'O',[14;641;5],9,[14;641;5],9,0}}
Adder graph: {{'M',[1;4;4],1,[1;1;1],0,[0;2;2]},{'M',[1;1;256],1,[1;1;1],0,[0;0;8]},{'A',[1;9;-248],2,[1;4;4],1,1,[-1;1;-256],1,0},{'M',[1;9;8],3,[1;1;1],0,[NaN;NaN;3],[1;9;-248],2,[0;0;NaN]},{'M',[4;9;-248],3,[1;9;-248],2,[2;0;0]},{'A',[17;45;1000],4,[1;9;8],3,0,[4;9;248],3,2},{'A',[896;1152;896],1,[1;1;1],0,10,[-1;1;-1],0,7},{'A',[96;-160;8064],3,[1;1;1],0,7,[-1;-9;248],2,5},{'M',[4;9;4],3,[1;1;1],0,[2;NaN;2],[1;9;-248],2,[NaN;0;NaN]},{'M',[1;16;1],1,[1;1;1],0,[0;4;0]},{'A',[7;2;9],4,[4;9;4],3,1,[-1;-16;1],1,0},{'M',[1;18;1],3,[1;1;1],0,[0;NaN;0],[1;9;-248],2,[NaN;1;NaN]},{'M',[112;9;9],5,[1;9;-248],2,[NaN;0;NaN],[7;2;9],4,[4;NaN;0]},{'A',[144;567;41],6,[1;18;1],3,5,[112;-9;9],5,0},{'M',[96;-160;1],4,[1;1;1],0,[NaN;NaN;0],[96;-160;8064],3,[0;0;NaN]},{'A',[-383;641;5],5,[1;1;1],0,0,[-96;160;1],4,2},{'M',[144;567;18],7,[7;2;9],4,[NaN;NaN;1],[144;567;41],6,[0;0;NaN]},{'M',[28;8;1],5,[1;1;1],0,[NaN;NaN;0],[7;2;9],4,[2;2;NaN]},{'A',[-3440;-457;-110],8,[144;567;18],7,0,[-28;-8;-1],5,7},{'M',[144;567;1],7,[1;1;1],0,[NaN;NaN;0],[144;567;41],6,[0;0;NaN]},{'M',[7;1;1000],5,[1;1;1],0,[NaN;0;NaN],[17;45;1000],4,[NaN;NaN;0],[7;2;9],4,[0;NaN;NaN]},{'A',[137;568;1001],8,[144;567;1],7,0,[-7;1;1000],5,0},{'M',[137;180;82],9,[17;45;1000],4,[NaN;2;NaN],[144;567;41],6,[NaN;NaN;1],[137;568;1001],8,[0;NaN;NaN]},{'M',[17;16;72],5,[17;45;1000],4,[0;NaN;NaN],[7;2;9],4,[NaN;3;3]},{'A',[410;488;740],10,[137;180;82],9,1,[17;16;72],5,3},{'M',[-383;-457;-440],9,[-383;641;5],5,[0;NaN;NaN],[-3440;-457;-110],8,[NaN;0;2]},{'O',[383;457;440],9,[383;457;440],9,0},{'O',[410;488;740],10,[410;488;740],10,0},{'M',[820;45;896],11,[17;45;1000],4,[NaN;0;NaN],[896;1152;896],1,[NaN;NaN;0],[410;488;740],10,[1;NaN;NaN]},{'O',[820;45;896],11,[820;45;896],11,0},{'O',[137;568;1001],8,[137;568;1001],8,0},{'M',[14;641;5],6,[7;2;9],4,[1;NaN;NaN],[-383;641;5],5,[NaN;0;0]},{'O',[14;641;5],6,[14;641;5],6,0}}
Adder graph: {{'M',[1;1;2],1,[1;1;1],0,[0;0;1]},{'A',[-6;10;12],2,[1;1;2],1,1,[-1;1;1],0,3},{'M',[-6;2;4],3,[1;1;1],0,[NaN;1;2],[-6;10;12],2,[0;NaN;NaN]},{'A',[-95;33;65],4,[1;1;1],0,0,[-6;2;4],3,4},{'M',[1;40;1],3,[1;1;1],0,[0;NaN;0],[-6;10;12],2,[NaN;2;NaN]},{'M',[2;1;2],1,[1;1;1],0,[1;0;1]},{'A',[14;641;14],4,[1;40;1],3,4,[-2;1;-2],1,0},{'M',[14;320;14],5,[-6;10;12],2,[NaN;5;NaN],[14;641;14],4,[0;NaN;0]},{'A',[18;324;-10],6,[1;1;1],0,2,[14;320;-14],5,0},{'M',[-96;324;-10],7,[-6;10;12],2,[4;NaN;NaN],[18;324;-10],6,[NaN;0;0]},{'M',[-95;1;65],5,[1;1;1],0,[NaN;0;NaN],[-95;33;65],4,[0;NaN;0]},{'A',[-1;325;55],8,[-96;324;-10],7,0,[95;1;65],5,0},{'M',[72;1;1024],7,[1;1;1],0,[NaN;0;10],[18;324;-10],6,[2;NaN;NaN]},{'M',[-1;20;55],9,[-6;10;12],2,[NaN;1;NaN],[-1;325;55],8,[0;NaN;0]},{'A',[73;-19;969],10,[72;1;1024],7,0,[1;-20;-55],9,0},{'M',[-96;33;192],5,[-6;10;12],2,[4;NaN;4],[-95;33;65],4,[NaN;0;NaN]},{'A',[383;457;-713],9,[-1;325;55],8,0,[96;33;-192],5,2},{'M',[292;-76;55],11,[-1;325;55],8,[NaN;NaN;0],[73;-19;969],10,[2;2;NaN]},{'A',[204;284;370],12,[-95;33;65],4,2,[292;76;55],11,1},{'M',[204;284;4],13,[1;1;1],0,[NaN;NaN;2],[204;284;370],12,[0;0;NaN]},{'A',[205;244;5],14,[204;284;4],13,0,[1;-40;1],3,0},{'M',[2;2;1],1,[1;1;1],0,[1;1;0]},{'A',[137;45;1001],11,[2;2;1],1,5,[73;-19;969],10,0},{'M',[383;457;440],10,[-1;325;55],8,[NaN;NaN;3],[383;457;-713],9,[0;0;NaN]},{'O',[383;457;440],10,[383;457;440],10,0},{'M',[205;244;370],15,[204;284;370],12,[NaN;NaN;0],[205;244;5],14,[0;0;NaN]},{'O',[410;488;740],15,[205;244;370],15,1},{'M',[820;45;896],15,[14;641;14],4,[NaN;NaN;6],[205;244;5],14,[2;NaN;NaN],[137;45;1001],11,[NaN;0;NaN]},{'O',[820;45;896],15,[820;45;896],15,0},{'M',[137;568;1001],13,[204;284;370],12,[NaN;1;NaN],[137;45;1001],11,[0;NaN;0]},{'O',[137;568;1001],13,[137;568;1001],13,0},{'M',[14;641;5],15,[14;641;14],4,[0;0;NaN],[205;244;5],14,[NaN;NaN;0]},{'O',[14;641;5],15,[14;641;5],15,0}}
Adder graph: {{'M',[1;128;128],1,[1;1;1],0,[0;7;7]},{'M',[4;1;4],1,[1;1;1],0,[2;0;2]},{'A',[17;132;112],2,[1;128;128],1,0,[4;1;-4],1,2},{'M',[16;16;1],1,[1;1;1],0,[4;4;0]},{'A',[65;63;5],2,[16;16;1],1,2,[1;-1;1],0,0},{'M',[1;4;1],1,[1;1;1],0,[0;2;0]},{'A',[63;71;7],3,[65;63;5],2,0,[-1;4;1],1,1},{'M',[1;8448;1],3,[1;1;1],0,[0;NaN;0],[17;132;112],2,[NaN;6;NaN]},{'A',[-3;8447;-3],4,[1;8448;1],3,0,[-4;-1;-4],1,0},{'A',[-191;-193;-251],3,[65;63;5],2,0,[-1;-1;-1],0,8},{'M',[-3;71;7],5,[63;71;7],3,[NaN;0;0],[-3;8447;-3],4,[0;NaN;NaN]},{'A',[14;61;119],6,[17;132;112],2,0,[-3;-71;7],5,0},{'A',[-46;61;105],4,[17;132;112],2,0,[-63;-71;-7],3,0},{'M',[-191;16;-251],4,[1;1;1],0,[NaN;4;NaN],[-191;-193;-251],3,[0;NaN;0]},{'A',[205;45;370],7,[14;61;119],6,0,[191;-16;251],4,0},{'M',[-191;-193;4],4,[1;1;1],0,[NaN;NaN;2],[-191;-193;-251],3,[0;0;NaN]},{'M',[1;71;448],4,[1;1;1],0,[0;NaN;NaN],[17;132;112],2,[NaN;NaN;2],[63;71;7],3,[NaN;0;NaN]},{'A',[-383;-457;-440],5,[-191;-193;4],4,1,[-1;-71;-448],4,0},{'M',[1;9088;105],5,[1;1;1],0,[0;NaN;NaN],[63;71;7],3,[NaN;7;NaN],[-46;61;105],4,[NaN;NaN;0]},{'M',[136;8447;896],5,[17;132;112],2,[3;NaN;3],[-3;8447;-3],4,[NaN;0;NaN]},{'A',[137;641;1001],6,[1;9088;105],5,0,[136;-8447;896],5,0},{'O',[383;457;440],5,[383;457;440],5,0},{'M',[205;244;370],8,[14;61;119],6,[NaN;2;NaN],[205;45;370],7,[0;NaN;0]},{'O',[410;488;740],8,[205;244;370],8,1},{'M',[820;45;896],8,[17;132;112],2,[NaN;NaN;3],[205;45;370],7,[2;0;NaN]},{'O',[820;45;896],8,[820;45;896],8,0},{'M',[137;568;1001],7,[63;71;7],3,[NaN;3;NaN],[137;641;1001],6,[0;NaN;0]},{'O',[137;568;1001],7,[137;568;1001],7,0},{'M',[14;641;5],7,[65;63;5],2,[NaN;NaN;0],[14;61;119],6,[0;NaN;NaN],[137;641;1001],6,[NaN;0;NaN]},{'O',[14;641;5],7,[14;641;5],7,0}}
Adder graph: {{'M',[1;128;1],1,[1;1;1],0,[0;7;0]},{'A',[7;-120;7],2,[1;1;1],0,3,[-1;-128;-1],1,0},{'M',[1;1;8],1,[1;1;1],0,[0;0;3]},{'A',[9;9;-63],2,[1;1;1],0,0,[1;1;-8],1,3},{'M',[7;9;7],3,[7;-120;7],2,[0;NaN;0],[9;9;-63],2,[NaN;0;NaN]},{'M',[9;9;16],3,[1;1;1],0,[NaN;NaN;4],[9;9;-63],2,[0;0;NaN]},{'A',[43;45;71],4,[7;9;7],3,0,[9;9;16],3,2},{'M',[9;9;-126],3,[9;9;-63],2,[0;0;1]},{'A',[242;-3822;-476],4,[9;9;-126],3,1,[7;-120;-7],2,5},{'M',[242;288;-476],5,[9;9;-63],2,[NaN;5;NaN],[242;-3822;-476],4,[0;NaN;0]},{'A',[-483;577;-951],6,[1;1;1],0,0,[-242;288;-476],5,1},{'M',[43;16;71],5,[1;1;1],0,[NaN;4;NaN],[43;45;71],4,[0;NaN;0]},{'A',[410;-642;370],7,[43;16;71],5,5,[-483;-577;-951],6,1},{'A',[27;61;55],5,[43;45;71],4,0,[-1;1;-1],0,4},{'M',[144;577;-1008],7,[9;9;-63],2,[4;NaN;4],[-483;577;-951],6,[NaN;0;NaN]},{'A',[-137;457;-1001],8,[7;-120;7],2,0,[-144;577;-1008],7,0},{'M',[27;1;1],6,[1;1;1],0,[NaN;0;0],[27;61;55],5,[0;NaN;NaN]},{'A',[383;-641;369],8,[410;-642;370],7,0,[-27;1;-1],6,0},{'M',[16;144;7],3,[1;1;1],0,[4;NaN;NaN],[7;-120;7],2,[NaN;NaN;0],[9;9;-63],2,[NaN;4;NaN]},{'A',[-14;-142;-5],4,[1;1;1],0,1,[-16;-144;-7],3,0},{'M',[383;457;440],9,[27;61;55],5,[NaN;NaN;3],[-137;457;-1001],8,[NaN;0;NaN],[383;-641;369],8,[0;NaN;NaN]},{'O',[383;457;440],9,[383;457;440],9,0},{'M',[410;488;740],8,[410;-642;370],7,[0;NaN;1],[27;61;55],5,[NaN;3;NaN]},{'O',[410;488;740],8,[410;488;740],8,0},{'M',[820;45;896],8,[7;-120;7],2,[NaN;NaN;7],[43;45;71],4,[NaN;0;NaN],[410;-642;370],7,[1;NaN;NaN]},{'O',[820;45;896],8,[820;45;896],8,0},{'M',[-137;-568;-1001],9,[-137;457;-1001],8,[0;NaN;0],[-14;-142;-5],4,[NaN;2;NaN]},{'O',[137;568;1001],9,[137;568;1001],9,0},{'M',[-14;-641;-5],9,[383;-641;369],8,[NaN;0;NaN],[-14;-142;-5],4,[0;NaN;0]},{'O',[14;641;5],9,[14;641;5],9,0}}
Adder graph: {{'M',[1;1;16],1,[1;1;1],0,[0;0;4]},{'A',[3;-1;18],2,[1;1;16],1,0,[1;-1;1],0,1},{'M',[24;-1;144],3,[3;-1;18],2,[3;0;3]},{'A',[112;-66;224],4,[24;-1;144],3,1,[1;-1;-1],0,6},{'A',[9;-7;-7],1,[1;1;1],0,0,[1;-1;-1],0,3},{'A',[-7;-5;-5],2,[1;1;1],0,1,[-9;-7;-7],1,0},{'M',[1024;-1;1024],3,[1;1;1],0,[10;NaN;10],[3;-1;18],2,[NaN;0;NaN]},{'M',[-448;-320;-7],3,[9;-7;-7],1,[NaN;NaN;0],[-7;-5;-5],2,[6;6;NaN]},{'A',[128;-641;1010],4,[1024;-1;1024],3,0,[-448;-320;-7],3,1},{'M',[64;64;1010],5,[1;1;1],0,[6;6;NaN],[128;-641;1010],4,[NaN;NaN;0]},{'A',[82;50;996],6,[64;64;1010],5,0,[9;-7;-7],1,1},{'M',[82;-40;996],7,[-7;-5;-5],2,[NaN;3;NaN],[82;50;996],6,[0;NaN;0]},{'M',[82;-132;64],7,[1;1;1],0,[NaN;NaN;6],[112;-66;224],4,[NaN;1;NaN],[82;50;996],6,[0;NaN;NaN]},{'A',[410;488;740],8,[82;-40;996],7,0,[82;132;-64],7,2},{'M',[72;-66;224],5,[112;-66;224],4,[NaN;0;0],[9;-7;-7],1,[3;NaN;NaN]},{'A',[65;-71;-229],6,[-7;-5;-5],2,0,[72;-66;-224],5,0},{'M',[-56;-66;1],5,[1;1;1],0,[NaN;NaN;0],[112;-66;224],4,[NaN;0;NaN],[-7;-5;-5],2,[3;NaN;NaN]},{'M',[65;-71;448],7,[112;-66;224],4,[NaN;NaN;1],[65;-71;-229],6,[0;0;NaN]},{'A',[-383;-457;-440],8,[-56;-66;1],5,3,[65;71;-448],7,0},{'M',[130;50;996],7,[82;50;996],6,[NaN;0;0],[65;-71;-229],6,[1;NaN;NaN]},{'A',[-137;45;-1001],8,[-7;-5;-5],2,0,[-130;50;-996],7,0},{'O',[383;457;440],8,[383;457;440],8,0},{'O',[410;488;740],8,[410;488;740],8,0},{'M',[820;45;896],9,[112;-66;224],4,[NaN;NaN;2],[410;488;740],8,[1;NaN;NaN],[-137;45;-1001],8,[NaN;0;NaN]},{'O',[820;45;896],9,[820;45;896],9,0},{'M',[-137;-568;-1001],9,[65;-71;-229],6,[NaN;3;NaN],[-137;45;-1001],8,[0;NaN;0]},{'O',[137;568;1001],9,[137;568;1001],9,0},{'M',[-14;-641;-5],5,[-7;-5;-5],2,[1;NaN;0],[128;-641;1010],4,[NaN;0;NaN]},{'O',[14;641;5],5,[14;641;5],5,0}}
Adder graph: {{'M',[16;16;1],1,[1;1;1],0,[4;4;0]},{'A',[513;513;-31],2,[1;1;1],0,0,[16;16;-1],1,5},{'M',[1;32;32],1,[1;1;1],0,[0;5;5]},{'A',[5;36;-28],2,[1;1;1],0,2,[1;32;-32],1,0},{'M',[1;576;1],3,[1;1;1],0,[0;NaN;0],[5;36;-28],2,[NaN;4;NaN]},{'A',[9;568;9],4,[1;576;1],3,0,[1;-1;1],0,3},{'M',[9;513;9],5,[513;513;-31],2,[NaN;0;NaN],[9;568;9],4,[0;NaN;0]},{'M',[4;4;-31],3,[1;1;1],0,[2;2;NaN],[513;513;-31],2,[NaN;NaN;0]},{'A',[137;641;1001],6,[9;513;9],5,0,[4;4;31],3,5},{'M',[1;8;1],1,[1;1;1],0,[0;3;0]},{'M',[256;568;256],5,[1;1;1],0,[8;NaN;8],[9;568;9],4,[NaN;0;NaN]},{'A',[384;456;384],6,[1;8;1],1,7,[256;-568;256],5,0},{'M',[10;1;1],3,[1;1;1],0,[NaN;0;0],[5;36;-28],2,[1;NaN;NaN]},{'A',[14;3;5],4,[1;1;1],0,2,[10;-1;1],3,0},{'M',[1;1;-56],3,[1;1;1],0,[0;0;NaN],[5;36;-28],2,[NaN;NaN;1]},{'A',[383;457;440],7,[384;456;384],6,0,[-1;1;56],3,0},{'M',[1152;3;1152],5,[9;568;9],4,[7;NaN;7],[14;3;5],4,[NaN;0;NaN]},{'M',[128;3;128],5,[1;1;1],0,[7;NaN;7],[14;3;5],4,[NaN;0;NaN]},{'A',[-896;-45;-896],6,[1152;3;1152],5,0,[-128;-3;-128],5,4},{'M',[56;513;-31],5,[513;513;-31],2,[NaN;0;0],[14;3;5],4,[2;NaN;NaN]},{'A',[-98;1029;-57],6,[14;3;5],4,0,[-56;513;-31],5,1},{'M',[-98;6;-57],7,[14;3;5],4,[NaN;1;NaN],[-98;1029;-57],6,[0;NaN;0]},{'M',[9;256;256],5,[1;1;1],0,[NaN;8;8],[9;568;9],4,[0;NaN;NaN]},{'A',[-205;-244;-370],8,[-98;6;-57],7,1,[-9;-256;-256],5,0},{'O',[383;457;440],7,[383;457;440],7,0},{'O',[410;488;740],8,[205;244;370],8,1},{'M',[-820;-45;-896],9,[-896;-45;-896],6,[NaN;0;0],[-205;-244;-370],8,[2;NaN;NaN]},{'O',[820;45;896],9,[820;45;896],9,0},{'M',[137;568;1001],7,[9;568;9],4,[NaN;0;NaN],[137;641;1001],6,[0;NaN;0]},{'O',[137;568;1001],7,[137;568;1001],7,0},{'M',[14;641;5],7,[137;641;1001],6,[NaN;0;NaN],[14;3;5],4,[0;NaN;0]},{'O',[14;641;5],7,[14;641;5],7,0}}
Adder graph: {{'A',[5;5;5],1,[1;1;1],0,2,[1;1;1],0,0},{'M',[5;40;5],2,[5;5;5],1,[0;3;0]},{'A',[7;38;7],3,[5;40;5],2,0,[1;-1;1],0,1},{'M',[1;40;1],2,[1;1;1],0,[0;NaN;0],[5;5;5],1,[NaN;3;NaN]},{'A',[21;20;-19],3,[1;40;1],2,0,[5;-5;-5],1,2},{'M',[5;5;64],2,[1;1;1],0,[NaN;NaN;6],[5;5;5],1,[0;0;NaN]},{'A',[315;315;384],3,[5;5;5],1,6,[-5;-5;64],2,0},{'M',[10;38;7],4,[5;5;5],1,[1;NaN;NaN],[7;38;7],3,[NaN;0;0]},{'M',[14;5;14],4,[5;5;5],1,[NaN;0;NaN],[7;38;7],3,[1;NaN;1]},{'A',[34;71;28],5,[10;38;7],4,1,[14;-5;14],4,0},{'M',[21;20;256],4,[1;1;1],0,[NaN;NaN;8],[21;20;-19],3,[0;0;NaN]},{'M',[68;5;5],6,[5;5;5],1,[NaN;0;0],[34;71;28],5,[1;NaN;NaN]},{'A',[110;45;517],7,[21;20;256],4,1,[68;5;5],6,0},{'M',[110;71;14],8,[7;38;7],3,[NaN;NaN;1],[34;71;28],5,[NaN;0;NaN],[110;45;517],7,[0;NaN;NaN]},{'A',[205;244;370],9,[315;315;384],3,0,[-110;-71;-14],8,0},{'M',[84;80;517],8,[21;20;-19],3,[2;2;NaN],[110;45;517],7,[NaN;NaN;0]},{'A',[136;128;1002],9,[84;80;517],8,1,[-1;-1;-1],0,5},{'M',[136;640;1002],10,[5;5;5],1,[NaN;7;NaN],[136;128;1002],9,[0;NaN;0]},{'A',[137;641;1001],11,[136;640;1002],10,0,[1;1;-1],0,0},{'A',[383;457;440],6,[34;71;28],5,1,[315;315;384],3,0},{'O',[383;457;440],6,[383;457;440],6,0},{'O',[410;488;740],9,[205;244;370],9,1},{'M',[820;45;896],10,[34;71;28],5,[NaN;NaN;5],[110;45;517],7,[NaN;0;NaN],[205;244;370],9,[2;NaN;NaN]},{'O',[820;45;896],10,[820;45;896],10,0},{'M',[137;568;1001],12,[34;71;28],5,[NaN;3;NaN],[137;641;1001],11,[0;NaN;0]},{'O',[137;568;1001],12,[137;568;1001],12,0},{'M',[14;641;5],12,[5;5;5],1,[NaN;NaN;0],[7;38;7],3,[1;NaN;NaN],[137;641;1001],11,[NaN;0;NaN]},{'O',[14;641;5],12,[14;641;5],12,0}}
Adder graph: {{'M',[32;1;128],1,[1;1;1],0,[5;0;7]},{'A',[1024;528;-1536],2,[1;1;1],0,9,[32;1;-128],1,4},{'A',[5;5;3],1,[1;1;1],0,2,[1;1;-1],0,0},{'A',[39;41;23],2,[5;5;3],1,3,[-1;1;-1],0,0},{'M',[4;10;1],2,[1;1;1],0,[2;NaN;0],[5;5;3],1,[NaN;1;NaN]},{'A',[14;20;5],3,[5;5;3],1,1,[4;10;-1],2,0},{'M',[39;41;4],3,[1;1;1],0,[NaN;NaN;2],[39;41;23],2,[0;0;NaN]},{'A',[49;51;2],4,[5;5;3],1,1,[39;41;-4],3,0},{'M',[156;20;368],4,[39;41;23],2,[2;NaN;4],[14;20;5],3,[NaN;0;NaN]},{'A',[205;71;370],5,[49;51;2],4,0,[156;20;368],4,0},{'M',[49;51;512],5,[1;1;1],0,[NaN;NaN;9],[49;51;2],4,[0;0;NaN]},{'A',[137;61;1001],6,[49;51;512],5,1,[39;-41;-23],2,0},{'M',[1;1;1480],6,[1;1;1],0,[0;0;NaN],[205;71;370],5,[NaN;NaN;2]},{'A',[641;641;1096],7,[1;1;1480],6,0,[5;5;-3],1,7},{'M',[641;71;1096],8,[205;71;370],5,[NaN;0;NaN],[641;641;1096],7,[0;NaN;0]},{'A',[-383;-457;-440],9,[641;71;1096],8,0,[-1024;-528;-1536],2,0},{'A',[33;45;7],4,[14;20;5],3,1,[5;5;-3],1,0},{'O',[383;457;440],9,[383;457;440],9,0},{'M',[205;244;370],7,[205;71;370],5,[0;NaN;0],[137;61;1001],6,[NaN;2;NaN]},{'O',[410;488;740],7,[205;244;370],7,1},{'M',[820;45;896],6,[205;71;370],5,[2;NaN;NaN],[33;45;7],4,[NaN;0;7]},{'O',[820;45;896],6,[820;45;896],6,0},{'M',[137;568;1001],7,[205;71;370],5,[NaN;3;NaN],[137;61;1001],6,[0;NaN;0]},{'O',[137;568;1001],7,[137;568;1001],7,0},{'M',[14;641;5],8,[14;20;5],3,[0;NaN;0],[641;641;1096],7,[NaN;0;NaN]},{'O',[14;641;5],8,[14;641;5],8,0}}
Adder graph: {{'A',[7;9;7],1,[1;1;1],0,3,[-1;1;-1],0,0},{'M',[1;9;7],2,[1;1;1],0,[0;NaN;NaN],[7;9;7],1,[NaN;0;0]},{'A',[65;55;57],3,[1;1;1],0,6,[1;-9;-7],2,0},{'M',[1;1;112],2,[1;1;1],0,[0;0;NaN],[7;9;7],1,[NaN;NaN;4]},{'A',[1;1;114],3,[1;1;1],0,1,[-1;-1;112],2,0},{'A',[0;0;0],1,[1;1;1],0,-16,[-1;-1;-1],0,-16},{'A',[35;45;21],2,[7;9;7],1,2,[7;9;-7],1,0},{'M',[128;128;57],4,[1;1;1],0,[7;7;NaN],[65;55;57],3,[NaN;NaN;0]},{'M',[1;1;32],4,[1;1;1],0,[NaN;NaN;5],[1;1;114],3,[0;0;NaN]},{'A',[129;129;89],5,[128;128;57],4,0,[1;1;32],4,0},{'M',[128;128;21],3,[1;1;1],0,[7;7;NaN],[35;45;21],2,[NaN;NaN;0]},{'A',[641;641;5],6,[129;129;89],5,0,[128;128;-21],3,2},{'M',[7;8;7],2,[1;1;1],0,[NaN;3;NaN],[7;9;7],1,[0;NaN;0]},{'M',[65;55;8],4,[1;1;1],0,[NaN;NaN;3],[65;55;57],3,[0;0;NaN]},{'A',[383;457;440],5,[7;8;7],2,6,[-65;-55;-8],4,0},{'M',[65;64;114],4,[1;1;1],0,[NaN;6;NaN],[65;55;57],3,[0;NaN;NaN],[1;1;114],3,[NaN;NaN;0]},{'M',[35;45;64],3,[1;1;1],0,[NaN;NaN;6],[35;45;21],2,[0;0;NaN]},{'A',[410;488;740],5,[65;64;114],4,1,[35;45;64],3,3},{'M',[129;576;89],6,[7;9;7],1,[NaN;6;NaN],[129;129;89],5,[0;NaN;0]},{'A',[137;568;1001],7,[129;576;89],6,0,[1;-1;114],3,3},{'O',[383;457;440],5,[383;457;440],5,0},{'O',[410;488;740],5,[410;488;740],5,0},{'M',[820;45;896],6,[7;9;7],1,[NaN;NaN;7],[35;45;21],2,[NaN;0;NaN],[410;488;740],5,[1;NaN;NaN]},{'O',[820;45;896],6,[820;45;896],6,0},{'O',[137;568;1001],7,[137;568;1001],7,0},{'M',[14;641;5],7,[7;9;7],1,[1;NaN;NaN],[641;641;5],6,[NaN;0;0]},{'O',[14;641;5],7,[14;641;5],7,0}}
Adder graph: {{'A',[3;5;3],1,[1;1;1],0,2,[-1;1;-1],0,0},{'A',[14;22;14],2,[3;5;3],1,2,[1;1;1],0,1},{'M',[14;22;128],3,[1;1;1],0,[NaN;NaN;7],[14;22;14],2,[0;0;NaN]},{'A',[27;45;257],4,[14;22;128],3,1,[-1;1;1],0,0},{'M',[96;160;1],2,[1;1;1],0,[NaN;NaN;0],[3;5;3],1,[5;5;NaN]},{'A',[-383;641;5],3,[1;1;1],0,0,[-96;160;1],2,2},{'M',[27;256;12],5,[1;1;1],0,[NaN;8;NaN],[3;5;3],1,[NaN;NaN;2],[27;45;257],4,[0;NaN;NaN]},{'A',[81;467;-233],6,[27;256;12],5,1,[27;-45;-257],4,0},{'M',[6;5;6],2,[3;5;3],1,[1;0;1]},{'A',[93;-457;-221],7,[6;5;6],2,1,[81;-467;-233],6,0},{'M',[512;22;512],3,[1;1;1],0,[9;NaN;9],[14;22;14],2,[NaN;0;NaN]},{'A',[504;30;520],4,[512;22;512],3,0,[-1;1;1],0,3},{'A',[94;458;-220],8,[1;1;1],0,0,[93;457;-221],7,0},{'A',[410;488;740],9,[504;30;520],4,0,[-94;458;220],8,0},{'M',[14;22;192],3,[3;5;3],1,[NaN;NaN;6],[14;22;14],2,[0;0;NaN]},{'M',[81;480;-233],7,[81;467;-233],6,[0;NaN;0],[504;30;520],4,[NaN;4;NaN]},{'A',[137;568;1001],8,[14;22;192],3,2,[81;480;233],7,0},{'M',[-383;-457;-440],9,[-383;641;5],3,[0;NaN;NaN],[93;-457;-221],7,[NaN;0;NaN],[94;458;-220],8,[NaN;NaN;1]},{'O',[383;457;440],9,[383;457;440],9,0},{'O',[410;488;740],9,[410;488;740],9,0},{'M',[820;45;896],10,[14;22;14],2,[NaN;NaN;6],[27;45;257],4,[NaN;0;NaN],[410;488;740],9,[1;NaN;NaN]},{'O',[820;45;896],10,[820;45;896],10,0},{'O',[137;568;1001],8,[137;568;1001],8,0},{'M',[14;641;5],4,[14;22;14],2,[0;NaN;NaN],[-383;641;5],3,[NaN;0;0]},{'O',[14;641;5],4,[14;641;5],4,0}}
Adder graph: {{'A',[5;3;3],1,[1;1;1],0,2,[1;-1;-1],0,0},{'M',[1;32;1],1,[1;1;1],0,[0;5;0]},{'A',[41;56;23],2,[5;3;3],1,3,[1;32;-1],1,0},{'A',[201;152;119],3,[5;3;3],1,5,[41;56;23],2,0},{'A',[6;10;2],2,[5;3;3],1,1,[-1;1;-1],0,2},{'A',[-28;92;28],3,[5;3;3],1,2,[-6;10;2],2,3},{'M',[6;32;64],3,[1;1;1],0,[NaN;5;NaN],[6;10;2],2,[0;NaN;5]},{'A',[137;568;1001],4,[6;32;64],3,4,[41;56;-23],2,0},{'M',[4;92;28],4,[1;1;1],0,[2;NaN;NaN],[-28;92;28],3,[NaN;0;0]},{'A',[410;488;294],5,[201;152;119],3,1,[4;92;28],4,1},{'M',[41;80;23],3,[41;56;23],2,[0;NaN;0],[6;10;2],2,[NaN;3;NaN]},{'A',[327;641;185],4,[41;80;23],3,3,[-1;1;1],0,0},{'M',[327;641;384],5,[5;3;3],1,[NaN;NaN;7],[327;641;185],4,[0;0;NaN]},{'A',[383;457;440],6,[327;641;384],5,0,[28;-92;28],3,1},{'M',[1;24;1],2,[1;1;1],0,[0;NaN;0],[5;3;3],1,[NaN;3;NaN]},{'A',[7;45;5],3,[1;24;1],2,1,[5;-3;3],1,0},{'O',[383;457;440],6,[383;457;440],6,0},{'M',[410;488;740],6,[410;488;294],5,[0;0;NaN],[327;641;185],4,[NaN;NaN;2]},{'O',[410;488;740],6,[410;488;740],6,0},{'M',[820;45;896],6,[-28;92;28],3,[NaN;NaN;5],[410;488;294],5,[1;NaN;NaN],[7;45;5],3,[NaN;0;NaN]},{'O',[820;45;896],6,[820;45;896],6,0},{'O',[137;568;1001],4,[137;568;1001],4,0},{'M',[14;641;5],5,[327;641;185],4,[NaN;0;NaN],[7;45;5],3,[1;NaN;0]},{'O',[14;641;5],5,[14;641;5],5,0}}
Adder graph: {{'M',[2;1;2],1,[1;1;1],0,[1;0;1]},{'A',[7;5;7],2,[2;1;2],1,2,[-1;1;-1],0,0},{'A',[126;126;126],1,[1;1;1],0,7,[-1;-1;-1],0,1},{'M',[1;20;28],3,[1;1;1],0,[0;NaN;NaN],[7;5;7],2,[NaN;2;2]},{'A',[9;45;63],4,[1;20;28],3,1,[7;5;7],2,0},{'M',[224;160;1],3,[1;1;1],0,[NaN;NaN;0],[7;5;7],2,[5;5;NaN]},{'A',[-895;641;5],4,[1;1;1],0,0,[-224;160;1],3,2},{'M',[4;1;4],1,[1;1;1],0,[2;0;2]},{'A',[94;118;158],2,[126;126;126],1,0,[-4;-1;4],1,3},{'A',[29;-19;-27],3,[1;1;1],0,0,[7;-5;-7],2,2},{'A',[65;137;185],4,[94;118;158],2,0,[-29;19;27],3,0},{'M',[65;137;8],5,[1;1;1],0,[NaN;NaN;3],[65;137;185],4,[0;0;NaN]},{'A',[383;457;440],6,[7;5;7],2,6,[-65;137;-8],5,0},{'M',[7;-152;7],4,[7;5;7],2,[0;NaN;0],[29;-19;-27],3,[NaN;3;NaN]},{'A',[137;568;1001],5,[9;45;63],4,4,[-7;-152;-7],4,0},{'M',[94;16;158],3,[1;1;1],0,[NaN;4;NaN],[94;118;158],2,[0;NaN;0]},{'A',[410;488;662],4,[126;126;126],1,2,[-94;-16;158],3,0},{'O',[383;457;440],6,[383;457;440],6,0},{'M',[410;488;740],5,[65;137;185],4,[NaN;NaN;2],[410;488;662],4,[0;0;NaN]},{'O',[410;488;740],5,[410;488;740],5,0},{'M',[820;45;896],5,[7;5;7],2,[NaN;NaN;7],[9;45;63],4,[NaN;0;NaN],[410;488;662],4,[1;NaN;NaN]},{'O',[820;45;896],5,[820;45;896],5,0},{'O',[137;568;1001],5,[137;568;1001],5,0},{'M',[14;641;5],5,[7;5;7],2,[1;NaN;NaN],[-895;641;5],4,[NaN;0;0]},{'O',[14;641;5],5,[14;641;5],5,0}}
Adder graph: {{'A',[96;160;96],1,[1;1;1],0,7,[-1;1;-1],0,5},{'A',[14;14;14],1,[1;1;1],0,4,[-1;-1;-1],0,1},{'A',[20;20;20],1,[1;1;1],0,4,[1;1;1],0,2},{'M',[1;14;14],2,[1;1;1],0,[0;NaN;NaN],[14;14;14],1,[NaN;0;0]},{'A',[10;114;110],3,[1;14;14],2,3,[1;1;-1],0,1},{'A',[19;45;29],2,[96;160;96],1,-2,[-20;20;20],1,-2},{'A',[41;457;439],4,[10;114;110],3,2,[1;1;-1],0,0},{'M',[96;160;1],2,[1;1;1],0,[NaN;NaN;0],[96;160;96],1,[0;0;NaN]},{'A',[383;641;5],3,[96;160;1],2,2,[-1;1;1],0,0},{'M',[41;360;439],5,[19;45;29],2,[NaN;3;NaN],[41;457;439],4,[0;NaN;0]},{'A',[471;872;73],6,[1;1;1],0,9,[-41;360;-439],5,0},{'A',[137;568;1001],7,[19;45;29],2,5,[-471;-872;73],6,0},{'M',[19;20;146],7,[20;20;20],1,[NaN;0;NaN],[19;45;29],2,[0;NaN;NaN],[471;872;73],6,[NaN;NaN;1]},{'A',[410;488;740],8,[14;14;14],1,5,[-19;20;146],7,1},{'M',[383;457;440],5,[10;114;110],3,[NaN;NaN;2],[41;457;439],4,[NaN;0;NaN],[383;641;5],3,[0;NaN;NaN]},{'O',[383;457;440],5,[383;457;440],5,0},{'O',[410;488;740],8,[410;488;740],8,0},{'M',[820;45;896],9,[14;14;14],1,[NaN;NaN;6],[19;45;29],2,[NaN;0;NaN],[410;488;740],8,[1;NaN;NaN]},{'O',[820;45;896],9,[820;45;896],9,0},{'O',[137;568;1001],7,[137;568;1001],7,0},{'M',[14;641;5],4,[14;14;14],1,[0;NaN;NaN],[383;641;5],3,[NaN;0;0]},{'O',[14;641;5],4,[14;641;5],4,0}}
Finished solving after 259186 seconds
Adder graph: {{'A',[96;160;96],1,[1;1;1],0,7,[-1;1;-1],0,5},{'A',[14;14;14],1,[1;1;1],0,4,[-1;-1;-1],0,1},{'A',[20;20;20],1,[1;1;1],0,4,[1;1;1],0,2},{'M',[1;14;14],2,[1;1;1],0,[0;NaN;NaN],[14;14;14],1,[NaN;0;0]},{'A',[10;114;110],3,[1;14;14],2,3,[1;1;-1],0,1},{'A',[19;45;29],2,[96;160;96],1,-2,[-20;20;20],1,-2},{'A',[41;457;439],4,[10;114;110],3,2,[1;1;-1],0,0},{'M',[96;160;1],2,[1;1;1],0,[NaN;NaN;0],[96;160;96],1,[0;0;NaN]},{'A',[383;641;5],3,[96;160;1],2,2,[-1;1;1],0,0},{'M',[41;360;439],5,[19;45;29],2,[NaN;3;NaN],[41;457;439],4,[0;NaN;0]},{'A',[471;872;73],6,[1;1;1],0,9,[-41;360;-439],5,0},{'A',[137;568;1001],7,[19;45;29],2,5,[-471;-872;73],6,0},{'M',[19;20;146],7,[20;20;20],1,[NaN;0;NaN],[19;45;29],2,[0;NaN;NaN],[471;872;73],6,[NaN;NaN;1]},{'A',[410;488;740],8,[14;14;14],1,5,[-19;20;146],7,1},{'M',[383;457;440],5,[10;114;110],3,[NaN;NaN;2],[41;457;439],4,[NaN;0;NaN],[383;641;5],3,[0;NaN;NaN]},{'O',[383;457;440],5,[383;457;440],5,0},{'O',[410;488;740],8,[410;488;740],8,0},{'M',[820;45;896],9,[14;14;14],1,[NaN;NaN;6],[19;45;29],2,[NaN;0;NaN],[410;488;740],8,[1;NaN;NaN]},{'O',[820;45;896],9,[820;45;896],9,0},{'O',[137;568;1001],7,[137;568;1001],7,0},{'M',[14;641;5],4,[14;14;14],1,[0;NaN;NaN],[383;641;5],3,[NaN;0;0]},{'O',[14;641;5],4,[14;641;5],4,0}}
# Add optimal = 1
# Mux optimal = 0
# FAs optimal = 0
