Adder graph: {{'M',[2;2;1],1,[1;1;1],0,[1;1;0]},{'A',[-7;-7;5],2,[1;1;1],0,0,[-2;-2;1],1,2},{'M',[-28;-56;5],3,[-7;-7;5],2,[2;3;0]},{'M',[64;-7;256],3,[1;1;1],0,[6;NaN;8],[-7;-7;5],2,[NaN;0;NaN]},{'A',[-120;-105;-246],4,[-28;-56;5],3,1,[-64;7;-256],3,0},{'M',[-448;-105;-246],5,[-7;-7;5],2,[6;NaN;NaN],[-120;-105;-246],4,[NaN;0;0]},{'M',[-7;-112;16],3,[1;1;1],0,[NaN;NaN;4],[-7;-7;5],2,[0;4;NaN]},{'A',[-434;-329;-214],6,[-448;-105;-246],5,0,[7;-112;16],3,1},{'M',[2;4;1],1,[1;1;1],0,[1;2;0]},{'M',[-3584;1;2],3,[1;1;1],0,[NaN;0;1],[-7;-7;5],2,[9;NaN;NaN]},{'A',[-3582;5;-1],4,[2;4;1],1,0,[-3584;1;-2],3,0},{'M',[1;1280;-984],5,[1;1;1],0,[0;NaN;NaN],[-120;-105;-246],4,[NaN;NaN;2],[-3582;5;-1],4,[NaN;8;NaN]},{'M',[-7168;1;5],3,[1;1;1],0,[NaN;0;NaN],[-7;-7;5],2,[10;NaN;0]},{'A',[7169;1279;-989],6,[1;1280;-984],5,0,[7168;-1;-5],3,0},{'M',[-448;2;-214],7,[1;1;1],0,[NaN;1;NaN],[-7;-7;5],2,[6;NaN;NaN],[-434;-329;-214],6,[NaN;NaN;0]},{'M',[-7;40;128],5,[1;1;1],0,[NaN;NaN;7],[-7;-7;5],2,[0;NaN;NaN],[-3582;5;-1],4,[NaN;3;NaN]},{'A',[-455;42;-342],8,[-448;2;-214],7,0,[-7;40;-128],5,0},{'M',[64;-7;-428],7,[1;1;1],0,[6;NaN;NaN],[-7;-7;5],2,[NaN;0;NaN],[-434;-329;-214],6,[NaN;NaN;1]},{'M',[-910;16;-1],9,[1;1;1],0,[NaN;4;NaN],[-3582;5;-1],4,[NaN;NaN;0],[-455;42;-342],8,[1;NaN;NaN]},{'A',[974;-23;-429],10,[64;-7;-428],7,0,[910;-16;-1],9,0},{'M',[-434;10;-32],7,[-434;-329;-214],6,[0;NaN;NaN],[-3582;5;-1],4,[NaN;1;5]},{'M',[2;5;1],5,[1;1;1],0,[1;NaN;0],[-3582;5;-1],4,[NaN;0;NaN]},{'A',[-870;15;-63],8,[-434;10;-32],7,1,[-2;-5;1],5,0},{'M',[-455;-23;40],11,[-7;-7;5],2,[NaN;NaN;3],[-455;42;-342],8,[0;NaN;NaN],[974;-23;-429],10,[NaN;0;NaN]},{'M',[-868;-210;-246],7,[-120;-105;-246],4,[NaN;1;0],[-434;-329;-214],6,[1;NaN;NaN]},{'A',[413;187;286],12,[-455;-23;40],11,0,[868;210;246],7,0},{'M',[-480;672;-1],9,[-120;-105;-246],4,[2;NaN;NaN],[-3582;5;-1],4,[NaN;NaN;0],[-455;42;-342],8,[NaN;4;NaN]},{'M',[-455;1279;-1008],9,[7169;1279;-989],6,[NaN;0;NaN],[-455;42;-342],8,[0;NaN;NaN],[-870;15;-63],8,[NaN;NaN;4]},{'A',[-25;-607;1007],10,[-480;672;-1],9,0,[455;-1279;1008],9,0},{'M',[413;320;-989],13,[-3582;5;-1],4,[NaN;6;NaN],[7169;1279;-989],6,[NaN;NaN;0],[413;187;286],12,[0;NaN;NaN]},{'M',[-224;-7;-1368],9,[-7;-7;5],2,[5;0;NaN],[-455;42;-342],8,[NaN;NaN;2]},{'A',[637;327;379],14,[413;320;-989],13,0,[224;7;1368],9,0},{'M',[413;187;1007],13,[413;187;286],12,[0;0;NaN],[-25;-607;1007],10,[NaN;NaN;0]},{'O',[413;187;1007],13,[413;187;1007],13,0},{'M',[-870;-329;-429],11,[-434;-329;-214],6,[NaN;0;NaN],[974;-23;-429],10,[NaN;NaN;0],[-870;15;-63],8,[0;NaN;NaN]},{'O',[870;329;429],11,[870;329;429],11,0},{'M',[-100;-607;-684],11,[-455;42;-342],8,[NaN;NaN;1],[-25;-607;1007],10,[2;0;NaN]},{'O',[100;607;684],11,[100;607;684],11,0},{'O',[637;327;379],14,[637;327;379],14,0},{'M',[974;30;286],13,[974;-23;-429],10,[0;NaN;NaN],[-870;15;-63],8,[NaN;1;NaN],[413;187;286],12,[NaN;NaN;0]},{'O',[974;30;286],13,[974;30;286],13,0}}
Adder graph: {{'M',[4;1;4],1,[1;1;1],0,[2;0;2]},{'M',[1;512;512],1,[1;1;1],0,[0;9;9]},{'A',[14;-1020;-1008],2,[4;1;4],1,2,[-1;-512;-512],1,1},{'M',[14;64;-1008],3,[1;1;1],0,[NaN;6;NaN],[14;-1020;-1008],2,[0;NaN;0]},{'M',[1;8;4096],1,[1;1;1],0,[0;3;12]},{'A',[13;56;-5104],4,[14;64;-1008],3,0,[-1;-8;-4096],1,0},{'M',[1;56;1],5,[1;1;1],0,[0;NaN;0],[13;56;-5104],4,[NaN;0;NaN]},{'M',[16;-1020;32],3,[1;1;1],0,[4;NaN;5],[14;-1020;-1008],2,[NaN;0;NaN]},{'A',[48;2936;80],6,[1;56;1],5,4,[16;1020;32],3,1},{'M',[2;2936;1],7,[1;1;1],0,[1;NaN;0],[48;2936;80],6,[NaN;0;NaN]},{'M',[1;-2040;16],3,[1;1;1],0,[0;NaN;4],[14;-1020;-1008],2,[NaN;1;NaN]},{'A',[1;896;17],8,[2;2936;1],7,0,[-1;-2040;16],3,0},{'M',[64;-1020;256],9,[1;1;1],0,[NaN;NaN;8],[14;-1020;-1008],2,[NaN;0;NaN],[1;896;17],8,[6;NaN;NaN]},{'M',[192;256;17],9,[1;1;1],0,[NaN;8;NaN],[48;2936;80],6,[2;NaN;NaN],[1;896;17],8,[NaN;NaN;0]},{'A',[448;-4336;1007],10,[64;-1020;256],9,2,[192;-256;-17],9,0},{'M',[256;1;17],9,[1;1;1],0,[NaN;0;NaN],[1;896;17],8,[8;NaN;0]},{'M',[3328;8;80],7,[1;1;1],0,[NaN;3;NaN],[13;56;-5104],4,[8;NaN;NaN],[48;2936;80],6,[NaN;NaN;0]},{'A',[6912;-15;-143],10,[256;1;17],9,0,[3328;-8;-80],7,1},{'M',[448;896;-143],11,[1;896;17],8,[NaN;0;NaN],[448;-4336;1007],10,[0;NaN;NaN],[6912;-15;-143],10,[NaN;NaN;0]},{'M',[48;-4336;1007],11,[48;2936;80],6,[0;NaN;NaN],[448;-4336;1007],10,[NaN;0;0]},{'A',[25;327;54],12,[448;896;-143],11,-4,[-48;4336;1007],11,-4},{'M',[6912;56;-5104],11,[13;56;-5104],4,[NaN;0;0],[6912;-15;-143],10,[0;NaN;NaN]},{'A',[435;187;-314],12,[6912;56;-5104],11,-4,[48;2936;80],6,-4},{'M',[50;896;1007],13,[1;896;17],8,[NaN;0;NaN],[448;-4336;1007],10,[NaN;NaN;0],[25;327;54],12,[1;NaN;NaN]},{'M',[512;374;-314],13,[1;1;1],0,[9;NaN;NaN],[435;187;-314],12,[NaN;1;0]},{'A',[-974;148;379],14,[50;896;1007],13,0,[-512;-374;-314],13,1},{'M',[13;592;-143],15,[13;56;-5104],4,[0;NaN;NaN],[6912;-15;-143],10,[NaN;NaN;0],[-974;148;379],14,[NaN;2;NaN]},{'M',[400;-15;-314],13,[6912;-15;-143],10,[NaN;0;NaN],[25;327;54],12,[4;NaN;NaN],[435;187;-314],12,[NaN;NaN;0]},{'A',[413;607;171],16,[13;592;-143],15,0,[400;15;314],13,0},{'M',[224;327;-143],13,[14;-1020;-1008],2,[4;NaN;NaN],[6912;-15;-143],10,[NaN;NaN;0],[25;327;54],12,[NaN;0;NaN]},{'M',[413;2;-572],17,[1;1;1],0,[NaN;1;NaN],[6912;-15;-143],10,[NaN;NaN;2],[413;607;171],16,[0;NaN;NaN]},{'A',[637;329;429],18,[224;327;-143],13,0,[413;2;572],17,0},{'M',[413;187;1007],17,[448;-4336;1007],10,[NaN;NaN;0],[435;187;-314],12,[NaN;0;NaN],[413;607;171],16,[0;NaN;NaN]},{'O',[413;187;1007],17,[413;187;1007],17,0},{'M',[870;329;429],19,[435;187;-314],12,[1;NaN;NaN],[637;329;429],18,[NaN;0;0]},{'O',[870;329;429],19,[870;329;429],19,0},{'M',[100;607;684],17,[25;327;54],12,[2;NaN;NaN],[413;607;171],16,[NaN;0;2]},{'O',[100;607;684],17,[100;607;684],17,0},{'M',[637;327;379],19,[25;327;54],12,[NaN;0;NaN],[-974;148;379],14,[NaN;NaN;0],[637;329;429],18,[0;NaN;NaN]},{'O',[637;327;379],19,[637;327;379],19,0},{'M',[-974;-30;-286],15,[6912;-15;-143],10,[NaN;1;1],[-974;148;379],14,[0;NaN;NaN]},{'O',[974;30;286],15,[974;30;286],15,0}}
Adder graph: {{'M',[1;64;128],1,[1;1;1],0,[0;6;7]},{'M',[1;1;2],1,[1;1;1],0,[0;0;1]},{'A',[9;72;144],2,[1;64;128],1,0,[1;1;2],1,3},{'M',[1;1;8],1,[1;1;1],0,[0;0;3]},{'M',[1;4;4],1,[1;1;1],0,[0;2;2]},{'A',[3;8;28],2,[1;1;8],1,2,[-1;4;-4],1,0},{'M',[1;32;2],1,[1;1;1],0,[0;5;1]},{'M',[12;576;144],3,[9;72;144],2,[NaN;3;0],[3;8;28],2,[2;NaN;NaN]},{'A',[25;1184;-286],4,[1;32;2],1,0,[12;576;-144],3,1},{'M',[50;1;512],5,[1;1;1],0,[NaN;0;9],[25;1184;-286],4,[1;NaN;NaN]},{'M',[200;72;2],5,[1;1;1],0,[NaN;NaN;1],[9;72;144],2,[NaN;0;NaN],[25;1184;-286],4,[3;NaN;NaN]},{'A',[-750;289;504],6,[50;1;512],5,0,[-200;72;-2],5,2},{'M',[50;1;1792],5,[1;1;1],0,[NaN;0;NaN],[3;8;28],2,[NaN;NaN;6],[25;1184;-286],4,[1;NaN;NaN]},{'M',[64;8;256],3,[1;1;1],0,[6;NaN;8],[3;8;28],2,[NaN;0;NaN]},{'A',[-974;129;5888],6,[50;1;1792],5,0,[-64;8;256],3,4},{'M',[-750;289;144],7,[9;72;144],2,[NaN;NaN;0],[-750;289;504],6,[0;0;NaN]},{'A',[-431;-40;1436],8,[-974;129;5888],6,-2,[-750;-289;-144],7,-2},{'M',[1600;2;504],7,[1;1;1],0,[NaN;1;NaN],[25;1184;-286],4,[6;NaN;NaN],[-750;289;504],6,[NaN;NaN;0]},{'M',[25;4;4],5,[1;1;1],0,[NaN;2;2],[25;1184;-286],4,[0;NaN;NaN]},{'A',[1800;-30;472],8,[1600;2;504],7,0,[25;-4;-4],5,3},{'M',[-862;-40;112],9,[3;8;28],2,[NaN;NaN;2],[-431;-40;1436],8,[1;0;NaN]},{'M',[8;289;-572],7,[1;1;1],0,[3;NaN;NaN],[25;1184;-286],4,[NaN;NaN;1],[-750;289;504],6,[NaN;0;NaN]},{'A',[-870;-329;684],10,[-862;-40;112],9,0,[-8;-289;572],7,0},{'M',[1800;1184;-286],9,[25;1184;-286],4,[NaN;0;0],[1800;-30;472],8,[0;NaN;NaN]},{'M',[-974;-30;472],9,[-974;129;5888],6,[0;NaN;NaN],[1800;-30;472],8,[NaN;0;0]},{'A',[413;607;-379],10,[1800;1184;-286],9,-1,[-974;30;-472],9,-1},{'M',[-1500;-329;1008],11,[-750;289;504],6,[1;NaN;1],[-870;-329;684],10,[NaN;0;NaN]},{'M',[-862;2;1],9,[1;1;1],0,[NaN;1;0],[-431;-40;1436],8,[1;NaN;NaN]},{'A',[-638;-327;1007],12,[-1500;-329;1008],11,0,[862;2;-1],9,0},{'M',[-638;-329;1007],13,[-870;-329;684],10,[NaN;0;NaN],[-638;-327;1007],12,[0;NaN;0]},{'M',[1;516;1436],9,[1;1;1],0,[0;NaN;NaN],[-974;129;5888],6,[NaN;2;NaN],[-431;-40;1436],8,[NaN;NaN;0]},{'A',[-637;187;-429],14,[-638;-329;1007],13,0,[1;516;-1436],9,0},{'M',[413;187;1007],15,[413;607;-379],10,[0;NaN;NaN],[-638;-327;1007],12,[NaN;NaN;0],[-637;187;-429],14,[NaN;0;NaN]},{'O',[413;187;1007],15,[413;187;1007],15,0},{'M',[-870;-329;-429],15,[-870;-329;684],10,[0;0;NaN],[-637;187;-429],14,[NaN;NaN;0]},{'O',[870;329;429],15,[870;329;429],15,0},{'M',[100;607;684],11,[25;1184;-286],4,[2;NaN;NaN],[-870;-329;684],10,[NaN;NaN;0],[413;607;-379],10,[NaN;0;NaN]},{'O',[100;607;684],11,[100;607;684],11,0},{'M',[-637;-327;-379],15,[413;607;-379],10,[NaN;NaN;0],[-638;-327;1007],12,[NaN;0;NaN],[-637;187;-429],14,[0;NaN;NaN]},{'O',[637;327;379],15,[637;327;379],15,0},{'M',[-974;-30;-286],9,[25;1184;-286],4,[NaN;NaN;0],[-974;129;5888],6,[0;NaN;NaN],[1800;-30;472],8,[NaN;0;NaN]},{'O',[974;30;286],9,[974;30;286],9,0}}
Adder graph: {{'M',[1;1;4],1,[1;1;1],0,[0;0;2]},{'M',[256;4;1],1,[1;1;1],0,[8;2;0]},{'A',[-240;20;63],2,[1;1;4],1,4,[-256;4;-1],1,0},{'M',[1;160;1],3,[1;1;1],0,[0;NaN;0],[-240;20;63],2,[NaN;3;NaN]},{'M',[1;128;16],1,[1;1;1],0,[0;7;4]},{'A',[5;768;20],4,[1;160;1],3,2,[1;128;16],1,0},{'M',[10;320;63],5,[-240;20;63],2,[NaN;4;0],[5;768;20],4,[1;NaN;NaN]},{'M',[20;16;20],5,[1;1;1],0,[NaN;4;NaN],[5;768;20],4,[2;NaN;0]},{'A',[30;304;83],6,[10;320;63],5,0,[20;-16;20],5,0},{'M',[160;1;16],5,[1;1;1],0,[NaN;0;4],[5;768;20],4,[5;NaN;NaN]},{'M',[5;8;332],7,[1;1;1],0,[NaN;3;NaN],[5;768;20],4,[0;NaN;NaN],[30;304;83],6,[NaN;NaN;2]},{'A',[165;-7;348],8,[160;1;16],5,0,[5;-8;332],7,0},{'M',[30;304;512],7,[1;1;1],0,[NaN;NaN;9],[30;304;83],6,[0;0;NaN]},{'M',[40;1;20],5,[1;1;1],0,[NaN;0;NaN],[5;768;20],4,[3;NaN;0]},{'A',[100;607;1044],8,[30;304;512],7,1,[40;-1;20],5,0},{'M',[165;-7;40],9,[5;768;20],4,[NaN;NaN;1],[165;-7;348],8,[0;0;NaN]},{'M',[1;1;32],1,[1;1;1],0,[0;0;5]},{'A',[157;1;296],10,[165;-7;40],9,0,[-1;1;32],1,3},{'M',[-480;40;83],7,[-240;20;63],2,[1;1;NaN],[30;304;83],6,[NaN;NaN;0]},{'M',[5024;-7;20],11,[5;768;20],4,[NaN;NaN;0],[165;-7;348],8,[NaN;0;NaN],[157;1;296],10,[5;NaN;NaN]},{'A',[1184;327;684],12,[-480;40;83],7,3,[5024;7;20],11,0},{'M',[157;20;512],11,[1;1;1],0,[NaN;NaN;9],[-240;20;63],2,[NaN;0;NaN],[157;1;296],10,[0;NaN;NaN]},{'M',[480;327;83],13,[30;304;83],6,[4;NaN;0],[1184;327;684],12,[NaN;0;NaN]},{'A',[637;347;429],14,[157;20;512],11,0,[480;327;-83],13,0},{'M',[157;347;83],15,[30;304;83],6,[NaN;NaN;0],[157;1;296],10,[0;NaN;NaN],[637;347;429],14,[NaN;0;NaN]},{'M',[256;160;296],11,[1;1;1],0,[8;NaN;NaN],[-240;20;63],2,[NaN;3;NaN],[157;1;296],10,[NaN;NaN;0]},{'A',[413;187;379],16,[157;347;83],15,0,[256;-160;296],11,0},{'M',[157;1;1008],11,[-240;20;63],2,[NaN;NaN;4],[157;1;296],10,[0;0;NaN]},{'M',[330;-14;1],9,[1;1;1],0,[NaN;NaN;0],[165;-7;348],8,[1;1;NaN]},{'A',[487;15;1007],12,[157;1;1008],11,0,[330;14;-1],9,0},{'M',[1184;327;1044],13,[100;607;1044],8,[NaN;NaN;0],[1184;327;684],12,[0;0;NaN]},{'M',[157;1;379],17,[157;1;296],10,[0;0;NaN],[413;187;379],16,[NaN;NaN;0]},{'A',[870;329;286],18,[1184;327;1044],13,0,[-157;1;-379],17,1},{'M',[413;187;1007],17,[413;187;379],16,[0;0;NaN],[487;15;1007],12,[NaN;NaN;0]},{'O',[413;187;1007],17,[413;187;1007],17,0},{'M',[870;329;429],19,[637;347;429],14,[NaN;NaN;0],[870;329;286],18,[0;0;NaN]},{'O',[870;329;429],19,[870;329;429],19,0},{'M',[100;607;684],13,[100;607;1044],8,[0;0;NaN],[1184;327;684],12,[NaN;NaN;0]},{'O',[100;607;684],13,[100;607;684],13,0},{'M',[637;327;379],17,[1184;327;684],12,[NaN;0;NaN],[637;347;429],14,[0;NaN;NaN],[413;187;379],16,[NaN;NaN;0]},{'O',[637;327;379],17,[637;327;379],17,0},{'M',[974;30;286],19,[487;15;1007],12,[1;1;NaN],[870;329;286],18,[NaN;NaN;0]},{'O',[974;30;286],19,[974;30;286],19,0}}
Adder graph: {{'M',[2;1;2],1,[1;1;1],0,[1;0;1]},{'M',[1;1;64],1,[1;1;1],0,[0;0;6]},{'A',[7;3;72],2,[2;1;2],1,2,[-1;-1;64],1,0},{'M',[224;2048;1],3,[1;1;1],0,[NaN;11;0],[7;3;72],2,[5;NaN;NaN]},{'M',[7;3;144],3,[7;3;72],2,[0;0;1]},{'A',[217;2045;-143],4,[224;2048;1],3,0,[-7;-3;-144],3,0},{'M',[7;96;32],3,[1;1;1],0,[NaN;NaN;5],[7;3;72],2,[0;5;NaN]},{'M',[217;2045;-572],5,[217;2045;-143],4,[0;0;2]},{'A',[-189;2429;700],6,[7;96;32],3,2,[-217;2045;572],5,0},{'M',[32;2429;1152],7,[1;1;1],0,[5;NaN;NaN],[7;3;72],2,[NaN;NaN;4],[-189;2429;700],6,[NaN;0;NaN]},{'M',[7;4;-143],5,[1;1;1],0,[NaN;2;NaN],[7;3;72],2,[0;NaN;NaN],[217;2045;-143],4,[NaN;NaN;0]},{'A',[25;2425;1295],8,[32;2429;1152],7,0,[-7;-4;143],5,0},{'M',[-189;2425;700],9,[-189;2429;700],6,[0;NaN;0],[25;2425;1295],8,[NaN;0;NaN]},{'A',[-49;607;193],10,[-189;2425;700],9,-2,[-7;3;72],2,-2},{'M',[50;8;1295],9,[1;1;1],0,[NaN;3;NaN],[25;2425;1295],8,[1;NaN;0]},{'M',[200;3;288],9,[7;3;72],2,[NaN;0;2],[25;2425;1295],8,[3;NaN;NaN]},{'A',[-150;11;1007],10,[50;8;1295],9,0,[-200;3;-288],9,0},{'M',[1736;1;-1144],5,[1;1;1],0,[NaN;0;NaN],[217;2045;-143],4,[3;NaN;3]},{'M',[7;32;-143],5,[1;1;1],0,[NaN;5;NaN],[7;3;72],2,[0;NaN;NaN],[217;2045;-143],4,[NaN;NaN;0]},{'A',[3479;-30;-2145],6,[1736;1;-1144],5,1,[7;-32;143],5,0},{'M',[25;2429;700],9,[-189;2429;700],6,[NaN;0;0],[25;2425;1295],8,[0;NaN;NaN]},{'M',[32;12;1],3,[1;1;1],0,[5;NaN;0],[7;3;72],2,[NaN;2;NaN]},{'A',[-487;2621;684],10,[25;2429;700],9,0,[-32;12;-1],3,4},{'M',[217;11;-143],11,[217;2045;-143],4,[0;NaN;0],[-150;11;1007],10,[NaN;0;NaN]},{'M',[-49;44;-143],11,[217;2045;-143],4,[NaN;NaN;0],[-49;607;193],10,[0;NaN;NaN],[-150;11;1007],10,[NaN;2;NaN]},{'A',[413;187;429],12,[217;11;-143],11,0,[49;44;143],11,2},{'M',[3479;2621;-2145],11,[3479;-30;-2145],6,[0;NaN;0],[-487;2621;684],10,[NaN;0;NaN]},{'M',[1;11;1007],11,[1;1;1],0,[0;NaN;NaN],[-150;11;1007],10,[NaN;0;0]},{'A',[435;329;-394],12,[3479;2621;-2145],11,-3,[1;11;-1007],11,-3},{'M',[-487;2;-572],11,[1;1;1],0,[NaN;1;NaN],[217;2045;-143],4,[NaN;NaN;2],[-487;2621;684],10,[0;NaN;NaN]},{'M',[-150;329;193],13,[-49;607;193],10,[NaN;NaN;0],[-150;11;1007],10,[0;NaN;NaN],[435;329;-394],12,[NaN;0;NaN]},{'A',[-637;-327;-379],14,[-487;2;-572],11,0,[-150;-329;193],13,0},{'M',[413;187;1007],13,[-150;11;1007],10,[NaN;NaN;0],[413;187;429],12,[0;0;NaN]},{'O',[413;187;1007],13,[413;187;1007],13,0},{'M',[870;329;429],13,[413;187;429],12,[NaN;NaN;0],[435;329;-394],12,[1;0;NaN]},{'O',[870;329;429],13,[870;329;429],13,0},{'M',[100;607;684],11,[25;2425;1295],8,[2;NaN;NaN],[-49;607;193],10,[NaN;0;NaN],[-487;2621;684],10,[NaN;NaN;0]},{'O',[100;607;684],11,[100;607;684],11,0},{'O',[637;327;379],14,[637;327;379],14,0},{'M',[-974;-30;-286],11,[217;2045;-143],4,[NaN;NaN;1],[3479;-30;-2145],6,[NaN;0;NaN],[-487;2621;684],10,[1;NaN;NaN]},{'O',[974;30;286],11,[974;30;286],11,0}}
Adder graph: {{'M',[4;1;4],1,[1;1;1],0,[2;0;2]},{'M',[16;2;1],1,[1;1;1],0,[4;1;0]},{'A',[-28;-3;6],2,[4;1;4],1,0,[-16;-2;1],1,1},{'M',[512;-3;4],3,[1;1;1],0,[9;NaN;2],[-28;-3;6],2,[NaN;0;NaN]},{'M',[16;-3;96],3,[1;1;1],0,[4;NaN;NaN],[-28;-3;6],2,[NaN;0;4]},{'A',[384;-27;-764],4,[512;-3;4],3,0,[-16;-3;-96],3,3},{'A',[206;-15;-379],5,[384;-27;-764],4,-1,[28;-3;6],2,-1},{'M',[1;1024;1],1,[1;1;1],0,[0;10;0]},{'M',[412;-15;128],6,[1;1;1],0,[NaN;NaN;7],[206;-15;-379],5,[1;0;NaN]},{'A',[413;1039;-127],7,[1;1024;1],1,0,[412;15;-128],6,0},{'M',[-28;-108;6],5,[-28;-3;6],2,[0;NaN;0],[384;-27;-764],4,[NaN;2;NaN]},{'M',[8;-3;2],3,[1;1;1],0,[3;NaN;1],[-28;-3;6],2,[NaN;0;NaN]},{'A',[-44;-114;10],6,[-28;-108;6],5,0,[-8;-3;2],3,1},{'M',[206;-192;384],6,[-28;-3;6],2,[NaN;6;6],[206;-15;-379],5,[0;NaN;NaN]},{'M',[1024;-15;20],7,[1;1;1],0,[10;NaN;NaN],[206;-15;-379],5,[NaN;0;NaN],[-44;-114;10],6,[NaN;NaN;1]},{'A',[-1842;-162;424],8,[206;-192;384],6,0,[-1024;15;20],7,1},{'M',[-2816;-3;-127],8,[-28;-3;6],2,[NaN;0;NaN],[413;1039;-127],7,[NaN;NaN;0],[-44;-114;10],6,[6;NaN;NaN]},{'M',[-1842;-324;848],9,[-1842;-162;424],8,[0;1;1]},{'A',[-974;-327;721],10,[-2816;-3;-127],8,0,[1842;-324;848],9,0},{'M',[413;-192;-127],8,[-28;-3;6],2,[NaN;6;NaN],[413;1039;-127],7,[0;NaN;0]},{'M',[413;2;16],8,[1;1;1],0,[NaN;1;4],[413;1039;-127],7,[0;NaN;NaN]},{'A',[826;-190;-143],9,[413;-192;-127],8,0,[413;2;-16],8,0},{'M',[-224;-3;721],11,[-28;-3;6],2,[3;0;NaN],[-974;-327;721],10,[NaN;NaN;0]},{'M',[413;-190;-286],10,[413;1039;-127],7,[0;NaN;NaN],[826;-190;-143],9,[NaN;0;1]},{'A',[-637;187;1007],12,[-224;-3;721],11,0,[-413;190;286],10,0},{'M',[1024;2;-379],6,[1;1;1],0,[10;1;NaN],[206;-15;-379],5,[NaN;NaN;0]},{'A',[50;329;342],11,[1024;2;-379],6,0,[-974;327;721],10,0},{'M',[826;1039;-143],10,[413;1039;-127],7,[NaN;0;NaN],[826;-190;-143],9,[0;NaN;0]},{'M',[-44;-432;-572],10,[384;-27;-764],4,[NaN;4;NaN],[-44;-114;10],6,[0;NaN;NaN],[826;-190;-143],9,[NaN;NaN;2]},{'A',[870;607;429],11,[826;1039;-143],10,0,[44;-432;572],10,0},{'M',[413;187;1007],13,[413;1039;-127],7,[0;NaN;NaN],[-637;187;1007],12,[NaN;0;0]},{'O',[413;187;1007],13,[413;187;1007],13,0},{'M',[870;329;429],12,[50;329;342],11,[NaN;0;NaN],[870;607;429],11,[0;NaN;0]},{'O',[870;329;429],12,[870;329;429],12,0},{'M',[100;607;684],12,[50;329;342],11,[1;NaN;1],[870;607;429],11,[NaN;0;NaN]},{'O',[100;607;684],12,[100;607;684],12,0},{'M',[-637;-327;-379],13,[206;-15;-379],5,[NaN;NaN;0],[-974;-327;721],10,[NaN;0;NaN],[-637;187;1007],12,[0;NaN;NaN]},{'O',[637;327;379],13,[637;327;379],13,0},{'M',[-974;-30;-286],11,[206;-15;-379],5,[NaN;1;NaN],[-974;-327;721],10,[0;NaN;NaN],[826;-190;-143],9,[NaN;NaN;1]},{'O',[974;30;286],11,[974;30;286],11,0}}
Adder graph: {{'M',[1;2;4],1,[1;1;1],0,[0;1;2]},{'M',[1;4;8],1,[1;1;1],0,[0;2;3]},{'A',[17;-62;-124],2,[1;2;4],1,0,[1;-4;-8],1,4},{'M',[1;-124;1],3,[1;1;1],0,[0;NaN;0],[17;-62;-124],2,[NaN;1;NaN]},{'M',[17;8;8],3,[1;1;1],0,[NaN;3;3],[17;-62;-124],2,[0;NaN;NaN]},{'A',[-33;-140;-15],4,[1;-124;1],3,0,[-17;-8;-8],3,1},{'M',[2;-140;16],5,[1;1;1],0,[1;NaN;4],[-33;-140;-15],4,[NaN;0;NaN]},{'M',[17;-62;1],3,[1;1;1],0,[NaN;NaN;0],[17;-62;-124],2,[0;0;NaN]},{'A',[-13;-218;33],6,[2;-140;16],5,1,[-17;62;1],3,0},{'M',[17;-62;128],3,[1;1;1],0,[NaN;NaN;7],[17;-62;-124],2,[0;0;NaN]},{'M',[-208;1;-15],7,[1;1;1],0,[NaN;0;NaN],[-33;-140;-15],4,[NaN;NaN;0],[-13;-218;33],6,[4;NaN;NaN]},{'A',[225;-61;143],8,[17;-62;128],3,0,[208;1;15],7,0},{'A',[35;-125;-249],3,[17;-62;-124],2,1,[1;-1;-1],0,0},{'M',[-33;-140;143],9,[-33;-140;-15],4,[0;0;NaN],[225;-61;143],8,[NaN;NaN;0]},{'A',[-25;148;151],10,[1;1;1],0,3,[-33;140;143],9,0},{'M',[-13;-218;132],7,[-13;-218;33],6,[0;0;2]},{'M',[1;-248;1],3,[1;1;1],0,[0;NaN;0],[17;-62;-124],2,[NaN;2;NaN]},{'A',[-14;30;131],8,[-13;-218;132],7,0,[-1;248;-1],3,0},{'M',[35;-125;131],9,[35;-125;-249],3,[0;0;NaN],[-14;30;131],8,[NaN;NaN;0]},{'M',[-448;-62;302],11,[17;-62;-124],2,[NaN;0;NaN],[-25;148;151],10,[NaN;NaN;1],[-14;30;131],8,[5;NaN;NaN]},{'A',[-413;-187;-171],12,[35;-125;131],9,0,[-448;-62;-302],11,0},{'M',[900;-140;-248],9,[17;-62;-124],2,[NaN;NaN;1],[-33;-140;-15],4,[NaN;0;NaN],[225;-61;143],8,[2;NaN;NaN]},{'M',[-413;-187;131],13,[-14;30;131],8,[NaN;NaN;0],[-413;-187;-171],12,[0;0;NaN]},{'A',[487;-327;-379],14,[900;-140;-248],9,0,[-413;-187;-131],13,0},{'M',[-448;-140;-379],15,[-33;-140;-15],4,[NaN;0;NaN],[-14;30;131],8,[5;NaN;NaN],[487;-327;-379],14,[NaN;NaN;0]},{'M',[-26;-327;-249],15,[-13;-218;33],6,[1;NaN;NaN],[35;-125;-249],3,[NaN;NaN;0],[487;-327;-379],14,[NaN;0;NaN]},{'A',[-870;-607;-1007],16,[-448;-140;-379],15,1,[26;-327;-249],15,0},{'M',[-224;-327;143],15,[225;-61;143],8,[NaN;NaN;0],[-14;30;131],8,[4;NaN;NaN],[487;-327;-379],14,[NaN;0;NaN]},{'M',[-413;2;572],13,[1;1;1],0,[NaN;1;NaN],[225;-61;143],8,[NaN;NaN;2],[-413;-187;-171],12,[0;NaN;NaN]},{'A',[-637;-329;-429],16,[-224;-327;143],15,0,[-413;-2;-572],13,0},{'M',[-413;-187;-1007],17,[-413;-187;-171],12,[0;0;NaN],[-870;-607;-1007],16,[NaN;NaN;0]},{'O',[413;187;1007],17,[413;187;1007],17,0},{'M',[-870;-329;-429],17,[-870;-607;-1007],16,[0;NaN;NaN],[-637;-329;-429],16,[NaN;0;0]},{'O',[870;329;429],17,[870;329;429],17,0},{'M',[-100;-607;-684],17,[-25;148;151],10,[2;NaN;NaN],[-413;-187;-171],12,[NaN;NaN;2],[-870;-607;-1007],16,[NaN;0;NaN]},{'O',[100;607;684],17,[100;607;684],17,0},{'M',[-637;-327;-379],17,[487;-327;-379],14,[NaN;0;0],[-637;-329;-429],16,[0;NaN;NaN]},{'O',[637;327;379],17,[637;327;379],17,0},{'M',[974;30;286],15,[225;-61;143],8,[NaN;NaN;1],[-14;30;131],8,[NaN;0;NaN],[487;-327;-379],14,[1;NaN;NaN]},{'O',[974;30;286],15,[974;30;286],15,0}}
Adder graph: {{'M',[2;2;1],1,[1;1;1],0,[1;1;0]},{'A',[-1;-1;2],2,[1;1;1],0,0,[-2;-2;1],1,0},{'M',[-1;-1;1],3,[1;1;1],0,[NaN;NaN;0],[-1;-1;2],2,[0;0;NaN]},{'M',[-256;-1;2],3,[-1;-1;2],2,[8;0;0]},{'A',[-513;-3;-3],4,[-1;-1;1],3,0,[-256;-1;-2],3,1},{'M',[-16;-24;-3],5,[-1;-1;2],2,[4;NaN;NaN],[-513;-3;-3],4,[NaN;3;0]},{'A',[-65;-95;-14],6,[-16;-24;-3],5,2,[-1;1;-2],2,0},{'M',[32;-3;32],5,[1;1;1],0,[5;NaN;5],[-513;-3;-3],4,[NaN;0;NaN]},{'M',[-65;-95;1],7,[1;1;1],0,[NaN;NaN;0],[-65;-95;-14],6,[0;0;NaN]},{'A',[-33;92;31],8,[32;-3;32],5,0,[-65;95;-1],7,0},{'M',[-33;-95;31],9,[-65;-95;-14],6,[NaN;0;NaN],[-33;92;31],8,[0;NaN;0]},{'M',[-65;64;-14],7,[1;1;1],0,[NaN;6;NaN],[-65;-95;-14],6,[0;NaN;0]},{'A',[487;-607;143],10,[-33;-95;31],9,0,[65;-64;14],7,3},{'M',[128;1;128],1,[1;1;1],0,[7;0;7]},{'A',[-25;-603;-369],11,[487;-607;143],10,0,[-128;1;-128],1,2},{'M',[-33;92;143],11,[-33;92;31],8,[0;0;NaN],[487;-607;143],10,[NaN;NaN;0]},{'M',[1948;-95;572],11,[-65;-95;-14],6,[NaN;0;NaN],[487;-607;143],10,[2;NaN;2]},{'A',[-1981;187;-429],12,[-33;92;143],11,0,[-1948;95;-572],11,0},{'M',[-400;16;-3],12,[1;1;1],0,[NaN;4;NaN],[-513;-3;-3],4,[NaN;NaN;0],[-25;-603;-369],11,[4;NaN;NaN]},{'M',[-130;2;-429],13,[1;1;1],0,[NaN;1;NaN],[-65;-95;-14],6,[1;NaN;NaN],[-1981;187;-429],12,[NaN;NaN;0]},{'A',[-670;30;-435],14,[-400;16;-3],12,1,[130;-2;-429],13,0},{'M',[-670;256;-56],15,[1;1;1],0,[NaN;8;NaN],[-65;-95;-14],6,[NaN;NaN;2],[-670;30;-435],14,[0;NaN;NaN]},{'M',[-33;92;286],11,[-33;92;31],8,[0;0;NaN],[487;-607;143],10,[NaN;NaN;1]},{'A',[-637;164;-342],16,[-670;256;-56],15,0,[33;-92;-286],11,0},{'M',[-100;-1;-435],15,[-1;-1;2],2,[NaN;0;NaN],[-25;-603;-369],11,[2;NaN;NaN],[-670;30;-435],14,[NaN;NaN;0]},{'M',[-513;328;-56],17,[-513;-3;-3],4,[0;NaN;NaN],[-65;-95;-14],6,[NaN;NaN;2],[-637;164;-342],16,[NaN;1;NaN]},{'A',[413;-329;-379],18,[-100;-1;-435],15,0,[513;-328;56],17,0},{'M',[-200;1;572],12,[1;1;1],0,[NaN;0;NaN],[487;-607;143],10,[NaN;NaN;2],[-25;-603;-369],11,[3;NaN;NaN]},{'M',[-670;328;-435],17,[-670;30;-435],14,[0;NaN;0],[-637;164;-342],16,[NaN;1;NaN]},{'A',[-870;-327;1007],18,[-200;1;572],12,0,[-670;-328;435],17,0},{'M',[413;187;1007],19,[-1981;187;-429],12,[NaN;0;NaN],[413;-329;-379],18,[0;NaN;NaN],[-870;-327;1007],18,[NaN;NaN;0]},{'O',[413;187;1007],19,[413;187;1007],19,0},{'M',[-870;-329;-429],19,[-1981;187;-429],12,[NaN;NaN;0],[413;-329;-379],18,[NaN;0;NaN],[-870;-327;1007],18,[0;NaN;NaN]},{'O',[870;329;429],19,[870;329;429],19,0},{'M',[-100;-607;-684],17,[487;-607;143],10,[NaN;0;NaN],[-25;-603;-369],11,[2;NaN;NaN],[-637;164;-342],16,[NaN;NaN;1]},{'O',[100;607;684],17,[100;607;684],17,0},{'M',[-637;-327;-379],19,[-637;164;-342],16,[0;NaN;NaN],[413;-329;-379],18,[NaN;NaN;0],[-870;-327;1007],18,[NaN;0;NaN]},{'O',[637;327;379],19,[637;327;379],19,0},{'M',[974;30;286],15,[487;-607;143],10,[1;NaN;1],[-670;30;-435],14,[NaN;0;NaN]},{'O',[974;30;286],15,[974;30;286],15,0}}
Adder graph: {{'M',[16;1;1],1,[1;1;1],0,[4;0;0]},{'A',[-48;65;65],2,[16;1;1],1,0,[-1;1;1],0,6},{'M',[1;1;4],1,[1;1;1],0,[0;0;2]},{'M',[1;1;2],1,[1;1;1],0,[0;0;1]},{'A',[33;33;-60],2,[1;1;4],1,0,[1;1;-2],1,5},{'M',[33;33;16],3,[1;1;1],0,[NaN;NaN;4],[33;33;-60],2,[0;0;NaN]},{'M',[128;33;-60],3,[1;1;1],0,[7;NaN;NaN],[33;33;-60],2,[NaN;0;0]},{'A',[-223;99;-104],4,[33;33;16],3,0,[-128;33;-60],3,1},{'M',[33;65;65],3,[-48;65;65],2,[NaN;0;0],[33;33;-60],2,[0;NaN;NaN]},{'M',[-223;8;520],5,[1;1;1],0,[NaN;3;NaN],[-48;65;65],2,[NaN;NaN;3],[-223;99;-104],4,[0;NaN;NaN]},{'A',[-413;49;-975],6,[33;65;65],3,0,[-223;-8;-520],5,1},{'M',[33;8;-104],5,[1;1;1],0,[NaN;3;NaN],[33;33;-60],2,[0;NaN;NaN],[-223;99;-104],4,[NaN;NaN;0]},{'A',[677;15;143],7,[33;8;-104],5,3,[413;-49;975],6,0},{'M',[132;99;-104],5,[33;33;-60],2,[2;NaN;NaN],[-223;99;-104],4,[NaN;0;0]},{'M',[-223;130;260],5,[-48;65;65],2,[NaN;1;2],[-223;99;-104],4,[0;NaN;NaN]},{'A',[487;328;52],6,[132;99;-104],5,1,[223;130;260],5,0},{'M',[-192;65;52],7,[-48;65;65],2,[2;0;NaN],[487;328;52],6,[NaN;NaN;0]},{'M',[1;392;1],7,[1;1;1],0,[0;NaN;0],[-413;49;-975],6,[NaN;3;NaN]},{'A',[-191;-327;51],8,[-192;65;52],7,0,[1;-392;-1],7,0},{'M',[487;328;-60],7,[33;33;-60],2,[NaN;NaN;0],[487;328;52],6,[0;0;NaN]},{'M',[1024;-327;51],9,[1;1;1],0,[10;NaN;NaN],[-191;-327;51],8,[NaN;0;0]},{'A',[-50;329;-171],10,[487;328;-60],7,1,[-1024;-327;-51],9,0},{'M',[-191;-327;-975],9,[-413;49;-975],6,[NaN;NaN;0],[-191;-327;51],8,[0;0;NaN]},{'M',[1;128;16],1,[1;1;1],0,[0;7;4]},{'A',[-193;-583;-1007],10,[-191;-327;-975],9,0,[-1;-128;-16],1,1},{'M',[-191;49;-171],11,[-413;49;-975],6,[NaN;0;NaN],[-191;-327;51],8,[0;NaN;NaN],[-50;329;-171],10,[NaN;NaN;0]},{'M',[-223;328;-104],7,[-223;99;-104],4,[0;NaN;0],[487;328;52],6,[NaN;0;NaN]},{'A',[-637;-607;-379],12,[-191;49;-171],11,0,[-223;-328;-104],7,1},{'M',[677;396;143],8,[-223;99;-104],4,[NaN;2;NaN],[677;15;143],7,[0;NaN;0]},{'M',[-193;-583;286],11,[677;15;143],7,[NaN;NaN;1],[-193;-583;-1007],10,[0;0;NaN]},{'A',[870;-187;429],12,[677;396;143],8,0,[193;-583;286],11,0},{'M',[-413;-187;-1007],13,[-413;49;-975],6,[0;NaN;NaN],[-193;-583;-1007],10,[NaN;NaN;0],[870;-187;429],12,[NaN;0;NaN]},{'O',[413;187;1007],13,[413;187;1007],13,0},{'M',[870;329;429],13,[-50;329;-171],10,[NaN;0;NaN],[870;-187;429],12,[0;NaN;0]},{'O',[870;329;429],13,[870;329;429],13,0},{'M',[-100;-607;-684],13,[-50;329;-171],10,[1;NaN;2],[-637;-607;-379],12,[NaN;0;NaN]},{'O',[100;607;684],13,[100;607;684],13,0},{'M',[-637;-327;-379],13,[-191;-327;51],8,[NaN;0;NaN],[-637;-607;-379],12,[0;NaN;0]},{'O',[637;327;379],13,[637;327;379],13,0},{'M',[487;15;143],8,[677;15;143],7,[NaN;0;0],[487;328;52],6,[0;NaN;NaN]},{'O',[974;30;286],8,[487;15;143],8,1}}
Adder graph: {{'M',[1;1;2],1,[1;1;1],0,[0;0;1]},{'A',[3;3;5],2,[1;1;1],0,0,[1;1;2],1,1},{'M',[4;4;1],1,[1;1;1],0,[2;2;0]},{'A',[122;134;42],3,[4;4;1],1,5,[-3;3;5],2,1},{'M',[1;96;42],4,[1;1;1],0,[0;NaN;NaN],[3;3;5],2,[NaN;5;NaN],[122;134;42],3,[NaN;NaN;0]},{'M',[244;134;32],4,[1;1;1],0,[NaN;NaN;5],[122;134;42],3,[1;0;NaN]},{'A',[-487;-172;106],5,[1;96;42],4,0,[-244;-134;32],4,1},{'M',[-487;134;256],6,[1;1;1],0,[NaN;NaN;8],[122;134;42],3,[NaN;0;NaN],[-487;-172;106],5,[0;NaN;NaN]},{'M',[192;1;40],3,[1;1;1],0,[NaN;0;NaN],[3;3;5],2,[6;NaN;3]},{'A',[1124;520;384],7,[-487;134;256],6,2,[192;-1;-40],3,4},{'A',[501;327;171],8,[1124;520;384],7,-1,[-122;134;-42],3,-1},{'M',[192;1;1],3,[1;1;1],0,[NaN;0;0],[3;3;5],2,[6;NaN;NaN]},{'M',[122;8;8],4,[1;1;1],0,[NaN;3;3],[122;134;42],3,[0;NaN;NaN]},{'A',[-52;-15;17],5,[192;1;1],3,0,[-122;-8;8],4,1},{'M',[-487;-172;17],6,[-487;-172;106],5,[0;0;NaN],[-52;-15;17],5,[NaN;NaN;0]},{'M',[1124;-15;1024],8,[1;1;1],0,[NaN;NaN;10],[1124;520;384],7,[0;NaN;NaN],[-52;-15;17],5,[NaN;0;NaN]},{'A',[637;-187;-1007],9,[-487;-172;17],6,0,[1124;-15;-1024],8,0},{'M',[384;384;106],6,[3;3;5],2,[7;7;NaN],[-487;-172;106],5,[NaN;NaN;0]},{'A',[1539;1539;429],7,[3;3;5],2,0,[384;384;106],6,2},{'M',[1539;1539;384],8,[1124;520;384],7,[NaN;NaN;0],[1539;1539;429],7,[0;0;NaN]},{'M',[1952;2144;5],4,[3;3;5],2,[NaN;NaN;0],[122;134;42],3,[4;4;NaN]},{'A',[-413;-605;379],9,[1539;1539;384],8,0,[-1952;-2144;-5],4,0},{'M',[-104;-15;17],6,[-52;-15;17],5,[1;0;0]},{'M',[-487;-172;80],6,[3;3;5],2,[NaN;NaN;4],[-487;-172;106],5,[0;0;NaN]},{'A',[870;329;-143],7,[-104;-15;17],6,0,[487;172;-80],6,1},{'M',[24;1;-572],8,[1;1;1],0,[NaN;0;NaN],[3;3;5],2,[3;NaN;NaN],[870;329;-143],7,[NaN;NaN;2]},{'M',[-52;-605;858],10,[-52;-15;17],5,[0;NaN;NaN],[1539;1539;429],7,[NaN;NaN;1],[-413;-605;379],9,[NaN;0;NaN]},{'A',[100;607;-286],11,[24;1;-572],8,1,[52;605;858],10,0},{'M',[-413;-187;-1007],10,[637;-187;-1007],9,[NaN;0;0],[-413;-605;379],9,[0;NaN;NaN]},{'O',[413;187;1007],10,[413;187;1007],10,0},{'M',[870;329;429],8,[1539;1539;429],7,[NaN;NaN;0],[870;329;-143],7,[0;0;NaN]},{'O',[870;329;429],8,[870;329;429],8,0},{'M',[100;607;684],12,[501;327;171],8,[NaN;NaN;2],[100;607;-286],11,[0;0;NaN]},{'O',[100;607;684],12,[100;607;684],12,0},{'M',[637;327;379],10,[501;327;171],8,[NaN;0;NaN],[637;-187;-1007],9,[0;NaN;NaN],[-413;-605;379],9,[NaN;NaN;0]},{'O',[637;327;379],10,[637;327;379],10,0},{'M',[-974;-30;-286],12,[-487;-172;106],5,[1;NaN;NaN],[-52;-15;17],5,[NaN;1;NaN],[100;607;-286],11,[NaN;NaN;0]},{'O',[974;30;286],12,[974;30;286],12,0}}
Adder graph: {{'M',[1;4;1],1,[1;1;1],0,[0;2;0]},{'M',[1;4;4],1,[1;1;1],0,[0;2;2]},{'A',[-124;528;516],2,[1;4;1],1,2,[-1;4;4],1,7},{'M',[1;8;1],1,[1;1;1],0,[0;3;0]},{'M',[-124;128;128],3,[1;1;1],0,[NaN;7;7],[-124;528;516],2,[0;NaN;NaN]},{'A',[-488;-448;-504],4,[1;8;1],1,3,[-124;-128;-128],3,2},{'M',[-488;16;256],5,[1;1;1],0,[NaN;4;8],[-488;-448;-504],4,[0;NaN;NaN]},{'A',[-974;-30;-510],6,[1;1;1],0,1,[-488;-16;-256],5,1},{'M',[1;-960;8],7,[1;1;1],0,[0;NaN;3],[-974;-30;-510],6,[NaN;5;NaN]},{'M',[-248;4;1],3,[1;1;1],0,[NaN;2;0],[-124;528;516],2,[1;NaN;NaN]},{'A',[249;-956;7],8,[1;-960;8],7,0,[248;4;-1],3,0},{'M',[249;-956;-510],9,[-974;-30;-510],6,[NaN;NaN;0],[249;-956;7],8,[0;0;NaN]},{'M',[16;1;1],1,[1;1;1],0,[4;0;0]},{'A',[233;-957;-511],10,[249;-956;-510],9,0,[-16;-1;-1],1,0},{'M',[256;528;16],3,[1;1;1],0,[8;NaN;4],[-124;528;516],2,[NaN;0;NaN]},{'A',[513;1055;33],4,[256;528;16],3,1,[1;-1;1],0,0},{'M',[513;1055;224],9,[249;-956;7],8,[NaN;NaN;5],[513;1055;33],4,[0;0;NaN]},{'M',[-488;-448;-510],7,[-488;-448;-504],4,[0;0;NaN],[-974;-30;-510],6,[NaN;NaN;0]},{'A',[25;607;-286],10,[513;1055;224],9,0,[-488;-448;-510],7,0},{'M',[100;-30;1],11,[1;1;1],0,[NaN;NaN;0],[-974;-30;-510],6,[NaN;0;NaN],[25;607;-286],10,[2;NaN;NaN]},{'M',[513;-240;-1008],7,[-488;-448;-504],4,[NaN;NaN;1],[-974;-30;-510],6,[NaN;3;NaN],[513;1055;33],4,[0;NaN;NaN]},{'A',[-413;210;-1007],12,[100;-30;1],11,0,[-513;240;-1008],7,0},{'M',[996;210;28],13,[249;-956;7],8,[2;NaN;2],[-413;210;-1007],12,[NaN;0;NaN]},{'M',[128;607;-286],11,[1;1;1],0,[7;NaN;NaN],[25;607;-286],10,[NaN;0;0]},{'A',[1864;-187;342],14,[996;210;28],13,1,[-128;-607;286],11,0},{'M',[1864;210;342],15,[-413;210;-1007],12,[NaN;0;NaN],[1864;-187;342],14,[0;NaN;0]},{'M',[-124;-448;516],5,[-124;528;516],2,[0;NaN;0],[-488;-448;-504],4,[NaN;0;NaN]},{'A',[870;329;429],16,[1864;210;342],15,-1,[-124;448;516],5,-1},{'M',[233;2;-511],11,[1;1;1],0,[NaN;1;NaN],[233;-957;-511],10,[0;NaN;0]},{'M',[870;329;132],17,[513;1055;33],4,[NaN;NaN;2],[870;329;429],16,[0;0;NaN]},{'A',[-637;-327;-379],18,[233;2;-511],11,0,[-870;-329;132],17,0},{'M',[-413;-187;-1007],15,[-413;210;-1007],12,[0;NaN;0],[1864;-187;342],14,[NaN;0;NaN]},{'O',[413;187;1007],15,[413;187;1007],15,0},{'O',[870;329;429],16,[870;329;429],16,0},{'M',[100;607;684],15,[25;607;-286],10,[2;0;NaN],[1864;-187;342],14,[NaN;NaN;1]},{'O',[100;607;684],15,[100;607;684],15,0},{'O',[637;327;379],18,[637;327;379],18,0},{'M',[-974;-30;-286],11,[-974;-30;-510],6,[0;0;NaN],[25;607;-286],10,[NaN;NaN;0]},{'O',[974;30;286],11,[974;30;286],11,0}}
Adder graph: {{'M',[8;1;1],1,[1;1;1],0,[3;0;0]},{'A',[33;5;-3],2,[1;1;1],0,0,[8;1;-1],1,2},{'M',[33;1;1],3,[1;1;1],0,[NaN;0;0],[33;5;-3],2,[0;NaN;NaN]},{'M',[64;5;-3],3,[1;1;1],0,[6;NaN;NaN],[33;5;-3],2,[NaN;0;0]},{'A',[545;41;-23],4,[33;1;1],3,0,[64;5;-3],3,3},{'M',[128;1;-46],5,[1;1;1],0,[7;0;NaN],[545;41;-23],4,[NaN;NaN;1]},{'M',[1;8;8],1,[1;1;1],0,[0;3;3]},{'A',[130;-15;-62],6,[128;1;-46],5,0,[1;-8;-8],1,1},{'M',[4;4;-62],7,[1;1;1],0,[2;2;NaN],[130;-15;-62],6,[NaN;NaN;0]},{'A',[28;28;-492],8,[4;4;-62],7,3,[-1;-1;1],0,2},{'M',[66;10;-492],9,[33;5;-3],2,[1;1;NaN],[28;28;-492],8,[NaN;NaN;0]},{'A',[-413;61;-1007],10,[66;10;-492],9,1,[-545;41;-23],4,0},{'M',[130;8;-48],7,[1;1;1],0,[NaN;3;NaN],[33;5;-3],2,[NaN;NaN;4],[130;-15;-62],6,[0;NaN;NaN]},{'A',[-487;37;-195],8,[33;5;-3],2,0,[-130;8;-48],7,2},{'M',[-413;61;16],11,[1;1;1],0,[NaN;NaN;4],[-413;61;-1007],10,[0;0;NaN]},{'M',[224;224;-3],9,[33;5;-3],2,[NaN;NaN;0],[28;28;-492],8,[3;3;NaN]},{'A',[-637;285;19],12,[-413;61;16],11,0,[-224;224;3],9,0},{'M',[-5096;1;-195],13,[1;1;1],0,[NaN;0;NaN],[-487;37;-195],8,[NaN;NaN;0],[-637;285;19],12,[3;NaN;NaN]},{'M',[528;41;-23],5,[33;5;-3],2,[4;NaN;NaN],[545;41;-23],4,[NaN;0;0]},{'A',[-872;-327;-379],14,[-5096;1;-195],13,0,[528;-41;-23],5,3},{'M',[-5096;37;-124],13,[130;-15;-62],6,[NaN;NaN;1],[-487;37;-195],8,[NaN;0;NaN],[-637;285;19],12,[3;NaN;NaN]},{'M',[130;224;19],13,[130;-15;-62],6,[0;NaN;NaN],[28;28;-492],8,[NaN;3;NaN],[-637;285;19],12,[NaN;NaN;0]},{'A',[-4966;-187;-143],14,[-5096;37;-124],13,0,[130;-224;-19],13,0},{'M',[64;285;-12],13,[1;1;1],0,[6;NaN;NaN],[33;5;-3],2,[NaN;NaN;2],[-637;285;19],12,[NaN;0;NaN]},{'M',[28;37;-195],9,[28;28;-492],8,[0;NaN;NaN],[-487;37;-195],8,[NaN;0;0]},{'A',[100;607;171],14,[64;285;-12],13,1,[-28;37;195],9,0},{'M',[-872;-327;-143],15,[-872;-327;-379],14,[0;0;NaN],[-4966;-187;-143],14,[NaN;NaN;0]},{'M',[1;1;-143],15,[1;1;1],0,[0;0;NaN],[-4966;-187;-143],14,[NaN;NaN;0]},{'A',[-870;-329;-429],16,[-872;-327;-143],15,0,[1;-1;-143],15,1},{'M',[-413;-187;-1007],15,[-413;61;-1007],10,[0;NaN;0],[-4966;-187;-143],14,[NaN;0;NaN]},{'O',[413;187;1007],15,[413;187;1007],15,0},{'O',[870;329;429],16,[870;329;429],16,0},{'M',[100;607;684],15,[100;607;171],14,[0;0;2]},{'O',[100;607;684],15,[100;607;684],15,0},{'M',[-637;-327;-379],15,[-637;285;19],12,[0;NaN;NaN],[-872;-327;-379],14,[NaN;0;0]},{'O',[637;327;379],15,[637;327;379],15,0},{'M',[-487;-15;-143],15,[130;-15;-62],6,[NaN;0;NaN],[-487;37;-195],8,[0;NaN;NaN],[-4966;-187;-143],14,[NaN;NaN;0]},{'O',[974;30;286],15,[487;15;143],15,1}}
Adder graph: {{'M',[4;1;1],1,[1;1;1],0,[2;0;0]},{'A',[12;17;17],2,[1;1;1],0,4,[-4;1;1],1,0},{'M',[1;1;4],1,[1;1;1],0,[0;0;2]},{'A',[36;28;124],2,[1;1;4],1,5,[1;-1;-1],0,2},{'A',[44;-15;145],3,[12;17;17],2,0,[1;-1;4],1,5},{'M',[36;34;124],3,[12;17;17],2,[NaN;1;NaN],[36;28;124],2,[0;NaN;0]},{'M',[176;56;124],4,[36;28;124],2,[NaN;1;0],[44;-15;145],3,[2;NaN;NaN]},{'A',[-1664;192;1984],5,[36;34;124],3,5,[-176;-56;-124],4,4},{'M',[36;28;136],3,[12;17;17],2,[NaN;NaN;3],[36;28;124],2,[0;0;NaN]},{'M',[512;192;512],6,[1;1;1],0,[9;NaN;9],[-1664;192;1984],5,[NaN;0;NaN]},{'A',[1096;-328;-752],7,[36;28;136],3,1,[512;-192;-512],6,1},{'M',[576;448;17],3,[12;17;17],2,[NaN;NaN;0],[36;28;124],2,[4;4;NaN]},{'A',[612;420;-107],4,[576;448;17],3,0,[36;-28;-124],2,0},{'M',[1;1;17],3,[1;1;1],0,[0;0;NaN],[12;17;17],2,[NaN;NaN;0]},{'M',[12;28;512],3,[1;1;1],0,[NaN;NaN;9],[12;17;17],2,[0;NaN;NaN],[36;28;124],2,[NaN;0;NaN]},{'A',[25;-55;-1007],4,[1;1;17],3,0,[12;-28;-512],3,1},{'M',[-1664;-328;1984],8,[-1664;192;1984],5,[0;NaN;0],[1096;-328;-752],7,[NaN;0;NaN]},{'M',[12;420;-752],8,[12;17;17],2,[0;NaN;NaN],[1096;-328;-752],7,[NaN;NaN;0],[612;420;-107],4,[NaN;0;NaN]},{'A',[-413;-187;684],9,[-1664;-328;1984],8,-2,[12;-420;752],8,-2},{'M',[25;420;2],5,[1;1;1],0,[NaN;NaN;1],[612;420;-107],4,[NaN;0;NaN],[25;-55;-1007],4,[0;NaN;NaN]},{'M',[512;-187;145],10,[1;1;1],0,[9;NaN;NaN],[44;-15;145],3,[NaN;NaN;0],[-413;-187;684],9,[NaN;0;NaN]},{'A',[-487;607;-143],11,[25;420;2],5,0,[-512;187;-145],10,0},{'M',[44;1;1],4,[1;1;1],0,[NaN;0;0],[44;-15;145],3,[0;NaN;NaN]},{'M',[-826;-328;-428],10,[1096;-328;-752],7,[NaN;0;NaN],[612;420;-107],4,[NaN;NaN;2],[-413;-187;684],9,[1;NaN;NaN]},{'A',[870;329;429],11,[44;1;1],4,0,[826;328;428],10,0},{'M',[25;272;272],5,[12;17;17],2,[NaN;4;4],[25;-55;-1007],4,[0;NaN;NaN]},{'M',[612;-55;-107],5,[612;420;-107],4,[0;NaN;0],[25;-55;-1007],4,[NaN;0;NaN]},{'A',[637;327;379],6,[25;272;272],5,0,[612;55;107],5,0},{'M',[-413;-187;-1007],10,[25;-55;-1007],4,[NaN;NaN;0],[-413;-187;684],9,[0;0;NaN]},{'O',[413;187;1007],10,[413;187;1007],10,0},{'O',[870;329;429],11,[870;329;429],11,0},{'M',[100;607;684],12,[25;-55;-1007],4,[2;NaN;NaN],[-413;-187;684],9,[NaN;NaN;0],[-487;607;-143],11,[NaN;0;NaN]},{'O',[100;607;684],12,[100;607;684],12,0},{'O',[637;327;379],6,[637;327;379],6,0},{'M',[-487;-15;-143],12,[44;-15;145],3,[NaN;0;NaN],[-487;607;-143],11,[0;NaN;0]},{'O',[974;30;286],12,[487;15;143],12,1}}
Adder graph: {{'M',[1;1;2],1,[1;1;1],0,[0;0;1]},{'A',[3;3;-3],2,[1;1;1],0,0,[1;1;-2],1,1},{'M',[1;24;-24],3,[1;1;1],0,[0;NaN;NaN],[3;3;-3],2,[NaN;3;3]},{'M',[96;1;1],3,[1;1;1],0,[NaN;0;0],[3;3;-3],2,[5;NaN;NaN]},{'A',[-94;47;-49],4,[1;24;-24],3,1,[-96;-1;-1],3,0},{'M',[3;32;32],3,[1;1;1],0,[NaN;5;5],[3;3;-3],2,[0;NaN;NaN]},{'A',[97;79;-17],5,[3;32;32],3,0,[94;47;-49],4,0},{'M',[3;188;-3],5,[3;3;-3],2,[0;NaN;0],[-94;47;-49],4,[NaN;2;NaN]},{'A',[191;94;95],6,[3;188;-3],5,0,[94;-47;49],4,1},{'M',[194;94;95],7,[97;79;-17],5,[1;NaN;NaN],[191;94;95],6,[NaN;0;0]},{'A',[870;329;429],8,[194;94;95],7,2,[94;-47;49],4,0},{'M',[128;128;-17],6,[1;1;1],0,[7;7;NaN],[97;79;-17],5,[NaN;NaN;0]},{'M',[12;12;95],7,[3;3;-3],2,[2;2;NaN],[191;94;95],6,[NaN;NaN;0]},{'A',[160;352;-794],8,[128;128;-17],6,1,[-12;12;-95],7,3},{'M',[1;1;128],1,[1;1;1],0,[0;0;7]},{'M',[96;79;-17],6,[3;3;-3],2,[5;NaN;NaN],[97;79;-17],5,[NaN;0;0]},{'A',[104;-71;1007],7,[1;1;128],1,3,[96;-79;-17],6,0},{'M',[208;-71;-136],8,[97;79;-17],5,[NaN;NaN;3],[104;-71;1007],7,[1;0;NaN]},{'M',[3;329;429],9,[3;3;-3],2,[0;NaN;NaN],[870;329;429],8,[NaN;0;0]},{'A',[413;187;-701],10,[208;-71;-136],8,1,[-3;329;-429],9,0},{'M',[3;47;1],5,[1;1;1],0,[NaN;NaN;0],[3;3;-3],2,[0;NaN;NaN],[-94;47;-49],4,[NaN;0;NaN]},{'M',[320;187;190],11,[191;94;95],6,[NaN;NaN;1],[160;352;-794],8,[1;NaN;NaN],[413;187;-701],10,[NaN;0;NaN]},{'A',[-637;-327;-379],12,[3;47;1],5,0,[-320;-187;-190],11,1},{'M',[388;47;-701],11,[-94;47;-49],4,[NaN;0;NaN],[97;79;-17],5,[2;NaN;NaN],[413;187;-701],10,[NaN;NaN;0]},{'M',[413;-654;-17],13,[97;79;-17],5,[NaN;NaN;0],[413;187;-701],10,[0;NaN;NaN],[-637;-327;-379],12,[NaN;1;NaN]},{'A',[-25;-607;-684],14,[388;47;-701],11,0,[-413;-654;17],13,0},{'M',[-25;94;95],15,[191;94;95],6,[NaN;0;0],[-25;-607;-684],14,[0;NaN;NaN]},{'M',[512;79;-48],6,[1;1;1],0,[9;NaN;NaN],[3;3;-3],2,[NaN;NaN;4],[97;79;-17],5,[NaN;0;NaN]},{'A',[487;15;143],16,[-25;94;95],15,0,[512;-79;48],6,0},{'M',[413;187;1007],11,[104;-71;1007],7,[NaN;NaN;0],[413;187;-701],10,[0;0;NaN]},{'O',[413;187;1007],11,[413;187;1007],11,0},{'O',[870;329;429],8,[870;329;429],8,0},{'M',[-100;-607;-684],15,[-25;-607;-684],14,[2;0;0]},{'O',[100;607;684],15,[100;607;684],15,0},{'O',[637;327;379],12,[637;327;379],12,0},{'O',[974;30;286],16,[487;15;143],16,1}}
Adder graph: {{'M',[1;64;32],1,[1;1;1],0,[0;6;5]},{'A',[-3;-255;-127],2,[1;1;1],0,0,[-1;-64;-32],1,2},{'M',[1;1;8],1,[1;1;1],0,[0;0;3]},{'A',[129;129;-1023],2,[1;1;1],0,0,[1;1;-8],1,7},{'M',[1;4;4],1,[1;1;1],0,[0;2;2]},{'A',[121;97;-991],3,[129;129;-1023],2,0,[-1;-4;4],1,3},{'M',[-3;1;-127],3,[1;1;1],0,[NaN;0;NaN],[-3;-255;-127],2,[0;NaN;0]},{'M',[121;4;4],4,[1;1;1],0,[NaN;2;2],[121;97;-991],3,[0;NaN;NaN]},{'A',[-487;-15;-143],5,[-3;1;-127],3,0,[-121;-4;-4],4,2},{'M',[-3;4;4],3,[1;1;1],0,[NaN;2;2],[-3;-255;-127],2,[0;NaN;NaN]},{'M',[8;1;16],1,[1;1;1],0,[3;0;4]},{'A',[-104;127;112],4,[-3;4;4],3,5,[-8;-1;-16],1,0},{'M',[129;-60;-572],6,[129;129;-1023],2,[0;NaN;NaN],[-487;-15;-143],5,[NaN;2;2]},{'A',[25;187;684],7,[-104;127;112],4,0,[129;60;572],6,0},{'M',[-6;-15;-254],6,[-3;-255;-127],2,[1;NaN;1],[-487;-15;-143],5,[NaN;0;NaN]},{'A',[-290;74;-50],7,[-6;-15;-254],6,3,[-121;97;991],3,1},{'M',[-3;-255;16],3,[1;1;1],0,[NaN;NaN;4],[-3;-255;-127],2,[0;0;NaN]},{'M',[-416;508;-991],5,[121;97;-991],3,[NaN;NaN;0],[-104;127;112],4,[2;2;NaN]},{'A',[413;253;1007],6,[-3;-255;16],3,0,[416;508;991],5,0},{'M',[121;97;-143],6,[121;97;-991],3,[0;0;NaN],[-487;-15;-143],5,[NaN;NaN;0]},{'M',[-3;-255;-286],6,[-3;-255;-127],2,[0;0;NaN],[-487;-15;-143],5,[NaN;NaN;1]},{'A',[127;607;429],7,[121;97;-143],6,0,[3;255;286],6,1},{'M',[-290;74;-1016],8,[-3;-255;-127],2,[NaN;NaN;3],[-290;74;-50],7,[0;0;NaN]},{'M',[-1160;-255;4028],8,[-3;-255;-127],2,[NaN;0;NaN],[-290;74;-50],7,[2;NaN;NaN],[413;253;1007],6,[NaN;NaN;2]},{'A',[870;329;-5044],9,[-290;74;-1016],8,0,[1160;255;-4028],8,0},{'M',[508;74;-50],8,[-290;74;-50],7,[NaN;0;0],[127;607;429],7,[2;NaN;NaN]},{'M',[129;253;429],8,[129;129;-1023],2,[0;NaN;NaN],[413;253;1007],6,[NaN;0;NaN],[127;607;429],7,[NaN;NaN;0]},{'A',[637;327;379],9,[508;74;-50],8,0,[129;253;429],8,0},{'M',[413;187;1007],8,[25;187;684],7,[NaN;0;NaN],[413;253;1007],6,[0;NaN;0]},{'O',[413;187;1007],8,[413;187;1007],8,0},{'M',[870;329;429],10,[127;607;429],7,[NaN;NaN;0],[870;329;-5044],9,[0;0;NaN]},{'O',[870;329;429],10,[870;329;429],10,0},{'M',[100;607;684],8,[25;187;684],7,[2;NaN;0],[127;607;429],7,[NaN;0;NaN]},{'O',[100;607;684],8,[100;607;684],8,0},{'O',[637;327;379],9,[637;327;379],9,0},{'O',[974;30;286],5,[487;15;143],5,1}}
Adder graph: {{'A',[15;15;17],1,[1;1;1],0,4,[-1;-1;1],0,0},{'M',[30;15;34],2,[15;15;17],1,[1;0;1]},{'A',[128;52;144],3,[30;15;34],2,2,[1;-1;1],0,3},{'M',[15;52;17],4,[15;15;17],1,[0;NaN;0],[128;52;144],3,[NaN;0;NaN]},{'A',[135;172;-119],5,[15;52;17],4,0,[15;15;-17],1,3},{'M',[135;172;64],6,[1;1;1],0,[NaN;NaN;6],[135;172;-119],5,[0;0;NaN]},{'A',[285;329;145],7,[135;172;64],6,1,[15;-15;17],1,0},{'M',[15;15;1152],4,[15;15;17],1,[0;0;NaN],[128;52;144],3,[NaN;NaN;3]},{'M',[285;120;145],8,[15;15;17],1,[NaN;3;NaN],[285;329;145],7,[0;NaN;0]},{'A',[300;-105;1007],9,[15;15;1152],4,0,[285;-120;-145],8,0},{'M',[300;-105;144],10,[128;52;144],3,[NaN;NaN;0],[300;-105;1007],9,[0;0;NaN]},{'M',[135;416;-119],6,[128;52;144],3,[NaN;3;NaN],[135;172;-119],5,[0;NaN;0]},{'A',[870;622;50],11,[300;-105;144],10,1,[135;416;-119],6,1},{'M',[285;329;290],8,[285;329;145],7,[0;0;1]},{'M',[4;2;-119],6,[1;1;1],0,[2;1;NaN],[135;172;-119],5,[NaN;NaN;0]},{'A',[281;327;171],9,[285;329;290],8,0,[-4;-2;-119],6,0},{'M',[281;329;145],10,[285;329;145],7,[NaN;0;0],[281;327;171],9,[0;NaN;NaN]},{'M',[128;172;144],6,[128;52;144],3,[0;NaN;0],[135;172;-119],5,[NaN;0;NaN]},{'A',[25;-15;-143],11,[281;329;145],10,0,[-128;-172;-144],6,1},{'M',[128;-15;-143],12,[128;52;144],3,[0;NaN;NaN],[25;-15;-143],11,[NaN;0;0]},{'A',[-487;-75;429],13,[25;-15;-143],11,0,[-128;-15;143],12,2},{'M',[-487;-15;429],14,[25;-15;-143],11,[NaN;0;NaN],[-487;-75;429],13,[0;NaN;0]},{'M',[1124;622;50],12,[870;622;50],11,[NaN;0;0],[281;327;171],9,[2;NaN;NaN]},{'A',[637;607;379],15,[-487;-15;429],14,0,[1124;622;-50],12,0},{'M',[128;-420;144],10,[128;52;144],3,[0;NaN;0],[300;-105;1007],9,[NaN;2;NaN]},{'M',[285;607;379],16,[285;329;145],7,[0;NaN;NaN],[637;607;379],15,[NaN;0;0]},{'A',[413;187;523],17,[128;-420;144],10,0,[285;607;379],16,0},{'M',[413;187;1007],18,[300;-105;1007],9,[NaN;NaN;0],[413;187;523],17,[0;0;NaN]},{'O',[413;187;1007],18,[413;187;1007],18,0},{'M',[870;329;429],14,[285;329;145],7,[NaN;0;NaN],[870;622;50],11,[0;NaN;NaN],[-487;-75;429],13,[NaN;NaN;0]},{'O',[870;329;429],14,[870;329;429],14,0},{'M',[100;607;684],16,[281;327;171],9,[NaN;NaN;2],[25;-15;-143],11,[2;NaN;NaN],[637;607;379],15,[NaN;0;NaN]},{'O',[100;607;684],16,[100;607;684],16,0},{'M',[637;327;379],16,[281;327;171],9,[NaN;0;NaN],[637;607;379],15,[0;NaN;0]},{'O',[637;327;379],16,[637;327;379],16,0},{'M',[-487;-15;-143],14,[25;-15;-143],11,[NaN;0;0],[-487;-75;429],13,[0;NaN;NaN]},{'O',[974;30;286],14,[487;15;143],14,1}}
Adder graph: {{'A',[17;15;17],1,[1;1;1],0,4,[1;-1;1],0,0},{'M',[17;15;256],2,[1;1;1],0,[NaN;NaN;8],[17;15;17],1,[0;0;NaN]},{'M',[1;15;17],2,[1;1;1],0,[0;NaN;NaN],[17;15;17],1,[NaN;0;0]},{'A',[69;75;1007],3,[17;15;256],2,2,[1;15;-17],2,0},{'M',[17;15;68],2,[17;15;17],1,[0;0;2]},{'M',[16;16;17],2,[1;1;1],0,[4;4;NaN],[17;15;17],1,[NaN;NaN;0]},{'A',[50;46;119],3,[17;15;68],2,1,[16;16;-17],2,0},{'A',[9;-7;-7],1,[1;1;1],0,0,[1;-1;-1],0,3},{'M',[9;-7;32],2,[1;1;1],0,[NaN;NaN;5],[9;-7;-7],1,[0;0;NaN]},{'M',[32;75;1007],4,[1;1;1],0,[5;NaN;NaN],[69;75;1007],3,[NaN;0;0]},{'A',[73;143;2046],5,[9;-7;32],2,0,[32;75;1007],4,1},{'M',[69;120;136],4,[17;15;17],1,[NaN;3;3],[69;75;1007],3,[0;NaN;NaN]},{'M',[272;-7;-7],2,[17;15;17],1,[4;NaN;NaN],[9;-7;-7],1,[NaN;0;0]},{'A',[341;127;143],5,[69;120;136],4,0,[272;7;7],2,0},{'M',[73;-56;143],6,[9;-7;-7],1,[NaN;3;NaN],[73;143;2046],5,[0;NaN;NaN],[341;127;143],5,[NaN;NaN;0]},{'A',[974;30;286],7,[73;-56;143],6,2,[341;127;-143],5,1},{'M',[400;127;-28],6,[50;46;119],3,[3;NaN;NaN],[9;-7;-7],1,[NaN;NaN;2],[341;127;143],5,[NaN;0;NaN]},{'M',[341;240;143],8,[341;127;143],5,[0;NaN;0],[974;30;286],7,[NaN;3;NaN]},{'A',[-282;607;-314],9,[400;127;-28],6,0,[-341;240;-143],8,1},{'M',[576;127;143],6,[9;-7;-7],1,[6;NaN;NaN],[341;127;143],5,[NaN;0;0]},{'M',[-282;75;143],10,[69;75;1007],3,[NaN;0;NaN],[341;127;143],5,[NaN;NaN;0],[-282;607;-314],9,[0;NaN;NaN]},{'A',[870;329;429],11,[576;127;143],6,1,[-282;75;143],10,0},{'M',[73;143;1007],6,[69;75;1007],3,[NaN;NaN;0],[73;143;2046],5,[0;0;NaN]},{'M',[-282;92;-314],10,[50;46;119],3,[NaN;1;NaN],[-282;607;-314],9,[0;NaN;0]},{'A',[637;327;379],11,[73;143;1007],6,0,[282;92;-314],10,1},{'M',[36;30;-14],8,[9;-7;-7],1,[2;NaN;1],[974;30;286],7,[NaN;0;NaN]},{'A',[413;187;171],9,[341;127;143],5,0,[36;30;14],8,1},{'M',[413;187;1007],10,[69;75;1007],3,[NaN;NaN;0],[413;187;171],9,[0;0;NaN]},{'O',[413;187;1007],10,[413;187;1007],10,0},{'O',[870;329;429],11,[870;329;429],11,0},{'M',[100;607;684],10,[50;46;119],3,[1;NaN;NaN],[-282;607;-314],9,[NaN;0;NaN],[413;187;171],9,[NaN;NaN;2]},{'O',[100;607;684],10,[100;607;684],10,0},{'O',[637;327;379],11,[637;327;379],11,0},{'O',[974;30;286],7,[974;30;286],7,0}}
Adder graph: {{'M',[1;2;2],1,[1;1;1],0,[0;1;1]},{'A',[7;15;17],2,[1;2;2],1,3,[-1;-1;1],0,0},{'M',[1;4;1],1,[1;1;1],0,[0;2;0]},{'M',[112;1;17],3,[1;1;1],0,[NaN;0;NaN],[7;15;17],2,[4;NaN;0]},{'A',[-110;7;19],4,[1;4;1],1,1,[-112;-1;17],3,0},{'M',[32;15;32],3,[1;1;1],0,[5;NaN;5],[7;15;17],2,[NaN;0;NaN]},{'M',[7;15;4],3,[1;1;1],0,[NaN;NaN;2],[7;15;17],2,[0;0;NaN]},{'A',[135;75;124],4,[32;15;32],3,2,[7;15;-4],3,0},{'M',[112;240;124],5,[7;15;17],2,[4;4;NaN],[135;75;124],4,[NaN;NaN;0]},{'M',[7;60;68],3,[7;15;17],2,[0;2;2]},{'A',[210;600;112],6,[112;240;124],5,1,[-7;60;-68],3,1},{'M',[420;75;1024],7,[1;1;1],0,[NaN;NaN;10],[135;75;124],4,[NaN;0;NaN],[210;600;112],6,[1;NaN;NaN]},{'M',[7;112;17],5,[7;15;17],2,[0;NaN;0],[-110;7;19],4,[NaN;4;NaN]},{'A',[413;187;1007],8,[420;75;1024],7,0,[-7;112;-17],5,0},{'M',[7;15;1007],9,[7;15;17],2,[0;0;NaN],[413;187;1007],8,[NaN;NaN;0]},{'A',[217;615;895],10,[7;15;1007],9,0,[210;600;-112],6,0},{'M',[270;75;124],5,[135;75;124],4,[1;0;0]},{'M',[217;7;19],11,[-110;7;19],4,[NaN;0;0],[217;615;895],10,[0;NaN;NaN]},{'A',[487;82;143],12,[270;75;124],5,0,[217;7;19],11,0},{'M',[217;600;112],11,[210;600;112],6,[NaN;0;0],[217;615;895],10,[0;NaN;NaN]},{'M',[2;7;19],5,[1;1;1],0,[1;NaN;NaN],[-110;7;19],4,[NaN;0;0]},{'A',[870;2393;429],12,[217;600;112],11,2,[2;-7;-19],5,0},{'M',[217;82;143],13,[217;615;895],10,[0;NaN;NaN],[487;82;143],12,[NaN;0;0]},{'M',[448;1;1088],3,[1;1;1],0,[NaN;0;NaN],[7;15;17],2,[6;NaN;6]},{'A',[420;329;-516],14,[217;82;143],13,2,[-448;1;-1088],3,0},{'M',[217;656;895],13,[217;615;895],10,[0;NaN;0],[487;82;143],12,[NaN;3;NaN]},{'A',[637;327;379],15,[217;656;895],13,0,[420;-329;-516],14,0},{'M',[-110;7;572],13,[-110;7;19],4,[0;0;NaN],[487;82;143],12,[NaN;NaN;2]},{'A',[100;607;684],14,[-110;7;572],13,0,[210;600;112],6,0},{'O',[413;187;1007],8,[413;187;1007],8,0},{'M',[870;329;429],15,[870;2393;429],12,[0;NaN;0],[420;329;-516],14,[NaN;0;NaN]},{'O',[870;329;429],15,[870;329;429],15,0},{'O',[100;607;684],14,[100;607;684],14,0},{'O',[637;327;379],15,[637;327;379],15,0},{'M',[487;15;143],13,[7;15;17],2,[NaN;0;NaN],[487;82;143],12,[0;NaN;0]},{'O',[974;30;286],13,[487;15;143],13,1}}
Adder graph: {{'M',[4;4;1],1,[1;1;1],0,[2;2;0]},{'M',[1;2;1],1,[1;1;1],0,[0;1;0]},{'A',[31;30;7],2,[4;4;1],1,3,[-1;-2;-1],1,0},{'M',[1;16;1],1,[1;1;1],0,[0;4;0]},{'A',[9;127;9],2,[1;16;1],1,3,[1;-1;1],0,0},{'M',[32;30;7],3,[1;1;1],0,[5;NaN;NaN],[31;30;7],2,[NaN;0;0]},{'A',[63;59;13],4,[32;30;7],3,1,[-1;-1;-1],0,0},{'M',[31;254;224],3,[31;30;7],2,[0;NaN;5],[9;127;9],2,[NaN;1;NaN]},{'M',[288;59;13],5,[9;127;9],2,[5;NaN;NaN],[63;59;13],4,[NaN;0;0]},{'A',[350;567;435],6,[31;254;224],3,1,[288;59;-13],5,0},{'M',[1;1;9],3,[1;1;1],0,[0;0;NaN],[9;127;9],2,[NaN;NaN;0]},{'M',[9;1;1],3,[1;1;1],0,[NaN;0;0],[9;127;9],2,[0;NaN;NaN]},{'A',[50;30;286],4,[1;1;9],3,5,[9;-1;-1],3,1},{'M',[9;127;256],3,[1;1;1],0,[NaN;NaN;8],[9;127;9],2,[0;0;NaN]},{'M',[8;30;7],3,[1;1;1],0,[3;NaN;NaN],[31;30;7],2,[NaN;0;0]},{'A',[26;224;505],4,[9;127;256],3,1,[8;-30;-7],3,0},{'M',[700;567;435],7,[350;567;435],6,[1;0;0]},{'M',[63;240;56],5,[31;30;7],2,[NaN;3;3],[63;59;13],4,[0;NaN;NaN]},{'A',[637;327;379],8,[700;567;435],7,0,[-63;-240;-56],5,0},{'M',[350;127;435],7,[9;127;9],2,[NaN;0;NaN],[350;567;435],6,[0;NaN;0]},{'M',[63;60;572],5,[63;59;13],4,[0;NaN;NaN],[50;30;286],4,[NaN;1;1]},{'A',[413;187;1007],8,[350;127;435],7,0,[63;60;572],5,0},{'M',[26;567;435],7,[350;567;435],6,[NaN;0;0],[26;224;505],4,[0;NaN;NaN]},{'M',[350;567;1007],9,[350;567;435],6,[0;0;NaN],[413;187;1007],8,[NaN;NaN;0]},{'A',[726;-567;2449],10,[26;567;435],7,0,[350;-567;1007],9,1},{'M',[9;127;572],5,[9;127;9],2,[0;0;NaN],[50;30;286],4,[NaN;NaN;1]},{'A',[487;607;684],6,[31;30;7],2,4,[-9;127;572],5,0},{'M',[36;224;505],5,[9;127;9],2,[2;NaN;NaN],[26;224;505],4,[NaN;0;0]},{'A',[870;329;429],11,[726;-567;2449],10,0,[36;224;-505],5,2},{'O',[413;187;1007],8,[413;187;1007],8,0},{'O',[870;329;429],11,[870;329;429],11,0},{'M',[100;607;684],7,[50;30;286],4,[1;NaN;NaN],[487;607;684],6,[NaN;0;0]},{'O',[100;607;684],7,[100;607;684],7,0},{'O',[637;327;379],8,[637;327;379],8,0},{'M',[974;30;286],7,[50;30;286],4,[NaN;0;0],[487;607;684],6,[1;NaN;NaN]},{'O',[974;30;286],7,[974;30;286],7,0}}
Adder graph: {{'M',[1;4;4],1,[1;1;1],0,[0;2;2]},{'A',[5;15;17],2,[1;4;4],1,2,[1;-1;1],0,0},{'M',[128;15;128],3,[1;1;1],0,[7;NaN;7],[5;15;17],2,[NaN;0;NaN]},{'M',[160;15;17],3,[5;15;17],2,[5;0;0]},{'A',[864;105;1007],4,[128;15;128],3,3,[-160;-15;-17],3,0},{'M',[128;15;2],3,[1;1;1],0,[7;NaN;1],[5;15;17],2,[NaN;0;NaN]},{'M',[1;1;136],3,[1;1;1],0,[0;0;NaN],[5;15;17],2,[NaN;NaN;3]},{'A',[513;59;144],4,[128;15;2],3,2,[1;-1;136],3,0},{'M',[1;2;1],1,[1;1;1],0,[0;1;0]},{'A',[26;2;50],3,[1;2;1],1,4,[5;-15;17],2,1},{'M',[5;128;17],3,[1;1;1],0,[NaN;7;NaN],[5;15;17],2,[0;NaN;0]},{'M',[1;30;34],3,[1;1;1],0,[0;NaN;NaN],[5;15;17],2,[NaN;1;1]},{'A',[-3;-112;289],4,[5;128;17],3,0,[-1;-30;34],3,3},{'A',[3;23;-9],3,[1;1;1],0,3,[-5;15;-17],2,0},{'M',[26;8;200],4,[26;2;50],3,[0;2;2]},{'M',[3;59;144],5,[513;59;144],4,[NaN;0;0],[3;23;-9],3,[0;NaN;NaN]},{'A',[413;187;3344],6,[26;8;200],4,4,[-3;59;144],5,0},{'A',[-870;-329;-429],5,[-3;-112;289],4,1,[-864;-105;-1007],4,0},{'M',[26;1;1],4,[1;1;1],0,[NaN;0;0],[26;2;50],3,[0;NaN;NaN]},{'M',[513;16;144],5,[513;59;144],4,[0;NaN;0],[26;2;50],3,[NaN;3;NaN]},{'A',[-487;-15;-143],6,[26;1;1],4,0,[-513;-16;-144],5,0},{'M',[513;420;4028],5,[864;105;1007],4,[NaN;2;2],[513;59;144],4,[0;NaN;NaN]},{'A',[100;607;684],7,[513;420;4028],5,0,[-413;187;-3344],6,0},{'M',[3;-329;-429],6,[3;23;-9],3,[0;NaN;NaN],[-870;-329;-429],5,[NaN;0;0]},{'M',[640;2;50],4,[5;15;17],2,[7;NaN;NaN],[26;2;50],3,[NaN;0;0]},{'A',[-637;-327;-379],7,[3;-329;-429],6,0,[-640;2;50],4,0},{'M',[413;187;1007],7,[864;105;1007],4,[NaN;NaN;0],[413;187;3344],6,[0;0;NaN]},{'O',[413;187;1007],7,[413;187;1007],7,0},{'O',[870;329;429],5,[870;329;429],5,0},{'O',[100;607;684],7,[100;607;684],7,0},{'O',[637;327;379],7,[637;327;379],7,0},{'O',[974;30;286],6,[487;15;143],6,1}}
Adder graph: {{'M',[1;4;1],1,[1;1;1],0,[0;2;0]},{'A',[12;28;12],2,[1;4;1],1,3,[1;-1;1],0,2},{'M',[48;28;48],3,[12;28;12],2,[2;0;2]},{'A',[1728;1344;1728],4,[48;28;48],3,5,[12;28;12],2,4},{'A',[435;329;429],5,[1728;1344;1728],4,-2,[12;-28;-12],2,-2},{'M',[192;448;1728],5,[12;28;12],2,[4;4;NaN],[1728;1344;1728],4,[NaN;NaN;0]},{'M',[1;1344;1728],5,[1;1;1],0,[0;NaN;NaN],[1728;1344;1728],4,[NaN;0;0]},{'A',[383;2240;1728],6,[192;448;1728],5,1,[-1;1344;-1728],5,0},{'M',[64;1;64],1,[1;1;1],0,[6;0;6]},{'A',[129;-1;129],2,[1;1;1],0,0,[64;-1;64],1,1},{'A',[127;1;127],3,[129;-1;129],2,0,[-1;1;-1],0,1},{'M',[435;8;8],6,[1;1;1],0,[NaN;3;3],[435;329;429],5,[0;NaN;NaN]},{'M',[383;1;127],7,[383;2240;1728],6,[0;NaN;NaN],[127;1;127],3,[NaN;0;0]},{'A',[487;15;143],8,[435;8;8],6,1,[-383;-1;127],7,0},{'M',[383;329;508],7,[435;329;429],5,[NaN;0;NaN],[383;2240;1728],6,[0;NaN;NaN],[127;1;127],3,[NaN;NaN;2]},{'M',[254;2;129],4,[129;-1;129],2,[NaN;NaN;0],[127;1;127],3,[1;1;NaN]},{'A',[637;327;379],8,[383;329;508],7,0,[254;-2;-129],4,0},{'M',[12;-16;2],3,[1;1;1],0,[NaN;NaN;1],[12;28;12],2,[0;NaN;NaN],[129;-1;129],2,[NaN;4;NaN]},{'M',[127;15;256],9,[1;1;1],0,[NaN;NaN;8],[127;1;127],3,[0;NaN;NaN],[487;15;143],8,[NaN;0;NaN]},{'A',[-412;-188;-1008],10,[12;-16;2],3,3,[-127;-15;-256],9,2},{'M',[12;2240;1728],7,[12;28;12],2,[0;NaN;NaN],[383;2240;1728],6,[NaN;0;0]},{'A',[-100;-607;-684],11,[-412;-188;-1008],10,-2,[12;-2240;-1728],7,-2},{'A',[-413;-187;-1007],11,[-412;-188;-1008],10,0,[-1;1;1],0,0},{'O',[413;187;1007],11,[413;187;1007],11,0},{'M',[870;329;429],6,[435;329;429],5,[1;0;0]},{'O',[870;329;429],6,[870;329;429],6,0},{'O',[100;607;684],11,[100;607;684],11,0},{'O',[637;327;379],8,[637;327;379],8,0},{'O',[974;30;286],8,[487;15;143],8,1}}
Adder graph: {{'A',[3;3;5],1,[1;1;1],0,2,[-1;-1;1],0,0},{'A',[13;19;11],2,[1;1;1],0,4,[-3;3;-5],1,0},{'M',[3;3;10],2,[3;3;5],1,[0;0;1]},{'A',[224;224;608],3,[3;3;10],2,6,[1;1;-1],0,5},{'M',[3;3;22],3,[3;3;5],1,[0;0;NaN],[13;19;11],2,[NaN;NaN;1]},{'M',[1;3;5],2,[1;1;1],0,[0;NaN;NaN],[3;3;5],1,[NaN;0;0]},{'A',[25;27;171],4,[3;3;22],3,3,[1;3;-5],2,0},{'M',[128;27;128],5,[1;1;1],0,[7;NaN;7],[25;27;171],4,[NaN;0;NaN]},{'A',[320;165;192],6,[3;3;5],1,6,[128;-27;-128],5,0},{'M',[1;1;5],2,[1;1;1],0,[0;0;NaN],[3;3;5],1,[NaN;NaN;0]},{'A',[-639;-329;-379],7,[1;1;5],2,0,[-320;-165;-192],6,1},{'M',[224;64;64],4,[1;1;1],0,[NaN;6;6],[224;224;608],3,[0;NaN;NaN]},{'A',[-128;37;64],7,[320;165;192],6,0,[-224;-64;-64],4,1},{'M',[1;1;10],2,[1;1;1],0,[0;0;NaN],[3;3;5],1,[NaN;NaN;1]},{'A',[-637;-327;-399],8,[-639;-329;-379],7,0,[1;1;-10],2,1},{'M',[-128;3;64],8,[3;3;5],1,[NaN;0;NaN],[-128;37;64],7,[0;NaN;0]},{'M',[25;27;-399],9,[25;27;171],4,[0;0;NaN],[-637;-327;-399],8,[NaN;NaN;0]},{'A',[-487;-15;-143],10,[-128;3;64],8,2,[25;-27;-399],9,0},{'M',[-487;296;-143],11,[-128;37;64],7,[NaN;3;NaN],[-487;-15;-143],10,[0;NaN;0]},{'M',[104;-15;-143],11,[13;19;11],2,[3;NaN;NaN],[-487;-15;-143],10,[NaN;0;0]},{'A',[-870;607;-429],12,[-487;296;-143],11,1,[104;15;-143],11,0},{'M',[-637;37;-399],9,[-128;37;64],7,[NaN;0;NaN],[-637;-327;-399],8,[0;NaN;0]},{'A',[-413;-187;-1007],10,[-637;37;-399],9,0,[224;-224;-608],3,0},{'O',[413;187;1007],10,[413;187;1007],10,0},{'M',[-870;-329;-429],13,[-639;-329;-379],7,[NaN;0;NaN],[-870;607;-429],12,[0;NaN;0]},{'O',[870;329;429],13,[870;329;429],13,0},{'M',[100;607;684],13,[25;27;171],4,[2;NaN;2],[-870;607;-429],12,[NaN;0;NaN]},{'O',[100;607;684],13,[100;607;684],13,0},{'M',[-637;-327;-379],9,[-639;-329;-379],7,[NaN;NaN;0],[-637;-327;-399],8,[0;0;NaN]},{'O',[637;327;379],9,[637;327;379],9,0},{'O',[974;30;286],10,[487;15;143],10,1}}
Adder graph: {{'A',[5;3;5],1,[1;1;1],0,2,[1;-1;1],0,0},{'M',[5;96;160],2,[5;3;5],1,[0;5;5]},{'A',[13;104;152],3,[5;96;160],2,0,[1;1;-1],0,3},{'M',[4;1;1],1,[1;1;1],0,[2;0;0]},{'A',[123;35;37],2,[4;1;1],1,5,[-5;3;5],1,0},{'M',[4;140;152],4,[1;1;1],0,[2;NaN;NaN],[13;104;152],3,[NaN;NaN;0],[123;35;37],2,[NaN;2;NaN]},{'A',[-7;281;305],5,[1;1;1],0,0,[-4;140;152],4,1},{'M',[320;128;152],4,[1;1;1],0,[NaN;7;NaN],[5;3;5],1,[6;NaN;NaN],[13;104;152],3,[NaN;NaN;0]},{'A',[2553;1305;1521],6,[-7;281;305],5,0,[320;128;152],4,3},{'M',[416;281;305],6,[13;104;152],3,[5;NaN;NaN],[-7;281;305],5,[NaN;0;0]},{'M',[80;3;80],2,[5;3;5],1,[4;0;4]},{'A',[1696;329;1585],7,[416;281;305],6,0,[80;3;80],2,4},{'M',[123;3;37],3,[5;3;5],1,[NaN;0;NaN],[123;35;37],2,[0;NaN;0]},{'A',[487;15;143],4,[123;3;37],3,2,[-5;3;-5],1,0},{'M',[104;15;143],5,[13;104;152],3,[3;NaN;NaN],[487;15;143],4,[NaN;0;0]},{'A',[870;45;429],6,[487;15;143],4,1,[-104;15;143],5,0},{'A',[637;327;379],7,[2553;1305;1521],6,-2,[-5;3;-5],1,-2},{'M',[104;280;305],6,[13;104;152],3,[3;NaN;NaN],[123;35;37],2,[NaN;3;NaN],[-7;281;305],5,[NaN;NaN;0]},{'M',[4;327;379],8,[1;1;1],0,[2;NaN;NaN],[637;327;379],7,[NaN;0;0]},{'A',[100;607;684],9,[104;280;305],6,0,[-4;327;379],8,0},{'A',[413;187;1007],8,[1696;329;1585],7,-1,[-870;45;429],6,-1},{'O',[413;187;1007],8,[413;187;1007],8,0},{'M',[870;329;429],8,[1696;329;1585],7,[NaN;0;NaN],[870;45;429],6,[0;NaN;0]},{'O',[870;329;429],8,[870;329;429],8,0},{'O',[100;607;684],9,[100;607;684],9,0},{'O',[637;327;379],7,[637;327;379],7,0},{'O',[974;30;286],4,[487;15;143],4,1}}
Adder graph: {{'A',[5;3;3],1,[1;1;1],0,2,[1;-1;-1],0,0},{'A',[3;11;5],2,[1;1;1],0,3,[-5;3;-3],1,0},{'M',[5;3;5],3,[5;3;3],1,[0;0;NaN],[3;11;5],2,[NaN;NaN;0]},{'A',[25;9;17],4,[5;3;3],1,2,[5;-3;5],3,0},{'A',[257;-255;257],1,[1;1;1],0,0,[1;-1;1],0,8},{'M',[3;11;16],3,[1;1;1],0,[NaN;NaN;4],[3;11;5],2,[0;0;NaN]},{'A',[13;5;32],4,[1;1;1],0,4,[-3;-11;16],3,0},{'M',[16;10;5],5,[1;1;1],0,[4;NaN;NaN],[3;11;5],2,[NaN;NaN;0],[13;5;32],4,[NaN;1;NaN]},{'A',[487;329;143],6,[16;10;5],5,5,[-25;9;-17],4,0},{'M',[6;1;10],3,[1;1;1],0,[NaN;0;NaN],[3;11;5],2,[1;NaN;1]},{'A',[95;15;159],4,[6;1;10],3,4,[-1;-1;-1],0,0},{'M',[95;18;159],5,[25;9;17],4,[NaN;1;NaN],[95;15;159],4,[0;NaN;0]},{'A',[637;327;379],6,[95;18;159],5,2,[257;255;-257],1,0},{'M',[104;329;143],7,[13;5;32],4,[3;NaN;NaN],[487;329;143],6,[NaN;0;0]},{'A',[870;329;429],8,[487;329;143],6,1,[-104;-329;143],7,0},{'M',[26;11;64],5,[3;11;5],2,[NaN;0;NaN],[13;5;32],4,[1;NaN;1]},{'M',[3;11;17],5,[3;11;5],2,[0;0;NaN],[25;9;17],4,[NaN;NaN;0]},{'A',[413;187;1007],6,[26;11;64],5,4,[-3;11;-17],5,0},{'M',[95;88;159],5,[3;11;5],2,[NaN;3;NaN],[95;15;159],4,[0;NaN;0]},{'M',[257;-255;48],2,[5;3;3],1,[NaN;NaN;4],[257;-255;257],1,[0;0;NaN]},{'A',[637;607;684],6,[95;88;159],5,2,[257;255;48],2,0},{'O',[413;187;1007],6,[413;187;1007],6,0},{'O',[870;329;429],8,[870;329;429],8,0},{'M',[100;607;684],7,[25;9;17],4,[2;NaN;NaN],[637;607;684],6,[NaN;0;0]},{'O',[100;607;684],7,[100;607;684],7,0},{'O',[637;327;379],6,[637;327;379],6,0},{'M',[487;15;143],7,[487;329;143],6,[0;NaN;0],[95;15;159],4,[NaN;0;NaN]},{'O',[974;30;286],7,[487;15;143],7,1}}
Adder graph: {{'A',[17;17;15],1,[1;1;1],0,4,[1;1;-1],0,0},{'A',[15;15;47],2,[1;1;1],0,5,[-17;-17;15],1,0},{'M',[1;1;47],3,[1;1;1],0,[0;0;NaN],[15;15;47],2,[NaN;NaN;0]},{'A',[513;511;559],4,[1;1;1],0,9,[1;-1;47],3,0},{'M',[1;8;1],1,[1;1;1],0,[0;3;0]},{'M',[17;17;120],2,[17;17;15],1,[0;0;3]},{'A',[25;81;-112],3,[1;8;1],1,3,[17;17;-120],2,0},{'A',[413;187;1007],5,[513;511;559],4,0,[-25;-81;112],3,2},{'M',[15;30;47],3,[15;15;47],2,[0;1;0]},{'M',[8;8;1],1,[1;1;1],0,[3;3;0]},{'A',[124;184;180],4,[15;30;47],3,2,[8;8;-1],1,3},{'A',[145;145;143],2,[1;1;1],0,7,[17;17;15],1,0},{'A',[637;327;379],5,[513;511;559],4,0,[124;-184;-180],4,0},{'M',[15;60;188],3,[15;15;47],2,[0;2;2]},{'A',[128;172;812],4,[15;60;188],3,2,[17;-17;15],1,2},{'M',[128;172;143],5,[145;145;143],2,[NaN;NaN;0],[128;172;812],4,[0;0;NaN]},{'A',[487;607;684],6,[128;172;143],5,2,[-25;-81;112],3,0},{'M',[580;184;572],5,[124;184;180],4,[NaN;0;NaN],[145;145;143],2,[2;NaN;2]},{'M',[290;145;143],3,[145;145;143],2,[1;0;0]},{'A',[870;329;429],6,[580;184;572],5,0,[290;145;-143],3,0},{'O',[413;187;1007],5,[413;187;1007],5,0},{'O',[870;329;429],6,[870;329;429],6,0},{'M',[100;607;684],7,[25;81;-112],3,[2;NaN;NaN],[487;607;684],6,[NaN;0;0]},{'O',[100;607;684],7,[100;607;684],7,0},{'O',[637;327;379],5,[637;327;379],5,0},{'M',[487;15;143],7,[15;15;47],2,[NaN;0;NaN],[145;145;143],2,[NaN;NaN;0],[487;607;684],6,[0;NaN;NaN]},{'O',[974;30;286],7,[487;15;143],7,1}}
Finished solving after 259188 seconds
Adder graph: {{'A',[17;17;15],1,[1;1;1],0,4,[1;1;-1],0,0},{'A',[15;15;47],2,[1;1;1],0,5,[-17;-17;15],1,0},{'M',[1;1;47],3,[1;1;1],0,[0;0;NaN],[15;15;47],2,[NaN;NaN;0]},{'A',[513;511;559],4,[1;1;1],0,9,[1;-1;47],3,0},{'M',[1;8;1],1,[1;1;1],0,[0;3;0]},{'M',[17;17;120],2,[17;17;15],1,[0;0;3]},{'A',[25;81;-112],3,[1;8;1],1,3,[17;17;-120],2,0},{'A',[413;187;1007],5,[513;511;559],4,0,[-25;-81;112],3,2},{'M',[15;30;47],3,[15;15;47],2,[0;1;0]},{'M',[8;8;1],1,[1;1;1],0,[3;3;0]},{'A',[124;184;180],4,[15;30;47],3,2,[8;8;-1],1,3},{'A',[145;145;143],2,[1;1;1],0,7,[17;17;15],1,0},{'A',[637;327;379],5,[513;511;559],4,0,[124;-184;-180],4,0},{'M',[15;60;188],3,[15;15;47],2,[0;2;2]},{'A',[128;172;812],4,[15;60;188],3,2,[17;-17;15],1,2},{'M',[128;172;143],5,[145;145;143],2,[NaN;NaN;0],[128;172;812],4,[0;0;NaN]},{'A',[487;607;684],6,[128;172;143],5,2,[-25;-81;112],3,0},{'M',[580;184;572],5,[124;184;180],4,[NaN;0;NaN],[145;145;143],2,[2;NaN;2]},{'M',[290;145;143],3,[145;145;143],2,[1;0;0]},{'A',[870;329;429],6,[580;184;572],5,0,[290;145;-143],3,0},{'O',[413;187;1007],5,[413;187;1007],5,0},{'O',[870;329;429],6,[870;329;429],6,0},{'M',[100;607;684],7,[25;81;-112],3,[2;NaN;NaN],[487;607;684],6,[NaN;0;0]},{'O',[100;607;684],7,[100;607;684],7,0},{'O',[637;327;379],5,[637;327;379],5,0},{'M',[487;15;143],7,[15;15;47],2,[NaN;0;NaN],[145;145;143],2,[NaN;NaN;0],[487;607;684],6,[0;NaN;NaN]},{'O',[974;30;286],7,[487;15;143],7,1}}
# Add optimal = 1
# Mux optimal = 0
# FAs optimal = 0
