Adder graph: {{'M',[1;2;4],1,[1;1;1],0,[0;1;2]},{'M',[32;32;1],1,[1;1;1],0,[5;5;0]},{'A',[68;-56;14],2,[1;2;4],1,2,[32;-32;-1],1,1},{'M',[1;64;448],3,[1;1;1],0,[0;6;NaN],[68;-56;14],2,[NaN;NaN;5]},{'M',[2;1;2],1,[1;1;1],0,[1;0;1]},{'A',[3;65;450],4,[1;64;448],3,0,[2;1;2],1,0},{'M',[6;-56;1],5,[1;1;1],0,[NaN;NaN;0],[68;-56;14],2,[NaN;0;NaN],[3;65;450],4,[1;NaN;NaN]},{'M',[68;2;64],3,[1;1;1],0,[NaN;1;6],[68;-56;14],2,[0;NaN;NaN]},{'A',[74;-54;-63],6,[6;-56;1],5,0,[68;2;-64],3,0},{'M',[136;-108;1],7,[1;1;1],0,[NaN;NaN;0],[68;-56;14],2,[1;NaN;NaN],[74;-54;-63],6,[NaN;1;NaN]},{'M',[3;1;512],5,[1;1;1],0,[NaN;0;9],[3;65;450],4,[0;NaN;NaN]},{'A',[133;-107;-511],8,[136;-108;1],7,0,[-3;1;-512],5,0},{'M',[256;65;-511],9,[1;1;1],0,[8;NaN;NaN],[3;65;450],4,[NaN;0;NaN],[133;-107;-511],8,[NaN;NaN;0]},{'M',[3;-428;512],9,[1;1;1],0,[NaN;NaN;9],[3;65;450],4,[0;NaN;NaN],[133;-107;-511],8,[NaN;2;NaN]},{'A',[253;493;1],10,[256;65;-511],9,0,[-3;428;512],9,0},{'M',[12;-216;1],7,[1;1;1],0,[NaN;NaN;0],[3;65;450],4,[2;NaN;NaN],[74;-54;-63],6,[NaN;2;NaN]},{'M',[3;512;-1008],7,[1;1;1],0,[NaN;9;NaN],[3;65;450],4,[0;NaN;NaN],[74;-54;-63],6,[NaN;NaN;4]},{'A',[45;-352;1012],8,[12;-216;1],7,2,[-3;512;1008],7,0},{'M',[45;986;8],11,[1;1;1],0,[NaN;NaN;3],[253;493;1],10,[NaN;1;NaN],[45;-352;1012],8,[0;NaN;NaN]},{'M',[720;1024;-63],9,[1;1;1],0,[NaN;10;NaN],[74;-54;-63],6,[NaN;NaN;0],[45;-352;1012],8,[4;NaN;NaN]},{'A',[-675;-38;71],12,[45;986;8],11,0,[-720;-1024;63],9,0},{'M',[12;493;2],11,[1;1;1],0,[NaN;NaN;1],[3;65;450],4,[2;NaN;NaN],[253;493;1],10,[NaN;0;NaN]},{'M',[96;-54;16],7,[1;1;1],0,[NaN;NaN;4],[3;65;450],4,[5;NaN;NaN],[74;-54;-63],6,[NaN;0;NaN]},{'A',[-372;709;66],12,[12;493;2],11,0,[-96;54;16],7,2},{'M',[74;32;71],13,[1;1;1],0,[NaN;5;NaN],[74;-54;-63],6,[0;NaN;NaN],[-675;-38;71],12,[NaN;NaN;0]},{'M',[133;1;1012],9,[1;1;1],0,[NaN;0;NaN],[133;-107;-511],8,[0;NaN;NaN],[45;-352;1012],8,[NaN;NaN;0]},{'A',[-59;33;-941],14,[74;32;71],13,0,[-133;1;-1012],9,0},{'M',[12;709;1012],13,[3;65;450],4,[2;NaN;NaN],[45;-352;1012],8,[NaN;NaN;0],[-372;709;66],12,[NaN;0;NaN]},{'M',[360;-38;1],13,[253;493;1],10,[NaN;NaN;0],[45;-352;1012],8,[3;NaN;NaN],[-675;-38;71],12,[NaN;0;NaN]},{'A',[372;747;1013],14,[12;709;1012],13,0,[360;38;1],13,0},{'M',[744;709;1013],15,[-372;709;66],12,[NaN;0;NaN],[372;747;1013],14,[1;NaN;0]},{'O',[744;709;1013],15,[744;709;1013],15,0},{'M',[592;33;66],15,[74;-54;-63],6,[3;NaN;NaN],[-372;709;66],12,[NaN;NaN;0],[-59;33;-941],14,[NaN;0;NaN]},{'O',[592;33;66],15,[592;33;66],15,0},{'M',[-675;-352;-126],13,[74;-54;-63],6,[NaN;NaN;1],[45;-352;1012],8,[NaN;0;NaN],[-675;-38;71],12,[0;NaN;NaN]},{'O',[675;352;126],13,[675;352;126],13,0},{'M',[506;747;450],15,[3;65;450],4,[NaN;NaN;0],[253;493;1],10,[1;NaN;NaN],[372;747;1013],14,[NaN;0;NaN]},{'O',[506;747;450],15,[506;747;450],15,0},{'M',[-59;-107;-941],15,[133;-107;-511],8,[NaN;0;NaN],[-59;33;-941],14,[0;NaN;0]},{'O',[59;107;941],15,[59;107;941],15,0}}
Adder graph: {{'M',[1;64;4],1,[1;1;1],0,[0;6;2]},{'M',[1;128;1],1,[1;1;1],0,[0;7;0]},{'A',[3;-192;6],2,[1;64;4],1,0,[1;-128;1],1,1},{'M',[1;1;256],1,[1;1;1],0,[0;0;8]},{'M',[96;-192;1],3,[1;1;1],0,[NaN;NaN;0],[3;-192;6],2,[5;0;NaN]},{'A',[-95;-191;257],4,[1;1;256],1,0,[-96;-192;1],3,0},{'M',[384;-192;8],3,[1;1;1],0,[NaN;NaN;3],[3;-192;6],2,[7;0;NaN]},{'M',[3;16;257],5,[1;1;1],0,[NaN;4;NaN],[3;-192;6],2,[0;NaN;NaN],[-95;-191;257],4,[NaN;NaN;0]},{'A',[1539;-752;-225],6,[384;-192;8],3,2,[3;16;-257],5,0},{'M',[1;-752;6],7,[1;1;1],0,[0;NaN;NaN],[3;-192;6],2,[NaN;NaN;0],[1539;-752;-225],6,[NaN;0;NaN]},{'M',[1539;-192;6],7,[3;-192;6],2,[NaN;0;0],[1539;-752;-225],6,[0;NaN;NaN]},{'A',[385;-236;3],8,[1;-752;6],7,-2,[1539;-192;6],7,-2},{'M',[-95;-384;96],9,[3;-192;6],2,[NaN;1;NaN],[-95;-191;257],4,[0;NaN;NaN],[385;-236;3],8,[NaN;NaN;5]},{'M',[385;-236;6],9,[3;-192;6],2,[NaN;NaN;0],[385;-236;3],8,[0;0;NaN]},{'A',[675;88;84],10,[-95;-384;96],9,0,[385;236;-6],9,1},{'M',[-190;1;3],9,[1;1;1],0,[NaN;0;NaN],[-95;-191;257],4,[1;NaN;NaN],[385;-236;3],8,[NaN;NaN;0]},{'M',[32;-236;1028],9,[1;1;1],0,[5;NaN;NaN],[-95;-191;257],4,[NaN;NaN;2],[385;-236;3],8,[NaN;0;NaN]},{'A',[-222;-235;-1025],10,[-190;1;3],9,0,[-32;-236;-1028],9,0},{'M',[-222;16;32],11,[1;1;1],0,[NaN;4;5],[-222;-235;-1025],10,[0;NaN;NaN]},{'M',[385;1;2],9,[1;1;1],0,[NaN;0;1],[385;-236;3],8,[0;NaN;NaN]},{'A',[-59;33;66],12,[-222;16;32],11,1,[385;1;2],9,0},{'M',[-59;-472;6],13,[3;-192;6],2,[NaN;NaN;0],[385;-236;3],8,[NaN;1;NaN],[-59;33;66],12,[0;NaN;NaN]},{'M',[192;-235;-1025],11,[3;-192;6],2,[6;NaN;NaN],[-222;-235;-1025],10,[NaN;0;0]},{'A',[74;-709;-1013],14,[-59;-472;6],13,1,[192;235;-1025],11,0},{'M',[3;-235;128],11,[1;1;1],0,[NaN;NaN;7],[3;-192;6],2,[0;NaN;NaN],[-222;-235;-1025],10,[NaN;0;NaN]},{'M',[128;64;1],1,[1;1;1],0,[7;6;0]},{'A',[-253;-107;126],12,[3;-235;128],11,0,[-128;64;-1],1,1},{'M',[-95;-235;84],11,[-95;-191;257],4,[0;NaN;NaN],[675;88;84],10,[NaN;NaN;0],[-222;-235;-1025],10,[NaN;0;NaN]},{'M',[2;512;-1025],11,[1;1;1],0,[1;9;NaN],[-222;-235;-1025],10,[NaN;NaN;0]},{'A',[-93;-747;-941],12,[-95;-235;84],11,0,[2;-512;-1025],11,0},{'M',[-744;-709;-1013],15,[74;-709;-1013],14,[NaN;0;0],[-93;-747;-941],12,[3;NaN;NaN]},{'O',[744;709;1013],15,[744;709;1013],15,0},{'M',[592;33;66],15,[-59;33;66],12,[NaN;0;0],[74;-709;-1013],14,[3;NaN;NaN]},{'O',[592;33;66],15,[592;33;66],15,0},{'M',[675;352;126],13,[675;88;84],10,[0;2;NaN],[-253;-107;126],12,[NaN;NaN;0]},{'O',[675;352;126],13,[675;352;126],13,0},{'M',[-506;-747;-450],13,[1539;-752;-225],6,[NaN;NaN;1],[-253;-107;126],12,[1;NaN;NaN],[-93;-747;-941],12,[NaN;0;NaN]},{'O',[506;747;450],13,[506;747;450],13,0},{'M',[-59;-107;-941],13,[-59;33;66],12,[0;NaN;NaN],[-253;-107;126],12,[NaN;0;NaN],[-93;-747;-941],12,[NaN;NaN;0]},{'O',[59;107;941],13,[59;107;941],13,0}}
Adder graph: {{'M',[4;1;128],1,[1;1;1],0,[2;0;7]},{'M',[1;8;1],1,[1;1;1],0,[0;3;0]},{'A',[-60;-511;64],2,[4;1;128],1,0,[-1;-8;-1],1,6},{'M',[1;1;16],1,[1;1;1],0,[0;0;4]},{'M',[1;1;2],1,[1;1;1],0,[0;0;1]},{'A',[3;5;66],2,[1;1;16],1,2,[-1;1;2],1,0},{'M',[-240;-511;64],3,[-60;-511;64],2,[2;0;0]},{'M',[-1920;160;1],3,[1;1;1],0,[NaN;NaN;0],[-60;-511;64],2,[5;NaN;NaN],[3;5;66],2,[NaN;5;NaN]},{'A',[1680;-671;63],4,[-240;-511;64],3,0,[1920;-160;-1],3,0},{'M',[1;1;256],1,[1;1;1],0,[0;0;8]},{'M',[-60;64;32],3,[1;1;1],0,[NaN;6;5],[-60;-511;64],2,[0;NaN;NaN]},{'A',[-59;-63;224],4,[1;1;256],1,0,[-60;-64;-32],3,0},{'M',[256;32;1],1,[1;1;1],0,[8;5;0]},{'M',[3;20;504],5,[3;5;66],2,[0;2;NaN],[1680;-671;63],4,[NaN;NaN;3]},{'A',[509;44;506],6,[256;32;1],1,1,[-3;-20;504],5,0},{'M',[1680;1;1],5,[1;1;1],0,[NaN;0;0],[1680;-671;63],4,[0;NaN;NaN]},{'M',[3360;16;506],7,[1;1;1],0,[NaN;4;NaN],[1680;-671;63],4,[1;NaN;NaN],[509;44;506],6,[NaN;NaN;0]},{'A',[-5040;33;1013],8,[1680;1;1],5,0,[-3360;16;506],7,1},{'M',[32;-671;63],5,[1;1;1],0,[5;NaN;NaN],[1680;-671;63],4,[NaN;0;0]},{'M',[3;5;1],3,[1;1;1],0,[NaN;NaN;0],[3;5;66],2,[0;0;NaN]},{'A',[506;-10746;1006],6,[32;-671;63],5,4,[-3;-5;-1],3,1},{'M',[96;-63;1],5,[1;1;1],0,[NaN;NaN;0],[3;5;66],2,[5;NaN;NaN],[-59;-63;224],4,[NaN;0;NaN]},{'M',[3;44;1006],7,[3;5;66],2,[0;NaN;NaN],[509;44;506],6,[NaN;0;NaN],[506;-10746;1006],6,[NaN;NaN;0]},{'A',[93;-107;-1005],8,[96;-63;1],5,0,[-3;-44;-1006],7,0},{'M',[-944;5;64],5,[-60;-511;64],2,[NaN;NaN;0],[3;5;66],2,[NaN;0;NaN],[-59;-63;224],4,[4;NaN;NaN]},{'M',[1536;704;-1005],9,[3;5;66],2,[9;NaN;NaN],[509;44;506],6,[NaN;4;NaN],[93;-107;-1005],8,[NaN;NaN;0]},{'A',[592;709;-941],10,[-944;5;64],5,0,[1536;704;-1005],9,0},{'M',[1184;1418;1],11,[1;1;1],0,[NaN;NaN;0],[592;709;-941],10,[1;1;NaN]},{'M',[509;-671;224],7,[1680;-671;63],4,[NaN;0;NaN],[-59;-63;224],4,[NaN;NaN;0],[509;44;506],6,[0;NaN;NaN]},{'A',[675;747;225],12,[1184;1418;1],11,0,[-509;-671;224],7,0},{'M',[744;709;1013],11,[-5040;33;1013],8,[NaN;NaN;0],[93;-107;-1005],8,[3;NaN;NaN],[592;709;-941],10,[NaN;0;NaN]},{'O',[744;709;1013],11,[744;709;1013],11,0},{'M',[592;33;66],11,[3;5;66],2,[NaN;NaN;0],[-5040;33;1013],8,[NaN;0;NaN],[592;709;-941],10,[0;NaN;NaN]},{'O',[592;33;66],11,[592;33;66],11,0},{'M',[675;352;126],13,[1680;-671;63],4,[NaN;NaN;1],[509;44;506],6,[NaN;3;NaN],[675;747;225],12,[0;NaN;NaN]},{'O',[675;352;126],13,[675;352;126],13,0},{'M',[506;747;450],13,[506;-10746;1006],6,[0;NaN;NaN],[675;747;225],12,[NaN;0;1]},{'O',[506;747;450],13,[506;747;450],13,0},{'M',[-59;-107;-941],11,[-59;-63;224],4,[0;NaN;NaN],[93;-107;-1005],8,[NaN;0;NaN],[592;709;-941],10,[NaN;NaN;0]},{'O',[59;107;941],11,[59;107;941],11,0}}
Adder graph: {{'M',[1;2;2],1,[1;1;1],0,[0;1;1]},{'A',[-1;-3;-3],2,[1;1;1],0,0,[-1;-2;-2],1,1},{'M',[-1;-3;16],3,[1;1;1],0,[NaN;NaN;4],[-1;-3;-3],2,[0;0;NaN]},{'M',[1;16;16],1,[1;1;1],0,[0;4;4]},{'A',[-9;-131;-112],4,[-1;-3;16],3,0,[-1;-16;-16],1,3},{'M',[-8;1;-3],3,[1;1;1],0,[NaN;0;NaN],[-1;-3;-3],2,[3;NaN;0]},{'M',[-9;-6;-224],5,[-1;-3;-3],2,[NaN;1;NaN],[-9;-131;-112],4,[0;NaN;1]},{'A',[-23;10;-236],6,[-8;1;-3],3,2,[9;6;-224],5,0},{'M',[-23;20;1],7,[1;1;1],0,[NaN;NaN;0],[-23;10;-236],6,[0;1;NaN]},{'M',[-9;128;128],5,[1;1;1],0,[NaN;7;7],[-9;-131;-112],4,[0;NaN;NaN]},{'A',[-37;-88;-126],8,[-23;20;1],7,1,[9;-128;-128],5,0},{'M',[-1;-5632;-96],9,[-1;-3;-3],2,[0;NaN;5],[-37;-88;-126],8,[NaN;6;NaN]},{'M',[-736;-88;-126],9,[-23;10;-236],6,[5;NaN;NaN],[-37;-88;-126],8,[NaN;0;0]},{'A',[734;-11352;-66],10,[-1;-5632;-96],9,1,[736;-88;126],9,0},{'M',[256;-24;1],3,[1;1;1],0,[8;NaN;0],[-1;-3;-3],2,[NaN;3;NaN]},{'M',[-46;-131;128],7,[1;1;1],0,[NaN;NaN;7],[-9;-131;-112],4,[NaN;0;NaN],[-23;10;-236],6,[1;NaN;NaN]},{'A',[210;107;-127],8,[256;-24;1],3,0,[-46;131;-128],7,0},{'M',[-1;32;-3],3,[1;1;1],0,[NaN;5;NaN],[-1;-3;-3],2,[0;NaN;0]},{'A',[-93;-8;941],7,[-1;32;-3],3,0,[-23;-10;236],6,2},{'M',[210;-11352;941],11,[734;-11352;-66],10,[NaN;0;NaN],[210;107;-127],8,[0;NaN;NaN],[-93;-8;941],7,[NaN;NaN;0]},{'M',[734;-8;-3],11,[-1;-3;-3],2,[NaN;NaN;0],[734;-11352;-66],10,[0;NaN;NaN],[-93;-8;941],7,[NaN;0;NaN]},{'A',[59;-709;59],12,[210;-11352;941],11,-4,[734;8;3],11,-4},{'M',[59;640;-1016],13,[-23;10;-236],6,[NaN;6;NaN],[210;107;-127],8,[NaN;NaN;3],[59;-709;59],12,[0;NaN;NaN]},{'M',[734;107;-3],11,[-1;-3;-3],2,[NaN;NaN;0],[734;-11352;-66],10,[0;NaN;NaN],[210;107;-127],8,[NaN;0;NaN]},{'A',[-675;747;-1013],14,[59;640;-1016],13,0,[-734;107;3],11,0},{'M',[210;-32;1],9,[1;1;1],0,[NaN;NaN;0],[210;107;-127],8,[0;NaN;NaN],[-93;-8;941],7,[NaN;2;NaN]},{'M',[-296;1;-224],9,[1;1;1],0,[NaN;0;NaN],[-9;-131;-112],4,[NaN;NaN;1],[-37;-88;-126],8,[3;NaN;NaN]},{'A',[506;-33;225],10,[210;-32;1],9,0,[296;-1;224],9,0},{'M',[-744;-709;-1013],15,[-93;-8;941],7,[3;NaN;NaN],[59;-709;59],12,[NaN;0;NaN],[-675;747;-1013],14,[NaN;NaN;0]},{'O',[744;709;1013],15,[744;709;1013],15,0},{'M',[-592;-33;-66],11,[-37;-88;-126],8,[4;NaN;NaN],[734;-11352;-66],10,[NaN;NaN;0],[506;-33;225],10,[NaN;0;NaN]},{'O',[592;33;66],11,[592;33;66],11,0},{'M',[-675;-352;-126],15,[-37;-88;-126],8,[NaN;2;0],[-675;747;-1013],14,[0;NaN;NaN]},{'O',[675;352;126],15,[675;352;126],15,0},{'M',[506;747;450],15,[-675;747;-1013],14,[NaN;0;NaN],[506;-33;225],10,[0;NaN;1]},{'O',[506;747;450],15,[506;747;450],15,0},{'M',[59;107;941],13,[210;107;-127],8,[NaN;0;NaN],[-93;-8;941],7,[NaN;NaN;0],[59;-709;59],12,[0;NaN;NaN]},{'O',[59;107;941],13,[59;107;941],13,0}}
Adder graph: {{'M',[256;1;1],1,[1;1;1],0,[8;0;0]},{'M',[1;1;64],1,[1;1;1],0,[0;0;6]},{'A',[257;0;-63],2,[256;1;1],1,0,[1;-1;-64],1,0},{'M',[16;16;-63],3,[1;1;1],0,[4;4;NaN],[257;0;-63],2,[NaN;NaN;0]},{'M',[4;4;-63],3,[1;1;1],0,[2;2;NaN],[257;0;-63],2,[NaN;NaN;0]},{'A',[80;80;945],4,[16;16;-63],3,0,[4;4;63],3,4},{'M',[80;80;15120],5,[80;80;945],4,[0;0;4]},{'M',[32;4;1],1,[1;1;1],0,[5;2;0]},{'A',[592;144;15104],6,[80;80;15120],5,0,[32;4;-1],1,4},{'M',[257;80;945],5,[257;0;-63],2,[0;NaN;NaN],[80;80;945],4,[NaN;0;0]},{'M',[32;8;1],1,[1;1;1],0,[5;3;0]},{'A',[385;112;941],6,[257;80;945],5,0,[32;8;-1],1,2},{'M',[8;1;128],1,[1;1;1],0,[3;0;7]},{'M',[257;32;32],3,[1;1;1],0,[NaN;5;5],[257;0;-63],2,[0;NaN;NaN]},{'A',[265;33;96],4,[8;1;128],1,0,[257;32;-32],3,0},{'M',[80;4;192],5,[1;1;1],0,[NaN;2;NaN],[80;80;945],4,[0;NaN;NaN],[265;33;96],4,[NaN;NaN;1]},{'M',[1;1;-126],3,[1;1;1],0,[0;0;NaN],[257;0;-63],2,[NaN;NaN;1]},{'A',[81;5;66],6,[80;4;192],5,0,[1;1;-126],3,0},{'M',[385;112;1890],7,[80;80;945],4,[NaN;NaN;1],[385;112;941],6,[0;0;NaN]},{'M',[1060;5;-2016],7,[257;0;-63],2,[NaN;NaN;5],[265;33;96],4,[2;NaN;NaN],[81;5;66],6,[NaN;0;NaN]},{'A',[-675;107;-126],8,[385;112;1890],7,0,[-1060;-5;-2016],7,0},{'M',[162;144;66],7,[592;144;15104],6,[NaN;0;NaN],[81;5;66],6,[1;NaN;0]},{'M',[265;640;945],5,[80;80;945],4,[NaN;3;0],[265;33;96],4,[0;NaN;NaN]},{'A',[59;-352;1077],8,[162;144;66],7,1,[-265;-640;945],5,0},{'M',[257;-704;64],9,[1;1;1],0,[NaN;NaN;6],[257;0;-63],2,[0;NaN;NaN],[59;-352;1077],8,[NaN;1;NaN]},{'M',[4;5;1077],9,[1;1;1],0,[2;NaN;NaN],[81;5;66],6,[NaN;0;NaN],[59;-352;1077],8,[NaN;NaN;0]},{'A',[253;-709;-1013],10,[257;-704;64],9,0,[-4;-5;-1077],9,0},{'M',[640;107;66],9,[80;80;945],4,[3;NaN;NaN],[81;5;66],6,[NaN;NaN;0],[-675;107;-126],8,[NaN;0;NaN]},{'M',[253;160;96],11,[80;80;945],4,[NaN;1;NaN],[265;33;96],4,[NaN;NaN;0],[253;-709;-1013],10,[0;NaN;NaN]},{'A',[-372;747;450],12,[640;107;66],9,0,[-253;160;96],11,2},{'M',[-744;-709;-1013],13,[253;-709;-1013],10,[NaN;0;0],[-372;747;450],12,[1;NaN;NaN]},{'O',[744;709;1013],13,[744;709;1013],13,0},{'M',[592;33;66],7,[592;144;15104],6,[0;NaN;NaN],[265;33;96],4,[NaN;0;NaN],[81;5;66],6,[NaN;NaN;0]},{'O',[592;33;66],7,[592;33;66],7,0},{'M',[-675;-352;-126],9,[-675;107;-126],8,[0;NaN;0],[59;-352;1077],8,[NaN;0;NaN]},{'O',[675;352;126],9,[675;352;126],9,0},{'M',[506;747;450],13,[253;-709;-1013],10,[1;NaN;NaN],[-372;747;450],12,[NaN;0;0]},{'O',[506;747;450],13,[506;747;450],13,0},{'M',[59;107;941],9,[385;112;941],6,[NaN;NaN;0],[-675;107;-126],8,[NaN;0;NaN],[59;-352;1077],8,[0;NaN;NaN]},{'O',[59;107;941],9,[59;107;941],9,0}}
Adder graph: {{'M',[1;8;1],1,[1;1;1],0,[0;3;0]},{'M',[1;1;512],1,[1;1;1],0,[0;0;9]},{'A',[9;65;520],2,[1;8;1],1,3,[1;1;512],1,0},{'M',[4;130;1],3,[1;1;1],0,[2;NaN;0],[9;65;520],2,[NaN;1;NaN]},{'M',[9;65;8],3,[1;1;1],0,[NaN;NaN;3],[9;65;520],2,[0;0;NaN]},{'A',[13;195;9],4,[4;130;1],3,0,[9;65;8],3,0},{'M',[8;8;9],5,[1;1;1],0,[3;3;NaN],[13;195;9],4,[NaN;NaN;0]},{'M',[144;1;520],3,[1;1;1],0,[NaN;0;NaN],[9;65;520],2,[4;NaN;0]},{'A',[296;10;1049],6,[8;8;9],5,0,[144;1;520],3,1},{'M',[13;4;1],5,[1;1;1],0,[NaN;2;0],[13;195;9],4,[0;NaN;NaN]},{'M',[256;10;8],7,[1;1;1],0,[8;NaN;3],[296;10;1049],6,[NaN;0;NaN]},{'A',[-1011;-36;33],8,[13;4;1],5,0,[-256;-10;8],7,2},{'M',[13;1;9],5,[1;1;1],0,[NaN;0;NaN],[13;195;9],4,[0;NaN;0]},{'M',[8;-36;9],9,[1;1;1],0,[3;NaN;NaN],[13;195;9],4,[NaN;NaN;0],[-1011;-36;33],8,[NaN;0;NaN]},{'A',[-3;-71;27],10,[13;1;9],5,0,[-8;-36;9],9,1},{'M',[9;-36;27],11,[9;65;520],2,[0;NaN;NaN],[-1011;-36;33],8,[NaN;0;NaN],[-3;-71;27],10,[NaN;NaN;0]},{'M',[18;1;18],5,[1;1;1],0,[NaN;0;NaN],[9;65;520],2,[1;NaN;NaN],[13;195;9],4,[NaN;NaN;1]},{'A',[-135;-44;-117],12,[9;-36;27],11,0,[-18;-1;-18],5,3},{'M',[-1011;65;-117],13,[9;65;520],2,[NaN;0;NaN],[-1011;-36;33],8,[0;NaN;NaN],[-135;-44;-117],12,[NaN;NaN;0]},{'M',[1;1;9],5,[1;1;1],0,[0;0;NaN],[13;195;9],4,[NaN;NaN;0]},{'A',[-506;33;-63],14,[-1011;65;-117],13,-1,[-1;1;-9],5,-1},{'M',[36;-44;-117],13,[9;65;520],2,[2;NaN;NaN],[-135;-44;-117],12,[NaN;0;0]},{'A',[59;107;-225],14,[36;-44;-117],13,1,[-13;195;9],4,0},{'M',[-135;33;1049],15,[296;10;1049],6,[NaN;NaN;0],[-135;-44;-117],12,[0;NaN;NaN],[-506;33;-63],14,[NaN;0;NaN]},{'M',[-135;195;27],13,[13;195;9],4,[NaN;0;NaN],[-3;-71;27],10,[NaN;NaN;0],[-135;-44;-117],12,[0;NaN;NaN]},{'A',[-675;-747;941],16,[-135;33;1049],15,0,[-135;-195;-27],13,2},{'M',[-2700;390;520],17,[9;65;520],2,[NaN;NaN;0],[13;195;9],4,[NaN;1;NaN],[-675;-747;941],16,[2;NaN;NaN]},{'M',[-6144;-71;27],11,[-3;-71;27],10,[11;0;0]},{'A',[744;709;1013],18,[-2700;390;520],17,1,[6144;-71;-27],11,0},{'O',[744;709;1013],18,[744;709;1013],18,0},{'M',[592;33;66],15,[296;10;1049],6,[1;NaN;NaN],[-1011;-36;33],8,[NaN;NaN;1],[-506;33;-63],14,[NaN;0;NaN]},{'O',[592;33;66],15,[592;33;66],15,0},{'M',[-675;-352;-126],17,[-135;-44;-117],12,[NaN;3;NaN],[-506;33;-63],14,[NaN;NaN;1],[-675;-747;941],16,[0;NaN;NaN]},{'O',[675;352;126],17,[675;352;126],17,0},{'M',[-506;-747;-450],17,[-506;33;-63],14,[0;NaN;NaN],[59;107;-225],14,[NaN;NaN;1],[-675;-747;941],16,[NaN;0;NaN]},{'O',[506;747;450],17,[506;747;450],17,0},{'M',[59;107;941],17,[59;107;-225],14,[0;0;NaN],[-675;-747;941],16,[NaN;NaN;0]},{'O',[59;107;941],17,[59;107;941],17,0}}
Adder graph: {{'M',[8;8;1],1,[1;1;1],0,[3;3;0]},{'M',[1;8;128],1,[1;1;1],0,[0;3;7]},{'A',[15;8;-126],2,[8;8;1],1,1,[-1;-8;-128],1,0},{'M',[15;8;1],3,[1;1;1],0,[NaN;NaN;0],[15;8;-126],2,[0;0;NaN]},{'A',[-45;40;-3],4,[15;8;1],3,0,[-15;8;-1],3,2},{'M',[15;8;8],3,[1;1;1],0,[NaN;3;3],[15;8;-126],2,[0;NaN;NaN]},{'A',[-59;33;33],4,[1;1;1],0,0,[-15;8;8],3,2},{'M',[1;132;1],5,[1;1;1],0,[0;NaN;0],[-59;33;33],4,[NaN;2;NaN]},{'M',[-59;33;64],5,[1;1;1],0,[NaN;NaN;6],[-59;33;33],4,[0;0;NaN]},{'A',[63;495;68],6,[1;132;1],5,2,[59;-33;64],5,0},{'M',[15;495;68],7,[15;8;-126],2,[0;NaN;NaN],[63;495;68],6,[NaN;0;0]},{'M',[1;64;64],1,[1;1;1],0,[0;6;6]},{'A',[19;239;-188],8,[15;495;68],7,0,[1;-64;-64],1,2},{'M',[512;32;33],5,[1;1;1],0,[9;5;NaN],[-59;33;33],4,[NaN;NaN;0]},{'M',[-118;1;66],5,[1;1;1],0,[NaN;0;NaN],[-59;33;33],4,[1;NaN;1]},{'A',[-432;40;-495],6,[512;32;33],5,0,[-118;1;-66],5,3},{'M',[2;132;33],5,[1;1;1],0,[1;NaN;NaN],[-59;33;33],4,[NaN;2;0]},{'M',[504;239;-192],9,[-45;40;-3],4,[NaN;NaN;6],[63;495;68],6,[3;NaN;NaN],[19;239;-188],8,[NaN;0;NaN]},{'A',[506;-107;225],10,[2;132;33],5,0,[504;-239;192],9,0},{'M',[-720;640;-3],5,[-45;40;-3],4,[4;4;0]},{'M',[-45;-107;-752],11,[-45;40;-3],4,[0;NaN;NaN],[19;239;-188],8,[NaN;NaN;2],[506;-107;225],10,[NaN;0;NaN]},{'A',[-675;747;749],12,[-720;640;-3],5,0,[45;107;752],11,0},{'M',[-59;80;-192],7,[-45;40;-3],4,[NaN;NaN;6],[-59;33;33],4,[0;NaN;NaN],[-432;40;-495],6,[NaN;1;NaN]},{'M',[152;256;749],13,[1;1;1],0,[NaN;8;NaN],[19;239;-188],8,[3;NaN;NaN],[-675;747;749],12,[NaN;NaN;0]},{'A',[93;-176;-941],14,[-59;80;-192],7,0,[152;-256;-749],13,0},{'M',[120;495;749],13,[15;8;-126],2,[3;NaN;NaN],[63;495;68],6,[NaN;0;NaN],[-675;747;749],12,[NaN;NaN;0]},{'M',[-236;-107;132],11,[-59;33;33],4,[2;NaN;2],[506;-107;225],10,[NaN;0;NaN]},{'A',[592;709;1013],14,[120;495;749],13,0,[236;107;132],11,1},{'M',[744;709;1013],15,[93;-176;-941],14,[3;NaN;NaN],[592;709;1013],14,[NaN;0;0]},{'O',[744;709;1013],15,[744;709;1013],15,0},{'M',[592;33;66],15,[-59;33;33],4,[NaN;0;1],[592;709;1013],14,[0;NaN;NaN]},{'O',[592;33;66],15,[592;33;66],15,0},{'M',[-675;-352;-126],15,[15;8;-126],2,[NaN;NaN;0],[-675;747;749],12,[0;NaN;NaN],[93;-176;-941],14,[NaN;1;NaN]},{'O',[675;352;126],15,[675;352;126],15,0},{'M',[506;747;450],13,[506;-107;225],10,[0;NaN;1],[-675;747;749],12,[NaN;0;NaN]},{'O',[506;747;450],13,[506;747;450],13,0},{'M',[-59;-107;-941],15,[-59;33;33],4,[0;NaN;NaN],[506;-107;225],10,[NaN;0;NaN],[93;-176;-941],14,[NaN;NaN;0]},{'O',[59;107;941],15,[59;107;941],15,0}}
Adder graph: {{'M',[32;1;1024],1,[1;1;1],0,[5;0;10]},{'M',[4;1;256],1,[1;1;1],0,[2;0;8]},{'A',[80;6;3072],2,[32;1;1024],1,1,[4;1;256],1,2},{'M',[80;4;32],3,[1;1;1],0,[NaN;2;5],[80;6;3072],2,[0;NaN;NaN]},{'A',[-639;-31;257],4,[1;1;1],0,0,[-80;-4;32],3,3},{'M',[2;2;1],1,[1;1;1],0,[1;1;0]},{'M',[16;-31;2],5,[1;1;1],0,[4;NaN;1],[-639;-31;257],4,[NaN;0;NaN]},{'A',[3968;3848;2064],6,[2;2;1],1,11,[-16;-31;2],5,3},{'M',[80;3848;2064],7,[80;6;3072],2,[0;NaN;NaN],[3968;3848;2064],6,[NaN;0;0]},{'M',[3968;3848;3072],7,[80;6;3072],2,[NaN;NaN;0],[3968;3848;2064],6,[0;0;NaN]},{'A',[253;481;-63],8,[80;3848;2064],7,-4,[3968;3848;-3072],7,-4},{'M',[1;1;16],1,[1;1;1],0,[0;0;4]},{'M',[4;6;1],3,[1;1;1],0,[2;NaN;0],[80;6;3072],2,[NaN;0;NaN]},{'A',[9;-11;18],4,[1;1;16],1,0,[4;-6;1],3,1},{'M',[9;-124;-252],9,[-639;-31;257],4,[NaN;2;NaN],[253;481;-63],8,[NaN;NaN;2],[9;-11;18],4,[0;NaN;NaN]},{'M',[36;481;-63],9,[253;481;-63],8,[NaN;0;0],[9;-11;18],4,[2;NaN;NaN]},{'A',[-27;357;-189],10,[9;-124;-252],9,0,[-36;481;63],9,0},{'M',[80;4;4],3,[1;1;1],0,[NaN;2;2],[80;6;3072],2,[0;NaN;NaN]},{'M',[1012;1;1],9,[1;1;1],0,[NaN;0;0],[253;481;-63],8,[2;NaN;NaN]},{'A',[-372;33;33],10,[80;4;4],3,3,[-1012;1;1],9,0},{'M',[-27;-352;-756],11,[9;-11;18],4,[NaN;5;NaN],[-27;357;-189],10,[0;NaN;2]},{'M',[32;357;257],11,[1;1;1],0,[5;NaN;NaN],[-639;-31;257],4,[NaN;NaN;0],[-27;357;-189],10,[NaN;0;NaN]},{'A',[-59;-709;-1013],12,[-27;-352;-756],11,0,[-32;-357;-257],11,0},{'M',[36;33;72],11,[9;-11;18],4,[2;NaN;2],[-372;33;33],10,[NaN;0;NaN]},{'M',[1;714;-378],11,[1;1;1],0,[0;NaN;NaN],[-27;357;-189],10,[NaN;1;1]},{'A',[37;747;450],12,[36;33;72],11,0,[1;714;378],11,0},{'M',[-639;-11;-1013],13,[-639;-31;257],4,[0;NaN;NaN],[9;-11;18],4,[NaN;0;NaN],[-59;-709;-1013],12,[NaN;NaN;0]},{'M',[9;24;18],5,[80;6;3072],2,[NaN;2;NaN],[9;-11;18],4,[0;NaN;0]},{'A',[-675;-107;-941],14,[-639;-11;-1013],13,0,[-9;-24;18],5,2},{'M',[-744;-709;-1013],13,[-372;33;33],10,[1;NaN;NaN],[-59;-709;-1013],12,[NaN;0;0]},{'O',[744;709;1013],13,[744;709;1013],13,0},{'M',[592;33;66],13,[-372;33;33],10,[NaN;0;1],[37;747;450],12,[4;NaN;NaN]},{'O',[592;33;66],13,[592;33;66],13,0},{'M',[-675;-352;-126],15,[253;481;-63],8,[NaN;NaN;1],[9;-11;18],4,[NaN;5;NaN],[-675;-107;-941],14,[0;NaN;NaN]},{'O',[675;352;126],15,[675;352;126],15,0},{'M',[506;747;450],13,[253;481;-63],8,[1;NaN;NaN],[37;747;450],12,[NaN;0;0]},{'O',[506;747;450],13,[506;747;450],13,0},{'M',[-59;-107;-941],15,[-59;-709;-1013],12,[0;NaN;NaN],[-675;-107;-941],14,[NaN;0;0]},{'O',[59;107;941],15,[59;107;941],15,0}}
Adder graph: {{'M',[8;1;16],1,[1;1;1],0,[3;0;4]},{'A',[15;3;33],2,[8;1;16],1,1,[-1;1;1],0,0},{'M',[15;3;2],3,[1;1;1],0,[NaN;NaN;1],[15;3;33],2,[0;0;NaN]},{'A',[135;21;49],4,[15;3;2],3,3,[15;-3;33],2,0},{'M',[135;21;2],5,[1;1;1],0,[NaN;NaN;1],[135;21;49],4,[0;0;NaN]},{'M',[135;256;49],5,[1;1;1],0,[NaN;8;NaN],[135;21;49],4,[0;NaN;0]},{'A',[675;1045;-194],6,[135;21;2],5,0,[135;256;-49],5,2},{'M',[16;21;49],5,[1;1;1],0,[4;NaN;NaN],[135;21;49],4,[NaN;0;0]},{'M',[1;1;2],1,[1;1;1],0,[0;0;1]},{'A',[144;-107;-207],6,[16;21;49],5,0,[1;-1;-2],1,7},{'M',[144;16;32],7,[1;1;1],0,[NaN;4;5],[144;-107;-207],6,[0;NaN;NaN]},{'M',[64;1;1],1,[1;1;1],0,[6;0;0]},{'A',[224;33;63],8,[144;16;32],7,1,[-64;1;-1],1,0},{'M',[1;1;-207],7,[1;1;1],0,[0;0;NaN],[144;-107;-207],6,[NaN;NaN;0]},{'M',[4;21;4224],5,[1;1;1],0,[2;NaN;NaN],[15;3;33],2,[NaN;NaN;7],[135;21;49],4,[NaN;0;NaN]},{'A',[-3;22;4017],8,[1;1;-207],7,0,[-4;21;4224],5,0},{'M',[1;1045;-194],7,[1;1;1],0,[0;NaN;NaN],[675;1045;-194],6,[NaN;0;0]},{'M',[15;3;64],3,[1;1;1],0,[NaN;NaN;6],[15;3;33],2,[0;0;NaN]},{'A',[-59;1057;-450],8,[1;1045;-194],7,0,[-15;3;-64],3,2},{'M',[-12;1045;252],9,[675;1045;-194],6,[NaN;0;NaN],[224;33;63],8,[NaN;NaN;2],[-3;22;4017],8,[2;NaN;NaN]},{'M',[-384;336;1],9,[1;1;1],0,[NaN;NaN;0],[135;21;49],4,[NaN;4;NaN],[-3;22;4017],8,[7;NaN;NaN]},{'A',[372;709;253],10,[-12;1045;252],9,0,[384;-336;1],9,0},{'M',[372;22;253],11,[-3;22;4017],8,[NaN;0;NaN],[372;709;253],10,[0;NaN;0]},{'M',[224;22;4017],9,[224;33;63],8,[0;NaN;NaN],[-3;22;4017],8,[NaN;0;0]},{'A',[37;11;-941],12,[372;22;253],11,-2,[-224;22;-4017],9,-2},{'M',[-236;21;1],9,[1;1;1],0,[NaN;NaN;0],[135;21;49],4,[NaN;0;NaN],[-59;1057;-450],8,[2;NaN;NaN]},{'M',[135;384;506],11,[15;3;33],2,[NaN;7;NaN],[135;21;49],4,[0;NaN;NaN],[372;709;253],10,[NaN;NaN;1]},{'A',[-506;-747;1013],12,[-236;21;1],9,0,[-135;-384;506],11,1},{'M',[744;709;1013],13,[372;709;253],10,[1;0;NaN],[-506;-747;1013],12,[NaN;NaN;0]},{'O',[744;709;1013],13,[744;709;1013],13,0},{'M',[592;33;66],13,[15;3;33],2,[NaN;NaN;1],[224;33;63],8,[NaN;0;NaN],[37;11;-941],12,[4;NaN;NaN]},{'O',[592;33;66],13,[592;33;66],13,0},{'M',[675;352;126],13,[675;1045;-194],6,[0;NaN;NaN],[224;33;63],8,[NaN;NaN;1],[37;11;-941],12,[NaN;5;NaN]},{'O',[675;352;126],13,[675;352;126],13,0},{'M',[-506;-747;-450],13,[-59;1057;-450],8,[NaN;NaN;0],[-506;-747;1013],12,[0;0;NaN]},{'O',[506;747;450],13,[506;747;450],13,0},{'M',[-59;-107;-941],13,[144;-107;-207],6,[NaN;0;NaN],[-59;1057;-450],8,[0;NaN;NaN],[37;11;-941],12,[NaN;NaN;0]},{'O',[59;107;941],13,[59;107;941],13,0}}
Adder graph: {{'M',[2;1;4],1,[1;1;1],0,[1;0;2]},{'A',[5;-1;-7],2,[1;1;1],0,0,[2;-1;-4],1,1},{'M',[32;-1;32],3,[1;1;1],0,[5;NaN;5],[5;-1;-7],2,[NaN;0;NaN]},{'A',[36;-5;36],4,[32;-1;32],3,0,[1;-1;1],0,2},{'M',[256;1;64],1,[1;1;1],0,[8;0;6]},{'M',[1;-10;1],5,[1;1;1],0,[0;NaN;0],[36;-5;36],4,[NaN;1;NaN]},{'A',[514;22;126],6,[256;1;64],1,1,[1;10;-1],5,1},{'M',[36;1;-224],5,[1;1;1],0,[NaN;0;NaN],[5;-1;-7],2,[NaN;NaN;5],[36;-5;36],4,[0;NaN;NaN]},{'M',[1;704;1],7,[1;1;1],0,[0;NaN;0],[514;22;126],6,[NaN;5;NaN]},{'A',[35;-703;-225],8,[36;1;-224],5,0,[-1;-704;-1],7,0},{'M',[514;22;-450],9,[514;22;126],6,[0;0;NaN],[35;-703;-225],8,[NaN;NaN;1]},{'M',[280;-5;-56],9,[5;-1;-7],2,[NaN;NaN;3],[36;-5;36],4,[NaN;0;NaN],[35;-703;-225],8,[3;NaN;NaN]},{'A',[794;17;-394],10,[514;22;-450],9,0,[280;-5;56],9,0},{'M',[794;1;1],11,[1;1;1],0,[NaN;0;0],[794;17;-394],10,[0;NaN;NaN]},{'M',[36;-5;-28],5,[5;-1;-7],2,[NaN;NaN;2],[36;-5;36],4,[0;0;NaN]},{'A',[506;-39;225],12,[794;1;1],11,0,[-36;-5;28],5,3},{'M',[5;-1;2],3,[1;1;1],0,[NaN;NaN;1],[5;-1;-7],2,[0;0;NaN]},{'M',[32;17;32],11,[1;1;1],0,[5;NaN;5],[794;17;-394],10,[NaN;0;NaN]},{'A',[-59;33;66],12,[5;-1;2],3,0,[-32;17;32],11,1},{'M',[1024;-39;225],13,[1;1;1],0,[10;NaN;NaN],[506;-39;225],12,[NaN;0;0]},{'M',[140;34;-394],11,[35;-703;-225],8,[2;NaN;NaN],[794;17;-394],10,[NaN;1;0]},{'A',[744;-107;1013],14,[1024;-39;225],13,0,[-140;-34;394],11,1},{'M',[320;22;-448],7,[5;-1;-7],2,[6;NaN;6],[514;22;126],6,[NaN;0;NaN]},{'A',[675;747;-671],9,[320;22;-448],7,1,[35;703;225],8,0},{'M',[36;352;36],7,[36;-5;36],4,[0;NaN;0],[514;22;126],6,[NaN;4;NaN]},{'M',[35;-5;1013],15,[36;-5;36],4,[NaN;0;NaN],[35;-703;-225],8,[0;NaN;NaN],[744;-107;1013],14,[NaN;NaN;0]},{'A',[37;709;-941],16,[36;352;36],7,1,[-35;5;-1013],15,0},{'M',[744;709;1013],17,[744;-107;1013],14,[0;NaN;0],[37;709;-941],16,[NaN;0;NaN]},{'O',[744;709;1013],17,[744;709;1013],17,0},{'M',[592;33;66],17,[-59;33;66],12,[NaN;0;0],[37;709;-941],16,[4;NaN;NaN]},{'O',[592;33;66],17,[592;33;66],17,0},{'M',[675;352;126],10,[514;22;126],6,[NaN;4;0],[675;747;-671],9,[0;NaN;NaN]},{'O',[675;352;126],10,[675;352;126],10,0},{'M',[506;747;450],13,[506;-39;225],12,[0;NaN;1],[675;747;-671],9,[NaN;0;NaN]},{'O',[506;747;450],13,[506;747;450],13,0},{'M',[-59;-107;-941],17,[-59;33;66],12,[0;NaN;NaN],[744;-107;1013],14,[NaN;0;NaN],[37;709;-941],16,[NaN;NaN;0]},{'O',[59;107;941],17,[59;107;941],17,0}}
Adder graph: {{'M',[1;512;1],1,[1;1;1],0,[0;9;0]},{'A',[-3;508;5],2,[1;512;1],1,0,[-1;-1;1],0,2},{'M',[-3;512;512],3,[1;1;1],0,[NaN;9;9],[-3;508;5],2,[0;NaN;NaN]},{'M',[-48;1;1],3,[1;1;1],0,[NaN;0;0],[-3;508;5],2,[4;NaN;NaN]},{'A',[45;513;513],4,[-3;512;512],3,0,[48;1;1],3,0},{'M',[32;508;32],3,[1;1;1],0,[5;NaN;5],[-3;508;5],2,[NaN;0;NaN]},{'M',[1;513;1],5,[1;1;1],0,[0;NaN;0],[45;513;513],4,[NaN;0;NaN]},{'A',[31;-5;33],6,[32;508;32],3,0,[-1;-513;1],5,0},{'M',[1;16;32],1,[1;1;1],0,[0;4;5]},{'M',[64;1;1],1,[1;1;1],0,[6;0;0]},{'A',[-62;33;63],2,[1;16;32],1,1,[-64;1;-1],1,0},{'M',[90;-5;33],7,[45;513;513],4,[1;NaN;NaN],[31;-5;33],6,[NaN;0;0]},{'A',[148;22;98],8,[90;-5;33],7,1,[-1;1;1],0,5},{'M',[128;1;128],1,[1;1;1],0,[7;0;7]},{'M',[45;128;128],5,[1;1;1],0,[NaN;7;7],[45;513;513],4,[0;NaN;NaN]},{'A',[83;-127;0],6,[128;1;128],1,0,[-45;-128;-128],5,0},{'M',[148;-5;98],9,[31;-5;33],6,[NaN;0;NaN],[148;22;98],8,[0;NaN;0]},{'M',[83;-127;320],7,[-3;508;5],2,[NaN;NaN;6],[83;-127;0],6,[0;0;NaN]},{'A',[675;107;72],10,[148;-5;98],9,2,[83;127;-320],7,0},{'M',[-248;704;5],9,[-3;508;5],2,[NaN;NaN;0],[-62;33;63],2,[2;NaN;NaN],[148;22;98],8,[NaN;5;NaN]},{'M',[-992;-5;1008],7,[31;-5;33],6,[NaN;0;NaN],[-62;33;63],2,[4;NaN;4]},{'A',[744;709;1013],10,[-248;704;5],9,0,[992;5;1008],7,0},{'M',[512;107;1013],11,[1;1;1],0,[9;NaN;NaN],[675;107;72],10,[NaN;0;NaN],[744;709;1013],10,[NaN;NaN;0]},{'M',[-6;-640;72],11,[-3;508;5],2,[1;NaN;NaN],[31;-5;33],6,[NaN;7;NaN],[675;107;72],10,[NaN;NaN;0]},{'A',[506;747;941],12,[512;107;1013],11,0,[-6;640;-72],11,0},{'M',[-3;-127;513],7,[-3;508;5],2,[0;NaN;NaN],[45;513;513],4,[NaN;NaN;0],[83;-127;0],6,[NaN;0;NaN]},{'A',[59;-160;450],8,[-3;-127;513],7,0,[62;-33;-63],2,0},{'O',[744;709;1013],10,[744;709;1013],10,0},{'M',[592;33;66],9,[31;-5;33],6,[NaN;NaN;1],[-62;33;63],2,[NaN;0;NaN],[148;22;98],8,[2;NaN;NaN]},{'O',[592;33;66],9,[592;33;66],9,0},{'M',[675;352;126],11,[-62;33;63],2,[NaN;NaN;1],[148;22;98],8,[NaN;4;NaN],[675;107;72],10,[0;NaN;NaN]},{'O',[675;352;126],11,[675;352;126],11,0},{'M',[506;747;450],13,[506;747;941],12,[0;0;NaN],[59;-160;450],8,[NaN;NaN;0]},{'O',[506;747;450],13,[506;747;450],13,0},{'M',[59;107;941],13,[675;107;72],10,[NaN;0;NaN],[506;747;941],12,[NaN;NaN;0],[59;-160;450],8,[0;NaN;NaN]},{'O',[59;107;941],13,[59;107;941],13,0}}
Adder graph: {{'A',[-3;-3;5],1,[1;1;1],0,0,[-1;-1;1],0,2},{'M',[-12;-3;5],2,[-3;-3;5],1,[2;0;0]},{'M',[-24;1;16],2,[1;1;1],0,[NaN;0;4],[-3;-3;5],1,[3;NaN;NaN]},{'A',[372;-19;-251],3,[-12;-3;5],2,0,[24;-1;-16],2,4},{'M',[16;1;1],1,[1;1;1],0,[4;0;0]},{'M',[-3;-19;-251],4,[-3;-3;5],1,[0;NaN;NaN],[372;-19;-251],3,[NaN;0;0]},{'A',[253;-3;-235],5,[16;1;1],1,4,[-3;-19;-251],4,0},{'M',[1;-24;1],2,[1;1;1],0,[0;NaN;0],[-3;-3;5],1,[NaN;3;NaN]},{'M',[16;1;-235],6,[1;1;1],0,[4;0;NaN],[253;-3;-235],5,[NaN;NaN;0]},{'A',[-31;-26;-469],7,[1;-24;1],2,0,[-16;-1;-235],6,1},{'M',[-31;-52;-469],8,[-31;-26;-469],7,[0;1;0]},{'M',[-3;-3;-1004],4,[-3;-3;5],1,[0;0;NaN],[372;-19;-251],3,[NaN;NaN;2]},{'A',[-59;-107;66],9,[-31;-52;-469],8,1,[3;-3;1004],4,0},{'M',[-6;1;10],2,[1;1;1],0,[NaN;0;NaN],[-3;-3;5],1,[1;NaN;1]},{'A',[-45;11;75],3,[-6;1;10],2,3,[3;3;-5],1,0},{'M',[-236;11;75],10,[-59;-107;66],9,[2;NaN;NaN],[-45;11;75],3,[NaN;0;0]},{'A',[56;33;225],11,[-45;11;75],3,2,[236;-11;-75],10,0},{'M',[372;1;1],4,[1;1;1],0,[NaN;0;0],[372;-19;-251],3,[0;NaN;NaN]},{'A',[186;5;63],5,[372;1;1],4,-2,[372;19;251],3,-2},{'M',[744;5;63],6,[186;5;63],5,[2;0;0]},{'M',[112;176;-251],12,[372;-19;-251],3,[NaN;NaN;0],[-45;11;75],3,[NaN;4;NaN],[56;33;225],11,[1;NaN;NaN]},{'A',[296;709;-941],13,[744;5;63],6,0,[-112;176;-251],12,2},{'M',[-45;709;75],14,[-45;11;75],3,[0;NaN;0],[296;709;-941],13,[NaN;0;NaN]},{'M',[-360;-19;-469],8,[372;-19;-251],3,[NaN;0;NaN],[-31;-26;-469],7,[NaN;NaN;0],[-45;11;75],3,[3;NaN;NaN]},{'A',[675;747;1013],15,[-45;709;75],14,0,[360;19;469],8,1},{'M',[744;709;1013],16,[186;5;63],5,[2;NaN;NaN],[296;709;-941],13,[NaN;0;NaN],[675;747;1013],15,[NaN;NaN;0]},{'O',[744;709;1013],16,[744;709;1013],16,0},{'M',[592;33;66],14,[-59;-107;66],9,[NaN;NaN;0],[56;33;225],11,[NaN;0;NaN],[296;709;-941],13,[1;NaN;NaN]},{'O',[592;33;66],14,[592;33;66],14,0},{'M',[675;352;126],16,[-45;11;75],3,[NaN;5;NaN],[186;5;63],5,[NaN;NaN;1],[675;747;1013],15,[0;NaN;NaN]},{'O',[675;352;126],16,[675;352;126],16,0},{'M',[506;747;450],16,[253;-3;-235],5,[1;NaN;NaN],[56;33;225],11,[NaN;NaN;1],[675;747;1013],15,[NaN;0;NaN]},{'O',[506;747;450],16,[506;747;450],16,0},{'M',[-59;-107;-941],14,[-59;-107;66],9,[0;0;NaN],[296;709;-941],13,[NaN;NaN;0]},{'O',[59;107;941],14,[59;107;941],14,0}}
Adder graph: {{'M',[1;2;1],1,[1;1;1],0,[0;1;0]},{'M',[1;32;32],1,[1;1;1],0,[0;5;5]},{'A',[9;48;40],2,[1;2;1],1,3,[1;32;32],1,0},{'M',[9;48;16],3,[1;1;1],0,[NaN;NaN;4],[9;48;40],2,[0;0;NaN]},{'M',[1;16;1],1,[1;1;1],0,[0;4;0]},{'A',[37;176;63],4,[9;48;16],3,2,[1;-16;-1],1,0},{'M',[296;1408;1],5,[1;1;1],0,[NaN;NaN;0],[37;176;63],4,[3;3;NaN]},{'A',[-287;1456;39],6,[9;48;40],2,0,[-296;1408;-1],5,0},{'M',[1;1;64],1,[1;1;1],0,[0;0;6]},{'A',[3;33;66],2,[1;16;1],1,1,[1;1;64],1,0},{'M',[32;33;66],3,[1;1;1],0,[5;NaN;NaN],[3;33;66],2,[NaN;0;0]},{'M',[9;2;40],3,[1;1;1],0,[NaN;1;NaN],[9;48;40],2,[0;NaN;0]},{'A',[46;70;212],4,[32;33;66],3,1,[-9;2;40],3,1},{'M',[24;264;39],7,[-287;1456;39],6,[NaN;NaN;0],[3;33;66],2,[3;3;NaN]},{'M',[37;176;424],5,[37;176;63],4,[0;0;NaN],[46;70;212],4,[NaN;NaN;1]},{'A',[-50;616;-809],8,[24;264;39],7,0,[-37;176;-424],5,1},{'M',[1;1;126],5,[1;1;1],0,[0;0;NaN],[37;176;63],4,[NaN;NaN;1]},{'M',[92;616;-809],9,[46;70;212],4,[1;NaN;NaN],[-50;616;-809],8,[NaN;0;0]},{'A',[93;-615;935],10,[1;1;126],5,0,[92;-616;809],9,0},{'M',[128;33;66],3,[1;1;1],0,[7;NaN;NaN],[3;33;66],2,[NaN;0;0]},{'M',[6;-615;39],11,[-287;1456;39],6,[NaN;NaN;0],[3;33;66],2,[1;NaN;NaN],[93;-615;935],10,[NaN;0;NaN]},{'A',[506;747;225],12,[128;33;66],3,2,[-6;615;-39],11,0},{'M',[-50;33;-809],9,[3;33;66],2,[NaN;0;NaN],[-50;616;-809],8,[0;NaN;0]},{'M',[9;140;132],5,[9;48;40],2,[0;NaN;NaN],[3;33;66],2,[NaN;NaN;1],[46;70;212],4,[NaN;1;NaN]},{'A',[-59;-107;-941],10,[-50;33;-809],9,0,[-9;-140;-132],5,0},{'M',[768;1456;78],7,[-287;1456;39],6,[NaN;0;1],[3;33;66],2,[8;NaN;NaN]},{'M',[93;747;935],13,[93;-615;935],10,[0;NaN;0],[506;747;225],12,[NaN;0;NaN]},{'A',[675;709;1013],14,[768;1456;78],7,0,[-93;-747;935],13,0},{'M',[744;709;1013],15,[93;-615;935],10,[3;NaN;NaN],[675;709;1013],14,[NaN;0;0]},{'O',[744;709;1013],15,[744;709;1013],15,0},{'M',[592;33;66],5,[37;176;63],4,[4;NaN;NaN],[3;33;66],2,[NaN;0;0]},{'O',[592;33;66],5,[592;33;66],5,0},{'M',[675;352;126],15,[37;176;63],4,[NaN;1;1],[675;709;1013],14,[0;NaN;NaN]},{'O',[675;352;126],15,[675;352;126],15,0},{'M',[506;747;450],13,[506;747;225],12,[0;0;1]},{'O',[506;747;450],13,[506;747;450],13,0},{'O',[59;107;941],10,[59;107;941],10,0}}
Adder graph: {{'M',[1;16;1],1,[1;1;1],0,[0;4;0]},{'M',[1;1;16],1,[1;1;1],0,[0;0;4]},{'A',[33;48;513],2,[1;16;1],1,0,[1;1;16],1,5},{'M',[1;2;1],1,[1;1;1],0,[0;1;0]},{'M',[33;48;1],3,[1;1;1],0,[NaN;NaN;0],[33;48;513],2,[0;0;NaN]},{'A',[31;176;63],4,[1;2;1],1,6,[-33;48;-1],3,0},{'M',[62;1;126],5,[1;1;1],0,[NaN;0;NaN],[31;176;63],4,[1;NaN;1]},{'M',[31;16;63],5,[1;1;1],0,[NaN;4;NaN],[31;176;63],4,[0;NaN;0]},{'A',[93;18;189],6,[62;1;126],5,1,[-31;16;-63],5,0},{'M',[1;4;4],1,[1;1;1],0,[0;2;2]},{'M',[124;1;1],5,[1;1;1],0,[NaN;0;0],[31;176;63],4,[2;NaN;NaN]},{'A',[-246;10;10],6,[1;4;4],1,1,[-124;1;1],5,1},{'M',[264;1;1],3,[1;1;1],0,[NaN;0;0],[33;48;513],2,[3;NaN;NaN]},{'M',[16;10;16],7,[1;1;1],0,[4;NaN;4],[-246;10;10],6,[NaN;0;NaN]},{'A',[592;-38;66],8,[264;1;1],3,1,[16;-10;16],7,2},{'A',[63;33;351],7,[93;18;189],6,-1,[33;48;513],2,-1},{'M',[252;33;351],8,[63;33;351],7,[2;0;0]},{'M',[1;704;126],5,[1;1;1],0,[0;NaN;NaN],[31;176;63],4,[NaN;2;1]},{'A',[253;737;225],9,[252;33;351],8,0,[1;704;-126],5,0},{'M',[63;737;225],10,[63;33;351],7,[0;NaN;NaN],[253;737;225],9,[NaN;0;0]},{'M',[372;10;756],7,[93;18;189],6,[2;NaN;2],[-246;10;10],6,[NaN;0;NaN]},{'A',[-309;747;981],11,[63;737;225],10,0,[-372;10;756],7,0},{'M',[63;-38;32],9,[1;1;1],0,[NaN;NaN;5],[592;-38;66],8,[NaN;0;NaN],[63;33;351],7,[0;NaN;NaN]},{'M',[4;747;981],12,[1;1;1],0,[2;NaN;NaN],[-309;747;981],11,[NaN;0;0]},{'A',[59;709;1013],13,[63;-38;32],9,0,[-4;747;981],12,0},{'M',[-246;160;10],7,[-246;10;10],6,[0;4;0]},{'A',[675;107;941],12,[-309;747;981],11,0,[246;-160;-10],7,2},{'M',[744;709;1013],14,[93;18;189],6,[3;NaN;NaN],[59;709;1013],13,[NaN;0;0]},{'O',[744;709;1013],14,[744;709;1013],14,0},{'M',[592;33;66],9,[592;-38;66],8,[0;NaN;0],[63;33;351],7,[NaN;0;NaN]},{'O',[592;33;66],9,[592;33;66],9,0},{'M',[675;352;126],13,[31;176;63],4,[NaN;1;1],[675;107;941],12,[0;NaN;NaN]},{'O',[675;352;126],13,[675;352;126],13,0},{'M',[506;747;450],12,[253;737;225],9,[1;NaN;1],[-309;747;981],11,[NaN;0;NaN]},{'O',[506;747;450],12,[506;747;450],12,0},{'M',[59;107;941],14,[59;709;1013],13,[0;NaN;NaN],[675;107;941],12,[NaN;0;0]},{'O',[59;107;941],14,[59;107;941],14,0}}
Adder graph: {{'M',[1;8;16],1,[1;1;1],0,[0;3;4]},{'A',[5;33;63],2,[1;8;16],1,2,[1;1;-1],0,0},{'M',[5;1;1],3,[1;1;1],0,[NaN;0;0],[5;33;63],2,[0;NaN;NaN]},{'M',[8;1;1],1,[1;1;1],0,[3;0;0]},{'A',[37;5;-3],4,[5;1;1],3,0,[8;1;-1],1,2},{'A',[132;20;20],2,[8;1;1],1,4,[1;1;1],0,2},{'M',[5;320;63],5,[5;33;63],2,[0;NaN;0],[37;5;-3],4,[NaN;6;NaN]},{'M',[37;8;8],5,[1;1;1],0,[NaN;3;3],[37;5;-3],4,[0;NaN;NaN]},{'A',[-143;352;95],6,[5;320;63],5,0,[-37;8;8],5,2},{'M',[132;704;190],7,[132;20;20],2,[0;NaN;NaN],[-143;352;95],6,[NaN;1;1]},{'M',[37;5;64],5,[1;1;1],0,[NaN;NaN;6],[37;5;-3],4,[0;0;NaN]},{'A',[169;709;254],8,[132;704;190],7,0,[37;5;64],5,0},{'M',[2;2;63],3,[1;1;1],0,[1;1;NaN],[5;33;63],2,[NaN;NaN;0]},{'M',[4;5;4],5,[1;1;1],0,[2;NaN;2],[37;5;-3],4,[NaN;0;NaN]},{'A',[12;14;118],6,[2;2;63],3,1,[4;5;-4],5,1},{'M',[1;5;-3],5,[1;1;1],0,[0;NaN;NaN],[37;5;-3],4,[NaN;0;0]},{'A',[675;2831;1013],9,[169;709;254],8,2,[-1;-5;-3],5,0},{'M',[384;5;8],7,[1;1;1],0,[NaN;NaN;3],[37;5;-3],4,[NaN;0;NaN],[12;14;118],6,[5;NaN;NaN]},{'M',[1350;1;1],10,[1;1;1],0,[NaN;0;0],[675;2831;1013],9,[1;NaN;NaN]},{'A',[186;19;33],11,[384;5;8],7,2,[-1350;-1;1],10,0},{'M',[675;38;66],12,[675;2831;1013],9,[0;NaN;NaN],[186;19;33],11,[NaN;1;1]},{'M',[169;709;-384],9,[37;5;-3],4,[NaN;NaN;7],[169;709;254],8,[0;0;NaN]},{'A',[506;747;450],13,[675;38;66],12,0,[-169;709;384],9,0},{'A',[59;107;941],7,[12;14;118],6,3,[-37;-5;-3],4,0},{'M',[744;709;1013],12,[169;709;254],8,[NaN;0;NaN],[675;2831;1013],9,[NaN;NaN;0],[186;19;33],11,[2;NaN;NaN]},{'O',[744;709;1013],12,[744;709;1013],12,0},{'M',[592;33;66],12,[5;33;63],2,[NaN;0;NaN],[37;5;-3],4,[4;NaN;NaN],[186;19;33],11,[NaN;NaN;1]},{'O',[592;33;66],12,[592;33;66],12,0},{'M',[675;352;126],10,[5;33;63],2,[NaN;NaN;1],[-143;352;95],6,[NaN;0;NaN],[675;2831;1013],9,[0;NaN;NaN]},{'O',[675;352;126],10,[675;352;126],10,0},{'O',[506;747;450],13,[506;747;450],13,0},{'O',[59;107;941],7,[59;107;941],7,0}}
Adder graph: {{'M',[16;1;16],1,[1;1;1],0,[4;0;4]},{'A',[63;5;63],2,[16;1;16],1,2,[-1;1;-1],0,0},{'M',[63;5;252],3,[63;5;63],2,[0;0;2]},{'A',[254;22;1010],4,[1;1;1],0,1,[63;5;252],3,2},{'M',[32;1;1],1,[1;1;1],0,[5;0;0]},{'A',[34;1;3],2,[1;1;1],0,1,[32;-1;1],1,0},{'M',[8;8;1],1,[1;1;1],0,[3;3;0]},{'A',[80;48;24],2,[8;8;1],1,3,[1;-1;1],0,4},{'M',[1;352;1],5,[1;1;1],0,[0;NaN;0],[254;22;1010],4,[NaN;4;NaN]},{'M',[4;5;63],3,[1;1;1],0,[2;NaN;NaN],[63;5;63],2,[NaN;0;0]},{'A',[6;709;-61],6,[1;352;1],5,1,[4;5;-63],3,0},{'M',[48;1;-488],7,[1;1;1],0,[NaN;0;NaN],[6;709;-61],6,[3;NaN;3]},{'M',[544;1;3],3,[34;1;3],2,[4;0;0]},{'A',[592;2;-491],8,[48;1;-488],7,0,[544;1;-3],3,0},{'M',[252;1;3],3,[63;5;63],2,[2;NaN;NaN],[34;1;3],2,[NaN;0;0]},{'A',[506;-21;1013],5,[252;1;3],3,0,[254;-22;1010],4,0},{'M',[4;1;3],3,[1;1;1],0,[2;NaN;NaN],[34;1;3],2,[NaN;0;0]},{'M',[63;32;63],9,[63;5;63],2,[0;NaN;0],[592;2;-491],8,[NaN;4;NaN]},{'A',[-59;33;66],10,[4;1;3],3,0,[-63;32;63],9,0},{'M',[34;768;384],3,[34;1;3],2,[0;NaN;NaN],[80;48;24],2,[NaN;4;4]},{'M',[-59;-21;66],11,[506;-21;1013],5,[NaN;0;NaN],[-59;33;66],10,[0;NaN;0]},{'A',[93;747;450],12,[34;768;384],3,0,[59;-21;66],11,0},{'M',[768;640;-491],9,[63;5;63],2,[NaN;7;NaN],[6;709;-61],6,[7;NaN;NaN],[592;2;-491],8,[NaN;NaN;0]},{'A',[675;-107;-941],13,[768;640;-491],9,0,[-93;-747;-450],12,0},{'M',[744;709;1013],13,[6;709;-61],6,[NaN;0;NaN],[506;-21;1013],5,[NaN;NaN;0],[93;747;450],12,[3;NaN;NaN]},{'O',[744;709;1013],13,[744;709;1013],13,0},{'M',[592;33;66],11,[592;2;-491],8,[0;NaN;NaN],[-59;33;66],10,[NaN;0;0]},{'O',[592;33;66],11,[592;33;66],11,0},{'M',[675;352;126],14,[63;5;63],2,[NaN;NaN;1],[254;22;1010],4,[NaN;4;NaN],[675;-107;-941],13,[0;NaN;NaN]},{'O',[675;352;126],14,[675;352;126],14,0},{'M',[506;747;450],13,[506;-21;1013],5,[0;NaN;NaN],[93;747;450],12,[NaN;0;0]},{'O',[506;747;450],13,[506;747;450],13,0},{'M',[-59;-107;-941],14,[-59;33;66],10,[0;NaN;NaN],[675;-107;-941],13,[NaN;0;0]},{'O',[59;107;941],14,[59;107;941],14,0}}
Adder graph: {{'M',[2;1;1],1,[1;1;1],0,[1;0;0]},{'M',[1;2;2],1,[1;1;1],0,[0;1;1]},{'A',[15;10;6],2,[2;1;1],1,3,[-1;2;-2],1,0},{'M',[15;40;6],3,[15;10;6],2,[0;2;0]},{'M',[30;80;6],3,[15;10;6],2,[1;3;0]},{'A',[-225;-600;-42],4,[15;40;6],3,0,[-30;-80;-6],3,3},{'M',[-225;2048;-42],5,[1;1;1],0,[NaN;11;NaN],[-225;-600;-42],4,[0;NaN;0]},{'A',[-675;-352;-126],6,[-225;-600;-42],4,2,[225;2048;42],5,0},{'M',[15;1;6],3,[1;1;1],0,[NaN;0;NaN],[15;10;6],2,[0;NaN;0]},{'M',[128;1;128],1,[1;1;1],0,[7;0;7]},{'A',[352;31;64],4,[15;1;6],3,5,[-128;-1;-128],1,0},{'M',[120;1;1],3,[1;1;1],0,[NaN;0;0],[15;10;6],2,[3;NaN;NaN]},{'A',[592;33;66],5,[120;1;1],3,1,[352;31;64],4,0},{'M',[60;-352;-504],7,[15;10;6],2,[2;NaN;NaN],[-675;-352;-126],6,[NaN;0;2]},{'A',[-58;354;506],8,[1;1;1],0,1,[-60;352;504],7,0},{'M',[592;1;66],6,[1;1;1],0,[NaN;0;NaN],[592;33;66],5,[0;NaN;0]},{'M',[-116;708;6],9,[15;10;6],2,[NaN;NaN;0],[-58;354;506],8,[1;1;NaN]},{'A',[476;-707;72],10,[592;1;66],6,0,[-116;-708;6],9,0},{'M',[256;1;1],1,[1;1;1],0,[8;0;0]},{'A',[372;709;1013],9,[256;1;1],1,0,[58;354;506],8,1},{'M',[15;20;288],11,[15;10;6],2,[0;1;NaN],[476;-707;72],10,[NaN;NaN;2]},{'M',[476;-707;-126],11,[-675;-352;-126],6,[NaN;NaN;0],[476;-707;72],10,[0;0;NaN]},{'A',[506;747;450],12,[15;20;288],11,1,[476;707;-126],11,0},{'M',[-58;-707;72],11,[-58;354;506],8,[0;NaN;NaN],[476;-707;72],10,[NaN;0;0]},{'M',[1;-600;1013],10,[1;1;1],0,[0;NaN;NaN],[-225;-600;-42],4,[NaN;0;NaN],[372;709;1013],9,[NaN;NaN;0]},{'A',[-59;-107;-941],12,[-58;-707;72],11,0,[-1;600;-1013],10,0},{'M',[744;709;1013],10,[372;709;1013],9,[1;0;0]},{'O',[744;709;1013],10,[744;709;1013],10,0},{'O',[592;33;66],5,[592;33;66],5,0},{'O',[675;352;126],6,[675;352;126],6,0},{'O',[506;747;450],12,[506;747;450],12,0},{'O',[59;107;941],12,[59;107;941],12,0}}
Adder graph: {{'M',[1;256;256],1,[1;1;1],0,[0;8;8]},{'A',[-2;516;508],2,[1;256;256],1,1,[-1;1;-1],0,2},{'M',[1;1;16],1,[1;1;1],0,[0;0;4]},{'A',[3;5;63],2,[1;1;16],1,2,[-1;1;-1],0,0},{'M',[1;4;4],1,[1;1;1],0,[0;2;2]},{'M',[6;40;63],3,[3;5;63],2,[1;3;0]},{'A',[-5;44;67],4,[1;4;4],1,0,[-6;40;63],3,0},{'A',[-29;37;31],3,[3;5;63],2,0,[-1;1;-1],0,5},{'M',[3;37;31],4,[3;5;63],2,[0;NaN;NaN],[-29;37;31],3,[NaN;0;0]},{'A',[253;219;225],5,[1;1;1],0,8,[-3;-37;-31],4,0},{'M',[16;16;508],3,[1;1;1],0,[4;4;NaN],[-2;516;508],2,[NaN;NaN;0]},{'A',[35;27;1079],4,[16;16;508],3,1,[3;-5;63],2,0},{'M',[3;10;126],3,[3;5;63],2,[0;1;1]},{'M',[35;27;67],5,[-5;44;67],4,[NaN;NaN;0],[35;27;1079],4,[0;0;NaN]},{'A',[59;107;941],6,[3;10;126],3,3,[35;27;-67],5,0},{'M',[128;107;128],7,[1;1;1],0,[7;NaN;7],[59;107;941],6,[NaN;0;NaN]},{'M',[-232;37;31],4,[-29;37;31],3,[3;0;0]},{'A',[592;33;66],8,[128;107;128],7,0,[232;-37;-31],4,1},{'M',[35;5;1079],5,[3;5;63],2,[NaN;0;NaN],[35;27;1079],4,[0;NaN;0]},{'M',[-640;704;66],9,[-5;44;67],4,[7;4;NaN],[592;33;66],8,[NaN;NaN;0]},{'A',[675;709;1013],10,[35;5;1079],5,0,[640;704;-66],9,0},{'M',[-10;33;66],9,[-5;44;67],4,[1;NaN;NaN],[592;33;66],8,[NaN;0;0]},{'A',[93;747;-831],10,[253;219;225],5,0,[-10;33;-66],9,4},{'M',[744;709;1013],11,[675;709;1013],10,[NaN;0;0],[93;747;-831],10,[3;NaN;NaN]},{'O',[744;709;1013],11,[744;709;1013],11,0},{'O',[592;33;66],8,[592;33;66],8,0},{'M',[675;352;126],11,[3;5;63],2,[NaN;NaN;1],[-5;44;67],4,[NaN;3;NaN],[675;709;1013],10,[0;NaN;NaN]},{'O',[675;352;126],11,[675;352;126],11,0},{'M',[506;747;450],11,[253;219;225],5,[1;NaN;1],[93;747;-831],10,[NaN;0;NaN]},{'O',[506;747;450],11,[506;747;450],11,0},{'O',[59;107;941],6,[59;107;941],6,0}}
Adder graph: {{'A',[3;3;1],1,[1;1;1],0,1,[1;1;-1],0,0},{'M',[96;1;32],2,[1;1;1],0,[NaN;0;NaN],[3;3;1],1,[5;NaN;5]},{'A',[186;8;62],3,[96;1;32],2,1,[-3;3;-1],1,1},{'M',[1;2;1],1,[1;1;1],0,[0;1;0]},{'A',[5;19;7],2,[1;2;1],1,3,[-3;3;-1],1,0},{'M',[80;304;62],4,[186;8;62],3,[NaN;NaN;0],[5;19;7],2,[4;4;NaN]},{'M',[4;1;1],1,[1;1;1],0,[2;0;0]},{'A',[64;300;58],5,[80;304;62],4,0,[-4;-1;-1],1,2},{'M',[32;19;32],3,[1;1;1],0,[5;NaN;5],[5;19;7],2,[NaN;0;NaN]},{'A',[70;44;66],4,[3;3;1],1,1,[32;19;32],3,1},{'M',[4;8;62],4,[1;1;1],0,[2;NaN;NaN],[186;8;62],3,[NaN;0;0]},{'A',[69;-109;999],5,[5;19;7],2,0,[4;-8;62],4,4},{'M',[372;300;7],6,[186;8;62],3,[1;NaN;NaN],[5;19;7],2,[NaN;NaN;0],[64;300;58],5,[NaN;0;NaN]},{'A',[675;709;1013],7,[372;300;7],6,1,[-69;109;999],5,0},{'M',[512;709;464],8,[64;300;58],5,[3;NaN;3],[675;709;1013],7,[NaN;0;NaN]},{'M',[3;19;7],3,[3;3;1],1,[0;NaN;NaN],[5;19;7],2,[NaN;0;0]},{'A',[506;747;450],9,[512;709;464],8,0,[-3;19;-7],3,1},{'M',[10;2;58],6,[1;1;1],0,[NaN;1;NaN],[5;19;7],2,[1;NaN;NaN],[64;300;58],5,[NaN;NaN;0]},{'A',[-59;-107;-941],7,[10;2;58],6,0,[-69;-109;-999],5,0},{'M',[1;1;2],1,[1;1;1],0,[0;0;1]},{'M',[560;1;1],5,[1;1;1],0,[NaN;0;0],[70;44;66],4,[3;NaN;NaN]},{'A',[592;33;63],6,[1;1;2],1,5,[560;1;-1],5,0},{'M',[744;709;1013],8,[186;8;62],3,[2;NaN;NaN],[675;709;1013],7,[NaN;0;0]},{'O',[744;709;1013],8,[744;709;1013],8,0},{'M',[592;33;66],7,[70;44;66],4,[NaN;NaN;0],[592;33;63],6,[0;0;NaN]},{'O',[592;33;66],7,[592;33;66],7,0},{'M',[675;352;126],8,[70;44;66],4,[NaN;3;NaN],[675;709;1013],7,[0;NaN;NaN],[592;33;63],6,[NaN;NaN;1]},{'O',[675;352;126],8,[675;352;126],8,0},{'O',[506;747;450],9,[506;747;450],9,0},{'O',[59;107;941],7,[59;107;941],7,0}}
Adder graph: {{'A',[5;5;5],1,[1;1;1],0,2,[1;1;1],0,0},{'M',[5;5;32],2,[1;1;1],0,[NaN;NaN;5],[5;5;5],1,[0;0;NaN]},{'M',[160;1;1],2,[1;1;1],0,[NaN;0;0],[5;5;5],1,[5;NaN;NaN]},{'A',[170;11;63],3,[5;5;32],2,1,[160;1;-1],2,0},{'M',[2;44;63],4,[1;1;1],0,[1;NaN;NaN],[170;11;63],3,[NaN;2;0]},{'A',[37;709;1013],5,[2;44;63],4,4,[5;5;5],1,0},{'M',[2;2;1],1,[1;1;1],0,[1;1;0]},{'A',[34;34;33],2,[2;2;1],1,0,[1;1;1],0,5},{'M',[5;11;63],4,[5;5;5],1,[0;NaN;NaN],[170;11;63],3,[NaN;0;0]},{'A',[-335;33;-63],5,[5;11;63],4,0,[-170;11;-63],3,1},{'M',[8;11;63],4,[1;1;1],0,[3;NaN;NaN],[170;11;63],3,[NaN;0;0]},{'A',[60;108;942],5,[8;11;63],4,4,[-34;-34;-33],2,1},{'M',[5;160;5],2,[5;5;5],1,[0;5;0]},{'M',[170;128;63],4,[1;1;1],0,[NaN;7;NaN],[170;11;63],3,[0;NaN;0]},{'A',[-675;-352;257],5,[5;160;5],2,0,[-170;-128;63],4,2},{'M',[37;709;257],6,[37;709;1013],5,[0;0;NaN],[-675;-352;257],5,[NaN;NaN;0]},{'A',[186;371;97],7,[37;709;257],6,-1,[335;33;-63],5,-1},{'M',[160;371;97],8,[5;5;5],1,[5;NaN;NaN],[186;371;97],7,[NaN;0;0]},{'M',[186;5;256],8,[1;1;1],0,[NaN;NaN;8],[5;5;5],1,[NaN;0;NaN],[186;371;97],7,[0;NaN;NaN]},{'A',[506;747;450],9,[160;371;97],8,1,[186;5;256],8,0},{'A',[-59;-107;-941],6,[1;1;1],0,0,[-60;-108;-942],5,0},{'M',[744;709;1013],8,[37;709;1013],5,[NaN;0;0],[186;371;97],7,[2;NaN;NaN]},{'O',[744;709;1013],8,[744;709;1013],8,0},{'M',[592;33;66],6,[37;709;1013],5,[4;NaN;NaN],[34;34;33],2,[NaN;NaN;1],[-335;33;-63],5,[NaN;0;NaN]},{'O',[592;33;66],6,[592;33;66],6,0},{'M',[-675;-352;-126],6,[-335;33;-63],5,[NaN;NaN;1],[-675;-352;257],5,[0;0;NaN]},{'O',[675;352;126],6,[675;352;126],6,0},{'O',[506;747;450],9,[506;747;450],9,0},{'O',[59;107;941],6,[59;107;941],6,0}}
Adder graph: {{'M',[1;2;2],1,[1;1;1],0,[0;1;1]},{'A',[10;-4;12],2,[1;2;2],1,1,[1;-1;1],0,3},{'A',[17;15;15],1,[1;1;1],0,4,[1;-1;-1],0,0},{'A',[21;11;19],2,[17;15;15],1,0,[1;-1;1],0,2},{'M',[1;22;1],3,[1;1;1],0,[0;NaN;0],[21;11;19],2,[NaN;1;NaN]},{'A',[-9;191;23],4,[1;22;1],3,3,[-17;15;15],1,0},{'M',[42;1;1],3,[1;1;1],0,[NaN;0;0],[21;11;19],2,[1;NaN;NaN]},{'A',[74;33;33],4,[42;1;1],3,0,[1;1;1],0,5},{'A',[93;235;53],5,[21;11;19],2,2,[9;191;-23],4,0},{'M',[16;15;16],2,[1;1;1],0,[4;NaN;4],[17;15;15],1,[NaN;0;NaN]},{'M',[16;1;1],1,[1;1;1],0,[4;0;0]},{'A',[96;118;126],3,[16;15;16],2,3,[-16;-1;-1],1,1},{'M',[80;118;960],4,[10;-4;12],2,[3;NaN;NaN],[17;15;15],1,[NaN;NaN;6],[96;118;126],3,[NaN;0;NaN]},{'A',[-59;-107;-941],5,[21;11;19],2,0,[-80;-118;-960],4,0},{'M',[93;256;33],6,[1;1;1],0,[NaN;8;NaN],[74;33;33],4,[NaN;NaN;0],[93;235;53],5,[0;NaN;NaN]},{'M',[320;235;384],6,[10;-4;12],2,[5;NaN;5],[93;235;53],5,[NaN;0;NaN]},{'A',[506;747;450],7,[93;256;33],6,1,[320;235;384],6,0},{'M',[96;118;120],4,[17;15;15],1,[NaN;NaN;3],[96;118;126],3,[0;0;NaN]},{'A',[675;709;1013],6,[96;118;120],4,3,[-93;-235;53],5,0},{'M',[744;709;1013],7,[93;235;53],5,[3;NaN;NaN],[675;709;1013],6,[NaN;0;0]},{'O',[744;709;1013],7,[744;709;1013],7,0},{'M',[592;33;66],5,[74;33;33],4,[3;0;1]},{'O',[592;33;66],5,[592;33;66],5,0},{'M',[675;352;126],7,[21;11;19],2,[NaN;5;NaN],[96;118;126],3,[NaN;NaN;0],[675;709;1013],6,[0;NaN;NaN]},{'O',[675;352;126],7,[675;352;126],7,0},{'O',[506;747;450],7,[506;747;450],7,0},{'O',[59;107;941],5,[59;107;941],5,0}}
Adder graph: {{'M',[1;1;8],1,[1;1;1],0,[0;0;3]},{'A',[5;3;33],2,[1;1;8],1,2,[1;-1;1],0,0},{'A',[65;-63;-63],1,[1;1;1],0,0,[1;-1;-1],0,6},{'M',[80;1;1],3,[1;1;1],0,[NaN;0;0],[5;3;33],2,[4;NaN;NaN]},{'M',[16;1;16],1,[1;1;1],0,[4;0;4]},{'A',[592;33;513],4,[80;1;1],3,0,[16;1;16],1,5},{'M',[260;33;513],5,[65;-63;-63],1,[2;NaN;NaN],[592;33;513],4,[NaN;0;0]},{'M',[592;33;-126],5,[65;-63;-63],1,[NaN;NaN;1],[592;33;513],4,[0;0;NaN]},{'A',[-2108;165;9],6,[260;33;513],5,0,[-592;33;-126],5,2},{'A',[675;-33;126],7,[592;33;513],4,-2,[2108;-165;-9],6,-2},{'M',[16;6;126],8,[1;1;1],0,[4;NaN;NaN],[5;3;33],2,[NaN;1;NaN],[675;-33;126],7,[NaN;NaN;0]},{'A',[31;11;251],9,[16;6;126],8,1,[-1;-1;-1],0,0},{'M',[256;165;256],7,[1;1;1],0,[8;NaN;8],[-2108;165;9],6,[NaN;0;NaN]},{'M',[4;96;1],3,[1;1;1],0,[2;NaN;0],[5;3;33],2,[NaN;5;NaN]},{'A',[248;357;258],8,[256;165;256],7,0,[-4;96;1],3,1},{'M',[248;88;251],10,[31;11;251],9,[3;3;0]},{'M',[248;357;9],9,[-2108;165;9],6,[NaN;NaN;0],[248;357;258],8,[0;0;NaN]},{'A',[744;709;1013],11,[248;88;251],10,2,[-248;357;9],9,0},{'M',[10;33;66],5,[5;3;33],2,[1;NaN;1],[592;33;513],4,[NaN;0;NaN]},{'A',[506;747;450],9,[248;357;258],8,1,[10;33;-66],5,0},{'A',[59;107;941],10,[31;11;251],9,2,[-65;63;-63],1,0},{'O',[744;709;1013],11,[744;709;1013],11,0},{'M',[592;33;66],5,[5;3;33],2,[NaN;NaN;1],[592;33;513],4,[0;0;NaN]},{'O',[592;33;66],5,[592;33;66],5,0},{'M',[675;352;126],10,[675;-33;126],7,[0;NaN;0],[31;11;251],9,[NaN;5;NaN]},{'O',[675;352;126],10,[675;352;126],10,0},{'O',[506;747;450],9,[506;747;450],9,0},{'O',[59;107;941],10,[59;107;941],10,0}}
Adder graph: {{'A',[9;9;7],1,[1;1;1],0,3,[1;1;-1],0,0},{'M',[1;9;7],2,[1;1;1],0,[0;NaN;NaN],[9;9;7],1,[NaN;0;0]},{'A',[3;19;13],3,[1;9;7],2,1,[1;1;-1],0,0},{'A',[28;44;36],2,[9;9;7],1,2,[-1;1;1],0,3},{'M',[9;9;13],4,[9;9;7],1,[0;0;NaN],[3;19;13],3,[NaN;NaN;0]},{'A',[-35;37;53],5,[1;1;1],0,0,[-9;9;13],4,2},{'M',[1;1;14],2,[1;1;1],0,[0;0;NaN],[9;9;7],1,[NaN;NaN;1]},{'A',[5;21;-15],4,[3;19;13],3,0,[1;1;-14],2,1},{'M',[-280;37;53],6,[-35;37;53],5,[3;0;0]},{'M',[32;21;-30],5,[1;1;1],0,[5;NaN;NaN],[5;21;-15],4,[NaN;0;1]},{'A',[744;709;1013],7,[-280;37;53],6,0,[32;21;30],5,5},{'M',[-560;1;1],6,[1;1;1],0,[NaN;0;0],[-35;37;53],5,[4;NaN;NaN]},{'A',[592;33;33],7,[1;1;1],0,5,[560;1;1],6,0},{'M',[3;19;1013],8,[3;19;13],3,[0;0;NaN],[744;709;1013],7,[NaN;NaN;0]},{'A',[59;107;941],9,[3;19;1013],8,0,[28;44;-36],2,1},{'M',[512;709;424],8,[1;1;1],0,[9;NaN;NaN],[-35;37;53],5,[NaN;NaN;3],[744;709;1013],7,[NaN;0;NaN]},{'A',[506;747;450],9,[512;709;424],8,0,[-3;19;13],3,1},{'M',[320;9;7],5,[9;9;7],1,[NaN;0;0],[5;21;-15],4,[6;NaN;NaN]},{'M',[-35;37;112],6,[9;9;7],1,[NaN;NaN;4],[-35;37;53],5,[0;0;NaN]},{'A',[675;55;126],7,[320;9;7],5,1,[35;37;112],6,0},{'O',[744;709;1013],7,[744;709;1013],7,0},{'M',[592;33;66],8,[592;33;33],7,[0;0;1]},{'O',[592;33;66],8,[592;33;66],8,0},{'M',[675;352;126],8,[28;44;36],2,[NaN;3;NaN],[675;55;126],7,[0;NaN;0]},{'O',[675;352;126],8,[675;352;126],8,0},{'O',[506;747;450],9,[506;747;450],9,0},{'O',[59;107;941],9,[59;107;941],9,0}}
Adder graph: {{'A',[6;6;2],1,[1;1;1],0,2,[1;1;-1],0,1},{'A',[5;5;3],2,[6;6;2],1,0,[-1;-1;1],0,0},{'M',[12;5;4],3,[6;6;2],1,[1;NaN;1],[5;5;3],2,[NaN;0;NaN]},{'A',[90;46;30],4,[12;5;4],3,3,[-6;6;-2],1,0},{'M',[90;6;2],5,[6;6;2],1,[NaN;0;0],[90;46;30],4,[0;NaN;NaN]},{'A',[45;10;7],6,[90;46;30],4,-2,[90;-6;-2],5,-2},{'M',[45;192;14],7,[6;6;2],1,[NaN;5;NaN],[45;10;7],6,[0;NaN;1]},{'A',[675;352;126],8,[45;10;7],6,4,[-45;192;14],7,0},{'M',[1;4;60],5,[1;1;1],0,[0;2;NaN],[90;46;30],4,[NaN;NaN;1]},{'A',[11;59;957],6,[1;4;60],5,4,[-5;-5;-3],2,0},{'M',[96;96;7],7,[6;6;2],1,[4;4;NaN],[45;10;7],6,[NaN;NaN;0]},{'M',[24;59;957],7,[6;6;2],1,[2;NaN;NaN],[11;59;957],6,[NaN;0;0]},{'A',[744;709;1013],8,[96;96;7],7,3,[-24;-59;957],7,0},{'M',[32;46;30],5,[1;1;1],0,[5;NaN;NaN],[90;46;30],4,[NaN;0;0]},{'M',[10;59;6],7,[5;5;3],2,[1;NaN;1],[11;59;957],6,[NaN;0;NaN]},{'A',[74;33;66],8,[32;46;30],5,1,[10;-59;6],7,0},{'A',[59;107;941],7,[11;59;957],6,0,[6;6;-2],1,3},{'M',[8;10;7],7,[1;1;1],0,[3;NaN;NaN],[45;10;7],6,[NaN;0;0]},{'M',[6;107;2],8,[6;6;2],1,[0;NaN;0],[59;107;941],7,[NaN;0;NaN]},{'A',[506;747;450],9,[8;10;7],7,6,[-6;107;2],8,0},{'O',[744;709;1013],8,[744;709;1013],8,0},{'M',[592;33;66],9,[74;33;66],8,[3;0;0]},{'O',[592;33;66],9,[592;33;66],9,0},{'O',[675;352;126],8,[675;352;126],8,0},{'O',[506;747;450],9,[506;747;450],9,0},{'O',[59;107;941],7,[59;107;941],7,0}}
Adder graph: {{'A',[5;5;5],1,[1;1;1],0,2,[1;1;1],0,0},{'M',[20;20;1],2,[1;1;1],0,[NaN;NaN;0],[5;5;5],1,[2;2;NaN]},{'A',[-44;-44;-63],3,[20;20;1],2,0,[-1;-1;-1],0,6},{'M',[40;5;5],2,[5;5;5],1,[3;0;0]},{'A',[744;709;1013],4,[40;5;5],2,0,[44;44;63],3,4},{'M',[-88;-88;1],4,[1;1;1],0,[NaN;NaN;0],[-44;-44;-63],3,[1;1;NaN]},{'M',[-44;-44;-126],4,[-44;-44;-63],3,[0;0;1]},{'A',[-264;88;505],5,[-88;-88;1],4,0,[-44;44;126],4,2},{'A',[296;-56;-473],6,[1;1;1],0,5,[264;-88;-505],5,0},{'M',[32;-56;-473],7,[1;1;1],0,[5;NaN;NaN],[296;-56;-473],6,[NaN;0;0]},{'A',[-59;-107;-941],8,[5;5;5],1,0,[-32;-56;-473],7,1},{'A',[-31;33;33],1,[1;1;1],0,0,[-1;1;1],0,5},{'A',[-587;283;69],9,[-264;88;505],5,1,[-59;107;-941],8,0},{'M',[-587;283;16],10,[1;1;1],0,[NaN;NaN;4],[-587;283;69],9,[0;0;NaN]},{'A',[-675;371;-110],11,[-587;283;16],10,0,[-44;44;-63],3,1},{'M',[-124;371;-110],12,[-31;33;33],1,[2;NaN;NaN],[-675;371;-110],11,[NaN;0;0]},{'A',[253;747;225],13,[5;5;5],1,0,[124;371;110],12,1},{'O',[744;709;1013],4,[744;709;1013],4,0},{'M',[592;33;66],7,[296;-56;-473],6,[1;NaN;NaN],[-31;33;33],1,[NaN;0;1]},{'O',[592;33;66],7,[592;33;66],7,0},{'M',[-675;-352;-126],12,[-44;-44;-63],3,[NaN;3;1],[-675;371;-110],11,[0;NaN;NaN]},{'O',[675;352;126],12,[675;352;126],12,0},{'M',[506;747;450],14,[253;747;225],13,[1;0;1]},{'O',[506;747;450],14,[506;747;450],14,0},{'O',[59;107;941],8,[59;107;941],8,0}}
Finished solving after 259189 seconds
Adder graph: {{'A',[5;5;5],1,[1;1;1],0,2,[1;1;1],0,0},{'M',[20;20;1],2,[1;1;1],0,[NaN;NaN;0],[5;5;5],1,[2;2;NaN]},{'A',[-44;-44;-63],3,[20;20;1],2,0,[-1;-1;-1],0,6},{'M',[40;5;5],2,[5;5;5],1,[3;0;0]},{'A',[744;709;1013],4,[40;5;5],2,0,[44;44;63],3,4},{'M',[-88;-88;1],4,[1;1;1],0,[NaN;NaN;0],[-44;-44;-63],3,[1;1;NaN]},{'M',[-44;-44;-126],4,[-44;-44;-63],3,[0;0;1]},{'A',[-264;88;505],5,[-88;-88;1],4,0,[-44;44;126],4,2},{'A',[296;-56;-473],6,[1;1;1],0,5,[264;-88;-505],5,0},{'M',[32;-56;-473],7,[1;1;1],0,[5;NaN;NaN],[296;-56;-473],6,[NaN;0;0]},{'A',[-59;-107;-941],8,[5;5;5],1,0,[-32;-56;-473],7,1},{'A',[-31;33;33],1,[1;1;1],0,0,[-1;1;1],0,5},{'A',[-587;283;69],9,[-264;88;505],5,1,[-59;107;-941],8,0},{'M',[-587;283;16],10,[1;1;1],0,[NaN;NaN;4],[-587;283;69],9,[0;0;NaN]},{'A',[-675;371;-110],11,[-587;283;16],10,0,[-44;44;-63],3,1},{'M',[-124;371;-110],12,[-31;33;33],1,[2;NaN;NaN],[-675;371;-110],11,[NaN;0;0]},{'A',[253;747;225],13,[5;5;5],1,0,[124;371;110],12,1},{'O',[744;709;1013],4,[744;709;1013],4,0},{'M',[592;33;66],7,[296;-56;-473],6,[1;NaN;NaN],[-31;33;33],1,[NaN;0;1]},{'O',[592;33;66],7,[592;33;66],7,0},{'M',[-675;-352;-126],12,[-44;-44;-63],3,[NaN;3;1],[-675;371;-110],11,[0;NaN;NaN]},{'O',[675;352;126],12,[675;352;126],12,0},{'M',[506;747;450],14,[253;747;225],13,[1;0;1]},{'O',[506;747;450],14,[506;747;450],14,0},{'O',[59;107;941],8,[59;107;941],8,0}}
# Add optimal = 1
# Mux optimal = 0
# FAs optimal = 0
