Adder graph: {{'A',[1,1],1,0,[0,1],0,0,[1,0],0,0},{'A',[1,5],2,0,[1,1],1,0,[0,1],0,2},{'A',[-15,-11],3,0,[1,5],2,0,[-1,-1],1,4},{'A',[-14,-10],4,0,[-15,-11],3,0,[1,1],1,0},{'A',[-1,5],3,0,[1,5],2,0,[-1,0],0,1},{'A',[-11,15],5,1,[-14,-10],4,0,[-1,5],3,3},{'O',[-15,-11],3,[-15,-11],3,0},{'O',[-11,15],5,[-11,15],5,0}}
Adder graph: {{'A',[1,1],1,0,[0,1],0,0,[1,0],0,0},{'A',[1,5],2,0,[0,1],0,2,[1,1],1,0},{'A',[-1,1],1,0,[0,1],0,0,[-1,0],0,0},{'A',[-15,-11],3,0,[1,5],2,0,[-1,-1],1,4},{'A',[-15,15],2,0,[-1,1],1,4,[1,-1],1,0},{'A',[-11,15],3,0,[1,0],0,2,[-15,15],2,0},{'O',[-15,-11],3,[-15,-11],3,0},{'O',[-11,15],3,[-11,15],3,0}}
Adder graph: {{'A',[1,1],1,0,[1,0],0,0,[0,1],0,0},{'A',[-1,1],2,0,[1,1],1,0,[-1,0],0,1},{'A',[4,3],2,0,[1,1],1,2,[0,-1],0,0},{'A',[-3,4],3,0,[1,0],0,0,[-1,1],2,2},{'A',[-15,-11],3,0,[1,1],1,0,[-4,-3],2,2},{'A',[11,-15],4,0,[-1,1],2,0,[3,-4],3,2},{'O',[-15,-11],3,[-15,-11],3,0},{'O',[-11,15],4,[-11,15],4,0}}
Adder graph: {{'A',[-1,1],1,0,[0,1],0,0,[-1,0],0,0},{'A',[-1,3],2,0,[-1,1],1,0,[0,1],0,1},{'A',[-1,11],3,0,[-1,3],2,0,[0,1],0,3},{'A',[15,11],4,0,[1,0],0,4,[-1,11],3,0},{'A',[-5,1],2,0,[-1,1],1,0,[-1,0],0,2},{'A',[-11,15],3,0,[-1,1],1,4,[5,-1],2,0},{'O',[-15,-11],4,[-15,-11],4,0},{'O',[-11,15],3,[-11,15],3,0}}
Adder graph: {{'A',[1,1],1,0,[0,1],0,0,[1,0],0,0},{'A',[1,5],2,0,[1,1],1,0,[0,1],0,2},{'A',[-1,5],3,0,[1,5],2,0,[-1,0],0,1},{'A',[15,5],4,0,[-1,5],3,0,[1,0],0,4},{'A',[11,-15],5,0,[15,5],4,0,[-1,-5],2,2},{'A',[-15,-11],3,0,[1,5],2,0,[-1,-1],1,4},{'O',[-15,-11],3,[-15,-11],3,0},{'O',[-11,15],5,[-11,15],5,0}}
Adder graph: {{'A',[1,-1],1,0,[1,0],0,0,[0,-1],0,0},{'A',[5,-1],2,0,[1,-1],1,0,[1,0],0,2},{'A',[0,5],1,0,[0,1],0,2,[0,1],0,0},{'A',[1,-11],2,0,[1,-1],1,0,[0,-5],1,1},{'A',[-15,-11],3,0,[1,-11],2,0,[-1,0],0,4},{'A',[-11,15],3,0,[5,-1],2,0,[-1,1],1,4},{'O',[-15,-11],3,[-15,-11],3,0},{'O',[-11,15],3,[-11,15],3,0}}
Adder graph: {{'A',[-1,1],1,0,[0,1],0,0,[-1,0],0,0},{'A',[1,1],2,0,[1,0],0,1,[-1,1],1,0},{'A',[-15,-15],3,0,[1,1],2,0,[-1,-1],2,4},{'A',[-15,-11],4,0,[-15,-15],3,0,[0,1],0,2},{'A',[-5,1],2,0,[-1,1],1,0,[-1,0],0,2},{'A',[11,-15],3,0,[-5,1],2,0,[1,-1],1,4},{'O',[-15,-11],4,[-15,-11],4,0},{'O',[-11,15],3,[-11,15],3,0}}
Adder graph: {{'A',[1,1],1,0,[0,1],0,0,[1,0],0,0},{'A',[1,5],2,0,[1,1],1,0,[0,1],0,2},{'A',[1,-1],2,0,[1,1],1,0,[0,-1],0,1},{'A',[5,-1],3,0,[1,0],0,2,[1,-1],2,0},{'A',[-15,-11],3,0,[1,5],2,0,[-1,-1],1,4},{'A',[-11,15],4,0,[5,-1],3,0,[-1,1],2,4},{'O',[-15,-11],3,[-15,-11],3,0},{'O',[-11,15],4,[-11,15],4,0}}
Finished solving after 201.256 seconds
Adder graph: {{'A',[1,1],1,0,[0,1],0,0,[1,0],0,0},{'A',[1,5],2,0,[1,1],1,0,[0,1],0,2},{'A',[1,-1],2,0,[1,1],1,0,[0,-1],0,1},{'A',[5,-1],3,0,[1,0],0,2,[1,-1],2,0},{'A',[-15,-11],3,0,[1,5],2,0,[-1,-1],1,4},{'A',[-11,15],4,0,[5,-1],3,0,[-1,1],2,4},{'O',[-15,-11],3,[-15,-11],3,0},{'O',[-11,15],4,[-11,15],4,0}}
#Add optimal = 1
#FAs optimal = 1
