Adder graph: {{'A',[4,1],1,0,[0,1],0,0,[1,0],0,2},{'A',[1,-2],1,0,[1,0],0,0,[0,-1],0,1},{'A',[4,17],2,0,[0,1],0,4,[4,1],1,0},{'A',[12,-13],3,0,[4,1],1,2,[-4,-17],2,0},{'A',[-3,-3],2,0,[1,-2],1,0,[-4,-1],1,0},{'A',[-13,-12],3,0,[-3,-3],2,2,[-1,0],0,0},{'O',[-13,-12],3,[-13,-12],3,0},{'O',[-12,13],3,[-12,13],3,0}}
Adder graph: {{'A',[-1,1],1,0,[0,1],0,0,[-1,0],0,0},{'A',[-3,3],2,0,[-1,1],1,2,[1,-1],1,0},{'A',[-1,-1],2,0,[-1,1],1,0,[0,-1],0,1},{'A',[-12,13],3,0,[-3,3],2,2,[0,1],0,0},{'A',[5,4],3,0,[1,0],0,0,[1,1],2,2},{'A',[-13,-12],4,0,[-1,-1],2,3,[-5,-4],3,0},{'O',[-13,-12],4,[-13,-12],4,0},{'O',[-12,13],3,[-12,13],3,0}}
Adder graph: {{'A',[4,1],1,0,[0,1],0,0,[1,0],0,2},{'A',[1,8],1,0,[1,0],0,0,[0,1],0,3},{'A',[-3,-1],2,0,[1,0],0,0,[-4,-1],1,0},{'A',[13,12],3,0,[1,8],1,0,[3,1],2,2},{'A',[4,17],2,0,[4,1],1,0,[0,1],0,4},{'A',[-12,13],3,0,[4,17],2,0,[-4,-1],1,2},{'O',[-13,-12],3,[-13,-12],3,0},{'O',[-12,13],3,[-12,13],3,0}}
Adder graph: {{'A',[1,1],1,0,[1,0],0,0,[0,1],0,0},{'A',[0,9],1,0,[0,1],0,0,[0,1],0,3},{'A',[9,8],2,0,[1,1],1,3,[1,0],0,0},{'A',[13,12],3,0,[1,1],1,2,[9,8],2,0},{'A',[-3,1],2,0,[1,1],1,0,[-1,0],0,2},{'A',[-12,13],3,0,[0,9],1,0,[-3,1],2,2},{'O',[-13,-12],3,[-13,-12],3,0},{'O',[-12,13],3,[-12,13],3,0}}
Adder graph: {{'A',[1,-1],1,0,[1,0],0,0,[0,-1],0,0},{'A',[1,-4],1,0,[1,0],0,0,[0,-1],0,2},{'A',[4,-3],2,0,[0,1],0,0,[1,-1],1,2},{'A',[-12,13],3,0,[4,-3],2,0,[-1,1],1,4},{'A',[-7,-4],2,0,[1,-4],1,0,[-1,0],0,3},{'A',[-13,-12],3,0,[-7,-4],2,1,[1,-4],1,0},{'O',[-13,-12],3,[-13,-12],3,0},{'O',[-12,13],3,[-12,13],3,0}}
Adder graph: {{'A',[-1,1],1,0,[0,1],0,0,[-1,0],0,0},{'A',[1,1],1,0,[0,1],0,0,[1,0],0,0},{'A',[-3,-3],2,0,[1,1],1,0,[-1,-1],1,2},{'A',[4,-3],2,0,[0,1],0,0,[1,-1],1,2},{'A',[-12,13],3,0,[-1,1],1,4,[4,-3],2,0},{'A',[13,12],3,0,[1,0],0,0,[3,3],2,2},{'O',[-13,-12],3,[-13,-12],3,0},{'O',[-12,13],3,[-12,13],3,0}}
Adder graph: {{'A',[1,-1],1,0,[1,0],0,0,[0,-1],0,0},{'A',[4,-3],2,0,[0,1],0,0,[1,-1],1,2},{'A',[1,1],2,0,[1,-1],1,0,[0,1],0,1},{'A',[-3,-3],3,0,[1,1],2,0,[-1,-1],2,2},{'A',[13,12],4,0,[1,0],0,0,[3,3],3,2},{'A',[-12,13],3,0,[4,-3],2,0,[-1,1],1,4},{'O',[-13,-12],4,[-13,-12],4,0},{'O',[-12,13],3,[-12,13],3,0}}
Adder graph: {{'A',[-3,0],1,0,[1,0],0,0,[-1,0],0,2},{'A',[13,0],2,0,[1,0],0,4,[-3,0],1,0},{'A',[0,-3],1,0,[0,1],0,0,[0,-1],0,2},{'A',[13,12],3,0,[13,0],2,0,[0,3],1,2},{'A',[0,13],2,0,[0,-3],1,0,[0,1],0,4},{'A',[-12,13],3,0,[-3,0],1,2,[0,13],2,0},{'O',[-13,-12],3,[-13,-12],3,0},{'O',[-12,13],3,[-12,13],3,0}}
Adder graph: {{'A',[-1,1],1,0,[0,1],0,0,[-1,0],0,0},{'A',[1,1],2,0,[-1,1],1,0,[1,0],0,1},{'A',[4,-3],2,0,[0,1],0,0,[1,-1],1,2},{'A',[-12,13],3,0,[4,-3],2,0,[-1,1],1,4},{'A',[-3,-4],3,0,[1,0],0,0,[-1,-1],2,2},{'A',[13,12],4,0,[-3,-4],3,0,[1,1],2,4},{'O',[-13,-12],4,[-13,-12],4,0},{'O',[-12,13],3,[-12,13],3,0}}
Finished solving after 254.81 seconds
Adder graph: {{'A',[-1,1],1,0,[0,1],0,0,[-1,0],0,0},{'A',[1,1],2,0,[-1,1],1,0,[1,0],0,1},{'A',[4,-3],2,0,[0,1],0,0,[1,-1],1,2},{'A',[-12,13],3,0,[4,-3],2,0,[-1,1],1,4},{'A',[-3,-4],3,0,[1,0],0,0,[-1,-1],2,2},{'A',[13,12],4,0,[-3,-4],3,0,[1,1],2,4},{'O',[-13,-12],4,[-13,-12],4,0},{'O',[-12,13],3,[-12,13],3,0}}
#Add optimal = 1
#FAs optimal = 1
