Adder graph: {{'A',[4,1],1,0,[1,0],0,2,[0,1],0,0},{'A',[-15,-4],2,0,[1,0],0,0,[-4,-1],1,2},{'A',[-3,-1],2,0,[1,0],0,0,[-4,-1],1,0},{'A',[-15,-3],3,0,[0,1],0,0,[-15,-4],2,0},{'A',[-3,15],3,0,[-3,-1],2,0,[0,1],0,4},{'O',[-15,-3],3,[-15,-3],3,0},{'O',[-3,15],3,[-3,15],3,0}}
Adder graph: {{'A',[1,-4],1,0,[1,0],0,0,[0,-1],0,2},{'A',[-15,-4],2,0,[1,-4],1,0,[-1,0],0,4},{'A',[-1,1],1,0,[0,1],0,0,[-1,0],0,0},{'A',[3,-15],2,0,[-1,1],1,0,[1,-4],1,2},{'A',[-15,-3],3,0,[0,1],0,0,[-15,-4],2,0},{'O',[-15,-3],3,[-15,-3],3,0},{'O',[-3,15],2,[-3,15],2,0}}
Adder graph: {{'A',[-1,1],1,0,[0,1],0,0,[-1,0],0,0},{'A',[3,1],2,0,[1,0],0,2,[-1,1],1,0},{'A',[15,5],3,0,[3,1],2,0,[3,1],2,2},{'A',[3,-15],3,0,[3,1],2,0,[0,-1],0,4},{'A',[-15,-3],4,0,[0,1],0,1,[-15,-5],3,0},{'O',[-15,-3],4,[-15,-3],4,0},{'O',[-3,15],3,[-3,15],3,0}}
Adder graph: {{'A',[8,1],1,0,[1,0],0,3,[0,1],0,0},{'A',[1,-1],1,0,[1,0],0,0,[0,-1],0,0},{'A',[1,15],2,0,[1,-1],1,0,[0,1],0,4},{'A',[-3,15],3,0,[1,15],2,0,[-1,0],0,2},{'A',[-15,-3],2,0,[1,-1],1,0,[-8,-1],1,1},{'O',[-15,-3],2,[-15,-3],2,0},{'O',[-3,15],3,[-3,15],3,0}}
Adder graph: {{'A',[-1,1],1,0,[0,1],0,0,[-1,0],0,0},{'A',[-1,3],2,0,[-1,1],1,0,[0,1],0,1},{'A',[-1,-15],2,0,[-1,1],1,0,[0,-1],0,4},{'A',[15,3],3,0,[1,0],0,4,[-1,3],2,0},{'A',[3,-15],3,0,[1,0],0,2,[-1,-15],2,0},{'O',[-15,-3],3,[-15,-3],3,0},{'O',[-3,15],3,[-3,15],3,0}}
Adder graph: {{'A',[-1,1],1,0,[0,1],0,0,[-1,0],0,0},{'A',[-1,3],2,0,[0,1],0,1,[-1,1],1,0},{'A',[15,3],3,0,[-1,3],2,0,[1,0],0,4},{'A',[3,1],2,0,[-1,1],1,0,[1,0],0,2},{'A',[3,-15],3,0,[3,1],2,0,[0,-1],0,4},{'O',[-15,-3],3,[-15,-3],3,0},{'O',[-3,15],3,[-3,15],3,0}}
Finished solving after 8.506 seconds
Adder graph: {{'A',[-1,1],1,0,[0,1],0,0,[-1,0],0,0},{'A',[-1,3],2,0,[0,1],0,1,[-1,1],1,0},{'A',[15,3],3,0,[-1,3],2,0,[1,0],0,4},{'A',[3,1],2,0,[-1,1],1,0,[1,0],0,2},{'A',[3,-15],3,0,[3,1],2,0,[0,-1],0,4},{'O',[-15,-3],3,[-15,-3],3,0},{'O',[-3,15],3,[-3,15],3,0}}
#Add optimal = 1
#FAs optimal = 1
