Adder graph: {{'A',[1,-1],1,0,[1,0],0,0,[0,-1],0,0},{'A',[1,15],2,0,[0,1],0,4,[1,-1],1,0},{'A',[17,-1],2,0,[1,-1],1,0,[1,0],0,4},{'A',[-13,1],3,0,[1,0],0,2,[-17,1],2,0},{'A',[-1,-13],3,0,[0,1],0,1,[-1,-15],2,0},{'O',[-13,1],3,[-13,1],3,0},{'O',[1,13],3,[1,13],3,0}}
Adder graph: {{'A',[0,-7],1,0,[0,1],0,0,[0,-1],0,3},{'A',[1,-1],1,0,[1,0],0,0,[0,-1],0,0},{'A',[1,13],2,0,[1,-1],1,0,[0,7],1,1},{'A',[3,0],1,0,[1,0],0,2,[-1,0],0,0},{'A',[13,-1],2,0,[3,0],1,2,[1,-1],1,0},{'O',[-13,1],2,[-13,1],2,0},{'O',[1,13],2,[1,13],2,0}}
Adder graph: {{'A',[0,-7],1,0,[0,1],0,0,[0,-1],0,3},{'A',[1,-1],1,0,[1,0],0,0,[0,-1],0,0},{'A',[5,-1],2,0,[1,0],0,2,[1,-1],1,0},{'A',[13,-1],3,0,[5,-1],2,0,[1,0],0,3},{'A',[-1,-13],2,0,[0,-7],1,1,[-1,1],1,0},{'O',[-13,1],3,[-13,1],3,0},{'O',[1,13],2,[1,13],2,0}}
Adder graph: {{'A',[-3,0],1,0,[1,0],0,0,[-1,0],0,2},{'A',[1,-1],1,0,[1,0],0,0,[0,-1],0,0},{'A',[13,-1],2,0,[1,-1],1,0,[3,0],1,2},{'A',[0,-7],1,0,[0,1],0,0,[0,-1],0,3},{'A',[1,13],2,0,[1,-1],1,0,[0,7],1,1},{'O',[-13,1],2,[-13,1],2,0},{'O',[1,13],2,[1,13],2,0}}
Adder graph: {{'A',[1,1],1,0,[1,0],0,0,[0,1],0,0},{'A',[3,1],2,0,[1,1],1,0,[1,0],0,1},{'A',[-13,1],3,0,[3,1],2,0,[-1,0],0,4},{'A',[1,5],2,0,[1,1],1,0,[0,1],0,2},{'A',[1,13],3,0,[0,1],0,3,[1,5],2,0},{'O',[-13,1],3,[-13,1],3,0},{'O',[1,13],3,[1,13],3,0}}
Adder graph: {{'A',[1,-1],1,0,[1,0],0,0,[0,-1],0,0},{'A',[1,-3],2,0,[1,-1],1,0,[0,-1],0,1},{'A',[-3,-1],2,0,[1,-1],1,0,[-1,0],0,2},{'A',[13,-1],3,0,[1,0],0,4,[-3,-1],2,0},{'A',[1,13],3,0,[0,1],0,4,[1,-3],2,0},{'O',[-13,1],3,[-13,1],3,0},{'O',[1,13],3,[1,13],3,0}}
Adder graph: {{'A',[1,1],1,0,[1,0],0,0,[0,1],0,0},{'A',[3,1],2,0,[1,0],0,1,[1,1],1,0},{'A',[1,-3],2,0,[1,1],1,0,[0,-1],0,2},{'A',[1,13],3,0,[0,1],0,4,[1,-3],2,0},{'A',[-13,1],3,0,[3,1],2,0,[-1,0],0,4},{'O',[-13,1],3,[-13,1],3,0},{'O',[1,13],3,[1,13],3,0}}
Finished solving after 6.448 seconds
Adder graph: {{'A',[1,1],1,0,[1,0],0,0,[0,1],0,0},{'A',[3,1],2,0,[1,0],0,1,[1,1],1,0},{'A',[1,-3],2,0,[1,1],1,0,[0,-1],0,2},{'A',[1,13],3,0,[0,1],0,4,[1,-3],2,0},{'A',[-13,1],3,0,[3,1],2,0,[-1,0],0,4},{'O',[-13,1],3,[-13,1],3,0},{'O',[1,13],3,[1,13],3,0}}
#Add optimal = 1
#FAs optimal = 1
