Adder graph: {{'A',[1,4],1,0,[1,0],0,0,[0,1],0,2},{'A',[2,4],2,0,[1,4],1,0,[1,0],0,0},{'A',[5,8],3,0,[1,0],0,0,[2,4],2,1},{'A',[-7,4],2,0,[1,4],1,0,[-1,0],0,3},{'A',[9,14],4,1,[5,8],3,2,[-2,-4],2,0},{'A',[-14,9],3,0,[0,1],0,0,[-7,4],2,1},{'O',[-14,9],3,[-14,9],3,0},{'O',[9,14],4,[9,14],4,0}}
Adder graph: {{'A',[9,0],1,0,[1,0],0,0,[1,0],0,3},{'A',[4,-1],1,0,[1,0],0,2,[0,-1],0,0},{'A',[18,1],2,0,[9,0],1,1,[0,1],0,0},{'A',[-14,9],3,0,[18,1],2,0,[-4,1],1,3},{'A',[9,16],2,0,[9,0],1,0,[0,1],0,4},{'A',[9,14],3,0,[9,16],2,0,[0,-1],0,1},{'O',[-14,9],3,[-14,9],3,0},{'O',[9,14],3,[9,14],3,0}}
Adder graph: {{'A',[1,8],1,0,[0,1],0,3,[1,0],0,0},{'A',[0,7],1,0,[0,1],0,3,[0,-1],0,0},{'A',[1,14],2,0,[1,0],0,0,[0,7],1,1},{'A',[9,14],3,0,[1,14],2,0,[1,0],0,3},{'A',[-7,8],2,0,[1,8],1,0,[-1,0],0,3},{'A',[14,-9],3,0,[0,7],1,0,[7,-8],2,1},{'O',[-14,9],3,[-14,9],3,0},{'O',[9,14],3,[9,14],3,0}}
Adder graph: {{'A',[1,8],1,0,[1,0],0,0,[0,1],0,3},{'A',[1,1],1,0,[0,1],0,0,[1,0],0,0},{'A',[-15,8],2,0,[1,8],1,0,[-1,0],0,4},{'A',[1,6],2,0,[1,8],1,0,[0,-1],0,1},{'A',[-14,9],3,0,[1,1],1,0,[-15,8],2,0},{'A',[9,14],3,0,[1,6],2,0,[1,1],1,3},{'O',[-14,9],3,[-14,9],3,0},{'O',[9,14],3,[9,14],3,0}}
Adder graph: {{'A',[1,-1],1,0,[1,0],0,0,[0,-1],0,0},{'A',[-7,0],1,0,[1,0],0,0,[-1,0],0,3},{'A',[-7,4],2,0,[-7,0],1,0,[0,1],0,2},{'A',[-14,9],3,0,[-7,4],2,1,[0,1],0,0},{'A',[-9,2],2,0,[-7,0],1,0,[-1,1],1,1},{'A',[-9,-14],3,0,[-9,2],2,0,[0,-1],0,4},{'O',[-14,9],3,[-14,9],3,0},{'O',[9,14],3,[9,14],3,0}}
Adder graph: {{'A',[-7,0],1,0,[1,0],0,0,[-1,0],0,3},{'A',[9,0],2,0,[-7,0],1,0,[1,0],0,4},{'A',[0,-7],1,0,[0,1],0,0,[0,-1],0,3},{'A',[-9,-14],3,0,[0,-7],1,1,[-9,0],2,0},{'A',[-14,-7],2,0,[-7,0],1,1,[0,-7],1,0},{'A',[-14,9],3,0,[0,1],0,4,[-14,-7],2,0},{'O',[-14,9],3,[-14,9],3,0},{'O',[9,14],3,[9,14],3,0}}
Adder graph: {{'A',[-4,1],1,0,[0,1],0,0,[-1,0],0,2},{'A',[-4,-7],2,0,[-4,1],1,0,[0,-1],0,3},{'A',[-2,1],1,0,[0,1],0,0,[-1,0],0,1},{'A',[9,14],3,0,[1,0],0,0,[4,7],2,1},{'A',[2,1],2,0,[1,0],0,2,[-2,1],1,0},{'A',[-14,9],3,0,[-2,1],1,3,[2,1],2,0},{'O',[-14,9],3,[-14,9],3,0},{'O',[9,14],3,[9,14],3,0}}
Adder graph: {{'A',[1,-2],1,0,[1,0],0,0,[0,-1],0,1},{'A',[2,1],1,0,[1,0],0,1,[0,1],0,0},{'A',[-14,-7],2,0,[2,1],1,0,[-2,-1],1,3},{'A',[-1,-2],2,0,[1,-2],1,0,[-1,0],0,1},{'A',[-14,9],3,0,[-14,-7],2,0,[0,1],0,4},{'A',[9,14],3,0,[1,-2],1,0,[1,2],2,3},{'O',[-14,9],3,[-14,9],3,0},{'O',[9,14],3,[9,14],3,0}}
Adder graph: {{'A',[2,-1],1,0,[1,0],0,1,[0,-1],0,0},{'A',[1,-2],1,0,[1,0],0,0,[0,-1],0,1},{'A',[-2,-1],2,0,[2,-1],1,0,[-1,0],0,2},{'A',[14,-9],3,0,[-2,-1],2,0,[2,-1],1,3},{'A',[1,2],2,0,[0,1],0,2,[1,-2],1,0},{'A',[9,14],3,0,[1,2],2,3,[1,-2],1,0},{'O',[-14,9],3,[-14,9],3,0},{'O',[9,14],3,[9,14],3,0}}
Adder graph: {{'A',[1,2],1,0,[1,0],0,0,[0,1],0,1},{'A',[1,-2],2,0,[1,2],1,0,[0,-1],0,2},{'A',[2,1],1,0,[0,1],0,0,[1,0],0,1},{'A',[9,14],3,0,[1,-2],2,0,[1,2],1,3},{'A',[-2,1],2,0,[2,1],1,0,[-1,0],0,2},{'A',[-14,9],3,0,[2,1],1,0,[-2,1],2,3},{'O',[-14,9],3,[-14,9],3,0},{'O',[9,14],3,[9,14],3,0}}
Finished solving after 315.389 seconds
Adder graph: {{'A',[1,2],1,0,[1,0],0,0,[0,1],0,1},{'A',[1,-2],2,0,[1,2],1,0,[0,-1],0,2},{'A',[2,1],1,0,[0,1],0,0,[1,0],0,1},{'A',[9,14],3,0,[1,-2],2,0,[1,2],1,3},{'A',[-2,1],2,0,[2,1],1,0,[-1,0],0,2},{'A',[-14,9],3,0,[2,1],1,0,[-2,1],2,3},{'O',[-14,9],3,[-14,9],3,0},{'O',[9,14],3,[9,14],3,0}}
#Add optimal = 1
#FAs optimal = 1
