Adder graph: {{'A',[9,0],1,0,[1,0],0,0,[1,0],0,3},{'A',[9,1],2,0,[9,0],1,0,[0,1],0,0},{'A',[-1,8],1,0,[0,1],0,3,[-1,0],0,0},{'A',[-1,9],2,0,[-1,8],1,0,[0,1],0,0},{'O',[-1,9],2,[-1,9],2,0},{'O',[9,1],2,[9,1],2,0}}
Adder graph: {{'A',[-1,1],1,0,[0,1],0,0,[-1,0],0,0},{'A',[9,0],1,0,[1,0],0,0,[1,0],0,3},{'A',[-1,9],2,0,[-1,1],1,0,[0,1],0,3},{'A',[9,1],2,0,[9,0],1,0,[0,1],0,0},{'O',[-1,9],2,[-1,9],2,0},{'O',[9,1],2,[9,1],2,0}}
Adder graph: {{'A',[1,-1],1,0,[1,0],0,0,[0,-1],0,0},{'A',[4,1],1,0,[1,0],0,2,[0,1],0,0},{'A',[1,-9],2,0,[1,-1],1,0,[0,-1],0,3},{'A',[9,1],2,0,[4,1],1,1,[1,-1],1,0},{'O',[-1,9],2,[-1,9],2,0},{'O',[9,1],2,[9,1],2,0}}
Adder graph: {{'A',[1,1],1,0,[0,1],0,0,[1,0],0,0},{'A',[1,-7],2,0,[1,1],1,0,[0,-1],0,3},{'A',[1,-9],3,0,[1,-7],2,0,[0,-1],0,1},{'A',[9,1],3,0,[1,1],1,3,[1,-7],2,0},{'O',[-1,9],3,[-1,9],3,0},{'O',[9,1],3,[9,1],3,0}}
Adder graph: {{'A',[-1,1],1,0,[0,1],0,0,[-1,0],0,0},{'A',[1,1],2,0,[0,1],0,1,[1,-1],1,0},{'A',[-1,9],2,0,[0,1],0,3,[-1,1],1,0},{'A',[9,1],3,0,[1,1],2,0,[1,0],0,3},{'O',[-1,9],2,[-1,9],2,0},{'O',[9,1],3,[9,1],3,0}}
Adder graph: {{'A',[1,-1],1,0,[1,0],0,0,[0,-1],0,0},{'A',[1,1],2,0,[1,-1],1,0,[0,1],0,1},{'A',[9,1],3,0,[1,1],2,0,[1,0],0,3},{'A',[1,-9],2,0,[1,-1],1,0,[0,-1],0,3},{'O',[-1,9],2,[-1,9],2,0},{'O',[9,1],3,[9,1],3,0}}
Finished solving after 1.662 seconds
Adder graph: {{'A',[1,-1],1,0,[1,0],0,0,[0,-1],0,0},{'A',[1,1],2,0,[1,-1],1,0,[0,1],0,1},{'A',[9,1],3,0,[1,1],2,0,[1,0],0,3},{'A',[1,-9],2,0,[1,-1],1,0,[0,-1],0,3},{'O',[-1,9],2,[-1,9],2,0},{'O',[9,1],3,[9,1],3,0}}
#Add optimal = 1
#FAs optimal = 1
