Adder graph: {{'A',[65;65;65],1,[1;1;1],0,0,[1;1;1],0,6},{'A',[-7;9;9],1,[1;1;1],0,0,[-1;1;1],0,3},{'M',[1;64;8],1,[1;1;1],0,[0;6;3]},{'A',[8;73;17],2,[1;64;8],1,0,[7;9;9],1,0},{'M',[65;72;9],2,[65;65;65],1,[0;NaN;NaN],[-7;9;9],1,[NaN;3;0]},{'M',[260;65;36],2,[65;65;65],1,[2;0;NaN],[-7;9;9],1,[NaN;NaN;2]},{'A',[-455;202;-63],3,[65;72;9],2,0,[-260;65;-36],2,1},{'M',[32;1;64],1,[1;1;1],0,[5;0;6]},{'M',[1;8;16],1,[1;1;1],0,[0;3;4]},{'A',[63;10;144],2,[32;1;64],1,1,[-1;8;16],1,0},{'M',[8;4;1],1,[1;1;1],0,[3;2;0]},{'A',[-48;176;152],2,[-7;9;9],1,4,[8;4;1],1,3},{'M',[-7;65;576],2,[65;65;65],1,[NaN;0;NaN],[-7;9;9],1,[0;NaN;6]},{'A',[9;211;610],3,[8;73;17],2,1,[-7;65;576],2,0},{'M',[4;1;4],1,[1;1;1],0,[2;0;2]},{'A',[129;-49;-1],2,[4;1;4],1,4,[65;-65;-65],1,0},{'M',[1;1;64],1,[1;1;1],0,[0;0;6]},{'A',[69;69;321],2,[65;65;65],1,0,[1;1;64],1,2},{'A',[955;9275;2497],3,[8;73;17],2,7,[-69;-69;321],2,0},{'A',[-963;461;329],3,[69;69;321],2,0,[-129;49;1],2,3},{'A',[564;-20;-156],3,[129;-49;-1],2,2,[48;176;-152],2,0},{'M',[-28;576;65],2,[65;65;65],1,[NaN;NaN;0],[-7;9;9],1,[2;6;NaN]},{'A',[91;-566;209],3,[63;10;144],2,0,[28;-576;65],2,0},{'M',[-963;-20;-252],4,[-455;202;-63],3,[NaN;NaN;2],[-963;461;329],3,[0;NaN;NaN],[564;-20;-156],3,[NaN;0;NaN]},{'O',[963;20;252],4,[963;20;252],4,0},{'M',[955;808;209],4,[-455;202;-63],3,[NaN;2;NaN],[955;9275;2497],3,[0;NaN;NaN],[91;-566;209],3,[NaN;NaN;0]},{'O',[955;808;209],4,[955;808;209],4,0},{'M',[564;211;610],4,[9;211;610],3,[NaN;0;0],[564;-20;-156],3,[0;NaN;NaN]},{'O',[564;211;610],4,[564;211;610],4,0},{'M',[91;922;658],4,[-963;461;329],3,[NaN;1;1],[91;-566;209],3,[0;NaN;NaN]},{'O',[91;922;658],4,[91;922;658],4,0},{'M',[-455;-566;-156],4,[-455;202;-63],3,[0;NaN;NaN],[564;-20;-156],3,[NaN;NaN;0],[91;-566;209],3,[NaN;0;NaN]},{'O',[455;566;156],4,[455;566;156],4,0}}
Adder graph: {{'M',[1;32;2],1,[1;1;1],0,[0;5;1]},{'M',[64;1;1],1,[1;1;1],0,[6;0;0]},{'A',[1028;144;-8],2,[1;32;2],1,2,[64;1;-1],1,4},{'M',[8;1;8],1,[1;1;1],0,[3;0;3]},{'M',[1;2;2],1,[1;1;1],0,[0;1;1]},{'A',[65;10;62],2,[8;1;8],1,3,[1;2;-2],1,0},{'M',[65;10;-32],3,[1028;144;-8],2,[NaN;NaN;2],[65;10;62],2,[0;0;NaN]},{'M',[260;288;62],3,[1028;144;-8],2,[NaN;1;NaN],[65;10;62],2,[2;NaN;0]},{'A',[-455;-566;-156],4,[65;10;-32],3,0,[-260;-288;-62],3,1},{'M',[1028;40;124],3,[1028;144;-8],2,[0;NaN;NaN],[65;10;62],2,[NaN;2;1]},{'M',[65;20;-128],3,[1028;144;-8],2,[NaN;NaN;4],[65;10;62],2,[0;1;NaN]},{'A',[963;20;252],4,[1028;40;124],3,0,[-65;-20;128],3,0},{'M',[1;2;4],1,[1;1;1],0,[0;1;2]},{'M',[1;16;1],1,[1;1;1],0,[0;4;0]},{'A',[520;1152;2056],2,[1;2;4],1,9,[1;16;1],1,3},{'M',[1;32;256],1,[1;1;1],0,[0;5;8]},{'M',[16;2;1],1,[1;1;1],0,[4;1;0]},{'A',[-120;240;2056],2,[1;32;256],1,3,[-16;-2;1],1,3},{'A',[9;9;7],1,[1;1;1],0,3,[1;1;-1],0,0},{'M',[1;256;2],1,[1;1;1],0,[0;8;1]},{'A',[608;7616;-384],2,[1;256;2],1,5,[9;-9;-7],1,6},{'A',[-91;-922;305],3,[-120;240;2056],2,-3,[-608;-7616;384],2,-3},{'A',[65;-63;65],1,[1;1;1],0,0,[1;-1;1],0,6},{'A',[141;808;209],3,[608;7616;-384],2,-3,[520;-1152;2056],2,-3},{'M',[2;1;64],1,[1;1;1],0,[1;0;6]},{'A',[73;-67;321],2,[65;-63;65],1,0,[2;-1;64],1,2},{'A',[955;211;-329],3,[1028;144;-8],2,0,[-73;67;-321],2,0},{'O',[963;20;252],4,[963;20;252],4,0},{'M',[955;808;209],4,[141;808;209],3,[NaN;0;0],[955;211;-329],3,[0;NaN;NaN]},{'O',[955;808;209],4,[955;808;209],4,0},{'M',[564;211;610],4,[-91;-922;305],3,[NaN;NaN;1],[141;808;209],3,[2;NaN;NaN],[955;211;-329],3,[NaN;0;NaN]},{'O',[564;211;610],4,[564;211;610],4,0},{'M',[-91;-922;-658],4,[-91;-922;305],3,[0;0;NaN],[955;211;-329],3,[NaN;NaN;1]},{'O',[91;922;658],4,[91;922;658],4,0},{'O',[455;566;156],4,[455;566;156],4,0}}
Adder graph: {{'A',[5;3;5],1,[1;1;1],0,2,[1;-1;1],0,0},{'A',[-112;-112;144],1,[1;1;1],0,4,[-1;-1;1],0,7},{'M',[1;16;256],1,[1;1;1],0,[0;4;8]},{'A',[319;208;576],2,[5;3;5],1,6,[-1;16;256],1,0},{'M',[128;1;1],1,[1;1;1],0,[7;0;0]},{'M',[1;4;1],1,[1;1;1],0,[0;2;0]},{'A',[136;-31;9],2,[128;1;1],1,0,[1;-4;1],1,3},{'M',[16;512;1],1,[1;1;1],0,[4;9;0]},{'A',[96;464;-79],2,[16;512;1],1,0,[5;-3;-5],1,4},{'M',[5;3;288],2,[5;3;5],1,[0;0;NaN],[-112;-112;144],1,[NaN;NaN;1]},{'A',[91;461;209],3,[96;464;-79],2,0,[-5;-3;288],2,0},{'M',[2048;32;1],1,[1;1;1],0,[11;5;0]},{'A',[2043;35;6],2,[2048;32;1],1,0,[-5;3;5],1,0},{'A',[17;17;17],1,[1;1;1],0,4,[1;1;1],0,0},{'A',[67;84;324],2,[17;17;17],1,2,[-1;16;256],1,0},{'M',[5;12;5],2,[5;3;5],1,[0;2;0]},{'M',[136;17;68],2,[17;17;17],1,[3;0;2]},{'A',[141;-5;-63],3,[5;12;5],2,0,[136;-17;-68],2,0},{'M',[136;3;34],2,[5;3;5],1,[NaN;0;NaN],[17;17;17],1,[3;NaN;1]},{'A',[455;211;610],3,[319;208;576],2,0,[136;3;34],2,0},{'M',[-896;17;5],2,[5;3;5],1,[NaN;NaN;0],[-112;-112;144],1,[3;NaN;NaN],[17;17;17],1,[NaN;0;NaN]},{'A',[-963;101;329],3,[-896;17;5],2,0,[-67;84;324],2,0},{'A',[955;283;78],3,[2043;35;6],2,0,[-136;31;9],2,3},{'M',[-963;-20;-252],4,[141;-5;-63],3,[NaN;2;2],[-963;101;329],3,[0;NaN;NaN]},{'O',[963;20;252],4,[963;20;252],4,0},{'M',[955;808;209],4,[91;461;209],3,[NaN;NaN;0],[-963;101;329],3,[NaN;3;NaN],[955;283;78],3,[0;NaN;NaN]},{'O',[955;808;209],4,[955;808;209],4,0},{'M',[564;211;610],4,[141;-5;-63],3,[2;NaN;NaN],[455;211;610],3,[NaN;0;0]},{'O',[564;211;610],4,[564;211;610],4,0},{'M',[91;922;658],4,[91;461;209],3,[0;1;NaN],[-963;101;329],3,[NaN;NaN;1]},{'O',[91;922;658],4,[91;922;658],4,0},{'M',[455;566;156],4,[455;211;610],3,[0;NaN;NaN],[955;283;78],3,[NaN;1;1]},{'O',[455;566;156],4,[455;566;156],4,0}}
Adder graph: {{'M',[1;4;2],1,[1;1;1],0,[0;2;1]},{'M',[1;8;8],1,[1;1;1],0,[0;3;3]},{'A',[63;264;136],2,[1;4;2],1,6,[-1;8;8],1,0},{'A',[33;-31;-31],1,[1;1;1],0,0,[1;-1;-1],0,5},{'A',[65;65;65],1,[1;1;1],0,6,[1;1;1],0,0},{'M',[1;1;16],1,[1;1;1],0,[0;0;4]},{'M',[1;32;1],1,[1;1;1],0,[0;5;0]},{'A',[3;36;63],2,[1;1;16],1,2,[-1;32;-1],1,0},{'M',[65;260;65],2,[65;65;65],1,[0;2;0]},{'R',[65;65;65],2,[65;65;65],1},{'A',[-455;-260;585],3,[65;260;65],2,0,[-65;-65;65],2,3},{'M',[512;1;4],1,[1;1;1],0,[9;0;2]},{'A',[1089;67;-57],2,[512;1;4],1,1,[65;65;-65],1,0},{'M',[64;1;64],1,[1;1;1],0,[6;0;6]},{'A',[-223;-35;-287],2,[33;-31;-31],1,0,[-64;-1;-64],1,2},{'M',[1;16;1],1,[1;1;1],0,[0;4;0]},{'A',[69;129;61],2,[65;65;65],1,0,[1;16;-1],1,2},{'M',[33;-62;-62],2,[33;-31;-31],1,[0;1;1]},{'A',[-91;-283;-39],3,[-223;-35;-287],2,0,[33;-62;62],2,2},{'M',[-892;-280;63],3,[3;36;63],2,[NaN;NaN;0],[-223;-35;-287],2,[2;3;NaN]},{'M',[63;528;272],3,[63;264;136],2,[0;1;1]},{'A',[-955;-808;-209],4,[-892;-280;63],3,0,[-63;-528;-272],3,0},{'M',[6;72;61],3,[3;36;63],2,[1;1;NaN],[69;129;61],2,[NaN;NaN;0]},{'M',[552;67;488],3,[1089;67;-57],2,[NaN;0;NaN],[69;129;61],2,[3;NaN;3]},{'A',[564;211;610],4,[6;72;61],3,1,[552;67;488],3,0},{'A',[963;-461;-329],3,[1089;67;-57],2,0,[-63;-264;-136],2,1},{'M',[65;-124;65],2,[33;-31;-31],1,[NaN;2;NaN],[65;65;65],1,[0;NaN;0]},{'A',[4;5;126],3,[69;129;61],2,0,[-65;-124;65],2,0},{'M',[963;20;252],4,[963;-461;-329],3,[0;NaN;NaN],[4;5;126],3,[NaN;2;1]},{'O',[963;20;252],4,[963;20;252],4,0},{'O',[955;808;209],4,[955;808;209],4,0},{'O',[564;211;610],4,[564;211;610],4,0},{'M',[-91;-922;-658],4,[-91;-283;-39],3,[0;NaN;NaN],[963;-461;-329],3,[NaN;1;1]},{'O',[91;922;658],4,[91;922;658],4,0},{'M',[-455;-566;-156],4,[-455;-260;585],3,[0;NaN;NaN],[-91;-283;-39],3,[NaN;1;2]},{'O',[455;566;156],4,[455;566;156],4,0}}
Adder graph: {{'A',[3;3;5],1,[1;1;1],0,2,[-1;-1;1],0,0},{'A',[9;7;7],1,[1;1;1],0,3,[1;-1;-1],0,0},{'M',[4;1;16],1,[1;1;1],0,[2;0;4]},{'A',[-2;-10;78],2,[4;1;16],1,2,[-9;-7;7],1,1},{'M',[3;768;28],2,[3;3;5],1,[0;8;NaN],[9;7;7],1,[NaN;NaN;2]},{'M',[9;24;20],2,[3;3;5],1,[NaN;3;2],[9;7;7],1,[0;NaN;NaN]},{'A',[-69;576;188],3,[3;768;28],2,0,[-9;-24;20],2,3},{'M',[512;128;1],1,[1;1;1],0,[9;7;0]},{'A',[524;116;21],2,[512;128;1],1,0,[3;-3;5],1,2},{'M',[-1024;232;21],3,[-2;-10;78],2,[9;NaN;NaN],[524;116;21],2,[NaN;1;0]},{'A',[955;808;209],4,[-69;576;188],3,0,[1024;232;21],3,0},{'M',[3;3;14],2,[3;3;5],1,[0;0;NaN],[9;7;7],1,[NaN;NaN;1]},{'M',[144;7;112],2,[9;7;7],1,[4;0;4]},{'A',[-282;20;252],3,[3;3;14],2,1,[-144;7;112],2,1},{'M',[2;1;2],1,[1;1;1],0,[1;0;1]},{'A',[34;-6;2],2,[2;1;2],1,3,[9;-7;-7],1,1},{'M',[64;8;1],1,[1;1;1],0,[6;3;0]},{'A',[125;19;7],2,[64;8;1],1,1,[-3;3;5],1,0},{'A',[266;118;-610],3,[125;19;7],2,1,[2;10;-78],2,3},{'M',[125;928;672],3,[524;116;21],2,[NaN;3;5],[125;19;7],2,[0;NaN;NaN]},{'M',[34;-6;14],3,[34;-6;2],2,[0;0;NaN],[125;19;7],2,[NaN;NaN;1]},{'A',[91;922;658],4,[125;928;672],3,0,[-34;-6;-14],3,0},{'A',[963;-211;71],3,[34;-6;2],2,5,[-125;-19;7],2,0},{'M',[524;-10;32],3,[-2;-10;78],2,[NaN;0;NaN],[524;116;21],2,[0;NaN;NaN],[34;-6;2],2,[NaN;NaN;4]},{'A',[455;566;156],4,[-69;576;188],3,0,[524;-10;-32],3,0},{'M',[963;20;252],4,[-282;20;252],3,[NaN;0;0],[963;-211;71],3,[0;NaN;NaN]},{'O',[963;20;252],4,[963;20;252],4,0},{'O',[955;808;209],4,[955;808;209],4,0},{'M',[-564;-211;-610],4,[-282;20;252],3,[1;NaN;NaN],[266;118;-610],3,[NaN;NaN;0],[963;-211;71],3,[NaN;0;NaN]},{'O',[564;211;610],4,[564;211;610],4,0},{'O',[91;922;658],4,[91;922;658],4,0},{'O',[455;566;156],4,[455;566;156],4,0}}
Adder graph: {{'A',[5;5;5],1,[1;1;1],0,2,[1;1;1],0,0},{'A',[15;15;15],1,[1;1;1],0,4,[-1;-1;-1],0,0},{'M',[5;5;160],2,[5;5;5],1,[0;0;5]},{'M',[10;10;15],2,[5;5;5],1,[1;1;NaN],[15;15;15],1,[NaN;NaN;0]},{'A',[20;20;305],3,[5;5;160],2,1,[10;10;-15],2,0},{'A',[7;9;9],1,[1;1;1],0,3,[-1;1;1],0,0},{'M',[1;256;256],1,[1;1;1],0,[0;8;8]},{'A',[18;1042;1042],2,[1;256;256],1,2,[7;9;9],1,1},{'M',[8;1;8],1,[1;1;1],0,[3;0;3]},{'R',[1;1;1],1,[1;1;1],0},{'A',[127;15;129],2,[8;1;8],1,4,[-1;-1;1],1,0},{'A',[470;490;490],2,[15;15;15],1,5,[-5;5;5],1,1},{'M',[1;32;1],1,[1;1;1],0,[0;5;0]},{'A',[3;251;3],2,[1;32;1],1,3,[-5;-5;-5],1,0},{'M',[18;60;192],3,[18;1042;1042],2,[0;NaN;NaN],[127;15;129],2,[NaN;2;NaN],[3;251;3],2,[NaN;NaN;6]},{'M',[127;1042;1042],3,[18;1042;1042],2,[NaN;0;0],[127;15;129],2,[0;NaN;NaN]},{'A',[-91;-922;-658],4,[18;60;192],3,1,[-127;-1042;-1042],3,0},{'M',[224;288;15],2,[15;15;15],1,[NaN;NaN;0],[7;9;9],1,[5;5;NaN]},{'M',[7;10;9],2,[5;5;5],1,[NaN;1;NaN],[7;9;9],1,[0;NaN;0]},{'A',[455;566;39],3,[224;288;15],2,1,[7;-10;9],2,0},{'M',[7;9;40],2,[5;5;5],1,[NaN;NaN;3],[7;9;9],1,[0;0;NaN]},{'A',[141;33;209],3,[127;15;129],2,0,[7;9;40],2,1},{'M',[240;10;15],2,[5;5;5],1,[NaN;1;NaN],[15;15;15],1,[4;NaN;0]},{'A',[963;211;63],3,[3;251;3],2,0,[240;-10;15],2,2},{'M',[15;576;15],2,[15;15;15],1,[0;NaN;0],[7;9;9],1,[NaN;6;NaN]},{'A',[955;404;965],3,[470;490;490],2,1,[15;-576;-15],2,0},{'M',[963;20;252],4,[20;20;305],3,[NaN;0;NaN],[963;211;63],3,[0;NaN;2]},{'O',[963;20;252],4,[963;20;252],4,0},{'M',[955;808;209],4,[141;33;209],3,[NaN;NaN;0],[955;404;965],3,[0;1;NaN]},{'O',[955;808;209],4,[955;808;209],4,0},{'M',[564;211;610],4,[20;20;305],3,[NaN;NaN;1],[141;33;209],3,[2;NaN;NaN],[963;211;63],3,[NaN;0;NaN]},{'O',[564;211;610],4,[564;211;610],4,0},{'O',[91;922;658],4,[91;922;658],4,0},{'M',[455;566;156],4,[455;566;39],3,[0;0;2]},{'O',[455;566;156],4,[455;566;156],4,0}}
Adder graph: {{'M',[1;1;128],1,[1;1;1],0,[0;0;7]},{'M',[32;1;32],1,[1;1;1],0,[5;0;5]},{'A',[33;2;160],2,[1;1;128],1,0,[32;1;32],1,0},{'A',[9;9;9],1,[1;1;1],0,0,[1;1;1],0,3},{'M',[4;1;1],1,[1;1;1],0,[2;0;0]},{'M',[1;1;64],1,[1;1;1],0,[0;0;6]},{'A',[2050;510;384],2,[4;1;1],1,9,[1;-1;-64],1,1},{'M',[9;18;18],2,[9;9;9],1,[0;1;1]},{'A',[141;10;658],3,[9;18;18],2,0,[33;-2;160],2,2},{'M',[2;1;1],1,[1;1;1],0,[1;0;0]},{'M',[1;2;2],1,[1;1;1],0,[0;1;1]},{'A',[124;56;72],2,[2;1;1],1,6,[-1;-2;2],1,2},{'A',[224;224;224],1,[1;1;1],0,8,[-1;-1;-1],0,5},{'A',[290;287;287],2,[9;9;9],1,5,[2;-1;-1],1,0},{'M',[8;1;2],1,[1;1;1],0,[3;0;1]},{'A',[41;13;17],2,[9;9;9],1,0,[8;1;2],1,2},{'A',[963;283;156],3,[2050;510;384],2,-1,[-124;56;-72],2,-1},{'M',[9;9;224],2,[9;9;9],1,[0;0;NaN],[224;224;224],1,[NaN;NaN;0]},{'A',[299;296;63],3,[290;287;287],2,0,[9;9;-224],2,0},{'A',[455;211;305],3,[124;56;72],2,2,[-41;-13;17],2,0},{'M',[9;896;18],2,[9;9;9],1,[0;NaN;1],[224;224;224],1,[NaN;2;NaN]},{'A',[91;922;52],3,[9;896;18],2,0,[41;13;17],2,1},{'M',[41;32;17],3,[33;2;160],2,[NaN;4;NaN],[41;13;17],2,[0;NaN;0]},{'A',[955;808;209],4,[41;32;17],3,4,[299;296;-63],3,0},{'M',[963;20;252],4,[141;10;658],3,[NaN;1;NaN],[963;283;156],3,[0;NaN;NaN],[299;296;63],3,[NaN;NaN;2]},{'O',[963;20;252],4,[963;20;252],4,0},{'O',[955;808;209],4,[955;808;209],4,0},{'M',[564;211;610],4,[141;10;658],3,[2;NaN;NaN],[455;211;305],3,[NaN;0;1]},{'O',[564;211;610],4,[564;211;610],4,0},{'M',[91;922;658],4,[141;10;658],3,[NaN;NaN;0],[91;922;52],3,[0;0;NaN]},{'O',[91;922;658],4,[91;922;658],4,0},{'M',[455;566;156],4,[963;283;156],3,[NaN;1;0],[455;211;305],3,[0;NaN;NaN]},{'O',[455;566;156],4,[455;566;156],4,0}}
Adder graph: {{'A',[-7;9;9],1,[1;1;1],0,0,[-1;1;1],0,3},{'A',[5;5;5],1,[1;1;1],0,0,[1;1;1],0,2},{'M',[128;64;1],1,[1;1;1],0,[7;6;0]},{'A',[242;110;20],2,[128;64;1],1,1,[-7;-9;9],1,1},{'M',[-7;10;9],2,[-7;9;9],1,[0;NaN;0],[5;5;5],1,[NaN;1;NaN]},{'M',[-7;9;5],2,[-7;9;9],1,[0;0;NaN],[5;5;5],1,[NaN;NaN;0]},{'A',[-455;-566;329],3,[-7;10;9],2,0,[-7;-9;5],2,6},{'M',[80;9;9],2,[-7;9;9],1,[NaN;0;0],[5;5;5],1,[4;NaN;NaN]},{'A',[564;211;31],3,[242;110;20],2,1,[80;-9;-9],2,0},{'M',[-7;5;9],2,[-7;9;9],1,[0;NaN;0],[5;5;5],1,[NaN;0;NaN]},{'M',[-28;5;36],2,[-7;9;9],1,[2;NaN;2],[5;5;5],1,[NaN;0;NaN]},{'A',[98;-10;-126],3,[-7;5;9],2,1,[28;-5;-36],2,2},{'M',[64;1;4],1,[1;1;1],0,[6;0;2]},{'A',[54;-9;-6],2,[64;1;4],1,0,[-5;-5;-5],1,1},{'A',[-3;-3;5],1,[1;1;1],0,0,[-1;-1;1],0,2},{'M',[2;1024;1],1,[1;1;1],0,[1;10;0]},{'A',[-94;928;161],2,[2;1024;1],1,0,[-3;-3;5],1,5},{'M',[5;5;5],2,[5;5;5],1,[0;0;NaN],[-3;-3;5],1,[NaN;NaN;0]},{'A',[-963;-435;-75],3,[5;5;5],2,0,[-242;-110;-20],2,2},{'M',[-3;-24;144],2,[-7;9;9],1,[NaN;NaN;4],[-3;-3;5],1,[0;3;NaN]},{'A',[91;-952;305],3,[-3;-24;144],2,0,[94;-928;161],2,0},{'M',[54;110;-6],3,[242;110;20],2,[NaN;0;NaN],[54;-9;-6],2,[0;NaN;0]},{'A',[955;808;209],4,[91;-952;305],3,0,[54;110;-6],3,4},{'M',[-3;-6;5],2,[-3;-3;5],1,[0;1;0]},{'A',[91;922;-156],3,[-3;-6;5],2,0,[94;928;-161],2,0},{'M',[-963;-20;-252],4,[98;-10;-126],3,[NaN;1;1],[-963;-435;-75],3,[0;NaN;NaN]},{'O',[963;20;252],4,[963;20;252],4,0},{'O',[955;808;209],4,[955;808;209],4,0},{'M',[564;211;610],4,[564;211;31],3,[0;0;NaN],[91;-952;305],3,[NaN;NaN;1]},{'O',[564;211;610],4,[564;211;610],4,0},{'M',[91;922;658],4,[-455;-566;329],3,[NaN;NaN;1],[91;922;-156],3,[0;0;NaN]},{'O',[91;922;658],4,[91;922;658],4,0},{'M',[-455;-566;-156],4,[-455;-566;329],3,[0;0;NaN],[91;922;-156],3,[NaN;NaN;0]},{'O',[455;566;156],4,[455;566;156],4,0}}
Adder graph: {{'A',[-15;17;-15],1,[1;1;1],0,0,[-1;1;-1],0,4},{'A',[5;-3;5],1,[1;1;1],0,0,[1;-1;1],0,2},{'A',[3;5;3],1,[1;1;1],0,2,[-1;1;-1],0,0},{'M',[8;8;1],1,[1;1;1],0,[3;3;0]},{'A',[-7;-9;16],2,[8;8;1],1,0,[-15;-17;15],1,0},{'M',[160;17;40],2,[-15;17;-15],1,[NaN;0;NaN],[5;-3;5],1,[5;NaN;3]},{'M',[-15;10;6],2,[-15;17;-15],1,[0;NaN;NaN],[3;5;3],1,[NaN;1;1]},{'A',[655;78;154],3,[160;17;40],2,2,[15;10;-6],2,0},{'M',[-15;-3;5],2,[-15;17;-15],1,[0;NaN;NaN],[5;-3;5],1,[NaN;0;0]},{'M',[5;10;-15],2,[-15;17;-15],1,[NaN;NaN;0],[5;-3;5],1,[0;NaN;NaN],[3;5;3],1,[NaN;1;NaN]},{'A',[-955;-202;305],3,[-15;-3;5],2,6,[5;-10;-15],2,0},{'A',[-117;131;-123],2,[-15;17;-15],1,3,[3;-5;-3],1,0},{'A',[-35;5;-35],2,[-15;17;-15],1,0,[-5;-3;-5],1,2},{'M',[-112;-144;-35],3,[-7;-9;16],2,[4;4;NaN],[-35;5;-35],2,[NaN;NaN;0]},{'M',[-7;10;16],3,[-7;-9;16],2,[0;NaN;0],[-35;5;-35],2,[NaN;1;NaN]},{'A',[-455;-566;-156],4,[-112;-144;-35],3,2,[-7;10;-16],3,0},{'M',[24;80;3],2,[3;5;3],1,[3;4;0]},{'A',[141;211;126],3,[24;80;3],2,0,[117;131;123],2,0},{'M',[1;1;8],1,[1;1;1],0,[0;0;3]},{'M',[1;1;256],1,[1;1;1],0,[0;0;8]},{'A',[3;3;-224],2,[1;1;8],1,2,[-1;-1;-256],1,0},{'A',[91;922;658],4,[655;78;154],3,0,[-141;211;126],3,2},{'M',[-960;17;-15],2,[-15;17;-15],1,[6;0;0]},{'A',[963;20;-209],3,[3;3;-224],2,0,[960;17;15],2,0},{'M',[963;20;252],4,[141;211;126],3,[NaN;NaN;1],[963;20;-209],3,[0;0;NaN]},{'O',[963;20;252],4,[963;20;252],4,0},{'M',[-955;-808;-209],4,[-955;-202;305],3,[0;2;NaN],[963;20;-209],3,[NaN;NaN;0]},{'O',[955;808;209],4,[955;808;209],4,0},{'M',[564;211;610],4,[-955;-202;305],3,[NaN;NaN;1],[141;211;126],3,[2;0;NaN]},{'O',[564;211;610],4,[564;211;610],4,0},{'O',[91;922;658],4,[91;922;658],4,0},{'O',[455;566;156],4,[455;566;156],4,0}}
Adder graph: {{'A',[9;9;-7],1,[1;1;1],0,0,[1;1;-1],0,3},{'R',[1;1;1],1,[1;1;1],0},{'A',[55;55;71],2,[1;1;1],1,6,[-9;-9;7],1,0},{'M',[1;2;2],1,[1;1;1],0,[0;1;1]},{'A',[7;13;-3],2,[9;9;-7],1,0,[-1;2;2],1,1},{'A',[-127;129;129],1,[1;1;1],0,0,[-1;1;1],0,7},{'M',[4;1;1],1,[1;1;1],0,[2;0;0]},{'A',[3952;1168;912],2,[4;1;1],1,10,[-9;9;-7],1,4},{'A',[191;257;257],2,[1;2;2],1,6,[127;129;129],1,0},{'M',[1;32;1],1,[1;1;1],0,[0;5;0]},{'A',[100;2012;36],2,[1;32;1],1,6,[9;-9;-7],1,2},{'M',[-127;36;258],2,[9;9;-7],1,[NaN;2;NaN],[-127;129;129],1,[0;NaN;1]},{'A',[-141;10;252],3,[-127;36;258],2,0,[-7;-13;-3],2,1},{'M',[191;257;-12],3,[7;13;-3],2,[NaN;NaN;2],[191;257;257],2,[0;0;NaN]},{'M',[191;220;257],3,[55;55;71],2,[NaN;2;NaN],[191;257;257],2,[0;NaN;0]},{'A',[955;808;209],4,[191;257;-12],3,2,[191;-220;257],3,0},{'A',[963;-211;219],3,[3952;1168;912],2,-2,[-100;-2012;-36],2,-2},{'M',[18;258;129],2,[9;9;-7],1,[1;NaN;NaN],[-127;129;129],1,[NaN;1;0]},{'A',[91;461;329],3,[18;258;129],2,1,[55;-55;71],2,0},{'M',[200;257;72],3,[191;257;257],2,[NaN;0;NaN],[100;2012;36],2,[1;NaN;1]},{'M',[55;52;-12],3,[55;55;71],2,[0;NaN;NaN],[7;13;-3],2,[NaN;2;2]},{'A',[455;566;156],4,[200;257;72],3,1,[55;52;12],3,0},{'A',[303;465;-305],3,[7;13;-3],2,4,[191;257;-257],2,0},{'M',[963;20;252],4,[-141;10;252],3,[NaN;1;0],[963;-211;219],3,[0;NaN;NaN]},{'O',[963;20;252],4,[963;20;252],4,0},{'O',[955;808;209],4,[955;808;209],4,0},{'M',[-564;-211;-610],4,[-141;10;252],3,[2;NaN;NaN],[963;-211;219],3,[NaN;0;NaN],[303;465;-305],3,[NaN;NaN;1]},{'O',[564;211;610],4,[564;211;610],4,0},{'M',[91;922;658],4,[91;461;329],3,[0;1;1]},{'O',[91;922;658],4,[91;922;658],4,0},{'O',[455;566;156],4,[455;566;156],4,0}}
Adder graph: {{'R',[1;1;1],1,[1;1;1],0},{'M',[1;1;16],2,[1;1;1],1,[0;0;4]},{'M',[1;2;2],2,[1;1;1],1,[0;1;1]},{'A',[7;10;126],3,[1;1;16],2,3,[-1;2;-2],2,0},{'M',[1;1;4],1,[1;1;1],0,[0;0;2]},{'A',[3;5;17],2,[1;1;4],1,2,[-1;1;1],1,0},{'A',[18;14;14],1,[1;1;1],0,4,[1;-1;-1],0,1},{'M',[512;512;14],2,[1;1;1],1,[9;9;NaN],[18;14;14],1,[NaN;NaN;0]},{'M',[4;4;1],2,[1;1;1],1,[2;2;0]},{'A',[448;576;30],3,[512;512;14],2,0,[-4;4;1],2,4},{'M',[32;1;1],1,[1;1;1],0,[5;0;0]},{'A',[240;24;72],2,[32;1;1],1,3,[-1;1;4],1,4},{'A',[19;13;15],2,[18;14;14],1,0,[1;-1;1],1,0},{'M',[576;1;448],2,[1;1;1],1,[NaN;0;NaN],[18;14;14],1,[5;NaN;5]},{'A',[564;-19;380],3,[576;1;448],2,0,[-3;-5;-17],2,2},{'A',[455;566;156],4,[448;576;30],3,0,[7;-10;126],3,0},{'A',[963;101;305],3,[240;24;72],2,2,[3;5;17],2,0},{'M',[4;2;1],1,[1;1;1],0,[2;1;0]},{'A',[476;228;156],2,[4;2;1],1,7,[-18;-14;14],1,1},{'M',[18;56;56],2,[18;14;14],1,[0;2;2]},{'A',[91;211;209],3,[18;56;56],2,2,[19;-13;-15],2,0},{'A',[955;461;329],3,[476;228;156],2,1,[3;5;17],2,0},{'M',[963;20;252],4,[7;10;126],3,[NaN;1;1],[963;101;305],3,[0;NaN;NaN]},{'O',[963;20;252],4,[963;20;252],4,0},{'M',[955;808;209],4,[963;101;305],3,[NaN;3;NaN],[91;211;209],3,[NaN;NaN;0],[955;461;329],3,[0;NaN;NaN]},{'O',[955;808;209],4,[955;808;209],4,0},{'M',[564;211;610],4,[564;-19;380],3,[0;NaN;NaN],[963;101;305],3,[NaN;NaN;1],[91;211;209],3,[NaN;0;NaN]},{'O',[564;211;610],4,[564;211;610],4,0},{'M',[91;922;658],4,[91;211;209],3,[0;NaN;NaN],[955;461;329],3,[NaN;1;1]},{'O',[91;922;658],4,[91;922;658],4,0},{'O',[455;566;156],4,[455;566;156],4,0}}
Adder graph: {{'A',[-3;-3;-3],1,[1;1;1],0,0,[-1;-1;-1],0,2},{'M',[64;64;1],1,[1;1;1],0,[6;6;0]},{'A',[-515;-515;-11],2,[-3;-3;-3],1,0,[-64;-64;-1],1,3},{'M',[-3;-3;-48],2,[-3;-3;-3],1,[0;0;4]},{'A',[-527;-527;-203],3,[-515;-515;-11],2,0,[-3;-3;-48],2,2},{'M',[1;256;1],1,[1;1;1],0,[0;8;0]},{'A',[-49;-304;-47],2,[-3;-3;-3],1,4,[-1;-256;1],1,0},{'A',[60;60;60],1,[1;1;1],0,6,[-1;-1;-1],0,2},{'M',[960;60;60],2,[60;60;60],1,[4;0;0]},{'M',[-3;-192;-192],2,[-3;-3;-3],1,[0;6;6]},{'A',[963;-132;252],3,[960;60;60],2,0,[3;-192;192],2,0},{'M',[-515;-515;-704],3,[-515;-515;-11],2,[0;0;6]},{'M',[-49;-304;-94],3,[-49;-304;-47],2,[0;0;1]},{'A',[-564;-211;-610],4,[-515;-515;-704],3,0,[-49;304;94],3,0},{'M',[1;64;64],1,[1;1;1],0,[0;6;6]},{'M',[64;1;32],1,[1;1;1],0,[6;0;5]},{'A',[-63;63;32],2,[1;64;64],1,0,[-64;-1;-32],1,0},{'M',[1;64;1],1,[1;1;1],0,[0;6;0]},{'A',[-5;58;7],2,[1;64;1],1,0,[-3;-3;3],1,1},{'A',[-91;-922;-658],4,[-527;-527;-203],3,1,[963;132;-252],3,0},{'A',[-495;-283;-39],3,[-515;-515;-11],2,0,[5;58;-7],2,2},{'M',[60;-3;-3],2,[-3;-3;-3],1,[NaN;0;0],[60;60;60],1,[0;NaN;NaN]},{'A',[955;10;-55],3,[60;-3;-3],2,4,[-5;58;-7],2,0},{'A',[-455;808;209],3,[-63;63;32],2,3,[49;304;-47],2,0},{'M',[963;20;252],4,[963;-132;252],3,[0;NaN;0],[955;10;-55],3,[NaN;1;NaN]},{'O',[963;20;252],4,[963;20;252],4,0},{'M',[955;808;209],4,[955;10;-55],3,[0;NaN;NaN],[-455;808;209],3,[NaN;0;0]},{'O',[955;808;209],4,[955;808;209],4,0},{'O',[564;211;610],4,[564;211;610],4,0},{'O',[91;922;658],4,[91;922;658],4,0},{'M',[-455;-566;-156],4,[-495;-283;-39],3,[NaN;1;2],[-455;808;209],3,[0;NaN;NaN]},{'O',[455;566;156],4,[455;566;156],4,0}}
Adder graph: {{'A',[-28;36;-28],1,[1;1;1],0,2,[-1;1;-1],0,5},{'A',[896;896;1152],1,[1;1;1],0,10,[-1;-1;1],0,7},{'A',[5;5;-3],1,[1;1;1],0,0,[1;1;-1],0,2},{'A',[257;255;257],1,[1;1;1],0,8,[1;-1;1],0,0},{'A',[65;65;-63],1,[1;1;1],0,0,[1;1;-1],0,6},{'M',[64;1;1],1,[1;1;1],0,[6;0;0]},{'A',[2;128;-124],2,[65;65;-63],1,1,[-64;-1;1],1,1},{'M',[65;1280;-63],2,[5;5;-3],1,[NaN;8;NaN],[65;65;-63],1,[0;NaN;0]},{'M',[257;10;-6],2,[5;5;-3],1,[NaN;1;1],[257;255;257],1,[0;NaN;NaN]},{'A',[-963;1320;-39],3,[65;1280;-63],2,0,[-257;10;6],2,2},{'M',[4;256;-124],3,[2;128;-124],2,[1;1;0]},{'A',[-955;-808;-209],4,[4;256;-124],3,1,[-963;-1320;39],3,0},{'M',[5;510;514],2,[5;5;-3],1,[0;NaN;NaN],[257;255;257],1,[NaN;1;1]},{'M',[10;65;-6],2,[5;5;-3],1,[1;NaN;1],[65;65;-63],1,[NaN;0;NaN]},{'A',[-75;-10;466],3,[5;510;514],2,0,[-10;-65;-6],2,3},{'A',[217;233;281],2,[896;896;1152],1,-2,[-28;36;-28],1,-2},{'M',[130;255;257],2,[257;255;257],1,[NaN;0;0],[65;65;-63],1,[1;NaN;NaN]},{'A',[564;211;305],3,[217;233;281],2,1,[130;-255;-257],2,0},{'M',[65;10;-63],2,[5;5;-3],1,[NaN;1;NaN],[65;65;-63],1,[0;NaN;0]},{'M',[520;576;-63],2,[-28;36;-28],1,[NaN;4;NaN],[65;65;-63],1,[3;NaN;0]},{'A',[-455;-566;-126],3,[65;10;-63],2,0,[-520;-576;-63],2,0},{'M',[4;233;281],3,[2;128;-124],2,[1;NaN;NaN],[217;233;281],2,[NaN;0;0]},{'A',[91;922;658],4,[4;233;281],3,2,[75;-10;-466],3,0},{'M',[-963;-20;-252],4,[-963;1320;-39],3,[0;NaN;NaN],[-75;-10;466],3,[NaN;1;NaN],[-455;-566;-126],3,[NaN;NaN;1]},{'O',[963;20;252],4,[963;20;252],4,0},{'O',[955;808;209],4,[955;808;209],4,0},{'M',[564;211;610],4,[564;211;305],3,[0;0;1]},{'O',[564;211;610],4,[564;211;610],4,0},{'O',[91;922;658],4,[91;922;658],4,0},{'M',[-455;-566;-156],4,[-963;1320;-39],3,[NaN;NaN;2],[-455;-566;-126],3,[0;0;NaN]},{'O',[455;566;156],4,[455;566;156],4,0}}
Finished solving after 259193 seconds
Adder graph: {{'A',[-28;36;-28],1,[1;1;1],0,2,[-1;1;-1],0,5},{'A',[896;896;1152],1,[1;1;1],0,10,[-1;-1;1],0,7},{'A',[5;5;-3],1,[1;1;1],0,0,[1;1;-1],0,2},{'A',[257;255;257],1,[1;1;1],0,8,[1;-1;1],0,0},{'A',[65;65;-63],1,[1;1;1],0,0,[1;1;-1],0,6},{'M',[64;1;1],1,[1;1;1],0,[6;0;0]},{'A',[2;128;-124],2,[65;65;-63],1,1,[-64;-1;1],1,1},{'M',[65;1280;-63],2,[5;5;-3],1,[NaN;8;NaN],[65;65;-63],1,[0;NaN;0]},{'M',[257;10;-6],2,[5;5;-3],1,[NaN;1;1],[257;255;257],1,[0;NaN;NaN]},{'A',[-963;1320;-39],3,[65;1280;-63],2,0,[-257;10;6],2,2},{'M',[4;256;-124],3,[2;128;-124],2,[1;1;0]},{'A',[-955;-808;-209],4,[4;256;-124],3,1,[-963;-1320;39],3,0},{'M',[5;510;514],2,[5;5;-3],1,[0;NaN;NaN],[257;255;257],1,[NaN;1;1]},{'M',[10;65;-6],2,[5;5;-3],1,[1;NaN;1],[65;65;-63],1,[NaN;0;NaN]},{'A',[-75;-10;466],3,[5;510;514],2,0,[-10;-65;-6],2,3},{'A',[217;233;281],2,[896;896;1152],1,-2,[-28;36;-28],1,-2},{'M',[130;255;257],2,[257;255;257],1,[NaN;0;0],[65;65;-63],1,[1;NaN;NaN]},{'A',[564;211;305],3,[217;233;281],2,1,[130;-255;-257],2,0},{'M',[65;10;-63],2,[5;5;-3],1,[NaN;1;NaN],[65;65;-63],1,[0;NaN;0]},{'M',[520;576;-63],2,[-28;36;-28],1,[NaN;4;NaN],[65;65;-63],1,[3;NaN;0]},{'A',[-455;-566;-126],3,[65;10;-63],2,0,[-520;-576;-63],2,0},{'M',[4;233;281],3,[2;128;-124],2,[1;NaN;NaN],[217;233;281],2,[NaN;0;0]},{'A',[91;922;658],4,[4;233;281],3,2,[75;-10;-466],3,0},{'M',[-963;-20;-252],4,[-963;1320;-39],3,[0;NaN;NaN],[-75;-10;466],3,[NaN;1;NaN],[-455;-566;-126],3,[NaN;NaN;1]},{'O',[963;20;252],4,[963;20;252],4,0},{'O',[955;808;209],4,[955;808;209],4,0},{'M',[564;211;610],4,[564;211;305],3,[0;0;1]},{'O',[564;211;610],4,[564;211;610],4,0},{'O',[91;922;658],4,[91;922;658],4,0},{'M',[-455;-566;-156],4,[-963;1320;-39],3,[NaN;NaN;2],[-455;-566;-126],3,[0;0;NaN]},{'O',[455;566;156],4,[455;566;156],4,0}}
# Add optimal = 1
# Mux optimal = 0
# Mux registers optimal = 0
# FAs optimal = 0
