Adder graph: {{'A',[0,0,0,0,0,-4,1,0,0],1,0,[0,0,0,0,0,0,1,0,0],0,0,[0,0,0,0,0,-1,0,0,0],0,2},{'A',[0,0,0,-1,0,0,0,0,1],1,0,[0,0,0,0,0,0,0,0,1],0,0,[0,0,0,-1,0,0,0,0,0],0,0},{'A',[0,0,0,1,0,0,0,2,-1],2,0,[0,0,0,0,0,0,0,1,0],0,1,[0,0,0,1,0,0,0,0,-1],1,0},{'A',[0,0,-2,-1,0,0,0,0,1],2,0,[0,0,0,-1,0,0,0,0,1],1,0,[0,0,-1,0,0,0,0,0,0],0,1},{'A',[0,0,0,1,-1,0,0,2,-1],3,0,[0,0,0,1,0,0,0,2,-1],2,0,[0,0,0,0,-1,0,0,0,0],0,0},{'A',[0,0,2,5,-4,0,0,8,-5],4,0,[0,0,0,1,-1,0,0,2,-1],3,2,[0,0,2,1,0,0,0,0,-1],2,0},{'A',[0,0,-2,-5,4,0,0,-7,5],5,0,[0,0,0,0,0,0,0,1,0],0,0,[0,0,-2,-5,4,0,0,-8,5],4,0},{'A',[-2,0,0,0,0,-4,1,0,0],2,0,[0,0,0,0,0,-4,1,0,0],1,0,[-1,0,0,0,0,0,0,0,0],0,1},{'A',[-2,0,-2,-5,4,-4,1,-7,5],6,0,[0,0,-2,-5,4,0,0,-7,5],5,0,[-2,0,0,0,0,-4,1,0,0],2,0},{'A',[-2,-2,-2,-5,4,-4,1,-7,5],7,0,[-2,0,-2,-5,4,-4,1,-7,5],6,0,[0,-1,0,0,0,0,0,0,0],0,1},{'O',[-2,-2,-2,-5,4,-4,1,-7,5],7,[-2,-2,-2,-5,4,-4,1,-7,5],7,0}}
Adder graph: {{'A',[0,0,0,1,0,0,0,0,-1],1,0,[0,0,0,1,0,0,0,0,0],0,0,[0,0,0,0,0,0,0,0,-1],0,0},{'A',[0,0,0,1,0,0,-1,0,-1],2,0,[0,0,0,1,0,0,0,0,-1],1,0,[0,0,0,0,0,0,-1,0,0],0,0},{'A',[0,0,0,1,0,0,-1,8,-1],3,0,[0,0,0,1,0,0,-1,0,-1],2,0,[0,0,0,0,0,0,0,1,0],0,3},{'A',[0,1,1,0,0,0,0,0,0],1,0,[0,1,0,0,0,0,0,0,0],0,0,[0,0,1,0,0,0,0,0,0],0,0},{'A',[0,0,0,0,1,-1,0,0,0],1,0,[0,0,0,0,1,0,0,0,0],0,0,[0,0,0,0,0,-1,0,0,0],0,0},{'A',[0,-1,-1,0,2,-2,0,0,0],2,0,[0,0,0,0,1,-1,0,0,0],1,1,[0,-1,-1,0,0,0,0,0,0],1,0},{'A',[1,0,0,2,0,0,0,0,-2],2,0,[1,0,0,0,0,0,0,0,0],0,0,[0,0,0,1,0,0,0,0,-1],1,1},{'A',[1,1,1,2,-2,2,0,0,-2],3,0,[1,0,0,2,0,0,0,0,-2],2,0,[0,1,1,0,-2,2,0,0,0],2,0},{'A',[0,0,0,-1,0,0,1,-7,1],4,0,[0,0,0,0,0,0,0,1,0],0,0,[0,0,0,-1,0,0,1,-8,1],3,0},{'A',[-2,-2,-2,-5,4,-4,1,-7,5],5,0,[0,0,0,-1,0,0,1,-7,1],4,0,[-1,-1,-1,-2,2,-2,0,0,2],3,1},{'O',[-2,-2,-2,-5,4,-4,1,-7,5],5,[-2,-2,-2,-5,4,-4,1,-7,5],5,0}}
Adder graph: {{'A',[0,0,0,-1,0,0,0,0,1],1,0,[0,0,0,0,0,0,0,0,1],0,0,[0,0,0,-1,0,0,0,0,0],0,0},{'A',[0,0,0,-1,0,-4,0,0,1],2,0,[0,0,0,-1,0,0,0,0,1],1,0,[0,0,0,0,0,-1,0,0,0],0,2},{'A',[0,0,0,-5,0,-4,0,0,5],3,0,[0,0,0,-1,0,-4,0,0,1],2,0,[0,0,0,-1,0,0,0,0,1],1,2},{'A',[-2,0,0,0,0,0,0,1,0],1,0,[0,0,0,0,0,0,0,1,0],0,0,[-1,0,0,0,0,0,0,0,0],0,1},{'A',[0,0,0,0,1,0,0,-2,0],1,0,[0,0,0,0,1,0,0,0,0],0,0,[0,0,0,0,0,0,0,-1,0],0,1},{'A',[0,2,0,0,0,0,-1,0,0],1,0,[0,1,0,0,0,0,0,0,0],0,1,[0,0,0,0,0,0,-1,0,0],0,0},{'A',[0,2,0,0,-4,0,-1,8,0],2,0,[0,2,0,0,0,0,-1,0,0],1,0,[0,0,0,0,-1,0,0,2,0],1,2},{'A',[2,2,0,0,-4,0,-1,7,0],3,0,[0,2,0,0,-4,0,-1,8,0],2,0,[2,0,0,0,0,0,0,-1,0],1,0},{'A',[0,0,-2,-5,0,-4,0,0,5],4,0,[0,0,0,-5,0,-4,0,0,5],3,0,[0,0,-1,0,0,0,0,0,0],0,1},{'A',[-2,-2,-2,-5,4,-4,1,-7,5],5,0,[0,0,-2,-5,0,-4,0,0,5],4,0,[-2,-2,0,0,4,0,1,-7,0],3,0},{'O',[-2,-2,-2,-5,4,-4,1,-7,5],5,[-2,-2,-2,-5,4,-4,1,-7,5],5,0}}
Adder graph: {{'A',[0,0,0,-1,0,0,0,0,1],1,0,[0,0,0,0,0,0,0,0,1],0,0,[0,0,0,-1,0,0,0,0,0],0,0},{'A',[0,0,-2,-1,0,0,0,0,1],2,0,[0,0,0,-1,0,0,0,0,1],1,0,[0,0,-1,0,0,0,0,0,0],0,1},{'A',[-2,0,0,0,0,0,1,0,0],1,0,[0,0,0,0,0,0,1,0,0],0,0,[-1,0,0,0,0,0,0,0,0],0,1},{'A',[0,1,0,2,0,0,0,0,-2],2,0,[0,1,0,0,0,0,0,0,0],0,0,[0,0,0,1,0,0,0,0,-1],1,1},{'A',[-2,0,0,0,0,0,1,1,0],2,0,[0,0,0,0,0,0,0,1,0],0,0,[-2,0,0,0,0,0,1,0,0],1,0},{'A',[-2,0,-2,-1,0,0,1,1,1],3,0,[0,0,-2,-1,0,0,0,0,1],2,0,[-2,0,0,0,0,0,1,1,0],2,0},{'A',[-2,0,-2,-1,4,0,1,1,1],4,0,[0,0,0,0,1,0,0,0,0],0,2,[-2,0,-2,-1,0,0,1,1,1],3,0},{'A',[0,0,0,0,0,1,0,2,0],1,0,[0,0,0,0,0,1,0,0,0],0,0,[0,0,0,0,0,0,0,1,0],0,1},{'A',[-2,-2,-2,-5,4,0,1,1,5],5,0,[-2,0,-2,-1,4,0,1,1,1],4,0,[0,-1,0,-2,0,0,0,0,2],2,1},{'A',[-2,-2,-2,-5,4,-4,1,-7,5],6,0,[-2,-2,-2,-5,4,0,1,1,5],5,0,[0,0,0,0,0,-1,0,-2,0],1,2},{'O',[-2,-2,-2,-5,4,-4,1,-7,5],6,[-2,-2,-2,-5,4,-4,1,-7,5],6,0}}
Adder graph: {{'A',[0,0,0,0,0,0,1,1,0],1,0,[0,0,0,0,0,0,1,0,0],0,0,[0,0,0,0,0,0,0,1,0],0,0},{'A',[0,0,0,1,0,0,0,0,-1],1,0,[0,0,0,1,0,0,0,0,0],0,0,[0,0,0,0,0,0,0,0,-1],0,0},{'A',[0,0,0,0,0,-4,1,1,0],2,0,[0,0,0,0,0,0,1,1,0],1,0,[0,0,0,0,0,-1,0,0,0],0,2},{'A',[1,0,1,0,0,0,0,0,0],1,0,[0,0,1,0,0,0,0,0,0],0,0,[1,0,0,0,0,0,0,0,0],0,0},{'A',[0,0,0,1,-4,0,0,0,-1],2,0,[0,0,0,1,0,0,0,0,-1],1,0,[0,0,0,0,-1,0,0,0,0],0,2},{'A',[-2,0,-2,0,0,-4,1,1,0],3,0,[0,0,0,0,0,-4,1,1,0],2,0,[-1,0,-1,0,0,0,0,0,0],1,1},{'A',[0,1,0,2,0,0,0,0,-2],2,0,[0,1,0,0,0,0,0,0,0],0,0,[0,0,0,1,0,0,0,0,-1],1,1},{'A',[0,2,0,5,-4,0,0,0,-5],3,0,[0,1,0,2,0,0,0,0,-2],2,1,[0,0,0,1,-4,0,0,0,-1],2,0},{'A',[-2,0,-2,0,0,-4,1,-7,0],4,0,[-2,0,-2,0,0,-4,1,1,0],3,0,[0,0,0,0,0,0,0,-1,0],0,3},{'A',[-2,-2,-2,-5,4,-4,1,-7,5],5,0,[-2,0,-2,0,0,-4,1,-7,0],4,0,[0,-2,0,-5,4,0,0,0,5],3,0},{'O',[-2,-2,-2,-5,4,-4,1,-7,5],5,[-2,-2,-2,-5,4,-4,1,-7,5],5,0}}
Adder graph: {{'A',[0,0,0,1,0,0,0,0,-1],1,0,[0,0,0,1,0,0,0,0,0],0,0,[0,0,0,0,0,0,0,0,-1],0,0},{'A',[0,0,0,0,0,0,1,1,0],1,0,[0,0,0,0,0,0,1,0,0],0,0,[0,0,0,0,0,0,0,1,0],0,0},{'A',[0,0,0,1,0,0,-1,-1,-1],2,0,[0,0,0,1,0,0,0,0,-1],1,0,[0,0,0,0,0,0,-1,-1,0],1,0},{'A',[0,2,0,1,0,0,-1,-1,-1],3,0,[0,1,0,0,0,0,0,0,0],0,1,[0,0,0,1,0,0,-1,-1,-1],2,0},{'A',[0,0,0,0,-1,1,0,0,0],1,0,[0,0,0,0,0,1,0,0,0],0,0,[0,0,0,0,-1,0,0,0,0],0,0},{'A',[0,0,0,0,-1,1,0,2,0],2,0,[0,0,0,0,-1,1,0,0,0],1,0,[0,0,0,0,0,0,0,1,0],0,1},{'A',[0,2,0,1,-4,4,-1,7,-1],4,0,[0,2,0,1,0,0,-1,-1,-1],3,0,[0,0,0,0,-1,1,0,2,0],2,2},{'A',[1,0,1,0,0,0,0,0,0],1,0,[0,0,1,0,0,0,0,0,0],0,0,[1,0,0,0,0,0,0,0,0],0,0},{'A',[1,0,1,2,0,0,0,0,-2],2,0,[0,0,0,1,0,0,0,0,-1],1,1,[1,0,1,0,0,0,0,0,0],1,0},{'A',[2,2,2,5,-4,4,-1,7,-5],5,0,[0,2,0,1,-4,4,-1,7,-1],4,0,[1,0,1,2,0,0,0,0,-2],2,1},{'O',[-2,-2,-2,-5,4,-4,1,-7,5],5,[-2,-2,-2,-5,4,-4,1,-7,5],5,0}}
Adder graph: {{'A',[1,0,1,0,0,0,0,0,0],1,0,[1,0,0,0,0,0,0,0,0],0,0,[0,0,1,0,0,0,0,0,0],0,0},{'A',[0,0,0,1,0,0,0,0,-1],1,0,[0,0,0,1,0,0,0,0,0],0,0,[0,0,0,0,0,0,0,0,-1],0,0},{'A',[1,0,1,0,0,2,0,0,0],2,0,[0,0,0,0,0,1,0,0,0],0,1,[1,0,1,0,0,0,0,0,0],1,0},{'A',[0,2,0,1,0,0,0,0,-1],2,0,[0,0,0,1,0,0,0,0,-1],1,0,[0,1,0,0,0,0,0,0,0],0,1},{'A',[0,0,0,0,0,0,1,1,0],1,0,[0,0,0,0,0,0,0,1,0],0,0,[0,0,0,0,0,0,1,0,0],0,0},{'A',[0,2,0,1,-4,0,0,0,-1],3,0,[0,2,0,1,0,0,0,0,-1],2,0,[0,0,0,0,-1,0,0,0,0],0,2},{'A',[0,2,0,5,-4,0,0,0,-5],4,0,[0,2,0,1,-4,0,0,0,-1],3,0,[0,0,0,1,0,0,0,0,-1],1,2},{'A',[1,0,1,0,0,2,0,4,0],3,0,[1,0,1,0,0,2,0,0,0],2,0,[0,0,0,0,0,0,0,1,0],0,2},{'A',[-2,0,-2,0,0,-4,1,-7,0],4,0,[0,0,0,0,0,0,1,1,0],1,0,[-1,0,-1,0,0,-2,0,-4,0],3,1},{'A',[2,2,2,5,-4,4,-1,7,-5],5,0,[0,2,0,5,-4,0,0,0,-5],4,0,[2,0,2,0,0,4,-1,7,0],4,0},{'O',[-2,-2,-2,-5,4,-4,1,-7,5],5,[-2,-2,-2,-5,4,-4,1,-7,5],5,0}}
Finished solving after 130111 seconds
Adder graph: {{'A',[1,0,1,0,0,0,0,0,0],1,0,[1,0,0,0,0,0,0,0,0],0,0,[0,0,1,0,0,0,0,0,0],0,0},{'A',[0,0,0,1,0,0,0,0,-1],1,0,[0,0,0,1,0,0,0,0,0],0,0,[0,0,0,0,0,0,0,0,-1],0,0},{'A',[1,0,1,0,0,2,0,0,0],2,0,[0,0,0,0,0,1,0,0,0],0,1,[1,0,1,0,0,0,0,0,0],1,0},{'A',[0,2,0,1,0,0,0,0,-1],2,0,[0,0,0,1,0,0,0,0,-1],1,0,[0,1,0,0,0,0,0,0,0],0,1},{'A',[0,0,0,0,0,0,1,1,0],1,0,[0,0,0,0,0,0,0,1,0],0,0,[0,0,0,0,0,0,1,0,0],0,0},{'A',[0,2,0,1,-4,0,0,0,-1],3,0,[0,2,0,1,0,0,0,0,-1],2,0,[0,0,0,0,-1,0,0,0,0],0,2},{'A',[0,2,0,5,-4,0,0,0,-5],4,0,[0,2,0,1,-4,0,0,0,-1],3,0,[0,0,0,1,0,0,0,0,-1],1,2},{'A',[1,0,1,0,0,2,0,4,0],3,0,[1,0,1,0,0,2,0,0,0],2,0,[0,0,0,0,0,0,0,1,0],0,2},{'A',[-2,0,-2,0,0,-4,1,-7,0],4,0,[0,0,0,0,0,0,1,1,0],1,0,[-1,0,-1,0,0,-2,0,-4,0],3,1},{'A',[2,2,2,5,-4,4,-1,7,-5],5,0,[0,2,0,5,-4,0,0,0,-5],4,0,[2,0,2,0,0,4,-1,7,0],4,0},{'O',[-2,-2,-2,-5,4,-4,1,-7,5],5,[-2,-2,-2,-5,4,-4,1,-7,5],5,0}}
#Add optimal = 0
#FAs optimal = 0
