Adder graph: {{'A',[0,0,1,0,0,1,0,0,0],1,0,[0,0,1,0,0,0,0,0,0],0,0,[0,0,0,0,0,1,0,0,0],0,0},{'A',[0,0,0,0,0,0,1,0,1],1,0,[0,0,0,0,0,0,1,0,0],0,0,[0,0,0,0,0,0,0,0,1],0,0},{'A',[0,0,0,0,1,0,1,0,1],2,0,[0,0,0,0,0,0,1,0,1],1,0,[0,0,0,0,1,0,0,0,0],0,0},{'A',[0,0,1,0,-8,1,-8,0,-8],3,0,[0,0,1,0,0,1,0,0,0],1,0,[0,0,0,0,-1,0,-1,0,-1],2,3},{'A',[1,0,-1,0,0,-1,0,0,0],2,0,[1,0,0,0,0,0,0,0,0],0,0,[0,0,-1,0,0,-1,0,0,0],1,0},{'A',[4,0,-5,0,8,-5,8,0,8],4,0,[1,0,-1,0,0,-1,0,0,0],2,2,[0,0,-1,0,8,-1,8,0,8],3,0},{'A',[-4,0,5,0,-7,5,-7,0,-7],5,0,[0,0,0,0,1,0,1,0,1],2,0,[-4,0,5,0,-8,5,-8,0,-8],4,0},{'A',[0,1,0,2,0,0,0,0,0],1,0,[0,0,0,1,0,0,0,0,0],0,1,[0,1,0,0,0,0,0,0,0],0,0},{'A',[0,1,0,2,0,0,0,1,0],2,0,[0,1,0,2,0,0,0,0,0],1,0,[0,0,0,0,0,0,0,1,0],0,0},{'A',[-4,-4,5,-8,-7,5,-7,-4,-7],6,0,[-4,0,5,0,-7,5,-7,0,-7],5,0,[0,-1,0,-2,0,0,0,-1,0],2,2},{'O',[-4,-4,5,-8,-7,5,-7,-4,-7],6,[-4,-4,5,-8,-7,5,-7,-4,-7],6,0}}
Adder graph: {{'A',[0,0,0,0,1,0,0,0,1],1,0,[0,0,0,0,1,0,0,0,0],0,0,[0,0,0,0,0,0,0,0,1],0,0},{'A',[0,0,0,0,1,0,1,0,1],2,0,[0,0,0,0,0,0,1,0,0],0,0,[0,0,0,0,1,0,0,0,1],1,0},{'A',[1,0,0,0,2,0,2,0,2],3,0,[0,0,0,0,1,0,1,0,1],2,1,[1,0,0,0,0,0,0,0,0],0,0},{'A',[0,-4,0,0,1,0,1,0,1],3,0,[0,0,0,0,1,0,1,0,1],2,0,[0,-1,0,0,0,0,0,0,0],0,2},{'A',[0,0,1,0,0,1,0,0,0],1,0,[0,0,0,0,0,1,0,0,0],0,0,[0,0,1,0,0,0,0,0,0],0,0},{'A',[0,-4,0,-8,1,0,1,0,1],4,0,[0,-4,0,0,1,0,1,0,1],3,0,[0,0,0,-1,0,0,0,0,0],0,3},{'A',[0,-4,0,-8,1,0,1,-4,1],5,0,[0,-4,0,-8,1,0,1,0,1],4,0,[0,0,0,0,0,0,0,-1,0],0,2},{'A',[4,0,-1,0,8,-1,8,0,8],4,0,[1,0,0,0,2,0,2,0,2],3,2,[0,0,-1,0,0,-1,0,0,0],1,0},{'A',[4,4,-1,8,7,-1,7,4,7],6,0,[4,0,-1,0,8,-1,8,0,8],4,0,[0,4,0,8,-1,0,-1,4,-1],5,0},{'A',[4,4,-5,8,7,-5,7,4,7],7,0,[4,4,-1,8,7,-1,7,4,7],6,0,[0,0,-1,0,0,-1,0,0,0],1,2},{'O',[-4,-4,5,-8,-7,5,-7,-4,-7],7,[-4,-4,5,-8,-7,5,-7,-4,-7],7,0}}
Adder graph: {{'A',[0,0,0,0,1,0,0,0,1],1,0,[0,0,0,0,0,0,0,0,1],0,0,[0,0,0,0,1,0,0,0,0],0,0},{'A',[0,0,0,0,1,0,1,0,1],2,0,[0,0,0,0,1,0,0,0,1],1,0,[0,0,0,0,0,0,1,0,0],0,0},{'A',[0,0,1,0,0,1,0,0,0],1,0,[0,0,0,0,0,1,0,0,0],0,0,[0,0,1,0,0,0,0,0,0],0,0},{'A',[0,0,1,0,1,1,1,0,1],3,0,[0,0,1,0,0,1,0,0,0],1,0,[0,0,0,0,1,0,1,0,1],2,0},{'A',[0,0,1,0,1,1,1,-4,1],4,0,[0,0,1,0,1,1,1,0,1],3,0,[0,0,0,0,0,0,0,-1,0],0,2},{'A',[1,0,0,2,0,0,0,0,0],1,0,[0,0,0,1,0,0,0,0,0],0,1,[1,0,0,0,0,0,0,0,0],0,0},{'A',[0,0,1,0,-2,1,-2,0,-2],3,0,[0,0,1,0,0,1,0,0,0],1,0,[0,0,0,0,-1,0,-1,0,-1],2,1},{'A',[1,1,0,2,0,0,0,0,0],2,0,[1,0,0,2,0,0,0,0,0],1,0,[0,1,0,0,0,0,0,0,0],0,0},{'A',[1,1,-1,2,2,-1,2,0,2],4,0,[1,1,0,2,0,0,0,0,0],2,0,[0,0,-1,0,2,-1,2,0,2],3,0},{'A',[4,4,-5,8,7,-5,7,4,7],5,0,[1,1,-1,2,2,-1,2,0,2],4,2,[0,0,-1,0,-1,-1,-1,4,-1],4,0},{'O',[-4,-4,5,-8,-7,5,-7,-4,-7],5,[-4,-4,5,-8,-7,5,-7,-4,-7],5,0}}
Adder graph: {{'A',[0,0,0,0,1,0,0,0,1],1,0,[0,0,0,0,1,0,0,0,0],0,0,[0,0,0,0,0,0,0,0,1],0,0},{'A',[0,0,0,0,1,0,1,0,1],2,0,[0,0,0,0,0,0,1,0,0],0,0,[0,0,0,0,1,0,0,0,1],1,0},{'A',[0,0,1,0,0,1,0,0,0],1,0,[0,0,1,0,0,0,0,0,0],0,0,[0,0,0,0,0,1,0,0,0],0,0},{'A',[0,0,4,0,1,4,1,0,1],3,0,[0,0,0,0,1,0,1,0,1],2,0,[0,0,1,0,0,1,0,0,0],1,2},{'A',[0,1,0,0,0,0,0,1,0],1,0,[0,1,0,0,0,0,0,0,0],0,0,[0,0,0,0,0,0,0,1,0],0,0},{'A',[0,0,4,0,-7,4,-7,0,-7],4,0,[0,0,4,0,1,4,1,0,1],3,0,[0,0,0,0,-1,0,-1,0,-1],2,3},{'A',[0,0,4,-8,-7,4,-7,0,-7],5,0,[0,0,4,0,-7,4,-7,0,-7],4,0,[0,0,0,-1,0,0,0,0,0],0,3},{'A',[-4,0,1,0,0,1,0,0,0],2,0,[0,0,1,0,0,1,0,0,0],1,0,[-1,0,0,0,0,0,0,0,0],0,2},{'A',[4,4,-1,0,0,-1,0,4,0],3,0,[0,1,0,0,0,0,0,1,0],1,2,[4,0,-1,0,0,-1,0,0,0],2,0},{'A',[4,4,-5,8,7,-5,7,4,7],6,0,[4,4,-1,0,0,-1,0,4,0],3,0,[0,0,-4,8,7,-4,7,0,7],5,0},{'O',[-4,-4,5,-8,-7,5,-7,-4,-7],6,[-4,-4,5,-8,-7,5,-7,-4,-7],6,0}}
Adder graph: {{'A',[0,0,0,0,1,0,1,0,0],1,0,[0,0,0,0,0,0,1,0,0],0,0,[0,0,0,0,1,0,0,0,0],0,0},{'A',[0,0,0,0,1,0,1,0,1],2,0,[0,0,0,0,1,0,1,0,0],1,0,[0,0,0,0,0,0,0,0,1],0,0},{'A',[0,0,1,0,0,1,0,0,0],1,0,[0,0,0,0,0,1,0,0,0],0,0,[0,0,1,0,0,0,0,0,0],0,0},{'A',[0,0,1,0,1,1,1,0,1],3,0,[0,0,1,0,0,1,0,0,0],1,0,[0,0,0,0,1,0,1,0,1],2,0},{'A',[1,0,0,0,0,0,0,1,0],1,0,[0,0,0,0,0,0,0,1,0],0,0,[1,0,0,0,0,0,0,0,0],0,0},{'A',[0,0,5,0,1,5,1,0,1],4,0,[0,0,1,0,1,1,1,0,1],3,0,[0,0,1,0,0,1,0,0,0],1,2},{'A',[0,0,5,0,-7,5,-7,0,-7],5,0,[0,0,5,0,1,5,1,0,1],4,0,[0,0,0,0,-1,0,-1,0,-1],2,3},{'A',[1,1,0,0,0,0,0,1,0],2,0,[1,0,0,0,0,0,0,1,0],1,0,[0,1,0,0,0,0,0,0,0],0,0},{'A',[1,1,0,2,0,0,0,1,0],3,0,[0,0,0,1,0,0,0,0,0],0,1,[1,1,0,0,0,0,0,1,0],2,0},{'A',[4,4,-5,8,7,-5,7,4,7],6,0,[1,1,0,2,0,0,0,1,0],3,2,[0,0,-5,0,7,-5,7,0,7],5,0},{'O',[-4,-4,5,-8,-7,5,-7,-4,-7],6,[-4,-4,5,-8,-7,5,-7,-4,-7],6,0}}
Adder graph: {{'A',[0,0,0,0,1,0,1,0,0],1,0,[0,0,0,0,1,0,0,0,0],0,0,[0,0,0,0,0,0,1,0,0],0,0},{'A',[0,0,0,0,1,0,1,0,1],2,0,[0,0,0,0,0,0,0,0,1],0,0,[0,0,0,0,1,0,1,0,0],1,0},{'A',[0,0,1,0,0,1,0,0,0],1,0,[0,0,0,0,0,1,0,0,0],0,0,[0,0,1,0,0,0,0,0,0],0,0},{'A',[1,0,0,0,0,0,0,1,0],1,0,[0,0,0,0,0,0,0,1,0],0,0,[1,0,0,0,0,0,0,0,0],0,0},{'A',[-4,0,0,0,1,0,1,-4,1],3,0,[0,0,0,0,1,0,1,0,1],2,0,[-1,0,0,0,0,0,0,-1,0],1,2},{'A',[0,-4,1,0,0,1,0,0,0],2,0,[0,0,1,0,0,1,0,0,0],1,0,[0,-1,0,0,0,0,0,0,0],0,2},{'A',[0,-4,1,-8,0,1,0,0,0],3,0,[0,-4,1,0,0,1,0,0,0],2,0,[0,0,0,-1,0,0,0,0,0],0,3},{'A',[0,0,1,0,-2,1,-2,0,-2],3,0,[0,0,1,0,0,1,0,0,0],1,0,[0,0,0,0,-1,0,-1,0,-1],2,1},{'A',[-4,0,4,0,-7,4,-7,-4,-7],4,0,[-4,0,0,0,1,0,1,-4,1],3,0,[0,0,1,0,-2,1,-2,0,-2],3,2},{'A',[-4,-4,5,-8,-7,5,-7,-4,-7],5,0,[0,-4,1,-8,0,1,0,0,0],3,0,[-4,0,4,0,-7,4,-7,-4,-7],4,0},{'O',[-4,-4,5,-8,-7,5,-7,-4,-7],5,[-4,-4,5,-8,-7,5,-7,-4,-7],5,0}}
Adder graph: {{'A',[0,0,1,0,0,1,0,0,0],1,0,[0,0,0,0,0,1,0,0,0],0,0,[0,0,1,0,0,0,0,0,0],0,0},{'A',[0,0,0,0,1,0,1,0,0],1,0,[0,0,0,0,1,0,0,0,0],0,0,[0,0,0,0,0,0,1,0,0],0,0},{'A',[0,0,0,0,1,0,1,0,1],2,0,[0,0,0,0,1,0,1,0,0],1,0,[0,0,0,0,0,0,0,0,1],0,0},{'A',[0,0,1,0,0,1,0,-4,0],2,0,[0,0,1,0,0,1,0,0,0],1,0,[0,0,0,0,0,0,0,-1,0],0,2},{'A',[-4,0,0,0,1,0,1,0,1],3,0,[0,0,0,0,1,0,1,0,1],2,0,[-1,0,0,0,0,0,0,0,0],0,2},{'A',[0,0,1,-8,0,1,0,-4,0],3,0,[0,0,1,0,0,1,0,-4,0],2,0,[0,0,0,-1,0,0,0,0,0],0,3},{'A',[0,-1,1,0,0,1,0,0,0],2,0,[0,0,1,0,0,1,0,0,0],1,0,[0,-1,0,0,0,0,0,0,0],0,0},{'A',[0,-4,5,-8,0,5,0,-4,0],4,0,[0,0,1,-8,0,1,0,-4,0],3,0,[0,-1,1,0,0,1,0,0,0],2,2},{'A',[-4,0,0,0,-7,0,-7,0,-7],4,0,[-4,0,0,0,1,0,1,0,1],3,0,[0,0,0,0,-1,0,-1,0,-1],2,3},{'A',[-4,-4,5,-8,-7,5,-7,-4,-7],5,0,[-4,0,0,0,-7,0,-7,0,-7],4,0,[0,-4,5,-8,0,5,0,-4,0],4,0},{'O',[-4,-4,5,-8,-7,5,-7,-4,-7],5,[-4,-4,5,-8,-7,5,-7,-4,-7],5,0}}
Finished solving after 127203 seconds
Adder graph: {{'A',[0,0,1,0,0,1,0,0,0],1,0,[0,0,0,0,0,1,0,0,0],0,0,[0,0,1,0,0,0,0,0,0],0,0},{'A',[0,0,0,0,1,0,1,0,0],1,0,[0,0,0,0,1,0,0,0,0],0,0,[0,0,0,0,0,0,1,0,0],0,0},{'A',[0,0,0,0,1,0,1,0,1],2,0,[0,0,0,0,1,0,1,0,0],1,0,[0,0,0,0,0,0,0,0,1],0,0},{'A',[0,0,1,0,0,1,0,-4,0],2,0,[0,0,1,0,0,1,0,0,0],1,0,[0,0,0,0,0,0,0,-1,0],0,2},{'A',[-4,0,0,0,1,0,1,0,1],3,0,[0,0,0,0,1,0,1,0,1],2,0,[-1,0,0,0,0,0,0,0,0],0,2},{'A',[0,0,1,-8,0,1,0,-4,0],3,0,[0,0,1,0,0,1,0,-4,0],2,0,[0,0,0,-1,0,0,0,0,0],0,3},{'A',[0,-1,1,0,0,1,0,0,0],2,0,[0,0,1,0,0,1,0,0,0],1,0,[0,-1,0,0,0,0,0,0,0],0,0},{'A',[0,-4,5,-8,0,5,0,-4,0],4,0,[0,0,1,-8,0,1,0,-4,0],3,0,[0,-1,1,0,0,1,0,0,0],2,2},{'A',[-4,0,0,0,-7,0,-7,0,-7],4,0,[-4,0,0,0,1,0,1,0,1],3,0,[0,0,0,0,-1,0,-1,0,-1],2,3},{'A',[-4,-4,5,-8,-7,5,-7,-4,-7],5,0,[-4,0,0,0,-7,0,-7,0,-7],4,0,[0,-4,5,-8,0,5,0,-4,0],4,0},{'O',[-4,-4,5,-8,-7,5,-7,-4,-7],5,[-4,-4,5,-8,-7,5,-7,-4,-7],5,0}}
#Add optimal = 0
#FAs optimal = 0
