Adder graph: {{'A',[0,0,0,0,0,0,0,-1,1],1,0,[0,0,0,0,0,0,0,0,1],0,0,[0,0,0,0,0,0,0,-1,0],0,0},{'A',[-4,0,0,1,0,0,0,0,0],1,0,[0,0,0,1,0,0,0,0,0],0,0,[-1,0,0,0,0,0,0,0,0],0,2},{'A',[0,0,0,1,0,0,0,1,-1],2,0,[0,0,0,1,0,0,0,0,0],0,0,[0,0,0,0,0,0,0,1,-1],1,0},{'A',[0,0,0,-1,0,0,1,-1,1],3,0,[0,0,0,0,0,0,1,0,0],0,0,[0,0,0,-1,0,0,0,-1,1],2,0},{'A',[4,0,2,-1,0,0,0,0,0],2,0,[0,0,1,0,0,0,0,0,0],0,1,[4,0,0,-1,0,0,0,0,0],1,0},{'A',[0,0,0,-1,4,0,1,-1,1],4,0,[0,0,0,0,1,0,0,0,0],0,2,[0,0,0,-1,0,0,1,-1,1],3,0},{'A',[4,-4,2,-1,0,0,0,0,0],3,0,[4,0,2,-1,0,0,0,0,0],2,0,[0,-1,0,0,0,0,0,0,0],0,2},{'A',[-1,0,0,0,0,4,0,0,0],1,0,[0,0,0,0,0,1,0,0,0],0,2,[-1,0,0,0,0,0,0,0,0],0,0},{'A',[-1,0,0,1,-4,4,-1,1,-1],5,0,[-1,0,0,0,0,4,0,0,0],1,0,[0,0,0,1,-4,0,-1,1,-1],4,0},{'A',[4,-4,2,7,0,0,-8,8,-8],4,0,[4,-4,2,-1,0,0,0,0,0],3,0,[0,0,0,1,0,0,-1,1,-1],3,3},{'A',[-5,4,-2,-6,-4,4,7,-7,7],6,0,[-1,0,0,1,-4,4,-1,1,-1],5,0,[-4,4,-2,-7,0,0,8,-8,8],4,0},{'O',[-5,4,-2,-6,-4,4,7,-7,7],6,[-5,4,-2,-6,-4,4,7,-7,7],6,0}}
Adder graph: {{'A',[1,0,0,0,1,0,0,0,0],1,0,[0,0,0,0,1,0,0,0,0],0,0,[1,0,0,0,0,0,0,0,0],0,0},{'A',[0,0,0,0,0,0,1,-1,0],1,0,[0,0,0,0,0,0,1,0,0],0,0,[0,0,0,0,0,0,0,-1,0],0,0},{'A',[0,0,0,0,0,0,1,-1,1],2,0,[0,0,0,0,0,0,1,-1,0],1,0,[0,0,0,0,0,0,0,0,1],0,0},{'A',[0,0,0,-1,0,0,1,-1,1],3,0,[0,0,0,0,0,0,1,-1,1],2,0,[0,0,0,-1,0,0,0,0,0],0,0},{'A',[0,0,0,-2,0,0,1,-1,1],4,0,[0,0,0,-1,0,0,1,-1,1],3,0,[0,0,0,-1,0,0,0,0,0],0,0},{'A',[1,0,2,0,0,0,0,0,0],1,0,[1,0,0,0,0,0,0,0,0],0,0,[0,0,1,0,0,0,0,0,0],0,1},{'A',[0,-4,0,-2,0,0,1,-1,1],5,0,[0,0,0,-2,0,0,1,-1,1],4,0,[0,-1,0,0,0,0,0,0,0],0,2},{'A',[0,4,0,2,0,4,-1,1,-1],6,0,[0,0,0,0,0,1,0,0,0],0,2,[0,4,0,2,0,0,-1,1,-1],5,0},{'A',[1,0,0,2,1,0,-2,2,-2],4,0,[1,0,0,0,1,0,0,0,0],1,0,[0,0,0,1,0,0,-1,1,-1],3,1},{'A',[1,-4,2,-2,0,-4,1,-1,1],7,0,[1,0,2,0,0,0,0,0,0],1,0,[0,-4,0,-2,0,-4,1,-1,1],6,0},{'A',[5,-4,2,6,4,-4,-7,7,-7],8,0,[1,-4,2,-2,0,-4,1,-1,1],7,0,[1,0,0,2,1,0,-2,2,-2],4,2},{'O',[-5,4,-2,-6,-4,4,7,-7,7],8,[-5,4,-2,-6,-4,4,7,-7,7],8,0}}
Adder graph: {{'A',[0,0,0,0,0,0,0,1,-1],1,0,[0,0,0,0,0,0,0,1,0],0,0,[0,0,0,0,0,0,0,0,-1],0,0},{'A',[0,0,0,1,4,0,0,0,0],1,0,[0,0,0,0,1,0,0,0,0],0,2,[0,0,0,1,0,0,0,0,0],0,0},{'A',[0,0,0,1,4,-4,0,0,0],2,0,[0,0,0,1,4,0,0,0,0],1,0,[0,0,0,0,0,-1,0,0,0],0,2},{'A',[0,0,0,0,0,0,-1,1,-1],2,0,[0,0,0,0,0,0,0,1,-1],1,0,[0,0,0,0,0,0,-1,0,0],0,0},{'A',[0,0,0,1,4,-4,-8,8,-8],3,0,[0,0,0,0,0,0,-1,1,-1],2,3,[0,0,0,1,4,-4,0,0,0],2,0},{'A',[0,0,-2,0,0,0,-1,1,-1],3,0,[0,0,0,0,0,0,-1,1,-1],2,0,[0,0,-1,0,0,0,0,0,0],0,1},{'A',[1,0,0,1,0,0,0,0,0],1,0,[1,0,0,0,0,0,0,0,0],0,0,[0,0,0,1,0,0,0,0,0],0,0},{'A',[-1,0,-2,-1,0,0,-1,1,-1],4,0,[0,0,-2,0,0,0,-1,1,-1],3,0,[-1,0,0,-1,0,0,0,0,0],1,0},{'A',[-1,1,0,-1,0,0,0,0,0],2,0,[0,1,0,0,0,0,0,0,0],0,0,[-1,0,0,-1,0,0,0,0,0],1,0},{'A',[-5,4,-2,-5,0,0,-1,1,-1],5,0,[-1,0,-2,-1,0,0,-1,1,-1],4,0,[-1,1,0,-1,0,0,0,0,0],2,2},{'A',[5,-4,2,6,4,-4,-7,7,-7],6,0,[0,0,0,1,4,-4,-8,8,-8],3,0,[5,-4,2,5,0,0,1,-1,1],5,0},{'O',[-5,4,-2,-6,-4,4,7,-7,7],6,[-5,4,-2,-6,-4,4,7,-7,7],6,0}}
Adder graph: {{'A',[0,0,0,0,0,0,0,1,-1],1,0,[0,0,0,0,0,0,0,1,0],0,0,[0,0,0,0,0,0,0,0,-1],0,0},{'A',[1,0,0,-2,0,0,0,0,0],1,0,[1,0,0,0,0,0,0,0,0],0,0,[0,0,0,-1,0,0,0,0,0],0,1},{'A',[-1,0,0,2,0,0,0,1,-1],2,0,[0,0,0,0,0,0,0,1,-1],1,0,[-1,0,0,2,0,0,0,0,0],1,0},{'A',[0,1,0,0,0,1,0,0,0],1,0,[0,0,0,0,0,1,0,0,0],0,0,[0,1,0,0,0,0,0,0,0],0,0},{'A',[1,0,0,-2,0,0,1,-1,1],3,0,[0,0,0,0,0,0,1,0,0],0,0,[1,0,0,-2,0,0,0,-1,1],2,0},{'A',[1,0,2,-2,0,0,1,-1,1],4,0,[0,0,1,0,0,0,0,0,0],0,1,[1,0,0,-2,0,0,1,-1,1],3,0},{'A',[-2,1,0,0,0,1,0,0,0],2,0,[0,1,0,0,0,1,0,0,0],1,0,[-1,0,0,0,0,0,0,0,0],0,1},{'A',[2,-1,0,0,1,-1,0,0,0],3,0,[0,0,0,0,1,0,0,0,0],0,0,[2,-1,0,0,0,-1,0,0,0],2,0},{'A',[3,-1,0,-2,1,-1,0,0,0],4,0,[1,0,0,-2,0,0,0,0,0],1,0,[2,-1,0,0,1,-1,0,0,0],3,0},{'A',[1,-1,0,2,1,-1,-2,2,-2],5,0,[3,-1,0,-2,1,-1,0,0,0],4,0,[-1,0,0,2,0,0,-1,1,-1],3,1},{'A',[5,-4,2,6,4,-4,-7,7,-7],6,0,[1,-1,0,2,1,-1,-2,2,-2],5,2,[1,0,2,-2,0,0,1,-1,1],4,0},{'O',[-5,4,-2,-6,-4,4,7,-7,7],6,[-5,4,-2,-6,-4,4,7,-7,7],6,0}}
Adder graph: {{'A',[0,0,0,-1,0,0,1,0,0],1,0,[0,0,0,0,0,0,1,0,0],0,0,[0,0,0,-1,0,0,0,0,0],0,0},{'A',[1,0,0,0,0,-1,0,0,0],1,0,[1,0,0,0,0,0,0,0,0],0,0,[0,0,0,0,0,-1,0,0,0],0,0},{'A',[0,0,0,0,0,0,0,1,-1],1,0,[0,0,0,0,0,0,0,1,0],0,0,[0,0,0,0,0,0,0,0,-1],0,0},{'A',[1,0,0,0,1,-1,0,0,0],2,0,[1,0,0,0,0,-1,0,0,0],1,0,[0,0,0,0,1,0,0,0,0],0,0},{'A',[0,0,0,-1,0,0,1,-1,1],2,0,[0,0,0,-1,0,0,1,0,0],1,0,[0,0,0,0,0,0,0,-1,1],1,0},{'A',[0,-4,0,-1,0,0,1,-1,1],3,0,[0,0,0,-1,0,0,1,-1,1],2,0,[0,-1,0,0,0,0,0,0,0],0,2},{'A',[-1,0,0,1,0,0,0,0,0],1,0,[0,0,0,1,0,0,0,0,0],0,0,[-1,0,0,0,0,0,0,0,0],0,0},{'A',[1,-4,0,-2,0,0,1,-1,1],4,0,[0,-4,0,-1,0,0,1,-1,1],3,0,[1,0,0,-1,0,0,0,0,0],1,0},{'A',[5,-4,0,-2,4,-4,1,-1,1],5,0,[1,0,0,0,1,-1,0,0,0],2,2,[1,-4,0,-2,0,0,1,-1,1],4,0},{'A',[0,0,1,4,0,0,-4,4,-4],3,0,[0,0,1,0,0,0,0,0,0],0,0,[0,0,0,1,0,0,-1,1,-1],2,2},{'A',[5,-4,2,6,4,-4,-7,7,-7],6,0,[5,-4,0,-2,4,-4,1,-1,1],5,0,[0,0,1,4,0,0,-4,4,-4],3,1},{'O',[-5,4,-2,-6,-4,4,7,-7,7],6,[-5,4,-2,-6,-4,4,7,-7,7],6,0}}
Adder graph: {{'A',[0,0,0,0,0,0,0,-1,1],1,0,[0,0,0,0,0,0,0,0,1],0,0,[0,0,0,0,0,0,0,-1,0],0,0},{'A',[0,0,0,1,0,0,-1,0,0],1,0,[0,0,0,1,0,0,0,0,0],0,0,[0,0,0,0,0,0,-1,0,0],0,0},{'A',[0,0,0,1,0,0,-1,1,-1],2,0,[0,0,0,1,0,0,-1,0,0],1,0,[0,0,0,0,0,0,0,1,-1],1,0},{'A',[5,0,0,0,0,0,0,0,0],1,0,[1,0,0,0,0,0,0,0,0],0,0,[1,0,0,0,0,0,0,0,0],0,2},{'A',[5,0,0,0,0,-4,0,0,0],2,0,[5,0,0,0,0,0,0,0,0],1,0,[0,0,0,0,0,-1,0,0,0],0,2},{'A',[0,4,0,1,0,0,-1,1,-1],3,0,[0,0,0,1,0,0,-1,1,-1],2,0,[0,1,0,0,0,0,0,0,0],0,2},{'A',[0,0,0,1,-4,0,0,0,0],1,0,[0,0,0,1,0,0,0,0,0],0,0,[0,0,0,0,-1,0,0,0,0],0,2},{'A',[0,4,0,-7,0,0,7,-7,7],4,0,[0,4,0,1,0,0,-1,1,-1],3,0,[0,0,0,-1,0,0,1,-1,1],2,3},{'A',[0,0,-2,1,-4,0,0,0,0],2,0,[0,0,0,1,-4,0,0,0,0],1,0,[0,0,-1,0,0,0,0,0,0],0,1},{'A',[5,0,2,-1,4,-4,0,0,0],3,0,[5,0,0,0,0,-4,0,0,0],2,0,[0,0,2,-1,4,0,0,0,0],2,0},{'A',[-5,4,-2,-6,-4,4,7,-7,7],5,0,[0,4,0,-7,0,0,7,-7,7],4,0,[-5,0,-2,1,-4,4,0,0,0],3,0},{'O',[-5,4,-2,-6,-4,4,7,-7,7],5,[-5,4,-2,-6,-4,4,7,-7,7],5,0}}
Adder graph: {{'A',[0,0,0,0,0,0,0,-1,1],1,0,[0,0,0,0,0,0,0,0,1],0,0,[0,0,0,0,0,0,0,-1,0],0,0},{'A',[0,0,0,1,0,0,0,1,-1],2,0,[0,0,0,1,0,0,0,0,0],0,0,[0,0,0,0,0,0,0,1,-1],1,0},{'A',[0,0,0,1,0,0,-1,1,-1],3,0,[0,0,0,1,0,0,0,1,-1],2,0,[0,0,0,0,0,0,-1,0,0],0,0},{'A',[0,0,0,0,1,-1,0,0,0],1,0,[0,0,0,0,1,0,0,0,0],0,0,[0,0,0,0,0,-1,0,0,0],0,0},{'A',[0,0,-2,1,0,0,0,0,0],1,0,[0,0,0,1,0,0,0,0,0],0,0,[0,0,-1,0,0,0,0,0,0],0,1},{'A',[1,0,2,-1,0,0,0,0,0],2,0,[1,0,0,0,0,0,0,0,0],0,0,[0,0,2,-1,0,0,0,0,0],1,0},{'A',[0,4,0,1,0,0,-1,1,-1],4,0,[0,1,0,0,0,0,0,0,0],0,2,[0,0,0,1,0,0,-1,1,-1],3,0},{'A',[5,0,2,-1,0,0,0,0,0],3,0,[1,0,2,-1,0,0,0,0,0],2,0,[1,0,0,0,0,0,0,0,0],0,2},{'A',[-5,4,-2,2,0,0,-1,1,-1],5,0,[0,4,0,1,0,0,-1,1,-1],4,0,[-5,0,-2,1,0,0,0,0,0],3,0},{'A',[0,0,0,2,1,-1,-2,2,-2],4,0,[0,0,0,1,0,0,-1,1,-1],3,1,[0,0,0,0,1,-1,0,0,0],1,0},{'A',[-5,4,-2,-6,-4,4,7,-7,7],6,0,[-5,4,-2,2,0,0,-1,1,-1],5,0,[0,0,0,-2,-1,1,2,-2,2],4,2},{'O',[-5,4,-2,-6,-4,4,7,-7,7],6,[-5,4,-2,-6,-4,4,7,-7,7],6,0}}
Adder graph: {{'A',[0,1,0,0,0,1,0,0,0],1,0,[0,1,0,0,0,0,0,0,0],0,0,[0,0,0,0,0,1,0,0,0],0,0},{'A',[0,0,0,0,0,0,1,-1,0],1,0,[0,0,0,0,0,0,1,0,0],0,0,[0,0,0,0,0,0,0,-1,0],0,0},{'A',[0,0,-1,1,0,0,0,0,0],1,0,[0,0,0,1,0,0,0,0,0],0,0,[0,0,-1,0,0,0,0,0,0],0,0},{'A',[0,1,0,0,-1,1,0,0,0],2,0,[0,1,0,0,0,1,0,0,0],1,0,[0,0,0,0,-1,0,0,0,0],0,0},{'A',[-1,0,0,0,0,0,1,-1,0],2,0,[0,0,0,0,0,0,1,-1,0],1,0,[-1,0,0,0,0,0,0,0,0],0,0},{'A',[-1,0,0,0,0,0,1,-1,1],3,0,[-1,0,0,0,0,0,1,-1,0],2,0,[0,0,0,0,0,0,0,0,1],0,0},{'A',[-1,0,2,-2,0,0,1,-1,1],4,0,[-1,0,0,0,0,0,1,-1,1],3,0,[0,0,1,-1,0,0,0,0,0],1,1},{'A',[1,0,0,-4,0,0,0,0,0],1,0,[1,0,0,0,0,0,0,0,0],0,0,[0,0,0,-1,0,0,0,0,0],0,2},{'A',[-3,0,2,6,0,0,1,-1,1],5,0,[-1,0,2,-2,0,0,1,-1,1],4,0,[-1,0,0,4,0,0,0,0,0],1,1},{'A',[-3,-4,2,6,4,-4,1,-1,1],6,0,[-3,0,2,6,0,0,1,-1,1],5,0,[0,-1,0,0,1,-1,0,0,0],2,2},{'A',[5,-4,2,6,4,-4,-7,7,-7],7,0,[-3,-4,2,6,4,-4,1,-1,1],6,0,[1,0,0,0,0,0,-1,1,-1],3,3},{'O',[-5,4,-2,-6,-4,4,7,-7,7],7,[-5,4,-2,-6,-4,4,7,-7,7],7,0}}
Adder graph: {{'A',[0,0,0,0,0,0,-1,1,0],1,0,[0,0,0,0,0,0,0,1,0],0,0,[0,0,0,0,0,0,-1,0,0],0,0},{'A',[0,1,0,0,-1,0,0,0,0],1,0,[0,1,0,0,0,0,0,0,0],0,0,[0,0,0,0,-1,0,0,0,0],0,0},{'A',[0,0,0,0,0,0,-1,1,-1],2,0,[0,0,0,0,0,0,-1,1,0],1,0,[0,0,0,0,0,0,0,0,-1],0,0},{'A',[0,0,1,-1,0,0,0,0,0],1,0,[0,0,1,0,0,0,0,0,0],0,0,[0,0,0,-1,0,0,0,0,0],0,0},{'A',[-1,0,0,0,0,0,-1,1,-1],3,0,[0,0,0,0,0,0,-1,1,-1],2,0,[-1,0,0,0,0,0,0,0,0],0,0},{'A',[0,0,1,3,0,0,0,0,0],2,0,[0,0,0,1,0,0,0,0,0],0,2,[0,0,1,-1,0,0,0,0,0],1,0},{'A',[0,0,1,3,0,0,-4,4,-4],3,0,[0,0,1,3,0,0,0,0,0],2,0,[0,0,0,0,0,0,-1,1,-1],2,2},{'A',[-1,0,0,0,0,4,-1,1,-1],4,0,[0,0,0,0,0,1,0,0,0],0,2,[-1,0,0,0,0,0,-1,1,-1],3,0},{'A',[-1,1,0,0,-1,0,0,0,0],2,0,[0,1,0,0,-1,0,0,0,0],1,0,[-1,0,0,0,0,0,0,0,0],0,0},{'A',[-5,4,0,0,-4,4,-1,1,-1],5,0,[-1,0,0,0,0,4,-1,1,-1],4,0,[-1,1,0,0,-1,0,0,0,0],2,2},{'A',[-5,4,-2,-6,-4,4,7,-7,7],6,0,[-5,4,0,0,-4,4,-1,1,-1],5,0,[0,0,-1,-3,0,0,4,-4,4],3,1},{'O',[-5,4,-2,-6,-4,4,7,-7,7],6,[-5,4,-2,-6,-4,4,7,-7,7],6,0}}
Finished solving after 169270 seconds
Adder graph: {{'A',[0,0,0,0,0,0,-1,1,0],1,0,[0,0,0,0,0,0,0,1,0],0,0,[0,0,0,0,0,0,-1,0,0],0,0},{'A',[0,1,0,0,-1,0,0,0,0],1,0,[0,1,0,0,0,0,0,0,0],0,0,[0,0,0,0,-1,0,0,0,0],0,0},{'A',[0,0,0,0,0,0,-1,1,-1],2,0,[0,0,0,0,0,0,-1,1,0],1,0,[0,0,0,0,0,0,0,0,-1],0,0},{'A',[0,0,1,-1,0,0,0,0,0],1,0,[0,0,1,0,0,0,0,0,0],0,0,[0,0,0,-1,0,0,0,0,0],0,0},{'A',[-1,0,0,0,0,0,-1,1,-1],3,0,[0,0,0,0,0,0,-1,1,-1],2,0,[-1,0,0,0,0,0,0,0,0],0,0},{'A',[0,0,1,3,0,0,0,0,0],2,0,[0,0,0,1,0,0,0,0,0],0,2,[0,0,1,-1,0,0,0,0,0],1,0},{'A',[0,0,1,3,0,0,-4,4,-4],3,0,[0,0,1,3,0,0,0,0,0],2,0,[0,0,0,0,0,0,-1,1,-1],2,2},{'A',[-1,0,0,0,0,4,-1,1,-1],4,0,[0,0,0,0,0,1,0,0,0],0,2,[-1,0,0,0,0,0,-1,1,-1],3,0},{'A',[-1,1,0,0,-1,0,0,0,0],2,0,[0,1,0,0,-1,0,0,0,0],1,0,[-1,0,0,0,0,0,0,0,0],0,0},{'A',[-5,4,0,0,-4,4,-1,1,-1],5,0,[-1,0,0,0,0,4,-1,1,-1],4,0,[-1,1,0,0,-1,0,0,0,0],2,2},{'A',[-5,4,-2,-6,-4,4,7,-7,7],6,0,[-5,4,0,0,-4,4,-1,1,-1],5,0,[0,0,-1,-3,0,0,4,-4,4],3,1},{'O',[-5,4,-2,-6,-4,4,7,-7,7],6,[-5,4,-2,-6,-4,4,7,-7,7],6,0}}
#Add optimal = 0
#FAs optimal = 0
