Adder graph: {{'A',[0,0,0,0,0,0,2,0,-1],1,0,[0,0,0,0,0,0,1,0,0],0,1,[0,0,0,0,0,0,0,0,-1],0,0},{'A',[0,2,1,0,0,0,0,0,0],1,0,[0,1,0,0,0,0,0,0,0],0,1,[0,0,1,0,0,0,0,0,0],0,0},{'A',[0,0,0,0,-1,0,0,1,0],1,0,[0,0,0,0,0,0,0,1,0],0,0,[0,0,0,0,-1,0,0,0,0],0,0},{'A',[0,1,0,0,-1,0,0,1,0],2,0,[0,1,0,0,0,0,0,0,0],0,0,[0,0,0,0,-1,0,0,1,0],1,0},{'A',[0,1,0,0,7,0,0,-7,0],3,0,[0,1,0,0,-1,0,0,1,0],2,0,[0,0,0,0,1,0,0,-1,0],1,3},{'A',[0,1,0,0,7,4,0,-7,0],4,0,[0,1,0,0,7,0,0,-7,0],3,0,[0,0,0,0,0,1,0,0,0],0,2},{'A',[-2,0,0,0,0,0,2,0,-1],2,0,[0,0,0,0,0,0,2,0,-1],1,0,[-1,0,0,0,0,0,0,0,0],0,1},{'A',[0,-1,0,8,-7,-4,0,7,0],5,0,[0,0,0,1,0,0,0,0,0],0,3,[0,-1,0,0,-7,-4,0,7,0],4,0},{'A',[-2,-2,-1,0,0,0,2,0,-1],3,0,[-2,0,0,0,0,0,2,0,-1],2,0,[0,-2,-1,0,0,0,0,0,0],1,0},{'A',[8,7,4,8,-7,-4,-8,7,4],6,0,[0,-1,0,8,-7,-4,0,7,0],5,0,[2,2,1,0,0,0,-2,0,1],3,2},{'A',[6,5,3,8,-7,-4,-6,7,3],7,0,[-2,-2,-1,0,0,0,2,0,-1],3,0,[8,7,4,8,-7,-4,-8,7,4],6,0},{'O',[-6,-5,-3,-8,7,4,6,-7,-3],7,[-6,-5,-3,-8,7,4,6,-7,-3],7,0}}
Adder graph: {{'A',[0,0,0,0,1,0,0,-1,0],1,0,[0,0,0,0,1,0,0,0,0],0,0,[0,0,0,0,0,0,0,-1,0],0,0},{'A',[-1,0,0,0,0,0,1,0,0],1,0,[0,0,0,0,0,0,1,0,0],0,0,[-1,0,0,0,0,0,0,0,0],0,0},{'A',[0,1,0,0,0,0,0,0,1],1,0,[0,1,0,0,0,0,0,0,0],0,0,[0,0,0,0,0,0,0,0,1],0,0},{'A',[-2,0,0,0,1,0,2,-1,0],2,0,[0,0,0,0,1,0,0,-1,0],1,0,[-1,0,0,0,0,0,1,0,0],1,1},{'A',[0,1,1,0,0,0,0,0,1],2,0,[0,1,0,0,0,0,0,0,1],1,0,[0,0,1,0,0,0,0,0,0],0,0},{'A',[0,-1,0,0,2,0,0,-2,0],2,0,[0,0,0,0,1,0,0,-1,0],1,1,[0,-1,0,0,0,0,0,0,0],0,0},{'A',[-2,-1,-1,0,1,0,2,-1,-1],3,0,[-2,0,0,0,1,0,2,-1,0],2,0,[0,-1,-1,0,0,0,0,0,-1],2,0},{'A',[-2,-1,-1,0,1,2,2,-1,-1],4,0,[0,0,0,0,0,1,0,0,0],0,1,[-2,-1,-1,0,1,0,2,-1,-1],3,0},{'A',[-2,-1,-1,-4,1,2,2,-1,-1],5,0,[-2,-1,-1,0,1,2,2,-1,-1],4,0,[0,0,0,-1,0,0,0,0,0],0,2},{'A',[-6,-3,-3,-8,3,4,6,-3,-3],6,0,[-2,-1,-1,-4,1,2,2,-1,-1],5,1,[-2,-1,-1,0,1,0,2,-1,-1],3,0},{'A',[-6,-5,-3,-8,7,4,6,-7,-3],7,0,[0,-1,0,0,2,0,0,-2,0],2,1,[-6,-3,-3,-8,3,4,6,-3,-3],6,0},{'O',[-6,-5,-3,-8,7,4,6,-7,-3],7,[-6,-5,-3,-8,7,4,6,-7,-3],7,0}}
Adder graph: {{'A',[2,1,0,0,0,0,0,0,0],1,0,[0,1,0,0,0,0,0,0,0],0,0,[1,0,0,0,0,0,0,0,0],0,1},{'A',[2,1,0,0,0,0,0,0,1],2,0,[0,0,0,0,0,0,0,0,1],0,0,[2,1,0,0,0,0,0,0,0],1,0},{'A',[2,1,0,0,0,0,-2,0,1],3,0,[2,1,0,0,0,0,0,0,1],2,0,[0,0,0,0,0,0,-1,0,0],0,1},{'A',[0,0,0,0,1,0,0,-1,0],1,0,[0,0,0,0,1,0,0,0,0],0,0,[0,0,0,0,0,0,0,-1,0],0,0},{'A',[2,1,1,0,0,0,-2,0,1],4,0,[2,1,0,0,0,0,-2,0,1],3,0,[0,0,1,0,0,0,0,0,0],0,0},{'A',[2,1,1,8,0,0,-2,0,1],5,0,[0,0,0,1,0,0,0,0,0],0,3,[2,1,1,0,0,0,-2,0,1],4,0},{'A',[4,2,2,0,1,0,-4,-1,2],5,0,[0,0,0,0,1,0,0,-1,0],1,0,[2,1,1,0,0,0,-2,0,1],4,1},{'A',[0,-1,0,0,0,2,0,0,0],1,0,[0,0,0,0,0,1,0,0,0],0,1,[0,-1,0,0,0,0,0,0,0],0,0},{'A',[2,1,1,8,-8,0,-2,8,1],6,0,[2,1,1,8,0,0,-2,0,1],5,0,[0,0,0,0,-1,0,0,1,0],1,3},{'A',[-4,-4,-2,0,-1,4,4,1,-2],6,0,[0,-1,0,0,0,2,0,0,0],1,1,[-4,-2,-2,0,-1,0,4,1,-2],5,0},{'A',[-6,-5,-3,-8,7,4,6,-7,-3],7,0,[-4,-4,-2,0,-1,4,4,1,-2],6,0,[-2,-1,-1,-8,8,0,2,-8,-1],6,0},{'O',[-6,-5,-3,-8,7,4,6,-7,-3],7,[-6,-5,-3,-8,7,4,6,-7,-3],7,0}}
Adder graph: {{'A',[0,0,1,0,0,0,0,0,1],1,0,[0,0,0,0,0,0,0,0,1],0,0,[0,0,1,0,0,0,0,0,0],0,0},{'A',[-1,0,0,0,0,0,1,0,0],1,0,[0,0,0,0,0,0,1,0,0],0,0,[-1,0,0,0,0,0,0,0,0],0,0},{'A',[0,0,0,0,1,0,0,-1,0],1,0,[0,0,0,0,1,0,0,0,0],0,0,[0,0,0,0,0,0,0,-1,0],0,0},{'A',[2,0,1,0,0,0,-2,0,1],2,0,[0,0,1,0,0,0,0,0,1],1,0,[1,0,0,0,0,0,-1,0,0],1,1},{'A',[0,1,0,0,0,-4,0,0,0],1,0,[0,1,0,0,0,0,0,0,0],0,0,[0,0,0,0,0,-1,0,0,0],0,2},{'A',[2,0,1,0,-2,0,-2,2,1],3,0,[2,0,1,0,0,0,-2,0,1],2,0,[0,0,0,0,-1,0,0,1,0],1,1},{'A',[2,0,1,2,-2,0,-2,2,1],4,0,[0,0,0,1,0,0,0,0,0],0,1,[2,0,1,0,-2,0,-2,2,1],3,0},{'A',[0,4,0,0,1,0,0,-1,0],2,0,[0,1,0,0,0,0,0,0,0],0,2,[0,0,0,0,1,0,0,-1,0],1,0},{'A',[-6,0,-3,-8,8,0,6,-8,-3],5,0,[2,0,1,0,0,0,-2,0,1],2,0,[-2,0,-1,-2,2,0,2,-2,-1],4,2},{'A',[0,5,0,0,1,-4,0,-1,0],3,0,[0,4,0,0,1,0,0,-1,0],2,0,[0,1,0,0,0,-4,0,0,0],1,0},{'A',[6,5,3,8,-7,-4,-6,7,3],6,0,[0,5,0,0,1,-4,0,-1,0],3,0,[6,0,3,8,-8,0,-6,8,3],5,0},{'O',[-6,-5,-3,-8,7,4,6,-7,-3],6,[-6,-5,-3,-8,7,4,6,-7,-3],6,0}}
Adder graph: {{'A',[0,1,0,0,0,0,0,1,0],1,0,[0,0,0,0,0,0,0,1,0],0,0,[0,1,0,0,0,0,0,0,0],0,0},{'A',[0,1,0,0,-1,0,0,1,0],2,0,[0,1,0,0,0,0,0,1,0],1,0,[0,0,0,0,-1,0,0,0,0],0,0},{'A',[0,0,1,0,0,0,0,0,1],1,0,[0,0,1,0,0,0,0,0,0],0,0,[0,0,0,0,0,0,0,0,1],0,0},{'A',[0,1,0,0,-1,4,0,1,0],3,0,[0,0,0,0,0,1,0,0,0],0,2,[0,1,0,0,-1,0,0,1,0],2,0},{'A',[1,0,0,0,0,0,-1,0,0],1,0,[1,0,0,0,0,0,0,0,0],0,0,[0,0,0,0,0,0,-1,0,0],0,0},{'A',[2,0,1,0,0,0,-2,0,1],2,0,[0,0,1,0,0,0,0,0,1],1,0,[1,0,0,0,0,0,-1,0,0],1,1},{'A',[0,1,0,-4,0,0,0,0,0],1,0,[0,1,0,0,0,0,0,0,0],0,0,[0,0,0,-1,0,0,0,0,0],0,2},{'A',[2,-1,1,4,0,0,-2,0,1],3,0,[2,0,1,0,0,0,-2,0,1],2,0,[0,-1,0,4,0,0,0,0,0],1,0},{'A',[0,-7,0,0,7,4,0,-7,0],4,0,[0,1,0,0,-1,4,0,1,0],3,0,[0,-1,0,0,1,0,0,-1,0],2,3},{'A',[-4,-5,-2,-8,7,4,4,-7,-2],5,0,[0,-7,0,0,7,4,0,-7,0],4,0,[-2,1,-1,-4,0,0,2,0,-1],3,1},{'A',[6,5,3,8,-7,-4,-6,7,3],6,0,[2,0,1,0,0,0,-2,0,1],2,0,[4,5,2,8,-7,-4,-4,7,2],5,0},{'O',[-6,-5,-3,-8,7,4,6,-7,-3],6,[-6,-5,-3,-8,7,4,6,-7,-3],6,0}}
Adder graph: {{'A',[0,0,0,0,0,0,-2,0,1],1,0,[0,0,0,0,0,0,0,0,1],0,0,[0,0,0,0,0,0,-1,0,0],0,1},{'A',[0,0,0,0,1,0,0,-1,0],1,0,[0,0,0,0,1,0,0,0,0],0,0,[0,0,0,0,0,0,0,-1,0],0,0},{'A',[2,0,0,0,0,0,-2,0,1],2,0,[0,0,0,0,0,0,-2,0,1],1,0,[1,0,0,0,0,0,0,0,0],0,1},{'A',[0,0,0,1,-1,0,0,1,0],2,0,[0,0,0,1,0,0,0,0,0],0,0,[0,0,0,0,-1,0,0,1,0],1,0},{'A',[0,1,-1,0,0,0,0,0,0],1,0,[0,1,0,0,0,0,0,0,0],0,0,[0,0,-1,0,0,0,0,0,0],0,0},{'A',[-2,1,-1,0,0,0,2,0,-1],3,0,[0,1,-1,0,0,0,0,0,0],1,0,[-2,0,0,0,0,0,2,0,-1],2,0},{'A',[-6,3,-3,0,0,0,6,0,-3],4,0,[-2,1,-1,0,0,0,2,0,-1],3,0,[-2,1,-1,0,0,0,2,0,-1],3,1},{'A',[0,1,0,1,-1,0,0,1,0],3,0,[0,1,0,0,0,0,0,0,0],0,0,[0,0,0,1,-1,0,0,1,0],2,0},{'A',[0,0,0,0,1,-4,0,-1,0],2,0,[0,0,0,0,1,0,0,-1,0],1,0,[0,0,0,0,0,-1,0,0,0],0,2},{'A',[6,-3,3,0,1,-4,-6,-1,3],5,0,[0,0,0,0,1,-4,0,-1,0],2,0,[6,-3,3,0,0,0,-6,0,3],4,0},{'A',[6,5,3,8,-7,-4,-6,7,3],6,0,[6,-3,3,0,1,-4,-6,-1,3],5,0,[0,1,0,1,-1,0,0,1,0],3,3},{'O',[-6,-5,-3,-8,7,4,6,-7,-3],6,[-6,-5,-3,-8,7,4,6,-7,-3],6,0}}
Adder graph: {{'A',[0,0,0,0,1,0,0,-1,0],1,0,[0,0,0,0,1,0,0,0,0],0,0,[0,0,0,0,0,0,0,-1,0],0,0},{'A',[1,1,0,0,0,0,0,0,0],1,0,[0,1,0,0,0,0,0,0,0],0,0,[1,0,0,0,0,0,0,0,0],0,0},{'A',[0,0,1,0,0,0,0,0,1],1,0,[0,0,0,0,0,0,0,0,1],0,0,[0,0,1,0,0,0,0,0,0],0,0},{'A',[2,2,1,0,0,0,0,0,1],2,0,[1,1,0,0,0,0,0,0,0],1,1,[0,0,1,0,0,0,0,0,1],1,0},{'A',[0,-1,0,0,1,0,0,-1,0],2,0,[0,0,0,0,1,0,0,-1,0],1,0,[0,-1,0,0,0,0,0,0,0],0,0},{'A',[2,2,1,0,0,0,-2,0,1],3,0,[2,2,1,0,0,0,0,0,1],2,0,[0,0,0,0,0,0,-1,0,0],0,1},{'A',[2,3,1,0,-1,0,-2,1,1],4,0,[2,2,1,0,0,0,-2,0,1],3,0,[0,1,0,0,-1,0,0,1,0],2,0},{'A',[2,3,1,0,-1,4,-2,1,1],5,0,[2,3,1,0,-1,0,-2,1,1],4,0,[0,0,0,0,0,1,0,0,0],0,2},{'A',[2,2,1,0,-2,0,-2,2,1],4,0,[2,2,1,0,0,0,-2,0,1],3,0,[0,0,0,0,-1,0,0,1,0],1,1},{'A',[2,3,1,-8,-1,4,-2,1,1],6,0,[2,3,1,0,-1,4,-2,1,1],5,0,[0,0,0,-1,0,0,0,0,0],0,3},{'A',[-6,-5,-3,-8,7,4,6,-7,-3],7,0,[2,3,1,-8,-1,4,-2,1,1],6,0,[-2,-2,-1,0,2,0,2,-2,-1],4,2},{'O',[-6,-5,-3,-8,7,4,6,-7,-3],7,[-6,-5,-3,-8,7,4,6,-7,-3],7,0}}
Finished solving after 143189 seconds
Adder graph: {{'A',[0,0,0,0,1,0,0,-1,0],1,0,[0,0,0,0,1,0,0,0,0],0,0,[0,0,0,0,0,0,0,-1,0],0,0},{'A',[1,1,0,0,0,0,0,0,0],1,0,[0,1,0,0,0,0,0,0,0],0,0,[1,0,0,0,0,0,0,0,0],0,0},{'A',[0,0,1,0,0,0,0,0,1],1,0,[0,0,0,0,0,0,0,0,1],0,0,[0,0,1,0,0,0,0,0,0],0,0},{'A',[2,2,1,0,0,0,0,0,1],2,0,[1,1,0,0,0,0,0,0,0],1,1,[0,0,1,0,0,0,0,0,1],1,0},{'A',[0,-1,0,0,1,0,0,-1,0],2,0,[0,0,0,0,1,0,0,-1,0],1,0,[0,-1,0,0,0,0,0,0,0],0,0},{'A',[2,2,1,0,0,0,-2,0,1],3,0,[2,2,1,0,0,0,0,0,1],2,0,[0,0,0,0,0,0,-1,0,0],0,1},{'A',[2,3,1,0,-1,0,-2,1,1],4,0,[2,2,1,0,0,0,-2,0,1],3,0,[0,1,0,0,-1,0,0,1,0],2,0},{'A',[2,3,1,0,-1,4,-2,1,1],5,0,[2,3,1,0,-1,0,-2,1,1],4,0,[0,0,0,0,0,1,0,0,0],0,2},{'A',[2,2,1,0,-2,0,-2,2,1],4,0,[2,2,1,0,0,0,-2,0,1],3,0,[0,0,0,0,-1,0,0,1,0],1,1},{'A',[2,3,1,-8,-1,4,-2,1,1],6,0,[2,3,1,0,-1,4,-2,1,1],5,0,[0,0,0,-1,0,0,0,0,0],0,3},{'A',[-6,-5,-3,-8,7,4,6,-7,-3],7,0,[2,3,1,-8,-1,4,-2,1,1],6,0,[-2,-2,-1,0,2,0,2,-2,-1],4,2},{'O',[-6,-5,-3,-8,7,4,6,-7,-3],7,[-6,-5,-3,-8,7,4,6,-7,-3],7,0}}
#Add optimal = 0
#FAs optimal = 0
