Adder graph: {{'A',[1,0,0,1,0,0,0,0,0],1,0,[0,0,0,1,0,0,0,0,0],0,0,[1,0,0,0,0,0,0,0,0],0,0},{'A',[0,0,0,0,1,-1,0,0,0],1,0,[0,0,0,0,1,0,0,0,0],0,0,[0,0,0,0,0,-1,0,0,0],0,0},{'A',[0,0,0,0,1,-1,0,-2,0],2,0,[0,0,0,0,1,-1,0,0,0],1,0,[0,0,0,0,0,0,0,-1,0],0,1},{'A',[0,-1,0,0,0,0,1,0,0],1,0,[0,0,0,0,0,0,1,0,0],0,0,[0,-1,0,0,0,0,0,0,0],0,0},{'A',[-2,0,0,-2,1,-1,0,0,0],2,0,[0,0,0,0,1,-1,0,0,0],1,0,[-1,0,0,-1,0,0,0,0,0],1,1},{'A',[8,-1,0,8,-4,4,1,0,0],3,0,[0,-1,0,0,0,0,1,0,0],1,0,[2,0,0,2,-1,1,0,0,0],2,2},{'A',[0,0,4,-1,0,0,0,0,0],1,0,[0,0,1,0,0,0,0,0,0],0,2,[0,0,0,-1,0,0,0,0,0],0,0},{'A',[0,1,0,0,0,0,-1,0,1],2,0,[0,0,0,0,0,0,0,0,1],0,0,[0,1,0,0,0,0,-1,0,0],1,0},{'A',[8,-1,4,7,-4,4,1,0,0],4,0,[0,0,4,-1,0,0,0,0,0],1,0,[8,-1,0,8,-4,4,1,0,0],3,0},{'A',[8,-5,4,7,-4,4,5,0,-4],5,0,[8,-1,4,7,-4,4,1,0,0],4,0,[0,-1,0,0,0,0,1,0,-1],2,2},{'A',[8,-5,4,7,-3,3,5,-2,-4],6,0,[8,-5,4,7,-4,4,5,0,-4],5,0,[0,0,0,0,1,-1,0,-2,0],2,0},{'O',[-8,5,-4,-7,3,-3,-5,2,4],6,[-8,5,-4,-7,3,-3,-5,2,4],6,0}}
Adder graph: {{'A',[0,0,0,0,-1,1,0,0,0],1,0,[0,0,0,0,0,1,0,0,0],0,0,[0,0,0,0,-1,0,0,0,0],0,0},{'A',[0,0,0,4,0,0,0,-1,0],1,0,[0,0,0,1,0,0,0,0,0],0,2,[0,0,0,0,0,0,0,-1,0],0,0},{'A',[0,1,0,0,-1,1,0,0,0],2,0,[0,1,0,0,0,0,0,0,0],0,0,[0,0,0,0,-1,1,0,0,0],1,0},{'A',[0,1,0,0,-1,1,-1,0,0],3,0,[0,1,0,0,-1,1,0,0,0],2,0,[0,0,0,0,0,0,-1,0,0],0,0},{'A',[0,1,-4,0,-1,1,-1,0,0],4,0,[0,1,0,0,-1,1,-1,0,0],3,0,[0,0,-1,0,0,0,0,0,0],0,2},{'A',[0,0,0,4,0,0,0,-1,-2],2,0,[0,0,0,4,0,0,0,-1,0],1,0,[0,0,0,0,0,0,0,0,-1],0,1},{'A',[0,1,0,0,1,-1,-1,0,0],4,0,[0,1,0,0,-1,1,-1,0,0],3,0,[0,0,0,0,1,-1,0,0,0],1,1},{'A',[-8,1,-4,0,-1,1,-1,0,0],5,0,[0,1,-4,0,-1,1,-1,0,0],4,0,[-1,0,0,0,0,0,0,0,0],0,3},{'A',[0,4,0,1,4,-4,-4,0,0],5,0,[0,0,0,1,0,0,0,0,0],0,0,[0,1,0,0,1,-1,-1,0,0],4,2},{'A',[0,-4,0,7,-4,4,4,-2,-4],6,0,[0,0,0,4,0,0,0,-1,-2],2,1,[0,-4,0,-1,-4,4,4,0,0],5,0},{'A',[-8,5,-4,-7,3,-3,-5,2,4],7,0,[-8,1,-4,0,-1,1,-1,0,0],5,0,[0,4,0,-7,4,-4,-4,2,4],6,0},{'O',[-8,5,-4,-7,3,-3,-5,2,4],7,[-8,5,-4,-7,3,-3,-5,2,4],7,0}}
Adder graph: {{'A',[0,0,0,1,0,0,0,0,4],1,0,[0,0,0,0,0,0,0,0,1],0,2,[0,0,0,1,0,0,0,0,0],0,0},{'A',[0,0,0,0,-1,1,0,0,0],1,0,[0,0,0,0,0,1,0,0,0],0,0,[0,0,0,0,-1,0,0,0,0],0,0},{'A',[0,0,0,1,-1,1,0,0,4],2,0,[0,0,0,1,0,0,0,0,4],1,0,[0,0,0,0,-1,1,0,0,0],1,0},{'A',[0,0,0,-7,-1,1,0,0,4],3,0,[0,0,0,1,-1,1,0,0,4],2,0,[0,0,0,-1,0,0,0,0,0],0,3},{'A',[0,1,0,0,0,0,-1,0,0],1,0,[0,1,0,0,0,0,0,0,0],0,0,[0,0,0,0,0,0,-1,0,0],0,0},{'A',[2,0,1,0,0,0,0,0,0],1,0,[1,0,0,0,0,0,0,0,0],0,1,[0,0,1,0,0,0,0,0,0],0,0},{'A',[-2,1,-1,0,0,0,-1,0,0],2,0,[0,1,0,0,0,0,-1,0,0],1,0,[-2,0,-1,0,0,0,0,0,0],1,0},{'A',[0,1,0,0,0,0,-1,2,0],2,0,[0,1,0,0,0,0,-1,0,0],1,0,[0,0,0,0,0,0,0,1,0],0,1},{'A',[2,-1,1,0,-1,1,1,0,0],3,0,[0,0,0,0,-1,1,0,0,0],1,0,[2,-1,1,0,0,0,1,0,0],2,0},{'A',[0,1,0,-7,-1,1,-1,2,4],4,0,[0,0,0,-7,-1,1,0,0,4],3,0,[0,1,0,0,0,0,-1,2,0],2,0},{'A',[8,-5,4,7,-3,3,5,-2,-4],5,0,[2,-1,1,0,-1,1,1,0,0],3,2,[0,-1,0,7,1,-1,1,-2,-4],4,0},{'O',[-8,5,-4,-7,3,-3,-5,2,4],5,[-8,5,-4,-7,3,-3,-5,2,4],5,0}}
Adder graph: {{'A',[0,-1,0,0,0,0,1,0,0],1,0,[0,0,0,0,0,0,1,0,0],0,0,[0,-1,0,0,0,0,0,0,0],0,0},{'A',[0,-1,0,0,0,0,1,-2,0],2,0,[0,-1,0,0,0,0,1,0,0],1,0,[0,0,0,0,0,0,0,-1,0],0,1},{'A',[0,1,0,0,0,0,-1,0,1],2,0,[0,0,0,0,0,0,0,0,1],0,0,[0,1,0,0,0,0,-1,0,0],1,0},{'A',[0,0,0,0,1,-1,0,0,0],1,0,[0,0,0,0,1,0,0,0,0],0,0,[0,0,0,0,0,-1,0,0,0],0,0},{'A',[0,0,0,-4,1,-1,0,0,0],2,0,[0,0,0,0,1,-1,0,0,0],1,0,[0,0,0,-1,0,0,0,0,0],0,2},{'A',[0,0,-4,0,1,-1,0,0,0],2,0,[0,0,0,0,1,-1,0,0,0],1,0,[0,0,-1,0,0,0,0,0,0],0,2},{'A',[0,-1,0,8,-2,2,1,-2,0],3,0,[0,-1,0,0,0,0,1,-2,0],2,0,[0,0,0,4,-1,1,0,0,0],2,1},{'A',[-8,0,-4,0,1,-1,0,0,0],3,0,[0,0,-4,0,1,-1,0,0,0],2,0,[-1,0,0,0,0,0,0,0,0],0,3},{'A',[-8,4,-4,0,1,-1,-4,0,4],4,0,[-8,0,-4,0,1,-1,0,0,0],3,0,[0,1,0,0,0,0,-1,0,1],2,2},{'A',[-8,4,-4,1,1,-1,-4,0,4],5,0,[0,0,0,1,0,0,0,0,0],0,0,[-8,4,-4,0,1,-1,-4,0,4],4,0},{'A',[8,-5,4,7,-3,3,5,-2,-4],6,0,[0,-1,0,8,-2,2,1,-2,0],3,0,[8,-4,4,-1,-1,1,4,0,-4],5,0},{'O',[-8,5,-4,-7,3,-3,-5,2,4],6,[-8,5,-4,-7,3,-3,-5,2,4],6,0}}
Adder graph: {{'A',[0,0,0,0,-1,1,0,0,0],1,0,[0,0,0,0,0,1,0,0,0],0,0,[0,0,0,0,-1,0,0,0,0],0,0},{'A',[0,0,0,1,0,0,0,-2,0],1,0,[0,0,0,1,0,0,0,0,0],0,0,[0,0,0,0,0,0,0,-1,0],0,1},{'A',[0,-1,0,0,0,0,1,0,0],1,0,[0,0,0,0,0,0,1,0,0],0,0,[0,-1,0,0,0,0,0,0,0],0,0},{'A',[0,-1,4,0,0,0,1,0,0],2,0,[0,-1,0,0,0,0,1,0,0],1,0,[0,0,1,0,0,0,0,0,0],0,2},{'A',[8,0,0,1,0,0,0,-2,0],2,0,[0,0,0,1,0,0,0,-2,0],1,0,[1,0,0,0,0,0,0,0,0],0,3},{'A',[0,-5,4,0,0,0,5,0,0],3,0,[0,-1,4,0,0,0,1,0,0],2,0,[0,-1,0,0,0,0,1,0,0],1,2},{'A',[8,-5,4,1,0,0,5,-2,0],4,0,[8,0,0,1,0,0,0,-2,0],2,0,[0,-5,4,0,0,0,5,0,0],3,0},{'A',[8,-5,4,1,0,0,5,-2,-4],5,0,[8,-5,4,1,0,0,5,-2,0],4,0,[0,0,0,0,0,0,0,0,-1],0,2},{'A',[0,0,0,2,-1,1,0,0,0],2,0,[0,0,0,0,-1,1,0,0,0],1,0,[0,0,0,1,0,0,0,0,0],0,1},{'A',[0,0,0,-6,3,-3,0,0,0],3,0,[0,0,0,2,-1,1,0,0,0],2,0,[0,0,0,-2,1,-1,0,0,0],2,2},{'A',[-8,5,-4,-7,3,-3,-5,2,4],6,0,[0,0,0,-6,3,-3,0,0,0],3,0,[-8,5,-4,-1,0,0,-5,2,4],5,0},{'O',[-8,5,-4,-7,3,-3,-5,2,4],6,[-8,5,-4,-7,3,-3,-5,2,4],6,0}}
Adder graph: {{'A',[0,-1,0,0,0,0,1,0,0],1,0,[0,0,0,0,0,0,1,0,0],0,0,[0,-1,0,0,0,0,0,0,0],0,0},{'A',[0,-1,0,0,0,0,1,-2,0],2,0,[0,-1,0,0,0,0,1,0,0],1,0,[0,0,0,0,0,0,0,-1,0],0,1},{'A',[0,-1,0,0,0,0,1,-2,-4],3,0,[0,-1,0,0,0,0,1,-2,0],2,0,[0,0,0,0,0,0,0,0,-1],0,2},{'A',[0,0,0,0,-1,1,0,0,0],1,0,[0,0,0,0,0,1,0,0,0],0,0,[0,0,0,0,-1,0,0,0,0],0,0},{'A',[0,0,0,-7,0,0,0,0,0],1,0,[0,0,0,1,0,0,0,0,0],0,0,[0,0,0,-1,0,0,0,0,0],0,3},{'A',[8,-1,0,0,0,0,1,-2,-4],4,0,[0,-1,0,0,0,0,1,-2,-4],3,0,[1,0,0,0,0,0,0,0,0],0,3},{'A',[0,-1,1,0,0,0,1,0,0],2,0,[0,-1,0,0,0,0,1,0,0],1,0,[0,0,1,0,0,0,0,0,0],0,0},{'A',[8,-5,4,0,0,0,5,-2,-4],5,0,[0,-1,1,0,0,0,1,0,0],2,2,[8,-1,0,0,0,0,1,-2,-4],4,0},{'A',[8,-5,4,7,0,0,5,-2,-4],6,0,[8,-5,4,0,0,0,5,-2,-4],5,0,[0,0,0,7,0,0,0,0,0],1,0},{'A',[0,0,0,0,3,-3,0,0,0],2,0,[0,0,0,0,-1,1,0,0,0],1,0,[0,0,0,0,1,-1,0,0,0],1,2},{'A',[8,-5,4,7,-3,3,5,-2,-4],7,0,[8,-5,4,7,0,0,5,-2,-4],6,0,[0,0,0,0,-3,3,0,0,0],2,0},{'O',[-8,5,-4,-7,3,-3,-5,2,4],7,[-8,5,-4,-7,3,-3,-5,2,4],7,0}}
Adder graph: {{'A',[0,-1,0,0,0,0,1,0,0],1,0,[0,0,0,0,0,0,1,0,0],0,0,[0,-1,0,0,0,0,0,0,0],0,0},{'A',[0,0,0,1,0,0,0,2,0],1,0,[0,0,0,0,0,0,0,1,0],0,1,[0,0,0,1,0,0,0,0,0],0,0},{'A',[0,0,-4,1,0,0,0,2,0],2,0,[0,0,0,1,0,0,0,2,0],1,0,[0,0,-1,0,0,0,0,0,0],0,2},{'A',[0,0,0,0,1,-1,0,0,0],1,0,[0,0,0,0,1,0,0,0,0],0,0,[0,0,0,0,0,-1,0,0,0],0,0},{'A',[0,2,0,0,1,-1,-2,0,0],2,0,[0,0,0,0,1,-1,0,0,0],1,0,[0,1,0,0,0,0,-1,0,0],1,1},{'A',[0,-1,0,0,-1,1,1,0,0],2,0,[0,-1,0,0,0,0,1,0,0],1,0,[0,0,0,0,-1,1,0,0,0],1,0},{'A',[0,2,0,-4,1,-1,-2,0,0],3,0,[0,2,0,0,1,-1,-2,0,0],2,0,[0,0,0,-1,0,0,0,0,0],0,2},{'A',[0,-1,0,0,-1,1,1,0,-4],3,0,[0,-1,0,0,-1,1,1,0,0],2,0,[0,0,0,0,0,0,0,0,-1],0,2},{'A',[8,-1,0,0,-1,1,1,0,-4],4,0,[1,0,0,0,0,0,0,0,0],0,3,[0,-1,0,0,-1,1,1,0,-4],3,0},{'A',[0,4,-4,-7,2,-2,-4,2,0],4,0,[0,0,-4,1,0,0,0,2,0],2,0,[0,2,0,-4,1,-1,-2,0,0],3,1},{'A',[-8,5,-4,-7,3,-3,-5,2,4],5,0,[0,4,-4,-7,2,-2,-4,2,0],4,0,[-8,1,0,0,1,-1,-1,0,4],4,0},{'O',[-8,5,-4,-7,3,-3,-5,2,4],5,[-8,5,-4,-7,3,-3,-5,2,4],5,0}}
Adder graph: {{'A',[0,0,0,0,1,-1,0,0,0],1,0,[0,0,0,0,1,0,0,0,0],0,0,[0,0,0,0,0,-1,0,0,0],0,0},{'A',[0,1,0,0,0,0,-1,0,0],1,0,[0,1,0,0,0,0,0,0,0],0,0,[0,0,0,0,0,0,-1,0,0],0,0},{'A',[0,-1,0,0,1,-1,1,0,0],2,0,[0,0,0,0,1,-1,0,0,0],1,0,[0,-1,0,0,0,0,1,0,0],1,0},{'A',[0,1,0,1,-1,1,-1,0,0],3,0,[0,0,0,1,0,0,0,0,0],0,0,[0,1,0,0,-1,1,-1,0,0],2,0},{'A',[0,1,0,0,1,-1,-1,0,0],3,0,[0,1,0,0,0,0,-1,0,0],1,1,[0,-1,0,0,1,-1,1,0,0],2,0},{'A',[0,1,0,-7,-1,1,-1,0,0],4,0,[0,1,0,1,-1,1,-1,0,0],3,0,[0,0,0,-1,0,0,0,0,0],0,3},{'A',[0,1,-4,-7,-1,1,-1,0,0],5,0,[0,1,0,-7,-1,1,-1,0,0],4,0,[0,0,-1,0,0,0,0,0,0],0,2},{'A',[0,0,0,0,0,0,0,1,2],1,0,[0,0,0,0,0,0,0,1,0],0,0,[0,0,0,0,0,0,0,0,1],0,1},{'A',[0,5,-4,-7,3,-3,-5,0,0],6,0,[0,1,-4,-7,-1,1,-1,0,0],5,0,[0,1,0,0,1,-1,-1,0,0],3,2},{'A',[-4,0,0,0,0,0,0,1,2],2,0,[0,0,0,0,0,0,0,1,2],1,0,[-1,0,0,0,0,0,0,0,0],0,2},{'A',[-8,5,-4,-7,3,-3,-5,2,4],7,0,[0,5,-4,-7,3,-3,-5,0,0],6,0,[-4,0,0,0,0,0,0,1,2],2,1},{'O',[-8,5,-4,-7,3,-3,-5,2,4],7,[-8,5,-4,-7,3,-3,-5,2,4],7,0}}
Finished solving after 163832 seconds
Adder graph: {{'A',[0,0,0,0,1,-1,0,0,0],1,0,[0,0,0,0,1,0,0,0,0],0,0,[0,0,0,0,0,-1,0,0,0],0,0},{'A',[0,1,0,0,0,0,-1,0,0],1,0,[0,1,0,0,0,0,0,0,0],0,0,[0,0,0,0,0,0,-1,0,0],0,0},{'A',[0,-1,0,0,1,-1,1,0,0],2,0,[0,0,0,0,1,-1,0,0,0],1,0,[0,-1,0,0,0,0,1,0,0],1,0},{'A',[0,1,0,1,-1,1,-1,0,0],3,0,[0,0,0,1,0,0,0,0,0],0,0,[0,1,0,0,-1,1,-1,0,0],2,0},{'A',[0,1,0,0,1,-1,-1,0,0],3,0,[0,1,0,0,0,0,-1,0,0],1,1,[0,-1,0,0,1,-1,1,0,0],2,0},{'A',[0,1,0,-7,-1,1,-1,0,0],4,0,[0,1,0,1,-1,1,-1,0,0],3,0,[0,0,0,-1,0,0,0,0,0],0,3},{'A',[0,1,-4,-7,-1,1,-1,0,0],5,0,[0,1,0,-7,-1,1,-1,0,0],4,0,[0,0,-1,0,0,0,0,0,0],0,2},{'A',[0,0,0,0,0,0,0,1,2],1,0,[0,0,0,0,0,0,0,1,0],0,0,[0,0,0,0,0,0,0,0,1],0,1},{'A',[0,5,-4,-7,3,-3,-5,0,0],6,0,[0,1,-4,-7,-1,1,-1,0,0],5,0,[0,1,0,0,1,-1,-1,0,0],3,2},{'A',[-4,0,0,0,0,0,0,1,2],2,0,[0,0,0,0,0,0,0,1,2],1,0,[-1,0,0,0,0,0,0,0,0],0,2},{'A',[-8,5,-4,-7,3,-3,-5,2,4],7,0,[0,5,-4,-7,3,-3,-5,0,0],6,0,[-4,0,0,0,0,0,0,1,2],2,1},{'O',[-8,5,-4,-7,3,-3,-5,2,4],7,[-8,5,-4,-7,3,-3,-5,2,4],7,0}}
#Add optimal = 0
#FAs optimal = 0
