Adder graph: {{'A',[8,0,0,0,0,0,-1,0,0],1,0,[1,0,0,0,0,0,0,0,0],0,3,[0,0,0,0,0,0,-1,0,0],0,0},{'A',[0,0,0,0,-1,0,0,2,0],1,0,[0,0,0,0,0,0,0,1,0],0,1,[0,0,0,0,-1,0,0,0,0],0,0},{'A',[0,0,0,1,0,0,0,0,1],1,0,[0,0,0,1,0,0,0,0,0],0,0,[0,0,0,0,0,0,0,0,1],0,0},{'A',[0,-7,0,0,0,0,0,0,0],1,0,[0,1,0,0,0,0,0,0,0],0,0,[0,-1,0,0,0,0,0,0,0],0,3},{'A',[0,-7,0,0,0,4,0,0,0],2,0,[0,-7,0,0,0,0,0,0,0],1,0,[0,0,0,0,0,1,0,0,0],0,2},{'A',[0,0,0,-2,0,0,0,1,-2],2,0,[0,0,0,0,0,0,0,1,0],0,0,[0,0,0,-1,0,0,0,0,-1],1,1},{'A',[0,0,-1,-2,0,0,0,1,-2],3,0,[0,0,0,-2,0,0,0,1,-2],2,0,[0,0,-1,0,0,0,0,0,0],0,0},{'A',[-8,0,-4,-8,0,0,1,4,-8],4,0,[0,0,-1,-2,0,0,0,1,-2],3,2,[-8,0,0,0,0,0,1,0,0],1,0},{'A',[0,0,0,-2,1,0,0,-1,-2],3,0,[0,0,0,-2,0,0,0,1,-2],2,0,[0,0,0,0,1,0,0,-2,0],1,0},{'A',[0,-7,0,-2,1,4,0,-1,-2],4,0,[0,0,0,-2,1,0,0,-1,-2],3,0,[0,-7,0,0,0,4,0,0,0],2,0},{'A',[8,-7,4,6,1,4,-1,-5,6],5,0,[0,-7,0,-2,1,4,0,-1,-2],4,0,[8,0,4,8,0,0,-1,-4,8],4,0},{'O',[-8,7,-4,-6,-1,-4,1,5,-6],5,[-8,7,-4,-6,-1,-4,1,5,-6],5,0}}
Adder graph: {{'A',[0,0,0,1,0,0,0,0,1],1,0,[0,0,0,1,0,0,0,0,0],0,0,[0,0,0,0,0,0,0,0,1],0,0},{'A',[0,0,0,0,0,-4,1,0,0],1,0,[0,0,0,0,0,0,1,0,0],0,0,[0,0,0,0,0,-1,0,0,0],0,2},{'A',[1,-1,0,0,0,0,0,0,0],1,0,[1,0,0,0,0,0,0,0,0],0,0,[0,-1,0,0,0,0,0,0,0],0,0},{'A',[0,0,0,0,1,0,0,-4,0],1,0,[0,0,0,0,1,0,0,0,0],0,0,[0,0,0,0,0,0,0,-1,0],0,2},{'A',[0,1,4,0,0,0,0,0,0],1,0,[0,1,0,0,0,0,0,0,0],0,0,[0,0,1,0,0,0,0,0,0],0,2},{'A',[0,0,0,-3,0,0,0,0,-3],2,0,[0,0,0,1,0,0,0,0,1],1,0,[0,0,0,-1,0,0,0,0,-1],1,2},{'A',[0,0,0,0,0,-4,1,1,0],2,0,[0,0,0,0,0,-4,1,0,0],1,0,[0,0,0,0,0,0,0,1,0],0,0},{'A',[4,-4,0,3,0,0,0,0,3],3,0,[1,-1,0,0,0,0,0,0,0],1,2,[0,0,0,3,0,0,0,0,3],2,0},{'A',[-8,8,0,-6,0,-4,1,1,-6],4,0,[0,0,0,0,0,-4,1,1,0],2,0,[-4,4,0,-3,0,0,0,0,-3],3,1},{'A',[8,-8,0,6,1,4,-1,-5,6],5,0,[0,0,0,0,1,0,0,-4,0],1,0,[8,-8,0,6,0,4,-1,-1,6],4,0},{'A',[8,-7,4,6,1,4,-1,-5,6],6,0,[8,-8,0,6,1,4,-1,-5,6],5,0,[0,1,4,0,0,0,0,0,0],1,0},{'O',[-8,7,-4,-6,-1,-4,1,5,-6],6,[-8,7,-4,-6,-1,-4,1,5,-6],6,0}}
Adder graph: {{'A',[0,0,0,1,0,0,0,0,1],1,0,[0,0,0,0,0,0,0,0,1],0,0,[0,0,0,1,0,0,0,0,0],0,0},{'A',[0,2,0,0,0,0,0,1,0],1,0,[0,0,0,0,0,0,0,1,0],0,0,[0,1,0,0,0,0,0,0,0],0,1},{'A',[0,0,0,0,0,-4,1,0,0],1,0,[0,0,0,0,0,0,1,0,0],0,0,[0,0,0,0,0,-1,0,0,0],0,2},{'A',[0,2,0,0,2,0,0,1,0],2,0,[0,0,0,0,1,0,0,0,0],0,1,[0,2,0,0,0,0,0,1,0],1,0},{'A',[0,-14,0,0,2,0,0,-7,0],3,0,[0,2,0,0,2,0,0,1,0],2,0,[0,-2,0,0,0,0,0,-1,0],1,3},{'A',[0,0,0,-4,0,0,0,1,-4],2,0,[0,0,0,0,0,0,0,1,0],0,0,[0,0,0,-1,0,0,0,0,-1],1,2},{'A',[2,0,1,0,0,0,0,0,0],1,0,[0,0,1,0,0,0,0,0,0],0,0,[1,0,0,0,0,0,0,0,0],0,1},{'A',[-4,0,-2,-4,0,0,0,1,-4],3,0,[0,0,0,-4,0,0,0,1,-4],2,0,[-2,0,-1,0,0,0,0,0,0],1,1},{'A',[0,0,0,4,0,-8,2,-1,4],3,0,[0,0,0,0,0,-4,1,0,0],1,1,[0,0,0,4,0,0,0,-1,4],2,0},{'A',[0,14,0,4,-2,-8,2,6,4],4,0,[0,0,0,4,0,-8,2,-1,4],3,0,[0,14,0,0,-2,0,0,7,0],3,0},{'A',[-8,7,-4,-6,-1,-4,1,5,-6],5,1,[0,14,0,4,-2,-8,2,6,4],4,0,[-4,0,-2,-4,0,0,0,1,-4],3,2},{'O',[-8,7,-4,-6,-1,-4,1,5,-6],5,[-8,7,-4,-6,-1,-4,1,5,-6],5,0}}
Adder graph: {{'A',[0,2,-1,0,0,0,0,0,0],1,0,[0,1,0,0,0,0,0,0,0],0,1,[0,0,-1,0,0,0,0,0,0],0,0},{'A',[0,0,0,0,0,0,0,1,-2],1,0,[0,0,0,0,0,0,0,1,0],0,0,[0,0,0,0,0,0,0,0,-1],0,1},{'A',[0,0,0,-2,0,0,0,1,-2],2,0,[0,0,0,0,0,0,0,1,-2],1,0,[0,0,0,-1,0,0,0,0,0],0,1},{'A',[0,0,0,0,-1,0,1,0,0],1,0,[0,0,0,0,0,0,1,0,0],0,0,[0,0,0,0,-1,0,0,0,0],0,0},{'A',[-4,0,0,0,0,0,0,1,0],1,0,[0,0,0,0,0,0,0,1,0],0,0,[-1,0,0,0,0,0,0,0,0],0,2},{'A',[-8,0,0,0,-1,0,1,2,0],2,0,[0,0,0,0,-1,0,1,0,0],1,0,[-4,0,0,0,0,0,0,1,0],1,1},{'A',[0,2,-1,0,0,-1,0,0,0],2,0,[0,2,-1,0,0,0,0,0,0],1,0,[0,0,0,0,0,-1,0,0,0],0,0},{'A',[-8,0,0,-8,-1,0,1,6,-8],3,0,[0,0,0,-2,0,0,0,1,-2],2,2,[-8,0,0,0,-1,0,1,2,0],2,0},{'A',[-8,0,0,-6,-1,0,1,5,-6],4,0,[-8,0,0,-8,-1,0,1,6,-8],3,0,[0,0,0,2,0,0,0,-1,2],2,0},{'A',[0,-7,4,0,0,4,0,0,0],3,0,[0,1,0,0,0,0,0,0,0],0,0,[0,-2,1,0,0,1,0,0,0],2,2},{'A',[-8,7,-4,-6,-1,-4,1,5,-6],5,0,[-8,0,0,-6,-1,0,1,5,-6],4,0,[0,7,-4,0,0,-4,0,0,0],3,0},{'O',[-8,7,-4,-6,-1,-4,1,5,-6],5,[-8,7,-4,-6,-1,-4,1,5,-6],5,0}}
Adder graph: {{'A',[0,0,0,-1,0,0,0,1,0],1,0,[0,0,0,0,0,0,0,1,0],0,0,[0,0,0,-1,0,0,0,0,0],0,0},{'A',[0,0,0,0,1,0,0,1,0],1,0,[0,0,0,0,0,0,0,1,0],0,0,[0,0,0,0,1,0,0,0,0],0,0},{'A',[0,0,0,-1,0,0,0,1,-1],2,0,[0,0,0,-1,0,0,0,1,0],1,0,[0,0,0,0,0,0,0,0,-1],0,0},{'A',[0,-1,0,0,0,0,1,0,0],1,0,[0,0,0,0,0,0,1,0,0],0,0,[0,-1,0,0,0,0,0,0,0],0,0},{'A',[0,2,-1,0,0,0,0,0,0],1,0,[0,1,0,0,0,0,0,0,0],0,1,[0,0,-1,0,0,0,0,0,0],0,0},{'A',[0,1,0,-2,0,0,-1,2,-2],3,0,[0,0,0,-1,0,0,0,1,-1],2,1,[0,1,0,0,0,0,-1,0,0],1,0},{'A',[0,0,0,0,1,4,0,1,0],2,0,[0,0,0,0,0,1,0,0,0],0,2,[0,0,0,0,1,0,0,1,0],1,0},{'A',[0,8,-4,0,-1,-4,0,-1,0],3,0,[0,2,-1,0,0,0,0,0,0],1,2,[0,0,0,0,-1,-4,0,-1,0],2,0},{'A',[0,-7,4,-2,1,4,-1,3,-2],4,0,[0,1,0,-2,0,0,-1,2,-2],3,0,[0,-8,4,0,1,4,0,1,0],3,0},{'A',[0,-7,4,6,1,4,-1,-5,6],5,0,[0,-7,4,-2,1,4,-1,3,-2],4,0,[0,0,0,1,0,0,0,-1,1],2,3},{'A',[8,-7,4,6,1,4,-1,-5,6],6,0,[1,0,0,0,0,0,0,0,0],0,3,[0,-7,4,6,1,4,-1,-5,6],5,0},{'O',[-8,7,-4,-6,-1,-4,1,5,-6],6,[-8,7,-4,-6,-1,-4,1,5,-6],6,0}}
Adder graph: {{'A',[8,0,0,0,1,0,0,0,0],1,0,[0,0,0,0,1,0,0,0,0],0,0,[1,0,0,0,0,0,0,0,0],0,3},{'A',[0,0,0,1,0,0,0,0,1],1,0,[0,0,0,0,0,0,0,0,1],0,0,[0,0,0,1,0,0,0,0,0],0,0},{'A',[0,1,0,0,0,0,-1,0,0],1,0,[0,1,0,0,0,0,0,0,0],0,0,[0,0,0,0,0,0,-1,0,0],0,0},{'A',[0,0,-4,0,0,0,0,1,0],1,0,[0,0,0,0,0,0,0,1,0],0,0,[0,0,-1,0,0,0,0,0,0],0,2},{'A',[0,1,0,-2,0,0,-1,0,-2],2,0,[0,1,0,0,0,0,-1,0,0],1,0,[0,0,0,-1,0,0,0,0,-1],1,1},{'A',[0,0,-4,0,0,-4,0,1,0],2,0,[0,0,-4,0,0,0,0,1,0],1,0,[0,0,0,0,0,-1,0,0,0],0,2},{'A',[0,8,-4,0,0,-4,0,1,0],3,0,[0,0,-4,0,0,-4,0,1,0],2,0,[0,1,0,0,0,0,0,0,0],0,3},{'A',[0,7,-4,2,0,-4,1,1,2],4,0,[0,8,-4,0,0,-4,0,1,0],3,0,[0,-1,0,2,0,0,1,0,2],2,0},{'A',[8,-7,4,-2,1,4,-1,-1,-2],5,0,[8,0,0,0,1,0,0,0,0],1,0,[0,-7,4,-2,0,4,-1,-1,-2],4,0},{'A',[0,0,0,-2,0,0,0,1,-2],2,0,[0,0,0,0,0,0,0,1,0],0,0,[0,0,0,-1,0,0,0,0,-1],1,1},{'A',[8,-7,4,6,1,4,-1,-5,6],6,0,[8,-7,4,-2,1,4,-1,-1,-2],5,0,[0,0,0,2,0,0,0,-1,2],2,2},{'O',[-8,7,-4,-6,-1,-4,1,5,-6],6,[-8,7,-4,-6,-1,-4,1,5,-6],6,0}}
Adder graph: {{'A',[0,1,-4,0,0,0,0,0,0],1,0,[0,1,0,0,0,0,0,0,0],0,0,[0,0,-1,0,0,0,0,0,0],0,2},{'A',[0,1,0,-1,0,0,0,0,0],1,0,[0,1,0,0,0,0,0,0,0],0,0,[0,0,0,-1,0,0,0,0,0],0,0},{'A',[0,-1,4,0,1,0,0,0,0],2,0,[0,0,0,0,1,0,0,0,0],0,0,[0,-1,4,0,0,0,0,0,0],1,0},{'A',[0,0,0,0,0,0,1,1,0],1,0,[0,0,0,0,0,0,1,0,0],0,0,[0,0,0,0,0,0,0,1,0],0,0},{'A',[0,1,0,-1,0,0,0,0,-1],2,0,[0,1,0,-1,0,0,0,0,0],1,0,[0,0,0,0,0,0,0,0,-1],0,0},{'A',[0,1,0,-1,0,2,0,0,-1],3,0,[0,1,0,-1,0,0,0,0,-1],2,0,[0,0,0,0,0,1,0,0,0],0,1},{'A',[0,1,4,-2,1,4,0,0,-2],4,0,[0,-1,4,0,1,0,0,0,0],2,0,[0,1,0,-1,0,2,0,0,-1],3,1},{'A',[2,0,0,0,0,0,0,-1,0],1,0,[1,0,0,0,0,0,0,0,0],0,1,[0,0,0,0,0,0,0,-1,0],0,0},{'A',[-8,0,0,0,0,0,1,5,0],2,0,[0,0,0,0,0,0,1,1,0],1,0,[-2,0,0,0,0,0,0,1,0],1,2},{'A',[-8,-1,-4,2,-1,-4,1,5,2],5,0,[-8,0,0,0,0,0,1,5,0],2,0,[0,-1,-4,2,-1,-4,0,0,2],4,0},{'A',[-8,7,-4,-6,-1,-4,1,5,-6],6,0,[0,1,0,-1,0,0,0,0,-1],2,3,[-8,-1,-4,2,-1,-4,1,5,2],5,0},{'O',[-8,7,-4,-6,-1,-4,1,5,-6],6,[-8,7,-4,-6,-1,-4,1,5,-6],6,0}}
Adder graph: {{'A',[0,0,0,1,0,0,0,0,1],1,0,[0,0,0,1,0,0,0,0,0],0,0,[0,0,0,0,0,0,0,0,1],0,0},{'A',[0,0,0,3,0,0,0,0,3],2,0,[0,0,0,1,0,0,0,0,1],1,0,[0,0,0,1,0,0,0,0,1],1,1},{'A',[0,0,1,0,0,0,0,-1,0],1,0,[0,0,1,0,0,0,0,0,0],0,0,[0,0,0,0,0,0,0,-1,0],0,0},{'A',[0,-4,0,3,0,0,0,0,3],3,0,[0,0,0,3,0,0,0,0,3],2,0,[0,-1,0,0,0,0,0,0,0],0,2},{'A',[2,0,1,0,0,0,0,-1,0],2,0,[0,0,1,0,0,0,0,-1,0],1,0,[1,0,0,0,0,0,0,0,0],0,1},{'A',[0,1,0,0,0,0,-1,0,0],1,0,[0,1,0,0,0,0,0,0,0],0,0,[0,0,0,0,0,0,-1,0,0],0,0},{'A',[0,1,0,0,1,0,-1,0,0],2,0,[0,0,0,0,1,0,0,0,0],0,0,[0,1,0,0,0,0,-1,0,0],1,0},{'A',[0,0,0,0,0,-4,0,1,0],1,0,[0,0,0,0,0,0,0,1,0],0,0,[0,0,0,0,0,-1,0,0,0],0,2},{'A',[0,-1,0,0,-1,-4,1,1,0],3,0,[0,0,0,0,0,-4,0,1,0],1,0,[0,-1,0,0,-1,0,1,0,0],2,0},{'A',[-8,-1,-4,0,-1,-4,1,5,0],4,0,[0,-1,0,0,-1,-4,1,1,0],3,0,[-2,0,-1,0,0,0,0,1,0],2,2},{'A',[-8,7,-4,-6,-1,-4,1,5,-6],5,0,[-8,-1,-4,0,-1,-4,1,5,0],4,0,[0,4,0,-3,0,0,0,0,-3],3,1},{'O',[-8,7,-4,-6,-1,-4,1,5,-6],5,[-8,7,-4,-6,-1,-4,1,5,-6],5,0}}
Adder graph: {{'A',[0,1,0,0,0,0,0,0,-1],1,0,[0,1,0,0,0,0,0,0,0],0,0,[0,0,0,0,0,0,0,0,-1],0,0},{'A',[0,1,0,-1,0,0,0,0,-1],2,0,[0,1,0,0,0,0,0,0,-1],1,0,[0,0,0,-1,0,0,0,0,0],0,0},{'A',[0,1,0,0,0,0,1,0,0],1,0,[0,0,0,0,0,0,1,0,0],0,0,[0,1,0,0,0,0,0,0,0],0,0},{'A',[0,0,0,0,1,0,0,-1,0],1,0,[0,0,0,0,1,0,0,0,0],0,0,[0,0,0,0,0,0,0,-1,0],0,0},{'A',[0,0,0,0,0,1,0,-1,0],1,0,[0,0,0,0,0,1,0,0,0],0,0,[0,0,0,0,0,0,0,-1,0],0,0},{'A',[0,-1,0,0,1,0,-1,-1,0],2,0,[0,0,0,0,1,0,0,-1,0],1,0,[0,-1,0,0,0,0,-1,0,0],1,0},{'A',[1,-1,0,1,0,0,0,0,1],3,0,[1,0,0,0,0,0,0,0,0],0,0,[0,-1,0,1,0,0,0,0,1],2,0},{'A',[0,-1,4,0,1,0,-1,-1,0],3,0,[0,0,1,0,0,0,0,0,0],0,2,[0,-1,0,0,1,0,-1,-1,0],2,0},{'A',[0,1,0,-1,0,2,0,-2,-1],3,0,[0,1,0,-1,0,0,0,0,-1],2,0,[0,0,0,0,0,1,0,-1,0],1,1},{'A',[4,-3,0,3,0,2,0,-2,3],4,0,[0,1,0,-1,0,2,0,-2,-1],3,0,[1,-1,0,1,0,0,0,0,1],3,2},{'A',[8,-7,4,6,1,4,-1,-5,6],5,0,[0,-1,4,0,1,0,-1,-1,0],3,0,[4,-3,0,3,0,2,0,-2,3],4,1},{'O',[-8,7,-4,-6,-1,-4,1,5,-6],5,[-8,7,-4,-6,-1,-4,1,5,-6],5,0}}
Adder graph: {{'A',[0,0,0,1,0,0,0,0,1],1,0,[0,0,0,0,0,0,0,0,1],0,0,[0,0,0,1,0,0,0,0,0],0,0},{'A',[-4,0,0,1,0,0,0,0,1],2,0,[0,0,0,1,0,0,0,0,1],1,0,[-1,0,0,0,0,0,0,0,0],0,2},{'A',[0,0,0,0,-1,0,1,0,0],1,0,[0,0,0,0,0,0,1,0,0],0,0,[0,0,0,0,-1,0,0,0,0],0,0},{'A',[0,1,0,0,0,0,0,-1,0],1,0,[0,1,0,0,0,0,0,0,0],0,0,[0,0,0,0,0,0,0,-1,0],0,0},{'A',[0,1,0,0,1,0,-1,-1,0],2,0,[0,1,0,0,0,0,0,-1,0],1,0,[0,0,0,0,1,0,-1,0,0],1,0},{'A',[-4,0,0,1,0,-2,0,0,1],3,0,[-4,0,0,1,0,0,0,0,1],2,0,[0,0,0,0,0,-1,0,0,0],0,1},{'A',[-4,4,0,1,0,-2,0,0,1],4,0,[0,1,0,0,0,0,0,0,0],0,2,[-4,0,0,1,0,-2,0,0,1],3,0},{'A',[0,0,-1,0,0,0,0,1,0],1,0,[0,0,0,0,0,0,0,1,0],0,0,[0,0,-1,0,0,0,0,0,0],0,0},{'A',[-4,4,0,-3,0,-2,0,0,-3],5,0,[-4,4,0,1,0,-2,0,0,1],4,0,[0,0,0,-1,0,0,0,0,-1],1,2},{'A',[0,1,4,0,1,0,-1,-5,0],3,0,[0,1,0,0,1,0,-1,-1,0],2,0,[0,0,1,0,0,0,0,-1,0],1,2},{'A',[8,-7,4,6,1,4,-1,-5,6],6,0,[0,1,4,0,1,0,-1,-5,0],3,0,[4,-4,0,3,0,2,0,0,3],5,1},{'O',[-8,7,-4,-6,-1,-4,1,5,-6],6,[-8,7,-4,-6,-1,-4,1,5,-6],6,0}}
Finished solving after 170501 seconds
Adder graph: {{'A',[0,0,0,1,0,0,0,0,1],1,0,[0,0,0,0,0,0,0,0,1],0,0,[0,0,0,1,0,0,0,0,0],0,0},{'A',[-4,0,0,1,0,0,0,0,1],2,0,[0,0,0,1,0,0,0,0,1],1,0,[-1,0,0,0,0,0,0,0,0],0,2},{'A',[0,0,0,0,-1,0,1,0,0],1,0,[0,0,0,0,0,0,1,0,0],0,0,[0,0,0,0,-1,0,0,0,0],0,0},{'A',[0,1,0,0,0,0,0,-1,0],1,0,[0,1,0,0,0,0,0,0,0],0,0,[0,0,0,0,0,0,0,-1,0],0,0},{'A',[0,1,0,0,1,0,-1,-1,0],2,0,[0,1,0,0,0,0,0,-1,0],1,0,[0,0,0,0,1,0,-1,0,0],1,0},{'A',[-4,0,0,1,0,-2,0,0,1],3,0,[-4,0,0,1,0,0,0,0,1],2,0,[0,0,0,0,0,-1,0,0,0],0,1},{'A',[-4,4,0,1,0,-2,0,0,1],4,0,[0,1,0,0,0,0,0,0,0],0,2,[-4,0,0,1,0,-2,0,0,1],3,0},{'A',[0,0,-1,0,0,0,0,1,0],1,0,[0,0,0,0,0,0,0,1,0],0,0,[0,0,-1,0,0,0,0,0,0],0,0},{'A',[-4,4,0,-3,0,-2,0,0,-3],5,0,[-4,4,0,1,0,-2,0,0,1],4,0,[0,0,0,-1,0,0,0,0,-1],1,2},{'A',[0,1,4,0,1,0,-1,-5,0],3,0,[0,1,0,0,1,0,-1,-1,0],2,0,[0,0,1,0,0,0,0,-1,0],1,2},{'A',[8,-7,4,6,1,4,-1,-5,6],6,0,[0,1,4,0,1,0,-1,-5,0],3,0,[4,-4,0,3,0,2,0,0,3],5,1},{'O',[-8,7,-4,-6,-1,-4,1,5,-6],6,[-8,7,-4,-6,-1,-4,1,5,-6],6,0}}
#Add optimal = 0
#FAs optimal = 0
