Adder graph: {{'A',[0,0,0,0,0,0,1,1,0],1,0,[0,0,0,0,0,0,1,0,0],0,0,[0,0,0,0,0,0,0,1,0],0,0},{'A',[0,0,0,0,0,0,1,1,1],2,0,[0,0,0,0,0,0,1,1,0],1,0,[0,0,0,0,0,0,0,0,1],0,0},{'A',[0,0,1,0,0,0,1,1,1],3,0,[0,0,0,0,0,0,1,1,1],2,0,[0,0,1,0,0,0,0,0,0],0,0},{'A',[1,0,-4,0,0,0,-4,-4,-4],4,0,[1,0,0,0,0,0,0,0,0],0,0,[0,0,-1,0,0,0,-1,-1,-1],3,2},{'A',[0,-1,0,1,0,0,0,0,0],1,0,[0,0,0,1,0,0,0,0,0],0,0,[0,-1,0,0,0,0,0,0,0],0,0},{'A',[0,0,0,0,0,5,0,0,0],1,0,[0,0,0,0,0,1,0,0,0],0,0,[0,0,0,0,0,1,0,0,0],0,2},{'A',[0,0,0,0,0,-5,4,4,0],2,0,[0,0,0,0,0,0,1,1,0],1,2,[0,0,0,0,0,-5,0,0,0],1,0},{'A',[0,1,1,-1,0,0,1,1,1],4,0,[0,0,1,0,0,0,1,1,1],3,0,[0,1,0,-1,0,0,0,0,0],1,0},{'A',[1,1,-3,-1,0,0,-3,-3,-3],5,0,[0,1,1,-1,0,0,1,1,1],4,0,[1,0,-4,0,0,0,-4,-4,-4],4,0},{'A',[1,1,-3,-1,0,5,-7,-7,-3],6,0,[1,1,-3,-1,0,0,-3,-3,-3],5,0,[0,0,0,0,0,5,-4,-4,0],2,0},{'A',[1,1,-3,-1,4,5,-7,-7,-3],7,0,[0,0,0,0,1,0,0,0,0],0,2,[1,1,-3,-1,0,5,-7,-7,-3],6,0},{'O',[1,1,-3,-1,4,5,-7,-7,-3],7,[1,1,-3,-1,4,5,-7,-7,-3],7,0}}
Adder graph: {{'A',[0,0,0,0,0,0,1,1,0],1,0,[0,0,0,0,0,0,1,0,0],0,0,[0,0,0,0,0,0,0,1,0],0,0},{'A',[0,0,1,0,0,0,0,0,1],1,0,[0,0,0,0,0,0,0,0,1],0,0,[0,0,1,0,0,0,0,0,0],0,0},{'A',[0,0,1,0,0,-1,0,0,1],2,0,[0,0,1,0,0,0,0,0,1],1,0,[0,0,0,0,0,-1,0,0,0],0,0},{'A',[-1,0,0,1,0,0,0,0,0],1,0,[0,0,0,1,0,0,0,0,0],0,0,[-1,0,0,0,0,0,0,0,0],0,0},{'A',[-1,0,-4,1,0,0,0,0,-4],2,0,[-1,0,0,1,0,0,0,0,0],1,0,[0,0,-1,0,0,0,0,0,-1],1,2},{'A',[1,1,4,-1,0,0,0,0,4],3,0,[0,1,0,0,0,0,0,0,0],0,0,[1,0,4,-1,0,0,0,0,4],2,0},{'A',[1,1,4,-1,0,-2,0,0,4],4,0,[1,1,4,-1,0,0,0,0,4],3,0,[0,0,0,0,0,-1,0,0,0],0,1},{'A',[0,0,1,0,0,-1,1,1,1],3,0,[0,0,1,0,0,-1,0,0,1],2,0,[0,0,0,0,0,0,1,1,0],1,0},{'A',[1,1,-4,-1,0,6,-8,-8,-4],5,0,[1,1,4,-1,0,-2,0,0,4],4,0,[0,0,-1,0,0,1,-1,-1,-1],3,3},{'A',[1,1,-3,-1,0,5,-7,-7,-3],6,0,[1,1,-4,-1,0,6,-8,-8,-4],5,0,[0,0,1,0,0,-1,1,1,1],3,0},{'A',[1,1,-3,-1,4,5,-7,-7,-3],7,0,[0,0,0,0,1,0,0,0,0],0,2,[1,1,-3,-1,0,5,-7,-7,-3],6,0},{'O',[1,1,-3,-1,4,5,-7,-7,-3],7,[1,1,-3,-1,4,5,-7,-7,-3],7,0}}
Adder graph: {{'A',[0,0,1,0,0,0,0,0,1],1,0,[0,0,0,0,0,0,0,0,1],0,0,[0,0,1,0,0,0,0,0,0],0,0},{'A',[0,0,3,0,0,0,0,0,3],2,0,[0,0,1,0,0,0,0,0,1],1,1,[0,0,1,0,0,0,0,0,1],1,0},{'A',[0,0,0,0,0,0,1,1,0],1,0,[0,0,0,0,0,0,1,0,0],0,0,[0,0,0,0,0,0,0,1,0],0,0},{'A',[0,0,0,0,0,1,-8,-8,0],2,0,[0,0,0,0,0,1,0,0,0],0,0,[0,0,0,0,0,0,-1,-1,0],1,3},{'A',[0,0,0,1,0,-4,0,0,0],1,0,[0,0,0,1,0,0,0,0,0],0,0,[0,0,0,0,0,-1,0,0,0],0,2},{'A',[0,0,0,1,-4,-4,0,0,0],2,0,[0,0,0,1,0,-4,0,0,0],1,0,[0,0,0,0,-1,0,0,0,0],0,2},{'A',[1,1,0,0,0,0,0,0,0],1,0,[0,1,0,0,0,0,0,0,0],0,0,[1,0,0,0,0,0,0,0,0],0,0},{'A',[-1,-1,3,0,0,0,0,0,3],3,0,[0,0,3,0,0,0,0,0,3],2,0,[-1,-1,0,0,0,0,0,0,0],1,0},{'A',[0,0,0,0,0,1,-7,-7,0],3,0,[0,0,0,0,0,1,-8,-8,0],2,0,[0,0,0,0,0,0,1,1,0],1,0},{'A',[-1,-1,3,1,-4,-4,0,0,3],4,0,[0,0,0,1,-4,-4,0,0,0],2,0,[-1,-1,3,0,0,0,0,0,3],3,0},{'A',[-1,-1,3,1,-4,-5,7,7,3],5,0,[-1,-1,3,1,-4,-4,0,0,3],4,0,[0,0,0,0,0,-1,7,7,0],3,0},{'O',[1,1,-3,-1,4,5,-7,-7,-3],5,[1,1,-3,-1,4,5,-7,-7,-3],5,0}}
Adder graph: {{'A',[0,1,0,0,0,2,0,0,0],1,0,[0,1,0,0,0,0,0,0,0],0,0,[0,0,0,0,0,1,0,0,0],0,1},{'A',[0,0,0,0,0,-1,0,0,1],1,0,[0,0,0,0,0,0,0,0,1],0,0,[0,0,0,0,0,-1,0,0,0],0,0},{'A',[0,1,0,0,4,2,0,0,0],2,0,[0,0,0,0,1,0,0,0,0],0,2,[0,1,0,0,0,2,0,0,0],1,0},{'A',[0,0,0,0,0,0,1,1,0],1,0,[0,0,0,0,0,0,0,1,0],0,0,[0,0,0,0,0,0,1,0,0],0,0},{'A',[0,0,1,0,0,-1,0,0,1],2,0,[0,0,0,0,0,-1,0,0,1],1,0,[0,0,1,0,0,0,0,0,0],0,0},{'A',[0,0,0,0,0,0,-7,-7,0],2,0,[0,0,0,0,0,0,1,1,0],1,0,[0,0,0,0,0,0,-1,-1,0],1,3},{'A',[1,0,-1,0,0,1,0,0,-1],3,0,[1,0,0,0,0,0,0,0,0],0,0,[0,0,-1,0,0,1,0,0,-1],2,0},{'A',[0,0,2,1,0,-2,0,0,2],3,0,[0,0,1,0,0,-1,0,0,1],2,1,[0,0,0,1,0,0,0,0,0],0,0},{'A',[0,0,-2,-1,0,2,-7,-7,-2],4,0,[0,0,0,0,0,0,-7,-7,0],2,0,[0,0,-2,-1,0,2,0,0,-2],3,0},{'A',[1,0,-3,-1,0,3,-7,-7,-3],5,0,[0,0,-2,-1,0,2,-7,-7,-2],4,0,[1,0,-1,0,0,1,0,0,-1],3,0},{'A',[1,1,-3,-1,4,5,-7,-7,-3],6,0,[0,1,0,0,4,2,0,0,0],2,0,[1,0,-3,-1,0,3,-7,-7,-3],5,0},{'O',[1,1,-3,-1,4,5,-7,-7,-3],6,[1,1,-3,-1,4,5,-7,-7,-3],6,0}}
Adder graph: {{'A',[0,0,0,0,0,0,1,1,0],1,0,[0,0,0,0,0,0,1,0,0],0,0,[0,0,0,0,0,0,0,1,0],0,0},{'A',[0,0,1,0,0,0,0,0,1],1,0,[0,0,1,0,0,0,0,0,0],0,0,[0,0,0,0,0,0,0,0,1],0,0},{'A',[0,0,1,0,0,-1,0,0,1],2,0,[0,0,1,0,0,0,0,0,1],1,0,[0,0,0,0,0,-1,0,0,0],0,0},{'A',[0,0,1,0,0,-1,2,2,1],3,0,[0,0,1,0,0,-1,0,0,1],2,0,[0,0,0,0,0,0,1,1,0],1,1},{'A',[0,0,1,0,0,0,1,1,1],2,0,[0,0,1,0,0,0,0,0,1],1,0,[0,0,0,0,0,0,1,1,0],1,0},{'A',[1,0,0,0,0,1,0,0,0],1,0,[1,0,0,0,0,0,0,0,0],0,0,[0,0,0,0,0,1,0,0,0],0,0},{'A',[1,0,1,0,0,1,1,1,1],3,0,[1,0,0,0,0,1,0,0,0],1,0,[0,0,1,0,0,0,1,1,1],2,0},{'A',[0,1,0,0,4,0,0,0,0],1,0,[0,1,0,0,0,0,0,0,0],0,0,[0,0,0,0,1,0,0,0,0],0,2},{'A',[1,1,1,0,4,1,1,1,1],4,0,[0,1,0,0,4,0,0,0,0],1,0,[1,0,1,0,0,1,1,1,1],3,0},{'A',[0,0,4,1,0,-4,8,8,4],4,0,[0,0,0,1,0,0,0,0,0],0,0,[0,0,1,0,0,-1,2,2,1],3,2},{'A',[-1,-1,3,1,-4,-5,7,7,3],5,0,[0,0,4,1,0,-4,8,8,4],4,0,[-1,-1,-1,0,-4,-1,-1,-1,-1],4,0},{'O',[1,1,-3,-1,4,5,-7,-7,-3],5,[1,1,-3,-1,4,5,-7,-7,-3],5,0}}
Adder graph: {{'A',[1,0,0,0,0,1,0,0,0],1,0,[1,0,0,0,0,0,0,0,0],0,0,[0,0,0,0,0,1,0,0,0],0,0},{'A',[1,0,0,0,4,1,0,0,0],2,0,[1,0,0,0,0,1,0,0,0],1,0,[0,0,0,0,1,0,0,0,0],0,2},{'A',[0,0,1,0,0,0,0,0,1],1,0,[0,0,0,0,0,0,0,0,1],0,0,[0,0,1,0,0,0,0,0,0],0,0},{'A',[0,1,0,0,0,4,0,0,0],1,0,[0,1,0,0,0,0,0,0,0],0,0,[0,0,0,0,0,1,0,0,0],0,2},{'A',[0,0,-3,0,0,0,0,0,-3],2,0,[0,0,1,0,0,0,0,0,1],1,0,[0,0,-1,0,0,0,0,0,-1],1,2},{'A',[-1,0,0,1,-4,-1,0,0,0],3,0,[0,0,0,1,0,0,0,0,0],0,0,[-1,0,0,0,-4,-1,0,0,0],2,0},{'A',[0,1,-3,0,0,4,0,0,-3],3,0,[0,1,0,0,0,4,0,0,0],1,0,[0,0,-3,0,0,0,0,0,-3],2,0},{'A',[0,0,0,0,0,0,1,1,0],1,0,[0,0,0,0,0,0,1,0,0],0,0,[0,0,0,0,0,0,0,1,0],0,0},{'A',[0,1,-3,0,0,4,1,1,-3],4,0,[0,1,-3,0,0,4,0,0,-3],3,0,[0,0,0,0,0,0,1,1,0],1,0},{'A',[0,1,-3,0,0,4,-7,-7,-3],5,0,[0,1,-3,0,0,4,1,1,-3],4,0,[0,0,0,0,0,0,-1,-1,0],1,3},{'A',[-1,-1,3,1,-4,-5,7,7,3],6,0,[-1,0,0,1,-4,-1,0,0,0],3,0,[0,-1,3,0,0,-4,7,7,3],5,0},{'O',[1,1,-3,-1,4,5,-7,-7,-3],6,[1,1,-3,-1,4,5,-7,-7,-3],6,0}}
Adder graph: {{'A',[0,0,0,0,0,0,1,1,0],1,0,[0,0,0,0,0,0,0,1,0],0,0,[0,0,0,0,0,0,1,0,0],0,0},{'A',[1,0,0,0,0,0,1,1,0],2,0,[0,0,0,0,0,0,1,1,0],1,0,[1,0,0,0,0,0,0,0,0],0,0},{'A',[0,0,1,0,0,0,0,0,1],1,0,[0,0,0,0,0,0,0,0,1],0,0,[0,0,1,0,0,0,0,0,0],0,0},{'A',[0,0,-1,0,0,1,0,0,-1],2,0,[0,0,0,0,0,1,0,0,0],0,0,[0,0,-1,0,0,0,0,0,-1],1,0},{'A',[0,0,0,1,0,-2,0,0,0],1,0,[0,0,0,1,0,0,0,0,0],0,0,[0,0,0,0,0,-1,0,0,0],0,1},{'A',[0,-1,0,1,0,-2,0,0,0],2,0,[0,0,0,1,0,-2,0,0,0],1,0,[0,-1,0,0,0,0,0,0,0],0,0},{'A',[1,0,0,0,0,0,-7,-7,0],3,0,[1,0,0,0,0,0,1,1,0],2,0,[0,0,0,0,0,0,-1,-1,0],1,3},{'A',[0,0,-1,0,-4,1,0,0,-1],3,0,[0,0,-1,0,0,1,0,0,-1],2,0,[0,0,0,0,-1,0,0,0,0],0,2},{'A',[1,1,0,-1,0,2,-7,-7,0],4,0,[1,0,0,0,0,0,-7,-7,0],3,0,[0,1,0,-1,0,2,0,0,0],2,0},{'A',[0,0,3,0,-4,-3,0,0,3],4,0,[0,0,-1,0,-4,1,0,0,-1],3,0,[0,0,1,0,0,-1,0,0,1],2,2},{'A',[1,1,-3,-1,4,5,-7,-7,-3],5,0,[1,1,0,-1,0,2,-7,-7,0],4,0,[0,0,-3,0,4,3,0,0,-3],4,0},{'O',[1,1,-3,-1,4,5,-7,-7,-3],5,[1,1,-3,-1,4,5,-7,-7,-3],5,0}}
Adder graph: {{'A',[0,0,1,0,0,0,0,0,1],1,0,[0,0,0,0,0,0,0,0,1],0,0,[0,0,1,0,0,0,0,0,0],0,0},{'A',[0,1,0,0,0,1,0,0,0],1,0,[0,1,0,0,0,0,0,0,0],0,0,[0,0,0,0,0,1,0,0,0],0,0},{'A',[0,0,0,1,-4,0,0,0,0],1,0,[0,0,0,1,0,0,0,0,0],0,0,[0,0,0,0,-1,0,0,0,0],0,2},{'A',[0,-1,1,0,0,-1,0,0,1],2,0,[0,0,1,0,0,0,0,0,1],1,0,[0,-1,0,0,0,-1,0,0,0],1,0},{'A',[0,0,0,0,0,0,1,1,0],1,0,[0,0,0,0,0,0,0,1,0],0,0,[0,0,0,0,0,0,1,0,0],0,0},{'A',[1,0,0,0,0,0,1,1,0],2,0,[1,0,0,0,0,0,0,0,0],0,0,[0,0,0,0,0,0,1,1,0],1,0},{'A',[0,-1,3,0,0,-1,0,0,3],3,0,[0,0,1,0,0,0,0,0,1],1,1,[0,-1,1,0,0,-1,0,0,1],2,0},{'A',[1,0,0,0,0,4,1,1,0],3,0,[1,0,0,0,0,0,1,1,0],2,0,[0,0,0,0,0,1,0,0,0],0,2},{'A',[1,0,0,-1,4,4,1,1,0],4,0,[1,0,0,0,0,4,1,1,0],3,0,[0,0,0,-1,4,0,0,0,0],1,0},{'A',[0,-1,3,0,0,-1,8,8,3],4,0,[0,0,0,0,0,0,1,1,0],1,3,[0,-1,3,0,0,-1,0,0,3],3,0},{'A',[1,1,-3,-1,4,5,-7,-7,-3],5,0,[1,0,0,-1,4,4,1,1,0],4,0,[0,1,-3,0,0,1,-8,-8,-3],4,0},{'O',[1,1,-3,-1,4,5,-7,-7,-3],5,[1,1,-3,-1,4,5,-7,-7,-3],5,0}}
Adder graph: {{'A',[0,0,1,0,0,0,0,0,1],1,0,[0,0,0,0,0,0,0,0,1],0,0,[0,0,1,0,0,0,0,0,0],0,0},{'A',[0,1,0,0,0,1,0,0,0],1,0,[0,0,0,0,0,1,0,0,0],0,0,[0,1,0,0,0,0,0,0,0],0,0},{'A',[0,0,1,0,0,-2,0,0,1],2,0,[0,0,1,0,0,0,0,0,1],1,0,[0,0,0,0,0,-1,0,0,0],0,1},{'A',[0,0,0,0,0,0,1,1,0],1,0,[0,0,0,0,0,0,1,0,0],0,0,[0,0,0,0,0,0,0,1,0],0,0},{'A',[1,0,0,-1,0,0,0,0,0],1,0,[1,0,0,0,0,0,0,0,0],0,0,[0,0,0,-1,0,0,0,0,0],0,0},{'A',[-1,0,1,1,0,0,0,0,1],2,0,[0,0,1,0,0,0,0,0,1],1,0,[-1,0,0,1,0,0,0,0,0],1,0},{'A',[0,1,0,0,0,1,1,1,0],2,0,[0,0,0,0,0,0,1,1,0],1,0,[0,1,0,0,0,1,0,0,0],1,0},{'A',[-1,-1,1,1,0,-1,-1,-1,1],3,0,[-1,0,1,1,0,0,0,0,1],2,0,[0,-1,0,0,0,-1,-1,-1,0],2,0},{'A',[0,0,0,0,1,0,-2,-2,0],2,0,[0,0,0,0,1,0,0,0,0],0,0,[0,0,0,0,0,0,-1,-1,0],1,1},{'A',[0,0,1,0,-2,-2,4,4,1],3,0,[0,0,1,0,0,-2,0,0,1],2,0,[0,0,0,0,-1,0,2,2,0],2,1},{'A',[-1,-1,3,1,-4,-5,7,7,3],4,0,[-1,-1,1,1,0,-1,-1,-1,1],3,0,[0,0,1,0,-2,-2,4,4,1],3,1},{'O',[1,1,-3,-1,4,5,-7,-7,-3],4,[1,1,-3,-1,4,5,-7,-7,-3],4,0}}
Adder graph: {{'A',[0,0,1,0,0,0,0,0,1],1,0,[0,0,0,0,0,0,0,0,1],0,0,[0,0,1,0,0,0,0,0,0],0,0},{'A',[0,0,1,0,0,-1,0,0,1],2,0,[0,0,1,0,0,0,0,0,1],1,0,[0,0,0,0,0,-1,0,0,0],0,0},{'A',[-1,0,0,1,0,0,0,0,0],1,0,[0,0,0,1,0,0,0,0,0],0,0,[-1,0,0,0,0,0,0,0,0],0,0},{'A',[-1,0,-1,1,0,0,0,0,-1],2,0,[-1,0,0,1,0,0,0,0,0],1,0,[0,0,-1,0,0,0,0,0,-1],1,0},{'A',[-1,0,-1,1,-4,0,0,0,-1],3,0,[-1,0,-1,1,0,0,0,0,-1],2,0,[0,0,0,0,-1,0,0,0,0],0,2},{'A',[0,0,0,0,0,0,1,1,0],1,0,[0,0,0,0,0,0,0,1,0],0,0,[0,0,0,0,0,0,1,0,0],0,0},{'A',[0,1,0,0,0,1,0,0,0],1,0,[0,0,0,0,0,1,0,0,0],0,0,[0,1,0,0,0,0,0,0,0],0,0},{'A',[0,1,0,0,0,1,1,1,0],2,0,[0,0,0,0,0,0,1,1,0],1,0,[0,1,0,0,0,1,0,0,0],1,0},{'A',[0,1,0,0,0,1,-7,-7,0],3,0,[0,1,0,0,0,1,1,1,0],2,0,[0,0,0,0,0,0,-1,-1,0],1,3},{'A',[-1,0,3,1,-4,-4,0,0,3],4,0,[0,0,1,0,0,-1,0,0,1],2,2,[-1,0,-1,1,-4,0,0,0,-1],3,0},{'A',[-1,-1,3,1,-4,-5,7,7,3],5,0,[-1,0,3,1,-4,-4,0,0,3],4,0,[0,-1,0,0,0,-1,7,7,0],3,0},{'O',[1,1,-3,-1,4,5,-7,-7,-3],5,[1,1,-3,-1,4,5,-7,-7,-3],5,0}}
Finished solving after 165068 seconds
Adder graph: {{'A',[0,0,1,0,0,0,0,0,1],1,0,[0,0,0,0,0,0,0,0,1],0,0,[0,0,1,0,0,0,0,0,0],0,0},{'A',[0,0,1,0,0,-1,0,0,1],2,0,[0,0,1,0,0,0,0,0,1],1,0,[0,0,0,0,0,-1,0,0,0],0,0},{'A',[-1,0,0,1,0,0,0,0,0],1,0,[0,0,0,1,0,0,0,0,0],0,0,[-1,0,0,0,0,0,0,0,0],0,0},{'A',[-1,0,-1,1,0,0,0,0,-1],2,0,[-1,0,0,1,0,0,0,0,0],1,0,[0,0,-1,0,0,0,0,0,-1],1,0},{'A',[-1,0,-1,1,-4,0,0,0,-1],3,0,[-1,0,-1,1,0,0,0,0,-1],2,0,[0,0,0,0,-1,0,0,0,0],0,2},{'A',[0,0,0,0,0,0,1,1,0],1,0,[0,0,0,0,0,0,0,1,0],0,0,[0,0,0,0,0,0,1,0,0],0,0},{'A',[0,1,0,0,0,1,0,0,0],1,0,[0,0,0,0,0,1,0,0,0],0,0,[0,1,0,0,0,0,0,0,0],0,0},{'A',[0,1,0,0,0,1,1,1,0],2,0,[0,0,0,0,0,0,1,1,0],1,0,[0,1,0,0,0,1,0,0,0],1,0},{'A',[0,1,0,0,0,1,-7,-7,0],3,0,[0,1,0,0,0,1,1,1,0],2,0,[0,0,0,0,0,0,-1,-1,0],1,3},{'A',[-1,0,3,1,-4,-4,0,0,3],4,0,[0,0,1,0,0,-1,0,0,1],2,2,[-1,0,-1,1,-4,0,0,0,-1],3,0},{'A',[-1,-1,3,1,-4,-5,7,7,3],5,0,[-1,0,3,1,-4,-4,0,0,3],4,0,[0,-1,0,0,0,-1,7,7,0],3,0},{'O',[1,1,-3,-1,4,5,-7,-7,-3],5,[1,1,-3,-1,4,5,-7,-7,-3],5,0}}
#Add optimal = 0
#FAs optimal = 0
