Adder graph: {{'A',[0,1,0,0,0,0,0,0,1],1,0,[0,0,0,0,0,0,0,0,1],0,0,[0,1,0,0,0,0,0,0,0],0,0},{'A',[0,0,0,0,-1,0,1,0,0],1,0,[0,0,0,0,0,0,1,0,0],0,0,[0,0,0,0,-1,0,0,0,0],0,0},{'A',[0,0,0,1,0,0,0,1,0],1,0,[0,0,0,1,0,0,0,0,0],0,0,[0,0,0,0,0,0,0,1,0],0,0},{'A',[0,1,1,0,0,0,0,0,1],2,0,[0,1,0,0,0,0,0,0,1],1,0,[0,0,1,0,0,0,0,0,0],0,0},{'A',[0,0,0,0,-1,0,1,1,0],2,0,[0,0,0,0,0,0,0,1,0],0,0,[0,0,0,0,-1,0,1,0,0],1,0},{'A',[1,0,0,0,-1,0,1,1,0],3,0,[1,0,0,0,0,0,0,0,0],0,0,[0,0,0,0,-1,0,1,1,0],2,0},{'A',[0,0,0,2,0,-1,0,2,0],2,0,[0,0,0,1,0,0,0,1,0],1,1,[0,0,0,0,0,-1,0,0,0],0,0},{'A',[0,0,0,-2,-8,1,8,-2,0],3,0,[0,0,0,0,-1,0,1,0,0],1,3,[0,0,0,-2,0,1,0,-2,0],2,0},{'A',[0,0,0,6,-8,-3,8,6,0],4,0,[0,0,0,2,0,-1,0,2,0],2,2,[0,0,0,-2,-8,1,8,-2,0],3,0},{'A',[0,-2,-2,6,-8,-3,8,6,-2],5,0,[0,0,0,6,-8,-3,8,6,0],4,0,[0,-1,-1,0,0,0,0,0,-1],2,1},{'A',[1,2,2,-6,7,3,-7,-5,2],6,0,[1,0,0,0,-1,0,1,1,0],3,0,[0,2,2,-6,8,3,-8,-6,2],5,0},{'O',[1,2,2,-6,7,3,-7,-5,2],6,[1,2,2,-6,7,3,-7,-5,2],6,0}}
Adder graph: {{'A',[0,0,0,0,-2,0,0,1,0],1,0,[0,0,0,0,0,0,0,1,0],0,0,[0,0,0,0,-1,0,0,0,0],0,1},{'A',[0,0,0,0,-2,0,2,1,0],2,0,[0,0,0,0,0,0,1,0,0],0,1,[0,0,0,0,-2,0,0,1,0],1,0},{'A',[0,0,0,0,0,-2,0,1,0],1,0,[0,0,0,0,0,0,0,1,0],0,0,[0,0,0,0,0,-1,0,0,0],0,1},{'A',[0,1,1,0,0,0,0,0,0],1,0,[0,1,0,0,0,0,0,0,0],0,0,[0,0,1,0,0,0,0,0,0],0,0},{'A',[0,0,0,4,0,-2,0,1,0],2,0,[0,0,0,1,0,0,0,0,0],0,2,[0,0,0,0,0,-2,0,1,0],1,0},{'A',[2,0,0,4,0,-2,0,1,0],3,0,[1,0,0,0,0,0,0,0,0],0,1,[0,0,0,4,0,-2,0,1,0],2,0},{'A',[0,1,1,0,0,0,0,0,1],2,0,[0,0,0,0,0,0,0,0,1],0,0,[0,1,1,0,0,0,0,0,0],1,0},{'A',[0,1,1,0,4,0,-4,-2,1],3,0,[0,1,1,0,0,0,0,0,1],2,0,[0,0,0,0,2,0,-2,-1,0],2,1},{'A',[0,4,4,0,14,0,-14,-7,4],4,0,[0,0,0,0,-2,0,2,1,0],2,0,[0,1,1,0,4,0,-4,-2,1],3,2},{'A',[0,4,4,-16,14,8,-14,-11,4],5,0,[0,4,4,0,14,0,-14,-7,4],4,0,[0,0,0,-4,0,2,0,-1,0],2,2},{'A',[1,2,2,-6,7,3,-7,-5,2],6,1,[2,0,0,4,0,-2,0,1,0],3,0,[0,4,4,-16,14,8,-14,-11,4],5,0},{'O',[1,2,2,-6,7,3,-7,-5,2],6,[1,2,2,-6,7,3,-7,-5,2],6,0}}
Adder graph: {{'A',[0,1,1,0,0,0,0,0,0],1,0,[0,0,1,0,0,0,0,0,0],0,0,[0,1,0,0,0,0,0,0,0],0,0},{'A',[0,1,1,0,0,0,0,0,1],2,0,[0,0,0,0,0,0,0,0,1],0,0,[0,1,1,0,0,0,0,0,0],1,0},{'A',[0,-1,-1,0,0,0,0,2,-1],3,0,[0,0,0,0,0,0,0,1,0],0,1,[0,-1,-1,0,0,0,0,0,-1],2,0},{'A',[0,0,0,0,-1,0,1,0,0],1,0,[0,0,0,0,0,0,1,0,0],0,0,[0,0,0,0,-1,0,0,0,0],0,0},{'A',[0,0,0,0,1,0,-1,1,0],2,0,[0,0,0,0,0,0,0,1,0],0,0,[0,0,0,0,1,0,-1,0,0],1,0},{'A',[0,0,0,2,0,-1,0,0,0],1,0,[0,0,0,1,0,0,0,0,0],0,1,[0,0,0,0,0,-1,0,0,0],0,0},{'A',[1,0,0,0,-1,0,1,-1,0],3,0,[1,0,0,0,0,0,0,0,0],0,0,[0,0,0,0,-1,0,1,-1,0],2,0},{'A',[0,-2,-2,2,0,-1,0,4,-2],4,0,[0,-1,-1,0,0,0,0,2,-1],3,1,[0,0,0,2,0,-1,0,0,0],1,0},{'A',[0,0,0,2,-4,-1,4,0,0],2,0,[0,0,0,2,0,-1,0,0,0],1,0,[0,0,0,0,-1,0,1,0,0],1,2},{'A',[-1,0,0,4,-7,-2,7,1,0],4,0,[0,0,0,2,-4,-1,4,0,0],2,1,[-1,0,0,0,1,0,-1,1,0],3,0},{'A',[-1,-2,-2,6,-7,-3,7,5,-2],5,0,[-1,0,0,4,-7,-2,7,1,0],4,0,[0,-2,-2,2,0,-1,0,4,-2],4,0},{'O',[1,2,2,-6,7,3,-7,-5,2],5,[1,2,2,-6,7,3,-7,-5,2],5,0}}
Adder graph: {{'A',[0,0,0,0,-1,0,1,0,0],1,0,[0,0,0,0,0,0,1,0,0],0,0,[0,0,0,0,-1,0,0,0,0],0,0},{'A',[0,0,0,0,-1,0,1,-1,0],2,0,[0,0,0,0,-1,0,1,0,0],1,0,[0,0,0,0,0,0,0,-1,0],0,0},{'A',[0,0,0,-2,0,1,0,0,0],1,0,[0,0,0,0,0,1,0,0,0],0,0,[0,0,0,-1,0,0,0,0,0],0,1},{'A',[0,0,0,0,4,0,-4,0,1],2,0,[0,0,0,0,0,0,0,0,1],0,0,[0,0,0,0,1,0,-1,0,0],1,2},{'A',[0,-2,0,-2,0,1,0,0,0],2,0,[0,0,0,-2,0,1,0,0,0],1,0,[0,-1,0,0,0,0,0,0,0],0,1},{'A',[0,0,0,-4,4,2,-4,0,1],3,0,[0,0,0,-2,0,1,0,0,0],1,1,[0,0,0,0,4,0,-4,0,1],2,0},{'A',[1,0,0,0,0,0,0,-4,0],1,0,[1,0,0,0,0,0,0,0,0],0,0,[0,0,0,0,0,0,0,-1,0],0,2},{'A',[0,0,2,0,-1,0,1,-1,0],3,0,[0,0,0,0,-1,0,1,-1,0],2,0,[0,0,1,0,0,0,0,0,0],0,1},{'A',[0,0,2,-8,7,4,-7,-1,2],4,0,[0,0,2,0,-1,0,1,-1,0],3,0,[0,0,0,-4,4,2,-4,0,1],3,1},{'A',[-1,-2,0,-2,0,1,0,4,0],3,0,[0,-2,0,-2,0,1,0,0,0],2,0,[-1,0,0,0,0,0,0,4,0],1,0},{'A',[-1,-2,-2,6,-7,-3,7,5,-2],5,0,[-1,-2,0,-2,0,1,0,4,0],3,0,[0,0,-2,8,-7,-4,7,1,-2],4,0},{'O',[1,2,2,-6,7,3,-7,-5,2],5,[1,2,2,-6,7,3,-7,-5,2],5,0}}
Adder graph: {{'A',[0,0,0,0,1,0,-1,0,0],1,0,[0,0,0,0,1,0,0,0,0],0,0,[0,0,0,0,0,0,-1,0,0],0,0},{'A',[0,0,0,0,1,0,-1,0,-2],2,0,[0,0,0,0,1,0,-1,0,0],1,0,[0,0,0,0,0,0,0,0,-1],0,1},{'A',[0,0,0,0,1,0,-1,1,-2],3,0,[0,0,0,0,1,0,-1,0,-2],2,0,[0,0,0,0,0,0,0,1,0],0,0},{'A',[0,0,0,0,-2,0,2,1,0],2,0,[0,0,0,0,0,0,0,1,0],0,0,[0,0,0,0,-1,0,1,0,0],1,1},{'A',[0,0,0,-2,0,1,0,0,0],1,0,[0,0,0,0,0,1,0,0,0],0,0,[0,0,0,-1,0,0,0,0,0],0,1},{'A',[0,1,1,0,0,0,0,0,0],1,0,[0,0,1,0,0,0,0,0,0],0,0,[0,1,0,0,0,0,0,0,0],0,0},{'A',[1,0,0,0,-1,0,1,-1,2],4,0,[1,0,0,0,0,0,0,0,0],0,0,[0,0,0,0,-1,0,1,-1,2],3,0},{'A',[1,0,0,-4,-1,2,1,-1,2],5,0,[0,0,0,-2,0,1,0,0,0],1,1,[1,0,0,0,-1,0,1,-1,2],4,0},{'A',[1,2,2,-4,-1,2,1,-1,2],6,0,[1,0,0,-4,-1,2,1,-1,2],5,0,[0,1,1,0,0,0,0,0,0],1,1},{'A',[1,2,2,-6,-1,3,1,-1,2],7,0,[0,0,0,-2,0,1,0,0,0],1,0,[1,2,2,-4,-1,2,1,-1,2],6,0},{'A',[1,2,2,-6,7,3,-7,-5,2],8,0,[1,2,2,-6,-1,3,1,-1,2],7,0,[0,0,0,0,2,0,-2,-1,0],2,2},{'O',[1,2,2,-6,7,3,-7,-5,2],8,[1,2,2,-6,7,3,-7,-5,2],8,0}}
Adder graph: {{'A',[0,0,0,0,0,1,0,1,0],1,0,[0,0,0,0,0,1,0,0,0],0,0,[0,0,0,0,0,0,0,1,0],0,0},{'A',[0,0,0,-2,0,1,0,1,0],2,0,[0,0,0,0,0,1,0,1,0],1,0,[0,0,0,-1,0,0,0,0,0],0,1},{'A',[0,0,0,0,1,0,-1,0,0],1,0,[0,0,0,0,1,0,0,0,0],0,0,[0,0,0,0,0,0,-1,0,0],0,0},{'A',[-1,0,0,0,1,0,-1,0,0],2,0,[0,0,0,0,1,0,-1,0,0],1,0,[-1,0,0,0,0,0,0,0,0],0,0},{'A',[0,0,2,-2,0,1,0,1,0],3,0,[0,0,1,0,0,0,0,0,0],0,1,[0,0,0,-2,0,1,0,1,0],2,0},{'A',[0,0,0,-2,0,1,0,1,1],3,0,[0,0,0,-2,0,1,0,1,0],2,0,[0,0,0,0,0,0,0,0,1],0,0},{'A',[0,0,0,-2,0,1,0,-3,1],4,0,[0,0,0,-2,0,1,0,1,1],3,0,[0,0,0,0,0,0,0,-1,0],0,2},{'A',[-1,0,0,0,-7,0,7,0,0],3,0,[-1,0,0,0,1,0,-1,0,0],2,0,[0,0,0,0,-1,0,1,0,0],1,3},{'A',[0,0,2,-6,0,3,0,-5,2],5,0,[0,0,2,-2,0,1,0,1,0],3,0,[0,0,0,-2,0,1,0,-3,1],4,1},{'A',[-1,-2,0,0,-7,0,7,0,0],4,0,[-1,0,0,0,-7,0,7,0,0],3,0,[0,-1,0,0,0,0,0,0,0],0,1},{'A',[-1,-2,-2,6,-7,-3,7,5,-2],6,0,[-1,-2,0,0,-7,0,7,0,0],4,0,[0,0,-2,6,0,-3,0,5,-2],5,0},{'O',[1,2,2,-6,7,3,-7,-5,2],6,[1,2,2,-6,7,3,-7,-5,2],6,0}}
Adder graph: {{'A',[0,0,0,0,-1,0,1,0,0],1,0,[0,0,0,0,0,0,1,0,0],0,0,[0,0,0,0,-1,0,0,0,0],0,0},{'A',[0,0,0,0,0,0,0,-2,1],1,0,[0,0,0,0,0,0,0,0,1],0,0,[0,0,0,0,0,0,0,-1,0],0,1},{'A',[0,0,0,0,1,1,-1,0,0],2,0,[0,0,0,0,0,1,0,0,0],0,0,[0,0,0,0,1,0,-1,0,0],1,0},{'A',[0,0,0,0,2,0,-2,-2,1],2,0,[0,0,0,0,0,0,0,-2,1],1,0,[0,0,0,0,1,0,-1,0,0],1,1},{'A',[0,0,0,-2,1,1,-1,0,0],3,0,[0,0,0,0,1,1,-1,0,0],2,0,[0,0,0,-1,0,0,0,0,0],0,1},{'A',[1,0,0,0,0,0,0,-1,0],1,0,[1,0,0,0,0,0,0,0,0],0,0,[0,0,0,0,0,0,0,-1,0],0,0},{'A',[1,0,0,-2,1,1,-1,-1,0],4,0,[0,0,0,-2,1,1,-1,0,0],3,0,[1,0,0,0,0,0,0,-1,0],1,0},{'A',[0,1,1,0,0,0,0,0,0],1,0,[0,0,1,0,0,0,0,0,0],0,0,[0,1,0,0,0,0,0,0,0],0,0},{'A',[0,1,1,-2,1,1,-1,0,0],4,0,[0,1,1,0,0,0,0,0,0],1,0,[0,0,0,-2,1,1,-1,0,0],3,0},{'A',[0,1,1,-2,3,1,-3,-2,1],5,0,[0,1,1,-2,1,1,-1,0,0],4,0,[0,0,0,0,2,0,-2,-2,1],2,0},{'A',[1,2,2,-6,7,3,-7,-5,2],6,0,[1,0,0,-2,1,1,-1,-1,0],4,0,[0,1,1,-2,3,1,-3,-2,1],5,1},{'O',[1,2,2,-6,7,3,-7,-5,2],6,[1,2,2,-6,7,3,-7,-5,2],6,0}}
Adder graph: {{'A',[0,0,0,0,0,0,1,1,0],1,0,[0,0,0,0,0,0,0,1,0],0,0,[0,0,0,0,0,0,1,0,0],0,0},{'A',[0,0,0,-2,0,1,0,0,0],1,0,[0,0,0,0,0,1,0,0,0],0,0,[0,0,0,-1,0,0,0,0,0],0,1},{'A',[0,0,0,0,1,0,-1,-1,0],2,0,[0,0,0,0,1,0,0,0,0],0,0,[0,0,0,0,0,0,-1,-1,0],1,0},{'A',[0,1,0,0,0,0,0,0,1],1,0,[0,0,0,0,0,0,0,0,1],0,0,[0,1,0,0,0,0,0,0,0],0,0},{'A',[0,0,1,0,0,0,0,1,0],1,0,[0,0,0,0,0,0,0,1,0],0,0,[0,0,1,0,0,0,0,0,0],0,0},{'A',[0,0,0,8,1,-4,-1,-1,0],3,0,[0,0,0,0,1,0,-1,-1,0],2,0,[0,0,0,2,0,-1,0,0,0],1,2},{'A',[1,0,2,0,0,0,0,2,0],2,0,[0,0,1,0,0,0,0,1,0],1,1,[1,0,0,0,0,0,0,0,0],0,0},{'A',[0,-2,0,-2,0,1,0,0,-2],2,0,[0,0,0,-2,0,1,0,0,0],1,0,[0,-1,0,0,0,0,0,0,-1],1,1},{'A',[1,0,2,0,8,0,-8,-6,0],3,0,[1,0,2,0,0,0,0,2,0],2,0,[0,0,0,0,1,0,-1,-1,0],2,3},{'A',[0,-2,0,6,1,-3,-1,-1,-2],4,0,[0,-2,0,-2,0,1,0,0,-2],2,0,[0,0,0,8,1,-4,-1,-1,0],3,0},{'A',[1,2,2,-6,7,3,-7,-5,2],5,0,[1,0,2,0,8,0,-8,-6,0],3,0,[0,2,0,-6,-1,3,1,1,2],4,0},{'O',[1,2,2,-6,7,3,-7,-5,2],5,[1,2,2,-6,7,3,-7,-5,2],5,0}}
Adder graph: {{'A',[0,0,0,0,1,0,-1,0,0],1,0,[0,0,0,0,1,0,0,0,0],0,0,[0,0,0,0,0,0,-1,0,0],0,0},{'A',[0,0,0,0,1,0,-1,1,0],2,0,[0,0,0,0,1,0,-1,0,0],1,0,[0,0,0,0,0,0,0,1,0],0,0},{'A',[0,0,0,-2,0,1,0,0,0],1,0,[0,0,0,0,0,1,0,0,0],0,0,[0,0,0,-1,0,0,0,0,0],0,1},{'A',[0,0,0,-2,1,1,-1,1,0],3,0,[0,0,0,-2,0,1,0,0,0],1,0,[0,0,0,0,1,0,-1,1,0],2,0},{'A',[0,0,1,0,0,0,0,0,1],1,0,[0,0,0,0,0,0,0,0,1],0,0,[0,0,1,0,0,0,0,0,0],0,0},{'A',[0,0,1,0,0,0,0,-2,1],2,0,[0,0,1,0,0,0,0,0,1],1,0,[0,0,0,0,0,0,0,-1,0],0,1},{'A',[1,2,0,0,0,0,0,0,0],1,0,[1,0,0,0,0,0,0,0,0],0,0,[0,1,0,0,0,0,0,0,0],0,1},{'A',[1,2,0,-8,0,4,0,0,0],2,0,[1,2,0,0,0,0,0,0,0],1,0,[0,0,0,-2,0,1,0,0,0],1,2},{'A',[1,2,0,-6,-1,3,1,-1,0],4,0,[1,2,0,-8,0,4,0,0,0],2,0,[0,0,0,2,-1,-1,1,-1,0],3,0},{'A',[0,0,1,0,4,0,-4,-2,1],3,0,[0,0,0,0,1,0,-1,0,0],1,2,[0,0,1,0,0,0,0,-2,1],2,0},{'A',[1,2,2,-6,7,3,-7,-5,2],5,0,[0,0,1,0,4,0,-4,-2,1],3,1,[1,2,0,-6,-1,3,1,-1,0],4,0},{'O',[1,2,2,-6,7,3,-7,-5,2],5,[1,2,2,-6,7,3,-7,-5,2],5,0}}
Adder graph: {{'A',[0,0,-1,0,0,0,0,1,0],1,0,[0,0,0,0,0,0,0,1,0],0,0,[0,0,-1,0,0,0,0,0,0],0,0},{'A',[0,1,0,0,0,0,0,0,1],1,0,[0,1,0,0,0,0,0,0,0],0,0,[0,0,0,0,0,0,0,0,1],0,0},{'A',[0,0,0,0,0,1,0,-1,0],1,0,[0,0,0,0,0,1,0,0,0],0,0,[0,0,0,0,0,0,0,-1,0],0,0},{'A',[0,0,0,0,1,0,-1,0,0],1,0,[0,0,0,0,1,0,0,0,0],0,0,[0,0,0,0,0,0,-1,0,0],0,0},{'A',[-1,0,0,0,1,0,-1,0,0],2,0,[0,0,0,0,1,0,-1,0,0],1,0,[-1,0,0,0,0,0,0,0,0],0,0},{'A',[0,0,0,-2,0,1,0,-1,0],2,0,[0,0,0,0,0,1,0,-1,0],1,0,[0,0,0,-1,0,0,0,0,0],0,1},{'A',[-1,0,0,2,1,-1,-1,1,0],3,0,[-1,0,0,0,1,0,-1,0,0],2,0,[0,0,0,2,0,-1,0,1,0],2,0},{'A',[0,-1,-1,0,0,0,0,1,-1],2,0,[0,0,-1,0,0,0,0,1,0],1,0,[0,-1,0,0,0,0,0,0,-1],1,0},{'A',[0,1,1,-2,0,1,0,-2,1],3,0,[0,0,0,-2,0,1,0,-1,0],2,0,[0,1,1,0,0,0,0,-1,1],2,0},{'A',[0,1,1,-2,4,1,-4,-2,1],4,0,[0,1,1,-2,0,1,0,-2,1],3,0,[0,0,0,0,1,0,-1,0,0],1,2},{'A',[-1,-2,-2,6,-7,-3,7,5,-2],5,0,[-1,0,0,2,1,-1,-1,1,0],3,0,[0,-1,-1,2,-4,-1,4,2,-1],4,1},{'O',[1,2,2,-6,7,3,-7,-5,2],5,[1,2,2,-6,7,3,-7,-5,2],5,0}}
Finished solving after 203516 seconds
Adder graph: {{'A',[0,0,-1,0,0,0,0,1,0],1,0,[0,0,0,0,0,0,0,1,0],0,0,[0,0,-1,0,0,0,0,0,0],0,0},{'A',[0,1,0,0,0,0,0,0,1],1,0,[0,1,0,0,0,0,0,0,0],0,0,[0,0,0,0,0,0,0,0,1],0,0},{'A',[0,0,0,0,0,1,0,-1,0],1,0,[0,0,0,0,0,1,0,0,0],0,0,[0,0,0,0,0,0,0,-1,0],0,0},{'A',[0,0,0,0,1,0,-1,0,0],1,0,[0,0,0,0,1,0,0,0,0],0,0,[0,0,0,0,0,0,-1,0,0],0,0},{'A',[-1,0,0,0,1,0,-1,0,0],2,0,[0,0,0,0,1,0,-1,0,0],1,0,[-1,0,0,0,0,0,0,0,0],0,0},{'A',[0,0,0,-2,0,1,0,-1,0],2,0,[0,0,0,0,0,1,0,-1,0],1,0,[0,0,0,-1,0,0,0,0,0],0,1},{'A',[-1,0,0,2,1,-1,-1,1,0],3,0,[-1,0,0,0,1,0,-1,0,0],2,0,[0,0,0,2,0,-1,0,1,0],2,0},{'A',[0,-1,-1,0,0,0,0,1,-1],2,0,[0,0,-1,0,0,0,0,1,0],1,0,[0,-1,0,0,0,0,0,0,-1],1,0},{'A',[0,1,1,-2,0,1,0,-2,1],3,0,[0,0,0,-2,0,1,0,-1,0],2,0,[0,1,1,0,0,0,0,-1,1],2,0},{'A',[0,1,1,-2,4,1,-4,-2,1],4,0,[0,1,1,-2,0,1,0,-2,1],3,0,[0,0,0,0,1,0,-1,0,0],1,2},{'A',[-1,-2,-2,6,-7,-3,7,5,-2],5,0,[-1,0,0,2,1,-1,-1,1,0],3,0,[0,-1,-1,2,-4,-1,4,2,-1],4,1},{'O',[1,2,2,-6,7,3,-7,-5,2],5,[1,2,2,-6,7,3,-7,-5,2],5,0}}
#Add optimal = 0
#FAs optimal = 0
