Adder graph: {{'A',[0,0,1,0,0,0,0,0,1],1,0,[0,0,0,0,0,0,0,0,1],0,0,[0,0,1,0,0,0,0,0,0],0,0},{'A',[0,1,0,0,0,4,0,0,0],1,0,[0,1,0,0,0,0,0,0,0],0,0,[0,0,0,0,0,1,0,0,0],0,2},{'A',[0,0,0,0,0,0,1,1,0],1,0,[0,0,0,0,0,0,0,1,0],0,0,[0,0,0,0,0,0,1,0,0],0,0},{'A',[0,0,1,0,0,0,1,1,1],2,0,[0,0,0,0,0,0,1,1,0],1,0,[0,0,1,0,0,0,0,0,1],1,0},{'A',[0,0,1,0,4,0,1,1,1],3,0,[0,0,1,0,0,0,1,1,1],2,0,[0,0,0,0,1,0,0,0,0],0,2},{'A',[0,0,8,0,-1,0,8,8,8],3,0,[0,0,1,0,0,0,1,1,1],2,3,[0,0,0,0,-1,0,0,0,0],0,0},{'A',[0,0,8,-2,-1,0,8,8,8],4,0,[0,0,8,0,-1,0,8,8,8],3,0,[0,0,0,-1,0,0,0,0,0],0,1},{'A',[-4,0,8,-2,-1,0,8,8,8],5,0,[0,0,8,-2,-1,0,8,8,8],4,0,[-1,0,0,0,0,0,0,0,0],0,2},{'A',[4,1,-8,2,1,4,-8,-8,-8],6,0,[0,1,0,0,0,4,0,0,0],1,0,[4,0,-8,2,1,0,-8,-8,-8],5,0},{'A',[4,1,-7,2,5,4,-7,-7,-7],7,0,[4,1,-8,2,1,4,-8,-8,-8],6,0,[0,0,1,0,4,0,1,1,1],3,0},{'O',[4,1,-7,2,5,4,-7,-7,-7],7,[4,1,-7,2,5,4,-7,-7,-7],7,0}}
Adder graph: {{'A',[0,0,0,0,1,0,0,0,-1],1,0,[0,0,0,0,1,0,0,0,0],0,0,[0,0,0,0,0,0,0,0,-1],0,0},{'A',[0,0,0,0,1,0,-1,0,-1],2,0,[0,0,0,0,1,0,0,0,-1],1,0,[0,0,0,0,0,0,-1,0,0],0,0},{'A',[0,0,-1,0,1,0,-1,0,-1],3,0,[0,0,0,0,1,0,-1,0,-1],2,0,[0,0,-1,0,0,0,0,0,0],0,0},{'A',[0,0,-1,0,1,0,-1,-1,-1],4,0,[0,0,-1,0,1,0,-1,0,-1],3,0,[0,0,0,0,0,0,0,-1,0],0,0},{'A',[0,0,-1,0,1,-4,-1,-1,-1],5,0,[0,0,-1,0,1,0,-1,-1,-1],4,0,[0,0,0,0,0,-1,0,0,0],0,2},{'A',[0,1,0,2,0,0,0,0,0],1,0,[0,0,0,1,0,0,0,0,0],0,1,[0,1,0,0,0,0,0,0,0],0,0},{'A',[0,0,-1,0,3,-4,-1,-1,-1],6,0,[0,0,-1,0,1,-4,-1,-1,-1],5,0,[0,0,0,0,1,0,0,0,0],0,1},{'A',[1,0,-2,0,2,0,-2,-2,-2],5,0,[0,0,-1,0,1,0,-1,-1,-1],4,1,[1,0,0,0,0,0,0,0,0],0,0},{'A',[4,1,-8,2,8,0,-8,-8,-8],6,0,[1,0,-2,0,2,0,-2,-2,-2],5,2,[0,1,0,2,0,0,0,0,0],1,0},{'A',[-4,-1,7,-2,-5,-4,7,7,7],7,0,[0,0,-1,0,3,-4,-1,-1,-1],6,0,[-4,-1,8,-2,-8,0,8,8,8],6,0},{'O',[4,1,-7,2,5,4,-7,-7,-7],7,[4,1,-7,2,5,4,-7,-7,-7],7,0}}
Adder graph: {{'A',[4,0,0,0,1,0,0,0,0],1,0,[1,0,0,0,0,0,0,0,0],0,2,[0,0,0,0,1,0,0,0,0],0,0},{'A',[4,0,0,2,1,0,0,0,0],2,0,[0,0,0,1,0,0,0,0,0],0,1,[4,0,0,0,1,0,0,0,0],1,0},{'A',[0,0,0,0,0,0,0,1,1],1,0,[0,0,0,0,0,0,0,0,1],0,0,[0,0,0,0,0,0,0,1,0],0,0},{'A',[0,1,0,0,4,0,0,0,0],1,0,[0,0,0,0,1,0,0,0,0],0,2,[0,1,0,0,0,0,0,0,0],0,0},{'A',[0,0,0,0,0,0,1,1,1],2,0,[0,0,0,0,0,0,0,1,1],1,0,[0,0,0,0,0,0,1,0,0],0,0},{'A',[0,0,1,0,0,0,1,1,1],3,0,[0,0,1,0,0,0,0,0,0],0,0,[0,0,0,0,0,0,1,1,1],2,0},{'A',[0,1,1,0,4,0,1,1,1],4,0,[0,0,1,0,0,0,1,1,1],3,0,[0,1,0,0,4,0,0,0,0],1,0},{'A',[0,1,1,0,4,4,1,1,1],5,0,[0,1,1,0,4,0,1,1,1],4,0,[0,0,0,0,0,1,0,0,0],0,2},{'A',[4,0,-8,2,1,0,-8,-8,-8],4,0,[4,0,0,2,1,0,0,0,0],2,0,[0,0,-1,0,0,0,-1,-1,-1],3,3},{'A',[4,1,-7,2,5,4,-7,-7,-7],6,0,[4,0,-8,2,1,0,-8,-8,-8],4,0,[0,1,1,0,4,4,1,1,1],5,0},{'O',[4,1,-7,2,5,4,-7,-7,-7],6,[4,1,-7,2,5,4,-7,-7,-7],6,0}}
Adder graph: {{'A',[0,0,0,0,0,0,1,0,1],1,0,[0,0,0,0,0,0,1,0,0],0,0,[0,0,0,0,0,0,0,0,1],0,0},{'A',[4,0,0,0,1,0,0,0,0],1,0,[0,0,0,0,1,0,0,0,0],0,0,[1,0,0,0,0,0,0,0,0],0,2},{'A',[0,0,0,0,0,0,1,1,1],2,0,[0,0,0,0,0,0,1,0,1],1,0,[0,0,0,0,0,0,0,1,0],0,0},{'A',[0,0,1,0,0,0,1,1,1],3,0,[0,0,1,0,0,0,0,0,0],0,0,[0,0,0,0,0,0,1,1,1],2,0},{'A',[4,0,0,2,1,0,0,0,0],2,0,[0,0,0,1,0,0,0,0,0],0,1,[4,0,0,0,1,0,0,0,0],1,0},{'A',[4,1,0,2,1,0,0,0,0],3,0,[0,1,0,0,0,0,0,0,0],0,0,[4,0,0,2,1,0,0,0,0],2,0},{'A',[4,1,-8,2,1,0,-8,-8,-8],4,0,[4,1,0,2,1,0,0,0,0],3,0,[0,0,-1,0,0,0,-1,-1,-1],3,3},{'A',[0,0,1,0,0,4,1,1,1],4,0,[0,0,1,0,0,0,1,1,1],3,0,[0,0,0,0,0,1,0,0,0],0,2},{'A',[0,0,1,0,4,4,1,1,1],5,0,[0,0,1,0,0,4,1,1,1],4,0,[0,0,0,0,1,0,0,0,0],0,2},{'A',[4,1,-7,2,5,4,-7,-7,-7],6,0,[0,0,1,0,4,4,1,1,1],5,0,[4,1,-8,2,1,0,-8,-8,-8],4,0},{'O',[4,1,-7,2,5,4,-7,-7,-7],6,[4,1,-7,2,5,4,-7,-7,-7],6,0}}
Adder graph: {{'A',[0,0,1,0,0,0,0,1,0],1,0,[0,0,1,0,0,0,0,0,0],0,0,[0,0,0,0,0,0,0,1,0],0,0},{'A',[0,0,0,0,0,0,1,0,1],1,0,[0,0,0,0,0,0,1,0,0],0,0,[0,0,0,0,0,0,0,0,1],0,0},{'A',[0,0,1,0,0,0,1,1,1],2,0,[0,0,0,0,0,0,1,0,1],1,0,[0,0,1,0,0,0,0,1,0],1,0},{'A',[0,0,1,2,0,0,1,1,1],3,0,[0,0,0,1,0,0,0,0,0],0,1,[0,0,1,0,0,0,1,1,1],2,0},{'A',[1,0,0,0,0,1,0,0,0],1,0,[1,0,0,0,0,0,0,0,0],0,0,[0,0,0,0,0,1,0,0,0],0,0},{'A',[0,1,0,0,4,0,0,0,0],1,0,[0,0,0,0,1,0,0,0,0],0,2,[0,1,0,0,0,0,0,0,0],0,0},{'A',[0,1,1,2,4,0,1,1,1],4,0,[0,0,1,2,0,0,1,1,1],3,0,[0,1,0,0,4,0,0,0,0],1,0},{'A',[4,0,0,0,1,4,0,0,0],2,0,[0,0,0,0,1,0,0,0,0],0,0,[1,0,0,0,0,1,0,0,0],1,2},{'A',[4,1,1,2,5,4,1,1,1],5,0,[0,1,1,2,4,0,1,1,1],4,0,[4,0,0,0,1,4,0,0,0],2,0},{'A',[4,1,-7,2,5,4,-7,-7,-7],6,0,[4,1,1,2,5,4,1,1,1],5,0,[0,0,-1,0,0,0,-1,-1,-1],2,3},{'O',[4,1,-7,2,5,4,-7,-7,-7],6,[4,1,-7,2,5,4,-7,-7,-7],6,0}}
Adder graph: {{'A',[0,0,0,0,0,0,1,1,0],1,0,[0,0,0,0,0,0,0,1,0],0,0,[0,0,0,0,0,0,1,0,0],0,0},{'A',[0,0,1,0,0,0,0,0,1],1,0,[0,0,0,0,0,0,0,0,1],0,0,[0,0,1,0,0,0,0,0,0],0,0},{'A',[0,0,1,0,0,0,1,1,1],2,0,[0,0,1,0,0,0,0,0,1],1,0,[0,0,0,0,0,0,1,1,0],1,0},{'A',[0,0,1,0,4,0,1,1,1],3,0,[0,0,1,0,0,0,1,1,1],2,0,[0,0,0,0,1,0,0,0,0],0,2},{'A',[0,1,0,0,1,0,0,0,0],1,0,[0,1,0,0,0,0,0,0,0],0,0,[0,0,0,0,1,0,0,0,0],0,0},{'A',[1,0,0,0,0,1,0,0,0],1,0,[0,0,0,0,0,1,0,0,0],0,0,[1,0,0,0,0,0,0,0,0],0,0},{'A',[0,1,0,2,1,0,0,0,0],2,0,[0,1,0,0,1,0,0,0,0],1,0,[0,0,0,1,0,0,0,0,0],0,1},{'A',[0,1,1,2,5,0,1,1,1],4,0,[0,0,1,0,4,0,1,1,1],3,0,[0,1,0,2,1,0,0,0,0],2,0},{'A',[4,1,1,2,5,4,1,1,1],5,0,[0,1,1,2,5,0,1,1,1],4,0,[1,0,0,0,0,1,0,0,0],1,2},{'A',[-4,-1,7,-2,-5,-4,7,7,7],6,0,[0,0,1,0,0,0,1,1,1],2,3,[-4,-1,-1,-2,-5,-4,-1,-1,-1],5,0},{'O',[4,1,-7,2,5,4,-7,-7,-7],6,[4,1,-7,2,5,4,-7,-7,-7],6,0}}
Adder graph: {{'A',[0,0,1,0,0,0,0,1,0],1,0,[0,0,0,0,0,0,0,1,0],0,0,[0,0,1,0,0,0,0,0,0],0,0},{'A',[1,0,0,0,0,1,0,0,0],1,0,[0,0,0,0,0,1,0,0,0],0,0,[1,0,0,0,0,0,0,0,0],0,0},{'A',[0,1,0,2,0,0,0,0,0],1,0,[0,1,0,0,0,0,0,0,0],0,0,[0,0,0,1,0,0,0,0,0],0,1},{'A',[0,1,0,2,1,0,0,0,0],2,0,[0,0,0,0,1,0,0,0,0],0,0,[0,1,0,2,0,0,0,0,0],1,0},{'A',[0,0,0,0,0,0,1,0,1],1,0,[0,0,0,0,0,0,1,0,0],0,0,[0,0,0,0,0,0,0,0,1],0,0},{'A',[0,1,0,2,5,0,0,0,0],3,0,[0,1,0,2,1,0,0,0,0],2,0,[0,0,0,0,1,0,0,0,0],0,2},{'A',[0,0,1,0,0,0,1,1,1],2,0,[0,0,1,0,0,0,0,1,0],1,0,[0,0,0,0,0,0,1,0,1],1,0},{'A',[4,1,0,2,5,4,0,0,0],4,0,[1,0,0,0,0,1,0,0,0],1,2,[0,1,0,2,5,0,0,0,0],3,0},{'A',[4,1,-8,2,5,4,-8,-8,-8],5,0,[4,1,0,2,5,4,0,0,0],4,0,[0,0,-1,0,0,0,-1,-1,-1],2,3},{'A',[4,1,-7,2,5,4,-7,-7,-7],6,0,[4,1,-8,2,5,4,-8,-8,-8],5,0,[0,0,1,0,0,0,1,1,1],2,0},{'O',[4,1,-7,2,5,4,-7,-7,-7],6,[4,1,-7,2,5,4,-7,-7,-7],6,0}}
Adder graph: {{'A',[0,0,1,0,0,0,1,0,0],1,0,[0,0,0,0,0,0,1,0,0],0,0,[0,0,1,0,0,0,0,0,0],0,0},{'A',[1,0,0,0,1,0,0,0,0],1,0,[0,0,0,0,1,0,0,0,0],0,0,[1,0,0,0,0,0,0,0,0],0,0},{'A',[0,0,0,0,0,0,0,1,1],1,0,[0,0,0,0,0,0,0,0,1],0,0,[0,0,0,0,0,0,0,1,0],0,0},{'A',[0,0,1,0,0,0,1,1,1],2,0,[0,0,0,0,0,0,0,1,1],1,0,[0,0,1,0,0,0,1,0,0],1,0},{'A',[0,0,-7,0,0,0,-7,-7,-7],3,0,[0,0,1,0,0,0,1,1,1],2,0,[0,0,-1,0,0,0,-1,-1,-1],2,3},{'A',[1,0,0,0,1,1,0,0,0],2,0,[0,0,0,0,0,1,0,0,0],0,0,[1,0,0,0,1,0,0,0,0],1,0},{'A',[0,1,0,0,1,0,0,0,0],1,0,[0,1,0,0,0,0,0,0,0],0,0,[0,0,0,0,1,0,0,0,0],0,0},{'A',[0,1,0,2,1,0,0,0,0],2,0,[0,1,0,0,1,0,0,0,0],1,0,[0,0,0,1,0,0,0,0,0],0,1},{'A',[4,1,0,2,5,4,0,0,0],3,0,[0,1,0,2,1,0,0,0,0],2,0,[1,0,0,0,1,1,0,0,0],2,2},{'A',[4,1,-7,2,5,4,-7,-7,-7],4,0,[0,0,-7,0,0,0,-7,-7,-7],3,0,[4,1,0,2,5,4,0,0,0],3,0},{'O',[4,1,-7,2,5,4,-7,-7,-7],4,[4,1,-7,2,5,4,-7,-7,-7],4,0}}
Adder graph: {{'A',[0,1,0,0,1,0,0,0,0],1,0,[0,0,0,0,1,0,0,0,0],0,0,[0,1,0,0,0,0,0,0,0],0,0},{'A',[0,0,1,0,0,0,0,0,1],1,0,[0,0,0,0,0,0,0,0,1],0,0,[0,0,1,0,0,0,0,0,0],0,0},{'A',[0,0,0,0,1,1,0,0,0],1,0,[0,0,0,0,0,1,0,0,0],0,0,[0,0,0,0,1,0,0,0,0],0,0},{'A',[0,1,0,2,1,0,0,0,0],2,0,[0,0,0,1,0,0,0,0,0],0,1,[0,1,0,0,1,0,0,0,0],1,0},{'A',[0,0,0,0,0,0,1,1,0],1,0,[0,0,0,0,0,0,1,0,0],0,0,[0,0,0,0,0,0,0,1,0],0,0},{'A',[0,0,1,0,0,0,1,1,1],2,0,[0,0,1,0,0,0,0,0,1],1,0,[0,0,0,0,0,0,1,1,0],1,0},{'A',[0,1,0,2,5,4,0,0,0],3,0,[0,1,0,2,1,0,0,0,0],2,0,[0,0,0,0,1,1,0,0,0],1,2},{'A',[4,0,1,0,0,0,1,1,1],3,0,[1,0,0,0,0,0,0,0,0],0,2,[0,0,1,0,0,0,1,1,1],2,0},{'A',[4,0,-7,0,0,0,-7,-7,-7],4,0,[4,0,1,0,0,0,1,1,1],3,0,[0,0,-1,0,0,0,-1,-1,-1],2,3},{'A',[4,1,-7,2,5,4,-7,-7,-7],5,0,[0,1,0,2,5,4,0,0,0],3,0,[4,0,-7,0,0,0,-7,-7,-7],4,0},{'O',[4,1,-7,2,5,4,-7,-7,-7],5,[4,1,-7,2,5,4,-7,-7,-7],5,0}}
Finished solving after 112858 seconds
Adder graph: {{'A',[0,1,0,0,1,0,0,0,0],1,0,[0,0,0,0,1,0,0,0,0],0,0,[0,1,0,0,0,0,0,0,0],0,0},{'A',[0,0,1,0,0,0,0,0,1],1,0,[0,0,0,0,0,0,0,0,1],0,0,[0,0,1,0,0,0,0,0,0],0,0},{'A',[0,0,0,0,1,1,0,0,0],1,0,[0,0,0,0,0,1,0,0,0],0,0,[0,0,0,0,1,0,0,0,0],0,0},{'A',[0,1,0,2,1,0,0,0,0],2,0,[0,0,0,1,0,0,0,0,0],0,1,[0,1,0,0,1,0,0,0,0],1,0},{'A',[0,0,0,0,0,0,1,1,0],1,0,[0,0,0,0,0,0,1,0,0],0,0,[0,0,0,0,0,0,0,1,0],0,0},{'A',[0,0,1,0,0,0,1,1,1],2,0,[0,0,1,0,0,0,0,0,1],1,0,[0,0,0,0,0,0,1,1,0],1,0},{'A',[0,1,0,2,5,4,0,0,0],3,0,[0,1,0,2,1,0,0,0,0],2,0,[0,0,0,0,1,1,0,0,0],1,2},{'A',[4,0,1,0,0,0,1,1,1],3,0,[1,0,0,0,0,0,0,0,0],0,2,[0,0,1,0,0,0,1,1,1],2,0},{'A',[4,0,-7,0,0,0,-7,-7,-7],4,0,[4,0,1,0,0,0,1,1,1],3,0,[0,0,-1,0,0,0,-1,-1,-1],2,3},{'A',[4,1,-7,2,5,4,-7,-7,-7],5,0,[0,1,0,2,5,4,0,0,0],3,0,[4,0,-7,0,0,0,-7,-7,-7],4,0},{'O',[4,1,-7,2,5,4,-7,-7,-7],5,[4,1,-7,2,5,4,-7,-7,-7],5,0}}
#Add optimal = 0
#FAs optimal = 0
