Adder graph: {{'A',[0,0,1,0,0,-1,0,0,0],1,0,[0,0,1,0,0,0,0,0,0],0,0,[0,0,0,0,0,-1,0,0,0],0,0},{'A',[0,0,1,1,0,-1,0,0,0],2,0,[0,0,1,0,0,-1,0,0,0],1,0,[0,0,0,1,0,0,0,0,0],0,0},{'A',[0,0,1,1,1,-1,0,0,0],3,0,[0,0,1,1,0,-1,0,0,0],2,0,[0,0,0,0,1,0,0,0,0],0,0},{'A',[0,-2,1,1,1,-1,0,0,0],4,0,[0,0,1,1,1,-1,0,0,0],3,0,[0,-1,0,0,0,0,0,0,0],0,1},{'A',[0,0,0,0,0,0,-1,1,0],1,0,[0,0,0,0,0,0,0,1,0],0,0,[0,0,0,0,0,0,-1,0,0],0,0},{'A',[-1,0,0,0,0,0,0,0,2],1,0,[0,0,0,0,0,0,0,0,1],0,1,[-1,0,0,0,0,0,0,0,0],0,0},{'A',[-2,0,0,0,0,0,-1,1,4],2,0,[0,0,0,0,0,0,-1,1,0],1,0,[-1,0,0,0,0,0,0,0,2],1,1},{'A',[0,0,-2,0,0,2,0,1,0],2,0,[0,0,0,0,0,0,0,1,0],0,0,[0,0,-1,0,0,1,0,0,0],1,1},{'A',[0,-2,-7,1,1,7,0,4,0],5,0,[0,0,-2,0,0,2,0,1,0],2,2,[0,-2,1,1,1,-1,0,0,0],4,0},{'A',[-4,-2,-7,1,1,7,-2,6,8],6,0,[0,-2,-7,1,1,7,0,4,0],5,0,[-2,0,0,0,0,0,-1,1,4],2,1},{'O',[4,2,7,-1,-1,-7,2,-6,-8],6,[4,2,7,-1,-1,-7,2,-6,-8],6,0}}
Adder graph: {{'A',[0,0,-1,0,0,1,0,0,0],1,0,[0,0,0,0,0,1,0,0,0],0,0,[0,0,-1,0,0,0,0,0,0],0,0},{'A',[0,0,0,1,0,0,0,-2,0],1,0,[0,0,0,1,0,0,0,0,0],0,0,[0,0,0,0,0,0,0,-1,0],0,1},{'A',[-4,0,0,0,1,0,0,0,0],1,0,[0,0,0,0,1,0,0,0,0],0,0,[-1,0,0,0,0,0,0,0,0],0,2},{'A',[0,2,-1,0,0,1,0,0,0],2,0,[0,0,-1,0,0,1,0,0,0],1,0,[0,1,0,0,0,0,0,0,0],0,1},{'A',[-4,0,0,0,1,0,-2,0,0],2,0,[-4,0,0,0,1,0,0,0,0],1,0,[0,0,0,0,0,0,-1,0,0],0,1},{'A',[0,0,0,1,0,0,0,6,0],2,0,[0,0,0,0,0,0,0,1,0],0,3,[0,0,0,1,0,0,0,-2,0],1,0},{'A',[0,0,-1,0,0,1,0,0,1],2,0,[0,0,0,0,0,0,0,0,1],0,0,[0,0,-1,0,0,1,0,0,0],1,0},{'A',[0,2,7,0,0,-7,0,0,-8],3,0,[0,2,-1,0,0,1,0,0,0],2,0,[0,0,1,0,0,-1,0,0,-1],2,3},{'A',[0,2,7,-1,0,-7,0,-6,-8],4,0,[0,2,7,0,0,-7,0,0,-8],3,0,[0,0,0,-1,0,0,0,-6,0],2,0},{'A',[-4,-2,-7,1,1,7,-2,6,8],5,0,[-4,0,0,0,1,0,-2,0,0],2,0,[0,-2,-7,1,0,7,0,6,8],4,0},{'O',[4,2,7,-1,-1,-7,2,-6,-8],5,[4,2,7,-1,-1,-7,2,-6,-8],5,0}}
Adder graph: {{'A',[0,1,0,0,0,0,0,1,0],1,0,[0,1,0,0,0,0,0,0,0],0,0,[0,0,0,0,0,0,0,1,0],0,0},{'A',[0,1,0,0,0,0,0,-3,0],2,0,[0,1,0,0,0,0,0,1,0],1,0,[0,0,0,0,0,0,0,-1,0],0,2},{'A',[0,0,0,1,0,0,-2,0,0],1,0,[0,0,0,1,0,0,0,0,0],0,0,[0,0,0,0,0,0,-1,0,0],0,1},{'A',[0,0,-1,0,0,1,0,0,0],1,0,[0,0,0,0,0,1,0,0,0],0,0,[0,0,-1,0,0,0,0,0,0],0,0},{'A',[1,0,0,0,0,0,0,0,-2],1,0,[1,0,0,0,0,0,0,0,0],0,0,[0,0,0,0,0,0,0,0,-1],0,1},{'A',[0,0,-1,-1,0,1,2,0,0],2,0,[0,0,-1,0,0,1,0,0,0],1,0,[0,0,0,-1,0,0,2,0,0],1,0},{'A',[0,-2,0,0,1,0,0,6,0],3,0,[0,0,0,0,1,0,0,0,0],0,0,[0,-1,0,0,0,0,0,3,0],2,1},{'A',[0,2,-1,-1,-1,1,2,-6,0],4,0,[0,0,-1,-1,0,1,2,0,0],2,0,[0,2,0,0,-1,0,0,-6,0],3,0},{'A',[1,0,2,0,0,-2,0,0,-2],2,0,[1,0,0,0,0,0,0,0,-2],1,0,[0,0,1,0,0,-1,0,0,0],1,1},{'A',[4,2,7,-1,-1,-7,2,-6,-8],5,0,[0,2,-1,-1,-1,1,2,-6,0],4,0,[1,0,2,0,0,-2,0,0,-2],2,2},{'O',[4,2,7,-1,-1,-7,2,-6,-8],5,[4,2,7,-1,-1,-7,2,-6,-8],5,0}}
Adder graph: {{'A',[0,0,0,0,0,0,0,-3,0],1,0,[0,0,0,0,0,0,0,1,0],0,0,[0,0,0,0,0,0,0,-1,0],0,2},{'A',[0,0,0,0,0,0,1,0,-4],1,0,[0,0,0,0,0,0,1,0,0],0,0,[0,0,0,0,0,0,0,0,-1],0,2},{'A',[0,0,-1,0,0,1,0,0,0],1,0,[0,0,0,0,0,1,0,0,0],0,0,[0,0,-1,0,0,0,0,0,0],0,0},{'A',[0,2,-1,0,0,1,0,0,0],2,0,[0,0,-1,0,0,1,0,0,0],1,0,[0,1,0,0,0,0,0,0,0],0,1},{'A',[0,0,0,1,1,0,0,0,0],1,0,[0,0,0,0,1,0,0,0,0],0,0,[0,0,0,1,0,0,0,0,0],0,0},{'A',[0,2,7,0,0,-7,0,0,0],3,0,[0,2,-1,0,0,1,0,0,0],2,0,[0,0,1,0,0,-1,0,0,0],1,3},{'A',[2,0,0,0,0,0,1,0,-4],2,0,[0,0,0,0,0,0,1,0,-4],1,0,[1,0,0,0,0,0,0,0,0],0,1},{'A',[4,2,7,0,0,-7,2,0,-8],4,0,[0,2,7,0,0,-7,0,0,0],3,0,[2,0,0,0,0,0,1,0,-4],2,1},{'A',[0,0,0,1,1,0,0,6,0],2,0,[0,0,0,1,1,0,0,0,0],1,0,[0,0,0,0,0,0,0,3,0],1,1},{'A',[-4,-2,-7,1,1,7,-2,6,8],5,0,[0,0,0,1,1,0,0,6,0],2,0,[-4,-2,-7,0,0,7,-2,0,8],4,0},{'O',[4,2,7,-1,-1,-7,2,-6,-8],5,[4,2,7,-1,-1,-7,2,-6,-8],5,0}}
Adder graph: {{'A',[0,0,0,0,0,0,1,1,0],1,0,[0,0,0,0,0,0,1,0,0],0,0,[0,0,0,0,0,0,0,1,0],0,0},{'A',[0,0,-1,0,0,1,0,0,0],1,0,[0,0,0,0,0,1,0,0,0],0,0,[0,0,-1,0,0,0,0,0,0],0,0},{'A',[0,2,-1,0,0,1,0,0,0],2,0,[0,0,-1,0,0,1,0,0,0],1,0,[0,1,0,0,0,0,0,0,0],0,1},{'A',[0,0,0,1,1,0,0,0,0],1,0,[0,0,0,1,0,0,0,0,0],0,0,[0,0,0,0,1,0,0,0,0],0,0},{'A',[0,0,0,0,0,0,1,-3,0],2,0,[0,0,0,0,0,0,1,1,0],1,0,[0,0,0,0,0,0,0,-1,0],0,2},{'A',[0,2,-1,0,0,1,2,-6,0],3,0,[0,2,-1,0,0,1,0,0,0],2,0,[0,0,0,0,0,0,1,-3,0],2,1},{'A',[0,0,-1,0,0,1,0,0,1],2,0,[0,0,-1,0,0,1,0,0,0],1,0,[0,0,0,0,0,0,0,0,1],0,0},{'A',[-4,0,0,1,1,0,0,0,0],2,0,[0,0,0,1,1,0,0,0,0],1,0,[-1,0,0,0,0,0,0,0,0],0,2},{'A',[0,2,7,0,0,-7,2,-6,-8],4,0,[0,2,-1,0,0,1,2,-6,0],3,0,[0,0,1,0,0,-1,0,0,-1],2,3},{'A',[4,2,7,-1,-1,-7,2,-6,-8],5,0,[0,2,7,0,0,-7,2,-6,-8],4,0,[4,0,0,-1,-1,0,0,0,0],2,0},{'O',[4,2,7,-1,-1,-7,2,-6,-8],5,[4,2,7,-1,-1,-7,2,-6,-8],5,0}}
Adder graph: {{'A',[0,0,-1,0,0,1,0,0,0],1,0,[0,0,0,0,0,1,0,0,0],0,0,[0,0,-1,0,0,0,0,0,0],0,0},{'A',[0,0,0,1,1,0,0,0,0],1,0,[0,0,0,1,0,0,0,0,0],0,0,[0,0,0,0,1,0,0,0,0],0,0},{'A',[0,0,-1,-1,-1,1,0,0,0],2,0,[0,0,-1,0,0,1,0,0,0],1,0,[0,0,0,-1,-1,0,0,0,0],1,0},{'A',[0,0,0,0,0,0,1,1,0],1,0,[0,0,0,0,0,0,0,1,0],0,0,[0,0,0,0,0,0,1,0,0],0,0},{'A',[2,1,0,0,0,0,0,0,0],1,0,[0,1,0,0,0,0,0,0,0],0,0,[1,0,0,0,0,0,0,0,0],0,1},{'A',[0,0,0,0,0,0,1,-3,0],2,0,[0,0,0,0,0,0,1,1,0],1,0,[0,0,0,0,0,0,0,-1,0],0,2},{'A',[2,1,0,0,0,0,1,-3,0],3,0,[0,0,0,0,0,0,1,-3,0],2,0,[2,1,0,0,0,0,0,0,0],1,0},{'A',[0,0,-1,-1,-1,1,0,0,-8],3,0,[0,0,-1,-1,-1,1,0,0,0],2,0,[0,0,0,0,0,0,0,0,-1],0,3},{'A',[0,0,7,-1,-1,-7,0,0,-8],4,0,[0,0,-1,-1,-1,1,0,0,-8],3,0,[0,0,1,0,0,-1,0,0,0],1,3},{'A',[4,2,7,-1,-1,-7,2,-6,-8],5,0,[2,1,0,0,0,0,1,-3,0],3,1,[0,0,7,-1,-1,-7,0,0,-8],4,0},{'O',[4,2,7,-1,-1,-7,2,-6,-8],5,[4,2,7,-1,-1,-7,2,-6,-8],5,0}}
Finished solving after 113898 seconds
Adder graph: {{'A',[0,0,-1,0,0,1,0,0,0],1,0,[0,0,0,0,0,1,0,0,0],0,0,[0,0,-1,0,0,0,0,0,0],0,0},{'A',[0,0,0,1,1,0,0,0,0],1,0,[0,0,0,1,0,0,0,0,0],0,0,[0,0,0,0,1,0,0,0,0],0,0},{'A',[0,0,-1,-1,-1,1,0,0,0],2,0,[0,0,-1,0,0,1,0,0,0],1,0,[0,0,0,-1,-1,0,0,0,0],1,0},{'A',[0,0,0,0,0,0,1,1,0],1,0,[0,0,0,0,0,0,0,1,0],0,0,[0,0,0,0,0,0,1,0,0],0,0},{'A',[2,1,0,0,0,0,0,0,0],1,0,[0,1,0,0,0,0,0,0,0],0,0,[1,0,0,0,0,0,0,0,0],0,1},{'A',[0,0,0,0,0,0,1,-3,0],2,0,[0,0,0,0,0,0,1,1,0],1,0,[0,0,0,0,0,0,0,-1,0],0,2},{'A',[2,1,0,0,0,0,1,-3,0],3,0,[0,0,0,0,0,0,1,-3,0],2,0,[2,1,0,0,0,0,0,0,0],1,0},{'A',[0,0,-1,-1,-1,1,0,0,-8],3,0,[0,0,-1,-1,-1,1,0,0,0],2,0,[0,0,0,0,0,0,0,0,-1],0,3},{'A',[0,0,7,-1,-1,-7,0,0,-8],4,0,[0,0,-1,-1,-1,1,0,0,-8],3,0,[0,0,1,0,0,-1,0,0,0],1,3},{'A',[4,2,7,-1,-1,-7,2,-6,-8],5,0,[2,1,0,0,0,0,1,-3,0],3,1,[0,0,7,-1,-1,-7,0,0,-8],4,0},{'O',[4,2,7,-1,-1,-7,2,-6,-8],5,[4,2,7,-1,-1,-7,2,-6,-8],5,0}}
#Add optimal = 0
#FAs optimal = 0
