Adder graph: {{'A',[0,1,0,0,0,0,-1,0,0],1,0,[0,1,0,0,0,0,0,0,0],0,0,[0,0,0,0,0,0,-1,0,0],0,0},{'A',[0,0,-1,0,0,0,0,1,0],1,0,[0,0,0,0,0,0,0,1,0],0,0,[0,0,-1,0,0,0,0,0,0],0,0},{'A',[0,-1,0,0,0,0,1,0,1],2,0,[0,0,0,0,0,0,0,0,1],0,0,[0,-1,0,0,0,0,1,0,0],1,0},{'A',[0,-1,0,0,2,0,1,0,1],3,0,[0,0,0,0,1,0,0,0,0],0,1,[0,-1,0,0,0,0,1,0,1],2,0},{'A',[1,2,0,0,0,0,-2,0,-2],3,0,[1,0,0,0,0,0,0,0,0],0,0,[0,1,0,0,0,0,-1,0,-1],2,1},{'A',[0,1,-4,0,-2,0,-1,4,-1],4,0,[0,0,-1,0,0,0,0,1,0],1,2,[0,1,0,0,-2,0,-1,0,-1],3,0},{'A',[0,-1,4,0,2,4,1,-4,1],5,0,[0,0,0,0,0,1,0,0,0],0,2,[0,-1,4,0,2,0,1,-4,1],4,0},{'A',[0,0,1,2,0,0,0,-1,0],2,0,[0,0,0,1,0,0,0,0,0],0,1,[0,0,1,0,0,0,0,-1,0],1,0},{'A',[0,2,1,2,0,0,0,-1,0],3,0,[0,1,0,0,0,0,0,0,0],0,1,[0,0,1,2,0,0,0,-1,0],2,0},{'A',[0,3,-3,2,-2,-4,-1,3,-1],6,0,[0,2,1,2,0,0,0,-1,0],3,0,[0,1,-4,0,-2,-4,-1,4,-1],5,0},{'A',[4,5,3,-2,2,4,-7,-3,-7],7,0,[1,2,0,0,0,0,-2,0,-2],3,2,[0,-3,3,-2,2,4,1,-3,1],6,0},{'O',[4,5,3,-2,2,4,-7,-3,-7],7,[4,5,3,-2,2,4,-7,-3,-7],7,0}}
Adder graph: {{'A',[0,0,-1,0,0,0,0,1,0],1,0,[0,0,0,0,0,0,0,1,0],0,0,[0,0,-1,0,0,0,0,0,0],0,0},{'A',[0,-4,-1,0,0,0,0,1,0],2,0,[0,0,-1,0,0,0,0,1,0],1,0,[0,-1,0,0,0,0,0,0,0],0,2},{'A',[-4,-4,-1,0,0,0,0,1,0],3,0,[0,-4,-1,0,0,0,0,1,0],2,0,[-1,0,0,0,0,0,0,0,0],0,2},{'A',[0,0,0,0,0,0,1,0,1],1,0,[0,0,0,0,0,0,0,0,1],0,0,[0,0,0,0,0,0,1,0,0],0,0},{'A',[0,0,0,0,0,4,1,0,1],2,0,[0,0,0,0,0,0,1,0,1],1,0,[0,0,0,0,0,1,0,0,0],0,2},{'A',[0,0,0,-2,0,4,1,0,1],3,0,[0,0,0,0,0,4,1,0,1],2,0,[0,0,0,-1,0,0,0,0,0],0,1},{'A',[-4,-4,-3,0,0,0,0,3,0],4,0,[0,0,-1,0,0,0,0,1,0],1,1,[-4,-4,-1,0,0,0,0,1,0],3,0},{'A',[-4,-4,-3,0,0,0,8,3,8],5,0,[0,0,0,0,0,0,1,0,1],1,3,[-4,-4,-3,0,0,0,0,3,0],4,0},{'A',[-4,-5,-3,0,0,0,8,3,8],6,0,[-4,-4,-3,0,0,0,8,3,8],5,0,[0,-1,0,0,0,0,0,0,0],0,0},{'A',[4,5,3,-2,0,4,-7,-3,-7],7,0,[0,0,0,-2,0,4,1,0,1],3,0,[4,5,3,0,0,0,-8,-3,-8],6,0},{'A',[4,5,3,-2,2,4,-7,-3,-7],8,0,[0,0,0,0,1,0,0,0,0],0,1,[4,5,3,-2,0,4,-7,-3,-7],7,0},{'O',[4,5,3,-2,2,4,-7,-3,-7],8,[4,5,3,-2,2,4,-7,-3,-7],8,0}}
Adder graph: {{'A',[0,0,0,0,0,0,1,0,1],1,0,[0,0,0,0,0,0,0,0,1],0,0,[0,0,0,0,0,0,1,0,0],0,0},{'A',[1,0,0,0,0,1,0,0,0],1,0,[1,0,0,0,0,0,0,0,0],0,0,[0,0,0,0,0,1,0,0,0],0,0},{'A',[-1,0,0,0,0,-1,2,0,2],2,0,[0,0,0,0,0,0,1,0,1],1,1,[-1,0,0,0,0,-1,0,0,0],1,0},{'A',[0,2,1,0,0,0,0,0,0],1,0,[0,0,1,0,0,0,0,0,0],0,0,[0,1,0,0,0,0,0,0,0],0,1},{'A',[0,-2,-1,0,0,0,0,1,0],2,0,[0,0,0,0,0,0,0,1,0],0,0,[0,-2,-1,0,0,0,0,0,0],1,0},{'A',[0,0,0,-1,1,0,0,0,0],1,0,[0,0,0,0,1,0,0,0,0],0,0,[0,0,0,-1,0,0,0,0,0],0,0},{'A',[0,1,0,0,0,0,-1,0,-1],2,0,[0,1,0,0,0,0,0,0,0],0,0,[0,0,0,0,0,0,-1,0,-1],1,0},{'A',[0,-3,-1,0,0,0,1,1,1],3,0,[0,-2,-1,0,0,0,0,1,0],2,0,[0,-1,0,0,0,0,1,0,1],2,0},{'A',[0,-3,-1,-2,2,0,1,1,1],4,0,[0,0,0,-1,1,0,0,0,0],1,1,[0,-3,-1,0,0,0,1,1,1],3,0},{'A',[-1,-2,-1,0,0,-1,2,1,2],3,0,[0,-2,-1,0,0,0,0,1,0],2,0,[-1,0,0,0,0,-1,2,0,2],2,0},{'A',[4,5,3,-2,2,4,-7,-3,-7],5,0,[0,-3,-1,-2,2,0,1,1,1],4,0,[1,2,1,0,0,1,-2,-1,-2],3,2},{'O',[4,5,3,-2,2,4,-7,-3,-7],5,[4,5,3,-2,2,4,-7,-3,-7],5,0}}
Adder graph: {{'A',[0,0,0,0,0,0,1,0,1],1,0,[0,0,0,0,0,0,1,0,0],0,0,[0,0,0,0,0,0,0,0,1],0,0},{'A',[0,0,1,0,0,0,0,-1,0],1,0,[0,0,1,0,0,0,0,0,0],0,0,[0,0,0,0,0,0,0,-1,0],0,0},{'A',[0,1,0,0,-1,0,0,0,0],1,0,[0,1,0,0,0,0,0,0,0],0,0,[0,0,0,0,-1,0,0,0,0],0,0},{'A',[0,0,1,4,0,0,0,-1,0],2,0,[0,0,1,0,0,0,0,-1,0],1,0,[0,0,0,1,0,0,0,0,0],0,2},{'A',[-2,1,0,0,-1,0,0,0,0],2,0,[0,1,0,0,-1,0,0,0,0],1,0,[-1,0,0,0,0,0,0,0,0],0,1},{'A',[0,0,1,4,0,-8,0,-1,0],3,0,[0,0,1,4,0,0,0,-1,0],2,0,[0,0,0,0,0,-1,0,0,0],0,3},{'A',[0,2,1,0,0,0,0,-1,0],2,0,[0,0,1,0,0,0,0,-1,0],1,0,[0,1,0,0,0,0,0,0,0],0,1},{'A',[0,2,1,0,0,0,-2,-1,-2],3,0,[0,2,1,0,0,0,0,-1,0],2,0,[0,0,0,0,0,0,-1,0,-1],1,1},{'A',[-2,-3,-2,0,-1,0,4,2,4],4,0,[-2,1,0,0,-1,0,0,0,0],2,0,[0,-2,-1,0,0,0,2,1,2],3,1},{'A',[-8,-10,-7,0,-4,0,14,7,14],5,0,[0,2,1,0,0,0,-2,-1,-2],3,0,[-2,-3,-2,0,-1,0,4,2,4],4,2},{'A',[-4,-5,-3,2,-2,-4,7,3,7],6,1,[0,0,1,4,0,-8,0,-1,0],3,0,[-8,-10,-7,0,-4,0,14,7,14],5,0},{'O',[4,5,3,-2,2,4,-7,-3,-7],6,[4,5,3,-2,2,4,-7,-3,-7],6,0}}
Adder graph: {{'A',[0,0,0,0,0,0,1,0,1],1,0,[0,0,0,0,0,0,1,0,0],0,0,[0,0,0,0,0,0,0,0,1],0,0},{'A',[0,1,0,0,0,0,1,0,1],2,0,[0,0,0,0,0,0,1,0,1],1,0,[0,1,0,0,0,0,0,0,0],0,0},{'A',[0,5,0,0,0,0,1,0,1],3,0,[0,1,0,0,0,0,1,0,1],2,0,[0,1,0,0,0,0,0,0,0],0,2},{'A',[4,5,0,0,0,0,1,0,1],4,0,[0,5,0,0,0,0,1,0,1],3,0,[1,0,0,0,0,0,0,0,0],0,2},{'A',[0,0,1,0,0,0,0,-1,0],1,0,[0,0,1,0,0,0,0,0,0],0,0,[0,0,0,0,0,0,0,-1,0],0,0},{'A',[0,0,1,0,-2,0,0,-1,0],2,0,[0,0,1,0,0,0,0,-1,0],1,0,[0,0,0,0,-1,0,0,0,0],0,1},{'A',[0,0,-3,0,-2,0,0,3,0],3,0,[0,0,1,0,-2,0,0,-1,0],2,0,[0,0,-1,0,0,0,0,1,0],1,2},{'A',[4,5,0,-2,0,0,1,0,1],5,0,[4,5,0,0,0,0,1,0,1],4,0,[0,0,0,-1,0,0,0,0,0],0,1},{'A',[0,0,0,0,0,1,-2,0,-2],2,0,[0,0,0,0,0,1,0,0,0],0,0,[0,0,0,0,0,0,-1,0,-1],1,1},{'A',[4,5,0,-2,0,4,-7,0,-7],6,0,[0,0,0,0,0,1,-2,0,-2],2,2,[4,5,0,-2,0,0,1,0,1],5,0},{'A',[4,5,3,-2,2,4,-7,-3,-7],7,0,[4,5,0,-2,0,4,-7,0,-7],6,0,[0,0,3,0,2,0,0,-3,0],3,0},{'O',[4,5,3,-2,2,4,-7,-3,-7],7,[4,5,3,-2,2,4,-7,-3,-7],7,0}}
Adder graph: {{'A',[0,0,0,0,0,0,1,0,1],1,0,[0,0,0,0,0,0,0,0,1],0,0,[0,0,0,0,0,0,1,0,0],0,0},{'A',[0,1,-1,0,0,0,0,0,0],1,0,[0,1,0,0,0,0,0,0,0],0,0,[0,0,-1,0,0,0,0,0,0],0,0},{'A',[0,0,0,0,2,0,1,0,1],2,0,[0,0,0,0,0,0,1,0,1],1,0,[0,0,0,0,1,0,0,0,0],0,1},{'A',[0,1,-1,0,0,0,0,1,0],2,0,[0,1,-1,0,0,0,0,0,0],1,0,[0,0,0,0,0,0,0,1,0],0,0},{'A',[0,1,-1,0,0,-4,0,1,0],3,0,[0,1,-1,0,0,0,0,1,0],2,0,[0,0,0,0,0,-1,0,0,0],0,2},{'A',[-2,0,0,1,0,0,0,0,0],1,0,[0,0,0,1,0,0,0,0,0],0,0,[-1,0,0,0,0,0,0,0,0],0,1},{'A',[0,-7,-1,0,0,-4,0,1,0],4,0,[0,1,-1,0,0,-4,0,1,0],3,0,[0,-1,0,0,0,0,0,0,0],0,3},{'A',[0,0,0,0,2,0,-7,0,-7],3,0,[0,0,0,0,2,0,1,0,1],2,0,[0,0,0,0,0,0,-1,0,-1],1,3},{'A',[0,-7,-1,0,-2,-4,7,1,7],5,0,[0,-7,-1,0,0,-4,0,1,0],4,0,[0,0,0,0,-2,0,7,0,7],3,0},{'A',[-2,1,-1,1,0,0,0,1,0],3,0,[0,1,-1,0,0,0,0,1,0],2,0,[-2,0,0,1,0,0,0,0,0],1,0},{'A',[-4,-5,-3,2,-2,-4,7,3,7],6,0,[0,-7,-1,0,-2,-4,7,1,7],5,0,[-2,1,-1,1,0,0,0,1,0],3,1},{'O',[4,5,3,-2,2,4,-7,-3,-7],6,[4,5,3,-2,2,4,-7,-3,-7],6,0}}
Adder graph: {{'A',[0,0,0,0,0,0,1,0,1],1,0,[0,0,0,0,0,0,1,0,0],0,0,[0,0,0,0,0,0,0,0,1],0,0},{'A',[0,0,0,1,-1,0,0,0,0],1,0,[0,0,0,1,0,0,0,0,0],0,0,[0,0,0,0,-1,0,0,0,0],0,0},{'A',[0,0,-1,0,0,0,0,1,0],1,0,[0,0,0,0,0,0,0,1,0],0,0,[0,0,-1,0,0,0,0,0,0],0,0},{'A',[0,-1,0,0,0,0,1,0,1],2,0,[0,0,0,0,0,0,1,0,1],1,0,[0,-1,0,0,0,0,0,0,0],0,0},{'A',[1,0,0,0,0,1,0,0,0],1,0,[0,0,0,0,0,1,0,0,0],0,0,[1,0,0,0,0,0,0,0,0],0,0},{'A',[0,-2,-1,0,0,0,0,1,0],2,0,[0,0,-1,0,0,0,0,1,0],1,0,[0,-1,0,0,0,0,0,0,0],0,1},{'A',[0,0,-2,1,-1,0,0,2,0],2,0,[0,0,-1,0,0,0,0,1,0],1,1,[0,0,0,1,-1,0,0,0,0],1,0},{'A',[0,-3,-1,0,0,0,1,1,1],3,0,[0,-2,-1,0,0,0,0,1,0],2,0,[0,-1,0,0,0,0,1,0,1],2,0},{'A',[0,-3,3,-2,2,0,1,-3,1],4,0,[0,-3,-1,0,0,0,1,1,1],3,0,[0,0,2,-1,1,0,0,-2,0],2,1},{'A',[0,5,3,-2,2,0,-7,-3,-7],5,0,[0,-3,3,-2,2,0,1,-3,1],4,0,[0,1,0,0,0,0,-1,0,-1],2,3},{'A',[4,5,3,-2,2,4,-7,-3,-7],6,0,[1,0,0,0,0,1,0,0,0],1,2,[0,5,3,-2,2,0,-7,-3,-7],5,0},{'O',[4,5,3,-2,2,4,-7,-3,-7],6,[4,5,3,-2,2,4,-7,-3,-7],6,0}}
Finished solving after 160488 seconds
Adder graph: {{'A',[0,0,0,0,0,0,1,0,1],1,0,[0,0,0,0,0,0,1,0,0],0,0,[0,0,0,0,0,0,0,0,1],0,0},{'A',[0,0,0,1,-1,0,0,0,0],1,0,[0,0,0,1,0,0,0,0,0],0,0,[0,0,0,0,-1,0,0,0,0],0,0},{'A',[0,0,-1,0,0,0,0,1,0],1,0,[0,0,0,0,0,0,0,1,0],0,0,[0,0,-1,0,0,0,0,0,0],0,0},{'A',[0,-1,0,0,0,0,1,0,1],2,0,[0,0,0,0,0,0,1,0,1],1,0,[0,-1,0,0,0,0,0,0,0],0,0},{'A',[1,0,0,0,0,1,0,0,0],1,0,[0,0,0,0,0,1,0,0,0],0,0,[1,0,0,0,0,0,0,0,0],0,0},{'A',[0,-2,-1,0,0,0,0,1,0],2,0,[0,0,-1,0,0,0,0,1,0],1,0,[0,-1,0,0,0,0,0,0,0],0,1},{'A',[0,0,-2,1,-1,0,0,2,0],2,0,[0,0,-1,0,0,0,0,1,0],1,1,[0,0,0,1,-1,0,0,0,0],1,0},{'A',[0,-3,-1,0,0,0,1,1,1],3,0,[0,-2,-1,0,0,0,0,1,0],2,0,[0,-1,0,0,0,0,1,0,1],2,0},{'A',[0,-3,3,-2,2,0,1,-3,1],4,0,[0,-3,-1,0,0,0,1,1,1],3,0,[0,0,2,-1,1,0,0,-2,0],2,1},{'A',[0,5,3,-2,2,0,-7,-3,-7],5,0,[0,-3,3,-2,2,0,1,-3,1],4,0,[0,1,0,0,0,0,-1,0,-1],2,3},{'A',[4,5,3,-2,2,4,-7,-3,-7],6,0,[1,0,0,0,0,1,0,0,0],1,2,[0,5,3,-2,2,0,-7,-3,-7],5,0},{'O',[4,5,3,-2,2,4,-7,-3,-7],6,[4,5,3,-2,2,4,-7,-3,-7],6,0}}
#Add optimal = 0
#FAs optimal = 0
