Adder graph: {{'A',[0,0,0,0,0,0,0,1,2],1,0,[0,0,0,0,0,0,0,0,1],0,1,[0,0,0,0,0,0,0,1,0],0,0},{'A',[1,0,0,0,0,1,0,0,0],1,0,[1,0,0,0,0,0,0,0,0],0,0,[0,0,0,0,0,1,0,0,0],0,0},{'A',[0,0,1,0,0,0,0,1,2],2,0,[0,0,1,0,0,0,0,0,0],0,0,[0,0,0,0,0,0,0,1,2],1,0},{'A',[-1,1,0,0,0,-1,0,0,0],2,0,[0,1,0,0,0,0,0,0,0],0,0,[-1,0,0,0,0,-1,0,0,0],1,0},{'A',[0,0,0,4,0,0,-1,0,0],1,0,[0,0,0,1,0,0,0,0,0],0,2,[0,0,0,0,0,0,-1,0,0],0,0},{'A',[0,0,1,0,1,0,0,1,2],3,0,[0,0,1,0,0,0,0,1,2],2,0,[0,0,0,0,1,0,0,0,0],0,0},{'A',[-5,5,0,0,0,-5,0,0,0],3,0,[-1,1,0,0,0,-1,0,0,0],2,0,[-1,1,0,0,0,-1,0,0,0],2,2},{'A',[0,0,0,7,0,0,-2,0,0],2,0,[0,0,0,4,0,0,-1,0,0],1,1,[0,0,0,-1,0,0,0,0,0],0,0},{'A',[-5,5,2,0,2,-5,0,2,4],4,0,[0,0,1,0,1,0,0,1,2],3,1,[-5,5,0,0,0,-5,0,0,0],3,0},{'A',[5,-5,-2,7,-2,5,-2,-2,-4],5,0,[0,0,0,7,0,0,-2,0,0],2,0,[5,-5,-2,0,-2,5,0,-2,-4],4,0},{'A',[5,-5,-3,7,-3,5,-2,-3,-6],6,0,[5,-5,-2,7,-2,5,-2,-2,-4],5,0,[0,0,-1,0,-1,0,0,-1,-2],3,0},{'O',[5,-5,-3,7,-3,5,-2,-3,-6],6,[5,-5,-3,7,-3,5,-2,-3,-6],6,0}}
Adder graph: {{'A',[0,1,0,0,0,-1,0,0,0],1,0,[0,1,0,0,0,0,0,0,0],0,0,[0,0,0,0,0,-1,0,0,0],0,0},{'A',[0,0,1,0,0,0,0,1,0],1,0,[0,0,0,0,0,0,0,1,0],0,0,[0,0,1,0,0,0,0,0,0],0,0},{'A',[0,0,1,1,0,0,0,1,0],2,0,[0,0,1,0,0,0,0,1,0],1,0,[0,0,0,1,0,0,0,0,0],0,0},{'A',[0,0,1,1,1,0,0,1,0],3,0,[0,0,0,0,1,0,0,0,0],0,0,[0,0,1,1,0,0,0,1,0],2,0},{'A',[1,0,0,2,0,0,0,0,0],1,0,[0,0,0,1,0,0,0,0,0],0,1,[1,0,0,0,0,0,0,0,0],0,0},{'A',[-1,1,0,-2,0,-1,0,0,0],2,0,[0,1,0,0,0,-1,0,0,0],1,0,[-1,0,0,-2,0,0,0,0,0],1,0},{'A',[-2,2,1,-3,1,-2,0,1,0],4,0,[0,0,1,1,1,0,0,1,0],3,0,[-1,1,0,-2,0,-1,0,0,0],2,1},{'A',[-2,2,1,-3,1,-2,0,1,2],5,0,[0,0,0,0,0,0,0,0,1],0,1,[-2,2,1,-3,1,-2,0,1,0],4,0},{'A',[-1,1,0,-2,0,-1,-2,0,0],3,0,[-1,1,0,-2,0,-1,0,0,0],2,0,[0,0,0,0,0,0,-1,0,0],0,1},{'A',[-7,7,4,-10,4,-7,2,4,8],6,0,[-2,2,1,-3,1,-2,0,1,2],5,2,[1,-1,0,2,0,1,2,0,0],3,0},{'A',[-5,5,3,-7,3,-5,2,3,6],7,0,[-7,7,4,-10,4,-7,2,4,8],6,0,[2,-2,-1,3,-1,2,0,-1,-2],5,0},{'O',[5,-5,-3,7,-3,5,-2,-3,-6],7,[5,-5,-3,7,-3,5,-2,-3,-6],7,0}}
Adder graph: {{'A',[0,0,0,0,1,0,0,0,2],1,0,[0,0,0,0,0,0,0,0,1],0,1,[0,0,0,0,1,0,0,0,0],0,0},{'A',[0,0,0,1,0,0,0,-1,0],1,0,[0,0,0,1,0,0,0,0,0],0,0,[0,0,0,0,0,0,0,-1,0],0,0},{'A',[0,0,-1,1,0,0,0,-1,0],2,0,[0,0,0,1,0,0,0,-1,0],1,0,[0,0,-1,0,0,0,0,0,0],0,0},{'A',[1,-1,0,0,0,0,0,0,0],1,0,[1,0,0,0,0,0,0,0,0],0,0,[0,-1,0,0,0,0,0,0,0],0,0},{'A',[1,-1,0,0,0,1,0,0,0],2,0,[0,0,0,0,0,1,0,0,0],0,0,[1,-1,0,0,0,0,0,0,0],1,0},{'A',[1,-1,0,0,1,1,0,0,2],3,0,[0,0,0,0,1,0,0,0,2],1,0,[1,-1,0,0,0,1,0,0,0],2,0},{'A',[1,-1,1,-1,1,1,0,1,2],4,0,[1,-1,0,0,1,1,0,0,2],3,0,[0,0,1,-1,0,0,0,1,0],2,0},{'A',[-1,1,-1,1,-1,-1,2,-1,-2],5,0,[0,0,0,0,0,0,1,0,0],0,1,[-1,1,-1,1,-1,-1,0,-1,-2],4,0},{'A',[3,-3,3,-3,3,3,2,3,6],6,0,[-1,1,-1,1,-1,-1,2,-1,-2],5,0,[1,-1,1,-1,1,1,0,1,2],4,2},{'A',[2,-2,0,1,0,2,0,0,0],3,0,[1,-1,0,0,0,1,0,0,0],2,1,[0,0,0,1,0,0,0,0,0],0,0},{'A',[5,-5,-3,7,-3,5,-2,-3,-6],7,0,[2,-2,0,1,0,2,0,0,0],3,2,[-3,3,-3,3,-3,-3,-2,-3,-6],6,0},{'O',[5,-5,-3,7,-3,5,-2,-3,-6],7,[5,-5,-3,7,-3,5,-2,-3,-6],7,0}}
Adder graph: {{'A',[0,0,0,0,1,0,0,1,0],1,0,[0,0,0,0,0,0,0,1,0],0,0,[0,0,0,0,1,0,0,0,0],0,0},{'A',[0,0,-1,1,0,0,0,0,0],1,0,[0,0,0,1,0,0,0,0,0],0,0,[0,0,-1,0,0,0,0,0,0],0,0},{'A',[0,0,0,0,1,0,0,1,2],2,0,[0,0,0,0,1,0,0,1,0],1,0,[0,0,0,0,0,0,0,0,1],0,1},{'A',[1,-1,0,0,0,0,0,0,0],1,0,[1,0,0,0,0,0,0,0,0],0,0,[0,-1,0,0,0,0,0,0,0],0,0},{'A',[0,0,1,-1,1,0,0,1,2],3,0,[0,0,0,0,1,0,0,1,2],2,0,[0,0,1,-1,0,0,0,0,0],1,0},{'A',[1,-1,0,0,0,1,0,0,0],2,0,[1,-1,0,0,0,0,0,0,0],1,0,[0,0,0,0,0,1,0,0,0],0,0},{'A',[-1,1,0,0,0,-1,2,0,0],3,0,[0,0,0,0,0,0,1,0,0],0,1,[-1,1,0,0,0,-1,0,0,0],2,0},{'A',[4,-4,1,-1,1,4,0,1,2],4,0,[0,0,1,-1,1,0,0,1,2],3,0,[1,-1,0,0,0,1,0,0,0],2,2},{'A',[4,-4,-3,3,-3,4,0,-3,-6],5,0,[4,-4,1,-1,1,4,0,1,2],4,0,[0,0,-1,1,-1,0,0,-1,-2],3,2},{'A',[-1,1,0,-4,0,-1,2,0,0],4,0,[-1,1,0,0,0,-1,2,0,0],3,0,[0,0,0,-1,0,0,0,0,0],0,2},{'A',[-5,5,3,-7,3,-5,2,3,6],6,0,[-1,1,0,-4,0,-1,2,0,0],4,0,[-4,4,3,-3,3,-4,0,3,6],5,0},{'O',[5,-5,-3,7,-3,5,-2,-3,-6],6,[5,-5,-3,7,-3,5,-2,-3,-6],6,0}}
Adder graph: {{'A',[0,1,0,-2,0,0,0,0,0],1,0,[0,1,0,0,0,0,0,0,0],0,0,[0,0,0,-1,0,0,0,0,0],0,1},{'A',[1,0,0,0,0,1,0,0,0],1,0,[1,0,0,0,0,0,0,0,0],0,0,[0,0,0,0,0,1,0,0,0],0,0},{'A',[1,-1,0,2,0,1,0,0,0],2,0,[1,0,0,0,0,1,0,0,0],1,0,[0,-1,0,2,0,0,0,0,0],1,0},{'A',[0,0,0,1,0,0,0,1,0],1,0,[0,0,0,1,0,0,0,0,0],0,0,[0,0,0,0,0,0,0,1,0],0,0},{'A',[1,-1,0,1,0,1,0,-1,0],3,0,[1,-1,0,2,0,1,0,0,0],2,0,[0,0,0,-1,0,0,0,-1,0],1,0},{'A',[0,0,1,0,1,0,0,0,0],1,0,[0,0,0,0,1,0,0,0,0],0,0,[0,0,1,0,0,0,0,0,0],0,0},{'A',[1,-1,0,2,0,1,-1,0,0],3,0,[1,-1,0,2,0,1,0,0,0],2,0,[0,0,0,0,0,0,-1,0,0],0,0},{'A',[0,0,1,0,1,0,0,0,2],2,0,[0,0,0,0,0,0,0,0,1],0,1,[0,0,1,0,1,0,0,0,0],1,0},{'A',[1,-1,-1,1,-1,1,0,-1,-2],4,0,[1,-1,0,1,0,1,0,-1,0],3,0,[0,0,-1,0,-1,0,0,0,-2],2,0},{'A',[-1,1,-1,-3,-1,-1,2,-1,-2],5,0,[1,-1,-1,1,-1,1,0,-1,-2],4,0,[-1,1,0,-2,0,-1,1,0,0],3,1},{'A',[-5,5,3,-7,3,-5,2,3,6],6,0,[-1,1,-1,-3,-1,-1,2,-1,-2],5,0,[-1,1,1,-1,1,-1,0,1,2],4,2},{'O',[5,-5,-3,7,-3,5,-2,-3,-6],6,[5,-5,-3,7,-3,5,-2,-3,-6],6,0}}
Adder graph: {{'A',[1,-1,0,0,0,0,0,0,0],1,0,[1,0,0,0,0,0,0,0,0],0,0,[0,-1,0,0,0,0,0,0,0],0,0},{'A',[0,0,0,0,1,0,0,1,0],1,0,[0,0,0,0,0,0,0,1,0],0,0,[0,0,0,0,1,0,0,0,0],0,0},{'A',[0,0,0,0,1,0,0,1,2],2,0,[0,0,0,0,1,0,0,1,0],1,0,[0,0,0,0,0,0,0,0,1],0,1},{'A',[1,-1,0,0,0,1,0,0,0],2,0,[1,-1,0,0,0,0,0,0,0],1,0,[0,0,0,0,0,1,0,0,0],0,0},{'A',[1,-1,1,0,0,1,0,0,0],3,0,[0,0,1,0,0,0,0,0,0],0,0,[1,-1,0,0,0,1,0,0,0],2,0},{'A',[0,0,0,1,0,0,2,0,0],1,0,[0,0,0,0,0,0,1,0,0],0,1,[0,0,0,1,0,0,0,0,0],0,0},{'A',[1,-1,1,0,1,1,0,1,2],4,0,[1,-1,1,0,0,1,0,0,0],3,0,[0,0,0,0,1,0,0,1,2],2,0},{'A',[1,-1,0,1,0,1,0,0,0],3,0,[1,-1,0,0,0,1,0,0,0],2,0,[0,0,0,1,0,0,0,0,0],0,0},{'A',[1,-1,1,-1,1,1,-2,1,2],5,0,[1,-1,1,0,1,1,0,1,2],4,0,[0,0,0,-1,0,0,-2,0,0],1,0},{'A',[-1,1,1,-2,1,-1,0,1,2],5,0,[1,-1,1,0,1,1,0,1,2],4,0,[-1,1,0,-1,0,-1,0,0,0],3,1},{'A',[5,-5,-3,7,-3,5,-2,-3,-6],6,0,[1,-1,1,-1,1,1,-2,1,2],5,0,[1,-1,-1,2,-1,1,0,-1,-2],5,2},{'O',[5,-5,-3,7,-3,5,-2,-3,-6],6,[5,-5,-3,7,-3,5,-2,-3,-6],6,0}}
Finished solving after 161306 seconds
Adder graph: {{'A',[1,-1,0,0,0,0,0,0,0],1,0,[1,0,0,0,0,0,0,0,0],0,0,[0,-1,0,0,0,0,0,0,0],0,0},{'A',[0,0,0,0,1,0,0,1,0],1,0,[0,0,0,0,0,0,0,1,0],0,0,[0,0,0,0,1,0,0,0,0],0,0},{'A',[0,0,0,0,1,0,0,1,2],2,0,[0,0,0,0,1,0,0,1,0],1,0,[0,0,0,0,0,0,0,0,1],0,1},{'A',[1,-1,0,0,0,1,0,0,0],2,0,[1,-1,0,0,0,0,0,0,0],1,0,[0,0,0,0,0,1,0,0,0],0,0},{'A',[1,-1,1,0,0,1,0,0,0],3,0,[0,0,1,0,0,0,0,0,0],0,0,[1,-1,0,0,0,1,0,0,0],2,0},{'A',[0,0,0,1,0,0,2,0,0],1,0,[0,0,0,0,0,0,1,0,0],0,1,[0,0,0,1,0,0,0,0,0],0,0},{'A',[1,-1,1,0,1,1,0,1,2],4,0,[1,-1,1,0,0,1,0,0,0],3,0,[0,0,0,0,1,0,0,1,2],2,0},{'A',[1,-1,0,1,0,1,0,0,0],3,0,[1,-1,0,0,0,1,0,0,0],2,0,[0,0,0,1,0,0,0,0,0],0,0},{'A',[1,-1,1,-1,1,1,-2,1,2],5,0,[1,-1,1,0,1,1,0,1,2],4,0,[0,0,0,-1,0,0,-2,0,0],1,0},{'A',[-1,1,1,-2,1,-1,0,1,2],5,0,[1,-1,1,0,1,1,0,1,2],4,0,[-1,1,0,-1,0,-1,0,0,0],3,1},{'A',[5,-5,-3,7,-3,5,-2,-3,-6],6,0,[1,-1,1,-1,1,1,-2,1,2],5,0,[1,-1,-1,2,-1,1,0,-1,-2],5,2},{'O',[5,-5,-3,7,-3,5,-2,-3,-6],6,[5,-5,-3,7,-3,5,-2,-3,-6],6,0}}
#Add optimal = 0
#FAs optimal = 0
