Adder graph: {{'A',[0,-1,0,0,0,1,0,0,0],1,0,[0,0,0,0,0,1,0,0,0],0,0,[0,-1,0,0,0,0,0,0,0],0,0},{'A',[0,-1,-4,0,0,1,0,0,0],2,0,[0,-1,0,0,0,1,0,0,0],1,0,[0,0,-1,0,0,0,0,0,0],0,2},{'A',[1,0,0,0,0,0,-1,0,0],1,0,[1,0,0,0,0,0,0,0,0],0,0,[0,0,0,0,0,0,-1,0,0],0,0},{'A',[0,-8,-1,0,0,8,0,0,0],2,0,[0,-1,0,0,0,1,0,0,0],1,3,[0,0,-1,0,0,0,0,0,0],0,0},{'A',[0,6,-7,0,0,-6,0,0,0],3,0,[0,-1,-4,0,0,1,0,0,0],2,1,[0,8,1,0,0,-8,0,0,0],2,0},{'A',[1,-6,7,0,0,6,-1,0,0],4,0,[1,0,0,0,0,0,-1,0,0],1,0,[0,-6,7,0,0,6,0,0,0],3,0},{'A',[0,0,0,1,0,0,0,-1,0],1,0,[0,0,0,1,0,0,0,0,0],0,0,[0,0,0,0,0,0,0,-1,0],0,0},{'A',[1,0,0,0,0,0,-1,0,1],2,0,[1,0,0,0,0,0,-1,0,0],1,0,[0,0,0,0,0,0,0,0,1],0,0},{'A',[-2,0,0,0,1,0,2,0,-2],3,0,[0,0,0,0,1,0,0,0,0],0,0,[-1,0,0,0,0,0,1,0,-1],2,1},{'A',[-5,6,-7,0,2,-6,5,0,-4],5,0,[-2,0,0,0,1,0,2,0,-2],3,1,[-1,6,-7,0,0,-6,1,0,0],4,0},{'A',[-5,6,-7,-4,2,-6,5,4,-4],6,0,[-5,6,-7,0,2,-6,5,0,-4],5,0,[0,0,0,-1,0,0,0,1,0],1,2},{'O',[5,-6,7,4,-2,6,-5,-4,4],6,[5,-6,7,4,-2,6,-5,-4,4],6,0}}
Adder graph: {{'A',[-1,0,0,0,0,0,1,0,0],1,0,[0,0,0,0,0,0,1,0,0],0,0,[-1,0,0,0,0,0,0,0,0],0,0},{'A',[-1,0,-1,0,0,0,1,0,0],2,0,[-1,0,0,0,0,0,1,0,0],1,0,[0,0,-1,0,0,0,0,0,0],0,0},{'A',[0,-1,0,0,0,1,0,0,0],1,0,[0,0,0,0,0,1,0,0,0],0,0,[0,-1,0,0,0,0,0,0,0],0,0},{'A',[1,-1,1,0,0,1,-1,0,0],3,0,[0,-1,0,0,0,1,0,0,0],1,0,[1,0,1,0,0,0,-1,0,0],2,0},{'A',[-1,1,-1,0,0,-1,1,0,2],4,0,[0,0,0,0,0,0,0,0,1],0,1,[-1,1,-1,0,0,-1,1,0,0],3,0},{'A',[-1,1,-1,2,0,-1,1,0,2],5,0,[-1,1,-1,0,0,-1,1,0,2],4,0,[0,0,0,1,0,0,0,0,0],0,1},{'A',[7,-8,8,0,0,8,-7,0,0],4,0,[-1,0,0,0,0,0,1,0,0],1,0,[1,-1,1,0,0,1,-1,0,0],3,3},{'A',[0,0,1,0,0,0,0,-4,0],1,0,[0,0,1,0,0,0,0,0,0],0,0,[0,0,0,0,0,0,0,-1,0],0,2},{'A',[-2,2,-1,4,0,-2,2,-4,4],6,0,[-1,1,-1,2,0,-1,1,0,2],5,1,[0,0,1,0,0,0,0,-4,0],1,0},{'A',[2,-2,1,-4,2,2,-2,4,-4],7,0,[0,0,0,0,1,0,0,0,0],0,1,[2,-2,1,-4,0,2,-2,4,-4],6,0},{'A',[-5,6,-7,-4,2,-6,5,4,-4],8,0,[2,-2,1,-4,2,2,-2,4,-4],7,0,[-7,8,-8,0,0,-8,7,0,0],4,0},{'O',[5,-6,7,4,-2,6,-5,-4,4],8,[5,-6,7,4,-2,6,-5,-4,4],8,0}}
Adder graph: {{'A',[1,0,0,0,0,0,-1,0,0],1,0,[1,0,0,0,0,0,0,0,0],0,0,[0,0,0,0,0,0,-1,0,0],0,0},{'A',[0,1,0,0,0,-1,0,0,0],1,0,[0,1,0,0,0,0,0,0,0],0,0,[0,0,0,0,0,-1,0,0,0],0,0},{'A',[0,2,-1,0,0,-2,0,0,0],2,0,[0,1,0,0,0,-1,0,0,0],1,1,[0,0,-1,0,0,0,0,0,0],0,0},{'A',[1,0,0,4,0,0,-1,0,0],2,0,[1,0,0,0,0,0,-1,0,0],1,0,[0,0,0,1,0,0,0,0,0],0,2},{'A',[0,0,-4,0,1,0,0,0,0],1,0,[0,0,0,0,1,0,0,0,0],0,0,[0,0,-1,0,0,0,0,0,0],0,2},{'A',[0,-2,0,0,0,2,0,0,1],2,0,[0,0,0,0,0,0,0,0,1],0,0,[0,-1,0,0,0,1,0,0,0],1,1},{'A',[0,2,0,0,0,-2,0,1,-1],3,0,[0,0,0,0,0,0,0,1,0],0,0,[0,2,0,0,0,-2,0,0,-1],2,0},{'A',[2,0,4,0,-1,0,-2,0,0],2,0,[1,0,0,0,0,0,-1,0,0],1,1,[0,0,4,0,-1,0,0,0,0],1,0},{'A',[5,0,8,4,-2,0,-5,0,0],3,0,[2,0,4,0,-1,0,-2,0,0],2,1,[1,0,0,4,0,0,-1,0,0],2,0},{'A',[5,2,7,4,-2,-2,-5,0,0],4,0,[5,0,8,4,-2,0,-5,0,0],3,0,[0,2,-1,0,0,-2,0,0,0],2,0},{'A',[-5,6,-7,-4,2,-6,5,4,-4],5,0,[0,2,0,0,0,-2,0,1,-1],3,2,[-5,-2,-7,-4,2,2,5,0,0],4,0},{'O',[5,-6,7,4,-2,6,-5,-4,4],5,[5,-6,7,4,-2,6,-5,-4,4],5,0}}
Adder graph: {{'A',[1,0,0,0,0,0,-1,0,0],1,0,[1,0,0,0,0,0,0,0,0],0,0,[0,0,0,0,0,0,-1,0,0],0,0},{'A',[0,0,7,0,0,0,0,0,0],1,0,[0,0,1,0,0,0,0,0,0],0,3,[0,0,-1,0,0,0,0,0,0],0,0},{'A',[1,0,0,0,0,-2,-1,0,0],2,0,[1,0,0,0,0,0,-1,0,0],1,0,[0,0,0,0,0,-1,0,0,0],0,1},{'A',[1,2,0,0,0,-2,-1,0,0],3,0,[1,0,0,0,0,-2,-1,0,0],2,0,[0,1,0,0,0,0,0,0,0],0,1},{'A',[1,2,7,0,0,-2,-1,0,0],4,0,[1,2,0,0,0,-2,-1,0,0],3,0,[0,0,7,0,0,0,0,0,0],1,0},{'A',[0,0,0,0,0,0,0,1,-1],1,0,[0,0,0,0,0,0,0,1,0],0,0,[0,0,0,0,0,0,0,0,-1],0,0},{'A',[1,2,7,0,-2,-2,-1,0,0],5,0,[1,2,7,0,0,-2,-1,0,0],4,0,[0,0,0,0,-1,0,0,0,0],0,1},{'A',[-1,-2,0,1,0,2,1,0,0],4,0,[0,0,0,1,0,0,0,0,0],0,0,[-1,-2,0,0,0,2,1,0,0],3,0},{'A',[1,-2,0,1,0,2,-1,0,0],5,0,[-1,-2,0,1,0,2,1,0,0],4,0,[1,0,0,0,0,0,-1,0,0],1,1},{'A',[-1,2,0,-1,0,-2,1,1,-1],6,0,[0,0,0,0,0,0,0,1,-1],1,0,[-1,2,0,-1,0,-2,1,0,0],5,0},{'A',[5,-6,7,4,-2,6,-5,-4,4],7,0,[1,2,7,0,-2,-2,-1,0,0],5,0,[1,-2,0,1,0,2,-1,-1,1],6,2},{'O',[5,-6,7,4,-2,6,-5,-4,4],7,[5,-6,7,4,-2,6,-5,-4,4],7,0}}
Adder graph: {{'A',[0,1,0,0,0,-1,0,0,0],1,0,[0,1,0,0,0,0,0,0,0],0,0,[0,0,0,0,0,-1,0,0,0],0,0},{'A',[1,0,0,0,0,0,-1,0,0],1,0,[1,0,0,0,0,0,0,0,0],0,0,[0,0,0,0,0,0,-1,0,0],0,0},{'A',[0,0,-7,0,0,0,0,0,0],1,0,[0,0,1,0,0,0,0,0,0],0,0,[0,0,-1,0,0,0,0,0,0],0,3},{'A',[-4,0,-7,0,0,0,4,0,0],2,0,[0,0,-7,0,0,0,0,0,0],1,0,[-1,0,0,0,0,0,1,0,0],1,2},{'A',[0,-3,0,0,0,3,0,0,0],2,0,[0,1,0,0,0,-1,0,0,0],1,0,[0,-1,0,0,0,1,0,0,0],1,2},{'A',[0,0,0,0,1,0,0,2,0],1,0,[0,0,0,0,1,0,0,0,0],0,0,[0,0,0,0,0,0,0,1,0],0,1},{'A',[0,3,0,0,1,-3,0,2,0],3,0,[0,0,0,0,1,0,0,2,0],1,0,[0,3,0,0,0,-3,0,0,0],2,0},{'A',[0,3,0,-2,1,-3,0,2,0],4,0,[0,3,0,0,1,-3,0,2,0],3,0,[0,0,0,-1,0,0,0,0,0],0,1},{'A',[1,0,0,0,0,0,-1,0,4],2,0,[0,0,0,0,0,0,0,0,1],0,2,[1,0,0,0,0,0,-1,0,0],1,0},{'A',[5,0,7,0,0,0,-5,0,4],3,0,[1,0,0,0,0,0,-1,0,4],2,0,[4,0,7,0,0,0,-4,0,0],2,0},{'A',[5,-6,7,4,-2,6,-5,-4,4],5,0,[5,0,7,0,0,0,-5,0,4],3,0,[0,-3,0,2,-1,3,0,-2,0],4,1},{'O',[5,-6,7,4,-2,6,-5,-4,4],5,[5,-6,7,4,-2,6,-5,-4,4],5,0}}
Adder graph: {{'A',[0,0,1,0,2,0,0,0,0],1,0,[0,0,0,0,1,0,0,0,0],0,1,[0,0,1,0,0,0,0,0,0],0,0},{'A',[0,1,0,0,0,-1,0,0,0],1,0,[0,1,0,0,0,0,0,0,0],0,0,[0,0,0,0,0,-1,0,0,0],0,0},{'A',[0,-3,0,0,0,3,0,0,0],2,0,[0,1,0,0,0,-1,0,0,0],1,0,[0,-1,0,0,0,1,0,0,0],1,2},{'A',[0,6,1,0,2,-6,0,0,0],3,0,[0,0,1,0,2,0,0,0,0],1,0,[0,3,0,0,0,-3,0,0,0],2,1},{'A',[1,0,0,0,0,0,-1,0,0],1,0,[1,0,0,0,0,0,0,0,0],0,0,[0,0,0,0,0,0,-1,0,0],0,0},{'A',[1,0,0,4,0,0,-1,0,0],2,0,[0,0,0,1,0,0,0,0,0],0,2,[1,0,0,0,0,0,-1,0,0],1,0},{'A',[0,6,-7,0,2,-6,0,0,0],4,0,[0,6,1,0,2,-6,0,0,0],3,0,[0,0,-1,0,0,0,0,0,0],0,3},{'A',[0,0,0,0,0,0,0,1,-1],1,0,[0,0,0,0,0,0,0,1,0],0,0,[0,0,0,0,0,0,0,0,-1],0,0},{'A',[-1,0,0,0,0,0,1,1,-1],2,0,[0,0,0,0,0,0,0,1,-1],1,0,[-1,0,0,0,0,0,1,0,0],1,0},{'A',[-4,6,-7,0,2,-6,4,4,-4],5,0,[-1,0,0,0,0,0,1,1,-1],2,2,[0,6,-7,0,2,-6,0,0,0],4,0},{'A',[5,-6,7,4,-2,6,-5,-4,4],6,0,[1,0,0,4,0,0,-1,0,0],2,0,[4,-6,7,0,-2,6,-4,-4,4],5,0},{'O',[5,-6,7,4,-2,6,-5,-4,4],6,[5,-6,7,4,-2,6,-5,-4,4],6,0}}
Adder graph: {{'A',[0,1,0,0,0,-1,0,0,0],1,0,[0,1,0,0,0,0,0,0,0],0,0,[0,0,0,0,0,-1,0,0,0],0,0},{'A',[0,-3,0,0,0,3,0,0,0],2,0,[0,1,0,0,0,-1,0,0,0],1,0,[0,-1,0,0,0,1,0,0,0],1,2},{'A',[0,-3,0,0,0,3,0,-2,0],3,0,[0,-3,0,0,0,3,0,0,0],2,0,[0,0,0,0,0,0,0,-1,0],0,1},{'A',[0,0,-7,0,0,0,0,0,0],1,0,[0,0,1,0,0,0,0,0,0],0,0,[0,0,-1,0,0,0,0,0,0],0,3},{'A',[1,0,0,0,0,0,-1,0,0],1,0,[1,0,0,0,0,0,0,0,0],0,0,[0,0,0,0,0,0,-1,0,0],0,0},{'A',[1,0,0,0,-2,0,-1,0,0],2,0,[1,0,0,0,0,0,-1,0,0],1,0,[0,0,0,0,-1,0,0,0,0],0,1},{'A',[0,0,0,1,0,0,0,0,1],1,0,[0,0,0,0,0,0,0,0,1],0,0,[0,0,0,1,0,0,0,0,0],0,0},{'A',[1,0,0,1,0,0,-1,0,1],2,0,[1,0,0,0,0,0,-1,0,0],1,0,[0,0,0,1,0,0,0,0,1],1,0},{'A',[0,6,-7,0,0,-6,0,4,0],4,0,[0,0,-7,0,0,0,0,0,0],1,0,[0,3,0,0,0,-3,0,2,0],3,1},{'A',[-1,6,-7,0,2,-6,1,4,0],5,0,[0,6,-7,0,0,-6,0,4,0],4,0,[-1,0,0,0,2,0,1,0,0],2,0},{'A',[-5,6,-7,-4,2,-6,5,4,-4],6,0,[-1,6,-7,0,2,-6,1,4,0],5,0,[-1,0,0,-1,0,0,1,0,-1],2,2},{'O',[5,-6,7,4,-2,6,-5,-4,4],6,[5,-6,7,4,-2,6,-5,-4,4],6,0}}
Adder graph: {{'A',[0,-1,0,0,0,1,0,0,0],1,0,[0,0,0,0,0,1,0,0,0],0,0,[0,-1,0,0,0,0,0,0,0],0,0},{'A',[0,0,1,0,0,0,-1,0,0],1,0,[0,0,1,0,0,0,0,0,0],0,0,[0,0,0,0,0,0,-1,0,0],0,0},{'A',[1,2,0,0,0,-2,0,0,0],2,0,[1,0,0,0,0,0,0,0,0],0,0,[0,1,0,0,0,-1,0,0,0],1,1},{'A',[1,2,1,0,0,-2,-1,0,0],3,0,[1,2,0,0,0,-2,0,0,0],2,0,[0,0,1,0,0,0,-1,0,0],1,0},{'A',[1,-2,1,0,0,2,-1,0,0],4,0,[1,2,1,0,0,-2,-1,0,0],3,0,[0,-1,0,0,0,1,0,0,0],1,2},{'A',[0,0,0,-1,0,0,0,1,0],1,0,[0,0,0,0,0,0,0,1,0],0,0,[0,0,0,-1,0,0,0,0,0],0,0},{'A',[0,0,1,0,-1,0,0,0,0],1,0,[0,0,1,0,0,0,0,0,0],0,0,[0,0,0,0,-1,0,0,0,0],0,0},{'A',[5,-6,5,0,0,6,-5,0,0],5,0,[1,-2,1,0,0,2,-1,0,0],4,2,[1,2,1,0,0,-2,-1,0,0],3,0},{'A',[0,0,1,0,-1,0,0,0,2],2,0,[0,0,1,0,-1,0,0,0,0],1,0,[0,0,0,0,0,0,0,0,1],0,1},{'A',[0,0,1,2,-1,0,0,-2,2],3,0,[0,0,1,0,-1,0,0,0,2],2,0,[0,0,0,1,0,0,0,-1,0],1,1},{'A',[5,-6,7,4,-2,6,-5,-4,4],6,0,[5,-6,5,0,0,6,-5,0,0],5,0,[0,0,1,2,-1,0,0,-2,2],3,1},{'O',[5,-6,7,4,-2,6,-5,-4,4],6,[5,-6,7,4,-2,6,-5,-4,4],6,0}}
Finished solving after 158905 seconds
Adder graph: {{'A',[0,-1,0,0,0,1,0,0,0],1,0,[0,0,0,0,0,1,0,0,0],0,0,[0,-1,0,0,0,0,0,0,0],0,0},{'A',[0,0,1,0,0,0,-1,0,0],1,0,[0,0,1,0,0,0,0,0,0],0,0,[0,0,0,0,0,0,-1,0,0],0,0},{'A',[1,2,0,0,0,-2,0,0,0],2,0,[1,0,0,0,0,0,0,0,0],0,0,[0,1,0,0,0,-1,0,0,0],1,1},{'A',[1,2,1,0,0,-2,-1,0,0],3,0,[1,2,0,0,0,-2,0,0,0],2,0,[0,0,1,0,0,0,-1,0,0],1,0},{'A',[1,-2,1,0,0,2,-1,0,0],4,0,[1,2,1,0,0,-2,-1,0,0],3,0,[0,-1,0,0,0,1,0,0,0],1,2},{'A',[0,0,0,-1,0,0,0,1,0],1,0,[0,0,0,0,0,0,0,1,0],0,0,[0,0,0,-1,0,0,0,0,0],0,0},{'A',[0,0,1,0,-1,0,0,0,0],1,0,[0,0,1,0,0,0,0,0,0],0,0,[0,0,0,0,-1,0,0,0,0],0,0},{'A',[5,-6,5,0,0,6,-5,0,0],5,0,[1,-2,1,0,0,2,-1,0,0],4,2,[1,2,1,0,0,-2,-1,0,0],3,0},{'A',[0,0,1,0,-1,0,0,0,2],2,0,[0,0,1,0,-1,0,0,0,0],1,0,[0,0,0,0,0,0,0,0,1],0,1},{'A',[0,0,1,2,-1,0,0,-2,2],3,0,[0,0,1,0,-1,0,0,0,2],2,0,[0,0,0,1,0,0,0,-1,0],1,1},{'A',[5,-6,7,4,-2,6,-5,-4,4],6,0,[5,-6,5,0,0,6,-5,0,0],5,0,[0,0,1,2,-1,0,0,-2,2],3,1},{'O',[5,-6,7,4,-2,6,-5,-4,4],6,[5,-6,7,4,-2,6,-5,-4,4],6,0}}
#Add optimal = 0
#FAs optimal = 0
