Adder graph: {{'A',[0,1,1,0,0,0,0,0],1,0,[0,1,0,0,0,0,0,0],0,0,[0,0,1,0,0,0,0,0],0,0},{'A',[0,5,5,0,0,0,0,0],2,0,[0,1,1,0,0,0,0,0],1,2,[0,1,1,0,0,0,0,0],1,0},{'A',[0,-5,-5,0,0,0,0,0],3,0,[0,5,5,0,0,0,0,0],2,0,[0,-5,-5,0,0,0,0,0],2,1},{'A',[0,0,0,0,0,2,-1,0],1,0,[0,0,0,0,0,1,0,0],0,1,[0,0,0,0,0,0,-1,0],0,0},{'A',[0,0,0,1,1,0,0,0],1,0,[0,0,0,0,1,0,0,0],0,0,[0,0,0,1,0,0,0,0],0,0},{'A',[0,0,1,-1,0,0,0,0],1,0,[0,0,1,0,0,0,0,0],0,0,[0,0,0,-1,0,0,0,0],0,0},{'A',[0,0,0,-1,-1,2,-1,0],2,0,[0,0,0,0,0,2,-1,0],1,0,[0,0,0,-1,-1,0,0,0],1,0},{'A',[1,0,0,0,0,0,0,1],1,0,[1,0,0,0,0,0,0,0],0,0,[0,0,0,0,0,0,0,1],0,0},{'A',[-1,0,4,-4,0,0,0,-1],2,0,[0,0,1,-1,0,0,0,0],1,2,[-1,0,0,0,0,0,0,-1],1,0},{'A',[-2,0,8,-7,1,-2,1,-2],3,0,[-1,0,4,-4,0,0,0,-1],2,1,[0,0,0,1,1,-2,1,0],2,0},{'A',[-2,-5,3,-7,1,-2,1,-2],4,0,[0,-5,-5,0,0,0,0,0],3,0,[-2,0,8,-7,1,-2,1,-2],3,0},{'O',[-2,-5,3,-7,1,-2,1,-2],4,[-2,-5,3,-7,1,-2,1,-2],4,0}}
Adder graph: {{'A',[0,0,0,0,0,2,-1,0],1,0,[0,0,0,0,0,1,0,0],0,1,[0,0,0,0,0,0,-1,0],0,0},{'A',[0,1,0,1,0,0,0,0],1,0,[0,0,0,1,0,0,0,0],0,0,[0,1,0,0,0,0,0,0],0,0},{'A',[0,0,1,-1,0,0,0,0],1,0,[0,0,1,0,0,0,0,0],0,0,[0,0,0,-1,0,0,0,0],0,0},{'A',[0,2,-1,3,0,0,0,0],2,0,[0,1,0,1,0,0,0,0],1,1,[0,0,-1,1,0,0,0,0],1,0},{'A',[0,4,-2,6,0,0,0,0],3,0,[0,2,-1,3,0,0,0,0],2,0,[0,2,-1,3,0,0,0,0],2,0},{'A',[0,1,0,0,-1,0,0,0],1,0,[0,1,0,0,0,0,0,0],0,0,[0,0,0,0,-1,0,0,0],0,0},{'A',[0,1,0,0,-1,2,-1,0],2,0,[0,0,0,0,0,2,-1,0],1,0,[0,1,0,0,-1,0,0,0],1,0},{'A',[1,0,0,0,0,0,0,1],1,0,[0,0,0,0,0,0,0,1],0,0,[1,0,0,0,0,0,0,0],0,0},{'A',[-2,0,1,-1,0,0,0,-2],2,0,[0,0,1,-1,0,0,0,0],1,0,[-1,0,0,0,0,0,0,-1],1,1},{'A',[-2,-1,1,-1,1,-2,1,-2],3,0,[-2,0,1,-1,0,0,0,-2],2,0,[0,-1,0,0,1,-2,1,0],2,0},{'A',[-2,-5,3,-7,1,-2,1,-2],4,0,[-2,-1,1,-1,1,-2,1,-2],3,0,[0,-4,2,-6,0,0,0,0],3,0},{'O',[-2,-5,3,-7,1,-2,1,-2],4,[-2,-5,3,-7,1,-2,1,-2],4,0}}
Adder graph: {{'A',[0,0,1,-1,0,0,0,0],1,0,[0,0,1,0,0,0,0,0],0,0,[0,0,0,-1,0,0,0,0],0,0},{'A',[0,0,0,0,1,0,1,0],1,0,[0,0,0,0,1,0,0,0],0,0,[0,0,0,0,0,0,1,0],0,0},{'A',[0,2,0,0,0,0,0,0],1,0,[0,1,0,0,0,0,0,0],0,0,[0,1,0,0,0,0,0,0],0,0},{'A',[0,2,0,0,2,0,2,0],2,0,[0,0,0,0,1,0,1,0],1,1,[0,2,0,0,0,0,0,0],1,0},{'A',[0,-2,1,-1,0,0,0,0],2,0,[0,0,1,-1,0,0,0,0],1,0,[0,-2,0,0,0,0,0,0],1,0},{'A',[1,0,0,2,0,0,0,0],1,0,[0,0,0,1,0,0,0,0],0,1,[1,0,0,0,0,0,0,0],0,0},{'A',[0,0,0,0,0,1,0,1],1,0,[0,0,0,0,0,1,0,0],0,0,[0,0,0,0,0,0,0,1],0,0},{'A',[0,-6,3,-3,0,0,0,0],3,0,[0,-2,1,-1,0,0,0,0],2,1,[0,-2,1,-1,0,0,0,0],2,0},{'A',[1,0,0,2,0,1,0,1],2,0,[0,0,0,0,0,1,0,1],1,0,[1,0,0,2,0,0,0,0],1,0},{'A',[2,-1,0,4,-1,2,-1,2],3,1,[1,0,0,2,0,1,0,1],2,2,[0,-2,0,0,-2,0,-2,0],2,0},{'A',[-2,-5,3,-7,1,-2,1,-2],4,0,[0,-6,3,-3,0,0,0,0],3,0,[-2,1,0,-4,1,-2,1,-2],3,0},{'O',[-2,-5,3,-7,1,-2,1,-2],4,[-2,-5,3,-7,1,-2,1,-2],4,0}}
Adder graph: {{'A',[0,1,0,1,0,0,0,0],1,0,[0,1,0,0,0,0,0,0],0,0,[0,0,0,1,0,0,0,0],0,0},{'A',[0,-1,0,-1,0,0,0,0],2,0,[0,1,0,1,0,0,0,0],1,0,[0,-1,0,-1,0,0,0,0],1,1},{'A',[0,-5,0,-5,0,0,0,0],3,0,[0,-1,0,-1,0,0,0,0],2,0,[0,-1,0,-1,0,0,0,0],2,2},{'A',[0,0,1,0,1,0,0,0],1,0,[0,0,1,0,0,0,0,0],0,0,[0,0,0,0,1,0,0,0],0,0},{'A',[-1,0,1,0,0,0,0,0],1,0,[0,0,1,0,0,0,0,0],0,0,[-1,0,0,0,0,0,0,0],0,0},{'A',[0,0,0,0,0,1,0,1],1,0,[0,0,0,0,0,1,0,0],0,0,[0,0,0,0,0,0,0,1],0,0},{'A',[0,0,0,2,0,0,-1,0],1,0,[0,0,0,1,0,0,0,0],0,1,[0,0,0,0,0,0,-1,0],0,0},{'A',[0,0,-1,2,-1,0,-1,0],2,0,[0,0,0,2,0,0,-1,0],1,0,[0,0,-1,0,-1,0,0,0],1,0},{'A',[-1,0,1,0,0,-1,0,-1],2,0,[-1,0,1,0,0,0,0,0],1,0,[0,0,0,0,0,-1,0,-1],1,0},{'A',[2,0,-3,2,-1,2,-1,2],3,0,[0,0,-1,2,-1,0,-1,0],2,0,[1,0,-1,0,0,1,0,1],2,1},{'A',[-2,-5,3,-7,1,-2,1,-2],4,0,[0,-5,0,-5,0,0,0,0],3,0,[-2,0,3,-2,1,-2,1,-2],3,0},{'O',[-2,-5,3,-7,1,-2,1,-2],4,[-2,-5,3,-7,1,-2,1,-2],4,0}}
Adder graph: {{'A',[1,0,0,0,0,1,0,0],1,0,[0,0,0,0,0,1,0,0],0,0,[1,0,0,0,0,0,0,0],0,0},{'A',[0,1,1,0,0,0,0,0],1,0,[0,1,0,0,0,0,0,0],0,0,[0,0,1,0,0,0,0,0],0,0},{'A',[0,0,1,-1,0,0,0,0],1,0,[0,0,1,0,0,0,0,0],0,0,[0,0,0,-1,0,0,0,0],0,0},{'A',[-1,0,1,-1,0,-1,0,0],2,0,[0,0,1,-1,0,0,0,0],1,0,[-1,0,0,0,0,-1,0,0],1,0},{'A',[0,1,0,1,0,0,0,0],2,0,[0,1,1,0,0,0,0,0],1,0,[0,0,-1,1,0,0,0,0],1,0},{'A',[0,0,0,0,1,0,1,0],1,0,[0,0,0,0,0,0,1,0],0,0,[0,0,0,0,1,0,0,0],0,0},{'A',[0,5,0,5,0,0,0,0],3,0,[0,1,0,1,0,0,0,0],2,0,[0,1,0,1,0,0,0,0],2,2},{'A',[0,0,-1,0,0,0,0,2],1,0,[0,0,0,0,0,0,0,1],0,1,[0,0,-1,0,0,0,0,0],0,0},{'A',[0,0,-1,0,-1,0,-1,2],2,0,[0,0,-1,0,0,0,0,2],1,0,[0,0,0,0,-1,0,-1,0],1,0},{'A',[2,0,-3,2,-1,2,-1,2],3,0,[0,0,-1,0,-1,0,-1,2],2,0,[1,0,-1,1,0,1,0,0],2,1},{'A',[2,5,-3,7,-1,2,-1,2],4,0,[2,0,-3,2,-1,2,-1,2],3,0,[0,5,0,5,0,0,0,0],3,0},{'O',[-2,-5,3,-7,1,-2,1,-2],4,[-2,-5,3,-7,1,-2,1,-2],4,0}}
Adder graph: {{'A',[0,0,0,0,1,0,1,0],1,0,[0,0,0,0,1,0,0,0],0,0,[0,0,0,0,0,0,1,0],0,0},{'A',[0,0,0,2,0,0,0,0],1,0,[0,0,0,1,0,0,0,0],0,0,[0,0,0,1,0,0,0,0],0,0},{'A',[0,0,0,-1,1,0,1,0],2,1,[0,0,0,0,1,0,1,0],1,1,[0,0,0,-2,0,0,0,0],1,0},{'A',[1,0,0,0,0,1,0,0],1,0,[0,0,0,0,0,1,0,0],0,0,[1,0,0,0,0,0,0,0],0,0},{'A',[0,-1,1,0,0,0,0,0],1,0,[0,0,1,0,0,0,0,0],0,0,[0,-1,0,0,0,0,0,0],0,0},{'A',[0,1,0,0,0,0,0,1],1,0,[0,0,0,0,0,0,0,1],0,0,[0,1,0,0,0,0,0,0],0,0},{'A',[0,-1,1,-2,0,0,0,0],2,0,[0,-1,1,0,0,0,0,0],1,0,[0,0,0,-2,0,0,0,0],1,0},{'A',[1,1,0,0,0,1,0,1],2,0,[1,0,0,0,0,1,0,0],1,0,[0,1,0,0,0,0,0,1],1,0},{'A',[1,2,-1,2,0,1,0,1],3,0,[1,1,0,0,0,1,0,1],2,0,[0,1,-1,2,0,0,0,0],2,0},{'A',[0,-1,1,-3,1,0,1,0],3,0,[0,-1,1,-2,0,0,0,0],2,0,[0,0,0,-1,1,0,1,0],2,0},{'A',[-2,-5,3,-7,1,-2,1,-2],4,0,[0,-1,1,-3,1,0,1,0],3,0,[-1,-2,1,-2,0,-1,0,-1],3,1},{'O',[-2,-5,3,-7,1,-2,1,-2],4,[-2,-5,3,-7,1,-2,1,-2],4,0}}
Finished solving after 114748 seconds
Adder graph: {{'A',[0,0,0,0,1,0,1,0],1,0,[0,0,0,0,1,0,0,0],0,0,[0,0,0,0,0,0,1,0],0,0},{'A',[0,0,0,2,0,0,0,0],1,0,[0,0,0,1,0,0,0,0],0,0,[0,0,0,1,0,0,0,0],0,0},{'A',[0,0,0,-1,1,0,1,0],2,1,[0,0,0,0,1,0,1,0],1,1,[0,0,0,-2,0,0,0,0],1,0},{'A',[1,0,0,0,0,1,0,0],1,0,[0,0,0,0,0,1,0,0],0,0,[1,0,0,0,0,0,0,0],0,0},{'A',[0,-1,1,0,0,0,0,0],1,0,[0,0,1,0,0,0,0,0],0,0,[0,-1,0,0,0,0,0,0],0,0},{'A',[0,1,0,0,0,0,0,1],1,0,[0,0,0,0,0,0,0,1],0,0,[0,1,0,0,0,0,0,0],0,0},{'A',[0,-1,1,-2,0,0,0,0],2,0,[0,-1,1,0,0,0,0,0],1,0,[0,0,0,-2,0,0,0,0],1,0},{'A',[1,1,0,0,0,1,0,1],2,0,[1,0,0,0,0,1,0,0],1,0,[0,1,0,0,0,0,0,1],1,0},{'A',[1,2,-1,2,0,1,0,1],3,0,[1,1,0,0,0,1,0,1],2,0,[0,1,-1,2,0,0,0,0],2,0},{'A',[0,-1,1,-3,1,0,1,0],3,0,[0,-1,1,-2,0,0,0,0],2,0,[0,0,0,-1,1,0,1,0],2,0},{'A',[-2,-5,3,-7,1,-2,1,-2],4,0,[0,-1,1,-3,1,0,1,0],3,0,[-1,-2,1,-2,0,-1,0,-1],3,1},{'O',[-2,-5,3,-7,1,-2,1,-2],4,[-2,-5,3,-7,1,-2,1,-2],4,0}}
#Add optimal = 0
#FAs optimal = 0
