Adder graph: {{'A',[0,0,0,0,0,-1,0,1],1,0,[0,0,0,0,0,0,0,1],0,0,[0,0,0,0,0,-1,0,0],0,0},{'A',[0,0,4,0,0,0,1,0],1,0,[0,0,0,0,0,0,1,0],0,0,[0,0,1,0,0,0,0,0],0,2},{'A',[0,0,4,0,0,-4,1,4],2,0,[0,0,0,0,0,-1,0,1],1,2,[0,0,4,0,0,0,1,0],1,0},{'A',[0,0,0,1,1,0,0,0],1,0,[0,0,0,1,0,0,0,0],0,0,[0,0,0,0,1,0,0,0],0,0},{'A',[-8,1,0,0,0,0,0,0],1,0,[0,1,0,0,0,0,0,0],0,0,[-1,0,0,0,0,0,0,0],0,3},{'A',[1,0,0,0,0,0,1,0],1,0,[0,0,0,0,0,0,1,0],0,0,[1,0,0,0,0,0,0,0],0,0},{'A',[-1,0,0,1,1,0,-1,0],2,0,[0,0,0,1,1,0,0,0],1,0,[-1,0,0,0,0,0,-1,0],1,0},{'A',[-2,0,4,2,2,-4,-1,4],3,0,[0,0,4,0,0,-4,1,4],2,0,[-1,0,0,1,1,0,-1,0],2,1},{'A',[-9,1,0,0,0,0,-1,0],2,0,[-8,1,0,0,0,0,0,0],1,0,[-1,0,0,0,0,0,-1,0],1,0},{'A',[-5,1,0,-4,-4,0,3,0],3,0,[-9,1,0,0,0,0,-1,0],2,0,[1,0,0,-1,-1,0,1,0],2,2},{'A',[3,-1,4,6,6,-4,-4,4],4,0,[-2,0,4,2,2,-4,-1,4],3,0,[5,-1,0,4,4,0,-3,0],3,0},{'O',[-3,1,-4,-6,-6,4,4,-4],4,[-3,1,-4,-6,-6,4,4,-4],4,0}}
Adder graph: {{'A',[0,1,0,0,0,0,4,0],1,0,[0,1,0,0,0,0,0,0],0,0,[0,0,0,0,0,0,1,0],0,2},{'A',[1,0,2,0,0,0,0,0],1,0,[0,0,1,0,0,0,0,0],0,1,[1,0,0,0,0,0,0,0],0,0},{'A',[1,-1,2,0,0,0,-4,0],2,0,[1,0,2,0,0,0,0,0],1,0,[0,-1,0,0,0,0,-4,0],1,0},{'A',[1,-1,2,0,0,0,-4,0],3,1,[1,-1,2,0,0,0,-4,0],2,0,[1,-1,2,0,0,0,-4,0],2,0},{'A',[0,0,0,1,1,0,0,0],1,0,[0,0,0,0,1,0,0,0],0,0,[0,0,0,1,0,0,0,0],0,0},{'A',[0,0,-1,0,0,2,0,0],1,0,[0,0,0,0,0,1,0,0],0,1,[0,0,-1,0,0,0,0,0],0,0},{'A',[1,0,0,0,0,0,0,2],1,0,[0,0,0,0,0,0,0,1],0,1,[1,0,0,0,0,0,0,0],0,0},{'A',[0,0,0,3,3,0,0,0],2,0,[0,0,0,1,1,0,0,0],1,0,[0,0,0,1,1,0,0,0],1,1},{'A',[-1,0,-1,0,0,2,0,-2],2,0,[0,0,-1,0,0,2,0,0],1,0,[-1,0,0,0,0,0,0,-2],1,0},{'A',[-1,0,-1,-3,-3,2,0,-2],3,0,[-1,0,-1,0,0,2,0,-2],2,0,[0,0,0,-3,-3,0,0,0],2,0},{'A',[3,-1,4,6,6,-4,-4,4],4,0,[1,-1,2,0,0,0,-4,0],3,0,[1,0,1,3,3,-2,0,2],3,1},{'O',[-3,1,-4,-6,-6,4,4,-4],4,[-3,1,-4,-6,-6,4,4,-4],4,0}}
Adder graph: {{'A',[0,-1,0,0,0,0,0,0],1,0,[0,1,0,0,0,0,0,0],0,0,[0,-1,0,0,0,0,0,0],0,1},{'A',[0,0,1,0,0,0,0,1],1,0,[0,0,1,0,0,0,0,0],0,0,[0,0,0,0,0,0,0,1],0,0},{'A',[0,-2,0,0,0,0,0,0],2,0,[0,-1,0,0,0,0,0,0],1,0,[0,-1,0,0,0,0,0,0],1,0},{'A',[0,0,0,0,0,1,1,0],1,0,[0,0,0,0,0,1,0,0],0,0,[0,0,0,0,0,0,1,0],0,0},{'A',[1,0,0,0,1,0,0,0],1,0,[1,0,0,0,0,0,0,0],0,0,[0,0,0,0,1,0,0,0],0,0},{'A',[0,0,-1,0,0,1,1,-1],2,0,[0,0,0,0,0,1,1,0],1,0,[0,0,-1,0,0,0,0,-1],1,0},{'A',[0,0,0,2,1,0,0,0],1,0,[0,0,0,0,1,0,0,0],0,0,[0,0,0,1,0,0,0,0],0,1},{'A',[1,0,0,2,2,0,0,0],2,0,[0,0,0,2,1,0,0,0],1,0,[1,0,0,0,1,0,0,0],1,0},{'A',[-2,-2,0,-4,-4,0,0,0],3,0,[0,-2,0,0,0,0,0,0],2,0,[-1,0,0,-2,-2,0,0,0],2,1},{'A',[-1,0,-1,-2,-2,1,1,-1],3,0,[0,0,-1,0,0,1,1,-1],2,0,[-1,0,0,-2,-2,0,0,0],2,0},{'A',[-3,1,-4,-6,-6,4,4,-4],4,1,[-1,0,-1,-2,-2,1,1,-1],3,3,[2,2,0,4,4,0,0,0],3,0},{'O',[-3,1,-4,-6,-6,4,4,-4],4,[-3,1,-4,-6,-6,4,4,-4],4,0}}
Adder graph: {{'A',[0,0,0,1,1,0,0,0],1,0,[0,0,0,0,1,0,0,0],0,0,[0,0,0,1,0,0,0,0],0,0},{'A',[0,0,0,2,2,0,0,0],2,0,[0,0,0,1,1,0,0,0],1,0,[0,0,0,1,1,0,0,0],1,0},{'A',[0,0,0,-6,-6,0,0,0],3,0,[0,0,0,2,2,0,0,0],2,0,[0,0,0,-2,-2,0,0,0],2,2},{'A',[0,0,0,0,0,1,0,-1],1,0,[0,0,0,0,0,1,0,0],0,0,[0,0,0,0,0,0,0,-1],0,0},{'A',[0,0,1,0,0,0,0,0],1,0,[0,0,1,0,0,0,0,0],0,1,[0,0,-1,0,0,0,0,0],0,0},{'A',[1,0,0,0,0,0,-1,0],1,0,[1,0,0,0,0,0,0,0],0,0,[0,0,0,0,0,0,-1,0],0,0},{'A',[1,1,0,0,0,0,0,0],1,0,[0,1,0,0,0,0,0,0],0,0,[1,0,0,0,0,0,0,0],0,0},{'A',[1,0,0,0,0,-1,-1,1],2,0,[1,0,0,0,0,0,-1,0],1,0,[0,0,0,0,0,-1,0,1],1,0},{'A',[1,1,-4,0,0,0,0,0],2,0,[1,1,0,0,0,0,0,0],1,0,[0,0,-1,0,0,0,0,0],1,2},{'A',[-3,1,-4,0,0,4,4,-4],3,0,[1,1,-4,0,0,0,0,0],2,0,[-1,0,0,0,0,1,1,-1],2,2},{'A',[-3,1,-4,-6,-6,4,4,-4],4,0,[0,0,0,-6,-6,0,0,0],3,0,[-3,1,-4,0,0,4,4,-4],3,0},{'O',[-3,1,-4,-6,-6,4,4,-4],4,[-3,1,-4,-6,-6,4,4,-4],4,0}}
Adder graph: {{'A',[1,1,0,0,0,0,0,0],1,0,[0,1,0,0,0,0,0,0],0,0,[1,0,0,0,0,0,0,0],0,0},{'A',[0,0,0,1,1,0,0,0],1,0,[0,0,0,1,0,0,0,0],0,0,[0,0,0,0,1,0,0,0],0,0},{'A',[1,0,0,0,0,0,0,1],1,0,[1,0,0,0,0,0,0,0],0,0,[0,0,0,0,0,0,0,1],0,0},{'A',[0,0,0,0,0,0,-1,0],1,0,[0,0,0,0,0,0,1,0],0,0,[0,0,0,0,0,0,-1,0],0,1},{'A',[0,0,0,1,1,0,-1,0],2,0,[0,0,0,1,1,0,0,0],1,0,[0,0,0,0,0,0,-1,0],1,0},{'A',[0,0,-1,0,0,1,0,0],1,0,[0,0,0,0,0,1,0,0],0,0,[0,0,-1,0,0,0,0,0],0,0},{'A',[1,1,0,0,0,0,-2,0],2,0,[1,1,0,0,0,0,0,0],1,0,[0,0,0,0,0,0,-1,0],1,1},{'A',[-1,-1,0,2,2,0,0,0],3,0,[0,0,0,1,1,0,-1,0],2,1,[-1,-1,0,0,0,0,2,0],2,0},{'A',[-1,0,-1,0,0,1,0,-1],2,0,[0,0,-1,0,0,1,0,0],1,0,[-1,0,0,0,0,0,0,-1],1,0},{'A',[-1,0,-1,-1,-1,1,1,-1],3,0,[-1,0,-1,0,0,1,0,-1],2,0,[0,0,0,-1,-1,0,1,0],2,0},{'A',[3,-1,4,6,6,-4,-4,4],4,0,[-1,-1,0,2,2,0,0,0],3,0,[1,0,1,1,1,-1,-1,1],3,2},{'O',[-3,1,-4,-6,-6,4,4,-4],4,[-3,1,-4,-6,-6,4,4,-4],4,0}}
Adder graph: {{'A',[0,0,-1,0,0,0,1,0],1,0,[0,0,0,0,0,0,1,0],0,0,[0,0,-1,0,0,0,0,0],0,0},{'A',[0,0,0,0,0,-1,0,1],1,0,[0,0,0,0,0,0,0,1],0,0,[0,0,0,0,0,-1,0,0],0,0},{'A',[0,0,0,1,1,0,0,0],1,0,[0,0,0,0,1,0,0,0],0,0,[0,0,0,1,0,0,0,0],0,0},{'A',[1,-1,0,0,0,0,0,0],1,0,[1,0,0,0,0,0,0,0],0,0,[0,-1,0,0,0,0,0,0],0,0},{'A',[1,1,0,0,0,0,0,0],1,0,[0,1,0,0,0,0,0,0],0,0,[1,0,0,0,0,0,0,0],0,0},{'A',[3,-1,0,0,0,0,0,0],2,0,[1,-1,0,0,0,0,0,0],1,1,[1,1,0,0,0,0,0,0],1,0},{'A',[0,0,0,1,1,0,0,0],2,1,[0,0,0,1,1,0,0,0],1,0,[0,0,0,1,1,0,0,0],1,0},{'A',[0,0,1,0,0,-1,-1,1],2,0,[0,0,0,0,0,-1,0,1],1,0,[0,0,1,0,0,0,-1,0],1,0},{'A',[3,-1,0,2,2,0,0,0],3,0,[3,-1,0,0,0,0,0,0],2,0,[0,0,0,1,1,0,0,0],2,1},{'A',[0,0,1,1,1,-1,-1,1],3,0,[0,0,0,1,1,0,0,0],2,0,[0,0,1,0,0,-1,-1,1],2,0},{'A',[3,-1,4,6,6,-4,-4,4],4,0,[0,0,1,1,1,-1,-1,1],3,2,[3,-1,0,2,2,0,0,0],3,0},{'O',[-3,1,-4,-6,-6,4,4,-4],4,[-3,1,-4,-6,-6,4,4,-4],4,0}}
Adder graph: {{'A',[0,0,0,0,0,1,1,0],1,0,[0,0,0,0,0,0,1,0],0,0,[0,0,0,0,0,1,0,0],0,0},{'A',[0,0,0,1,1,0,0,0],1,0,[0,0,0,1,0,0,0,0],0,0,[0,0,0,0,1,0,0,0],0,0},{'A',[0,1,0,0,0,0,0,0],1,1,[0,1,0,0,0,0,0,0],0,0,[0,1,0,0,0,0,0,0],0,0},{'A',[1,0,0,0,0,0,0,0],1,0,[1,0,0,0,0,0,0,0],0,1,[-1,0,0,0,0,0,0,0],0,0},{'A',[0,1,0,0,0,0,0,0],2,0,[0,1,0,0,0,0,0,0],1,1,[0,-1,0,0,0,0,0,0],1,0},{'A',[0,0,1,0,0,0,0,1],1,0,[0,0,0,0,0,0,0,1],0,0,[0,0,1,0,0,0,0,0],0,0},{'A',[1,0,0,2,2,0,0,0],2,0,[1,0,0,0,0,0,0,0],1,0,[0,0,0,1,1,0,0,0],1,1},{'A',[0,0,-1,0,0,1,1,-1],2,0,[0,0,0,0,0,1,1,0],1,0,[0,0,-1,0,0,0,0,-1],1,0},{'A',[1,-1,0,2,2,0,0,0],3,0,[1,0,0,2,2,0,0,0],2,0,[0,-1,0,0,0,0,0,0],2,0},{'A',[-1,0,-2,-2,-2,2,2,-2],3,0,[0,0,-1,0,0,1,1,-1],2,1,[-1,0,0,-2,-2,0,0,0],2,0},{'A',[-3,1,-4,-6,-6,4,4,-4],4,0,[-1,0,-2,-2,-2,2,2,-2],3,1,[-1,1,0,-2,-2,0,0,0],3,0},{'O',[-3,1,-4,-6,-6,4,4,-4],4,[-3,1,-4,-6,-6,4,4,-4],4,0}}
Finished solving after 132114 seconds
Adder graph: {{'A',[0,0,0,0,0,1,1,0],1,0,[0,0,0,0,0,0,1,0],0,0,[0,0,0,0,0,1,0,0],0,0},{'A',[0,0,0,1,1,0,0,0],1,0,[0,0,0,1,0,0,0,0],0,0,[0,0,0,0,1,0,0,0],0,0},{'A',[0,1,0,0,0,0,0,0],1,1,[0,1,0,0,0,0,0,0],0,0,[0,1,0,0,0,0,0,0],0,0},{'A',[1,0,0,0,0,0,0,0],1,0,[1,0,0,0,0,0,0,0],0,1,[-1,0,0,0,0,0,0,0],0,0},{'A',[0,1,0,0,0,0,0,0],2,0,[0,1,0,0,0,0,0,0],1,1,[0,-1,0,0,0,0,0,0],1,0},{'A',[0,0,1,0,0,0,0,1],1,0,[0,0,0,0,0,0,0,1],0,0,[0,0,1,0,0,0,0,0],0,0},{'A',[1,0,0,2,2,0,0,0],2,0,[1,0,0,0,0,0,0,0],1,0,[0,0,0,1,1,0,0,0],1,1},{'A',[0,0,-1,0,0,1,1,-1],2,0,[0,0,0,0,0,1,1,0],1,0,[0,0,-1,0,0,0,0,-1],1,0},{'A',[1,-1,0,2,2,0,0,0],3,0,[1,0,0,2,2,0,0,0],2,0,[0,-1,0,0,0,0,0,0],2,0},{'A',[-1,0,-2,-2,-2,2,2,-2],3,0,[0,0,-1,0,0,1,1,-1],2,1,[-1,0,0,-2,-2,0,0,0],2,0},{'A',[-3,1,-4,-6,-6,4,4,-4],4,0,[-1,0,-2,-2,-2,2,2,-2],3,1,[-1,1,0,-2,-2,0,0,0],3,0},{'O',[-3,1,-4,-6,-6,4,4,-4],4,[-3,1,-4,-6,-6,4,4,-4],4,0}}
#Add optimal = 0
#FAs optimal = 0
