Adder graph: {{'A',[0,0,0,-2,0,0,1,0],1,0,[0,0,0,0,0,0,1,0],0,0,[0,0,0,-1,0,0,0,0],0,1},{'A',[0,0,0,6,0,0,-3,0],2,0,[0,0,0,-2,0,0,1,0],1,0,[0,0,0,2,0,0,-1,0],1,2},{'A',[0,0,0,0,-1,1,0,0],1,0,[0,0,0,0,0,1,0,0],0,0,[0,0,0,0,-1,0,0,0],0,0},{'A',[0,0,0,0,-5,5,0,0],2,0,[0,0,0,0,-1,1,0,0],1,2,[0,0,0,0,-1,1,0,0],1,0},{'A',[2,0,1,0,0,0,0,0],1,0,[1,0,0,0,0,0,0,0],0,1,[0,0,1,0,0,0,0,0],0,0},{'A',[0,4,0,0,0,0,0,1],1,0,[0,0,0,0,0,0,0,1],0,0,[0,1,0,0,0,0,0,0],0,2},{'A',[2,4,1,0,0,0,0,1],2,0,[2,0,1,0,0,0,0,0],1,0,[0,4,0,0,0,0,0,1],1,0},{'A',[-8,-16,-4,0,-5,5,0,-4],3,0,[0,0,0,0,-5,5,0,0],2,0,[-2,-4,-1,0,0,0,0,-1],2,2},{'A',[0,0,0,-12,-5,5,6,0],3,0,[0,0,0,0,-5,5,0,0],2,0,[0,0,0,-6,0,0,3,0],2,1},{'A',[-4,-8,-2,-6,-5,5,3,-2],4,1,[0,0,0,-12,-5,5,6,0],3,0,[-8,-16,-4,0,-5,5,0,-4],3,0},{'O',[-4,-8,-2,-6,-5,5,3,-2],4,[-4,-8,-2,-6,-5,5,3,-2],4,0}}
Adder graph: {{'A',[0,0,0,0,-1,1,0,0],1,0,[0,0,0,0,0,1,0,0],0,0,[0,0,0,0,-1,0,0,0],0,0},{'A',[2,0,1,0,0,0,0,0],1,0,[1,0,0,0,0,0,0,0],0,1,[0,0,1,0,0,0,0,0],0,0},{'A',[0,4,0,0,0,0,0,1],1,0,[0,1,0,0,0,0,0,0],0,2,[0,0,0,0,0,0,0,1],0,0},{'A',[0,0,0,2,0,0,-1,0],1,0,[0,0,0,1,0,0,0,0],0,1,[0,0,0,0,0,0,-1,0],0,0},{'A',[0,0,0,-2,-2,2,1,0],2,0,[0,0,0,0,-1,1,0,0],1,1,[0,0,0,-2,0,0,1,0],1,0},{'A',[0,8,0,0,1,-1,0,2],2,0,[0,4,0,0,0,0,0,1],1,1,[0,0,0,0,1,-1,0,0],1,0},{'A',[0,-8,0,0,-1,1,0,-2],3,0,[0,8,0,0,1,-1,0,2],2,0,[0,-8,0,0,-1,1,0,-2],2,1},{'A',[4,0,2,2,0,0,-1,0],2,0,[2,0,1,0,0,0,0,0],1,1,[0,0,0,2,0,0,-1,0],1,0},{'A',[4,0,2,6,4,-4,-3,0],3,0,[4,0,2,2,0,0,-1,0],2,0,[0,0,0,2,2,-2,-1,0],2,1},{'A',[-4,-8,-2,-6,-5,5,3,-2],4,0,[0,-8,0,0,-1,1,0,-2],3,0,[-4,0,-2,-6,-4,4,3,0],3,0},{'O',[-4,-8,-2,-6,-5,5,3,-2],4,[-4,-8,-2,-6,-5,5,3,-2],4,0}}
Adder graph: {{'A',[0,0,0,0,1,-1,0,0],1,0,[0,0,0,0,1,0,0,0],0,0,[0,0,0,0,0,-1,0,0],0,0},{'A',[0,0,0,0,1,-1,0,0],2,1,[0,0,0,0,1,-1,0,0],1,0,[0,0,0,0,1,-1,0,0],1,0},{'A',[0,0,0,2,0,0,-1,0],1,0,[0,0,0,1,0,0,0,0],0,1,[0,0,0,0,0,0,-1,0],0,0},{'A',[0,4,1,0,0,0,0,0],1,0,[0,1,0,0,0,0,0,0],0,2,[0,0,1,0,0,0,0,0],0,0},{'A',[2,0,0,0,0,0,0,1],1,0,[1,0,0,0,0,0,0,0],0,1,[0,0,0,0,0,0,0,1],0,0},{'A',[0,0,0,6,0,0,-3,0],2,0,[0,0,0,2,0,0,-1,0],1,2,[0,0,0,-2,0,0,1,0],1,0},{'A',[0,0,0,0,5,-5,0,0],3,0,[0,0,0,0,1,-1,0,0],2,0,[0,0,0,0,1,-1,0,0],2,2},{'A',[2,4,1,0,0,0,0,1],2,0,[0,4,1,0,0,0,0,0],1,0,[2,0,0,0,0,0,0,1],1,0},{'A',[4,8,2,6,0,0,-3,2],3,0,[2,4,1,0,0,0,0,1],2,1,[0,0,0,6,0,0,-3,0],2,0},{'A',[4,8,2,6,5,-5,-3,2],4,0,[4,8,2,6,0,0,-3,2],3,0,[0,0,0,0,5,-5,0,0],3,0},{'O',[-4,-8,-2,-6,-5,5,3,-2],4,[-4,-8,-2,-6,-5,5,3,-2],4,0}}
Adder graph: {{'A',[0,0,0,-2,0,0,1,0],1,0,[0,0,0,0,0,0,1,0],0,0,[0,0,0,-1,0,0,0,0],0,1},{'A',[1,2,0,0,0,0,0,0],1,0,[0,1,0,0,0,0,0,0],0,1,[1,0,0,0,0,0,0,0],0,0},{'A',[0,0,1,0,0,0,0,1],1,0,[0,0,0,0,0,0,0,1],0,0,[0,0,1,0,0,0,0,0],0,0},{'A',[2,4,0,0,0,0,0,0],2,0,[1,2,0,0,0,0,0,0],1,0,[1,2,0,0,0,0,0,0],1,0},{'A',[0,0,0,0,1,-1,0,0],1,0,[0,0,0,0,1,0,0,0],0,0,[0,0,0,0,0,-1,0,0],0,0},{'A',[0,0,0,-2,-1,1,1,0],2,0,[0,0,0,-2,0,0,1,0],1,0,[0,0,0,0,-1,1,0,0],1,0},{'A',[0,0,1,-2,0,0,1,1],2,0,[0,0,0,-2,0,0,1,0],1,0,[0,0,1,0,0,0,0,1],1,0},{'A',[0,0,-2,2,-1,1,-1,-2],3,0,[0,0,0,-2,-1,1,1,0],2,0,[0,0,-1,2,0,0,-1,-1],2,1},{'A',[2,4,0,4,2,-2,-2,0],3,0,[2,4,0,0,0,0,0,0],2,0,[0,0,0,2,1,-1,-1,0],2,1},{'A',[4,8,2,6,5,-5,-3,2],4,0,[2,4,0,4,2,-2,-2,0],3,1,[0,0,2,-2,1,-1,1,2],3,0},{'O',[-4,-8,-2,-6,-5,5,3,-2],4,[-4,-8,-2,-6,-5,5,3,-2],4,0}}
Adder graph: {{'A',[0,0,1,0,0,0,0,1],1,0,[0,0,0,0,0,0,0,1],0,0,[0,0,1,0,0,0,0,0],0,0},{'A',[0,0,-1,0,0,0,0,-1],2,0,[0,0,1,0,0,0,0,1],1,0,[0,0,-1,0,0,0,0,-1],1,1},{'A',[1,2,0,0,0,0,0,0],1,0,[1,0,0,0,0,0,0,0],0,0,[0,1,0,0,0,0,0,0],0,1},{'A',[0,0,0,0,-1,1,0,0],1,0,[0,0,0,0,0,1,0,0],0,0,[0,0,0,0,-1,0,0,0],0,0},{'A',[0,0,0,-2,0,0,1,0],1,0,[0,0,0,0,0,0,1,0],0,0,[0,0,0,-1,0,0,0,0],0,1},{'A',[1,2,0,0,2,-2,0,0],2,0,[1,2,0,0,0,0,0,0],1,0,[0,0,0,0,1,-1,0,0],1,1},{'A',[0,0,0,-2,1,-1,1,0],2,0,[0,0,0,-2,0,0,1,0],1,0,[0,0,0,0,1,-1,0,0],1,0},{'A',[0,0,0,-6,3,-3,3,0],3,0,[0,0,0,-2,1,-1,1,0],2,0,[0,0,0,-2,1,-1,1,0],2,1},{'A',[-2,-4,-1,0,-4,4,0,-1],3,0,[0,0,-1,0,0,0,0,-1],2,0,[-1,-2,0,0,-2,2,0,0],2,1},{'A',[-4,-8,-2,-6,-5,5,3,-2],4,0,[0,0,0,-6,3,-3,3,0],3,0,[-2,-4,-1,0,-4,4,0,-1],3,1},{'O',[-4,-8,-2,-6,-5,5,3,-2],4,[-4,-8,-2,-6,-5,5,3,-2],4,0}}
Adder graph: {{'A',[0,0,1,0,0,0,0,1],1,0,[0,0,1,0,0,0,0,0],0,0,[0,0,0,0,0,0,0,1],0,0},{'A',[0,0,0,0,-1,1,0,0],1,0,[0,0,0,0,0,1,0,0],0,0,[0,0,0,0,-1,0,0,0],0,0},{'A',[0,0,0,-2,0,0,1,0],1,0,[0,0,0,0,0,0,1,0],0,0,[0,0,0,-1,0,0,0,0],0,1},{'A',[0,0,0,-2,-1,1,1,0],2,0,[0,0,0,0,-1,1,0,0],1,0,[0,0,0,-2,0,0,1,0],1,0},{'A',[0,0,0,6,3,-3,-3,0],3,0,[0,0,0,-2,-1,1,1,0],2,0,[0,0,0,2,1,-1,-1,0],2,2},{'A',[0,0,0,0,-1,1,0,0],2,0,[0,0,0,0,-1,1,0,0],1,1,[0,0,0,0,1,-1,0,0],1,0},{'A',[1,2,0,0,0,0,0,0],1,0,[1,0,0,0,0,0,0,0],0,0,[0,1,0,0,0,0,0,0],0,1},{'A',[2,4,1,0,0,0,0,1],2,0,[1,2,0,0,0,0,0,0],1,1,[0,0,1,0,0,0,0,1],1,0},{'A',[-2,-4,-1,0,-1,1,0,-1],3,0,[0,0,0,0,-1,1,0,0],2,0,[-2,-4,-1,0,0,0,0,-1],2,0},{'A',[-4,-8,-2,-6,-5,5,3,-2],4,0,[-2,-4,-1,0,-1,1,0,-1],3,1,[0,0,0,-6,-3,3,3,0],3,0},{'O',[-4,-8,-2,-6,-5,5,3,-2],4,[-4,-8,-2,-6,-5,5,3,-2],4,0}}
Adder graph: {{'A',[0,0,0,2,0,0,-1,0],1,0,[0,0,0,1,0,0,0,0],0,1,[0,0,0,0,0,0,-1,0],0,0},{'A',[0,0,1,0,0,0,0,1],1,0,[0,0,1,0,0,0,0,0],0,0,[0,0,0,0,0,0,0,1],0,0},{'A',[0,0,0,0,1,-1,0,0],1,0,[0,0,0,0,1,0,0,0],0,0,[0,0,0,0,0,-1,0,0],0,0},{'A',[0,0,0,0,-1,1,0,0],2,0,[0,0,0,0,1,-1,0,0],1,0,[0,0,0,0,-1,1,0,0],1,1},{'A',[0,0,2,-2,0,0,1,2],2,0,[0,0,1,0,0,0,0,1],1,1,[0,0,0,-2,0,0,1,0],1,0},{'A',[0,0,-2,2,-1,1,-1,-2],3,0,[0,0,0,0,-1,1,0,0],2,0,[0,0,-2,2,0,0,-1,-2],2,0},{'A',[1,2,0,0,0,0,0,0],1,0,[1,0,0,0,0,0,0,0],0,0,[0,1,0,0,0,0,0,0],0,1},{'A',[1,2,0,2,0,0,-1,0],2,0,[1,2,0,0,0,0,0,0],1,0,[0,0,0,2,0,0,-1,0],1,0},{'A',[-1,-2,0,-2,-1,1,1,0],3,0,[0,0,0,0,-1,1,0,0],2,0,[-1,-2,0,-2,0,0,1,0],2,0},{'A',[-4,-8,-2,-6,-5,5,3,-2],4,0,[0,0,-2,2,-1,1,-1,-2],3,0,[-1,-2,0,-2,-1,1,1,0],3,2},{'O',[-4,-8,-2,-6,-5,5,3,-2],4,[-4,-8,-2,-6,-5,5,3,-2],4,0}}
Finished solving after 81072.8 seconds
Adder graph: {{'A',[0,0,0,2,0,0,-1,0],1,0,[0,0,0,1,0,0,0,0],0,1,[0,0,0,0,0,0,-1,0],0,0},{'A',[0,0,1,0,0,0,0,1],1,0,[0,0,1,0,0,0,0,0],0,0,[0,0,0,0,0,0,0,1],0,0},{'A',[0,0,0,0,1,-1,0,0],1,0,[0,0,0,0,1,0,0,0],0,0,[0,0,0,0,0,-1,0,0],0,0},{'A',[0,0,0,0,-1,1,0,0],2,0,[0,0,0,0,1,-1,0,0],1,0,[0,0,0,0,-1,1,0,0],1,1},{'A',[0,0,2,-2,0,0,1,2],2,0,[0,0,1,0,0,0,0,1],1,1,[0,0,0,-2,0,0,1,0],1,0},{'A',[0,0,-2,2,-1,1,-1,-2],3,0,[0,0,0,0,-1,1,0,0],2,0,[0,0,-2,2,0,0,-1,-2],2,0},{'A',[1,2,0,0,0,0,0,0],1,0,[1,0,0,0,0,0,0,0],0,0,[0,1,0,0,0,0,0,0],0,1},{'A',[1,2,0,2,0,0,-1,0],2,0,[1,2,0,0,0,0,0,0],1,0,[0,0,0,2,0,0,-1,0],1,0},{'A',[-1,-2,0,-2,-1,1,1,0],3,0,[0,0,0,0,-1,1,0,0],2,0,[-1,-2,0,-2,0,0,1,0],2,0},{'A',[-4,-8,-2,-6,-5,5,3,-2],4,0,[0,0,-2,2,-1,1,-1,-2],3,0,[-1,-2,0,-2,-1,1,1,0],3,2},{'O',[-4,-8,-2,-6,-5,5,3,-2],4,[-4,-8,-2,-6,-5,5,3,-2],4,0}}
#Add optimal = 1
#FAs optimal = 0
