Adder graph: {{'A',[0,0,2,0,0,0,0,0],1,0,[0,0,1,0,0,0,0,0],0,0,[0,0,1,0,0,0,0,0],0,0},{'A',[0,1,0,0,0,4,0,0],1,0,[0,0,0,0,0,1,0,0],0,2,[0,1,0,0,0,0,0,0],0,0},{'A',[0,0,0,1,0,2,0,0],1,0,[0,0,0,0,0,1,0,0],0,1,[0,0,0,1,0,0,0,0],0,0},{'A',[0,0,-2,2,0,4,0,0],2,0,[0,0,0,1,0,2,0,0],1,1,[0,0,-2,0,0,0,0,0],1,0},{'A',[2,0,0,0,0,0,0,1],1,0,[0,0,0,0,0,0,0,1],0,0,[1,0,0,0,0,0,0,0],0,1},{'A',[2,0,0,-2,0,-4,0,1],2,0,[2,0,0,0,0,0,0,1],1,0,[0,0,0,-1,0,-2,0,0],1,1},{'A',[0,0,0,0,1,0,-8,0],1,0,[0,0,0,0,1,0,0,0],0,0,[0,0,0,0,0,0,-1,0],0,3},{'A',[-4,0,-2,6,0,12,0,-2],3,0,[0,0,-2,2,0,4,0,0],2,0,[-2,0,0,2,0,4,0,-1],2,1},{'A',[0,-1,0,0,1,-4,-8,0],2,0,[0,0,0,0,1,0,-8,0],1,0,[0,-1,0,0,0,-4,0,0],1,0},{'A',[-8,-1,0,8,1,12,-8,-4],3,0,[0,-1,0,0,1,-4,-8,0],2,0,[-2,0,0,2,0,4,0,-1],2,2},{'A',[6,1,-1,-5,-1,-6,8,3],4,1,[-4,0,-2,6,0,12,0,-2],3,0,[8,1,0,-8,-1,-12,8,4],3,1},{'O',[-6,-1,1,5,1,6,-8,-3],4,[-6,-1,1,5,1,6,-8,-3],4,0}}
Adder graph: {{'A',[0,1,0,0,-1,0,0,0],1,0,[0,1,0,0,0,0,0,0],0,0,[0,0,0,0,-1,0,0,0],0,0},{'A',[-1,0,0,0,0,1,0,0],1,0,[0,0,0,0,0,1,0,0],0,0,[-1,0,0,0,0,0,0,0],0,0},{'A',[0,0,0,1,0,0,0,1],1,0,[0,0,0,0,0,0,0,1],0,0,[0,0,0,1,0,0,0,0],0,0},{'A',[0,0,0,1,0,0,0,-1],1,0,[0,0,0,1,0,0,0,0],0,0,[0,0,0,0,0,0,0,-1],0,0},{'A',[0,-4,0,1,4,0,0,1],2,0,[0,0,0,1,0,0,0,1],1,0,[0,-1,0,0,1,0,0,0],1,2},{'A',[0,0,-1,0,0,0,8,0],1,0,[0,0,0,0,0,0,1,0],0,3,[0,0,-1,0,0,0,0,0],0,0},{'A',[0,0,-1,-4,0,0,8,4],2,0,[0,0,-1,0,0,0,8,0],1,0,[0,0,0,-1,0,0,0,1],1,2},{'A',[-8,0,0,1,0,8,0,1],2,0,[-1,0,0,0,0,1,0,0],1,3,[0,0,0,1,0,0,0,1],1,0},{'A',[2,-1,0,0,1,-2,0,0],3,2,[0,-4,0,1,4,0,0,1],2,0,[8,0,0,-1,0,-8,0,-1],2,0},{'A',[-8,0,1,5,0,8,-8,-3],3,0,[-8,0,0,1,0,8,0,1],2,0,[0,0,1,4,0,0,-8,-4],2,0},{'A',[-6,-1,1,5,1,6,-8,-3],4,0,[-8,0,1,5,0,8,-8,-3],3,0,[2,-1,0,0,1,-2,0,0],3,0},{'O',[-6,-1,1,5,1,6,-8,-3],4,[-6,-1,1,5,1,6,-8,-3],4,0}}
Adder graph: {{'A',[0,0,0,0,-1,0,8,0],1,0,[0,0,0,0,0,0,1,0],0,3,[0,0,0,0,-1,0,0,0],0,0},{'A',[0,0,0,0,-1,0,8,0],2,1,[0,0,0,0,-1,0,8,0],1,0,[0,0,0,0,-1,0,8,0],1,0},{'A',[1,0,0,-1,0,0,0,0],1,0,[1,0,0,0,0,0,0,0],0,0,[0,0,0,-1,0,0,0,0],0,0},{'A',[0,1,1,0,0,0,0,0],1,0,[0,0,1,0,0,0,0,0],0,0,[0,1,0,0,0,0,0,0],0,0},{'A',[0,0,2,-1,0,0,0,0],1,0,[0,0,1,0,0,0,0,0],0,1,[0,0,0,-1,0,0,0,0],0,0},{'A',[0,-1,1,-1,0,0,0,0],2,0,[0,0,2,-1,0,0,0,0],1,0,[0,-1,-1,0,0,0,0,0],1,0},{'A',[0,0,0,0,0,2,0,-1],1,0,[0,0,0,0,0,1,0,0],0,1,[0,0,0,0,0,0,0,-1],0,0},{'A',[0,1,-1,1,-1,0,8,0],3,0,[0,0,0,0,-1,0,8,0],2,0,[0,1,-1,1,0,0,0,0],2,0},{'A',[-2,0,0,2,0,2,0,-1],2,0,[0,0,0,0,0,2,0,-1],1,0,[-1,0,0,1,0,0,0,0],1,1},{'A',[-6,0,0,6,0,6,0,-3],3,0,[-2,0,0,2,0,2,0,-1],2,2,[2,0,0,-2,0,-2,0,1],2,0},{'A',[-6,-1,1,5,1,6,-8,-3],4,0,[-6,0,0,6,0,6,0,-3],3,0,[0,-1,1,-1,1,0,-8,0],3,0},{'O',[-6,-1,1,5,1,6,-8,-3],4,[-6,-1,1,5,1,6,-8,-3],4,0}}
Adder graph: {{'A',[1,0,0,0,0,0,1,0],1,0,[0,0,0,0,0,0,1,0],0,0,[1,0,0,0,0,0,0,0],0,0},{'A',[0,0,0,0,0,-2,0,1],1,0,[0,0,0,0,0,0,0,1],0,0,[0,0,0,0,0,-1,0,0],0,1},{'A',[0,0,1,1,0,0,0,0],1,0,[0,0,1,0,0,0,0,0],0,0,[0,0,0,1,0,0,0,0],0,0},{'A',[0,-1,0,0,1,0,0,0],1,0,[0,0,0,0,1,0,0,0],0,0,[0,-1,0,0,0,0,0,0],0,0},{'A',[1,0,0,2,0,0,0,0],1,0,[1,0,0,0,0,0,0,0],0,0,[0,0,0,1,0,0,0,0],0,1},{'A',[-3,0,0,2,0,0,-4,0],2,0,[1,0,0,2,0,0,0,0],1,0,[-1,0,0,0,0,0,-1,0],1,2},{'A',[0,0,0,0,0,-6,0,3],2,0,[0,0,0,0,0,-2,0,1],1,0,[0,0,0,0,0,-2,0,1],1,1},{'A',[0,-1,1,1,1,0,0,0],2,0,[0,0,1,1,0,0,0,0],1,0,[0,-1,0,0,1,0,0,0],1,0},{'A',[-3,-1,1,3,1,0,-4,0],3,0,[0,-1,1,1,1,0,0,0],2,0,[-3,0,0,2,0,0,-4,0],2,0},{'A',[-3,0,0,2,0,6,-4,-3],3,0,[-3,0,0,2,0,0,-4,0],2,0,[0,0,0,0,0,6,0,-3],2,0},{'A',[-6,-1,1,5,1,6,-8,-3],4,0,[-3,-1,1,3,1,0,-4,0],3,0,[-3,0,0,2,0,6,-4,-3],3,0},{'O',[-6,-1,1,5,1,6,-8,-3],4,[-6,-1,1,5,1,6,-8,-3],4,0}}
Adder graph: {{'A',[0,0,0,1,1,0,0,0],1,0,[0,0,0,1,0,0,0,0],0,0,[0,0,0,0,1,0,0,0],0,0},{'A',[2,0,0,0,0,0,0,1],1,0,[0,0,0,0,0,0,0,1],0,0,[1,0,0,0,0,0,0,0],0,1},{'A',[0,0,0,0,0,1,-1,0],1,0,[0,0,0,0,0,1,0,0],0,0,[0,0,0,0,0,0,-1,0],0,0},{'A',[0,1,-1,0,0,0,0,0],1,0,[0,1,0,0,0,0,0,0],0,0,[0,0,-1,0,0,0,0,0],0,0},{'A',[-2,0,0,0,0,2,-2,-1],2,0,[0,0,0,0,0,1,-1,0],1,1,[-2,0,0,0,0,0,0,-1],1,0},{'A',[0,0,0,-2,0,1,0,0],1,0,[0,0,0,0,0,1,0,0],0,0,[0,0,0,-1,0,0,0,0],0,1},{'A',[-2,1,-1,0,0,0,0,-1],2,0,[0,1,-1,0,0,0,0,0],1,0,[-2,0,0,0,0,0,0,-1],1,0},{'A',[0,0,0,-5,-1,2,0,0],2,0,[0,0,0,-2,0,1,0,0],1,1,[0,0,0,-1,-1,0,0,0],1,0},{'A',[0,0,0,-5,-1,2,0,0],3,1,[0,0,0,-5,-1,2,0,0],2,0,[0,0,0,-5,-1,2,0,0],2,0},{'A',[-6,-1,1,0,0,8,-8,-3],3,0,[-2,0,0,0,0,2,-2,-1],2,2,[2,-1,1,0,0,0,0,1],2,0},{'A',[-6,-1,1,5,1,6,-8,-3],4,0,[-6,-1,1,0,0,8,-8,-3],3,0,[0,0,0,5,1,-2,0,0],3,0},{'O',[-6,-1,1,5,1,6,-8,-3],4,[-6,-1,1,5,1,6,-8,-3],4,0}}
Adder graph: {{'A',[0,0,0,1,0,0,0,-2],1,0,[0,0,0,1,0,0,0,0],0,0,[0,0,0,0,0,0,0,-1],0,1},{'A',[0,0,0,-1,0,0,2,0],1,0,[0,0,0,0,0,0,1,0],0,1,[0,0,0,-1,0,0,0,0],0,0},{'A',[-1,0,0,0,0,1,0,0],1,0,[0,0,0,0,0,1,0,0],0,0,[-1,0,0,0,0,0,0,0],0,0},{'A',[-2,0,0,-1,0,2,0,2],2,0,[-1,0,0,0,0,1,0,0],1,1,[0,0,0,-1,0,0,0,2],1,0},{'A',[-2,0,0,-1,0,2,0,2],3,1,[-2,0,0,-1,0,2,0,2],2,0,[-2,0,0,-1,0,2,0,2],2,0},{'A',[0,-1,1,0,0,0,0,0],1,0,[0,0,1,0,0,0,0,0],0,0,[0,-1,0,0,0,0,0,0],0,0},{'A',[0,0,0,0,-1,0,0,1],1,0,[0,0,0,0,0,0,0,1],0,0,[0,0,0,0,-1,0,0,0],0,0},{'A',[0,1,-1,0,-1,0,0,1],2,0,[0,0,0,0,-1,0,0,1],1,0,[0,1,-1,0,0,0,0,0],1,0},{'A',[2,0,0,-1,0,-2,2,0],2,0,[0,0,0,-1,0,0,2,0],1,0,[1,0,0,0,0,-1,0,0],1,1},{'A',[8,1,-1,-4,-1,-8,8,1],3,0,[2,0,0,-1,0,-2,2,0],2,2,[0,1,-1,0,-1,0,0,1],2,0},{'A',[6,1,-1,-5,-1,-6,8,3],4,0,[8,1,-1,-4,-1,-8,8,1],3,0,[-2,0,0,-1,0,2,0,2],3,0},{'O',[-6,-1,1,5,1,6,-8,-3],4,[-6,-1,1,5,1,6,-8,-3],4,0}}
Adder graph: {{'A',[0,0,0,0,0,0,0,2],1,0,[0,0,0,0,0,0,0,1],0,0,[0,0,0,0,0,0,0,1],0,0},{'A',[0,0,0,-1,0,0,2,0],1,0,[0,0,0,0,0,0,1,0],0,1,[0,0,0,-1,0,0,0,0],0,0},{'A',[-1,0,0,0,0,1,0,0],1,0,[0,0,0,0,0,1,0,0],0,0,[-1,0,0,0,0,0,0,0],0,0},{'A',[2,0,0,0,0,-2,0,1],2,1,[0,0,0,0,0,0,0,2],1,0,[1,0,0,0,0,-1,0,0],1,2},{'A',[0,0,1,0,1,0,0,0],1,0,[0,0,0,0,1,0,0,0],0,0,[0,0,1,0,0,0,0,0],0,0},{'A',[0,1,0,-1,0,0,0,0],1,0,[0,1,0,0,0,0,0,0],0,0,[0,0,0,-1,0,0,0,0],0,0},{'A',[0,0,0,1,0,0,-2,0],2,0,[0,0,0,-1,0,0,2,0],1,0,[0,0,0,1,0,0,-2,0],1,1},{'A',[0,1,-1,-1,-1,0,0,0],2,0,[0,1,0,-1,0,0,0,0],1,0,[0,0,-1,0,-1,0,0,0],1,0},{'A',[4,1,-1,-1,-1,-4,0,2],3,0,[2,0,0,0,0,-2,0,1],2,1,[0,1,-1,-1,-1,0,0,0],2,0},{'A',[-2,0,0,4,0,2,-8,-1],3,0,[0,0,0,1,0,0,-2,0],2,2,[-2,0,0,0,0,2,0,-1],2,0},{'A',[-6,-1,1,5,1,6,-8,-3],4,0,[-2,0,0,4,0,2,-8,-1],3,0,[-4,-1,1,1,1,4,0,-2],3,0},{'O',[-6,-1,1,5,1,6,-8,-3],4,[-6,-1,1,5,1,6,-8,-3],4,0}}
Adder graph: {{'A',[0,0,0,1,0,0,0,0],1,1,[0,0,0,1,0,0,0,0],0,0,[0,0,0,1,0,0,0,0],0,0},{'A',[0,1,-1,0,0,0,0,0],1,0,[0,1,0,0,0,0,0,0],0,0,[0,0,-1,0,0,0,0,0],0,0},{'A',[0,0,0,0,0,0,2,1],1,0,[0,0,0,0,0,0,1,0],0,1,[0,0,0,0,0,0,0,1],0,0},{'A',[0,0,0,0,1,0,0,1],1,0,[0,0,0,0,0,0,0,1],0,0,[0,0,0,0,1,0,0,0],0,0},{'A',[0,0,0,0,-1,0,8,3],2,0,[0,0,0,0,0,0,2,1],1,2,[0,0,0,0,-1,0,0,-1],1,0},{'A',[0,1,-1,1,0,0,0,0],2,0,[0,1,-1,0,0,0,0,0],1,0,[0,0,0,1,0,0,0,0],1,0},{'A',[0,1,-1,1,-1,0,8,3],3,0,[0,0,0,0,-1,0,8,3],2,0,[0,1,-1,1,0,0,0,0],2,0},{'A',[1,0,0,0,0,-1,0,0],1,0,[1,0,0,0,0,0,0,0],0,0,[0,0,0,0,0,-1,0,0],0,0},{'A',[1,0,0,-1,0,-1,0,0],2,0,[1,0,0,0,0,-1,0,0],1,0,[0,0,0,-1,0,0,0,0],1,0},{'A',[3,0,0,-3,0,-3,0,0],3,0,[1,0,0,-1,0,-1,0,0],2,1,[1,0,0,-1,0,-1,0,0],2,0},{'A',[6,1,-1,-5,-1,-6,8,3],4,0,[3,0,0,-3,0,-3,0,0],3,1,[0,1,-1,1,-1,0,8,3],3,0},{'O',[-6,-1,1,5,1,6,-8,-3],4,[-6,-1,1,5,1,6,-8,-3],4,0}}
Adder graph: {{'A',[0,0,0,-1,0,0,1,0],1,0,[0,0,0,0,0,0,1,0],0,0,[0,0,0,-1,0,0,0,0],0,0},{'A',[0,1,-1,0,0,0,0,0],1,0,[0,1,0,0,0,0,0,0],0,0,[0,0,-1,0,0,0,0,0],0,0},{'A',[0,0,0,0,1,0,0,0],1,0,[0,0,0,0,1,0,0,0],0,1,[0,0,0,0,-1,0,0,0],0,0},{'A',[-1,0,0,0,0,1,0,0],1,0,[0,0,0,0,0,1,0,0],0,0,[-1,0,0,0,0,0,0,0],0,0},{'A',[0,0,0,1,0,0,0,1],1,0,[0,0,0,0,0,0,0,1],0,0,[0,0,0,1,0,0,0,0],0,0},{'A',[-2,0,0,-1,0,2,0,-1],2,0,[-1,0,0,0,0,1,0,0],1,1,[0,0,0,-1,0,0,0,-1],1,0},{'A',[6,0,0,3,0,-6,0,3],3,0,[-2,0,0,-1,0,2,0,-1],2,0,[2,0,0,1,0,-2,0,1],2,2},{'A',[0,1,-1,0,-1,0,0,0],2,0,[0,1,-1,0,0,0,0,0],1,0,[0,0,0,0,-1,0,0,0],1,0},{'A',[0,0,0,-1,0,0,1,0],2,0,[0,0,0,-1,0,0,1,0],1,1,[0,0,0,1,0,0,-1,0],1,0},{'A',[0,1,-1,-8,-1,0,8,0],3,0,[0,0,0,-1,0,0,1,0],2,3,[0,1,-1,0,-1,0,0,0],2,0},{'A',[6,1,-1,-5,-1,-6,8,3],4,0,[6,0,0,3,0,-6,0,3],3,0,[0,1,-1,-8,-1,0,8,0],3,0},{'O',[-6,-1,1,5,1,6,-8,-3],4,[-6,-1,1,5,1,6,-8,-3],4,0}}
Finished solving after 113882 seconds
Adder graph: {{'A',[0,0,0,-1,0,0,1,0],1,0,[0,0,0,0,0,0,1,0],0,0,[0,0,0,-1,0,0,0,0],0,0},{'A',[0,1,-1,0,0,0,0,0],1,0,[0,1,0,0,0,0,0,0],0,0,[0,0,-1,0,0,0,0,0],0,0},{'A',[0,0,0,0,1,0,0,0],1,0,[0,0,0,0,1,0,0,0],0,1,[0,0,0,0,-1,0,0,0],0,0},{'A',[-1,0,0,0,0,1,0,0],1,0,[0,0,0,0,0,1,0,0],0,0,[-1,0,0,0,0,0,0,0],0,0},{'A',[0,0,0,1,0,0,0,1],1,0,[0,0,0,0,0,0,0,1],0,0,[0,0,0,1,0,0,0,0],0,0},{'A',[-2,0,0,-1,0,2,0,-1],2,0,[-1,0,0,0,0,1,0,0],1,1,[0,0,0,-1,0,0,0,-1],1,0},{'A',[6,0,0,3,0,-6,0,3],3,0,[-2,0,0,-1,0,2,0,-1],2,0,[2,0,0,1,0,-2,0,1],2,2},{'A',[0,1,-1,0,-1,0,0,0],2,0,[0,1,-1,0,0,0,0,0],1,0,[0,0,0,0,-1,0,0,0],1,0},{'A',[0,0,0,-1,0,0,1,0],2,0,[0,0,0,-1,0,0,1,0],1,1,[0,0,0,1,0,0,-1,0],1,0},{'A',[0,1,-1,-8,-1,0,8,0],3,0,[0,0,0,-1,0,0,1,0],2,3,[0,1,-1,0,-1,0,0,0],2,0},{'A',[6,1,-1,-5,-1,-6,8,3],4,0,[6,0,0,3,0,-6,0,3],3,0,[0,1,-1,-8,-1,0,8,0],3,0},{'O',[-6,-1,1,5,1,6,-8,-3],4,[-6,-1,1,5,1,6,-8,-3],4,0}}
#Add optimal = 0
#FAs optimal = 0
