Adder graph: {{'A',[0,0,0,-2,1,0,0,0],1,0,[0,0,0,0,1,0,0,0],0,0,[0,0,0,-1,0,0,0,0],0,1},{'A',[0,0,0,0,0,1,0,2],1,0,[0,0,0,0,0,0,0,1],0,1,[0,0,0,0,0,1,0,0],0,0},{'A',[0,0,-8,0,0,0,1,0],1,0,[0,0,0,0,0,0,1,0],0,0,[0,0,-1,0,0,0,0,0],0,3},{'A',[0,0,-8,0,0,-1,1,-2],2,0,[0,0,-8,0,0,0,1,0],1,0,[0,0,0,0,0,-1,0,-2],1,0},{'A',[0,0,-8,16,-8,0,1,0],2,0,[0,0,-8,0,0,0,1,0],1,0,[0,0,0,2,-1,0,0,0],1,3},{'A',[-4,0,0,0,0,0,1,0],1,0,[0,0,0,0,0,0,1,0],0,0,[-1,0,0,0,0,0,0,0],0,2},{'A',[0,1,0,0,0,0,0,0],1,0,[0,1,0,0,0,0,0,0],0,1,[0,-1,0,0,0,0,0,0],0,0},{'A',[0,0,24,16,-8,4,-3,8],3,0,[0,0,-8,16,-8,0,1,0],2,0,[0,0,8,0,0,1,-1,2],2,2},{'A',[-4,-4,0,0,0,0,1,0],2,0,[-4,0,0,0,0,0,1,0],1,0,[0,-1,0,0,0,0,0,0],1,2},{'A',[-28,-28,0,0,0,0,7,0],3,0,[-4,-4,0,0,0,0,1,0],2,3,[4,4,0,0,0,0,-1,0],2,0},{'A',[-7,-7,6,4,-2,1,1,2],4,2,[0,0,24,16,-8,4,-3,8],3,0,[-28,-28,0,0,0,0,7,0],3,0},{'O',[-7,-7,6,4,-2,1,1,2],4,[-7,-7,6,4,-2,1,1,2],4,0}}
Adder graph: {{'A',[0,1,-1,0,0,0,0,0],1,0,[0,1,0,0,0,0,0,0],0,0,[0,0,-1,0,0,0,0,0],0,0},{'A',[0,7,-7,0,0,0,0,0],2,0,[0,1,-1,0,0,0,0,0],1,3,[0,-1,1,0,0,0,0,0],1,0},{'A',[0,0,0,0,1,0,0,-1],1,0,[0,0,0,0,1,0,0,0],0,0,[0,0,0,0,0,0,0,-1],0,0},{'A',[0,-7,7,0,0,0,0,0],3,0,[0,7,-7,0,0,0,0,0],2,0,[0,-7,7,0,0,0,0,0],2,1},{'A',[1,0,0,0,0,1,0,0],1,0,[0,0,0,0,0,1,0,0],0,0,[1,0,0,0,0,0,0,0],0,0},{'A',[0,0,-1,0,0,0,1,0],1,0,[0,0,0,0,0,0,1,0],0,0,[0,0,-1,0,0,0,0,0],0,0},{'A',[2,0,0,-1,0,0,0,0],1,0,[1,0,0,0,0,0,0,0],0,1,[0,0,0,-1,0,0,0,0],0,0},{'A',[-1,0,0,0,2,-1,0,-2],2,0,[0,0,0,0,1,0,0,-1],1,1,[-1,0,0,0,0,-1,0,0],1,0},{'A',[-8,0,-1,4,0,0,1,0],2,0,[0,0,-1,0,0,0,1,0],1,0,[-2,0,0,1,0,0,0,0],1,2},{'A',[-7,0,-1,4,-2,1,1,2],3,0,[-8,0,-1,4,0,0,1,0],2,0,[1,0,0,0,-2,1,0,2],2,0},{'A',[-7,-7,6,4,-2,1,1,2],4,0,[0,-7,7,0,0,0,0,0],3,0,[-7,0,-1,4,-2,1,1,2],3,0},{'O',[-7,-7,6,4,-2,1,1,2],4,[-7,-7,6,4,-2,1,1,2],4,0}}
Adder graph: {{'A',[0,0,1,0,0,0,0,-1],1,0,[0,0,1,0,0,0,0,0],0,0,[0,0,0,0,0,0,0,-1],0,0},{'A',[0,0,0,2,-1,0,0,0],1,0,[0,0,0,1,0,0,0,0],0,1,[0,0,0,0,-1,0,0,0],0,0},{'A',[1,1,0,0,0,0,0,0],1,0,[1,0,0,0,0,0,0,0],0,0,[0,1,0,0,0,0,0,0],0,0},{'A',[4,4,0,-2,1,0,0,0],2,0,[1,1,0,0,0,0,0,0],1,2,[0,0,0,-2,1,0,0,0],1,0},{'A',[0,0,1,0,0,0,0,0],1,0,[0,0,1,0,0,0,0,0],0,1,[0,0,-1,0,0,0,0,0],0,0},{'A',[1,1,8,0,0,0,0,0],2,0,[1,1,0,0,0,0,0,0],1,0,[0,0,1,0,0,0,0,0],1,3},{'A',[0,0,0,0,0,1,1,0],1,0,[0,0,0,0,0,0,1,0],0,0,[0,0,0,0,0,1,0,0],0,0},{'A',[3,3,-8,-2,1,0,0,0],3,0,[4,4,0,-2,1,0,0,0],2,0,[-1,-1,-8,0,0,0,0,0],2,0},{'A',[0,0,2,0,0,-1,-1,-2],2,0,[0,0,1,0,0,0,0,-1],1,1,[0,0,0,0,0,-1,-1,0],1,0},{'A',[1,1,10,0,0,-1,-1,-2],3,0,[0,0,2,0,0,-1,-1,-2],2,0,[1,1,8,0,0,0,0,0],2,0},{'A',[7,7,-6,-4,2,-1,-1,-2],4,0,[1,1,10,0,0,-1,-1,-2],3,0,[3,3,-8,-2,1,0,0,0],3,1},{'O',[-7,-7,6,4,-2,1,1,2],4,[-7,-7,6,4,-2,1,1,2],4,0}}
Adder graph: {{'A',[0,0,2,0,0,0,-1,0],1,0,[0,0,1,0,0,0,0,0],0,1,[0,0,0,0,0,0,-1,0],0,0},{'A',[0,0,0,1,0,0,1,0],1,0,[0,0,0,1,0,0,0,0],0,0,[0,0,0,0,0,0,1,0],0,0},{'A',[0,0,0,0,0,2,0,0],1,0,[0,0,0,0,0,1,0,0],0,0,[0,0,0,0,0,1,0,0],0,0},{'A',[1,1,0,0,0,0,0,0],1,0,[0,1,0,0,0,0,0,0],0,0,[1,0,0,0,0,0,0,0],0,0},{'A',[-1,-1,2,0,0,0,-1,0],2,0,[0,0,2,0,0,0,-1,0],1,0,[-1,-1,0,0,0,0,0,0],1,0},{'A',[0,0,0,0,1,0,0,-1],1,0,[0,0,0,0,1,0,0,0],0,0,[0,0,0,0,0,0,0,-1],0,0},{'A',[0,0,0,0,4,-2,0,-4],2,0,[0,0,0,0,1,0,0,-1],1,2,[0,0,0,0,0,-2,0,0],1,0},{'A',[-3,-3,6,0,0,0,-3,0],3,0,[-1,-1,2,0,0,0,-1,0],2,1,[-1,-1,2,0,0,0,-1,0],2,0},{'A',[1,1,0,-1,0,0,-1,0],2,0,[1,1,0,0,0,0,0,0],1,0,[0,0,0,-1,0,0,-1,0],1,0},{'A',[4,4,0,-4,2,-1,-4,-2],3,1,[0,0,0,0,4,-2,0,-4],2,0,[1,1,0,-1,0,0,-1,0],2,3},{'A',[-7,-7,6,4,-2,1,1,2],4,0,[-3,-3,6,0,0,0,-3,0],3,0,[-4,-4,0,4,-2,1,4,2],3,0},{'O',[-7,-7,6,4,-2,1,1,2],4,[-7,-7,6,4,-2,1,1,2],4,0}}
Adder graph: {{'A',[1,0,-1,0,0,0,0,0],1,0,[1,0,0,0,0,0,0,0],0,0,[0,0,-1,0,0,0,0,0],0,0},{'A',[-1,1,0,0,0,0,0,0],1,0,[0,1,0,0,0,0,0,0],0,0,[-1,0,0,0,0,0,0,0],0,0},{'A',[0,2,0,-1,0,0,0,0],1,0,[0,1,0,0,0,0,0,0],0,1,[0,0,0,-1,0,0,0,0],0,0},{'A',[-3,1,2,0,0,0,0,0],2,0,[-1,1,0,0,0,0,0,0],1,0,[-1,0,1,0,0,0,0,0],1,1},{'A',[0,0,0,0,0,1,1,0],1,0,[0,0,0,0,0,1,0,0],0,0,[0,0,0,0,0,0,1,0],0,0},{'A',[0,0,0,0,-1,0,0,1],1,0,[0,0,0,0,0,0,0,1],0,0,[0,0,0,0,-1,0,0,0],0,0},{'A',[1,2,-1,-1,0,0,0,0],2,0,[1,0,-1,0,0,0,0,0],1,0,[0,2,0,-1,0,0,0,0],1,0},{'A',[2,4,-2,-2,0,0,0,0],3,0,[1,2,-1,-1,0,0,0,0],2,0,[1,2,-1,-1,0,0,0,0],2,0},{'A',[0,0,0,0,-2,1,1,2],2,0,[0,0,0,0,-1,0,0,1],1,1,[0,0,0,0,0,1,1,0],1,0},{'A',[-3,1,2,0,-2,1,1,2],3,0,[0,0,0,0,-2,1,1,2],2,0,[-3,1,2,0,0,0,0,0],2,0},{'A',[7,7,-6,-4,2,-1,-1,-2],4,0,[2,4,-2,-2,0,0,0,0],3,1,[3,-1,-2,0,2,-1,-1,-2],3,0},{'O',[-7,-7,6,4,-2,1,1,2],4,[-7,-7,6,4,-2,1,1,2],4,0}}
Adder graph: {{'A',[1,1,0,0,0,0,0,0],1,0,[1,0,0,0,0,0,0,0],0,0,[0,1,0,0,0,0,0,0],0,0},{'A',[0,0,0,0,0,1,1,0],1,0,[0,0,0,0,0,1,0,0],0,0,[0,0,0,0,0,0,1,0],0,0},{'A',[0,0,0,0,1,0,0,-1],1,0,[0,0,0,0,1,0,0,0],0,0,[0,0,0,0,0,0,0,-1],0,0},{'A',[0,0,1,0,0,0,0,0],1,0,[0,0,1,0,0,0,0,0],0,1,[0,0,-1,0,0,0,0,0],0,0},{'A',[0,0,0,0,1,-4,-4,-1],2,0,[0,0,0,0,1,0,0,-1],1,0,[0,0,0,0,0,-1,-1,0],1,2},{'A',[4,4,0,0,1,0,0,-1],2,0,[0,0,0,0,1,0,0,-1],1,0,[1,1,0,0,0,0,0,0],1,2},{'A',[0,0,1,1,0,0,0,0],1,0,[0,0,0,1,0,0,0,0],0,0,[0,0,1,0,0,0,0,0],0,0},{'A',[0,0,3,2,0,0,0,0],2,0,[0,0,1,1,0,0,0,0],1,1,[0,0,1,0,0,0,0,0],1,0},{'A',[-4,-4,3,2,-1,0,0,1],3,0,[0,0,3,2,0,0,0,0],2,0,[-4,-4,0,0,-1,0,0,1],2,0},{'A',[-1,-1,0,0,0,-1,-1,0],3,2,[0,0,0,0,1,-4,-4,-1],2,0,[-4,-4,0,0,-1,0,0,1],2,0},{'A',[-7,-7,6,4,-2,1,1,2],4,0,[-4,-4,3,2,-1,0,0,1],3,1,[1,1,0,0,0,1,1,0],3,0},{'O',[-7,-7,6,4,-2,1,1,2],4,[-7,-7,6,4,-2,1,1,2],4,0}}
Adder graph: {{'A',[0,-1,1,0,0,0,0,0],1,0,[0,0,1,0,0,0,0,0],0,0,[0,-1,0,0,0,0,0,0],0,0},{'A',[0,-1,1,0,0,0,0,0],2,1,[0,-1,1,0,0,0,0,0],1,0,[0,-1,1,0,0,0,0,0],1,0},{'A',[0,7,-7,0,0,0,0,0],3,0,[0,-1,1,0,0,0,0,0],2,0,[0,1,-1,0,0,0,0,0],2,3},{'A',[-1,0,1,0,0,0,0,0],1,0,[0,0,1,0,0,0,0,0],0,0,[-1,0,0,0,0,0,0,0],0,0},{'A',[2,0,0,-1,0,0,0,0],1,0,[1,0,0,0,0,0,0,0],0,1,[0,0,0,-1,0,0,0,0],0,0},{'A',[0,0,0,0,1,0,0,-1],1,0,[0,0,0,0,1,0,0,0],0,0,[0,0,0,0,0,0,0,-1],0,0},{'A',[4,0,0,-2,1,0,0,-1],2,0,[0,0,0,0,1,0,0,-1],1,0,[2,0,0,-1,0,0,0,0],1,1},{'A',[0,0,0,0,0,1,1,0],1,0,[0,0,0,0,0,1,0,0],0,0,[0,0,0,0,0,0,1,0],0,0},{'A',[-1,0,1,0,0,-1,-1,0],2,0,[-1,0,1,0,0,0,0,0],1,0,[0,0,0,0,0,-1,-1,0],1,0},{'A',[7,0,1,-4,2,-1,-1,-2],3,0,[4,0,0,-2,1,0,0,-1],2,1,[-1,0,1,0,0,-1,-1,0],2,0},{'A',[7,7,-6,-4,2,-1,-1,-2],4,0,[7,0,1,-4,2,-1,-1,-2],3,0,[0,7,-7,0,0,0,0,0],3,0},{'O',[-7,-7,6,4,-2,1,1,2],4,[-7,-7,6,4,-2,1,1,2],4,0}}
Adder graph: {{'A',[0,0,0,0,0,1,1,0],1,0,[0,0,0,0,0,1,0,0],0,0,[0,0,0,0,0,0,1,0],0,0},{'A',[-1,0,2,0,0,0,0,0],1,0,[0,0,1,0,0,0,0,0],0,1,[-1,0,0,0,0,0,0,0],0,0},{'A',[0,1,0,0,0,0,0,0],1,1,[0,1,0,0,0,0,0,0],0,0,[0,1,0,0,0,0,0,0],0,0},{'A',[0,0,0,0,1,0,0,-1],1,0,[0,0,0,0,1,0,0,0],0,0,[0,0,0,0,0,0,0,-1],0,0},{'A',[-1,-1,2,0,0,0,0,0],2,0,[-1,0,2,0,0,0,0,0],1,0,[0,-1,0,0,0,0,0,0],1,0},{'A',[0,0,0,0,2,-1,-1,-2],2,0,[0,0,0,0,1,0,0,-1],1,1,[0,0,0,0,0,-1,-1,0],1,0},{'A',[-1,0,0,1,0,0,0,0],1,0,[0,0,0,1,0,0,0,0],0,0,[-1,0,0,0,0,0,0,0],0,0},{'A',[1,1,-2,0,2,-1,-1,-2],3,0,[0,0,0,0,2,-1,-1,-2],2,0,[1,1,-2,0,0,0,0,0],2,0},{'A',[-1,-1,0,1,0,0,0,0],2,0,[-1,0,0,1,0,0,0,0],1,0,[0,-1,0,0,0,0,0,0],1,0},{'A',[-3,-3,2,2,0,0,0,0],3,0,[-1,-1,2,0,0,0,0,0],2,0,[-1,-1,0,1,0,0,0,0],2,1},{'A',[-7,-7,6,4,-2,1,1,2],4,0,[-3,-3,2,2,0,0,0,0],3,1,[-1,-1,2,0,-2,1,1,2],3,0},{'O',[-7,-7,6,4,-2,1,1,2],4,[-7,-7,6,4,-2,1,1,2],4,0}}
Adder graph: {{'A',[1,1,0,0,0,0,0,0],1,0,[1,0,0,0,0,0,0,0],0,0,[0,1,0,0,0,0,0,0],0,0},{'A',[0,0,0,0,0,1,0,0],1,0,[0,0,0,0,0,1,0,0],0,1,[0,0,0,0,0,-1,0,0],0,0},{'A',[0,0,1,1,0,0,0,0],1,0,[0,0,1,0,0,0,0,0],0,0,[0,0,0,1,0,0,0,0],0,0},{'A',[1,1,0,0,0,1,0,0],2,0,[0,0,0,0,0,1,0,0],1,0,[1,1,0,0,0,0,0,0],1,0},{'A',[0,0,1,1,0,2,0,0],2,0,[0,0,0,0,0,1,0,0],1,1,[0,0,1,1,0,0,0,0],1,0},{'A',[0,0,-1,0,1,0,0,0],1,0,[0,0,0,0,1,0,0,0],0,0,[0,0,-1,0,0,0,0,0],0,0},{'A',[0,0,0,0,0,0,1,2],1,0,[0,0,0,0,0,0,0,1],0,1,[0,0,0,0,0,0,1,0],0,0},{'A',[0,0,-2,0,2,0,-1,-2],2,0,[0,0,-1,0,1,0,0,0],1,1,[0,0,0,0,0,0,-1,-2],1,0},{'A',[-2,-2,1,1,0,0,0,0],3,0,[0,0,1,1,0,2,0,0],2,0,[-1,-1,0,0,0,-1,0,0],2,1},{'A',[1,1,2,0,-2,1,1,2],3,0,[1,1,0,0,0,1,0,0],2,0,[0,0,2,0,-2,0,1,2],2,0},{'A',[-7,-7,6,4,-2,1,1,2],4,0,[-2,-2,1,1,0,0,0,0],3,2,[1,1,2,0,-2,1,1,2],3,0},{'O',[-7,-7,6,4,-2,1,1,2],4,[-7,-7,6,4,-2,1,1,2],4,0}}
Adder graph: {{'A',[1,1,0,0,0,0,0,0],1,0,[1,0,0,0,0,0,0,0],0,0,[0,1,0,0,0,0,0,0],0,0},{'A',[1,1,0,0,0,0,0,0],2,0,[1,1,0,0,0,0,0,0],1,1,[-1,-1,0,0,0,0,0,0],1,0},{'A',[0,0,0,0,1,0,0,-1],1,0,[0,0,0,0,1,0,0,0],0,0,[0,0,0,0,0,0,0,-1],0,0},{'A',[0,0,1,1,0,0,0,0],1,0,[0,0,0,1,0,0,0,0],0,0,[0,0,1,0,0,0,0,0],0,0},{'A',[7,7,0,0,0,0,0,0],3,0,[1,1,0,0,0,0,0,0],2,3,[-1,-1,0,0,0,0,0,0],2,0},{'A',[0,0,0,0,0,1,1,0],1,0,[0,0,0,0,0,1,0,0],0,0,[0,0,0,0,0,0,1,0],0,0},{'A',[0,0,1,0,0,0,0,0],1,1,[0,0,1,0,0,0,0,0],0,0,[0,0,1,0,0,0,0,0],0,0},{'A',[0,0,-2,-2,1,0,0,-1],2,0,[0,0,0,0,1,0,0,-1],1,0,[0,0,-1,-1,0,0,0,0],1,1},{'A',[0,0,2,0,0,1,1,0],2,0,[0,0,1,0,0,0,0,0],1,1,[0,0,0,0,0,1,1,0],1,0},{'A',[0,0,6,4,-2,1,1,2],3,0,[0,0,2,0,0,1,1,0],2,0,[0,0,2,2,-1,0,0,1],2,1},{'A',[7,7,-6,-4,2,-1,-1,-2],4,0,[7,7,0,0,0,0,0,0],3,0,[0,0,-6,-4,2,-1,-1,-2],3,0},{'O',[-7,-7,6,4,-2,1,1,2],4,[-7,-7,6,4,-2,1,1,2],4,0}}
Adder graph: {{'A',[1,1,0,0,0,0,0,0],1,0,[0,1,0,0,0,0,0,0],0,0,[1,0,0,0,0,0,0,0],0,0},{'A',[0,0,1,0,0,0,0,0],1,1,[0,0,1,0,0,0,0,0],0,0,[0,0,1,0,0,0,0,0],0,0},{'A',[1,1,-1,0,0,0,0,0],2,0,[1,1,0,0,0,0,0,0],1,0,[0,0,-1,0,0,0,0,0],1,0},{'A',[3,3,-3,0,0,0,0,0],3,0,[1,1,-1,0,0,0,0,0],2,2,[-1,-1,1,0,0,0,0,0],2,0},{'A',[0,0,0,1,0,0,0,0],1,0,[0,0,0,1,0,0,0,0],0,1,[0,0,0,-1,0,0,0,0],0,0},{'A',[0,0,0,0,1,0,0,-1],1,0,[0,0,0,0,1,0,0,0],0,0,[0,0,0,0,0,0,0,-1],0,0},{'A',[0,0,0,2,-1,0,0,1],2,0,[0,0,0,1,0,0,0,0],1,1,[0,0,0,0,-1,0,0,1],1,0},{'A',[0,0,0,0,0,1,1,0],1,0,[0,0,0,0,0,1,0,0],0,0,[0,0,0,0,0,0,1,0],0,0},{'A',[-1,-1,0,0,0,1,1,0],2,0,[0,0,0,0,0,1,1,0],1,0,[-1,-1,0,0,0,0,0,0],1,0},{'A',[-1,-1,0,4,-2,1,1,2],3,0,[0,0,0,2,-1,0,0,1],2,1,[-1,-1,0,0,0,1,1,0],2,0},{'A',[7,7,-6,-4,2,-1,-1,-2],4,0,[3,3,-3,0,0,0,0,0],3,1,[1,1,0,-4,2,-1,-1,-2],3,0},{'O',[-7,-7,6,4,-2,1,1,2],4,[-7,-7,6,4,-2,1,1,2],4,0}}
Finished solving after 111304 seconds
Adder graph: {{'A',[1,1,0,0,0,0,0,0],1,0,[0,1,0,0,0,0,0,0],0,0,[1,0,0,0,0,0,0,0],0,0},{'A',[0,0,1,0,0,0,0,0],1,1,[0,0,1,0,0,0,0,0],0,0,[0,0,1,0,0,0,0,0],0,0},{'A',[1,1,-1,0,0,0,0,0],2,0,[1,1,0,0,0,0,0,0],1,0,[0,0,-1,0,0,0,0,0],1,0},{'A',[3,3,-3,0,0,0,0,0],3,0,[1,1,-1,0,0,0,0,0],2,2,[-1,-1,1,0,0,0,0,0],2,0},{'A',[0,0,0,1,0,0,0,0],1,0,[0,0,0,1,0,0,0,0],0,1,[0,0,0,-1,0,0,0,0],0,0},{'A',[0,0,0,0,1,0,0,-1],1,0,[0,0,0,0,1,0,0,0],0,0,[0,0,0,0,0,0,0,-1],0,0},{'A',[0,0,0,2,-1,0,0,1],2,0,[0,0,0,1,0,0,0,0],1,1,[0,0,0,0,-1,0,0,1],1,0},{'A',[0,0,0,0,0,1,1,0],1,0,[0,0,0,0,0,1,0,0],0,0,[0,0,0,0,0,0,1,0],0,0},{'A',[-1,-1,0,0,0,1,1,0],2,0,[0,0,0,0,0,1,1,0],1,0,[-1,-1,0,0,0,0,0,0],1,0},{'A',[-1,-1,0,4,-2,1,1,2],3,0,[0,0,0,2,-1,0,0,1],2,1,[-1,-1,0,0,0,1,1,0],2,0},{'A',[7,7,-6,-4,2,-1,-1,-2],4,0,[3,3,-3,0,0,0,0,0],3,1,[1,1,0,-4,2,-1,-1,-2],3,0},{'O',[-7,-7,6,4,-2,1,1,2],4,[-7,-7,6,4,-2,1,1,2],4,0}}
#Add optimal = 0
#FAs optimal = 0
