Adder graph: {{'A',[0,0,0,0,0,1,-1,0],1,0,[0,0,0,0,0,1,0,0],0,0,[0,0,0,0,0,0,-1,0],0,0},{'A',[0,0,1,0,-1,0,0,0],1,0,[0,0,1,0,0,0,0,0],0,0,[0,0,0,0,-1,0,0,0],0,0},{'A',[0,0,-2,0,2,1,-1,0],2,0,[0,0,0,0,0,1,-1,0],1,0,[0,0,-1,0,1,0,0,0],1,1},{'A',[0,1,0,0,0,0,0,8],1,0,[0,1,0,0,0,0,0,0],0,0,[0,0,0,0,0,0,0,1],0,3},{'A',[1,0,0,4,0,0,0,0],1,0,[1,0,0,0,0,0,0,0],0,0,[0,0,0,1,0,0,0,0],0,2},{'A',[1,0,0,-1,0,0,0,0],1,0,[1,0,0,0,0,0,0,0],0,0,[0,0,0,-1,0,0,0,0],0,0},{'A',[0,0,-6,0,6,3,-3,0],3,0,[0,0,-2,0,2,1,-1,0],2,0,[0,0,-2,0,2,1,-1,0],2,1},{'A',[1,0,0,4,0,4,-4,0],2,0,[1,0,0,4,0,0,0,0],1,0,[0,0,0,0,0,1,-1,0],1,2},{'A',[-1,1,0,1,0,0,0,8],2,0,[0,1,0,0,0,0,0,8],1,0,[-1,0,0,1,0,0,0,0],1,0},{'A',[3,-1,0,7,0,8,-8,-8],3,0,[1,0,0,4,0,4,-4,0],2,1,[1,-1,0,-1,0,0,0,-8],2,0},{'A',[3,-1,6,7,-6,5,-5,-8],4,0,[3,-1,0,7,0,8,-8,-8],3,0,[0,0,6,0,-6,-3,3,0],3,0},{'O',[3,-1,6,7,-6,5,-5,-8],4,[3,-1,6,7,-6,5,-5,-8],4,0}}
Adder graph: {{'A',[0,0,0,1,0,1,0,0],1,0,[0,0,0,1,0,0,0,0],0,0,[0,0,0,0,0,1,0,0],0,0},{'A',[0,0,0,0,0,0,1,1],1,0,[0,0,0,0,0,0,1,0],0,0,[0,0,0,0,0,0,0,1],0,0},{'A',[0,0,0,5,0,5,0,0],2,0,[0,0,0,1,0,1,0,0],1,0,[0,0,0,1,0,1,0,0],1,2},{'A',[0,1,0,-2,0,0,0,0],1,0,[0,1,0,0,0,0,0,0],0,0,[0,0,0,-1,0,0,0,0],0,1},{'A',[0,1,0,-2,0,0,8,8],2,0,[0,1,0,-2,0,0,0,0],1,0,[0,0,0,0,0,0,1,1],1,3},{'A',[1,0,2,0,0,0,0,0],1,0,[1,0,0,0,0,0,0,0],0,0,[0,0,1,0,0,0,0,0],0,1},{'A',[0,0,0,0,2,0,-1,0],1,0,[0,0,0,0,1,0,0,0],0,1,[0,0,0,0,0,0,-1,0],0,0},{'A',[-1,0,-2,0,2,0,-1,0],2,0,[0,0,0,0,2,0,-1,0],1,0,[-1,0,-2,0,0,0,0,0],1,0},{'A',[-2,1,-4,-2,4,0,6,8],3,0,[-1,0,-2,0,2,0,-1,0],2,1,[0,1,0,-2,0,0,8,8],2,0},{'A',[1,0,2,5,-2,5,1,0],3,0,[0,0,0,5,0,5,0,0],2,0,[1,0,2,0,-2,0,1,0],2,0},{'A',[3,-1,6,7,-6,5,-5,-8],4,0,[1,0,2,5,-2,5,1,0],3,0,[2,-1,4,2,-4,0,-6,-8],3,0},{'O',[3,-1,6,7,-6,5,-5,-8],4,[3,-1,6,7,-6,5,-5,-8],4,0}}
Adder graph: {{'A',[0,0,-1,0,1,0,0,0],1,0,[0,0,0,0,1,0,0,0],0,0,[0,0,-1,0,0,0,0,0],0,0},{'A',[1,0,0,1,0,0,0,0],1,0,[0,0,0,1,0,0,0,0],0,0,[1,0,0,0,0,0,0,0],0,0},{'A',[-1,0,-2,-1,2,0,0,0],2,0,[0,0,-1,0,1,0,0,0],1,1,[-1,0,0,-1,0,0,0,0],1,0},{'A',[0,0,0,0,0,1,-1,0],1,0,[0,0,0,0,0,1,0,0],0,0,[0,0,0,0,0,0,-1,0],0,0},{'A',[0,0,0,1,0,0,0,-2],1,0,[0,0,0,1,0,0,0,0],0,0,[0,0,0,0,0,0,0,-1],0,1},{'A',[0,0,0,0,0,5,-5,0],2,0,[0,0,0,0,0,1,-1,0],1,0,[0,0,0,0,0,1,-1,0],1,2},{'A',[0,-1,0,0,0,0,0,0],1,0,[0,1,0,0,0,0,0,0],0,0,[0,-1,0,0,0,0,0,0],0,1},{'A',[-3,0,-6,-3,6,0,0,0],3,0,[-1,0,-2,-1,2,0,0,0],2,2,[1,0,2,1,-2,0,0,0],2,0},{'A',[0,-1,0,4,0,0,0,-8],2,0,[0,0,0,1,0,0,0,-2],1,2,[0,-1,0,0,0,0,0,0],1,0},{'A',[0,-1,0,4,0,5,-5,-8],3,0,[0,-1,0,4,0,0,0,-8],2,0,[0,0,0,0,0,5,-5,0],2,0},{'A',[3,-1,6,7,-6,5,-5,-8],4,0,[0,-1,0,4,0,5,-5,-8],3,0,[3,0,6,3,-6,0,0,0],3,0},{'O',[3,-1,6,7,-6,5,-5,-8],4,[3,-1,6,7,-6,5,-5,-8],4,0}}
Adder graph: {{'A',[0,0,0,0,0,1,-1,0],1,0,[0,0,0,0,0,1,0,0],0,0,[0,0,0,0,0,0,-1,0],0,0},{'A',[0,0,-1,0,1,0,0,0],1,0,[0,0,0,0,1,0,0,0],0,0,[0,0,-1,0,0,0,0,0],0,0},{'A',[0,0,0,1,0,0,0,-1],1,0,[0,0,0,1,0,0,0,0],0,0,[0,0,0,0,0,0,0,-1],0,0},{'A',[0,0,1,8,-1,0,0,-8],2,0,[0,0,0,1,0,0,0,-1],1,3,[0,0,1,0,-1,0,0,0],1,0},{'A',[0,0,-1,0,1,-1,1,0],2,0,[0,0,-1,0,1,0,0,0],1,0,[0,0,0,0,0,-1,1,0],1,0},{'A',[0,0,5,8,-5,4,-4,-8],3,0,[0,0,1,8,-1,0,0,-8],2,0,[0,0,1,0,-1,1,-1,0],2,2},{'A',[1,-1,0,0,0,0,0,0],1,0,[1,0,0,0,0,0,0,0],0,0,[0,-1,0,0,0,0,0,0],0,0},{'A',[2,0,0,-1,0,0,0,0],1,0,[1,0,0,0,0,0,0,0],0,1,[0,0,0,-1,0,0,0,0],0,0},{'A',[3,-1,0,-1,0,0,0,0],2,0,[1,-1,0,0,0,0,0,0],1,0,[2,0,0,-1,0,0,0,0],1,0},{'A',[-3,1,-1,1,1,-1,1,0],3,0,[0,0,-1,0,1,-1,1,0],2,0,[-3,1,0,1,0,0,0,0],2,0},{'A',[3,-1,6,7,-6,5,-5,-8],4,0,[0,0,5,8,-5,4,-4,-8],3,0,[3,-1,1,-1,-1,1,-1,0],3,0},{'O',[3,-1,6,7,-6,5,-5,-8],4,[3,-1,6,7,-6,5,-5,-8],4,0}}
Adder graph: {{'A',[0,0,0,-1,0,0,0,1],1,0,[0,0,0,0,0,0,0,1],0,0,[0,0,0,-1,0,0,0,0],0,0},{'A',[0,0,0,0,0,1,-1,0],1,0,[0,0,0,0,0,1,0,0],0,0,[0,0,0,0,0,0,-1,0],0,0},{'A',[0,0,-1,0,1,0,0,0],1,0,[0,0,0,0,1,0,0,0],0,0,[0,0,-1,0,0,0,0,0],0,0},{'A',[0,0,0,-2,0,-1,1,2],2,0,[0,0,0,-1,0,0,0,1],1,1,[0,0,0,0,0,-1,1,0],1,0},{'A',[0,1,0,1,0,0,0,0],1,0,[0,0,0,1,0,0,0,0],0,0,[0,1,0,0,0,0,0,0],0,0},{'A',[2,0,0,0,0,0,0,0],1,0,[1,0,0,0,0,0,0,0],0,0,[1,0,0,0,0,0,0,0],0,0},{'A',[2,0,4,0,-4,0,0,0],2,0,[2,0,0,0,0,0,0,0],1,0,[0,0,1,0,-1,0,0,0],1,2},{'A',[-1,0,-2,-8,2,-4,4,8],3,1,[0,0,0,-2,0,-1,1,2],2,3,[-2,0,-4,0,4,0,0,0],2,0},{'A',[0,1,0,1,0,-1,1,0],2,0,[0,1,0,1,0,0,0,0],1,0,[0,0,0,0,0,-1,1,0],1,0},{'A',[2,-1,4,-1,-4,1,-1,0],3,0,[2,0,4,0,-4,0,0,0],2,0,[0,-1,0,-1,0,1,-1,0],2,0},{'A',[-3,1,-6,-7,6,-5,5,8],4,0,[-1,0,-2,-8,2,-4,4,8],3,0,[-2,1,-4,1,4,-1,1,0],3,0},{'O',[3,-1,6,7,-6,5,-5,-8],4,[3,-1,6,7,-6,5,-5,-8],4,0}}
Adder graph: {{'A',[0,0,0,0,0,0,0,1],1,0,[0,0,0,0,0,0,0,1],0,1,[0,0,0,0,0,0,0,-1],0,0},{'A',[1,0,0,1,0,0,0,0],1,0,[1,0,0,0,0,0,0,0],0,0,[0,0,0,1,0,0,0,0],0,0},{'A',[0,0,-1,0,1,0,0,0],1,0,[0,0,0,0,1,0,0,0],0,0,[0,0,-1,0,0,0,0,0],0,0},{'A',[0,0,0,0,0,1,-1,0],1,0,[0,0,0,0,0,1,0,0],0,0,[0,0,0,0,0,0,-1,0],0,0},{'A',[0,1,0,-4,0,0,0,0],1,0,[0,1,0,0,0,0,0,0],0,0,[0,0,0,-1,0,0,0,0],0,2},{'A',[1,0,2,1,-2,0,0,0],2,0,[1,0,0,1,0,0,0,0],1,0,[0,0,1,0,-1,0,0,0],1,1},{'A',[0,0,0,0,0,-1,1,2],2,0,[0,0,0,0,0,0,0,1],1,1,[0,0,0,0,0,-1,1,0],1,0},{'A',[-1,0,-2,-1,2,-1,1,2],3,0,[0,0,0,0,0,-1,1,2],2,0,[-1,0,-2,-1,2,0,0,0],2,0},{'A',[0,-1,0,4,0,1,-1,0],2,0,[0,0,0,0,0,1,-1,0],1,0,[0,-1,0,4,0,0,0,0],1,0},{'A',[-1,-1,-2,3,2,1,-1,0],3,0,[0,-1,0,4,0,1,-1,0],2,0,[-1,0,-2,-1,2,0,0,0],2,0},{'A',[3,-1,6,7,-6,5,-5,-8],4,0,[-1,-1,-2,3,2,1,-1,0],3,0,[1,0,2,1,-2,1,-1,-2],3,2},{'O',[3,-1,6,7,-6,5,-5,-8],4,[3,-1,6,7,-6,5,-5,-8],4,0}}
Finished solving after 116746 seconds
Adder graph: {{'A',[0,0,0,0,0,0,0,1],1,0,[0,0,0,0,0,0,0,1],0,1,[0,0,0,0,0,0,0,-1],0,0},{'A',[1,0,0,1,0,0,0,0],1,0,[1,0,0,0,0,0,0,0],0,0,[0,0,0,1,0,0,0,0],0,0},{'A',[0,0,-1,0,1,0,0,0],1,0,[0,0,0,0,1,0,0,0],0,0,[0,0,-1,0,0,0,0,0],0,0},{'A',[0,0,0,0,0,1,-1,0],1,0,[0,0,0,0,0,1,0,0],0,0,[0,0,0,0,0,0,-1,0],0,0},{'A',[0,1,0,-4,0,0,0,0],1,0,[0,1,0,0,0,0,0,0],0,0,[0,0,0,-1,0,0,0,0],0,2},{'A',[1,0,2,1,-2,0,0,0],2,0,[1,0,0,1,0,0,0,0],1,0,[0,0,1,0,-1,0,0,0],1,1},{'A',[0,0,0,0,0,-1,1,2],2,0,[0,0,0,0,0,0,0,1],1,1,[0,0,0,0,0,-1,1,0],1,0},{'A',[-1,0,-2,-1,2,-1,1,2],3,0,[0,0,0,0,0,-1,1,2],2,0,[-1,0,-2,-1,2,0,0,0],2,0},{'A',[0,-1,0,4,0,1,-1,0],2,0,[0,0,0,0,0,1,-1,0],1,0,[0,-1,0,4,0,0,0,0],1,0},{'A',[-1,-1,-2,3,2,1,-1,0],3,0,[0,-1,0,4,0,1,-1,0],2,0,[-1,0,-2,-1,2,0,0,0],2,0},{'A',[3,-1,6,7,-6,5,-5,-8],4,0,[-1,-1,-2,3,2,1,-1,0],3,0,[1,0,2,1,-2,1,-1,-2],3,2},{'O',[3,-1,6,7,-6,5,-5,-8],4,[3,-1,6,7,-6,5,-5,-8],4,0}}
#Add optimal = 0
#FAs optimal = 0
