Adder graph: {{'M',[64;8;1],1,[1;1;1],0,[6;3;0]},{'M',[4;1;4],1,[1;1;1],0,[2;0;2]},{'A',[60;7;5],2,[64;8;1],1,0,[-4;-1;4],1,0},{'M',[60;8;16],3,[1;1;1],0,[NaN;3;4],[60;7;5],2,[0;NaN;NaN]},{'M',[1;2;40],3,[1;1;1],0,[0;1;NaN],[60;7;5],2,[NaN;NaN;3]},{'A',[59;6;-24],4,[60;8;16],3,0,[-1;-2;-40],3,0},{'M',[59;7;40],5,[60;7;5],2,[NaN;0;3],[59;6;-24],4,[0;NaN;NaN]},{'M',[4;48;5],5,[1;1;1],0,[2;NaN;NaN],[60;7;5],2,[NaN;NaN;0],[59;6;-24],4,[NaN;3;NaN]},{'A',[43;199;20],6,[59;7;40],5,0,[-4;48;-5],5,2},{'M',[120;112;5],3,[60;7;5],2,[1;4;0]},{'M',[43;199;-96],7,[59;6;-24],4,[NaN;NaN;2],[43;199;20],6,[0;0;NaN]},{'A',[77;-87;101],8,[120;112;5],3,0,[-43;-199;96],7,0},{'M',[77;7;128],9,[1;1;1],0,[NaN;NaN;7],[60;7;5],2,[NaN;0;NaN],[77;-87;101],8,[0;NaN;NaN]},{'M',[16;-87;2],9,[1;1;1],0,[4;NaN;1],[77;-87;101],8,[NaN;0;NaN]},{'A',[93;94;126],10,[77;7;128],9,0,[16;87;-2],9,0},{'M',[64;199;2],7,[1;1;1],0,[6;NaN;1],[43;199;20],6,[NaN;0;NaN]},{'M',[93;56;80],11,[60;7;5],2,[NaN;3;4],[93;94;126],10,[0;NaN;NaN]},{'A',[-29;143;82],12,[64;199;2],7,0,[-93;-56;80],11,0},{'M',[-29;-174;-24],13,[59;6;-24],4,[NaN;NaN;0],[77;-87;101],8,[NaN;1;NaN],[-29;143;82],12,[0;NaN;NaN]},{'O',[29;174;24],13,[29;174;24],13,0},{'M',[93;199;82],13,[43;199;20],6,[NaN;0;NaN],[93;94;126],10,[0;NaN;NaN],[-29;143;82],12,[NaN;NaN;0]},{'O',[93;199;82],13,[93;199;82],13,0},{'M',[77;28;202],9,[60;7;5],2,[NaN;2;NaN],[77;-87;101],8,[0;NaN;1]},{'O',[77;28;202],9,[77;28;202],9,0},{'M',[236;94;252],11,[59;6;-24],4,[2;NaN;NaN],[93;94;126],10,[NaN;0;1]},{'O',[236;94;252],11,[236;94;252],11,0},{'M',[86;143;160],13,[43;199;20],6,[1;NaN;3],[-29;143;82],12,[NaN;0;NaN]},{'O',[86;143;160],13,[86;143;160],13,0}}
Adder graph: {{'M',[1;1;4],1,[1;1;1],0,[0;0;2]},{'M',[2;1;4],1,[1;1;1],0,[1;0;2]},{'A',[-14;-6;-24],2,[1;1;4],1,1,[-2;-1;-4],1,3},{'M',[-28;-6;2],3,[1;1;1],0,[NaN;NaN;1],[-14;-6;-24],2,[1;0;NaN]},{'A',[-29;-7;1],4,[-28;-6;2],3,0,[-1;-1;-1],0,0},{'M',[-28;-7;8],5,[1;1;1],0,[NaN;NaN;3],[-14;-6;-24],2,[1;NaN;NaN],[-29;-7;1],4,[NaN;0;NaN]},{'M',[-29;-96;-24],5,[-14;-6;-24],2,[NaN;4;0],[-29;-7;1],4,[0;NaN;NaN]},{'A',[-86;-199;-40],6,[-28;-7;8],5,0,[-29;-96;-24],5,1},{'M',[-232;-199;2],7,[-29;-7;1],4,[3;NaN;1],[-86;-199;-40],6,[NaN;0;NaN]},{'M',[1;-28;32],5,[1;1;1],0,[0;NaN;NaN],[-29;-7;1],4,[NaN;2;5]},{'A',[-236;-87;-126],8,[-232;-199;2],7,0,[-1;28;-32],5,2},{'M',[-29;-87;-80],9,[-29;-7;1],4,[0;NaN;NaN],[-86;-199;-40],6,[NaN;NaN;1],[-236;-87;-126],8,[NaN;0;NaN]},{'M',[64;-7;2],5,[1;1;1],0,[6;NaN;1],[-29;-7;1],4,[NaN;0;NaN]},{'A',[-93;-94;-82],10,[-29;-87;-80],9,0,[-64;-7;-2],5,0},{'M',[-93;-87;-328],11,[-236;-87;-126],8,[NaN;0;NaN],[-93;-94;-82],10,[0;NaN;2]},{'M',[16;-56;-126],9,[1;1;1],0,[4;NaN;NaN],[-29;-7;1],4,[NaN;3;NaN],[-236;-87;-126],8,[NaN;NaN;0]},{'A',[-77;-143;-202],12,[-93;-87;-328],11,0,[16;-56;126],9,0},{'M',[-29;-174;-24],9,[-14;-6;-24],2,[NaN;NaN;0],[-29;-7;1],4,[0;NaN;NaN],[-236;-87;-126],8,[NaN;1;NaN]},{'O',[29;174;24],9,[29;174;24],9,0},{'M',[-93;-199;-82],11,[-86;-199;-40],6,[NaN;0;NaN],[-93;-94;-82],10,[0;NaN;0]},{'O',[93;199;82],11,[93;199;82],11,0},{'M',[-77;-28;-202],13,[-29;-7;1],4,[NaN;2;NaN],[-77;-143;-202],12,[0;NaN;0]},{'O',[77;28;202],13,[77;28;202],13,0},{'M',[-236;-94;-252],11,[-236;-87;-126],8,[0;NaN;1],[-93;-94;-82],10,[NaN;0;NaN]},{'O',[236;94;252],11,[236;94;252],11,0},{'M',[-86;-143;-160],13,[-86;-199;-40],6,[0;NaN;2],[-77;-143;-202],12,[NaN;0;NaN]},{'O',[86;143;160],13,[86;143;160],13,0}}
Adder graph: {{'M',[1;2;1],1,[1;1;1],0,[0;1;0]},{'A',[3;7;3],2,[1;2;1],1,2,[-1;-1;-1],0,0},{'M',[96;1;8],3,[1;1;1],0,[NaN;0;3],[3;7;3],2,[5;NaN;NaN]},{'M',[3;128;32],3,[1;1;1],0,[NaN;7;5],[3;7;3],2,[0;NaN;NaN]},{'A',[93;-127;40],4,[96;1;8],3,0,[-3;-128;32],3,0},{'M',[93;16;40],5,[1;1;1],0,[NaN;4;NaN],[93;-127;40],4,[0;NaN;0]},{'M',[16;-127;40],5,[1;1;1],0,[4;NaN;NaN],[93;-127;40],4,[NaN;0;0]},{'A',[77;143;80],6,[93;16;40],5,0,[-16;127;40],5,0},{'M',[93;286;2],7,[1;1;1],0,[NaN;NaN;1],[93;-127;40],4,[0;NaN;NaN],[77;143;80],6,[NaN;1;NaN]},{'M',[64;112;80],7,[1;1;1],0,[6;NaN;NaN],[3;7;3],2,[NaN;4;NaN],[77;143;80],6,[NaN;NaN;0]},{'A',[29;174;82],8,[93;286;2],7,0,[-64;-112;80],7,0},{'M',[1;-127;64],5,[1;1;1],0,[0;NaN;6],[93;-127;40],4,[NaN;0;NaN]},{'M',[58;174;1],9,[1;1;1],0,[NaN;NaN;0],[29;174;82],8,[1;0;NaN]},{'A',[59;47;63],10,[1;-127;64],5,0,[58;174;-1],9,0},{'M',[59;56;328],11,[3;7;3],2,[NaN;3;NaN],[29;174;82],8,[NaN;NaN;2],[59;47;63],10,[0;NaN;NaN]},{'M',[16;143;126],11,[1;1;1],0,[4;NaN;NaN],[77;143;80],6,[NaN;0;NaN],[59;47;63],10,[NaN;NaN;1]},{'A',[43;199;202],12,[59;56;328],11,0,[-16;143;-126],11,0},{'M',[29;174;24],9,[3;7;3],2,[NaN;NaN;3],[29;174;82],8,[0;0;NaN]},{'O',[29;174;24],9,[29;174;24],9,0},{'M',[93;199;82],13,[93;-127;40],4,[0;NaN;NaN],[29;174;82],8,[NaN;NaN;0],[43;199;202],12,[NaN;0;NaN]},{'O',[93;199;82],13,[93;199;82],13,0},{'M',[77;28;202],13,[3;7;3],2,[NaN;2;NaN],[77;143;80],6,[0;NaN;NaN],[43;199;202],12,[NaN;NaN;0]},{'O',[77;28;202],13,[77;28;202],13,0},{'M',[118;47;126],11,[59;47;63],10,[1;0;1]},{'O',[236;94;252],11,[118;47;126],11,1},{'M',[86;143;160],13,[93;-127;40],4,[NaN;NaN;2],[77;143;80],6,[NaN;0;NaN],[43;199;202],12,[1;NaN;NaN]},{'O',[86;143;160],13,[86;143;160],13,0}}
Adder graph: {{'M',[2;1;1],1,[1;1;1],0,[1;0;0]},{'M',[2;1;32],1,[1;1;1],0,[1;0;5]},{'A',[14;7;40],2,[2;1;1],1,3,[-2;-1;32],1,0},{'M',[1;14;4],3,[1;1;1],0,[0;NaN;2],[14;7;40],2,[NaN;1;NaN]},{'M',[14;2;40],3,[1;1;1],0,[NaN;1;NaN],[14;7;40],2,[0;NaN;0]},{'A',[29;10;-76],4,[1;14;4],3,0,[14;-2;-40],3,1},{'M',[116;40;1],5,[1;1;1],0,[NaN;NaN;0],[29;10;-76],4,[2;2;NaN]},{'M',[2;7;2],3,[1;1;1],0,[1;NaN;1],[14;7;40],2,[NaN;0;NaN]},{'A',[236;94;6],6,[116;40;1],5,1,[2;7;2],3,1},{'M',[64;7;40],3,[1;1;1],0,[6;NaN;NaN],[14;7;40],2,[NaN;0;0]},{'M',[29;80;1],5,[1;1;1],0,[NaN;NaN;0],[29;10;-76],4,[0;3;NaN]},{'A',[93;87;41],6,[64;7;40],3,0,[29;80;1],5,0},{'M',[93;87;64],7,[1;1;1],0,[NaN;NaN;6],[93;87;41],6,[0;0;NaN]},{'M',[16;56;1],3,[1;1;1],0,[4;NaN;0],[14;7;40],2,[NaN;3;NaN]},{'A',[77;143;63],8,[93;87;64],7,0,[-16;56;-1],3,0},{'M',[14;286;126],9,[14;7;40],2,[0;NaN;NaN],[77;143;63],8,[NaN;1;1]},{'M',[29;87;-76],7,[29;10;-76],4,[0;NaN;0],[93;87;41],6,[NaN;0;NaN]},{'A',[43;199;202],10,[14;286;126],9,0,[29;-87;76],7,0},{'M',[29;174;24],7,[29;10;-76],4,[0;NaN;NaN],[236;94;6],6,[NaN;NaN;2],[93;87;41],6,[NaN;1;NaN]},{'O',[29;174;24],7,[29;174;24],7,0},{'M',[93;199;82],11,[93;87;41],6,[0;NaN;1],[43;199;202],10,[NaN;0;NaN]},{'O',[93;199;82],11,[93;199;82],11,0},{'M',[77;28;202],11,[14;7;40],2,[NaN;2;NaN],[77;143;63],8,[0;NaN;NaN],[43;199;202],10,[NaN;NaN;0]},{'O',[77;28;202],11,[77;28;202],11,0},{'M',[236;94;252],9,[236;94;6],6,[0;0;NaN],[77;143;63],8,[NaN;NaN;2]},{'O',[236;94;252],9,[236;94;252],9,0},{'M',[86;143;160],11,[14;7;40],2,[NaN;NaN;2],[77;143;63],8,[NaN;0;NaN],[43;199;202],10,[1;NaN;NaN]},{'O',[86;143;160],11,[86;143;160],11,0}}
Adder graph: {{'M',[32;1;1],1,[1;1;1],0,[5;0;0]},{'M',[1;4;1],1,[1;1;1],0,[0;2;0]},{'A',[30;-7;-1],2,[32;1;1],1,0,[-1;-4;-1],1,1},{'M',[1;8;4],1,[1;1;1],0,[0;3;2]},{'M',[30;16;-1],3,[1;1;1],0,[NaN;4;NaN],[30;-7;-1],2,[0;NaN;0]},{'A',[-29;24;5],4,[1;8;4],1,0,[-30;16;1],3,0},{'M',[-116;-7;-1],5,[30;-7;-1],2,[NaN;0;0],[-29;24;5],4,[2;NaN;NaN]},{'M',[1;96;20],5,[1;1;1],0,[0;NaN;NaN],[-29;24;5],4,[NaN;2;2]},{'A',[-118;-199;-41],6,[-116;-7;-1],5,0,[-1;-96;-20],5,1},{'M',[-29;1;1],5,[1;1;1],0,[NaN;0;0],[-29;24;5],4,[0;NaN;NaN]},{'M',[32;24;32],5,[1;1;1],0,[5;NaN;5],[-29;24;5],4,[NaN;0;NaN]},{'A',[-93;-47;-63],6,[-29;1;1],5,0,[-32;-24;-32],5,1},{'M',[-93;-188;-328],7,[-118;-199;-41],6,[NaN;NaN;3],[-93;-47;-63],6,[0;2;NaN]},{'M',[8;-7;-63],7,[1;1;1],0,[3;NaN;NaN],[30;-7;-1],2,[NaN;0;NaN],[-93;-47;-63],6,[NaN;NaN;0]},{'A',[-77;-174;-202],8,[-93;-188;-328],7,0,[8;7;63],7,1},{'M',[120;-28;-1],3,[30;-7;-1],2,[2;2;0]},{'M',[-154;-199;-4],9,[30;-7;-1],2,[NaN;NaN;2],[-118;-199;-41],6,[NaN;0;NaN],[-77;-174;-202],8,[1;NaN;NaN]},{'A',[86;143;-6],10,[120;-28;-1],3,1,[-154;199;-4],9,0},{'M',[-29;-174;-24],11,[-29;24;5],4,[0;NaN;NaN],[-77;-174;-202],8,[NaN;0;NaN],[86;143;-6],10,[NaN;NaN;2]},{'O',[29;174;24],11,[29;174;24],11,0},{'M',[-93;-199;-82],7,[-118;-199;-41],6,[NaN;0;1],[-93;-47;-63],6,[0;NaN;NaN]},{'O',[93;199;82],7,[93;199;82],7,0},{'M',[-77;-28;-202],9,[30;-7;-1],2,[NaN;2;NaN],[-77;-174;-202],8,[0;NaN;0]},{'O',[77;28;202],9,[77;28;202],9,0},{'M',[-118;-47;-126],7,[-118;-199;-41],6,[0;NaN;NaN],[-93;-47;-63],6,[NaN;0;1]},{'O',[236;94;252],7,[118;47;126],7,1},{'M',[86;143;160],11,[-29;24;5],4,[NaN;NaN;5],[86;143;-6],10,[0;0;NaN]},{'O',[86;143;160],11,[86;143;160],11,0}}
Adder graph: {{'M',[1;1;8],1,[1;1;1],0,[0;0;3]},{'M',[1;2;1],1,[1;1;1],0,[0;1;0]},{'A',[14;12;126],2,[1;1;8],1,4,[-1;-2;-1],1,1},{'M',[14;4;8],3,[1;1;1],0,[NaN;2;3],[14;12;126],2,[0;NaN;NaN]},{'M',[1;1;4],1,[1;1;1],0,[0;0;2]},{'A',[29;7;12],4,[14;4;8],3,1,[1;-1;-4],1,0},{'M',[29;7;32],5,[1;1;1],0,[NaN;NaN;5],[29;7;12],4,[0;0;NaN]},{'M',[14;192;48],5,[14;12;126],2,[0;4;NaN],[29;7;12],4,[NaN;NaN;2]},{'A',[43;199;80],6,[29;7;32],5,0,[14;192;48],5,0},{'M',[29;96;80],7,[14;12;126],2,[NaN;3;NaN],[29;7;12],4,[0;NaN;NaN],[43;199;80],6,[NaN;NaN;0]},{'M',[32;1;1],1,[1;1;1],0,[5;0;0]},{'A',[93;94;82],8,[29;96;80],7,0,[32;-1;1],1,1},{'M',[93;94;328],9,[93;94;82],8,[0;0;2]},{'M',[16;7;126],5,[1;1;1],0,[4;NaN;NaN],[14;12;126],2,[NaN;NaN;0],[29;7;12],4,[NaN;0;NaN]},{'A',[77;87;202],10,[93;94;328],9,0,[-16;-7;-126],5,0},{'M',[4;87;202],11,[1;1;1],0,[2;NaN;NaN],[77;87;202],10,[NaN;0;0]},{'A',[236;143;-106],12,[29;7;12],4,3,[4;87;-202],11,0},{'M',[29;174;24],11,[29;7;12],4,[0;NaN;1],[77;87;202],10,[NaN;1;NaN]},{'O',[29;174;24],11,[29;174;24],11,0},{'M',[93;199;82],9,[43;199;80],6,[NaN;0;NaN],[93;94;82],8,[0;NaN;0]},{'O',[93;199;82],9,[93;199;82],9,0},{'M',[77;28;202],11,[29;7;12],4,[NaN;2;NaN],[77;87;202],10,[0;NaN;0]},{'O',[77;28;202],11,[77;28;202],11,0},{'M',[236;94;252],13,[14;12;126],2,[NaN;NaN;1],[93;94;82],8,[NaN;0;NaN],[236;143;-106],12,[0;NaN;NaN]},{'O',[236;94;252],13,[236;94;252],13,0},{'M',[86;143;160],13,[43;199;80],6,[1;NaN;1],[236;143;-106],12,[NaN;0;NaN]},{'O',[86;143;160],13,[86;143;160],13,0}}
Adder graph: {{'A',[14;18;14],1,[1;1;1],0,4,[-1;1;-1],0,1},{'M',[1;8;4],1,[1;1;1],0,[0;3;2]},{'A',[29;28;24],2,[14;18;14],1,1,[1;-8;-4],1,0},{'M',[29;112;24],3,[29;28;24],2,[0;2;0]},{'M',[64;18;14],2,[1;1;1],0,[6;NaN;NaN],[14;18;14],1,[NaN;0;0]},{'A',[93;94;10],4,[29;112;24],3,0,[64;-18;-14],2,0},{'M',[93;144;40],5,[14;18;14],1,[NaN;3;NaN],[93;94;10],4,[0;NaN;2]},{'M',[16;1;1],1,[1;1;1],0,[4;0;0]},{'A',[77;143;41],6,[93;144;40],5,0,[-16;-1;1],1,0},{'M',[58;143;64],7,[1;1;1],0,[NaN;NaN;6],[29;28;24],2,[1;NaN;NaN],[77;143;41],6,[NaN;0;NaN]},{'M',[1;56;1],3,[1;1;1],0,[0;NaN;0],[29;28;24],2,[NaN;1;NaN]},{'A',[59;87;63],8,[58;143;64],7,0,[1;-56;-1],3,0},{'M',[58;56;10],5,[29;28;24],2,[1;1;NaN],[93;94;10],4,[NaN;NaN;0]},{'M',[28;143;192],7,[14;18;14],1,[1;NaN;NaN],[29;28;24],2,[NaN;NaN;3],[77;143;41],6,[NaN;0;NaN]},{'A',[86;199;202],8,[58;56;10],5,0,[28;143;192],7,0},{'M',[29;174;24],9,[29;28;24],2,[0;NaN;0],[59;87;63],8,[NaN;1;NaN]},{'O',[29;174;24],9,[29;174;24],9,0},{'M',[93;199;82],9,[93;94;10],4,[0;NaN;NaN],[77;143;41],6,[NaN;NaN;1],[86;199;202],8,[NaN;0;NaN]},{'O',[93;199;82],9,[93;199;82],9,0},{'M',[77;28;202],9,[29;28;24],2,[NaN;0;NaN],[77;143;41],6,[0;NaN;NaN],[86;199;202],8,[NaN;NaN;0]},{'O',[77;28;202],9,[77;28;202],9,0},{'M',[236;94;252],9,[93;94;10],4,[NaN;0;NaN],[59;87;63],8,[2;NaN;2]},{'O',[236;94;252],9,[236;94;252],9,0},{'M',[86;143;160],9,[93;94;10],4,[NaN;NaN;4],[77;143;41],6,[NaN;0;NaN],[86;199;202],8,[0;NaN;NaN]},{'O',[86;143;160],9,[86;143;160],9,0}}
Adder graph: {{'M',[32;32;1],1,[1;1;1],0,[5;5;0]},{'M',[1;8;2],1,[1;1;1],0,[0;3;1]},{'A',[30;48;-3],2,[32;32;1],1,0,[-1;8;-2],1,1},{'M',[1;1;16],1,[1;1;1],0,[0;0;4]},{'M',[30;48;-96],3,[30;48;-3],2,[0;0;5]},{'A',[-29;-47;-80],4,[1;1;16],1,0,[-30;-48;-96],3,0},{'M',[32;48;1],3,[1;1;1],0,[5;NaN;0],[30;48;-3],2,[NaN;0;NaN]},{'A',[-93;-143;-82],5,[-29;-47;-80],4,0,[-32;-48;-1],3,1},{'M',[30;4;32],3,[1;1;1],0,[NaN;2;5],[30;48;-3],2,[0;NaN;NaN]},{'A',[-59;-7;-63],4,[1;1;1],0,0,[-30;-4;-32],3,1},{'M',[2;-7;-63],5,[1;1;1],0,[1;NaN;NaN],[-59;-7;-63],4,[NaN;0;0]},{'A',[-77;-199;-586],6,[-93;-143;-82],5,0,[2;-7;-63],5,3},{'M',[-29;-47;-82],6,[-29;-47;-80],4,[0;0;NaN],[-93;-143;-82],5,[NaN;NaN;0]},{'M',[30;-14;-126],5,[30;48;-3],2,[0;NaN;NaN],[-59;-7;-63],4,[NaN;1;1]},{'A',[-86;-174;-202],7,[-29;-47;-82],6,2,[30;14;126],5,0},{'M',[-29;-174;-24],8,[30;48;-3],2,[NaN;NaN;3],[-29;-47;-80],4,[0;NaN;NaN],[-86;-174;-202],7,[NaN;0;NaN]},{'O',[29;174;24],8,[29;174;24],8,0},{'M',[-93;-199;-82],7,[-93;-143;-82],5,[0;NaN;0],[-77;-199;-586],6,[NaN;0;NaN]},{'O',[93;199;82],7,[93;199;82],7,0},{'M',[-77;-28;-202],8,[-59;-7;-63],4,[NaN;2;NaN],[-77;-199;-586],6,[0;NaN;NaN],[-86;-174;-202],7,[NaN;NaN;0]},{'O',[77;28;202],8,[77;28;202],8,0},{'M',[-118;-47;-126],5,[-29;-47;-80],4,[NaN;0;NaN],[-59;-7;-63],4,[1;NaN;1]},{'O',[236;94;252],5,[118;47;126],5,1},{'M',[-86;-143;-160],8,[-29;-47;-80],4,[NaN;NaN;1],[-93;-143;-82],5,[NaN;0;NaN],[-86;-174;-202],7,[0;NaN;NaN]},{'O',[86;143;160],8,[86;143;160],8,0}}
Adder graph: {{'M',[32;16;1],1,[1;1;1],0,[5;4;0]},{'A',[30;14;3],2,[32;16;1],1,0,[-1;-1;1],0,1},{'M',[30;16;32],3,[1;1;1],0,[NaN;4;5],[30;14;3],2,[0;NaN;NaN]},{'A',[59;31;63],4,[30;16;32],3,1,[-1;-1;-1],0,0},{'M',[30;62;3],5,[30;14;3],2,[0;NaN;0],[59;31;63],4,[NaN;1;NaN]},{'M',[1;112;32],3,[1;1;1],0,[0;NaN;5],[30;14;3],2,[NaN;3;NaN]},{'A',[29;174;-29],6,[30;62;3],5,0,[-1;112;-32],3,0},{'M',[32;31;32],5,[1;1;1],0,[5;NaN;5],[59;31;63],4,[NaN;0;NaN]},{'M',[118;174;192],7,[30;14;3],2,[NaN;NaN;6],[59;31;63],4,[1;NaN;NaN],[29;174;-29],6,[NaN;0;NaN]},{'A',[-86;-143;-160],8,[32;31;32],5,0,[-118;-174;-192],7,0},{'M',[16;14;3],3,[1;1;1],0,[4;NaN;NaN],[30;14;3],2,[NaN;0;0]},{'M',[29;-143;-29],9,[29;174;-29],6,[0;NaN;0],[-86;-143;-160],8,[NaN;0;NaN]},{'A',[93;199;41],10,[16;14;3],3,2,[29;143;29],9,0},{'M',[93;32;328],11,[1;1;1],0,[NaN;5;NaN],[93;199;41],10,[0;NaN;3]},{'M',[8;31;63],5,[1;1;1],0,[3;NaN;NaN],[59;31;63],4,[NaN;0;0]},{'A',[77;94;202],12,[93;32;328],11,0,[-8;31;-63],5,1},{'M',[29;174;24],7,[30;14;3],2,[NaN;NaN;3],[29;174;-29],6,[0;0;NaN]},{'O',[29;174;24],7,[29;174;24],7,0},{'M',[93;199;82],11,[93;199;41],10,[0;0;1]},{'O',[93;199;82],11,[93;199;82],11,0},{'M',[77;28;202],13,[30;14;3],2,[NaN;1;NaN],[77;94;202],12,[0;NaN;0]},{'O',[77;28;202],13,[77;28;202],13,0},{'M',[236;94;252],13,[59;31;63],4,[2;NaN;2],[77;94;202],12,[NaN;0;NaN]},{'O',[236;94;252],13,[236;94;252],13,0},{'O',[86;143;160],8,[86;143;160],8,0}}
Adder graph: {{'M',[8;4;1],1,[1;1;1],0,[3;2;0]},{'A',[-30;-14;6],2,[1;1;1],0,1,[-8;-4;1],1,2},{'M',[-30;-56;32],3,[1;1;1],0,[NaN;NaN;5],[-30;-14;6],2,[0;2;NaN]},{'A',[-59;-111;-63],4,[1;1;1],0,0,[-30;-56;-32],3,1},{'M',[-59;-111;6],5,[-30;-14;6],2,[NaN;NaN;0],[-59;-111;-63],4,[0;0;NaN]},{'M',[1;2;1],1,[1;1;1],0,[0;1;0]},{'A',[-43;-143;-10],6,[-59;-111;6],5,0,[1;-2;-1],1,4},{'M',[-30;64;6],3,[1;1;1],0,[NaN;6;NaN],[-30;-14;6],2,[0;NaN;0]},{'M',[-59;-111;24],5,[-30;-14;6],2,[NaN;NaN;2],[-59;-111;-63],4,[0;0;NaN]},{'A',[29;-47;30],6,[-30;64;6],3,0,[59;-111;24],5,0},{'M',[-120;-56;-10],7,[-30;-14;6],2,[2;2;NaN],[-43;-143;-10],6,[NaN;NaN;0]},{'M',[-43;-143;192],7,[-30;-14;6],2,[NaN;NaN;5],[-43;-143;-10],6,[0;0;NaN]},{'A',[-77;87;-202],8,[-120;-56;-10],7,0,[43;143;-192],7,0},{'M',[8;-143;60],7,[1;1;1],0,[3;NaN;NaN],[-43;-143;-10],6,[NaN;0;NaN],[29;-47;30],6,[NaN;NaN;1]},{'A',[-93;-199;-82],9,[-77;87;-202],8,0,[-8;-143;60],7,1},{'M',[29;174;24],9,[-30;-14;6],2,[NaN;NaN;2],[29;-47;30],6,[0;NaN;NaN],[-77;87;-202],8,[NaN;1;NaN]},{'O',[29;174;24],9,[29;174;24],9,0},{'O',[93;199;82],9,[93;199;82],9,0},{'M',[-77;-28;-202],9,[-30;-14;6],2,[NaN;1;NaN],[-77;87;-202],8,[0;NaN;0]},{'O',[77;28;202],9,[77;28;202],9,0},{'M',[-118;-47;-126],7,[-59;-111;-63],4,[1;NaN;1],[29;-47;30],6,[NaN;0;NaN]},{'O',[236;94;252],7,[118;47;126],7,1},{'M',[-86;-143;-160],7,[-43;-143;-10],6,[1;0;4]},{'O',[86;143;160],7,[86;143;160],7,0}}
Adder graph: {{'M',[1;1;4],1,[1;1;1],0,[0;0;2]},{'A',[-7;-7;12],2,[1;1;4],1,0,[-1;-1;1],0,3},{'M',[-14;8;1],3,[1;1;1],0,[NaN;3;0],[-7;-7;12],2,[1;NaN;NaN]},{'A',[29;-15;-1],4,[1;1;1],0,0,[14;-8;-1],3,1},{'M',[-28;-15;48],5,[-7;-7;12],2,[2;NaN;2],[29;-15;-1],4,[NaN;0;NaN]},{'M',[29;64;64],5,[1;1;1],0,[NaN;6;6],[29;-15;-1],4,[0;NaN;NaN]},{'A',[-86;-143;-80],6,[-28;-15;48],5,0,[-29;-64;-64],5,1},{'M',[1;64;64],1,[1;1;1],0,[0;6;6]},{'M',[58;-30;1],5,[1;1;1],0,[NaN;NaN;0],[29;-15;-1],4,[1;1;NaN]},{'A',[59;94;63],6,[1;64;64],1,0,[58;30;-1],5,0},{'M',[-7;-56;-2],5,[-7;-7;12],2,[0;3;NaN],[29;-15;-1],4,[NaN;NaN;1]},{'A',[-93;-199;-82],7,[-7;-56;-2],5,0,[-86;-143;-80],6,0},{'M',[-93;-14;-328],8,[-7;-7;12],2,[NaN;1;NaN],[-93;-199;-82],7,[0;NaN;2]},{'M',[8;94;63],7,[1;1;1],0,[3;NaN;NaN],[59;94;63],6,[NaN;0;0]},{'A',[-77;174;-202],9,[-93;-14;-328],8,0,[8;94;63],7,1},{'M',[29;174;24],10,[-7;-7;12],2,[NaN;NaN;1],[29;-15;-1],4,[0;NaN;NaN],[-77;174;-202],9,[NaN;0;NaN]},{'O',[29;174;24],10,[29;174;24],10,0},{'O',[93;199;82],7,[93;199;82],7,0},{'M',[-77;-28;-202],10,[-7;-7;12],2,[NaN;2;NaN],[-77;174;-202],9,[0;NaN;0]},{'O',[77;28;202],10,[77;28;202],10,0},{'M',[236;94;252],7,[59;94;63],6,[2;0;2]},{'O',[236;94;252],7,[236;94;252],7,0},{'M',[-86;-143;-160],7,[-86;-143;-80],6,[0;0;1]},{'O',[86;143;160],7,[86;143;160],7,0}}
Adder graph: {{'M',[4;1;1],1,[1;1;1],0,[2;0;0]},{'A',[30;6;6],2,[4;1;1],1,3,[-1;-1;-1],0,1},{'M',[30;24;32],3,[1;1;1],0,[NaN;NaN;5],[30;6;6],2,[0;2;NaN]},{'A',[59;47;63],4,[30;24;32],3,1,[-1;-1;-1],0,0},{'M',[59;4;4],5,[1;1;1],0,[NaN;2;2],[59;47;63],4,[0;NaN;NaN]},{'M',[4;6;4],3,[1;1;1],0,[2;NaN;2],[30;6;6],2,[NaN;0;NaN]},{'A',[43;28;20],6,[59;4;4],5,0,[-4;6;4],3,2},{'M',[59;47;128],5,[1;1;1],0,[NaN;NaN;7],[59;47;63],4,[0;0;NaN]},{'M',[30;96;6],3,[30;6;6],2,[0;4;0]},{'A',[29;143;122],6,[59;47;128],5,0,[-30;96;-6],3,0},{'M',[32;28;20],7,[1;1;1],0,[5;NaN;NaN],[43;28;20],6,[NaN;0;0]},{'A',[93;199;82],8,[29;143;122],6,0,[32;28;-20],7,1},{'M',[93;199;122],9,[29;143;122],6,[NaN;NaN;0],[93;199;82],8,[0;0;NaN]},{'M',[4;28;20],7,[1;1;1],0,[2;NaN;NaN],[43;28;20],6,[NaN;0;0]},{'A',[77;87;202],10,[93;199;122],9,0,[-4;-28;20],7,2},{'M',[29;174;24],11,[30;6;6],2,[NaN;NaN;2],[29;143;122],6,[0;NaN;NaN],[77;87;202],10,[NaN;1;NaN]},{'O',[29;174;24],11,[29;174;24],11,0},{'O',[93;199;82],8,[93;199;82],8,0},{'M',[77;28;202],11,[43;28;20],6,[NaN;0;NaN],[77;87;202],10,[0;NaN;0]},{'O',[77;28;202],11,[77;28;202],11,0},{'M',[118;47;126],5,[59;47;63],4,[1;0;1]},{'O',[236;94;252],5,[118;47;126],5,1},{'M',[86;143;160],7,[43;28;20],6,[1;NaN;3],[29;143;122],6,[NaN;0;NaN]},{'O',[86;143;160],7,[86;143;160],7,0}}
Adder graph: {{'M',[1;1;8],1,[1;1;1],0,[0;0;3]},{'A',[3;5;12],2,[1;1;1],0,2,[-1;1;8],1,0},{'M',[16;1;1],1,[1;1;1],0,[4;0;0]},{'A',[29;7;-10],3,[16;1;1],1,1,[-3;5;-12],2,0},{'A',[77;87;202],4,[3;5;12],2,4,[29;7;10],3,0},{'M',[29;10;12],4,[3;5;12],2,[NaN;1;0],[29;7;-10],3,[0;NaN;NaN]},{'M',[2;7;2],4,[1;1;1],0,[1;NaN;1],[29;7;-10],3,[NaN;0;NaN]},{'A',[118;47;50],5,[29;10;12],4,2,[2;7;2],4,0},{'M',[16;112;50],6,[1;1;1],0,[4;NaN;NaN],[29;7;-10],3,[NaN;4;NaN],[118;47;50],5,[NaN;NaN;0]},{'A',[93;199;252],7,[16;112;50],6,0,[77;87;202],4,0},{'M',[4;7;4],4,[1;1;1],0,[2;NaN;2],[29;7;-10],3,[NaN;0;NaN]},{'M',[118;199;50],8,[118;47;50],5,[0;NaN;0],[93;199;252],7,[NaN;0;NaN]},{'A',[-86;-143;82],9,[4;7;4],4,3,[-118;-199;50],8,0},{'M',[29;174;24],5,[3;5;12],2,[NaN;NaN;1],[29;7;-10],3,[0;NaN;NaN],[77;87;202],4,[NaN;1;NaN]},{'O',[29;174;24],5,[29;174;24],5,0},{'M',[93;199;82],10,[93;199;252],7,[0;0;NaN],[-86;-143;82],9,[NaN;NaN;0]},{'O',[93;199;82],10,[93;199;82],10,0},{'M',[77;28;202],5,[29;7;-10],3,[NaN;2;NaN],[77;87;202],4,[0;NaN;0]},{'O',[77;28;202],5,[77;28;202],5,0},{'M',[236;94;252],8,[118;47;50],5,[1;1;NaN],[93;199;252],7,[NaN;NaN;0]},{'O',[236;94;252],8,[236;94;252],8,0},{'M',[-86;-143;-160],10,[29;7;-10],3,[NaN;NaN;4],[-86;-143;82],9,[0;0;NaN]},{'O',[86;143;160],10,[86;143;160],10,0}}
Adder graph: {{'M',[2;1;2],1,[1;1;1],0,[1;0;1]},{'A',[15;7;15],2,[2;1;2],1,3,[-1;-1;-1],0,0},{'M',[15;7;16],3,[1;1;1],0,[NaN;NaN;4],[15;7;15],2,[0;0;NaN]},{'A',[59;29;63],4,[15;7;16],3,2,[-1;1;-1],0,0},{'M',[59;29;64],5,[1;1;1],0,[NaN;NaN;6],[59;29;63],4,[0;0;NaN]},{'M',[4;29;4],5,[1;1;1],0,[2;NaN;2],[59;29;63],4,[NaN;0;NaN]},{'A',[43;-87;80],6,[59;29;64],5,0,[-4;-29;4],5,2},{'M',[1;7;15],3,[1;1;1],0,[0;NaN;NaN],[15;7;15],2,[NaN;0;0]},{'M',[59;-87;63],7,[59;29;63],4,[0;NaN;0],[43;-87;80],6,[NaN;0;NaN]},{'A',[-29;47;-24],8,[1;7;15],3,-1,[-59;87;-63],7,-1},{'M',[32;56;1],3,[1;1;1],0,[5;NaN;0],[15;7;15],2,[NaN;3;NaN]},{'M',[-29;-87;80],9,[43;-87;80],6,[NaN;0;0],[-29;47;-24],8,[0;NaN;NaN]},{'A',[93;199;82],10,[32;56;1],3,1,[29;87;80],9,0},{'M',[2;7;15],3,[1;1;1],0,[1;NaN;NaN],[15;7;15],2,[NaN;0;0]},{'A',[77;143;202],11,[93;199;82],10,0,[-2;-7;15],3,3},{'M',[-29;-174;-24],9,[43;-87;80],6,[NaN;1;NaN],[-29;47;-24],8,[0;NaN;0]},{'O',[29;174;24],9,[29;174;24],9,0},{'O',[93;199;82],10,[93;199;82],10,0},{'M',[77;28;202],12,[15;7;15],2,[NaN;2;NaN],[77;143;202],11,[0;NaN;0]},{'O',[77;28;202],12,[77;28;202],12,0},{'M',[118;47;126],9,[59;29;63],4,[1;NaN;1],[-29;47;-24],8,[NaN;0;NaN]},{'O',[236;94;252],9,[118;47;126],9,1},{'M',[86;143;160],12,[43;-87;80],6,[1;NaN;1],[77;143;202],11,[NaN;0;NaN]},{'O',[86;143;160],12,[86;143;160],12,0}}
Adder graph: {{'M',[2;1;2],1,[1;1;1],0,[1;0;1]},{'A',[15;7;15],2,[2;1;2],1,3,[-1;-1;-1],0,0},{'M',[15;16;16],3,[1;1;1],0,[NaN;4;4],[15;7;15],2,[0;NaN;NaN]},{'M',[1;7;1],3,[1;1;1],0,[0;NaN;0],[15;7;15],2,[NaN;0;NaN]},{'A',[59;71;63],4,[15;16;16],3,2,[-1;7;-1],3,0},{'M',[59;71;64],5,[1;1;1],0,[NaN;NaN;6],[59;71;63],4,[0;0;NaN]},{'A',[43;87;80],6,[59;71;64],5,0,[-1;1;1],0,4},{'M',[43;87;63],7,[59;71;63],4,[NaN;NaN;0],[43;87;80],6,[0;0;NaN]},{'A',[29;47;24],8,[43;87;63],7,-1,[15;7;-15],2,-1},{'M',[29;87;80],9,[43;87;80],6,[NaN;0;0],[29;47;24],8,[0;NaN;NaN]},{'M',[32;56;1],3,[1;1;1],0,[5;NaN;0],[15;7;15],2,[NaN;3;NaN]},{'A',[93;199;82],10,[29;87;80],9,0,[32;56;1],3,1},{'M',[43;87;82],11,[43;87;80],6,[0;0;NaN],[93;199;82],10,[NaN;NaN;0]},{'A',[77;143;202],12,[15;7;15],2,3,[-43;87;82],11,0},{'M',[29;174;24],9,[43;87;80],6,[NaN;1;NaN],[29;47;24],8,[0;NaN;0]},{'O',[29;174;24],9,[29;174;24],9,0},{'O',[93;199;82],10,[93;199;82],10,0},{'M',[77;28;202],13,[15;7;15],2,[NaN;2;NaN],[77;143;202],12,[0;NaN;0]},{'O',[77;28;202],13,[77;28;202],13,0},{'M',[118;47;126],9,[59;71;63],4,[1;NaN;1],[29;47;24],8,[NaN;0;NaN]},{'O',[236;94;252],9,[118;47;126],9,1},{'M',[86;143;160],13,[43;87;80],6,[1;NaN;1],[77;143;202],12,[NaN;0;NaN]},{'O',[86;143;160],13,[86;143;160],13,0}}
Finished solving after 7192.27 seconds
Adder graph: {{'M',[2;1;2],1,[1;1;1],0,[1;0;1]},{'A',[15;7;15],2,[2;1;2],1,3,[-1;-1;-1],0,0},{'M',[15;16;16],3,[1;1;1],0,[NaN;4;4],[15;7;15],2,[0;NaN;NaN]},{'M',[1;7;1],3,[1;1;1],0,[0;NaN;0],[15;7;15],2,[NaN;0;NaN]},{'A',[59;71;63],4,[15;16;16],3,2,[-1;7;-1],3,0},{'M',[59;71;64],5,[1;1;1],0,[NaN;NaN;6],[59;71;63],4,[0;0;NaN]},{'A',[43;87;80],6,[59;71;64],5,0,[-1;1;1],0,4},{'M',[43;87;63],7,[59;71;63],4,[NaN;NaN;0],[43;87;80],6,[0;0;NaN]},{'A',[29;47;24],8,[43;87;63],7,-1,[15;7;-15],2,-1},{'M',[29;87;80],9,[43;87;80],6,[NaN;0;0],[29;47;24],8,[0;NaN;NaN]},{'M',[32;56;1],3,[1;1;1],0,[5;NaN;0],[15;7;15],2,[NaN;3;NaN]},{'A',[93;199;82],10,[29;87;80],9,0,[32;56;1],3,1},{'M',[43;87;82],11,[43;87;80],6,[0;0;NaN],[93;199;82],10,[NaN;NaN;0]},{'A',[77;143;202],12,[15;7;15],2,3,[-43;87;82],11,0},{'M',[29;174;24],9,[43;87;80],6,[NaN;1;NaN],[29;47;24],8,[0;NaN;0]},{'O',[29;174;24],9,[29;174;24],9,0},{'O',[93;199;82],10,[93;199;82],10,0},{'M',[77;28;202],13,[15;7;15],2,[NaN;2;NaN],[77;143;202],12,[0;NaN;0]},{'O',[77;28;202],13,[77;28;202],13,0},{'M',[118;47;126],9,[59;71;63],4,[1;NaN;1],[29;47;24],8,[NaN;0;NaN]},{'O',[236;94;252],9,[118;47;126],9,1},{'M',[86;143;160],13,[43;87;80],6,[1;NaN;1],[77;143;202],12,[NaN;0;NaN]},{'O',[86;143;160],13,[86;143;160],13,0}}
# Add optimal = 1
# Mux optimal = 0
# FAs optimal = 0
