Adder graph: {{'M',[1;4;4],1,[1;1;1],0,[0;2;2]},{'M',[1;1;4],1,[1;1;1],0,[0;0;2]},{'A',[3;7;12],2,[1;4;4],1,1,[1;-1;4],1,0},{'M',[48;1;1],3,[1;1;1],0,[NaN;0;0],[3;7;12],2,[4;NaN;NaN]},{'M',[2;56;12],3,[1;1;1],0,[1;NaN;NaN],[3;7;12],2,[NaN;3;0]},{'A',[50;-55;-11],4,[48;1;1],3,0,[2;-56;-12],3,0},{'M',[12;7;16],3,[1;1;1],0,[NaN;NaN;4],[3;7;12],2,[2;0;NaN]},{'M',[1;1;16],1,[1;1;1],0,[0;0;4]},{'A',[49;27;80],4,[12;7;16],3,2,[1;-1;16],1,0},{'M',[50;28;64],5,[1;1;1],0,[NaN;NaN;6],[3;7;12],2,[NaN;2;NaN],[50;-55;-11],4,[0;NaN;NaN]},{'M',[4;-55;-11],5,[1;1;1],0,[2;NaN;NaN],[50;-55;-11],4,[NaN;0;0]},{'A',[54;83;75],6,[50;28;64],5,0,[4;55;11],5,0},{'M',[216;7;1],7,[1;1;1],0,[NaN;NaN;0],[3;7;12],2,[NaN;0;NaN],[54;83;75],6,[2;NaN;NaN]},{'M',[3;-110;192],5,[3;7;12],2,[0;NaN;4],[50;-55;-11],4,[NaN;1;NaN]},{'A',[213;117;193],8,[216;7;1],7,0,[-3;110;192],5,0},{'M',[16;27;64],5,[1;1;1],0,[4;NaN;6],[49;27;80],4,[NaN;0;NaN]},{'M',[3;-55;-11],5,[3;7;12],2,[0;NaN;NaN],[50;-55;-11],4,[NaN;0;0]},{'A',[67;163;245],6,[16;27;64],5,2,[3;55;-11],5,0},{'M',[98;27;193],9,[49;27;80],4,[1;0;NaN],[213;117;193],8,[NaN;NaN;0]},{'O',[98;27;193],9,[98;27;193],9,0},{'M',[50;163;150],7,[50;-55;-11],4,[0;NaN;NaN],[54;83;75],6,[NaN;NaN;1],[67;163;245],6,[NaN;0;NaN]},{'O',[50;163;150],7,[50;163;150],7,0},{'M',[108;14;80],7,[3;7;12],2,[NaN;1;NaN],[49;27;80],4,[NaN;NaN;0],[54;83;75],6,[1;NaN;NaN]},{'O',[108;14;80],7,[108;14;80],7,0},{'M',[213;117;245],9,[213;117;193],8,[0;0;NaN],[67;163;245],6,[NaN;NaN;0]},{'O',[213;117;245],9,[213;117;245],9,0},{'M',[67;83;12],7,[3;7;12],2,[NaN;NaN;0],[54;83;75],6,[NaN;0;NaN],[67;163;245],6,[0;NaN;NaN]},{'O',[67;83;12],7,[67;83;12],7,0}}
Adder graph: {{'M',[1;16;16],1,[1;1;1],0,[0;4;4]},{'M',[1;1;128],1,[1;1;1],0,[0;0;7]},{'A',[3;14;-240],2,[1;16;16],1,0,[1;-1;-128],1,1},{'M',[48;14;2],3,[1;1;1],0,[NaN;NaN;1],[3;14;-240],2,[4;0;NaN]},{'M',[12;1;1],3,[1;1;1],0,[NaN;0;0],[3;14;-240],2,[2;NaN;NaN]},{'A',[108;27;5],4,[48;14;2],3,1,[12;-1;1],3,0},{'M',[1;56;1],3,[1;1;1],0,[0;NaN;0],[3;14;-240],2,[NaN;2;NaN]},{'M',[24;27;5],5,[3;14;-240],2,[3;NaN;NaN],[108;27;5],4,[NaN;0;0]},{'A',[25;83;6],6,[1;56;1],3,0,[24;27;5],5,0},{'M',[96;2;1],3,[1;1;1],0,[NaN;1;0],[3;14;-240],2,[5;NaN;NaN]},{'M',[1;16;96],7,[1;1;1],0,[0;4;NaN],[25;83;6],6,[NaN;NaN;4]},{'A',[98;34;193],8,[96;2;1],3,0,[1;16;96],7,1},{'M',[216;34;5],9,[108;27;5],4,[1;NaN;0],[98;34;193],8,[NaN;0;NaN]},{'M',[3;83;-240],7,[3;14;-240],2,[0;NaN;0],[25;83;6],6,[NaN;0;NaN]},{'A',[213;117;245],10,[216;34;5],9,0,[-3;83;240],7,0},{'M',[3;136;320],9,[3;14;-240],2,[0;NaN;NaN],[108;27;5],4,[NaN;NaN;6],[98;34;193],8,[NaN;2;NaN]},{'M',[64;27;245],11,[1;1;1],0,[6;NaN;NaN],[108;27;5],4,[NaN;0;NaN],[213;117;245],10,[NaN;NaN;0]},{'A',[67;163;75],12,[3;136;320],9,0,[64;27;-245],11,0},{'M',[98;27;193],9,[108;27;5],4,[NaN;0;NaN],[98;34;193],8,[0;NaN;0]},{'O',[98;27;193],9,[98;27;193],9,0},{'M',[50;163;150],13,[25;83;6],6,[1;NaN;NaN],[67;163;75],12,[NaN;0;1]},{'O',[50;163;150],13,[50;163;150],13,0},{'M',[108;14;80],5,[3;14;-240],2,[NaN;0;NaN],[108;27;5],4,[0;NaN;4]},{'O',[108;14;80],5,[108;14;80],5,0},{'O',[213;117;245],10,[213;117;245],10,0},{'M',[67;83;12],13,[25;83;6],6,[NaN;0;1],[67;163;75],12,[0;NaN;NaN]},{'O',[67;83;12],13,[67;83;12],13,0}}
Adder graph: {{'M',[1;4;1],1,[1;1;1],0,[0;2;0]},{'A',[-3;17;-3],2,[1;1;1],0,0,[-1;4;-1],1,2},{'M',[-96;1;-192],3,[1;1;1],0,[NaN;0;NaN],[-3;17;-3],2,[5;NaN;6]},{'M',[2;8;1],1,[1;1;1],0,[1;3;0]},{'A',[-98;-7;-193],4,[-96;1;-192],3,0,[-2;-8;-1],1,0},{'M',[-3;-14;-3],5,[-3;17;-3],2,[0;NaN;0],[-98;-7;-193],4,[NaN;1;NaN]},{'M',[-48;1;1],3,[1;1;1],0,[NaN;0;0],[-3;17;-3],2,[4;NaN;NaN]},{'A',[-54;-27;-5],6,[-3;-14;-3],5,1,[-48;1;1],3,0},{'M',[-216;-27;-5],7,[-54;-27;-5],6,[2;0;0]},{'M',[-3;-56;-80],7,[-3;17;-3],2,[0;NaN;NaN],[-98;-7;-193],4,[NaN;3;NaN],[-54;-27;-5],6,[NaN;NaN;4]},{'A',[-213;-83;75],8,[-216;-27;-5],7,0,[3;-56;80],7,0},{'M',[-3;-83;-320],9,[-3;17;-3],2,[0;NaN;NaN],[-54;-27;-5],6,[NaN;NaN;6],[-213;-83;75],8,[NaN;0;NaN]},{'M',[64;34;75],9,[1;1;1],0,[6;NaN;NaN],[-3;17;-3],2,[NaN;1;NaN],[-213;-83;75],8,[NaN;NaN;0]},{'A',[-67;-117;-245],10,[-3;-83;-320],9,0,[-64;-34;75],9,0},{'M',[1;68;4],3,[1;1;1],0,[0;NaN;2],[-3;17;-3],2,[NaN;2;NaN]},{'M',[-48;-27;-48],7,[-3;17;-3],2,[4;NaN;4],[-54;-27;-5],6,[NaN;0;NaN]},{'A',[50;163;-40],8,[1;68;4],3,1,[48;27;-48],7,0},{'M',[-98;-27;-193],7,[-98;-7;-193],4,[0;NaN;0],[-54;-27;-5],6,[NaN;0;NaN]},{'O',[98;27;193],7,[98;27;193],7,0},{'M',[50;163;150],9,[-213;-83;75],8,[NaN;NaN;1],[50;163;-40],8,[0;0;NaN]},{'O',[50;163;150],9,[50;163;150],9,0},{'M',[-54;-7;-40],9,[-98;-7;-193],4,[NaN;0;NaN],[-54;-27;-5],6,[0;NaN;NaN],[50;163;-40],8,[NaN;NaN;0]},{'O',[108;14;80],9,[54;7;40],9,1},{'M',[-213;-117;-245],11,[-213;-83;75],8,[0;NaN;NaN],[-67;-117;-245],10,[NaN;0;0]},{'O',[213;117;245],11,[213;117;245],11,0},{'M',[-67;-83;-12],11,[-3;17;-3],2,[NaN;NaN;2],[-213;-83;75],8,[NaN;0;NaN],[-67;-117;-245],10,[0;NaN;NaN]},{'O',[67;83;12],11,[67;83;12],11,0}}
Adder graph: {{'M',[1;16;8],1,[1;1;1],0,[0;4;3]},{'A',[3;14;10],2,[1;16;8],1,0,[1;-1;1],0,1},{'M',[1;14;128],3,[1;1;1],0,[0;NaN;7],[3;14;10],2,[NaN;0;NaN]},{'M',[48;1;1],3,[1;1;1],0,[NaN;0;0],[3;14;10],2,[4;NaN;NaN]},{'A',[50;27;255],4,[1;14;128],3,1,[48;-1;-1],3,0},{'M',[8;27;8],5,[1;1;1],0,[3;NaN;3],[50;27;255],4,[NaN;0;NaN]},{'M',[50;28;2],5,[1;1;1],0,[NaN;NaN;1],[3;14;10],2,[NaN;1;NaN],[50;27;255],4,[0;NaN;NaN]},{'A',[108;83;12],6,[8;27;8],5,0,[50;28;2],5,1},{'M',[3;1;12],7,[1;1;1],0,[NaN;0;NaN],[3;14;10],2,[0;NaN;NaN],[108;83;12],6,[NaN;NaN;0]},{'A',[49;17;193],8,[1;1;1],0,0,[3;1;12],7,4},{'M',[216;83;160],7,[3;14;10],2,[NaN;NaN;4],[108;83;12],6,[1;0;NaN]},{'M',[3;34;10],9,[3;14;10],2,[0;NaN;0],[49;17;193],8,[NaN;1;NaN]},{'A',[213;117;150],10,[216;83;160],7,0,[-3;34;-10],9,0},{'M',[64;27;255],5,[1;1;1],0,[6;NaN;NaN],[50;27;255],4,[NaN;0;0]},{'M',[3;136;10],9,[3;14;10],2,[0;NaN;0],[49;17;193],8,[NaN;3;NaN]},{'A',[67;163;245],10,[64;27;255],5,0,[3;136;-10],9,0},{'M',[98;27;193],9,[50;27;255],4,[NaN;0;NaN],[49;17;193],8,[1;NaN;0]},{'O',[98;27;193],9,[98;27;193],9,0},{'M',[50;163;150],11,[50;27;255],4,[0;NaN;NaN],[213;117;150],10,[NaN;NaN;0],[67;163;245],10,[NaN;0;NaN]},{'O',[50;163;150],11,[50;163;150],11,0},{'M',[108;14;80],7,[3;14;10],2,[NaN;0;3],[108;83;12],6,[0;NaN;NaN]},{'O',[108;14;80],7,[108;14;80],7,0},{'M',[213;117;245],11,[213;117;150],10,[0;0;NaN],[67;163;245],10,[NaN;NaN;0]},{'O',[213;117;245],11,[213;117;245],11,0},{'M',[67;83;12],11,[108;83;12],6,[NaN;0;0],[67;163;245],10,[0;NaN;NaN]},{'O',[67;83;12],11,[67;83;12],11,0}}
Adder graph: {{'M',[1;2;1],1,[1;1;1],0,[0;1;0]},{'M',[1;4;1],1,[1;1;1],0,[0;2;0]},{'A',[-3;-14;-3],2,[1;2;1],1,0,[-1;-4;-1],1,2},{'M',[-48;-14;-96],3,[-3;-14;-3],2,[4;0;5]},{'M',[2;1;1],1,[1;1;1],0,[1;0;0]},{'A',[-98;-27;-193],4,[-48;-14;-96],3,1,[-2;1;-1],1,0},{'M',[-3;8;16],3,[1;1;1],0,[NaN;3;4],[-3;-14;-3],2,[0;NaN;NaN]},{'M',[-96;2;-3],3,[1;1;1],0,[NaN;1;NaN],[-3;-14;-3],2,[5;NaN;0]},{'A',[-108;34;67],4,[-3;8;16],3,2,[-96;2;3],3,0},{'M',[-3;-27;8],5,[1;1;1],0,[NaN;NaN;3],[-3;-14;-3],2,[0;NaN;NaN],[-98;-27;-193],4,[NaN;0;NaN]},{'M',[16;-14;-12],3,[1;1;1],0,[4;NaN;NaN],[-3;-14;-3],2,[NaN;0;2]},{'A',[-67;-83;-40],6,[-3;-27;8],5,0,[-16;-14;-12],3,2},{'M',[-12;34;67],5,[-3;-14;-3],2,[2;NaN;NaN],[-108;34;67],4,[NaN;0;0]},{'A',[50;163;75],6,[-12;34;67],5,2,[98;27;-193],4,0},{'M',[-216;-83;75],7,[-108;34;67],4,[1;NaN;NaN],[-67;-83;-40],6,[NaN;0;NaN],[50;163;75],6,[NaN;NaN;0]},{'M',[-3;34;-320],7,[-3;-14;-3],2,[0;NaN;NaN],[-108;34;67],4,[NaN;0;NaN],[-67;-83;-40],6,[NaN;NaN;3]},{'A',[-213;-117;-245],8,[-216;-83;75],7,0,[3;-34;-320],7,0},{'O',[98;27;193],4,[98;27;193],4,0},{'M',[50;163;150],7,[50;163;75],6,[0;0;1]},{'O',[50;163;150],7,[50;163;150],7,0},{'M',[-108;-14;-80],7,[-3;-14;-3],2,[NaN;0;NaN],[-108;34;67],4,[0;NaN;NaN],[-67;-83;-40],6,[NaN;NaN;1]},{'O',[108;14;80],7,[108;14;80],7,0},{'O',[213;117;245],8,[213;117;245],8,0},{'M',[-67;-83;-12],7,[-3;-14;-3],2,[NaN;NaN;2],[-67;-83;-40],6,[0;0;NaN]},{'O',[67;83;12],7,[67;83;12],7,0}}
Adder graph: {{'M',[1;2;1],1,[1;1;1],0,[0;1;0]},{'A',[3;7;5],2,[1;2;1],1,2,[-1;-1;1],0,0},{'M',[6;7;20],3,[3;7;5],2,[1;0;2]},{'M',[3;1;5],3,[1;1;1],0,[NaN;0;NaN],[3;7;5],2,[0;NaN;0]},{'A',[27;27;75],4,[6;7;20],3,2,[3;-1;-5],3,0},{'M',[3;7;20],3,[3;7;5],2,[0;0;2]},{'M',[1;27;75],5,[1;1;1],0,[0;NaN;NaN],[27;27;75],4,[NaN;0;0]},{'A',[49;85;245],6,[3;7;20],3,4,[1;-27;-75],5,0},{'M',[64;85;64],7,[1;1;1],0,[6;NaN;6],[49;85;245],6,[NaN;0;NaN]},{'M',[3;2;5],3,[1;1;1],0,[NaN;1;NaN],[3;7;5],2,[0;NaN;0]},{'A',[67;83;59],8,[64;85;64],7,0,[3;-2;-5],3,0},{'M',[27;4;1],5,[1;1;1],0,[NaN;2;0],[27;27;75],4,[0;NaN;NaN]},{'M',[3;85;5],7,[3;7;5],2,[0;NaN;0],[49;85;245],6,[NaN;0;NaN]},{'A',[213;117;3],8,[27;4;1],5,3,[-3;85;-5],7,0},{'M',[49;170;192],9,[49;85;245],6,[0;1;NaN],[213;117;3],8,[NaN;NaN;6]},{'M',[1;7;1],3,[1;1;1],0,[0;NaN;0],[3;7;5],2,[NaN;0;NaN]},{'A',[50;163;193],10,[49;170;192],9,0,[1;-7;1],3,0},{'M',[98;27;193],11,[27;27;75],4,[NaN;0;NaN],[49;85;245],6,[1;NaN;NaN],[50;163;193],10,[NaN;NaN;0]},{'O',[98;27;193],11,[98;27;193],11,0},{'M',[50;163;150],11,[27;27;75],4,[NaN;NaN;1],[50;163;193],10,[0;0;NaN]},{'O',[50;163;150],11,[50;163;150],11,0},{'M',[54;7;40],5,[3;7;5],2,[NaN;0;3],[27;27;75],4,[1;NaN;NaN]},{'O',[108;14;80],5,[54;7;40],5,1},{'M',[213;117;245],9,[49;85;245],6,[NaN;NaN;0],[213;117;3],8,[0;0;NaN]},{'O',[213;117;245],9,[213;117;245],9,0},{'M',[67;83;12],9,[67;83;59],8,[0;0;NaN],[213;117;3],8,[NaN;NaN;2]},{'O',[67;83;12],9,[67;83;12],9,0}}
Adder graph: {{'M',[1;4;1],1,[1;1;1],0,[0;2;0]},{'A',[3;7;3],2,[1;4;1],1,1,[1;-1;1],0,0},{'M',[12;14;1],3,[1;1;1],0,[NaN;NaN;0],[3;7;3],2,[2;1;NaN]},{'A',[49;-55;5],4,[1;1;1],0,0,[12;-14;1],3,2},{'M',[24;-55;5],5,[3;7;3],2,[3;NaN;NaN],[49;-55;5],4,[NaN;0;0]},{'M',[98;7;160],5,[3;7;3],2,[NaN;0;NaN],[49;-55;5],4,[1;NaN;5]},{'A',[-50;-117;-150],6,[24;-55;5],5,1,[-98;-7;-160],5,0},{'M',[1;7;48],3,[1;1;1],0,[0;NaN;NaN],[3;7;3],2,[NaN;0;4]},{'M',[-50;1;1],7,[1;1;1],0,[NaN;0;0],[-50;-117;-150],6,[0;NaN;NaN]},{'A',[54;27;193],8,[1;7;48],3,2,[50;-1;1],7,0},{'M',[3;28;3],3,[3;7;3],2,[0;2;0]},{'M',[64;-55;128],5,[1;1;1],0,[6;NaN;7],[49;-55;5],4,[NaN;0;NaN]},{'A',[67;83;-125],6,[3;28;3],3,0,[64;55;-128],5,0},{'M',[3;-55;5],5,[3;7;3],2,[0;NaN;NaN],[49;-55;5],4,[NaN;0;0]},{'M',[108;54;-125],9,[54;27;193],8,[1;1;NaN],[67;83;-125],6,[NaN;NaN;0]},{'A',[-213;-163;-245],10,[3;-55;5],5,0,[-108;-54;-125],9,1},{'M',[98;27;193],9,[49;-55;5],4,[1;NaN;NaN],[54;27;193],8,[NaN;0;0]},{'O',[98;27;193],9,[98;27;193],9,0},{'M',[-50;-163;-150],11,[-50;-117;-150],6,[0;NaN;0],[-213;-163;-245],10,[NaN;0;NaN]},{'O',[50;163;150],11,[50;163;150],11,0},{'M',[54;7;40],9,[3;7;3],2,[NaN;0;NaN],[49;-55;5],4,[NaN;NaN;3],[54;27;193],8,[0;NaN;NaN]},{'O',[108;14;80],9,[54;7;40],9,1},{'M',[-213;-117;-245],11,[-50;-117;-150],6,[NaN;0;NaN],[-213;-163;-245],10,[0;NaN;0]},{'O',[213;117;245],11,[213;117;245],11,0},{'M',[67;83;12],7,[3;7;3],2,[NaN;NaN;2],[67;83;-125],6,[0;0;NaN]},{'O',[67;83;12],7,[67;83;12],7,0}}
Adder graph: {{'M',[1;2;1],1,[1;1;1],0,[0;1;0]},{'A',[3;7;3],2,[1;2;1],1,2,[-1;-1;-1],0,0},{'M',[12;7;12],3,[3;7;3],2,[2;0;2]},{'A',[49;27;49],4,[12;7;12],3,2,[1;-1;1],0,0},{'M',[1;1;196],5,[1;1;1],0,[0;0;NaN],[49;27;49],4,[NaN;NaN;2]},{'M',[49;54;49],5,[49;27;49],4,[0;1;0]},{'A',[50;55;245],6,[1;1;196],5,0,[49;54;49],5,0},{'M',[1;27;49],5,[1;1;1],0,[0;NaN;NaN],[49;27;49],4,[NaN;0;0]},{'M',[50;55;3],7,[3;7;3],2,[NaN;NaN;0],[50;55;245],6,[0;0;NaN]},{'A',[54;163;193],8,[1;27;49],5,2,[50;55;-3],7,0},{'M',[108;55;1],9,[1;1;1],0,[NaN;NaN;0],[50;55;245],6,[NaN;0;NaN],[54;163;193],8,[1;NaN;NaN]},{'A',[213;117;5],10,[108;55;1],9,1,[-3;7;3],2,0},{'M',[3;28;320],11,[3;7;3],2,[0;2;NaN],[213;117;5],10,[NaN;NaN;6]},{'M',[64;55;245],7,[1;1;1],0,[6;NaN;NaN],[50;55;245],6,[NaN;0;0]},{'A',[67;83;75],12,[3;28;320],11,0,[64;55;-245],7,0},{'M',[98;27;193],9,[49;27;49],4,[1;0;NaN],[54;163;193],8,[NaN;NaN;0]},{'O',[98;27;193],9,[98;27;193],9,0},{'M',[50;163;150],13,[50;55;245],6,[0;NaN;NaN],[54;163;193],8,[NaN;0;NaN],[67;83;75],12,[NaN;NaN;1]},{'O',[50;163;150],13,[50;163;150],13,0},{'M',[54;7;40],11,[3;7;3],2,[NaN;0;NaN],[54;163;193],8,[0;NaN;NaN],[213;117;5],10,[NaN;NaN;3]},{'O',[108;14;80],11,[54;7;40],11,1},{'M',[213;117;245],11,[50;55;245],6,[NaN;NaN;0],[213;117;5],10,[0;0;NaN]},{'O',[213;117;245],11,[213;117;245],11,0},{'M',[67;83;12],13,[3;7;3],2,[NaN;NaN;2],[67;83;75],12,[0;0;NaN]},{'O',[67;83;12],13,[67;83;12],13,0}}
Adder graph: {{'M',[1;4;1],1,[1;1;1],0,[0;2;0]},{'A',[3;7;3],2,[1;4;1],1,1,[1;-1;1],0,0},{'M',[24;7;48],3,[3;7;3],2,[3;0;4]},{'M',[2;1;1],1,[1;1;1],0,[1;0;0]},{'A',[98;27;193],4,[24;7;48],3,2,[2;-1;1],1,0},{'M',[3;27;3],5,[3;7;3],2,[0;NaN;0],[98;27;193],4,[NaN;0;NaN]},{'M',[8;7;8],3,[1;1;1],0,[3;NaN;3],[3;7;3],2,[NaN;0;NaN]},{'A',[67;83;-61],6,[3;27;3],5,0,[8;7;-8],3,3},{'M',[12;7;12],3,[3;7;3],2,[2;0;2]},{'M',[48;1;1],3,[1;1;1],0,[NaN;0;0],[3;7;3],2,[4;NaN;NaN]},{'A',[108;5;10],4,[12;7;12],3,0,[48;-1;-1],3,1},{'M',[3;5;10],5,[3;7;3],2,[0;NaN;NaN],[108;5;10],4,[NaN;0;0]},{'M',[2;83;10],7,[1;1;1],0,[1;NaN;NaN],[67;83;-61],6,[NaN;0;NaN],[108;5;10],4,[NaN;NaN;0]},{'A',[50;163;150],8,[3;5;10],5,4,[2;83;-10],7,0},{'M',[216;112;1],5,[1;1;1],0,[NaN;NaN;0],[3;7;3],2,[NaN;4;NaN],[108;5;10],4,[1;NaN;NaN]},{'M',[3;5;-244],7,[3;7;3],2,[0;NaN;NaN],[67;83;-61],6,[NaN;NaN;2],[108;5;10],4,[NaN;0;NaN]},{'A',[213;117;245],8,[216;112;1],5,0,[-3;5;244],7,0},{'O',[98;27;193],4,[98;27;193],4,0},{'O',[50;163;150],8,[50;163;150],8,0},{'M',[108;14;80],5,[3;7;3],2,[NaN;1;NaN],[108;5;10],4,[0;NaN;3]},{'O',[108;14;80],5,[108;14;80],5,0},{'O',[213;117;245],8,[213;117;245],8,0},{'M',[67;83;12],7,[3;7;3],2,[NaN;NaN;2],[67;83;-61],6,[0;0;NaN]},{'O',[67;83;12],7,[67;83;12],7,0}}
Adder graph: {{'A',[-3;5;-3],1,[1;1;1],0,0,[-1;1;-1],0,2},{'M',[-3;2;4],2,[1;1;1],0,[NaN;1;2],[-3;5;-3],1,[0;NaN;NaN]},{'M',[-3;2;-3],2,[1;1;1],0,[NaN;1;NaN],[-3;5;-3],1,[0;NaN;0]},{'A',[-27;-14;-20],3,[-3;2;4],2,0,[-3;-2;-3],2,3},{'M',[-24;-14;-96],4,[-3;5;-3],1,[3;NaN;5],[-27;-14;-20],3,[NaN;0;NaN]},{'A',[-49;-27;-193],5,[-24;-14;-96],4,1,[-1;1;-1],0,0},{'M',[-3;-27;-3],6,[-3;5;-3],1,[0;NaN;0],[-49;-27;-193],5,[NaN;0;NaN]},{'M',[16;-14;8],4,[1;1;1],0,[4;NaN;3],[-27;-14;-20],3,[NaN;0;NaN]},{'A',[-67;-83;-35],7,[-3;-27;-3],6,0,[-16;-14;-8],4,2},{'M',[-98;-83;-35],8,[-49;-27;-193],5,[1;NaN;NaN],[-67;-83;-35],7,[NaN;0;0]},{'M',[-24;40;-20],4,[-3;5;-3],1,[3;3;NaN],[-27;-14;-20],3,[NaN;NaN;0]},{'A',[-50;-163;-75],9,[-98;-83;-35],8,0,[24;-40;-20],4,1},{'M',[-27;-14;-35],8,[-27;-14;-20],3,[0;0;NaN],[-67;-83;-35],7,[NaN;NaN;0]},{'M',[-3;5;-35],8,[-3;5;-3],1,[0;0;NaN],[-67;-83;-35],7,[NaN;NaN;0]},{'A',[-213;-117;-245],9,[-27;-14;-35],8,3,[3;-5;35],8,0},{'M',[-98;-27;-193],6,[-49;-27;-193],5,[1;0;0]},{'O',[98;27;193],6,[98;27;193],6,0},{'M',[-50;-163;-150],10,[-50;-163;-75],9,[0;0;1]},{'O',[50;163;150],10,[50;163;150],10,0},{'M',[-108;-14;-80],4,[-27;-14;-20],3,[2;0;2]},{'O',[108;14;80],4,[108;14;80],4,0},{'O',[213;117;245],9,[213;117;245],9,0},{'M',[-67;-83;-12],8,[-3;5;-3],1,[NaN;NaN;2],[-67;-83;-35],7,[0;0;NaN]},{'O',[67;83;12],8,[67;83;12],8,0}}
Adder graph: {{'M',[1;4;1],1,[1;1;1],0,[0;2;0]},{'A',[-3;17;-3],2,[1;1;1],0,0,[-1;4;-1],1,2},{'M',[-48;1;-48],3,[1;1;1],0,[NaN;0;NaN],[-3;17;-3],2,[4;NaN;4]},{'M',[-3;4;4],3,[1;1;1],0,[NaN;2;2],[-3;17;-3],2,[0;NaN;NaN]},{'A',[-54;-7;-40],4,[-48;1;-48],3,0,[-3;-4;4],3,1},{'M',[-24;-7;-48],5,[-3;17;-3],2,[3;NaN;4],[-54;-7;-40],4,[NaN;0;NaN]},{'M',[2;1;1],1,[1;1;1],0,[1;0;0]},{'A',[-98;-27;-193],6,[-24;-7;-48],5,2,[-2;1;-1],1,0},{'M',[-3;-27;-193],7,[-3;17;-3],2,[0;NaN;NaN],[-98;-27;-193],6,[NaN;0;0]},{'M',[8;-7;8],5,[1;1;1],0,[3;NaN;3],[-54;-7;-40],4,[NaN;0;NaN]},{'A',[-67;-83;-257],8,[-3;-27;-193],7,0,[-8;-7;-8],5,3},{'M',[-216;-83;-257],9,[-54;-7;-40],4,[2;NaN;NaN],[-67;-83;-257],8,[NaN;0;0]},{'M',[-3;34;-12],3,[-3;17;-3],2,[0;1;2]},{'A',[-213;-117;-245],10,[-216;-83;-257],9,0,[3;-34;12],3,0},{'M',[-98;-27;-640],7,[-54;-7;-40],4,[NaN;NaN;4],[-98;-27;-193],6,[0;0;NaN]},{'M',[-24;68;-245],11,[-3;17;-3],2,[3;2;NaN],[-213;-117;-245],10,[NaN;NaN;0]},{'A',[-50;-163;-150],12,[-98;-27;-640],7,0,[24;-68;245],11,1},{'O',[98;27;193],6,[98;27;193],6,0},{'O',[50;163;150],12,[50;163;150],12,0},{'O',[108;14;80],4,[54;7;40],4,1},{'O',[213;117;245],10,[213;117;245],10,0},{'M',[-67;-83;-12],9,[-3;17;-3],2,[NaN;NaN;2],[-67;-83;-257],8,[0;0;NaN]},{'O',[67;83;12],9,[67;83;12],9,0}}
Adder graph: {{'M',[1;1;4],1,[1;1;1],0,[0;0;2]},{'A',[-3;5;-12],2,[1;1;4],1,0,[-1;1;-4],1,2},{'M',[-12;1;-48],3,[1;1;1],0,[NaN;0;NaN],[-3;5;-12],2,[2;NaN;2]},{'M',[-3;16;16],3,[1;1;1],0,[NaN;4;4],[-3;5;-12],2,[0;NaN;NaN]},{'A',[-27;-14;-80],4,[-12;1;-48],3,1,[-3;-16;16],3,0},{'M',[-24;-14;-96],5,[-3;5;-12],2,[3;NaN;3],[-27;-14;-80],4,[NaN;0;NaN]},{'A',[-49;-27;-193],6,[-24;-14;-96],5,1,[-1;1;-1],0,0},{'M',[-3;-27;-193],7,[-3;5;-12],2,[0;NaN;NaN],[-49;-27;-193],6,[NaN;0;0]},{'M',[16;-14;16],5,[1;1;1],0,[4;NaN;4],[-27;-14;-80],4,[NaN;0;NaN]},{'A',[-67;-83;-257],8,[-3;-27;-193],7,0,[-16;-14;-16],5,2},{'M',[-216;-112;-257],9,[-27;-14;-80],4,[3;3;NaN],[-67;-83;-257],8,[NaN;NaN;0]},{'A',[213;117;245],10,[-3;5;-12],2,0,[216;112;257],9,0},{'M',[-98;-83;-640],9,[-27;-14;-80],4,[NaN;NaN;3],[-49;-27;-193],6,[1;NaN;NaN],[-67;-83;-257],8,[NaN;0;NaN]},{'M',[-24;40;245],11,[-3;5;-12],2,[3;3;NaN],[213;117;245],10,[NaN;NaN;0]},{'A',[-50;-163;-150],12,[-98;-83;-640],9,0,[24;-40;245],11,1},{'M',[-98;-27;-193],7,[-49;-27;-193],6,[1;0;0]},{'O',[98;27;193],7,[98;27;193],7,0},{'O',[50;163;150],12,[50;163;150],12,0},{'M',[-108;-14;-80],5,[-27;-14;-80],4,[2;0;0]},{'O',[108;14;80],5,[108;14;80],5,0},{'O',[213;117;245],10,[213;117;245],10,0},{'M',[-67;-83;-12],9,[-3;5;-12],2,[NaN;NaN;0],[-67;-83;-257],8,[0;0;NaN]},{'O',[67;83;12],9,[67;83;12],9,0}}
Adder graph: {{'M',[1;1;8],1,[1;1;1],0,[0;0;3]},{'A',[3;5;12],2,[1;1;1],0,2,[-1;1;8],1,0},{'M',[3;10;24],3,[3;5;12],2,[0;1;1]},{'M',[6;1;1],3,[1;1;1],0,[NaN;0;0],[3;5;12],2,[1;NaN;NaN]},{'A',[27;14;20],4,[3;10;24],3,0,[6;1;-1],3,2},{'M',[24;14;96],5,[3;5;12],2,[3;NaN;3],[27;14;20],4,[NaN;0;NaN]},{'A',[49;27;193],6,[24;14;96],5,1,[1;-1;1],0,0},{'M',[16;14;16],5,[1;1;1],0,[4;NaN;4],[27;14;20],4,[NaN;0;NaN]},{'M',[3;27;193],7,[3;5;12],2,[0;NaN;NaN],[49;27;193],6,[NaN;0;0]},{'A',[67;83;257],8,[16;14;16],5,2,[3;27;193],7,0},{'M',[216;112;257],9,[27;14;20],4,[3;3;NaN],[67;83;257],8,[NaN;NaN;0]},{'A',[213;117;245],10,[216;112;257],9,0,[-3;5;-12],2,0},{'M',[2;83;640],9,[1;1;1],0,[1;NaN;NaN],[27;14;20],4,[NaN;NaN;5],[67;83;257],8,[NaN;0;NaN]},{'M',[24;40;245],11,[3;5;12],2,[3;3;NaN],[213;117;245],10,[NaN;NaN;0]},{'A',[50;163;150],12,[2;83;640],9,0,[24;40;-245],11,1},{'M',[98;27;193],7,[49;27;193],6,[1;0;0]},{'O',[98;27;193],7,[98;27;193],7,0},{'O',[50;163;150],12,[50;163;150],12,0},{'M',[108;14;80],5,[27;14;20],4,[2;0;2]},{'O',[108;14;80],5,[108;14;80],5,0},{'O',[213;117;245],10,[213;117;245],10,0},{'M',[67;83;12],9,[3;5;12],2,[NaN;NaN;0],[67;83;257],8,[0;0;NaN]},{'O',[67;83;12],9,[67;83;12],9,0}}
Finished solving after 6327.51 seconds
Adder graph: {{'M',[1;1;8],1,[1;1;1],0,[0;0;3]},{'A',[3;5;12],2,[1;1;1],0,2,[-1;1;8],1,0},{'M',[3;10;24],3,[3;5;12],2,[0;1;1]},{'M',[6;1;1],3,[1;1;1],0,[NaN;0;0],[3;5;12],2,[1;NaN;NaN]},{'A',[27;14;20],4,[3;10;24],3,0,[6;1;-1],3,2},{'M',[24;14;96],5,[3;5;12],2,[3;NaN;3],[27;14;20],4,[NaN;0;NaN]},{'A',[49;27;193],6,[24;14;96],5,1,[1;-1;1],0,0},{'M',[16;14;16],5,[1;1;1],0,[4;NaN;4],[27;14;20],4,[NaN;0;NaN]},{'M',[3;27;193],7,[3;5;12],2,[0;NaN;NaN],[49;27;193],6,[NaN;0;0]},{'A',[67;83;257],8,[16;14;16],5,2,[3;27;193],7,0},{'M',[216;112;257],9,[27;14;20],4,[3;3;NaN],[67;83;257],8,[NaN;NaN;0]},{'A',[213;117;245],10,[216;112;257],9,0,[-3;5;-12],2,0},{'M',[2;83;640],9,[1;1;1],0,[1;NaN;NaN],[27;14;20],4,[NaN;NaN;5],[67;83;257],8,[NaN;0;NaN]},{'M',[24;40;245],11,[3;5;12],2,[3;3;NaN],[213;117;245],10,[NaN;NaN;0]},{'A',[50;163;150],12,[2;83;640],9,0,[24;40;-245],11,1},{'M',[98;27;193],7,[49;27;193],6,[1;0;0]},{'O',[98;27;193],7,[98;27;193],7,0},{'O',[50;163;150],12,[50;163;150],12,0},{'M',[108;14;80],5,[27;14;20],4,[2;0;2]},{'O',[108;14;80],5,[108;14;80],5,0},{'O',[213;117;245],10,[213;117;245],10,0},{'M',[67;83;12],9,[3;5;12],2,[NaN;NaN;0],[67;83;257],8,[0;0;NaN]},{'O',[67;83;12],9,[67;83;12],9,0}}
# Add optimal = 1
# Mux optimal = 1
# FAs optimal = 0
