<graph>
{{'A',[8],2,[3],1,4,[-5],1,3},{'A',[168],2,[3],1,6,[-3],1,3},{'A',[108],2,[3],1,2,[3],1,5},{'A',[122],2,[5],1,1,[7],1,4},{'A',[65],2,[5],1,0,[15],1,2},{'A',[75],2,[5],1,4,[-5],1,0},{'A',[93],2,[3],1,5,[-3],1,0},{'A',[207],2,[3],1,6,[15],1,0},{'A',[233],2,[15],1,4,[-7],1,0},{'R',[14],2,[7],1,1},{'A',[3],1,[1],0,0,[1],0,1},{'A',[5],1,[1],0,0,[1],0,2},{'A',[7],1,[1],0,3,[-1],0,0},{'A',[15],1,[1],0,4,[-1],0,0}}
</graph>
<graph>
{{'R',[224],2,[7],1,5},{'A',[104],2,[3],1,3,[5],1,4},{'R',[15],2,[15],1},{'A',[23],2,[3],1,0,[5],1,2},{'A',[180],2,[3],1,6,[-3],1,2},{'A',[142],2,[7],1,4,[15],1,1},{'A',[105],2,[7],1,4,[-7],1,0},{'A',[230],2,[3],1,1,[7],1,5},{'A',[175],2,[5],1,5,[15],1,0},{'A',[2],2,[3],1,2,[-5],1,1},{'A',[3],1,[1],0,0,[1],0,1},{'A',[5],1,[1],0,0,[1],0,2},{'A',[7],1,[1],0,3,[-1],0,0},{'A',[15],1,[1],0,4,[-1],0,0}}
</graph>
<merge>
122;142
</merge>
<merge>
233;23
</merge>
<merge>
65;2
</merge>
<merge>
207;104
</merge>
<merge>
168;175
</merge>
<merge>
14;224
</merge>
<merge>
93;180
</merge>
<merge>
75;230
</merge>
<merge>
8;15
</merge>
<merge>
108;105
</merge>