Adder graph: {{'M',[2;1;8],1,[1;1;1],0,[1;0;3]},{'A',[-28;18;-112],2,[2;1;8],1,1,[-2;1;-8],1,4},{'M',[1;32;4],1,[1;1;1],0,[0;5;2]},{'M',[256;18;-112],3,[1;1;1],0,[8;NaN;NaN],[-28;18;-112],2,[NaN;0;0]},{'A',[513;68;228],4,[1;32;4],1,0,[256;18;112],3,1},{'M',[-28;272;1],5,[1;1;1],0,[NaN;NaN;0],[-28;18;-112],2,[0;NaN;NaN],[513;68;228],4,[NaN;2;NaN]},{'M',[1;4;228],5,[1;1;1],0,[0;2;NaN],[513;68;228],4,[NaN;NaN;0]},{'A',[-29;268;229],6,[-28;272;1],5,0,[-1;-4;228],5,0},{'M',[-28;2;16],3,[1;1;1],0,[NaN;1;4],[-28;18;-112],2,[0;NaN;NaN]},{'M',[513;68;458],7,[513;68;228],4,[0;0;NaN],[-29;268;229],6,[NaN;NaN;1]},{'A',[-737;84;-330],8,[-28;2;16],3,3,[-513;68;-458],7,0},{'M',[-29;268;2],7,[1;1;1],0,[NaN;NaN;1],[-29;268;229],6,[0;0;NaN]},{'M',[-928;544;1],7,[1;1;1],0,[NaN;NaN;0],[513;68;228],4,[NaN;3;NaN],[-29;268;229],6,[5;NaN;NaN]},{'A',[899;-276;3],8,[-29;268;2],7,0,[928;-544;1],7,0},{'M',[513;84;916],9,[513;68;228],4,[0;NaN;NaN],[-29;268;229],6,[NaN;NaN;2],[-737;84;-330],8,[NaN;0;NaN]},{'M',[-116;1;229],7,[1;1;1],0,[NaN;0;NaN],[-29;268;229],6,[2;NaN;0]},{'A',[397;83;687],10,[513;84;916],9,0,[-116;-1;-229],7,0},{'M',[-737;-276;-330],9,[-737;84;-330],8,[0;NaN;0],[899;-276;3],8,[NaN;0;NaN]},{'O',[737;276;330],9,[737;276;330],9,0},{'M',[899;84;48],9,[-737;84;-330],8,[NaN;0;NaN],[899;-276;3],8,[0;NaN;4]},{'O',[899;84;48],9,[899;84;48],9,0},{'O',[397;83;687],10,[397;83;687],10,0}}
Adder graph: {{'M',[1;4;32],1,[1;1;1],0,[0;2;5]},{'M',[32;1;128],1,[1;1;1],0,[5;0;7]},{'A',[-31;3;-96],2,[1;4;32],1,0,[-32;-1;-128],1,0},{'M',[-248;6;1],3,[1;1;1],0,[NaN;NaN;0],[-31;3;-96],2,[3;1;NaN]},{'M',[16;12;1],3,[1;1;1],0,[4;NaN;0],[-31;3;-96],2,[NaN;2;NaN]},{'A',[-368;-84;10],4,[-248;6;1],3,1,[16;-12;1],3,3},{'M',[1;96;160],5,[1;1;1],0,[0;NaN;NaN],[-31;3;-96],2,[NaN;5;NaN],[-368;-84;10],4,[NaN;NaN;4]},{'M',[-31;-84;10],5,[-31;3;-96],2,[0;NaN;NaN],[-368;-84;10],4,[NaN;0;0]},{'A',[-29;276;330],6,[1;96;160],5,1,[-31;84;10],5,0},{'M',[-368;-84;80],5,[-368;-84;10],4,[0;0;3]},{'M',[-29;1;1],7,[1;1;1],0,[NaN;0;0],[-29;276;330],6,[0;NaN;NaN]},{'A',[-397;-83;81],8,[-368;-84;80],5,0,[-29;1;1],7,0},{'M',[1;4;4],1,[1;1;1],0,[0;2;2]},{'A',[737;172;24],5,[1;4;4],1,0,[368;84;10],4,1},{'M',[-29;1;81],9,[1;1;1],0,[NaN;0;NaN],[-29;276;330],6,[0;NaN;NaN],[-397;-83;81],8,[NaN;NaN;0]},{'M',[-928;-83;-768],9,[-31;3;-96],2,[NaN;NaN;3],[-29;276;330],6,[5;NaN;NaN],[-397;-83;81],8,[NaN;0;NaN]},{'A',[899;84;-687],10,[-29;1;81],9,0,[928;83;-768],9,0},{'M',[737;276;330],7,[-29;276;330],6,[NaN;0;0],[737;172;24],5,[0;NaN;NaN]},{'O',[737;276;330],7,[737;276;330],7,0},{'M',[899;84;48],11,[737;172;24],5,[NaN;NaN;1],[899;84;-687],10,[0;0;NaN]},{'O',[899;84;48],11,[899;84;48],11,0},{'M',[-397;-83;-687],11,[-397;-83;81],8,[0;0;NaN],[899;84;-687],10,[NaN;NaN;0]},{'O',[397;83;687],11,[397;83;687],11,0}}
Adder graph: {{'M',[1;2;1],1,[1;1;1],0,[0;1;0]},{'M',[1;4;4],1,[1;1;1],0,[0;2;2]},{'A',[28;48;48],2,[1;2;1],1,5,[-1;-4;4],1,2},{'M',[224;48;192],3,[28;48;48],2,[3;0;2]},{'A',[225;-46;-191],4,[1;2;1],1,0,[224;-48;-192],3,0},{'M',[256;-46;8],5,[1;1;1],0,[8;NaN;3],[225;-46;-191],4,[NaN;0;NaN]},{'M',[225;-368;-191],5,[225;-46;-191],4,[0;3;0]},{'A',[737;276;-175],6,[256;-46;8],5,1,[225;368;-191],5,0},{'M',[256;276;-1528],7,[1;1;1],0,[8;NaN;NaN],[225;-46;-191],4,[NaN;NaN;3],[737;276;-175],6,[NaN;0;NaN]},{'M',[737;48;64],7,[1;1;1],0,[NaN;NaN;6],[28;48;48],2,[NaN;0;NaN],[737;276;-175],6,[0;NaN;NaN]},{'A',[3204;84;-1272],8,[256;276;-1528],7,0,[737;-48;64],7,2},{'M',[900;276;-175],7,[225;-46;-191],4,[2;NaN;NaN],[737;276;-175],6,[NaN;0;0]},{'M',[1;1024;512],1,[1;1;1],0,[0;10;9]},{'A',[899;-748;-687],8,[900;276;-175],7,0,[-1;-1024;-512],1,0},{'M',[28;-748;48],9,[28;48;48],2,[0;NaN;0],[899;-748;-687],8,[NaN;0;NaN]},{'A',[-397;-83;165],10,[28;-748;48],9,-3,[-3204;84;1272],8,-3},{'M',[737;276;330],11,[737;276;-175],6,[0;0;NaN],[-397;-83;165],10,[NaN;NaN;1]},{'O',[737;276;330],11,[737;276;330],11,0},{'M',[899;84;48],9,[28;48;48],2,[NaN;NaN;0],[3204;84;-1272],8,[NaN;0;NaN],[899;-748;-687],8,[0;NaN;NaN]},{'O',[899;84;48],9,[899;84;48],9,0},{'M',[-397;-83;-687],11,[899;-748;-687],8,[NaN;NaN;0],[-397;-83;165],10,[0;0;NaN]},{'O',[397;83;687],11,[397;83;687],11,0}}
Adder graph: {{'M',[1;16;1],1,[1;1;1],0,[0;4;0]},{'M',[1;1;2],1,[1;1;1],0,[0;0;1]},{'A',[130;-96;258],2,[1;16;1],1,1,[1;-1;2],1,7},{'M',[130;4;4],3,[1;1;1],0,[NaN;2;2],[130;-96;258],2,[0;NaN;NaN]},{'A',[162;-28;36],4,[130;4;4],3,0,[1;-1;1],0,5},{'M',[1296;-224;258],5,[130;-96;258],2,[NaN;NaN;0],[162;-28;36],4,[3;3;NaN]},{'M',[16;-28;72],5,[1;1;1],0,[4;NaN;NaN],[162;-28;36],4,[NaN;0;1]},{'A',[1312;-196;330],6,[1296;-224;258],5,0,[16;28;72],5,0},{'M',[1312;-196;258],7,[130;-96;258],2,[NaN;NaN;0],[1312;-196;330],6,[0;0;NaN]},{'A',[737;84;-111],8,[162;-28;36],4,-1,[1312;196;-258],7,-1},{'M',[737;84;1],9,[1;1;1],0,[NaN;NaN;0],[737;84;-111],8,[0;0;NaN]},{'M',[162;-192;2],5,[1;1;1],0,[NaN;NaN;1],[130;-96;258],2,[NaN;1;NaN],[162;-28;36],4,[0;NaN;NaN]},{'A',[899;276;3],10,[737;84;1],9,0,[162;192;2],5,0},{'M',[899;1;-111],11,[1;1;1],0,[NaN;0;NaN],[737;84;-111],8,[NaN;NaN;0],[899;276;3],10,[0;NaN;NaN]},{'M',[1296;84;576],9,[162;-28;36],4,[3;NaN;4],[737;84;-111],8,[NaN;0;NaN]},{'A',[-397;-83;-687],12,[899;1;-111],11,0,[-1296;-84;-576],9,0},{'M',[737;276;330],11,[1312;-196;330],6,[NaN;NaN;0],[737;84;-111],8,[0;NaN;NaN],[899;276;3],10,[NaN;0;NaN]},{'O',[737;276;330],11,[737;276;330],11,0},{'M',[899;84;48],11,[737;84;-111],8,[NaN;0;NaN],[899;276;3],10,[0;NaN;4]},{'O',[899;84;48],11,[899;84;48],11,0},{'O',[397;83;687],12,[397;83;687],12,0}}
Adder graph: {{'M',[4;2;1],1,[1;1;1],0,[2;1;0]},{'M',[64;32;1],1,[1;1;1],0,[6;5;0]},{'A',[160;80;10],2,[4;2;1],1,3,[64;32;1],1,1},{'M',[640;80;80],3,[160;80;10],2,[2;0;3]},{'A',[1312;192;192],4,[640;80;80],3,1,[1;1;1],0,5},{'M',[1;2;256],1,[1;1;1],0,[0;1;8]},{'A',[162;84;522],3,[1;2;256],1,1,[160;80;10],2,0},{'A',[737;138;165],5,[162;84;522],3,-1,[1312;192;-192],4,-1},{'M',[737;2;2],6,[1;1;1],0,[NaN;1;1],[737;138;165],5,[0;NaN;NaN]},{'M',[162;1;1],4,[1;1;1],0,[NaN;0;0],[162;84;522],3,[0;NaN;NaN]},{'A',[899;1;3],7,[737;2;2],6,0,[162;-1;1],4,0},{'M',[1296;84;165],6,[162;84;522],3,[3;0;NaN],[737;138;165],5,[NaN;NaN;0]},{'M',[899;1;522],8,[162;84;522],3,[NaN;NaN;0],[899;1;3],7,[0;0;NaN]},{'A',[397;83;687],9,[1296;84;165],6,0,[-899;-1;522],8,0},{'M',[737;276;330],6,[737;138;165],5,[0;1;1]},{'O',[737;276;330],6,[737;276;330],6,0},{'M',[899;84;48],8,[162;84;522],3,[NaN;0;NaN],[899;1;3],7,[0;NaN;4]},{'O',[899;84;48],8,[899;84;48],8,0},{'O',[397;83;687],9,[397;83;687],9,0}}
Adder graph: {{'M',[1;8;1],1,[1;1;1],0,[0;3;0]},{'A',[3;31;5],2,[1;8;1],1,2,[-1;-1;1],0,0},{'M',[3;16;512],3,[1;1;1],0,[NaN;4;9],[3;31;5],2,[0;NaN;NaN]},{'M',[16;31;5],3,[1;1;1],0,[4;NaN;NaN],[3;31;5],2,[NaN;0;0]},{'A',[-29;78;522],4,[3;16;512],3,0,[-16;31;5],3,1},{'M',[24;4;5],3,[1;1;1],0,[NaN;2;NaN],[3;31;5],2,[3;NaN;0]},{'M',[1;1;160],3,[1;1;1],0,[0;0;NaN],[3;31;5],2,[NaN;NaN;5]},{'A',[23;5;165],4,[24;4;5],3,0,[-1;1;160],3,0},{'M',[1;10;1],5,[1;1;1],0,[0;NaN;0],[23;5;165],4,[NaN;1;NaN]},{'M',[23;4;4],5,[1;1;1],0,[NaN;2;2],[23;5;165],4,[0;NaN;NaN]},{'A',[737;138;129],6,[1;10;1],5,0,[23;4;4],5,5},{'M',[-29;64;64],5,[1;1;1],0,[NaN;6;6],[-29;78;522],4,[0;NaN;NaN]},{'M',[-232;5;4],5,[1;1;1],0,[NaN;NaN;2],[-29;78;522],4,[3;NaN;NaN],[23;5;165],4,[NaN;0;NaN]},{'A',[899;84;48],6,[-29;64;64],5,0,[232;5;-4],5,2},{'M',[368;5;165],5,[23;5;165],4,[4;0;0]},{'A',[397;83;687],6,[368;5;165],5,0,[29;78;522],4,0},{'M',[737;276;330],7,[23;5;165],4,[NaN;NaN;1],[737;138;129],6,[0;1;NaN]},{'O',[737;276;330],7,[737;276;330],7,0},{'O',[899;84;48],6,[899;84;48],6,0},{'O',[397;83;687],6,[397;83;687],6,0}}
Adder graph: {{'M',[2;2;1],1,[1;1;1],0,[1;1;0]},{'A',[18;-14;-6],2,[1;1;1],0,1,[2;-2;-1],1,3},{'M',[512;-14;-6],3,[1;1;1],0,[9;NaN;NaN],[18;-14;-6],2,[NaN;0;0]},{'A',[368;98;-54],4,[512;-14;-6],3,0,[-18;14;-6],2,3},{'M',[1;-112;256],3,[1;1;1],0,[0;NaN;8],[18;-14;-6],2,[NaN;3;NaN]},{'M',[368;98;-216],5,[368;98;-54],4,[0;0;2]},{'A',[737;84;688],6,[1;-112;256],3,0,[368;98;216],5,1},{'M',[737;1;1],7,[1;1;1],0,[NaN;0;0],[737;84;688],6,[0;NaN;NaN]},{'M',[18;84;688],7,[18;-14;-6],2,[0;NaN;NaN],[737;84;688],6,[NaN;0;0]},{'A',[755;-83;-687],8,[737;1;1],7,0,[18;-84;-688],7,0},{'M',[755;-83;-96],9,[18;-14;-6],2,[NaN;NaN;4],[755;-83;-687],8,[0;0;NaN]},{'A',[899;-29;48],10,[18;-14;-6],2,3,[755;83;96],9,0},{'M',[755;392;-54],9,[368;98;-54],4,[NaN;2;0],[755;-83;-687],8,[0;NaN;NaN]},{'M',[288;-29;-96],11,[18;-14;-6],2,[4;NaN;4],[899;-29;48],10,[NaN;0;NaN]},{'A',[-397;276;330],12,[755;392;-54],9,0,[-288;-29;96],11,2},{'M',[737;276;330],13,[737;84;688],6,[0;NaN;NaN],[-397;276;330],12,[NaN;0;0]},{'O',[737;276;330],13,[737;276;330],13,0},{'M',[899;84;48],11,[737;84;688],6,[NaN;0;NaN],[899;-29;48],10,[0;NaN;0]},{'O',[899;84;48],11,[899;84;48],11,0},{'M',[-397;-83;-687],13,[755;-83;-687],8,[NaN;0;0],[-397;276;330],12,[0;NaN;NaN]},{'O',[397;83;687],13,[397;83;687],13,0}}
Adder graph: {{'A',[15;17;17],1,[1;1;1],0,4,[-1;1;1],0,0},{'M',[16;1;1],1,[1;1;1],0,[4;0;0]},{'A',[92;66;66],2,[15;17;17],1,2,[16;-1;-1],1,1},{'M',[30;16;1],2,[1;1;1],0,[NaN;4;0],[15;17;17],1,[1;NaN;NaN]},{'M',[1;4;4],1,[1;1;1],0,[0;2;2]},{'A',[29;12;-3],3,[30;16;1],2,0,[-1;-4;-4],1,0},{'M',[116;12;-3],4,[29;12;-3],3,[2;0;0]},{'A',[-899;-84;-27],5,[29;12;-3],3,0,[-116;-12;-3],4,3},{'M',[29;12;66],4,[92;66;66],2,[NaN;NaN;0],[29;12;-3],3,[0;0;NaN]},{'A',[397;276;330],5,[29;12;66],4,0,[92;66;66],2,2},{'M',[1;66;660],6,[1;1;1],0,[0;NaN;NaN],[92;66;66],2,[NaN;0;NaN],[397;276;330],5,[NaN;NaN;1]},{'M',[736;17;-27],6,[15;17;17],1,[NaN;0;NaN],[92;66;66],2,[3;NaN;NaN],[-899;-84;-27],5,[NaN;NaN;0]},{'A',[737;83;687],7,[1;66;660],6,0,[736;17;27],6,0},{'M',[737;276;330],8,[397;276;330],5,[NaN;0;0],[737;83;687],7,[0;NaN;NaN]},{'O',[737;276;330],8,[737;276;330],8,0},{'M',[-899;-84;-48],6,[29;12;-3],3,[NaN;NaN;4],[-899;-84;-27],5,[0;0;NaN]},{'O',[899;84;48],6,[899;84;48],6,0},{'M',[397;83;687],8,[397;276;330],5,[0;NaN;NaN],[737;83;687],7,[NaN;0;0]},{'O',[397;83;687],8,[397;83;687],8,0}}
Adder graph: {{'M',[16;1;16],1,[1;1;1],0,[4;0;4]},{'A',[20;5;12],2,[16;1;16],1,0,[1;1;-1],0,2},{'M',[640;2;1],3,[1;1;1],0,[NaN;1;0],[20;5;12],2,[5;NaN;NaN]},{'M',[1;2;2],1,[1;1;1],0,[0;1;1]},{'A',[1312;-60;66],4,[640;2;1],3,1,[1;-2;2],1,5},{'M',[1;1;192],3,[1;1;1],0,[0;0;NaN],[20;5;12],2,[NaN;NaN;4]},{'A',[162;42;480],4,[1;1;192],3,1,[20;5;12],2,3},{'A',[737;-51;-207],5,[1312;-60;66],4,-1,[162;-42;-480],4,-1},{'M',[162;32;480],5,[1;1;1],0,[NaN;5;NaN],[162;42;480],4,[0;NaN;0]},{'A',[899;-83;-687],6,[737;-51;-207],5,0,[162;-32;-480],5,0},{'M',[899;-60;66],7,[1312;-60;66],4,[NaN;0;0],[899;-83;-687],6,[0;NaN;NaN]},{'M',[324;84;66],5,[1312;-60;66],4,[NaN;NaN;0],[162;42;480],4,[1;1;NaN]},{'A',[-397;276;330],8,[899;-60;66],7,0,[-324;84;66],5,2},{'M',[737;276;330],9,[737;-51;-207],5,[0;NaN;NaN],[-397;276;330],8,[NaN;0;0]},{'O',[737;276;330],9,[737;276;330],9,0},{'M',[899;84;48],7,[20;5;12],2,[NaN;NaN;2],[162;42;480],4,[NaN;1;NaN],[899;-83;-687],6,[0;NaN;NaN]},{'O',[899;84;48],7,[899;84;48],7,0},{'M',[-397;-83;-687],9,[899;-83;-687],6,[NaN;0;0],[-397;276;330],8,[0;NaN;NaN]},{'O',[397;83;687],9,[397;83;687],9,0}}
Adder graph: {{'M',[2;1;1],1,[1;1;1],0,[1;0;0]},{'A',[7;5;5],2,[2;1;1],1,2,[-1;1;1],0,0},{'M',[7;1;128],3,[1;1;1],0,[NaN;0;7],[7;5;5],2,[0;NaN;NaN]},{'A',[29;3;511],4,[7;1;128],3,2,[1;-1;-1],0,0},{'A',[46;22;22],3,[1;1;1],0,5,[7;-5;-5],2,1},{'M',[29;128;128],5,[1;1;1],0,[NaN;7;7],[29;3;511],4,[0;NaN;NaN]},{'M',[464;5;88],5,[7;5;5],2,[NaN;0;NaN],[29;3;511],4,[4;NaN;NaN],[46;22;22],3,[NaN;NaN;2]},{'A',[-899;138;-48],6,[29;128;128],5,0,[-464;5;-88],5,1},{'M',[736;1;352],4,[1;1;1],0,[NaN;0;NaN],[46;22;22],3,[4;NaN;4]},{'M',[1;22;22],4,[1;1;1],0,[0;NaN;NaN],[46;22;22],3,[NaN;0;0]},{'A',[737;-21;330],5,[736;1;352],4,0,[1;-22;-22],4,0},{'M',[46;10;22],4,[7;5;5],2,[NaN;1;NaN],[46;22;22],3,[0;NaN;0]},{'A',[397;83;687],5,[46;10;22],4,3,[29;3;511],4,0},{'M',[737;276;330],7,[-899;138;-48],6,[NaN;1;NaN],[737;-21;330],5,[0;NaN;0]},{'O',[737;276;330],7,[737;276;330],7,0},{'M',[-899;-84;-48],7,[-899;138;-48],6,[0;NaN;0],[737;-21;330],5,[NaN;2;NaN]},{'O',[899;84;48],7,[899;84;48],7,0},{'O',[397;83;687],5,[397;83;687],5,0}}
Adder graph: {{'A',[3;-1;3],1,[1;1;1],0,0,[1;-1;1],0,1},{'M',[16;1;1],1,[1;1;1],0,[4;0;0]},{'A',[29;3;5],2,[16;1;1],1,1,[-3;1;3],1,0},{'M',[116;12;3],3,[3;-1;3],1,[NaN;NaN;0],[29;3;5],2,[2;2;NaN]},{'A',[-92;-20;27],4,[3;-1;3],1,3,[-116;-12;3],3,0},{'M',[29;12;5],3,[29;3;5],2,[0;2;0]},{'A',[899;84;165],4,[29;3;5],2,5,[-29;-12;5],3,0},{'M',[1;192;320],3,[1;1;1],0,[0;NaN;NaN],[29;3;5],2,[NaN;6;6]},{'M',[-736;84;165],5,[-92;-20;27],4,[3;NaN;NaN],[899;84;165],4,[NaN;0;0]},{'A',[737;276;485],6,[1;192;320],3,0,[736;84;165],5,0},{'M',[29;3;660],5,[29;3;5],2,[0;0;NaN],[899;84;165],4,[NaN;NaN;2]},{'M',[-368;-80;27],5,[-92;-20;27],4,[2;2;0]},{'A',[397;83;687],6,[29;3;660],5,0,[368;80;27],5,0},{'M',[737;276;330],7,[899;84;165],4,[NaN;NaN;1],[737;276;485],6,[0;0;NaN]},{'O',[737;276;330],7,[737;276;330],7,0},{'M',[899;84;48],5,[3;-1;3],1,[NaN;NaN;4],[899;84;165],4,[0;0;NaN]},{'O',[899;84;48],5,[899;84;48],5,0},{'O',[397;83;687],6,[397;83;687],6,0}}
Adder graph: {{'M',[4;1;1],1,[1;1;1],0,[2;0;0]},{'A',[-15;5;-3],2,[1;1;1],0,0,[-4;1;-1],1,2},{'M',[4;4;-3],3,[1;1;1],0,[2;2;NaN],[-15;5;-3],2,[NaN;NaN;0]},{'A',[94;74;-54],4,[4;4;-3],3,4,[15;5;-3],2,1},{'M',[256;5;-3],3,[1;1;1],0,[8;NaN;NaN],[-15;5;-3],2,[NaN;0;0]},{'A',[-162;69;-51],5,[94;74;-54],4,0,[-256;-5;3],3,0},{'M',[-15;5;-102],6,[-15;5;-3],2,[0;0;NaN],[-162;69;-51],5,[NaN;NaN;1]},{'M',[376;74;-216],5,[94;74;-54],4,[2;0;2]},{'A',[737;153;330],7,[-15;5;-102],6,0,[376;74;216],5,1},{'A',[-899;-84;279],8,[-162;69;-51],5,0,[-737;-153;330],7,0},{'M',[-1296;1;-408],6,[1;1;1],0,[NaN;0;NaN],[-162;69;-51],5,[3;NaN;3]},{'A',[-397;-83;-687],9,[-1296;1;-408],6,0,[899;-84;-279],8,0},{'M',[737;276;330],8,[-162;69;-51],5,[NaN;2;NaN],[737;153;330],7,[0;NaN;0]},{'O',[737;276;330],8,[737;276;330],8,0},{'M',[-899;-84;-48],9,[-15;5;-3],2,[NaN;NaN;4],[-899;-84;279],8,[0;0;NaN]},{'O',[899;84;48],9,[899;84;48],9,0},{'O',[397;83;687],9,[397;83;687],9,0}}
Adder graph: {{'M',[1;2;2],1,[1;1;1],0,[0;1;1]},{'A',[15;33;31],2,[1;2;2],1,4,[-1;1;-1],0,0},{'A',[-29;67;63],3,[1;1;1],0,0,[-15;33;31],2,1},{'A',[23;25;39],3,[15;33;31],2,0,[1;-1;1],0,3},{'M',[-928;25;39],4,[-29;67;63],3,[5;NaN;NaN],[23;25;39],3,[NaN;0;0]},{'A',[899;42;24],5,[-29;67;63],3,0,[928;-25;-39],4,0},{'M',[23;1;39],4,[1;1;1],0,[NaN;0;NaN],[23;25;39],3,[0;NaN;0]},{'A',[397;83;687],5,[23;1;39],4,4,[29;67;63],3,0},{'M',[1;268;252],4,[1;1;1],0,[0;NaN;NaN],[-29;67;63],3,[NaN;2;2]},{'M',[368;4;39],4,[1;1;1],0,[NaN;2;NaN],[23;25;39],3,[4;NaN;0]},{'A',[737;276;330],5,[1;268;252],4,0,[368;4;39],4,1},{'O',[737;276;330],5,[737;276;330],5,0},{'M',[899;84;48],6,[899;42;24],5,[0;1;1]},{'O',[899;84;48],6,[899;84;48],6,0},{'O',[397;83;687],5,[397;83;687],5,0}}
Adder graph: {{'A',[5;3;3],1,[1;1;1],0,2,[1;-1;-1],0,0},{'M',[1;6;6],2,[1;1;1],0,[0;NaN;NaN],[5;3;3],1,[NaN;1;1]},{'A',[81;42;54],3,[5;3;3],1,4,[1;-6;6],2,0},{'M',[5;3;1],2,[1;1;1],0,[NaN;NaN;0],[5;3;3],1,[0;0;NaN]},{'A',[-251;-253;-255],3,[5;3;1],2,0,[-1;-1;-1],0,8},{'M',[-251;24;6],4,[5;3;3],1,[NaN;3;1],[-251;-253;-255],3,[0;NaN;NaN]},{'A',[899;360;438],5,[81;42;54],3,3,[251;24;6],4,0},{'A',[737;276;330],6,[899;360;438],5,0,[-81;-42;-54],3,1},{'A',[397;83;687],4,[81;42;54],3,3,[-251;-253;255],3,0},{'O',[737;276;330],6,[737;276;330],6,0},{'M',[899;84;48],6,[5;3;3],1,[NaN;NaN;4],[81;42;54],3,[NaN;1;NaN],[899;360;438],5,[0;NaN;NaN]},{'O',[899;84;48],6,[899;84;48],6,0},{'O',[397;83;687],4,[397;83;687],4,0}}
Finished solving after 7212 seconds
Adder graph: {{'A',[5;3;3],1,[1;1;1],0,2,[1;-1;-1],0,0},{'M',[1;6;6],2,[1;1;1],0,[0;NaN;NaN],[5;3;3],1,[NaN;1;1]},{'A',[81;42;54],3,[5;3;3],1,4,[1;-6;6],2,0},{'M',[5;3;1],2,[1;1;1],0,[NaN;NaN;0],[5;3;3],1,[0;0;NaN]},{'A',[-251;-253;-255],3,[5;3;1],2,0,[-1;-1;-1],0,8},{'M',[-251;24;6],4,[5;3;3],1,[NaN;3;1],[-251;-253;-255],3,[0;NaN;NaN]},{'A',[899;360;438],5,[81;42;54],3,3,[251;24;6],4,0},{'A',[737;276;330],6,[899;360;438],5,0,[-81;-42;-54],3,1},{'A',[397;83;687],4,[81;42;54],3,3,[-251;-253;255],3,0},{'O',[737;276;330],6,[737;276;330],6,0},{'M',[899;84;48],6,[5;3;3],1,[NaN;NaN;4],[81;42;54],3,[NaN;1;NaN],[899;360;438],5,[0;NaN;NaN]},{'O',[899;84;48],6,[899;84;48],6,0},{'O',[397;83;687],4,[397;83;687],4,0}}
# Add optimal = 1
# Mux optimal = 0
# FAs optimal = 0
