Adder graph: {{'M',[1;8;8],1,[1;1;1],0,[0;3;3]},{'M',[1;64;128],1,[1;1;1],0,[0;6;7]},{'A',[10;192;320],2,[1;8;8],1,3,[1;64;128],1,1},{'M',[40;4;1],3,[1;1;1],0,[NaN;2;0],[10;192;320],2,[2;NaN;NaN]},{'M',[1;192;16],3,[1;1;1],0,[0;NaN;4],[10;192;320],2,[NaN;0;NaN]},{'A',[39;196;17],4,[40;4;1],3,0,[-1;192;16],3,0},{'M',[4;32;320],3,[1;1;1],0,[2;5;NaN],[10;192;320],2,[NaN;NaN;0]},{'M',[624;196;512],5,[1;1;1],0,[NaN;NaN;9],[39;196;17],4,[4;0;NaN]},{'A',[628;228;832],6,[4;32;320],3,0,[624;196;512],5,0},{'M',[160;1;832],7,[1;1;1],0,[NaN;0;NaN],[10;192;320],2,[4;NaN;NaN],[628;228;832],6,[NaN;NaN;0]},{'M',[78;228;8],7,[1;1;1],0,[NaN;NaN;3],[39;196;17],4,[1;NaN;NaN],[628;228;832],6,[NaN;0;NaN]},{'A',[238;229;840],8,[160;1;832],7,0,[78;228;8],7,0},{'M',[512;192;840],9,[1;1;1],0,[9;NaN;NaN],[10;192;320],2,[NaN;0;NaN],[238;229;840],8,[NaN;NaN;0]},{'M',[238;229;17],9,[39;196;17],4,[NaN;NaN;0],[238;229;840],8,[0;0;NaN]},{'A',[750;421;823],10,[512;192;840],9,0,[238;229;-17],9,0},{'M',[320;229;2],9,[1;1;1],0,[NaN;NaN;1],[10;192;320],2,[5;NaN;NaN],[238;229;840],8,[NaN;0;NaN]},{'M',[238;392;320],9,[10;192;320],2,[NaN;NaN;0],[39;196;17],4,[NaN;1;NaN],[238;229;840],8,[0;NaN;NaN]},{'A',[558;621;322],10,[320;229;2],9,0,[238;392;320],9,0},{'M',[750;621;840],11,[238;229;840],8,[NaN;NaN;0],[750;421;823],10,[0;NaN;NaN],[558;621;322],10,[NaN;0;NaN]},{'O',[750;621;840],11,[750;621;840],11,0},{'M',[628;421;322],11,[628;228;832],6,[0;NaN;NaN],[750;421;823],10,[NaN;0;NaN],[558;621;322],10,[NaN;NaN;0]},{'O',[628;421;322],11,[628;421;322],11,0},{'M',[558;456;823],11,[628;228;832],6,[NaN;1;NaN],[750;421;823],10,[NaN;NaN;0],[558;621;322],10,[0;NaN;NaN]},{'O',[558;456;823],11,[558;456;823],11,0}}
Adder graph: {{'M',[1;2;16],1,[1;1;1],0,[0;1;4]},{'M',[8;8;1],1,[1;1;1],0,[3;3;0]},{'A',[-6;12;33],2,[1;2;16],1,1,[-8;8;1],1,0},{'M',[-12;1;128],3,[1;1;1],0,[NaN;0;7],[-6;12;33],2,[1;NaN;NaN]},{'M',[2;192;33],3,[1;1;1],0,[1;NaN;NaN],[-6;12;33],2,[NaN;4;0]},{'A',[-20;386;322],4,[-12;1;128],3,1,[2;192;33],3,1},{'M',[-96;12;33],3,[-6;12;33],2,[4;0;0]},{'M',[16;8;322],5,[1;1;1],0,[4;3;NaN],[-20;386;322],4,[NaN;NaN;0]},{'A',[-1520;200;206],6,[-96;12;33],3,4,[16;8;-322],5,0},{'M',[-6;256;824],7,[1;1;1],0,[NaN;8;NaN],[-6;12;33],2,[0;NaN;NaN],[-1520;200;206],6,[NaN;NaN;2]},{'M',[-320;200;1],7,[1;1;1],0,[NaN;NaN;0],[-20;386;322],4,[4;NaN;NaN],[-1520;200;206],6,[NaN;0;NaN]},{'A',[314;456;823],8,[-6;256;824],7,0,[320;200;-1],7,0},{'M',[-20;456;1],9,[1;1;1],0,[NaN;NaN;0],[-20;386;322],4,[0;NaN;NaN],[314;456;823],8,[NaN;0;NaN]},{'M',[-1520;386;1],7,[1;1;1],0,[NaN;NaN;0],[-20;386;322],4,[NaN;0;NaN],[-1520;200;206],6,[0;NaN;NaN]},{'A',[750;421;1],10,[-20;456;1],9,-1,[1520;386;1],7,-1},{'M',[750;421;412],11,[-1520;200;206],6,[NaN;NaN;1],[750;421;1],10,[0;0;NaN]},{'M',[-192;200;8],7,[1;1;1],0,[NaN;NaN;3],[-6;12;33],2,[5;NaN;NaN],[-1520;200;206],6,[NaN;0;NaN]},{'A',[558;621;420],12,[750;421;412],11,0,[-192;200;8],7,0},{'M',[750;621;840],13,[750;421;1],10,[0;NaN;NaN],[558;621;420],12,[NaN;0;1]},{'O',[750;621;840],13,[750;621;840],13,0},{'M',[628;421;322],11,[-20;386;322],4,[NaN;NaN;0],[314;456;823],8,[1;NaN;NaN],[750;421;1],10,[NaN;0;NaN]},{'O',[628;421;322],11,[628;421;322],11,0},{'M',[558;456;823],13,[314;456;823],8,[NaN;0;0],[558;621;420],12,[0;NaN;NaN]},{'O',[558;456;823],13,[558;456;823],13,0}}
Adder graph: {{'M',[2;1;2],1,[1;1;1],0,[1;0;1]},{'M',[1;16;16],1,[1;1;1],0,[0;4;4]},{'A',[3;-14;20],2,[2;1;2],1,1,[-1;-16;16],1,0},{'M',[1;-112;160],3,[1;1;1],0,[0;NaN;NaN],[3;-14;20],2,[NaN;3;3]},{'M',[2;2;1],1,[1;1;1],0,[1;1;0]},{'A',[-1;-114;161],4,[1;-112;160],3,0,[-2;-2;1],1,0},{'M',[6;1;40],3,[1;1;1],0,[NaN;0;NaN],[3;-14;20],2,[1;NaN;1]},{'M',[-64;64;161],5,[1;1;1],0,[NaN;6;NaN],[-1;-114;161],4,[6;NaN;0]},{'A',[70;-63;-121],6,[6;1;40],3,0,[64;-64;-161],5,0},{'M',[384;-63;161],7,[3;-14;20],2,[7;NaN;NaN],[-1;-114;161],4,[NaN;NaN;0],[70;-63;-121],6,[NaN;0;NaN]},{'M',[70;-228;16],7,[1;1;1],0,[NaN;NaN;4],[-1;-114;161],4,[NaN;1;NaN],[70;-63;-121],6,[0;NaN;NaN]},{'A',[314;165;145],8,[384;-63;161],7,0,[-70;228;-16],7,0},{'M',[2;165;160],9,[1;1;1],0,[1;NaN;NaN],[3;-14;20],2,[NaN;NaN;3],[314;165;145],8,[NaN;0;NaN]},{'M',[140;64;145],9,[1;1;1],0,[NaN;6;NaN],[70;-63;-121],6,[1;NaN;NaN],[314;165;145],8,[NaN;NaN;0]},{'A',[-558;421;-420],10,[2;165;160],9,0,[-140;64;-145],9,2},{'M',[-558;-456;-968],11,[-1;-114;161],4,[NaN;2;NaN],[70;-63;-121],6,[NaN;NaN;3],[-558;421;-420],10,[0;NaN;NaN]},{'M',[192;165;145],9,[3;-14;20],2,[6;NaN;NaN],[314;165;145],8,[NaN;0;0]},{'A',[-750;-621;-823],12,[-558;-456;-968],11,0,[-192;-165;145],9,0},{'M',[-750;-621;-840],13,[-558;421;-420],10,[NaN;NaN;1],[-750;-621;-823],12,[0;0;NaN]},{'O',[750;621;840],13,[750;621;840],13,0},{'M',[628;421;322],11,[-1;-114;161],4,[NaN;NaN;1],[314;165;145],8,[1;NaN;NaN],[-558;421;-420],10,[NaN;0;NaN]},{'O',[628;421;322],11,[628;421;322],11,0},{'M',[-558;-456;-823],13,[-1;-114;161],4,[NaN;2;NaN],[-558;421;-420],10,[0;NaN;NaN],[-750;-621;-823],12,[NaN;NaN;0]},{'O',[558;456;823],13,[558;456;823],13,0}}
Adder graph: {{'M',[1;8;64],1,[1;1;1],0,[0;3;6]},{'M',[32;1;8],1,[1;1;1],0,[5;0;3]},{'A',[-31;7;56],2,[1;8;64],1,0,[-32;-1;-8],1,0},{'M',[-31;7;64],3,[1;1;1],0,[NaN;NaN;6],[-31;7;56],2,[0;0;NaN]},{'M',[1;28;1],3,[1;1;1],0,[0;NaN;0],[-31;7;56],2,[NaN;2;NaN]},{'A',[-29;-49;66],4,[-31;7;64],3,0,[1;-28;1],3,1},{'M',[1;56;2112],5,[1;1;1],0,[0;NaN;NaN],[-31;7;56],2,[NaN;3;NaN],[-29;-49;66],4,[NaN;NaN;5]},{'M',[-124;1;1],3,[1;1;1],0,[NaN;0;0],[-31;7;56],2,[2;NaN;NaN]},{'A',[125;57;2111],6,[1;56;2112],5,0,[124;1;-1],3,0},{'M',[125;128;128],7,[1;1;1],0,[NaN;7;7],[125;57;2111],6,[0;NaN;NaN]},{'A',[279;207;322],8,[125;128;128],7,1,[29;-49;66],4,0},{'M',[250;207;224],9,[-31;7;56],2,[NaN;NaN;2],[125;57;2111],6,[1;NaN;NaN],[279;207;322],8,[NaN;0;NaN]},{'M',[500;414;322],9,[125;57;2111],6,[2;NaN;NaN],[279;207;322],8,[NaN;1;0]},{'A',[-750;-621;-420],10,[250;207;224],9,0,[-500;-414;-322],9,1},{'M',[125;7;2111],7,[-31;7;56],2,[NaN;0;NaN],[125;57;2111],6,[0;NaN;0]},{'M',[16;207;644],9,[1;1;1],0,[4;NaN;NaN],[279;207;322],8,[NaN;0;1]},{'A',[157;421;823],10,[125;7;2111],7,0,[16;207;-644],9,1},{'M',[-750;-621;-840],11,[-750;-621;-420],10,[0;0;1]},{'O',[750;621;840],11,[750;621;840],11,0},{'M',[628;421;322],11,[279;207;322],8,[NaN;NaN;0],[157;421;823],10,[2;0;NaN]},{'O',[628;421;322],11,[628;421;322],11,0},{'M',[558;456;823],11,[125;57;2111],6,[NaN;3;NaN],[279;207;322],8,[1;NaN;NaN],[157;421;823],10,[NaN;NaN;0]},{'O',[558;456;823],11,[558;456;823],11,0}}
Adder graph: {{'M',[4;1;16],1,[1;1;1],0,[2;0;4]},{'M',[1;4;1],1,[1;1;1],0,[0;2;0]},{'A',[3;-3;17],2,[4;1;16],1,0,[-1;-4;1],1,0},{'M',[6;8;1],3,[1;1;1],0,[NaN;3;0],[3;-3;17],2,[1;NaN;NaN]},{'M',[96;-96;17],3,[3;-3;17],2,[5;5;0]},{'A',[-186;200;-33],4,[6;8;1],3,0,[-96;96;-17],3,1},{'M',[3;400;4],5,[1;1;1],0,[NaN;NaN;2],[3;-3;17],2,[0;NaN;NaN],[-186;200;-33],4,[NaN;1;NaN]},{'M',[-372;-3;17],5,[3;-3;17],2,[NaN;0;0],[-186;200;-33],4,[1;NaN;NaN]},{'A',[375;397;21],6,[3;400;4],5,0,[372;-3;17],5,0},{'M',[-372;200;-66],5,[-186;200;-33],4,[1;0;1]},{'A',[-628;456;-322],6,[-372;200;-66],5,0,[-1;1;-1],0,8},{'M',[64;-6;21],7,[1;1;1],0,[6;NaN;NaN],[3;-3;17],2,[NaN;1;NaN],[375;397;21],6,[NaN;NaN;0]},{'M',[-628;397;21],7,[375;397;21],6,[NaN;0;0],[-628;456;-322],6,[0;NaN;NaN]},{'A',[-372;-421;105],8,[64;-6;21],7,2,[-628;-397;21],7,0},{'M',[-186;200;840],9,[-186;200;-33],4,[0;0;NaN],[-372;-421;105],8,[NaN;NaN;3]},{'M',[-744;-421;17],9,[3;-3;17],2,[NaN;NaN;0],[-372;-421;105],8,[1;0;NaN]},{'A',[558;621;823],10,[-186;200;840],9,0,[744;421;-17],9,0},{'M',[750;621;840],11,[375;397;21],6,[1;NaN;NaN],[-372;-421;105],8,[NaN;NaN;3],[558;621;823],10,[NaN;0;NaN]},{'O',[750;621;840],11,[750;621;840],11,0},{'M',[-628;-421;-322],9,[-628;456;-322],6,[0;NaN;0],[-372;-421;105],8,[NaN;0;NaN]},{'O',[628;421;322],9,[628;421;322],9,0},{'M',[558;456;823],11,[-628;456;-322],6,[NaN;0;NaN],[558;621;823],10,[0;NaN;0]},{'O',[558;456;823],11,[558;456;823],11,0}}
Adder graph: {{'A',[9;7;9],1,[1;1;1],0,3,[1;-1;1],0,0},{'M',[9;2;9],2,[1;1;1],0,[NaN;1;NaN],[9;7;9],1,[0;NaN;0]},{'M',[64;7;64],2,[1;1;1],0,[6;NaN;6],[9;7;9],1,[NaN;0;NaN]},{'A',[80;25;208],3,[9;2;9],2,4,[-64;-7;64],2,0},{'M',[4;4;208],4,[1;1;1],0,[2;2;NaN],[80;25;208],3,[NaN;NaN;0]},{'M',[1;200;256],4,[1;1;1],0,[0;NaN;8],[80;25;208],3,[NaN;3;NaN]},{'A',[6;-396;-304],5,[4;4;208],4,0,[1;-200;-256],4,1},{'M',[320;25;18],4,[9;7;9],1,[NaN;NaN;1],[80;25;208],3,[2;0;NaN]},{'A',[-314;-421;-322],6,[6;-396;-304],5,0,[-320;-25;-18],4,0},{'M',[72;56;208],4,[9;7;9],1,[3;3;NaN],[80;25;208],3,[NaN;NaN;0]},{'M',[9;4;9],2,[1;1;1],0,[NaN;2;NaN],[9;7;9],1,[0;NaN;0]},{'A',[279;228;823],5,[72;56;208],4,2,[-9;4;-9],2,0},{'M',[384;100;1],6,[1;1;1],0,[NaN;NaN;0],[80;25;208],3,[NaN;2;NaN],[6;-396;-304],5,[6;NaN;NaN]},{'M',[18;-421;208],7,[9;7;9],1,[1;NaN;NaN],[80;25;208],3,[NaN;NaN;0],[-314;-421;-322],6,[NaN;0;NaN]},{'A',[750;621;210],8,[384;100;1],6,1,[-18;421;208],7,0},{'M',[750;621;840],9,[750;621;210],8,[0;0;2]},{'O',[750;621;840],9,[750;621;840],9,0},{'M',[-628;-421;-322],7,[-314;-421;-322],6,[1;0;0]},{'O',[628;421;322],7,[628;421;322],7,0},{'M',[558;456;823],6,[279;228;823],5,[1;1;0]},{'O',[558;456;823],6,[558;456;823],6,0}}
Adder graph: {{'M',[4;1;1],1,[1;1;1],0,[2;0;0]},{'A',[31;7;7],2,[4;1;1],1,3,[-1;-1;-1],0,0},{'M',[31;32;7],3,[1;1;1],0,[NaN;5;NaN],[31;7;7],2,[0;NaN;0]},{'M',[31;7;56],3,[31;7;7],2,[0;0;3]},{'A',[124;228;280],4,[31;32;7],3,3,[-31;-7;56],3,2},{'M',[496;7;7],5,[31;7;7],2,[NaN;0;0],[124;228;280],4,[2;NaN;NaN]},{'M',[8;1;8],1,[1;1;1],0,[3;0;3]},{'A',[752;-25;263],6,[496;7;7],5,0,[8;-1;8],1,5},{'M',[124;228;112],5,[31;7;7],2,[NaN;NaN;4],[124;228;280],4,[0;0;NaN]},{'M',[31;7;14],3,[31;7;7],2,[0;0;1]},{'A',[279;449;210],6,[124;228;112],5,1,[31;-7;-14],3,0},{'M',[752;449;210],7,[752;-25;263],6,[0;NaN;NaN],[279;449;210],6,[NaN;0;0]},{'M',[31;7;28],3,[31;7;7],2,[0;0;2]},{'A',[628;421;322],8,[752;449;210],7,0,[-31;-7;28],3,2},{'M',[752;421;263],9,[752;-25;263],6,[0;NaN;0],[628;421;322],8,[NaN;0;NaN]},{'M',[1;-100;280],7,[1;1;1],0,[0;NaN;NaN],[124;228;280],4,[NaN;NaN;0],[752;-25;263],6,[NaN;2;NaN]},{'A',[750;621;823],10,[752;421;263],9,0,[-1;100;280],7,1},{'M',[750;621;840],11,[279;449;210],6,[NaN;NaN;2],[750;621;823],10,[0;0;NaN]},{'O',[750;621;840],11,[750;621;840],11,0},{'O',[628;421;322],8,[628;421;322],8,0},{'M',[558;456;823],11,[124;228;280],4,[NaN;1;NaN],[279;449;210],6,[1;NaN;NaN],[750;621;823],10,[NaN;NaN;0]},{'O',[558;456;823],11,[558;456;823],11,0}}
Adder graph: {{'M',[2;1;1],1,[1;1;1],0,[1;0;0]},{'M',[1;1;2],1,[1;1;1],0,[0;0;1]},{'A',[6;5;-7],2,[2;1;1],1,0,[1;1;-2],1,2},{'M',[8;5;-28],3,[1;1;1],0,[3;NaN;NaN],[6;5;-7],2,[NaN;0;2]},{'M',[6;5;32],3,[1;1;1],0,[NaN;NaN;5],[6;5;-7],2,[0;0;NaN]},{'A',[250;155;-928],4,[8;5;-28],3,5,[-6;-5;-32],3,0},{'M',[250;1;-928],5,[1;1;1],0,[NaN;0;NaN],[250;155;-928],4,[0;NaN;0]},{'A',[750;621;-2784],6,[250;155;-928],4,2,[-250;1;928],5,0},{'M',[192;160;-7],3,[6;5;-7],2,[5;5;0]},{'M',[6;5;-112],3,[6;5;-7],2,[0;0;4]},{'A',[186;165;105],4,[192;160;-7],3,0,[-6;5;112],3,0},{'M',[192;165;105],5,[6;5;-7],2,[5;NaN;NaN],[186;165;105],4,[NaN;0;0]},{'M',[750;621;-928],7,[250;155;-928],4,[NaN;NaN;0],[750;621;-2784],6,[0;0;NaN]},{'A',[-558;-456;-823],8,[192;165;105],5,0,[-750;-621;-928],7,0},{'M',[16;32;-7],3,[1;1;1],0,[4;5;NaN],[6;5;-7],2,[NaN;NaN;0]},{'A',[314;421;161],5,[186;165;105],4,0,[16;32;7],3,3},{'M',[750;621;840],7,[750;621;-2784],6,[0;0;NaN],[186;165;105],4,[NaN;NaN;3]},{'O',[750;621;840],7,[750;621;840],7,0},{'M',[628;421;322],6,[314;421;161],5,[1;0;1]},{'O',[628;421;322],6,[628;421;322],6,0},{'O',[558;456;823],8,[558;456;823],8,0}}
Adder graph: {{'M',[32;1;1],1,[1;1;1],0,[5;0;0]},{'A',[160;-28;36],2,[32;1;1],1,2,[1;-1;1],0,5},{'M',[1;-28;1],3,[1;1;1],0,[0;NaN;0],[160;-28;36],2,[NaN;0;NaN]},{'M',[4;1;1],1,[1;1;1],0,[2;0;0]},{'A',[12;-449;17],4,[1;-28;1],3,4,[-4;-1;1],1,0},{'M',[1;1;68],5,[1;1;1],0,[0;0;NaN],[12;-449;17],4,[NaN;NaN;2]},{'M',[12;-28;36],5,[160;-28;36],2,[NaN;0;0],[12;-449;17],4,[0;NaN;NaN]},{'A',[50;114;280],6,[1;1;68],5,1,[12;28;36],5,2},{'M',[400;114;280],7,[50;114;280],6,[3;0;0]},{'M',[50;-56;280],7,[160;-28;36],2,[NaN;1;NaN],[50;114;280],6,[0;NaN;0]},{'A',[750;172;840],8,[400;114;280],7,1,[-50;-56;280],7,0},{'M',[192;-449;17],5,[12;-449;17],4,[4;0;0]},{'A',[558;621;823],9,[750;172;840],8,0,[-192;449;-17],5,0},{'M',[640;-28;144],3,[160;-28;36],2,[2;0;2]},{'A',[628;421;161],5,[640;-28;144],3,0,[-12;449;17],4,0},{'M',[750;621;840],10,[750;172;840],8,[0;NaN;0],[558;621;823],9,[NaN;0;NaN]},{'O',[750;621;840],10,[750;621;840],10,0},{'M',[628;421;322],6,[628;421;161],5,[0;0;1]},{'O',[628;421;322],6,[628;421;322],6,0},{'M',[558;456;823],10,[50;114;280],6,[NaN;2;NaN],[558;621;823],9,[0;NaN;0]},{'O',[558;456;823],10,[558;456;823],10,0}}
Adder graph: {{'A',[9;-7;-7],1,[1;1;1],0,0,[1;-1;-1],0,3},{'A',[306;210;210],2,[9;-7;-7],1,1,[9;7;7],1,5},{'M',[9;-28;-56],2,[9;-7;-7],1,[0;2;3]},{'A',[119;100;72],3,[1;1;1],0,7,[-9;-28;-56],2,0},{'M',[612;1;1],3,[1;1;1],0,[NaN;0;0],[306;210;210],2,[1;NaN;NaN]},{'M',[8;210;8],3,[1;1;1],0,[3;NaN;3],[306;210;210],2,[NaN;0;NaN]},{'A',[628;421;17],4,[612;1;1],3,0,[8;210;8],3,1},{'M',[18;-14;17],5,[9;-7;-7],1,[1;1;NaN],[628;421;17],4,[NaN;NaN;0]},{'M',[576;100;840],4,[9;-7;-7],1,[6;NaN;NaN],[306;210;210],2,[NaN;NaN;2],[119;100;72],3,[NaN;0;NaN]},{'A',[-558;-114;-823],6,[18;-14;17],5,0,[-576;-100;-840],4,0},{'M',[512;421;17],5,[1;1;1],0,[9;NaN;NaN],[628;421;17],4,[NaN;0;0]},{'A',[750;621;161],6,[119;100;72],3,1,[512;421;17],5,0},{'M',[750;621;840],7,[306;210;210],2,[NaN;NaN;2],[750;621;161],6,[0;0;NaN]},{'O',[750;621;840],7,[750;621;840],7,0},{'M',[628;421;322],7,[628;421;17],4,[0;0;NaN],[750;621;161],6,[NaN;NaN;1]},{'O',[628;421;322],7,[628;421;322],7,0},{'M',[-558;-456;-823],7,[-558;-114;-823],6,[0;2;0]},{'O',[558;456;823],7,[558;456;823],7,0}}
Adder graph: {{'A',[3;5;5],1,[1;1;1],0,2,[-1;1;1],0,0},{'M',[3;5;40],2,[3;5;5],1,[0;0;3]},{'A',[93;165;200],3,[3;5;5],1,5,[-3;5;40],2,0},{'M',[3;20;20],2,[3;5;5],1,[0;2;2]},{'A',[366;620;840],4,[93;165;200],3,2,[-3;-20;20],2,1},{'M',[384;1;1024],2,[1;1;1],0,[NaN;0;10],[3;5;5],1,[7;NaN;NaN]},{'M',[366;620;1],5,[1;1;1],0,[NaN;NaN;0],[366;620;840],4,[0;0;NaN]},{'A',[750;621;1023],6,[384;1;1024],2,0,[366;620;-1],5,0},{'M',[192;165;200],4,[3;5;5],1,[6;NaN;NaN],[93;165;200],3,[NaN;0;0]},{'A',[558;456;823],7,[750;621;1023],6,0,[-192;-165;-200],4,0},{'M',[372;165;320],4,[3;5;5],1,[NaN;NaN;6],[93;165;200],3,[2;0;NaN]},{'M',[128;128;1],1,[1;1;1],0,[7;7;0]},{'A',[628;421;322],5,[372;165;320],4,0,[128;128;1],1,1},{'M',[750;621;840],7,[366;620;840],4,[NaN;NaN;0],[750;621;1023],6,[0;0;NaN]},{'O',[750;621;840],7,[750;621;840],7,0},{'O',[628;421;322],5,[628;421;322],5,0},{'O',[558;456;823],7,[558;456;823],7,0}}
Adder graph: {{'A',[9;7;7],1,[1;1;1],0,3,[1;-1;-1],0,0},{'A',[153;105;105],2,[9;7;7],1,4,[9;-7;-7],1,0},{'M',[4;1;8],1,[1;1;1],0,[2;0;3]},{'A',[-137;109;137],3,[4;1;8],1,2,[-153;105;105],2,0},{'A',[375;621;375],4,[1;1;1],0,9,[-137;109;-137],3,0},{'M',[306;210;105],3,[153;105;105],2,[1;1;0]},{'M',[16;1;112],2,[1;1;1],0,[4;0;NaN],[9;7;7],1,[NaN;NaN;4]},{'A',[628;421;322],4,[306;210;105],3,1,[16;1;112],2,0},{'M',[18;8;375],5,[1;1;1],0,[NaN;3;NaN],[9;7;7],1,[1;NaN;NaN],[375;621;375],4,[NaN;NaN;0]},{'A',[558;456;823],6,[9;7;7],1,6,[-18;8;375],5,0},{'M',[750;621;840],5,[153;105;105],2,[NaN;NaN;3],[375;621;375],4,[1;0;NaN]},{'O',[750;621;840],5,[750;621;840],5,0},{'O',[628;421;322],4,[628;421;322],4,0},{'O',[558;456;823],6,[558;456;823],6,0}}
Finished solving after 7272.26 seconds
Adder graph: {{'A',[9;7;7],1,[1;1;1],0,3,[1;-1;-1],0,0},{'A',[153;105;105],2,[9;7;7],1,4,[9;-7;-7],1,0},{'M',[4;1;8],1,[1;1;1],0,[2;0;3]},{'A',[-137;109;137],3,[4;1;8],1,2,[-153;105;105],2,0},{'A',[375;621;375],4,[1;1;1],0,9,[-137;109;-137],3,0},{'M',[306;210;105],3,[153;105;105],2,[1;1;0]},{'M',[16;1;112],2,[1;1;1],0,[4;0;NaN],[9;7;7],1,[NaN;NaN;4]},{'A',[628;421;322],4,[306;210;105],3,1,[16;1;112],2,0},{'M',[18;8;375],5,[1;1;1],0,[NaN;3;NaN],[9;7;7],1,[1;NaN;NaN],[375;621;375],4,[NaN;NaN;0]},{'A',[558;456;823],6,[9;7;7],1,6,[-18;8;375],5,0},{'M',[750;621;840],5,[153;105;105],2,[NaN;NaN;3],[375;621;375],4,[1;0;NaN]},{'O',[750;621;840],5,[750;621;840],5,0},{'O',[628;421;322],4,[628;421;322],4,0},{'O',[558;456;823],6,[558;456;823],6,0}}
# Add optimal = 1
# Mux optimal = 0
# FAs optimal = 0
