Adder graph: {{'A',[0,0,-3,0],1,0,[0,0,1,0],0,0,[0,0,-1,0],0,2},{'A',[1,0,0,1],1,0,[0,0,0,1],0,0,[1,0,0,0],0,0},{'A',[1,-8,0,1],2,0,[1,0,0,1],1,0,[0,-1,0,0],0,3},{'A',[7,8,0,7],3,0,[1,0,0,1],1,3,[-1,8,0,-1],2,0},{'A',[-7,-8,-3,-7],4,0,[0,0,-3,0],1,0,[-7,-8,0,-7],3,0},{'O',[-7,-8,-3,-7],4,[-7,-8,-3,-7],4,0}}
Adder graph: {{'A',[1,0,0,1],1,0,[0,0,0,1],0,0,[1,0,0,0],0,0},{'A',[-7,0,0,-7],2,0,[1,0,0,1],1,0,[-1,0,0,-1],1,3},{'A',[0,2,1,0],1,0,[0,0,1,0],0,0,[0,1,0,0],0,1},{'A',[-7,-8,-4,-7],3,0,[-7,0,0,-7],2,0,[0,-2,-1,0],1,2},{'A',[-7,-8,-3,-7],4,0,[-7,-8,-4,-7],3,0,[0,0,1,0],0,0},{'O',[-7,-8,-3,-7],4,[-7,-8,-3,-7],4,0}}
Adder graph: {{'A',[1,0,0,1],1,0,[0,0,0,1],0,0,[1,0,0,0],0,0},{'A',[-1,0,1,-1],2,0,[0,0,1,0],0,0,[-1,0,0,-1],1,0},{'A',[0,4,1,0],1,0,[0,0,1,0],0,0,[0,1,0,0],0,2},{'A',[4,4,1,4],2,0,[0,4,1,0],1,0,[1,0,0,1],1,2},{'A',[7,8,3,7],3,0,[4,4,1,4],2,1,[-1,0,1,-1],2,0},{'O',[-7,-8,-3,-7],3,[-7,-8,-3,-7],3,0}}
Adder graph: {{'A',[0,0,3,0],1,0,[0,0,1,0],0,0,[0,0,1,0],0,1},{'A',[0,8,3,0],2,0,[0,1,0,0],0,3,[0,0,3,0],1,0},{'A',[1,0,0,1],1,0,[0,0,0,1],0,0,[1,0,0,0],0,0},{'A',[-7,0,0,-7],2,0,[1,0,0,1],1,0,[-1,0,0,-1],1,3},{'A',[7,8,3,7],3,0,[0,8,3,0],2,0,[7,0,0,7],2,0},{'O',[-7,-8,-3,-7],3,[-7,-8,-3,-7],3,0}}
Adder graph: {{'A',[1,0,0,1],1,0,[1,0,0,0],0,0,[0,0,0,1],0,0},{'A',[-7,0,0,-7],2,0,[1,0,0,1],1,0,[-1,0,0,-1],1,3},{'A',[0,0,-3,0],1,0,[0,0,1,0],0,0,[0,0,-1,0],0,2},{'A',[0,-8,-3,0],2,0,[0,0,-3,0],1,0,[0,-1,0,0],0,3},{'A',[-7,-8,-3,-7],3,0,[-7,0,0,-7],2,0,[0,-8,-3,0],2,0},{'O',[-7,-8,-3,-7],3,[-7,-8,-3,-7],3,0}}
Adder graph: {{'A',[0,0,-3,0],1,0,[0,0,1,0],0,0,[0,0,-1,0],0,2},{'A',[1,0,0,1],1,0,[1,0,0,0],0,0,[0,0,0,1],0,0},{'A',[1,0,-3,1],2,0,[1,0,0,1],1,0,[0,0,-3,0],1,0},{'A',[1,-8,-3,1],3,0,[1,0,-3,1],2,0,[0,-1,0,0],0,3},{'A',[-7,-8,-3,-7],4,0,[1,-8,-3,1],3,0,[-1,0,0,-1],1,3},{'O',[-7,-8,-3,-7],4,[-7,-8,-3,-7],4,0}}
Finished solving after 80.389 seconds
Adder graph: {{'A',[0,0,-3,0],1,0,[0,0,1,0],0,0,[0,0,-1,0],0,2},{'A',[1,0,0,1],1,0,[1,0,0,0],0,0,[0,0,0,1],0,0},{'A',[1,0,-3,1],2,0,[1,0,0,1],1,0,[0,0,-3,0],1,0},{'A',[1,-8,-3,1],3,0,[1,0,-3,1],2,0,[0,-1,0,0],0,3},{'A',[-7,-8,-3,-7],4,0,[1,-8,-3,1],3,0,[-1,0,0,-1],1,3},{'O',[-7,-8,-3,-7],4,[-7,-8,-3,-7],4,0}}
#Add optimal = 1
#FAs optimal = 1
