Adder graph: {{'A',[31;31],1,[1;1],0,5,[-1;-1],0,0},{'M',[2;1],1,[1;1],0,[1;0]},{'A',[254;126],2,[2;1],1,7,[-1;-1],0,1},{'M',[31;4],2,[1;1],0,[NaN;2],[31;31],1,[0;NaN]},{'M',[128;31],2,[1;1],0,[7;NaN],[31;31],1,[NaN;0]},{'A',[-66;-23],3,[31;4],2,1,[-128;-31],2,0},{'M',[31;2],2,[1;1],0,[NaN;1],[31;31],1,[0;NaN]},{'M',[256;-23],4,[1;1],0,[8;NaN],[-66;-23],3,[NaN;0]},{'A',[-225;-21],5,[31;2],2,0,[-256;-23],4,0},{'M',[1;8],1,[1;1],0,[0;3]},{'M',[31;126],3,[31;31],1,[0;NaN],[254;126],2,[NaN;0]},{'A',[-23;-62],4,[1;8],1,3,[-31;-126],3,0},{'M',[-66;1],4,[1;1],0,[NaN;0],[-66;-23],3,[0;NaN]},{'M',[31;-42],6,[31;31],1,[0;NaN],[-225;-21],5,[NaN;1]},{'A',[-70;-82],7,[-66;1],4,1,[31;-42],6,1},{'M',[254;252],3,[254;126],2,[0;1]},{'O',[254;252],3,[254;252],3,0},{'M',[-184;-82],8,[-23;-62],4,[3;NaN],[-70;-82],7,[NaN;0]},{'O',[184;82],8,[184;82],8,0},{'M',[-225;-62],6,[-225;-21],5,[0;NaN],[-23;-62],4,[NaN;0]},{'O',[225;62],6,[225;62],6,0},{'M',[-70;-46],8,[-66;-23],3,[NaN;1],[-70;-82],7,[0;NaN]},{'O',[70;46],8,[70;46],8,0},{'M',[-66;-21],6,[-66;-23],3,[0;NaN],[-225;-21],5,[NaN;0]},{'O',[66;21],6,[66;21],6,0}}
Adder graph: {{'M',[8;1],1,[1;1],0,[3;0]},{'A',[33;3],2,[8;1],1,2,[1;-1],0,0},{'M',[33;1],3,[1;1],0,[NaN;0],[33;3],2,[0;NaN]},{'A',[31;63],4,[1;1],0,6,[-33;-1],3,0},{'M',[1;12],3,[1;1],0,[0;NaN],[33;3],2,[NaN;2]},{'A',[35;23],4,[1;12],3,1,[33;-1],3,0},{'M',[32;23],5,[1;1],0,[5;NaN],[35;23],4,[NaN;0]},{'M',[31;16],5,[1;1],0,[NaN;4],[31;63],4,[0;NaN]},{'A',[-92;-41],6,[32;23],5,0,[-31;-16],5,2},{'M',[31;23],5,[31;63],4,[0;NaN],[35;23],4,[NaN;0]},{'M',[128;1],1,[1;1],0,[7;0]},{'A',[-225;21],6,[31;23],5,0,[-128;-1],1,1},{'M',[70;1],5,[1;1],0,[NaN;0],[35;23],4,[1;NaN]},{'M',[-92;16],7,[1;1],0,[NaN;4],[-92;-41],6,[0;NaN]},{'A',[254;-31],8,[70;1],5,0,[92;-16],7,1},{'M',[254;252],9,[31;63],4,[NaN;2],[254;-31],8,[0;NaN]},{'O',[254;252],9,[254;252],9,0},{'O',[184;82],6,[92;41],6,1},{'M',[-225;-62],9,[-225;21],6,[0;NaN],[254;-31],8,[NaN;1]},{'O',[225;62],9,[225;62],9,0},{'O',[70;46],4,[35;23],4,1},{'M',[66;21],7,[33;3],2,[1;NaN],[-225;21],6,[NaN;0]},{'O',[66;21],7,[66;21],7,0}}
Adder graph: {{'A',[7;7],1,[1;1],0,3,[-1;-1],0,0},{'M',[2;1],1,[1;1],0,[1;0]},{'A',[66;31],2,[2;1],1,5,[2;-1],1,0},{'M',[256;7],2,[1;1],0,[8;NaN],[7;7],1,[NaN;0]},{'M',[1;7],2,[1;1],0,[0;NaN],[7;7],1,[NaN;0]},{'A',[254;21],3,[256;7],2,0,[-1;7],2,1},{'M',[7;4],2,[1;1],0,[NaN;2],[7;7],1,[0;NaN]},{'A',[70;46],3,[7;7],1,1,[7;4],2,3},{'M',[1;46],4,[1;1],0,[0;NaN],[70;46],3,[NaN;0]},{'A',[225;-82],5,[1;46],4,0,[7;-4],2,5},{'M',[66;14],3,[7;7],1,[NaN;1],[66;31],2,[0;NaN]},{'A',[-92;252],4,[66;14],3,1,[-7;7],1,5},{'M',[254;252],5,[254;21],3,[0;NaN],[-92;252],4,[NaN;0]},{'O',[254;252],5,[254;252],5,0},{'M',[-184;-82],6,[225;-82],5,[NaN;0],[-92;252],4,[1;NaN]},{'O',[184;82],6,[184;82],6,0},{'M',[225;62],6,[66;31],2,[NaN;1],[225;-82],5,[0;NaN]},{'O',[225;62],6,[225;62],6,0},{'O',[70;46],3,[70;46],3,0},{'M',[66;21],4,[66;31],2,[0;NaN],[254;21],3,[NaN;0]},{'O',[66;21],4,[66;21],4,0}}
Adder graph: {{'M',[8;1],1,[1;1],0,[3;0]},{'M',[1;16],1,[1;1],0,[0;4]},{'A',[31;20],2,[8;1],1,2,[-1;16],1,0},{'M',[1;2],1,[1;1],0,[0;1]},{'A',[-127;-126],2,[1;2],1,0,[-1;-1],0,7},{'M',[4;-126],3,[1;1],0,[2;NaN],[-127;-126],2,[NaN;0]},{'M',[31;40],3,[31;20],2,[0;1]},{'A',[66;-46],4,[4;-126],3,0,[31;40],3,1},{'M',[256;1],1,[1;1],0,[8;0]},{'A',[225;21],3,[256;1],1,0,[-31;20],2,0},{'M',[31;16],3,[1;1],0,[NaN;4],[31;20],2,[0;NaN]},{'A',[-35;62],5,[31;16],3,0,[-66;46],4,0},{'M',[-127;21],4,[-127;-126],2,[0;NaN],[225;21],3,[NaN;0]},{'A',[92;41],6,[-35;62],5,0,[127;-21],4,0},{'O',[254;252],2,[127;126],2,1},{'O',[184;82],6,[92;41],6,1},{'M',[225;62],6,[225;21],3,[0;NaN],[-35;62],5,[NaN;0]},{'O',[225;62],6,[225;62],6,0},{'M',[-70;-46],6,[66;-46],4,[NaN;0],[-35;62],5,[1;NaN]},{'O',[70;46],6,[70;46],6,0},{'M',[66;21],5,[66;-46],4,[0;NaN],[225;21],3,[NaN;0]},{'O',[66;21],5,[66;21],5,0}}
Adder graph: {{'M',[2;1],1,[1;1],0,[1;0]},{'A',[-127;-63],2,[1;1],0,0,[-2;-1],1,6},{'M',[4;1],1,[1;1],0,[2;0]},{'A',[12;9],2,[4;1],1,0,[1;1],0,3},{'M',[1;32],1,[1;1],0,[0;5]},{'M',[24;9],3,[12;9],2,[1;0]},{'A',[-23;23],4,[1;32],1,0,[-24;-9],3,0},{'M',[12;2],3,[1;1],0,[NaN;1],[12;9],2,[0;NaN]},{'A',[35;-21],5,[12;2],3,0,[23;-23],4,0},{'M',[35;-84],6,[35;-21],5,[0;2]},{'A',[-33;-82],7,[1;1],0,1,[-35;-84],6,0},{'A',[225;62],8,[12;9],2,4,[33;-82],7,0},{'M',[-127;-126],3,[-127;-63],2,[0;1]},{'O',[254;252],3,[127;126],3,1},{'M',[-184;-82],8,[-23;23],4,[3;NaN],[-33;-82],7,[NaN;0]},{'O',[184;82],8,[184;82],8,0},{'O',[225;62],8,[225;62],8,0},{'M',[35;23],6,[-23;23],4,[NaN;0],[35;-21],5,[0;NaN]},{'O',[70;46],6,[35;23],6,1},{'M',[-66;-21],8,[35;-21],5,[NaN;0],[-33;-82],7,[1;NaN]},{'O',[66;21],8,[66;21],8,0}}
Adder graph: {{'M',[2;1],1,[1;1],0,[1;0]},{'A',[-127;-63],2,[1;1],0,0,[-2;-1],1,6},{'A',[31;31],1,[1;1],0,5,[-1;-1],0,0},{'M',[31;8],2,[1;1],0,[NaN;3],[31;31],1,[0;NaN]},{'M',[64;31],2,[1;1],0,[6;NaN],[31;31],1,[NaN;0]},{'A',[-33;-23],3,[31;8],2,0,[-64;-31],2,0},{'A',[23;39],2,[31;31],1,0,[-1;1],0,3},{'M',[124;1],2,[1;1],0,[NaN;0],[31;31],1,[2;NaN]},{'A',[225;41],3,[124;1],2,1,[-23;39],2,0},{'A',[-35;-21],4,[-33;-23],3,0,[-1;1],0,1},{'M',[-127;-126],3,[-127;-63],2,[0;1]},{'O',[254;252],3,[127;126],3,1},{'M',[92;41],4,[23;39],2,[2;NaN],[225;41],3,[NaN;0]},{'O',[184;82],4,[92;41],4,1},{'M',[225;62],4,[31;31],1,[NaN;1],[225;41],3,[0;NaN]},{'O',[225;62],4,[225;62],4,0},{'M',[-35;-23],5,[-33;-23],3,[NaN;0],[-35;-21],4,[0;NaN]},{'O',[70;46],5,[35;23],5,1},{'M',[-66;-21],5,[-33;-23],3,[1;NaN],[-35;-21],4,[NaN;0]},{'O',[66;21],5,[66;21],5,0}}
Adder graph: {{'M',[1;8],1,[1;1],0,[0;3]},{'A',[3;6],2,[1;8],1,0,[1;-1],0,1},{'M',[1;2],1,[1;1],0,[0;1]},{'A',[-254;-252],2,[1;2],1,1,[-1;-1],0,8},{'M',[8;6],3,[1;1],0,[3;NaN],[3;6],2,[NaN;0]},{'M',[3;1],3,[1;1],0,[NaN;0],[3;6],2,[0;NaN]},{'A',[35;23],4,[8;6],3,2,[3;-1],3,0},{'A',[-33;-21],5,[1;1],0,1,[-35;-23],4,0},{'M',[3;2],3,[1;1],0,[NaN;1],[3;6],2,[0;NaN]},{'M',[4;23],5,[1;1],0,[2;NaN],[35;23],4,[NaN;0]},{'A',[92;41],6,[3;2],3,5,[-4;-23],5,0},{'M',[192;41],7,[3;6],2,[6;NaN],[92;41],6,[NaN;0]},{'A',[-225;-62],8,[-33;-21],5,0,[-192;-41],7,0},{'O',[254;252],2,[254;252],2,0},{'O',[184;82],6,[92;41],6,1},{'O',[225;62],8,[225;62],8,0},{'O',[70;46],4,[35;23],4,1},{'M',[-66;-21],6,[-33;-21],5,[1;0]},{'O',[66;21],6,[66;21],6,0}}
Adder graph: {{'M',[1;2],1,[1;1],0,[0;1]},{'A',[14;20],2,[1;1],0,4,[-1;2],1,1},{'A',[66;62],1,[1;1],0,6,[1;-1],0,1},{'M',[224;20],3,[14;20],2,[4;0]},{'A',[225;21],4,[1;1],0,0,[224;20],3,0},{'M',[64;1],1,[1;1],0,[6;0]},{'A',[92;41],3,[64;1],1,0,[14;20],2,1},{'A',[-127;-126],2,[1;2],1,0,[-1;-1],0,7},{'M',[66;42],5,[66;62],1,[0;NaN],[225;21],4,[NaN;1]},{'A',[70;46],6,[66;42],5,0,[1;1],0,2},{'O',[254;252],2,[127;126],2,1},{'O',[184;82],3,[92;41],3,1},{'M',[225;62],5,[66;62],1,[NaN;0],[225;21],4,[0;NaN]},{'O',[225;62],5,[225;62],5,0},{'O',[70;46],6,[70;46],6,0},{'M',[66;21],5,[66;62],1,[0;NaN],[225;21],4,[NaN;0]},{'O',[66;21],5,[66;21],5,0}}
Adder graph: {{'A',[6;10],1,[1;1],0,3,[-1;1],0,1},{'M',[16;10],2,[1;1],0,[4;NaN],[6;10],1,[NaN;0]},{'A',[33;21],3,[16;10],2,1,[1;1],0,0},{'A',[70;46],4,[33;21],3,1,[1;1],0,2},{'A',[23;41],2,[6;10],1,2,[-1;1],0,0},{'M',[192;10],2,[6;10],1,[5;0]},{'A',[225;31],4,[192;10],2,0,[33;21],3,0},{'M',[1;2],1,[1;1],0,[0;1]},{'A',[-127;-126],2,[1;2],1,0,[-1;-1],0,7},{'O',[254;252],2,[127;126],2,1},{'M',[92;41],3,[23;41],2,[2;0]},{'O',[184;82],3,[92;41],3,1},{'M',[225;62],5,[225;31],4,[0;1]},{'O',[225;62],5,[225;62],5,0},{'O',[70;46],4,[70;46],4,0},{'M',[66;21],4,[33;21],3,[1;0]},{'O',[66;21],4,[66;21],4,0}}
Adder graph: {{'M',[1;2],1,[1;1],0,[0;1]},{'A',[-127;-126],2,[1;2],1,0,[-1;-1],0,7},{'A',[12;20],1,[1;1],0,4,[-1;1],0,2},{'M',[32;20],2,[1;1],0,[5;NaN],[12;20],1,[NaN;0]},{'A',[33;21],3,[1;1],0,0,[32;20],2,0},{'A',[23;41],2,[12;20],1,1,[-1;1],0,0},{'A',[35;23],4,[33;21],3,0,[1;1],0,1},{'M',[192;41],3,[12;20],1,[4;NaN],[23;41],2,[NaN;0]},{'A',[225;62],4,[192;41],3,0,[33;21],3,0},{'O',[254;252],2,[127;126],2,1},{'M',[92;41],3,[23;41],2,[2;0]},{'O',[184;82],3,[92;41],3,1},{'O',[225;62],4,[225;62],4,0},{'O',[70;46],4,[35;23],4,1},{'M',[66;21],4,[33;21],3,[1;0]},{'O',[66;21],4,[66;21],4,0}}
Finished solving after 2394.89 seconds
Adder graph: {{'M',[1;2],1,[1;1],0,[0;1]},{'A',[-127;-126],2,[1;2],1,0,[-1;-1],0,7},{'A',[12;20],1,[1;1],0,4,[-1;1],0,2},{'M',[32;20],2,[1;1],0,[5;NaN],[12;20],1,[NaN;0]},{'A',[33;21],3,[1;1],0,0,[32;20],2,0},{'A',[23;41],2,[12;20],1,1,[-1;1],0,0},{'A',[35;23],4,[33;21],3,0,[1;1],0,1},{'M',[192;41],3,[12;20],1,[4;NaN],[23;41],2,[NaN;0]},{'A',[225;62],4,[192;41],3,0,[33;21],3,0},{'O',[254;252],2,[127;126],2,1},{'M',[92;41],3,[23;41],2,[2;0]},{'O',[184;82],3,[92;41],3,1},{'O',[225;62],4,[225;62],4,0},{'O',[70;46],4,[35;23],4,1},{'M',[66;21],4,[33;21],3,[1;0]},{'O',[66;21],4,[66;21],4,0}}
# Add optimal = 1
# Mux optimal = 1
# FAs optimal = 0
