Adder graph: {{'M',[1;4],1,[1;1],0,[0;2]},{'A',[9;33],2,[1;1],0,0,[1;4],1,3},{'M',[4;33],3,[1;1],0,[2;NaN],[9;33],2,[NaN;0]},{'M',[9;8],3,[1;1],0,[NaN;3],[9;33],2,[0;NaN]},{'A',[13;41],4,[4;33],3,0,[9;8],3,0},{'M',[52;33],5,[9;33],2,[NaN;0],[13;41],4,[2;NaN]},{'M',[9;41],5,[9;33],2,[0;NaN],[13;41],4,[NaN;0]},{'A',[199;91],6,[52;33],5,2,[-9;-41],5,0},{'M',[13;164],5,[13;41],4,[0;2]},{'M',[16;91],7,[1;1],0,[4;NaN],[199;91],6,[NaN;0]},{'A',[42;237],8,[13;164],5,1,[16;-91],7,0},{'M',[168;237],9,[42;237],8,[2;0]},{'M',[13;32],5,[1;1],0,[NaN;5],[13;41],4,[0;NaN]},{'A',[155;205],10,[168;237],9,0,[-13;-32],5,0},{'M',[256;91],7,[1;1],0,[8;NaN],[199;91],6,[NaN;0]},{'M',[1;16],1,[1;1],0,[0;4]},{'A',[255;75],8,[256;91],7,0,[-1;-16],1,0},{'O',[255;75],8,[255;75],8,0},{'M',[155;237],11,[42;237],8,[NaN;0],[155;205],10,[0;NaN]},{'O',[155;237],11,[155;237],11,0},{'M',[32;91],7,[1;1],0,[5;NaN],[199;91],6,[NaN;0]},{'O',[64;182],7,[32;91],7,1},{'M',[199;33],7,[9;33],2,[NaN;0],[199;91],6,[0;NaN]},{'O',[199;33],7,[199;33],7,0},{'M',[42;205],11,[42;237],8,[0;NaN],[155;205],10,[NaN;0]},{'O',[42;205],11,[42;205],11,0}}
Adder graph: {{'M',[1;4],1,[1;1],0,[0;2]},{'A',[-7;33],2,[1;1],0,0,[-1;4],1,3},{'M',[-56;33],3,[-7;33],2,[3;0]},{'M',[-7;2],3,[1;1],0,[NaN;1],[-7;33],2,[0;NaN]},{'A',[-42;37],4,[-56;33],3,0,[7;2],3,1},{'M',[-84;37],5,[-42;37],4,[1;0]},{'A',[-169;75],6,[-84;37],5,1,[-1;1],0,0},{'M',[-7;64],3,[1;1],0,[NaN;6],[-7;33],2,[0;NaN]},{'M',[-169;37],7,[-42;37],4,[NaN;0],[-169;75],6,[0;NaN]},{'A',[155;91],8,[-7;64],3,1,[169;-37],7,0},{'M',[256;91],9,[1;1],0,[8;NaN],[155;91],8,[NaN;0]},{'M',[1;296],5,[1;1],0,[0;NaN],[-42;37],4,[NaN;3]},{'A',[255;-205],10,[256;91],9,0,[-1;-296],5,0},{'M',[-7;4],3,[1;1],0,[NaN;2],[-7;33],2,[0;NaN]},{'A',[199;237],11,[-7;4],3,3,[255;205],10,0},{'M',[255;75],11,[-169;75],6,[NaN;0],[255;-205],10,[0;NaN]},{'O',[255;75],11,[255;75],11,0},{'M',[155;237],12,[155;91],8,[0;NaN],[199;237],11,[NaN;0]},{'O',[155;237],12,[155;237],12,0},{'M',[32;91],9,[1;1],0,[5;NaN],[155;91],8,[NaN;0]},{'O',[64;182],9,[32;91],9,1},{'M',[199;33],12,[-7;33],2,[NaN;0],[199;237],11,[0;NaN]},{'O',[199;33],12,[199;33],12,0},{'M',[-42;-205],11,[-42;37],4,[0;NaN],[255;-205],10,[NaN;0]},{'O',[42;205],11,[42;205],11,0}}
Adder graph: {{'M',[1;8],1,[1;1],0,[0;3]},{'A',[5;33],2,[1;1],0,0,[1;8],1,2},{'M',[128;33],3,[1;1],0,[7;NaN],[5;33],2,[NaN;0]},{'A',[255;74],4,[128;33],3,1,[-1;8],1,0},{'M',[20;74],5,[5;33],2,[2;NaN],[255;74],4,[NaN;0]},{'A',[21;75],6,[1;1],0,0,[20;74],5,0},{'M',[2;75],7,[1;1],0,[1;NaN],[21;75],6,[NaN;0]},{'A',[14;91],8,[1;1],0,4,[-2;75],7,0},{'M',[255;296],5,[255;74],4,[0;2]},{'M',[56;91],9,[14;91],8,[2;0]},{'A',[199;205],10,[255;296],5,0,[-56;-91],9,0},{'M',[160;205],11,[5;33],2,[5;NaN],[199;205],10,[NaN;0]},{'M',[5;32],3,[1;1],0,[NaN;5],[5;33],2,[0;NaN]},{'A',[155;237],12,[160;205],11,0,[-5;32],3,0},{'M',[255;75],7,[255;74],4,[0;NaN],[21;75],6,[NaN;0]},{'O',[255;75],7,[255;75],7,0},{'O',[155;237],12,[155;237],12,0},{'M',[32;91],9,[1;1],0,[5;NaN],[14;91],8,[NaN;0]},{'O',[64;182],9,[32;91],9,1},{'M',[199;33],11,[5;33],2,[NaN;0],[199;205],10,[0;NaN]},{'O',[199;33],11,[199;33],11,0},{'M',[42;205],11,[21;75],6,[1;NaN],[199;205],10,[NaN;0]},{'O',[42;205],11,[42;205],11,0}}
Adder graph: {{'M',[1;32],1,[1;1],0,[0;5]},{'M',[256;1],1,[1;1],0,[8;0]},{'A',[-255;33],2,[1;32],1,0,[-256;1],1,0},{'M',[16;1],1,[1;1],0,[4;0]},{'A',[-191;37],3,[-255;33],2,0,[16;1],1,2},{'M',[1;16],1,[1;1],0,[0;4]},{'A',[199;91],4,[1;16],1,3,[191;-37],3,0},{'M',[1;74],4,[1;1],0,[0;NaN],[-191;37],3,[NaN;1]},{'M',[1;91],5,[1;1],0,[0;NaN],[199;91],4,[NaN;0]},{'A',[5;205],6,[1;74],4,2,[1;-91],5,0},{'M',[5;91],7,[199;91],4,[NaN;0],[5;205],6,[0;NaN]},{'A',[21;-75],8,[1;1],0,4,[5;-91],7,0},{'M',[5;1],7,[1;1],0,[NaN;0],[5;205],6,[0;NaN]},{'A',[155;237],8,[5;1],7,5,[-5;205],6,0},{'M',[-255;-75],9,[-255;33],2,[0;NaN],[21;-75],8,[NaN;0]},{'O',[255;75],9,[255;75],9,0},{'O',[155;237],8,[155;237],8,0},{'M',[32;91],5,[1;1],0,[5;NaN],[199;91],4,[NaN;0]},{'O',[64;182],5,[32;91],5,1},{'M',[199;33],5,[-255;33],2,[NaN;0],[199;91],4,[0;NaN]},{'O',[199;33],5,[199;33],5,0},{'M',[42;205],9,[5;205],6,[NaN;0],[21;-75],8,[1;NaN]},{'O',[42;205],9,[42;205],9,0}}
Adder graph: {{'M',[1;4],1,[1;1],0,[0;2]},{'A',[-7;33],2,[1;1],0,0,[-1;4],1,3},{'M',[-7;2],3,[1;1],0,[NaN;1],[-7;33],2,[0;NaN]},{'A',[-21;41],4,[-7;2],3,2,[7;33],2,0},{'M',[128;41],5,[1;1],0,[7;NaN],[-21;41],4,[NaN;0]},{'A',[-156;91],6,[-7;33],2,2,[-128;-41],5,0},{'M',[1;328],5,[1;1],0,[0;NaN],[-21;41],4,[NaN;3]},{'A',[-155;-237],7,[-156;91],6,0,[1;-328],5,0},{'M',[1;16],1,[1;1],0,[0;4]},{'M',[256;91],7,[1;1],0,[8;NaN],[-156;91],6,[NaN;0]},{'A',[-255;-75],8,[1;16],1,0,[-256;-91],7,0},{'M',[-7;4],3,[1;1],0,[NaN;2],[-7;33],2,[0;NaN]},{'M',[-255;-237],9,[-155;-237],7,[NaN;0],[-255;-75],8,[0;NaN]},{'A',[199;-205],10,[-7;4],3,3,[255;-237],9,0},{'O',[255;75],8,[255;75],8,0},{'O',[155;237],7,[155;237],7,0},{'M',[32;91],7,[1;1],0,[5;NaN],[-156;91],6,[NaN;0]},{'O',[64;182],7,[32;91],7,1},{'M',[199;33],11,[-7;33],2,[NaN;0],[199;-205],10,[0;NaN]},{'O',[199;33],11,[199;33],11,0},{'M',[-42;-205],11,[-21;41],4,[1;NaN],[199;-205],10,[NaN;0]},{'O',[42;205],11,[42;205],11,0}}
Adder graph: {{'M',[8;1],1,[1;1],0,[3;0]},{'A',[255;33],2,[8;1],1,5,[-1;1],0,0},{'M',[2;33],3,[1;1],0,[1;NaN],[255;33],2,[NaN;0]},{'M',[2;1],1,[1;1],0,[1;0]},{'A',[-14;41],4,[2;33],3,0,[-2;1],1,3},{'A',[42;205],5,[-14;41],4,0,[14;41],4,2},{'M',[-14;8],5,[1;1],0,[NaN;3],[-14;41],4,[0;NaN]},{'M',[255;205],6,[255;33],2,[0;NaN],[42;205],5,[NaN;0]},{'A',[199;237],7,[-14;8],5,2,[255;205],6,0},{'M',[-14;164],5,[-14;41],4,[0;2]},{'A',[171;91],8,[-14;164],5,1,[199;-237],7,0},{'A',[155;75],9,[171;91],8,0,[-1;-1],0,4},{'M',[255;75],10,[255;33],2,[0;NaN],[155;75],9,[NaN;0]},{'O',[255;75],10,[255;75],10,0},{'M',[155;237],10,[199;237],7,[NaN;0],[155;75],9,[0;NaN]},{'O',[155;237],10,[155;237],10,0},{'M',[32;91],9,[1;1],0,[5;NaN],[171;91],8,[NaN;0]},{'O',[64;182],9,[32;91],9,1},{'M',[199;33],8,[255;33],2,[NaN;0],[199;237],7,[0;NaN]},{'O',[199;33],8,[199;33],8,0},{'O',[42;205],5,[42;205],5,0}}
Adder graph: {{'A',[31;33],1,[1;1],0,5,[-1;1],0,0},{'M',[16;33],2,[1;1],0,[4;NaN],[31;33],1,[NaN;0]},{'M',[1;4],1,[1;1],0,[0;2]},{'A',[14;41],3,[16;33],2,0,[-1;4],1,1},{'A',[42;205],4,[14;41],3,2,[-14;41],3,0},{'M',[31;132],2,[31;33],1,[0;2]},{'M',[168;41],5,[14;41],3,[NaN;0],[42;205],4,[2;NaN]},{'A',[199;91],6,[31;132],2,0,[168;-41],5,0},{'M',[31;82],4,[31;33],1,[0;NaN],[14;41],3,[NaN;1]},{'M',[31;91],7,[31;33],1,[0;NaN],[199;91],6,[NaN;0]},{'A',[155;237],8,[31;82],4,2,[31;-91],7,0},{'M',[14;4],4,[1;1],0,[NaN;2],[14;41],3,[0;NaN]},{'A',[255;75],7,[199;91],6,0,[14;-4],4,2},{'O',[255;75],7,[255;75],7,0},{'O',[155;237],8,[155;237],8,0},{'M',[32;91],7,[1;1],0,[5;NaN],[199;91],6,[NaN;0]},{'O',[64;182],7,[32;91],7,1},{'M',[199;33],7,[31;33],1,[NaN;0],[199;91],6,[0;NaN]},{'O',[199;33],7,[199;33],7,0},{'O',[42;205],4,[42;205],4,0}}
Adder graph: {{'A',[31;33],1,[1;1],0,5,[-1;1],0,0},{'M',[1;66],2,[1;1],0,[0;NaN],[31;33],1,[NaN;1]},{'A',[7;74],3,[1;1],0,3,[-1;66],2,0},{'M',[248;1],2,[1;1],0,[NaN;0],[31;33],1,[3;NaN]},{'A',[255;75],4,[248;1],2,0,[7;74],3,0},{'M',[7;2],4,[1;1],0,[NaN;1],[7;74],3,[0;NaN]},{'A',[199;91],5,[255;75],4,0,[-7;2],4,3},{'M',[14;91],6,[7;74],3,[1;NaN],[199;91],5,[NaN;0]},{'A',[42;205],7,[7;74],3,2,[14;-91],6,0},{'M',[31;32],2,[1;1],0,[NaN;5],[31;33],1,[0;NaN]},{'M',[124;205],8,[31;33],1,[2;NaN],[42;205],7,[NaN;0]},{'A',[155;237],9,[31;32],2,0,[124;205],8,0},{'O',[255;75],4,[255;75],4,0},{'O',[155;237],9,[155;237],9,0},{'M',[32;91],6,[1;1],0,[5;NaN],[199;91],5,[NaN;0]},{'O',[64;182],6,[32;91],6,1},{'M',[199;33],6,[31;33],1,[NaN;0],[199;91],5,[0;NaN]},{'O',[199;33],6,[199;33],6,0},{'O',[42;205],7,[42;205],7,0}}
Finished solving after 77.614 seconds
Adder graph: {{'A',[31;33],1,[1;1],0,5,[-1;1],0,0},{'M',[1;66],2,[1;1],0,[0;NaN],[31;33],1,[NaN;1]},{'A',[7;74],3,[1;1],0,3,[-1;66],2,0},{'M',[248;1],2,[1;1],0,[NaN;0],[31;33],1,[3;NaN]},{'A',[255;75],4,[248;1],2,0,[7;74],3,0},{'M',[7;2],4,[1;1],0,[NaN;1],[7;74],3,[0;NaN]},{'A',[199;91],5,[255;75],4,0,[-7;2],4,3},{'M',[14;91],6,[7;74],3,[1;NaN],[199;91],5,[NaN;0]},{'A',[42;205],7,[7;74],3,2,[14;-91],6,0},{'M',[31;32],2,[1;1],0,[NaN;5],[31;33],1,[0;NaN]},{'M',[124;205],8,[31;33],1,[2;NaN],[42;205],7,[NaN;0]},{'A',[155;237],9,[31;32],2,0,[124;205],8,0},{'O',[255;75],4,[255;75],4,0},{'O',[155;237],9,[155;237],9,0},{'M',[32;91],6,[1;1],0,[5;NaN],[199;91],5,[NaN;0]},{'O',[64;182],6,[32;91],6,1},{'M',[199;33],6,[31;33],1,[NaN;0],[199;91],5,[0;NaN]},{'O',[199;33],6,[199;33],6,0},{'O',[42;205],7,[42;205],7,0}}
# Add optimal = 1
# Mux optimal = 1
# FAs optimal = 0
