Adder graph: {{'M',[1;32],1,[1;1],0,[0;5]},{'A',[-3;28],2,[1;32],1,0,[-1;-1],0,2},{'M',[-192;28],3,[-3;28],2,[6;0]},{'A',[-193;27],4,[-192;28],3,0,[-1;-1],0,0},{'M',[-3;27],5,[-3;28],2,[0;NaN],[-193;27],4,[NaN;0]},{'M',[-3;2],3,[1;1],0,[NaN;1],[-3;28],2,[0;NaN]},{'A',[45;-5],6,[-3;27],5,0,[3;-2],3,4},{'M',[2;1],1,[1;1],0,[1;0]},{'M',[45;1],7,[1;1],0,[NaN;0],[45;-5],6,[0;NaN]},{'A',[77;17],8,[2;1],1,4,[45;1],7,0},{'M',[45;112],7,[-3;28],2,[NaN;2],[45;-5],6,[0;NaN]},{'M',[2;-5],7,[1;1],0,[1;NaN],[45;-5],6,[NaN;0]},{'A',[43;117],8,[45;112],7,0,[-2;5],7,0},{'M',[77;117],9,[77;17],8,[0;NaN],[43;117],8,[NaN;0]},{'O',[77;117],9,[77;117],9,0},{'M',[77;27],9,[-193;27],4,[NaN;0],[77;17],8,[0;NaN]},{'O',[154;54],9,[77;27],9,1},{'M',[90;17],9,[45;-5],6,[1;NaN],[77;17],8,[NaN;0]},{'O',[90;17],9,[90;17],9,0},{'M',[-193;-20],7,[-193;27],4,[0;NaN],[45;-5],6,[NaN;2]},{'O',[193;20],7,[193;20],7,0},{'M',[43;1],9,[1;1],0,[NaN;0],[43;117],8,[0;NaN]},{'O',[43;1],9,[43;1],9,0}}
Adder graph: {{'M',[1;2],1,[1;1],0,[0;1]},{'A',[-3;10],2,[1;2],1,0,[-1;2],1,2},{'M',[-12;1],3,[1;1],0,[NaN;0],[-3;10],2,[2;NaN]},{'A',[193;17],4,[1;1],0,0,[12;1],3,4},{'M',[-3;20],3,[-3;10],2,[0;1]},{'M',[-48;1],3,[1;1],0,[NaN;0],[-3;10],2,[4;NaN]},{'A',[45;19],4,[-3;20],3,0,[48;-1],3,0},{'M',[45;10],5,[-3;10],2,[NaN;0],[45;19],4,[0;NaN]},{'M',[2;17],5,[1;1],0,[1;NaN],[193;17],4,[NaN;0]},{'A',[43;27],6,[45;10],5,0,[-2;17],5,0},{'M',[4;17],5,[1;1],0,[2;NaN],[193;17],4,[NaN;0]},{'A',[77;117],6,[4;17],5,3,[45;-19],4,0},{'O',[77;117],6,[77;117],6,0},{'M',[77;27],7,[43;27],6,[NaN;0],[77;117],6,[0;NaN]},{'O',[154;54],7,[77;27],7,1},{'M',[90;17],5,[193;17],4,[NaN;0],[45;19],4,[1;NaN]},{'O',[90;17],5,[90;17],5,0},{'M',[193;20],5,[-3;10],2,[NaN;1],[193;17],4,[0;NaN]},{'O',[193;20],5,[193;20],5,0},{'M',[43;1],7,[1;1],0,[NaN;0],[43;27],6,[0;NaN]},{'O',[43;1],7,[43;1],7,0}}
Adder graph: {{'M',[1;4],1,[1;1],0,[0;2]},{'A',[-3;17],2,[1;1],0,0,[-1;4],1,2},{'M',[-12;17],3,[-3;17],2,[2;0]},{'A',[45;85],4,[-3;17],2,0,[12;17],3,2},{'M',[1;16],1,[1;1],0,[0;4]},{'A',[43;117],5,[45;85],4,0,[-1;16],1,1},{'M',[-48;1],3,[1;1],0,[NaN;0],[-3;17],2,[4;NaN]},{'A',[193;5],4,[1;1],0,0,[48;1],3,2},{'M',[45;64],5,[1;1],0,[NaN;6],[45;85],4,[0;NaN]},{'M',[16;5],5,[1;1],0,[4;NaN],[193;5],4,[NaN;0]},{'A',[77;54],6,[45;64],5,0,[16;-5],5,1},{'M',[77;117],7,[43;117],5,[NaN;0],[77;54],6,[0;NaN]},{'O',[77;117],7,[77;117],7,0},{'M',[154;54],7,[77;54],6,[1;0]},{'O',[154;54],7,[154;54],7,0},{'M',[90;17],5,[-3;17],2,[NaN;0],[45;85],4,[1;NaN]},{'O',[90;17],5,[90;17],5,0},{'M',[193;20],5,[193;5],4,[0;2]},{'O',[193;20],5,[193;20],5,0},{'M',[43;1],6,[1;1],0,[NaN;0],[43;117],5,[0;NaN]},{'O',[43;1],6,[43;1],6,0}}
Adder graph: {{'M',[1;16],1,[1;1],0,[0;4]},{'A',[-3;20],2,[1;16],1,0,[-1;1],0,2},{'M',[-48;1],3,[1;1],0,[NaN;0],[-3;20],2,[4;NaN]},{'A',[45;19],4,[-3;20],2,0,[48;-1],3,0},{'A',[43;17],5,[45;19],4,0,[-1;-1],0,1},{'M',[1;8],1,[1;1],0,[0;3]},{'M',[-192;19],5,[-3;20],2,[6;NaN],[45;19],4,[NaN;0]},{'A',[193;27],6,[1;8],1,0,[192;19],5,0},{'M',[4;17],6,[1;1],0,[2;NaN],[43;17],5,[NaN;0]},{'A',[77;117],7,[4;17],6,3,[45;-19],4,0},{'O',[77;117],7,[77;117],7,0},{'M',[77;27],8,[193;27],6,[NaN;0],[77;117],7,[0;NaN]},{'O',[154;54],8,[77;27],8,1},{'M',[90;17],6,[45;19],4,[1;NaN],[43;17],5,[NaN;0]},{'O',[90;17],6,[90;17],6,0},{'M',[193;20],7,[-3;20],2,[NaN;0],[193;27],6,[0;NaN]},{'O',[193;20],7,[193;20],7,0},{'M',[43;1],6,[1;1],0,[NaN;0],[43;17],5,[0;NaN]},{'O',[43;1],6,[43;1],6,0}}
Adder graph: {{'A',[-3;5],1,[1;1],0,0,[-1;1],0,2},{'M',[-12;1],2,[1;1],0,[NaN;0],[-3;5],1,[2;NaN]},{'A',[193;17],3,[1;1],0,0,[12;1],2,4},{'M',[-3;17],4,[-3;5],1,[0;NaN],[193;17],3,[NaN;0]},{'A',[45;97],5,[-3;17],4,0,[3;5],1,4},{'M',[45;5],6,[-3;5],1,[NaN;0],[45;97],5,[0;NaN]},{'A',[77;27],7,[1;1],0,5,[45;-5],6,0},{'M',[1;10],2,[1;1],0,[0;NaN],[-3;5],1,[NaN;1]},{'A',[43;117],6,[45;97],5,0,[-1;10],2,1},{'M',[77;117],8,[77;27],7,[0;NaN],[43;117],6,[NaN;0]},{'O',[77;117],8,[77;117],8,0},{'O',[154;54],7,[77;27],7,1},{'M',[90;17],6,[193;17],3,[NaN;0],[45;97],5,[1;NaN]},{'O',[90;17],6,[90;17],6,0},{'M',[193;20],4,[-3;5],1,[NaN;2],[193;17],3,[0;NaN]},{'O',[193;20],4,[193;20],4,0},{'M',[43;1],7,[1;1],0,[NaN;0],[43;117],6,[0;NaN]},{'O',[43;1],7,[43;1],7,0}}
Adder graph: {{'A',[3;5],1,[1;1],0,2,[-1;1],0,0},{'M',[12;1],2,[1;1],0,[NaN;0],[3;5],1,[2;NaN]},{'A',[193;17],3,[1;1],0,0,[12;1],2,4},{'A',[45;85],2,[3;5],1,4,[-3;5],1,0},{'M',[1;16],1,[1;1],0,[0;4]},{'A',[43;117],3,[45;85],2,0,[-1;16],1,1},{'M',[45;5],3,[3;5],1,[NaN;0],[45;85],2,[0;NaN]},{'A',[77;27],4,[1;1],0,5,[45;-5],3,0},{'M',[77;117],5,[43;117],3,[NaN;0],[77;27],4,[0;NaN]},{'O',[77;117],5,[77;117],5,0},{'O',[154;54],4,[77;27],4,1},{'M',[90;17],4,[193;17],3,[NaN;0],[45;85],2,[1;NaN]},{'O',[90;17],4,[90;17],4,0},{'M',[193;20],4,[3;5],1,[NaN;2],[193;17],3,[0;NaN]},{'O',[193;20],4,[193;20],4,0},{'M',[43;1],4,[1;1],0,[NaN;0],[43;117],3,[0;NaN]},{'O',[43;1],4,[43;1],4,0}}
Finished solving after 11.177 seconds
Adder graph: {{'A',[3;5],1,[1;1],0,2,[-1;1],0,0},{'M',[12;1],2,[1;1],0,[NaN;0],[3;5],1,[2;NaN]},{'A',[193;17],3,[1;1],0,0,[12;1],2,4},{'A',[45;85],2,[3;5],1,4,[-3;5],1,0},{'M',[1;16],1,[1;1],0,[0;4]},{'A',[43;117],3,[45;85],2,0,[-1;16],1,1},{'M',[45;5],3,[3;5],1,[NaN;0],[45;85],2,[0;NaN]},{'A',[77;27],4,[1;1],0,5,[45;-5],3,0},{'M',[77;117],5,[43;117],3,[NaN;0],[77;27],4,[0;NaN]},{'O',[77;117],5,[77;117],5,0},{'O',[154;54],4,[77;27],4,1},{'M',[90;17],4,[193;17],3,[NaN;0],[45;85],2,[1;NaN]},{'O',[90;17],4,[90;17],4,0},{'M',[193;20],4,[3;5],1,[NaN;2],[193;17],3,[0;NaN]},{'O',[193;20],4,[193;20],4,0},{'M',[43;1],4,[1;1],0,[NaN;0],[43;117],3,[0;NaN]},{'O',[43;1],4,[43;1],4,0}}
# Add optimal = 1
# Mux optimal = 1
# FAs optimal = 0
