<graph>
{{'A',[368],3,[1],2,7,[15],2,4},{'A',[268],3,[1],2,3,[65],2,2},{'A',[105],3,[15],2,3,[-15],2,0},{'A',[246],3,[127],2,1,[-1],2,3},{'A',[860],3,[15],2,4,[155],2,2},{'R',[1],2,[1],1},{'A',[15],2,[1],1,4,[-1],1,0},{'A',[65],2,[1],1,0,[1],1,6},{'A',[127],2,[1],1,7,[-1],1,0},{'A',[155],2,[5],1,5,[-5],1,0},{'R',[1],1,[1],0},{'A',[5],1,[1],0,0,[1],0,2}}
</graph>
<graph>
{{'A',[52],3,[15],2,2,[-1],2,3},{'A',[262],3,[1],2,1,[65],2,2},{'A',[764],3,[1],2,10,[-65],2,2},{'A',[964],3,[1],2,2,[15],2,6},{'A',[663],3,[127],2,2,[155],2,0},{'R',[1],2,[1],1},{'A',[15],2,[1],1,4,[-1],1,0},{'A',[65],2,[1],1,0,[1],1,6},{'A',[127],2,[1],1,7,[-1],1,0},{'A',[155],2,[5],1,5,[-5],1,0},{'R',[1],1,[1],0},{'A',[5],1,[1],0,0,[1],0,2}}
</graph>
<graph>
{{'A',[768],3,[1],2,8,[1],2,9},{'A',[364],3,[155],2,2,[-1],2,8},{'A',[1010],3,[65],2,4,[-15],2,1},{'A',[685],3,[65],2,0,[155],2,2},{'A',[747],3,[127],2,0,[155],2,2},{'R',[1],2,[1],1},{'A',[15],2,[1],1,4,[-1],1,0},{'A',[65],2,[1],1,0,[1],1,6},{'A',[127],2,[1],1,7,[-1],1,0},{'A',[155],2,[5],1,5,[-5],1,0},{'R',[1],1,[1],0},{'A',[5],1,[1],0,0,[1],0,2}}
</graph>
<merge>
105;964;768
</merge>
<merge>
860;663;685
</merge>
<merge>
246;52;364
</merge>
<merge>
268;262;747
</merge>
<merge>
368;764;1010
</merge>