Adder graph: {{'M',[1;4],1,[1;1],0,[0;2]},{'M',[1;16],1,[1;1],0,[0;4]},{'A',[-3;-60],2,[1;4],1,0,[-1;-16],1,2},{'M',[-6;-60],3,[-3;-60],2,[1;0]},{'A',[-104;-968],4,[-6;-60],3,4,[-1;-1],0,3},{'M',[1;-60],3,[1;1],0,[0;NaN],[-3;-60],2,[NaN;0]},{'M',[1;2],1,[1;1],0,[0;1]},{'A',[-60;-368],4,[1;-60],3,2,[-1;-2],1,6},{'M',[2;-968],5,[1;1],0,[1;NaN],[-104;-968],4,[NaN;0]},{'M',[-104;1],5,[1;1],0,[NaN;0],[-104;-968],4,[0;NaN]},{'A',[-102;-969],6,[2;-968],5,0,[-104;-1],5,0},{'M',[-104;-60],5,[-3;-60],2,[NaN;0],[-104;-968],4,[0;NaN]},{'A',[-415;-241],6,[-104;-60],5,2,[1;-1],0,0},{'M',[-60;-969],7,[-60;-368],4,[0;NaN],[-102;-969],6,[NaN;0]},{'O',[60;969],7,[60;969],7,0},{'M',[-415;-368],7,[-60;-368],4,[NaN;0],[-415;-241],6,[0;NaN]},{'O',[415;368],7,[415;368],7,0},{'M',[-102;-482],7,[-102;-969],6,[0;NaN],[-415;-241],6,[NaN;1]},{'O',[102;482],7,[102;482],7,0}}
Adder graph: {{'M',[1;4],1,[1;1],0,[0;2]},{'A',[65;-60],2,[1;4],1,0,[1;-1],0,6},{'M',[32;1],1,[1;1],0,[5;0]},{'M',[1;-60],3,[1;1],0,[0;NaN],[65;-60],2,[NaN;0]},{'A',[30;121],4,[32;1],1,0,[-1;60],3,1},{'M',[2;1],1,[1;1],0,[1;0]},{'M',[65;484],5,[65;-60],2,[0;NaN],[30;121],4,[NaN;2]},{'A',[132;969],6,[2;1],1,0,[65;484],5,1},{'M',[30;8],5,[1;1],0,[NaN;3],[30;121],4,[0;NaN]},{'M',[65;-240],3,[65;-60],2,[0;2]},{'A',[415;368],6,[30;8],5,4,[-65;240],3,0},{'M',[30;-240],5,[65;-60],2,[NaN;2],[30;121],4,[0;NaN]},{'M',[132;242],7,[30;121],4,[NaN;1],[132;969],6,[0;NaN]},{'A',[-102;-482],8,[30;-240],5,0,[-132;-242],7,0},{'M',[60;969],7,[30;121],4,[1;NaN],[132;969],6,[NaN;0]},{'O',[60;969],7,[60;969],7,0},{'O',[415;368],6,[415;368],6,0},{'O',[102;482],8,[102;482],8,0}}
Adder graph: {{'M',[1;4],1,[1;1],0,[0;2]},{'A',[-6;-30],2,[1;1],0,1,[-1;-4],1,3},{'M',[4;1],1,[1;1],0,[2;0]},{'A',[-52;-241],3,[-6;-30],2,3,[-4;-1],1,0},{'M',[1;-30],3,[1;1],0,[0;NaN],[-6;-30],2,[NaN;0]},{'M',[-52;2],4,[1;1],0,[NaN;1],[-52;-241],3,[0;NaN]},{'A',[-415;-46],5,[1;-30],3,0,[-52;-2],4,3},{'M',[-52;-368],6,[-52;-241],3,[0;NaN],[-415;-46],5,[NaN;3]},{'M',[2;-241],4,[1;1],0,[1;NaN],[-52;-241],3,[NaN;0]},{'A',[-102;-977],7,[-52;-368],6,1,[2;-241],4,0},{'M',[-52;-977],8,[-52;-241],3,[0;NaN],[-102;-977],7,[NaN;0]},{'A',[-60;-969],9,[-52;-977],8,0,[-1;1],0,3},{'O',[60;969],9,[60;969],9,0},{'M',[-415;-368],6,[-415;-46],5,[0;3]},{'O',[415;368],6,[415;368],6,0},{'M',[-102;-482],8,[-52;-241],3,[NaN;1],[-102;-977],7,[0;NaN]},{'O',[102;482],8,[102;482],8,0}}
Adder graph: {{'A',[60;60],1,[1;1],0,6,[-1;-1],0,2},{'M',[1;4],1,[1;1],0,[0;2]},{'A',[52;92],2,[60;60],1,0,[-1;4],1,3},{'M',[416;1],3,[1;1],0,[NaN;0],[52;92],2,[3;NaN]},{'M',[1;240],2,[1;1],0,[0;NaN],[60;60],1,[NaN;2]},{'A',[415;241],4,[416;1],3,0,[-1;240],2,0},{'M',[104;1],3,[1;1],0,[NaN;0],[52;92],2,[1;NaN]},{'M',[1;482],5,[1;1],0,[0;NaN],[415;241],4,[NaN;1]},{'A',[102;965],6,[104;1],3,0,[-1;482],5,1},{'A',[106;969],7,[102;965],6,0,[1;1],0,2},{'M',[60;969],8,[60;60],1,[0;NaN],[106;969],7,[NaN;0]},{'O',[60;969],8,[60;969],8,0},{'M',[415;368],5,[52;92],2,[NaN;2],[415;241],4,[0;NaN]},{'O',[415;368],5,[415;368],5,0},{'M',[102;482],7,[415;241],4,[NaN;1],[102;965],6,[0;NaN]},{'O',[102;482],7,[102;482],7,0}}
Adder graph: {{'A',[17;15],1,[1;1],0,4,[1;-1],0,0},{'M',[17;2],2,[1;1],0,[NaN;1],[17;15],1,[0;NaN]},{'A',[102;46],3,[17;2],2,3,[-17;15],1,1},{'M',[1;15],2,[1;1],0,[0;NaN],[17;15],1,[NaN;0]},{'A',[15;241],3,[1;15],2,4,[-1;1],0,0},{'M',[2048;241],4,[1;1],0,[11;NaN],[15;241],3,[NaN;0]},{'A',[416;977],5,[2048;241],4,0,[-102;46],3,4},{'M',[1;8],1,[1;1],0,[0;3]},{'A',[415;969],6,[416;977],5,0,[-1;-8],1,0},{'M',[60;969],7,[15;241],3,[2;NaN],[415;969],6,[NaN;0]},{'O',[60;969],7,[60;969],7,0},{'M',[415;368],7,[102;46],3,[NaN;3],[415;969],6,[0;NaN]},{'O',[415;368],7,[415;368],7,0},{'M',[102;482],4,[102;46],3,[0;NaN],[15;241],3,[NaN;1]},{'O',[102;482],4,[102;482],4,0}}
Adder graph: {{'M',[1;256],1,[1;1],0,[0;8]},{'A',[15;-240],2,[1;1],0,4,[-1;-256],1,0},{'A',[-26;484],3,[1;1],0,2,[-15;240],2,1},{'M',[-104;484],4,[-26;484],3,[2;0]},{'A',[-102;-482],5,[1;1],0,1,[-104;-484],4,0},{'M',[-416;-240],4,[15;-240],2,[NaN;0],[-26;484],3,[4;NaN]},{'M',[1;128],1,[1;1],0,[0;7]},{'A',[-415;-368],5,[-416;-240],4,0,[1;-128],1,0},{'M',[-52;484],4,[-26;484],3,[1;0]},{'A',[-103;969],5,[-52;484],4,1,[1;1],0,0},{'M',[60;969],6,[15;-240],2,[2;NaN],[-103;969],5,[NaN;0]},{'O',[60;969],6,[60;969],6,0},{'O',[415;368],5,[415;368],5,0},{'O',[102;482],5,[102;482],5,0}}
Adder graph: {{'M',[1;256],1,[1;1],0,[0;8]},{'A',[17;240],2,[1;256],1,0,[1;-1],0,4},{'M',[34;1],3,[1;1],0,[NaN;0],[17;240],2,[1;NaN]},{'A',[51;241],4,[34;1],3,0,[17;240],2,0},{'M',[68;241],5,[17;240],2,[2;NaN],[51;241],4,[NaN;0]},{'A',[543;1929],6,[68;241],5,3,[-1;1],0,0},{'M',[543;240],7,[17;240],2,[NaN;0],[543;1929],6,[0;NaN]},{'A',[415;368],8,[543;240],7,0,[-1;1],0,7},{'M',[128;1929],7,[1;1],0,[7;NaN],[543;1929],6,[NaN;0]},{'A',[-60;-969],8,[17;240],2,2,[-128;-1929],7,0},{'O',[60;969],8,[60;969],8,0},{'O',[415;368],8,[415;368],8,0},{'O',[102;482],4,[51;241],4,1}}
Adder graph: {{'A',[15;15],1,[1;1],0,4,[-1;-1],0,0},{'A',[7;9],1,[1;1],0,3,[-1;1],0,0},{'A',[100;92],2,[1;1],0,7,[-7;-9],1,2},{'M',[100;480],3,[15;15],1,[NaN;5],[100;92],2,[0;NaN]},{'A',[102;482],4,[100;480],3,0,[1;1],0,1},{'M',[102;240],5,[15;15],1,[NaN;4],[102;482],4,[0;NaN]},{'A',[415;969],6,[102;240],5,2,[7;9],1,0},{'M',[60;969],7,[15;15],1,[2;NaN],[415;969],6,[NaN;0]},{'O',[60;969],7,[60;969],7,0},{'M',[415;368],7,[100;92],2,[NaN;2],[415;969],6,[0;NaN]},{'O',[415;368],7,[415;368],7,0},{'O',[102;482],4,[102;482],4,0}}
Finished solving after 1961.7 seconds
Adder graph: {{'A',[15;15],1,[1;1],0,4,[-1;-1],0,0},{'A',[7;9],1,[1;1],0,3,[-1;1],0,0},{'A',[100;92],2,[1;1],0,7,[-7;-9],1,2},{'M',[100;480],3,[15;15],1,[NaN;5],[100;92],2,[0;NaN]},{'A',[102;482],4,[100;480],3,0,[1;1],0,1},{'M',[102;240],5,[15;15],1,[NaN;4],[102;482],4,[0;NaN]},{'A',[415;969],6,[102;240],5,2,[7;9],1,0},{'M',[60;969],7,[15;15],1,[2;NaN],[415;969],6,[NaN;0]},{'O',[60;969],7,[60;969],7,0},{'M',[415;368],7,[100;92],2,[NaN;2],[415;969],6,[0;NaN]},{'O',[415;368],7,[415;368],7,0},{'O',[102;482],4,[102;482],4,0}}
# Add optimal = 1
# Mux optimal = 1
# FAs optimal = 0
