Adder graph: {{'M',[4;1],1,[1;1],0,[2;0]},{'A',[-28;-7],2,[4;1],1,0,[-4;-1],1,3},{'M',[2;-7],3,[1;1],0,[1;NaN],[-28;-7],2,[NaN;0]},{'A',[6;-21],4,[2;-7],3,0,[2;-7],3,1},{'M',[8;-21],5,[1;1],0,[3;NaN],[6;-21],4,[NaN;0]},{'M',[6;-14],5,[-28;-7],2,[NaN;1],[6;-21],4,[0;NaN]},{'A',[70;-154],6,[8;-21],5,3,[6;14],5,0},{'M',[-112;1],3,[1;1],0,[NaN;0],[-28;-7],2,[2;NaN]},{'A',[28;309],7,[-112;1],3,0,[70;154],6,1},{'M',[56;-21],8,[6;-21],4,[NaN;0],[28;309],7,[1;NaN]},{'A',[-968;1003],9,[56;-21],8,0,[-1;1],0,10},{'M',[-112;-7],3,[-28;-7],2,[2;0]},{'M',[4;309],8,[1;1],0,[2;NaN],[28;309],7,[NaN;0]},{'A',[-228;-323],9,[-112;-7],3,1,[-4;-309],8,0},{'M',[70;1003],10,[70;-154],6,[0;NaN],[-968;1003],9,[NaN;0]},{'O',[70;1003],10,[70;1003],10,0},{'M',[-968;-323],10,[-968;1003],9,[0;NaN],[-228;-323],9,[NaN;0]},{'O',[968;323],10,[968;323],10,0},{'M',[6;309],8,[6;-21],4,[0;NaN],[28;309],7,[NaN;0]},{'O',[6;309],8,[6;309],8,0}}
Adder graph: {{'M',[8;1],1,[1;1],0,[3;0]},{'A',[-127;17],2,[1;1],0,0,[-8;1],1,4},{'M',[1;34],3,[1;1],0,[0;NaN],[-127;17],2,[NaN;1]},{'M',[8;17],3,[1;1],0,[3;NaN],[-127;17],2,[NaN;0]},{'A',[-6;85],4,[1;34],3,1,[-8;17],3,0},{'M',[-6;544],5,[-127;17],2,[NaN;5],[-6;85],4,[0;NaN]},{'A',[6;-1003],6,[-6;85],4,0,[6;-544],5,1},{'M',[24;1],7,[1;1],0,[NaN;0],[6;-1003],6,[2;NaN]},{'M',[32;1],1,[1;1],0,[5;0]},{'A',[7168;224],8,[24;1],7,8,[32;-1],1,5},{'M',[48;17],7,[-127;17],2,[NaN;0],[6;-1003],6,[3;NaN]},{'M',[-254;85],5,[-127;17],2,[1;NaN],[-6;85],4,[NaN;0]},{'A',[-968;-323],8,[48;17],7,0,[-254;-85],5,2},{'M',[-6;224],9,[-6;85],4,[0;NaN],[7168;224],8,[NaN;0]},{'M',[64;85],5,[1;1],0,[6;NaN],[-6;85],4,[NaN;0]},{'A',[-70;309],10,[-6;224],9,0,[-64;85],5,0},{'M',[-70;-1003],11,[6;-1003],6,[NaN;0],[-70;309],10,[0;NaN]},{'O',[70;1003],11,[70;1003],11,0},{'O',[968;323],8,[968;323],8,0},{'M',[6;309],11,[6;-1003],6,[0;NaN],[-70;309],10,[NaN;0]},{'O',[6;309],11,[6;309],11,0}}
Adder graph: {{'M',[1;2],1,[1;1],0,[0;1]},{'M',[4;1],1,[1;1],0,[2;0]},{'A',[-63;-14],2,[1;2],1,0,[-4;-1],1,4},{'M',[16;1],1,[1;1],0,[4;0]},{'A',[14;5],2,[16;1],1,0,[-1;2],1,1},{'M',[-63;8],3,[1;1],0,[NaN;3],[-63;-14],2,[0;NaN]},{'M',[14;160],3,[14;5],2,[0;5]},{'A',[-35;328],4,[-63;8],3,0,[14;160],3,1},{'M',[256;328],5,[1;1],0,[8;NaN],[-35;328],4,[NaN;0]},{'A',[-242;-323],6,[14;5],2,0,[-256;-328],5,0},{'M',[4;-14],3,[1;1],0,[2;NaN],[-63;-14],2,[NaN;0]},{'M',[2;-323],7,[1;1],0,[1;NaN],[-242;-323],6,[NaN;0]},{'A',[6;309],8,[4;-14],3,0,[2;323],7,0},{'A',[146;-1003],9,[6;309],8,0,[35;-328],4,2},{'M',[-70;-1003],10,[-35;328],4,[1;NaN],[146;-1003],9,[NaN;0]},{'O',[70;1003],10,[70;1003],10,0},{'M',[-968;-323],7,[-242;-323],6,[2;0]},{'O',[968;323],7,[968;323],7,0},{'O',[6;309],8,[6;309],8,0}}
Adder graph: {{'M',[4;1],1,[1;1],0,[2;0]},{'A',[9;3],2,[1;1],0,0,[4;1],1,1},{'M',[36;3],3,[9;3],2,[2;0]},{'A',[92;125],4,[1;1],0,7,[-36;-3],3,0},{'M',[1;1000],5,[1;1],0,[0;NaN],[92;125],4,[NaN;3]},{'M',[32;3],3,[1;1],0,[5;NaN],[9;3],2,[NaN;0]},{'A',[-31;1003],6,[1;1000],5,0,[-32;3],3,0},{'A',[484;317],5,[9;3],2,6,[-92;125],4,0},{'M',[4;317],6,[1;1],0,[2;NaN],[484;317],5,[NaN;0]},{'M',[-31;6],7,[9;3],2,[NaN;1],[-31;1003],6,[0;NaN]},{'A',[35;323],8,[4;317],6,0,[31;6],7,0},{'M',[1;4],1,[1;1],0,[0;2]},{'A',[6;309],7,[4;317],6,0,[1;-4],1,1},{'M',[70;1003],9,[-31;1003],6,[NaN;0],[35;323],8,[1;NaN]},{'O',[70;1003],9,[70;1003],9,0},{'M',[968;323],9,[484;317],5,[1;NaN],[35;323],8,[NaN;0]},{'O',[968;323],9,[968;323],9,0},{'O',[6;309],7,[6;309],7,0}}
Adder graph: {{'M',[8;1],1,[1;1],0,[3;0]},{'A',[-127;-15],2,[1;1],0,0,[-8;-1],1,4},{'M',[1;4],1,[1;1],0,[0;2]},{'M',[4;-15],3,[1;1],0,[2;NaN],[-127;-15],2,[NaN;0]},{'A',[-3;19],4,[1;4],1,0,[-4;15],3,0},{'M',[-1016;19],5,[-127;-15],2,[3;NaN],[-3;19],4,[NaN;0]},{'A',[968;323],6,[-3;19],4,4,[1016;19],5,0},{'A',[-4088;-328],5,[-127;-15],2,5,[-3;19],4,3},{'M',[4;-328],6,[1;1],0,[2;NaN],[-4088;-328],5,[NaN;0]},{'A',[-7;-309],7,[-3;19],4,0,[-4;-328],6,0},{'M',[-7;-328],8,[-4088;-328],5,[NaN;0],[-7;-309],7,[0;NaN]},{'A',[-35;-1003],9,[-7;-328],8,2,[-7;309],7,0},{'M',[-70;-1003],10,[-35;-1003],9,[1;0]},{'O',[70;1003],10,[70;1003],10,0},{'O',[968;323],6,[968;323],6,0},{'M',[-6;-309],8,[-3;19],4,[1;NaN],[-7;-309],7,[NaN;0]},{'O',[6;309],8,[6;309],8,0}}
Adder graph: {{'A',[17;15],1,[1;1],0,4,[1;-1],0,0},{'M',[1;2],1,[1;1],0,[0;1]},{'A',[-15;19],2,[1;2],1,1,[-17;15],1,0},{'M',[8;19],3,[1;1],0,[3;NaN],[-15;19],2,[NaN;0]},{'M',[17;304],3,[17;15],1,[0;NaN],[-15;19],2,[NaN;4]},{'A',[-9;323],4,[8;19],3,0,[-17;304],3,0},{'M',[34;15],2,[17;15],1,[1;0]},{'A',[968;328],3,[34;15],2,5,[-15;-19],2,3},{'M',[-9;328],5,[-9;323],4,[0;NaN],[968;328],3,[NaN;0]},{'A',[-6;-309],6,[-15;19],2,0,[9;-328],5,0},{'M',[16;328],4,[1;1],0,[4;NaN],[968;328],3,[NaN;0]},{'A',[70;1003],7,[16;328],4,2,[6;-309],6,0},{'O',[70;1003],7,[70;1003],7,0},{'M',[968;323],5,[-9;323],4,[NaN;0],[968;328],3,[0;NaN]},{'O',[968;323],5,[968;323],5,0},{'O',[6;309],6,[6;309],6,0}}
Adder graph: {{'M',[64;1],1,[1;1],0,[6;0]},{'A',[72;7],2,[1;1],0,3,[64;-1],1,0},{'A',[136;-120],1,[1;1],0,3,[1;-1],0,7},{'M',[1;256],1,[1;1],0,[0;8]},{'A',[142;-498],3,[72;7],2,1,[-1;-256],1,1},{'A',[-3;-309],4,[136;-120],1,-1,[-142;-498],3,-1},{'M',[-1536;-309],5,[-3;-309],4,[9;0]},{'M',[284;7],4,[72;7],2,[NaN;0],[142;-498],3,[1;NaN]},{'A',[-968;-323],6,[-1536;-309],5,0,[284;-7],4,1},{'M',[1;-498],4,[1;1],0,[0;NaN],[142;-498],3,[NaN;0]},{'A',[-70;-1003],5,[1;-498],4,1,[-72;-7],2,0},{'O',[70;1003],5,[70;1003],5,0},{'O',[968;323],6,[968;323],6,0},{'M',[-6;-309],5,[-3;-309],4,[1;0]},{'O',[6;309],5,[6;309],5,0}}
Adder graph: {{'A',[34;-30],1,[1;1],0,1,[1;-1],0,5},{'M',[2;1],1,[1;1],0,[1;0]},{'A',[6;7],2,[1;1],0,3,[-2;-1],1,0},{'M',[6;128],3,[1;1],0,[NaN;7],[6;7],2,[0;NaN]},{'A',[-6;-249],4,[6;7],2,0,[-6;-128],3,1},{'M',[16;-249],5,[1;1],0,[4;NaN],[-6;-249],4,[NaN;0]},{'A',[70;1003],6,[6;7],2,0,[16;249],5,2},{'M',[1024;-249],5,[1;1],0,[10;NaN],[-6;-249],4,[NaN;0]},{'A',[-956;-309],6,[34;-30],1,1,[-1024;-249],5,0},{'A',[-968;-323],7,[-956;-309],6,0,[-6;-7],2,1},{'O',[70;1003],6,[70;1003],6,0},{'O',[968;323],7,[968;323],7,0},{'M',[-6;-309],7,[-6;-249],4,[0;NaN],[-956;-309],6,[NaN;0]},{'O',[6;309],7,[6;309],7,0}}
Adder graph: {{'A',[-3;5],1,[1;1],0,0,[-1;1],0,2},{'M',[-768;1],2,[1;1],0,[NaN;0],[-3;5],1,[8;NaN]},{'A',[-960;-319],3,[-768;1],2,0,[-3;-5],1,6},{'A',[518;502],2,[1;1],0,9,[3;-5],1,1},{'M',[2;1],1,[1;1],0,[1;0]},{'A',[968;323],4,[2;1],1,2,[960;319],3,0},{'A',[-966;-309],4,[-3;5],1,1,[-960;-319],3,0},{'M',[-966;1],5,[1;1],0,[NaN;0],[-966;-309],4,[0;NaN]},{'A',[70;1003],6,[518;502],2,1,[-966;-1],5,0},{'O',[70;1003],6,[70;1003],6,0},{'O',[968;323],4,[968;323],4,0},{'M',[-6;-309],5,[-3;5],1,[1;NaN],[-966;-309],4,[NaN;0]},{'O',[6;309],5,[6;309],5,0}}
Adder graph: {{'A',[-3;5],1,[1;1],0,0,[-1;1],0,2},{'A',[50;82],2,[1;1],0,1,[3;5],1,4},{'A',[-5;11],2,[-3;5],1,1,[1;1],0,0},{'M',[-768;5],2,[-3;5],1,[8;0]},{'A',[968;323],3,[50;82],2,2,[768;-5],2,0},{'M',[1;320],2,[1;1],0,[0;NaN],[-3;5],1,[NaN;6]},{'A',[6;309],3,[1;320],2,0,[5;-11],2,0},{'M',[4;82],3,[1;1],0,[2;NaN],[50;82],2,[NaN;0]},{'A',[70;1003],4,[4;82],3,4,[6;-309],3,0},{'O',[70;1003],4,[70;1003],4,0},{'O',[968;323],3,[968;323],3,0},{'O',[6;309],3,[6;309],3,0}}
Finished solving after 7214.56 seconds
Adder graph: {{'A',[-3;5],1,[1;1],0,0,[-1;1],0,2},{'A',[50;82],2,[1;1],0,1,[3;5],1,4},{'A',[-5;11],2,[-3;5],1,1,[1;1],0,0},{'M',[-768;5],2,[-3;5],1,[8;0]},{'A',[968;323],3,[50;82],2,2,[768;-5],2,0},{'M',[1;320],2,[1;1],0,[0;NaN],[-3;5],1,[NaN;6]},{'A',[6;309],3,[1;320],2,0,[5;-11],2,0},{'M',[4;82],3,[1;1],0,[2;NaN],[50;82],2,[NaN;0]},{'A',[70;1003],4,[4;82],3,4,[6;-309],3,0},{'O',[70;1003],4,[70;1003],4,0},{'O',[968;323],3,[968;323],3,0},{'O',[6;309],3,[6;309],3,0}}
# Add optimal = 1
# Mux optimal = 0
# FAs optimal = 0
