Adder graph: {{'M',[1;64],1,[1;1],0,[0;6]},{'M',[1;2],1,[1;1],0,[0;1]},{'A',[3;60],2,[1;64],1,0,[1;-2],1,1},{'M',[4;60],3,[1;1],0,[2;NaN],[3;60],2,[NaN;0]},{'M',[1;16],1,[1;1],0,[0;4]},{'A',[-28;572],4,[4;60],3,0,[-1;16],1,5},{'M',[384;1],3,[1;1],0,[NaN;0],[3;60],2,[7;NaN]},{'A',[381;-59],4,[384;1],3,0,[-3;-60],2,0},{'M',[3;1],3,[1;1],0,[NaN;0],[3;60],2,[0;NaN]},{'M',[-28;-118],5,[-28;572],4,[0;NaN],[381;-59],4,[NaN;1]},{'A',[-109;473],6,[3;1],3,0,[-28;118],5,2},{'M',[381;120],5,[3;60],2,[NaN;1],[381;-59],4,[0;NaN]},{'M',[12;473],7,[3;60],2,[2;NaN],[-109;473],6,[NaN;0]},{'A',[750;713],8,[381;120],5,1,[-12;473],7,0},{'M',[-872;-59],7,[381;-59],4,[NaN;0],[-109;473],6,[3;NaN]},{'O',[872;59],7,[872;59],7,0},{'M',[381;572],5,[-28;572],4,[NaN;0],[381;-59],4,[0;NaN]},{'O',[381;572],5,[381;572],5,0},{'O',[750;713],8,[750;713],8,0}}
Adder graph: {{'A',[68;60],1,[1;1],0,6,[1;-1],0,2},{'M',[4;1],1,[1;1],0,[2;0]},{'M',[1;60],2,[1;1],0,[0;NaN],[68;60],1,[NaN;0]},{'A',[3;-59],3,[4;1],1,0,[-1;-60],2,0},{'M',[96;60],4,[68;60],1,[NaN;0],[3;-59],3,[5;NaN]},{'M',[3;1],4,[1;1],0,[NaN;0],[3;-59],3,[0;NaN]},{'A',[381;241],5,[96;60],4,2,[-3;1],4,0},{'M',[3;-236],4,[3;-59],3,[0;2]},{'A',[-375;-713],6,[3;-236],4,1,[-381;-241],5,0},{'M',[1088;60],2,[68;60],1,[4;0]},{'M',[381;128],6,[1;1],0,[NaN;7],[381;241],5,[0;NaN]},{'A',[-436;572],7,[1088;60],2,0,[-381;128],6,2},{'M',[-872;-59],8,[3;-59],3,[NaN;0],[-436;572],7,[1;NaN]},{'O',[872;59],8,[872;59],8,0},{'M',[381;572],8,[381;241],5,[0;NaN],[-436;572],7,[NaN;0]},{'O',[381;572],8,[381;572],8,0},{'M',[-750;-713],7,[-375;-713],6,[1;0]},{'O',[750;713],7,[750;713],7,0}}
Adder graph: {{'M',[1;2],1,[1;1],0,[0;1]},{'A',[3;5],2,[1;1],0,0,[1;2],1,1},{'A',[61;59],3,[1;1],0,6,[-3;-5],2,0},{'M',[12;59],4,[3;5],2,[2;NaN],[61;59],3,[NaN;0]},{'A',[436;708],5,[12;59],4,4,[61;-59],3,2},{'M',[61;1280],4,[3;5],2,[NaN;8],[61;59],3,[0;NaN]},{'A',[375;-572],6,[436;708],5,0,[-61;-1280],4,0},{'M',[384;708],6,[3;5],2,[7;NaN],[436;708],5,[NaN;0]},{'A',[-381;713],7,[3;5],2,0,[-384;708],6,0},{'M',[872;59],6,[61;59],3,[NaN;0],[436;708],5,[1;NaN]},{'O',[872;59],6,[872;59],6,0},{'M',[-381;-572],8,[375;-572],6,[NaN;0],[-381;713],7,[0;NaN]},{'O',[381;572],8,[381;572],8,0},{'M',[750;713],8,[375;-572],6,[1;NaN],[-381;713],7,[NaN;0]},{'O',[750;713],8,[750;713],8,0}}
Adder graph: {{'M',[1;8],1,[1;1],0,[0;3]},{'A',[3;15],2,[1;8],1,1,[1;-1],0,0},{'A',[-125;143],3,[3;15],2,0,[-1;1],0,7},{'A',[-375;715],4,[-125;143],3,2,[125;143],3,0},{'M',[128;1],1,[1;1],0,[7;0]},{'M',[-250;15],4,[3;15],2,[NaN;0],[-125;143],3,[1;NaN]},{'A',[-872;-59],5,[128;1],1,0,[-250;-15],4,2},{'M',[3;1],3,[1;1],0,[NaN;0],[3;15],2,[0;NaN]},{'A',[381;-713],5,[3;1],3,1,[375;-715],4,0},{'O',[872;59],5,[872;59],5,0},{'M',[381;572],6,[-125;143],3,[NaN;2],[381;-713],5,[0;NaN]},{'O',[381;572],6,[381;572],6,0},{'M',[-750;-713],6,[-375;715],4,[1;NaN],[381;-713],5,[NaN;0]},{'O',[750;713],6,[750;713],6,0}}
Adder graph: {{'A',[3;5],1,[1;1],0,2,[-1;1],0,0},{'A',[-61;-59],2,[3;5],1,0,[-1;-1],0,6},{'M',[96;-59],3,[3;5],1,[5;NaN],[-61;-59],2,[NaN;0]},{'A',[-436;-354],4,[-61;-59],2,2,[-96;-59],3,1},{'M',[192;-354],5,[3;5],1,[6;NaN],[-436;-354],4,[NaN;0]},{'M',[3;1280],2,[3;5],1,[0;8]},{'A',[381;572],6,[192;-354],5,1,[-3;1280],2,0},{'M',[-122;5],3,[3;5],1,[NaN;0],[-61;-59],2,[1;NaN]},{'A',[750;713],5,[-122;5],3,0,[436;354],4,1},{'M',[-872;-59],5,[-61;-59],2,[NaN;0],[-436;-354],4,[1;NaN]},{'O',[872;59],5,[872;59],5,0},{'O',[381;572],6,[381;572],6,0},{'O',[750;713],5,[750;713],5,0}}
Finished solving after 791.987 seconds
Adder graph: {{'A',[3;5],1,[1;1],0,2,[-1;1],0,0},{'A',[-61;-59],2,[3;5],1,0,[-1;-1],0,6},{'M',[96;-59],3,[3;5],1,[5;NaN],[-61;-59],2,[NaN;0]},{'A',[-436;-354],4,[-61;-59],2,2,[-96;-59],3,1},{'M',[192;-354],5,[3;5],1,[6;NaN],[-436;-354],4,[NaN;0]},{'M',[3;1280],2,[3;5],1,[0;8]},{'A',[381;572],6,[192;-354],5,1,[-3;1280],2,0},{'M',[-122;5],3,[3;5],1,[NaN;0],[-61;-59],2,[1;NaN]},{'A',[750;713],5,[-122;5],3,0,[436;354],4,1},{'M',[-872;-59],5,[-61;-59],2,[NaN;0],[-436;-354],4,[1;NaN]},{'O',[872;59],5,[872;59],5,0},{'O',[381;572],6,[381;572],6,0},{'O',[750;713],5,[750;713],5,0}}
# Add optimal = 1
# Mux optimal = 1
# FAs optimal = 0
