Adder graph: {{'M',[128;1],1,[1;1],0,[7;0]},{'M',[1;8],1,[1;1],0,[0;3]},{'A',[129;-7],2,[128;1],1,0,[1;-8],1,0},{'M',[16;1],1,[1;1],0,[4;0]},{'M',[2;-7],3,[1;1],0,[1;NaN],[129;-7],2,[NaN;0]},{'A',[130;15],4,[16;1],1,3,[2;7],3,0},{'M',[32;1],1,[1;1],0,[5;0]},{'M',[129;-56],3,[129;-7],2,[0;3]},{'A',[-226;-111],4,[32;1],1,0,[-129;-56],3,1},{'M',[-904;-7],5,[129;-7],2,[NaN;0],[-226;-111],4,[2;NaN]},{'M',[32;-111],5,[1;1],0,[5;NaN],[-226;-111],4,[NaN;0]},{'A',[-968;-229],6,[-904;-7],5,0,[-32;-111],5,1},{'M',[129;-458],7,[129;-7],2,[0;NaN],[-968;-229],6,[NaN;1]},{'M',[130;60],5,[130;15],4,[0;2]},{'A',[-911;-938],8,[129;-458],7,0,[-130;-60],5,3},{'M',[-911;-229],9,[-968;-229],6,[NaN;0],[-911;-938],8,[0;NaN]},{'O',[911;229],9,[911;229],9,0},{'M',[-904;-938],9,[-226;-111],4,[2;NaN],[-911;-938],8,[NaN;0]},{'O',[904;938],9,[904;938],9,0},{'M',[-968;-111],7,[-226;-111],4,[NaN;0],[-968;-229],6,[0;NaN]},{'O',[968;111],7,[968;111],7,0}}
Adder graph: {{'M',[1;16],1,[1;1],0,[0;4]},{'M',[8;1],1,[1;1],0,[3;0]},{'A',[-7;17],2,[1;16],1,0,[-8;1],1,0},{'M',[1;128],1,[1;1],0,[0;7]},{'M',[-112;17],3,[-7;17],2,[4;0]},{'A',[113;111],4,[1;128],1,0,[112;-17],3,0},{'M',[226;17],5,[-7;17],2,[NaN;0],[113;111],4,[1;NaN]},{'M',[-7;111],5,[-7;17],2,[0;NaN],[113;111],4,[NaN;0]},{'A',[911;-43],6,[226;17],5,2,[7;-111],5,0},{'M',[113;-43],7,[113;111],4,[0;NaN],[911;-43],6,[NaN;0]},{'M',[1;64],1,[1;1],0,[0;6]},{'A',[121;469],8,[113;-43],7,0,[1;64],1,3},{'M',[452;17],5,[-7;17],2,[NaN;0],[113;111],4,[2;NaN]},{'A',[8143;229],7,[452;17],5,4,[911;-43],6,0},{'M',[911;229],8,[911;-43],6,[0;NaN],[8143;229],7,[NaN;0]},{'O',[911;229],8,[911;229],8,0},{'M',[452;469],9,[113;111],4,[2;NaN],[121;469],8,[NaN;0]},{'O',[904;938],9,[452;469],9,1},{'M',[968;111],9,[113;111],4,[NaN;0],[121;469],8,[3;NaN]},{'O',[968;111],9,[968;111],9,0}}
Adder graph: {{'M',[64;1],1,[1;1],0,[6;0]},{'A',[-56;7],2,[1;1],0,3,[-64;-1],1,0},{'M',[-56;14],3,[-56;7],2,[0;1]},{'M',[1;448],3,[1;1],0,[0;NaN],[-56;7],2,[NaN;6]},{'A',[-113;476],4,[-56;14],3,1,[-1;448],3,0},{'M',[-112;1],3,[1;1],0,[NaN;0],[-56;7],2,[1;NaN]},{'A',[-1008;-111],4,[-112;1],3,0,[-56;-7],2,4},{'M',[512;7],3,[1;1],0,[9;NaN],[-56;7],2,[NaN;0]},{'M',[-113;952],5,[-113;476],4,[0;1]},{'A',[911;-938],6,[512;7],3,1,[-113;-952],5,0},{'M',[-904;7],5,[-56;7],2,[NaN;0],[-113;476],4,[3;NaN]},{'M',[32;-111],5,[1;1],0,[5;NaN],[-1008;-111],4,[NaN;0]},{'A',[-968;229],6,[-904;7],5,0,[-32;111],5,1},{'M',[911;229],7,[911;-938],6,[0;NaN],[-968;229],6,[NaN;0]},{'O',[911;229],7,[911;229],7,0},{'M',[-904;-938],7,[-113;476],4,[3;NaN],[911;-938],6,[NaN;0]},{'O',[904;938],7,[904;938],7,0},{'M',[-968;-111],7,[-1008;-111],4,[NaN;0],[-968;229],6,[0;NaN]},{'O',[968;111],7,[968;111],7,0}}
Adder graph: {{'M',[8;1],1,[1;1],0,[3;0]},{'A',[-56;-7],2,[8;1],1,0,[-8;-1],1,3},{'M',[-56;-56],3,[-56;-7],2,[0;3]},{'A',[113;-111],4,[1;1],0,0,[56;-56],3,1},{'M',[113;-888],5,[113;-111],4,[0;3]},{'A',[-113;-1110],6,[113;-888],5,0,[-113;-111],4,1},{'M',[-904;-1110],7,[-113;-1110],6,[3;0]},{'M',[1;32],1,[1;1],0,[0;5]},{'A',[-968;938],8,[-904;-1110],7,0,[-1;32],1,6},{'M',[113;-222],5,[113;-111],4,[0;1]},{'M',[1024;-7],3,[1;1],0,[10;NaN],[-56;-7],2,[NaN;0]},{'A',[-911;-229],6,[113;-222],5,0,[-1024;-7],3,0},{'O',[911;229],6,[911;229],6,0},{'M',[904;938],9,[113;-111],4,[3;NaN],[-968;938],8,[NaN;0]},{'O',[904;938],9,[904;938],9,0},{'M',[-968;-111],9,[113;-111],4,[NaN;0],[-968;938],8,[0;NaN]},{'O',[968;111],9,[968;111],9,0}}
Adder graph: {{'M',[8;1],1,[1;1],0,[3;0]},{'A',[960;120],2,[8;1],1,7,[-8;-1],1,3},{'M',[960;1],3,[1;1],0,[NaN;0],[960;120],2,[0;NaN]},{'A',[968;7],4,[1;1],0,3,[960;-1],3,0},{'M',[1;14],5,[1;1],0,[0;NaN],[968;7],4,[NaN;1]},{'A',[7;111],6,[1;14],5,3,[-1;-1],0,0},{'M',[32;111],7,[1;1],0,[5;NaN],[7;111],6,[NaN;0]},{'A',[904;229],8,[968;7],4,0,[-32;111],7,1},{'M',[7;240],7,[960;120],2,[NaN;1],[7;111],6,[0;NaN]},{'A',[911;469],9,[904;229],8,0,[7;240],7,0},{'M',[911;229],10,[904;229],8,[NaN;0],[911;469],9,[0;NaN]},{'O',[911;229],10,[911;229],10,0},{'M',[904;938],10,[904;229],8,[0;NaN],[911;469],9,[NaN;1]},{'O',[904;938],10,[904;938],10,0},{'M',[968;111],7,[968;7],4,[0;NaN],[7;111],6,[NaN;0]},{'O',[968;111],7,[968;111],7,0}}
Adder graph: {{'M',[64;1],1,[1;1],0,[6;0]},{'A',[-56;7],2,[1;1],0,3,[-64;-1],1,0},{'M',[1;56],3,[1;1],0,[0;NaN],[-56;7],2,[NaN;3]},{'M',[-112;1],3,[1;1],0,[NaN;0],[-56;7],2,[1;NaN]},{'A',[114;111],4,[1;56],3,1,[112;-1],3,0},{'M',[456;111],5,[114;111],4,[2;0]},{'M',[1;7],3,[1;1],0,[0;NaN],[-56;7],2,[NaN;0]},{'A',[911;229],6,[456;111],5,1,[-1;7],3,0},{'M',[16;7],3,[1;1],0,[4;NaN],[-56;7],2,[NaN;0]},{'A',[968;441],4,[16;7],3,6,[-56;-7],2,0},{'M',[228;441],5,[114;111],4,[1;NaN],[968;441],4,[NaN;0]},{'A',[904;938],6,[228;441],5,1,[56;7],2,3},{'O',[911;229],6,[911;229],6,0},{'O',[904;938],6,[904;938],6,0},{'M',[968;111],5,[114;111],4,[NaN;0],[968;441],4,[0;NaN]},{'O',[968;111],5,[968;111],5,0}}
Adder graph: {{'M',[512;1],1,[1;1],0,[9;0]},{'M',[1;2],1,[1;1],0,[0;1]},{'A',[516;-7],2,[512;1],1,0,[1;-2],1,2},{'M',[1;-7],3,[1;1],0,[0;NaN],[516;-7],2,[NaN;0]},{'A',[-484;-231],4,[1;-7],3,5,[-516;-7],2,0},{'A',[-452;-469],5,[-484;-231],4,1,[516;-7],2,0},{'M',[-484;-56],5,[516;-7],2,[NaN;3],[-484;-231],4,[0;NaN]},{'A',[-456;-111],6,[-484;-56],5,1,[512;1],1,0},{'A',[-911;-229],7,[1;-7],3,0,[-456;-111],6,1},{'O',[911;229],7,[911;229],7,0},{'O',[904;938],5,[452;469],5,1},{'M',[-968;-111],7,[-484;-231],4,[1;NaN],[-456;-111],6,[NaN;0]},{'O',[968;111],7,[968;111],7,0}}
Adder graph: {{'M',[4;1],1,[1;1],0,[2;0]},{'M',[8;1],1,[1;1],0,[3;0]},{'A',[56;17],2,[4;1],1,4,[-8;1],1,0},{'A',[-968;-111],3,[56;17],2,0,[-8;-1],1,7},{'M',[4;17],3,[1;1],0,[2;NaN],[56;17],2,[NaN;0]},{'M',[1;-111],4,[1;1],0,[0;NaN],[-968;-111],3,[NaN;0]},{'A',[15;-43],5,[4;17],3,2,[-1;-111],4,0},{'M',[60;-43],6,[15;-43],5,[2;0]},{'A',[452;469],7,[1;1],0,9,[-60;-43],6,0},{'A',[911;229],6,[15;-43],5,0,[56;17],2,4},{'O',[911;229],6,[911;229],6,0},{'O',[904;938],7,[452;469],7,1},{'O',[968;111],3,[968;111],3,0}}
Adder graph: {{'A',[7;7],1,[1;1],0,3,[-1;-1],0,0},{'M',[32;7],2,[1;1],0,[5;NaN],[7;7],1,[NaN;0]},{'A',[-121;-21],3,[7;7],1,0,[-32;-7],2,2},{'M',[32;1],1,[1;1],0,[5;0]},{'M',[-121;28],4,[7;7],1,[NaN;2],[-121;-21],3,[0;NaN]},{'A',[-452;-111],5,[32;1],1,0,[-121;-28],4,2},{'A',[-1138;-938],4,[-121;-21],3,1,[-7;-7],1,7},{'A',[-911;-229],6,[-452;-111],5,1,[-7;-7],1,0},{'O',[911;229],6,[911;229],6,0},{'M',[-904;-938],6,[-452;-111],5,[1;NaN],[-1138;-938],4,[NaN;0]},{'O',[904;938],6,[904;938],6,0},{'M',[-968;-111],6,[-121;-21],3,[3;NaN],[-452;-111],5,[NaN;0]},{'O',[968;111],6,[968;111],6,0}}
Adder graph: {{'A',[7;7],1,[1;1],0,3,[-1;-1],0,0},{'A',[113;111],2,[7;7],1,4,[1;-1],0,0},{'A',[242;238],3,[1;1],0,4,[113;111],2,1},{'M',[7;476],4,[7;7],1,[0;NaN],[242;238],3,[NaN;1]},{'A',[0;469],5,[7;476],4,0,[-7;-7],1,0},{'M',[452;111],3,[113;111],2,[2;0]},{'A',[911;229],4,[452;111],3,1,[7;7],1,0},{'O',[911;229],4,[911;229],4,0},{'M',[452;469],6,[113;111],2,[2;NaN],[0;469],5,[NaN;0]},{'O',[904;938],6,[452;469],6,1},{'M',[968;111],4,[113;111],2,[NaN;0],[242;238],3,[2;NaN]},{'O',[968;111],4,[968;111],4,0}}
Adder graph: {{'A',[7;7],1,[1;1],0,3,[-1;-1],0,0},{'A',[113;111],2,[7;7],1,4,[1;-1],0,0},{'M',[32;7],2,[1;1],0,[5;NaN],[7;7],1,[NaN;0]},{'A',[968;874],3,[113;111],2,3,[32;-7],2,1},{'M',[452;111],3,[113;111],2,[2;0]},{'A',[911;229],4,[7;7],1,0,[452;111],3,1},{'A',[904;938],4,[968;874],3,0,[-1;1],0,6},{'O',[911;229],4,[911;229],4,0},{'O',[904;938],4,[904;938],4,0},{'M',[968;111],4,[113;111],2,[NaN;0],[968;874],3,[0;NaN]},{'O',[968;111],4,[968;111],4,0}}
Finished solving after 160.101 seconds
Adder graph: {{'A',[7;7],1,[1;1],0,3,[-1;-1],0,0},{'A',[113;111],2,[7;7],1,4,[1;-1],0,0},{'M',[32;7],2,[1;1],0,[5;NaN],[7;7],1,[NaN;0]},{'A',[968;874],3,[113;111],2,3,[32;-7],2,1},{'M',[452;111],3,[113;111],2,[2;0]},{'A',[911;229],4,[7;7],1,0,[452;111],3,1},{'A',[904;938],4,[968;874],3,0,[-1;1],0,6},{'O',[911;229],4,[911;229],4,0},{'O',[904;938],4,[904;938],4,0},{'M',[968;111],4,[113;111],2,[NaN;0],[968;874],3,[0;NaN]},{'O',[968;111],4,[968;111],4,0}}
# Add optimal = 1
# Mux optimal = 1
# FAs optimal = 0
