Adder graph: {{'A',[-1,4],1,0,[0,1],0,2,[-1,0],0,0},{'A',[1,256],1,0,[0,1],0,8,[1,0],0,0},{'A',[3,248],2,0,[1,256],1,0,[1,-4],1,1},{'A',[-64,1],1,0,[0,1],0,0,[-1,0],0,6},{'A',[0,7],1,0,[0,1],0,3,[0,-1],0,0},{'A',[60,15],2,0,[-1,4],1,2,[64,-1],1,0},{'A',[-64,-111],2,0,[-64,1],1,0,[0,-7],1,4},{'A',[237,-188],3,0,[60,15],2,2,[-3,-248],2,0},{'A',[188,237],3,0,[60,15],2,0,[64,111],2,1},{'O',[-188,-237],3,[-188,-237],3,0},{'O',[237,-188],3,[237,-188],3,0}}
Adder graph: {{'A',[4,-1],1,0,[1,0],0,2,[0,-1],0,0},{'A',[0,-63],1,0,[0,1],0,0,[0,-1],0,6},{'A',[-1,128],1,0,[0,1],0,7,[-1,0],0,0},{'A',[2,0],1,0,[1,0],0,0,[1,0],0,0},{'A',[32,63],2,0,[2,0],1,4,[0,63],1,0},{'A',[-60,15],2,0,[4,-1],1,0,[-4,1],1,4},{'A',[3,128],2,0,[2,0],1,1,[-1,128],1,0},{'A',[-188,-237],3,0,[-60,15],2,0,[-32,-63],2,2},{'A',[-237,188],3,0,[3,128],2,0,[-60,15],2,2},{'O',[-188,-237],3,[-188,-237],3,0},{'O',[237,-188],3,[237,-188],3,0}}
Adder graph: {{'A',[1,8],1,0,[1,0],0,0,[0,1],0,3},{'A',[64,1],1,0,[0,1],0,0,[1,0],0,6},{'A',[66,17],2,0,[64,1],1,0,[1,8],1,1},{'A',[5,0],1,0,[1,0],0,0,[1,0],0,2},{'A',[27,256],2,0,[1,8],1,5,[-5,0],1,0},{'A',[1,1],1,0,[1,0],0,0,[0,1],0,0},{'A',[237,-188],3,0,[66,17],2,2,[-27,-256],2,0},{'A',[127,127],2,0,[1,1],1,7,[-1,-1],1,0},{'A',[188,237],3,0,[127,127],2,1,[-66,-17],2,0},{'O',[-188,-237],3,[-188,-237],3,0},{'O',[237,-188],3,[237,-188],3,0}}
Adder graph: {{'A',[0,1],1,0,[0,1],0,1,[0,-1],0,0},{'A',[-3,0],1,0,[1,0],0,0,[-1,0],0,2},{'A',[-4,1],1,0,[0,1],0,0,[-1,0],0,2},{'A',[32,-1],1,0,[1,0],0,5,[0,-1],0,0},{'A',[32,63],2,0,[0,1],1,6,[32,-1],1,0},{'A',[-60,15],2,0,[-4,1],1,4,[4,-1],1,0},{'A',[-188,-237],3,0,[-60,15],2,0,[-32,-63],2,2},{'A',[3,128],2,0,[0,1],1,7,[3,0],1,0},{'A',[-237,188],3,0,[3,128],2,0,[-60,15],2,2},{'O',[-188,-237],3,[-188,-237],3,0},{'O',[237,-188],3,[237,-188],3,0}}
Adder graph: {{'A',[0,-1],1,0,[0,1],0,0,[0,-1],0,1},{'A',[4,-1],1,0,[1,0],0,2,[0,-1],0,0},{'A',[3,0],1,0,[1,0],0,0,[1,0],0,1},{'A',[1,2],1,0,[0,1],0,1,[1,0],0,0},{'A',[-3,-128],2,0,[0,-1],1,7,[-3,0],1,0},{'A',[-60,15],2,0,[4,-1],1,0,[-4,1],1,4},{'A',[32,63],2,0,[1,2],1,5,[0,-1],1,0},{'A',[237,-188],3,0,[-3,-128],2,0,[60,-15],2,2},{'A',[188,237],3,0,[32,63],2,2,[60,-15],2,0},{'O',[-188,-237],3,[-188,-237],3,0},{'O',[237,-188],3,[237,-188],3,0}}
Adder graph: {{'A',[1,4],1,0,[1,0],0,0,[0,1],0,2},{'A',[2,-1],1,0,[1,0],0,1,[0,-1],0,0},{'A',[0,3],1,0,[0,1],0,1,[0,1],0,0},{'A',[-15,-60],2,0,[1,4],1,0,[-1,-4],1,4},{'A',[1,0],1,0,[1,0],0,1,[-1,0],0,0},{'A',[63,-32],2,0,[2,-1],1,5,[-1,0],1,0},{'A',[237,-188],3,0,[-15,-60],2,0,[63,-32],2,2},{'A',[-128,3],2,0,[0,3],1,0,[-1,0],1,7},{'A',[-188,-237],3,0,[-128,3],2,0,[-15,-60],2,2},{'O',[-188,-237],3,[-188,-237],3,0},{'O',[237,-188],3,[237,-188],3,0}}
Finished solving after 91762.1 seconds
Adder graph: {{'A',[1,4],1,0,[1,0],0,0,[0,1],0,2},{'A',[2,-1],1,0,[1,0],0,1,[0,-1],0,0},{'A',[0,3],1,0,[0,1],0,1,[0,1],0,0},{'A',[-15,-60],2,0,[1,4],1,0,[-1,-4],1,4},{'A',[1,0],1,0,[1,0],0,1,[-1,0],0,0},{'A',[63,-32],2,0,[2,-1],1,5,[-1,0],1,0},{'A',[237,-188],3,0,[-15,-60],2,0,[63,-32],2,2},{'A',[-128,3],2,0,[0,3],1,0,[-1,0],1,7},{'A',[-188,-237],3,0,[-128,3],2,0,[-15,-60],2,2},{'O',[-188,-237],3,[-188,-237],3,0},{'O',[237,-188],3,[237,-188],3,0}}
#Add optimal = 0
#FAs optimal = 0
