Adder graph: {{'A',[1,4],1,0,[0,1],0,2,[1,0],0,0},{'A',[0,31],1,0,[0,1],0,5,[0,-1],0,0},{'A',[-1,27],2,0,[0,31],1,0,[-1,-4],1,0},{'A',[4,1],1,0,[0,1],0,0,[1,0],0,2},{'A',[31,0],1,0,[1,0],0,5,[-1,0],0,0},{'A',[2,-1],1,0,[1,0],0,1,[0,-1],0,0},{'A',[-27,-2],2,0,[2,-1],1,1,[-31,0],1,0},{'A',[-215,-43],3,0,[-27,-2],2,3,[1,-27],2,0},{'A',[35,1],2,0,[31,0],1,0,[4,1],1,0},{'A',[-43,215],3,0,[-1,27],2,3,[-35,-1],2,0},{'O',[-215,-43],3,[-215,-43],3,0},{'O',[43,-215],3,[43,-215],3,0}}
Adder graph: {{'A',[0,17],1,0,[0,1],0,0,[0,1],0,4},{'A',[7,0],1,0,[1,0],0,3,[-1,0],0,0},{'A',[1,-1],1,0,[1,0],0,0,[0,-1],0,0},{'A',[1,-35],2,0,[1,-1],1,0,[0,-17],1,1},{'A',[0,-31],1,0,[0,1],0,0,[0,-1],0,5},{'A',[1,2],1,0,[0,1],0,1,[1,0],0,0},{'A',[2,-27],2,0,[0,-31],1,0,[1,2],1,1},{'A',[27,1],2,0,[7,0],1,2,[-1,1],1,0},{'A',[43,-215],3,0,[2,-27],2,3,[27,1],2,0},{'A',[-215,-43],3,0,[1,-35],2,0,[-27,-1],2,3},{'O',[-215,-43],3,[-215,-43],3,0},{'O',[43,-215],3,[43,-215],3,0}}
Adder graph: {{'A',[-7,0],1,0,[1,0],0,0,[-1,0],0,3},{'A',[4,1],1,0,[0,1],0,0,[1,0],0,2},{'A',[0,-7],1,0,[0,1],0,0,[0,-1],0,3},{'A',[-1,4],1,0,[0,1],0,2,[-1,0],0,0},{'A',[11,1],2,0,[4,1],1,0,[7,0],1,0},{'A',[4,-27],2,0,[4,1],1,0,[0,-7],1,2},{'A',[43,-215],3,0,[4,-27],2,3,[11,1],2,0},{'A',[-27,-4],2,0,[-7,0],1,2,[1,-4],1,0},{'A',[-1,11],2,0,[-1,4],1,0,[0,7],1,0},{'A',[215,43],3,0,[-1,11],2,0,[27,4],2,3},{'O',[-215,-43],3,[-215,-43],3,0},{'O',[43,-215],3,[43,-215],3,0}}
Adder graph: {{'A',[1,-1],1,0,[1,0],0,0,[0,-1],0,0},{'A',[7,0],1,0,[1,0],0,3,[-1,0],0,0},{'A',[29,-1],2,0,[7,0],1,2,[1,-1],1,0},{'A',[0,1],1,0,[0,1],0,1,[0,-1],0,0},{'A',[1,-3],2,0,[1,-1],1,0,[0,-1],1,1},{'A',[-29,1],3,0,[29,-1],2,0,[-29,1],2,1},{'A',[17,-51],3,0,[1,-3],2,4,[1,-3],2,0},{'A',[-25,-11],3,0,[1,-3],2,2,[-29,1],2,0},{'A',[-215,-43],4,0,[17,-51],3,0,[-29,1],3,3},{'A',[43,-215],4,0,[17,-51],3,2,[-25,-11],3,0},{'O',[-215,-43],4,[-215,-43],4,0},{'O',[43,-215],4,[43,-215],4,0}}
Adder graph: {{'A',[1,1],1,0,[1,0],0,0,[0,1],0,0},{'A',[15,0],1,0,[1,0],0,4,[-1,0],0,0},{'A',[29,-1],2,0,[15,0],1,1,[-1,-1],1,0},{'A',[0,1],1,0,[0,1],0,1,[0,-1],0,0},{'A',[58,-2],3,0,[29,-1],2,0,[29,-1],2,0},{'A',[1,-3],2,0,[1,1],1,0,[0,-1],1,2},{'A',[9,-27],3,0,[1,-3],2,3,[1,-3],2,0},{'A',[14,1],3,1,[29,-1],2,0,[-1,3],2,0},{'A',[215,43],4,0,[14,1],3,4,[-9,27],3,0},{'A',[43,-215],4,1,[9,-27],3,4,[-58,2],3,0},{'O',[-215,-43],4,[-215,-43],4,0},{'O',[43,-215],4,[43,-215],4,0}}
Adder graph: {{'A',[1,1],1,0,[1,0],0,0,[0,1],0,0},{'A',[0,-7],1,0,[0,1],0,0,[0,-1],0,3},{'A',[1,0],1,1,[1,0],0,0,[1,0],0,0},{'A',[-1,-29],2,0,[0,-7],1,2,[-1,-1],1,0},{'A',[3,1],2,0,[1,0],1,1,[1,1],1,0},{'A',[6,2],3,0,[3,1],2,0,[3,1],2,0},{'A',[191,35],3,0,[-1,-29],2,0,[3,1],2,6},{'A',[5,-27],3,0,[-1,-29],2,0,[3,1],2,1},{'A',[43,-215],4,1,[6,2],3,0,[5,-27],3,4},{'A',[215,43],4,0,[191,35],3,0,[6,2],3,2},{'O',[-215,-43],4,[-215,-43],4,0},{'O',[43,-215],4,[43,-215],4,0}}
Adder graph: {{'A',[-1,0],1,0,[1,0],0,0,[-1,0],0,1},{'A',[0,-7],1,0,[0,1],0,0,[0,-1],0,3},{'A',[-2,1],1,0,[0,1],0,0,[-1,0],0,1},{'A',[-1,7],2,0,[-1,0],1,0,[0,7],1,0},{'A',[-6,-1],2,0,[-1,0],1,3,[2,-1],1,0},{'A',[1,-7],3,0,[-1,7],2,0,[1,-7],2,1},{'A',[-11,-9],3,0,[-6,-1],2,1,[1,-7],2,0},{'A',[-54,-9],3,0,[-6,-1],2,3,[-6,-1],2,0},{'A',[-215,-43],4,0,[1,-7],3,0,[-54,-9],3,2},{'A',[-43,215],4,0,[-11,-9],3,0,[-1,7],3,5},{'O',[-215,-43],4,[-215,-43],4,0},{'O',[43,-215],4,[43,-215],4,0}}
Adder graph: {{'A',[1,0],1,1,[1,0],0,0,[1,0],0,0},{'A',[-1,1],1,0,[0,1],0,0,[-1,0],0,0},{'A',[0,3],1,0,[0,1],0,2,[0,-1],0,0},{'A',[7,1],2,0,[1,0],1,3,[-1,1],1,0},{'A',[-1,6],2,0,[0,3],1,1,[-1,0],1,0},{'A',[113,10],3,0,[7,1],2,4,[1,-6],2,0},{'A',[-1,6],3,1,[-1,6],2,0,[-1,6],2,0},{'A',[11,-23],3,0,[7,1],2,0,[1,-6],2,2},{'A',[-43,215],4,0,[-1,6],3,5,[-11,23],3,0},{'A',[-215,-43],4,0,[11,-23],3,0,[-113,-10],3,1},{'O',[-215,-43],4,[-215,-43],4,0},{'O',[43,-215],4,[43,-215],4,0}}
Adder graph: {{'A',[2,0],1,0,[1,0],0,0,[1,0],0,0},{'A',[1,-1],1,0,[1,0],0,0,[0,-1],0,0},{'A',[7,1],2,0,[2,0],1,2,[-1,1],1,0},{'A',[0,3],1,0,[0,1],0,2,[0,-1],0,0},{'A',[7,1],3,1,[7,1],2,0,[7,1],2,0},{'A',[1,-6],2,1,[2,0],1,0,[0,-3],1,2},{'A',[9,-54],3,0,[1,-6],2,0,[1,-6],2,3},{'A',[9,-11],3,0,[7,1],2,0,[1,-6],2,1},{'A',[43,-215],4,0,[7,1],3,0,[9,-54],3,2},{'A',[-215,-43],4,0,[9,-11],3,0,[-7,-1],3,5},{'O',[-215,-43],4,[-215,-43],4,0},{'O',[43,-215],4,[43,-215],4,0}}
Adder graph: {{'A',[0,1],1,0,[0,1],0,1,[0,-1],0,0},{'A',[1,1],1,0,[1,0],0,0,[0,1],0,0},{'A',[1,-7],2,0,[1,1],1,0,[0,-1],1,3},{'A',[3,0],1,0,[1,0],0,1,[1,0],0,0},{'A',[-1,7],3,0,[1,-7],2,0,[-1,7],2,1},{'A',[6,1],2,0,[3,0],1,1,[0,1],1,0},{'A',[11,9],3,0,[6,1],2,1,[-1,7],2,0},{'A',[54,9],3,0,[6,1],2,3,[6,1],2,0},{'A',[-43,215],4,0,[-1,7],3,5,[-11,-9],3,0},{'A',[215,43],4,0,[-1,7],3,0,[54,9],3,2},{'O',[-215,-43],4,[-215,-43],4,0},{'O',[43,-215],4,[43,-215],4,0}}
Finished solving after 135986 seconds
Adder graph: {{'A',[0,1],1,0,[0,1],0,1,[0,-1],0,0},{'A',[1,1],1,0,[1,0],0,0,[0,1],0,0},{'A',[1,-7],2,0,[1,1],1,0,[0,-1],1,3},{'A',[3,0],1,0,[1,0],0,1,[1,0],0,0},{'A',[-1,7],3,0,[1,-7],2,0,[-1,7],2,1},{'A',[6,1],2,0,[3,0],1,1,[0,1],1,0},{'A',[11,9],3,0,[6,1],2,1,[-1,7],2,0},{'A',[54,9],3,0,[6,1],2,3,[6,1],2,0},{'A',[-43,215],4,0,[-1,7],3,5,[-11,-9],3,0},{'A',[215,43],4,0,[-1,7],3,0,[54,9],3,2},{'O',[-215,-43],4,[-215,-43],4,0},{'O',[43,-215],4,[43,-215],4,0}}
#Add optimal = 0
#FAs optimal = 0
