Adder graph: {{'M',[1;4;64],1,[1;1;1],0,[0;2;6]},{'M',[4;1;1],1,[1;1;1],0,[2;0;0]},{'A',[-3;3;63],2,[1;4;64],1,0,[-4;-1;-1],1,0},{'M',[256;4;63],3,[1;1;1],0,[8;2;NaN],[-3;3;63],2,[NaN;NaN;0]},{'M',[1;48;8],3,[1;1;1],0,[0;NaN;3],[-3;3;63],2,[NaN;4;NaN]},{'A',[511;-40;134],4,[256;4;63],3,1,[-1;-48;8],3,0},{'M',[-6;3;126],3,[-3;3;63],2,[1;0;1]},{'M',[1;64;504],3,[1;1;1],0,[0;6;NaN],[-3;3;63],2,[NaN;NaN;3]},{'A',[-5;-61;-378],4,[-6;3;126],3,0,[1;-64;-504],3,0},{'M',[-20;3;1],5,[1;1;1],0,[NaN;NaN;0],[-3;3;63],2,[NaN;0;NaN],[-5;-61;-378],4,[2;NaN;NaN]},{'M',[511;-40;268],5,[511;-40;134],4,[0;0;1]},{'A',[491;43;269],6,[-20;3;1],5,0,[511;40;268],5,0},{'M',[1;-80;2],5,[1;1;1],0,[0;NaN;1],[511;-40;134],4,[NaN;1;NaN]},{'M',[491;43;63],7,[-3;3;63],2,[NaN;NaN;0],[491;43;269],6,[0;0;NaN]},{'A',[-487;-363;-55],8,[1;-80;2],5,2,[-491;-43;-63],7,0},{'M',[-80;-363;-880],9,[-5;-61;-378],4,[4;NaN;NaN],[-487;-363;-55],8,[NaN;0;4]},{'M',[491;-40;269],7,[511;-40;134],4,[NaN;0;NaN],[491;43;269],6,[0;NaN;0]},{'A',[411;-403;-611],10,[-80;-363;-880],9,0,[491;-40;269],7,0},{'M',[982;3;-611],11,[-3;3;63],2,[NaN;0;NaN],[491;43;269],6,[1;NaN;NaN],[411;-403;-611],10,[NaN;NaN;0]},{'M',[-320;172;-55],9,[-5;-61;-378],4,[6;NaN;NaN],[491;43;269],6,[NaN;2;NaN],[-487;-363;-55],8,[NaN;NaN;0]},{'A',[342;347;-721],12,[982;3;-611],11,0,[-320;172;-55],9,1},{'M',[-24;-244;269],7,[-3;3;63],2,[3;NaN;NaN],[-5;-61;-378],4,[NaN;2;NaN],[491;43;269],6,[NaN;NaN;0]},{'M',[342;347;-110],13,[-487;-363;-55],8,[NaN;NaN;1],[342;347;-721],12,[0;0;NaN]},{'A',[-366;103;159],14,[-24;-244;269],7,0,[-342;347;-110],13,0},{'M',[-160;-403;-756],11,[-5;-61;-378],4,[5;NaN;1],[411;-403;-611],10,[NaN;0;NaN]},{'O',[160;403;756],11,[160;403;756],11,0},{'M',[342;103;636],15,[342;347;-721],12,[0;NaN;NaN],[-366;103;159],14,[NaN;0;2]},{'O',[342;103;636],15,[342;103;636],15,0},{'M',[-487;-363;-611],11,[-487;-363;-55],8,[0;0;NaN],[411;-403;-611],10,[NaN;NaN;0]},{'O',[487;363;611],11,[487;363;611],11,0},{'M',[822;347;269],13,[491;43;269],6,[NaN;NaN;0],[411;-403;-611],10,[1;NaN;NaN],[342;347;-721],12,[NaN;0;NaN]},{'O',[822;347;269],13,[822;347;269],13,0},{'M',[-366;-244;-721],15,[-5;-61;-378],4,[NaN;2;NaN],[342;347;-721],12,[NaN;NaN;0],[-366;103;159],14,[0;NaN;NaN]},{'O',[366;244;721],15,[366;244;721],15,0}}
Adder graph: {{'M',[1;1;32],1,[1;1;1],0,[0;0;5]},{'M',[1;2;1],1,[1;1;1],0,[0;1;0]},{'A',[5;6;129],2,[1;1;32],1,2,[1;2;1],1,0},{'M',[256;1;32],1,[1;1;1],0,[8;0;5]},{'M',[5;8;8],3,[1;1;1],0,[NaN;3;3],[5;6;129],2,[0;NaN;NaN]},{'A',[251;-7;40],4,[256;1;32],1,0,[-5;-8;8],3,0},{'M',[251;1;160],5,[1;1;1],0,[NaN;0;NaN],[251;-7;40],4,[0;NaN;2]},{'M',[160;-56;1],5,[1;1;1],0,[NaN;NaN;0],[5;6;129],2,[5;NaN;NaN],[251;-7;40],4,[NaN;3;NaN]},{'A',[411;57;159],6,[251;1;160],5,0,[160;56;-1],5,0},{'M',[251;128;129],5,[1;1;1],0,[NaN;7;NaN],[5;6;129],2,[NaN;NaN;0],[251;-7;40],4,[0;NaN;NaN]},{'M',[1;12;32],3,[1;1;1],0,[0;NaN;5],[5;6;129],2,[NaN;1;NaN]},{'A',[503;244;226],6,[251;128;129],5,1,[1;-12;-32],3,0},{'M',[40;48;159],7,[5;6;129],2,[3;3;NaN],[411;57;159],6,[NaN;NaN;0]},{'M',[502;-7;129],5,[5;6;129],2,[NaN;NaN;0],[251;-7;40],4,[1;0;NaN]},{'A',[582;103;189],8,[40;48;159],7,1,[502;7;-129],5,0},{'M',[1164;103;189],9,[582;103;189],8,[1;0;0]},{'M',[822;244;80],7,[251;-7;40],4,[NaN;NaN;1],[411;57;159],6,[1;NaN;NaN],[503;244;226],6,[NaN;0;NaN]},{'A',[342;347;269],10,[1164;103;189],9,0,[-822;244;80],7,0},{'M',[503;347;159],11,[411;57;159],6,[NaN;NaN;0],[503;244;226],6,[0;NaN;NaN],[342;347;269],10,[NaN;0;NaN]},{'M',[8;8;226],7,[1;1;1],0,[3;3;NaN],[503;244;226],6,[NaN;NaN;0]},{'A',[487;363;611],12,[503;347;159],11,0,[-8;8;226],7,1},{'M',[503;347;269],11,[503;244;226],6,[0;NaN;NaN],[342;347;269],10,[NaN;0;0]},{'M',[160;-28;226],7,[5;6;129],2,[5;NaN;NaN],[251;-7;40],4,[NaN;2;NaN],[503;244;226],6,[NaN;NaN;0]},{'A',[183;403;721],12,[503;347;269],11,0,[-160;28;226],7,1},{'M',[160;403;756],13,[5;6;129],2,[5;NaN;NaN],[582;103;189],8,[NaN;NaN;2],[183;403;721],12,[NaN;0;NaN]},{'O',[160;403;756],13,[160;403;756],13,0},{'M',[342;103;636],11,[411;57;159],6,[NaN;NaN;2],[582;103;189],8,[NaN;0;NaN],[342;347;269],10,[0;NaN;NaN]},{'O',[342;103;636],11,[342;103;636],11,0},{'O',[487;363;611],12,[487;363;611],12,0},{'M',[822;347;269],11,[411;57;159],6,[1;NaN;NaN],[342;347;269],10,[NaN;0;0]},{'O',[822;347;269],11,[822;347;269],11,0},{'M',[366;244;721],13,[503;244;226],6,[NaN;0;NaN],[183;403;721],12,[1;NaN;0]},{'O',[366;244;721],13,[366;244;721],13,0}}
Adder graph: {{'M',[1;1;2],1,[1;1;1],0,[0;0;1]},{'M',[1;2;2],1,[1;1;1],0,[0;1;1]},{'A',[5;9;10],2,[1;1;2],1,0,[1;2;2],1,2},{'M',[1;2;32],1,[1;1;1],0,[0;1;5]},{'A',[7;13;-54],3,[5;9;10],2,0,[1;2;-32],1,1},{'M',[1;416;1],4,[1;1;1],0,[0;NaN;0],[7;13;-54],3,[NaN;5;NaN]},{'M',[10;13;160],4,[5;9;10],2,[1;NaN;4],[7;13;-54],3,[NaN;0;NaN]},{'A',[11;403;-159],5,[1;416;1],4,0,[10;-13;-160],4,0},{'M',[160;1;2],3,[1;1;1],0,[NaN;0;1],[5;9;10],2,[5;NaN;NaN]},{'M',[320;52;-54],4,[5;9;10],2,[6;NaN;NaN],[7;13;-54],3,[NaN;2;0]},{'A',[-480;-103;110],5,[160;1;2],3,0,[-320;-52;54],4,1},{'M',[5;9;440],6,[5;9;10],2,[0;0;NaN],[-480;-103;110],5,[NaN;NaN;2]},{'M',[352;104;-159],6,[7;13;-54],3,[NaN;3;NaN],[11;403;-159],5,[5;NaN;0]},{'A',[-342;122;721],7,[5;9;440],6,1,[-352;104;-159],6,0},{'M',[7;244;-159],8,[7;13;-54],3,[0;NaN;NaN],[11;403;-159],5,[NaN;NaN;0],[-342;122;721],7,[NaN;1;NaN]},{'M',[-480;16;110],6,[1;1;1],0,[NaN;4;NaN],[-480;-103;110],5,[0;NaN;0]},{'A',[487;260;-269],9,[7;244;-159],8,0,[480;16;-110],6,0},{'M',[176;260;-269],10,[11;403;-159],5,[4;NaN;NaN],[487;260;-269],9,[NaN;0;0]},{'M',[7;-103;880],6,[7;13;-54],3,[0;NaN;NaN],[-480;-103;110],5,[NaN;0;3]},{'A',[183;363;611],11,[176;260;-269],10,0,[7;103;880],6,0},{'M',[-480;-103;-108],6,[7;13;-54],3,[NaN;NaN;1],[-480;-103;110],5,[0;0;NaN]},{'M',[-342;244;-864],8,[7;13;-54],3,[NaN;NaN;4],[-342;122;721],7,[0;1;NaN]},{'A',[-822;-347;756],9,[-480;-103;-108],6,0,[-342;-244;864],8,0},{'M',[160;403;756],10,[5;9;10],2,[5;NaN;NaN],[11;403;-159],5,[NaN;0;NaN],[-822;-347;756],9,[NaN;NaN;0]},{'O',[160;403;756],10,[160;403;756],10,0},{'M',[-342;-103;-636],8,[11;403;-159],5,[NaN;NaN;2],[-480;-103;110],5,[NaN;0;NaN],[-342;122;721],7,[0;NaN;NaN]},{'O',[342;103;636],8,[342;103;636],8,0},{'M',[487;363;611],12,[487;260;-269],9,[0;NaN;NaN],[183;363;611],11,[NaN;0;0]},{'O',[487;363;611],12,[487;363;611],12,0},{'M',[-822;-347;-269],10,[487;260;-269],9,[NaN;NaN;0],[-822;-347;756],9,[0;0;NaN]},{'O',[822;347;269],10,[822;347;269],10,0},{'M',[366;244;721],12,[-342;122;721],7,[NaN;1;0],[183;363;611],11,[1;NaN;NaN]},{'O',[366;244;721],12,[366;244;721],12,0}}
Adder graph: {{'M',[1;1;2],1,[1;1;1],0,[0;0;1]},{'M',[1;1;32],1,[1;1;1],0,[0;0;5]},{'A',[5;5;-126],2,[1;1;2],1,0,[1;1;-32],1,2},{'M',[5;10;-126],3,[5;5;-126],2,[0;1;0]},{'M',[1;4;1],1,[1;1;1],0,[0;2;0]},{'A',[13;-22;-134],4,[5;10;-126],3,0,[1;-4;-1],1,3},{'M',[80;5;-126],3,[5;5;-126],2,[4;0;0]},{'M',[1;128;-504],3,[1;1;1],0,[0;7;NaN],[5;5;-126],2,[NaN;NaN;2]},{'A',[158;266;756],4,[80;5;-126],3,1,[-1;128;504],3,1},{'M',[13;-352;-268],5,[13;-22;-134],4,[0;4;1]},{'M',[26;5;1],5,[1;1;1],0,[NaN;NaN;0],[5;5;-126],2,[NaN;0;NaN],[13;-22;-134],4,[1;NaN;NaN]},{'A',[-13;-347;-269],6,[13;-352;-268],5,0,[-26;5;-1],5,0},{'M',[158;16;16],5,[1;1;1],0,[NaN;4;4],[158;266;756],4,[0;NaN;NaN]},{'M',[208;-347;-126],7,[5;5;-126],2,[NaN;NaN;0],[13;-22;-134],4,[4;NaN;NaN],[-13;-347;-269],6,[NaN;0;NaN]},{'A',[366;363;-110],8,[158;16;16],5,0,[208;347;-126],7,0},{'M',[-13;-22;-269],7,[13;-22;-134],4,[NaN;0;NaN],[-13;-347;-269],6,[0;NaN;0]},{'M',[158;266;-110],9,[158;266;756],4,[0;0;NaN],[366;363;-110],8,[NaN;NaN;0]},{'A',[-171;244;-159],10,[-13;-22;-269],7,0,[-158;266;110],9,0},{'M',[5;363;-159],11,[5;5;-126],2,[0;NaN;NaN],[366;363;-110],8,[NaN;0;NaN],[-171;244;-159],10,[NaN;NaN;0]},{'M',[52;5;-110],9,[5;5;-126],2,[NaN;0;NaN],[13;-22;-134],4,[2;NaN;NaN],[366;363;-110],8,[NaN;NaN;0]},{'A',[-411;403;721],12,[5;363;-159],11,0,[-52;5;110],9,3},{'M',[316;-347;-269],7,[158;266;756],4,[1;NaN;NaN],[-13;-347;-269],6,[NaN;0;0]},{'M',[-171;244;-880],11,[366;363;-110],8,[NaN;NaN;3],[-171;244;-159],10,[0;0;NaN]},{'A',[487;-103;611],12,[316;-347;-269],7,0,[171;244;880],11,0},{'M',[160;403;756],13,[5;5;-126],2,[5;NaN;NaN],[158;266;756],4,[NaN;NaN;0],[-411;403;721],12,[NaN;0;NaN]},{'O',[160;403;756],13,[160;403;756],13,0},{'M',[-342;-103;-636],13,[-171;244;-159],10,[1;NaN;2],[487;-103;611],12,[NaN;0;NaN]},{'O',[342;103;636],13,[342;103;636],13,0},{'M',[487;363;611],13,[366;363;-110],8,[NaN;0;NaN],[487;-103;611],12,[0;NaN;0]},{'O',[487;363;611],13,[487;363;611],13,0},{'M',[-822;-347;-269],13,[-13;-347;-269],6,[NaN;0;0],[-411;403;721],12,[1;NaN;NaN]},{'O',[822;347;269],13,[822;347;269],13,0},{'M',[366;244;721],13,[366;363;-110],8,[0;NaN;NaN],[-171;244;-159],10,[NaN;0;NaN],[-411;403;721],12,[NaN;NaN;0]},{'O',[366;244;721],13,[366;244;721],13,0}}
Adder graph: {{'M',[2;2;1],1,[1;1;1],0,[1;1;0]},{'M',[4;1;1],1,[1;1;1],0,[2;0;0]},{'A',[24;30;18],2,[2;2;1],1,4,[-4;-1;1],1,1},{'M',[4;60;18],3,[1;1;1],0,[2;NaN;NaN],[24;30;18],2,[NaN;1;0]},{'A',[9;119;35],4,[4;60;18],3,1,[1;-1;-1],0,0},{'M',[24;240;18],3,[24;30;18],2,[0;3;0]},{'M',[32;1;32],1,[1;1;1],0,[5;0;5]},{'A',[152;244;-110],4,[24;240;18],3,0,[32;1;-32],1,2},{'M',[192;244;576],5,[24;30;18],2,[3;NaN;5],[152;244;-110],4,[NaN;0;NaN]},{'A',[183;363;611],6,[192;244;576],5,0,[-9;119;35],4,0},{'M',[183;16;611],7,[1;1;1],0,[NaN;4;NaN],[183;363;611],6,[0;NaN;0]},{'M',[304;119;-110],5,[9;119;35],4,[NaN;0;NaN],[152;244;-110],4,[1;NaN;0]},{'A',[487;-103;721],8,[183;16;611],7,0,[304;-119;110],5,0},{'M',[256;8;721],9,[1;1;1],0,[8;3;NaN],[487;-103;721],8,[NaN;NaN;0]},{'M',[96;363;-880],7,[24;30;18],2,[2;NaN;NaN],[152;244;-110],4,[NaN;NaN;3],[183;363;611],6,[NaN;0;NaN]},{'A',[160;371;-159],10,[256;8;721],9,0,[-96;363;-880],7,0},{'M',[152;32;-110],5,[1;1;1],0,[NaN;5;NaN],[152;244;-110],4,[0;NaN;0]},{'M',[974;371;-159],11,[487;-103;721],8,[1;NaN;NaN],[160;371;-159],10,[NaN;0;0]},{'A',[-822;403;-269],12,[152;32;-110],5,0,[-974;371;-159],11,0},{'M',[24;16;35],5,[1;1;1],0,[NaN;4;NaN],[24;30;18],2,[0;NaN;NaN],[9;119;35],4,[NaN;NaN;0]},{'M',[366;363;721],9,[183;363;611],6,[1;0;NaN],[487;-103;721],8,[NaN;NaN;0]},{'A',[-342;-347;756],10,[24;16;35],5,0,[-366;-363;721],9,0},{'M',[160;403;756],13,[160;371;-159],10,[0;NaN;NaN],[-822;403;-269],12,[NaN;0;NaN],[-342;-347;756],10,[NaN;NaN;0]},{'O',[160;403;756],13,[160;403;756],13,0},{'M',[-342;-103;-636],11,[487;-103;721],8,[NaN;0;NaN],[160;371;-159],10,[NaN;NaN;2],[-342;-347;756],10,[0;NaN;NaN]},{'O',[342;103;636],11,[342;103;636],11,0},{'M',[487;363;611],9,[183;363;611],6,[NaN;0;0],[487;-103;721],8,[0;NaN;NaN]},{'O',[487;363;611],9,[487;363;611],9,0},{'M',[-822;-347;-269],13,[-822;403;-269],12,[0;NaN;0],[-342;-347;756],10,[NaN;0;NaN]},{'O',[822;347;269],13,[822;347;269],13,0},{'M',[366;244;721],9,[152;244;-110],4,[NaN;0;NaN],[183;363;611],6,[1;NaN;NaN],[487;-103;721],8,[NaN;NaN;0]},{'O',[366;244;721],9,[366;244;721],9,0}}
Adder graph: {{'M',[2;1;1],1,[1;1;1],0,[1;0;0]},{'M',[2;2;1],1,[1;1;1],0,[1;1;0]},{'A',[10;9;5],2,[2;1;1],1,0,[2;2;1],1,2},{'M',[1;1;8],1,[1;1;1],0,[0;0;3]},{'A',[14;13;27],3,[1;1;8],1,2,[10;9;-5],2,0},{'M',[1;36;2],3,[1;1;1],0,[0;NaN;1],[10;9;5],2,[NaN;2;NaN]},{'M',[56;9;108],4,[10;9;5],2,[NaN;0;NaN],[14;13;27],3,[2;NaN;2]},{'A',[57;45;110],5,[1;36;2],3,0,[56;9;108],4,0},{'M',[10;1;27],4,[1;1;1],0,[NaN;0;NaN],[10;9;5],2,[0;NaN;NaN],[14;13;27],3,[NaN;NaN;0]},{'A',[122;103;189],5,[14;13;27],3,3,[10;-1;-27],4,0},{'M',[122;103;40],6,[10;9;5],2,[NaN;NaN;3],[122;103;189],5,[0;0;NaN]},{'M',[122;9;1],6,[1;1;1],0,[NaN;NaN;0],[10;9;5],2,[NaN;0;NaN],[122;103;189],5,[0;NaN;NaN]},{'A',[366;403;159],7,[122;103;40],6,2,[-122;-9;-1],6,0},{'M',[114;90;159],8,[57;45;110],5,[1;1;NaN],[366;403;159],7,[NaN;NaN;0]},{'M',[57;32;110],6,[1;1;1],0,[NaN;5;NaN],[57;45;110],5,[0;NaN;0]},{'A',[171;122;269],9,[114;90;159],8,0,[57;32;110],6,0},{'M',[366;13;269],10,[14;13;27],3,[NaN;0;NaN],[366;403;159],7,[0;NaN;NaN],[171;122;269],9,[NaN;NaN;0]},{'A',[822;347;611],11,[57;45;110],5,3,[366;-13;-269],10,0},{'M',[488;347;611],12,[122;103;189],5,[2;NaN;NaN],[822;347;611],11,[NaN;0;0]},{'M',[1;16;110],6,[1;1;1],0,[0;4;NaN],[57;45;110],5,[NaN;NaN;0]},{'A',[487;363;721],13,[488;347;611],12,0,[-1;16;110],6,0},{'M',[160;403;756],8,[10;9;5],2,[4;NaN;NaN],[122;103;189],5,[NaN;NaN;2],[366;403;159],7,[NaN;0;NaN]},{'O',[160;403;756],8,[160;403;756],8,0},{'M',[342;103;636],10,[122;103;189],5,[NaN;0;NaN],[366;403;159],7,[NaN;NaN;2],[171;122;269],9,[1;NaN;NaN]},{'O',[342;103;636],10,[342;103;636],10,0},{'M',[487;363;611],14,[822;347;611],11,[NaN;NaN;0],[487;363;721],13,[0;0;NaN]},{'O',[487;363;611],14,[487;363;611],14,0},{'M',[822;347;269],12,[171;122;269],9,[NaN;NaN;0],[822;347;611],11,[0;0;NaN]},{'O',[822;347;269],12,[822;347;269],12,0},{'M',[366;244;721],14,[366;403;159],7,[0;NaN;NaN],[171;122;269],9,[NaN;1;NaN],[487;363;721],13,[NaN;NaN;0]},{'O',[366;244;721],14,[366;244;721],14,0}}
Adder graph: {{'M',[1;4;1],1,[1;1;1],0,[0;2;0]},{'M',[8;1;8],1,[1;1;1],0,[3;0;3]},{'A',[10;7;-6],2,[1;4;1],1,1,[8;-1;-8],1,0},{'M',[1;128;1],1,[1;1;1],0,[0;7;0]},{'M',[16;7;-48],3,[1;1;1],0,[4;NaN;NaN],[10;7;-6],2,[NaN;0;3]},{'A',[-15;121;49],4,[1;128;1],1,0,[-16;-7;48],3,0},{'M',[-15;121;-12],5,[10;7;-6],2,[NaN;NaN;1],[-15;121;49],4,[0;0;NaN]},{'M',[160;112;49],5,[10;7;-6],2,[4;4;NaN],[-15;121;49],4,[NaN;NaN;0]},{'A',[-335;-103;-110],6,[-15;121;-12],5,0,[-160;-112;-49],5,1},{'M',[-335;28;-110],7,[10;7;-6],2,[NaN;2;NaN],[-335;-103;-110],6,[0;NaN;0]},{'M',[16;112;49],5,[1;1;1],0,[4;NaN;NaN],[10;7;-6],2,[NaN;4;NaN],[-15;121;49],4,[NaN;NaN;0]},{'A',[-351;-84;-159],8,[-335;28;-110],7,0,[-16;-112;-49],5,0},{'M',[-120;-412;49],7,[-15;121;49],4,[3;NaN;0],[-335;-103;-110],6,[NaN;2;NaN]},{'A',[-822;-244;-269],9,[-120;-412;49],7,0,[-351;84;-159],8,1},{'M',[-15;121;-880],7,[-15;121;49],4,[0;0;NaN],[-335;-103;-110],6,[NaN;NaN;3]},{'M',[-351;484;-159],9,[-15;121;49],4,[NaN;2;NaN],[-351;-84;-159],8,[0;NaN;0]},{'A',[-366;-363;-721],10,[-15;121;-880],7,0,[-351;-484;159],9,0},{'M',[-822;-244;-721],11,[-822;-244;-269],9,[0;0;NaN],[-366;-363;-721],10,[NaN;NaN;0]},{'A',[-487;-347;-611],12,[-822;-244;-721],11,0,[335;-103;110],6,0},{'M',[-822;56;-12],10,[10;7;-6],2,[NaN;3;1],[-822;-244;-269],9,[0;NaN;NaN]},{'M',[-480;-347;-768],13,[10;7;-6],2,[NaN;NaN;7],[-15;121;49],4,[5;NaN;NaN],[-487;-347;-611],12,[NaN;0;NaN]},{'A',[-342;403;756],14,[-822;56;-12],10,0,[480;347;768],13,0},{'M',[160;403;756],15,[10;7;-6],2,[4;NaN;NaN],[-342;403;756],14,[NaN;0;0]},{'O',[160;403;756],15,[160;403;756],15,0},{'M',[-342;-103;-636],15,[-335;-103;-110],6,[NaN;0;NaN],[-351;-84;-159],8,[NaN;NaN;2],[-342;403;756],14,[0;NaN;NaN]},{'O',[342;103;636],15,[342;103;636],15,0},{'M',[-487;-363;-611],13,[-366;-363;-721],10,[NaN;0;NaN],[-487;-347;-611],12,[0;NaN;0]},{'O',[487;363;611],13,[487;363;611],13,0},{'M',[-822;-347;-269],13,[-822;-244;-269],9,[0;NaN;0],[-487;-347;-611],12,[NaN;0;NaN]},{'O',[822;347;269],13,[822;347;269],13,0},{'M',[-366;-244;-721],11,[-822;-244;-269],9,[NaN;0;NaN],[-366;-363;-721],10,[0;NaN;0]},{'O',[366;244;721],11,[366;244;721],11,0}}
Adder graph: {{'M',[1;1;2],1,[1;1;1],0,[0;0;1]},{'A',[5;3;9],2,[1;1;2],1,2,[1;-1;1],0,0},{'M',[8;8;9],3,[1;1;1],0,[3;3;NaN],[5;3;9],2,[NaN;NaN;0]},{'M',[40;3;72],3,[5;3;9],2,[3;0;3]},{'A',[-24;13;90],4,[8;8;9],3,1,[-40;-3;72],3,0},{'M',[-24;4;32],5,[1;1;1],0,[NaN;2;5],[-24;13;90],4,[0;NaN;NaN]},{'M',[5;3;18],3,[5;3;9],2,[0;0;1]},{'A',[-91;13;110],6,[-24;4;32],5,2,[5;-3;-18],3,0},{'M',[2;192;1],3,[1;1;1],0,[1;NaN;0],[5;3;9],2,[NaN;6;NaN]},{'M',[-91;13;180],7,[-24;13;90],4,[NaN;NaN;1],[-91;13;110],6,[0;0;NaN]},{'A',[366;244;721],8,[2;192;1],3,0,[91;13;180],7,2},{'M',[-91;104;144],7,[5;3;9],2,[NaN;NaN;4],[-91;13;110],6,[0;3;NaN]},{'A',[-455;403;756],8,[-91;104;144],7,2,[-91;-13;180],7,0},{'M',[-182;1;721],9,[1;1;1],0,[NaN;0;NaN],[-91;13;110],6,[1;NaN;NaN],[366;244;721],8,[NaN;NaN;0]},{'M',[20;13;110],7,[5;3;9],2,[2;NaN;NaN],[-91;13;110],6,[NaN;0;0]},{'A',[-342;-103;-159],10,[-182;1;721],9,0,[-20;-13;-110],7,3},{'M',[-182;-103;-159],11,[-91;13;110],6,[1;NaN;NaN],[-342;-103;-159],10,[NaN;0;0]},{'M',[640;244;110],9,[5;3;9],2,[7;NaN;NaN],[-91;13;110],6,[NaN;NaN;0],[366;244;721],8,[NaN;0;NaN]},{'A',[-822;-347;-269],12,[-182;-103;-159],11,0,[-640;-244;-110],9,0},{'M',[-455;-347;110],13,[-91;13;110],6,[NaN;NaN;0],[-455;403;756],8,[0;NaN;NaN],[-822;-347;-269],12,[NaN;0;NaN]},{'M',[32;16;721],9,[1;1;1],0,[5;4;NaN],[366;244;721],8,[NaN;NaN;0]},{'A',[-487;-363;-611],14,[-455;-347;110],13,0,[-32;-16;-721],9,0},{'M',[160;403;756],9,[5;3;9],2,[5;NaN;NaN],[-455;403;756],8,[NaN;0;0]},{'O',[160;403;756],9,[160;403;756],9,0},{'M',[-342;-103;-636],11,[-342;-103;-159],10,[0;0;2]},{'O',[342;103;636],11,[342;103;636],11,0},{'O',[487;363;611],14,[487;363;611],14,0},{'O',[822;347;269],12,[822;347;269],12,0},{'O',[366;244;721],8,[366;244;721],8,0}}
Finished solving after 10183.1 seconds
Adder graph: {{'M',[1;1;2],1,[1;1;1],0,[0;0;1]},{'A',[5;3;9],2,[1;1;2],1,2,[1;-1;1],0,0},{'M',[8;8;9],3,[1;1;1],0,[3;3;NaN],[5;3;9],2,[NaN;NaN;0]},{'M',[40;3;72],3,[5;3;9],2,[3;0;3]},{'A',[-24;13;90],4,[8;8;9],3,1,[-40;-3;72],3,0},{'M',[-24;4;32],5,[1;1;1],0,[NaN;2;5],[-24;13;90],4,[0;NaN;NaN]},{'M',[5;3;18],3,[5;3;9],2,[0;0;1]},{'A',[-91;13;110],6,[-24;4;32],5,2,[5;-3;-18],3,0},{'M',[2;192;1],3,[1;1;1],0,[1;NaN;0],[5;3;9],2,[NaN;6;NaN]},{'M',[-91;13;180],7,[-24;13;90],4,[NaN;NaN;1],[-91;13;110],6,[0;0;NaN]},{'A',[366;244;721],8,[2;192;1],3,0,[91;13;180],7,2},{'M',[-91;104;144],7,[5;3;9],2,[NaN;NaN;4],[-91;13;110],6,[0;3;NaN]},{'A',[-455;403;756],8,[-91;104;144],7,2,[-91;-13;180],7,0},{'M',[-182;1;721],9,[1;1;1],0,[NaN;0;NaN],[-91;13;110],6,[1;NaN;NaN],[366;244;721],8,[NaN;NaN;0]},{'M',[20;13;110],7,[5;3;9],2,[2;NaN;NaN],[-91;13;110],6,[NaN;0;0]},{'A',[-342;-103;-159],10,[-182;1;721],9,0,[-20;-13;-110],7,3},{'M',[-182;-103;-159],11,[-91;13;110],6,[1;NaN;NaN],[-342;-103;-159],10,[NaN;0;0]},{'M',[640;244;110],9,[5;3;9],2,[7;NaN;NaN],[-91;13;110],6,[NaN;NaN;0],[366;244;721],8,[NaN;0;NaN]},{'A',[-822;-347;-269],12,[-182;-103;-159],11,0,[-640;-244;-110],9,0},{'M',[-455;-347;110],13,[-91;13;110],6,[NaN;NaN;0],[-455;403;756],8,[0;NaN;NaN],[-822;-347;-269],12,[NaN;0;NaN]},{'M',[32;16;721],9,[1;1;1],0,[5;4;NaN],[366;244;721],8,[NaN;NaN;0]},{'A',[-487;-363;-611],14,[-455;-347;110],13,0,[-32;-16;-721],9,0},{'M',[160;403;756],9,[5;3;9],2,[5;NaN;NaN],[-455;403;756],8,[NaN;0;0]},{'O',[160;403;756],9,[160;403;756],9,0},{'M',[-342;-103;-636],11,[-342;-103;-159],10,[0;0;2]},{'O',[342;103;636],11,[342;103;636],11,0},{'O',[487;363;611],14,[487;363;611],14,0},{'O',[822;347;269],12,[822;347;269],12,0},{'O',[366;244;721],8,[366;244;721],8,0}}
# Add optimal = 1
# Mux optimal = 0
# FAs optimal = 0
