Adder graph: {{'M',[1;2;1],1,[1;1;1],0,[0;1;0]},{'M',[1;4;4],1,[1;1;1],0,[0;2;2]},{'A',[-3;18;-15],2,[1;2;1],1,0,[-1;4;-4],1,2},{'M',[1;1;-15],3,[1;1;1],0,[0;0;NaN],[-3;18;-15],2,[NaN;NaN;0]},{'M',[128;16;1],1,[1;1;1],0,[7;4;0]},{'A',[-511;65;-11],4,[1;1;-15],3,0,[-128;16;1],1,2},{'M',[-48;288;-11],5,[-3;18;-15],2,[4;4;NaN],[-511;65;-11],4,[NaN;NaN;0]},{'M',[-768;65;512],5,[1;1;1],0,[NaN;NaN;9],[-3;18;-15],2,[8;NaN;NaN],[-511;65;-11],4,[NaN;0;NaN]},{'A',[720;353;-523],6,[-48;288;-11],5,0,[768;65;-512],5,0},{'M',[-24;18;-15],3,[-3;18;-15],2,[3;0;0]},{'M',[-6;65;-352],5,[-3;18;-15],2,[1;NaN;NaN],[-511;65;-11],4,[NaN;0;5]},{'A',[-18;83;337],6,[-24;18;-15],3,0,[6;65;352],5,0},{'M',[256;83;-704],7,[1;1;1],0,[8;NaN;NaN],[-511;65;-11],4,[NaN;NaN;6],[-18;83;337],6,[NaN;0;NaN]},{'M',[1;512;-11],5,[1;1;1],0,[0;9;NaN],[-511;65;-11],4,[NaN;NaN;0]},{'A',[255;-429;-693],8,[256;83;-704],7,0,[-1;-512;11],5,0},{'M',[-288;664;-523],7,[720;353;-523],6,[NaN;NaN;0],[-18;83;337],6,[4;3;NaN]},{'A',[-286;-662;-521],8,[1;1;1],0,1,[-288;-664;-523],7,0},{'M',[-2288;65;-523],9,[-511;65;-11],4,[NaN;0;NaN],[720;353;-523],6,[NaN;NaN;0],[-286;-662;-521],8,[3;NaN;NaN]},{'M',[720;260;-30],7,[-3;18;-15],2,[NaN;NaN;1],[-511;65;-11],4,[NaN;2;NaN],[720;353;-523],6,[0;NaN;NaN]},{'A',[-848;-455;-583],10,[-2288;65;-523],9,0,[720;-260;-30],7,1},{'M',[510;-455;-521],11,[255;-429;-693],8,[1;NaN;NaN],[-286;-662;-521],8,[NaN;NaN;0],[-848;-455;-583],10,[NaN;0;NaN]},{'M',[-848;36;-60],11,[-3;18;-15],2,[NaN;1;2],[-848;-455;-583],10,[0;NaN;NaN]},{'A',[-338;-491;-461],12,[510;-455;-521],11,0,[-848;-36;60],11,0},{'M',[255;706;337],9,[720;353;-523],6,[NaN;1;NaN],[-18;83;337],6,[NaN;NaN;0],[255;-429;-693],8,[0;NaN;NaN]},{'O',[255;706;337],9,[255;706;337],9,0},{'M',[-848;-662;-583],11,[-286;-662;-521],8,[NaN;0;NaN],[-848;-455;-583],10,[0;NaN;0]},{'O',[848;662;583],11,[848;662;583],11,0},{'M',[-1022;-429;-521],9,[-511;65;-11],4,[1;NaN;NaN],[255;-429;-693],8,[NaN;0;NaN],[-286;-662;-521],8,[NaN;NaN;0]},{'O',[1022;429;521],9,[1022;429;521],9,0},{'O',[338;491;461],12,[338;491;461],12,0},{'M',[-572;-455;-693],11,[255;-429;-693],8,[NaN;NaN;0],[-286;-662;-521],8,[1;NaN;NaN],[-848;-455;-583],10,[NaN;0;NaN]},{'O',[572;455;693],11,[572;455;693],11,0}}
Adder graph: {{'M',[8;1;8],1,[1;1;1],0,[3;0;3]},{'M',[2;1;1],1,[1;1;1],0,[1;0;0]},{'A',[30;5;31],2,[8;1;8],1,2,[-2;1;-1],1,0},{'M',[30;16;1],3,[1;1;1],0,[NaN;4;0],[30;5;31],2,[0;NaN;NaN]},{'M',[128;1;31],3,[1;1;1],0,[7;0;NaN],[30;5;31],2,[NaN;NaN;0]},{'A',[-68;31;-29],4,[30;16;1],3,1,[-128;-1;-31],3,0},{'M',[1;4;1],1,[1;1;1],0,[0;2;0]},{'M',[64;5;31],3,[1;1;1],0,[6;NaN;NaN],[30;5;31],2,[NaN;0;0]},{'A',[-255;24;-123],4,[1;4;1],1,0,[-64;5;-31],3,2},{'M',[30;5;-492],5,[30;5;31],2,[0;0;NaN],[-255;24;-123],4,[NaN;NaN;2]},{'M',[-136;496;-29],5,[-68;31;-29],4,[1;4;0]},{'A',[-106;-491;-521],6,[30;5;-492],5,0,[-136;-496;-29],5,0},{'M',[-848;-491;-521],7,[-106;-491;-521],6,[3;0;0]},{'M',[-255;31;31],5,[30;5;31],2,[NaN;NaN;0],[-68;31;-29],4,[NaN;0;NaN],[-255;24;-123],4,[0;NaN;NaN]},{'A',[-338;-429;-583],8,[-848;-491;-521],7,0,[255;31;-31],5,1},{'M',[960;160;31],3,[30;5;31],2,[5;5;0]},{'M',[-255;-491;-492],7,[-255;24;-123],4,[0;NaN;2],[-106;-491;-521],6,[NaN;0;NaN]},{'A',[705;-331;-461],8,[960;160;31],3,0,[-255;-491;-492],7,0},{'M',[1;-331;-461],9,[1;1;1],0,[0;NaN;NaN],[705;-331;-461],8,[NaN;0;0]},{'M',[128;31;-58],5,[1;1;1],0,[7;NaN;NaN],[-68;31;-29],4,[NaN;0;1]},{'A',[-511;-455;-693],10,[1;-331;-461],9,0,[-128;-31;-58],5,2},{'M',[705;62;-461],9,[-68;31;-29],4,[NaN;1;NaN],[705;-331;-461],8,[0;NaN;0]},{'M',[-212;192;31],7,[30;5;31],2,[NaN;NaN;0],[-255;24;-123],4,[NaN;3;NaN],[-106;-491;-521],6,[1;NaN;NaN]},{'A',[-143;-706;-337],10,[705;62;-461],9,0,[-212;-192;31],7,2},{'M',[-255;-706;-337],11,[-255;24;-123],4,[0;NaN;NaN],[-143;-706;-337],10,[NaN;0;0]},{'O',[255;706;337],11,[255;706;337],11,0},{'M',[-848;-662;-583],9,[-106;-491;-521],6,[3;NaN;NaN],[-338;-429;-583],8,[NaN;NaN;0],[705;-331;-461],8,[NaN;1;NaN]},{'O',[848;662;583],9,[848;662;583],9,0},{'M',[-1022;-429;-521],11,[-106;-491;-521],6,[NaN;NaN;0],[-338;-429;-583],8,[NaN;0;NaN],[-511;-455;-693],10,[1;NaN;NaN]},{'O',[1022;429;521],11,[1022;429;521],11,0},{'M',[-338;-491;-461],9,[-106;-491;-521],6,[NaN;0;NaN],[-338;-429;-583],8,[0;NaN;NaN],[705;-331;-461],8,[NaN;NaN;0]},{'O',[338;491;461],9,[338;491;461],9,0},{'M',[-572;-455;-693],11,[-511;-455;-693],10,[NaN;0;0],[-143;-706;-337],10,[2;NaN;NaN]},{'O',[572;455;693],11,[572;455;693],11,0}}
Adder graph: {{'M',[1;2;2],1,[1;1;1],0,[0;1;1]},{'A',[-15;33;-31],2,[1;1;1],0,0,[-1;2;-2],1,4},{'M',[16;8;-31],3,[1;1;1],0,[4;3;NaN],[-15;33;-31],2,[NaN;NaN;0]},{'M',[1;1;4],1,[1;1;1],0,[0;0;2]},{'A',[56;40;-92],4,[16;8;-31],3,2,[-1;1;4],1,3},{'M',[-60;66;-31],3,[-15;33;-31],2,[2;1;0]},{'M',[56;33;16],5,[1;1;1],0,[NaN;NaN;4],[-15;33;-31],2,[NaN;0;NaN],[56;40;-92],4,[0;NaN;NaN]},{'A',[-424;495;-232],6,[-60;66;-31],3,3,[56;-33;16],5,0},{'M',[256;66;-31],3,[1;1;1],0,[8;NaN;NaN],[-15;33;-31],2,[NaN;1;0]},{'M',[1;640;-368],5,[1;1;1],0,[0;NaN;NaN],[56;40;-92],4,[NaN;4;2]},{'A',[255;706;337],6,[256;66;-31],3,0,[-1;640;368],5,0},{'M',[1024;495;337],7,[1;1;1],0,[10;NaN;NaN],[-424;495;-232],6,[NaN;0;NaN],[255;706;337],6,[NaN;NaN;0]},{'M',[1;33;-92],5,[1;1;1],0,[0;NaN;NaN],[-15;33;-31],2,[NaN;0;NaN],[56;40;-92],4,[NaN;NaN;0]},{'A',[1022;429;521],8,[1024;495;337],7,0,[-1;-33;92],5,1},{'M',[-30;495;337],7,[-15;33;-31],2,[1;NaN;NaN],[-424;495;-232],6,[NaN;0;NaN],[255;706;337],6,[NaN;NaN;0]},{'M',[-424;4;-124],7,[1;1;1],0,[NaN;2;NaN],[-15;33;-31],2,[NaN;NaN;2],[-424;495;-232],6,[0;NaN;NaN]},{'A',[394;491;461],8,[-30;495;337],7,0,[424;-4;124],7,0},{'M',[394;495;461],9,[-424;495;-232],6,[NaN;0;NaN],[394;491;461],8,[0;NaN;0]},{'M',[56;40;-232],7,[56;40;-92],4,[0;0;NaN],[-424;495;-232],6,[NaN;NaN;0]},{'A',[338;455;693],10,[394;495;461],9,0,[-56;-40;232],7,0},{'M',[255;160;-31],7,[-15;33;-31],2,[NaN;NaN;0],[56;40;-92],4,[NaN;2;NaN],[255;706;337],6,[0;NaN;NaN]},{'M',[224;982;521],9,[56;40;-92],4,[2;NaN;NaN],[1022;429;521],8,[NaN;NaN;0],[394;491;461],8,[NaN;1;NaN]},{'A',[286;-662;-583],10,[255;160;-31],7,1,[-224;-982;-521],9,0},{'O',[255;706;337],6,[255;706;337],6,0},{'M',[-848;-662;-583],11,[-424;495;-232],6,[1;NaN;NaN],[286;-662;-583],10,[NaN;0;0]},{'O',[848;662;583],11,[848;662;583],11,0},{'O',[1022;429;521],8,[1022;429;521],8,0},{'M',[338;491;461],11,[394;491;461],8,[NaN;0;0],[338;455;693],10,[0;NaN;NaN]},{'O',[338;491;461],11,[338;491;461],11,0},{'M',[572;455;693],11,[338;455;693],10,[NaN;0;0],[286;-662;-583],10,[1;NaN;NaN]},{'O',[572;455;693],11,[572;455;693],11,0}}
Adder graph: {{'M',[32;1;32],1,[1;1;1],0,[5;0;5]},{'M',[2;16;1],1,[1;1;1],0,[1;4;0]},{'A',[30;-15;31],2,[32;1;32],1,0,[-2;-16;-1],1,0},{'M',[8;-15;62],3,[1;1;1],0,[3;NaN;NaN],[30;-15;31],2,[NaN;0;1]},{'M',[4;1;4],1,[1;1;1],0,[2;0;2]},{'A',[-8;-11;46],4,[8;-15;62],3,0,[-4;1;-4],1,2},{'M',[-8;-88;1],5,[1;1;1],0,[NaN;NaN;0],[-8;-11;46],4,[0;3;NaN]},{'M',[30;-44;31],5,[30;-15;31],2,[0;NaN;0],[-8;-11;46],4,[NaN;2;NaN]},{'A',[-92;-440;-58],6,[-8;-88;1],5,2,[-30;-44;-31],5,1},{'M',[-256;-352;31],5,[30;-15;31],2,[NaN;NaN;0],[-8;-11;46],4,[5;5;NaN]},{'M',[1;1;368],5,[1;1;1],0,[0;0;NaN],[-8;-11;46],4,[NaN;NaN;3]},{'A',[-255;-353;-337],6,[-256;-352;31],5,0,[1;-1;-368],5,0},{'M',[-92;-440;-337],7,[-92;-440;-58],6,[0;0;NaN],[-255;-353;-337],6,[NaN;NaN;0]},{'M',[480;-15;184],5,[30;-15;31],2,[4;0;NaN],[-8;-11;46],4,[NaN;NaN;2]},{'A',[-572;-455;-521],8,[-92;-440;-337],7,0,[-480;-15;-184],5,0},{'M',[30;-11;-337],7,[30;-15;31],2,[0;NaN;NaN],[-8;-11;46],4,[NaN;0;NaN],[-255;-353;-337],6,[NaN;NaN;0]},{'M',[-92;-120;31],7,[30;-15;31],2,[NaN;3;0],[-92;-440;-58],6,[0;NaN;NaN]},{'A',[-338;-491;-461],8,[30;-11;-337],7,0,[-92;-120;-31],7,2},{'M',[-510;-706;-521],9,[-255;-353;-337],6,[1;1;NaN],[-572;-455;-521],8,[NaN;NaN;0]},{'M',[-338;-44;62],9,[30;-15;31],2,[NaN;NaN;1],[-8;-11;46],4,[NaN;2;NaN],[-338;-491;-461],8,[0;NaN;NaN]},{'A',[-848;-662;-583],10,[-510;-706;-521],9,0,[-338;44;-62],9,0},{'M',[-510;-440;-232],7,[-92;-440;-58],6,[NaN;0;2],[-255;-353;-337],6,[1;NaN;NaN]},{'M',[-512;-11;-461],9,[-8;-11;46],4,[6;0;NaN],[-338;-491;-461],8,[NaN;NaN;0]},{'A',[-1022;-429;-693],10,[-510;-440;-232],7,0,[-512;11;-461],9,0},{'M',[-255;-706;-337],7,[-255;-353;-337],6,[0;1;0]},{'O',[255;706;337],7,[255;706;337],7,0},{'O',[848;662;583],10,[848;662;583],10,0},{'M',[-1022;-429;-521],11,[-572;-455;-521],8,[NaN;NaN;0],[-1022;-429;-693],10,[0;0;NaN]},{'O',[1022;429;521],11,[1022;429;521],11,0},{'O',[338;491;461],8,[338;491;461],8,0},{'M',[-572;-455;-693],11,[-572;-455;-521],8,[0;0;NaN],[-1022;-429;-693],10,[NaN;NaN;0]},{'O',[572;455;693],11,[572;455;693],11,0}}
Adder graph: {{'M',[8;2;1],1,[1;1;1],0,[3;1;0]},{'A',[255;65;31],2,[8;2;1],1,5,[-1;1;-1],0,0},{'M',[8;1;1],1,[1;1;1],0,[3;0;0]},{'M',[1;64;31],3,[1;1;1],0,[0;6;NaN],[255;65;31],2,[NaN;NaN;0]},{'A',[17;-62;-29],4,[8;1;1],1,1,[1;-64;-31],3,0},{'M',[17;65;31],5,[255;65;31],2,[NaN;0;0],[17;-62;-29],4,[0;NaN;NaN]},{'M',[1;65;2],3,[1;1;1],0,[0;NaN;1],[255;65;31],2,[NaN;0;NaN]},{'A',[135;455;246],6,[17;65;31],5,3,[-1;-65;-2],3,0},{'M',[68;-248;31],5,[255;65;31],2,[NaN;NaN;0],[17;-62;-29],4,[2;2;NaN]},{'A',[338;662;461],7,[135;455;246],6,1,[68;-248;-31],5,0},{'M',[338;16;461],8,[1;1;1],0,[NaN;4;NaN],[338;662;461],7,[0;NaN;0]},{'M',[1;1;-116],5,[1;1;1],0,[0;0;NaN],[17;-62;-29],4,[NaN;NaN;2]},{'A',[336;18;693],9,[338;16;461],8,0,[-1;1;116],5,1},{'M',[4;18;246],10,[1;1;1],0,[2;NaN;NaN],[135;455;246],6,[NaN;NaN;0],[336;18;693],9,[NaN;0;NaN]},{'M',[135;455;-29],7,[17;-62;-29],4,[NaN;NaN;0],[135;455;246],6,[0;0;NaN]},{'A',[143;491;521],11,[4;18;246],10,1,[135;455;29],7,0},{'M',[510;-62;62],5,[255;65;31],2,[1;NaN;1],[17;-62;-29],4,[NaN;0;NaN]},{'M',[338;491;521],12,[338;662;461],7,[0;NaN;NaN],[143;491;521],11,[NaN;0;0]},{'A',[848;429;583],13,[510;-62;62],5,0,[338;491;521],12,0},{'M',[2;576;461],10,[1;1;1],0,[1;NaN;NaN],[338;662;461],7,[NaN;NaN;0],[336;18;693],9,[NaN;5;NaN]},{'M',[510;65;62],3,[255;65;31],2,[1;0;1]},{'A',[1022;706;337],11,[2;576;461],10,0,[510;65;-62],3,1},{'M',[255;706;337],12,[255;65;31],2,[0;NaN;NaN],[1022;706;337],11,[NaN;0;0]},{'O',[255;706;337],12,[255;706;337],12,0},{'M',[848;662;583],14,[338;662;461],7,[NaN;0;NaN],[848;429;583],13,[0;NaN;0]},{'O',[848;662;583],14,[848;662;583],14,0},{'M',[1022;429;521],14,[143;491;521],11,[NaN;NaN;0],[848;429;583],13,[NaN;0;NaN],[1022;706;337],11,[0;NaN;NaN]},{'O',[1022;429;521],14,[1022;429;521],14,0},{'M',[338;491;461],12,[338;662;461],7,[0;NaN;0],[143;491;521],11,[NaN;0;NaN]},{'O',[338;491;461],12,[338;491;461],12,0},{'M',[572;455;693],12,[135;455;246],6,[NaN;0;NaN],[336;18;693],9,[NaN;NaN;0],[143;491;521],11,[2;NaN;NaN]},{'O',[572;455;693],12,[572;455;693],12,0}}
Adder graph: {{'A',[33;33;-31],1,[1;1;1],0,0,[1;1;-1],0,5},{'M',[256;33;-62],2,[1;1;1],0,[8;NaN;NaN],[33;33;-31],1,[NaN;0;1]},{'M',[33;33;1],2,[1;1;1],0,[NaN;NaN;0],[33;33;-31],1,[0;0;NaN]},{'A',[-272;-495;-46],3,[256;33;-62],2,0,[-33;-33;1],2,4},{'M',[256;-495;-46],4,[1;1;1],0,[8;NaN;NaN],[-272;-495;-46],3,[NaN;0;0]},{'M',[1;4;64],1,[1;1;1],0,[0;2;6]},{'A',[255;-491;-110],5,[256;-495;-46],4,0,[-1;4;-64],1,0},{'M',[32;32;-31],2,[1;1;1],0,[5;5;NaN],[33;33;-31],1,[NaN;NaN;0]},{'M',[-272;4;-184],4,[1;1;1],0,[NaN;2;NaN],[-272;-495;-46],3,[0;NaN;2]},{'A',[576;40;337],5,[32;32;-31],2,0,[272;4;184],4,1},{'M',[-272;-495;-124],4,[33;33;-31],1,[NaN;NaN;2],[-272;-495;-46],3,[0;0;NaN]},{'M',[66;66;337],6,[33;33;-31],1,[1;1;NaN],[576;40;337],5,[NaN;NaN;0]},{'A',[-338;-429;-461],7,[-272;-495;-124],4,0,[-66;66;-337],6,0},{'M',[4;-495;-184],4,[1;1;1],0,[2;NaN;NaN],[-272;-495;-46],3,[NaN;0;2]},{'A',[-572;-455;-521],6,[4;-495;-184],4,0,[-576;40;-337],5,0},{'M',[-1088;640;-521],7,[-272;-495;-46],3,[2;NaN;NaN],[576;40;337],5,[NaN;4;NaN],[-572;-455;-521],6,[NaN;NaN;0]},{'A',[-1022;706;-583],8,[33;33;-31],1,1,[-1088;640;-521],7,0},{'M',[-338;320;-110],8,[255;-491;-110],5,[NaN;NaN;0],[576;40;337],5,[NaN;3;NaN],[-338;-429;-461],7,[0;NaN;NaN]},{'M',[510;-982;-583],9,[255;-491;-110],5,[1;1;NaN],[-1022;706;-583],8,[NaN;NaN;0]},{'A',[-848;-662;-693],10,[-338;320;-110],8,0,[-510;-982;-583],9,0},{'M',[255;706;337],9,[255;-491;-110],5,[0;NaN;NaN],[576;40;337],5,[NaN;NaN;0],[-1022;706;-583],8,[NaN;0;NaN]},{'O',[255;706;337],9,[255;706;337],9,0},{'M',[-848;-662;-583],11,[-1022;706;-583],8,[NaN;NaN;0],[-848;-662;-693],10,[0;0;NaN]},{'O',[848;662;583],11,[848;662;583],11,0},{'M',[-1022;-429;-521],9,[-338;-429;-461],7,[NaN;0;NaN],[-572;-455;-521],6,[NaN;NaN;0],[-1022;706;-583],8,[0;NaN;NaN]},{'O',[1022;429;521],9,[1022;429;521],9,0},{'M',[-338;-491;-461],8,[255;-491;-110],5,[NaN;0;NaN],[-338;-429;-461],7,[0;NaN;0]},{'O',[338;491;461],8,[338;491;461],8,0},{'M',[-572;-455;-693],11,[-572;-455;-521],6,[0;0;NaN],[-848;-662;-693],10,[NaN;NaN;0]},{'O',[572;455;693],11,[572;455;693],11,0}}
Adder graph: {{'A',[33;31;31],1,[1;1;1],0,5,[1;-1;-1],0,0},{'M',[64;1;1],1,[1;1;1],0,[6;0;0]},{'M',[1;1;62],2,[1;1;1],0,[0;0;NaN],[33;31;31],1,[NaN;NaN;1]},{'A',[255;3;-58],3,[64;1;1],1,2,[-1;-1;-62],2,0},{'M',[33;2;31],2,[1;1;1],0,[NaN;1;NaN],[33;31;31],1,[0;NaN;0]},{'M',[66;3;64],4,[1;1;1],0,[NaN;NaN;6],[33;31;31],1,[1;NaN;NaN],[255;3;-58],3,[NaN;0;NaN]},{'A',[330;13;184],5,[33;2;31],2,3,[66;-3;-64],4,0},{'M',[32;192;184],6,[1;1;1],0,[5;NaN;NaN],[255;3;-58],3,[NaN;6;NaN],[330;13;184],5,[NaN;NaN;0]},{'M',[512;31;31],2,[1;1;1],0,[9;NaN;NaN],[33;31;31],1,[NaN;0;0]},{'A',[-448;353;337],7,[32;192;184],6,1,[-512;-31;-31],2,0},{'M',[1020;13;184],6,[255;3;-58],3,[2;NaN;NaN],[330;13;184],5,[NaN;0;0]},{'M',[2;416;337],8,[1;1;1],0,[1;NaN;NaN],[330;13;184],5,[NaN;5;NaN],[-448;353;337],7,[NaN;NaN;0]},{'A',[1022;429;521],9,[1020;13;184],6,0,[2;416;337],8,0},{'M',[2640;429;521],10,[330;13;184],5,[3;NaN;NaN],[1022;429;521],9,[NaN;0;0]},{'M',[-896;13;31],8,[33;31;31],1,[NaN;NaN;0],[330;13;184],5,[NaN;0;NaN],[-448;353;337],7,[1;NaN;NaN]},{'A',[848;455;583],11,[2640;429;521],10,0,[-896;13;31],8,1},{'M',[848;455;337],12,[-448;353;337],7,[NaN;NaN;0],[848;455;583],11,[0;0;NaN]},{'M',[255;62;62],4,[33;31;31],1,[NaN;1;1],[255;3;-58],3,[0;NaN;NaN]},{'A',[338;331;461],13,[848;455;337],12,0,[-255;-62;62],4,1},{'M',[-448;62;461],14,[33;31;31],1,[NaN;1;NaN],[-448;353;337],7,[0;NaN;NaN],[338;331;461],13,[NaN;NaN;0]},{'M',[1020;429;-232],10,[255;3;-58],3,[2;NaN;2],[1022;429;521],9,[NaN;0;NaN]},{'A',[572;491;693],15,[-448;62;461],14,0,[1020;429;232],10,0},{'M',[255;706;337],8,[255;3;-58],3,[0;NaN;NaN],[-448;353;337],7,[NaN;1;0]},{'O',[255;706;337],8,[255;706;337],8,0},{'M',[848;662;583],14,[848;455;583],11,[0;NaN;0],[338;331;461],13,[NaN;1;NaN]},{'O',[848;662;583],14,[848;662;583],14,0},{'O',[1022;429;521],9,[1022;429;521],9,0},{'M',[338;491;461],16,[338;331;461],13,[0;NaN;0],[572;491;693],15,[NaN;0;NaN]},{'O',[338;491;461],16,[338;491;461],16,0},{'M',[572;455;693],16,[848;455;583],11,[NaN;0;NaN],[572;491;693],15,[0;NaN;0]},{'O',[572;455;693],16,[572;455;693],16,0}}
Finished solving after 7798.46 seconds
Adder graph: {{'A',[33;31;31],1,[1;1;1],0,5,[1;-1;-1],0,0},{'M',[64;1;1],1,[1;1;1],0,[6;0;0]},{'M',[1;1;62],2,[1;1;1],0,[0;0;NaN],[33;31;31],1,[NaN;NaN;1]},{'A',[255;3;-58],3,[64;1;1],1,2,[-1;-1;-62],2,0},{'M',[33;2;31],2,[1;1;1],0,[NaN;1;NaN],[33;31;31],1,[0;NaN;0]},{'M',[66;3;64],4,[1;1;1],0,[NaN;NaN;6],[33;31;31],1,[1;NaN;NaN],[255;3;-58],3,[NaN;0;NaN]},{'A',[330;13;184],5,[33;2;31],2,3,[66;-3;-64],4,0},{'M',[32;192;184],6,[1;1;1],0,[5;NaN;NaN],[255;3;-58],3,[NaN;6;NaN],[330;13;184],5,[NaN;NaN;0]},{'M',[512;31;31],2,[1;1;1],0,[9;NaN;NaN],[33;31;31],1,[NaN;0;0]},{'A',[-448;353;337],7,[32;192;184],6,1,[-512;-31;-31],2,0},{'M',[1020;13;184],6,[255;3;-58],3,[2;NaN;NaN],[330;13;184],5,[NaN;0;0]},{'M',[2;416;337],8,[1;1;1],0,[1;NaN;NaN],[330;13;184],5,[NaN;5;NaN],[-448;353;337],7,[NaN;NaN;0]},{'A',[1022;429;521],9,[1020;13;184],6,0,[2;416;337],8,0},{'M',[2640;429;521],10,[330;13;184],5,[3;NaN;NaN],[1022;429;521],9,[NaN;0;0]},{'M',[-896;13;31],8,[33;31;31],1,[NaN;NaN;0],[330;13;184],5,[NaN;0;NaN],[-448;353;337],7,[1;NaN;NaN]},{'A',[848;455;583],11,[2640;429;521],10,0,[-896;13;31],8,1},{'M',[848;455;337],12,[-448;353;337],7,[NaN;NaN;0],[848;455;583],11,[0;0;NaN]},{'M',[255;62;62],4,[33;31;31],1,[NaN;1;1],[255;3;-58],3,[0;NaN;NaN]},{'A',[338;331;461],13,[848;455;337],12,0,[-255;-62;62],4,1},{'M',[-448;62;461],14,[33;31;31],1,[NaN;1;NaN],[-448;353;337],7,[0;NaN;NaN],[338;331;461],13,[NaN;NaN;0]},{'M',[1020;429;-232],10,[255;3;-58],3,[2;NaN;2],[1022;429;521],9,[NaN;0;NaN]},{'A',[572;491;693],15,[-448;62;461],14,0,[1020;429;232],10,0},{'M',[255;706;337],8,[255;3;-58],3,[0;NaN;NaN],[-448;353;337],7,[NaN;1;0]},{'O',[255;706;337],8,[255;706;337],8,0},{'M',[848;662;583],14,[848;455;583],11,[0;NaN;0],[338;331;461],13,[NaN;1;NaN]},{'O',[848;662;583],14,[848;662;583],14,0},{'O',[1022;429;521],9,[1022;429;521],9,0},{'M',[338;491;461],16,[338;331;461],13,[0;NaN;0],[572;491;693],15,[NaN;0;NaN]},{'O',[338;491;461],16,[338;491;461],16,0},{'M',[572;455;693],16,[848;455;583],11,[NaN;0;NaN],[572;491;693],15,[0;NaN;0]},{'O',[572;455;693],16,[572;455;693],16,0}}
# Add optimal = 1
# Mux optimal = 0
# FAs optimal = 0
