Adder graph: {{'M',[16;4;1],1,[1;1;1],0,[4;2;0]},{'M',[1;1;4],1,[1;1;1],0,[0;0;2]},{'A',[15;5;5],2,[16;4;1],1,0,[-1;1;4],1,0},{'M',[15;2;16],3,[1;1;1],0,[NaN;1;4],[15;5;5],2,[0;NaN;NaN]},{'M',[128;1;32],1,[1;1;1],0,[7;0;5]},{'A',[143;3;48],4,[15;2;16],3,0,[128;1;32],1,0},{'M',[286;384;1],5,[1;1;1],0,[NaN;NaN;0],[143;3;48],4,[1;7;NaN]},{'M',[1;10;40],3,[1;1;1],0,[0;NaN;NaN],[15;5;5],2,[NaN;1;3]},{'A',[285;374;41],6,[286;384;1],5,0,[-1;-10;40],3,0},{'M',[143;128;5],5,[1;1;1],0,[NaN;7;NaN],[15;5;5],2,[NaN;NaN;0],[143;3;48],4,[0;NaN;NaN]},{'M',[4;5;768],5,[1;1;1],0,[2;NaN;NaN],[15;5;5],2,[NaN;0;NaN],[143;3;48],4,[NaN;NaN;4]},{'A',[147;123;773],6,[143;128;5],5,0,[4;-5;768],5,0},{'M',[570;374;384],7,[143;3;48],4,[NaN;NaN;3],[285;374;41],6,[1;0;NaN]},{'M',[143;6;192],5,[143;3;48],4,[0;1;2]},{'A',[997;742;960],8,[570;374;384],7,1,[-143;-6;192],5,0},{'M',[147;24;773],7,[143;3;48],4,[NaN;3;NaN],[147;123;773],6,[0;NaN;0]},{'M',[30;5;96],5,[15;5;5],2,[1;0;NaN],[143;3;48],4,[NaN;NaN;1]},{'A',[177;19;677],8,[147;24;773],7,0,[30;-5;-96],5,0},{'M',[572;19;960],9,[143;3;48],4,[2;NaN;NaN],[997;742;960],8,[NaN;NaN;0],[177;19;677],8,[NaN;0;NaN]},{'M',[177;246;1],9,[1;1;1],0,[NaN;NaN;0],[147;123;773],6,[NaN;1;NaN],[177;19;677],8,[0;NaN;NaN]},{'A',[395;265;961],10,[572;19;960],9,0,[-177;246;1],9,0},{'M',[30;742;773],9,[15;5;5],2,[1;NaN;NaN],[147;123;773],6,[NaN;NaN;0],[997;742;960],8,[NaN;0;NaN]},{'O',[30;742;773],9,[30;742;773],9,0},{'M',[147;265;961],11,[147;123;773],6,[0;NaN;NaN],[395;265;961],10,[NaN;0;0]},{'O',[147;265;961],11,[147;265;961],11,0},{'M',[997;24;768],9,[143;3;48],4,[NaN;3;4],[997;742;960],8,[0;NaN;NaN]},{'O',[997;24;768],9,[997;24;768],9,0},{'M',[708;152;677],9,[177;19;677],8,[2;3;0]},{'O',[708;152;677],9,[708;152;677],9,0},{'M',[395;123;41],11,[285;374;41],6,[NaN;NaN;0],[147;123;773],6,[NaN;0;NaN],[395;265;961],10,[0;NaN;NaN]},{'O',[395;123;41],11,[395;123;41],11,0}}
Adder graph: {{'M',[256;1;2],1,[1;1;1],0,[8;0;1]},{'M',[2;1;2],1,[1;1;1],0,[1;0;1]},{'A',[248;-3;-6],2,[256;1;2],1,0,[-2;-1;-2],1,2},{'M',[1;2;16],1,[1;1;1],0,[0;1;4]},{'M',[16;64;1],1,[1;1;1],0,[4;6;0]},{'A',[-15;-62;15],2,[1;2;16],1,0,[-16;-64;-1],1,0},{'M',[128;1;1],1,[1;1;1],0,[7;0;0]},{'M',[-15;-248;960],3,[-15;-62;15],2,[0;2;6]},{'A',[143;-247;961],4,[128;1;1],1,0,[15;-248;960],3,0},{'M',[4;-124;15],3,[1;1;1],0,[2;NaN;NaN],[-15;-62;15],2,[NaN;1;0]},{'M',[143;-247;-6],5,[248;-3;-6],2,[NaN;NaN;0],[143;-247;961],4,[0;0;NaN]},{'A',[147;123;21],6,[4;-124;15],3,0,[143;247;6],5,0},{'M',[147;-248;42],7,[-15;-62;15],2,[NaN;2;NaN],[147;123;21],6,[0;NaN;1]},{'M',[1144;-494;1],5,[1;1;1],0,[NaN;NaN;0],[143;-247;961],4,[3;1;NaN]},{'A',[-997;-742;41],8,[147;-248;42],7,0,[-1144;-494;-1],5,0},{'M',[147;512;656],9,[1;1;1],0,[NaN;9;NaN],[147;123;21],6,[0;NaN;NaN],[-997;-742;41],8,[NaN;NaN;4]},{'M',[-30;-247;21],7,[-15;-62;15],2,[1;NaN;NaN],[143;-247;961],4,[NaN;0;NaN],[147;123;21],6,[NaN;NaN;0]},{'A',[177;265;677],10,[147;512;656],9,0,[30;-247;21],7,0},{'M',[248;-48;-96],3,[248;-3;-6],2,[0;4;4]},{'M',[147;-124;677],11,[-15;-62;15],2,[NaN;1;NaN],[147;123;21],6,[0;NaN;NaN],[177;265;677],10,[NaN;NaN;0]},{'A',[395;76;-773],12,[248;-48;-96],3,0,[147;124;-677],11,0},{'M',[-30;-742;-773],13,[-15;-62;15],2,[1;NaN;NaN],[-997;-742;41],8,[NaN;0;NaN],[395;76;-773],12,[NaN;NaN;0]},{'O',[30;742;773],13,[30;742;773],13,0},{'M',[147;265;961],11,[143;-247;961],4,[NaN;NaN;0],[147;123;21],6,[0;NaN;NaN],[177;265;677],10,[NaN;0;NaN]},{'O',[147;265;961],11,[147;265;961],11,0},{'M',[-997;-24;-768],9,[248;-3;-6],2,[NaN;3;7],[-997;-742;41],8,[0;NaN;NaN]},{'O',[997;24;768],9,[997;24;768],9,0},{'M',[708;152;677],13,[177;265;677],10,[2;NaN;0],[395;76;-773],12,[NaN;1;NaN]},{'O',[708;152;677],13,[708;152;677],13,0},{'M',[395;123;41],13,[147;123;21],6,[NaN;0;NaN],[-997;-742;41],8,[NaN;NaN;0],[395;76;-773],12,[0;NaN;NaN]},{'O',[395;123;41],13,[395;123;41],13,0}}
Adder graph: {{'M',[4;1;1],1,[1;1;1],0,[2;0;0]},{'M',[1;1;16],1,[1;1;1],0,[0;0;4]},{'A',[15;5;-12],2,[4;1;1],1,2,[-1;1;-16],1,0},{'M',[15;40;1024],3,[1;1;1],0,[NaN;NaN;10],[15;5;-12],2,[0;3;NaN]},{'M',[2;1;1],1,[1;1;1],0,[1;0;0]},{'A',[143;-24;960],4,[15;40;1024],3,0,[2;-1;-1],1,6},{'M',[143;128;1],5,[1;1;1],0,[NaN;7;0],[143;-24;960],4,[0;NaN;NaN]},{'M',[4;5;4],3,[1;1;1],0,[2;NaN;2],[15;5;-12],2,[NaN;0;NaN]},{'A',[147;123;5],6,[143;128;1],5,0,[4;-5;4],3,0},{'M',[147;40;5],7,[15;5;-12],2,[NaN;3;NaN],[147;123;5],6,[0;NaN;0]},{'M',[15;1;-384],3,[1;1;1],0,[NaN;0;NaN],[15;5;-12],2,[0;NaN;5]},{'A',[177;38;773],8,[147;40;5],7,0,[15;-1;384],3,1},{'M',[147;5;1],7,[1;1;1],0,[NaN;NaN;0],[15;5;-12],2,[NaN;0;NaN],[147;123;5],6,[0;NaN;NaN]},{'M',[1144;-48;960],5,[143;-24;960],4,[3;1;0]},{'A',[-997;53;961],8,[147;5;1],7,0,[-1144;48;960],5,0},{'M',[15;212;40],9,[15;5;-12],2,[0;NaN;NaN],[147;123;5],6,[NaN;NaN;3],[-997;53;961],8,[NaN;2;NaN]},{'M',[15;53;1],9,[1;1;1],0,[NaN;NaN;0],[15;5;-12],2,[0;NaN;NaN],[-997;53;961],8,[NaN;0;NaN]},{'A',[30;265;41],10,[15;212;40],9,0,[15;53;1],9,0},{'M',[572;212;773],9,[143;-24;960],4,[2;NaN;NaN],[177;38;773],8,[NaN;NaN;0],[-997;53;961],8,[NaN;2;NaN]},{'M',[177;530;-96],11,[15;5;-12],2,[NaN;NaN;3],[177;38;773],8,[0;NaN;NaN],[30;265;41],10,[NaN;1;NaN]},{'A',[395;742;677],12,[572;212;773],9,0,[-177;530;-96],11,0},{'M',[30;742;773],13,[177;38;773],8,[NaN;NaN;0],[30;265;41],10,[0;NaN;NaN],[395;742;677],12,[NaN;0;NaN]},{'O',[30;742;773],13,[30;742;773],13,0},{'M',[147;265;961],11,[147;123;5],6,[0;NaN;NaN],[-997;53;961],8,[NaN;NaN;0],[30;265;41],10,[NaN;0;NaN]},{'O',[147;265;961],11,[147;265;961],11,0},{'M',[-997;-24;-768],9,[15;5;-12],2,[NaN;NaN;6],[143;-24;960],4,[NaN;0;NaN],[-997;53;961],8,[0;NaN;NaN]},{'O',[997;24;768],9,[997;24;768],9,0},{'M',[708;152;677],13,[177;38;773],8,[2;2;NaN],[395;742;677],12,[NaN;NaN;0]},{'O',[708;152;677],13,[708;152;677],13,0},{'M',[395;123;41],13,[147;123;5],6,[NaN;0;NaN],[30;265;41],10,[NaN;NaN;0],[395;742;677],12,[0;NaN;NaN]},{'O',[395;123;41],13,[395;123;41],13,0}}
Adder graph: {{'M',[1;1;2],1,[1;1;1],0,[0;0;1]},{'M',[4;1;2],1,[1;1;1],0,[2;0;1]},{'A',[-15;-3;-6],2,[1;1;2],1,0,[-4;-1;-2],1,2},{'M',[-15;64;2],3,[1;1;1],0,[NaN;6;1],[-15;-3;-6],2,[0;NaN;NaN]},{'M',[32;1;8],1,[1;1;1],0,[5;0;3]},{'A',[-286;120;-60],4,[-15;64;2],3,1,[-32;-1;-8],1,3},{'M',[-15;-3;-960],5,[-15;-3;-6],2,[0;0;NaN],[-286;120;-60],4,[NaN;NaN;4]},{'M',[64;120;1],5,[1;1;1],0,[6;NaN;0],[-286;120;-60],4,[NaN;0;NaN]},{'A',[49;-123;-961],6,[-15;-3;-960],5,0,[64;-120;-1],5,0},{'M',[16;16;-6],3,[1;1;1],0,[4;4;NaN],[-15;-3;-6],2,[NaN;NaN;0]},{'M',[49;-24;1],7,[1;1;1],0,[NaN;NaN;0],[-15;-3;-6],2,[NaN;3;NaN],[49;-123;-961],6,[0;NaN;NaN]},{'A',[177;152;-47],8,[16;16;-6],3,3,[49;24;1],7,0},{'M',[49;-6;-961],7,[-15;-3;-6],2,[NaN;1;NaN],[49;-123;-961],6,[0;NaN;0]},{'M',[49;64;-47],9,[1;1;1],0,[NaN;6;NaN],[49;-123;-961],6,[0;NaN;NaN],[177;152;-47],8,[NaN;NaN;0]},{'A',[-147;-262;-773],10,[49;-6;-961],7,0,[-49;-64;47],9,2},{'M',[-1144;-3;-96],5,[-15;-3;-6],2,[NaN;0;4],[-286;120;-60],4,[2;NaN;NaN]},{'A',[-997;-265;677],11,[-1144;-3;-96],5,0,[147;-262;773],10,0},{'M',[-572;-262;-47],11,[-286;120;-60],4,[1;NaN;NaN],[177;152;-47],8,[NaN;NaN;0],[-147;-262;-773],10,[NaN;0;NaN]},{'M',[177;480;-6],9,[-15;-3;-6],2,[NaN;NaN;0],[-286;120;-60],4,[NaN;2;NaN],[177;152;-47],8,[0;NaN;NaN]},{'A',[-395;-742;-41],12,[-572;-262;-47],11,0,[177;-480;6],9,0},{'M',[-30;-742;-773],13,[-15;-3;-6],2,[1;NaN;NaN],[-147;-262;-773],10,[NaN;NaN;0],[-395;-742;-41],12,[NaN;0;NaN]},{'O',[30;742;773],13,[30;742;773],13,0},{'M',[-147;-265;-961],12,[49;-123;-961],6,[NaN;NaN;0],[-147;-262;-773],10,[0;NaN;NaN],[-997;-265;677],11,[NaN;0;NaN]},{'O',[147;265;961],12,[147;265;961],12,0},{'M',[-997;-24;-768],12,[-15;-3;-6],2,[NaN;3;7],[-997;-265;677],11,[0;NaN;NaN]},{'O',[997;24;768],12,[997;24;768],12,0},{'M',[708;152;677],12,[177;152;-47],8,[2;0;NaN],[-997;-265;677],11,[NaN;NaN;0]},{'O',[708;152;677],12,[708;152;677],12,0},{'M',[-395;-123;-41],13,[49;-123;-961],6,[NaN;0;NaN],[-395;-742;-41],12,[0;NaN;0]},{'O',[395;123;41],13,[395;123;41],13,0}}
Adder graph: {{'M',[1;16;4],1,[1;1;1],0,[0;4;2]},{'M',[16;1;1],1,[1;1;1],0,[4;0;0]},{'A',[-15;15;5],2,[1;16;4],1,0,[-16;-1;1],1,0},{'M',[-15;1;10],3,[1;1;1],0,[NaN;0;NaN],[-15;15;5],2,[0;NaN;1]},{'M',[32;1;4],1,[1;1;1],0,[5;0;2]},{'A',[-143;-3;-6],4,[-15;1;10],3,0,[-32;-1;-4],1,2},{'M',[1;1;-192],5,[1;1;1],0,[0;0;NaN],[-143;-3;-6],4,[NaN;NaN;5]},{'M',[-143;15;5],5,[-15;15;5],2,[NaN;0;0],[-143;-3;-6],4,[0;NaN;NaN]},{'A',[147;19;-773],6,[1;1;-192],5,2,[143;15;-5],5,0},{'M',[147;-384;40],7,[-15;15;5],2,[NaN;NaN;3],[-143;-3;-6],4,[NaN;7;NaN],[147;19;-773],6,[0;NaN;NaN]},{'M',[-1144;15;1],5,[1;1;1],0,[NaN;NaN;0],[-15;15;5],2,[NaN;0;NaN],[-143;-3;-6],4,[3;NaN;NaN]},{'A',[-997;-369;41],8,[147;-384;40],7,0,[-1144;15;1],5,0},{'M',[32;-369;32],9,[1;1;1],0,[5;NaN;5],[-997;-369;41],8,[NaN;0;NaN]},{'M',[1;4;4],1,[1;1;1],0,[0;2;2]},{'A',[63;-742;60],10,[32;-369;32],9,1,[-1;-4;-4],1,0},{'M',[252;120;1],11,[1;1;1],0,[NaN;NaN;0],[-15;15;5],2,[NaN;3;NaN],[63;-742;60],10,[2;NaN;NaN]},{'M',[-143;-3;960],11,[-143;-3;-6],4,[0;0;NaN],[63;-742;60],10,[NaN;NaN;4]},{'A',[395;123;961],12,[252;120;1],11,0,[143;3;960],11,0},{'M',[147;246;-96],13,[-143;-3;-6],4,[NaN;NaN;4],[147;19;-773],6,[0;NaN;NaN],[395;123;961],12,[NaN;1;NaN]},{'M',[-30;19;-773],7,[-15;15;5],2,[1;NaN;NaN],[147;19;-773],6,[NaN;0;0]},{'A',[177;265;677],14,[147;246;-96],13,0,[30;19;773],7,0},{'M',[-30;-742;-773],11,[-15;15;5],2,[1;NaN;NaN],[147;19;-773],6,[NaN;NaN;0],[63;-742;60],10,[NaN;0;NaN]},{'O',[30;742;773],11,[30;742;773],11,0},{'M',[147;265;961],15,[147;19;-773],6,[0;NaN;NaN],[395;123;961],12,[NaN;NaN;0],[177;265;677],14,[NaN;0;NaN]},{'O',[147;265;961],15,[147;265;961],15,0},{'M',[-997;-24;-768],9,[-143;-3;-6],4,[NaN;3;7],[-997;-369;41],8,[0;NaN;NaN]},{'O',[997;24;768],9,[997;24;768],9,0},{'M',[708;152;677],15,[147;19;-773],6,[NaN;3;NaN],[177;265;677],14,[2;NaN;0]},{'O',[708;152;677],15,[708;152;677],15,0},{'M',[395;123;41],13,[-997;-369;41],8,[NaN;NaN;0],[395;123;961],12,[0;0;NaN]},{'O',[395;123;41],13,[395;123;41],13,0}}
Adder graph: {{'M',[4;1;1],1,[1;1;1],0,[2;0;0]},{'A',[-15;5;5],2,[1;1;1],0,0,[-4;1;1],1,2},{'M',[32;1;32],1,[1;1;1],0,[5;0;5]},{'M',[-15;5;160],3,[-15;5;5],2,[0;0;5]},{'A',[79;-3;-96],4,[32;1;32],1,1,[15;-5;-160],3,0},{'M',[316;16;1],5,[1;1;1],0,[NaN;4;0],[79;-3;-96],4,[2;NaN;NaN]},{'M',[79;-3;40],5,[-15;5;5],2,[NaN;NaN;3],[79;-3;-96],4,[0;0;NaN]},{'A',[395;19;41],6,[316;16;1],5,0,[79;3;40],5,0},{'M',[-15;64;320],3,[1;1;1],0,[NaN;6;NaN],[-15;5;5],2,[0;NaN;6]},{'M',[790;5;320],7,[-15;5;5],2,[NaN;0;6],[395;19;41],6,[1;NaN;NaN]},{'A',[-820;123;960],8,[-15;64;320],3,1,[-790;-5;320],7,0},{'M',[256;19;960],9,[1;1;1],0,[8;NaN;NaN],[395;19;41],6,[NaN;0;NaN],[-820;123;960],8,[NaN;NaN;0]},{'M',[79;246;1],9,[1;1;1],0,[NaN;NaN;0],[79;-3;-96],4,[0;NaN;NaN],[-820;123;960],8,[NaN;1;NaN]},{'A',[177;265;961],10,[256;19;960],9,0,[-79;246;1],9,0},{'M',[-820;-48;-768],9,[79;-3;-96],4,[NaN;4;3],[-820;123;960],8,[0;NaN;NaN]},{'M',[177;1;5],11,[1;1;1],0,[NaN;0;NaN],[-15;5;5],2,[NaN;NaN;0],[177;265;961],10,[0;NaN;NaN]},{'A',[-997;-47;-773],12,[-820;-48;-768],9,0,[-177;1;-5],11,0},{'M',[177;-752;-96],13,[79;-3;-96],4,[NaN;NaN;0],[177;265;961],10,[0;NaN;NaN],[-997;-47;-773],12,[NaN;4;NaN]},{'M',[-30;10;-773],13,[-15;5;5],2,[1;1;NaN],[-997;-47;-773],12,[NaN;NaN;0]},{'A',[147;-742;677],14,[177;-752;-96],13,0,[-30;10;773],13,0},{'M',[-30;-742;-773],15,[-15;5;5],2,[1;NaN;NaN],[-997;-47;-773],12,[NaN;NaN;0],[147;-742;677],14,[NaN;0;NaN]},{'O',[30;742;773],15,[30;742;773],15,0},{'M',[147;265;961],15,[177;265;961],10,[NaN;0;0],[147;-742;677],14,[0;NaN;NaN]},{'O',[147;265;961],15,[147;265;961],15,0},{'M',[-997;-24;-768],13,[79;-3;-96],4,[NaN;3;3],[-997;-47;-773],12,[0;NaN;NaN]},{'O',[997;24;768],13,[997;24;768],13,0},{'M',[708;152;677],15,[395;19;41],6,[NaN;3;NaN],[177;265;961],10,[2;NaN;NaN],[147;-742;677],14,[NaN;NaN;0]},{'O',[708;152;677],15,[708;152;677],15,0},{'M',[395;123;41],9,[395;19;41],6,[0;NaN;0],[-820;123;960],8,[NaN;0;NaN]},{'O',[395;123;41],9,[395;123;41],9,0}}
Adder graph: {{'M',[4;1;1],1,[1;1;1],0,[2;0;0]},{'A',[15;3;3],2,[4;1;1],1,2,[-1;-1;-1],0,0},{'M',[32;2;1],1,[1;1;1],0,[5;1;0]},{'M',[15;128;3],3,[1;1;1],0,[NaN;7;NaN],[15;3;3],2,[0;NaN;0]},{'A',[79;-124;5],4,[32;2;1],1,1,[15;-128;3],3,0},{'M',[512;3;192],3,[1;1;1],0,[9;NaN;NaN],[15;3;3],2,[NaN;0;6]},{'M',[79;8;2],5,[1;1;1],0,[NaN;3;1],[79;-124;5],4,[0;NaN;NaN]},{'A',[354;-13;188],6,[512;3;192],3,0,[-79;-8;-2],5,1},{'M',[64;3;384],3,[1;1;1],0,[6;NaN;NaN],[15;3;3],2,[NaN;0;7]},{'M',[79;-13;5],7,[79;-124;5],4,[0;NaN;0],[354;-13;188],6,[NaN;0;NaN]},{'A',[207;19;773],8,[64;3;384],3,1,[79;13;5],7,0},{'M',[207;-13;773],9,[354;-13;188],6,[NaN;0;NaN],[207;19;773],8,[0;NaN;0]},{'M',[15;96;24],3,[15;3;3],2,[0;5;3]},{'A',[147;371;677],10,[207;-13;773],9,0,[-15;96;-24],3,2},{'M',[316;-248;1],5,[1;1;1],0,[NaN;NaN;0],[79;-124;5],4,[2;1;NaN]},{'M',[79;371;40],11,[79;-124;5],4,[0;NaN;3],[147;371;677],10,[NaN;0;NaN]},{'A',[395;123;41],12,[316;-248;1],5,0,[79;371;40],11,0},{'M',[790;246;188],13,[354;-13;188],6,[NaN;NaN;0],[395;123;41],12,[1;1;NaN]},{'A',[997;265;961],14,[790;246;188],13,0,[207;19;773],8,0},{'M',[30;742;773],11,[15;3;3],2,[1;NaN;NaN],[207;19;773],8,[NaN;NaN;0],[147;371;677],10,[NaN;1;NaN]},{'O',[30;742;773],11,[30;742;773],11,0},{'M',[147;265;961],15,[147;371;677],10,[0;NaN;NaN],[997;265;961],14,[NaN;0;0]},{'O',[147;265;961],15,[147;265;961],15,0},{'M',[997;24;768],15,[15;3;3],2,[NaN;3;8],[997;265;961],14,[0;NaN;NaN]},{'O',[997;24;768],15,[997;24;768],15,0},{'M',[708;152;677],11,[354;-13;188],6,[1;NaN;NaN],[207;19;773],8,[NaN;3;NaN],[147;371;677],10,[NaN;NaN;0]},{'O',[708;152;677],11,[708;152;677],11,0},{'O',[395;123;41],12,[395;123;41],12,0}}
Adder graph: {{'M',[8;1;1],1,[1;1;1],0,[3;0;0]},{'A',[15;3;3],2,[8;1;1],1,1,[-1;1;1],0,0},{'M',[32;3;12],3,[1;1;1],0,[5;NaN;NaN],[15;3;3],2,[NaN;0;2]},{'M',[15;1;1],3,[1;1;1],0,[NaN;0;0],[15;3;3],2,[0;NaN;NaN]},{'A',[143;13;47],4,[32;3;12],3,2,[15;1;-1],3,0},{'M',[1;192;192],3,[1;1;1],0,[0;NaN;NaN],[15;3;3],2,[NaN;6;6]},{'M',[143;26;4],5,[1;1;1],0,[NaN;NaN;2],[143;13;47],4,[0;1;NaN]},{'A',[147;742;772],6,[1;192;192],3,2,[143;-26;4],5,0},{'M',[147;128;772],7,[1;1;1],0,[NaN;7;NaN],[147;742;772],6,[0;NaN;0]},{'M',[30;13;1],5,[1;1;1],0,[NaN;NaN;0],[15;3;3],2,[1;NaN;NaN],[143;13;47],4,[NaN;0;NaN]},{'A',[117;115;773],8,[147;128;772],7,0,[-30;-13;1],5,0},{'M',[512;8;47],5,[1;1;1],0,[9;3;NaN],[143;13;47],4,[NaN;NaN;0]},{'M',[117;115;6],9,[15;3;3],2,[NaN;NaN;1],[117;115;773],8,[0;0;NaN]},{'A',[395;123;41],10,[512;8;47],5,0,[-117;115;-6],9,0},{'M',[15;24;24],3,[15;3;3],2,[0;3;3]},{'A',[177;19;677],9,[117;115;773],8,0,[15;-24;-24],3,2},{'M',[1144;19;188],10,[143;13;47],4,[3;NaN;2],[177;19;677],9,[NaN;0;NaN]},{'M',[147;246;773],11,[147;742;772],6,[0;NaN;NaN],[117;115;773],8,[NaN;NaN;0],[395;123;41],10,[NaN;1;NaN]},{'A',[997;265;961],12,[1144;19;188],10,0,[-147;246;773],11,0},{'M',[30;742;773],9,[15;3;3],2,[1;NaN;NaN],[147;742;772],6,[NaN;0;NaN],[117;115;773],8,[NaN;NaN;0]},{'O',[30;742;773],9,[30;742;773],9,0},{'M',[147;265;961],13,[147;742;772],6,[0;NaN;NaN],[997;265;961],12,[NaN;0;0]},{'O',[147;265;961],13,[147;265;961],13,0},{'M',[997;24;768],13,[15;3;3],2,[NaN;3;8],[997;265;961],12,[0;NaN;NaN]},{'O',[997;24;768],13,[997;24;768],13,0},{'M',[708;152;677],10,[177;19;677],9,[2;3;0]},{'O',[708;152;677],10,[708;152;677],10,0},{'O',[395;123;41],10,[395;123;41],10,0}}
Adder graph: {{'M',[1;4;2],1,[1;1;1],0,[0;2;1]},{'A',[9;12;6],2,[1;1;1],0,3,[1;4;-2],1,0},{'M',[18;1;96],3,[1;1;1],0,[NaN;0;NaN],[9;12;6],2,[1;NaN;4]},{'A',[-143;-7;-767],4,[1;1;1],0,0,[-18;-1;-96],3,3},{'M',[-143;-7;48],5,[9;12;6],2,[NaN;NaN;3],[-143;-7;-767],4,[0;0;NaN]},{'M',[4;4;1],1,[1;1;1],0,[2;2;0]},{'A',[-147;-11;47],6,[-143;-7;48],5,0,[-4;-4;-1],1,0},{'M',[-147;-7;-767],7,[-143;-7;-767],4,[NaN;0;0],[-147;-11;47],6,[0;NaN;NaN]},{'M',[-1144;12;6],5,[9;12;6],2,[NaN;0;0],[-143;-7;-767],4,[3;NaN;NaN]},{'A',[997;-19;-773],8,[-147;-7;-767],7,0,[1144;-12;-6],5,0},{'M',[128;-112;6],5,[1;1;1],0,[7;NaN;NaN],[9;12;6],2,[NaN;NaN;0],[-143;-7;-767],4,[NaN;4;NaN]},{'M',[-143;-11;47],7,[-143;-7;-767],4,[0;NaN;NaN],[-147;-11;47],6,[NaN;0;0]},{'A',[-15;-123;-41],8,[128;-112;6],5,0,[-143;-11;-47],7,0},{'M',[-147;-19;-773],9,[-147;-11;47],6,[0;NaN;NaN],[997;-19;-773],8,[NaN;0;0]},{'M',[-15;-123;94],9,[-147;-11;47],6,[NaN;NaN;1],[-15;-123;-41],8,[0;0;NaN]},{'A',[-177;-265;-961],10,[-147;-19;-773],9,0,[-15;-123;-94],9,1},{'M',[-572;-19;-773],9,[-143;-7;-767],4,[2;NaN;NaN],[997;-19;-773],8,[NaN;0;0]},{'M',[-177;-352;96],11,[9;12;6],2,[NaN;NaN;4],[-147;-11;47],6,[NaN;5;NaN],[-177;-265;-961],10,[0;NaN;NaN]},{'A',[-395;-371;-677],12,[-572;-19;-773],9,0,[177;-352;96],11,0},{'M',[-30;-742;-773],13,[997;-19;-773],8,[NaN;NaN;0],[-15;-123;-41],8,[1;NaN;NaN],[-395;-371;-677],12,[NaN;1;NaN]},{'O',[30;742;773],13,[30;742;773],13,0},{'M',[-147;-265;-961],11,[-147;-11;47],6,[0;NaN;NaN],[-177;-265;-961],10,[NaN;0;0]},{'O',[147;265;961],11,[147;265;961],11,0},{'M',[997;24;768],9,[9;12;6],2,[NaN;1;7],[997;-19;-773],8,[0;NaN;NaN]},{'O',[997;24;768],9,[997;24;768],9,0},{'M',[-708;-152;-677],13,[997;-19;-773],8,[NaN;3;NaN],[-177;-265;-961],10,[2;NaN;NaN],[-395;-371;-677],12,[NaN;NaN;0]},{'O',[708;152;677],13,[708;152;677],13,0},{'M',[-395;-123;-41],13,[-15;-123;-41],8,[NaN;0;0],[-395;-371;-677],12,[0;NaN;NaN]},{'O',[395;123;41],13,[395;123;41],13,0}}
Adder graph: {{'M',[4;8;1],1,[1;1;1],0,[2;3;0]},{'A',[-15;-31;-3],2,[1;1;1],0,0,[-4;-8;-1],1,2},{'M',[-15;4;-192],3,[1;1;1],0,[NaN;2;NaN],[-15;-31;-3],2,[0;NaN;6]},{'M',[128;1;1],1,[1;1;1],0,[7;0;0]},{'A',[-143;5;-193],4,[-15;4;-192],3,0,[-128;1;-1],1,0},{'M',[-143;1;-193],5,[1;1;1],0,[NaN;0;NaN],[-143;5;-193],4,[0;NaN;0]},{'M',[1;1;-192],3,[1;1;1],0,[0;0;NaN],[-15;-31;-3],2,[NaN;NaN;6]},{'A',[-147;-3;-961],6,[-143;1;-193],5,0,[-1;-1;-192],3,2},{'M',[-286;-31;-193],5,[-15;-31;-3],2,[NaN;0;NaN],[-143;5;-193],4,[1;NaN;0]},{'M',[-147;1;1],7,[1;1;1],0,[NaN;0;0],[-147;-3;-961],6,[0;NaN;NaN]},{'A',[-997;-123;-773],8,[-286;-31;-193],5,2,[147;1;-1],7,0},{'M',[-147;-3;32],7,[1;1;1],0,[NaN;NaN;5],[-147;-3;-961],6,[0;0;NaN]},{'M',[512;16;-3],3,[1;1;1],0,[9;4;NaN],[-15;-31;-3],2,[NaN;NaN;0]},{'A',[365;-19;35],8,[-147;-3;32],7,0,[512;-16;3],3,0},{'M',[-15;-123;-3],9,[-15;-31;-3],2,[0;NaN;0],[-997;-123;-773],8,[NaN;0;NaN]},{'A',[-395;-265;-41],10,[-15;-123;-3],9,1,[-365;-19;-35],8,0},{'M',[-588;-123;-773],9,[-147;-3;-961],6,[2;NaN;NaN],[-997;-123;-773],8,[NaN;0;0]},{'M',[-15;-31;-12],3,[-15;-31;-3],2,[0;0;2]},{'A',[-708;-371;-677],10,[-588;-123;-773],9,0,[-15;-31;12],3,3},{'M',[-30;-742;-773],11,[-15;-31;-3],2,[1;NaN;NaN],[-997;-123;-773],8,[NaN;NaN;0],[-708;-371;-677],10,[NaN;1;NaN]},{'O',[30;742;773],11,[30;742;773],11,0},{'M',[-147;-265;-961],11,[-147;-3;-961],6,[0;NaN;0],[-395;-265;-41],10,[NaN;0;NaN]},{'O',[147;265;961],11,[147;265;961],11,0},{'M',[-997;-24;-768],9,[-15;-31;-3],2,[NaN;NaN;8],[-147;-3;-961],6,[NaN;3;NaN],[-997;-123;-773],8,[0;NaN;NaN]},{'O',[997;24;768],9,[997;24;768],9,0},{'M',[-708;-152;-677],11,[365;-19;35],8,[NaN;3;NaN],[-708;-371;-677],10,[0;NaN;0]},{'O',[708;152;677],11,[708;152;677],11,0},{'M',[-395;-123;-41],11,[-997;-123;-773],8,[NaN;0;NaN],[-395;-265;-41],10,[0;NaN;0]},{'O',[395;123;41],11,[395;123;41],11,0}}
Adder graph: {{'M',[4;1;4],1,[1;1;1],0,[2;0;2]},{'M',[1;1;4],1,[1;1;1],0,[0;0;2]},{'A',[15;3;12],2,[4;1;4],1,2,[-1;-1;-4],1,0},{'M',[1;1;12],3,[1;1;1],0,[0;0;NaN],[15;3;12],2,[NaN;NaN;0]},{'M',[32;1;1],1,[1;1;1],0,[5;0;0]},{'A',[48;15;193],4,[1;1;12],3,4,[32;-1;1],1,0},{'M',[32;30;193],5,[1;1;1],0,[5;NaN;NaN],[48;15;193],4,[NaN;1;0]},{'M',[15;3;1],3,[1;1;1],0,[NaN;NaN;0],[15;3;12],2,[0;0;NaN]},{'A',[143;123;773],6,[32;30;193],5,2,[15;3;1],3,0},{'M',[192;256;1],5,[1;1;1],0,[NaN;8;0],[48;15;193],4,[2;NaN;NaN]},{'M',[15;6;24],3,[15;3;12],2,[0;1;1]},{'A',[177;250;-23],6,[192;256;1],5,0,[-15;-6;-24],3,0},{'M',[143;123;16],7,[1;1;1],0,[NaN;NaN;4],[143;123;773],6,[0;0;NaN]},{'A',[395;742;41],8,[143;123;16],7,2,[-177;250;-23],6,0},{'M',[177;250;768],7,[15;3;12],2,[NaN;NaN;6],[177;250;-23],6,[0;0;NaN]},{'M',[30;15;193],5,[15;3;12],2,[1;NaN;NaN],[48;15;193],4,[NaN;0;0]},{'A',[147;265;961],8,[177;250;768],7,0,[-30;15;193],5,0},{'M',[1144;128;773],7,[1;1;1],0,[NaN;7;NaN],[143;123;773],6,[3;NaN;0]},{'M',[147;24;96],9,[15;3;12],2,[NaN;3;3],[147;265;961],8,[0;NaN;NaN]},{'A',[997;152;677],10,[1144;128;773],7,0,[-147;24;-96],9,0},{'M',[30;742;773],9,[15;3;12],2,[1;NaN;NaN],[143;123;773],6,[NaN;NaN;0],[395;742;41],8,[NaN;0;NaN]},{'O',[30;742;773],9,[30;742;773],9,0},{'O',[147;265;961],8,[147;265;961],8,0},{'M',[997;24;768],11,[15;3;12],2,[NaN;3;6],[997;152;677],10,[0;NaN;NaN]},{'O',[997;24;768],11,[997;24;768],11,0},{'M',[708;152;677],11,[177;250;-23],6,[2;NaN;NaN],[997;152;677],10,[NaN;0;0]},{'O',[708;152;677],11,[708;152;677],11,0},{'M',[395;123;41],9,[143;123;773],6,[NaN;0;NaN],[395;742;41],8,[0;NaN;0]},{'O',[395;123;41],9,[395;123;41],9,0}}
Adder graph: {{'M',[1;2;1],1,[1;1;1],0,[0;1;0]},{'A',[-15;-31;-15],2,[1;1;1],0,0,[-1;-2;-1],1,4},{'M',[-15;2;32],3,[1;1;1],0,[NaN;1;5],[-15;-31;-15],2,[0;NaN;NaN]},{'M',[128;4;-15],3,[1;1;1],0,[7;2;NaN],[-15;-31;-15],2,[NaN;NaN;0]},{'A',[-143;6;47],4,[-15;2;32],3,0,[-128;4;15],3,0},{'M',[-143;6;-960],5,[-15;-31;-15],2,[NaN;NaN;6],[-143;6;47],4,[0;0;NaN]},{'M',[4;1;1],1,[1;1;1],0,[2;0;0]},{'A',[-147;5;-961],6,[-143;6;-960],5,0,[-4;-1;-1],1,0},{'M',[2;5;2],7,[1;1;1],0,[1;NaN;1],[-147;5;-961],6,[NaN;0;NaN]},{'M',[32;32;1],1,[1;1;1],0,[5;5;0]},{'A',[-126;-123;6],8,[2;5;2],7,0,[-32;-32;1],1,2},{'M',[-286;6;47],5,[-143;6;47],4,[1;0;0]},{'A',[997;-19;-773],7,[-147;5;-961],6,0,[286;-6;47],5,2},{'M',[-960;-19;-773],8,[-15;-31;-15],2,[6;NaN;NaN],[997;-19;-773],7,[NaN;0;0]},{'M',[-126;-123;48],9,[-126;-123;6],8,[0;0;3]},{'A',[-708;-265;-677],10,[-960;-19;-773],8,0,[126;-123;48],9,1},{'M',[-252;-123;6],9,[-126;-123;6],8,[1;0;0]},{'M',[-143;-248;47],5,[-15;-31;-15],2,[NaN;3;NaN],[-143;6;47],4,[0;NaN;0]},{'A',[-395;-371;-41],10,[-252;-123;6],9,0,[-143;-248;-47],5,0},{'M',[-30;-742;-773],11,[-15;-31;-15],2,[1;NaN;NaN],[997;-19;-773],7,[NaN;NaN;0],[-395;-371;-41],10,[NaN;1;NaN]},{'O',[30;742;773],11,[30;742;773],11,0},{'M',[-147;-265;-961],11,[-147;5;-961],6,[0;NaN;0],[-708;-265;-677],10,[NaN;0;NaN]},{'O',[147;265;961],11,[147;265;961],11,0},{'M',[997;24;768],9,[-143;6;47],4,[NaN;2;NaN],[-126;-123;6],8,[NaN;NaN;7],[997;-19;-773],7,[0;NaN;NaN]},{'O',[997;24;768],9,[997;24;768],9,0},{'M',[-708;-152;-677],11,[997;-19;-773],7,[NaN;3;NaN],[-708;-265;-677],10,[0;NaN;0]},{'O',[708;152;677],11,[708;152;677],11,0},{'M',[-395;-123;-41],11,[-126;-123;6],8,[NaN;0;NaN],[-395;-371;-41],10,[0;NaN;0]},{'O',[395;123;41],11,[395;123;41],11,0}}
Adder graph: {{'M',[1;1;4],1,[1;1;1],0,[0;0;2]},{'M',[4;1;4],1,[1;1;1],0,[2;0;2]},{'A',[-15;-3;-12],2,[1;1;4],1,0,[-4;-1;-4],1,2},{'M',[-15;-3;-768],3,[-15;-3;-12],2,[0;0;6]},{'M',[128;64;1],1,[1;1;1],0,[7;6;0]},{'A',[-143;-67;-769],4,[-15;-3;-768],3,0,[-128;-64;-1],1,0},{'M',[-143;-268;-769],5,[-143;-67;-769],4,[0;2;0]},{'M',[4;-3;4],3,[1;1;1],0,[2;NaN;2],[-15;-3;-12],2,[NaN;0;NaN]},{'A',[-147;-265;-773],6,[-143;-268;-769],5,0,[-4;3;-4],3,0},{'M',[-1144;-67;-769],5,[-143;-67;-769],4,[3;0;0]},{'M',[-147;-48;-192],7,[-15;-3;-12],2,[NaN;4;4],[-147;-265;-773],6,[0;NaN;NaN]},{'A',[-997;-19;-961],8,[-1144;-67;-769],5,0,[147;48;-192],7,0},{'M',[-147;1;1],7,[1;1;1],0,[NaN;0;0],[-147;-265;-773],6,[0;NaN;NaN]},{'A',[-177;-5;-23],8,[-147;1;1],7,0,[-15;-3;-12],2,1},{'M',[32;-76;-23],9,[1;1;1],0,[5;NaN;NaN],[-997;-19;-961],8,[NaN;2;NaN],[-177;-5;-23],8,[NaN;NaN;0]},{'A',[-15;-371;-677],10,[-143;-67;-769],4,0,[32;-76;23],9,2},{'M',[-143;32;16],5,[1;1;1],0,[NaN;5;4],[-143;-67;-769],4,[0;NaN;NaN]},{'A',[395;123;41],9,[-177;-5;-23],8,0,[143;32;16],5,2},{'M',[-30;-742;-773],11,[-147;-265;-773],6,[NaN;NaN;0],[-15;-371;-677],10,[1;1;NaN]},{'O',[30;742;773],11,[30;742;773],11,0},{'M',[-147;-265;-961],9,[-147;-265;-773],6,[0;0;NaN],[-997;-19;-961],8,[NaN;NaN;0]},{'O',[147;265;961],9,[147;265;961],9,0},{'M',[-997;-24;-768],9,[-15;-3;-12],2,[NaN;3;6],[-997;-19;-961],8,[0;NaN;NaN]},{'O',[997;24;768],9,[997;24;768],9,0},{'M',[-708;-152;-677],11,[-997;-19;-961],8,[NaN;3;NaN],[-177;-5;-23],8,[2;NaN;NaN],[-15;-371;-677],10,[NaN;NaN;0]},{'O',[708;152;677],11,[708;152;677],11,0},{'O',[395;123;41],9,[395;123;41],9,0}}
Finished solving after 7243.89 seconds
Adder graph: {{'M',[1;1;4],1,[1;1;1],0,[0;0;2]},{'M',[4;1;4],1,[1;1;1],0,[2;0;2]},{'A',[-15;-3;-12],2,[1;1;4],1,0,[-4;-1;-4],1,2},{'M',[-15;-3;-768],3,[-15;-3;-12],2,[0;0;6]},{'M',[128;64;1],1,[1;1;1],0,[7;6;0]},{'A',[-143;-67;-769],4,[-15;-3;-768],3,0,[-128;-64;-1],1,0},{'M',[-143;-268;-769],5,[-143;-67;-769],4,[0;2;0]},{'M',[4;-3;4],3,[1;1;1],0,[2;NaN;2],[-15;-3;-12],2,[NaN;0;NaN]},{'A',[-147;-265;-773],6,[-143;-268;-769],5,0,[-4;3;-4],3,0},{'M',[-1144;-67;-769],5,[-143;-67;-769],4,[3;0;0]},{'M',[-147;-48;-192],7,[-15;-3;-12],2,[NaN;4;4],[-147;-265;-773],6,[0;NaN;NaN]},{'A',[-997;-19;-961],8,[-1144;-67;-769],5,0,[147;48;-192],7,0},{'M',[-147;1;1],7,[1;1;1],0,[NaN;0;0],[-147;-265;-773],6,[0;NaN;NaN]},{'A',[-177;-5;-23],8,[-147;1;1],7,0,[-15;-3;-12],2,1},{'M',[32;-76;-23],9,[1;1;1],0,[5;NaN;NaN],[-997;-19;-961],8,[NaN;2;NaN],[-177;-5;-23],8,[NaN;NaN;0]},{'A',[-15;-371;-677],10,[-143;-67;-769],4,0,[32;-76;23],9,2},{'M',[-143;32;16],5,[1;1;1],0,[NaN;5;4],[-143;-67;-769],4,[0;NaN;NaN]},{'A',[395;123;41],9,[-177;-5;-23],8,0,[143;32;16],5,2},{'M',[-30;-742;-773],11,[-147;-265;-773],6,[NaN;NaN;0],[-15;-371;-677],10,[1;1;NaN]},{'O',[30;742;773],11,[30;742;773],11,0},{'M',[-147;-265;-961],9,[-147;-265;-773],6,[0;0;NaN],[-997;-19;-961],8,[NaN;NaN;0]},{'O',[147;265;961],9,[147;265;961],9,0},{'M',[-997;-24;-768],9,[-15;-3;-12],2,[NaN;3;6],[-997;-19;-961],8,[0;NaN;NaN]},{'O',[997;24;768],9,[997;24;768],9,0},{'M',[-708;-152;-677],11,[-997;-19;-961],8,[NaN;3;NaN],[-177;-5;-23],8,[2;NaN;NaN],[-15;-371;-677],10,[NaN;NaN;0]},{'O',[708;152;677],11,[708;152;677],11,0},{'O',[395;123;41],9,[395;123;41],9,0}}
# Add optimal = 1
# Mux optimal = 0
# FAs optimal = 0
