Adder graph: {{'M',[1;4;1],1,[1;1;1],0,[0;2;0]},{'M',[128;1;16],1,[1;1;1],0,[7;0;4]},{'A',[-127;3;17],2,[1;4;1],1,0,[-128;-1;16],1,0},{'M',[2;3;8],3,[1;1;1],0,[1;NaN;3],[-127;3;17],2,[NaN;0;NaN]},{'M',[8;48;17],3,[1;1;1],0,[3;NaN;NaN],[-127;3;17],2,[NaN;4;0]},{'A',[-6;-45;-9],4,[2;3;8],3,0,[-8;-48;-17],3,0},{'M',[-127;-45;1024],5,[1;1;1],0,[NaN;NaN;10],[-127;3;17],2,[0;NaN;NaN],[-6;-45;-9],4,[NaN;0;NaN]},{'M',[-254;1;1],3,[1;1;1],0,[NaN;0;0],[-127;3;17],2,[1;NaN;NaN]},{'A',[381;-43;1022],6,[-127;-45;1024],5,0,[254;1;-1],3,1},{'M',[64;-720;-9],5,[1;1;1],0,[6;NaN;NaN],[-6;-45;-9],4,[NaN;4;0]},{'M',[2;3;68],3,[1;1;1],0,[1;NaN;NaN],[-127;3;17],2,[NaN;0;2]},{'A',[62;-717;-77],6,[64;-720;-9],5,0,[-2;3;-68],3,0},{'M',[2;2;-77],7,[1;1;1],0,[1;1;NaN],[62;-717;-77],6,[NaN;NaN;0]},{'M',[381;-717;136],7,[-127;3;17],2,[NaN;NaN;3],[381;-43;1022],6,[0;NaN;NaN],[62;-717;-77],6,[NaN;0;NaN]},{'A',[-379;719;-213],8,[2;2;-77],7,0,[-381;717;-136],7,0},{'M',[-24;6;-213],9,[-127;3;17],2,[NaN;1;NaN],[-6;-45;-9],4,[2;NaN;NaN],[-379;719;-213],8,[NaN;NaN;0]},{'M',[62;768;1022],7,[-127;3;17],2,[NaN;8;NaN],[381;-43;1022],6,[NaN;NaN;0],[62;-717;-77],6,[0;NaN;NaN]},{'A',[-86;774;809],10,[-24;6;-213],9,0,[-62;768;1022],7,0},{'M',[-508;-90;1],5,[1;1;1],0,[NaN;NaN;0],[-127;3;17],2,[2;NaN;NaN],[-6;-45;-9],4,[NaN;1;NaN]},{'M',[-379;-43;272],9,[-127;3;17],2,[NaN;NaN;4],[381;-43;1022],6,[NaN;0;NaN],[-379;719;-213],8,[0;NaN;NaN]},{'A',[-887;-133;273],10,[-508;-90;1],5,0,[-379;-43;272],9,0},{'M',[381;774;546],11,[381;-43;1022],6,[0;NaN;NaN],[-86;774;809],10,[NaN;0;NaN],[-887;-133;273],10,[NaN;NaN;1]},{'O',[381;774;546],11,[381;774;546],11,0},{'M',[124;719;809],11,[62;-717;-77],6,[1;NaN;NaN],[-379;719;-213],8,[NaN;0;NaN],[-86;774;809],10,[NaN;NaN;0]},{'O',[124;719;809],11,[124;719;809],11,0},{'M',[-86;-344;-288],11,[-6;-45;-9],4,[NaN;NaN;5],[381;-43;1022],6,[NaN;3;NaN],[-86;774;809],10,[0;NaN;NaN]},{'O',[86;344;288],11,[86;344;288],11,0},{'M',[-887;-717;-154],11,[62;-717;-77],6,[NaN;0;1],[-887;-133;273],10,[0;NaN;NaN]},{'O',[887;717;154],11,[887;717;154],11,0},{'M',[-379;-133;-213],11,[-379;719;-213],8,[0;NaN;0],[-887;-133;273],10,[NaN;0;NaN]},{'O',[379;133;213],11,[379;133;213],11,0}}
Adder graph: {{'M',[1;1;4],1,[1;1;1],0,[0;0;2]},{'M',[32;1;16],1,[1;1;1],0,[5;0;4]},{'A',[-127;5;68],2,[1;1;4],1,0,[-32;1;16],1,2},{'M',[8;5;68],3,[1;1;1],0,[3;NaN;NaN],[-127;5;68],2,[NaN;0;0]},{'M',[1;32;8],1,[1;1;1],0,[0;5;3]},{'A',[12;133;100],4,[8;5;68],3,0,[1;32;8],1,2},{'M',[32;5;8],3,[1;1;1],0,[5;NaN;3],[-127;5;68],2,[NaN;0;NaN]},{'M',[1;40;1],3,[1;1;1],0,[0;NaN;0],[-127;5;68],2,[NaN;3;NaN]},{'A',[31;45;9],4,[32;5;8],3,0,[-1;40;1],3,0},{'M',[12;720;9],5,[12;133;100],4,[0;NaN;NaN],[31;45;9],4,[NaN;4;0]},{'M',[31;1;68],5,[1;1;1],0,[NaN;0;NaN],[-127;5;68],2,[NaN;NaN;0],[31;45;9],4,[0;NaN;NaN]},{'A',[43;719;77],6,[12;720;9],5,0,[31;-1;68],5,0},{'M',[-127;719;1],7,[1;1;1],0,[NaN;NaN;0],[-127;5;68],2,[0;NaN;NaN],[43;719;77],6,[NaN;0;NaN]},{'M',[-254;1;136],3,[1;1;1],0,[NaN;0;NaN],[-127;5;68],2,[1;NaN;1]},{'A',[381;717;273],8,[-127;719;1],7,0,[254;-1;136],3,1},{'M',[381;133;77],9,[12;133;100],4,[NaN;0;NaN],[43;719;77],6,[NaN;NaN;0],[381;717;273],8,[0;NaN;NaN]},{'M',[1;45;68],5,[1;1;1],0,[0;NaN;NaN],[-127;5;68],2,[NaN;NaN;0],[31;45;9],4,[NaN;0;NaN]},{'A',[379;43;213],10,[381;133;77],9,0,[-1;-45;68],5,1},{'M',[379;344;9],11,[31;45;9],4,[NaN;NaN;0],[379;43;213],10,[0;3;NaN]},{'M',[-508;43;800],11,[-127;5;68],2,[2;NaN;NaN],[12;133;100],4,[NaN;NaN;3],[379;43;213],10,[NaN;0;NaN]},{'A',[887;387;809],12,[379;344;9],11,0,[508;43;800],11,0},{'M',[381;774;546],13,[381;717;273],8,[0;NaN;1],[887;387;809],12,[NaN;1;NaN]},{'O',[381;774;546],13,[381;774;546],13,0},{'M',[124;719;809],13,[31;45;9],4,[2;NaN;NaN],[43;719;77],6,[NaN;0;NaN],[887;387;809],12,[NaN;NaN;0]},{'O',[124;719;809],13,[124;719;809],13,0},{'M',[43;172;144],11,[31;45;9],4,[NaN;NaN;4],[43;719;77],6,[0;NaN;NaN],[379;43;213],10,[NaN;2;NaN]},{'O',[86;344;288],11,[43;172;144],11,1},{'M',[887;717;154],13,[43;719;77],6,[NaN;NaN;1],[381;717;273],8,[NaN;0;NaN],[887;387;809],12,[0;NaN;NaN]},{'O',[887;717;154],13,[887;717;154],13,0},{'M',[379;133;213],11,[12;133;100],4,[NaN;0;NaN],[379;43;213],10,[0;NaN;0]},{'O',[379;133;213],11,[379;133;213],11,0}}
Adder graph: {{'M',[1;1;16],1,[1;1;1],0,[0;0;4]},{'M',[4;4;1],1,[1;1;1],0,[2;2;0]},{'A',[-3;-3;17],2,[1;1;16],1,0,[-4;-4;1],1,0},{'M',[32;-3;136],3,[1;1;1],0,[5;NaN;NaN],[-3;-3;17],2,[NaN;0;3]},{'M',[1;-48;2],3,[1;1;1],0,[0;NaN;1],[-3;-3;17],2,[NaN;4;NaN]},{'A',[31;45;134],4,[32;-3;136],3,0,[-1;48;-2],3,0},{'M',[-3;45;8],5,[1;1;1],0,[NaN;NaN;3],[-3;-3;17],2,[0;NaN;NaN],[31;45;134],4,[NaN;0;NaN]},{'M',[-384;2;1],3,[1;1;1],0,[NaN;1;0],[-3;-3;17],2,[7;NaN;NaN]},{'A',[381;43;9],6,[-3;45;8],5,0,[384;-2;1],3,0},{'M',[31;688;256],7,[1;1;1],0,[NaN;NaN;8],[31;45;134],4,[0;NaN;NaN],[381;43;9],6,[NaN;4;NaN]},{'M',[-12;86;17],7,[-3;-3;17],2,[2;NaN;0],[381;43;9],6,[NaN;1;NaN]},{'A',[43;774;273],8,[31;688;256],7,0,[12;86;17],7,0},{'M',[-12;-3;68],3,[-3;-3;17],2,[2;0;2]},{'M',[496;720;9],7,[31;45;134],4,[4;4;NaN],[381;43;9],6,[NaN;NaN;0]},{'A',[-508;717;77],8,[-12;-3;68],3,0,[-496;720;9],7,0},{'M',[381;717;536],9,[31;45;134],4,[NaN;NaN;2],[381;43;9],6,[0;NaN;NaN],[-508;717;77],8,[NaN;0;NaN]},{'M',[2;2;273],9,[1;1;1],0,[1;1;NaN],[43;774;273],8,[NaN;NaN;0]},{'A',[379;719;809],10,[381;717;536],9,0,[-2;2;273],9,0},{'M',[379;43;136],11,[-3;-3;17],2,[NaN;NaN;3],[381;43;9],6,[NaN;0;NaN],[379;719;809],10,[0;NaN;NaN]},{'M',[-508;90;77],9,[31;45;134],4,[NaN;1;NaN],[-508;717;77],8,[0;NaN;0]},{'A',[887;133;213],12,[379;43;136],11,0,[508;90;77],9,0},{'M',[381;774;546],9,[381;43;9],6,[0;NaN;NaN],[43;774;273],8,[NaN;0;1]},{'O',[381;774;546],9,[381;774;546],9,0},{'M',[124;719;809],11,[31;45;134],4,[2;NaN;NaN],[379;719;809],10,[NaN;0;0]},{'O',[124;719;809],11,[124;719;809],11,0},{'M',[43;172;144],9,[381;43;9],6,[NaN;2;4],[43;774;273],8,[0;NaN;NaN]},{'O',[86;344;288],9,[43;172;144],9,1},{'M',[887;717;154],13,[-508;717;77],8,[NaN;0;1],[887;133;213],12,[0;NaN;NaN]},{'O',[887;717;154],13,[887;717;154],13,0},{'M',[379;133;213],13,[379;719;809],10,[0;NaN;NaN],[887;133;213],12,[NaN;0;0]},{'O',[379;133;213],13,[379;133;213],13,0}}
Adder graph: {{'M',[8;1;4],1,[1;1;1],0,[3;0;2]},{'A',[31;3;17],2,[8;1;4],1,2,[-1;-1;1],0,0},{'M',[1;3;8],3,[1;1;1],0,[0;NaN;3],[31;3;17],2,[NaN;0;NaN]},{'M',[16;48;17],3,[1;1;1],0,[4;NaN;NaN],[31;3;17],2,[NaN;4;0]},{'A',[17;-45;-9],4,[1;3;8],3,0,[16;-48;-17],3,0},{'M',[17;3;-9],5,[31;3;17],2,[NaN;0;NaN],[17;-45;-9],4,[0;NaN;0]},{'M',[31;-180;17],5,[31;3;17],2,[0;NaN;0],[17;-45;-9],4,[NaN;2;NaN]},{'A',[-107;-717;-77],6,[17;3;-9],5,0,[-31;-180;-17],5,2},{'M',[32;1;1],1,[1;1;1],0,[5;0;0]},{'M',[-107;-45;136],7,[31;3;17],2,[NaN;NaN;3],[17;-45;-9],4,[NaN;0;NaN],[-107;-717;-77],6,[0;NaN;NaN]},{'A',[-43;-43;-134],8,[32;1;1],1,1,[-107;-45;-136],7,0},{'M',[-107;-90;1],7,[1;1;1],0,[NaN;NaN;0],[17;-45;-9],4,[NaN;1;NaN],[-107;-717;-77],6,[0;NaN;NaN]},{'M',[272;-43;272],9,[31;3;17],2,[NaN;NaN;4],[17;-45;-9],4,[4;NaN;NaN],[-43;-43;-134],8,[NaN;0;NaN]},{'A',[-379;-133;273],10,[-107;-90;1],7,0,[-272;-43;272],9,0},{'M',[2;2;273],11,[1;1;1],0,[1;1;NaN],[-379;-133;273],10,[NaN;NaN;0]},{'M',[-379;-717;-536],11,[-107;-717;-77],6,[NaN;0;NaN],[-43;-43;-134],8,[NaN;NaN;2],[-379;-133;273],10,[0;NaN;NaN]},{'A',[381;719;809],12,[2;2;273],11,0,[379;717;536],11,0},{'M',[-856;384;-77],7,[31;3;17],2,[NaN;7;NaN],[-107;-717;-77],6,[3;NaN;0]},{'M',[31;3;136],3,[31;3;17],2,[0;0;3]},{'A',[-887;387;-213],8,[-856;384;-77],7,0,[-31;3;-136],3,0},{'M',[381;774;546],13,[-379;-133;273],10,[NaN;NaN;1],[381;719;809],12,[0;NaN;NaN],[-887;387;-213],8,[NaN;1;NaN]},{'O',[381;774;546],13,[381;774;546],13,0},{'M',[124;719;809],13,[31;3;17],2,[2;NaN;NaN],[381;719;809],12,[NaN;0;0]},{'O',[124;719;809],13,[124;719;809],13,0},{'M',[-43;-172;-144],9,[17;-45;-9],4,[NaN;NaN;4],[-43;-43;-134],8,[0;2;NaN]},{'O',[86;344;288],9,[43;172;144],9,1},{'M',[-887;-717;-154],9,[-107;-717;-77],6,[NaN;0;1],[-887;387;-213],8,[0;NaN;NaN]},{'O',[887;717;154],9,[887;717;154],9,0},{'M',[-379;-133;-213],11,[-379;-133;273],10,[0;0;NaN],[-887;387;-213],8,[NaN;NaN;0]},{'O',[379;133;213],11,[379;133;213],11,0}}
Adder graph: {{'M',[16;1;8],1,[1;1;1],0,[4;0;3]},{'A',[31;3;17],2,[16;1;8],1,1,[-1;1;1],0,0},{'M',[16;6;1],3,[1;1;1],0,[4;NaN;0],[31;3;17],2,[NaN;1;NaN]},{'M',[1;3;17],3,[1;1;1],0,[0;NaN;NaN],[31;3;17],2,[NaN;0;0]},{'A',[127;45;-9],4,[16;6;1],3,3,[-1;-3;-17],3,0},{'M',[496;720;-9],5,[31;3;17],2,[4;NaN;NaN],[127;45;-9],4,[NaN;4;0]},{'M',[31;1;68],3,[1;1;1],0,[NaN;0;NaN],[31;3;17],2,[0;NaN;2]},{'A',[465;719;-77],6,[496;720;-9],5,0,[-31;-1;-68],3,0},{'M',[465;2;-77],7,[1;1;1],0,[NaN;1;NaN],[465;719;-77],6,[0;NaN;0]},{'M',[508;719;136],7,[31;3;17],2,[NaN;NaN;3],[127;45;-9],4,[2;NaN;NaN],[465;719;-77],6,[NaN;0;NaN]},{'A',[-43;-717;-213],8,[465;2;-77],7,0,[-508;-719;-136],7,0},{'M',[254;1;544],5,[1;1;1],0,[NaN;0;NaN],[31;3;17],2,[NaN;NaN;5],[127;45;-9],4,[1;NaN;NaN]},{'A',[381;-43;1097],6,[254;1;544],5,1,[-127;-45;9],4,0},{'M',[2;-43;-288],7,[1;1;1],0,[1;NaN;NaN],[127;45;-9],4,[NaN;NaN;5],[381;-43;1097],6,[NaN;0;NaN]},{'M',[381;90;1097],7,[127;45;-9],4,[NaN;1;NaN],[381;-43;1097],6,[0;NaN;0]},{'A',[-379;-133;809],8,[2;-43;-288],7,0,[-381;-90;1097],7,0},{'M',[-379;384;256],9,[1;1;1],0,[NaN;NaN;8],[31;3;17],2,[NaN;7;NaN],[-379;-133;809],8,[0;NaN;NaN]},{'M',[508;3;17],5,[31;3;17],2,[NaN;0;0],[127;45;-9],4,[2;NaN;NaN]},{'A',[-887;387;273],10,[-379;384;256],9,0,[-508;3;17],5,0},{'M',[381;774;546],11,[381;-43;1097],6,[0;NaN;NaN],[-887;387;273],10,[NaN;1;1]},{'O',[381;774;546],11,[381;774;546],11,0},{'M',[124;719;809],9,[31;3;17],2,[2;NaN;NaN],[465;719;-77],6,[NaN;0;NaN],[-379;-133;809],8,[NaN;NaN;0]},{'O',[124;719;809],9,[124;719;809],9,0},{'M',[-43;-172;-144],9,[127;45;-9],4,[NaN;NaN;4],[-43;-717;-213],8,[0;NaN;NaN],[381;-43;1097],6,[NaN;2;NaN]},{'O',[86;344;288],9,[43;172;144],9,1},{'M',[-887;-717;-154],11,[465;719;-77],6,[NaN;NaN;1],[-43;-717;-213],8,[NaN;0;NaN],[-887;387;273],10,[0;NaN;NaN]},{'O',[887;717;154],11,[887;717;154],11,0},{'M',[-379;-133;-213],9,[-43;-717;-213],8,[NaN;NaN;0],[-379;-133;809],8,[0;0;NaN]},{'O',[379;133;213],9,[379;133;213],9,0}}
Adder graph: {{'M',[1;16;16],1,[1;1;1],0,[0;4;4]},{'M',[4;1;1],1,[1;1;1],0,[2;0;0]},{'A',[-3;15;17],2,[1;16;16],1,0,[-4;-1;1],1,0},{'M',[-3;60;17],3,[-3;15;17],2,[0;2;0]},{'M',[-24;1;16],3,[1;1;1],0,[NaN;0;4],[-3;15;17],2,[3;NaN;NaN]},{'A',[381;44;273],4,[-3;60;17],3,0,[24;-1;16],3,4},{'M',[128;44;68],5,[1;1;1],0,[7;NaN;NaN],[-3;15;17],2,[NaN;NaN;2],[381;44;273],4,[NaN;0;NaN]},{'A',[127;43;67],6,[128;44;68],5,0,[-1;-1;-1],0,0},{'M',[-24;86;1],7,[1;1;1],0,[NaN;NaN;0],[-3;15;17],2,[3;NaN;NaN],[127;43;67],6,[NaN;1;NaN]},{'M',[127;43;68],7,[-3;15;17],2,[NaN;NaN;2],[127;43;67],6,[0;0;NaN]},{'A',[31;387;72],8,[-24;86;1],7,2,[127;43;68],7,0},{'M',[2;15;536],7,[1;1;1],0,[1;NaN;NaN],[-3;15;17],2,[NaN;0;NaN],[127;43;67],6,[NaN;NaN;3]},{'M',[381;704;273],5,[381;44;273],4,[0;4;0]},{'A',[-379;719;809],8,[2;15;536],7,0,[-381;704;273],5,0},{'M',[-379;2;67],9,[1;1;1],0,[NaN;1;NaN],[127;43;67],6,[NaN;NaN;0],[-379;719;809],8,[0;NaN;NaN]},{'M',[508;719;144],9,[127;43;67],6,[2;NaN;NaN],[31;387;72],8,[NaN;NaN;1],[-379;719;809],8,[NaN;0;NaN]},{'A',[-887;-717;-77],10,[-379;2;67],9,0,[-508;-719;-144],9,0},{'M',[62;43;-77],11,[127;43;67],6,[NaN;0;NaN],[31;387;72],8,[1;NaN;NaN],[-887;-717;-77],10,[NaN;NaN;0]},{'M',[-6;44;34],5,[-3;15;17],2,[1;NaN;1],[381;44;273],4,[NaN;0;NaN]},{'A',[86;-133;-213],12,[62;43;-77],11,0,[6;-44;-34],5,2},{'M',[381;774;546],9,[381;44;273],4,[0;NaN;1],[31;387;72],8,[NaN;1;NaN]},{'O',[381;774;546],9,[381;774;546],9,0},{'M',[124;719;809],9,[31;387;72],8,[2;NaN;NaN],[-379;719;809],8,[NaN;0;0]},{'O',[124;719;809],9,[124;719;809],9,0},{'M',[86;344;288],13,[127;43;67],6,[NaN;3;NaN],[31;387;72],8,[NaN;NaN;2],[86;-133;-213],12,[0;NaN;NaN]},{'O',[86;344;288],13,[86;344;288],13,0},{'M',[-887;-717;-154],11,[-887;-717;-77],10,[0;0;1]},{'O',[887;717;154],11,[887;717;154],11,0},{'M',[-379;-133;-213],13,[-379;719;809],8,[0;NaN;NaN],[86;-133;-213],12,[NaN;0;0]},{'O',[379;133;213],13,[379;133;213],13,0}}
Adder graph: {{'M',[8;4;1],1,[1;1;1],0,[3;2;0]},{'M',[2;1;1],1,[1;1;1],0,[1;0;0]},{'A',[62;31;9],2,[8;4;1],1,3,[-2;-1;1],1,0},{'M',[1;31;18],3,[1;1;1],0,[0;NaN;NaN],[62;31;9],2,[NaN;0;1]},{'M',[8;1;1],1,[1;1;1],0,[3;0;0]},{'A',[-127;47;34],4,[1;31;18],3,0,[-8;1;1],1,4},{'M',[-127;47;136],5,[-127;47;34],4,[0;0;2]},{'M',[62;2;9],3,[1;1;1],0,[NaN;1;NaN],[62;31;9],2,[0;NaN;0]},{'A',[-3;43;154],6,[-127;47;136],5,0,[62;-2;9],3,1},{'M',[-127;688;512],7,[1;1;1],0,[NaN;NaN;9],[-127;47;34],4,[0;NaN;NaN],[-3;43;154],6,[NaN;4;NaN]},{'M',[-508;31;9],5,[62;31;9],2,[NaN;0;0],[-127;47;34],4,[2;NaN;NaN]},{'A',[381;719;521],8,[-127;688;512],7,0,[508;31;9],5,0},{'M',[62;43;272],7,[62;31;9],2,[0;NaN;NaN],[-127;47;34],4,[NaN;NaN;3],[-3;43;154],6,[NaN;0;NaN]},{'M',[-24;344;1],7,[1;1;1],0,[NaN;NaN;0],[-3;43;154],6,[3;3;NaN]},{'A',[86;387;273],8,[62;43;272],7,0,[24;344;1],7,0},{'M',[1;1;144],3,[1;1;1],0,[0;0;NaN],[62;31;9],2,[NaN;NaN;4]},{'A',[379;717;809],9,[381;719;521],8,0,[-1;-1;144],3,1},{'M',[379;47;521],10,[-127;47;34],4,[NaN;0;NaN],[381;719;521],8,[NaN;NaN;0],[379;717;809],9,[0;NaN;NaN]},{'M',[-254;43;154],7,[-127;47;34],4,[1;NaN;NaN],[-3;43;154],6,[NaN;0;0]},{'A',[887;133;213],11,[379;47;521],10,0,[254;43;-154],7,1},{'M',[381;774;546],9,[381;719;521],8,[0;NaN;NaN],[86;387;273],8,[NaN;1;1]},{'O',[381;774;546],9,[381;774;546],9,0},{'M',[124;719;809],10,[62;31;9],2,[1;NaN;NaN],[381;719;521],8,[NaN;0;NaN],[379;717;809],9,[NaN;NaN;0]},{'O',[124;719;809],10,[124;719;809],10,0},{'M',[86;344;288],9,[62;31;9],2,[NaN;NaN;5],[-3;43;154],6,[NaN;3;NaN],[86;387;273],8,[0;NaN;NaN]},{'O',[86;344;288],9,[86;344;288],9,0},{'M',[887;717;154],12,[-3;43;154],6,[NaN;NaN;0],[379;717;809],9,[NaN;0;NaN],[887;133;213],11,[0;NaN;NaN]},{'O',[887;717;154],12,[887;717;154],12,0},{'M',[379;133;213],12,[379;717;809],9,[0;NaN;NaN],[887;133;213],11,[NaN;0;0]},{'O',[379;133;213],12,[379;133;213],12,0}}
Adder graph: {{'M',[16;1;8],1,[1;1;1],0,[4;0;3]},{'A',[-31;3;17],2,[1;1;1],0,0,[-16;1;8],1,1},{'M',[1;12;2],3,[1;1;1],0,[0;NaN;1],[-31;3;17],2,[NaN;2;NaN]},{'M',[1;3;17],3,[1;1;1],0,[0;NaN;NaN],[-31;3;17],2,[NaN;0;0]},{'A',[3;45;-9],4,[1;12;2],3,2,[-1;-3;-17],3,0},{'M',[384;1;512],5,[1;1;1],0,[NaN;0;9],[3;45;-9],4,[7;NaN;NaN]},{'M',[3;720;-9],5,[3;45;-9],4,[0;4;0]},{'A',[381;-719;521],6,[384;1;512],5,0,[-3;-720;9],5,0},{'M',[-62;2;-9],5,[1;1;1],0,[NaN;1;NaN],[-31;3;17],2,[1;NaN;NaN],[3;45;-9],4,[NaN;NaN;0]},{'M',[381;45;68],7,[-31;3;17],2,[NaN;NaN;2],[3;45;-9],4,[NaN;0;NaN],[381;-719;521],6,[0;NaN;NaN]},{'A',[-443;-43;-77],8,[-62;2;-9],5,0,[-381;-45;-68],7,0},{'M',[32;45;68],5,[1;1;1],0,[5;NaN;NaN],[-31;3;17],2,[NaN;NaN;2],[3;45;-9],4,[NaN;0;NaN]},{'A',[-379;-133;-213],9,[-443;-43;-77],8,0,[32;-45;-68],5,1},{'M',[3;96;64],5,[1;1;1],0,[NaN;NaN;6],[-31;3;17],2,[NaN;5;NaN],[3;45;-9],4,[0;NaN;NaN]},{'A',[-43;387;273],6,[-31;3;17],2,0,[-3;96;64],5,2},{'M',[-443;1;-144],9,[1;1;1],0,[NaN;0;NaN],[3;45;-9],4,[NaN;NaN;4],[-443;-43;-77],8,[0;NaN;NaN]},{'M',[1;-719;521],7,[1;1;1],0,[0;NaN;NaN],[381;-719;521],6,[NaN;0;0]},{'A',[-887;-717;-809],10,[-443;1;-144],9,1,[-1;-719;-521],7,0},{'M',[381;774;546],7,[381;-719;521],6,[0;NaN;NaN],[-43;387;273],6,[NaN;1;1]},{'O',[381;774;546],7,[381;774;546],7,0},{'M',[-124;-719;-809],11,[-31;3;17],2,[2;NaN;NaN],[381;-719;521],6,[NaN;0;NaN],[-887;-717;-809],10,[NaN;NaN;0]},{'O',[124;719;809],11,[124;719;809],11,0},{'M',[-43;-172;-144],9,[3;45;-9],4,[NaN;NaN;4],[-443;-43;-77],8,[NaN;2;NaN],[-43;387;273],6,[0;NaN;NaN]},{'O',[86;344;288],9,[43;172;144],9,1},{'M',[-887;-717;-154],11,[-443;-43;-77],8,[NaN;NaN;1],[-887;-717;-809],10,[0;0;NaN]},{'O',[887;717;154],11,[887;717;154],11,0},{'O',[379;133;213],9,[379;133;213],9,0}}
Adder graph: {{'M',[1;16;16],1,[1;1;1],0,[0;4;4]},{'M',[4;1;1],1,[1;1;1],0,[2;0;0]},{'A',[-3;15;17],2,[1;16;16],1,0,[-4;-1;1],1,0},{'M',[-3;15;272],3,[-3;15;17],2,[0;0;4]},{'M',[-96;1;1],3,[1;1;1],0,[NaN;0;0],[-3;15;17],2,[5;NaN;NaN]},{'A',[381;11;268],4,[-3;15;272],3,0,[96;-1;-1],3,2},{'M',[4;11;4],5,[1;1;1],0,[2;NaN;2],[381;11;268],4,[NaN;0;NaN]},{'A',[253;719;273],6,[4;11;4],5,6,[-3;15;17],2,0},{'M',[16;11;2],5,[1;1;1],0,[4;NaN;1],[381;11;268],4,[NaN;0;NaN]},{'M',[2;1;1],1,[1;1;1],0,[1;0;0]},{'A',[62;43;9],6,[16;11;2],5,2,[-2;-1;1],1,0},{'M',[-6;86;17],7,[-3;15;17],2,[1;NaN;0],[62;43;9],6,[NaN;1;NaN]},{'A',[86;387;77],8,[62;43;9],6,0,[6;86;17],7,2},{'M',[381;176;136],5,[-3;15;17],2,[NaN;NaN;3],[381;11;268],4,[0;4;NaN]},{'M',[2;43;77],9,[1;1;1],0,[1;NaN;NaN],[62;43;9],6,[NaN;0;NaN],[86;387;77],8,[NaN;NaN;0]},{'A',[379;133;213],10,[381;176;136],5,0,[-2;-43;77],9,0},{'M',[381;719;273],7,[381;11;268],4,[0;NaN;NaN],[253;719;273],6,[NaN;0;0]},{'M',[253;1;268],7,[1;1;1],0,[NaN;0;NaN],[381;11;268],4,[NaN;NaN;0],[253;719;273],6,[0;NaN;NaN]},{'A',[887;717;809],8,[381;719;273],7,0,[253;-1;268],7,1},{'M',[381;774;546],9,[381;11;268],4,[0;NaN;NaN],[253;719;273],6,[NaN;NaN;1],[86;387;77],8,[NaN;1;NaN]},{'O',[381;774;546],9,[381;774;546],9,0},{'M',[124;719;809],9,[253;719;273],6,[NaN;0;NaN],[62;43;9],6,[1;NaN;NaN],[887;717;809],8,[NaN;NaN;0]},{'O',[124;719;809],9,[124;719;809],9,0},{'M',[86;344;288],9,[62;43;9],6,[NaN;3;5],[86;387;77],8,[0;NaN;NaN]},{'O',[86;344;288],9,[86;344;288],9,0},{'M',[887;717;154],9,[86;387;77],8,[NaN;NaN;1],[887;717;809],8,[0;0;NaN]},{'O',[887;717;154],9,[887;717;154],9,0},{'O',[379;133;213],10,[379;133;213],10,0}}
Adder graph: {{'M',[1;1;8],1,[1;1;1],0,[0;0;3]},{'A',[3;3;17],2,[1;1;1],0,0,[1;1;8],1,1},{'M',[384;384;17],3,[3;3;17],2,[7;7;0]},{'M',[3;3;8],3,[1;1;1],0,[NaN;NaN;3],[3;3;17],2,[0;0;NaN]},{'A',[381;387;9],4,[384;384;17],3,0,[-3;3;-8],3,0},{'M',[8;3;16],3,[1;1;1],0,[3;NaN;4],[3;3;17],2,[NaN;0;NaN]},{'A',[125;45;273],4,[8;3;16],3,4,[-3;-3;17],2,0},{'M',[762;720;9],5,[381;387;9],4,[1;NaN;0],[125;45;273],4,[NaN;4;NaN]},{'M',[125;3;68],5,[3;3;17],2,[NaN;0;2],[125;45;273],4,[0;NaN;NaN]},{'A',[887;717;77],6,[762;720;9],5,0,[125;-3;68],5,0},{'M',[381;717;77],7,[381;387;9],4,[0;NaN;NaN],[887;717;77],6,[NaN;0;0]},{'M',[1;1;68],3,[1;1;1],0,[0;0;NaN],[3;3;17],2,[NaN;NaN;2]},{'A',[379;719;213],8,[381;717;77],7,0,[-1;1;68],3,1},{'M',[64;45;272],5,[1;1;1],0,[6;NaN;NaN],[3;3;17],2,[NaN;NaN;4],[125;45;273],4,[NaN;0;NaN]},{'M',[2;2;9],5,[1;1;1],0,[1;1;NaN],[381;387;9],4,[NaN;NaN;0]},{'A',[62;43;263],6,[64;45;272],5,0,[-2;-2;-9],5,0},{'M',[12;45;273],5,[3;3;17],2,[2;NaN;NaN],[125;45;273],4,[NaN;0;0]},{'A',[86;133;809],7,[12;45;273],5,1,[62;43;263],6,0},{'M',[381;774;546],5,[381;387;9],4,[0;1;NaN],[125;45;273],4,[NaN;NaN;1]},{'O',[381;774;546],5,[381;774;546],5,0},{'M',[124;719;809],9,[379;719;213],8,[NaN;0;NaN],[62;43;263],6,[1;NaN;NaN],[86;133;809],7,[NaN;NaN;0]},{'O',[124;719;809],9,[124;719;809],9,0},{'M',[86;344;288],8,[381;387;9],4,[NaN;NaN;5],[62;43;263],6,[NaN;3;NaN],[86;133;809],7,[0;NaN;NaN]},{'O',[86;344;288],8,[86;344;288],8,0},{'M',[887;717;154],7,[887;717;77],6,[0;0;1]},{'O',[887;717;154],7,[887;717;154],7,0},{'M',[379;133;213],9,[379;719;213],8,[0;NaN;0],[86;133;809],7,[NaN;0;NaN]},{'O',[379;133;213],9,[379;133;213],9,0}}
Adder graph: {{'M',[1;1;2],1,[1;1;1],0,[0;0;1]},{'A',[3;3;9],2,[1;1;2],1,2,[-1;-1;1],0,0},{'M',[48;48;1],3,[1;1;1],0,[NaN;NaN;0],[3;3;9],2,[4;4;NaN]},{'A',[381;387;17],4,[48;48;1],3,3,[-3;3;9],2,0},{'M',[2;3;2],3,[1;1;1],0,[1;NaN;1],[3;3;9],2,[NaN;0;NaN]},{'M',[1;3;18],3,[1;1;1],0,[0;NaN;NaN],[3;3;9],2,[NaN;0;1]},{'A',[31;45;50],4,[2;3;2],3,4,[-1;-3;18],3,0},{'M',[31;45;68],5,[381;387;17],4,[NaN;NaN;2],[31;45;50],4,[0;0;NaN]},{'M',[12;2;9],3,[1;1;1],0,[NaN;1;NaN],[3;3;9],2,[2;NaN;0]},{'A',[43;43;77],6,[31;45;68],5,0,[12;-2;9],3,0},{'M',[31;45;17],5,[381;387;17],4,[NaN;NaN;0],[31;45;50],4,[0;0;NaN]},{'M',[31;1;1],5,[1;1;1],0,[NaN;0;0],[31;45;50],4,[0;NaN;NaN]},{'A',[465;719;273],6,[31;45;17],5,4,[-31;-1;1],5,0},{'M',[465;360;400],7,[31;45;50],4,[NaN;3;3],[465;719;273],6,[0;NaN;NaN]},{'M',[43;3;9],7,[3;3;9],2,[NaN;0;0],[43;43;77],6,[0;NaN;NaN]},{'A',[887;717;809],8,[465;360;400],7,1,[-43;-3;9],7,0},{'M',[381;90;136],5,[381;387;17],4,[0;NaN;3],[31;45;50],4,[NaN;1;NaN]},{'M',[2;43;77],7,[1;1;1],0,[1;NaN;NaN],[43;43;77],6,[NaN;0;0]},{'A',[379;133;213],8,[381;90;136],5,0,[-2;43;77],7,0},{'M',[381;774;546],7,[381;387;17],4,[0;1;NaN],[465;719;273],6,[NaN;NaN;1]},{'O',[381;774;546],7,[381;774;546],7,0},{'M',[124;719;809],9,[31;45;50],4,[2;NaN;NaN],[465;719;273],6,[NaN;0;NaN],[887;717;809],8,[NaN;NaN;0]},{'O',[124;719;809],9,[124;719;809],9,0},{'M',[43;172;144],7,[3;3;9],2,[NaN;NaN;4],[43;43;77],6,[0;2;NaN]},{'O',[86;344;288],7,[43;172;144],7,1},{'M',[887;717;154],9,[43;43;77],6,[NaN;NaN;1],[887;717;809],8,[0;0;NaN]},{'O',[887;717;154],9,[887;717;154],9,0},{'O',[379;133;213],8,[379;133;213],8,0}}
Adder graph: {{'M',[32;1;1],1,[1;1;1],0,[5;0;0]},{'M',[1;32;8],1,[1;1;1],0,[0;5;3]},{'A',[31;-31;9],2,[32;1;1],1,0,[-1;-32;8],1,0},{'M',[31;-31;18],3,[31;-31;9],2,[0;0;1]},{'M',[1;1;2],1,[1;1;1],0,[0;0;1]},{'A',[39;-39;34],4,[31;-31;18],3,0,[1;-1;2],1,3},{'M',[4;4;9],3,[1;1;1],0,[2;2;NaN],[31;-31;9],2,[NaN;NaN;0]},{'M',[39;-39;68],5,[39;-39;34],4,[0;0;1]},{'A',[86;86;154],6,[4;4;9],3,1,[39;39;68],5,1},{'M',[86;172;128],7,[1;1;1],0,[NaN;NaN;7],[86;86;154],6,[0;1;NaN]},{'A',[375;719;521],8,[86;172;128],7,2,[31;31;9],2,0},{'M',[256;1;144],3,[1;1;1],0,[8;0;NaN],[31;-31;9],2,[NaN;NaN;4]},{'A',[887;717;809],9,[375;719;521],8,0,[256;-1;144],3,1},{'M',[375;-39;521],9,[39;-39;34],4,[NaN;0;NaN],[375;719;521],8,[0;NaN;0]},{'M',[2;86;154],7,[1;1;1],0,[1;NaN;NaN],[86;86;154],6,[NaN;0;0]},{'A',[379;133;213],10,[375;-39;521],9,0,[2;86;-154],7,1},{'M',[379;688;544],11,[39;-39;34],4,[NaN;NaN;4],[86;86;154],6,[NaN;3;NaN],[379;133;213],10,[0;NaN;NaN]},{'M',[2;86;2],7,[1;1;1],0,[1;NaN;1],[86;86;154],6,[NaN;0;NaN]},{'A',[381;774;546],12,[379;688;544],11,0,[2;86;2],7,0},{'O',[381;774;546],12,[381;774;546],12,0},{'M',[124;719;809],10,[31;-31;9],2,[2;NaN;NaN],[375;719;521],8,[NaN;0;NaN],[887;717;809],9,[NaN;NaN;0]},{'O',[124;719;809],10,[124;719;809],10,0},{'M',[86;344;288],7,[31;-31;9],2,[NaN;NaN;5],[86;86;154],6,[0;2;NaN]},{'O',[86;344;288],7,[86;344;288],7,0},{'M',[887;717;154],10,[86;86;154],6,[NaN;NaN;0],[887;717;809],9,[0;0;NaN]},{'O',[887;717;154],10,[887;717;154],10,0},{'O',[379;133;213],10,[379;133;213],10,0}}
Finished solving after 7197.87 seconds
Adder graph: {{'M',[32;1;1],1,[1;1;1],0,[5;0;0]},{'M',[1;32;8],1,[1;1;1],0,[0;5;3]},{'A',[31;-31;9],2,[32;1;1],1,0,[-1;-32;8],1,0},{'M',[31;-31;18],3,[31;-31;9],2,[0;0;1]},{'M',[1;1;2],1,[1;1;1],0,[0;0;1]},{'A',[39;-39;34],4,[31;-31;18],3,0,[1;-1;2],1,3},{'M',[4;4;9],3,[1;1;1],0,[2;2;NaN],[31;-31;9],2,[NaN;NaN;0]},{'M',[39;-39;68],5,[39;-39;34],4,[0;0;1]},{'A',[86;86;154],6,[4;4;9],3,1,[39;39;68],5,1},{'M',[86;172;128],7,[1;1;1],0,[NaN;NaN;7],[86;86;154],6,[0;1;NaN]},{'A',[375;719;521],8,[86;172;128],7,2,[31;31;9],2,0},{'M',[256;1;144],3,[1;1;1],0,[8;0;NaN],[31;-31;9],2,[NaN;NaN;4]},{'A',[887;717;809],9,[375;719;521],8,0,[256;-1;144],3,1},{'M',[375;-39;521],9,[39;-39;34],4,[NaN;0;NaN],[375;719;521],8,[0;NaN;0]},{'M',[2;86;154],7,[1;1;1],0,[1;NaN;NaN],[86;86;154],6,[NaN;0;0]},{'A',[379;133;213],10,[375;-39;521],9,0,[2;86;-154],7,1},{'M',[379;688;544],11,[39;-39;34],4,[NaN;NaN;4],[86;86;154],6,[NaN;3;NaN],[379;133;213],10,[0;NaN;NaN]},{'M',[2;86;2],7,[1;1;1],0,[1;NaN;1],[86;86;154],6,[NaN;0;NaN]},{'A',[381;774;546],12,[379;688;544],11,0,[2;86;2],7,0},{'O',[381;774;546],12,[381;774;546],12,0},{'M',[124;719;809],10,[31;-31;9],2,[2;NaN;NaN],[375;719;521],8,[NaN;0;NaN],[887;717;809],9,[NaN;NaN;0]},{'O',[124;719;809],10,[124;719;809],10,0},{'M',[86;344;288],7,[31;-31;9],2,[NaN;NaN;5],[86;86;154],6,[0;2;NaN]},{'O',[86;344;288],7,[86;344;288],7,0},{'M',[887;717;154],10,[86;86;154],6,[NaN;NaN;0],[887;717;809],9,[0;0;NaN]},{'O',[887;717;154],10,[887;717;154],10,0},{'O',[379;133;213],10,[379;133;213],10,0}}
# Add optimal = 1
# Mux optimal = 0
# FAs optimal = 0
