Adder graph: {{'M',[1;4;8],1,[1;1;1],0,[0;2;3]},{'M',[4;1;4],1,[1;1;1],0,[2;0;2]},{'A',[-3;5;12],2,[1;4;8],1,0,[-4;1;4],1,0},{'M',[-384;5;1],3,[1;1;1],0,[NaN;NaN;0],[-3;5;12],2,[7;0;NaN]},{'M',[1;40;24],3,[1;1;1],0,[0;NaN;NaN],[-3;5;12],2,[NaN;3;1]},{'A',[-383;45;-23],4,[-384;5;1],3,0,[1;40;-24],3,0},{'M',[-3;8;1],3,[1;1;1],0,[NaN;3;0],[-3;5;12],2,[0;NaN;NaN]},{'M',[1;1;-736],5,[1;1;1],0,[0;0;NaN],[-383;45;-23],4,[NaN;NaN;5]},{'A',[-13;31;740],6,[-3;8;1],3,2,[-1;-1;736],5,0},{'M',[-3;62;16],7,[1;1;1],0,[NaN;NaN;4],[-3;5;12],2,[0;NaN;NaN],[-13;31;740],6,[NaN;1;NaN]},{'M',[-12;80;12],3,[-3;5;12],2,[2;4;0]},{'A',[9;142;28],8,[-3;62;16],7,0,[12;80;12],3,0},{'M',[1;4;-23],5,[1;1;1],0,[0;2;NaN],[-383;45;-23],4,[NaN;NaN;0]},{'M',[-3;45;128],5,[1;1;1],0,[NaN;NaN;7],[-3;5;12],2,[0;NaN;NaN],[-383;45;-23],4,[NaN;0;NaN]},{'A',[7;61;-220],6,[1;4;-23],5,2,[3;45;-128],5,0},{'M',[-3;31;-23],7,[-3;5;12],2,[0;NaN;NaN],[-383;45;-23],4,[NaN;NaN;0],[-13;31;740],6,[NaN;0;NaN]},{'M',[-26;61;128],7,[1;1;1],0,[NaN;NaN;7],[-13;31;740],6,[1;NaN;NaN],[7;61;-220],6,[NaN;0;NaN]},{'A',[205;-457;1001],8,[-3;31;-23],7,0,[26;-61;128],7,3},{'M',[144;1;28],9,[1;1;1],0,[NaN;0;NaN],[9;142;28],8,[4;NaN;0]},{'M',[7;640;-23],7,[-3;5;12],2,[NaN;7;NaN],[-383;45;-23],4,[NaN;NaN;0],[7;61;-220],6,[0;NaN;NaN]},{'A',[137;641;5],10,[144;1;28],9,0,[-7;640;-23],7,0},{'M',[-383;-457;-440],9,[-383;45;-23],4,[0;NaN;NaN],[7;61;-220],6,[NaN;NaN;1],[205;-457;1001],8,[NaN;0;NaN]},{'O',[383;457;440],9,[383;457;440],9,0},{'M',[410;488;740],9,[-13;31;740],6,[NaN;NaN;0],[7;61;-220],6,[NaN;3;NaN],[205;-457;1001],8,[1;NaN;NaN]},{'O',[410;488;740],9,[410;488;740],9,0},{'M',[820;45;896],9,[-383;45;-23],4,[NaN;0;NaN],[9;142;28],8,[NaN;NaN;5],[205;-457;1001],8,[2;NaN;NaN]},{'O',[820;45;896],9,[820;45;896],9,0},{'M',[137;568;1001],11,[9;142;28],8,[NaN;2;NaN],[205;-457;1001],8,[NaN;NaN;0],[137;641;5],10,[0;NaN;NaN]},{'O',[137;568;1001],11,[137;568;1001],11,0},{'M',[14;641;5],11,[7;61;-220],6,[1;NaN;NaN],[137;641;5],10,[NaN;0;0]},{'O',[14;641;5],11,[14;641;5],11,0}}
Adder graph: {{'M',[1;1;256],1,[1;1;1],0,[0;0;8]},{'M',[4;1;8],1,[1;1;1],0,[2;0;3]},{'A',[17;-3;224],2,[1;1;256],1,0,[4;-1;-8],1,2},{'M',[1;8;1],1,[1;1;1],0,[0;3;0]},{'M',[17;-3;1],3,[1;1;1],0,[NaN;NaN;0],[17;-3;224],2,[0;0;NaN]},{'A',[25;61;7],4,[1;8;1],1,3,[17;-3;-1],3,0},{'M',[1;-12;512],3,[1;1;1],0,[0;NaN;9],[17;-3;224],2,[NaN;2;NaN]},{'M',[8;61;14],5,[1;1;1],0,[3;NaN;NaN],[25;61;7],4,[NaN;0;1]},{'A',[-7;-73;498],6,[1;-12;512],3,0,[-8;-61;-14],5,0},{'M',[-112;-3;2],7,[1;1;1],0,[NaN;NaN;1],[17;-3;224],2,[NaN;0;NaN],[-7;-73;498],6,[4;NaN;NaN]},{'M',[25;-48;7],5,[17;-3;224],2,[NaN;4;NaN],[25;61;7],4,[0;NaN;0]},{'A',[-137;45;-5],8,[-112;-3;2],7,0,[-25;48;-7],5,0},{'M',[68;8;498],7,[1;1;1],0,[NaN;3;NaN],[17;-3;224],2,[2;NaN;NaN],[-7;-73;498],6,[NaN;NaN;0]},{'M',[-137;-292;128],9,[1;1;1],0,[NaN;NaN;7],[-7;-73;498],6,[NaN;2;NaN],[-137;45;-5],8,[0;NaN;NaN]},{'A',[205;-284;370],10,[68;8;498],7,0,[137;-292;-128],9,0},{'M',[17;-73;1],7,[1;1;1],0,[NaN;NaN;0],[17;-3;224],2,[0;NaN;NaN],[-7;-73;498],6,[NaN;0;NaN]},{'M',[200;-284;28],11,[25;61;7],4,[3;NaN;2],[205;-284;370],10,[NaN;0;NaN]},{'A',[-383;-641;-55],12,[17;-73;1],7,0,[-200;-284;-28],11,1},{'M',[-1096;-73;-5],9,[-7;-73;498],6,[NaN;0;NaN],[-137;45;-5],8,[3;NaN;0]},{'M',[-7;-192;498],7,[17;-3;224],2,[NaN;6;NaN],[-7;-73;498],6,[0;NaN;0]},{'A',[-1110;-457;-1001],10,[-1096;-73;-5],9,0,[-7;-192;-498],7,1},{'M',[-383;-457;-440],13,[-383;-641;-55],12,[0;NaN;3],[-1110;-457;-1001],10,[NaN;0;NaN]},{'O',[383;457;440],13,[383;457;440],13,0},{'M',[205;244;370],11,[25;61;7],4,[NaN;2;NaN],[205;-284;370],10,[0;NaN;0]},{'O',[410;488;740],11,[205;244;370],11,1},{'M',[820;45;896],11,[17;-3;224],2,[NaN;NaN;2],[-137;45;-5],8,[NaN;0;NaN],[205;-284;370],10,[2;NaN;NaN]},{'O',[820;45;896],11,[820;45;896],11,0},{'M',[-137;-568;-1001],11,[-137;45;-5],8,[0;NaN;NaN],[205;-284;370],10,[NaN;1;NaN],[-1110;-457;-1001],10,[NaN;NaN;0]},{'O',[137;568;1001],11,[137;568;1001],11,0},{'M',[-14;-641;-5],13,[-7;-73;498],6,[1;NaN;NaN],[-137;45;-5],8,[NaN;NaN;0],[-383;-641;-55],12,[NaN;0;NaN]},{'O',[14;641;5],13,[14;641;5],13,0}}
Adder graph: {{'M',[16;32;1],1,[1;1;1],0,[4;5;0]},{'M',[2;1;8],1,[1;1;1],0,[1;0;3]},{'A',[14;31;-7],2,[16;32;1],1,0,[-2;-1;-8],1,0},{'M',[2;1;-7],3,[1;1;1],0,[1;0;NaN],[14;31;-7],2,[NaN;NaN;0]},{'M',[32;31;8],3,[1;1;1],0,[5;NaN;3],[14;31;-7],2,[NaN;0;NaN]},{'A',[66;-61;-23],4,[2;1;-7],3,0,[32;-31;-8],3,1},{'M',[128;-61;-23],5,[1;1;1],0,[7;NaN;NaN],[66;-61;-23],4,[NaN;0;0]},{'M',[66;4;-7],5,[1;1;1],0,[NaN;2;NaN],[14;31;-7],2,[NaN;NaN;0],[66;-61;-23],4,[0;NaN;NaN]},{'A',[-136;-45;5],6,[128;-61;-23],5,0,[-66;4;7],5,2},{'M',[1;1;-184],5,[1;1;1],0,[0;0;NaN],[66;-61;-23],4,[NaN;NaN;3]},{'M',[-136;4;256],7,[1;1;1],0,[NaN;2;8],[-136;-45;5],6,[0;NaN;NaN]},{'A',[137;5;-440],8,[1;1;-184],5,0,[136;4;-256],7,0},{'M',[137;31;-440],9,[14;31;-7],2,[NaN;0;NaN],[137;5;-440],8,[0;NaN;0]},{'A',[391;-457;256],10,[66;-61;-23],4,3,[-137;31;440],9,0},{'M',[-136;10;1024],9,[1;1;1],0,[NaN;NaN;10],[-136;-45;5],6,[0;NaN;NaN],[137;5;-440],8,[NaN;1;NaN]},{'M',[274;-61;-23],9,[66;-61;-23],4,[NaN;0;0],[137;5;-440],8,[1;NaN;NaN]},{'A',[-410;71;1001],10,[-136;10;1024],9,0,[-274;61;-23],9,0},{'M',[1;80;-23],9,[1;1;1],0,[0;NaN;NaN],[66;-61;-23],4,[NaN;NaN;0],[137;5;-440],8,[NaN;4;NaN]},{'M',[391;1;1],11,[1;1;1],0,[NaN;0;0],[391;-457;256],10,[0;NaN;NaN]},{'A',[-383;641;-185],12,[1;80;-23],9,3,[-391;1;-1],11,0},{'M',[-383;-457;-440],13,[137;5;-440],8,[NaN;NaN;0],[391;-457;256],10,[NaN;0;NaN],[-383;641;-185],12,[0;NaN;NaN]},{'O',[383;457;440],13,[383;457;440],13,0},{'M',[-410;-488;-740],13,[66;-61;-23],4,[NaN;3;NaN],[-410;71;1001],10,[0;NaN;NaN],[-383;641;-185],12,[NaN;NaN;2]},{'O',[410;488;740],13,[410;488;740],13,0},{'M',[-820;-45;-896],11,[14;31;-7],2,[NaN;NaN;7],[-136;-45;5],6,[NaN;0;NaN],[-410;71;1001],10,[1;NaN;NaN]},{'O',[820;45;896],11,[820;45;896],11,0},{'M',[137;568;1001],11,[137;5;-440],8,[0;NaN;NaN],[-410;71;1001],10,[NaN;3;0]},{'O',[137;568;1001],11,[137;568;1001],11,0},{'M',[14;641;5],13,[14;31;-7],2,[0;NaN;NaN],[-136;-45;5],6,[NaN;NaN;0],[-383;641;-185],12,[NaN;0;NaN]},{'O',[14;641;5],13,[14;641;5],13,0}}
Adder graph: {{'M',[8;1;2],1,[1;1;1],0,[3;0;1]},{'M',[4;1;4],1,[1;1;1],0,[2;0;2]},{'A',[-120;-31;-126],2,[8;1;2],1,0,[-4;-1;-4],1,5},{'M',[128;4;1],1,[1;1;1],0,[7;2;0]},{'M',[1;1;8],1,[1;1;1],0,[0;0;3]},{'A',[127;5;-7],2,[128;4;1],1,0,[-1;1;-8],1,0},{'M',[127;-248;-1008],3,[-120;-31;-126],2,[NaN;3;3],[127;5;-7],2,[0;NaN;NaN]},{'M',[-120;320;-7],3,[-120;-31;-126],2,[0;NaN;NaN],[127;5;-7],2,[NaN;6;0]},{'A',[7;-568;-1001],4,[127;-248;-1008],3,0,[-120;-320;7],3,0},{'M',[256;1;-7],3,[1;1;1],0,[8;0;NaN],[127;5;-7],2,[NaN;NaN;0]},{'M',[127;-62;-448],3,[-120;-31;-126],2,[NaN;1;NaN],[127;5;-7],2,[0;NaN;6]},{'A',[383;-61;441],4,[256;1;-7],3,0,[127;-62;448],3,0},{'M',[-120;-61;441],5,[-120;-31;-126],2,[0;NaN;NaN],[383;-61;441],4,[NaN;0;0]},{'M',[16;16;1],1,[1;1;1],0,[4;4;0]},{'A',[-136;-45;440],6,[-120;-61;441],5,0,[-16;16;-1],1,0},{'M',[-136;-31;512],7,[1;1;1],0,[NaN;NaN;9],[-120;-31;-126],2,[NaN;0;NaN],[-136;-45;440],6,[0;NaN;NaN]},{'M',[1;-488;882],5,[1;1;1],0,[0;NaN;NaN],[383;-61;441],4,[NaN;3;1]},{'A',[-137;457;-370],8,[-136;-31;512],7,0,[-1;488;-882],5,0},{'M',[-274;1;1],9,[1;1;1],0,[NaN;0;0],[-137;457;-370],8,[1;NaN;NaN]},{'M',[-136;640;4],7,[1;1;1],0,[NaN;NaN;2],[127;5;-7],2,[NaN;7;NaN],[-136;-45;440],6,[0;NaN;NaN]},{'A',[-410;641;5],10,[-274;1;1],9,0,[-136;640;4],7,0},{'M',[383;457;440],9,[383;-61;441],4,[0;NaN;NaN],[-136;-45;440],6,[NaN;NaN;0],[-137;457;-370],8,[NaN;0;NaN]},{'O',[383;457;440],9,[383;457;440],9,0},{'M',[-410;-488;-740],11,[383;-61;441],4,[NaN;3;NaN],[-137;457;-370],8,[NaN;NaN;1],[-410;641;5],10,[0;NaN;NaN]},{'O',[410;488;740],11,[410;488;740],11,0},{'M',[-820;-45;-896],11,[127;5;-7],2,[NaN;NaN;7],[-136;-45;440],6,[NaN;0;NaN],[-410;641;5],10,[1;NaN;NaN]},{'O',[820;45;896],11,[820;45;896],11,0},{'M',[-137;-568;-1001],9,[7;-568;-1001],4,[NaN;0;0],[-137;457;-370],8,[0;NaN;NaN]},{'O',[137;568;1001],9,[137;568;1001],9,0},{'M',[14;641;5],11,[7;-568;-1001],4,[1;NaN;NaN],[-410;641;5],10,[NaN;0;0]},{'O',[14;641;5],11,[14;641;5],11,0}}
Adder graph: {{'M',[1;4;4],1,[1;1;1],0,[0;2;2]},{'M',[1;1;4],1,[1;1;1],0,[0;0;2]},{'A',[7;31;28],2,[1;4;4],1,3,[-1;-1;-4],1,0},{'M',[1;1;1024],1,[1;1;1],0,[0;0;10]},{'M',[14;4;28],3,[1;1;1],0,[NaN;2;NaN],[7;31;28],2,[1;NaN;0]},{'A',[-13;5;996],4,[1;1;1024],1,0,[-14;4;-28],3,0},{'M',[1;248;224],3,[1;1;1],0,[0;NaN;NaN],[7;31;28],2,[NaN;3;3]},{'M',[7;4;2],3,[1;1;1],0,[NaN;2;1],[7;31;28],2,[0;NaN;NaN]},{'A',[-6;244;222],4,[1;248;224],3,0,[-7;-4;-2],3,0},{'M',[-6;244;996],5,[-13;5;996],4,[NaN;NaN;0],[-6;244;222],4,[0;0;NaN]},{'M',[-52;5;32],5,[1;1;1],0,[NaN;NaN;5],[-13;5;996],4,[2;0;NaN]},{'A',[410;284;740],6,[-6;244;996],5,0,[52;5;-32],5,3},{'M',[-96;10;1],5,[1;1;1],0,[NaN;NaN;0],[-13;5;996],4,[NaN;1;NaN],[-6;244;222],4,[4;NaN;NaN]},{'M',[1;5;1],5,[1;1;1],0,[0;NaN;0],[-13;5;996],4,[NaN;0;NaN]},{'A',[-383;45;5],6,[-96;10;1],5,2,[1;5;1],5,0},{'M',[-6;31;448],5,[7;31;28],2,[NaN;0;4],[-6;244;222],4,[0;NaN;NaN]},{'M',[-12;244;444],5,[-6;244;222],4,[1;0;1]},{'A',[18;-457;-440],6,[-6;31;448],5,0,[12;-244;-444],5,1},{'M',[144;1;5],7,[1;1;1],0,[NaN;0;NaN],[-383;45;5],6,[NaN;NaN;0],[18;-457;-440],6,[3;NaN;NaN]},{'M',[7;640;996],5,[7;31;28],2,[0;NaN;NaN],[-13;5;996],4,[NaN;7;0]},{'A',[137;641;1001],8,[144;1;5],7,0,[-7;640;996],5,0},{'M',[-383;-457;-440],7,[-383;45;5],6,[0;NaN;NaN],[18;-457;-440],6,[NaN;0;0]},{'O',[383;457;440],7,[383;457;440],7,0},{'M',[410;488;740],7,[-6;244;222],4,[NaN;1;NaN],[410;284;740],6,[0;NaN;0]},{'O',[410;488;740],7,[410;488;740],7,0},{'M',[820;45;896],7,[7;31;28],2,[NaN;NaN;5],[410;284;740],6,[1;NaN;NaN],[-383;45;5],6,[NaN;0;NaN]},{'O',[820;45;896],7,[820;45;896],7,0},{'M',[137;568;1001],9,[410;284;740],6,[NaN;1;NaN],[137;641;1001],8,[0;NaN;0]},{'O',[137;568;1001],9,[137;568;1001],9,0},{'M',[14;641;5],9,[7;31;28],2,[1;NaN;NaN],[-383;45;5],6,[NaN;NaN;0],[137;641;1001],8,[NaN;0;NaN]},{'O',[14;641;5],9,[14;641;5],9,0}}
Adder graph: {{'M',[1;1;2],1,[1;1;1],0,[0;0;1]},{'M',[2;1;1],1,[1;1;1],0,[1;0;0]},{'A',[34;31;63],2,[1;1;2],1,5,[2;-1;-1],1,0},{'M',[34;62;1],3,[1;1;1],0,[NaN;NaN;0],[34;31;63],2,[0;1;NaN]},{'M',[128;1;256],1,[1;1;1],0,[7;0;8]},{'A',[-94;61;-255],4,[34;62;1],3,0,[-128;-1;-256],1,0},{'M',[34;1;1],3,[1;1;1],0,[NaN;0;0],[34;31;63],2,[0;NaN;NaN]},{'A',[137;5;5],4,[34;1;1],3,2,[1;1;1],0,0},{'M',[-94;61;252],5,[34;31;63],2,[NaN;NaN;2],[-94;61;-255],4,[0;0;NaN]},{'M',[1;2;4],1,[1;1;1],0,[0;1;2]},{'A',[-102;45;220],6,[-94;61;252],5,0,[-1;-2;-4],1,3},{'M',[1;1;-510],5,[1;1;1],0,[0;0;NaN],[-94;61;-255],4,[NaN;NaN;1]},{'M',[-102;320;440],7,[137;5;5],4,[NaN;6;NaN],[-102;45;220],6,[0;NaN;1]},{'A',[205;641;370],8,[1;1;-510],5,0,[102;320;440],7,1},{'M',[2;61;2],5,[1;1;1],0,[1;NaN;1],[-94;61;-255],4,[NaN;0;NaN]},{'M',[1;40;1],5,[1;1;1],0,[0;NaN;0],[137;5;5],4,[NaN;3;NaN]},{'A',[7;284;7],6,[2;61;2],5,2,[-1;40;-1],5,0},{'M',[7;488;1008],7,[34;31;63],2,[NaN;NaN;4],[-94;61;-255],4,[NaN;3;NaN],[7;284;7],6,[0;NaN;NaN]},{'M',[-376;31;7],7,[34;31;63],2,[NaN;0;NaN],[-94;61;-255],4,[2;NaN;NaN],[7;284;7],6,[NaN;NaN;0]},{'A',[383;457;1001],8,[7;488;1008],7,0,[376;-31;-7],7,0},{'M',[383;457;440],9,[-102;45;220],6,[NaN;NaN;1],[383;457;1001],8,[0;0;NaN]},{'O',[383;457;440],9,[383;457;440],9,0},{'M',[205;244;370],9,[-94;61;-255],4,[NaN;2;NaN],[205;641;370],8,[0;NaN;0]},{'O',[410;488;740],9,[205;244;370],9,1},{'M',[820;45;896],9,[-102;45;220],6,[NaN;0;NaN],[205;641;370],8,[2;NaN;NaN],[7;284;7],6,[NaN;NaN;7]},{'O',[820;45;896],9,[820;45;896],9,0},{'M',[137;568;1001],9,[137;5;5],4,[0;NaN;NaN],[7;284;7],6,[NaN;1;NaN],[383;457;1001],8,[NaN;NaN;0]},{'O',[137;568;1001],9,[137;568;1001],9,0},{'M',[14;641;5],9,[137;5;5],4,[NaN;NaN;0],[205;641;370],8,[NaN;0;NaN],[7;284;7],6,[1;NaN;NaN]},{'O',[14;641;5],9,[14;641;5],9,0}}
Adder graph: {{'M',[2;8;1],1,[1;1;1],0,[1;3;0]},{'M',[2;1;1],1,[1;1;1],0,[1;0;0]},{'A',[6;31;3],2,[2;8;1],1,2,[-2;-1;-1],1,0},{'M',[256;1;4],1,[1;1;1],0,[8;0;2]},{'M',[4;4;3],3,[1;1;1],0,[2;2;NaN],[6;31;3],2,[NaN;NaN;0]},{'A',[260;5;7],4,[256;1;4],1,0,[4;4;3],3,0},{'M',[48;5;7],5,[6;31;3],2,[3;NaN;NaN],[260;5;7],4,[NaN;0;0]},{'M',[1;5;7],5,[1;1;1],0,[0;NaN;NaN],[260;5;7],4,[NaN;0;0]},{'A',[383;45;63],6,[48;5;7],5,3,[-1;5;7],5,0},{'M',[260;160;63],7,[260;5;7],4,[0;5;NaN],[383;45;63],6,[NaN;NaN;0]},{'M',[383;248;16],7,[1;1;1],0,[NaN;NaN;4],[6;31;3],2,[NaN;3;NaN],[383;45;63],6,[0;NaN;NaN]},{'A',[137;568;110],8,[260;160;63],7,1,[-383;248;-16],7,0},{'A',[13;61;5],3,[6;31;3],2,1,[1;-1;-1],0,0},{'M',[48;61;96],4,[6;31;3],2,[3;NaN;5],[13;61;5],3,[NaN;0;NaN]},{'M',[26;31;28],5,[6;31;3],2,[NaN;0;NaN],[260;5;7],4,[NaN;NaN;2],[13;61;5],3,[1;NaN;NaN]},{'A',[410;457;740],6,[48;61;96],4,3,[26;-31;-28],5,0},{'M',[1;1;1008],7,[1;1;1],0,[0;0;NaN],[383;45;63],6,[NaN;NaN;4]},{'M',[13;640;7],5,[260;5;7],4,[NaN;7;0],[13;61;5],3,[0;NaN;NaN]},{'A',[14;641;1001],8,[1;1;1008],7,0,[13;640;-7],5,0},{'M',[383;457;440],9,[383;45;63],6,[0;NaN;NaN],[137;568;110],8,[NaN;NaN;2],[410;457;740],6,[NaN;0;NaN]},{'O',[383;457;440],9,[383;457;440],9,0},{'M',[410;488;740],7,[13;61;5],3,[NaN;3;NaN],[410;457;740],6,[0;NaN;0]},{'O',[410;488;740],7,[410;488;740],7,0},{'M',[820;45;896],7,[260;5;7],4,[NaN;NaN;7],[383;45;63],6,[NaN;0;NaN],[410;457;740],6,[1;NaN;NaN]},{'O',[820;45;896],7,[820;45;896],7,0},{'M',[137;568;1001],9,[137;568;110],8,[0;0;NaN],[14;641;1001],8,[NaN;NaN;0]},{'O',[137;568;1001],9,[137;568;1001],9,0},{'M',[14;641;5],9,[13;61;5],3,[NaN;NaN;0],[14;641;1001],8,[0;0;NaN]},{'O',[14;641;5],9,[14;641;5],9,0}}
Adder graph: {{'M',[1;2;4],1,[1;1;1],0,[0;1;2]},{'M',[32;1;1],1,[1;1;1],0,[5;0;0]},{'A',[34;5;7],2,[1;2;4],1,1,[32;1;-1],1,0},{'M',[34;5;28],3,[34;5;7],2,[0;0;2]},{'M',[1;5;7],3,[1;1;1],0,[0;NaN;NaN],[34;5;7],2,[NaN;0;0]},{'A',[271;45;217],4,[34;5;28],3,3,[-1;5;-7],3,0},{'M',[1;512;7],3,[1;1;1],0,[0;9;NaN],[34;5;7],2,[NaN;NaN;0]},{'M',[34;5;64],3,[1;1;1],0,[NaN;NaN;6],[34;5;7],2,[0;0;NaN]},{'A',[69;502;-121],4,[1;512;7],3,0,[34;-5;-64],3,1},{'M',[4;160;1],3,[1;1;1],0,[2;NaN;0],[34;5;7],2,[NaN;5;NaN]},{'M',[2;1;1],1,[1;1;1],0,[1;0;0]},{'A',[14;641;5],4,[4;160;1],3,2,[-2;1;1],1,0},{'M',[69;502;28],5,[34;5;7],2,[NaN;NaN;2],[69;502;-121],4,[0;0;NaN]},{'M',[1;720;1],5,[1;1;1],0,[0;NaN;0],[271;45;217],4,[NaN;4;NaN]},{'A',[137;284;55],6,[69;502;28],5,1,[-1;-720;-1],5,0},{'M',[69;180;434],5,[271;45;217],4,[NaN;2;1],[69;502;-121],4,[0;NaN;NaN]},{'M',[34;16;16],3,[1;1;1],0,[NaN;4;4],[34;5;7],2,[0;NaN;NaN]},{'A',[205;244;370],6,[69;180;434],5,0,[34;16;-16],3,2},{'M',[112;502;880],7,[69;502;-121],4,[NaN;0;NaN],[14;641;5],4,[3;NaN;NaN],[137;284;55],6,[NaN;NaN;4]},{'M',[271;45;-121],5,[271;45;217],4,[0;0;NaN],[69;502;-121],4,[NaN;NaN;0]},{'A',[383;457;1001],8,[112;502;880],7,0,[271;-45;121],5,0},{'M',[383;457;440],9,[137;284;55],6,[NaN;NaN;3],[383;457;1001],8,[0;0;NaN]},{'O',[383;457;440],9,[383;457;440],9,0},{'O',[410;488;740],6,[205;244;370],6,1},{'M',[820;45;896],7,[34;5;7],2,[NaN;NaN;7],[271;45;217],4,[NaN;0;NaN],[205;244;370],6,[2;NaN;NaN]},{'O',[820;45;896],7,[820;45;896],7,0},{'M',[137;568;1001],9,[137;284;55],6,[0;1;NaN],[383;457;1001],8,[NaN;NaN;0]},{'O',[137;568;1001],9,[137;568;1001],9,0},{'O',[14;641;5],4,[14;641;5],4,0}}
Adder graph: {{'M',[1;4;128],1,[1;1;1],0,[0;2;7]},{'A',[7;31;1025],2,[1;4;128],1,3,[-1;-1;1],0,0},{'M',[56;1;1],3,[1;1;1],0,[NaN;0;0],[7;31;1025],2,[3;NaN;NaN]},{'A',[-52;5;5],4,[1;1;1],0,2,[-56;1;1],3,0},{'M',[1;31;1],3,[1;1;1],0,[0;NaN;0],[7;31;1025],2,[NaN;0;NaN]},{'M',[1;10;1],5,[1;1;1],0,[0;NaN;0],[-52;5;5],4,[NaN;1;NaN]},{'A',[-3;71;-3],6,[1;31;1],3,0,[-1;10;-1],5,2},{'M',[4;31;4],3,[1;1;1],0,[2;NaN;2],[7;31;1025],2,[NaN;0;NaN]},{'A',[9;-61;-7],4,[1;1;1],0,0,[4;-31;-4],3,1},{'M',[128;16;1025],3,[1;1;1],0,[7;4;NaN],[7;31;1025],2,[NaN;NaN;0]},{'M',[9;-61;-24],7,[-3;71;-3],6,[NaN;NaN;3],[9;-61;-7],4,[0;0;NaN]},{'A',[137;-45;1001],8,[128;16;1025],3,0,[9;-61;-24],7,0},{'M',[-384;31;-384],7,[7;31;1025],2,[NaN;0;NaN],[-3;71;-3],6,[7;NaN;7]},{'M',[1;-488;-56],5,[1;1;1],0,[0;NaN;NaN],[9;-61;-7],4,[NaN;3;3]},{'A',[-383;-457;-440],8,[-384;31;-384],7,0,[1;-488;-56],5,0},{'M',[-416;1;-768],7,[1;1;1],0,[NaN;0;NaN],[-52;5;5],4,[3;NaN;NaN],[-3;71;-3],6,[NaN;NaN;8]},{'M',[-3;320;-14],7,[-52;5;5],4,[NaN;6;NaN],[-3;71;-3],6,[0;NaN;NaN],[9;-61;-7],4,[NaN;NaN;1]},{'A',[-410;641;-740],8,[-416;1;-768],7,0,[3;320;14],7,1},{'O',[383;457;440],8,[383;457;440],8,0},{'M',[-410;-488;-740],9,[9;-61;-7],4,[NaN;3;NaN],[-410;641;-740],8,[0;NaN;0]},{'O',[410;488;740],9,[410;488;740],9,0},{'M',[-820;-45;-896],9,[9;-61;-7],4,[NaN;NaN;7],[137;-45;1001],8,[NaN;0;NaN],[-410;641;-740],8,[1;NaN;NaN]},{'O',[820;45;896],9,[820;45;896],9,0},{'M',[137;568;1001],9,[-3;71;-3],6,[NaN;3;NaN],[137;-45;1001],8,[0;NaN;0]},{'O',[137;568;1001],9,[137;568;1001],9,0},{'M',[14;641;5],9,[7;31;1025],2,[1;NaN;NaN],[-52;5;5],4,[NaN;NaN;0],[-410;641;-740],8,[NaN;0;NaN]},{'O',[14;641;5],9,[14;641;5],9,0}}
Adder graph: {{'M',[4;1;4],1,[1;1;1],0,[2;0;2]},{'A',[17;5;-15],2,[1;1;1],0,0,[4;1;-4],1,2},{'M',[1;160;1],3,[1;1;1],0,[0;NaN;0],[17;5;-15],2,[NaN;5;NaN]},{'A',[3;641;5],4,[1;160;1],3,2,[-1;1;1],0,0},{'M',[384;5;320],5,[17;5;-15],2,[NaN;0;NaN],[3;641;5],4,[7;NaN;6]},{'M',[1;40;-120],3,[1;1;1],0,[0;NaN;NaN],[17;5;-15],2,[NaN;3;3]},{'A',[383;45;440],6,[384;5;320],5,0,[-1;40;120],3,0},{'M',[1;4;1],1,[1;1;1],0,[0;2;0]},{'M',[68;1;1],3,[1;1;1],0,[NaN;0;0],[17;5;-15],2,[2;NaN;NaN]},{'A',[-60;33;7],4,[1;4;1],1,3,[-68;1;-1],3,0},{'M',[-60;33;-60],5,[17;5;-15],2,[NaN;NaN;2],[-60;33;7],4,[0;0;NaN]},{'A',[137;71;105],6,[17;5;-15],2,0,[60;33;60],5,1},{'M',[12;33;20],5,[3;641;5],4,[2;NaN;2],[-60;33;7],4,[NaN;0;NaN]},{'M',[34;10;105],7,[17;5;-15],2,[1;1;NaN],[137;71;105],6,[NaN;NaN;0]},{'A',[14;122;185],8,[12;33;20],5,2,[-34;-10;105],7,0},{'M',[17;132;224],5,[17;5;-15],2,[0;NaN;NaN],[-60;33;7],4,[NaN;2;5]},{'A',[205;457;1001],7,[17;132;224],5,2,[137;-71;105],6,0},{'M',[383;457;440],8,[383;45;440],6,[0;NaN;0],[205;457;1001],7,[NaN;0;NaN]},{'O',[383;457;440],8,[383;457;440],8,0},{'M',[205;244;370],9,[14;122;185],8,[NaN;1;1],[205;457;1001],7,[0;NaN;NaN]},{'O',[410;488;740],9,[205;244;370],9,1},{'M',[820;45;896],8,[383;45;440],6,[NaN;0;NaN],[-60;33;7],4,[NaN;NaN;7],[205;457;1001],7,[2;NaN;NaN]},{'O',[820;45;896],8,[820;45;896],8,0},{'M',[137;568;1001],8,[137;71;105],6,[0;3;NaN],[205;457;1001],7,[NaN;NaN;0]},{'O',[137;568;1001],8,[137;568;1001],8,0},{'M',[14;641;5],9,[3;641;5],4,[NaN;0;0],[14;122;185],8,[0;NaN;NaN]},{'O',[14;641;5],9,[14;641;5],9,0}}
Adder graph: {{'M',[1;4;4],1,[1;1;1],0,[0;2;2]},{'A',[36;132;132],2,[1;1;1],0,2,[1;4;4],1,5},{'A',[3;5;5],1,[1;1;1],0,2,[-1;1;1],0,0},{'M',[1;1;256],1,[1;1;1],0,[0;0;8]},{'A',[383;641;896],2,[3;5;5],1,7,[-1;1;256],1,0},{'M',[3;5;1],2,[1;1;1],0,[NaN;NaN;0],[3;5;5],1,[0;0;NaN]},{'A',[27;45;-39],3,[3;5;1],2,0,[3;5;-5],1,3},{'M',[3;8;8],2,[1;1;1],0,[NaN;3;3],[3;5;5],1,[0;NaN;NaN]},{'M',[1;45;-39],4,[1;1;1],0,[0;NaN;NaN],[27;45;-39],3,[NaN;0;0]},{'A',[7;61;55],5,[3;8;8],2,1,[1;45;39],4,0},{'M',[27;61;-156],6,[27;45;-39],3,[0;NaN;2],[7;61;55],5,[NaN;0;NaN]},{'M',[383;132;896],3,[36;132;132],2,[NaN;0;NaN],[383;641;896],2,[0;NaN;0]},{'A',[410;-71;740],7,[27;61;-156],6,0,[383;-132;896],3,0},{'M',[7;-71;55],8,[7;61;55],5,[0;NaN;0],[410;-71;740],7,[NaN;0;NaN]},{'M',[36;132;264],3,[36;132;132],2,[0;0;1]},{'A',[-137;457;-1001],9,[7;-71;55],8,0,[-36;132;-264],3,2},{'M',[383;457;440],10,[383;641;896],2,[0;NaN;NaN],[7;61;55],5,[NaN;NaN;3],[-137;457;-1001],9,[NaN;0;NaN]},{'O',[383;457;440],10,[383;457;440],10,0},{'M',[410;488;740],8,[7;61;55],5,[NaN;3;NaN],[410;-71;740],7,[0;NaN;0]},{'O',[410;488;740],8,[410;488;740],8,0},{'M',[820;45;896],8,[383;641;896],2,[NaN;NaN;0],[27;45;-39],3,[NaN;0;NaN],[410;-71;740],7,[1;NaN;NaN]},{'O',[820;45;896],8,[820;45;896],8,0},{'M',[-137;-568;-1001],10,[410;-71;740],7,[NaN;3;NaN],[-137;457;-1001],9,[0;NaN;0]},{'O',[137;568;1001],10,[137;568;1001],10,0},{'M',[14;641;5],6,[3;5;5],1,[NaN;NaN;0],[383;641;896],2,[NaN;0;NaN],[7;61;55],5,[1;NaN;NaN]},{'O',[14;641;5],6,[14;641;5],6,0}}
Adder graph: {{'A',[3;5;3],1,[1;1;1],0,2,[-1;1;-1],0,0},{'M',[4;10;1],2,[1;1;1],0,[2;NaN;0],[3;5;3],1,[NaN;1;NaN]},{'A',[19;45;7],3,[4;10;1],2,2,[3;5;3],1,0},{'M',[6;10;7],4,[3;5;3],1,[1;1;NaN],[19;45;7],3,[NaN;NaN;0]},{'M',[1;1;8],1,[1;1;1],0,[0;0;3]},{'A',[383;641;440],5,[6;10;7],4,6,[-1;1;-8],1,0},{'M',[1;32;1],1,[1;1;1],0,[0;5;0]},{'M',[6;5;3],2,[3;5;3],1,[1;0;0]},{'A',[14;251;5],3,[1;32;1],1,3,[6;-5;-3],2,0},{'M',[14;2;12],4,[1;1;1],0,[NaN;1;NaN],[3;5;3],1,[NaN;NaN;2],[14;251;5],3,[0;NaN;NaN]},{'M',[19;90;7],4,[19;45;7],3,[0;1;0]},{'A',[205;122;185],5,[14;2;12],4,4,[-19;90;-7],4,0},{'M',[14;251;440],6,[383;641;440],5,[NaN;NaN;0],[14;251;5],3,[0;0;NaN]},{'A',[9;457;873],7,[14;251;440],6,1,[-19;-45;-7],3,0},{'M',[9;80;873],8,[3;5;3],1,[NaN;4;NaN],[9;457;873],7,[0;NaN;0]},{'M',[32;122;32],6,[1;1;1],0,[5;NaN;5],[205;122;185],5,[NaN;0;NaN]},{'A',[137;568;1001],9,[9;80;873],8,0,[32;122;32],6,2},{'M',[383;457;440],8,[383;641;440],5,[0;NaN;0],[9;457;873],7,[NaN;0;NaN]},{'O',[383;457;440],8,[383;457;440],8,0},{'M',[205;244;370],6,[205;122;185],5,[0;1;1]},{'O',[410;488;740],6,[205;244;370],6,1},{'M',[820;45;896],6,[19;45;7],3,[NaN;0;7],[205;122;185],5,[2;NaN;NaN]},{'O',[820;45;896],6,[820;45;896],6,0},{'O',[137;568;1001],9,[137;568;1001],9,0},{'M',[14;641;5],6,[383;641;440],5,[NaN;0;NaN],[14;251;5],3,[0;NaN;0]},{'O',[14;641;5],6,[14;641;5],6,0}}
Adder graph: {{'A',[3;5;3],1,[1;1;1],0,2,[-1;1;-1],0,0},{'M',[1;10;1],2,[1;1;1],0,[0;NaN;0],[3;5;3],1,[NaN;1;NaN]},{'A',[7;45;7],3,[1;10;1],2,2,[3;5;3],1,0},{'M',[3;8;3],2,[1;1;1],0,[NaN;3;NaN],[3;5;3],1,[0;NaN;0]},{'A',[199;467;185],4,[3;8;3],2,6,[7;-45;-7],3,0},{'M',[3;320;3],2,[3;5;3],1,[0;6;0]},{'M',[199;1;1],5,[1;1;1],0,[NaN;0;0],[199;467;185],4,[0;NaN;NaN]},{'A',[205;641;5],6,[3;320;3],2,1,[199;1;-1],5,0},{'M',[3;4;32],2,[1;1;1],0,[NaN;2;5],[3;5;3],1,[0;NaN;NaN]},{'M',[7;90;7],4,[7;45;7],3,[0;1;0]},{'A',[34;244;498],5,[3;4;32],2,4,[-7;90;-7],4,1},{'M',[384;467;384],5,[3;5;3],1,[7;NaN;7],[199;467;185],4,[NaN;0;NaN]},{'M',[1;10;56],4,[1;1;1],0,[0;NaN;NaN],[3;5;3],1,[NaN;1;NaN],[7;45;7],3,[NaN;NaN;3]},{'A',[383;457;440],6,[384;467;384],5,0,[-1;-10;56],4,0},{'M',[205;80;5],7,[3;5;3],1,[NaN;4;NaN],[205;641;5],6,[0;NaN;0]},{'A',[137;568;1001],8,[205;80;5],7,0,[-34;244;498],5,1},{'O',[383;457;440],6,[383;457;440],6,0},{'M',[205;244;370],7,[199;467;185],4,[NaN;NaN;1],[205;641;5],6,[0;NaN;NaN],[34;244;498],5,[NaN;0;NaN]},{'O',[410;488;740],7,[205;244;370],7,1},{'M',[820;45;896],7,[7;45;7],3,[NaN;0;7],[205;641;5],6,[2;NaN;NaN]},{'O',[820;45;896],7,[820;45;896],7,0},{'O',[137;568;1001],8,[137;568;1001],8,0},{'M',[14;641;5],7,[7;45;7],3,[1;NaN;NaN],[205;641;5],6,[NaN;0;0]},{'O',[14;641;5],7,[14;641;5],7,0}}
Adder graph: {{'A',[3;5;5],1,[1;1;1],0,2,[-1;1;1],0,0},{'M',[2;1;2],1,[1;1;1],0,[1;0;1]},{'A',[65;31;63],2,[2;1;2],1,5,[1;-1;-1],0,0},{'M',[1;80;1],2,[1;1;1],0,[0;NaN;0],[3;5;5],1,[NaN;4;NaN]},{'A',[7;641;7],3,[1;80;1],2,3,[-1;1;-1],0,0},{'M',[65;31;504],3,[65;31;63],2,[0;0;3]},{'M',[7;1;7],4,[1;1;1],0,[NaN;0;NaN],[7;641;7],3,[0;NaN;0]},{'A',[137;61;1001],5,[65;31;504],3,1,[7;-1;-7],4,0},{'M',[56;61;56],6,[7;641;7],3,[3;NaN;3],[137;61;1001],5,[NaN;0;NaN]},{'M',[65;31;8],3,[1;1;1],0,[NaN;NaN;3],[65;31;63],2,[0;0;NaN]},{'A',[383;457;440],7,[56;61;56],6,3,[-65;-31;-8],3,0},{'M',[65;31;5],3,[3;5;5],1,[NaN;NaN;0],[65;31;63],2,[0;0;NaN]},{'A',[356;284;-140],4,[65;31;5],3,2,[3;5;-5],1,5},{'M',[766;61;880],8,[137;61;1001],5,[NaN;0;NaN],[383;457;440],7,[1;NaN;1]},{'M',[356;16;-140],5,[1;1;1],0,[NaN;4;NaN],[356;284;-140],4,[0;NaN;0]},{'A',[410;45;740],9,[766;61;880],8,0,[-356;-16;-140],5,0},{'O',[383;457;440],7,[383;457;440],7,0},{'M',[410;488;740],10,[137;61;1001],5,[NaN;3;NaN],[410;45;740],9,[0;NaN;0]},{'O',[410;488;740],10,[410;488;740],10,0},{'M',[820;45;896],10,[7;641;7],3,[NaN;NaN;7],[410;45;740],9,[1;0;NaN]},{'O',[820;45;896],10,[820;45;896],10,0},{'M',[137;568;1001],6,[137;61;1001],5,[0;NaN;0],[356;284;-140],4,[NaN;1;NaN]},{'O',[137;568;1001],6,[137;568;1001],6,0},{'M',[14;641;5],4,[3;5;5],1,[NaN;NaN;0],[7;641;7],3,[1;0;NaN]},{'O',[14;641;5],4,[14;641;5],4,0}}
Adder graph: {{'A',[7;9;7],1,[1;1;1],0,3,[-1;1;-1],0,0},{'A',[57;71;55],2,[7;9;7],1,3,[1;-1;-1],0,0},{'M',[57;9;7],3,[7;9;7],1,[NaN;0;0],[57;71;55],2,[0;NaN;NaN]},{'A',[221;45;21],4,[57;9;7],3,2,[-7;9;-7],1,0},{'A',[205;61;5],5,[221;45;21],4,0,[-1;1;-1],0,4},{'M',[57;288;55],3,[7;9;7],1,[NaN;5;NaN],[57;71;55],2,[0;NaN;0]},{'A',[319;637;105],6,[57;288;55],3,1,[205;61;-5],5,0},{'M',[114;1;224],3,[1;1;1],0,[NaN;0;NaN],[7;9;7],1,[NaN;NaN;5],[57;71;55],2,[1;NaN;NaN]},{'A',[137;641;1001],7,[114;1;224],3,2,[-319;637;105],6,0},{'M',[16;45;20],6,[1;1;1],0,[4;NaN;NaN],[221;45;21],4,[NaN;0;NaN],[205;61;5],5,[NaN;NaN;2]},{'A',[383;457;185],7,[319;637;105],6,0,[16;-45;20],6,2},{'M',[383;457;440],8,[57;71;55],2,[NaN;NaN;3],[383;457;185],7,[0;0;NaN]},{'O',[383;457;440],8,[383;457;440],8,0},{'M',[205;244;370],8,[205;61;5],5,[0;2;NaN],[383;457;185],7,[NaN;NaN;1]},{'O',[410;488;740],8,[205;244;370],8,1},{'M',[820;45;896],6,[7;9;7],1,[NaN;NaN;7],[221;45;21],4,[NaN;0;NaN],[205;61;5],5,[2;NaN;NaN]},{'O',[820;45;896],6,[820;45;896],6,0},{'M',[137;568;1001],8,[57;71;55],2,[NaN;3;NaN],[137;641;1001],7,[0;NaN;0]},{'O',[137;568;1001],8,[137;568;1001],8,0},{'M',[14;641;5],8,[7;9;7],1,[1;NaN;NaN],[205;61;5],5,[NaN;NaN;0],[137;641;1001],7,[NaN;0;NaN]},{'O',[14;641;5],8,[14;641;5],8,0}}
Adder graph: {{'M',[2;1;2],1,[1;1;1],0,[1;0;1]},{'A',[9;5;7],2,[2;1;2],1,2,[1;1;-1],0,0},{'M',[8;5;7],3,[1;1;1],0,[3;NaN;NaN],[9;5;7],2,[NaN;0;0]},{'A',[55;45;63],4,[8;5;7],3,3,[-9;5;7],2,0},{'M',[18;1;1],3,[1;1;1],0,[NaN;0;0],[9;5;7],2,[1;NaN;NaN]},{'M',[1;160;1],3,[1;1;1],0,[0;NaN;0],[9;5;7],2,[NaN;5;NaN]},{'A',[14;641;5],4,[18;1;1],3,0,[-1;160;1],3,2},{'M',[1;2;2],1,[1;1;1],0,[0;1;1]},{'A',[65;66;62],2,[1;1;1],0,6,[1;2;-2],1,0},{'M',[128;66;1008],5,[1;1;1],0,[7;NaN;NaN],[55;45;63],4,[NaN;NaN;4],[65;66;62],2,[NaN;0;NaN]},{'A',[137;71;1001],6,[128;66;1008],5,0,[9;5;-7],2,0},{'M',[137;71;56],7,[9;5;7],2,[NaN;NaN;3],[137;71;1001],6,[0;0;NaN]},{'A',[383;457;440],8,[65;66;62],2,3,[-137;-71;-56],7,0},{'M',[55;142;63],7,[55;45;63],4,[0;NaN;0],[137;71;1001],6,[NaN;1;NaN]},{'A',[410;244;370],8,[65;66;62],2,3,[-55;-142;-63],7,1},{'O',[383;457;440],8,[383;457;440],8,0},{'M',[410;488;740],9,[410;244;370],8,[0;1;1]},{'O',[410;488;740],9,[410;488;740],9,0},{'M',[820;45;896],9,[9;5;7],2,[NaN;NaN;7],[55;45;63],4,[NaN;0;NaN],[410;244;370],8,[1;NaN;NaN]},{'O',[820;45;896],9,[820;45;896],9,0},{'M',[137;568;1001],7,[137;71;1001],6,[0;3;0]},{'O',[137;568;1001],7,[137;568;1001],7,0},{'O',[14;641;5],4,[14;641;5],4,0}}
Finished solving after 7223.03 seconds
Adder graph: {{'M',[2;1;2],1,[1;1;1],0,[1;0;1]},{'A',[9;5;7],2,[2;1;2],1,2,[1;1;-1],0,0},{'M',[8;5;7],3,[1;1;1],0,[3;NaN;NaN],[9;5;7],2,[NaN;0;0]},{'A',[55;45;63],4,[8;5;7],3,3,[-9;5;7],2,0},{'M',[18;1;1],3,[1;1;1],0,[NaN;0;0],[9;5;7],2,[1;NaN;NaN]},{'M',[1;160;1],3,[1;1;1],0,[0;NaN;0],[9;5;7],2,[NaN;5;NaN]},{'A',[14;641;5],4,[18;1;1],3,0,[-1;160;1],3,2},{'M',[1;2;2],1,[1;1;1],0,[0;1;1]},{'A',[65;66;62],2,[1;1;1],0,6,[1;2;-2],1,0},{'M',[128;66;1008],5,[1;1;1],0,[7;NaN;NaN],[55;45;63],4,[NaN;NaN;4],[65;66;62],2,[NaN;0;NaN]},{'A',[137;71;1001],6,[128;66;1008],5,0,[9;5;-7],2,0},{'M',[137;71;56],7,[9;5;7],2,[NaN;NaN;3],[137;71;1001],6,[0;0;NaN]},{'A',[383;457;440],8,[65;66;62],2,3,[-137;-71;-56],7,0},{'M',[55;142;63],7,[55;45;63],4,[0;NaN;0],[137;71;1001],6,[NaN;1;NaN]},{'A',[410;244;370],8,[65;66;62],2,3,[-55;-142;-63],7,1},{'O',[383;457;440],8,[383;457;440],8,0},{'M',[410;488;740],9,[410;244;370],8,[0;1;1]},{'O',[410;488;740],9,[410;488;740],9,0},{'M',[820;45;896],9,[9;5;7],2,[NaN;NaN;7],[55;45;63],4,[NaN;0;NaN],[410;244;370],8,[1;NaN;NaN]},{'O',[820;45;896],9,[820;45;896],9,0},{'M',[137;568;1001],7,[137;71;1001],6,[0;3;0]},{'O',[137;568;1001],7,[137;568;1001],7,0},{'O',[14;641;5],4,[14;641;5],4,0}}
# Add optimal = 1
# Mux optimal = 0
# FAs optimal = 0
