Adder graph: {{'M',[1;1;8],1,[1;1;1],0,[0;0;3]},{'M',[8;16;1],1,[1;1;1],0,[3;4;0]},{'A',[-7;17;9],2,[1;1;8],1,0,[-8;16;1],1,0},{'M',[-7;32;72],3,[1;1;1],0,[NaN;5;NaN],[-7;17;9],2,[0;NaN;3]},{'M',[64;17;9],3,[1;1;1],0,[6;NaN;NaN],[-7;17;9],2,[NaN;0;0]},{'A',[50;47;153],4,[-7;32;72],3,1,[64;-17;9],3,0},{'M',[50;188;1],5,[1;1;1],0,[NaN;NaN;0],[50;47;153],4,[0;2;NaN]},{'M',[1024;1;144],3,[1;1;1],0,[10;0;NaN],[-7;17;9],2,[NaN;NaN;4]},{'A',[-974;187;-143],6,[50;188;1],5,0,[-1024;-1;-144],3,0},{'M',[-56;47;306],5,[-7;17;9],2,[3;NaN;NaN],[50;47;153],4,[NaN;0;1]},{'M',[16;187;18],7,[1;1;1],0,[4;NaN;NaN],[-7;17;9],2,[NaN;NaN;1],[-974;187;-143],6,[NaN;0;NaN]},{'A',[-24;-327;342],8,[-56;47;306],5,0,[16;-187;18],7,1},{'M',[1;2;-143],7,[1;1;1],0,[0;1;NaN],[-974;187;-143],6,[NaN;NaN;0]},{'M',[-384;17;-572],9,[-7;17;9],2,[NaN;0;NaN],[-974;187;-143],6,[NaN;NaN;2],[-24;-327;342],8,[4;NaN;NaN]},{'A',[385;-15;429],10,[1;2;-143],7,0,[384;-17;572],9,0},{'M',[385;-15;-1144],11,[-974;187;-143],6,[NaN;NaN;3],[385;-15;429],10,[0;0;NaN]},{'M',[-28;-327;153],9,[-7;17;9],2,[2;NaN;NaN],[50;47;153],4,[NaN;NaN;0],[-24;-327;342],8,[NaN;0;NaN]},{'A',[413;312;-991],12,[385;-15;-1144],11,0,[28;327;153],9,0},{'M',[-112;312;306],13,[-7;17;9],2,[4;NaN;NaN],[50;47;153],4,[NaN;NaN;1],[413;312;-991],12,[NaN;0;NaN]},{'M',[413;17;-991],13,[-7;17;9],2,[NaN;0;NaN],[413;312;-991],12,[0;NaN;0]},{'A',[-637;607;-379],14,[-112;312;306],13,1,[-413;-17;-991],13,0},{'M',[385;188;8],11,[1;1;1],0,[NaN;NaN;3],[50;47;153],4,[NaN;2;NaN],[385;-15;429],10,[0;NaN;NaN]},{'M',[100;47;-991],13,[50;47;153],4,[1;0;NaN],[413;312;-991],12,[NaN;NaN;0]},{'A',[870;329;1007],14,[385;188;8],11,1,[100;-47;991],13,0},{'M',[413;187;1007],15,[-974;187;-143],6,[NaN;0;NaN],[413;312;-991],12,[0;NaN;NaN],[870;329;1007],14,[NaN;NaN;0]},{'O',[413;187;1007],15,[413;187;1007],15,0},{'M',[870;329;429],15,[385;-15;429],10,[NaN;NaN;0],[870;329;1007],14,[0;0;NaN]},{'O',[870;329;429],15,[870;329;429],15,0},{'M',[100;607;684],15,[50;47;153],4,[1;NaN;NaN],[-24;-327;342],8,[NaN;NaN;1],[-637;607;-379],14,[NaN;0;NaN]},{'O',[100;607;684],15,[100;607;684],15,0},{'M',[-637;-327;-379],15,[-24;-327;342],8,[NaN;0;NaN],[-637;607;-379],14,[0;NaN;0]},{'O',[637;327;379],15,[637;327;379],15,0},{'M',[-974;-30;-286],11,[-974;187;-143],6,[0;NaN;1],[385;-15;429],10,[NaN;1;NaN]},{'O',[974;30;286],11,[974;30;286],11,0}}
Adder graph: {{'M',[16;1;4],1,[1;1;1],0,[4;0;2]},{'A',[33;3;-7],2,[1;1;1],0,0,[16;1;-4],1,1},{'M',[8;1;128],1,[1;1;1],0,[3;0;7]},{'M',[33;96;1],3,[1;1;1],0,[NaN;NaN;0],[33;3;-7],2,[0;5;NaN]},{'A',[-25;-95;127],4,[8;1;128],1,0,[-33;-96;-1],3,0},{'M',[-25;-95;128],5,[1;1;1],0,[NaN;NaN;7],[-25;-95;127],4,[0;0;NaN]},{'M',[128;256;127],5,[1;1;1],0,[7;8;NaN],[-25;-95;127],4,[NaN;NaN;0]},{'A',[-281;-607;-126],6,[-25;-95;128],5,0,[-128;-256;-127],5,1},{'M',[-800;16;127],5,[1;1;1],0,[NaN;4;NaN],[-25;-95;127],4,[5;NaN;0]},{'M',[66;1;16],3,[1;1;1],0,[NaN;0;4],[33;3;-7],2,[1;NaN;NaN]},{'A',[-866;15;143],6,[-800;16;127],5,0,[-66;-1;16],3,0},{'M',[1;60;143],7,[1;1;1],0,[0;NaN;NaN],[-866;15;143],6,[NaN;2;0]},{'M',[-866;-95;143],7,[-25;-95;127],4,[NaN;0;NaN],[-866;15;143],6,[0;NaN;0]},{'A',[870;335;429],8,[1;60;143],7,2,[866;95;-143],7,0},{'M',[512;335;-252],9,[1;1;1],0,[9;NaN;NaN],[-281;-607;-126],6,[NaN;NaN;1],[870;335;429],8,[NaN;0;NaN]},{'M',[-25;6;127],5,[33;3;-7],2,[NaN;1;NaN],[-25;-95;127],4,[0;NaN;0]},{'A',[487;329;-379],10,[512;335;-252],9,0,[-25;-6;-127],5,0},{'M',[-1124;3;-28],7,[33;3;-7],2,[NaN;0;2],[-281;-607;-126],6,[2;NaN;NaN]},{'M',[487;-190;143],11,[-25;-95;127],4,[NaN;1;NaN],[-866;15;143],6,[NaN;NaN;0],[487;329;-379],10,[0;NaN;NaN]},{'A',[-637;-187;-171],12,[-1124;3;-28],7,0,[487;-190;-143],11,0},{'M',[-281;2;1],7,[1;1;1],0,[NaN;1;0],[-281;-607;-126],6,[0;NaN;NaN]},{'M',[132;329;-1008],11,[33;3;-7],2,[2;NaN;NaN],[-281;-607;-126],6,[NaN;NaN;3],[487;329;-379],10,[NaN;0;NaN]},{'A',[-413;-327;-1007],12,[-281;2;1],7,0,[-132;-329;-1008],11,0},{'M',[-413;-187;-1007],13,[-637;-187;-171],12,[NaN;0;NaN],[-413;-327;-1007],12,[0;NaN;0]},{'O',[413;187;1007],13,[413;187;1007],13,0},{'M',[870;329;429],11,[870;335;429],8,[0;NaN;0],[487;329;-379],10,[NaN;0;NaN]},{'O',[870;329;429],11,[870;329;429],11,0},{'M',[-100;-607;-684],13,[-25;-95;127],4,[2;NaN;NaN],[-281;-607;-126],6,[NaN;0;NaN],[-637;-187;-171],12,[NaN;NaN;2]},{'O',[100;607;684],13,[100;607;684],13,0},{'M',[-637;-327;-379],13,[487;329;-379],10,[NaN;NaN;0],[-637;-187;-171],12,[0;NaN;NaN],[-413;-327;-1007],12,[NaN;0;NaN]},{'O',[637;327;379],13,[637;327;379],13,0},{'M',[487;15;143],11,[-866;15;143],6,[NaN;0;0],[487;329;-379],10,[0;NaN;NaN]},{'O',[974;30;286],11,[487;15;143],11,1}}
Adder graph: {{'M',[2;2;1],1,[1;1;1],0,[1;1;0]},{'M',[2;1;2],1,[1;1;1],0,[1;0;1]},{'A',[-62;-30;-63],2,[2;2;1],1,0,[-2;-1;-2],1,5},{'M',[1;128;1],1,[1;1;1],0,[0;7;0]},{'M',[512;1;128],1,[1;1;1],0,[9;0;7]},{'A',[513;127;-127],2,[1;128;1],1,0,[512;-1;-128],1,0},{'M',[-124;-60;-127],3,[-62;-30;-63],2,[1;1;NaN],[513;127;-127],2,[NaN;NaN;0]},{'M',[2;127;-252],3,[1;1;1],0,[1;NaN;NaN],[-62;-30;-63],2,[NaN;NaN;2],[513;127;-127],2,[NaN;0;NaN]},{'A',[-122;-187;-379],4,[-124;-60;-127],3,0,[2;-127;-252],3,0},{'M',[513;8;-127],3,[1;1;1],0,[NaN;3;NaN],[513;127;-127],2,[0;NaN;0]},{'M',[-488;-187;16],5,[1;1;1],0,[NaN;NaN;4],[-122;-187;-379],4,[2;0;NaN]},{'A',[25;-179;-143],6,[513;8;-127],3,0,[-488;-187;-16],5,0},{'M',[-124;-60;-143],7,[-62;-30;-63],2,[1;1;NaN],[25;-179;-143],6,[NaN;NaN;0]},{'M',[513;-30;-572],7,[-62;-30;-63],2,[NaN;0;NaN],[513;127;-127],2,[0;NaN;NaN],[25;-179;-143],6,[NaN;NaN;2]},{'A',[-637;-30;429],8,[-124;-60;-143],7,0,[-513;30;572],7,0},{'M',[-488;127;-1008],5,[-62;-30;-63],2,[NaN;NaN;4],[513;127;-127],2,[NaN;0;NaN],[-122;-187;-379],4,[2;NaN;NaN]},{'M',[1;-480;1],9,[1;1;1],0,[0;NaN;0],[-637;-30;429],8,[NaN;4;NaN]},{'A',[-487;607;-1007],10,[-488;127;-1008],5,0,[1;480;1],9,0},{'M',[100;508;429],9,[513;127;-127],2,[NaN;2;NaN],[25;-179;-143],6,[2;NaN;NaN],[-637;-30;429],8,[NaN;NaN;0]},{'M',[513;-179;-127],7,[513;127;-127],2,[0;NaN;0],[25;-179;-143],6,[NaN;0;NaN]},{'A',[-413;329;556],10,[100;508;429],9,0,[-513;-179;127],7,0},{'M',[-122;2;128],5,[1;1;1],0,[NaN;1;7],[-122;-187;-379],4,[0;NaN;NaN]},{'M',[-992;329;556],11,[-62;-30;-63],2,[4;NaN;NaN],[-413;329;556],10,[NaN;0;0]},{'A',[870;-327;684],12,[-122;2;128],5,0,[992;-329;556],11,0},{'M',[-413;-187;-1007],11,[-122;-187;-379],4,[NaN;0;NaN],[-487;607;-1007],10,[NaN;NaN;0],[-413;329;556],10,[0;NaN;NaN]},{'O',[413;187;1007],11,[413;187;1007],11,0},{'M',[870;329;429],13,[-637;-30;429],8,[NaN;NaN;0],[-413;329;556],10,[NaN;0;NaN],[870;-327;684],12,[0;NaN;NaN]},{'O',[870;329;429],13,[870;329;429],13,0},{'M',[100;607;684],13,[25;-179;-143],6,[2;NaN;NaN],[-487;607;-1007],10,[NaN;0;NaN],[870;-327;684],12,[NaN;NaN;0]},{'O',[100;607;684],13,[100;607;684],13,0},{'M',[-637;-327;-379],13,[-122;-187;-379],4,[NaN;NaN;0],[-637;-30;429],8,[0;NaN;NaN],[870;-327;684],12,[NaN;0;NaN]},{'O',[637;327;379],13,[637;327;379],13,0},{'M',[-974;-30;-286],11,[25;-179;-143],6,[NaN;NaN;1],[-637;-30;429],8,[NaN;0;NaN],[-487;607;-1007],10,[1;NaN;NaN]},{'O',[974;30;286],11,[974;30;286],11,0}}
Adder graph: {{'M',[1;32;1],1,[1;1;1],0,[0;5;0]},{'M',[4;1;64],1,[1;1;1],0,[2;0;6]},{'A',[-7;30;129],2,[1;32;1],1,0,[-4;-1;64],1,1},{'M',[1;1;128],1,[1;1;1],0,[0;0;7]},{'M',[-14;128;1],3,[1;1;1],0,[NaN;7;0],[-7;30;129],2,[1;NaN;NaN]},{'A',[-13;-127;127],4,[1;1;128],1,0,[-14;-128;-1],3,0},{'M',[-112;30;2],3,[1;1;1],0,[NaN;NaN;1],[-7;30;129],2,[4;0;NaN]},{'M',[-13;1;129],5,[1;1;1],0,[NaN;0;NaN],[-7;30;129],2,[NaN;NaN;0],[-13;-127;127],4,[0;NaN;NaN]},{'A',[-435;119;137],6,[-112;30;2],3,2,[13;-1;129],5,0},{'M',[2;119;16],7,[1;1;1],0,[1;NaN;4],[-435;119;137],6,[NaN;0;NaN]},{'M',[-52;240;127],5,[-7;30;129],2,[NaN;3;NaN],[-13;-127;127],4,[2;NaN;0]},{'A',[-50;359;143],8,[2;119;16],7,0,[-52;240;127],5,0},{'M',[-13;-127;137],7,[-13;-127;127],4,[0;0;NaN],[-435;119;137],6,[NaN;NaN;0]},{'M',[-200;30;572],9,[-7;30;129],2,[NaN;0;NaN],[-50;359;143],8,[2;NaN;2]},{'A',[-413;-187;-1007],10,[-13;-127;137],7,0,[-200;-30;-572],9,1},{'M',[1024;30;516],3,[1;1;1],0,[10;NaN;NaN],[-7;30;129],2,[NaN;0;2]},{'M',[-50;359;137],9,[-435;119;137],6,[NaN;NaN;0],[-50;359;143],8,[0;0;NaN]},{'A',[974;-329;379],10,[1024;30;516],3,0,[-50;-359;-137],9,0},{'M',[512;-127;143],9,[1;1;1],0,[9;NaN;NaN],[-13;-127;127],4,[NaN;0;NaN],[-50;359;143],8,[NaN;NaN;0]},{'M',[-28;120;143],9,[-7;30;129],2,[2;2;NaN],[-50;359;143],8,[NaN;NaN;0]},{'A',[624;-607;-429],10,[512;-127;143],9,0,[28;-120;-143],9,2},{'M',[624;359;-429],11,[-50;359;143],8,[NaN;0;NaN],[624;-607;-429],10,[0;NaN;0]},{'M',[-13;32;258],5,[1;1;1],0,[NaN;5;NaN],[-7;30;129],2,[NaN;NaN;1],[-13;-127;127],4,[0;NaN;NaN]},{'A',[637;327;-171],12,[624;359;-429],11,0,[13;-32;258],5,0},{'O',[413;187;1007],10,[413;187;1007],10,0},{'M',[-870;-329;-429],11,[-435;119;137],6,[1;NaN;NaN],[974;-329;379],10,[NaN;0;NaN],[624;-607;-429],10,[NaN;NaN;0]},{'O',[870;329;429],11,[870;329;429],11,0},{'M',[-100;-607;-684],13,[-50;359;143],8,[1;NaN;NaN],[624;-607;-429],10,[NaN;0;NaN],[637;327;-171],12,[NaN;NaN;2]},{'O',[100;607;684],13,[100;607;684],13,0},{'M',[637;327;379],13,[974;-329;379],10,[NaN;NaN;0],[637;327;-171],12,[0;0;NaN]},{'O',[637;327;379],13,[637;327;379],13,0},{'M',[974;30;286],11,[-7;30;129],2,[NaN;0;NaN],[-50;359;143],8,[NaN;NaN;1],[974;-329;379],10,[0;NaN;NaN]},{'O',[974;30;286],11,[974;30;286],11,0}}
Adder graph: {{'M',[8;1;16],1,[1;1;1],0,[3;0;4]},{'A',[-12;6;36],2,[1;1;1],0,2,[-8;1;16],1,1},{'M',[-384;1;144],3,[1;1;1],0,[NaN;0;NaN],[-12;6;36],2,[5;NaN;2]},{'M',[1;48;1],3,[1;1;1],0,[0;NaN;0],[-12;6;36],2,[NaN;3;NaN]},{'A',[-383;-47;143],4,[-384;1;144],3,0,[1;-48;-1],3,0},{'M',[-24;-47;143],5,[-12;6;36],2,[1;NaN;NaN],[-383;-47;143],4,[NaN;0;0]},{'M',[1;-94;286],5,[1;1;1],0,[0;NaN;NaN],[-383;-47;143],4,[NaN;1;1]},{'A',[-25;47;429],6,[-24;-47;143],5,0,[-1;94;286],5,0},{'M',[2;188;1],7,[1;1;1],0,[1;NaN;0],[-25;47;429],6,[NaN;2;NaN]},{'M',[-383;-47;128],5,[1;1;1],0,[NaN;NaN;7],[-383;-47;143],4,[0;0;NaN]},{'A',[387;329;-126],8,[2;188;1],7,1,[383;-47;-128],5,0},{'M',[-25;2;-252],9,[1;1;1],0,[NaN;1;NaN],[-25;47;429],6,[0;NaN;NaN],[387;329;-126],8,[NaN;NaN;1]},{'M',[512;329;-126],9,[1;1;1],0,[9;NaN;NaN],[387;329;-126],8,[NaN;0;0]},{'A',[487;-327;-378],10,[-25;2;-252],9,0,[512;-329;-126],9,0},{'M',[487;-654;-378],11,[487;-327;-378],10,[0;1;0]},{'M',[-383;-47;36],5,[-12;6;36],2,[NaN;NaN;0],[-383;-47;143],4,[0;0;NaN]},{'A',[870;-607;-342],12,[487;-654;-378],11,0,[383;47;36],5,0},{'M',[387;-188;-378],11,[-383;-47;143],4,[NaN;2;NaN],[387;329;-126],8,[0;NaN;NaN],[487;-327;-378],10,[NaN;NaN;0]},{'M',[1024;1;1],1,[1;1;1],0,[10;0;0]},{'A',[-637;-187;-379],12,[387;-188;-378],11,0,[-1024;1;-1],1,0},{'M',[387;16;-1008],9,[1;1;1],0,[NaN;4;NaN],[387;329;-126],8,[0;NaN;3]},{'M',[-800;1;1],7,[1;1;1],0,[NaN;0;0],[-25;47;429],6,[5;NaN;NaN]},{'A',[-413;15;-1007],10,[387;16;-1008],9,0,[-800;-1;1],7,0},{'M',[-413;-187;-1007],13,[-637;-187;-379],12,[NaN;0;NaN],[-413;15;-1007],10,[0;NaN;0]},{'O',[413;187;1007],13,[413;187;1007],13,0},{'M',[870;329;429],13,[-25;47;429],6,[NaN;NaN;0],[387;329;-126],8,[NaN;0;NaN],[870;-607;-342],12,[0;NaN;NaN]},{'O',[870;329;429],13,[870;329;429],13,0},{'M',[-100;-607;-684],13,[-25;47;429],6,[2;NaN;NaN],[870;-607;-342],12,[NaN;0;1]},{'O',[100;607;684],13,[100;607;684],13,0},{'M',[-637;-327;-379],13,[487;-327;-378],10,[NaN;0;NaN],[-637;-187;-379],12,[0;NaN;0]},{'O',[637;327;379],13,[637;327;379],13,0},{'M',[487;15;143],11,[-383;-47;143],4,[NaN;NaN;0],[487;-327;-378],10,[0;NaN;NaN],[-413;15;-1007],10,[NaN;0;NaN]},{'O',[974;30;286],11,[487;15;143],11,1}}
Adder graph: {{'M',[1;4;32],1,[1;1;1],0,[0;2;5]},{'A',[3;15;127],2,[1;4;32],1,2,[-1;-1;-1],0,0},{'M',[1;8;1],1,[1;1;1],0,[0;3;0]},{'M',[6;1;1],3,[1;1;1],0,[NaN;0;0],[3;15;127],2,[1;NaN;NaN]},{'A',[134;1023;129],4,[1;8;1],1,7,[6;-1;1],3,0},{'M',[6;15;254],3,[3;15;127],2,[1;0;1]},{'M',[16;16;1],1,[1;1;1],0,[4;4;0]},{'A',[-26;47;252],4,[6;15;254],3,0,[-16;16;-1],1,1},{'M',[1;15;1],3,[1;1;1],0,[0;NaN;0],[3;15;127],2,[NaN;0;NaN]},{'M',[-26;188;1008],5,[-26;47;252],4,[0;2;2]},{'A',[-25;203;-1007],6,[1;15;1],3,0,[-26;188;-1008],5,0},{'M',[32;1;1],1,[1;1;1],0,[5;0;0]},{'M',[-25;203;127],7,[3;15;127],2,[NaN;NaN;0],[-25;203;-1007],6,[0;0;NaN]},{'A',[487;-187;143],8,[32;1;1],1,4,[-25;-203;127],7,0},{'M',[487;376;143],9,[-26;47;252],4,[NaN;3;NaN],[487;-187;143],8,[0;NaN;0]},{'M',[-52;47;286],9,[-26;47;252],4,[1;0;NaN],[487;-187;143],8,[NaN;NaN;1]},{'A',[435;329;429],10,[487;376;143],9,0,[-52;-47;286],9,0},{'M',[3;2;516],5,[1;1;1],0,[NaN;1;NaN],[3;15;127],2,[0;NaN;NaN],[134;1023;129],4,[NaN;NaN;2]},{'M',[-416;329;858],11,[-26;47;252],4,[4;NaN;NaN],[435;329;429],10,[NaN;0;1]},{'A',[-413;-327;-342],12,[3;2;516],5,0,[-416;-329;-858],11,0},{'M',[435;47;129],11,[134;1023;129],4,[NaN;NaN;0],[-26;47;252],4,[NaN;0;NaN],[435;329;429],10,[0;NaN;NaN]},{'M',[536;-327;254],13,[3;15;127],2,[NaN;NaN;1],[134;1023;129],4,[2;NaN;NaN],[-413;-327;-342],12,[NaN;0;NaN]},{'A',[-637;-607;-379],14,[435;47;129],11,0,[-536;-327;-254],13,1},{'M',[-413;-187;-1007],13,[-25;203;-1007],6,[NaN;NaN;0],[487;-187;143],8,[NaN;0;NaN],[-413;-327;-342],12,[0;NaN;NaN]},{'O',[413;187;1007],13,[413;187;1007],13,0},{'M',[870;329;429],11,[435;329;429],10,[1;0;0]},{'O',[870;329;429],11,[870;329;429],11,0},{'M',[-100;-607;-684],15,[-25;203;-1007],6,[2;NaN;NaN],[-413;-327;-342],12,[NaN;NaN;1],[-637;-607;-379],14,[NaN;0;NaN]},{'O',[100;607;684],15,[100;607;684],15,0},{'M',[-637;-327;-379],15,[-413;-327;-342],12,[NaN;0;NaN],[-637;-607;-379],14,[0;NaN;0]},{'O',[637;327;379],15,[637;327;379],15,0},{'M',[487;15;143],9,[3;15;127],2,[NaN;0;NaN],[487;-187;143],8,[0;NaN;0]},{'O',[974;30;286],9,[487;15;143],9,1}}
Adder graph: {{'M',[1;8;16],1,[1;1;1],0,[0;3;4]},{'M',[4;1;1],1,[1;1;1],0,[2;0;0]},{'A',[-7;6;18],2,[1;8;16],1,0,[-4;-1;1],1,1},{'M',[-112;6;18],3,[-7;6;18],2,[4;0;0]},{'A',[-895;-47;-143],4,[1;1;1],0,0,[-112;-6;-18],3,3},{'M',[2048;-188;18],5,[1;1;1],0,[11;NaN;NaN],[-7;6;18],2,[NaN;NaN;0],[-895;-47;-143],4,[NaN;2;NaN]},{'M',[-1790;1;72],5,[1;1;1],0,[NaN;0;NaN],[-7;6;18],2,[NaN;NaN;2],[-895;-47;-143],4,[1;NaN;NaN]},{'A',[258;-187;-54],6,[2048;-188;18],5,0,[-1790;1;-72],5,0},{'M',[-7;16;576],3,[1;1;1],0,[NaN;4;NaN],[-7;6;18],2,[0;NaN;5]},{'M',[16;16;-54],7,[1;1;1],0,[4;4;NaN],[258;-187;-54],6,[NaN;NaN;0]},{'A',[25;-16;684],8,[-7;16;576],3,0,[16;-16;54],7,1},{'M',[25;-16;-54],9,[258;-187;-54],6,[NaN;NaN;0],[25;-16;684],8,[0;0;NaN]},{'M',[512;1;1],1,[1;1;1],0,[9;0;0]},{'A',[-487;-15;-53],10,[25;-16;-54],9,0,[-512;1;1],1,0},{'M',[258;-376;-432],7,[-895;-47;-143],4,[NaN;3;NaN],[258;-187;-54],6,[0;NaN;3]},{'M',[-895;-47;-53],11,[-895;-47;-143],4,[0;0;NaN],[-487;-15;-53],10,[NaN;NaN;0]},{'A',[-637;-329;-379],12,[258;-376;-432],7,0,[-895;47;53],11,0},{'M',[-637;-329;-864],13,[258;-187;-54],6,[NaN;NaN;4],[-637;-329;-379],12,[0;0;NaN]},{'M',[-224;2;-143],5,[1;1;1],0,[NaN;1;NaN],[-7;6;18],2,[5;NaN;NaN],[-895;-47;-143],4,[NaN;NaN;0]},{'A',[-413;-327;-1007],14,[-637;-329;-864],13,0,[224;2;-143],5,0},{'M',[25;-654;-286],15,[-895;-47;-143],4,[NaN;NaN;1],[25;-16;684],8,[0;NaN;NaN],[-413;-327;-1007],14,[NaN;1;NaN]},{'A',[-870;607;-429],16,[-895;-47;-143],4,0,[25;654;-286],15,0},{'M',[-413;-187;-1007],15,[258;-187;-54],6,[NaN;0;NaN],[-413;-327;-1007],14,[0;NaN;0]},{'O',[413;187;1007],15,[413;187;1007],15,0},{'M',[-870;-329;-429],17,[-637;-329;-379],12,[NaN;0;NaN],[-870;607;-429],16,[0;NaN;0]},{'O',[870;329;429],17,[870;329;429],17,0},{'M',[100;607;684],17,[25;-16;684],8,[2;NaN;0],[-870;607;-429],16,[NaN;0;NaN]},{'O',[100;607;684],17,[100;607;684],17,0},{'M',[-637;-327;-379],15,[-637;-329;-379],12,[0;NaN;0],[-413;-327;-1007],14,[NaN;0;NaN]},{'O',[637;327;379],15,[637;327;379],15,0},{'M',[-487;-15;-143],11,[-895;-47;-143],4,[NaN;NaN;0],[-487;-15;-53],10,[0;0;NaN]},{'O',[974;30;286],11,[487;15;143],11,1}}
Adder graph: {{'M',[1;64;64],1,[1;1;1],0,[0;6;6]},{'A',[3;-127;129],2,[1;1;1],0,0,[1;-64;64],1,1},{'M',[3;4;4],3,[1;1;1],0,[NaN;2;2],[3;-127;129],2,[0;NaN;NaN]},{'A',[13;15;17],4,[3;4;4],3,2,[1;-1;1],0,0},{'M',[1;-127;16],3,[1;1;1],0,[0;NaN;4],[3;-127;129],2,[NaN;0;NaN]},{'M',[13;30;34],5,[13;15;17],4,[0;1;1]},{'A',[-25;-187;-52],6,[1;-127;16],3,0,[-13;-30;-34],5,1},{'M',[512;15;136],5,[1;1;1],0,[9;NaN;NaN],[13;15;17],4,[NaN;0;3]},{'M',[-50;-127;129],7,[3;-127;129],2,[NaN;0;0],[-25;-187;-52],6,[1;NaN;NaN]},{'A',[974;-97;143],8,[512;15;136],5,1,[-50;-127;-129],7,0},{'M',[-100;-508;143],9,[3;-127;129],2,[NaN;2;NaN],[-25;-187;-52],6,[2;NaN;NaN],[974;-97;143],8,[NaN;NaN;0]},{'M',[-25;-194;286],9,[-25;-187;-52],6,[0;NaN;NaN],[974;-97;143],8,[NaN;1;1]},{'A',[-125;-314;429],10,[-100;-508;143],9,0,[-25;194;286],9,0},{'M',[974;15;258],9,[3;-127;129],2,[NaN;NaN;1],[13;15;17],4,[NaN;0;NaN],[974;-97;143],8,[0;NaN;NaN]},{'M',[104;-314;429],11,[13;15;17],4,[3;NaN;NaN],[-125;-314;429],10,[NaN;0;0]},{'A',[870;329;-171],12,[974;15;258],9,0,[-104;314;-429],11,0},{'M',[3;-127;17],5,[3;-127;129],2,[0;0;NaN],[13;15;17],4,[NaN;NaN;0]},{'M',[13;15;32],5,[1;1;1],0,[NaN;NaN;5],[13;15;17],4,[0;0;NaN]},{'A',[-413;-607;-1007],6,[3;-127;17],5,0,[-13;-15;-32],5,5},{'M',[-125;2;-208],11,[1;1;1],0,[NaN;1;NaN],[-25;-187;-52],6,[NaN;NaN;2],[-125;-314;429],10,[0;NaN;NaN]},{'M',[512;329;-171],13,[1;1;1],0,[9;NaN;NaN],[870;329;-171],12,[NaN;0;0]},{'A',[-637;-327;-379],14,[-125;2;-208],11,0,[-512;-329;-171],13,0},{'M',[-413;-187;-1007],7,[-25;-187;-52],6,[NaN;0;NaN],[-413;-607;-1007],6,[0;NaN;0]},{'O',[413;187;1007],7,[413;187;1007],7,0},{'M',[870;329;429],13,[-125;-314;429],10,[NaN;NaN;0],[870;329;-171],12,[0;0;NaN]},{'O',[870;329;429],13,[870;329;429],13,0},{'M',[-100;-607;-684],13,[-25;-187;-52],6,[2;NaN;NaN],[870;329;-171],12,[NaN;NaN;2],[-413;-607;-1007],6,[NaN;0;NaN]},{'O',[100;607;684],13,[100;607;684],13,0},{'O',[637;327;379],14,[637;327;379],14,0},{'M',[974;30;286],9,[13;15;17],4,[NaN;1;NaN],[974;-97;143],8,[0;NaN;1]},{'O',[974;30;286],9,[974;30;286],9,0}}
Adder graph: {{'A',[7;7;9],1,[1;1;1],0,3,[-1;-1;1],0,0},{'M',[32;64;9],2,[1;1;1],0,[5;6;NaN],[7;7;9],1,[NaN;NaN;0]},{'M',[14;7;9],2,[7;7;9],1,[1;0;0]},{'A',[50;121;27],3,[32;64;9],2,1,[-14;-7;9],2,0},{'M',[28;28;9],2,[7;7;9],1,[2;2;0]},{'M',[14;121;1],4,[1;1;1],0,[NaN;NaN;0],[7;7;9],1,[1;NaN;NaN],[50;121;27],3,[NaN;0;NaN]},{'A',[434;327;143],5,[28;28;9],2,4,[-14;-121;-1],4,0},{'M',[434;56;8],6,[1;1;1],0,[NaN;NaN;3],[7;7;9],1,[NaN;3;NaN],[434;327;143],5,[0;NaN;NaN]},{'M',[7;28;9],2,[7;7;9],1,[0;2;0]},{'A',[861;140;25],7,[434;56;8],6,1,[-7;28;9],2,0},{'M',[64;1;9],2,[1;1;1],0,[6;0;NaN],[7;7;9],1,[NaN;NaN;0]},{'M',[50;14;27],4,[7;7;9],1,[NaN;1;NaN],[50;121;27],3,[0;NaN;0]},{'A',[974;30;171],5,[64;1;9],2,4,[-50;14;27],4,0},{'M',[868;327;143],6,[434;327;143],5,[1;0;0]},{'M',[1;1;143],6,[1;1;1],0,[0;0;NaN],[434;327;143],5,[NaN;NaN;0]},{'A',[870;329;429],7,[868;327;143],6,0,[1;1;143],6,1},{'M',[861;327;429],8,[434;327;143],5,[NaN;0;NaN],[861;140;25],7,[0;NaN;NaN],[870;329;429],7,[NaN;NaN;0]},{'M',[112;140;25],8,[7;7;9],1,[4;NaN;NaN],[861;140;25],7,[NaN;0;0]},{'A',[637;607;379],9,[861;327;429],8,0,[-112;140;-25],8,1},{'M',[1274;327;143],10,[434;327;143],5,[NaN;0;0],[637;607;379],9,[1;NaN;NaN]},{'M',[861;140;864],8,[50;121;27],3,[NaN;NaN;5],[861;140;25],7,[0;0;NaN]},{'A',[413;187;1007],11,[1274;327;143],10,0,[-861;-140;864],8,0},{'O',[413;187;1007],11,[413;187;1007],11,0},{'O',[870;329;429],7,[870;329;429],7,0},{'M',[100;607;684],10,[50;121;27],3,[1;NaN;NaN],[974;30;171],5,[NaN;NaN;2],[637;607;379],9,[NaN;0;NaN]},{'O',[100;607;684],10,[100;607;684],10,0},{'M',[637;327;379],10,[434;327;143],5,[NaN;0;NaN],[637;607;379],9,[0;NaN;0]},{'O',[637;327;379],10,[637;327;379],10,0},{'M',[974;30;286],6,[434;327;143],5,[NaN;NaN;1],[974;30;171],5,[0;0;NaN]},{'O',[974;30;286],6,[974;30;286],6,0}}
Adder graph: {{'A',[17;15;17],1,[1;1;1],0,4,[1;-1;1],0,0},{'M',[17;30;4],2,[1;1;1],0,[NaN;NaN;2],[17;15;17],1,[0;1;NaN]},{'M',[16;1;1],1,[1;1;1],0,[4;0;0]},{'A',[50;59;7],3,[17;30;4],2,1,[16;-1;-1],1,0},{'M',[17;15;7],4,[17;15;17],1,[0;0;NaN],[50;59;7],3,[NaN;NaN;0]},{'M',[1;30;34],2,[1;1;1],0,[0;NaN;NaN],[17;15;17],1,[NaN;1;1]},{'A',[13;135;143],5,[17;15;7],4,0,[-1;30;34],2,2},{'M',[8;1;8],1,[1;1;1],0,[3;0;3]},{'M',[50;59;17],4,[17;15;17],1,[NaN;NaN;0],[50;59;7],3,[0;0;NaN]},{'A',[974;187;1007],5,[8;1;8],1,7,[-50;59;-17],4,0},{'M',[13;59;143],6,[50;59;7],3,[NaN;0;NaN],[13;135;143],5,[0;NaN;0]},{'A',[39;329;429],7,[13;135;143],5,1,[13;59;143],6,0},{'M',[200;236;7],4,[50;59;7],3,[2;2;0]},{'A',[413;607;157],6,[200;236;7],4,1,[13;135;143],5,0},{'M',[974;4856;1256],7,[974;187;1007],5,[0;NaN;NaN],[413;607;157],6,[NaN;3;3]},{'M',[26;270;143],6,[13;135;143],5,[1;1;0]},{'A',[870;3776;684],8,[974;4856;1256],7,0,[-26;-270;-143],6,2},{'M',[624;329;1007],8,[974;187;1007],5,[NaN;NaN;0],[39;329;429],7,[4;0;NaN]},{'M',[13;2;628],7,[1;1;1],0,[NaN;1;NaN],[13;135;143],5,[0;NaN;NaN],[413;607;157],6,[NaN;NaN;2]},{'A',[637;327;379],9,[624;329;1007],8,0,[13;-2;-628],7,0},{'M',[413;187;1007],7,[974;187;1007],5,[NaN;0;0],[413;607;157],6,[0;NaN;NaN]},{'O',[413;187;1007],7,[413;187;1007],7,0},{'M',[870;329;429],9,[39;329;429],7,[NaN;0;0],[870;3776;684],8,[0;NaN;NaN]},{'O',[870;329;429],9,[870;329;429],9,0},{'M',[100;607;684],9,[50;59;7],3,[1;NaN;NaN],[413;607;157],6,[NaN;0;NaN],[870;3776;684],8,[NaN;NaN;0]},{'O',[100;607;684],9,[100;607;684],9,0},{'O',[637;327;379],9,[637;327;379],9,0},{'M',[974;30;286],6,[17;15;17],1,[NaN;1;NaN],[13;135;143],5,[NaN;NaN;1],[974;187;1007],5,[0;NaN;NaN]},{'O',[974;30;286],6,[974;30;286],6,0}}
Finished solving after 11223 seconds
Adder graph: {{'A',[17;15;17],1,[1;1;1],0,4,[1;-1;1],0,0},{'M',[17;30;4],2,[1;1;1],0,[NaN;NaN;2],[17;15;17],1,[0;1;NaN]},{'M',[16;1;1],1,[1;1;1],0,[4;0;0]},{'A',[50;59;7],3,[17;30;4],2,1,[16;-1;-1],1,0},{'M',[17;15;7],4,[17;15;17],1,[0;0;NaN],[50;59;7],3,[NaN;NaN;0]},{'M',[1;30;34],2,[1;1;1],0,[0;NaN;NaN],[17;15;17],1,[NaN;1;1]},{'A',[13;135;143],5,[17;15;7],4,0,[-1;30;34],2,2},{'M',[8;1;8],1,[1;1;1],0,[3;0;3]},{'M',[50;59;17],4,[17;15;17],1,[NaN;NaN;0],[50;59;7],3,[0;0;NaN]},{'A',[974;187;1007],5,[8;1;8],1,7,[-50;59;-17],4,0},{'M',[13;59;143],6,[50;59;7],3,[NaN;0;NaN],[13;135;143],5,[0;NaN;0]},{'A',[39;329;429],7,[13;135;143],5,1,[13;59;143],6,0},{'M',[200;236;7],4,[50;59;7],3,[2;2;0]},{'A',[413;607;157],6,[200;236;7],4,1,[13;135;143],5,0},{'M',[974;4856;1256],7,[974;187;1007],5,[0;NaN;NaN],[413;607;157],6,[NaN;3;3]},{'M',[26;270;143],6,[13;135;143],5,[1;1;0]},{'A',[870;3776;684],8,[974;4856;1256],7,0,[-26;-270;-143],6,2},{'M',[624;329;1007],8,[974;187;1007],5,[NaN;NaN;0],[39;329;429],7,[4;0;NaN]},{'M',[13;2;628],7,[1;1;1],0,[NaN;1;NaN],[13;135;143],5,[0;NaN;NaN],[413;607;157],6,[NaN;NaN;2]},{'A',[637;327;379],9,[624;329;1007],8,0,[13;-2;-628],7,0},{'M',[413;187;1007],7,[974;187;1007],5,[NaN;0;0],[413;607;157],6,[0;NaN;NaN]},{'O',[413;187;1007],7,[413;187;1007],7,0},{'M',[870;329;429],9,[39;329;429],7,[NaN;0;0],[870;3776;684],8,[0;NaN;NaN]},{'O',[870;329;429],9,[870;329;429],9,0},{'M',[100;607;684],9,[50;59;7],3,[1;NaN;NaN],[413;607;157],6,[NaN;0;NaN],[870;3776;684],8,[NaN;NaN;0]},{'O',[100;607;684],9,[100;607;684],9,0},{'O',[637;327;379],9,[637;327;379],9,0},{'M',[974;30;286],6,[17;15;17],1,[NaN;1;NaN],[13;135;143],5,[NaN;NaN;1],[974;187;1007],5,[0;NaN;NaN]},{'O',[974;30;286],6,[974;30;286],6,0}}
# Add optimal = 1
# Mux optimal = 0
# FAs optimal = 0
