Adder graph: {{'A',[1,1],1,0,[0,1],0,0,[1,0],0,0},{'A',[-1,3],2,0,[0,1],0,2,[-1,-1],1,0},{'A',[3,-3],3,0,[1,0],0,1,[1,-3],2,0},{'A',[3,3],2,0,[1,1],1,2,[-1,-1],1,0},{'O',[-3,-3],2,[-3,-3],2,0},{'O',[3,-3],3,[3,-3],3,0}}
Adder graph: {{'A',[1,-1],1,0,[1,0],0,0,[0,-1],0,0},{'A',[3,-3],2,0,[1,-1],1,2,[-1,1],1,0},{'A',[1,2],1,0,[1,0],0,0,[0,1],0,1},{'A',[3,3],2,0,[1,2],1,1,[1,-1],1,0},{'O',[-3,-3],2,[-3,-3],2,0},{'O',[3,-3],2,[3,-3],2,0}}
Adder graph: {{'A',[0,-3],1,0,[0,1],0,0,[0,-1],0,2},{'A',[3,0],1,0,[1,0],0,1,[1,0],0,0},{'A',[3,3],2,0,[3,0],1,0,[0,3],1,0},{'A',[3,-3],3,0,[0,-3],1,1,[3,3],2,0},{'O',[-3,-3],2,[-3,-3],2,0},{'O',[3,-3],3,[3,-3],3,0}}
Adder graph: {{'A',[1,-1],1,0,[1,0],0,0,[0,-1],0,0},{'A',[-3,-1],2,0,[1,-1],1,0,[-1,0],0,2},{'A',[-3,-3],3,0,[-3,-1],2,0,[0,-1],0,1},{'A',[-3,3],3,0,[0,1],0,2,[-3,-1],2,0},{'O',[-3,-3],3,[-3,-3],3,0},{'O',[3,-3],3,[3,-3],3,0}}
Adder graph: {{'A',[1,-1],1,0,[1,0],0,0,[0,-1],0,0},{'A',[-1,-1],2,0,[1,-1],1,0,[-1,0],0,1},{'A',[3,3],3,0,[-1,-1],2,0,[1,1],2,2},{'A',[-3,3],2,0,[1,-1],1,0,[-1,1],1,2},{'O',[-3,-3],3,[-3,-3],3,0},{'O',[3,-3],2,[3,-3],2,0}}
Adder graph: {{'A',[1,-1],1,0,[1,0],0,0,[0,-1],0,0},{'A',[1,1],2,0,[0,1],0,1,[1,-1],1,0},{'A',[-3,-3],3,0,[1,1],2,0,[-1,-1],2,2},{'A',[-3,3],2,0,[1,-1],1,0,[-1,1],1,2},{'O',[-3,-3],3,[-3,-3],3,0},{'O',[3,-3],2,[3,-3],2,0}}
Finished solving after 0.269 seconds
Adder graph: {{'A',[1,-1],1,0,[1,0],0,0,[0,-1],0,0},{'A',[1,1],2,0,[0,1],0,1,[1,-1],1,0},{'A',[-3,-3],3,0,[1,1],2,0,[-1,-1],2,2},{'A',[-3,3],2,0,[1,-1],1,0,[-1,1],1,2},{'O',[-3,-3],3,[-3,-3],3,0},{'O',[3,-3],2,[3,-3],2,0}}
#Add optimal = 1
#FAs optimal = 1
