Adder graph: {{'M',[0,4;0,32;0,4],1,[0,4;0,4;0,4],0,[0;3;0]},{'M',[0,4;0,8192;0,128],1,[0,4;0,4;0,4],0,[0;11;5]},{'A',[0,20;0,-32736;0,516],2,[0,4;0,32;0,4],1,0,[0,4;0,-8192;0,128],1,2},{'M',[1024,0;32,0;4,0],1,[4,0;4,0;4,0],0,[8;3;0]},{'M',[8,0;0,4;256,0],1,[4,0;4,0;4,0],0,[1;NaN;6],[0,4;0,4;0,4],0,[NaN;0;NaN]},{'A',[1008,0;32,-8;516,0],2,[1024,0;32,0;4,0],1,0,[-8,0;0,-4;256,0],1,1},{'M',[0,20;32,-8;0,2064],3,[0,20;0,-32736;0,516],2,[0;NaN;2],[1008,0;32,-8;516,0],2,[NaN;0;NaN]},{'M',[0,640;32,-8;0,2064],3,[0,20;0,-32736;0,516],2,[5;NaN;2],[1008,0;32,-8;516,0],2,[NaN;0;NaN]},{'A',[0,680;96,-24;0,6192],4,[0,20;32,-8;0,2064],3,1,[0,640;32,-8;0,2064],3,0},{'M',[0,20;16384,0;16512,0],3,[4,0;4,0;4,0],0,[NaN;12;NaN],[0,20;0,-32736;0,516],2,[0;NaN;NaN],[1008,0;32,-8;516,0],2,[NaN;NaN;5]},{'M',[0,680;49152,-12288;1032,0],5,[1008,0;32,-8;516,0],2,[NaN;NaN;1],[0,680;96,-24;0,6192],4,[0;9;NaN]},{'A',[0,-660;-32768,12288;15480,0],6,[0,20;16384,0;16512,0],3,0,[0,-680;-49152,12288;-1032,0],5,0},{'M',[0,32768;12288,-3072;15480,0],7,[0,4;0,4;0,4],0,[13;NaN;NaN],[0,680;96,-24;0,6192],4,[NaN;7;NaN],[0,-660;-32768,12288;15480,0],6,[NaN;NaN;0]},{'M',[0,-660;0,-32736;4128,0],7,[0,20;0,-32736;0,516],2,[NaN;0;NaN],[1008,0;32,-8;516,0],2,[NaN;NaN;3],[0,-660;-32768,12288;15480,0],6,[0;NaN;NaN]},{'A',[0,32108;12288,29664;11352,0],8,[0,32768;12288,-3072;15480,0],7,0,[0,-660;0,32736;-4128,0],7,0},{'M',[1008,0;16,0;0,12384],5,[4,0;4,0;4,0],0,[NaN;2;NaN],[1008,0;32,-8;516,0],2,[0;NaN;NaN],[0,680;96,-24;0,6192],4,[NaN;NaN;1]},{'M',[4,0;64,0;0,1032],3,[4,0;4,0;4,0],0,[0;4;NaN],[0,20;0,-32736;0,516],2,[NaN;NaN;1]},{'A',[1004,0;-48,0;0,11352],6,[1008,0;16,0;0,12384],5,0,[-4,0;-64,0;0,-1032],3,0},{'M',[8032,0;-1536,0;0,11352],7,[1004,0;-48,0;0,11352],6,[3;5;0]},{'M',[8,0;-32768,12288;22704,0],9,[4,0;4,0;4,0],0,[1;NaN;NaN],[0,-660;-32768,12288;15480,0],6,[NaN;0;NaN],[0,32108;12288,29664;11352,0],8,[NaN;NaN;1]},{'A',[16056,0;29696,-12288;22704,22704],10,[8032,0;-1536,0;0,11352],7,1,[-8,0;32768,-12288;22704,0],9,0},{'M',[32112,0;29696,-12288;45408,0],11,[0,32108;12288,29664;11352,0],8,[NaN;NaN;2],[16056,0;29696,-12288;22704,22704],10,[1;0;NaN]},{'M',[4,0;32,0;22704,22704],11,[4,0;4,0;4,0],0,[0;3;NaN],[16056,0;29696,-12288;22704,22704],10,[NaN;NaN;0]},{'A',[32108,0;29664,-12288;22704,-22704],12,[32112,0;29696,-12288;45408,0],11,0,[-4,0;-32,0;-22704,-22704],11,0},{'O',[32108,0;29664,-12288;22704,-22704],12,[32108,0;29664,-12288;22704,-22704],12,0},{'M',[0,32108;12288,29664;22704,22704],11,[0,32108;12288,29664;11352,0],8,[0;0;NaN],[16056,0;29696,-12288;22704,22704],10,[NaN;NaN;0]},{'O',[0,32108;12288,29664;22704,22704],11,[0,32108;12288,29664;22704,22704],11,0}}
Adder graph: {{'M',[0,512;4,0;8,0],1,[4,0;4,0;4,0],0,[NaN;0;1],[0,4;0,4;0,4],0,[7;NaN;NaN]},{'M',[0,128;0,64;4,0],1,[4,0;4,0;4,0],0,[NaN;NaN;0],[0,4;0,4;0,4],0,[5;4;NaN]},{'A',[0,32640;256,-64;516,0],2,[0,512;4,0;8,0],1,6,[0,-128;0,-64;4,0],1,0},{'M',[0,32640;128,0;0,512],3,[4,0;4,0;4,0],0,[NaN;5;NaN],[0,4;0,4;0,4],0,[NaN;NaN;7],[0,32640;256,-64;516,0],2,[0;NaN;NaN]},{'M',[0,4;4096,-1024;0,4],3,[0,4;0,4;0,4],0,[0;NaN;0],[0,32640;256,-64;516,0],2,[NaN;4;NaN]},{'A',[0,32636;4224,-1024;0,516],4,[0,32640;128,0;0,512],3,0,[0,-4;4096,-1024;0,4],3,0},{'M',[128,0;0,8;516,0],3,[4,0;4,0;4,0],0,[5;NaN;NaN],[0,4;0,4;0,4],0,[NaN;1;NaN],[0,32640;256,-64;516,0],2,[NaN;NaN;0]},{'M',[4,0;2048,-512;4128,0],3,[4,0;4,0;4,0],0,[0;NaN;NaN],[0,32640;256,-64;516,0],2,[NaN;3;3]},{'A',[124,0;-2048,520;-3612,0],4,[128,0;0,8;516,0],3,0,[-4,0;-2048,512;-4128,0],3,0},{'M',[124,0;-2048,520;516,0],5,[0,32640;256,-64;516,0],2,[NaN;NaN;0],[124,0;-2048,520;-3612,0],4,[0;0;NaN]},{'M',[496,0;1024,-256;0,516],5,[0,32640;256,-64;516,0],2,[NaN;2;NaN],[0,32636;4224,-1024;0,516],4,[NaN;NaN;0],[124,0;-2048,520;-3612,0],4,[2;NaN;NaN]},{'A',[620,0;-3072,776;516,-516],6,[124,0;-2048,520;516,0],5,0,[496,0;-1024,256;0,-516],5,0},{'M',[620,0;0,4096;0,4128],7,[0,4;0,4;0,4],0,[NaN;10;NaN],[0,32636;4224,-1024;0,516],4,[NaN;NaN;3],[620,0;-3072,776;516,-516],6,[0;NaN;NaN]},{'M',[256,0;-3072,776;4128,-4128],7,[4,0;4,0;4,0],0,[6;NaN;NaN],[620,0;-3072,776;516,-516],6,[NaN;0;3]},{'A',[1968,0;6144,14832;-8256,24768],8,[620,0;0,4096;0,4128],7,2,[-256,0;3072,-776;-4128,4128],7,1},{'M',[0,65536;0,4;1032,-1032],7,[0,4;0,4;0,4],0,[14;0;NaN],[620,0;-3072,776;516,-516],6,[NaN;NaN;1]},{'M',[0,130544;8,0;-8256,24768],9,[4,0;4,0;4,0],0,[NaN;1;NaN],[0,32636;4224,-1024;0,516],4,[2;NaN;NaN],[1968,0;6144,14832;-8256,24768],8,[NaN;NaN;0]},{'A',[0,528;8,8;-6192,22704],10,[0,65536;0,4;1032,-1032],7,1,[0,-130544;8,0;-8256,24768],9,0},{'M',[0,32636;4224,-1024;16512,0],5,[0,32640;256,-64;516,0],2,[NaN;NaN;5],[0,32636;4224,-1024;0,516],4,[0;0;NaN]},{'M',[0,528;4,0;-6192,22704],11,[4,0;4,0;4,0],0,[NaN;0;NaN],[0,528;8,8;-6192,22704],10,[0;NaN;0]},{'A',[0,32108;4220,-1024;22704,-22704],12,[0,32636;4224,-1024;16512,0],5,0,[0,-528;-4,0;6192,-22704],11,0},{'M',[31488,0;16880,-4096;-6192,22704],13,[1968,0;6144,14832;-8256,24768],8,[4;NaN;NaN],[0,528;8,8;-6192,22704],10,[NaN;NaN;0],[0,32108;4220,-1024;22704,-22704],12,[NaN;2;NaN]},{'M',[620,0;2048,2048;-28896,0],11,[124,0;-2048,520;-3612,0],4,[NaN;NaN;3],[620,0;-3072,776;516,-516],6,[0;NaN;NaN],[0,528;8,8;-6192,22704],10,[NaN;8;NaN]},{'A',[32108,0;14832,-6144;22704,22704],14,[31488,0;16880,-4096;-6192,22704],13,0,[620,0;-2048,-2048;28896,0],11,0},{'M',[32108,0;29664,-12288;22704,-22704],15,[0,32108;4220,-1024;22704,-22704],12,[NaN;NaN;0],[32108,0;14832,-6144;22704,22704],14,[0;1;NaN]},{'O',[32108,0;29664,-12288;22704,-22704],15,[32108,0;29664,-12288;22704,-22704],15,0},{'M',[0,32108;12288,29664;22704,22704],15,[1968,0;6144,14832;-8256,24768],8,[NaN;1;NaN],[0,32108;4220,-1024;22704,-22704],12,[0;NaN;NaN],[32108,0;14832,-6144;22704,22704],14,[NaN;NaN;0]},{'O',[0,32108;12288,29664;22704,22704],15,[0,32108;12288,29664;22704,22704],15,0}}
Adder graph: {{'M',[64,0;0,2048;4,0],1,[4,0;4,0;4,0],0,[4;NaN;0],[0,4;0,4;0,4],0,[NaN;9;NaN]},{'M',[4,0;2048,0;0,8],1,[4,0;4,0;4,0],0,[0;9;NaN],[0,4;0,4;0,4],0,[NaN;NaN;1]},{'A',[132,0;2048,4096;8,8],2,[64,0;0,2048;4,0],1,1,[4,0;2048,0;0,8],1,0},{'M',[0,4096;4,0;0,128],1,[4,0;4,0;4,0],0,[NaN;0;NaN],[0,4;0,4;0,4],0,[10;NaN;5]},{'M',[0,512;0,2048;0,4],1,[0,4;0,4;0,4],0,[7;9;0]},{'A',[0,15872;16,2048;0,516],2,[0,4096;4,0;0,128],1,2,[0,-512;0,2048;0,4],1,0},{'M',[0,4;512,0;8,8],3,[4,0;4,0;4,0],0,[NaN;7;NaN],[0,4;0,4;0,4],0,[0;NaN;NaN],[132,0;2048,4096;8,8],2,[NaN;NaN;0]},{'M',[0,16;2048,4096;1024,1024],3,[0,4;0,4;0,4],0,[2;NaN;NaN],[132,0;2048,4096;8,8],2,[NaN;0;7]},{'A',[0,-12;-1536,-4096;1032,1032],4,[0,4;512,0;8,8],3,0,[0,-16;-2048,-4096;1024,1024],3,0},{'M',[0,-12;0,128;0,4128],5,[0,4;0,4;0,4],0,[NaN;5;NaN],[0,15872;16,2048;0,516],2,[NaN;NaN;3],[0,-12;-1536,-4096;1032,1032],4,[0;NaN;NaN]},{'M',[0,15872;0,512;2064,2064],5,[0,4;0,4;0,4],0,[NaN;7;NaN],[0,15872;16,2048;0,516],2,[0;NaN;NaN],[0,-12;-1536,-4096;1032,1032],4,[NaN;NaN;1]},{'A',[0,15860;0,-384;-2064,2064],6,[0,-12;0,128;0,4128],5,0,[0,15872;0,-512;-2064,-2064],5,0},{'M',[32768,0;0,-768;-2064,2064],7,[4,0;4,0;4,0],0,[13;NaN;NaN],[0,15860;0,-384;-2064,2064],6,[NaN;1;0]},{'M',[264,0;-1536,-4096;-16512,16512],7,[132,0;2048,4096;8,8],2,[1;NaN;NaN],[0,-12;-1536,-4096;1032,1032],4,[NaN;0;NaN],[0,15860;0,-384;-2064,2064],6,[NaN;NaN;3]},{'A',[32240,0;3072,7424;30960,-30960],8,[32768,0;0,-768;-2064,2064],7,0,[-264,0;1536,4096;16512,-16512],7,1},{'M',[0,-12;2048,0;1032,1032],5,[4,0;4,0;4,0],0,[NaN;9;NaN],[0,-12;-1536,-4096;1032,1032],4,[0;NaN;0]},{'M',[0,15860;32,4096;4128,4128],7,[0,15872;16,2048;0,516],2,[NaN;1;NaN],[0,-12;-1536,-4096;1032,1032],4,[NaN;NaN;2],[0,15860;0,-384;-2064,2064],6,[0;NaN;NaN]},{'A',[0,-16052;32736,-4096;20640,20640],8,[0,-12;2048,0;1032,1032],5,4,[0,-15860;-32,-4096;4128,4128],7,0},{'M',[0,4;-3072,-8192;2064,2064],5,[0,4;0,4;0,4],0,[0;NaN;NaN],[0,-12;-1536,-4096;1032,1032],4,[NaN;1;1]},{'M',[0,-32104;32736,-4096;20640,20640],9,[0,-16052;32736,-4096;20640,20640],8,[1;0;0]},{'A',[0,32108;29664,-12288;22704,22704],10,[0,4;-3072,-8192;2064,2064],5,0,[0,32104;32736,-4096;20640,20640],9,0},{'M',[132,0;0,8;-8256,8256],7,[0,4;0,4;0,4],0,[NaN;1;NaN],[132,0;2048,4096;8,8],2,[0;NaN;NaN],[0,15860;0,-384;-2064,2064],6,[NaN;NaN;2]},{'A',[32108,0;3072,7416;22704,-22704],9,[32240,0;3072,7424;30960,-30960],8,0,[-132,0;0,-8;-8256,8256],7,0},{'M',[32108,0;29664,-12288;22704,-22704],11,[0,32108;29664,-12288;22704,22704],10,[NaN;0;NaN],[32108,0;3072,7416;22704,-22704],9,[0;NaN;0]},{'O',[32108,0;29664,-12288;22704,-22704],11,[32108,0;29664,-12288;22704,-22704],11,0},{'M',[0,32108;12288,29664;22704,22704],11,[0,32108;29664,-12288;22704,22704],10,[0;NaN;0],[32108,0;3072,7416;22704,-22704],9,[NaN;2;NaN]},{'O',[0,32108;12288,29664;22704,22704],11,[0,32108;12288,29664;22704,22704],11,0}}
Adder graph: {{'M',[32768,0;0,4;0,32],1,[4,0;4,0;4,0],0,[13;NaN;NaN],[0,4;0,4;0,4],0,[NaN;0;3]},{'M',[4,0;0,4;0,32],1,[4,0;4,0;4,0],0,[0;NaN;NaN],[0,4;0,4;0,4],0,[NaN;0;3]},{'A',[32256,0;0,516;0,4128],2,[32768,0;0,4;0,32],1,0,[-4,0;0,4;0,32],1,7},{'M',[32256,0;4,0;0,16512],3,[4,0;4,0;4,0],0,[NaN;0;NaN],[32256,0;0,516;0,4128],2,[0;NaN;2]},{'M',[32,0;0,4;0,16512],3,[4,0;4,0;4,0],0,[3;NaN;NaN],[0,4;0,4;0,4],0,[NaN;0;NaN],[32256,0;0,516;0,4128],2,[NaN;NaN;2]},{'A',[32128,0;4,16;0,-49536],4,[32256,0;4,0;0,16512],3,0,[-32,0;0,4;0,-16512],3,2},{'M',[0,4;0,1032;0,4],3,[0,4;0,4;0,4],0,[0;NaN;0],[32256,0;0,516;0,4128],2,[NaN;1;NaN]},{'M',[0,128;2048,8192;4,0],5,[4,0;4,0;4,0],0,[NaN;NaN;0],[0,4;0,4;0,4],0,[5;NaN;NaN],[32128,0;4,16;0,-49536],4,[NaN;9;NaN]},{'A',[0,132;-2048,-7160;-4,4],6,[0,4;0,1032;0,4],3,0,[0,128;-2048,-8192;-4,0],5,0},{'M',[0,4;4096,0;-16,16],7,[4,0;4,0;4,0],0,[NaN;10;NaN],[0,4;0,4;0,4],0,[0;NaN;NaN],[0,132;-2048,-7160;-4,4],6,[NaN;NaN;2]},{'M',[4,0;4,0;-2048,2048],7,[4,0;4,0;4,0],0,[0;0;NaN],[0,132;-2048,-7160;-4,4],6,[NaN;NaN;9]},{'A',[4,4;4092,0;-2064,2064],8,[0,4;4096,0;-16,16],7,0,[4,0;-4,0;-2048,2048],7,0},{'M',[4,0;0,4;-16512,16512],9,[4,0;4,0;4,0],0,[0;NaN;NaN],[0,4;0,4;0,4],0,[NaN;0;NaN],[4,4;4092,0;-2064,2064],8,[NaN;NaN;3]},{'M',[4,0;4,0;-2064,2064],9,[4,0;4,0;4,0],0,[0;0;NaN],[4,4;4092,0;-2064,2064],8,[NaN;NaN;0]},{'A',[20,0;16,4;-24768,24768],10,[4,0;0,4;-16512,16512],9,0,[4,0;4,0;-2064,2064],9,2},{'M',[32128,0;4,16;-2064,2064],9,[32128,0;4,16;0,-49536],4,[0;0;NaN],[4,4;4092,0;-2064,2064],8,[NaN;NaN;0]},{'M',[20,0;16,64;-24768,24768],11,[32128,0;4,16;0,-49536],4,[NaN;2;NaN],[20,0;16,4;-24768,24768],10,[0;NaN;0]},{'A',[32108,0;-12,-48;22704,-22704],12,[32128,0;4,16;-2064,2064],9,0,[-20,0;-16,-64;24768,-24768],11,0},{'M',[0,16384;2048,512;22704,-22704],13,[0,4;0,4;0,4],0,[12;NaN;NaN],[20,0;16,4;-24768,24768],10,[NaN;7;NaN],[32108,0;-12,-48;22704,-22704],12,[NaN;NaN;0]},{'M',[0,264;-4096,-14320;0,-49536],7,[32128,0;4,16;0,-49536],4,[NaN;NaN;0],[0,132;-2048,-7160;-4,4],6,[1;1;NaN]},{'A',[0,16120;6144,14832;22704,26832],14,[0,16384;2048,512;22704,-22704],13,0,[0,-264;4096,14320;0,49536],7,0},{'M',[0,32240;32736,0;22704,26832],15,[4,4;4092,0;-2064,2064],8,[NaN;3;NaN],[0,16120;6144,14832;22704,26832],14,[1;NaN;0]},{'M',[0,132;-3072,-12288;0,4128],13,[32256,0;0,516;0,4128],2,[NaN;NaN;0],[0,132;-2048,-7160;-4,4],6,[0;NaN;NaN],[32108,0;-12,-48;22704,-22704],12,[NaN;8;NaN]},{'A',[0,32108;29664,-12288;22704,22704],16,[0,32240;32736,0;22704,26832],15,0,[0,-132;-3072,-12288;0,-4128],13,0},{'M',[32108,0;29664,-12288;22704,-22704],17,[32108,0;-12,-48;22704,-22704],12,[0;NaN;0],[0,32108;29664,-12288;22704,22704],16,[NaN;0;NaN]},{'O',[32108,0;29664,-12288;22704,-22704],17,[32108,0;29664,-12288;22704,-22704],17,0},{'M',[0,32108;12288,29664;22704,22704],17,[0,16120;6144,14832;22704,26832],14,[NaN;1;NaN],[0,32108;29664,-12288;22704,22704],16,[0;NaN;0]},{'O',[0,32108;12288,29664;22704,22704],17,[0,32108;12288,29664;22704,22704],17,0}}
Adder graph: {{'M',[0,4;16,0;0,4],1,[4,0;4,0;4,0],0,[NaN;2;NaN],[0,4;0,4;0,4],0,[0;NaN;0]},{'M',[0,16;0,4;0,16],1,[0,4;0,4;0,4],0,[2;0;2]},{'A',[0,-12;16,-4;0,-12],2,[0,4;16,0;0,4],1,0,[0,-16;0,-4;0,-16],1,0},{'M',[0,4;1024,-256;0,64],3,[0,4;0,4;0,4],0,[0;NaN;4],[0,-12;16,-4;0,-12],2,[NaN;6;NaN]},{'M',[0,8;0,2048;0,-12],3,[0,4;0,4;0,4],0,[1;9;NaN],[0,-12;16,-4;0,-12],2,[NaN;NaN;0]},{'A',[0,20;1024,3840;0,88],4,[0,4;1024,-256;0,64],3,0,[0,8;0,2048;0,12],3,1},{'M',[4,0;1024,3840;4,0],5,[4,0;4,0;4,0],0,[0;NaN;0],[0,20;1024,3840;0,88],4,[NaN;0;NaN]},{'M',[8,0;1024,3840;4,0],5,[4,0;4,0;4,0],0,[1;NaN;0],[0,20;1024,3840;0,88],4,[NaN;0;NaN]},{'A',[20,0;-1024,-3840;12,0],6,[4,0;1024,3840;4,0],5,0,[8,0;-1024,-3840;4,0],5,1},{'M',[0,1024;0,4;16,0],1,[4,0;4,0;4,0],0,[NaN;NaN;2],[0,4;0,4;0,4],0,[8;0;NaN]},{'M',[0,40;1024,-256;12,0],7,[0,-12;16,-4;0,-12],2,[NaN;6;NaN],[0,20;1024,3840;0,88],4,[1;NaN;NaN],[20,0;-1024,-3840;12,0],6,[NaN;NaN;0]},{'A',[0,8032;-4096,1056;176,0],8,[0,1024;0,4;16,0],1,3,[0,-40;-1024,256;12,0],7,2},{'M',[0,16064;-8192,2112;176,0],9,[0,8032;-4096,1056;176,0],8,[1;1;0]},{'M',[0,20;8,0;0,176],5,[4,0;4,0;4,0],0,[NaN;1;NaN],[0,20;1024,3840;0,88],4,[0;NaN;1]},{'A',[0,16044;-8184,2112;176,176],10,[0,16064;-8192,2112;176,0],9,0,[0,-20;8,0;0,176],5,0},{'M',[20,0;-1024,-3840;22528,22528],11,[20,0;-1024,-3840;12,0],6,[0;0;NaN],[0,16044;-8184,2112;176,176],10,[NaN;NaN;7]},{'M',[640,0;-32736,8448;176,176],11,[20,0;-1024,-3840;12,0],6,[5;NaN;NaN],[0,16044;-8184,2112;176,176],10,[NaN;2;0]},{'A',[660,0;31712,-12288;22704,22704],12,[20,0;-1024,-3840;22528,22528],11,0,[640,0;32736,-8448;176,176],11,0},{'M',[0,8032;2048,7680;0,2816],9,[0,20;1024,3840;0,88],4,[NaN;1;5],[0,8032;-4096,1056;176,0],8,[0;NaN;NaN]},{'M',[0,20;-4096,1056;0,88],9,[0,20;1024,3840;0,88],4,[0;NaN;0],[0,8032;-4096,1056;176,0],8,[NaN;0;NaN]},{'A',[0,32108;12288,29664;0,11352],10,[0,8032;2048,7680;0,2816],9,2,[0,-20;4096,-1056;0,88],9,0},{'M',[32768,0;31712,-12288;22704,22704],13,[4,0;4,0;4,0],0,[13;NaN;NaN],[660,0;31712,-12288;22704,22704],12,[NaN;0;0]},{'M',[660,0;2048,0;0,45408],13,[4,0;4,0;4,0],0,[NaN;9;NaN],[660,0;31712,-12288;22704,22704],12,[0;NaN;NaN],[0,32108;12288,29664;0,11352],10,[NaN;NaN;2]},{'A',[32108,0;29664,-12288;22704,-22704],14,[32768,0;31712,-12288;22704,22704],13,0,[-660,0;-2048,0;0,-45408],13,0},{'O',[32108,0;29664,-12288;22704,-22704],14,[32108,0;29664,-12288;22704,-22704],14,0},{'M',[0,32108;12288,29664;22704,22704],13,[660,0;31712,-12288;22704,22704],12,[NaN;NaN;0],[0,32108;12288,29664;0,11352],10,[0;0;NaN]},{'O',[0,32108;12288,29664;22704,22704],13,[0,32108;12288,29664;22704,22704],13,0}}
Adder graph: {{'M',[0,4;4,0;0,4],1,[4,0;4,0;4,0],0,[NaN;0;NaN],[0,4;0,4;0,4],0,[0;NaN;0]},{'M',[0,4;0,4;0,128],1,[0,4;0,4;0,4],0,[0;0;5]},{'A',[0,-24;8,32;0,1032],2,[0,4;4,0;0,4],1,1,[0,-4;0,4;0,128],1,3},{'M',[4,0;8,32;0,1032],3,[4,0;4,0;4,0],0,[0;NaN;NaN],[0,-24;8,32;0,1032],2,[NaN;0;0]},{'A',[20,0;24,96;0,5160],4,[4,0;8,32;0,1032],3,2,[4,0;-8,-32;0,1032],3,0},{'M',[0,4;0,4;256,0],1,[4,0;4,0;4,0],0,[NaN;NaN;6],[0,4;0,4;0,4],0,[0;0;NaN]},{'M',[0,32;4,0;4,0],1,[4,0;4,0;4,0],0,[NaN;0;0],[0,4;0,4;0,4],0,[3;NaN;NaN]},{'A',[0,132;16,4;240,0],2,[0,4;0,4;256,0],1,0,[0,32;4,0;-4,0],1,2},{'M',[640,0;256,0;240,0],5,[4,0;4,0;4,0],0,[NaN;6;NaN],[20,0;24,96;0,5160],4,[5;NaN;NaN],[0,132;16,4;240,0],2,[NaN;NaN;0]},{'M',[20,0;24,96;64,0],5,[4,0;4,0;4,0],0,[NaN;NaN;4],[20,0;24,96;0,5160],4,[0;0;NaN]},{'A',[660,0;232,-96;176,0],6,[640,0;256,0;240,0],5,0,[20,0;-24,-96;-64,0],5,0},{'M',[256,0;232,-96;176,0],7,[4,0;4,0;4,0],0,[6;NaN;NaN],[660,0;232,-96;176,0],6,[NaN;0;0]},{'M',[660,0;32,0;176,0],7,[4,0;4,0;4,0],0,[NaN;3;NaN],[660,0;232,-96;176,0],6,[0;NaN;0]},{'A',[32108,0;29664,-12288;22704,0],8,[256,0;232,-96;176,0],7,7,[-660,0;-32,0;176,0],7,0},{'M',[0,16384;2048,512;0,5160],5,[0,4;0,4;0,4],0,[12;NaN;NaN],[20,0;24,96;0,5160],4,[NaN;NaN;0],[0,132;16,4;240,0],2,[NaN;7;NaN]},{'M',[0,132;0,1024;0,8256],3,[0,4;0,4;0,4],0,[NaN;8;NaN],[0,-24;8,32;0,1032],2,[NaN;NaN;3],[0,132;16,4;240,0],2,[0;NaN;NaN]},{'A',[0,32240;4096,-3072;0,-22704],6,[0,16384;2048,512;0,5160],5,1,[0,-132;0,-1024;0,-8256],3,2},{'M',[0,32240;4096,-3072;22704,0],9,[32108,0;29664,-12288;22704,0],8,[NaN;NaN;0],[0,32240;4096,-3072;0,-22704],6,[0;0;NaN]},{'M',[0,132;0,32;0,-22704],7,[0,4;0,4;0,4],0,[NaN;3;NaN],[0,132;16,4;240,0],2,[0;NaN;NaN],[0,32240;4096,-3072;0,-22704],6,[NaN;NaN;0]},{'A',[0,32108;4096,-3104;22704,-22704],10,[0,32240;4096,-3072;22704,0],9,0,[0,-132;0,-32;0,-22704],7,0},{'M',[4,0;4096,-3104;22704,-22704],11,[4,0;4,0;4,0],0,[0;NaN;NaN],[0,32108;4096,-3104;22704,-22704],10,[NaN;0;0]},{'M',[0,-12288;4096,16384;0,-22704],7,[0,-24;8,32;0,1032],2,[9;9;NaN],[0,32240;4096,-3072;0,-22704],6,[NaN;NaN;0]},{'A',[4,-24576;12288,29664;22704,22704],12,[4,0;4096,-3104;22704,-22704],11,0,[0,-12288;4096,16384;0,22704],7,1},{'M',[32108,0;29664,-12288;22704,-22704],11,[32108,0;29664,-12288;22704,0],8,[0;0;NaN],[0,32108;4096,-3104;22704,-22704],10,[NaN;NaN;0]},{'O',[32108,0;29664,-12288;22704,-22704],11,[32108,0;29664,-12288;22704,-22704],11,0},{'M',[0,32108;12288,29664;22704,22704],13,[0,32108;4096,-3104;22704,-22704],10,[0;NaN;NaN],[4,-24576;12288,29664;22704,22704],12,[NaN;0;0]},{'O',[0,32108;12288,29664;22704,22704],13,[0,32108;12288,29664;22704,22704],13,0}}
Adder graph: {{'M',[4,0;16,0;4,0],1,[4,0;4,0;4,0],0,[0;2;0]},{'M',[16,0;0,4;512,0],1,[4,0;4,0;4,0],0,[2;NaN;7],[0,4;0,4;0,4],0,[NaN;0;NaN]},{'A',[-12,0;16,-4;516,0],2,[4,0;16,0;4,0],1,0,[-16,0;0,-4;512,0],1,0},{'M',[0,8;64,-16;0,4],3,[0,4;0,4;0,4],0,[1;NaN;0],[-12,0;16,-4;516,0],2,[NaN;2;NaN]},{'A',[0,132;1024,-260;0,60],4,[0,8;64,-16;0,4],3,4,[0,4;0,-4;0,-4],0,0},{'M',[-12,0;0,1024;516,0],3,[0,4;0,4;0,4],0,[NaN;8;NaN],[-12,0;16,-4;516,0],2,[0;NaN;0]},{'A',[-84,0;128,992;4644,0],4,[-12,0;16,-4;516,0],2,3,[12,0;0,1024;516,0],3,0},{'M',[2048,0;2048,0;516,0],3,[4,0;4,0;4,0],0,[9;9;NaN],[-12,0;16,-4;516,0],2,[NaN;NaN;0]},{'M',[-84,0;32,0;4644,0],5,[4,0;4,0;4,0],0,[NaN;3;NaN],[-84,0;128,992;4644,0],4,[0;NaN;0]},{'A',[4012,0;4128,0;5676,0],6,[2048,0;2048,0;516,0],3,1,[-84,0;32,0;4644,0],5,0},{'M',[4,0;4,0;0,60],5,[4,0;4,0;4,0],0,[0;0;NaN],[0,132;1024,-260;0,60],4,[NaN;NaN;0]},{'A',[4,16;4,-16;0,44],6,[4,0;4,0;0,60],5,0,[0,4;0,-4;0,-4],0,2},{'M',[0,128;4,-16;0,88],7,[0,4;0,4;0,4],0,[5;NaN;NaN],[4,16;4,-16;0,44],6,[NaN;0;1]},{'M',[0,132;8192,-2048;0,44],7,[-12,0;16,-4;516,0],2,[NaN;9;NaN],[0,132;1024,-260;0,60],4,[0;NaN;NaN],[4,16;4,-16;0,44],6,[NaN;NaN;0]},{'A',[0,8060;8448,-3072;0,5676],8,[0,128;4,-16;0,88],7,6,[0,-132;8192,-2048;0,44],7,0},{'M',[0,32240;4096,31744;5676,0],9,[-84,0;128,992;4644,0],4,[NaN;5;NaN],[4012,0;4128,0;5676,0],6,[NaN;NaN;0],[0,8060;8448,-3072;0,5676],8,[2;NaN;NaN]},{'M',[0,132;8192,-2080;0,5676],9,[0,132;1024,-260;0,60],4,[0;3;NaN],[0,8060;8448,-3072;0,5676],8,[NaN;NaN;0]},{'A',[0,32108;12288,29664;5676,5676],10,[0,32240;4096,31744;5676,0],9,0,[0,-132;8192,-2080;0,5676],9,0},{'M',[8024,0;8448,-3072;11352,0],9,[4012,0;4128,0;5676,0],6,[1;NaN;1],[0,8060;8448,-3072;0,5676],8,[NaN;0;NaN]},{'M',[-12,0;4128,0;22704,22704],11,[-12,0;16,-4;516,0],2,[0;NaN;NaN],[4012,0;4128,0;5676,0],6,[NaN;0;NaN],[0,32108;12288,29664;5676,5676],10,[NaN;NaN;2]},{'A',[32108,0;29664,-12288;22704,-22704],12,[8024,0;8448,-3072;11352,0],9,2,[12,0;-4128,0;-22704,-22704],11,0},{'O',[32108,0;29664,-12288;22704,-22704],12,[32108,0;29664,-12288;22704,-22704],12,0},{'M',[0,32108;12288,29664;22704,22704],11,[0,32108;12288,29664;5676,5676],10,[0;0;2]},{'O',[0,32108;12288,29664;22704,22704],11,[0,32108;12288,29664;22704,22704],11,0}}
Adder graph: {{'M',[0,8;4,0;0,8],1,[4,0;4,0;4,0],0,[NaN;0;NaN],[0,4;0,4;0,4],0,[1;NaN;1]},{'M',[0,4;0,4;0,64],1,[0,4;0,4;0,4],0,[0;0;4]},{'A',[0,20;8,-4;0,80],2,[0,8;4,0;0,8],1,1,[0,4;0,-4;0,64],1,0},{'M',[0,20;0,1024;0,80],3,[0,4;0,4;0,4],0,[NaN;8;NaN],[0,20;8,-4;0,80],2,[0;NaN;0]},{'M',[0,4;4096,-2048;0,4],3,[0,4;0,4;0,4],0,[0;NaN;0],[0,20;8,-4;0,80],2,[NaN;9;NaN]},{'A',[0,12;8192,-3072;0,88],4,[0,20;0,1024;0,80],3,0,[0,-4;4096,-2048;0,4],3,1},{'M',[0,2048;0,2048;4,0],1,[4,0;4,0;4,0],0,[NaN;NaN;0],[0,4;0,4;0,4],0,[9;9;NaN]},{'A',[0,32780;8192,29696;-64,88],5,[0,12;8192,-3072;0,88],4,0,[0,2048;0,2048;-4,0],1,4},{'M',[0,32780;8192,29696;16,0],6,[4,0;4,0;4,0],0,[NaN;NaN;2],[0,32780;8192,29696;-64,88],5,[0;0;NaN]},{'M',[0,640;4096,0;-64,88],6,[4,0;4,0;4,0],0,[NaN;10;NaN],[0,20;8,-4;0,80],2,[5;NaN;NaN],[0,32780;8192,29696;-64,88],5,[NaN;NaN;0]},{'A',[0,32140;12288,29696;80,-88],7,[0,32780;8192,29696;16,0],6,0,[0,-640;4096,0;64,-88],6,0},{'M',[0,16;0,16;4,0],1,[4,0;4,0;4,0],0,[NaN;NaN;0],[0,4;0,4;0,4],0,[2;2;NaN]},{'A',[0,32108;12288,29664;88,-88],8,[0,32140;12288,29696;80,-88],7,0,[0,-16;0,-16;4,0],1,1},{'M',[4,0;4,0;22528,-22528],9,[4,0;4,0;4,0],0,[0;0;NaN],[0,32108;12288,29664;88,-88],8,[NaN;NaN;8]},{'M',[64,0;64,0;88,-88],9,[4,0;4,0;4,0],0,[4;4;NaN],[0,32108;12288,29664;88,-88],8,[NaN;NaN;0]},{'A',[132,0;-124,0;22704,-22704],10,[4,0;4,0;22528,-22528],9,0,[64,0;-64,0;88,-88],9,1},{'M',[8192,0;-124,0;0,88],11,[4,0;4,0;4,0],0,[11;NaN;NaN],[0,12;8192,-3072;0,88],4,[NaN;NaN;0],[132,0;-124,0;22704,-22704],10,[NaN;0;NaN]},{'M',[132,0;512,0;0,11264],11,[4,0;4,0;4,0],0,[NaN;7;NaN],[0,12;8192,-3072;0,88],4,[NaN;NaN;7],[132,0;-124,0;22704,-22704],10,[0;NaN;NaN]},{'A',[8060,0;388,0;0,11352],12,[8192,0;-124,0;0,88],11,0,[-132,0;512,0;0,11264],11,0},{'M',[8060,0;8192,-3072;0,11352],13,[0,12;8192,-3072;0,88],4,[NaN;0;NaN],[8060,0;388,0;0,11352],12,[0;NaN;0]},{'M',[132,0;3104,0;22704,-22704],13,[132,0;-124,0;22704,-22704],10,[0;NaN;0],[8060,0;388,0;0,11352],12,[NaN;3;NaN]},{'A',[32108,0;29664,-12288;22704,22704],14,[8060,0;8192,-3072;0,11352],13,2,[-132,0;-3104,0;22704,-22704],13,0},{'M',[32108,0;29664,-12288;22704,-22704],15,[132,0;-124,0;22704,-22704],10,[NaN;NaN;0],[32108,0;29664,-12288;22704,22704],14,[0;0;NaN]},{'O',[32108,0;29664,-12288;22704,-22704],15,[32108,0;29664,-12288;22704,-22704],15,0},{'M',[0,32108;12288,29664;22704,22704],15,[0,32108;12288,29664;88,-88],8,[0;0;NaN],[32108,0;29664,-12288;22704,22704],14,[NaN;NaN;0]},{'O',[0,32108;12288,29664;22704,22704],15,[0,32108;12288,29664;22704,22704],15,0}}
Adder graph: {{'M',[4,0;4,0;0,8],1,[4,0;4,0;4,0],0,[0;0;NaN],[0,4;0,4;0,4],0,[NaN;NaN;1]},{'A',[12,0;12,0;-8,8],2,[4,0;4,0;0,8],1,0,[4,0;4,0;-4,0],0,1},{'M',[12,0;8192,0;-8,8],3,[4,0;4,0;4,0],0,[NaN;11;NaN],[12,0;12,0;-8,8],2,[0;NaN;0]},{'M',[12,0;12,0;-16,16],3,[12,0;12,0;-8,8],2,[0;0;1]},{'A',[780,0;7424,0;-1032,1032],4,[12,0;8192,0;-8,8],3,0,[12,0;-12,0;-16,16],3,6},{'M',[1560,0;7424,0;-2064,2064],5,[780,0;7424,0;-1032,1032],4,[1;0;1]},{'M',[3120,0;4,0;-4128,4128],5,[4,0;4,0;4,0],0,[NaN;0;NaN],[780,0;7424,0;-1032,1032],4,[2;NaN;2]},{'A',[31200,0;29664,0;24768,-24768],6,[1560,0;7424,0;-2064,2064],5,2,[3120,0;-4,0;4128,-4128],5,3},{'M',[0,4;12288,0;0,4096],3,[0,4;0,4;0,4],0,[0;NaN;10],[12,0;12,0;-8,8],2,[NaN;10;NaN]},{'M',[0,4;0,8;0,8],1,[0,4;0,4;0,4],0,[0;1;1]},{'A',[0,20;12288,-32;0,4128],4,[0,4;12288,0;0,4096],3,0,[0,4;0,-8;0,8],1,2},{'M',[0,512;0,512;-1032,1032],5,[0,4;0,4;0,4],0,[7;7;NaN],[780,0;7424,0;-1032,1032],4,[NaN;NaN;0]},{'M',[0,20;0,4096;0,4128],5,[0,4;0,4;0,4],0,[NaN;10;NaN],[0,20;12288,-32;0,4128],4,[0;NaN;0]},{'A',[0,1004;0,-3072;-2064,-2064],6,[0,512;0,512;-1032,1032],5,1,[0,-20;0,-4096;0,-4128],5,0},{'M',[128,0;0,-3072;-2064,-2064],7,[4,0;4,0;4,0],0,[5;NaN;NaN],[0,1004;0,-3072;-2064,-2064],6,[NaN;0;0]},{'M',[780,0;0,32768;-8256,-8256],7,[0,4;0,4;0,4],0,[NaN;13;NaN],[780,0;7424,0;-1032,1032],4,[0;NaN;NaN],[0,1004;0,-3072;-2064,-2064],6,[NaN;NaN;2]},{'A',[908,0;0,29696;-10320,-10320],8,[128,0;0,-3072;-2064,-2064],7,0,[780,0;0,32768;-8256,-8256],7,0},{'M',[0,32128;0,29696;-10320,-10320],9,[0,1004;0,-3072;-2064,-2064],6,[5;NaN;NaN],[908,0;0,29696;-10320,-10320],8,[NaN;0;0]},{'M',[0,20;12288,-32;-33024,-33024],7,[0,20;12288,-32;0,4128],4,[0;0;NaN],[0,1004;0,-3072;-2064,-2064],6,[NaN;NaN;4]},{'A',[0,32108;12288,29664;22704,22704],10,[0,32128;0,29696;-10320,-10320],9,0,[0,-20;12288,-32;33024,33024],7,0},{'M',[908,0;0,-12288;24768,-24768],9,[31200,0;29664,0;24768,-24768],6,[NaN;NaN;0],[0,1004;0,-3072;-2064,-2064],6,[NaN;2;NaN],[908,0;0,29696;-10320,-10320],8,[0;NaN;NaN]},{'M',[31200,0;29664,0;-2064,2064],7,[780,0;7424,0;-1032,1032],4,[NaN;NaN;1],[31200,0;29664,0;24768,-24768],6,[0;0;NaN]},{'A',[32108,0;29664,-12288;22704,-22704],10,[908,0;0,-12288;24768,-24768],9,0,[31200,0;29664,0;-2064,2064],7,0},{'O',[32108,0;29664,-12288;22704,-22704],10,[32108,0;29664,-12288;22704,-22704],10,0},{'O',[0,32108;12288,29664;22704,22704],10,[0,32108;12288,29664;22704,22704],10,0}}
Adder graph: {{'M',[0,4;0,4;0,16],1,[0,4;0,4;0,4],0,[0;0;2]},{'A',[0,132;0,124;0,516],2,[0,4;0,4;0,16],1,5,[0,4;0,-4;0,4],0,0},{'M',[0,132;64,0;0,516],3,[4,0;4,0;4,0],0,[NaN;4;NaN],[0,132;0,124;0,516],2,[0;NaN;0]},{'M',[0,132;0,32;0,516],3,[0,4;0,4;0,4],0,[NaN;3;NaN],[0,132;0,124;0,516],2,[0;NaN;0]},{'A',[0,396;64,-64;0,1548],4,[0,132;64,0;0,516],3,0,[0,132;0,-32;0,516],3,1},{'M',[8192,0;8192,0;0,516],3,[4,0;4,0;4,0],0,[11;11;NaN],[0,132;0,124;0,516],2,[NaN;NaN;0]},{'M',[4,0;4,0;0,3096],5,[4,0;4,0;4,0],0,[0;0;NaN],[0,396;64,-64;0,1548],4,[NaN;NaN;1]},{'A',[16368,0;16368,0;0,-11352],6,[8192,0;8192,0;0,516],3,1,[-4,0;-4,0;0,-3096],5,2},{'M',[4,0;4,0;32,0],1,[4,0;4,0;4,0],0,[0;0;3]},{'M',[4,0;0,512;8,0],1,[4,0;4,0;4,0],0,[0;NaN;1],[0,4;0,4;0,4],0,[NaN;7;NaN]},{'A',[132,0;128,512;1032,0],2,[4,0;4,0;32,0],1,5,[4,0;0,512;8,0],1,0},{'M',[4096,0;128,512;1032,0],3,[4,0;4,0;4,0],0,[10;NaN;NaN],[132,0;128,512;1032,0],2,[NaN;0;0]},{'A',[32240,0;1536,6144;12384,0],4,[4096,0;128,512;1032,0],3,3,[-132,0;128,512;1032,0],2,2},{'M',[32240,0;1024,-1024;12384,0],5,[0,396;64,-64;0,1548],4,[NaN;4;NaN],[32240,0;1536,6144;12384,0],4,[0;NaN;0]},{'M',[132,0;2048,8192;1032,0],3,[132,0;128,512;1032,0],2,[0;4;0]},{'A',[32108,0;3072,7168;11352,0],6,[32240,0;1024,-1024;12384,0],5,0,[-132,0;2048,8192;-1032,0],3,0},{'M',[0,32768;16368,0;0,-11352],7,[0,4;0,4;0,4],0,[13;NaN;NaN],[16368,0;16368,0;0,-11352],6,[NaN;0;0]},{'M',[0,396;1536,6144;11352,0],7,[0,396;64,-64;0,1548],4,[0;NaN;NaN],[32240,0;1536,6144;12384,0],4,[NaN;0;NaN],[32108,0;3072,7168;11352,0],6,[NaN;NaN;0]},{'A',[0,33164;14832,-6144;11352,-11352],8,[0,32768;16368,0;0,-11352],7,0,[0,396;-1536,-6144;11352,0],7,0},{'M',[0,33164;12288,28672;45408,0],9,[32108,0;3072,7168;11352,0],6,[NaN;2;2],[0,33164;14832,-6144;11352,-11352],8,[0;NaN;NaN]},{'M',[0,528;0,496;11352,-11352],9,[0,132;0,124;0,516],2,[2;2;NaN],[0,33164;14832,-6144;11352,-11352],8,[NaN;NaN;0]},{'A',[0,32108;12288,29664;22704,22704],10,[0,33164;12288,28672;45408,0],9,0,[0,-528;0,496;-11352,11352],9,1},{'M',[32108,0;29664,-12288;22704,-22704],9,[32108,0;3072,7168;11352,0],6,[0;NaN;NaN],[0,33164;14832,-6144;11352,-11352],8,[NaN;1;1]},{'O',[32108,0;29664,-12288;22704,-22704],9,[32108,0;29664,-12288;22704,-22704],9,0},{'O',[0,32108;12288,29664;22704,22704],10,[0,32108;12288,29664;22704,22704],10,0}}
Adder graph: {{'M',[0,4;0,4;0,256],1,[0,4;0,4;0,4],0,[0;0;6]},{'A',[0,20;0,-12;0,240],2,[0,4;0,4;0,256],1,0,[0,4;0,-4;0,-4],0,2},{'M',[0,32768;0,4;0,64],1,[0,4;0,4;0,4],0,[13;0;4]},{'M',[0,20;0,4096;0,240],3,[0,4;0,4;0,4],0,[NaN;10;NaN],[0,20;0,-12;0,240],2,[0;NaN;0]},{'A',[0,32748;0,-4092;0,-176],4,[0,32768;0,4;0,64],1,0,[0,-20;0,-4096;0,-240],3,0},{'M',[0,20;0,-12;0,-704],5,[0,20;0,-12;0,240],2,[0;0;NaN],[0,32748;0,-4092;0,-176],4,[NaN;NaN;2]},{'A',[0,-32108;0,3708;0,-22704],6,[0,20;0,-12;0,-704],5,5,[0,-32748;0,4092;0,-176],4,0},{'M',[4,0;8,0;4,0],1,[4,0;4,0;4,0],0,[0;1;0]},{'M',[4,0;0,-12288;0,-176],5,[4,0;4,0;4,0],0,[0;NaN;NaN],[0,20;0,-12;0,240],2,[NaN;10;NaN],[0,32748;0,-4092;0,-176],4,[NaN;NaN;0]},{'A',[20,0;32,12288;16,176],6,[4,0;8,0;4,0],1,2,[4,0;0,12288;0,176],5,0},{'M',[4,0;32,0;4,0],1,[4,0;4,0;4,0],0,[0;3;0]},{'A',[12,0;48,0;12,0],2,[4,0;4,0;4,0],0,2,[-4,0;32,0;-4,0],1,0},{'M',[64,0;64,0;12,0],3,[4,0;4,0;4,0],0,[4;4;NaN],[12,0;48,0;12,0],2,[NaN;NaN;0]},{'M',[20,0;96,0;16,176],7,[20,0;32,12288;16,176],6,[0;NaN;0],[12,0;48,0;12,0],2,[NaN;1;NaN]},{'A',[1004,0;928,0;176,-176],8,[64,0;64,0;12,0],3,4,[-20,0;-96,0;-16,-176],7,0},{'M',[1004,0;928,0;704,-704],9,[1004,0;928,0;176,-176],8,[0;0;2]},{'M',[20,0;32,12288;176,-176],9,[20,0;32,12288;16,176],6,[0;0;NaN],[1004,0;928,0;176,-176],8,[NaN;NaN;0]},{'A',[32108,0;29664,-12288;22704,-22704],10,[1004,0;928,0;704,-704],9,5,[-20,0;-32,-12288;176,-176],9,0},{'M',[0,-32108;3072,0;22704,-22704],11,[0,-32108;0,3708;0,-22704],6,[0;NaN;NaN],[12,0;48,0;12,0],2,[NaN;6;NaN],[32108,0;29664,-12288;22704,-22704],10,[NaN;NaN;0]},{'A',[0,32108;3072,7416;22704,22704],12,[0,-32108;3072,0;22704,-22704],11,0,[0,32108;0,3708;0,22704],6,1},{'O',[32108,0;29664,-12288;22704,-22704],10,[32108,0;29664,-12288;22704,-22704],10,0},{'M',[0,32108;12288,29664;22704,22704],13,[0,32108;3072,7416;22704,22704],12,[0;2;0]},{'O',[0,32108;12288,29664;22704,22704],13,[0,32108;12288,29664;22704,22704],13,0}}
Finished solving after 259194 seconds
Adder graph: {{'M',[0,4;0,4;0,256],1,[0,4;0,4;0,4],0,[0;0;6]},{'A',[0,20;0,-12;0,240],2,[0,4;0,4;0,256],1,0,[0,4;0,-4;0,-4],0,2},{'M',[0,32768;0,4;0,64],1,[0,4;0,4;0,4],0,[13;0;4]},{'M',[0,20;0,4096;0,240],3,[0,4;0,4;0,4],0,[NaN;10;NaN],[0,20;0,-12;0,240],2,[0;NaN;0]},{'A',[0,32748;0,-4092;0,-176],4,[0,32768;0,4;0,64],1,0,[0,-20;0,-4096;0,-240],3,0},{'M',[0,20;0,-12;0,-704],5,[0,20;0,-12;0,240],2,[0;0;NaN],[0,32748;0,-4092;0,-176],4,[NaN;NaN;2]},{'A',[0,-32108;0,3708;0,-22704],6,[0,20;0,-12;0,-704],5,5,[0,-32748;0,4092;0,-176],4,0},{'M',[4,0;8,0;4,0],1,[4,0;4,0;4,0],0,[0;1;0]},{'M',[4,0;0,-12288;0,-176],5,[4,0;4,0;4,0],0,[0;NaN;NaN],[0,20;0,-12;0,240],2,[NaN;10;NaN],[0,32748;0,-4092;0,-176],4,[NaN;NaN;0]},{'A',[20,0;32,12288;16,176],6,[4,0;8,0;4,0],1,2,[4,0;0,12288;0,176],5,0},{'M',[4,0;32,0;4,0],1,[4,0;4,0;4,0],0,[0;3;0]},{'A',[12,0;48,0;12,0],2,[4,0;4,0;4,0],0,2,[-4,0;32,0;-4,0],1,0},{'M',[64,0;64,0;12,0],3,[4,0;4,0;4,0],0,[4;4;NaN],[12,0;48,0;12,0],2,[NaN;NaN;0]},{'M',[20,0;96,0;16,176],7,[20,0;32,12288;16,176],6,[0;NaN;0],[12,0;48,0;12,0],2,[NaN;1;NaN]},{'A',[1004,0;928,0;176,-176],8,[64,0;64,0;12,0],3,4,[-20,0;-96,0;-16,-176],7,0},{'M',[1004,0;928,0;704,-704],9,[1004,0;928,0;176,-176],8,[0;0;2]},{'M',[20,0;32,12288;176,-176],9,[20,0;32,12288;16,176],6,[0;0;NaN],[1004,0;928,0;176,-176],8,[NaN;NaN;0]},{'A',[32108,0;29664,-12288;22704,-22704],10,[1004,0;928,0;704,-704],9,5,[-20,0;-32,-12288;176,-176],9,0},{'M',[0,-32108;3072,0;22704,-22704],11,[0,-32108;0,3708;0,-22704],6,[0;NaN;NaN],[12,0;48,0;12,0],2,[NaN;6;NaN],[32108,0;29664,-12288;22704,-22704],10,[NaN;NaN;0]},{'A',[0,32108;3072,7416;22704,22704],12,[0,-32108;3072,0;22704,-22704],11,0,[0,32108;0,3708;0,22704],6,1},{'O',[32108,0;29664,-12288;22704,-22704],10,[32108,0;29664,-12288;22704,-22704],10,0},{'M',[0,32108;12288,29664;22704,22704],13,[0,32108;3072,7416;22704,22704],12,[0;2;0]},{'O',[0,32108;12288,29664;22704,22704],13,[0,32108;12288,29664;22704,22704],13,0}}
# Add optimal = 1
# Mux optimal = 0
# FAs optimal = 0
