Adder graph: {{'A',[1,0,2,0,0],1,0,[1,0,0,0,0],0,0,[0,0,1,0,0],0,1},{'A',[-1,0,0,0,4],1,0,[0,0,0,0,1],0,2,[-1,0,0,0,0],0,0},{'A',[5,0,10,0,0],2,0,[1,0,2,0,0],1,2,[1,0,2,0,0],1,0},{'A',[0,2,0,1,0],1,0,[0,1,0,0,0],0,1,[0,0,0,1,0],0,0},{'A',[1,8,0,0,0],1,0,[0,1,0,0,0],0,3,[1,0,0,0,0],0,0},{'A',[-1,-4,0,-2,4],2,0,[-1,0,0,0,4],1,0,[0,-2,0,-1,0],1,1},{'A',[0,2,0,0,1],2,2,[1,8,0,0,0],1,0,[-1,0,0,0,4],1,0},{'A',[-9,-16,-10,-8,16],3,0,[-1,-4,0,-2,4],2,2,[-5,0,-10,0,0],2,0},{'A',[2,10,0,4,-7],3,0,[0,2,0,0,1],2,0,[1,4,0,2,-4],2,1},{'A',[11,26,10,12,-23],4,0,[2,10,0,4,-7],3,0,[9,16,10,8,-16],3,0},{'O',[-11,-26,-10,-12,23],4,[-11,-26,-10,-12,23],4,0}}
Adder graph: {{'A',[-1,0,0,0,1],1,0,[0,0,0,0,1],0,0,[-1,0,0,0,0],0,0},{'A',[0,1,-1,0,0],1,0,[0,1,0,0,0],0,0,[0,0,-1,0,0],0,0},{'A',[0,9,0,0,0],1,0,[0,1,0,0,0],0,3,[0,1,0,0,0],0,0},{'A',[1,2,-2,0,-1],2,0,[0,1,-1,0,0],1,1,[1,0,0,0,-1],1,0},{'A',[0,0,0,1,-1],1,0,[0,0,0,1,0],0,0,[0,0,0,0,-1],0,0},{'A',[1,0,0,1,-2],2,0,[0,0,0,1,-1],1,0,[1,0,0,0,-1],1,0},{'A',[5,10,-10,0,-5],3,0,[1,2,-2,0,-1],2,2,[1,2,-2,0,-1],2,0},{'A',[0,-9,0,1,-1],2,0,[0,0,0,1,-1],1,0,[0,-9,0,0,0],1,0},{'A',[4,9,0,3,-7],3,0,[1,0,0,1,-2],2,2,[0,9,0,-1,1],2,0},{'A',[-11,-26,-10,-12,23],4,0,[5,10,-10,0,-5],3,0,[-4,-9,0,-3,7],3,2},{'O',[-11,-26,-10,-12,23],4,[-11,-26,-10,-12,23],4,0}}
Adder graph: {{'A',[1,0,0,0,-1],1,0,[1,0,0,0,0],0,0,[0,0,0,0,-1],0,0},{'A',[0,1,1,0,0],1,0,[0,0,1,0,0],0,0,[0,1,0,0,0],0,0},{'A',[0,5,5,0,0],2,0,[0,1,1,0,0],1,0,[0,1,1,0,0],1,2},{'A',[0,1,0,0,0],1,1,[0,1,0,0,0],0,0,[0,1,0,0,0],0,0},{'A',[1,0,0,-1,0],1,0,[1,0,0,0,0],0,0,[0,0,0,-1,0],0,0},{'A',[1,0,0,1,-2],2,0,[1,0,0,0,-1],1,1,[-1,0,0,1,0],1,0},{'A',[1,-16,0,0,-1],2,0,[1,0,0,0,-1],1,0,[0,-1,0,0,0],1,4},{'A',[2,5,5,2,-4],3,0,[0,5,5,0,0],2,0,[1,0,0,1,-2],2,1},{'A',[7,16,0,8,-15],3,0,[1,0,0,1,-2],2,3,[-1,16,0,0,1],2,0},{'A',[11,26,10,12,-23],4,0,[2,5,5,2,-4],3,1,[7,16,0,8,-15],3,0},{'O',[-11,-26,-10,-12,23],4,[-11,-26,-10,-12,23],4,0}}
Adder graph: {{'A',[1,0,0,0,-1],1,0,[1,0,0,0,0],0,0,[0,0,0,0,-1],0,0},{'A',[0,2,1,0,0],1,0,[0,0,1,0,0],0,0,[0,1,0,0,0],0,1},{'A',[0,1,1,0,0],1,0,[0,0,1,0,0],0,0,[0,1,0,0,0],0,0},{'A',[1,-2,-2,0,-1],2,0,[1,0,0,0,-1],1,0,[0,-1,-1,0,0],1,1},{'A',[-3,6,6,0,3],3,0,[1,-2,-2,0,-1],2,0,[-1,2,2,0,1],2,2},{'A',[0,0,0,-1,1],1,0,[0,0,0,0,1],0,0,[0,0,0,-1,0],0,0},{'A',[0,-8,-4,-1,1],2,0,[0,0,0,-1,1],1,0,[0,-2,-1,0,0],1,2},{'A',[1,0,0,1,-2],2,0,[1,0,0,0,-1],1,0,[0,0,0,1,-1],1,0},{'A',[2,8,4,3,-5],3,0,[1,0,0,1,-2],2,1,[0,8,4,1,-1],2,0},{'A',[11,26,10,12,-23],4,0,[2,8,4,3,-5],3,2,[3,-6,-6,0,-3],3,0},{'O',[-11,-26,-10,-12,23],4,[-11,-26,-10,-12,23],4,0}}
Adder graph: {{'A',[0,0,0,1,-1],1,0,[0,0,0,1,0],0,0,[0,0,0,0,-1],0,0},{'A',[0,1,1,0,0],1,0,[0,1,0,0,0],0,0,[0,0,1,0,0],0,0},{'A',[-1,0,0,0,1],1,0,[0,0,0,0,1],0,0,[-1,0,0,0,0],0,0},{'A',[-1,2,2,0,1],2,0,[0,1,1,0,0],1,1,[-1,0,0,0,1],1,0},{'A',[-5,10,10,0,5],3,0,[-1,2,2,0,1],2,2,[-1,2,2,0,1],2,0},{'A',[0,-1,0,0,0],1,0,[0,1,0,0,0],0,0,[0,-1,0,0,0],0,1},{'A',[0,4,0,1,-1],2,0,[0,0,0,1,-1],1,0,[0,1,0,0,0],1,2},{'A',[2,0,0,1,-3],2,0,[0,0,0,1,-1],1,0,[1,0,0,0,-1],1,1},{'A',[4,4,0,3,-7],3,0,[2,0,0,1,-3],2,1,[0,4,0,1,-1],2,0},{'A',[11,26,10,12,-23],4,0,[-5,10,10,0,5],3,0,[4,4,0,3,-7],3,2},{'O',[-11,-26,-10,-12,23],4,[-11,-26,-10,-12,23],4,0}}
Adder graph: {{'A',[0,-1,0,0,1],1,0,[0,0,0,0,1],0,0,[0,-1,0,0,0],0,0},{'A',[1,0,0,-1,0],1,0,[1,0,0,0,0],0,0,[0,0,0,-1,0],0,0},{'A',[-1,-2,0,1,2],2,0,[0,-1,0,0,1],1,1,[-1,0,0,1,0],1,0},{'A',[0,0,1,2,0],1,0,[0,0,1,0,0],0,0,[0,0,0,1,0],0,1},{'A',[0,1,1,2,-1],2,0,[0,0,1,2,0],1,0,[0,1,0,0,-1],1,0},{'A',[1,0,0,0,1],1,0,[1,0,0,0,0],0,0,[0,0,0,0,1],0,0},{'A',[-3,0,0,0,-3],2,0,[1,0,0,0,1],1,0,[-1,0,0,0,-1],1,2},{'A',[1,3,1,1,-3],3,0,[0,1,1,2,-1],2,0,[1,2,0,-1,-2],2,0},{'A',[-3,-2,-2,-4,-1],3,0,[-3,0,0,0,-3],2,0,[0,-1,-1,-2,1],2,1},{'A',[-11,-26,-10,-12,23],4,0,[-3,-2,-2,-4,-1],3,0,[-1,-3,-1,-1,3],3,3},{'O',[-11,-26,-10,-12,23],4,[-11,-26,-10,-12,23],4,0}}
Finished solving after 132739 seconds
Adder graph: {{'A',[0,-1,0,0,1],1,0,[0,0,0,0,1],0,0,[0,-1,0,0,0],0,0},{'A',[1,0,0,-1,0],1,0,[1,0,0,0,0],0,0,[0,0,0,-1,0],0,0},{'A',[-1,-2,0,1,2],2,0,[0,-1,0,0,1],1,1,[-1,0,0,1,0],1,0},{'A',[0,0,1,2,0],1,0,[0,0,1,0,0],0,0,[0,0,0,1,0],0,1},{'A',[0,1,1,2,-1],2,0,[0,0,1,2,0],1,0,[0,1,0,0,-1],1,0},{'A',[1,0,0,0,1],1,0,[1,0,0,0,0],0,0,[0,0,0,0,1],0,0},{'A',[-3,0,0,0,-3],2,0,[1,0,0,0,1],1,0,[-1,0,0,0,-1],1,2},{'A',[1,3,1,1,-3],3,0,[0,1,1,2,-1],2,0,[1,2,0,-1,-2],2,0},{'A',[-3,-2,-2,-4,-1],3,0,[-3,0,0,0,-3],2,0,[0,-1,-1,-2,1],2,1},{'A',[-11,-26,-10,-12,23],4,0,[-3,-2,-2,-4,-1],3,0,[-1,-3,-1,-1,3],3,3},{'O',[-11,-26,-10,-12,23],4,[-11,-26,-10,-12,23],4,0}}
#Add optimal = 0
#FAs optimal = 0
