Adder graph: {{'A',[0,0,0,-7,0],1,0,[0,0,0,1,0],0,0,[0,0,0,-1,0],0,3},{'A',[1,0,0,0,4],1,0,[0,0,0,0,1],0,2,[1,0,0,0,0],0,0},{'A',[0,0,-15,0,0],1,0,[0,0,1,0,0],0,0,[0,0,-1,0,0],0,4},{'A',[-4,0,-15,0,-16],2,0,[0,0,-15,0,0],1,0,[-1,0,0,0,-4],1,2},{'A',[0,1,0,0,1],1,0,[0,0,0,0,1],0,0,[0,1,0,0,0],0,0},{'A',[-1,1,0,0,-3],2,0,[0,1,0,0,1],1,0,[-1,0,0,0,-4],1,0},{'A',[0,-4,0,-7,-4],2,0,[0,0,0,-7,0],1,0,[0,-1,0,0,-1],1,2},{'A',[4,-16,15,-28,0],3,0,[0,-4,0,-7,-4],2,2,[4,0,15,0,16],2,0},{'A',[-9,9,0,0,-27],3,0,[-1,1,0,0,-3],2,0,[-1,1,0,0,-3],2,3},{'A',[13,-25,15,-28,27],4,0,[4,-16,15,-28,0],3,0,[9,-9,0,0,27],3,0},{'O',[-13,25,-15,28,-27],4,[-13,25,-15,28,-27],4,0}}
Adder graph: {{'A',[1,0,0,0,-2],1,0,[1,0,0,0,0],0,0,[0,0,0,0,-1],0,1},{'A',[0,0,0,-1,1],1,0,[0,0,0,0,1],0,0,[0,0,0,-1,0],0,0},{'A',[-1,2,0,0,0],1,0,[0,1,0,0,0],0,1,[-1,0,0,0,0],0,0},{'A',[0,0,-15,0,0],1,0,[0,0,1,0,0],0,0,[0,0,-1,0,0],0,4},{'A',[2,-2,0,0,-2],2,0,[1,0,0,0,-2],1,0,[1,-2,0,0,0],1,0},{'A',[0,0,15,-16,16],2,0,[0,0,0,-1,1],1,4,[0,0,15,0,0],1,0},{'A',[-1,2,0,1,-1],2,0,[-1,2,0,0,0],1,0,[0,0,0,1,-1],1,0},{'A',[3,-6,0,-3,3],3,0,[-1,2,0,1,-1],2,0,[1,-2,0,-1,1],2,2},{'A',[2,-2,30,-32,30],3,0,[2,-2,0,0,-2],2,0,[0,0,15,-16,16],2,1},{'A',[13,-25,15,-28,27],4,1,[2,-2,30,-32,30],3,0,[3,-6,0,-3,3],3,3},{'O',[-13,25,-15,28,-27],4,[-13,25,-15,28,-27],4,0}}
Adder graph: {{'A',[0,0,1,0,1],1,0,[0,0,1,0,0],0,0,[0,0,0,0,1],0,0},{'A',[0,1,0,0,-1],1,0,[0,1,0,0,0],0,0,[0,0,0,0,-1],0,0},{'A',[0,0,0,7,0],1,0,[0,0,0,1,0],0,3,[0,0,0,-1,0],0,0},{'A',[1,0,1,0,0],1,0,[1,0,0,0,0],0,0,[0,0,1,0,0],0,0},{'A',[-1,1,-1,0,-1],2,0,[0,1,0,0,-1],1,0,[-1,0,-1,0,0],1,0},{'A',[0,0,-1,14,-1],2,0,[0,0,0,7,0],1,1,[0,0,-1,0,-1],1,0},{'A',[1,-2,1,0,2],2,0,[1,0,1,0,0],1,0,[0,-1,0,0,1],1,1},{'A',[2,-4,3,-14,5],3,0,[1,-2,1,0,2],2,1,[0,0,1,-14,1],2,0},{'A',[-9,17,-9,0,-17],3,0,[-1,1,-1,0,-1],2,0,[-1,2,-1,0,-2],2,3},{'A',[-13,25,-15,28,-27],4,0,[-9,17,-9,0,-17],3,0,[-2,4,-3,14,-5],3,1},{'O',[-13,25,-15,28,-27],4,[-13,25,-15,28,-27],4,0}}
Adder graph: {{'A',[0,0,1,0,0],1,1,[0,0,1,0,0],0,0,[0,0,1,0,0],0,0},{'A',[0,0,-15,0,0],2,0,[0,0,1,0,0],1,0,[0,0,-1,0,0],1,4},{'A',[0,1,0,0,-1],1,0,[0,1,0,0,0],0,0,[0,0,0,0,-1],0,0},{'A',[-1,2,0,0,0],1,0,[0,1,0,0,0],0,1,[-1,0,0,0,0],0,0},{'A',[-1,3,0,0,-1],2,0,[0,1,0,0,-1],1,0,[-1,2,0,0,0],1,0},{'A',[0,0,0,-1,1],1,0,[0,0,0,0,1],0,0,[0,0,0,-1,0],0,0},{'A',[-1,2,0,2,-2],2,0,[-1,2,0,0,0],1,0,[0,0,0,1,-1],1,1},{'A',[1,-3,-15,0,1],3,0,[0,0,-15,0,0],2,0,[1,-3,0,0,1],2,0},{'A',[-7,14,0,14,-14],3,0,[-1,2,0,2,-2],2,3,[1,-2,0,-2,2],2,0},{'A',[-13,25,-15,28,-27],4,0,[1,-3,-15,0,1],3,0,[-7,14,0,14,-14],3,1},{'O',[-13,25,-15,28,-27],4,[-13,25,-15,28,-27],4,0}}
Adder graph: {{'A',[1,0,-1,0,0],1,0,[1,0,0,0,0],0,0,[0,0,-1,0,0],0,0},{'A',[0,-1,0,0,1],1,0,[0,0,0,0,1],0,0,[0,-1,0,0,0],0,0},{'A',[-1,-1,1,0,1],2,0,[0,-1,0,0,1],1,0,[-1,0,1,0,0],1,0},{'A',[-1,0,0,1,0],1,0,[0,0,0,1,0],0,0,[-1,0,0,0,0],0,0},{'A',[0,1,0,0,0],1,0,[0,1,0,0,0],0,1,[0,-1,0,0,0],0,0},{'A',[8,-1,-8,0,0],2,0,[1,0,-1,0,0],1,3,[0,-1,0,0,0],1,0},{'A',[-1,1,0,1,-1],2,0,[-1,0,0,1,0],1,0,[0,1,0,0,-1],1,0},{'A',[15,-3,-15,0,1],3,0,[8,-1,-8,0,0],2,1,[-1,-1,1,0,1],2,0},{'A',[-7,7,0,7,-7],3,0,[-1,1,0,1,-1],2,3,[1,-1,0,-1,1],2,0},{'A',[-13,25,-15,28,-27],4,0,[15,-3,-15,0,1],3,0,[-7,7,0,7,-7],3,2},{'O',[-13,25,-15,28,-27],4,[-13,25,-15,28,-27],4,0}}
Adder graph: {{'A',[1,0,1,0,0],1,0,[0,0,1,0,0],0,0,[1,0,0,0,0],0,0},{'A',[0,0,0,2,0],1,0,[0,0,0,1,0],0,0,[0,0,0,1,0],0,0},{'A',[-1,1,0,0,0],1,0,[0,1,0,0,0],0,0,[-1,0,0,0,0],0,0},{'A',[7,1,8,0,0],2,0,[-1,1,0,0,0],1,0,[1,0,1,0,0],1,3},{'A',[0,1,0,0,-1],1,0,[0,1,0,0,0],0,0,[0,0,0,0,-1],0,0},{'A',[0,1,0,1,-1],2,1,[0,1,0,0,-1],1,1,[0,0,0,2,0],1,0},{'A',[0,-7,0,-7,7],3,0,[0,1,0,1,-1],2,0,[0,-1,0,-1,1],2,3},{'A',[1,-1,1,0,1],2,0,[1,0,1,0,0],1,0,[0,-1,0,0,1],1,0},{'A',[-13,-3,-15,0,1],3,0,[1,-1,1,0,1],2,0,[-7,-1,-8,0,0],2,1},{'A',[-13,25,-15,28,-27],4,0,[-13,-3,-15,0,1],3,0,[0,7,0,7,-7],3,2},{'O',[-13,25,-15,28,-27],4,[-13,25,-15,28,-27],4,0}}
Adder graph: {{'A',[1,0,0,-2,0],1,0,[1,0,0,0,0],0,0,[0,0,0,-1,0],0,1},{'A',[0,-1,0,0,1],1,0,[0,0,0,0,1],0,0,[0,-1,0,0,0],0,0},{'A',[-1,0,0,0,2],1,0,[0,0,0,0,1],0,1,[-1,0,0,0,0],0,0},{'A',[0,0,1,0,0],1,1,[0,0,1,0,0],0,0,[0,0,1,0,0],0,0},{'A',[1,0,1,0,-2],2,0,[0,0,1,0,0],1,0,[1,0,0,0,-2],1,0},{'A',[0,-2,1,0,2],2,0,[0,-1,0,0,1],1,1,[0,0,1,0,0],1,0},{'A',[-2,-1,0,4,1],2,0,[0,-1,0,0,1],1,0,[-1,0,0,2,0],1,1},{'A',[-3,-1,-1,4,3],3,0,[-2,-1,0,4,1],2,0,[-1,0,-1,0,2],2,0},{'A',[-2,3,-2,4,-3],3,0,[-2,-1,0,4,1],2,0,[0,2,-1,0,-2],2,1},{'A',[-13,25,-15,28,-27],4,0,[-2,3,-2,4,-3],3,3,[3,1,1,-4,-3],3,0},{'O',[-13,25,-15,28,-27],4,[-13,25,-15,28,-27],4,0}}
Finished solving after 132100 seconds
Adder graph: {{'A',[1,0,0,-2,0],1,0,[1,0,0,0,0],0,0,[0,0,0,-1,0],0,1},{'A',[0,-1,0,0,1],1,0,[0,0,0,0,1],0,0,[0,-1,0,0,0],0,0},{'A',[-1,0,0,0,2],1,0,[0,0,0,0,1],0,1,[-1,0,0,0,0],0,0},{'A',[0,0,1,0,0],1,1,[0,0,1,0,0],0,0,[0,0,1,0,0],0,0},{'A',[1,0,1,0,-2],2,0,[0,0,1,0,0],1,0,[1,0,0,0,-2],1,0},{'A',[0,-2,1,0,2],2,0,[0,-1,0,0,1],1,1,[0,0,1,0,0],1,0},{'A',[-2,-1,0,4,1],2,0,[0,-1,0,0,1],1,0,[-1,0,0,2,0],1,1},{'A',[-3,-1,-1,4,3],3,0,[-2,-1,0,4,1],2,0,[-1,0,-1,0,2],2,0},{'A',[-2,3,-2,4,-3],3,0,[-2,-1,0,4,1],2,0,[0,2,-1,0,-2],2,1},{'A',[-13,25,-15,28,-27],4,0,[-2,3,-2,4,-3],3,3,[3,1,1,-4,-3],3,0},{'O',[-13,25,-15,28,-27],4,[-13,25,-15,28,-27],4,0}}
#Add optimal = 0
#FAs optimal = 0
