Adder graph: {{'A',[0,0,2,0,0],1,0,[0,0,1,0,0],0,0,[0,0,1,0,0],0,0},{'A',[1,0,0,0,1],1,0,[0,0,0,0,1],0,0,[1,0,0,0,0],0,0},{'A',[0,2,-1,0,0],1,0,[0,1,0,0,0],0,1,[0,0,-1,0,0],0,0},{'A',[-1,2,-1,0,-1],2,0,[0,2,-1,0,0],1,0,[-1,0,0,0,-1],1,0},{'A',[16,0,2,0,16],2,0,[1,0,0,0,1],1,4,[0,0,2,0,0],1,0},{'A',[0,0,2,1,0],1,0,[0,0,1,0,0],0,1,[0,0,0,1,0],0,0},{'A',[0,0,6,3,0],2,0,[0,0,2,1,0],1,2,[0,0,-2,-1,0],1,0},{'A',[15,-30,15,0,15],3,0,[-1,2,-1,0,-1],2,0,[1,-2,1,0,1],2,4},{'A',[-8,0,5,3,-8],3,1,[0,0,6,3,0],2,1,[-16,0,-2,0,-16],2,0},{'A',[23,-30,10,-3,23],4,0,[15,-30,15,0,15],3,0,[8,0,-5,-3,8],3,0},{'O',[-23,30,-10,3,-23],4,[-23,30,-10,3,-23],4,0}}
Adder graph: {{'A',[-1,1,0,0,0],1,0,[0,1,0,0,0],0,0,[-1,0,0,0,0],0,0},{'A',[15,-15,0,0,0],2,0,[-1,1,0,0,0],1,0,[1,-1,0,0,0],1,4},{'A',[0,0,-2,1,0],1,0,[0,0,0,1,0],0,0,[0,0,-1,0,0],0,1},{'A',[1,0,0,0,-1],1,0,[1,0,0,0,0],0,0,[0,0,0,0,-1],0,0},{'A',[1,0,-2,1,-1],2,0,[1,0,0,0,-1],1,0,[0,0,-2,1,0],1,0},{'A',[31,-30,-2,1,-1],3,0,[15,-15,0,0,0],2,1,[1,0,-2,1,-1],2,0},{'A',[0,0,0,1,8],1,0,[0,0,0,1,0],0,0,[0,0,0,0,1],0,3},{'A',[0,0,-1,1,4],2,1,[0,0,-2,1,0],1,0,[0,0,0,1,8],1,0},{'A',[2,0,-3,1,-6],3,0,[1,0,-2,1,-1],2,1,[0,0,1,-1,-4],2,0},{'A',[-23,30,-10,3,-23],4,0,[2,0,-3,1,-6],3,2,[-31,30,2,-1,1],3,0},{'O',[-23,30,-10,3,-23],4,[-23,30,-10,3,-23],4,0}}
Adder graph: {{'A',[0,-4,0,1,0],1,0,[0,0,0,1,0],0,0,[0,-1,0,0,0],0,2},{'A',[0,2,0,0,0],1,0,[0,1,0,0,0],0,0,[0,1,0,0,0],0,0},{'A',[1,0,0,0,1],1,0,[0,0,0,0,1],0,0,[1,0,0,0,0],0,0},{'A',[-8,-4,0,1,-8],2,0,[0,-4,0,1,0],1,0,[-1,0,0,0,-1],1,3},{'A',[0,-1,1,0,0],1,0,[0,0,1,0,0],0,0,[0,-1,0,0,0],0,0},{'A',[24,12,0,-3,24],3,0,[-8,-4,0,1,-8],2,0,[8,4,0,-1,8],2,2},{'A',[1,2,-2,0,1],2,0,[1,0,0,0,1],1,0,[0,1,-1,0,0],1,1},{'A',[0,-5,1,0,0],2,0,[0,-1,1,0,0],1,0,[0,-2,0,0,0],1,1},{'A',[1,42,-10,0,1],3,0,[1,2,-2,0,1],2,0,[0,5,-1,0,0],2,3},{'A',[23,-30,10,-3,23],4,0,[24,12,0,-3,24],3,0,[-1,-42,10,0,-1],3,0},{'O',[-23,30,-10,3,-23],4,[-23,30,-10,3,-23],4,0}}
Adder graph: {{'A',[0,0,1,1,0],1,0,[0,0,0,1,0],0,0,[0,0,1,0,0],0,0},{'A',[0,-2,1,0,0],1,0,[0,0,1,0,0],0,0,[0,-1,0,0,0],0,1},{'A',[1,0,0,0,1],1,0,[0,0,0,0,1],0,0,[1,0,0,0,0],0,0},{'A',[1,-2,1,0,1],2,0,[1,0,0,0,1],1,0,[0,-2,1,0,0],1,0},{'A',[15,-30,15,0,15],3,0,[1,-2,1,0,1],2,4,[-1,2,-1,0,-1],2,0},{'A',[0,0,2,1,0],1,0,[0,0,0,1,0],0,0,[0,0,1,0,0],0,1},{'A',[0,0,2,1,0],2,1,[0,0,2,1,0],1,0,[0,0,2,1,0],1,0},{'A',[-8,0,1,1,-8],2,0,[0,0,1,1,0],1,0,[-1,0,0,0,-1],1,3},{'A',[-8,0,5,3,-8],3,0,[-8,0,1,1,-8],2,0,[0,0,2,1,0],2,1},{'A',[23,-30,10,-3,23],4,0,[15,-30,15,0,15],3,0,[8,0,-5,-3,8],3,0},{'O',[-23,30,-10,3,-23],4,[-23,30,-10,3,-23],4,0}}
Adder graph: {{'A',[0,1,0,0,0],1,0,[0,1,0,0,0],0,1,[0,-1,0,0,0],0,0},{'A',[0,1,0,1,0],1,0,[0,1,0,0,0],0,0,[0,0,0,1,0],0,0},{'A',[0,-15,0,1,0],2,0,[0,1,0,1,0],1,0,[0,-1,0,0,0],1,4},{'A',[0,0,2,-1,0],1,0,[0,0,1,0,0],0,1,[0,0,0,-1,0],0,0},{'A',[1,0,0,0,1],1,0,[1,0,0,0,0],0,0,[0,0,0,0,1],0,0},{'A',[4,0,2,-1,4],2,0,[0,0,2,-1,0],1,0,[1,0,0,0,1],1,2},{'A',[-12,0,-6,3,-12],3,0,[4,0,2,-1,4],2,0,[-4,0,-2,1,-4],2,2},{'A',[1,0,2,-1,1],2,0,[1,0,0,0,1],1,0,[0,0,2,-1,0],1,0},{'A',[-1,-30,-2,3,-1],3,0,[0,-15,0,1,0],2,1,[-1,0,-2,1,-1],2,0},{'A',[-23,30,-10,3,-23],4,0,[-12,0,-6,3,-12],3,1,[1,30,2,-3,1],3,0},{'O',[-23,30,-10,3,-23],4,[-23,30,-10,3,-23],4,0}}
Adder graph: {{'A',[0,0,-1,2,0],1,0,[0,0,0,1,0],0,1,[0,0,-1,0,0],0,0},{'A',[0,0,3,-6,0],2,0,[0,0,-1,2,0],1,0,[0,0,1,-2,0],1,2},{'A',[0,2,0,1,0],1,0,[0,0,0,1,0],0,0,[0,1,0,0,0],0,1},{'A',[1,0,0,0,1],1,0,[1,0,0,0,0],0,0,[0,0,0,0,1],0,0},{'A',[1,-2,0,-1,1],2,0,[1,0,0,0,1],1,0,[0,-2,0,-1,0],1,0},{'A',[0,0,2,0,0],1,0,[0,0,1,0,0],0,0,[0,0,1,0,0],0,0},{'A',[1,0,2,0,1],2,0,[0,0,2,0,0],1,0,[1,0,0,0,1],1,0},{'A',[1,-2,6,-13,1],3,0,[1,-2,0,-1,1],2,0,[0,0,3,-6,0],2,1},{'A',[3,-4,2,-2,3],3,0,[1,-2,0,-1,1],2,1,[1,0,2,0,1],2,0},{'A',[23,-30,10,-3,23],4,0,[3,-4,2,-2,3],3,3,[-1,2,-6,13,-1],3,0},{'O',[-23,30,-10,3,-23],4,[-23,30,-10,3,-23],4,0}}
Adder graph: {{'A',[0,1,1,0,0],1,0,[0,1,0,0,0],0,0,[0,0,1,0,0],0,0},{'A',[0,1,0,0,0],1,0,[0,1,0,0,0],0,1,[0,-1,0,0,0],0,0},{'A',[0,-3,1,0,0],2,0,[0,1,1,0,0],1,0,[0,-1,0,0,0],1,2},{'A',[0,-15,5,0,0],3,0,[0,-3,1,0,0],2,2,[0,-3,1,0,0],2,0},{'A',[1,0,0,0,1],1,0,[0,0,0,0,1],0,0,[1,0,0,0,0],0,0},{'A',[0,0,0,3,0],1,0,[0,0,0,1,0],0,2,[0,0,0,-1,0],0,0},{'A',[-3,0,0,0,-3],2,0,[1,0,0,0,1],1,0,[-1,0,0,0,-1],1,2},{'A',[1,0,0,3,1],2,0,[1,0,0,0,1],1,0,[0,0,0,3,0],1,0},{'A',[-23,0,0,3,-23],3,0,[1,0,0,3,1],2,0,[-3,0,0,0,-3],2,3},{'A',[-23,30,-10,3,-23],4,0,[-23,0,0,3,-23],3,0,[0,15,-5,0,0],3,1},{'O',[-23,30,-10,3,-23],4,[-23,30,-10,3,-23],4,0}}
Adder graph: {{'A',[1,0,0,0,1],1,0,[0,0,0,0,1],0,0,[1,0,0,0,0],0,0},{'A',[0,1,0,1,0],1,0,[0,1,0,0,0],0,0,[0,0,0,1,0],0,0},{'A',[0,0,-2,1,0],1,0,[0,0,0,1,0],0,0,[0,0,-1,0,0],0,1},{'A',[1,1,0,1,1],2,0,[0,1,0,1,0],1,0,[1,0,0,0,1],1,0},{'A',[-1,0,-2,1,-1],2,0,[0,0,-2,1,0],1,0,[-1,0,0,0,-1],1,0},{'A',[-5,0,-10,5,-5],3,0,[-1,0,-2,1,-1],2,2,[-1,0,-2,1,-1],2,0},{'A',[0,1,0,0,0],1,0,[0,1,0,0,0],0,1,[0,-1,0,0,0],0,0},{'A',[1,-2,0,0,1],2,0,[1,0,0,0,1],1,0,[0,-1,0,0,0],1,1},{'A',[9,-15,0,1,9],3,0,[1,-2,0,0,1],2,3,[1,1,0,1,1],2,0},{'A',[23,-30,10,-3,23],4,0,[9,-15,0,1,9],3,1,[5,0,10,-5,5],3,0},{'O',[-23,30,-10,3,-23],4,[-23,30,-10,3,-23],4,0}}
Adder graph: {{'A',[1,0,0,0,1],1,0,[0,0,0,0,1],0,0,[1,0,0,0,0],0,0},{'A',[0,2,0,0,0],1,0,[0,1,0,0,0],0,0,[0,1,0,0,0],0,0},{'A',[0,0,2,-1,0],1,0,[0,0,1,0,0],0,1,[0,0,0,-1,0],0,0},{'A',[0,1,0,1,0],1,0,[0,1,0,0,0],0,0,[0,0,0,1,0],0,0},{'A',[-1,2,0,0,-1],2,0,[0,2,0,0,0],1,0,[-1,0,0,0,-1],1,0},{'A',[1,0,2,-1,1],2,0,[1,0,0,0,1],1,0,[0,0,2,-1,0],1,0},{'A',[0,-1,2,-2,0],2,0,[0,0,2,-1,0],1,0,[0,-1,0,-1,0],1,0},{'A',[3,-4,2,-1,3],3,0,[1,0,2,-1,1],2,0,[1,-2,0,0,1],2,1},{'A',[1,-2,6,-5,1],3,0,[0,-1,2,-2,0],2,1,[1,0,2,-1,1],2,0},{'A',[23,-30,10,-3,23],4,0,[3,-4,2,-1,3],3,3,[-1,2,-6,5,-1],3,0},{'O',[-23,30,-10,3,-23],4,[-23,30,-10,3,-23],4,0}}
Adder graph: {{'A',[0,0,2,1,0],1,0,[0,0,1,0,0],0,1,[0,0,0,1,0],0,0},{'A',[0,0,-6,-3,0],2,0,[0,0,2,1,0],1,0,[0,0,-2,-1,0],1,2},{'A',[0,1,-1,0,0],1,0,[0,1,0,0,0],0,0,[0,0,-1,0,0],0,0},{'A',[0,1,0,0,0],1,0,[0,1,0,0,0],0,1,[0,-1,0,0,0],0,0},{'A',[1,0,0,0,1],1,0,[0,0,0,0,1],0,0,[1,0,0,0,0],0,0},{'A',[-1,1,-1,0,-1],2,0,[0,1,-1,0,0],1,0,[-1,0,0,0,-1],1,0},{'A',[1,-2,0,0,1],2,0,[1,0,0,0,1],1,0,[0,-1,0,0,0],1,1},{'A',[-1,2,-6,-3,-1],3,0,[0,0,-6,-3,0],2,0,[-1,2,0,0,-1],2,0},{'A',[-3,4,-2,0,-3],3,0,[-1,1,-1,0,-1],2,1,[-1,2,0,0,-1],2,0},{'A',[23,-30,10,-3,23],4,0,[-1,2,-6,-3,-1],3,0,[3,-4,2,0,3],3,3},{'O',[-23,30,-10,3,-23],4,[-23,30,-10,3,-23],4,0}}
Adder graph: {{'A',[0,0,1,1,0],1,0,[0,0,0,1,0],0,0,[0,0,1,0,0],0,0},{'A',[1,0,0,0,1],1,0,[1,0,0,0,0],0,0,[0,0,0,0,1],0,0},{'A',[0,0,1,0,0],1,1,[0,0,1,0,0],0,0,[0,0,1,0,0],0,0},{'A',[0,0,-1,-2,0],2,0,[0,0,1,0,0],1,0,[0,0,-1,-1,0],1,1},{'A',[0,2,0,1,0],1,0,[0,1,0,0,0],0,1,[0,0,0,1,0],0,0},{'A',[1,0,1,1,1],2,0,[0,0,1,1,0],1,0,[1,0,0,0,1],1,0},{'A',[-1,2,0,1,-1],2,0,[0,2,0,1,0],1,0,[-1,0,0,0,-1],1,0},{'A',[-1,2,2,5,-1],3,0,[-1,2,0,1,-1],2,0,[0,0,1,2,0],2,1},{'A',[-3,4,-1,1,-3],3,0,[-1,2,0,1,-1],2,1,[-1,0,-1,-1,-1],2,0},{'A',[-23,30,-10,3,-23],4,0,[-3,4,-1,1,-3],3,3,[1,-2,-2,-5,1],3,0},{'O',[-23,30,-10,3,-23],4,[-23,30,-10,3,-23],4,0}}
Finished solving after 132816 seconds
Adder graph: {{'A',[0,0,1,1,0],1,0,[0,0,0,1,0],0,0,[0,0,1,0,0],0,0},{'A',[1,0,0,0,1],1,0,[1,0,0,0,0],0,0,[0,0,0,0,1],0,0},{'A',[0,0,1,0,0],1,1,[0,0,1,0,0],0,0,[0,0,1,0,0],0,0},{'A',[0,0,-1,-2,0],2,0,[0,0,1,0,0],1,0,[0,0,-1,-1,0],1,1},{'A',[0,2,0,1,0],1,0,[0,1,0,0,0],0,1,[0,0,0,1,0],0,0},{'A',[1,0,1,1,1],2,0,[0,0,1,1,0],1,0,[1,0,0,0,1],1,0},{'A',[-1,2,0,1,-1],2,0,[0,2,0,1,0],1,0,[-1,0,0,0,-1],1,0},{'A',[-1,2,2,5,-1],3,0,[-1,2,0,1,-1],2,0,[0,0,1,2,0],2,1},{'A',[-3,4,-1,1,-3],3,0,[-1,2,0,1,-1],2,1,[-1,0,-1,-1,-1],2,0},{'A',[-23,30,-10,3,-23],4,0,[-3,4,-1,1,-3],3,3,[1,-2,-2,-5,1],3,0},{'O',[-23,30,-10,3,-23],4,[-23,30,-10,3,-23],4,0}}
#Add optimal = 0
#FAs optimal = 0
