Adder graph: {{'A',[0,2,0,0,-1],1,0,[0,1,0,0,0],0,1,[0,0,0,0,-1],0,0},{'A',[1,0,16,0,0],1,0,[1,0,0,0,0],0,0,[0,0,1,0,0],0,4},{'A',[-8,1,0,0,0],1,0,[0,1,0,0,0],0,0,[-1,0,0,0,0],0,3},{'A',[0,1,0,8,0],1,0,[0,1,0,0,0],0,0,[0,0,0,1,0],0,3},{'A',[-8,-31,0,0,16],2,0,[-8,1,0,0,0],1,0,[0,-2,0,0,1],1,4},{'A',[2,-1,32,-8,0],2,0,[1,0,16,0,0],1,1,[0,-1,0,-8,0],1,0},{'A',[-5,-15,-16,4,8],3,1,[-8,-31,0,0,16],2,0,[-2,1,-32,8,0],2,0},{'O',[5,15,16,-4,-8],3,[5,15,16,-4,-8],3,0}}
Adder graph: {{'A',[0,0,4,-1,0],1,0,[0,0,1,0,0],0,2,[0,0,0,-1,0],0,0},{'A',[-4,1,0,0,0],1,0,[0,1,0,0,0],0,0,[-1,0,0,0,0],0,2},{'A',[0,1,0,0,0],1,0,[0,1,0,0,0],0,1,[0,-1,0,0,0],0,0},{'A',[1,0,0,0,-8],1,0,[1,0,0,0,0],0,0,[0,0,0,0,-1],0,3},{'A',[5,-1,0,0,-8],2,0,[1,0,0,0,-8],1,0,[4,-1,0,0,0],1,0},{'A',[0,4,4,-1,0],2,0,[0,1,0,0,0],1,2,[0,0,4,-1,0],1,0},{'A',[5,15,16,-4,-8],3,0,[5,-1,0,0,-8],2,0,[0,4,4,-1,0],2,2},{'O',[5,15,16,-4,-8],3,[5,15,16,-4,-8],3,0}}
Adder graph: {{'A',[0,0,-4,1,0],1,0,[0,0,0,1,0],0,0,[0,0,-1,0,0],0,2},{'A',[1,0,0,0,-1],1,0,[1,0,0,0,0],0,0,[0,0,0,0,-1],0,0},{'A',[0,4,0,0,-1],1,0,[0,1,0,0,0],0,2,[0,0,0,0,-1],0,0},{'A',[-1,0,-4,1,1],2,0,[0,0,-4,1,0],1,0,[-1,0,0,0,1],1,0},{'A',[1,-1,0,0,0],1,0,[1,0,0,0,0],0,0,[0,-1,0,0,0],0,0},{'A',[1,15,0,0,-4],2,0,[0,4,0,0,-1],1,2,[1,-1,0,0,0],1,0},{'A',[-5,-15,-16,4,8],3,0,[-1,0,-4,1,1],2,2,[-1,-15,0,0,4],2,0},{'O',[5,15,16,-4,-8],3,[5,15,16,-4,-8],3,0}}
Adder graph: {{'A',[3,0,0,0,0],1,0,[1,0,0,0,0],0,1,[1,0,0,0,0],0,0},{'A',[0,0,0,1,2],1,0,[0,0,0,1,0],0,0,[0,0,0,0,1],0,1},{'A',[1,1,0,0,0],1,0,[0,1,0,0,0],0,0,[1,0,0,0,0],0,0},{'A',[0,1,1,0,0],1,0,[0,1,0,0,0],0,0,[0,0,1,0,0],0,0},{'A',[1,-15,-16,0,0],2,0,[1,1,0,0,0],1,0,[0,-1,-1,0,0],1,4},{'A',[3,0,0,-2,-4],2,0,[3,0,0,0,0],1,0,[0,0,0,-1,-2],1,1},{'A',[-5,-15,-16,4,8],3,0,[1,-15,-16,0,0],2,0,[-3,0,0,2,4],2,1},{'O',[5,15,16,-4,-8],3,[5,15,16,-4,-8],3,0}}
Adder graph: {{'A',[0,1,1,0,0],1,0,[0,0,1,0,0],0,0,[0,1,0,0,0],0,0},{'A',[0,1,0,4,0],1,0,[0,1,0,0,0],0,0,[0,0,0,1,0],0,2},{'A',[-1,0,0,0,1],1,0,[0,0,0,0,1],0,0,[-1,0,0,0,0],0,0},{'A',[3,0,0,0,0],1,0,[1,0,0,0,0],0,2,[-1,0,0,0,0],0,0},{'A',[1,2,2,0,-1],2,0,[0,1,1,0,0],1,1,[1,0,0,0,-1],1,0},{'A',[3,1,0,4,0],2,0,[3,0,0,0,0],1,0,[0,1,0,4,0],1,0},{'A',[-5,-15,-16,4,8],3,0,[3,1,0,4,0],2,0,[-1,-2,-2,0,1],2,3},{'O',[5,15,16,-4,-8],3,[5,15,16,-4,-8],3,0}}
Adder graph: {{'A',[-1,1,0,0,0],1,0,[0,1,0,0,0],0,0,[-1,0,0,0,0],0,0},{'A',[-1,0,0,1,0],1,0,[0,0,0,1,0],0,0,[-1,0,0,0,0],0,0},{'A',[0,2,0,0,0],1,0,[0,1,0,0,0],0,0,[0,1,0,0,0],0,0},{'A',[0,0,-2,0,1],1,0,[0,0,0,0,1],0,0,[0,0,-1,0,0],0,1},{'A',[-5,1,0,4,0],2,0,[-1,1,0,0,0],1,0,[-1,0,0,1,0],1,2},{'A',[0,2,2,0,-1],2,0,[0,2,0,0,0],1,0,[0,0,2,0,-1],1,0},{'A',[5,15,16,-4,-8],3,0,[0,2,2,0,-1],2,3,[5,-1,0,-4,0],2,0},{'O',[5,15,16,-4,-8],3,[5,15,16,-4,-8],3,0}}
Adder graph: {{'A',[1,-1,0,0,0],1,0,[1,0,0,0,0],0,0,[0,-1,0,0,0],0,0},{'A',[1,0,0,0,0],1,1,[1,0,0,0,0],0,0,[1,0,0,0,0],0,0},{'A',[0,1,1,0,0],1,0,[0,0,1,0,0],0,0,[0,1,0,0,0],0,0},{'A',[1,15,16,0,0],2,0,[0,1,1,0,0],1,4,[1,-1,0,0,0],1,0},{'A',[0,0,0,1,2],1,0,[0,0,0,0,1],0,1,[0,0,0,1,0],0,0},{'A',[-1,0,0,1,2],2,0,[0,0,0,1,2],1,0,[-1,0,0,0,0],1,0},{'A',[-5,-15,-16,4,8],3,0,[-1,0,0,1,2],2,2,[-1,-15,-16,0,0],2,0},{'O',[5,15,16,-4,-8],3,[5,15,16,-4,-8],3,0}}
Adder graph: {{'A',[1,-1,0,0,0],1,0,[1,0,0,0,0],0,0,[0,-1,0,0,0],0,0},{'A',[0,1,1,0,0],1,0,[0,0,1,0,0],0,0,[0,1,0,0,0],0,0},{'A',[-1,0,0,1,0],1,0,[0,0,0,1,0],0,0,[-1,0,0,0,0],0,0},{'A',[5,-1,0,-4,0],2,0,[1,-1,0,0,0],1,0,[1,0,0,-1,0],1,2},{'A',[0,0,0,0,1],1,1,[0,0,0,0,1],0,0,[0,0,0,0,1],0,0},{'A',[0,2,2,0,-1],2,0,[0,1,1,0,0],1,1,[0,0,0,0,-1],1,0},{'A',[5,15,16,-4,-8],3,0,[0,2,2,0,-1],2,3,[5,-1,0,-4,0],2,0},{'O',[5,15,16,-4,-8],3,[5,15,16,-4,-8],3,0}}
Finished solving after 627.148 seconds
Adder graph: {{'A',[1,-1,0,0,0],1,0,[1,0,0,0,0],0,0,[0,-1,0,0,0],0,0},{'A',[0,1,1,0,0],1,0,[0,0,1,0,0],0,0,[0,1,0,0,0],0,0},{'A',[-1,0,0,1,0],1,0,[0,0,0,1,0],0,0,[-1,0,0,0,0],0,0},{'A',[5,-1,0,-4,0],2,0,[1,-1,0,0,0],1,0,[1,0,0,-1,0],1,2},{'A',[0,0,0,0,1],1,1,[0,0,0,0,1],0,0,[0,0,0,0,1],0,0},{'A',[0,2,2,0,-1],2,0,[0,1,1,0,0],1,1,[0,0,0,0,-1],1,0},{'A',[5,15,16,-4,-8],3,0,[0,2,2,0,-1],2,3,[5,-1,0,-4,0],2,0},{'O',[5,15,16,-4,-8],3,[5,15,16,-4,-8],3,0}}
#Add optimal = 1
#FAs optimal = 1
