<graph>
{{'A',[1866],3,[245],2,4,[-1027],2,1},{'A',[2987],3,[245],2,3,[1027],2,0},{'A',[3900],3,[245],2,4,[-5],2,2},{'A',[5],2,[1],1,0,[1],1,2},{'A',[245],2,[257],1,0,[-3],1,2},{'A',[1027],2,[1],1,10,[3],1,0},{'R',[1],1,[1],0},{'A',[3],1,[1],0,0,[1],0,1},{'A',[257],1,[1],0,0,[1],0,8}}
</graph>
<graph>
{{'A',[804],3,[103],2,3,[-5],2,2},{'A',[2104],3,[5],2,8,[103],2,3},{'A',[975],3,[245],2,2,[-5],2,0},{'A',[5],2,[1],1,0,[1],1,2},{'A',[103],2,[3],1,5,[7],1,0},{'A',[245],2,[257],1,0,[-3],1,2},{'R',[1],1,[1],0},{'A',[3],1,[1],0,0,[1],0,1},{'A',[7],1,[1],0,3,[-1],0,0},{'A',[257],1,[1],0,0,[1],0,8}}
</graph>
<graph>
{{'A',[3034],3,[245],2,2,[1027],2,1},{'A',[3309],3,[271],2,4,[-1027],2,0},{'A',[3675],3,[245],2,4,[-245],2,0},{'A',[245],2,[257],1,0,[-3],1,2},{'A',[271],2,[7],1,1,[257],1,0},{'A',[1027],2,[1],1,10,[3],1,0},{'R',[1],1,[1],0},{'A',[3],1,[1],0,0,[1],0,1},{'A',[7],1,[1],0,3,[-1],0,0},{'A',[257],1,[1],0,0,[1],0,8}}
</graph>
<graph>
{{'A',[1136],3,[245],2,3,[-103],2,3},{'A',[1230],3,[1027],2,1,[-103],2,3},{'A',[3195],3,[271],2,3,[1027],2,0},{'A',[103],2,[3],1,5,[7],1,0},{'A',[245],2,[257],1,0,[-3],1,2},{'A',[271],2,[7],1,1,[257],1,0},{'A',[1027],2,[1],1,10,[3],1,0},{'R',[1],1,[1],0},{'A',[3],1,[1],0,0,[1],0,1},{'A',[7],1,[1],0,3,[-1],0,0},{'A',[257],1,[1],0,0,[1],0,8}}
</graph>
<merge>
1866;804;3309;1136
</merge>
<merge>
2987;2104;3675;1230
</merge>
<merge>
3900;975;3034;3195
</merge>