<graph>
{{'A',[566],3,[11],2,1,[17],2,5},{'A',[3052],3,[11],2,8,[59],2,2},{'A',[3076],3,[11],2,8,[65],2,2},{'A',[11],2,[1],1,0,[5],1,1},{'A',[17],2,[1],1,0,[1],1,4},{'A',[59],2,[1],1,6,[-5],1,0},{'A',[65],2,[1],1,0,[1],1,6},{'R',[1],1,[1],0},{'A',[5],1,[1],0,0,[1],0,2}}
</graph>
<graph>
{{'A',[1006],3,[65],2,4,[-17],2,1},{'A',[2836],3,[3],2,10,[-59],2,2},{'A',[2447],3,[2565],2,0,[-59],2,1},{'A',[3],2,[1],1,0,[1],1,1},{'A',[17],2,[1],1,0,[1],1,4},{'A',[59],2,[1],1,6,[-5],1,0},{'A',[65],2,[1],1,0,[1],1,6},{'A',[2565],2,[5],1,0,[5],1,9},{'R',[1],1,[1],0},{'A',[5],1,[1],0,0,[1],0,2}}
</graph>
<graph>
{{'A',[3952],3,[11],2,4,[59],2,6},{'A',[1885],3,[59],2,5,[-3],2,0},{'A',[2825],3,[65],2,2,[2565],2,0},{'A',[3],2,[1],1,0,[1],1,1},{'A',[11],2,[1],1,0,[5],1,1},{'A',[59],2,[1],1,6,[-5],1,0},{'A',[65],2,[1],1,0,[1],1,6},{'A',[2565],2,[5],1,0,[5],1,9},{'R',[1],1,[1],0},{'A',[5],1,[1],0,0,[1],0,2}}
</graph>
<graph>
{{'A',[3120],3,[3],2,4,[3],2,10},{'A',[2346],3,[37],2,6,[-11],2,1},{'A',[3742],3,[59],2,6,[-17],2,1},{'A',[3],2,[1],1,0,[1],1,1},{'A',[11],2,[1],1,0,[5],1,1},{'A',[17],2,[1],1,0,[1],1,4},{'A',[37],2,[1],1,5,[5],1,0},{'A',[59],2,[1],1,6,[-5],1,0},{'R',[1],1,[1],0},{'A',[5],1,[1],0,0,[1],0,2}}
</graph>
<merge>
3076;2447;2825;3742
</merge>
<merge>
566;1006;1885;3120
</merge>
<merge>
3052;2836;3952;2346
</merge>