<graph>
{{'A',[108],3,[3],2,2,[3],2,5},{'A',[1076],3,[35],2,4,[129],2,2},{'A',[3913],3,[4105],2,0,[-3],2,6},{'A',[3],2,[1],1,0,[1],1,1},{'A',[35],2,[9],1,2,[-1],1,0},{'A',[129],2,[1],1,0,[1],1,7},{'A',[4105],2,[1],1,12,[9],1,0},{'R',[1],1,[1],0},{'A',[9],1,[1],0,0,[1],0,3}}
</graph>
<graph>
{{'R',[6],3,[3],2,1},{'A',[234],3,[129],2,1,[-3],2,3},{'A',[2035],3,[4105],2,-1,[-35],2,-1},{'A',[3],2,[1],1,0,[1],1,1},{'A',[35],2,[9],1,2,[-1],1,0},{'A',[129],2,[1],1,0,[1],1,7},{'A',[4105],2,[1],1,12,[9],1,0},{'R',[1],1,[1],0},{'A',[9],1,[1],0,0,[1],0,3}}
</graph>
<graph>
{{'A',[2256],3,[3],2,6,[129],2,4},{'A',[859],3,[247],2,2,[-129],2,0},{'A',[1123],3,[3],2,0,[35],2,5},{'A',[3],2,[1],1,0,[1],1,1},{'A',[35],2,[9],1,2,[-1],1,0},{'A',[129],2,[1],1,0,[1],1,7},{'A',[247],2,[1],1,8,[-9],1,0},{'R',[1],1,[1],0},{'A',[9],1,[1],0,0,[1],0,3}}
</graph>
<graph>
{{'A',[1190],3,[35],2,1,[35],2,5},{'A',[3978],3,[13],2,1,[247],2,4},{'A',[2311],3,[129],2,4,[247],2,0},{'A',[13],2,[1],1,2,[9],1,0},{'A',[35],2,[9],1,2,[-1],1,0},{'A',[129],2,[1],1,0,[1],1,7},{'A',[247],2,[1],1,8,[-9],1,0},{'R',[1],1,[1],0},{'A',[9],1,[1],0,0,[1],0,3}}
</graph>
<merge>
3913;234;1123;1190
</merge>
<merge>
1076;2035;2256;2311
</merge>
<merge>
108;6;859;3978
</merge>