<graph>
{{'A',[906],3,[185],2,4,[-1027],2,1},{'A',[1061],3,[17],2,1,[1027],2,0},{'A',[4065],3,[1027],2,2,[-43],2,0},{'A',[17],2,[1],1,0,[1],1,4},{'A',[43],2,[3],1,0,[5],1,3},{'A',[185],2,[3],1,6,[-7],1,0},{'A',[1027],2,[1],1,10,[3],1,0},{'R',[1],1,[1],0},{'A',[3],1,[1],0,0,[1],0,1},{'A',[5],1,[1],0,0,[1],0,2},{'A',[7],1,[1],0,3,[-1],0,0}}
</graph>
<graph>
{{'A',[1742],3,[111],2,4,[-17],2,1},{'A',[2777],3,[111],2,5,[-775],2,0},{'A',[2803],3,[111],2,4,[1027],2,0},{'A',[17],2,[1],1,0,[1],1,4},{'A',[111],2,[7],1,4,[-1],1,0},{'A',[775],2,[3],1,8,[7],1,0},{'A',[1027],2,[1],1,10,[3],1,0},{'R',[1],1,[1],0},{'A',[3],1,[1],0,0,[1],0,1},{'A',[7],1,[1],0,3,[-1],0,0}}
</graph>
<graph>
{{'A',[914],3,[17],2,5,[185],2,1},{'A',[3492],3,[43],2,6,[185],2,2},{'A',[3922],3,[111],2,5,[185],2,1},{'A',[17],2,[1],1,0,[1],1,4},{'A',[43],2,[3],1,0,[5],1,3},{'A',[111],2,[7],1,4,[-1],1,0},{'A',[185],2,[3],1,6,[-7],1,0},{'R',[1],1,[1],0},{'A',[3],1,[1],0,0,[1],0,1},{'A',[5],1,[1],0,0,[1],0,2},{'A',[7],1,[1],0,3,[-1],0,0}}
</graph>
<graph>
{{'A',[527],3,[17],2,5,[-17],2,0},{'A',[603],3,[775],2,0,[-43],2,2},{'A',[1131],3,[17],2,6,[43],2,0},{'A',[17],2,[1],1,0,[1],1,4},{'A',[43],2,[3],1,0,[5],1,3},{'A',[775],2,[3],1,8,[7],1,0},{'R',[1],1,[1],0},{'A',[3],1,[1],0,0,[1],0,1},{'A',[5],1,[1],0,0,[1],0,2},{'A',[7],1,[1],0,3,[-1],0,0}}
</graph>
<merge>
4065;1742;914;527
</merge>
<merge>
906;2803;3922;603
</merge>
<merge>
1061;2777;3492;1131
</merge>