<graph>
{{'A',[47],2,[1],1,4,[31],1,0},{'A',[146],2,[5],1,5,[-7],1,1},{'A',[159],2,[5],1,5,[-1],1,0},{'R',[1],1,[1],0},{'A',[5],1,[1],0,0,[1],0,2},{'A',[7],1,[1],0,3,[-1],0,0},{'A',[31],1,[1],0,5,[-1],0,0}}
</graph>
<graph>
{{'A',[152],2,[5],1,5,[-1],1,3},{'A',[204],2,[7],1,5,[-5],1,2},{'A',[253],2,[5],1,0,[31],1,3},{'R',[1],1,[1],0},{'A',[5],1,[1],0,0,[1],0,2},{'A',[7],1,[1],0,3,[-1],0,0},{'A',[31],1,[1],0,5,[-1],0,0}}
</graph>
<graph>
{{'A',[126],2,[1],1,7,[-1],1,1},{'A',[119],2,[31],1,2,[-5],1,0},{'A',[193],2,[7],1,5,[-31],1,0},{'R',[1],1,[1],0},{'A',[5],1,[1],0,0,[1],0,2},{'A',[7],1,[1],0,3,[-1],0,0},{'A',[31],1,[1],0,5,[-1],0,0}}
</graph>
<merge>
159;204;119
</merge>
<merge>
47;253;193
</merge>
<merge>
146;152;126
</merge>