<graph>
{{'R',[96],2,[3],1,5},{'A',[42],2,[3],1,4,[-3],1,1},{'A',[228],2,[1],1,2,[7],1,5},{'R',[1],1,[1],0},{'A',[3],1,[1],0,0,[1],0,1},{'A',[7],1,[1],0,3,[-1],0,0}}
</graph>
<graph>
{{'R',[16],2,[1],1,4},{'A',[176],2,[1],1,7,[3],1,4},{'A',[55],2,[7],1,3,[-1],1,0},{'R',[1],1,[1],0},{'A',[3],1,[1],0,0,[1],0,1},{'A',[7],1,[1],0,3,[-1],0,0}}
</graph>
<graph>
{{'A',[20],2,[1],1,2,[1],1,4},{'A',[102],2,[3],1,1,[3],1,5},{'A',[243],2,[3],1,0,[15],1,4},{'R',[1],1,[1],0},{'A',[3],1,[1],0,0,[1],0,1},{'A',[15],1,[1],0,4,[-1],0,0}}
</graph>
<merge>
228;16;20
</merge>
<merge>
42;176;243
</merge>
<merge>
96;55;102
</merge>