Adder graph: {{'M',[1;1;2],1,[1;1;1],0,[0;0;1]},{'M',[1;1;4],1,[1;1;1],0,[0;0;2]},{'A',[9;7;12],2,[1;1;2],1,3,[1;-1;-4],1,0},{'M',[64;7;12],3,[1;1;1],0,[6;NaN;NaN],[9;7;12],2,[NaN;0;0]},{'M',[18;1;1],3,[1;1;1],0,[NaN;0;0],[9;7;12],2,[1;NaN;NaN]},{'A',[110;13;25],4,[64;7;12],3,1,[-18;-1;1],3,0},{'M',[8;1;25],5,[1;1;1],0,[3;0;NaN],[110;13;25],4,[NaN;NaN;0]},{'M',[1;64;8],1,[1;1;1],0,[0;6;3]},{'A',[15;-62;42],6,[8;1;25],5,1,[-1;-64;-8],1,0},{'M',[15;32;168],7,[1;1;1],0,[NaN;5;NaN],[15;-62;42],6,[0;NaN;2]},{'A',[-95;45;143],8,[15;32;168],7,0,[-110;13;-25],4,0},{'M',[128;256;143],9,[1;1;1],0,[7;8;NaN],[-95;45;143],8,[NaN;NaN;0]},{'M',[1;13;200],5,[1;1;1],0,[0;NaN;NaN],[110;13;25],4,[NaN;0;3]},{'A',[127;243;-57],10,[128;256;143],9,0,[-1;-13;-200],5,0},{'M',[1;16;25],5,[1;1;1],0,[0;4;NaN],[110;13;25],4,[NaN;NaN;0]},{'M',[220;7;42],7,[9;7;12],2,[NaN;0;NaN],[110;13;25],4,[1;NaN;NaN],[15;-62;42],6,[NaN;NaN;0]},{'A',[221;23;67],8,[1;16;25],5,0,[220;7;42],7,0},{'M',[4;1;-57],11,[1;1;1],0,[2;0;NaN],[127;243;-57],10,[NaN;NaN;0]},{'M',[221;92;24],9,[9;7;12],2,[NaN;NaN;1],[221;23;67],8,[0;2;NaN]},{'A',[225;-91;-81],12,[4;1;-57],11,0,[221;-92;-24],9,0},{'M',[442;-91;200],13,[110;13;25],4,[NaN;NaN;3],[221;23;67],8,[1;NaN;NaN],[225;-91;-81],12,[NaN;0;NaN]},{'M',[480;2;-81],13,[1;1;1],0,[NaN;1;NaN],[15;-62;42],6,[5;NaN;NaN],[225;-91;-81],12,[NaN;NaN;0]},{'A',[-38;-93;119],14,[442;-91;200],13,0,[-480;-2;-81],13,0},{'M',[15;64;119],15,[1;1;1],0,[NaN;6;NaN],[15;-62;42],6,[0;NaN;NaN],[-38;-93;119],14,[NaN;NaN;0]},{'M',[-38;45;268],15,[-95;45;143],8,[NaN;0;NaN],[221;23;67],8,[NaN;NaN;2],[-38;-93;119],14,[0;NaN;NaN]},{'A',[53;109;-149],16,[15;64;119],15,0,[38;45;-268],15,0},{'M',[4;23;4],9,[1;1;1],0,[2;NaN;2],[221;23;67],8,[NaN;0;NaN]},{'M',[53;224;1],17,[1;1;1],0,[NaN;NaN;0],[9;7;12],2,[NaN;5;NaN],[53;109;-149],16,[0;NaN;NaN]},{'A',[-49;247;5],18,[4;23;4],9,0,[-53;224;1],17,0},{'M',[110;90;84],9,[110;13;25],4,[0;NaN;NaN],[15;-62;42],6,[NaN;NaN;1],[-95;45;143],8,[NaN;1;NaN]},{'O',[110;90;84],9,[110;90;84],9,0},{'M',[127;109;5],19,[127;243;-57],10,[0;NaN;NaN],[53;109;-149],16,[NaN;0;NaN],[-49;247;5],18,[NaN;NaN;0]},{'O',[127;109;5],19,[127;109;5],19,0},{'M',[221;247;25],19,[110;13;25],4,[NaN;NaN;0],[221;23;67],8,[0;NaN;NaN],[-49;247;5],18,[NaN;0;NaN]},{'O',[221;247;25],19,[221;247;25],19,0},{'M',[53;46;143],17,[-95;45;143],8,[NaN;NaN;0],[221;23;67],8,[NaN;1;NaN],[53;109;-149],16,[0;NaN;NaN]},{'O',[53;46;143],17,[53;46;143],17,0},{'M',[225;26;119],15,[110;13;25],4,[NaN;1;NaN],[225;-91;-81],12,[0;NaN;NaN],[-38;-93;119],14,[NaN;NaN;0]},{'O',[225;26;119],15,[225;26;119],15,0},{'M',[15;14;32],7,[1;1;1],0,[NaN;NaN;5],[9;7;12],2,[NaN;1;NaN],[15;-62;42],6,[0;NaN;NaN]},{'O',[15;14;32],7,[15;14;32],7,0},{'M',[-152;-62;-149],17,[15;-62;42],6,[NaN;0;NaN],[-38;-93;119],14,[2;NaN;NaN],[53;109;-149],16,[NaN;NaN;0]},{'O',[152;62;149],17,[152;62;149],17,0},{'M',[-95;-182;-162],13,[-95;45;143],8,[0;NaN;NaN],[225;-91;-81],12,[NaN;1;1]},{'O',[95;182;162],13,[95;182;162],13,0},{'M',[-49;-93;-114],19,[127;243;-57],10,[NaN;NaN;1],[-38;-93;119],14,[NaN;0;NaN],[-49;247;5],18,[0;NaN;NaN]},{'O',[98;186;228],19,[49;93;114],19,1},{'M',[128;243;67],11,[1;1;1],0,[7;NaN;NaN],[127;243;-57],10,[NaN;0;NaN],[221;23;67],8,[NaN;NaN;0]},{'O',[128;243;67],11,[128;243;67],11,0}}
Adder graph: {{'M',[16;1;8],1,[1;1;1],0,[4;0;3]},{'M',[1;32;1],1,[1;1;1],0,[0;5;0]},{'A',[15;-31;9],2,[16;1;8],1,0,[-1;-32;1],1,0},{'M',[1;2;1],1,[1;1;1],0,[0;1;0]},{'M',[1;1;9],3,[1;1;1],0,[0;0;NaN],[15;-31;9],2,[NaN;NaN;0]},{'A',[5;7;-5],4,[1;2;1],1,2,[1;-1;-9],3,0},{'M',[30;-62;-5],5,[15;-31;9],2,[1;1;NaN],[5;7;-5],4,[NaN;NaN;0]},{'M',[128;-31;72],3,[1;1;1],0,[7;NaN;NaN],[15;-31;9],2,[NaN;0;3]},{'A',[-98;-93;67],6,[30;-62;-5],5,0,[-128;-31;72],3,0},{'M',[5;1;144],5,[1;1;1],0,[NaN;0;NaN],[15;-31;9],2,[NaN;NaN;4],[5;7;-5],4,[0;NaN;NaN]},{'M',[30;7;9],5,[15;-31;9],2,[1;NaN;0],[5;7;-5],4,[NaN;0;NaN]},{'A',[-55;-13;162],6,[5;1;144],5,0,[-30;-7;9],5,1},{'M',[2;-248;-5],5,[1;1;1],0,[1;NaN;NaN],[15;-31;9],2,[NaN;3;NaN],[5;7;-5],4,[NaN;NaN;0]},{'M',[-55;1;144],7,[1;1;1],0,[NaN;0;NaN],[15;-31;9],2,[NaN;NaN;4],[-55;-13;162],6,[0;NaN;NaN]},{'A',[-53;-247;-149],8,[2;-248;-5],5,0,[-55;1;-144],7,0},{'M',[-220;-31;9],7,[15;-31;9],2,[NaN;0;0],[-55;-13;162],6,[2;NaN;NaN]},{'M',[1;8;128],1,[1;1;1],0,[0;3;7]},{'A',[-221;-23;-119],8,[-220;-31;9],7,0,[-1;8;-128],1,0},{'M',[4;-23;-119],9,[1;1;1],0,[2;NaN;NaN],[-221;-23;-119],8,[NaN;0;0]},{'M',[160;1;-10],5,[1;1;1],0,[NaN;0;NaN],[5;7;-5],4,[5;NaN;1]},{'A',[-152;-45;-228],10,[4;-23;-119],9,1,[-160;1;10],5,0},{'M',[-220;-45;-20],11,[5;7;-5],4,[NaN;NaN;2],[-55;-13;162],6,[2;NaN;NaN],[-152;-45;-228],10,[NaN;0;NaN]},{'M',[5;64;-5],5,[1;1;1],0,[NaN;6;NaN],[5;7;-5],4,[0;NaN;0]},{'A',[-225;-109;-25],12,[-220;-45;-20],11,0,[-5;-64;-5],5,0},{'M',[40;-26;-5],7,[5;7;-5],4,[3;NaN;0],[-55;-13;162],6,[NaN;1;NaN]},{'M',[-55;-208;16],7,[1;1;1],0,[NaN;NaN;4],[-55;-13;162],6,[0;4;NaN]},{'A',[95;182;-21],8,[40;-26;-5],7,0,[55;208;-16],7,0},{'M',[1;256;1],1,[1;1;1],0,[0;8;0]},{'M',[128;-13;144],7,[1;1;1],0,[7;NaN;NaN],[15;-31;9],2,[NaN;NaN;4],[-55;-13;162],6,[NaN;0;NaN]},{'A',[-127;243;-143],8,[1;256;1],1,0,[-128;-13;-144],7,0},{'M',[-55;-45;-42],11,[-55;-13;162],6,[0;NaN;NaN],[-152;-45;-228],10,[NaN;0;NaN],[95;182;-21],8,[NaN;NaN;1]},{'O',[110;90;84],11,[55;45;42],11,1},{'M',[-127;-109;-5],13,[5;7;-5],4,[NaN;NaN;0],[-225;-109;-25],12,[NaN;0;NaN],[-127;243;-143],8,[0;NaN;NaN]},{'O',[127;109;5],13,[127;109;5],13,0},{'M',[-221;-247;-25],13,[-53;-247;-149],8,[NaN;0;NaN],[-221;-23;-119],8,[0;NaN;NaN],[-225;-109;-25],12,[NaN;NaN;0]},{'O',[221;247;25],13,[221;247;25],13,0},{'M',[-53;-46;-143],9,[-53;-247;-149],8,[0;NaN;NaN],[-221;-23;-119],8,[NaN;1;NaN],[-127;243;-143],8,[NaN;NaN;0]},{'O',[53;46;143],9,[53;46;143],9,0},{'M',[-225;-26;-119],13,[-55;-13;162],6,[NaN;1;NaN],[-221;-23;-119],8,[NaN;NaN;0],[-225;-109;-25],12,[0;NaN;NaN]},{'O',[225;26;119],13,[225;26;119],13,0},{'M',[15;14;32],5,[1;1;1],0,[NaN;NaN;5],[15;-31;9],2,[0;NaN;NaN],[5;7;-5],4,[NaN;1;NaN]},{'O',[15;14;32],5,[15;14;32],5,0},{'M',[-152;-62;-149],11,[15;-31;9],2,[NaN;1;NaN],[-53;-247;-149],8,[NaN;NaN;0],[-152;-45;-228],10,[0;NaN;NaN]},{'O',[152;62;149],11,[152;62;149],11,0},{'M',[95;182;162],9,[-55;-13;162],6,[NaN;NaN;0],[95;182;-21],8,[0;0;NaN]},{'O',[95;182;162],9,[95;182;162],9,0},{'M',[-98;-186;-228],11,[-98;-93;67],6,[0;1;NaN],[-152;-45;-228],10,[NaN;NaN;0]},{'O',[98;186;228],11,[98;186;228],11,0},{'M',[128;243;67],9,[1;1;1],0,[7;NaN;NaN],[-98;-93;67],6,[NaN;NaN;0],[-127;243;-143],8,[NaN;0;NaN]},{'O',[128;243;67],9,[128;243;67],9,0}}
Adder graph: {{'M',[2;1;1],1,[1;1;1],0,[1;0;0]},{'A',[15;7;9],2,[2;1;1],1,3,[-1;-1;1],0,0},{'M',[1;1;2],1,[1;1;1],0,[0;0;1]},{'M',[15;28;9],3,[15;7;9],2,[0;2;0]},{'A',[17;-26;-5],4,[1;1;2],1,1,[15;-28;-9],3,0},{'M',[15;32;16],3,[1;1;1],0,[NaN;5;4],[15;7;9],2,[0;NaN;NaN]},{'M',[240;1;9],3,[1;1;1],0,[NaN;0;NaN],[15;7;9],2,[4;NaN;0]},{'A',[-225;31;25],4,[15;32;16],3,0,[-240;-1;9],3,0},{'M',[17;62;144],5,[15;7;9],2,[NaN;NaN;4],[17;-26;-5],4,[0;NaN;NaN],[-225;31;25],4,[NaN;1;NaN]},{'M',[2;28;-5],5,[1;1;1],0,[1;NaN;NaN],[15;7;9],2,[NaN;2;NaN],[17;-26;-5],4,[NaN;NaN;0]},{'A',[19;90;149],6,[17;62;144],5,0,[2;28;5],5,0},{'M',[19;124;72],7,[15;7;9],2,[NaN;NaN;3],[-225;31;25],4,[NaN;2;NaN],[19;90;149],6,[0;NaN;NaN]},{'M',[17;1;1],5,[1;1;1],0,[NaN;0;0],[17;-26;-5],4,[0;NaN;NaN]},{'A',[55;247;143],8,[19;124;72],7,1,[17;-1;-1],5,0},{'M',[1;31;72],5,[1;1;1],0,[0;NaN;NaN],[15;7;9],2,[NaN;NaN;3],[-225;31;25],4,[NaN;0;NaN]},{'M',[220;124;-5],9,[17;-26;-5],4,[NaN;NaN;0],[-225;31;25],4,[NaN;2;NaN],[55;247;143],8,[2;NaN;NaN]},{'A',[221;-93;67],10,[1;31;72],5,0,[220;-124;-5],9,0},{'M',[38;247;286],9,[19;90;149],6,[1;NaN;NaN],[55;247;143],8,[NaN;0;1]},{'M',[17;28;50],5,[15;7;9],2,[NaN;2;NaN],[17;-26;-5],4,[0;NaN;NaN],[-225;31;25],4,[NaN;NaN;1]},{'A',[-98;23;-114],10,[38;247;286],9,0,[-17;-28;-50],5,3},{'M',[34;1;268],11,[1;1;1],0,[NaN;0;NaN],[17;-26;-5],4,[1;NaN;NaN],[221;-93;67],10,[NaN;NaN;2]},{'A',[53;91;-119],12,[19;90;149],6,0,[34;1;-268],11,0},{'M',[110;-93;67],11,[55;247;143],8,[1;NaN;NaN],[221;-93;67],10,[NaN;0;0]},{'M',[15;16;25],5,[1;1;1],0,[NaN;4;NaN],[15;7;9],2,[0;NaN;NaN],[-225;31;25],4,[NaN;NaN;0]},{'A',[95;-109;42],12,[110;-93;67],11,0,[-15;-16;-25],5,0},{'M',[1;247;1],9,[1;1;1],0,[0;NaN;0],[55;247;143],8,[NaN;0;NaN]},{'M',[32;1;-20],5,[1;1;1],0,[5;0;NaN],[17;-26;-5],4,[NaN;NaN;2]},{'A',[-127;243;81],10,[1;247;1],9,0,[-32;-1;20],5,2},{'M',[110;90;84],13,[19;90;149],6,[NaN;0;NaN],[55;247;143],8,[1;NaN;NaN],[95;-109;42],12,[NaN;NaN;1]},{'O',[110;90;84],13,[110;90;84],13,0},{'M',[-127;-109;-5],13,[17;-26;-5],4,[NaN;NaN;0],[95;-109;42],12,[NaN;0;NaN],[-127;243;81],10,[0;NaN;NaN]},{'O',[127;109;5],13,[127;109;5],13,0},{'M',[221;247;25],11,[-225;31;25],4,[NaN;NaN;0],[55;247;143],8,[NaN;0;NaN],[221;-93;67],10,[0;NaN;NaN]},{'O',[221;247;25],11,[221;247;25],11,0},{'M',[53;46;143],13,[55;247;143],8,[NaN;NaN;0],[-98;23;-114],10,[NaN;1;NaN],[53;91;-119],12,[0;NaN;NaN]},{'O',[53;46;143],13,[53;46;143],13,0},{'M',[-225;-26;-119],13,[17;-26;-5],4,[NaN;0;NaN],[-225;31;25],4,[0;NaN;NaN],[53;91;-119],12,[NaN;NaN;0]},{'O',[225;26;119],13,[225;26;119],13,0},{'M',[15;14;32],3,[1;1;1],0,[NaN;NaN;5],[15;7;9],2,[0;1;NaN]},{'O',[15;14;32],3,[15;14;32],3,0},{'M',[152;62;149],7,[-225;31;25],4,[NaN;1;NaN],[19;90;149],6,[3;NaN;0]},{'O',[152;62;149],7,[152;62;149],7,0},{'M',[95;182;162],13,[53;91;-119],12,[NaN;1;NaN],[95;-109;42],12,[0;NaN;NaN],[-127;243;81],10,[NaN;NaN;1]},{'O',[95;182;162],13,[95;182;162],13,0},{'M',[-98;-186;-228],11,[221;-93;67],10,[NaN;1;NaN],[-98;23;-114],10,[0;NaN;1]},{'O',[98;186;228],11,[98;186;228],11,0},{'M',[128;243;67],11,[1;1;1],0,[7;NaN;NaN],[221;-93;67],10,[NaN;NaN;0],[-127;243;81],10,[NaN;0;NaN]},{'O',[128;243;67],11,[128;243;67],11,0}}
Adder graph: {{'M',[8;1;2],1,[1;1;1],0,[3;0;1]},{'M',[1;64;1],1,[1;1;1],0,[0;6;0]},{'A',[15;-62;5],2,[8;1;2],1,1,[-1;-64;1],1,0},{'M',[15;8;4],3,[1;1;1],0,[NaN;3;2],[15;-62;5],2,[0;NaN;NaN]},{'M',[64;1;40],3,[1;1;1],0,[6;0;NaN],[15;-62;5],2,[NaN;NaN;3]},{'A',[-49;7;-36],4,[15;8;4],3,0,[-64;-1;-40],3,0},{'M',[128;1;-144],5,[1;1;1],0,[7;0;NaN],[-49;7;-36],4,[NaN;NaN;2]},{'M',[1;-248;5],3,[1;1;1],0,[0;NaN;NaN],[15;-62;5],2,[NaN;2;0]},{'A',[127;-247;-149],6,[128;1;-144],5,0,[-1;-248;-5],3,0},{'M',[16;2;-36],5,[1;1;1],0,[4;1;NaN],[-49;7;-36],4,[NaN;NaN;0]},{'M',[127;-247;5],7,[15;-62;5],2,[NaN;NaN;0],[127;-247;-149],6,[0;0;NaN]},{'A',[-95;-243;-67],8,[16;2;-36],5,1,[-127;-247;5],7,0},{'M',[1;28;-67],9,[1;1;1],0,[0;NaN;NaN],[-49;7;-36],4,[NaN;2;NaN],[-95;-243;-67],8,[NaN;NaN;0]},{'M',[1;1;5],3,[1;1;1],0,[0;0;NaN],[15;-62;5],2,[NaN;NaN;0]},{'A',[-1;26;-57],10,[1;28;-67],9,0,[-1;-1;5],3,1},{'M',[-95;7;5],9,[15;-62;5],2,[NaN;NaN;0],[-49;7;-36],4,[NaN;0;NaN],[-95;-243;-67],8,[0;NaN;NaN]},{'M',[15;52;-114],11,[15;-62;5],2,[0;NaN;NaN],[-1;26;-57],10,[NaN;1;1]},{'A',[-110;-45;119],12,[-95;7;5],9,0,[-15;-52;114],11,0},{'M',[-49;-494;-298],7,[-49;7;-36],4,[0;NaN;NaN],[127;-247;-149],6,[NaN;1;1]},{'M',[15;224;128],5,[1;1;1],0,[NaN;NaN;7],[15;-62;5],2,[0;NaN;NaN],[-49;7;-36],4,[NaN;5;NaN]},{'A',[-19;-46;-42],8,[-49;-494;-298],7,0,[15;224;128],5,1},{'M',[60;16;-36],5,[1;1;1],0,[NaN;4;NaN],[15;-62;5],2,[2;NaN;NaN],[-49;7;-36],4,[NaN;NaN;0]},{'M',[15;-45;119],13,[15;-62;5],2,[0;NaN;NaN],[-110;-45;119],12,[NaN;0;0]},{'A',[225;109;-25],14,[60;16;-36],5,2,[-15;45;119],13,0},{'M',[-110;-46;119],13,[-110;-45;119],12,[0;NaN;0],[-19;-46;-42],8,[NaN;0;NaN]},{'M',[1;1;-400],15,[1;1;1],0,[0;0;NaN],[225;109;-25],14,[NaN;NaN;4]},{'A',[-221;-93;-162],16,[-110;-46;119],13,1,[-1;-1;-400],15,0},{'M',[-19;-46;-72],9,[-49;7;-36],4,[NaN;NaN;1],[-19;-46;-42],8,[0;0;NaN]},{'M',[15;1;1],3,[1;1;1],0,[NaN;0;0],[15;-62;5],2,[0;NaN;NaN]},{'A',[-53;-91;-143],10,[-19;-46;-72],9,1,[-15;1;1],3,0},{'M',[-110;-90;-84],13,[-110;-45;119],12,[0;1;NaN],[-19;-46;-42],8,[NaN;NaN;1]},{'O',[110;90;84],13,[110;90;84],13,0},{'M',[127;109;5],15,[15;-62;5],2,[NaN;NaN;0],[127;-247;-149],6,[0;NaN;NaN],[225;109;-25],14,[NaN;0;NaN]},{'O',[127;109;5],15,[127;109;5],15,0},{'M',[-221;-247;-25],17,[127;-247;-149],6,[NaN;0;NaN],[225;109;-25],14,[NaN;NaN;0],[-221;-93;-162],16,[0;NaN;NaN]},{'O',[221;247;25],17,[221;247;25],17,0},{'M',[-53;-46;-143],11,[-19;-46;-42],8,[NaN;0;NaN],[-53;-91;-143],10,[0;NaN;0]},{'O',[53;46;143],11,[53;46;143],11,0},{'M',[225;26;119],15,[-1;26;-57],10,[NaN;0;NaN],[-110;-45;119],12,[NaN;NaN;0],[225;109;-25],14,[0;NaN;NaN]},{'O',[225;26;119],15,[225;26;119],15,0},{'M',[15;14;32],5,[1;1;1],0,[NaN;NaN;5],[15;-62;5],2,[0;NaN;NaN],[-49;7;-36],4,[NaN;1;NaN]},{'O',[15;14;32],5,[15;14;32],5,0},{'M',[-152;-62;-149],9,[15;-62;5],2,[NaN;0;NaN],[127;-247;-149],6,[NaN;NaN;0],[-19;-46;-42],8,[3;NaN;NaN]},{'O',[152;62;149],9,[152;62;149],9,0},{'M',[-95;-182;-162],17,[-95;-243;-67],8,[0;NaN;NaN],[-221;-93;-162],16,[NaN;NaN;0],[-53;-91;-143],10,[NaN;1;NaN]},{'O',[95;182;162],17,[95;182;162],17,0},{'M',[-49;-93;-114],17,[-49;7;-36],4,[0;NaN;NaN],[-1;26;-57],10,[NaN;NaN;1],[-221;-93;-162],16,[NaN;0;NaN]},{'O',[98;186;228],17,[49;93;114],17,1},{'M',[-128;-243;-67],11,[-95;-243;-67],8,[NaN;0;0],[-1;26;-57],10,[7;NaN;NaN]},{'O',[128;243;67],11,[128;243;67],11,0}}
Adder graph: {{'M',[16;1;4],1,[1;1;1],0,[4;0;2]},{'M',[1;8;1],1,[1;1;1],0,[0;3;0]},{'A',[15;-7;5],2,[16;1;4],1,0,[-1;-8;1],1,0},{'M',[15;8;8],3,[1;1;1],0,[NaN;3;3],[15;-7;5],2,[0;NaN;NaN]},{'M',[8;-7;5],3,[1;1;1],0,[3;NaN;NaN],[15;-7;5],2,[NaN;0;0]},{'A',[38;23;21],4,[15;8;8],3,1,[8;7;5],3,0},{'M',[15;46;32],5,[1;1;1],0,[NaN;NaN;5],[15;-7;5],2,[0;NaN;NaN],[38;23;21],4,[NaN;1;NaN]},{'M',[64;1;64],1,[1;1;1],0,[6;0;6]},{'A',[-49;45;-32],6,[15;46;32],5,0,[-64;-1;-64],1,0},{'M',[38;90;21],7,[38;23;21],4,[0;NaN;0],[-49;45;-32],6,[NaN;1;NaN]},{'M',[15;64;4],3,[1;1;1],0,[NaN;6;2],[15;-7;5],2,[0;NaN;NaN]},{'A',[53;26;25],8,[38;90;21],7,0,[15;-64;4],3,0},{'M',[64;23;84],5,[1;1;1],0,[6;NaN;NaN],[38;23;21],4,[NaN;0;2]},{'M',[1;16;25],9,[1;1;1],0,[0;4;NaN],[53;26;25],8,[NaN;NaN;0]},{'A',[127;62;143],10,[64;23;84],5,1,[-1;16;-25],9,0},{'M',[38;23;42],5,[38;23;21],4,[0;0;1]},{'M',[53;-224;25],9,[15;-7;5],2,[NaN;5;NaN],[53;26;25],8,[0;NaN;0]},{'A',[-15;247;67],10,[38;23;42],5,0,[-53;224;25],9,0},{'M',[-49;124;100],11,[-49;45;-32],6,[0;NaN;NaN],[53;26;25],8,[NaN;NaN;2],[127;62;143],10,[NaN;1;NaN]},{'A',[225;-186;-57],12,[127;62;143],10,0,[49;-124;-100],11,1},{'M',[2;2;5],3,[1;1;1],0,[1;1;NaN],[15;-7;5],2,[NaN;NaN;0]},{'M',[53;180;-114],13,[-49;45;-32],6,[NaN;2;NaN],[53;26;25],8,[0;NaN;NaN],[225;-186;-57],12,[NaN;NaN;1]},{'A',[55;182;119],14,[2;2;5],3,0,[53;180;114],13,0},{'M',[-15;64;400],11,[1;1;1],0,[NaN;6;NaN],[53;26;25],8,[NaN;NaN;4],[-15;247;67],10,[0;NaN;NaN]},{'M',[110;45;238],15,[-49;45;-32],6,[NaN;0;NaN],[55;182;119],14,[1;NaN;1]},{'A',[95;109;162],16,[-15;64;400],11,0,[110;45;-238],15,0},{'M',[225;247;21],13,[38;23;21],4,[NaN;NaN;0],[-15;247;67],10,[NaN;0;NaN],[225;-186;-57],12,[0;NaN;NaN]},{'M',[1;1;32],1,[1;1;1],0,[0;0;5]},{'A',[221;243;149],14,[225;247;21],13,0,[-1;-1;32],1,2},{'M',[55;45;42],15,[38;23;21],4,[NaN;NaN;1],[-49;45;-32],6,[NaN;0;NaN],[55;182;119],14,[0;NaN;NaN]},{'O',[110;90;84],15,[55;45;42],15,1},{'M',[127;109;5],17,[15;-7;5],2,[NaN;NaN;0],[127;62;143],10,[0;NaN;NaN],[95;109;162],16,[NaN;0;NaN]},{'O',[127;109;5],17,[127;109;5],17,0},{'M',[221;247;25],15,[53;26;25],8,[NaN;NaN;0],[-15;247;67],10,[NaN;0;NaN],[221;243;149],14,[0;NaN;NaN]},{'O',[221;247;25],15,[221;247;25],15,0},{'M',[53;46;143],11,[38;23;21],4,[NaN;1;NaN],[53;26;25],8,[0;NaN;NaN],[127;62;143],10,[NaN;NaN;0]},{'O',[53;46;143],11,[53;46;143],11,0},{'M',[225;26;119],15,[53;26;25],8,[NaN;0;NaN],[225;-186;-57],12,[0;NaN;NaN],[55;182;119],14,[NaN;NaN;0]},{'O',[225;26;119],15,[225;26;119],15,0},{'M',[-15;-14;-32],11,[15;-7;5],2,[NaN;1;NaN],[-49;45;-32],6,[NaN;NaN;0],[-15;247;67],10,[0;NaN;NaN]},{'O',[15;14;32],11,[15;14;32],11,0},{'M',[152;62;149],15,[38;23;21],4,[2;NaN;NaN],[127;62;143],10,[NaN;0;NaN],[221;243;149],14,[NaN;NaN;0]},{'O',[152;62;149],15,[152;62;149],15,0},{'M',[95;182;162],17,[55;182;119],14,[NaN;0;NaN],[95;109;162],16,[0;NaN;0]},{'O',[95;182;162],17,[95;182;162],17,0},{'M',[-98;-186;-228],13,[-49;45;-32],6,[1;NaN;NaN],[225;-186;-57],12,[NaN;0;2]},{'O',[98;186;228],13,[98;186;228],13,0},{'M',[128;243;67],15,[1;1;1],0,[7;NaN;NaN],[-15;247;67],10,[NaN;NaN;0],[221;243;149],14,[NaN;0;NaN]},{'O',[128;243;67],15,[128;243;67],15,0}}
Adder graph: {{'M',[128;1;1],1,[1;1;1],0,[7;0;0]},{'M',[1;32;16],1,[1;1;1],0,[0;5;4]},{'A',[127;-31;-15],2,[128;1;1],1,0,[-1;-32;-16],1,0},{'M',[4;4;1],1,[1;1;1],0,[2;2;0]},{'M',[1;2;1],1,[1;1;1],0,[0;1;0]},{'A',[15;14;5],2,[4;4;1],1,2,[-1;-2;1],1,0},{'M',[15;1;-30],3,[1;1;1],0,[NaN;0;NaN],[127;-31;-15],2,[NaN;NaN;1],[15;14;5],2,[0;NaN;NaN]},{'M',[240;14;5],3,[15;14;5],2,[4;0;0]},{'A',[-225;-13;-25],4,[15;1;-30],3,0,[-240;-14;5],3,0},{'M',[127;-26;32],5,[1;1;1],0,[NaN;NaN;5],[127;-31;-15],2,[0;NaN;NaN],[-225;-13;-25],4,[NaN;1;NaN]},{'M',[32;-208;-25],5,[1;1;1],0,[5;NaN;NaN],[-225;-13;-25],4,[NaN;4;0]},{'A',[95;182;57],6,[127;-26;32],5,0,[-32;208;25],5,0},{'M',[8;16;5],3,[1;1;1],0,[3;4;NaN],[15;14;5],2,[NaN;NaN;0]},{'M',[30;-13;1],5,[1;1;1],0,[NaN;NaN;0],[15;14;5],2,[1;NaN;NaN],[-225;-13;-25],4,[NaN;0;NaN]},{'A',[98;243;81],6,[8;16;5],3,4,[-30;-13;1],5,0},{'M',[-225;-62;-30],5,[127;-31;-15],2,[NaN;1;1],[-225;-13;-25],4,[0;NaN;NaN]},{'A',[901;-247;-119],6,[1;1;1],0,0,[225;-62;-30],5,2},{'M',[60;-494;57],7,[15;14;5],2,[2;NaN;NaN],[95;182;57],6,[NaN;NaN;0],[901;-247;-119],6,[NaN;1;NaN]},{'M',[98;448;10],7,[15;14;5],2,[NaN;5;1],[98;243;81],6,[0;NaN;NaN]},{'A',[-38;-46;67],8,[60;-494;57],7,0,[-98;448;10],7,0},{'M',[15;1;-15],3,[1;1;1],0,[NaN;0;NaN],[127;-31;-15],2,[NaN;NaN;0],[15;14;5],2,[0;NaN;NaN]},{'M',[95;-92;134],9,[95;182;57],6,[0;NaN;NaN],[-38;-46;67],8,[NaN;1;1]},{'A',[110;93;-149],10,[15;1;-15],3,0,[95;92;-134],9,0},{'M',[-38;16;-200],9,[1;1;1],0,[NaN;4;NaN],[-225;-13;-25],4,[NaN;NaN;3],[-38;-46;67],8,[0;NaN;NaN]},{'M',[15;93;57],11,[15;14;5],2,[0;NaN;NaN],[95;182;57],6,[NaN;NaN;0],[110;93;-149],10,[NaN;0;NaN]},{'A',[-53;109;-143],12,[-38;16;-200],9,0,[-15;93;57],11,0},{'M',[4;32;67],9,[1;1;1],0,[2;5;NaN],[-38;-46;67],8,[NaN;NaN;0]},{'A',[-221;45;42],10,[4;32;67],9,0,[-225;13;-25],4,0},{'M',[110;90;84],11,[110;93;-149],10,[0;NaN;NaN],[-221;45;42],10,[NaN;1;1]},{'O',[110;90;84],11,[110;90;84],11,0},{'M',[127;109;5],13,[127;-31;-15],2,[0;NaN;NaN],[15;14;5],2,[NaN;NaN;0],[-53;109;-143],12,[NaN;0;NaN]},{'O',[127;109;5],13,[127;109;5],13,0},{'M',[-221;-247;-25],11,[-225;-13;-25],4,[NaN;NaN;0],[901;-247;-119],6,[NaN;0;NaN],[-221;45;42],10,[0;NaN;NaN]},{'O',[221;247;25],11,[221;247;25],11,0},{'M',[-53;-46;-143],13,[-38;-46;67],8,[NaN;0;NaN],[-53;109;-143],12,[0;NaN;0]},{'O',[53;46;143],13,[53;46;143],13,0},{'M',[-225;-26;-119],7,[-225;-13;-25],4,[0;1;NaN],[901;-247;-119],6,[NaN;NaN;0]},{'O',[225;26;119],7,[225;26;119],7,0},{'M',[15;14;32],3,[1;1;1],0,[NaN;NaN;5],[15;14;5],2,[0;0;NaN]},{'O',[15;14;32],3,[15;14;32],3,0},{'M',[-152;-62;-149],11,[127;-31;-15],2,[NaN;1;NaN],[-38;-46;67],8,[2;NaN;NaN],[110;93;-149],10,[NaN;NaN;0]},{'O',[152;62;149],11,[152;62;149],11,0},{'M',[95;182;162],7,[95;182;57],6,[0;0;NaN],[98;243;81],6,[NaN;NaN;1]},{'O',[95;182;162],7,[95;182;162],7,0},{'M',[98;186;228],11,[95;182;57],6,[NaN;NaN;2],[98;243;81],6,[0;NaN;NaN],[110;93;-149],10,[NaN;1;NaN]},{'O',[98;186;228],11,[98;186;228],11,0},{'M',[128;243;67],9,[1;1;1],0,[7;NaN;NaN],[98;243;81],6,[NaN;0;NaN],[-38;-46;67],8,[NaN;NaN;0]},{'O',[128;243;67],9,[128;243;67],9,0}}
Adder graph: {{'M',[16;16;1],1,[1;1;1],0,[4;4;0]},{'M',[1;2;4],1,[1;1;1],0,[0;1;2]},{'A',[15;14;-3],2,[16;16;1],1,0,[-1;-2;-4],1,0},{'M',[15;64;-24],3,[1;1;1],0,[NaN;6;NaN],[15;14;-3],2,[0;NaN;3]},{'M',[240;2;1],3,[1;1;1],0,[NaN;1;0],[15;14;-3],2,[4;NaN;NaN]},{'A',[-225;62;-25],4,[15;64;-24],3,0,[-240;-2;-1],3,0},{'M',[30;16;-3],3,[1;1;1],0,[NaN;4;NaN],[15;14;-3],2,[1;NaN;0]},{'M',[8;62;8],5,[1;1;1],0,[3;NaN;3],[-225;62;-25],4,[NaN;0;NaN]},{'A',[22;-46;5],6,[30;16;-3],3,0,[-8;-62;8],5,0},{'M',[22;1;1],7,[1;1;1],0,[NaN;0;0],[22;-46;5],6,[0;NaN;NaN]},{'M',[22;62;5],7,[-225;62;-25],4,[NaN;0;NaN],[22;-46;5],6,[0;NaN;0]},{'A',[110;-247;21],8,[22;1;1],7,0,[22;-62;5],7,2},{'M',[64;-46;-25],7,[1;1;1],0,[6;NaN;NaN],[-225;62;-25],4,[NaN;NaN;0],[22;-46;5],6,[NaN;0;NaN]},{'M',[1;1;64],1,[1;1;1],0,[0;0;6]},{'A',[127;-93;-114],8,[64;-46;-25],7,1,[-1;-1;-64],1,0},{'M',[240;1;-48],3,[1;1;1],0,[NaN;0;NaN],[15;14;-3],2,[4;NaN;4]},{'M',[88;14;-114],9,[15;14;-3],2,[NaN;0;NaN],[22;-46;5],6,[2;NaN;NaN],[127;-93;-114],8,[NaN;NaN;0]},{'A',[152;-13;-162],10,[240;1;-48],3,0,[-88;-14;-114],9,0},{'M',[2;14;21],9,[1;1;1],0,[1;NaN;NaN],[15;14;-3],2,[NaN;0;NaN],[110;-247;21],8,[NaN;NaN;0]},{'A',[-221;90;67],10,[2;14;21],9,1,[-225;62;25],4,0},{'M',[127;-13;-114],11,[127;-93;-114],8,[0;NaN;0],[152;-13;-162],10,[NaN;0;NaN]},{'M',[176;256;5],7,[1;1;1],0,[NaN;8;NaN],[22;-46;5],6,[3;NaN;0]},{'A',[-49;243;-119],12,[127;-13;-114],11,0,[-176;256;-5],7,0},{'M',[2;1;8],1,[1;1;1],0,[1;0;3]},{'M',[127;-93;21],9,[110;-247;21],8,[NaN;NaN;0],[127;-93;-114],8,[0;0;NaN]},{'A',[-95;109;149],10,[2;1;8],1,4,[-127;93;21],9,0},{'M',[-49;-186;-119],13,[127;-93;-114],8,[NaN;1;NaN],[-49;243;-119],12,[0;NaN;0]},{'M',[1;1;-6],3,[1;1;1],0,[0;0;NaN],[15;14;-3],2,[NaN;NaN;1]},{'A',[-53;-182;-143],14,[-49;-186;-119],13,0,[-1;1;-6],3,2},{'M',[110;90;84],11,[110;-247;21],8,[0;NaN;2],[-221;90;67],10,[NaN;0;NaN]},{'O',[110;90;84],11,[110;90;84],11,0},{'M',[127;109;5],11,[22;-46;5],6,[NaN;NaN;0],[127;-93;-114],8,[0;NaN;NaN],[-95;109;149],10,[NaN;0;NaN]},{'O',[127;109;5],11,[127;109;5],11,0},{'M',[-221;-247;-25],11,[-225;62;-25],4,[NaN;NaN;0],[110;-247;21],8,[NaN;0;NaN],[-221;90;67],10,[0;NaN;NaN]},{'O',[221;247;25],11,[221;247;25],11,0},{'M',[-53;-46;-143],15,[22;-46;5],6,[NaN;0;NaN],[-53;-182;-143],14,[0;NaN;0]},{'O',[53;46;143],15,[53;46;143],15,0},{'M',[-225;-26;-119],13,[-225;62;-25],4,[0;NaN;NaN],[152;-13;-162],10,[NaN;1;NaN],[-49;243;-119],12,[NaN;NaN;0]},{'O',[225;26;119],13,[225;26;119],13,0},{'M',[15;14;32],3,[1;1;1],0,[NaN;NaN;5],[15;14;-3],2,[0;0;NaN]},{'O',[15;14;32],3,[15;14;32],3,0},{'M',[152;62;149],11,[-225;62;-25],4,[NaN;0;NaN],[152;-13;-162],10,[0;NaN;NaN],[-95;109;149],10,[NaN;NaN;0]},{'O',[152;62;149],11,[152;62;149],11,0},{'M',[-95;-182;-162],15,[152;-13;-162],10,[NaN;NaN;0],[-95;109;149],10,[0;NaN;NaN],[-53;-182;-143],14,[NaN;0;NaN]},{'O',[95;182;162],15,[95;182;162],15,0},{'M',[-49;-93;-114],13,[127;-93;-114],8,[NaN;0;0],[-49;243;-119],12,[0;NaN;NaN]},{'O',[98;186;228],13,[49;93;114],13,1},{'M',[128;243;67],13,[1;1;1],0,[7;NaN;NaN],[-221;90;67],10,[NaN;NaN;0],[-49;243;-119],12,[NaN;0;NaN]},{'O',[128;243;67],13,[128;243;67],13,0}}
Adder graph: {{'M',[1;1;8],1,[1;1;1],0,[0;0;3]},{'M',[1;2;1],1,[1;1;1],0,[0;1;0]},{'A',[-15;-31;24],2,[1;1;8],1,0,[-1;-2;1],1,4},{'M',[-30;-62;24],3,[-15;-31;24],2,[1;1;0]},{'M',[8;16;1],1,[1;1;1],0,[3;4;0]},{'A',[-38;-46;25],4,[-30;-62;24],3,0,[-8;16;1],1,0},{'M',[-15;2;4],3,[1;1;1],0,[NaN;1;2],[-15;-31;24],2,[0;NaN;NaN]},{'M',[-38;-184;25],5,[-38;-46;25],4,[0;2;0]},{'A',[-53;186;-21],6,[-15;2;4],3,0,[-38;184;-25],5,0},{'M',[1;1;25],5,[1;1;1],0,[0;0;NaN],[-38;-46;25],4,[NaN;NaN;0]},{'M',[128;-46;-42],7,[1;1;1],0,[7;NaN;NaN],[-38;-46;25],4,[NaN;0;NaN],[-53;186;-21],6,[NaN;NaN;1]},{'A',[-127;-45;67],8,[1;1;25],5,0,[-128;-46;42],7,0},{'M',[128;-45;25],9,[1;1;1],0,[7;NaN;NaN],[-38;-46;25],4,[NaN;NaN;0],[-127;-45;67],8,[NaN;0;NaN]},{'M',[-15;16;16],3,[1;1;1],0,[NaN;4;4],[-15;-31;24],2,[0;NaN;NaN]},{'A',[98;-13;57],10,[128;-45;25],9,0,[-15;16;16],3,1},{'M',[1;2;64],1,[1;1;1],0,[0;1;6]},{'A',[-55;182;-149],7,[-53;186;-21],6,0,[-1;-2;-64],1,1},{'M',[1;-13;57],11,[1;1;1],0,[0;NaN;NaN],[98;-13;57],10,[NaN;0;0]},{'M',[-55;64;50],8,[1;1;1],0,[NaN;6;NaN],[-38;-46;25],4,[NaN;NaN;1],[-55;182;-149],7,[0;NaN;NaN]},{'A',[221;243;-143],12,[1;-13;57],11,0,[55;64;-50],8,2},{'M',[-15;4;24],3,[1;1;1],0,[NaN;2;NaN],[-15;-31;24],2,[0;NaN;0]},{'M',[-110;243;-143],13,[-55;182;-149],7,[1;NaN;NaN],[221;243;-143],12,[NaN;0;0]},{'A',[95;247;-119],14,[-15;4;24],3,0,[110;243;-143],13,0},{'M',[1;2;-21],7,[1;1;1],0,[0;1;NaN],[-53;186;-21],6,[NaN;NaN;0]},{'A',[15;14;-5],8,[1;1;1],0,4,[-1;-2;-21],7,0},{'M',[-127;-45;24],9,[-15;-31;24],2,[NaN;NaN;0],[-127;-45;67],8,[0;0;NaN]},{'M',[98;64;57],11,[1;1;1],0,[NaN;6;NaN],[98;-13;57],10,[0;NaN;0]},{'A',[-225;-109;81],12,[-127;-45;24],9,0,[-98;-64;57],11,0},{'M',[-55;-45;-42],9,[-53;186;-21],6,[NaN;NaN;1],[-127;-45;67],8,[NaN;0;NaN],[-55;182;-149],7,[0;NaN;NaN]},{'O',[110;90;84],9,[55;45;42],9,1},{'M',[-127;-109;-5],13,[-127;-45;67],8,[0;NaN;NaN],[15;14;-5],8,[NaN;NaN;0],[-225;-109;81],12,[NaN;0;NaN]},{'O',[127;109;5],13,[127;109;5],13,0},{'M',[221;247;25],15,[-38;-46;25],4,[NaN;NaN;0],[221;243;-143],12,[0;NaN;NaN],[95;247;-119],14,[NaN;0;NaN]},{'O',[221;247;25],15,[221;247;25],15,0},{'M',[-53;-46;-143],13,[-38;-46;25],4,[NaN;0;NaN],[-53;186;-21],6,[0;NaN;NaN],[221;243;-143],12,[NaN;NaN;0]},{'O',[53;46;143],13,[53;46;143],13,0},{'M',[-225;-26;-119],15,[98;-13;57],10,[NaN;1;NaN],[95;247;-119],14,[NaN;NaN;0],[-225;-109;81],12,[0;NaN;NaN]},{'O',[225;26;119],15,[225;26;119],15,0},{'M',[15;14;32],9,[1;1;1],0,[NaN;NaN;5],[15;14;-5],8,[0;0;NaN]},{'O',[15;14;32],9,[15;14;32],9,0},{'M',[-152;-62;-149],8,[-15;-31;24],2,[NaN;1;NaN],[-38;-46;25],4,[2;NaN;NaN],[-55;182;-149],7,[NaN;NaN;0]},{'O',[152;62;149],8,[152;62;149],8,0},{'M',[95;182;162],15,[-55;182;-149],7,[NaN;0;NaN],[95;247;-119],14,[0;NaN;NaN],[-225;-109;81],12,[NaN;NaN;1]},{'O',[95;182;162],15,[95;182;162],15,0},{'M',[98;186;228],11,[-53;186;-21],6,[NaN;0;NaN],[98;-13;57],10,[0;NaN;2]},{'O',[98;186;228],11,[98;186;228],11,0},{'M',[128;243;67],13,[1;1;1],0,[7;NaN;NaN],[-127;-45;67],8,[NaN;NaN;0],[221;243;-143],12,[NaN;0;NaN]},{'O',[128;243;67],13,[128;243;67],13,0}}
Adder graph: {{'M',[4;16;1],1,[1;1;1],0,[2;4;0]},{'M',[1;2;1],1,[1;1;1],0,[0;1;0]},{'A',[15;62;5],2,[4;16;1],1,2,[-1;-2;1],1,0},{'M',[32;62;5],3,[1;1;1],0,[5;NaN;NaN],[15;62;5],2,[NaN;0;0]},{'M',[15;2;2],3,[1;1;1],0,[NaN;1;1],[15;62;5],2,[0;NaN;NaN]},{'A',[152;46;21],4,[32;62;5],3,0,[15;-2;2],3,3},{'M',[1;62;5],3,[1;1;1],0,[0;NaN;NaN],[15;62;5],2,[NaN;0;0]},{'A',[127;186;25],4,[32;62;5],3,2,[-1;-62;5],3,0},{'M',[127;46;25],5,[152;46;21],4,[NaN;0;NaN],[127;186;25],4,[0;NaN;0]},{'M',[2;1;1],1,[1;1;1],0,[1;0;0]},{'A',[63;14;57],6,[127;46;25],5,0,[-2;-1;1],1,5},{'M',[64;46;128],5,[1;1;1],0,[6;NaN;7],[152;46;21],4,[NaN;0;NaN]},{'M',[15;1;10],3,[1;1;1],0,[NaN;0;NaN],[15;62;5],2,[0;NaN;1]},{'A',[49;45;138],6,[64;46;128],5,0,[-15;-1;10],3,0},{'M',[126;14;57],7,[63;14;57],6,[1;0;0]},{'M',[16;1;10],3,[1;1;1],0,[4;0;NaN],[15;62;5],2,[NaN;NaN;1]},{'A',[110;13;67],8,[126;14;57],7,0,[-16;-1;10],3,0},{'M',[240;45;114],7,[15;62;5],2,[4;NaN;NaN],[63;14;57],6,[NaN;NaN;1],[49;45;138],6,[NaN;0;NaN]},{'M',[15;64;5],3,[1;1;1],0,[NaN;6;NaN],[15;62;5],2,[0;NaN;0]},{'A',[225;109;119],8,[240;45;114],7,0,[-15;64;5],3,0},{'M',[4;46;5],5,[1;1;1],0,[2;NaN;NaN],[15;62;5],2,[NaN;NaN;0],[152;46;21],4,[NaN;0;NaN]},{'A',[53;91;143],7,[49;45;138],6,0,[4;46;5],5,0},{'M',[110;124;64],9,[1;1;1],0,[NaN;NaN;6],[15;62;5],2,[NaN;1;NaN],[110;13;67],8,[0;NaN;NaN]},{'M',[1;1;21],5,[1;1;1],0,[0;0;NaN],[152;46;21],4,[NaN;NaN;0]},{'A',[221;247;149],10,[110;124;64],9,1,[1;-1;21],5,0},{'M',[221;247;276],11,[49;45;138],6,[NaN;NaN;1],[221;247;149],10,[0;0;NaN]},{'M',[63;2;57],7,[1;1;1],0,[NaN;1;NaN],[63;14;57],6,[0;NaN;0]},{'A',[95;243;162],12,[221;247;276],11,0,[-63;-2;-57],7,1},{'M',[110;90;84],9,[152;46;21],4,[NaN;NaN;2],[49;45;138],6,[NaN;1;NaN],[110;13;67],8,[0;NaN;NaN]},{'O',[110;90;84],9,[110;90;84],9,0},{'M',[127;109;5],9,[15;62;5],2,[NaN;NaN;0],[127;186;25],4,[0;NaN;NaN],[225;109;119],8,[NaN;0;NaN]},{'O',[127;109;5],9,[127;109;5],9,0},{'M',[221;247;25],11,[127;186;25],4,[NaN;NaN;0],[221;247;149],10,[0;0;NaN]},{'O',[221;247;25],11,[221;247;25],11,0},{'M',[53;46;143],8,[152;46;21],4,[NaN;0;NaN],[53;91;143],7,[0;NaN;0]},{'O',[53;46;143],8,[53;46;143],8,0},{'M',[225;26;119],9,[110;13;67],8,[NaN;1;NaN],[225;109;119],8,[0;NaN;0]},{'O',[225;26;119],9,[225;26;119],9,0},{'M',[15;14;32],7,[1;1;1],0,[NaN;NaN;5],[15;62;5],2,[0;NaN;NaN],[63;14;57],6,[NaN;0;NaN]},{'O',[15;14;32],7,[15;14;32],7,0},{'M',[152;62;149],11,[15;62;5],2,[NaN;0;NaN],[152;46;21],4,[0;NaN;NaN],[221;247;149],10,[NaN;NaN;0]},{'O',[152;62;149],11,[152;62;149],11,0},{'M',[95;182;162],13,[53;91;143],7,[NaN;1;NaN],[95;243;162],12,[0;NaN;0]},{'O',[95;182;162],13,[95;182;162],13,0},{'M',[98;186;228],7,[127;186;25],4,[NaN;0;NaN],[63;14;57],6,[NaN;NaN;2],[49;45;138],6,[1;NaN;NaN]},{'O',[98;186;228],7,[98;186;228],7,0},{'M',[128;243;67],13,[1;1;1],0,[7;NaN;NaN],[110;13;67],8,[NaN;NaN;0],[95;243;162],12,[NaN;0;NaN]},{'O',[128;243;67],13,[128;243;67],13,0}}
Adder graph: {{'M',[4;2;1],1,[1;1;1],0,[2;1;0]},{'A',[15;7;5],2,[4;2;1],1,2,[-1;-1;1],0,0},{'M',[1;2;5],3,[1;1;1],0,[0;1;NaN],[15;7;5],2,[NaN;NaN;0]},{'M',[2;7;2],3,[1;1;1],0,[1;NaN;1],[15;7;5],2,[NaN;0;NaN]},{'A',[10;23;42],4,[1;2;5],3,3,[2;7;2],3,0},{'M',[32;56;5],3,[1;1;1],0,[5;NaN;NaN],[15;7;5],2,[NaN;3;0]},{'M',[30;23;42],5,[15;7;5],2,[1;NaN;NaN],[10;23;42],4,[NaN;0;0]},{'A',[98;247;62],6,[32;56;5],3,2,[-30;23;42],5,0},{'M',[120;46;62],7,[15;7;5],2,[3;NaN;NaN],[10;23;42],4,[NaN;1;NaN],[98;247;62],6,[NaN;NaN;0]},{'M',[15;1;5],3,[1;1;1],0,[NaN;0;NaN],[15;7;5],2,[0;NaN;0]},{'A',[225;93;119],8,[120;46;62],7,1,[-15;1;-5],3,0},{'M',[1;247;62],7,[1;1;1],0,[0;NaN;NaN],[98;247;62],6,[NaN;0;0]},{'M',[20;4;5],5,[1;1;1],0,[NaN;2;NaN],[15;7;5],2,[NaN;NaN;0],[10;23;42],4,[1;NaN;NaN]},{'A',[-19;243;67],8,[1;247;62],7,0,[-20;-4;5],5,0},{'M',[-19;14;67],9,[15;7;5],2,[NaN;1;NaN],[-19;243;67],8,[0;NaN;0]},{'M',[240;1;42],5,[1;1;1],0,[NaN;0;NaN],[15;7;5],2,[4;NaN;NaN],[10;23;42],4,[NaN;NaN;0]},{'A',[221;13;25],10,[-19;14;67],9,0,[240;-1;-42],5,0},{'M',[15;104;200],11,[15;7;5],2,[0;NaN;NaN],[221;13;25],10,[NaN;3;3]},{'M',[-38;13;119],11,[225;93;119],8,[NaN;NaN;0],[-19;243;67],8,[1;NaN;NaN],[221;13;25],10,[NaN;0;NaN]},{'A',[53;91;81],12,[15;104;200],11,0,[38;-13;-119],11,0},{'M',[225;93;81],13,[225;93;119],8,[0;0;NaN],[53;91;81],12,[NaN;NaN;0]},{'M',[98;16;62],7,[1;1;1],0,[NaN;4;NaN],[98;247;62],6,[0;NaN;0]},{'A',[127;109;143],14,[225;93;81],13,0,[-98;16;62],7,0},{'M',[127;1;25],15,[1;1;1],0,[NaN;0;NaN],[221;13;25],10,[NaN;NaN;0],[127;109;143],14,[0;NaN;NaN]},{'A',[95;-31;57],16,[127;1;25],15,0,[-1;-1;1],0,5},{'M',[40;52;119],11,[10;23;42],4,[2;NaN;NaN],[225;93;119],8,[NaN;NaN;0],[221;13;25],10,[NaN;2;NaN]},{'M',[15;7;268],9,[15;7;5],2,[0;0;NaN],[-19;243;67],8,[NaN;NaN;2]},{'A',[55;45;-149],12,[40;52;119],11,0,[15;-7;-268],9,0},{'M',[55;45;42],13,[10;23;42],4,[NaN;NaN;0],[55;45;-149],12,[0;0;NaN]},{'O',[110;90;84],13,[55;45;42],13,1},{'M',[127;109;5],15,[15;7;5],2,[NaN;NaN;0],[127;109;143],14,[0;0;NaN]},{'O',[127;109;5],15,[127;109;5],15,0},{'M',[221;247;25],11,[98;247;62],6,[NaN;0;NaN],[221;13;25],10,[0;NaN;0]},{'O',[221;247;25],11,[221;247;25],11,0},{'M',[53;46;143],15,[10;23;42],4,[NaN;1;NaN],[53;91;81],12,[0;NaN;NaN],[127;109;143],14,[NaN;NaN;0]},{'O',[53;46;143],15,[53;46;143],15,0},{'M',[225;26;119],11,[225;93;119],8,[0;NaN;0],[221;13;25],10,[NaN;1;NaN]},{'O',[225;26;119],11,[225;26;119],11,0},{'M',[15;14;32],3,[1;1;1],0,[NaN;NaN;5],[15;7;5],2,[0;1;NaN]},{'O',[15;14;32],3,[15;14;32],3,0},{'M',[-152;-62;-149],17,[-19;243;67],8,[3;NaN;NaN],[95;-31;57],16,[NaN;1;NaN],[55;45;-149],12,[NaN;NaN;0]},{'O',[152;62;149],17,[152;62;149],17,0},{'M',[95;182;162],17,[53;91;81],12,[NaN;1;1],[95;-31;57],16,[0;NaN;NaN]},{'O',[95;182;162],17,[95;182;162],17,0},{'M',[98;186;228],17,[98;247;62],6,[0;NaN;NaN],[225;93;119],8,[NaN;1;NaN],[95;-31;57],16,[NaN;NaN;2]},{'O',[98;186;228],17,[98;186;228],17,0},{'M',[128;243;67],9,[1;1;1],0,[7;NaN;NaN],[-19;243;67],8,[NaN;0;0]},{'O',[128;243;67],9,[128;243;67],9,0}}
Adder graph: {{'M',[1;8;1],1,[1;1;1],0,[0;3;0]},{'A',[3;31;5],2,[1;8;1],1,2,[-1;-1;1],0,0},{'M',[6;31;10],3,[3;31;5],2,[1;0;1]},{'M',[64;16;5],3,[1;1;1],0,[6;4;NaN],[3;31;5],2,[NaN;NaN;0]},{'A',[76;46;25],4,[6;31;10],3,1,[64;-16;5],3,0},{'M',[48;46;25],5,[3;31;5],2,[4;NaN;NaN],[76;46;25],4,[NaN;0;0]},{'M',[1;1;32],1,[1;1;1],0,[0;0;5]},{'A',[49;45;57],6,[48;46;25],5,0,[1;-1;32],1,0},{'M',[49;45;10],7,[3;31;5],2,[NaN;NaN;1],[49;45;57],6,[0;0;NaN]},{'M',[1;8;8],1,[1;1;1],0,[0;3;3]},{'A',[53;13;42],8,[49;45;10],7,0,[1;-8;8],1,2},{'M',[49;45;40],7,[3;31;5],2,[NaN;NaN;3],[49;45;57],6,[0;0;NaN]},{'M',[12;1;1],3,[1;1;1],0,[NaN;0;0],[3;31;5],2,[2;NaN;NaN]},{'A',[110;91;81],8,[49;45;40],7,1,[12;1;1],3,0},{'M',[1;256;200],5,[1;1;1],0,[0;8;NaN],[76;46;25],4,[NaN;NaN;3]},{'M',[220;13;57],9,[49;45;57],6,[NaN;NaN;0],[53;13;42],8,[NaN;0;NaN],[110;91;81],8,[1;NaN;NaN]},{'A',[221;243;143],10,[1;256;200],5,0,[220;-13;-57],9,0},{'M',[16;1;25],5,[1;1;1],0,[4;0;NaN],[76;46;25],4,[NaN;NaN;0]},{'M',[1;13;42],9,[1;1;1],0,[0;NaN;NaN],[53;13;42],8,[NaN;0;0]},{'A',[15;14;67],10,[16;1;25],5,0,[-1;13;42],9,0},{'M',[221;182;143],11,[110;91;81],8,[NaN;1;NaN],[221;243;143],10,[0;NaN;0]},{'A',[225;186;147],12,[1;1;1],0,2,[221;182;143],11,0},{'M',[225;64;147],13,[1;1;1],0,[NaN;6;NaN],[225;186;147],12,[0;NaN;0]},{'M',[98;45;2],7,[1;1;1],0,[NaN;NaN;1],[49;45;57],6,[1;0;NaN]},{'A',[127;109;149],14,[225;64;147],13,0,[-98;45;2],7,0},{'M',[49;2;57],7,[1;1;1],0,[NaN;1;NaN],[49;45;57],6,[0;NaN;0]},{'M',[3;243;5],11,[3;31;5],2,[0;NaN;0],[221;243;143],10,[NaN;0;NaN]},{'A',[95;247;119],12,[49;2;57],7,1,[-3;243;5],11,0},{'M',[110;90;84],9,[49;45;57],6,[NaN;1;NaN],[53;13;42],8,[NaN;NaN;1],[110;91;81],8,[0;NaN;NaN]},{'O',[110;90;84],9,[110;90;84],9,0},{'M',[127;109;5],15,[3;31;5],2,[NaN;NaN;0],[127;109;149],14,[0;0;NaN]},{'O',[127;109;5],15,[127;109;5],15,0},{'M',[221;247;25],13,[76;46;25],4,[NaN;NaN;0],[221;243;143],10,[0;NaN;NaN],[95;247;119],12,[NaN;0;NaN]},{'O',[221;247;25],13,[221;247;25],13,0},{'M',[53;46;143],11,[76;46;25],4,[NaN;0;NaN],[53;13;42],8,[0;NaN;NaN],[221;243;143],10,[NaN;NaN;0]},{'O',[53;46;143],11,[53;46;143],11,0},{'M',[225;26;119],13,[53;13;42],8,[NaN;1;NaN],[225;186;147],12,[0;NaN;NaN],[95;247;119],12,[NaN;NaN;0]},{'O',[225;26;119],13,[225;26;119],13,0},{'M',[15;14;32],11,[1;1;1],0,[NaN;NaN;5],[15;14;67],10,[0;0;NaN]},{'O',[15;14;32],11,[15;14;32],11,0},{'M',[152;62;149],15,[3;31;5],2,[NaN;1;NaN],[76;46;25],4,[1;NaN;NaN],[127;109;149],14,[NaN;NaN;0]},{'O',[152;62;149],15,[152;62;149],15,0},{'M',[95;182;162],13,[110;91;81],8,[NaN;1;1],[95;247;119],12,[0;NaN;NaN]},{'O',[95;182;162],13,[95;182;162],13,0},{'M',[98;186;228],13,[49;45;57],6,[1;NaN;2],[225;186;147],12,[NaN;0;NaN]},{'O',[98;186;228],13,[98;186;228],13,0},{'M',[128;243;67],11,[1;1;1],0,[7;NaN;NaN],[221;243;143],10,[NaN;0;NaN],[15;14;67],10,[NaN;NaN;0]},{'O',[128;243;67],11,[128;243;67],11,0}}
Adder graph: {{'M',[16;16;1],1,[1;1;1],0,[4;4;0]},{'M',[1;2;4],1,[1;1;1],0,[0;1;2]},{'A',[15;14;-3],2,[16;16;1],1,0,[-1;-2;-4],1,0},{'M',[15;32;-3],3,[1;1;1],0,[NaN;5;NaN],[15;14;-3],2,[0;NaN;0]},{'M',[960;1;8],3,[1;1;1],0,[NaN;0;3],[15;14;-3],2,[6;NaN;NaN]},{'A',[975;31;5],4,[15;32;-3],3,0,[960;-1;8],3,0},{'M',[30;31;5],5,[15;14;-3],2,[1;NaN;NaN],[975;31;5],4,[NaN;0;0]},{'M',[1;1;2],1,[1;1;1],0,[0;0;1]},{'A',[38;23;21],6,[30;31;5],5,0,[1;-1;2],1,3},{'M',[38;31;5],7,[975;31;5],4,[NaN;0;0],[38;23;21],6,[0;NaN;NaN]},{'M',[15;124;20],5,[15;14;-3],2,[0;NaN;NaN],[975;31;5],4,[NaN;2;2]},{'A',[53;-93;25],8,[38;31;5],7,0,[15;-124;20],5,0},{'M',[975;16;168],7,[1;1;1],0,[NaN;4;NaN],[975;31;5],4,[0;NaN;NaN],[38;23;21],6,[NaN;NaN;3]},{'M',[848;-93;25],9,[53;-93;25],8,[4;0;0]},{'A',[127;109;143],10,[975;16;168],7,0,[-848;93;-25],9,0},{'M',[53;184;168],9,[38;23;21],6,[NaN;3;3],[53;-93;25],8,[0;NaN;NaN]},{'M',[1;1;-3],3,[1;1;1],0,[0;0;NaN],[15;14;-3],2,[NaN;NaN;0]},{'A',[55;182;162],10,[53;184;168],9,0,[1;-1;-3],3,1},{'M',[220;14;143],11,[15;14;-3],2,[NaN;0;NaN],[127;109;143],10,[NaN;NaN;0],[55;182;162],10,[2;NaN;NaN]},{'M',[1;1;200],9,[1;1;1],0,[0;0;NaN],[53;-93;25],8,[NaN;NaN;3]},{'A',[221;13;-57],12,[220;14;143],11,0,[1;-1;-200],9,0},{'M',[975;128;5],5,[1;1;1],0,[NaN;7;NaN],[975;31;5],4,[0;NaN;0]},{'M',[2048;13;-57],13,[1;1;1],0,[11;NaN;NaN],[221;13;-57],12,[NaN;0;0]},{'A',[-98;243;67],14,[975;128;5],5,1,[-2048;-13;57],13,0},{'M',[127;62;143],11,[975;31;5],4,[NaN;1;NaN],[127;109;143],10,[0;NaN;0]},{'M',[16;14;-3],3,[1;1;1],0,[4;NaN;NaN],[15;14;-3],2,[NaN;0;0]},{'A',[95;90;149],12,[127;62;143],11,0,[-16;14;3],3,1},{'M',[127;4;143],11,[1;1;1],0,[NaN;2;NaN],[127;109;143],10,[0;NaN;0]},{'M',[-98;243;-24],15,[15;14;-3],2,[NaN;NaN;3],[-98;243;67],14,[0;0;NaN]},{'A',[225;247;119],16,[127;4;143],11,0,[98;243;-24],15,0},{'M',[110;90;84],13,[38;23;21],6,[NaN;NaN;2],[55;182;162],10,[1;NaN;NaN],[95;90;149],12,[NaN;0;NaN]},{'O',[110;90;84],13,[110;90;84],13,0},{'M',[127;109;5],11,[975;31;5],4,[NaN;NaN;0],[127;109;143],10,[0;0;NaN]},{'O',[127;109;5],11,[127;109;5],11,0},{'M',[221;247;25],17,[53;-93;25],8,[NaN;NaN;0],[221;13;-57],12,[0;NaN;NaN],[225;247;119],16,[NaN;0;NaN]},{'O',[221;247;25],17,[221;247;25],17,0},{'M',[53;46;143],11,[38;23;21],6,[NaN;1;NaN],[53;-93;25],8,[0;NaN;NaN],[127;109;143],10,[NaN;NaN;0]},{'O',[53;46;143],11,[53;46;143],11,0},{'M',[225;26;119],17,[221;13;-57],12,[NaN;1;NaN],[225;247;119],16,[0;NaN;0]},{'O',[225;26;119],17,[225;26;119],17,0},{'M',[15;14;32],3,[1;1;1],0,[NaN;NaN;5],[15;14;-3],2,[0;0;NaN]},{'O',[15;14;32],3,[15;14;32],3,0},{'M',[152;62;149],13,[975;31;5],4,[NaN;1;NaN],[38;23;21],6,[2;NaN;NaN],[95;90;149],12,[NaN;NaN;0]},{'O',[152;62;149],13,[152;62;149],13,0},{'M',[95;182;162],13,[55;182;162],10,[NaN;0;0],[95;90;149],12,[0;NaN;NaN]},{'O',[95;182;162],13,[95;182;162],13,0},{'M',[-98;-186;-228],15,[53;-93;25],8,[NaN;1;NaN],[221;13;-57],12,[NaN;NaN;2],[-98;243;67],14,[0;NaN;NaN]},{'O',[98;186;228],15,[98;186;228],15,0},{'M',[128;243;67],15,[1;1;1],0,[7;NaN;NaN],[-98;243;67],14,[NaN;0;0]},{'O',[128;243;67],15,[128;243;67],15,0}}
Adder graph: {{'M',[1;1;2],1,[1;1;1],0,[0;0;1]},{'M',[1;2;1],1,[1;1;1],0,[0;1;0]},{'A',[17;-31;-14],2,[1;1;2],1,0,[1;-2;-1],1,4},{'M',[17;16;-14],3,[1;1;1],0,[NaN;4;NaN],[17;-31;-14],2,[0;NaN;0]},{'M',[1;1;-14],3,[1;1;1],0,[0;0;NaN],[17;-31;-14],2,[NaN;NaN;0]},{'A',[15;14;-42],4,[17;16;-14],3,0,[-1;-1;-14],3,1},{'M',[128;-31;4],3,[1;1;1],0,[7;NaN;2],[17;-31;-14],2,[NaN;0;NaN]},{'M',[1;14;1],5,[1;1;1],0,[0;NaN;0],[15;14;-42],4,[NaN;0;NaN]},{'A',[127;-45;5],6,[128;-31;4],3,0,[-1;-14;1],5,0},{'M',[8;-45;5],7,[1;1;1],0,[3;NaN;NaN],[127;-45;5],6,[NaN;0;0]},{'M',[127;2;5],7,[1;1;1],0,[NaN;1;NaN],[127;-45;5],6,[0;NaN;0]},{'A',[-95;-182;25],8,[8;-45;5],7,2,[-127;-2;5],7,0},{'M',[17;14;-56],5,[17;-31;-14],2,[0;NaN;2],[15;14;-42],4,[NaN;0;NaN]},{'M',[127;1;1],7,[1;1;1],0,[NaN;0;0],[127;-45;5],6,[0;NaN;NaN]},{'A',[-110;13;-57],8,[17;14;-56],5,0,[-127;-1;-1],7,0},{'M',[68;32;25],9,[1;1;1],0,[NaN;5;NaN],[17;-31;-14],2,[2;NaN;NaN],[-95;-182;25],8,[NaN;NaN;0]},{'A',[53;46;67],10,[68;32;25],9,0,[-15;14;42],4,0},{'M',[240;256;5],7,[1;1;1],0,[NaN;8;NaN],[15;14;-42],4,[4;NaN;NaN],[127;-45;5],6,[NaN;NaN;0]},{'M',[15;13;-114],9,[15;14;-42],4,[0;NaN;NaN],[-110;13;-57],8,[NaN;0;1]},{'A',[225;243;119],10,[240;256;5],7,0,[-15;-13;114],9,0},{'M',[8;-248;-57],9,[1;1;1],0,[3;NaN;NaN],[17;-31;-14],2,[NaN;3;NaN],[-110;13;-57],8,[NaN;NaN;0]},{'M',[53;-31;100],11,[17;-31;-14],2,[NaN;0;NaN],[-95;-182;25],8,[NaN;NaN;2],[53;46;67],10,[0;NaN;NaN]},{'A',[-98;-186;143],12,[8;-248;-57],9,0,[-53;31;100],11,1},{'M',[1;1;50],9,[1;1;1],0,[0;0;NaN],[-95;-182;25],8,[NaN;NaN;1]},{'A',[221;247;-81],11,[225;243;119],10,0,[-1;1;-50],9,2},{'M',[60;64;119],11,[1;1;1],0,[NaN;6;NaN],[15;14;-42],4,[2;NaN;NaN],[225;243;119],10,[NaN;NaN;0]},{'M',[212;-45;268],11,[127;-45;5],6,[NaN;0;NaN],[53;46;67],10,[2;NaN;2]},{'A',[-152;109;-149],12,[60;64;119],11,0,[-212;45;-268],11,0},{'M',[-110;-90;-84],9,[15;14;-42],4,[NaN;NaN;1],[127;-45;5],6,[NaN;1;NaN],[-110;13;-57],8,[0;NaN;NaN]},{'O',[110;90;84],9,[110;90;84],9,0},{'M',[127;109;5],13,[127;-45;5],6,[0;NaN;0],[-152;109;-149],12,[NaN;0;NaN]},{'O',[127;109;5],13,[127;109;5],13,0},{'M',[221;247;25],12,[-95;-182;25],8,[NaN;NaN;0],[221;247;-81],11,[0;0;NaN]},{'O',[221;247;25],12,[221;247;25],12,0},{'M',[53;46;143],13,[53;46;67],10,[0;0;NaN],[-98;-186;143],12,[NaN;NaN;0]},{'O',[53;46;143],13,[53;46;143],13,0},{'M',[225;26;119],11,[-110;13;-57],8,[NaN;1;NaN],[225;243;119],10,[0;NaN;0]},{'O',[225;26;119],11,[225;26;119],11,0},{'M',[15;14;32],5,[1;1;1],0,[NaN;NaN;5],[15;14;-42],4,[0;0;NaN]},{'O',[15;14;32],5,[15;14;32],5,0},{'M',[-152;-62;-149],13,[17;-31;-14],2,[NaN;1;NaN],[-152;109;-149],12,[0;NaN;0]},{'O',[152;62;149],13,[152;62;149],13,0},{'M',[-95;-182;-162],12,[-95;-182;25],8,[0;0;NaN],[221;247;-81],11,[NaN;NaN;1]},{'O',[95;182;162],12,[95;182;162],12,0},{'M',[-98;-186;-228],13,[-110;13;-57],8,[NaN;NaN;2],[-98;-186;143],12,[0;0;NaN]},{'O',[98;186;228],13,[98;186;228],13,0},{'M',[128;243;67],11,[1;1;1],0,[7;NaN;NaN],[53;46;67],10,[NaN;NaN;0],[225;243;119],10,[NaN;0;NaN]},{'O',[128;243;67],11,[128;243;67],11,0}}
Adder graph: {{'M',[128;8;1],1,[1;1;1],0,[7;3;0]},{'M',[1;1;8],1,[1;1;1],0,[0;0;3]},{'A',[127;7;-7],2,[128;8;1],1,0,[-1;-1;-8],1,0},{'M',[127;1;-7],3,[1;1;1],0,[NaN;0;NaN],[127;7;-7],2,[0;NaN;0]},{'A',[-95;31;25],4,[1;1;1],0,5,[-127;-1;-7],3,0},{'M',[-95;31;64],5,[1;1;1],0,[NaN;NaN;6],[-95;31;25],4,[0;0;NaN]},{'M',[1;62;50],5,[1;1;1],0,[0;NaN;NaN],[-95;31;25],4,[NaN;1;1]},{'A',[-94;93;114],6,[-95;31;64],5,0,[1;62;50],5,0},{'M',[1;4;1],1,[1;1;1],0,[0;2;0]},{'M',[-94;93;1],7,[1;1;1],0,[NaN;NaN;0],[-94;93;114],6,[0;0;NaN]},{'A',[98;109;5],8,[1;4;1],1,2,[94;93;1],7,0},{'M',[8;7;-7],3,[1;1;1],0,[3;NaN;NaN],[127;7;-7],2,[NaN;0;0]},{'M',[1;1;-7],3,[1;1;1],0,[0;0;NaN],[127;7;-7],2,[NaN;NaN;0]},{'A',[15;13;-21],4,[8;7;-7],3,1,[-1;-1;-7],3,0},{'M',[8;256;25],5,[1;1;1],0,[3;8;NaN],[-95;31;25],4,[NaN;NaN;0]},{'M',[30;13;-42],5,[15;13;-21],4,[1;0;1]},{'A',[38;243;67],6,[8;256;25],5,0,[30;-13;42],5,0},{'M',[127;7;-14],3,[127;7;-7],2,[0;0;1]},{'M',[98;16;67],9,[1;1;1],0,[NaN;4;NaN],[98;109;5],8,[0;NaN;NaN],[38;243;67],6,[NaN;NaN;0]},{'A',[225;23;-81],10,[127;7;-14],3,0,[98;16;-67],9,0},{'M',[-95;128;128],5,[1;1;1],0,[NaN;7;7],[-95;31;25],4,[0;NaN;NaN]},{'M',[15;218;-21],9,[98;109;5],8,[NaN;1;NaN],[15;13;-21],4,[0;NaN;0]},{'A',[-110;-90;149],10,[-95;128;128],5,0,[-15;-218;21],9,0},{'M',[15;13;-81],11,[15;13;-21],4,[0;0;NaN],[225;23;-81],10,[NaN;NaN;0]},{'M',[38;104;-224],7,[127;7;-7],2,[NaN;NaN;5],[15;13;-21],4,[NaN;3;NaN],[38;243;67],6,[0;NaN;NaN]},{'A',[53;-91;143],12,[15;13;-81],11,0,[38;-104;224],7,0},{'M',[225;243;-81],11,[38;243;67],6,[NaN;0;NaN],[225;23;-81],10,[0;NaN;0]},{'M',[1;1;50],5,[1;1;1],0,[0;0;NaN],[-95;31;25],4,[NaN;NaN;1]},{'A',[221;247;119],12,[225;243;-81],11,0,[-1;1;50],5,2},{'M',[-110;-90;-84],11,[15;13;-21],4,[NaN;NaN;2],[-110;-90;149],10,[0;0;NaN]},{'O',[110;90;84],11,[110;90;84],11,0},{'M',[127;109;5],9,[127;7;-7],2,[0;NaN;NaN],[98;109;5],8,[NaN;0;0]},{'O',[127;109;5],9,[127;109;5],9,0},{'M',[221;247;25],13,[-95;31;25],4,[NaN;NaN;0],[221;247;119],12,[0;0;NaN]},{'O',[221;247;25],13,[221;247;25],13,0},{'M',[53;46;143],13,[225;23;-81],10,[NaN;1;NaN],[53;-91;143],12,[0;NaN;0]},{'O',[53;46;143],13,[53;46;143],13,0},{'M',[225;26;119],13,[15;13;-21],4,[NaN;1;NaN],[225;23;-81],10,[0;NaN;NaN],[221;247;119],12,[NaN;NaN;0]},{'O',[225;26;119],13,[225;26;119],13,0},{'M',[15;14;32],5,[1;1;1],0,[NaN;NaN;5],[127;7;-7],2,[NaN;1;NaN],[15;13;-21],4,[0;NaN;NaN]},{'O',[15;14;32],5,[15;14;32],5,0},{'M',[152;62;149],11,[-95;31;25],4,[NaN;1;NaN],[38;243;67],6,[2;NaN;NaN],[-110;-90;149],10,[NaN;NaN;0]},{'O',[152;62;149],11,[152;62;149],11,0},{'M',[-95;-182;-162],13,[-95;31;25],4,[0;NaN;NaN],[225;23;-81],10,[NaN;NaN;1],[53;-91;143],12,[NaN;1;NaN]},{'O',[95;182;162],13,[95;182;162],13,0},{'M',[98;186;228],9,[-94;93;114],6,[NaN;1;1],[98;109;5],8,[0;NaN;NaN]},{'O',[98;186;228],9,[98;186;228],9,0},{'M',[128;243;67],7,[1;1;1],0,[7;NaN;NaN],[38;243;67],6,[NaN;0;0]},{'O',[128;243;67],7,[128;243;67],7,0}}
Adder graph: {{'M',[4;8;1],1,[1;1;1],0,[2;3;0]},{'A',[15;31;5],2,[4;8;1],1,2,[-1;-1;1],0,0},{'M',[8;1;8],1,[1;1;1],0,[3;0;3]},{'M',[1;1;80],3,[1;1;1],0,[0;0;NaN],[15;31;5],2,[NaN;NaN;4]},{'A',[65;7;144],4,[8;1;8],1,3,[1;-1;80],3,0},{'M',[60;7;20],5,[15;31;5],2,[2;NaN;2],[65;7;144],4,[NaN;0;NaN]},{'M',[65;31;2],5,[1;1;1],0,[NaN;NaN;1],[15;31;5],2,[NaN;0;NaN],[65;7;144],4,[0;NaN;NaN]},{'A',[55;45;42],6,[60;7;20],5,1,[-65;31;2],5,0},{'M',[65;31;144],5,[15;31;5],2,[NaN;0;NaN],[65;7;144],4,[0;NaN;0]},{'M',[30;62;1],3,[1;1;1],0,[NaN;NaN;0],[15;31;5],2,[1;1;NaN]},{'A',[95;93;143],6,[65;31;144],5,0,[30;62;-1],3,0},{'M',[95;93;5],7,[15;31;5],2,[NaN;NaN;0],[95;93;143],6,[0;0;NaN]},{'M',[32;16;144],5,[1;1;1],0,[5;4;NaN],[65;7;144],4,[NaN;NaN;0]},{'A',[127;109;149],8,[95;93;5],7,0,[32;16;144],5,0},{'M',[8;8;42],7,[1;1;1],0,[3;3;NaN],[55;45;42],6,[NaN;NaN;0]},{'A',[49;23;228],8,[65;7;144],4,0,[-8;8;42],7,1},{'M',[110;7;84],7,[65;7;144],4,[NaN;0;NaN],[55;45;42],6,[1;NaN;1]},{'M',[1;1;143],7,[1;1;1],0,[0;0;NaN],[95;93;143],6,[NaN;NaN;0]},{'A',[221;13;25],8,[110;7;84],7,1,[1;-1;-143],7,0},{'M',[55;184;42],9,[55;45;42],6,[0;NaN;0],[49;23;228],8,[NaN;3;NaN]},{'M',[2;2;25],9,[1;1;1],0,[1;1;NaN],[221;13;25],8,[NaN;NaN;0]},{'A',[53;182;67],10,[55;184;42],9,0,[-2;-2;25],9,0},{'M',[15;16;5],3,[1;1;1],0,[NaN;4;NaN],[15;31;5],2,[0;NaN;0]},{'M',[221;13;1],9,[1;1;1],0,[NaN;NaN;0],[221;13;25],8,[0;0;NaN]},{'A',[19;243;81],10,[15;16;5],3,4,[-221;-13;1],9,0},{'M',[1;1;50],9,[1;1;1],0,[0;0;NaN],[221;13;25],8,[NaN;NaN;1]},{'M',[221;243;81],11,[221;13;25],8,[0;NaN;NaN],[19;243;81],10,[NaN;0;0]},{'A',[225;247;119],12,[1;1;50],9,2,[221;243;-81],11,0},{'O',[110;90;84],6,[55;45;42],6,1},{'M',[127;109;5],9,[15;31;5],2,[NaN;NaN;0],[127;109;149],8,[0;0;NaN]},{'O',[127;109;5],9,[127;109;5],9,0},{'M',[221;247;25],13,[221;13;25],8,[0;NaN;0],[225;247;119],12,[NaN;0;NaN]},{'O',[221;247;25],13,[221;247;25],13,0},{'M',[53;46;143],11,[95;93;143],6,[NaN;NaN;0],[49;23;228],8,[NaN;1;NaN],[53;182;67],10,[0;NaN;NaN]},{'O',[53;46;143],11,[53;46;143],11,0},{'M',[225;26;119],13,[221;13;25],8,[NaN;1;NaN],[225;247;119],12,[0;NaN;0]},{'O',[225;26;119],13,[225;26;119],13,0},{'M',[15;14;32],5,[1;1;1],0,[NaN;NaN;5],[15;31;5],2,[0;NaN;NaN],[65;7;144],4,[NaN;1;NaN]},{'O',[15;14;32],5,[15;14;32],5,0},{'M',[152;62;149],11,[15;31;5],2,[NaN;1;NaN],[127;109;149],8,[NaN;NaN;0],[19;243;81],10,[3;NaN;NaN]},{'O',[152;62;149],11,[152;62;149],11,0},{'M',[95;182;162],11,[95;93;143],6,[0;NaN;NaN],[53;182;67],10,[NaN;0;NaN],[19;243;81],10,[NaN;NaN;1]},{'O',[95;182;162],11,[95;182;162],11,0},{'M',[98;186;228],9,[95;93;143],6,[NaN;1;NaN],[49;23;228],8,[1;NaN;0]},{'O',[98;186;228],9,[98;186;228],9,0},{'M',[128;243;67],11,[1;1;1],0,[7;NaN;NaN],[53;182;67],10,[NaN;NaN;0],[19;243;81],10,[NaN;0;NaN]},{'O',[128;243;67],11,[128;243;67],11,0}}
Adder graph: {{'A',[7;7;7],1,[1;1;1],0,3,[-1;-1;-1],0,0},{'M',[1;1;112],2,[1;1;1],0,[0;0;NaN],[7;7;7],1,[NaN;NaN;4]},{'M',[224;32;7],2,[1;1;1],0,[NaN;5;NaN],[7;7;7],1,[5;NaN;0]},{'A',[225;-31;119],3,[1;1;112],2,0,[224;-32;7],2,0},{'M',[56;7;56],2,[7;7;7],1,[3;0;3]},{'M',[2;-31;2],4,[1;1;1],0,[1;NaN;1],[225;-31;119],3,[NaN;0;NaN]},{'A',[110;45;114],5,[56;7;56],2,1,[-2;31;2],4,0},{'M',[1;1;28],2,[1;1;1],0,[0;0;NaN],[7;7;7],1,[NaN;NaN;2]},{'A',[15;13;42],3,[7;7;7],1,1,[1;-1;28],2,0},{'M',[64;64;119],4,[1;1;1],0,[6;6;NaN],[225;-31;119],3,[NaN;NaN;0]},{'M',[15;45;114],6,[110;45;114],5,[NaN;0;0],[15;13;42],3,[0;NaN;NaN]},{'A',[49;109;5],7,[64;64;119],4,0,[-15;45;-114],6,0},{'M',[15;4;4],4,[1;1;1],0,[NaN;2;2],[15;13;42],3,[0;NaN;NaN]},{'M',[7;14;7],2,[7;7;7],1,[0;1;0]},{'A',[127;46;25],5,[15;4;4],4,3,[7;14;-7],2,0},{'M',[32;256;42],4,[1;1;1],0,[5;8;NaN],[15;13;42],3,[NaN;NaN;0]},{'M',[127;13;25],6,[15;13;42],3,[NaN;0;NaN],[127;46;25],5,[0;NaN;0]},{'A',[-95;243;67],7,[32;256;42],4,0,[-127;-13;25],6,0},{'M',[60;-31;119],4,[225;-31;119],3,[NaN;0;0],[15;13;42],3,[2;NaN;NaN]},{'M',[49;-62;100],8,[225;-31;119],3,[NaN;1;NaN],[49;109;5],7,[0;NaN;NaN],[127;46;25],5,[NaN;NaN;2]},{'A',[-38;93;-81],9,[60;-31;119],4,0,[-49;62;-100],8,1},{'M',[15;2;224],4,[1;1;1],0,[NaN;1;NaN],[7;7;7],1,[NaN;NaN;5],[15;13;42],3,[0;NaN;NaN]},{'A',[53;-91;143],10,[15;2;224],4,0,[38;-93;-81],9,0},{'M',[225;243;119],8,[225;-31;119],3,[0;NaN;0],[-95;243;67],7,[NaN;0;NaN]},{'M',[1;1;67],8,[1;1;1],0,[0;0;NaN],[-95;243;67],7,[NaN;NaN;0]},{'A',[221;247;-149],9,[225;243;119],8,0,[-1;1;-67],8,2},{'M',[110;90;84],6,[110;45;114],5,[0;1;NaN],[15;13;42],3,[NaN;NaN;1]},{'O',[110;90;84],6,[110;90;84],6,0},{'M',[127;109;5],8,[49;109;5],7,[NaN;0;0],[127;46;25],5,[0;NaN;NaN]},{'O',[127;109;5],8,[127;109;5],8,0},{'M',[221;247;25],10,[127;46;25],5,[NaN;NaN;0],[221;247;-149],9,[0;0;NaN]},{'O',[221;247;25],10,[221;247;25],10,0},{'M',[53;46;143],11,[127;46;25],5,[NaN;0;NaN],[53;-91;143],10,[0;NaN;0]},{'O',[53;46;143],11,[53;46;143],11,0},{'M',[225;26;119],4,[225;-31;119],3,[0;NaN;0],[15;13;42],3,[NaN;1;NaN]},{'O',[225;26;119],4,[225;26;119],4,0},{'M',[15;14;32],4,[1;1;1],0,[NaN;NaN;5],[7;7;7],1,[NaN;1;NaN],[15;13;42],3,[0;NaN;NaN]},{'O',[15;14;32],4,[15;14;32],4,0},{'M',[-152;-62;-149],10,[225;-31;119],3,[NaN;1;NaN],[-38;93;-81],9,[2;NaN;NaN],[221;247;-149],9,[NaN;NaN;0]},{'O',[152;62;149],10,[152;62;149],10,0},{'M',[-95;-182;-162],11,[-95;243;67],7,[0;NaN;NaN],[-38;93;-81],9,[NaN;NaN;1],[53;-91;143],10,[NaN;1;NaN]},{'O',[95;182;162],11,[95;182;162],11,0},{'M',[49;93;114],10,[110;45;114],5,[NaN;NaN;0],[49;109;5],7,[0;NaN;NaN],[-38;93;-81],9,[NaN;0;NaN]},{'O',[98;186;228],10,[49;93;114],10,1},{'M',[128;243;67],8,[1;1;1],0,[7;NaN;NaN],[-95;243;67],7,[NaN;0;0]},{'O',[128;243;67],8,[128;243;67],8,0}}
Adder graph: {{'M',[1;1;4],1,[1;1;1],0,[0;0;2]},{'M',[1;2;2],1,[1;1;1],0,[0;1;1]},{'A',[15;14;62],2,[1;1;4],1,4,[-1;-2;-2],1,0},{'M',[2;8;1],1,[1;1;1],0,[1;3;0]},{'A',[9;31;5],2,[2;8;1],1,2,[1;-1;1],0,0},{'M',[128;14;20],3,[1;1;1],0,[7;NaN;NaN],[15;14;62],2,[NaN;0;NaN],[9;31;5],2,[NaN;NaN;2]},{'A',[127;13;21],4,[128;14;20],3,0,[-1;-1;1],0,0},{'M',[1;2;1],1,[1;1;1],0,[0;1;0]},{'M',[30;13;21],5,[15;14;62],2,[1;NaN;NaN],[127;13;21],4,[NaN;0;0]},{'A',[98;243;149],6,[1;2;1],1,7,[-30;-13;21],5,0},{'M',[127;62;124],5,[15;14;62],2,[NaN;NaN;1],[9;31;5],2,[NaN;1;NaN],[127;13;21],4,[0;NaN;NaN]},{'M',[98;31;5],7,[9;31;5],2,[NaN;0;0],[98;243;149],6,[0;NaN;NaN]},{'A',[225;93;119],8,[127;62;124],5,0,[98;31;-5],7,0},{'M',[4;31;5],3,[1;1;1],0,[2;NaN;NaN],[9;31;5],2,[NaN;0;0]},{'A',[19;45;57],4,[15;14;62],2,0,[4;31;-5],3,0},{'M',[127;243;21],7,[127;13;21],4,[0;NaN;0],[98;243;149],6,[NaN;0;NaN]},{'M',[18;1;1],3,[1;1;1],0,[NaN;0;0],[9;31;5],2,[1;NaN;NaN]},{'A',[55;247;25],8,[127;243;21],7,0,[-18;1;1],3,2},{'M',[9;8;25],9,[1;1;1],0,[NaN;3;NaN],[9;31;5],2,[0;NaN;NaN],[55;247;25],8,[NaN;NaN;0]},{'A',[-53;109;-143],10,[19;45;57],4,0,[-9;8;-25],9,3},{'M',[19;2;2],5,[1;1;1],0,[NaN;1;1],[19;45;57],4,[0;NaN;NaN]},{'M',[19;45;40],5,[9;31;5],2,[NaN;NaN;3],[19;45;57],4,[0;0;NaN]},{'A',[95;182;162],6,[19;2;2],5,0,[19;45;40],5,2},{'M',[120;112;21],5,[15;14;62],2,[3;3;NaN],[127;13;21],4,[NaN;NaN;0]},{'M',[19;247;25],9,[19;45;57],4,[0;NaN;NaN],[55;247;25],8,[NaN;0;0]},{'A',[221;-23;67],10,[120;112;21],5,1,[-19;-247;25],9,0},{'M',[55;45;42],9,[127;13;21],4,[NaN;NaN;1],[19;45;57],4,[NaN;0;NaN],[55;247;25],8,[0;NaN;NaN]},{'O',[110;90;84],9,[55;45;42],9,1},{'M',[127;109;5],11,[9;31;5],2,[NaN;NaN;0],[127;13;21],4,[0;NaN;NaN],[-53;109;-143],10,[NaN;0;NaN]},{'O',[127;109;5],11,[127;109;5],11,0},{'M',[221;247;25],11,[55;247;25],8,[NaN;0;0],[221;-23;67],10,[0;NaN;NaN]},{'O',[221;247;25],11,[221;247;25],11,0},{'M',[-53;-46;-143],11,[-53;109;-143],10,[0;NaN;0],[221;-23;67],10,[NaN;1;NaN]},{'O',[53;46;143],11,[53;46;143],11,0},{'M',[225;26;119],9,[127;13;21],4,[NaN;1;NaN],[225;93;119],8,[0;NaN;0]},{'O',[225;26;119],9,[225;26;119],9,0},{'M',[15;14;32],3,[1;1;1],0,[NaN;NaN;5],[15;14;62],2,[0;0;NaN]},{'O',[15;14;32],3,[15;14;32],3,0},{'M',[152;62;149],7,[9;31;5],2,[NaN;1;NaN],[98;243;149],6,[NaN;NaN;0],[19;45;57],4,[3;NaN;NaN]},{'O',[152;62;149],7,[152;62;149],7,0},{'O',[95;182;162],6,[95;182;162],6,0},{'M',[98;186;228],9,[98;243;149],6,[0;NaN;NaN],[225;93;119],8,[NaN;1;NaN],[19;45;57],4,[NaN;NaN;2]},{'O',[98;186;228],9,[98;186;228],9,0},{'M',[128;243;67],11,[1;1;1],0,[7;NaN;NaN],[98;243;149],6,[NaN;0;NaN],[221;-23;67],10,[NaN;NaN;0]},{'O',[128;243;67],11,[128;243;67],11,0}}
Adder graph: {{'M',[4;2;1],1,[1;1;1],0,[2;1;0]},{'A',[17;7;5],2,[4;2;1],1,2,[1;-1;1],0,0},{'M',[1;8;8],1,[1;1;1],0,[0;3;3]},{'A',[19;23;21],3,[17;7;5],2,0,[1;8;8],1,1},{'M',[1;56;1],3,[1;1;1],0,[0;NaN;0],[17;7;5],2,[NaN;3;NaN]},{'A',[15;247;25],4,[19;23;21],3,0,[-1;56;1],3,2},{'M',[17;4;64],3,[1;1;1],0,[NaN;2;6],[17;7;5],2,[0;NaN;NaN]},{'A',[53;31;149],4,[19;23;21],3,0,[17;4;64],3,1},{'M',[19;23;42],4,[19;23;21],3,[0;0;1]},{'M',[19;1;25],5,[1;1;1],0,[NaN;0;NaN],[19;23;21],3,[0;NaN;NaN],[15;247;25],4,[NaN;NaN;0]},{'A',[95;91;143],6,[19;23;42],4,2,[19;-1;-25],5,0},{'M',[15;1;1],5,[1;1;1],0,[NaN;0;0],[15;247;25],4,[0;NaN;NaN]},{'A',[55;45;72],7,[95;91;143],6,-1,[15;-1;1],5,-1},{'M',[32;1;32],1,[1;1;1],0,[5;0;5]},{'M',[15;91;50],7,[15;247;25],4,[0;NaN;1],[95;91;143],6,[NaN;0;NaN]},{'A',[98;186;228],8,[32;1;32],1,2,[-15;91;50],7,1},{'M',[110;45;72],8,[55;45;72],7,[1;0;0]},{'M',[17;64;5],3,[1;1;1],0,[NaN;6;NaN],[17;7;5],2,[0;NaN;0]},{'A',[127;109;67],9,[110;45;72],8,0,[17;64;-5],3,0},{'M',[15;64;25],5,[1;1;1],0,[NaN;6;NaN],[15;247;25],4,[0;NaN;0]},{'M',[120;45;72],8,[15;247;25],4,[3;NaN;NaN],[55;45;72],7,[NaN;0;0]},{'A',[-225;-26;-119],9,[15;64;25],5,0,[-120;-45;-72],8,1},{'M',[220;247;80],8,[17;7;5],2,[NaN;NaN;4],[15;247;25],4,[NaN;0;NaN],[55;45;72],7,[2;NaN;NaN]},{'M',[1;4;1],1,[1;1;1],0,[0;2;0]},{'A',[221;243;81],9,[220;247;80],8,0,[1;-4;1],1,0},{'M',[55;45;42],8,[19;23;21],3,[NaN;NaN;1],[55;45;72],7,[0;0;NaN]},{'O',[110;90;84],8,[55;45;42],8,1},{'M',[127;109;5],10,[17;7;5],2,[NaN;NaN;0],[127;109;67],9,[0;0;NaN]},{'O',[127;109;5],10,[127;109;5],10,0},{'M',[221;247;25],10,[15;247;25],4,[NaN;0;0],[221;243;81],9,[0;NaN;NaN]},{'O',[221;247;25],10,[221;247;25],10,0},{'M',[53;46;143],7,[19;23;21],3,[NaN;1;NaN],[53;31;149],4,[0;NaN;NaN],[95;91;143],6,[NaN;NaN;0]},{'O',[53;46;143],7,[53;46;143],7,0},{'O',[225;26;119],9,[225;26;119],9,0},{'M',[15;14;32],5,[1;1;1],0,[NaN;NaN;5],[17;7;5],2,[NaN;1;NaN],[15;247;25],4,[0;NaN;NaN]},{'O',[15;14;32],5,[15;14;32],5,0},{'M',[152;62;149],5,[19;23;21],3,[3;NaN;NaN],[53;31;149],4,[NaN;1;0]},{'O',[152;62;149],5,[152;62;149],5,0},{'M',[95;182;162],10,[95;91;143],6,[0;1;NaN],[221;243;81],9,[NaN;NaN;1]},{'O',[95;182;162],10,[95;182;162],10,0},{'O',[98;186;228],8,[98;186;228],8,0},{'M',[128;243;67],10,[1;1;1],0,[7;NaN;NaN],[127;109;67],9,[NaN;NaN;0],[221;243;81],9,[NaN;0;NaN]},{'O',[128;243;67],10,[128;243;67],10,0}}
Adder graph: {{'M',[32;2;1],1,[1;1;1],0,[5;1;0]},{'A',[127;7;5],2,[32;2;1],1,2,[-1;-1;1],0,0},{'M',[8;7;10],3,[1;1;1],0,[3;NaN;NaN],[127;7;5],2,[NaN;0;1]},{'A',[17;13;21],4,[8;7;10],3,1,[1;-1;1],0,0},{'M',[17;64;21],5,[1;1;1],0,[NaN;6;NaN],[17;13;21],4,[0;NaN;0]},{'A',[19;62;23],6,[17;64;21],5,0,[1;-1;1],0,1},{'M',[16;128;23],7,[1;1;1],0,[4;7;NaN],[19;62;23],6,[NaN;NaN;0]},{'A',[15;243;67],8,[16;128;23],7,1,[-17;-13;21],4,0},{'M',[19;62;20],7,[127;7;5],2,[NaN;NaN;2],[19;62;23],6,[0;0;NaN]},{'A',[95;186;57],8,[19;62;20],7,2,[19;-62;-23],6,0},{'M',[17;2;21],5,[1;1;1],0,[NaN;1;NaN],[17;13;21],4,[0;NaN;0]},{'A',[49;247;25],9,[15;243;67],8,0,[17;2;-21],5,1},{'M',[19;16;64],7,[1;1;1],0,[NaN;4;6],[19;62;23],6,[0;NaN;NaN]},{'A',[55;45;149],8,[17;13;21],4,0,[19;16;64],7,1},{'M',[110;45;40],9,[127;7;5],2,[NaN;NaN;3],[55;45;149],8,[1;0;NaN]},{'A',[221;91;81],10,[110;45;40],9,1,[1;1;1],0,0},{'M',[4;45;168],9,[1;1;1],0,[2;NaN;NaN],[17;13;21],4,[NaN;NaN;3],[55;45;149],8,[NaN;0;NaN]},{'M',[49;64;25],10,[1;1;1],0,[NaN;6;NaN],[49;247;25],9,[0;NaN;0]},{'A',[53;109;143],11,[4;45;168],9,0,[49;64;-25],10,0},{'M',[49;247;57],10,[95;186;57],8,[NaN;NaN;0],[49;247;25],9,[0;0;NaN]},{'M',[127;448;5],3,[127;7;5],2,[0;6;0]},{'A',[225;46;119],11,[49;247;57],10,1,[127;-448;5],3,0},{'M',[55;45;42],9,[17;13;21],4,[NaN;NaN;1],[55;45;149],8,[0;0;NaN]},{'O',[110;90;84],9,[55;45;42],9,1},{'M',[127;109;5],12,[127;7;5],2,[0;NaN;0],[53;109;143],11,[NaN;0;NaN]},{'O',[127;109;5],12,[127;109;5],12,0},{'M',[221;247;25],11,[49;247;25],9,[NaN;0;0],[221;91;81],10,[0;NaN;NaN]},{'O',[221;247;25],11,[221;247;25],11,0},{'M',[53;46;143],12,[53;109;143],11,[0;NaN;0],[225;46;119],11,[NaN;0;NaN]},{'O',[53;46;143],12,[53;46;143],12,0},{'M',[225;26;119],12,[17;13;21],4,[NaN;1;NaN],[225;46;119],11,[0;NaN;0]},{'O',[225;26;119],12,[225;26;119],12,0},{'M',[15;14;32],9,[1;1;1],0,[NaN;NaN;5],[127;7;5],2,[NaN;1;NaN],[15;243;67],8,[0;NaN;NaN]},{'O',[15;14;32],9,[15;14;32],9,0},{'M',[152;62;149],9,[19;62;23],6,[3;0;NaN],[55;45;149],8,[NaN;NaN;0]},{'O',[152;62;149],9,[152;62;149],9,0},{'M',[95;182;162],11,[95;186;57],8,[0;NaN;NaN],[221;91;81],10,[NaN;1;1]},{'O',[95;182;162],11,[95;182;162],11,0},{'M',[98;186;228],10,[95;186;57],8,[NaN;0;2],[49;247;25],9,[1;NaN;NaN]},{'O',[98;186;228],10,[98;186;228],10,0},{'M',[128;243;67],9,[1;1;1],0,[7;NaN;NaN],[15;243;67],8,[NaN;0;0]},{'O',[128;243;67],9,[128;243;67],9,0}}
Adder graph: {{'M',[1;2;1],1,[1;1;1],0,[0;1;0]},{'A',[15;14;17],2,[1;1;1],0,4,[-1;-2;1],1,0},{'M',[4;4;1],1,[1;1;1],0,[2;2;0]},{'A',[47;46;25],3,[15;14;17],2,0,[4;4;1],1,3},{'M',[47;46;34],4,[15;14;17],2,[NaN;NaN;1],[47;46;25],3,[0;0;NaN]},{'A',[55;62;42],5,[47;46;34],4,0,[1;2;1],1,3},{'M',[55;62;168],6,[55;62;42],5,[0;0;2]},{'M',[2;28;25],4,[1;1;1],0,[1;NaN;NaN],[15;14;17],2,[NaN;1;NaN],[47;46;25],3,[NaN;NaN;0]},{'A',[53;90;143],7,[55;62;168],6,0,[-2;28;-25],4,0},{'M',[53;90;1],8,[1;1;1],0,[NaN;NaN;0],[53;90;143],7,[0;0;NaN]},{'M',[2;46;2],4,[1;1;1],0,[1;NaN;1],[47;46;25],3,[NaN;0;NaN]},{'A',[49;182;5],9,[53;90;1],8,0,[-2;46;2],4,1},{'M',[55;62;20],10,[55;62;42],5,[0;0;NaN],[49;182;5],9,[NaN;NaN;2]},{'A',[221;247;81],11,[55;62;20],10,2,[1;-1;1],0,0},{'M',[1;1;17],3,[1;1;1],0,[0;0;NaN],[15;14;17],2,[NaN;NaN;0]},{'A',[225;243;149],12,[221;247;81],11,0,[1;-1;17],3,2},{'M',[1;1;64],1,[1;1;1],0,[0;0;6]},{'A',[95;93;114],4,[47;46;25],3,1,[1;1;64],1,0},{'M',[53;90;50],8,[47;46;25],3,[NaN;NaN;1],[53;90;143],7,[0;0;NaN]},{'M',[15;64;17],3,[1;1;1],0,[NaN;6;NaN],[15;14;17],2,[0;NaN;0]},{'A',[38;26;67],9,[53;90;50],8,0,[-15;-64;17],3,0},{'M',[32;16;5],10,[1;1;1],0,[5;4;NaN],[49;182;5],9,[NaN;NaN;0]},{'A',[127;109;119],11,[95;93;114],4,0,[32;16;5],10,0},{'M',[110;90;84],8,[55;62;42],5,[1;NaN;1],[53;90;143],7,[NaN;0;NaN]},{'O',[110;90;84],8,[110;90;84],8,0},{'M',[127;109;5],12,[49;182;5],9,[NaN;NaN;0],[127;109;119],11,[0;0;NaN]},{'O',[127;109;5],12,[127;109;5],12,0},{'M',[221;247;25],12,[47;46;25],3,[NaN;NaN;0],[221;247;81],11,[0;0;NaN]},{'O',[221;247;25],12,[221;247;25],12,0},{'M',[53;46;143],8,[47;46;25],3,[NaN;0;NaN],[53;90;143],7,[0;NaN;0]},{'O',[53;46;143],8,[53;46;143],8,0},{'M',[225;26;119],13,[225;243;149],12,[0;NaN;NaN],[38;26;67],9,[NaN;0;NaN],[127;109;119],11,[NaN;NaN;0]},{'O',[225;26;119],13,[225;26;119],13,0},{'M',[15;14;32],3,[1;1;1],0,[NaN;NaN;5],[15;14;17],2,[0;0;NaN]},{'O',[15;14;32],3,[15;14;32],3,0},{'M',[152;62;149],13,[55;62;42],5,[NaN;0;NaN],[225;243;149],12,[NaN;NaN;0],[38;26;67],9,[2;NaN;NaN]},{'O',[152;62;149],13,[152;62;149],13,0},{'M',[95;182;162],12,[49;182;5],9,[NaN;0;NaN],[221;247;81],11,[NaN;NaN;1],[95;93;114],4,[0;NaN;NaN]},{'O',[95;182;162],12,[95;182;162],12,0},{'M',[49;93;114],10,[49;182;5],9,[0;NaN;NaN],[95;93;114],4,[NaN;0;0]},{'O',[98;186;228],10,[49;93;114],10,1},{'M',[128;243;67],13,[1;1;1],0,[7;NaN;NaN],[225;243;149],12,[NaN;0;NaN],[38;26;67],9,[NaN;NaN;0]},{'O',[128;243;67],13,[128;243;67],13,0}}
Adder graph: {{'M',[1;2;1],1,[1;1;1],0,[0;1;0]},{'A',[15;14;17],2,[1;1;1],0,4,[-1;-2;1],1,0},{'M',[4;4;1],1,[1;1;1],0,[2;2;0]},{'M',[15;1;17],3,[1;1;1],0,[NaN;0;NaN],[15;14;17],2,[0;NaN;0]},{'A',[17;31;25],4,[4;4;1],1,3,[-15;-1;17],3,0},{'M',[17;16;25],5,[1;1;1],0,[NaN;4;NaN],[17;31;25],4,[0;NaN;0]},{'A',[19;46;67],6,[17;16;25],5,1,[-15;14;17],2,0},{'M',[128;14;17],3,[1;1;1],0,[7;NaN;NaN],[15;14;17],2,[NaN;0;0]},{'M',[1;1;64],1,[1;1;1],0,[0;0;6]},{'A',[127;13;81],4,[128;14;17],3,0,[-1;-1;64],1,0},{'M',[64;31;64],5,[1;1;1],0,[6;NaN;6],[17;31;25],4,[NaN;0;NaN]},{'M',[15;62;50],5,[15;14;17],2,[0;NaN;NaN],[17;31;25],4,[NaN;1;1]},{'A',[98;186;228],6,[64;31;64],5,1,[-15;62;50],5,1},{'M',[38;14;17],7,[15;14;17],2,[NaN;0;0],[19;46;67],6,[1;NaN;NaN]},{'A',[55;45;42],8,[38;14;17],7,0,[17;31;25],4,0},{'M',[55;45;4],9,[1;1;1],0,[NaN;NaN;2],[55;45;42],8,[0;0;NaN]},{'M',[2;64;1],1,[1;1;1],0,[1;6;0]},{'A',[53;109;5],10,[55;45;4],9,0,[-2;64;1],1,0},{'M',[55;62;42],9,[17;31;25],4,[NaN;1;NaN],[55;45;42],8,[0;NaN;0]},{'M',[1;1;25],5,[1;1;1],0,[0;0;NaN],[17;31;25],4,[NaN;NaN;0]},{'A',[221;247;143],10,[55;62;42],9,2,[1;-1;-25],5,0},{'M',[98;256;200],7,[1;1;1],0,[NaN;8;NaN],[17;31;25],4,[NaN;NaN;3],[98;186;228],6,[0;NaN;NaN]},{'A',[225;243;119],8,[98;256;200],7,0,[127;-13;-81],4,0},{'M',[19;2;119],9,[1;1;1],0,[NaN;1;NaN],[19;46;67],6,[0;NaN;NaN],[225;243;119],8,[NaN;NaN;0]},{'A',[95;182;149],10,[19;46;67],6,2,[19;-2;-119],9,0},{'O',[110;90;84],8,[55;45;42],8,1},{'M',[127;109;5],11,[127;13;81],4,[0;NaN;NaN],[53;109;5],10,[NaN;0;0]},{'O',[127;109;5],11,[127;109;5],11,0},{'M',[221;247;25],11,[17;31;25],4,[NaN;NaN;0],[221;247;143],10,[0;0;NaN]},{'O',[221;247;25],11,[221;247;25],11,0},{'M',[53;46;143],11,[19;46;67],6,[NaN;0;NaN],[53;109;5],10,[0;NaN;NaN],[221;247;143],10,[NaN;NaN;0]},{'O',[53;46;143],11,[53;46;143],11,0},{'M',[225;26;119],9,[127;13;81],4,[NaN;1;NaN],[225;243;119],8,[0;NaN;0]},{'O',[225;26;119],9,[225;26;119],9,0},{'M',[15;14;32],3,[1;1;1],0,[NaN;NaN;5],[15;14;17],2,[0;0;NaN]},{'O',[15;14;32],3,[15;14;32],3,0},{'M',[152;62;149],11,[17;31;25],4,[NaN;1;NaN],[19;46;67],6,[3;NaN;NaN],[95;182;149],10,[NaN;NaN;0]},{'O',[152;62;149],11,[152;62;149],11,0},{'M',[95;182;162],11,[127;13;81],4,[NaN;NaN;1],[95;182;149],10,[0;0;NaN]},{'O',[95;182;162],11,[95;182;162],11,0},{'O',[98;186;228],6,[98;186;228],6,0},{'M',[128;243;67],9,[1;1;1],0,[7;NaN;NaN],[19;46;67],6,[NaN;NaN;0],[225;243;119],8,[NaN;0;NaN]},{'O',[128;243;67],9,[128;243;67],9,0}}
Finished solving after 7190.32 seconds
Adder graph: {{'M',[1;2;1],1,[1;1;1],0,[0;1;0]},{'A',[15;14;17],2,[1;1;1],0,4,[-1;-2;1],1,0},{'M',[4;4;1],1,[1;1;1],0,[2;2;0]},{'M',[15;1;17],3,[1;1;1],0,[NaN;0;NaN],[15;14;17],2,[0;NaN;0]},{'A',[17;31;25],4,[4;4;1],1,3,[-15;-1;17],3,0},{'M',[17;16;25],5,[1;1;1],0,[NaN;4;NaN],[17;31;25],4,[0;NaN;0]},{'A',[19;46;67],6,[17;16;25],5,1,[-15;14;17],2,0},{'M',[128;14;17],3,[1;1;1],0,[7;NaN;NaN],[15;14;17],2,[NaN;0;0]},{'M',[1;1;64],1,[1;1;1],0,[0;0;6]},{'A',[127;13;81],4,[128;14;17],3,0,[-1;-1;64],1,0},{'M',[64;31;64],5,[1;1;1],0,[6;NaN;6],[17;31;25],4,[NaN;0;NaN]},{'M',[15;62;50],5,[15;14;17],2,[0;NaN;NaN],[17;31;25],4,[NaN;1;1]},{'A',[98;186;228],6,[64;31;64],5,1,[-15;62;50],5,1},{'M',[38;14;17],7,[15;14;17],2,[NaN;0;0],[19;46;67],6,[1;NaN;NaN]},{'A',[55;45;42],8,[38;14;17],7,0,[17;31;25],4,0},{'M',[55;45;4],9,[1;1;1],0,[NaN;NaN;2],[55;45;42],8,[0;0;NaN]},{'M',[2;64;1],1,[1;1;1],0,[1;6;0]},{'A',[53;109;5],10,[55;45;4],9,0,[-2;64;1],1,0},{'M',[55;62;42],9,[17;31;25],4,[NaN;1;NaN],[55;45;42],8,[0;NaN;0]},{'M',[1;1;25],5,[1;1;1],0,[0;0;NaN],[17;31;25],4,[NaN;NaN;0]},{'A',[221;247;143],10,[55;62;42],9,2,[1;-1;-25],5,0},{'M',[98;256;200],7,[1;1;1],0,[NaN;8;NaN],[17;31;25],4,[NaN;NaN;3],[98;186;228],6,[0;NaN;NaN]},{'A',[225;243;119],8,[98;256;200],7,0,[127;-13;-81],4,0},{'M',[19;2;119],9,[1;1;1],0,[NaN;1;NaN],[19;46;67],6,[0;NaN;NaN],[225;243;119],8,[NaN;NaN;0]},{'A',[95;182;149],10,[19;46;67],6,2,[19;-2;-119],9,0},{'O',[110;90;84],8,[55;45;42],8,1},{'M',[127;109;5],11,[127;13;81],4,[0;NaN;NaN],[53;109;5],10,[NaN;0;0]},{'O',[127;109;5],11,[127;109;5],11,0},{'M',[221;247;25],11,[17;31;25],4,[NaN;NaN;0],[221;247;143],10,[0;0;NaN]},{'O',[221;247;25],11,[221;247;25],11,0},{'M',[53;46;143],11,[19;46;67],6,[NaN;0;NaN],[53;109;5],10,[0;NaN;NaN],[221;247;143],10,[NaN;NaN;0]},{'O',[53;46;143],11,[53;46;143],11,0},{'M',[225;26;119],9,[127;13;81],4,[NaN;1;NaN],[225;243;119],8,[0;NaN;0]},{'O',[225;26;119],9,[225;26;119],9,0},{'M',[15;14;32],3,[1;1;1],0,[NaN;NaN;5],[15;14;17],2,[0;0;NaN]},{'O',[15;14;32],3,[15;14;32],3,0},{'M',[152;62;149],11,[17;31;25],4,[NaN;1;NaN],[19;46;67],6,[3;NaN;NaN],[95;182;149],10,[NaN;NaN;0]},{'O',[152;62;149],11,[152;62;149],11,0},{'M',[95;182;162],11,[127;13;81],4,[NaN;NaN;1],[95;182;149],10,[0;0;NaN]},{'O',[95;182;162],11,[95;182;162],11,0},{'O',[98;186;228],6,[98;186;228],6,0},{'M',[128;243;67],9,[1;1;1],0,[7;NaN;NaN],[19;46;67],6,[NaN;NaN;0],[225;243;119],8,[NaN;0;NaN]},{'O',[128;243;67],9,[128;243;67],9,0}}
# Add optimal = 1
# Mux optimal = 0
# FAs optimal = 0
