Adder graph: {{'M',[1;8;1],1,[1;1;1],0,[0;3;0]},{'M',[16;1;128],1,[1;1;1],0,[4;0;7]},{'A',[-15;9;-127],2,[1;8;1],1,0,[-16;1;-128],1,0},{'M',[1;32;4],1,[1;1;1],0,[0;5;2]},{'M',[2;18;-127],3,[1;1;1],0,[1;NaN;NaN],[-15;9;-127],2,[NaN;1;0]},{'A',[6;110;143],4,[1;32;4],1,2,[2;-18;127],3,0},{'M',[2;2;143],5,[1;1;1],0,[1;1;NaN],[6;110;143],4,[NaN;NaN;0]},{'M',[-15;72;256],3,[1;1;1],0,[NaN;NaN;8],[-15;9;-127],2,[0;3;NaN]},{'A',[19;76;30],6,[2;2;143],5,1,[15;72;-256],3,0},{'M',[-15;18;60],7,[-15;9;-127],2,[0;1;NaN],[19;76;30],6,[NaN;NaN;1]},{'M',[152;128;1],7,[1;1;1],0,[NaN;7;0],[19;76;30],6,[3;NaN;NaN]},{'A',[-167;-110;59],8,[-15;18;60],7,0,[-152;-128;-1],7,0},{'M',[6;1;32],5,[1;1;1],0,[NaN;0;5],[6;110;143],4,[0;NaN;NaN]},{'M',[48;-220;59],9,[6;110;143],4,[3;NaN;NaN],[-167;-110;59],8,[NaN;1;0]},{'A',[54;221;-27],10,[6;1;32],5,0,[48;220;-59],9,0},{'M',[6;9;60],7,[-15;9;-127],2,[NaN;0;NaN],[6;110;143],4,[0;NaN;NaN],[19;76;30],6,[NaN;NaN;1]},{'M',[-167;36;-127],9,[-15;9;-127],2,[NaN;2;0],[-167;-110;59],8,[0;NaN;NaN]},{'A',[173;45;187],10,[6;9;60],7,0,[167;36;127],9,0},{'M',[6;90;256],11,[1;1;1],0,[NaN;NaN;8],[6;110;143],4,[0;NaN;NaN],[173;45;187],10,[NaN;1;NaN]},{'M',[173;144;64],11,[1;1;1],0,[NaN;NaN;6],[-15;9;-127],2,[NaN;4;NaN],[173;45;187],10,[0;NaN;NaN]},{'A',[179;234;192],12,[6;90;256],11,0,[173;144;-64],11,0},{'M',[2;1;2],1,[1;1;1],0,[1;0;1]},{'M',[-167;1;1],9,[1;1;1],0,[NaN;0;0],[-167;-110;59],8,[0;NaN;NaN]},{'A',[89;127;255],10,[2;1;2],1,7,[-167;-1;-1],9,0},{'M',[16;4;255],11,[1;1;1],0,[4;2;NaN],[89;127;255],10,[NaN;NaN;0]},{'M',[-167;221;118],11,[-167;-110;59],8,[0;NaN;1],[54;221;-27],10,[NaN;0;NaN]},{'A',[183;-217;137],12,[16;4;255],11,0,[167;-221;-118],11,0},{'M',[108;-217;32],13,[1;1;1],0,[NaN;NaN;5],[54;221;-27],10,[1;NaN;NaN],[183;-217;137],12,[NaN;0;NaN]},{'M',[179;18;1],13,[1;1;1],0,[NaN;NaN;0],[-15;9;-127],2,[NaN;1;NaN],[179;234;192],12,[0;NaN;NaN]},{'A',[-71;-235;31],14,[108;-217;32],13,0,[-179;-18;-1],13,0},{'M',[179;76;-54],13,[19;76;30],6,[NaN;0;NaN],[54;221;-27],10,[NaN;NaN;1],[179;234;192],12,[0;NaN;NaN]},{'M',[-30;128;31],15,[1;1;1],0,[NaN;7;NaN],[-15;9;-127],2,[1;NaN;NaN],[-71;-235;31],14,[NaN;NaN;0]},{'A',[209;204;-85],16,[179;76;-54],13,0,[30;128;-31],15,0},{'M',[-142;-235;-216],15,[54;221;-27],10,[NaN;NaN;3],[-71;-235;31],14,[1;0;NaN]},{'O',[142;235;216],15,[142;235;216],15,0},{'M',[173;204;2],17,[1;1;1],0,[NaN;NaN;1],[173;45;187],10,[0;NaN;NaN],[209;204;-85],16,[NaN;0;NaN]},{'O',[173;204;2],17,[173;204;2],17,0},{'M',[183;221;124],15,[54;221;-27],10,[NaN;0;NaN],[183;-217;137],12,[0;NaN;NaN],[-71;-235;31],14,[NaN;NaN;2]},{'O',[183;221;124],15,[183;221;124],15,0},{'M',[38;234;143],13,[6;110;143],4,[NaN;NaN;0],[19;76;30],6,[1;NaN;NaN],[179;234;192],12,[NaN;0;NaN]},{'O',[38;234;143],13,[38;234;143],13,0},{'M',[54;220;62],15,[6;110;143],4,[NaN;1;NaN],[54;221;-27],10,[0;NaN;NaN],[-71;-235;31],14,[NaN;NaN;1]},{'O',[54;220;62],15,[54;220;62],15,0},{'M',[89;144;192],13,[-15;9;-127],2,[NaN;4;NaN],[179;234;192],12,[NaN;NaN;0],[89;127;255],10,[0;NaN;NaN]},{'O',[89;144;192],13,[89;144;192],13,0},{'M',[-167;-217;-85],17,[-167;-110;59],8,[0;NaN;NaN],[183;-217;137],12,[NaN;0;NaN],[209;204;-85],16,[NaN;NaN;0]},{'O',[167;217;85],17,[167;217;85],17,0},{'M',[209;45;30],17,[19;76;30],6,[NaN;NaN;0],[173;45;187],10,[NaN;0;NaN],[209;204;-85],16,[0;NaN;NaN]},{'O',[209;45;30],17,[209;45;30],17,0},{'M',[179;9;187],13,[-15;9;-127],2,[NaN;0;NaN],[173;45;187],10,[NaN;NaN;0],[179;234;192],12,[0;NaN;NaN]},{'O',[179;9;187],13,[179;9;187],13,0},{'M',[48;127;137],13,[6;110;143],4,[3;NaN;NaN],[89;127;255],10,[NaN;0;NaN],[183;-217;137],12,[NaN;NaN;0]},{'O',[48;127;137],13,[48;127;137],13,0}}
Adder graph: {{'M',[4;1;16],1,[1;1;1],0,[2;0;4]},{'A',[-7;3;-31],2,[1;1;1],0,0,[-4;1;-16],1,1},{'M',[1;6;1],3,[1;1;1],0,[0;NaN;0],[-7;3;-31],2,[NaN;1;NaN]},{'M',[-7;24;4],3,[1;1;1],0,[NaN;NaN;2],[-7;3;-31],2,[0;3;NaN]},{'A',[-54;204;34],4,[1;6;1],3,1,[-7;24;4],3,3},{'M',[-7;48;16],3,[1;1;1],0,[NaN;NaN;4],[-7;3;-31],2,[0;4;NaN]},{'M',[-216;3;68],5,[-7;3;-31],2,[NaN;0;NaN],[-54;204;34],4,[2;NaN;1]},{'A',[209;45;84],6,[-7;48;16],3,0,[216;-3;68],5,0},{'M',[2;1;-31],3,[1;1;1],0,[1;0;NaN],[-7;3;-31],2,[NaN;NaN;0]},{'M',[4;1;32],1,[1;1;1],0,[2;0;5]},{'A',[12;9;-216],4,[2;1;-31],3,3,[-4;1;32],1,0},{'M',[-7;12;128],3,[1;1;1],0,[NaN;NaN;7],[-7;3;-31],2,[0;2;NaN]},{'M',[12;48;272],5,[-7;3;-31],2,[NaN;4;NaN],[-54;204;34],4,[NaN;NaN;3],[12;9;-216],4,[0;NaN;NaN]},{'A',[-19;-36;-144],6,[-7;12;128],3,0,[-12;-48;-272],5,0},{'M',[192;128;34],5,[1;1;1],0,[NaN;7;NaN],[-54;204;34],4,[NaN;NaN;0],[12;9;-216],4,[4;NaN;NaN]},{'M',[-19;1;4],7,[1;1;1],0,[NaN;0;2],[-19;-36;-144],6,[0;NaN;NaN]},{'A',[173;127;30],8,[192;128;34],5,0,[-19;-1;-4],7,0},{'M',[-7;288;1],5,[1;1;1],0,[NaN;NaN;0],[-7;3;-31],2,[0;NaN;NaN],[12;9;-216],4,[NaN;5;NaN]},{'M',[64;508;84],9,[1;1;1],0,[6;NaN;NaN],[209;45;84],6,[NaN;NaN;0],[173;127;30],8,[NaN;2;NaN]},{'A',[-71;-220;85],10,[-7;288;1],5,0,[-64;-508;84],9,0},{'M',[-108;-72;1],7,[1;1;1],0,[NaN;NaN;0],[-54;204;34],4,[1;NaN;NaN],[-19;-36;-144],6,[NaN;1;NaN]},{'M',[-19;45;-144],7,[209;45;84],6,[NaN;0;NaN],[-19;-36;-144],6,[0;NaN;0]},{'A',[-89;-117;-143],8,[-108;-72;1],7,0,[19;-45;-144],7,0},{'M',[-89;-234;272],9,[-54;204;34],4,[NaN;NaN;3],[-89;-117;-143],8,[0;1;NaN]},{'M',[256;1;85],11,[1;1;1],0,[8;0;NaN],[-71;-220;85],10,[NaN;NaN;0]},{'A',[167;-235;187],12,[-89;-234;272],9,0,[256;-1;-85],11,0},{'M',[1;-220;1],11,[1;1;1],0,[0;NaN;0],[-71;-220;85],10,[NaN;0;NaN]},{'M',[-178;1;4],9,[1;1;1],0,[NaN;0;2],[-89;-117;-143],8,[1;NaN;NaN]},{'A',[179;-221;-3],12,[1;-220;1],11,0,[178;-1;-4],9,0},{'M',[-356;127;-31],9,[-7;3;-31],2,[NaN;NaN;0],[173;127;30],8,[NaN;0;NaN],[-89;-117;-143],8,[2;NaN;NaN]},{'M',[173;90;168],9,[209;45;84],6,[NaN;1;1],[173;127;30],8,[0;NaN;NaN]},{'A',[-183;217;137],10,[-356;127;-31],9,0,[173;90;168],9,0},{'M',[-142;-235;-216],13,[12;9;-216],4,[NaN;NaN;0],[-71;-220;85],10,[1;NaN;NaN],[167;-235;187],12,[NaN;0;NaN]},{'O',[142;235;216],13,[142;235;216],13,0},{'M',[173;204;2],9,[1;1;1],0,[NaN;NaN;1],[-54;204;34],4,[NaN;0;NaN],[173;127;30],8,[0;NaN;NaN]},{'O',[173;204;2],9,[173;204;2],9,0},{'M',[-183;-221;-124],13,[-7;3;-31],2,[NaN;NaN;2],[179;-221;-3],12,[NaN;0;NaN],[-183;217;137],10,[0;NaN;NaN]},{'O',[183;221;124],13,[183;221;124],13,0},{'M',[-38;-234;-143],9,[-19;-36;-144],6,[1;NaN;NaN],[-89;-117;-143],8,[NaN;1;0]},{'O',[38;234;143],9,[38;234;143],9,0},{'M',[-54;-220;-62],11,[-7;3;-31],2,[NaN;NaN;1],[-54;204;34],4,[0;NaN;NaN],[-71;-220;85],10,[NaN;0;NaN]},{'O',[54;220;62],11,[54;220;62],11,0},{'M',[-89;-144;-192],13,[-19;-36;-144],6,[NaN;2;NaN],[-89;-117;-143],8,[0;NaN;NaN],[179;-221;-3],12,[NaN;NaN;6]},{'O',[89;144;192],13,[89;144;192],13,0},{'M',[167;217;85],13,[-71;-220;85],10,[NaN;NaN;0],[167;-235;187],12,[0;NaN;NaN],[-183;217;137],10,[NaN;0;NaN]},{'O',[167;217;85],13,[167;217;85],13,0},{'M',[209;45;30],9,[209;45;84],6,[0;0;NaN],[173;127;30],8,[NaN;NaN;0]},{'O',[209;45;30],9,[209;45;30],9,0},{'M',[179;9;187],13,[12;9;-216],4,[NaN;0;NaN],[167;-235;187],12,[NaN;NaN;0],[179;-221;-3],12,[0;NaN;NaN]},{'O',[179;9;187],13,[179;9;187],13,0},{'M',[48;127;137],11,[12;9;-216],4,[2;NaN;NaN],[173;127;30],8,[NaN;0;NaN],[-183;217;137],10,[NaN;NaN;0]},{'O',[48;127;137],11,[48;127;137],11,0}}
Adder graph: {{'M',[2;1;8],1,[1;1;1],0,[1;0;3]},{'M',[2;1;2],1,[1;1;1],0,[1;0;1]},{'A',[18;7;62],2,[2;1;8],1,3,[2;-1;-2],1,0},{'M',[1;2;1],1,[1;1;1],0,[0;1;0]},{'M',[36;1;1],3,[1;1;1],0,[NaN;0;0],[18;7;62],2,[1;NaN;NaN]},{'A',[-71;4;-1],4,[1;2;1],1,0,[-36;1;-1],3,1},{'M',[-71;1;8],5,[1;1;1],0,[NaN;0;3],[-71;4;-1],4,[0;NaN;NaN]},{'M',[18;128;-32],5,[18;7;62],2,[0;NaN;NaN],[-71;4;-1],4,[NaN;5;5]},{'A',[-89;-127;-24],6,[-71;1;8],5,0,[-18;-128;-32],5,0},{'M',[36;112;1],3,[1;1;1],0,[NaN;NaN;0],[18;7;62],2,[1;4;NaN]},{'M',[1;1;16],1,[1;1;1],0,[0;0;4]},{'A',[38;110;-31],4,[36;112;1],3,0,[1;-1;-16],1,1},{'M',[32;7;-2],5,[1;1;1],0,[5;NaN;NaN],[18;7;62],2,[NaN;0;NaN],[-71;4;-1],4,[NaN;NaN;1]},{'M',[38;16;-31],5,[1;1;1],0,[NaN;4;NaN],[38;110;-31],4,[0;NaN;0]},{'A',[-6;-9;29],6,[32;7;-2],5,0,[-38;-16;31],5,0},{'M',[-178;7;4],7,[1;1;1],0,[NaN;NaN;2],[18;7;62],2,[NaN;0;NaN],[-89;-127;-24],6,[1;NaN;NaN]},{'M',[1;224;-31],5,[1;1;1],0,[0;NaN;NaN],[18;7;62],2,[NaN;5;NaN],[38;110;-31],4,[NaN;NaN;0]},{'A',[-179;-217;-27],8,[-178;7;4],7,0,[-1;-224;-31],5,0},{'M',[72;-217;29],9,[18;7;62],2,[2;NaN;NaN],[-6;-9;29],6,[NaN;NaN;0],[-179;-217;-27],8,[NaN;0;NaN]},{'M',[18;4;-1],5,[18;7;62],2,[0;NaN;NaN],[-71;4;-1],4,[NaN;0;0]},{'A',[54;-221;30],10,[72;-217;29],9,0,[-18;-4;1],5,0},{'M',[-6;7;-54],9,[18;7;62],2,[NaN;0;NaN],[-6;-9;29],6,[0;NaN;NaN],[-179;-217;-27],8,[NaN;NaN;1]},{'M',[-179;110;-31],9,[38;110;-31],4,[NaN;0;0],[-179;-217;-27],8,[0;NaN;NaN]},{'A',[173;117;-85],10,[-6;7;-54],9,0,[179;110;-31],9,0},{'M',[18;-9;58],7,[18;7;62],2,[0;NaN;NaN],[-6;-9;29],6,[NaN;0;1]},{'M',[173;-217;-27],11,[-179;-217;-27],8,[NaN;0;0],[173;117;-85],10,[0;NaN;NaN]},{'A',[209;-235;143],12,[18;-9;58],7,1,[173;-217;27],11,0},{'M',[-179;117;-108],11,[-179;-217;-27],8,[0;NaN;2],[173;117;-85],10,[NaN;0;NaN]},{'M',[-12;-72;29],7,[-6;-9;29],6,[1;3;0]},{'A',[-167;45;-137],12,[-179;117;-108],11,0,[12;-72;-29],7,0},{'M',[-167;110;29],13,[38;110;-31],4,[NaN;0;NaN],[-6;-9;29],6,[NaN;NaN;0],[-167;45;-137],12,[0;NaN;NaN]},{'M',[2;1;-27],9,[1;1;1],0,[1;0;NaN],[-179;-217;-27],8,[NaN;NaN;0]},{'A',[-183;102;-187],14,[-167;110;29],13,0,[-2;-1;-27],9,3},{'M',[-142;-235;-216],13,[-71;4;-1],4,[1;NaN;NaN],[-179;-217;-27],8,[NaN;NaN;3],[209;-235;143],12,[NaN;0;NaN]},{'O',[142;235;216],13,[142;235;216],13,0},{'M',[173;204;2],15,[1;1;1],0,[NaN;NaN;1],[173;117;-85],10,[0;NaN;NaN],[-183;102;-187],14,[NaN;1;NaN]},{'O',[173;204;2],15,[173;204;2],15,0},{'M',[-183;-221;-124],15,[38;110;-31],4,[NaN;NaN;2],[54;-221;30],10,[NaN;0;NaN],[-183;102;-187],14,[0;NaN;NaN]},{'O',[183;221;124],15,[183;221;124],15,0},{'M',[38;234;143],13,[38;110;-31],4,[0;NaN;NaN],[173;117;-85],10,[NaN;1;NaN],[209;-235;143],12,[NaN;NaN;0]},{'O',[38;234;143],13,[38;234;143],13,0},{'M',[54;220;62],11,[18;7;62],2,[NaN;NaN;0],[38;110;-31],4,[NaN;1;NaN],[54;-221;30],10,[0;NaN;NaN]},{'O',[54;220;62],11,[54;220;62],11,0},{'M',[-89;-144;-192],7,[-89;-127;-24],6,[0;NaN;3],[-6;-9;29],6,[NaN;4;NaN]},{'O',[89;144;192],7,[89;144;192],7,0},{'M',[-167;-217;-85],13,[-179;-217;-27],8,[NaN;0;NaN],[173;117;-85],10,[NaN;NaN;0],[-167;45;-137],12,[0;NaN;NaN]},{'O',[167;217;85],13,[167;217;85],13,0},{'M',[209;45;30],13,[54;-221;30],10,[NaN;NaN;0],[209;-235;143],12,[0;NaN;NaN],[-167;45;-137],12,[NaN;0;NaN]},{'O',[209;45;30],13,[209;45;30],13,0},{'M',[-179;-9;-187],15,[-6;-9;29],6,[NaN;0;NaN],[-179;-217;-27],8,[0;NaN;NaN],[-183;102;-187],14,[NaN;NaN;0]},{'O',[179;9;187],15,[179;9;187],15,0},{'M',[-48;-127;-137],13,[-89;-127;-24],6,[NaN;0;NaN],[-6;-9;29],6,[3;NaN;NaN],[-167;45;-137],12,[NaN;NaN;0]},{'O',[48;127;137],13,[48;127;137],13,0}}
Adder graph: {{'M',[1;16;1],1,[1;1;1],0,[0;4;0]},{'M',[4;1;2],1,[1;1;1],0,[2;0;1]},{'A',[-3;15;-1],2,[1;16;1],1,0,[-4;-1;-2],1,0},{'M',[1;60;-2],3,[1;1;1],0,[0;NaN;NaN],[-3;15;-1],2,[NaN;2;1]},{'M',[16;1;1],1,[1;1;1],0,[4;0;0]},{'A',[-15;59;-3],4,[1;60;-2],3,0,[-16;-1;-1],1,0},{'M',[-15;236;-3],5,[-15;59;-3],4,[0;2;0]},{'M',[-12;15;-24],5,[-3;15;-1],2,[2;0;NaN],[-15;59;-3],4,[NaN;NaN;3]},{'A',[-27;221;-27],6,[-15;236;-3],5,0,[-12;-15;-24],5,0},{'M',[1;1;-4],3,[1;1;1],0,[0;0;NaN],[-3;15;-1],2,[NaN;NaN;2]},{'M',[-15;59;1],5,[1;1;1],0,[NaN;NaN;0],[-15;59;-3],4,[0;0;NaN]},{'A',[19;-55;-17],6,[1;1;-4],3,2,[15;-59;-1],5,0},{'M',[-15;-220;-68],7,[-15;59;-3],4,[0;NaN;NaN],[19;-55;-17],6,[NaN;2;2]},{'M',[152;15;-17],7,[-3;15;-1],2,[NaN;0;NaN],[19;-55;-17],6,[3;NaN;0]},{'A',[-167;-235;-85],8,[-15;-220;-68],7,0,[-152;-15;-17],7,0},{'M',[-27;16;-24],7,[1;1;1],0,[NaN;4;NaN],[-15;59;-3],4,[NaN;NaN;3],[-27;221;-27],6,[0;NaN;NaN]},{'M',[76;59;-3],7,[-15;59;-3],4,[NaN;0;0],[19;-55;-17],6,[2;NaN;NaN]},{'A',[-179;-102;-30],8,[-27;16;-24],7,0,[-76;-59;-3],7,1},{'M',[-179;1;-27],9,[1;1;1],0,[NaN;0;NaN],[-27;221;-27],6,[NaN;NaN;0],[-179;-102;-30],8,[0;NaN;NaN]},{'M',[-3;64;-85],9,[1;1;1],0,[NaN;6;NaN],[-3;15;-1],2,[0;NaN;NaN],[-167;-235;-85],8,[NaN;NaN;0]},{'A',[-173;-127;143],10,[-179;1;-27],9,0,[3;-64;85],9,1},{'M',[-15;2;-2],5,[1;1;1],0,[NaN;1;NaN],[-3;15;-1],2,[NaN;NaN;1],[-15;59;-3],4,[0;NaN;NaN]},{'M',[-179;221;-27],9,[-27;221;-27],6,[NaN;0;0],[-179;-102;-30],8,[0;NaN;NaN]},{'A',[-209;-217;-31],10,[-15;2;-2],5,1,[-179;-221;-27],9,0},{'M',[-167;118;-272],9,[-15;59;-3],4,[NaN;1;NaN],[19;-55;-17],6,[NaN;NaN;4],[-167;-235;-85],8,[0;NaN;NaN]},{'M',[-96;-127;-85],11,[-3;15;-1],2,[5;NaN;NaN],[-167;-235;-85],8,[NaN;NaN;0],[-173;-127;143],10,[NaN;0;NaN]},{'A',[-71;-9;-187],12,[-167;118;-272],9,0,[96;-127;85],11,0},{'M',[8;59;-34],7,[1;1;1],0,[3;NaN;NaN],[-15;59;-3],4,[NaN;0;NaN],[19;-55;-17],6,[NaN;NaN;1]},{'M',[-167;1;-192],9,[1;1;1],0,[NaN;0;NaN],[-15;59;-3],4,[NaN;NaN;6],[-167;-235;-85],8,[0;NaN;NaN]},{'A',[183;117;124],10,[8;59;-34],7,1,[167;-1;192],9,0},{'M',[19;15;-1],7,[-3;15;-1],2,[NaN;0;0],[19;-55;-17],6,[0;NaN;NaN]},{'M',[-27;15;-34],7,[-3;15;-1],2,[NaN;0;NaN],[-27;221;-27],6,[0;NaN;NaN],[19;-55;-17],6,[NaN;NaN;1]},{'A',[-89;-45;-137],8,[19;15;-1],7,0,[-27;-15;-34],7,2},{'M',[-142;-235;-216],13,[-27;221;-27],6,[NaN;NaN;3],[-167;-235;-85],8,[NaN;0;NaN],[-71;-9;-187],12,[1;NaN;NaN]},{'O',[142;235;216],13,[142;235;216],13,0},{'M',[-173;-204;-2],11,[-3;15;-1],2,[NaN;NaN;1],[-179;-102;-30],8,[NaN;1;NaN],[-173;-127;143],10,[0;NaN;NaN]},{'O',[173;204;2],11,[173;204;2],11,0},{'M',[183;221;124],11,[-27;221;-27],6,[NaN;0;NaN],[183;117;124],10,[0;NaN;0]},{'O',[183;221;124],11,[183;221;124],11,0},{'M',[38;234;143],11,[19;-55;-17],6,[1;NaN;NaN],[-173;-127;143],10,[NaN;NaN;0],[183;117;124],10,[NaN;1;NaN]},{'O',[38;234;143],11,[38;234;143],11,0},{'M',[-27;-110;-31],11,[-27;221;-27],6,[0;NaN;NaN],[19;-55;-17],6,[NaN;1;NaN],[-209;-217;-31],10,[NaN;NaN;0]},{'O',[54;220;62],11,[27;110;31],11,1},{'M',[-89;-144;-192],13,[-15;59;-3],4,[NaN;NaN;6],[-71;-9;-187],12,[NaN;4;NaN],[-89;-45;-137],8,[0;NaN;NaN]},{'O',[89;144;192],13,[89;144;192],13,0},{'M',[-167;-217;-85],11,[-167;-235;-85],8,[0;NaN;0],[-209;-217;-31],10,[NaN;0;NaN]},{'O',[167;217;85],11,[167;217;85],11,0},{'M',[-209;-45;-30],11,[-179;-102;-30],8,[NaN;NaN;0],[-209;-217;-31],10,[0;NaN;NaN],[-89;-45;-137],8,[NaN;0;NaN]},{'O',[209;45;30],11,[209;45;30],11,0},{'M',[-179;-9;-187],13,[-179;-102;-30],8,[0;NaN;NaN],[-71;-9;-187],12,[NaN;0;0]},{'O',[179;9;187],13,[179;9;187],13,0},{'M',[-48;-127;-137],11,[-3;15;-1],2,[4;NaN;NaN],[-173;-127;143],10,[NaN;0;NaN],[-89;-45;-137],8,[NaN;NaN;0]},{'O',[48;127;137],11,[48;127;137],11,0}}
Adder graph: {{'M',[1;2;2],1,[1;1;1],0,[0;1;1]},{'M',[8;1;16],1,[1;1;1],0,[3;0;4]},{'A',[-6;3;20],2,[1;2;2],1,1,[-8;-1;16],1,0},{'M',[-6;96;8],3,[1;1;1],0,[NaN;NaN;3],[-6;3;20],2,[0;5;NaN]},{'M',[-24;64;1],3,[1;1;1],0,[NaN;6;0],[-6;3;20],2,[2;NaN;NaN]},{'A',[42;224;6],4,[-6;96;8],3,0,[24;64;-1],3,1},{'M',[1;6;6],5,[1;1;1],0,[0;NaN;NaN],[-6;3;20],2,[NaN;1;NaN],[42;224;6],4,[NaN;NaN;0]},{'M',[42;24;6],5,[-6;3;20],2,[NaN;3;NaN],[42;224;6],4,[0;NaN;0]},{'A',[-167;102;30],6,[1;6;6],5,0,[-42;24;6],5,2},{'M',[256;48;1],3,[1;1;1],0,[8;NaN;0],[-6;3;20],2,[NaN;4;NaN]},{'M',[-167;3;128],7,[1;1;1],0,[NaN;NaN;7],[-6;3;20],2,[NaN;0;NaN],[-167;102;30],6,[0;NaN;NaN]},{'A',[89;45;-127],8,[256;48;1],3,0,[-167;-3;-128],7,0},{'M',[89;4;30],9,[1;1;1],0,[NaN;2;NaN],[-167;102;30],6,[NaN;NaN;0],[89;45;-127],8,[0;NaN;NaN]},{'M',[1;1;-127],9,[1;1;1],0,[0;0;NaN],[89;45;-127],8,[NaN;NaN;0]},{'A',[179;9;187],10,[89;4;30],9,1,[1;1;127],9,0},{'M',[-6;3;160],3,[-6;3;20],2,[0;0;3]},{'M',[179;224;187],11,[42;224;6],4,[NaN;0;NaN],[179;9;187],10,[0;NaN;0]},{'A',[173;-221;-27],12,[-6;3;160],3,0,[179;-224;-187],11,0},{'M',[42;9;1],11,[1;1;1],0,[NaN;NaN;0],[42;224;6],4,[0;NaN;NaN],[179;9;187],10,[NaN;0;NaN]},{'M',[-6;4;2],3,[1;1;1],0,[NaN;2;1],[-6;3;20],2,[0;NaN;NaN]},{'A',[-54;-55;-31],12,[42;9;1],11,0,[-6;-4;-2],3,4},{'M',[-54;-55;1920],13,[-167;102;30],6,[NaN;NaN;6],[-54;-55;-31],12,[0;0;NaN]},{'M',[16;180;-27],13,[1;1;1],0,[4;NaN;NaN],[89;45;-127],8,[NaN;2;NaN],[173;-221;-27],12,[NaN;NaN;0]},{'A',[-38;-235;1947],14,[-54;-55;1920],13,0,[16;-180;27],13,0},{'M',[-167;18;-2032],11,[-167;102;30],6,[0;NaN;NaN],[89;45;-127],8,[NaN;NaN;4],[179;9;187],10,[NaN;1;NaN]},{'M',[-96;-235;1947],15,[-6;3;20],2,[4;NaN;NaN],[-38;-235;1947],14,[NaN;0;0]},{'A',[-71;-217;-85],16,[-167;18;-2032],11,0,[96;-235;1947],15,0},{'M',[-167;-235;-127],15,[-167;102;30],6,[0;NaN;NaN],[89;45;-127],8,[NaN;NaN;0],[-38;-235;1947],14,[NaN;0;NaN]},{'M',[16;1;16],1,[1;1;1],0,[4;0;4]},{'A',[-183;-234;-143],16,[-167;-235;-127],15,0,[-16;1;-16],1,0},{'M',[42;1;6],5,[1;1;1],0,[NaN;0;NaN],[42;224;6],4,[0;NaN;0]},{'M',[-167;128;-143],17,[1;1;1],0,[NaN;7;NaN],[-167;102;30],6,[0;NaN;NaN],[-183;-234;-143],16,[NaN;NaN;0]},{'A',[209;-127;-137],18,[42;1;6],5,0,[167;-128;-143],17,0},{'M',[-142;-235;-216],17,[173;-221;-27],12,[NaN;NaN;3],[-38;-235;1947],14,[NaN;0;NaN],[-71;-217;-85],16,[1;NaN;NaN]},{'O',[142;235;216],17,[142;235;216],17,0},{'M',[173;204;2],13,[1;1;1],0,[NaN;NaN;1],[-167;102;30],6,[NaN;1;NaN],[173;-221;-27],12,[0;NaN;NaN]},{'O',[173;204;2],13,[173;204;2],13,0},{'M',[-183;-221;-124],17,[173;-221;-27],12,[NaN;0;NaN],[-54;-55;-31],12,[NaN;NaN;2],[-183;-234;-143],16,[0;NaN;NaN]},{'O',[183;221;124],17,[183;221;124],17,0},{'M',[-38;-234;-143],17,[-38;-235;1947],14,[0;NaN;NaN],[-183;-234;-143],16,[NaN;0;0]},{'O',[38;234;143],17,[38;234;143],17,0},{'M',[-54;-220;-62],13,[-54;-55;-31],12,[0;2;1]},{'O',[54;220;62],13,[54;220;62],13,0},{'M',[89;144;192],11,[42;224;6],4,[NaN;NaN;5],[89;45;-127],8,[0;NaN;NaN],[179;9;187],10,[NaN;4;NaN]},{'O',[89;144;192],11,[89;144;192],11,0},{'M',[-167;-217;-85],17,[-167;102;30],6,[0;NaN;NaN],[-71;-217;-85],16,[NaN;0;0]},{'O',[167;217;85],17,[167;217;85],17,0},{'M',[209;45;30],19,[-167;102;30],6,[NaN;NaN;0],[89;45;-127],8,[NaN;0;NaN],[209;-127;-137],18,[0;NaN;NaN]},{'O',[209;45;30],19,[209;45;30],19,0},{'O',[179;9;187],10,[179;9;187],10,0},{'M',[-48;-127;-137],19,[-6;3;20],2,[3;NaN;NaN],[209;-127;-137],18,[NaN;0;0]},{'O',[48;127;137],19,[48;127;137],19,0}}
Adder graph: {{'M',[1;1;2],1,[1;1;1],0,[0;0;1]},{'A',[9;9;6],2,[1;1;1],0,3,[1;1;-2],1,0},{'M',[9;18;192],3,[9;9;6],2,[0;1;5]},{'M',[9;32;6],3,[1;1;1],0,[NaN;5;NaN],[9;9;6],2,[0;NaN;0]},{'A',[-27;-110;216],4,[9;18;192],3,0,[-9;-32;6],3,2},{'M',[1;-220;6],5,[1;1;1],0,[0;NaN;NaN],[9;9;6],2,[NaN;NaN;0],[-27;-110;216],4,[NaN;1;NaN]},{'M',[4;1;96],3,[1;1;1],0,[2;0;NaN],[9;9;6],2,[NaN;NaN;4]},{'A',[-3;-221;102],6,[1;-220;6],5,0,[-4;-1;96],3,0},{'M',[72;16;1],3,[1;1;1],0,[NaN;4;0],[9;9;6],2,[3;NaN;NaN]},{'M',[1;-221;102],7,[1;1;1],0,[0;NaN;NaN],[-3;-221;102],6,[NaN;0;0]},{'A',[71;-205;-101],8,[72;16;1],3,0,[-1;-221;-102],7,0},{'M',[-108;-205;16],9,[1;1;1],0,[NaN;NaN;4],[-27;-110;216],4,[2;NaN;NaN],[71;-205;-101],8,[NaN;0;NaN]},{'M',[71;-440;1],9,[1;1;1],0,[NaN;NaN;0],[-27;-110;216],4,[NaN;2;NaN],[71;-205;-101],8,[0;NaN;NaN]},{'A',[-179;235;15],10,[-108;-205;16],9,0,[-71;440;-1],9,0},{'M',[-179;-220;15],11,[-27;-110;216],4,[NaN;1;NaN],[-179;235;15],10,[0;NaN;0]},{'M',[-3;8;64],7,[1;1;1],0,[NaN;3;6],[-3;-221;102],6,[0;NaN;NaN]},{'A',[-173;-204;143],12,[-179;-220;15],11,0,[3;8;64],7,1},{'M',[-192;1;1],7,[1;1;1],0,[NaN;0;0],[-3;-221;102],6,[6;NaN;NaN]},{'M',[9;128;32],3,[1;1;1],0,[NaN;7;5],[9;9;6],2,[0;NaN;NaN]},{'A',[-183;-127;-31],8,[-192;1;1],7,0,[9;-128;-32],3,0},{'M',[36;235;15],11,[9;9;6],2,[2;NaN;NaN],[-179;235;15],10,[NaN;0;0]},{'M',[-173;1;-202],13,[1;1;1],0,[NaN;0;NaN],[71;-205;-101],8,[NaN;NaN;1],[-173;-204;143],12,[0;NaN;NaN]},{'A',[209;234;-187],14,[36;235;15],11,0,[173;-1;-202],13,0},{'M',[9;18;8],3,[1;1;1],0,[NaN;NaN;3],[9;9;6],2,[0;1;NaN]},{'M',[71;9;-101],9,[9;9;6],2,[NaN;0;NaN],[71;-205;-101],8,[0;NaN;0]},{'A',[89;45;-85],10,[9;18;8],3,1,[71;9;-101],9,0},{'M',[36;36;1],3,[1;1;1],0,[NaN;NaN;0],[9;9;6],2,[2;2;NaN]},{'M',[2;45;2],11,[1;1;1],0,[1;NaN;1],[89;45;-85],10,[NaN;0;NaN]},{'A',[38;-9;-1],12,[36;36;1],3,0,[2;-45;-2],11,0},{'M',[-346;18;6],13,[9;9;6],2,[NaN;1;0],[-173;-204;143],12,[1;NaN;NaN]},{'M',[-179;235;143],13,[-179;235;15],10,[0;0;NaN],[-173;-204;143],12,[NaN;NaN;0]},{'A',[-167;-217;-137],14,[-346;18;6],13,0,[179;-235;-143],13,0},{'M',[142;235;216],11,[-27;-110;216],4,[NaN;NaN;0],[71;-205;-101],8,[1;NaN;NaN],[-179;235;15],10,[NaN;0;NaN]},{'O',[142;235;216],11,[142;235;216],11,0},{'M',[-173;-204;-2],13,[-173;-204;143],12,[0;0;NaN],[38;-9;-1],12,[NaN;NaN;1]},{'O',[173;204;2],13,[173;204;2],13,0},{'M',[-183;-221;-124],9,[-3;-221;102],6,[NaN;0;NaN],[-183;-127;-31],8,[0;NaN;2]},{'O',[183;221;124],9,[183;221;124],9,0},{'M',[38;234;143],15,[-173;-204;143],12,[NaN;NaN;0],[209;234;-187],14,[NaN;0;NaN],[38;-9;-1],12,[0;NaN;NaN]},{'O',[38;234;143],15,[38;234;143],15,0},{'M',[-27;-110;-31],9,[-27;-110;216],4,[0;0;NaN],[-183;-127;-31],8,[NaN;NaN;0]},{'O',[54;220;62],9,[27;110;31],9,1},{'M',[89;144;192],11,[9;9;6],2,[NaN;4;5],[89;45;-85],10,[0;NaN;NaN]},{'O',[89;144;192],11,[89;144;192],11,0},{'M',[-167;-217;-85],15,[89;45;-85],10,[NaN;NaN;0],[-167;-217;-137],14,[0;0;NaN]},{'O',[167;217;85],15,[167;217;85],15,0},{'M',[209;45;30],15,[-179;235;15],10,[NaN;NaN;1],[209;234;-187],14,[0;NaN;NaN],[89;45;-85],10,[NaN;0;NaN]},{'O',[209;45;30],15,[209;45;30],15,0},{'M',[-179;-9;-187],15,[-179;235;15],10,[0;NaN;NaN],[209;234;-187],14,[NaN;NaN;0],[38;-9;-1],12,[NaN;0;NaN]},{'O',[179;9;187],15,[179;9;187],15,0},{'M',[-48;-127;-137],15,[-3;-221;102],6,[4;NaN;NaN],[-183;-127;-31],8,[NaN;0;NaN],[-167;-217;-137],14,[NaN;NaN;0]},{'O',[48;127;137],15,[48;127;137],15,0}}
Adder graph: {{'M',[4;1;2],1,[1;1;1],0,[2;0;1]},{'A',[-31;9;-15],2,[1;1;1],0,0,[-4;1;-2],1,3},{'M',[2;9;16],3,[1;1;1],0,[1;NaN;4],[-31;9;-15],2,[NaN;0;NaN]},{'M',[-31;72;128],3,[1;1;1],0,[NaN;NaN;7],[-31;9;-15],2,[0;3;NaN]},{'A',[-27;90;-96],4,[2;9;16],3,1,[-31;72;-128],3,0},{'M',[-27;9;-15],5,[-31;9;-15],2,[NaN;0;0],[-27;90;-96],4,[0;NaN;NaN]},{'M',[-31;32;8],3,[1;1;1],0,[NaN;5;3],[-31;9;-15],2,[0;NaN;NaN]},{'A',[-89;-55;-31],6,[-27;9;-15],5,0,[-31;-32;-8],3,1},{'M',[1;180;-248],7,[1;1;1],0,[0;NaN;NaN],[-27;90;-96],4,[NaN;1;NaN],[-89;-55;-31],6,[NaN;NaN;3]},{'M',[-178;-55;-30],7,[-31;9;-15],2,[NaN;NaN;1],[-89;-55;-31],6,[1;0;NaN]},{'A',[179;235;-218],8,[1;180;-248],7,0,[178;55;30],7,0},{'M',[8;72;1],3,[1;1;1],0,[3;NaN;0],[-31;9;-15],2,[NaN;3;NaN]},{'M',[2;-55;2],7,[1;1;1],0,[1;NaN;1],[-89;-55;-31],6,[NaN;0;NaN]},{'A',[6;127;-1],8,[8;72;1],3,0,[-2;55;-2],7,0},{'M',[6;-110;-62],9,[-89;-55;-31],6,[NaN;1;1],[6;127;-1],8,[0;NaN;NaN]},{'M',[179;8;-240],9,[1;1;1],0,[NaN;3;NaN],[-31;9;-15],2,[NaN;NaN;4],[179;235;-218],8,[0;NaN;NaN]},{'A',[-173;-102;178],10,[6;-110;-62],9,0,[-179;8;240],9,0},{'M',[-31;235;178],11,[-31;9;-15],2,[0;NaN;NaN],[179;235;-218],8,[NaN;0;NaN],[-173;-102;178],10,[NaN;NaN;0]},{'M',[-173;1;-96],11,[1;1;1],0,[NaN;0;NaN],[-27;90;-96],4,[NaN;NaN;0],[-173;-102;178],10,[0;NaN;NaN]},{'A',[71;117;137],12,[-31;235;178],11,-1,[173;-1;96],11,-1},{'M',[-173;1;178],11,[1;1;1],0,[NaN;0;NaN],[-173;-102;178],10,[0;NaN;0]},{'A',[-183;-221;54],12,[-89;-55;-31],6,2,[173;-1;178],11,0},{'M',[16;4;-31],7,[1;1;1],0,[4;2;NaN],[-89;-55;-31],6,[NaN;NaN;0]},{'A',[-167;-217;-85],13,[16;4;-31],7,0,[-183;-221;-54],12,0},{'M',[-178;72;-31],7,[-31;9;-15],2,[NaN;3;NaN],[-89;-55;-31],6,[1;NaN;0]},{'M',[-31;117;-218],13,[-31;9;-15],2,[0;NaN;NaN],[179;235;-218],8,[NaN;NaN;0],[71;117;137],12,[NaN;0;NaN]},{'A',[-209;-45;187],14,[-178;72;-31],7,0,[-31;-117;218],13,0},{'M',[6;-45;128],15,[1;1;1],0,[NaN;NaN;7],[6;127;-1],8,[0;NaN;NaN],[-209;-45;187],14,[NaN;0;NaN]},{'M',[32;9;-15],3,[1;1;1],0,[5;NaN;NaN],[-31;9;-15],2,[NaN;0;0]},{'A',[38;-36;143],16,[6;-45;128],15,0,[32;9;15],3,0},{'M',[142;235;216],13,[179;235;-218],8,[NaN;0;NaN],[71;117;137],12,[1;NaN;NaN],[-183;-221;54],12,[NaN;NaN;2]},{'O',[142;235;216],13,[142;235;216],13,0},{'M',[-173;-204;-2],11,[6;127;-1],8,[NaN;NaN;1],[-173;-102;178],10,[0;1;NaN]},{'O',[173;204;2],11,[173;204;2],11,0},{'M',[-183;-221;-124],13,[-89;-55;-31],6,[NaN;NaN;2],[-183;-221;54],12,[0;0;NaN]},{'O',[183;221;124],13,[183;221;124],13,0},{'M',[38;234;143],17,[71;117;137],12,[NaN;1;NaN],[38;-36;143],16,[0;NaN;0]},{'O',[38;234;143],17,[38;234;143],17,0},{'M',[-27;-110;-31],7,[-27;90;-96],4,[0;NaN;NaN],[-89;-55;-31],6,[NaN;1;0]},{'O',[54;220;62],7,[27;110;31],7,1},{'M',[-89;-144;-192],17,[-27;90;-96],4,[NaN;NaN;1],[-89;-55;-31],6,[0;NaN;NaN],[38;-36;143],16,[NaN;2;NaN]},{'O',[89;144;192],17,[89;144;192],17,0},{'O',[167;217;85],13,[167;217;85],13,0},{'M',[-209;-45;-30],15,[-31;9;-15],2,[NaN;NaN;1],[-209;-45;187],14,[0;0;NaN]},{'O',[209;45;30],15,[209;45;30],15,0},{'M',[179;9;187],15,[-31;9;-15],2,[NaN;0;NaN],[179;235;-218],8,[0;NaN;NaN],[-209;-45;187],14,[NaN;NaN;0]},{'O',[179;9;187],15,[179;9;187],15,0},{'M',[48;127;137],13,[6;127;-1],8,[3;0;NaN],[71;117;137],12,[NaN;NaN;0]},{'O',[48;127;137],13,[48;127;137],13,0}}
Adder graph: {{'M',[1;16;32],1,[1;1;1],0,[0;4;5]},{'M',[2;1;1],1,[1;1;1],0,[1;0;0]},{'A',[6;127;257],2,[1;16;32],1,3,[-2;-1;1],1,0},{'M',[8;127;8],3,[1;1;1],0,[3;NaN;3],[6;127;257],2,[NaN;0;NaN]},{'M',[1;32;8],1,[1;1;1],0,[0;5;3]},{'A',[17;222;24],4,[8;127;8],3,1,[1;-32;8],1,0},{'M',[6;1;257],3,[1;1;1],0,[NaN;0;NaN],[6;127;257],2,[0;NaN;0]},{'M',[17;256;1],5,[1;1;1],0,[NaN;8;0],[17;222;24],4,[0;NaN;NaN]},{'A',[142;-2047;249],6,[6;1;257],3,0,[17;-256;-1],5,3},{'M',[48;222;32],5,[1;1;1],0,[NaN;NaN;5],[6;127;257],2,[3;NaN;NaN],[17;222;24],4,[NaN;0;NaN]},{'M',[6;2;1],3,[1;1;1],0,[NaN;1;0],[6;127;257],2,[0;NaN;NaN]},{'A',[54;220;31],6,[48;222;32],5,0,[6;-2;-1],3,0},{'A',[19;221;25],5,[17;222;24],4,0,[2;-1;1],1,0},{'M',[192;8;31],7,[1;1;1],0,[NaN;3;NaN],[6;127;257],2,[5;NaN;NaN],[54;220;31],6,[NaN;NaN;0]},{'M',[19;1;1],6,[1;1;1],0,[NaN;0;0],[19;221;25],5,[0;NaN;NaN]},{'A',[173;9;30],8,[192;8;31],7,0,[-19;1;-1],6,0},{'M',[173;221;400],9,[19;221;25],5,[NaN;0;4],[173;9;30],8,[0;NaN;NaN]},{'M',[6;4;257],3,[1;1;1],0,[NaN;2;NaN],[6;127;257],2,[0;NaN;0]},{'A',[167;217;143],10,[173;221;400],9,0,[-6;-4;-257],3,0},{'M',[346;18;24],9,[17;222;24],4,[NaN;NaN;0],[173;9;30],8,[1;1;NaN]},{'M',[167;217;192],11,[17;222;24],4,[NaN;NaN;3],[167;217;143],10,[0;0;NaN]},{'A',[179;235;216],12,[346;18;24],9,0,[-167;217;192],11,0},{'M',[179;235;25],13,[19;221;25],5,[NaN;NaN;0],[179;235;216],12,[0;0;NaN]},{'M',[1;1;249],7,[1;1;1],0,[0;0;NaN],[142;-2047;249],6,[NaN;NaN;0]},{'A',[89;117;137],14,[179;235;25],13,-1,[-1;-1;249],7,-1},{'M',[192;36;249],9,[6;127;257],2,[5;NaN;NaN],[142;-2047;249],6,[NaN;NaN;0],[173;9;30],8,[NaN;2;NaN]},{'M',[17;9;62],9,[17;222;24],4,[0;NaN;NaN],[54;220;31],6,[NaN;NaN;1],[173;9;30],8,[NaN;0;NaN]},{'A',[209;45;187],10,[192;36;249],9,0,[17;9;-62],9,0},{'M',[356;222;25],15,[17;222;24],4,[NaN;0;NaN],[19;221;25],5,[NaN;NaN;0],[89;117;137],14,[2;NaN;NaN]},{'M',[173;18;60],9,[173;9;30],8,[0;1;1]},{'A',[183;204;85],16,[356;222;25],15,0,[-173;-18;60],9,0},{'M',[142;235;216],13,[142;-2047;249],6,[0;NaN;NaN],[179;235;216],12,[NaN;0;0]},{'O',[142;235;216],13,[142;235;216],13,0},{'M',[173;204;2],17,[1;1;1],0,[NaN;NaN;1],[173;9;30],8,[0;NaN;NaN],[183;204;85],16,[NaN;0;NaN]},{'O',[173;204;2],17,[173;204;2],17,0},{'M',[183;221;124],17,[54;220;31],6,[NaN;NaN;2],[19;221;25],5,[NaN;0;NaN],[183;204;85],16,[0;NaN;NaN]},{'O',[183;221;124],17,[183;221;124],17,0},{'M',[38;234;143],15,[19;221;25],5,[1;NaN;NaN],[167;217;143],10,[NaN;NaN;0],[89;117;137],14,[NaN;1;NaN]},{'O',[38;234;143],15,[38;234;143],15,0},{'M',[54;220;62],7,[54;220;31],6,[0;0;1]},{'O',[54;220;62],7,[54;220;62],7,0},{'M',[89;144;192],15,[17;222;24],4,[NaN;NaN;3],[173;9;30],8,[NaN;4;NaN],[89;117;137],14,[0;NaN;NaN]},{'O',[89;144;192],15,[89;144;192],15,0},{'M',[167;217;85],17,[167;217;143],10,[0;0;NaN],[183;204;85],16,[NaN;NaN;0]},{'O',[167;217;85],17,[167;217;85],17,0},{'M',[209;45;30],11,[173;9;30],8,[NaN;NaN;0],[209;45;187],10,[0;0;NaN]},{'O',[209;45;30],11,[209;45;30],11,0},{'M',[179;9;187],13,[173;9;30],8,[NaN;0;NaN],[179;235;216],12,[0;NaN;NaN],[209;45;187],10,[NaN;NaN;0]},{'O',[179;9;187],13,[179;9;187],13,0},{'M',[48;127;137],15,[6;127;257],2,[3;0;NaN],[89;117;137],14,[NaN;NaN;0]},{'O',[48;127;137],15,[48;127;137],15,0}}
Adder graph: {{'M',[8;8;1],1,[1;1;1],0,[3;3;0]},{'M',[1;1;32],1,[1;1;1],0,[0;0;5]},{'A',[7;7;-31],2,[8;8;1],1,0,[-1;-1;-32],1,0},{'M',[1;7;1],3,[1;1;1],0,[0;NaN;0],[7;7;-31],2,[NaN;0;NaN]},{'M',[7;32;-31],3,[1;1;1],0,[NaN;5;NaN],[7;7;-31],2,[0;NaN;0]},{'A',[-27;-121;125],4,[1;7;1],3,0,[-7;-32;31],3,2},{'M',[1;-121;1],5,[1;1;1],0,[0;NaN;0],[-27;-121;125],4,[NaN;0;NaN]},{'M',[7;4;4],3,[1;1;1],0,[NaN;2;2],[7;7;-31],2,[0;NaN;NaN]},{'A',[-6;-117;-3],6,[1;-121;1],5,0,[-7;4;-4],3,0},{'M',[4;56;-31],3,[1;1;1],0,[2;NaN;NaN],[7;7;-31],2,[NaN;3;0]},{'A',[-19;-9;-187],5,[4;56;-31],3,1,[-27;-121;-125],4,0},{'M',[-108;-121;-12],7,[-27;-121;125],4,[2;0;NaN],[-6;-117;-3],6,[NaN;NaN;2]},{'M',[7;7;-3],7,[7;7;-31],2,[0;0;NaN],[-6;-117;-3],6,[NaN;NaN;0]},{'A',[-209;-235;-27],8,[-108;-121;-12],7,1,[7;7;-3],7,0},{'M',[-192;7;-31],7,[7;7;-31],2,[NaN;0;0],[-6;-117;-3],6,[5;NaN;NaN]},{'M',[-19;224;16],6,[1;1;1],0,[NaN;NaN;4],[7;7;-31],2,[NaN;5;NaN],[-19;-9;-187],5,[0;NaN;NaN]},{'A',[-173;-217;-15],8,[-192;7;-31],7,0,[19;-224;16],6,0},{'M',[-27;-117;-3],7,[-27;-121;125],4,[0;NaN;NaN],[-6;-117;-3],6,[NaN;0;0]},{'M',[-19;-9;4],6,[1;1;1],0,[NaN;NaN;2],[-19;-9;-187],5,[0;0;NaN]},{'A',[-179;-45;-35],8,[-27;-117;-3],7,0,[-19;9;-4],6,3},{'M',[-179;14;-70],9,[7;7;-31],2,[NaN;1;NaN],[-179;-45;-35],8,[0;NaN;1]},{'M',[4;-234;-15],9,[1;1;1],0,[2;NaN;NaN],[-6;-117;-3],6,[NaN;1;NaN],[-173;-217;-15],8,[NaN;NaN;0]},{'A',[-183;-220;-85],10,[-179;14;-70],9,0,[-4;-234;-15],9,0},{'M',[-173;-217;-140],9,[-173;-217;-15],8,[0;0;NaN],[-179;-45;-35],8,[NaN;NaN;2]},{'M',[-6;-90;-3],9,[-6;-117;-3],6,[0;NaN;0],[-179;-45;-35],8,[NaN;1;NaN]},{'A',[-167;-127;-137],10,[-173;-217;-140],9,0,[6;90;3],9,0},{'M',[-183;-220;1],11,[1;1;1],0,[NaN;NaN;0],[-183;-220;-85],10,[0;0;NaN]},{'M',[112;16;-3],7,[1;1;1],0,[NaN;4;NaN],[7;7;-31],2,[4;NaN;NaN],[-6;-117;-3],6,[NaN;NaN;0]},{'A',[-71;-204;-2],12,[-183;-220;1],11,0,[112;16;-3],7,0},{'M',[-96;-217;-3],9,[-6;-117;-3],6,[4;NaN;0],[-173;-217;-15],8,[NaN;0;NaN]},{'M',[7;4;-140],9,[1;1;1],0,[NaN;2;NaN],[7;7;-31],2,[0;NaN;NaN],[-179;-45;-35],8,[NaN;NaN;2]},{'A',[-89;-221;-143],10,[-96;-217;-3],9,0,[7;-4;-140],9,0},{'M',[-142;-235;-216],13,[-209;-235;-27],8,[NaN;0;3],[-71;-204;-2],12,[1;NaN;NaN]},{'O',[142;235;216],13,[142;235;216],13,0},{'M',[-173;-204;-2],13,[-173;-217;-15],8,[0;NaN;NaN],[-71;-204;-2],12,[NaN;0;0]},{'O',[173;204;2],13,[173;204;2],13,0},{'M',[-183;-221;-124],11,[7;7;-31],2,[NaN;NaN;2],[-183;-220;-85],10,[0;NaN;NaN],[-89;-221;-143],10,[NaN;0;NaN]},{'O',[183;221;124],11,[183;221;124],11,0},{'M',[-38;-234;-143],11,[-6;-117;-3],6,[NaN;1;NaN],[-19;-9;-187],5,[1;NaN;NaN],[-89;-221;-143],10,[NaN;NaN;0]},{'O',[38;234;143],11,[38;234;143],11,0},{'M',[-54;-220;-62],11,[7;7;-31],2,[NaN;NaN;1],[-27;-121;125],4,[1;NaN;NaN],[-183;-220;-85],10,[NaN;0;NaN]},{'O',[54;220;62],11,[54;220;62],11,0},{'M',[-89;-144;-192],11,[-6;-117;-3],6,[NaN;NaN;6],[-19;-9;-187],5,[NaN;4;NaN],[-89;-221;-143],10,[0;NaN;NaN]},{'O',[89;144;192],11,[89;144;192],11,0},{'M',[-167;-217;-85],11,[-173;-217;-15],8,[NaN;0;NaN],[-183;-220;-85],10,[NaN;NaN;0],[-167;-127;-137],10,[0;NaN;NaN]},{'O',[167;217;85],11,[167;217;85],11,0},{'M',[-209;-45;-30],9,[-209;-235;-27],8,[0;NaN;NaN],[-173;-217;-15],8,[NaN;NaN;1],[-179;-45;-35],8,[NaN;0;NaN]},{'O',[209;45;30],9,[209;45;30],9,0},{'M',[-179;-9;-187],9,[-19;-9;-187],5,[NaN;0;0],[-179;-45;-35],8,[0;NaN;NaN]},{'O',[179;9;187],9,[179;9;187],9,0},{'M',[-48;-127;-137],11,[-6;-117;-3],6,[3;NaN;NaN],[-167;-127;-137],10,[NaN;0;0]},{'O',[48;127;137],11,[48;127;137],11,0}}
Adder graph: {{'M',[1;2;1],1,[1;1;1],0,[0;1;0]},{'A',[-3;9;-3],2,[1;1;1],0,0,[-1;2;-1],1,2},{'M',[-6;1;1],3,[1;1;1],0,[NaN;0;0],[-3;9;-3],2,[1;NaN;NaN]},{'M',[-3;9;2],3,[1;1;1],0,[NaN;NaN;1],[-3;9;-3],2,[0;0;NaN]},{'A',[-42;26;12],4,[-6;1;1],3,3,[3;9;2],3,1},{'M',[-42;208;-12],5,[-3;9;-3],2,[NaN;NaN;2],[-42;26;12],4,[0;3;NaN]},{'M',[-24;1;-24],3,[1;1;1],0,[NaN;0;NaN],[-3;9;-3],2,[3;NaN;3]},{'A',[54;204;-108],6,[-42;208;-12],5,0,[24;-1;-24],3,2},{'M',[-168;9;48],5,[-3;9;-3],2,[NaN;0;NaN],[-42;26;12],4,[2;NaN;2]},{'M',[1;18;1],3,[1;1;1],0,[0;NaN;0],[-3;9;-3],2,[NaN;1;NaN]},{'A',[-167;-9;47],6,[-168;9;48],5,0,[1;-18;-1],3,0},{'M',[-3;16;16],3,[1;1;1],0,[NaN;4;4],[-3;9;-3],2,[0;NaN;NaN]},{'M',[-167;-9;94],7,[-167;-9;47],6,[0;0;1]},{'A',[-179;55;-30],8,[-3;16;16],3,2,[-167;-9;-94],7,0},{'M',[-42;208;96],5,[-42;26;12],4,[0;3;3]},{'A',[-209;-217;143],7,[-167;-9;47],6,0,[-42;-208;96],5,0},{'M',[8;1;8],1,[1;1;1],0,[3;0;3]},{'M',[-6;-217;-30],9,[-3;9;-3],2,[1;NaN;NaN],[-179;55;-30],8,[NaN;NaN;0],[-209;-217;143],7,[NaN;0;NaN]},{'A',[38;221;62],10,[8;1;8],1,2,[6;217;30],9,0},{'M',[-334;-18;1],7,[1;1;1],0,[NaN;NaN;0],[-167;-9;47],6,[1;1;NaN]},{'M',[-192;-217;188],8,[-3;9;-3],2,[6;NaN;NaN],[-167;-9;47],6,[NaN;NaN;2],[-209;-217;143],7,[NaN;0;NaN]},{'A',[-142;-235;-187],9,[-334;-18;1],7,0,[192;-217;-188],8,0},{'M',[-6;-36;47],7,[-3;9;-3],2,[1;NaN;NaN],[-167;-9;47],6,[NaN;2;0]},{'M',[-179;9;124],11,[-3;9;-3],2,[NaN;0;NaN],[-179;55;-30],8,[0;NaN;NaN],[38;221;62],10,[NaN;NaN;1]},{'A',[173;-45;-77],12,[-6;-36;47],7,0,[179;-9;-124],11,0},{'M',[-84;72;-77],13,[-3;9;-3],2,[NaN;3;NaN],[-42;26;12],4,[1;NaN;NaN],[173;-45;-77],12,[NaN;NaN;0]},{'M',[173;-45;8],13,[1;1;1],0,[NaN;NaN;3],[173;-45;-77],12,[0;0;NaN]},{'A',[89;117;-85],14,[-84;72;-77],13,0,[173;45;-8],13,0},{'M',[356;1;-60],15,[1;1;1],0,[NaN;0;NaN],[-179;55;-30],8,[NaN;NaN;1],[89;117;-85],14,[2;NaN;NaN]},{'M',[173;128;-77],13,[1;1;1],0,[NaN;7;NaN],[173;-45;-77],12,[0;NaN;0]},{'A',[183;-127;-137],16,[356;1;-60],15,0,[-173;-128;-77],13,0},{'M',[-142;-235;-216],10,[54;204;-108],6,[NaN;NaN;1],[-142;-235;-187],9,[0;0;NaN]},{'O',[142;235;216],10,[142;235;216],10,0},{'M',[173;204;2],13,[1;1;1],0,[NaN;NaN;1],[54;204;-108],6,[NaN;0;NaN],[173;-45;-77],12,[0;NaN;NaN]},{'O',[173;204;2],13,[173;204;2],13,0},{'M',[183;221;124],17,[38;221;62],10,[NaN;0;1],[183;-127;-137],16,[0;NaN;NaN]},{'O',[183;221;124],17,[183;221;124],17,0},{'M',[38;234;143],15,[-209;-217;143],7,[NaN;NaN;0],[38;221;62],10,[0;NaN;NaN],[89;117;-85],14,[NaN;1;NaN]},{'O',[38;234;143],15,[38;234;143],15,0},{'M',[54;220;62],11,[54;204;-108],6,[0;NaN;NaN],[-179;55;-30],8,[NaN;2;NaN],[38;221;62],10,[NaN;NaN;0]},{'O',[54;220;62],11,[54;220;62],11,0},{'M',[89;144;192],15,[-3;9;-3],2,[NaN;4;NaN],[-42;26;12],4,[NaN;NaN;4],[89;117;-85],14,[0;NaN;NaN]},{'O',[89;144;192],15,[89;144;192],15,0},{'M',[-167;-217;-85],15,[-167;-9;47],6,[0;NaN;NaN],[-209;-217;143],7,[NaN;0;NaN],[89;117;-85],14,[NaN;NaN;0]},{'O',[167;217;85],15,[167;217;85],15,0},{'M',[-209;-45;-30],13,[-179;55;-30],8,[NaN;NaN;0],[-209;-217;143],7,[0;NaN;NaN],[173;-45;-77],12,[NaN;0;NaN]},{'O',[209;45;30],13,[209;45;30],13,0},{'M',[-179;-9;-187],10,[-167;-9;47],6,[NaN;0;NaN],[-179;55;-30],8,[0;NaN;NaN],[-142;-235;-187],9,[NaN;NaN;0]},{'O',[179;9;187],10,[179;9;187],10,0},{'M',[-48;-127;-137],17,[-3;9;-3],2,[4;NaN;NaN],[183;-127;-137],16,[NaN;0;0]},{'O',[48;127;137],17,[48;127;137],17,0}}
Adder graph: {{'M',[1;32;1],1,[1;1;1],0,[0;5;0]},{'A',[-3;28;5],2,[1;32;1],1,0,[-1;-1;1],0,2},{'M',[-6;1;1],3,[1;1;1],0,[NaN;0;0],[-3;28;5],2,[1;NaN;NaN]},{'M',[-12;1;1],3,[1;1;1],0,[NaN;0;0],[-3;28;5],2,[2;NaN;NaN]},{'A',[-54;-3;-3],4,[-6;1;1],3,0,[-12;-1;-1],3,2},{'M',[4;1;1],1,[1;1;1],0,[2;0;0]},{'M',[-54;224;40],5,[-3;28;5],2,[NaN;3;3],[-54;-3;-3],4,[0;NaN;NaN]},{'A',[-38;-220;-36],6,[4;1;1],1,2,[-54;-224;-40],5,0},{'M',[1;1;5],3,[1;1;1],0,[0;0;NaN],[-3;28;5],2,[NaN;NaN;0]},{'M',[-54;32;20],5,[1;1;1],0,[NaN;5;NaN],[-3;28;5],2,[NaN;NaN;2],[-54;-3;-3],4,[0;NaN;NaN]},{'A',[-215;-127;85],6,[1;1;5],3,0,[-54;-32;20],5,2},{'M',[8;-3;-3],5,[1;1;1],0,[3;NaN;NaN],[-54;-3;-3],4,[NaN;0;0]},{'M',[-215;-3;-3],7,[-54;-3;-3],4,[NaN;0;0],[-215;-127;85],6,[0;NaN;NaN]},{'A',[-183;-9;-15],8,[8;-3;-3],5,2,[-215;3;-3],7,0},{'M',[-215;-36;-60],9,[-215;-127;85],6,[0;NaN;NaN],[-183;-9;-15],8,[NaN;2;2]},{'M',[-6;-9;2],9,[1;1;1],0,[NaN;NaN;1],[-3;28;5],2,[1;NaN;NaN],[-183;-9;-15],8,[NaN;0;NaN]},{'A',[-209;-45;-62],10,[-215;-36;-60],9,0,[6;-9;-2],9,0},{'M',[-76;-3;-3],7,[-54;-3;-3],4,[NaN;0;0],[-38;-220;-36],6,[1;NaN;NaN]},{'M',[-215;-192;10],7,[-3;28;5],2,[NaN;NaN;1],[-54;-3;-3],4,[NaN;6;NaN],[-215;-127;85],6,[0;NaN;NaN]},{'A',[-89;-204;-2],8,[-76;-3;-3],7,2,[215;-192;10],7,0},{'M',[4;-3;-3],5,[1;1;1],0,[2;NaN;NaN],[-54;-3;-3],4,[NaN;0;0]},{'M',[-183;-220;-24],9,[-54;-3;-3],4,[NaN;NaN;3],[-38;-220;-36],6,[NaN;0;NaN],[-183;-9;-15],8,[0;NaN;NaN]},{'A',[-179;217;-27],10,[4;-3;-3],5,0,[-183;220;-24],9,0},{'M',[-89;-36;-32],9,[-183;-9;-15],8,[NaN;2;NaN],[-89;-204;-2],8,[0;NaN;4]},{'M',[-183;-90;-15],11,[-183;-9;-15],8,[0;NaN;0],[-209;-45;-62],10,[NaN;1;NaN]},{'A',[-173;-234;-143],12,[-89;-36;-32],9,2,[183;-90;-15],11,0},{'M',[-179;-220;-27],11,[-38;-220;-36],6,[NaN;0;NaN],[-179;217;-27],10,[0;NaN;0]},{'M',[-346;1;160],13,[1;1;1],0,[NaN;0;NaN],[-3;28;5],2,[NaN;NaN;5],[-173;-234;-143],12,[1;NaN;NaN]},{'A',[167;-221;-187],14,[-179;-220;-27],11,0,[346;-1;-160],13,0},{'M',[-179;-234;-143],13,[-179;217;-27],10,[0;NaN;NaN],[-173;-234;-143],12,[NaN;0;0]},{'M',[-108;1;-6],5,[1;1;1],0,[NaN;0;NaN],[-54;-3;-3],4,[1;NaN;1]},{'A',[-71;-235;-137],14,[-179;-234;-143],13,0,[108;-1;6],5,0},{'M',[-142;-235;-216],15,[-179;217;-27],10,[NaN;NaN;3],[-71;-235;-137],14,[1;0;NaN]},{'O',[142;235;216],15,[142;235;216],15,0},{'M',[-173;-204;-2],13,[-89;-204;-2],8,[NaN;0;0],[-173;-234;-143],12,[0;NaN;NaN]},{'O',[173;204;2],13,[173;204;2],13,0},{'M',[-183;-221;-124],15,[-183;-9;-15],8,[0;NaN;NaN],[-209;-45;-62],10,[NaN;NaN;1],[167;-221;-187],14,[NaN;0;NaN]},{'O',[183;221;124],15,[183;221;124],15,0},{'M',[-38;-234;-143],13,[-38;-220;-36],6,[0;NaN;NaN],[-173;-234;-143],12,[NaN;0;0]},{'O',[38;234;143],13,[38;234;143],13,0},{'M',[-54;-220;-62],11,[-54;-3;-3],4,[0;NaN;NaN],[-38;-220;-36],6,[NaN;0;NaN],[-209;-45;-62],10,[NaN;NaN;0]},{'O',[54;220;62],11,[54;220;62],11,0},{'M',[-89;-144;-192],9,[-54;-3;-3],4,[NaN;NaN;6],[-183;-9;-15],8,[NaN;4;NaN],[-89;-204;-2],8,[0;NaN;NaN]},{'O',[89;144;192],9,[89;144;192],9,0},{'M',[167;217;85],15,[-215;-127;85],6,[NaN;NaN;0],[-179;217;-27],10,[NaN;0;NaN],[167;-221;-187],14,[0;NaN;NaN]},{'O',[167;217;85],15,[167;217;85],15,0},{'M',[-209;-45;-30],11,[-183;-9;-15],8,[NaN;NaN;1],[-209;-45;-62],10,[0;0;NaN]},{'O',[209;45;30],11,[209;45;30],11,0},{'M',[-179;-9;-187],15,[-183;-9;-15],8,[NaN;0;NaN],[-179;217;-27],10,[0;NaN;NaN],[167;-221;-187],14,[NaN;NaN;0]},{'O',[179;9;187],15,[179;9;187],15,0},{'M',[-48;-127;-137],15,[-3;28;5],2,[4;NaN;NaN],[-215;-127;85],6,[NaN;0;NaN],[-71;-235;-137],14,[NaN;NaN;0]},{'O',[48;127;137],15,[48;127;137],15,0}}
Adder graph: {{'M',[1;2;8],1,[1;1;1],0,[0;1;3]},{'A',[3;9;31],2,[1;2;8],1,2,[-1;1;-1],0,0},{'M',[4;9;2],3,[1;1;1],0,[2;NaN;1],[3;9;31],2,[NaN;0;NaN]},{'M',[3;9;62],3,[3;9;31],2,[0;0;1]},{'A',[19;45;-54],4,[4;9;2],3,2,[3;9;-62],3,0},{'M',[19;64;16],5,[1;1;1],0,[NaN;6;4],[19;45;-54],4,[0;NaN;NaN]},{'M',[38;45;2],5,[1;1;1],0,[NaN;NaN;1],[19;45;-54],4,[1;0;NaN]},{'A',[-57;-26;12],6,[19;64;16],5,0,[-38;-45;-2],5,1},{'M',[1;4;1],1,[1;1;1],0,[0;2;0]},{'M',[-57;-26;8],7,[1;1;1],0,[NaN;NaN;3],[-57;-26;12],6,[0;0;NaN]},{'A',[89;102;40],8,[1;4;1],1,5,[57;-26;8],7,0},{'M',[152;144;31],5,[3;9;31],2,[NaN;4;0],[19;45;-54],4,[3;NaN;NaN]},{'M',[-57;90;1],7,[1;1;1],0,[NaN;NaN;0],[19;45;-54],4,[NaN;1;NaN],[-57;-26;12],6,[0;NaN;NaN]},{'A',[209;234;30],8,[152;144;31],5,0,[57;90;-1],7,0},{'M',[192;144;31],3,[3;9;31],2,[6;4;0]},{'M',[19;234;-54],9,[19;45;-54],4,[0;NaN;0],[209;234;30],8,[NaN;0;NaN]},{'A',[173;-90;-23],10,[192;144;31],3,0,[-19;-234;-54],9,0},{'M',[3;-104;80],9,[3;9;31],2,[0;NaN;NaN],[-57;-26;12],6,[NaN;2;NaN],[89;102;40],8,[NaN;NaN;1]},{'M',[173;9;-23],11,[3;9;31],2,[NaN;0;NaN],[173;-90;-23],10,[0;NaN;0]},{'A',[179;-217;183],12,[3;-104;80],9,1,[173;-9;23],11,0},{'A',[183;221;187],13,[1;1;1],0,2,[179;217;183],12,0},{'M',[19;102;-54],9,[19;45;-54],4,[0;NaN;0],[89;102;40],8,[NaN;0;NaN]},{'M',[16;16;-23],11,[1;1;1],0,[4;4;NaN],[173;-90;-23],10,[NaN;NaN;0]},{'A',[54;220;-85],12,[19;102;-54],9,1,[16;16;23],11,0},{'M',[216;-217;183],13,[179;-217;183],12,[NaN;0;0],[54;220;-85],12,[2;NaN;NaN]},{'M',[358;18;40],13,[3;9;31],2,[NaN;1;NaN],[89;102;40],8,[NaN;NaN;0],[179;-217;183],12,[1;NaN;NaN]},{'A',[-142;-235;143],14,[216;-217;183],13,0,[-358;-18;-40],13,0},{'M',[12;-90;-23],11,[3;9;31],2,[2;NaN;NaN],[173;-90;-23],10,[NaN;0;0]},{'M',[179;-217;160],13,[89;102;40],8,[NaN;NaN;2],[179;-217;183],12,[0;0;NaN]},{'A',[-167;127;137],14,[12;-90;-23],11,0,[-179;217;160],13,0},{'M',[-142;-235;-216],15,[19;45;-54],4,[NaN;NaN;2],[-142;-235;143],14,[0;0;NaN]},{'O',[142;235;216],15,[142;235;216],15,0},{'M',[173;204;2],11,[1;1;1],0,[NaN;NaN;1],[89;102;40],8,[NaN;1;NaN],[173;-90;-23],10,[0;NaN;NaN]},{'O',[173;204;2],11,[173;204;2],11,0},{'M',[183;221;124],14,[3;9;31],2,[NaN;NaN;2],[183;221;187],13,[0;0;NaN]},{'O',[183;221;124],14,[183;221;124],14,0},{'M',[38;234;143],15,[19;45;-54],4,[1;NaN;NaN],[209;234;30],8,[NaN;0;NaN],[-142;-235;143],14,[NaN;NaN;0]},{'O',[38;234;143],15,[38;234;143],15,0},{'M',[54;220;62],13,[3;9;31],2,[NaN;NaN;1],[54;220;-85],12,[0;0;NaN]},{'O',[54;220;62],13,[54;220;62],13,0},{'M',[89;144;192],9,[3;9;31],2,[NaN;4;NaN],[-57;-26;12],6,[NaN;NaN;4],[89;102;40],8,[0;NaN;NaN]},{'O',[89;144;192],9,[89;144;192],9,0},{'M',[-167;-217;-85],15,[179;-217;183],12,[NaN;0;NaN],[54;220;-85],12,[NaN;NaN;0],[-167;127;137],14,[0;NaN;NaN]},{'O',[167;217;85],15,[167;217;85],15,0},{'M',[209;45;30],9,[19;45;-54],4,[NaN;0;NaN],[209;234;30],8,[0;NaN;0]},{'O',[209;45;30],9,[209;45;30],9,0},{'M',[179;9;187],14,[3;9;31],2,[NaN;0;NaN],[179;-217;183],12,[0;NaN;NaN],[183;221;187],13,[NaN;NaN;0]},{'O',[179;9;187],14,[179;9;187],14,0},{'M',[48;127;137],15,[3;9;31],2,[4;NaN;NaN],[-167;127;137],14,[NaN;0;0]},{'O',[48;127;137],15,[48;127;137],15,0}}
Adder graph: {{'M',[4;1;4],1,[1;1;1],0,[2;0;2]},{'A',[31;9;33],2,[4;1;4],1,3,[-1;1;1],0,0},{'M',[31;9;8],3,[1;1;1],0,[NaN;NaN;3],[31;9;33],2,[0;0;NaN]},{'M',[1;9;1],3,[1;1;1],0,[0;NaN;0],[31;9;33],2,[NaN;0;NaN]},{'A',[27;45;12],4,[31;9;8],3,0,[-1;9;1],3,2},{'M',[31;2;32],3,[1;1;1],0,[NaN;1;5],[31;9;33],2,[0;NaN;NaN]},{'A',[89;49;-52],5,[27;45;12],4,0,[31;2;-32],3,1},{'M',[27;196;12],6,[27;45;12],4,[0;NaN;0],[89;49;-52],5,[NaN;2;NaN]},{'M',[1;1;12],5,[1;1;1],0,[0;0;NaN],[27;45;12],4,[NaN;NaN;0]},{'A',[19;204;108],7,[27;196;12],6,0,[-1;1;12],5,3},{'M',[178;64;12],6,[1;1;1],0,[NaN;6;NaN],[27;45;12],4,[NaN;NaN;0],[89;49;-52],5,[1;NaN;NaN]},{'M',[31;9;1],3,[1;1;1],0,[NaN;NaN;0],[31;9;33],2,[0;0;NaN]},{'A',[209;55;11],7,[178;64;12],6,0,[31;-9;-1],3,0},{'M',[1;72;11],8,[1;1;1],0,[0;NaN;NaN],[31;9;33],2,[NaN;3;NaN],[209;55;11],7,[NaN;NaN;0]},{'M',[4;45;4],5,[1;1;1],0,[2;NaN;2],[27;45;12],4,[NaN;0;NaN]},{'A',[-6;234;30],9,[1;72;11],8,1,[-4;45;4],5,1},{'M',[152;98;-52],8,[89;49;-52],5,[NaN;1;0],[19;204;108],7,[3;NaN;NaN]},{'A',[183;107;85],9,[31;9;33],2,0,[152;98;52],8,0},{'M',[1;1;176],8,[1;1;1],0,[0;0;NaN],[209;55;11],7,[NaN;NaN;4]},{'M',[178;220;11],8,[89;49;-52],5,[1;NaN;NaN],[209;55;11],7,[NaN;2;0]},{'A',[179;221;187],9,[1;1;176],8,0,[178;220;11],8,0},{'M',[-6;4;44],10,[1;1;1],0,[NaN;2;NaN],[209;55;11],7,[NaN;NaN;2],[-6;234;30],9,[0;NaN;NaN]},{'A',[173;217;143],11,[179;221;187],9,0,[-6;-4;-44],10,0},{'M',[173;217;64],12,[1;1;1],0,[NaN;NaN;6],[173;217;143],11,[0;0;NaN]},{'M',[31;18;33],3,[31;9;33],2,[0;1;0]},{'A',[142;235;31],13,[173;217;64],12,0,[-31;18;-33],3,0},{'M',[183;107;-52],10,[89;49;-52],5,[NaN;NaN;0],[183;107;85],9,[0;0;NaN]},{'M',[16;234;85],10,[1;1;1],0,[4;NaN;NaN],[-6;234;30],9,[NaN;0;NaN],[183;107;85],9,[NaN;NaN;0]},{'A',[167;-127;-137],11,[183;107;-52],10,0,[-16;-234;-85],10,0},{'M',[142;235;216],14,[19;204;108],7,[NaN;NaN;1],[142;235;31],13,[0;0;NaN]},{'O',[142;235;216],14,[142;235;216],14,0},{'M',[173;204;2],12,[1;1;1],0,[NaN;NaN;1],[19;204;108],7,[NaN;0;NaN],[173;217;143],11,[0;NaN;NaN]},{'O',[173;204;2],12,[173;204;2],12,0},{'M',[183;221;124],14,[183;107;85],9,[0;NaN;NaN],[179;221;187],9,[NaN;0;NaN],[142;235;31],13,[NaN;NaN;2]},{'O',[183;221;124],14,[183;221;124],14,0},{'M',[38;234;143],12,[19;204;108],7,[1;NaN;NaN],[-6;234;30],9,[NaN;0;NaN],[173;217;143],11,[NaN;NaN;0]},{'O',[38;234;143],12,[38;234;143],12,0},{'M',[27;110;31],14,[27;45;12],4,[0;NaN;NaN],[209;55;11],7,[NaN;1;NaN],[142;235;31],13,[NaN;NaN;0]},{'O',[54;220;62],14,[27;110;31],14,1},{'M',[89;144;192],6,[31;9;33],2,[NaN;4;NaN],[27;45;12],4,[NaN;NaN;4],[89;49;-52],5,[0;NaN;NaN]},{'O',[89;144;192],6,[89;144;192],6,0},{'M',[167;217;85],12,[183;107;85],9,[NaN;NaN;0],[173;217;143],11,[NaN;0;NaN],[167;-127;-137],11,[0;NaN;NaN]},{'O',[167;217;85],12,[167;217;85],12,0},{'M',[209;45;30],10,[27;45;12],4,[NaN;0;NaN],[209;55;11],7,[0;NaN;NaN],[-6;234;30],9,[NaN;NaN;0]},{'O',[209;45;30],10,[209;45;30],10,0},{'M',[179;9;187],10,[31;9;33],2,[NaN;0;NaN],[179;221;187],9,[0;NaN;0]},{'O',[179;9;187],10,[179;9;187],10,0},{'M',[-48;-127;-137],12,[-6;234;30],9,[3;NaN;NaN],[167;-127;-137],11,[NaN;0;0]},{'O',[48;127;137],12,[48;127;137],12,0}}
Adder graph: {{'M',[2;4;1],1,[1;1;1],0,[1;2;0]},{'A',[-3;9;3],2,[1;1;1],0,0,[-2;4;1],1,1},{'M',[16;9;16],3,[1;1;1],0,[4;NaN;4],[-3;9;3],2,[NaN;0;NaN]},{'M',[-3;512;3],3,[1;1;1],0,[NaN;9;NaN],[-3;9;3],2,[0;NaN;0]},{'A',[19;-503;19],4,[16;9;16],3,0,[3;-512;3],3,0},{'M',[19;-503;3],5,[-3;9;3],2,[NaN;NaN;0],[19;-503;19],4,[0;0;NaN]},{'M',[1;1;32],1,[1;1;1],0,[0;0;5]},{'A',[21;-505;-61],6,[19;-503;3],5,0,[1;-1;-32],1,1},{'M',[152;9;152],5,[-3;9;3],2,[NaN;0;NaN],[19;-503;19],4,[3;NaN;3]},{'M',[21;36;12],7,[-3;9;3],2,[NaN;2;2],[21;-505;-61],6,[0;NaN;NaN]},{'A',[173;45;140],8,[152;9;152],5,0,[21;36;-12],7,0},{'M',[173;-503;19],9,[19;-503;19],4,[NaN;0;0],[173;45;140],8,[0;NaN;NaN]},{'M',[-3;360;2],9,[1;1;1],0,[NaN;NaN;1],[-3;9;3],2,[0;NaN;NaN],[173;45;140],8,[NaN;3;NaN]},{'A',[167;217;15],10,[173;-503;19],9,0,[-3;360;-2],9,1},{'M',[4;1;4],1,[1;1;1],0,[2;0;2]},{'A',[183;221;31],11,[4;1;4],1,2,[167;217;15],10,0},{'M',[-6;9;8],3,[1;1;1],0,[NaN;NaN;3],[-3;9;3],2,[1;0;NaN]},{'M',[167;90;15],11,[173;45;140],8,[NaN;1;NaN],[167;217;15],10,[0;NaN;0]},{'A',[71;234;143],12,[-6;9;8],3,4,[167;90;15],11,0},{'M',[128;45;140],9,[1;1;1],0,[7;NaN;NaN],[173;45;140],8,[NaN;0;0]},{'M',[167;217;64],11,[1;1;1],0,[NaN;NaN;6],[167;217;15],10,[0;0;NaN]},{'A',[89;-127;216],12,[128;45;140],9,1,[-167;-217;-64],11,0},{'M',[1;1;-61],7,[1;1;1],0,[0;0;NaN],[21;-505;-61],6,[NaN;NaN;0]},{'M',[178;234;248],13,[183;221;31],11,[NaN;NaN;3],[71;234;143],12,[NaN;0;NaN],[89;-127;216],12,[1;NaN;NaN]},{'A',[179;235;187],14,[1;1;-61],7,0,[178;234;248],13,0},{'M',[21;128;12],7,[1;1;1],0,[NaN;7;NaN],[-3;9;3],2,[NaN;NaN;2],[21;-505;-61],6,[0;NaN;NaN]},{'M',[-12;36;-61],7,[-3;9;3],2,[2;2;NaN],[21;-505;-61],6,[NaN;NaN;0]},{'A',[54;220;85],8,[21;128;12],7,1,[12;-36;61],7,0},{'M',[42;220;-122],9,[21;-505;-61],6,[1;NaN;1],[54;220;85],8,[NaN;0;NaN]},{'M',[167;16;15],11,[1;1;1],0,[NaN;4;NaN],[167;217;15],10,[0;NaN;0]},{'A',[209;204;-137],12,[42;220;-122],9,0,[167;-16;-15],11,0},{'M',[142;235;216],15,[71;234;143],12,[1;NaN;NaN],[89;-127;216],12,[NaN;NaN;0],[179;235;187],14,[NaN;0;NaN]},{'O',[142;235;216],15,[142;235;216],15,0},{'M',[173;204;2],13,[1;1;1],0,[NaN;NaN;1],[173;45;140],8,[0;NaN;NaN],[209;204;-137],12,[NaN;0;NaN]},{'O',[173;204;2],13,[173;204;2],13,0},{'M',[183;221;124],12,[183;221;31],11,[0;0;2]},{'O',[183;221;124],12,[183;221;124],12,0},{'M',[38;234;143],13,[19;-503;19],4,[1;NaN;NaN],[71;234;143],12,[NaN;0;0]},{'O',[38;234;143],13,[38;234;143],13,0},{'M',[54;220;62],12,[183;221;31],11,[NaN;NaN;1],[54;220;85],8,[0;0;NaN]},{'O',[54;220;62],12,[54;220;62],12,0},{'M',[89;144;192],13,[-3;9;3],2,[NaN;4;6],[89;-127;216],12,[0;NaN;NaN]},{'O',[89;144;192],13,[89;144;192],13,0},{'M',[167;217;85],11,[167;217;15],10,[0;0;NaN],[54;220;85],8,[NaN;NaN;0]},{'O',[167;217;85],11,[167;217;85],11,0},{'M',[209;45;30],13,[173;45;140],8,[NaN;0;NaN],[167;217;15],10,[NaN;NaN;1],[209;204;-137],12,[0;NaN;NaN]},{'O',[209;45;30],13,[209;45;30],13,0},{'M',[179;9;187],15,[-3;9;3],2,[NaN;0;NaN],[179;235;187],14,[0;NaN;0]},{'O',[179;9;187],15,[179;9;187],15,0},{'M',[-48;-127;-137],13,[-3;9;3],2,[4;NaN;NaN],[89;-127;216],12,[NaN;0;NaN],[209;204;-137],12,[NaN;NaN;0]},{'O',[48;127;137],13,[48;127;137],13,0}}
Adder graph: {{'M',[1;1;8],1,[1;1;1],0,[0;0;3]},{'A',[-3;-3;-31],2,[1;1;1],0,0,[-1;-1;-8],1,2},{'M',[16;-3;16],3,[1;1;1],0,[4;NaN;4],[-3;-3;-31],2,[NaN;0;NaN]},{'M',[-3;-48;1],3,[1;1;1],0,[NaN;NaN;0],[-3;-3;-31],2,[0;4;NaN]},{'A',[19;45;17],4,[16;-3;16],3,0,[3;48;1],3,0},{'M',[-3;180;-31],5,[-3;-3;-31],2,[0;NaN;0],[19;45;17],4,[NaN;2;NaN]},{'M',[-6;-6;1],3,[1;1;1],0,[NaN;NaN;0],[-3;-3;-31],2,[1;1;NaN]},{'A',[-27;204;-27],6,[-3;180;-31],5,0,[-6;6;1],3,2},{'M',[1;1;-62],3,[1;1;1],0,[0;0;NaN],[-3;-3;-31],2,[NaN;NaN;1]},{'M',[19;2;17],5,[1;1;1],0,[NaN;1;NaN],[19;45;17],4,[0;NaN;0]},{'A',[-75;9;6],6,[1;1;-62],3,0,[-19;2;17],5,2},{'M',[-75;9;17],7,[19;45;17],4,[NaN;NaN;0],[-75;9;6],6,[0;0;NaN]},{'M',[-54;9;6],7,[-27;204;-27],6,[1;NaN;NaN],[-75;9;6],6,[NaN;0;0]},{'A',[-183;-9;5],8,[-75;9;17],7,0,[-54;-9;-6],7,1},{'M',[-54;45;80],9,[19;45;17],4,[NaN;0;NaN],[-27;204;-27],6,[1;NaN;NaN],[-183;-9;5],8,[NaN;NaN;4]},{'M',[19;-144;17],9,[19;45;17],4,[0;NaN;0],[-183;-9;5],8,[NaN;4;NaN]},{'A',[-89;234;143],10,[-54;45;80],9,1,[19;144;-17],9,0},{'M',[-183;1;6],9,[1;1;1],0,[NaN;0;NaN],[-75;9;6],6,[NaN;NaN;0],[-183;-9;5],8,[0;NaN;NaN]},{'M',[-356;128;143],11,[1;1;1],0,[NaN;7;NaN],[-89;234;143],10,[2;NaN;0]},{'A',[173;-127;-137],12,[-183;1;6],9,0,[356;-128;-143],11,0},{'M',[152;-127;160],13,[19;45;17],4,[3;NaN;NaN],[-183;-9;5],8,[NaN;NaN;5],[173;-127;-137],12,[NaN;0;NaN]},{'M',[-27;90;-27],7,[19;45;17],4,[NaN;1;NaN],[-27;204;-27],6,[0;NaN;0]},{'A',[179;-217;187],14,[152;-127;160],13,0,[27;-90;27],7,0},{'M',[173;2;136],13,[1;1;1],0,[NaN;1;NaN],[19;45;17],4,[NaN;NaN;3],[173;-127;-137],12,[0;NaN;NaN]},{'A',[-167;-221;-85],15,[179;-217;187],14,0,[-173;-2;-136],13,1},{'M',[8;-217;8],15,[1;1;1],0,[3;NaN;3],[179;-217;187],14,[NaN;0;NaN]},{'M',[-75;9;10],9,[-75;9;6],6,[0;0;NaN],[-183;-9;5],8,[NaN;NaN;1]},{'A',[-142;-235;-12],16,[8;-217;8],15,0,[-75;-9;-10],9,1},{'M',[-75;360;6],7,[19;45;17],4,[NaN;3;NaN],[-75;9;6],6,[0;NaN;0]},{'A',[209;-110;30],17,[-75;360;6],7,0,[142;-235;12],16,1},{'M',[-142;-235;-216],17,[-27;204;-27],6,[NaN;NaN;3],[-142;-235;-12],16,[0;0;NaN]},{'O',[142;235;216],17,[142;235;216],17,0},{'M',[173;204;2],13,[1;1;1],0,[NaN;NaN;1],[-27;204;-27],6,[NaN;0;NaN],[173;-127;-137],12,[0;NaN;NaN]},{'O',[173;204;2],13,[173;204;2],13,0},{'M',[-183;-221;-124],16,[-3;-3;-31],2,[NaN;NaN;2],[-183;-9;5],8,[0;NaN;NaN],[-167;-221;-85],15,[NaN;0;NaN]},{'O',[183;221;124],16,[183;221;124],16,0},{'M',[38;234;143],11,[19;45;17],4,[1;NaN;NaN],[-89;234;143],10,[NaN;0;0]},{'O',[38;234;143],11,[38;234;143],11,0},{'M',[-27;-110;-31],18,[-3;-3;-31],2,[NaN;NaN;0],[-27;204;-27],6,[0;NaN;NaN],[209;-110;30],17,[NaN;0;NaN]},{'O',[54;220;62],18,[27;110;31],18,1},{'M',[-89;-144;-192],17,[-183;-9;5],8,[NaN;4;NaN],[-89;234;143],10,[0;NaN;NaN],[-142;-235;-12],16,[NaN;NaN;4]},{'O',[89;144;192],17,[89;144;192],17,0},{'M',[-167;-217;-85],16,[179;-217;187],14,[NaN;0;NaN],[-167;-221;-85],15,[0;NaN;0]},{'O',[167;217;85],16,[167;217;85],16,0},{'M',[209;45;30],18,[19;45;17],4,[NaN;0;NaN],[209;-110;30],17,[0;NaN;0]},{'O',[209;45;30],18,[209;45;30],18,0},{'M',[179;9;187],15,[-75;9;6],6,[NaN;0;NaN],[179;-217;187],14,[0;NaN;0]},{'O',[179;9;187],15,[179;9;187],15,0},{'M',[-48;-127;-137],13,[-3;-3;-31],2,[4;NaN;NaN],[173;-127;-137],12,[NaN;0;0]},{'O',[48;127;137],13,[48;127;137],13,0}}
Adder graph: {{'M',[2;1;1],1,[1;1;1],0,[1;0;0]},{'M',[1;1;2],1,[1;1;1],0,[0;0;1]},{'A',[7;3;2],2,[2;1;1],1,2,[-1;-1;-2],1,0},{'M',[56;192;1],3,[1;1;1],0,[NaN;NaN;0],[7;3;2],2,[3;6;NaN]},{'M',[1;6;1],3,[1;1;1],0,[0;NaN;0],[7;3;2],2,[NaN;1;NaN]},{'A',[54;204;3],4,[56;192;1],3,0,[-1;6;1],3,1},{'M',[54;12;8],5,[7;3;2],2,[NaN;2;2],[54;204;3],4,[0;NaN;NaN]},{'A',[-209;-45;-30],6,[7;3;2],2,0,[-54;-12;-8],5,2},{'M',[54;256;1],5,[1;1;1],0,[NaN;8;0],[54;204;3],4,[0;NaN;NaN]},{'M',[16;24;-30],7,[1;1;1],0,[4;NaN;NaN],[7;3;2],2,[NaN;3;NaN],[-209;-45;-30],6,[NaN;NaN;0]},{'A',[38;232;31],8,[54;256;1],5,0,[-16;-24;30],7,0},{'M',[64;232;31],9,[1;1;1],0,[6;NaN;NaN],[38;232;31],8,[NaN;0;0]},{'M',[7;3;4],3,[1;1;1],0,[NaN;NaN;2],[7;3;2],2,[0;0;NaN]},{'A',[71;235;27],10,[64;232;31],9,0,[7;3;-4],3,0},{'M',[8;8;27],11,[1;1;1],0,[3;3;NaN],[71;235;27],10,[NaN;NaN;0]},{'M',[2;1;2],1,[1;1;1],0,[1;0;1]},{'A',[6;9;29],12,[8;8;27],11,0,[-2;1;2],1,0},{'M',[24;-90;29],13,[-209;-45;-30],6,[NaN;1;NaN],[6;9;29],12,[2;NaN;0]},{'M',[7;470;27],11,[7;3;2],2,[0;NaN;NaN],[71;235;27],10,[NaN;1;0]},{'A',[89;110;143],14,[24;-90;29],13,2,[-7;470;27],11,0},{'M',[112;1;1],3,[1;1;1],0,[NaN;0;0],[7;3;2],2,[4;NaN;NaN]},{'A',[183;234;26],11,[71;235;27],10,0,[112;-1;-1],3,0},{'M',[89;110;108],15,[71;235;27],10,[NaN;NaN;2],[89;110;143],14,[0;0;NaN]},{'M',[1;1;29],13,[1;1;1],0,[0;0;NaN],[6;9;29],12,[NaN;NaN;0]},{'A',[179;221;187],16,[89;110;108],15,1,[1;1;-29],13,0},{'M',[179;235;27],17,[71;235;27],10,[NaN;0;0],[179;221;187],16,[0;NaN;NaN]},{'A',[167;217;85],18,[179;235;27],17,0,[-6;-9;29],12,1},{'M',[6;-90;52],13,[-209;-45;-30],6,[NaN;1;NaN],[6;9;29],12,[0;NaN;NaN],[183;234;26],11,[NaN;NaN;1]},{'A',[173;127;137],19,[6;-90;52],13,0,[167;217;85],18,0},{'M',[142;235;216],11,[71;235;27],10,[1;0;3]},{'O',[142;235;216],11,[142;235;216],11,0},{'M',[173;204;2],20,[1;1;1],0,[NaN;NaN;1],[54;204;3],4,[NaN;0;NaN],[173;127;137],19,[0;NaN;NaN]},{'O',[173;204;2],20,[173;204;2],20,0},{'M',[183;221;124],17,[38;232;31],8,[NaN;NaN;2],[183;234;26],11,[0;NaN;NaN],[179;221;187],16,[NaN;0;NaN]},{'O',[183;221;124],17,[183;221;124],17,0},{'M',[38;234;143],15,[38;232;31],8,[0;NaN;NaN],[89;110;143],14,[NaN;NaN;0],[183;234;26],11,[NaN;0;NaN]},{'O',[38;234;143],15,[38;234;143],15,0},{'M',[54;220;62],15,[54;204;3],4,[0;NaN;NaN],[38;232;31],8,[NaN;NaN;1],[89;110;143],14,[NaN;1;NaN]},{'O',[54;220;62],15,[54;220;62],15,0},{'M',[89;144;192],15,[54;204;3],4,[NaN;NaN;6],[6;9;29],12,[NaN;4;NaN],[89;110;143],14,[0;NaN;NaN]},{'O',[89;144;192],15,[89;144;192],15,0},{'O',[167;217;85],18,[167;217;85],18,0},{'O',[209;45;30],6,[209;45;30],6,0},{'M',[179;9;187],17,[6;9;29],12,[NaN;0;NaN],[179;221;187],16,[0;NaN;0]},{'O',[179;9;187],17,[179;9;187],17,0},{'M',[48;127;137],20,[6;9;29],12,[3;NaN;NaN],[173;127;137],19,[NaN;0;0]},{'O',[48;127;137],20,[48;127;137],20,0}}
Adder graph: {{'M',[1;8;1],1,[1;1;1],0,[0;3;0]},{'A',[3;17;3],2,[1;1;1],0,0,[1;8;1],1,1},{'M',[48;272;3],3,[3;17;3],2,[4;4;0]},{'M',[3;32;3],3,[1;1;1],0,[NaN;5;NaN],[3;17;3],2,[0;NaN;0]},{'A',[54;208;9],4,[48;272;3],3,0,[3;-32;3],3,1},{'M',[24;4;1],3,[1;1;1],0,[NaN;2;0],[3;17;3],2,[3;NaN;NaN]},{'M',[3;208;3],5,[3;17;3],2,[0;NaN;0],[54;208;9],4,[NaN;0;NaN]},{'A',[21;-204;-2],6,[24;4;1],3,0,[-3;-208;-3],5,0},{'M',[21;1;4],7,[1;1;1],0,[NaN;0;2],[21;-204;-2],6,[0;NaN;NaN]},{'A',[167;9;31],8,[21;1;4],7,3,[-1;1;-1],0,0},{'M',[167;32;12],9,[1;1;1],0,[NaN;5;NaN],[3;17;3],2,[NaN;NaN;2],[167;9;31],8,[0;NaN;NaN]},{'M',[192;9;192],9,[3;17;3],2,[6;NaN;6],[167;9;31],8,[NaN;0;NaN]},{'A',[142;55;216],10,[167;32;12],9,1,[-192;-9;192],9,0},{'M',[167;220;31],11,[167;9;31],8,[0;NaN;0],[142;55;216],10,[NaN;2;NaN]},{'M',[16;1;16],1,[1;1;1],0,[4;0;4]},{'A',[183;221;15],12,[167;220;31],11,0,[16;1;-16],1,0},{'M',[21;18;62],9,[21;-204;-2],6,[0;NaN;NaN],[167;9;31],8,[NaN;1;1]},{'A',[209;45;155],10,[21;18;62],9,1,[167;9;31],8,0},{'M',[256;208;240],13,[1;1;1],0,[8;NaN;NaN],[54;208;9],4,[NaN;0;NaN],[183;221;15],12,[NaN;NaN;4]},{'M',[167;9;155],11,[167;9;31],8,[0;0;NaN],[209;45;155],10,[NaN;NaN;0]},{'A',[89;217;85],14,[256;208;240],13,0,[-167;9;-155],11,0},{'M',[1;18;32],9,[1;1;1],0,[0;NaN;5],[167;9;31],8,[NaN;1;NaN]},{'M',[178;217;155],15,[209;45;155],10,[NaN;NaN;0],[89;217;85],14,[1;0;NaN]},{'A',[179;235;187],16,[1;18;32],9,0,[178;217;155],15,0},{'M',[6;1;1],3,[1;1;1],0,[NaN;0;0],[3;17;3],2,[1;NaN;NaN]},{'M',[179;235;144],17,[54;208;9],4,[NaN;NaN;4],[179;235;187],16,[0;0;NaN]},{'A',[-173;-234;-143],18,[6;1;1],3,0,[-179;-235;-144],17,0},{'M',[89;217;155],15,[209;45;155],10,[NaN;NaN;0],[89;217;85],14,[0;0;NaN]},{'M',[54;45;9],11,[54;208;9],4,[0;NaN;0],[209;45;155],10,[NaN;0;NaN]},{'A',[-19;127;137],16,[89;217;155],15,0,[-54;-45;-9],11,1},{'M',[142;235;216],17,[142;55;216],10,[0;NaN;0],[179;235;187],16,[NaN;0;NaN]},{'O',[142;235;216],17,[142;235;216],17,0},{'M',[-173;-204;-2],19,[21;-204;-2],6,[NaN;0;0],[-173;-234;-143],18,[0;NaN;NaN]},{'O',[173;204;2],19,[173;204;2],19,0},{'M',[183;221;124],13,[167;9;31],8,[NaN;NaN;2],[183;221;15],12,[0;0;NaN]},{'O',[183;221;124],13,[183;221;124],13,0},{'M',[-38;-234;-143],19,[-173;-234;-143],18,[NaN;0;0],[-19;127;137],16,[1;NaN;NaN]},{'O',[38;234;143],19,[38;234;143],19,0},{'M',[54;220;62],11,[54;208;9],4,[0;NaN;NaN],[167;9;31],8,[NaN;NaN;1],[142;55;216],10,[NaN;2;NaN]},{'O',[54;220;62],11,[54;220;62],11,0},{'M',[89;144;192],15,[3;17;3],2,[NaN;NaN;6],[167;9;31],8,[NaN;4;NaN],[89;217;85],14,[0;NaN;NaN]},{'O',[89;144;192],15,[89;144;192],15,0},{'M',[167;217;85],15,[167;9;31],8,[0;NaN;NaN],[89;217;85],14,[NaN;0;0]},{'O',[167;217;85],15,[167;217;85],15,0},{'M',[209;45;30],13,[183;221;15],12,[NaN;NaN;1],[209;45;155],10,[0;0;NaN]},{'O',[209;45;30],13,[209;45;30],13,0},{'M',[179;9;187],17,[167;9;31],8,[NaN;0;NaN],[179;235;187],16,[0;NaN;0]},{'O',[179;9;187],17,[179;9;187],17,0},{'M',[48;127;137],17,[3;17;3],2,[4;NaN;NaN],[-19;127;137],16,[NaN;0;0]},{'O',[48;127;137],17,[48;127;137],17,0}}
Adder graph: {{'A',[7;9;9],1,[1;1;1],0,3,[-1;1;1],0,0},{'M',[7;9;32],2,[1;1;1],0,[NaN;NaN;5],[7;9;9],1,[0;0;NaN]},{'M',[1;18;1],2,[1;1;1],0,[0;NaN;0],[7;9;9],1,[NaN;1;NaN]},{'A',[27;54;129],3,[7;9;32],2,2,[-1;18;1],2,0},{'M',[28;54;1],4,[1;1;1],0,[NaN;NaN;0],[7;9;9],1,[2;NaN;NaN],[27;54;129],3,[NaN;0;NaN]},{'A',[12;70;-15],5,[28;54;1],4,0,[-1;1;-1],0,4},{'M',[16;16;9],2,[1;1;1],0,[4;4;NaN],[7;9;9],1,[NaN;NaN;0]},{'A',[71;55;27],3,[16;16;9],2,2,[7;-9;-9],1,0},{'M',[7;64;1],2,[1;1;1],0,[NaN;6;0],[7;9;9],1,[0;NaN;NaN]},{'M',[108;70;-15],6,[27;54;129],3,[2;NaN;NaN],[12;70;-15],5,[NaN;0;0]},{'A',[-209;204;31],7,[7;64;1],2,0,[-108;70;15],6,1},{'M',[71;1;54],4,[1;1;1],0,[NaN;0;NaN],[71;55;27],3,[0;NaN;1]},{'M',[96;216;31],8,[27;54;129],3,[NaN;2;NaN],[12;70;-15],5,[3;NaN;NaN],[-209;204;31],7,[NaN;NaN;0]},{'A',[167;217;85],9,[71;1;54],4,0,[96;216;31],8,0},{'M',[48;54;129],6,[27;54;129],3,[NaN;0;0],[12;70;-15],5,[2;NaN;NaN]},{'A',[89;117;249],7,[48;54;129],6,1,[-7;9;-9],1,0},{'M',[28;55;36],4,[7;9;9],1,[2;NaN;2],[71;55;27],3,[NaN;0;NaN]},{'M',[71;1;1],4,[1;1;1],0,[NaN;0;0],[71;55;27],3,[0;NaN;NaN]},{'A',[183;221;143],5,[28;55;36],4,2,[71;1;-1],4,0},{'M',[12;54;-15],6,[27;54;129],3,[NaN;0;NaN],[12;70;-15],5,[0;NaN;0]},{'A',[19;-45;24],7,[7;9;9],1,0,[12;-54;15],6,0},{'M',[12;8;8],6,[1;1;1],0,[NaN;3;3],[12;70;-15],5,[0;NaN;NaN]},{'M',[19;1;9],8,[1;1;1],0,[NaN;0;NaN],[7;9;9],1,[NaN;NaN;0],[19;-45;24],7,[0;NaN;NaN]},{'A',[173;127;137],9,[12;8;8],6,4,[-19;-1;9],8,0},{'M',[178;234;249],8,[89;117;249],7,[1;1;0]},{'M',[1;1;62],8,[1;1;1],0,[0;0;NaN],[-209;204;31],7,[NaN;NaN;1]},{'A',[179;235;187],9,[178;234;249],8,0,[1;1;-62],8,0},{'M',[142;235;216],10,[71;55;27],3,[1;NaN;3],[179;235;187],9,[NaN;0;NaN]},{'O',[142;235;216],10,[142;235;216],10,0},{'M',[173;204;2],10,[1;1;1],0,[NaN;NaN;1],[-209;204;31],7,[NaN;0;NaN],[173;127;137],9,[0;NaN;NaN]},{'O',[173;204;2],10,[173;204;2],10,0},{'M',[183;221;124],8,[-209;204;31],7,[NaN;NaN;2],[183;221;143],5,[0;0;NaN]},{'O',[183;221;124],8,[183;221;124],8,0},{'M',[38;234;143],8,[89;117;249],7,[NaN;1;NaN],[183;221;143],5,[NaN;NaN;0],[19;-45;24],7,[1;NaN;NaN]},{'O',[38;234;143],8,[38;234;143],8,0},{'M',[27;110;31],8,[27;54;129],3,[0;NaN;NaN],[71;55;27],3,[NaN;1;NaN],[-209;204;31],7,[NaN;NaN;0]},{'O',[54;220;62],8,[27;110;31],8,1},{'M',[89;144;192],8,[7;9;9],1,[NaN;4;NaN],[89;117;249],7,[0;NaN;NaN],[19;-45;24],7,[NaN;NaN;3]},{'O',[89;144;192],8,[89;144;192],8,0},{'O',[167;217;85],9,[167;217;85],9,0},{'M',[-209;-45;-30],8,[12;70;-15],5,[NaN;NaN;1],[-209;204;31],7,[0;NaN;NaN],[19;-45;24],7,[NaN;0;NaN]},{'O',[209;45;30],8,[209;45;30],8,0},{'M',[179;9;187],10,[7;9;9],1,[NaN;0;NaN],[179;235;187],9,[0;NaN;0]},{'O',[179;9;187],10,[179;9;187],10,0},{'M',[48;127;137],10,[12;70;-15],5,[2;NaN;NaN],[173;127;137],9,[NaN;0;0]},{'O',[48;127;137],10,[48;127;137],10,0}}
Finished solving after 7297.78 seconds
Adder graph: {{'A',[7;9;9],1,[1;1;1],0,3,[-1;1;1],0,0},{'M',[7;9;32],2,[1;1;1],0,[NaN;NaN;5],[7;9;9],1,[0;0;NaN]},{'M',[1;18;1],2,[1;1;1],0,[0;NaN;0],[7;9;9],1,[NaN;1;NaN]},{'A',[27;54;129],3,[7;9;32],2,2,[-1;18;1],2,0},{'M',[28;54;1],4,[1;1;1],0,[NaN;NaN;0],[7;9;9],1,[2;NaN;NaN],[27;54;129],3,[NaN;0;NaN]},{'A',[12;70;-15],5,[28;54;1],4,0,[-1;1;-1],0,4},{'M',[16;16;9],2,[1;1;1],0,[4;4;NaN],[7;9;9],1,[NaN;NaN;0]},{'A',[71;55;27],3,[16;16;9],2,2,[7;-9;-9],1,0},{'M',[7;64;1],2,[1;1;1],0,[NaN;6;0],[7;9;9],1,[0;NaN;NaN]},{'M',[108;70;-15],6,[27;54;129],3,[2;NaN;NaN],[12;70;-15],5,[NaN;0;0]},{'A',[-209;204;31],7,[7;64;1],2,0,[-108;70;15],6,1},{'M',[71;1;54],4,[1;1;1],0,[NaN;0;NaN],[71;55;27],3,[0;NaN;1]},{'M',[96;216;31],8,[27;54;129],3,[NaN;2;NaN],[12;70;-15],5,[3;NaN;NaN],[-209;204;31],7,[NaN;NaN;0]},{'A',[167;217;85],9,[71;1;54],4,0,[96;216;31],8,0},{'M',[48;54;129],6,[27;54;129],3,[NaN;0;0],[12;70;-15],5,[2;NaN;NaN]},{'A',[89;117;249],7,[48;54;129],6,1,[-7;9;-9],1,0},{'M',[28;55;36],4,[7;9;9],1,[2;NaN;2],[71;55;27],3,[NaN;0;NaN]},{'M',[71;1;1],4,[1;1;1],0,[NaN;0;0],[71;55;27],3,[0;NaN;NaN]},{'A',[183;221;143],5,[28;55;36],4,2,[71;1;-1],4,0},{'M',[12;54;-15],6,[27;54;129],3,[NaN;0;NaN],[12;70;-15],5,[0;NaN;0]},{'A',[19;-45;24],7,[7;9;9],1,0,[12;-54;15],6,0},{'M',[12;8;8],6,[1;1;1],0,[NaN;3;3],[12;70;-15],5,[0;NaN;NaN]},{'M',[19;1;9],8,[1;1;1],0,[NaN;0;NaN],[7;9;9],1,[NaN;NaN;0],[19;-45;24],7,[0;NaN;NaN]},{'A',[173;127;137],9,[12;8;8],6,4,[-19;-1;9],8,0},{'M',[178;234;249],8,[89;117;249],7,[1;1;0]},{'M',[1;1;62],8,[1;1;1],0,[0;0;NaN],[-209;204;31],7,[NaN;NaN;1]},{'A',[179;235;187],9,[178;234;249],8,0,[1;1;-62],8,0},{'M',[142;235;216],10,[71;55;27],3,[1;NaN;3],[179;235;187],9,[NaN;0;NaN]},{'O',[142;235;216],10,[142;235;216],10,0},{'M',[173;204;2],10,[1;1;1],0,[NaN;NaN;1],[-209;204;31],7,[NaN;0;NaN],[173;127;137],9,[0;NaN;NaN]},{'O',[173;204;2],10,[173;204;2],10,0},{'M',[183;221;124],8,[-209;204;31],7,[NaN;NaN;2],[183;221;143],5,[0;0;NaN]},{'O',[183;221;124],8,[183;221;124],8,0},{'M',[38;234;143],8,[89;117;249],7,[NaN;1;NaN],[183;221;143],5,[NaN;NaN;0],[19;-45;24],7,[1;NaN;NaN]},{'O',[38;234;143],8,[38;234;143],8,0},{'M',[27;110;31],8,[27;54;129],3,[0;NaN;NaN],[71;55;27],3,[NaN;1;NaN],[-209;204;31],7,[NaN;NaN;0]},{'O',[54;220;62],8,[27;110;31],8,1},{'M',[89;144;192],8,[7;9;9],1,[NaN;4;NaN],[89;117;249],7,[0;NaN;NaN],[19;-45;24],7,[NaN;NaN;3]},{'O',[89;144;192],8,[89;144;192],8,0},{'O',[167;217;85],9,[167;217;85],9,0},{'M',[-209;-45;-30],8,[12;70;-15],5,[NaN;NaN;1],[-209;204;31],7,[0;NaN;NaN],[19;-45;24],7,[NaN;0;NaN]},{'O',[209;45;30],8,[209;45;30],8,0},{'M',[179;9;187],10,[7;9;9],1,[NaN;0;NaN],[179;235;187],9,[0;NaN;0]},{'O',[179;9;187],10,[179;9;187],10,0},{'M',[48;127;137],10,[12;70;-15],5,[2;NaN;NaN],[173;127;137],9,[NaN;0;0]},{'O',[48;127;137],10,[48;127;137],10,0}}
# Add optimal = 1
# Mux optimal = 0
# FAs optimal = 0
