Adder graph: {{'M',[16;1;1],1,[1;1;1],0,[4;0;0]},{'M',[1;16;4],1,[1;1;1],0,[0;4;2]},{'A',[15;-15;-3],2,[16;1;1],1,0,[-1;-16;-4],1,0},{'M',[16;1;32],1,[1;1;1],0,[4;0;5]},{'M',[2;64;-3],3,[1;1;1],0,[1;6;NaN],[15;-15;-3],2,[NaN;NaN;0]},{'A',[66;68;125],4,[16;1;32],1,2,[2;64;-3],3,0},{'M',[15;8;32],3,[1;1;1],0,[NaN;3;5],[15;-15;-3],2,[0;NaN;NaN]},{'M',[15;4;-6],3,[1;1;1],0,[NaN;2;NaN],[15;-15;-3],2,[0;NaN;1]},{'A',[45;36;134],4,[15;8;32],3,2,[-15;4;6],3,0},{'M',[1;4;4],1,[1;1;1],0,[0;2;2]},{'M',[4;1;-48],3,[1;1;1],0,[2;0;NaN],[15;-15;-3],2,[NaN;NaN;4]},{'A',[9;6;100],4,[1;4;4],1,0,[4;1;48],3,1},{'M',[9;36;32],5,[1;1;1],0,[NaN;NaN;5],[45;36;134],4,[NaN;0;NaN],[9;6;100],4,[0;NaN;NaN]},{'M',[128;1;125],5,[1;1;1],0,[7;0;NaN],[66;68;125],4,[NaN;NaN;0]},{'A',[137;37;157],6,[9;36;32],5,0,[128;1;125],5,0},{'M',[288;48;100],5,[9;6;100],4,[5;3;0]},{'M',[137;37;-3],7,[15;-15;-3],2,[NaN;NaN;0],[137;37;157],6,[0;0;NaN]},{'A',[151;11;103],8,[288;48;100],5,0,[-137;-37;3],7,0},{'M',[45;144;200],5,[45;36;134],4,[0;2;NaN],[9;6;100],4,[NaN;NaN;1]},{'M',[256;-30;157],7,[1;1;1],0,[8;NaN;NaN],[15;-15;-3],2,[NaN;1;NaN],[137;37;157],6,[NaN;NaN;0]},{'A',[-211;174;43],8,[45;144;200],5,0,[-256;30;-157],7,0},{'M',[36;176;157],9,[9;6;100],4,[2;NaN;NaN],[137;37;157],6,[NaN;NaN;0],[151;11;103],8,[NaN;4;NaN]},{'M',[9;68;268],5,[66;68;125],4,[NaN;0;NaN],[45;36;134],4,[NaN;NaN;1],[9;6;100],4,[0;NaN;NaN]},{'A',[27;244;-111],10,[36;176;157],9,0,[-9;68;-268],5,0},{'M',[128;11;-222],11,[1;1;1],0,[7;NaN;NaN],[151;11;103],8,[NaN;0;NaN],[27;244;-111],10,[NaN;NaN;1]},{'M',[45;244;400],11,[45;36;134],4,[0;NaN;NaN],[9;6;100],4,[NaN;NaN;2],[27;244;-111],10,[NaN;0;NaN]},{'A',[83;-233;178],12,[128;11;-222],11,0,[-45;-244;400],11,0},{'M',[256;32;178],13,[1;1;1],0,[8;5;NaN],[83;-233;178],12,[NaN;NaN;0]},{'M',[27;74;103],11,[137;37;157],6,[NaN;1;NaN],[151;11;103],8,[NaN;NaN;0],[27;244;-111],10,[0;NaN;NaN]},{'A',[229;106;75],14,[256;32;178],13,0,[-27;74;-103],11,0},{'M',[8;37;-3],7,[1;1;1],0,[3;NaN;NaN],[15;-15;-3],2,[NaN;NaN;0],[137;37;157],6,[NaN;0;NaN]},{'M',[27;8;172],11,[1;1;1],0,[NaN;3;NaN],[-211;174;43],8,[NaN;NaN;2],[27;244;-111],10,[0;NaN;NaN]},{'A',[-19;45;-175],12,[8;37;-3],7,0,[-27;8;-172],11,0},{'M',[144;244;157],11,[9;6;100],4,[4;NaN;NaN],[137;37;157],6,[NaN;NaN;0],[27;244;-111],10,[NaN;0;NaN]},{'O',[144;244;157],11,[144;244;157],11,0},{'M',[-211;-60;-111],11,[15;-15;-3],2,[NaN;2;NaN],[-211;174;43],8,[0;NaN;NaN],[27;244;-111],10,[NaN;NaN;0]},{'O',[211;60;111],11,[211;60;111],11,0},{'M',[229;136;250],15,[66;68;125],4,[NaN;1;1],[229;106;75],14,[0;NaN;NaN]},{'O',[229;136;250],15,[229;136;250],15,0},{'M',[137;37;206],9,[137;37;157],6,[0;0;NaN],[151;11;103],8,[NaN;NaN;1]},{'O',[137;37;206],9,[137;37;206],9,0},{'M',[-152;-233;-175],13,[83;-233;178],12,[NaN;0;NaN],[-19;45;-175],12,[3;NaN;0]},{'O',[152;233;175],13,[152;233;175],13,0},{'M',[166;174;134],13,[45;36;134],4,[NaN;NaN;0],[-211;174;43],8,[NaN;0;NaN],[83;-233;178],12,[1;NaN;NaN]},{'O',[166;174;134],13,[166;174;134],13,0},{'M',[45;106;43],15,[45;36;134],4,[0;NaN;NaN],[-211;174;43],8,[NaN;NaN;0],[229;106;75],14,[NaN;0;NaN]},{'O',[90;212;86],15,[45;106;43],15,1},{'M',[27;48;75],15,[9;6;100],4,[NaN;3;NaN],[27;244;-111],10,[0;NaN;NaN],[229;106;75],14,[NaN;NaN;0]},{'O',[54;96;150],15,[27;48;75],15,1},{'M',[132;176;100],9,[66;68;125],4,[1;NaN;NaN],[9;6;100],4,[NaN;NaN;0],[151;11;103],8,[NaN;4;NaN]},{'O',[132;176;100],9,[132;176;100],9,0},{'M',[151;45;178],13,[151;11;103],8,[0;NaN;NaN],[83;-233;178],12,[NaN;NaN;0],[-19;45;-175],12,[NaN;0;NaN]},{'O',[151;45;178],13,[151;45;178],13,0}}
Adder graph: {{'M',[2;2;1],1,[1;1;1],0,[1;1;0]},{'A',[5;-3;3],2,[1;1;1],0,0,[2;-2;1],1,1},{'M',[1;-24;32],3,[1;1;1],0,[0;NaN;5],[5;-3;3],2,[NaN;3;NaN]},{'M',[40;-12;3],3,[5;-3;3],2,[3;2;0]},{'A',[-38;-60;67],4,[1;-24;32],3,1,[-40;-12;3],3,0},{'M',[5;8;128],3,[1;1;1],0,[NaN;3;7],[5;-3;3],2,[0;NaN;NaN]},{'M',[32;-3;3],3,[1;1;1],0,[5;NaN;NaN],[5;-3;3],2,[NaN;0;0]},{'A',[-27;11;125],4,[5;8;128],3,0,[-32;3;-3],3,0},{'M',[128;11;32],5,[1;1;1],0,[7;NaN;5],[-27;11;125],4,[NaN;0;NaN]},{'M',[-38;64;125],5,[1;1;1],0,[NaN;6;NaN],[-38;-60;67],4,[0;NaN;NaN],[-27;11;125],4,[NaN;NaN;0]},{'A',[166;-53;157],6,[128;11;32],5,0,[38;-64;125],5,0},{'M',[8;11;48],5,[1;1;1],0,[3;NaN;NaN],[5;-3;3],2,[NaN;NaN;4],[-27;11;125],4,[NaN;0;NaN]},{'M',[1;-48;2],3,[1;1;1],0,[0;NaN;1],[5;-3;3],2,[NaN;4;NaN]},{'A',[9;-37;50],6,[8;11;48],5,0,[1;-48;2],3,0},{'M',[2;-384;50],7,[1;1;1],0,[1;NaN;NaN],[5;-3;3],2,[NaN;7;NaN],[9;-37;50],6,[NaN;NaN;0]},{'M',[64;-37;128],7,[1;1;1],0,[6;NaN;7],[9;-37;50],6,[NaN;0;NaN]},{'A',[66;-347;178],8,[2;-384;50],7,0,[64;37;128],7,0},{'M',[-27;128;125],5,[1;1;1],0,[NaN;7;NaN],[-27;11;125],4,[0;NaN;0]},{'M',[64;2;50],7,[1;1;1],0,[6;1;NaN],[9;-37;50],6,[NaN;NaN;0]},{'A',[229;136;-75],8,[-27;128;125],5,0,[64;2;-50],7,2},{'M',[160;88;-75],9,[5;-3;3],2,[5;NaN;NaN],[-27;11;125],4,[NaN;3;NaN],[229;136;-75],8,[NaN;NaN;0]},{'M',[9;1;100],7,[1;1;1],0,[NaN;0;NaN],[9;-37;50],6,[0;NaN;1]},{'A',[151;87;-175],10,[160;88;-75],9,0,[-9;-1;-100],7,0},{'M',[-216;-12;67],5,[5;-3;3],2,[NaN;2;NaN],[-38;-60;67],4,[NaN;NaN;0],[-27;11;125],4,[3;NaN;NaN]},{'M',[5;256;178],9,[1;1;1],0,[NaN;8;NaN],[5;-3;3],2,[0;NaN;NaN],[66;-347;178],8,[NaN;NaN;0]},{'A',[-211;244;-111],10,[-216;-12;67],5,0,[5;256;-178],9,0},{'M',[151;-3;-150],11,[5;-3;3],2,[NaN;0;NaN],[229;136;-75],8,[NaN;NaN;1],[151;87;-175],10,[0;NaN;NaN]},{'M',[18;-3;4],7,[1;1;1],0,[NaN;NaN;2],[5;-3;3],2,[NaN;0;NaN],[9;-37;50],6,[1;NaN;NaN]},{'A',[-137;45;-86],12,[151;-3;-150],11,0,[-18;3;4],7,4},{'M',[166;-53;16],7,[1;1;1],0,[NaN;NaN;4],[166;-53;157],6,[0;0;NaN]},{'M',[-211;180;-222],13,[-211;244;-111],10,[0;NaN;1],[-137;45;-86],12,[NaN;2;NaN]},{'A',[-45;-233;-206],14,[166;-53;16],7,0,[-211;-180;-222],13,0},{'M',[144;244;157],11,[166;-53;157],6,[NaN;NaN;0],[9;-37;50],6,[4;NaN;NaN],[-211;244;-111],10,[NaN;0;NaN]},{'O',[144;244;157],11,[144;244;157],11,0},{'M',[-211;-60;-111],11,[-38;-60;67],4,[NaN;0;NaN],[-211;244;-111],10,[0;NaN;0]},{'O',[211;60;111],11,[211;60;111],11,0},{'M',[229;136;250],9,[-27;11;125],4,[NaN;NaN;1],[229;136;-75],8,[0;0;NaN]},{'O',[229;136;250],9,[229;136;250],9,0},{'M',[-137;-37;-206],15,[9;-37;50],6,[NaN;0;NaN],[-137;45;-86],12,[0;NaN;NaN],[-45;-233;-206],14,[NaN;NaN;0]},{'O',[137;37;206],15,[137;37;206],15,0},{'M',[-152;-233;-175],15,[-38;-60;67],4,[2;NaN;NaN],[151;87;-175],10,[NaN;NaN;0],[-45;-233;-206],14,[NaN;0;NaN]},{'O',[152;233;175],15,[152;233;175],15,0},{'M',[166;174;134],11,[-38;-60;67],4,[NaN;NaN;1],[166;-53;157],6,[0;NaN;NaN],[151;87;-175],10,[NaN;1;NaN]},{'O',[166;174;134],11,[166;174;134],11,0},{'M',[-90;-212;-86],15,[166;-53;157],6,[NaN;2;NaN],[-137;45;-86],12,[NaN;NaN;0],[-45;-233;-206],14,[1;NaN;NaN]},{'O',[90;212;86],15,[90;212;86],15,0},{'M',[-27;-48;-75],9,[5;-3;3],2,[NaN;4;NaN],[-27;11;125],4,[0;NaN;NaN],[229;136;-75],8,[NaN;NaN;0]},{'O',[54;96;150],9,[27;48;75],9,1},{'M',[66;88;50],9,[-27;11;125],4,[NaN;3;NaN],[9;-37;50],6,[NaN;NaN;0],[66;-347;178],8,[0;NaN;NaN]},{'O',[132;176;100],9,[66;88;50],9,1},{'M',[151;45;178],13,[66;-347;178],8,[NaN;NaN;0],[151;87;-175],10,[0;NaN;NaN],[-137;45;-86],12,[NaN;0;NaN]},{'O',[151;45;178],13,[151;45;178],13,0}}
Adder graph: {{'M',[1;2;1],1,[1;1;1],0,[0;1;0]},{'M',[4;8;1],1,[1;1;1],0,[2;3;0]},{'A',[-15;34;-3],2,[1;2;1],1,0,[-4;8;-1],1,2},{'M',[-15;4;4],3,[1;1;1],0,[NaN;2;2],[-15;34;-3],2,[0;NaN;NaN]},{'M',[-30;1;-48],3,[1;1;1],0,[NaN;0;NaN],[-15;34;-3],2,[1;NaN;4]},{'A',[45;6;100],4,[-15;4;4],3,0,[30;1;48],3,1},{'M',[64;256;100],5,[1;1;1],0,[6;8;NaN],[45;6;100],4,[NaN;NaN;0]},{'M',[45;12;-3],5,[-15;34;-3],2,[NaN;NaN;0],[45;6;100],4,[0;1;NaN]},{'A',[19;244;103],6,[64;256;100],5,0,[-45;-12;3],5,0},{'M',[64;244;103],7,[1;1;1],0,[6;NaN;NaN],[19;244;103],6,[NaN;0;0]},{'M',[1;4;1],1,[1;1;1],0,[0;2;0]},{'A',[72;212;111],8,[64;244;103],7,0,[1;-4;1],1,3},{'M',[256;1;256],1,[1;1;1],0,[8;0;8]},{'M',[45;24;-6],5,[-15;34;-3],2,[NaN;NaN;1],[45;6;100],4,[0;2;NaN]},{'A',[211;-23;250],6,[256;1;256],1,0,[-45;-24;-6],5,0},{'M',[19;16;8],7,[1;1;1],0,[NaN;4;3],[19;244;103],6,[0;NaN;NaN]},{'M',[-15;-46;-3],7,[-15;34;-3],2,[0;NaN;0],[211;-23;250],6,[NaN;1;NaN]},{'A',[137;174;67],8,[19;16;8],7,3,[-15;46;3],7,0},{'M',[72;256;268],9,[1;1;1],0,[NaN;8;NaN],[72;212;111],8,[0;NaN;NaN],[137;174;67],8,[NaN;NaN;2]},{'M',[-60;-23;111],9,[-15;34;-3],2,[2;NaN;NaN],[72;212;111],8,[NaN;NaN;0],[211;-23;250],6,[NaN;0;NaN]},{'A',[132;233;157],10,[72;256;268],9,0,[60;-23;-111],9,0},{'M',[45;34;100],5,[-15;34;-3],2,[NaN;0;NaN],[45;6;100],4,[0;NaN;0]},{'M',[76;-23;157],11,[19;244;103],6,[2;NaN;NaN],[211;-23;250],6,[NaN;0;NaN],[132;233;157],10,[NaN;NaN;0]},{'A',[166;45;43],12,[45;34;100],5,1,[76;-23;-157],11,0},{'M',[288;45;32],13,[1;1;1],0,[NaN;NaN;5],[72;212;111],8,[2;NaN;NaN],[166;45;43],12,[NaN;0;NaN]},{'M',[137;8;43],13,[1;1;1],0,[NaN;3;NaN],[137;174;67],8,[0;NaN;NaN],[166;45;43],12,[NaN;NaN;0]},{'A',[151;37;75],14,[288;45;32],13,0,[-137;-8;43],13,0},{'M',[274;45;172],13,[137;174;67],8,[1;NaN;NaN],[166;45;43],12,[NaN;0;2]},{'M',[45;34;-6],5,[-15;34;-3],2,[NaN;0;1],[45;6;100],4,[0;NaN;NaN]},{'A',[229;11;178],14,[274;45;172],13,0,[-45;-34;6],5,0},{'M',[256;4;-3],3,[1;1;1],0,[8;2;NaN],[-15;34;-3],2,[NaN;NaN;0]},{'A',[27;15;175],15,[256;4;-3],3,0,[-229;11;178],14,0},{'M',[144;244;157],11,[19;244;103],6,[NaN;0;NaN],[72;212;111],8,[1;NaN;NaN],[132;233;157],10,[NaN;NaN;0]},{'O',[144;244;157],11,[144;244;157],11,0},{'M',[211;60;111],16,[72;212;111],8,[NaN;NaN;0],[211;-23;250],6,[0;NaN;NaN],[27;15;175],15,[NaN;2;NaN]},{'O',[211;60;111],16,[211;60;111],16,0},{'M',[229;136;250],15,[-15;34;-3],2,[NaN;2;NaN],[211;-23;250],6,[NaN;NaN;0],[229;11;178],14,[0;NaN;NaN]},{'O',[229;136;250],15,[229;136;250],15,0},{'M',[137;37;206],15,[19;244;103],6,[NaN;NaN;1],[137;174;67],8,[0;NaN;NaN],[151;37;75],14,[NaN;0;NaN]},{'O',[137;37;206],15,[137;37;206],15,0},{'M',[152;233;175],16,[19;244;103],6,[3;NaN;NaN],[132;233;157],10,[NaN;0;NaN],[27;15;175],15,[NaN;NaN;0]},{'O',[152;233;175],16,[152;233;175],16,0},{'M',[166;174;134],13,[137;174;67],8,[NaN;0;1],[166;45;43],12,[0;NaN;NaN]},{'O',[166;174;134],13,[166;174;134],13,0},{'M',[90;212;86],13,[45;6;100],4,[1;NaN;NaN],[72;212;111],8,[NaN;0;NaN],[166;45;43],12,[NaN;NaN;1]},{'O',[90;212;86],13,[90;212;86],13,0},{'M',[27;48;75],16,[45;6;100],4,[NaN;3;NaN],[151;37;75],14,[NaN;NaN;0],[27;15;175],15,[0;NaN;NaN]},{'O',[54;96;150],16,[27;48;75],16,1},{'M',[132;176;100],15,[45;6;100],4,[NaN;NaN;0],[132;233;157],10,[0;NaN;NaN],[229;11;178],14,[NaN;4;NaN]},{'O',[132;176;100],15,[132;176;100],15,0},{'M',[151;45;178],15,[166;45;43],12,[NaN;0;NaN],[151;37;75],14,[0;NaN;NaN],[229;11;178],14,[NaN;NaN;0]},{'O',[151;45;178],15,[151;45;178],15,0}}
Adder graph: {{'M',[2;1;2],1,[1;1;1],0,[1;0;1]},{'A',[5;3;-3],2,[1;1;1],0,0,[2;1;-2],1,1},{'M',[5;16;32],3,[1;1;1],0,[NaN;4;5],[5;3;-3],2,[0;NaN;NaN]},{'M',[80;3;-3],3,[5;3;-3],2,[4;0;0]},{'A',[90;29;67],4,[5;16;32],3,1,[80;-3;3],3,0},{'M',[8;29;-24],5,[1;1;1],0,[3;NaN;NaN],[5;3;-3],2,[NaN;NaN;3],[90;29;67],4,[NaN;0;NaN]},{'M',[5;58;4],5,[1;1;1],0,[NaN;NaN;2],[5;3;-3],2,[0;NaN;NaN],[90;29;67],4,[NaN;1;NaN]},{'A',[27;174;-100],6,[8;29;-24],5,2,[-5;58;-4],5,0},{'M',[32;2;1],1,[1;1;1],0,[5;1;0]},{'M',[27;192;67],7,[5;3;-3],2,[NaN;6;NaN],[90;29;67],4,[NaN;NaN;0],[27;174;-100],6,[0;NaN;NaN]},{'A',[229;-176;75],8,[32;2;1],1,3,[-27;-192;67],7,0},{'M',[27;2;-3],7,[1;1;1],0,[NaN;1;NaN],[5;3;-3],2,[NaN;NaN;0],[27;174;-100],6,[0;NaN;NaN]},{'M',[64;29;67],5,[1;1;1],0,[6;NaN;NaN],[90;29;67],4,[NaN;0;0]},{'A',[152;45;43],8,[27;2;-3],7,3,[-64;29;67],5,0},{'M',[152;4;43],9,[1;1;1],0,[NaN;2;NaN],[152;45;43],8,[0;NaN;0]},{'M',[1;64;-200],7,[1;1;1],0,[0;6;NaN],[27;174;-100],6,[NaN;NaN;1]},{'A',[151;68;-157],10,[152;4;43],9,0,[-1;64;-200],7,0},{'M',[20;12;75],9,[5;3;-3],2,[2;2;NaN],[229;-176;75],8,[NaN;NaN;0]},{'M',[152;3;-100],9,[5;3;-3],2,[NaN;0;NaN],[27;174;-100],6,[NaN;NaN;0],[152;45;43],8,[0;NaN;NaN]},{'A',[-132;15;175],10,[20;12;75],9,0,[-152;3;100],9,0},{'M',[5;29;-157],11,[5;3;-3],2,[0;NaN;NaN],[90;29;67],4,[NaN;0;NaN],[151;68;-157],10,[NaN;NaN;0]},{'M',[-132;8;268],11,[1;1;1],0,[NaN;3;NaN],[90;29;67],4,[NaN;NaN;2],[-132;15;175],10,[0;NaN;NaN]},{'A',[137;37;111],12,[5;29;-157],11,0,[132;8;268],11,0},{'M',[216;1;128],7,[1;1;1],0,[NaN;0;7],[27;174;-100],6,[3;NaN;NaN]},{'M',[5;232;-3],5,[5;3;-3],2,[0;NaN;0],[90;29;67],4,[NaN;3;NaN]},{'A',[211;233;125],8,[216;1;128],7,0,[-5;232;-3],5,0},{'M',[16;-176;111],13,[1;1;1],0,[4;NaN;NaN],[229;-176;75],8,[NaN;0;NaN],[137;37;111],12,[NaN;NaN;0]},{'M',[160;68;8],11,[1;1;1],0,[NaN;NaN;3],[5;3;-3],2,[5;NaN;NaN],[151;68;-157],10,[NaN;0;NaN]},{'A',[-144;-244;103],14,[16;-176;111],13,0,[-160;-68;-8],11,0},{'M',[256;16;175],11,[1;1;1],0,[8;4;NaN],[-132;15;175],10,[NaN;NaN;0]},{'M',[90;90;86],9,[90;29;67],4,[0;NaN;NaN],[152;45;43],8,[NaN;1;1]},{'A',[166;106;89],12,[256;16;175],11,0,[-90;90;-86],9,0},{'M',[-144;-244;-157],15,[151;68;-157],10,[NaN;NaN;0],[-144;-244;103],14,[0;0;NaN]},{'O',[144;244;157],15,[144;244;157],15,0},{'M',[211;60;111],13,[-132;15;175],10,[NaN;2;NaN],[137;37;111],12,[NaN;NaN;0],[211;233;125],8,[0;NaN;NaN]},{'O',[211;60;111],13,[211;60;111],13,0},{'M',[229;136;250],11,[229;-176;75],8,[0;NaN;NaN],[151;68;-157],10,[NaN;1;NaN],[211;233;125],8,[NaN;NaN;1]},{'O',[229;136;250],11,[229;136;250],11,0},{'M',[137;37;206],15,[137;37;111],12,[0;0;NaN],[-144;-244;103],14,[NaN;NaN;1]},{'O',[137;37;206],15,[137;37;206],15,0},{'M',[152;233;175],11,[152;45;43],8,[0;NaN;NaN],[-132;15;175],10,[NaN;NaN;0],[211;233;125],8,[NaN;0;NaN]},{'O',[152;233;175],11,[152;233;175],11,0},{'M',[166;174;134],13,[90;29;67],4,[NaN;NaN;1],[27;174;-100],6,[NaN;0;NaN],[166;106;89],12,[0;NaN;NaN]},{'O',[166;174;134],13,[166;174;134],13,0},{'M',[90;212;86],13,[90;29;67],4,[0;NaN;NaN],[152;45;43],8,[NaN;NaN;1],[166;106;89],12,[NaN;1;NaN]},{'O',[90;212;86],13,[90;212;86],13,0},{'M',[27;48;75],9,[5;3;-3],2,[NaN;4;NaN],[27;174;-100],6,[0;NaN;NaN],[229;-176;75],8,[NaN;NaN;0]},{'O',[54;96;150],9,[27;48;75],9,1},{'M',[-132;-176;-100],11,[27;174;-100],6,[NaN;NaN;0],[229;-176;75],8,[NaN;0;NaN],[-132;15;175],10,[0;NaN;NaN]},{'O',[132;176;100],11,[132;176;100],11,0},{'M',[151;45;178],13,[152;45;43],8,[NaN;0;NaN],[151;68;-157],10,[0;NaN;NaN],[166;106;89],12,[NaN;NaN;1]},{'O',[151;45;178],13,[151;45;178],13,0}}
Adder graph: {{'M',[1;4;1],1,[1;1;1],0,[0;2;0]},{'M',[1;64;4],1,[1;1;1],0,[0;6;2]},{'A',[7;96;12],2,[1;4;1],1,3,[-1;64;4],1,0},{'M',[14;8;12],3,[1;1;1],0,[NaN;3;NaN],[7;96;12],2,[1;NaN;0]},{'A',[27;15;25],4,[14;8;12],3,1,[-1;-1;1],0,0},{'M',[4;2;25],5,[1;1;1],0,[2;1;NaN],[27;15;25],4,[NaN;NaN;0]},{'A',[38;22;150],6,[27;15;25],4,1,[-4;-2;25],5,2},{'M',[256;128;25],5,[1;1;1],0,[8;7;NaN],[27;15;25],4,[NaN;NaN;0]},{'M',[27;8;128],5,[1;1;1],0,[NaN;3;7],[27;15;25],4,[0;NaN;NaN]},{'A',[229;136;-103],6,[256;128;25],5,0,[-27;8;-128],5,0},{'M',[14;15;8],5,[1;1;1],0,[NaN;NaN;3],[7;96;12],2,[1;NaN;NaN],[27;15;25],4,[NaN;0;NaN]},{'M',[32;120;-103],7,[1;1;1],0,[5;NaN;NaN],[27;15;25],4,[NaN;3;NaN],[229;136;-103],6,[NaN;NaN;0]},{'A',[-18;-105;111],8,[14;15;8],5,0,[-32;-120;103],7,0},{'M',[-18;-210;16],9,[1;1;1],0,[NaN;NaN;4],[-18;-105;111],8,[0;1;NaN]},{'M',[229;88;150],7,[38;22;150],6,[NaN;2;0],[229;136;-103],6,[0;NaN;NaN]},{'A',[211;-122;-134],10,[-18;-210;16],9,0,[229;88;-150],7,0},{'M',[64;64;-134],11,[1;1;1],0,[6;6;NaN],[211;-122;-134],10,[NaN;NaN;0]},{'M',[38;-105;111],9,[38;22;150],6,[0;NaN;NaN],[-18;-105;111],8,[NaN;0;0]},{'A',[90;233;-157],12,[64;64;-134],11,1,[-38;105;111],9,0},{'M',[76;44;25],7,[27;15;25],4,[NaN;NaN;0],[38;22;150],6,[1;1;NaN]},{'M',[56;1;150],7,[1;1;1],0,[NaN;0;NaN],[7;96;12],2,[3;NaN;NaN],[38;22;150],6,[NaN;NaN;0]},{'A',[132;45;175],8,[76;44;25],7,0,[56;1;150],7,0},{'M',[7;8;150],7,[1;1;1],0,[NaN;3;NaN],[7;96;12],2,[0;NaN;NaN],[38;22;150],6,[NaN;NaN;0]},{'M',[-144;45;64],9,[1;1;1],0,[NaN;NaN;6],[-18;-105;111],8,[3;NaN;NaN],[132;45;175],8,[NaN;0;NaN]},{'A',[-137;-37;86],10,[7;8;150],7,0,[-144;-45;-64],9,0},{'M',[54;1;50],5,[1;1;1],0,[NaN;0;NaN],[27;15;25],4,[1;NaN;1]},{'M',[-137;88;200],11,[27;15;25],4,[NaN;NaN;3],[38;22;150],6,[NaN;2;NaN],[-137;-37;86],10,[0;NaN;NaN]},{'A',[-83;-87;250],12,[54;1;50],5,0,[-137;-88;200],11,0},{'M',[76;233;100],13,[27;15;25],4,[NaN;NaN;2],[38;22;150],6,[1;NaN;NaN],[90;233;-157],12,[NaN;0;NaN]},{'M',[1;360;111],9,[1;1;1],0,[0;NaN;NaN],[-18;-105;111],8,[NaN;NaN;0],[132;45;175],8,[NaN;3;NaN]},{'A',[151;106;89],14,[76;233;100],13,1,[-1;-360;-111],9,0},{'M',[-144;-244;-157],13,[-18;-105;111],8,[3;NaN;NaN],[211;-122;-134],10,[NaN;1;NaN],[90;233;-157],12,[NaN;NaN;0]},{'O',[144;244;157],13,[144;244;157],13,0},{'M',[211;60;111],11,[27;15;25],4,[NaN;2;NaN],[-18;-105;111],8,[NaN;NaN;0],[211;-122;-134],10,[0;NaN;NaN]},{'O',[211;60;111],11,[211;60;111],11,0},{'M',[229;136;250],13,[229;136;-103],6,[0;0;NaN],[-83;-87;250],12,[NaN;NaN;0]},{'O',[229;136;250],13,[229;136;250],13,0},{'M',[-137;-37;-206],11,[229;136;-103],6,[NaN;NaN;1],[-137;-37;86],10,[0;0;NaN]},{'O',[137;37;206],11,[137;37;206],11,0},{'M',[152;233;175],13,[38;22;150],6,[2;NaN;NaN],[90;233;-157],12,[NaN;0;NaN],[132;45;175],8,[NaN;NaN;0]},{'O',[152;233;175],13,[152;233;175],13,0},{'M',[-166;-174;-134],13,[211;-122;-134],10,[NaN;NaN;0],[-83;-87;250],12,[1;1;NaN]},{'O',[166;174;134],13,[166;174;134],13,0},{'M',[90;212;86],15,[90;233;-157],12,[0;NaN;NaN],[-137;-37;86],10,[NaN;NaN;0],[151;106;89],14,[NaN;1;NaN]},{'O',[90;212;86],15,[90;212;86],15,0},{'M',[54;96;150],7,[7;96;12],2,[NaN;0;NaN],[27;15;25],4,[1;NaN;NaN],[38;22;150],6,[NaN;NaN;0]},{'O',[54;96;150],7,[54;96;150],7,0},{'M',[132;176;100],9,[27;15;25],4,[NaN;NaN;2],[38;22;150],6,[NaN;3;NaN],[132;45;175],8,[0;NaN;NaN]},{'O',[132;176;100],9,[132;176;100],9,0},{'M',[151;45;178],15,[132;45;175],8,[NaN;0;NaN],[151;106;89],14,[0;NaN;1]},{'O',[151;45;178],15,[151;45;178],15,0}}
Adder graph: {{'M',[1;4;2],1,[1;1;1],0,[0;2;1]},{'M',[1;2;1],1,[1;1;1],0,[0;1;0]},{'A',[9;30;17],2,[1;4;2],1,3,[1;-2;1],1,0},{'M',[64;8;17],3,[1;1;1],0,[6;3;NaN],[9;30;17],2,[NaN;NaN;0]},{'M',[72;2;1],3,[1;1;1],0,[NaN;1;0],[9;30;17],2,[3;NaN;NaN]},{'A',[184;34;67],4,[64;8;17],3,2,[-72;2;-1],3,0},{'M',[9;32;64],3,[1;1;1],0,[NaN;5;6],[9;30;17],2,[0;NaN;NaN]},{'M',[36;16;17],3,[1;1;1],0,[NaN;4;NaN],[9;30;17],2,[2;NaN;0]},{'A',[54;48;111],4,[9;32;64],3,1,[36;-16;-17],3,0},{'M',[54;1;8],5,[1;1;1],0,[NaN;0;3],[54;48;111],4,[0;NaN;NaN]},{'M',[9;8;111],5,[1;1;1],0,[NaN;3;NaN],[9;30;17],2,[0;NaN;NaN],[54;48;111],4,[NaN;NaN;0]},{'A',[45;9;-103],6,[54;1;8],5,0,[-9;8;-111],5,0},{'M',[1;2;268],5,[1;1;1],0,[0;1;NaN],[184;34;67],4,[NaN;NaN;2]},{'M',[32;9;111],7,[1;1;1],0,[5;NaN;NaN],[54;48;111],4,[NaN;NaN;0],[45;9;-103],6,[NaN;0;NaN]},{'A',[33;11;157],8,[1;2;268],5,0,[32;9;-111],7,0},{'M',[108;88;111],9,[54;48;111],4,[1;NaN;0],[33;11;157],8,[NaN;3;NaN]},{'A',[76;122;178],10,[184;34;67],4,0,[-108;88;111],9,0},{'M',[64;11;34],9,[1;1;1],0,[6;NaN;NaN],[9;30;17],2,[NaN;NaN;1],[33;11;157],8,[NaN;0;NaN]},{'M',[45;9;111],7,[54;48;111],4,[NaN;NaN;0],[45;9;-103],6,[0;0;NaN]},{'A',[211;53;25],10,[64;11;34],9,2,[-45;9;-111],7,0},{'M',[45;122;157],11,[45;9;-103],6,[0;NaN;NaN],[33;11;157],8,[NaN;NaN;0],[76;122;178],10,[NaN;0;NaN]},{'M',[76;11;64],11,[1;1;1],0,[NaN;NaN;6],[33;11;157],8,[NaN;0;NaN],[76;122;178],10,[0;NaN;NaN]},{'A',[166;233;250],12,[45;122;157],11,1,[76;-11;-64],11,0},{'M',[184;34;68],5,[9;30;17],2,[NaN;NaN;2],[184;34;67],4,[0;0;NaN]},{'M',[45;53;25],11,[45;9;-103],6,[0;NaN;NaN],[211;53;25],10,[NaN;0;0]},{'A',[229;87;43],12,[184;34;68],5,0,[45;53;-25],11,0},{'M',[33;11;8],9,[1;1;1],0,[NaN;NaN;3],[33;11;157],8,[0;0;NaN]},{'A',[151;45;75],10,[184;34;67],4,0,[-33;11;8],9,0},{'M',[151;53;25],11,[211;53;25],10,[NaN;0;0],[151;45;75],10,[0;NaN;NaN]},{'M',[144;45;75],11,[9;30;17],2,[4;NaN;NaN],[151;45;75],10,[NaN;0;0]},{'A',[-137;-37;175],12,[151;53;25],11,0,[-144;-45;75],11,1},{'M',[144;244;157],11,[9;30;17],2,[4;NaN;NaN],[33;11;157],8,[NaN;NaN;0],[76;122;178],10,[NaN;1;NaN]},{'O',[144;244;157],11,[144;244;157],11,0},{'M',[211;60;111],11,[9;30;17],2,[NaN;1;NaN],[54;48;111],4,[NaN;NaN;0],[211;53;25],10,[0;NaN;NaN]},{'O',[211;60;111],11,[211;60;111],11,0},{'M',[229;136;250],13,[184;34;67],4,[NaN;2;NaN],[166;233;250],12,[NaN;NaN;0],[229;87;43],12,[0;NaN;NaN]},{'O',[229;136;250],13,[229;136;250],13,0},{'M',[-137;-37;-206],13,[45;9;-103],6,[NaN;NaN;1],[-137;-37;175],12,[0;0;NaN]},{'O',[137;37;206],13,[137;37;206],13,0},{'M',[152;233;175],13,[76;122;178],10,[1;NaN;NaN],[166;233;250],12,[NaN;0;NaN],[-137;-37;175],12,[NaN;NaN;0]},{'O',[152;233;175],13,[152;233;175],13,0},{'M',[166;174;134],13,[184;34;67],4,[NaN;NaN;1],[166;233;250],12,[0;NaN;NaN],[229;87;43],12,[NaN;1;NaN]},{'O',[166;174;134],13,[166;174;134],13,0},{'M',[45;106;43],13,[45;9;-103],6,[0;NaN;NaN],[211;53;25],10,[NaN;1;NaN],[229;87;43],12,[NaN;NaN;0]},{'O',[90;212;86],13,[45;106;43],13,1},{'M',[54;96;150],11,[54;48;111],4,[0;1;NaN],[151;45;75],10,[NaN;NaN;1]},{'O',[54;96;150],11,[54;96;150],11,0},{'M',[33;44;25],11,[33;11;157],8,[0;2;NaN],[211;53;25],10,[NaN;NaN;0]},{'O',[132;176;100],11,[33;44;25],11,2},{'M',[151;45;178],11,[76;122;178],10,[NaN;NaN;0],[151;45;75],10,[0;0;NaN]},{'O',[151;45;178],11,[151;45;178],11,0}}
Adder graph: {{'M',[1;2;1],1,[1;1;1],0,[0;1;0]},{'A',[5;9;5],2,[1;1;1],0,0,[1;2;1],1,2},{'M',[5;36;5],3,[5;9;5],2,[0;2;0]},{'M',[32;9;80],3,[1;1;1],0,[5;NaN;NaN],[5;9;5],2,[NaN;0;4]},{'A',[-27;45;-75],4,[5;36;5],3,0,[-32;9;-80],3,0},{'M',[1;1;80],3,[1;1;1],0,[0;0;NaN],[5;9;5],2,[NaN;NaN;4]},{'M',[5;9;10],3,[5;9;5],2,[0;0;1]},{'A',[-9;-17;100],4,[1;1;80],3,0,[-5;-9;10],3,1},{'M',[-9;8;100],5,[1;1;1],0,[NaN;3;NaN],[-9;-17;100],4,[0;NaN;0]},{'M',[160;45;-75],5,[5;9;5],2,[5;NaN;NaN],[-27;45;-75],4,[NaN;0;0]},{'A',[151;-37;175],6,[-9;8;100],5,0,[160;-45;75],5,0},{'M',[151;720;64],7,[1;1;1],0,[NaN;NaN;6],[-27;45;-75],4,[NaN;4;NaN],[151;-37;175],6,[0;NaN;NaN]},{'M',[-288;-544;175],7,[-9;-17;100],4,[5;5;NaN],[151;-37;175],6,[NaN;NaN;0]},{'A',[-137;176;-111],8,[151;720;64],7,0,[-288;-544;-175],7,0},{'M',[-18;-34;-75],5,[-27;45;-75],4,[NaN;NaN;0],[-9;-17;100],4,[1;1;NaN]},{'M',[-9;176;100],9,[-9;-17;100],4,[0;NaN;0],[-137;176;-111],8,[NaN;0;NaN]},{'A',[-45;-244;-250],10,[-18;-34;-75],5,1,[-9;-176;-100],9,0},{'M',[4;-37;8],7,[1;1;1],0,[2;NaN;3],[151;-37;175],6,[NaN;0;NaN]},{'M',[-72;16;-111],9,[1;1;1],0,[NaN;4;NaN],[-9;-17;100],4,[3;NaN;NaN],[-137;176;-111],8,[NaN;NaN;0]},{'A',[76;-53;-103],10,[4;-37;8],7,0,[72;-16;-111],9,0},{'M',[-137;-34;8],9,[1;1;1],0,[NaN;NaN;3],[-9;-17;100],4,[NaN;1;NaN],[-137;176;-111],8,[0;NaN;NaN]},{'M',[-54;-53;-75],11,[-27;45;-75],4,[1;NaN;0],[76;-53;-103],10,[NaN;0;NaN]},{'A',[-166;-174;-134],12,[-137;-34;8],9,1,[54;-53;-75],11,1},{'M',[-166;180;-75],13,[-27;45;-75],4,[NaN;2;0],[-166;-174;-134],12,[0;NaN;NaN]},{'M',[-45;-53;32],11,[1;1;1],0,[NaN;NaN;5],[-45;-244;-250],10,[0;NaN;NaN],[76;-53;-103],10,[NaN;0;NaN]},{'A',[-211;233;-43],14,[-166;180;-75],13,0,[-45;53;32],11,0},{'M',[-9;-34;100],5,[-9;-17;100],4,[0;1;0]},{'M',[-211;-53;-111],15,[-137;176;-111],8,[NaN;NaN;0],[76;-53;-103],10,[NaN;0;NaN],[-211;233;-43],14,[0;NaN;NaN]},{'A',[-229;-15;89],16,[-9;-34;100],5,1,[-211;53;-111],15,0},{'M',[152;1;-268],13,[1;1;1],0,[NaN;0;NaN],[76;-53;-103],10,[1;NaN;NaN],[-166;-174;-134],12,[NaN;NaN;1]},{'M',[20;4;-111],9,[1;1;1],0,[NaN;2;NaN],[5;9;5],2,[2;NaN;NaN],[-137;176;-111],8,[NaN;NaN;0]},{'A',[132;-3;-157],14,[152;1;-268],13,0,[-20;-4;111],9,0},{'M',[-144;-244;-157],15,[-9;-17;100],4,[4;NaN;NaN],[-45;-244;-250],10,[NaN;0;NaN],[132;-3;-157],14,[NaN;NaN;0]},{'O',[144;244;157],15,[144;244;157],15,0},{'M',[-211;-60;-111],17,[-137;176;-111],8,[NaN;NaN;0],[-211;233;-43],14,[0;NaN;NaN],[-229;-15;89],16,[NaN;2;NaN]},{'O',[211;60;111],17,[211;60;111],17,0},{'M',[-229;-136;-250],17,[-9;-17;100],4,[NaN;3;NaN],[-45;-244;-250],10,[NaN;NaN;0],[-229;-15;89],16,[0;NaN;NaN]},{'O',[229;136;250],17,[229;136;250],17,0},{'M',[-137;-37;-206],11,[151;-37;175],6,[NaN;0;NaN],[-137;176;-111],8,[0;NaN;NaN],[76;-53;-103],10,[NaN;NaN;1]},{'O',[137;37;206],11,[137;37;206],11,0},{'M',[152;233;175],15,[151;-37;175],6,[NaN;NaN;0],[76;-53;-103],10,[1;NaN;NaN],[-211;233;-43],14,[NaN;0;NaN]},{'O',[152;233;175],15,[152;233;175],15,0},{'O',[166;174;134],12,[166;174;134],12,0},{'M',[-45;-106;-43],15,[-45;-244;-250],10,[0;NaN;NaN],[76;-53;-103],10,[NaN;1;NaN],[-211;233;-43],14,[NaN;NaN;0]},{'O',[90;212;86],15,[45;106;43],15,1},{'M',[-27;-48;-75],15,[-27;45;-75],4,[0;NaN;0],[132;-3;-157],14,[NaN;4;NaN]},{'O',[54;96;150],15,[27;48;75],15,1},{'M',[132;176;100],15,[-9;-17;100],4,[NaN;NaN;0],[-137;176;-111],8,[NaN;0;NaN],[132;-3;-157],14,[0;NaN;NaN]},{'O',[132;176;100],15,[132;176;100],15,0},{'M',[151;45;178],17,[-27;45;-75],4,[NaN;0;NaN],[151;-37;175],6,[0;NaN;NaN],[-229;-15;89],16,[NaN;NaN;1]},{'O',[151;45;178],17,[151;45;178],17,0}}
Adder graph: {{'M',[2;4;1],1,[1;1;1],0,[1;2;0]},{'A',[9;17;5],2,[2;4;1],1,2,[1;1;1],0,0},{'M',[32;1;20],3,[1;1;1],0,[5;0;NaN],[9;17;5],2,[NaN;NaN;2]},{'A',[137;21;75],4,[32;1;20],3,2,[9;17;-5],2,0},{'M',[2;21;5],5,[1;1;1],0,[1;NaN;NaN],[9;17;5],2,[NaN;NaN;0],[137;21;75],4,[NaN;0;NaN]},{'M',[9;8;5],3,[1;1;1],0,[NaN;3;NaN],[9;17;5],2,[0;NaN;0]},{'A',[38;53;25],6,[2;21;5],5,0,[9;8;5],3,2},{'M',[38;53;32],7,[1;1;1],0,[NaN;NaN;5],[38;53;25],6,[0;0;NaN]},{'M',[38;272;25],7,[9;17;5],2,[NaN;4;NaN],[38;53;25],6,[0;NaN;0]},{'A',[114;-60;103],8,[38;53;32],7,2,[-38;-272;-25],7,0},{'M',[144;34;75],5,[9;17;5],2,[4;1;NaN],[137;21;75],4,[NaN;NaN;0]},{'M',[137;106;16],7,[1;1;1],0,[NaN;NaN;4],[137;21;75],4,[0;NaN;NaN],[38;53;25],6,[NaN;1;NaN]},{'A',[151;174;134],8,[144;34;75],5,1,[-137;106;-16],7,0},{'M',[38;348;25],9,[38;53;25],6,[0;NaN;0],[151;174;134],8,[NaN;1;NaN]},{'M',[64;168;75],5,[1;1;1],0,[6;NaN;NaN],[137;21;75],4,[NaN;3;0]},{'A',[166;12;175],10,[38;348;25],9,0,[64;-168;75],5,1},{'M',[1;12;175],11,[1;1;1],0,[0;NaN;NaN],[166;12;175],10,[NaN;0;0]},{'M',[16;16;25],7,[1;1;1],0,[4;4;NaN],[38;53;25],6,[NaN;NaN;0]},{'A',[33;44;125],12,[1;12;175],11,0,[16;16;-25],7,1},{'M',[1;1;75],5,[1;1;1],0,[0;0;NaN],[137;21;75],4,[NaN;NaN;0]},{'M',[228;-60;103],9,[114;-60;103],8,[1;0;0]},{'A',[229;61;178],10,[1;1;75],5,0,[228;60;103],9,0},{'M',[38;53;64],7,[1;1;1],0,[NaN;NaN;6],[38;53;25],6,[0;0;NaN]},{'M',[16;8;175],11,[1;1;1],0,[4;3;NaN],[166;12;175],10,[NaN;NaN;0]},{'A',[54;45;-111],12,[38;53;64],7,0,[16;-8;-175],11,0},{'M',[18;53;150],7,[9;17;5],2,[1;NaN;NaN],[137;21;75],4,[NaN;NaN;1],[38;53;25],6,[NaN;0;NaN]},{'M',[229;16;64],11,[1;1;1],0,[NaN;4;6],[229;61;178],10,[0;NaN;NaN]},{'A',[-211;37;86],12,[18;53;150],7,0,[-229;-16;-64],11,0},{'M',[32;45;8],13,[1;1;1],0,[5;NaN;3],[54;45;-111],12,[NaN;0;NaN]},{'M',[38;53;125],13,[38;53;25],6,[0;0;NaN],[33;44;125],12,[NaN;NaN;0]},{'A',[90;233;157],14,[32;45;8],13,2,[-38;53;125],13,0},{'M',[144;244;157],15,[9;17;5],2,[4;NaN;NaN],[229;61;178],10,[NaN;2;NaN],[90;233;157],14,[NaN;NaN;0]},{'O',[144;244;157],15,[144;244;157],15,0},{'M',[-211;-60;-111],13,[114;-60;103],8,[NaN;0;NaN],[54;45;-111],12,[NaN;NaN;0],[-211;37;86],12,[0;NaN;NaN]},{'O',[211;60;111],13,[211;60;111],13,0},{'M',[229;136;250],13,[9;17;5],2,[NaN;3;NaN],[33;44;125],12,[NaN;NaN;1],[229;61;178],10,[0;NaN;NaN]},{'O',[229;136;250],13,[229;136;250],13,0},{'M',[137;37;206],13,[137;21;75],4,[0;NaN;NaN],[114;-60;103],8,[NaN;NaN;1],[-211;37;86],12,[NaN;0;NaN]},{'O',[137;37;206],13,[137;37;206],13,0},{'M',[152;233;175],15,[38;53;25],6,[2;NaN;NaN],[166;12;175],10,[NaN;NaN;0],[90;233;157],14,[NaN;0;NaN]},{'O',[152;233;175],15,[152;233;175],15,0},{'M',[166;174;134],11,[151;174;134],8,[NaN;0;0],[166;12;175],10,[0;NaN;NaN]},{'O',[166;174;134],11,[166;174;134],11,0},{'M',[90;212;86],15,[38;53;25],6,[NaN;2;NaN],[-211;37;86],12,[NaN;NaN;0],[90;233;157],14,[0;NaN;NaN]},{'O',[90;212;86],15,[90;212;86],15,0},{'M',[54;96;150],13,[137;21;75],4,[NaN;NaN;1],[166;12;175],10,[NaN;3;NaN],[54;45;-111],12,[0;NaN;NaN]},{'O',[54;96;150],13,[54;96;150],13,0},{'M',[33;44;25],13,[38;53;25],6,[NaN;NaN;0],[33;44;125],12,[0;0;NaN]},{'O',[132;176;100],13,[33;44;25],13,2},{'M',[151;45;178],13,[151;174;134],8,[0;NaN;NaN],[229;61;178],10,[NaN;NaN;0],[54;45;-111],12,[NaN;0;NaN]},{'O',[151;45;178],13,[151;45;178],13,0}}
Adder graph: {{'M',[1;16;1],1,[1;1;1],0,[0;4;0]},{'M',[4;1;4],1,[1;1;1],0,[2;0;2]},{'A',[-3;15;-3],2,[1;16;1],1,0,[-4;-1;-4],1,0},{'M',[-3;4;4],3,[1;1;1],0,[NaN;2;2],[-3;15;-3],2,[0;NaN;NaN]},{'M',[-12;15;-3],3,[-3;15;-3],2,[2;0;0]},{'A',[-72;98;134],4,[-3;4;4],3,5,[12;-15;3],3,1},{'M',[-6;15;-384],3,[-3;15;-3],2,[1;0;7]},{'M',[32;32;134],5,[1;1;1],0,[5;5;NaN],[-72;98;134],4,[NaN;NaN;0]},{'A',[-38;-17;-250],6,[-6;15;-384],3,0,[-32;-32;134],5,0},{'M',[-72;8;-12],5,[1;1;1],0,[NaN;3;NaN],[-3;15;-3],2,[NaN;NaN;2],[-72;98;134],4,[0;NaN;NaN]},{'M',[-12;64;1],3,[1;1;1],0,[NaN;6;0],[-3;15;-3],2,[2;NaN;NaN]},{'A',[-132;-48;-25],6,[-72;8;-12],5,1,[12;-64;-1],3,0},{'M',[-3;196;134],5,[-3;15;-3],2,[0;NaN;NaN],[-72;98;134],4,[NaN;1;0]},{'M',[-3;1;-3],3,[1;1;1],0,[NaN;0;NaN],[-3;15;-3],2,[0;NaN;0]},{'A',[45;212;86],6,[-3;196;134],5,0,[3;1;-3],3,4},{'M',[-152;4;-3],7,[1;1;1],0,[NaN;2;NaN],[-3;15;-3],2,[NaN;NaN;0],[-38;-17;-250],6,[2;NaN;NaN]},{'M',[1;15;86],7,[1;1;1],0,[0;NaN;NaN],[-3;15;-3],2,[NaN;0;NaN],[45;212;86],6,[NaN;NaN;0]},{'A',[-151;-11;-89],8,[-152;4;-3],7,0,[1;-15;-86],7,0},{'M',[45;-176;86],9,[45;212;86],6,[0;NaN;0],[-151;-11;-89],8,[NaN;4;NaN]},{'M',[-38;-68;-25],7,[-38;-17;-250],6,[0;2;NaN],[-132;-48;-25],6,[NaN;NaN;0]},{'A',[83;-244;111],10,[45;-176;86],9,0,[38;-68;25],7,0},{'M',[-144;-11;-89],9,[-72;98;134],4,[1;NaN;NaN],[-151;-11;-89],8,[NaN;0;0]},{'M',[-151;15;-3],9,[-3;15;-3],2,[NaN;0;0],[-151;-11;-89],8,[0;NaN;NaN]},{'A',[-137;-37;-175],10,[-144;-11;-89],9,1,[151;-15;3],9,0},{'M',[-72;98;-192],5,[-3;15;-3],2,[NaN;NaN;6],[-72;98;134],4,[0;0;NaN]},{'M',[45;-11;-89],9,[45;212;86],6,[0;NaN;NaN],[-151;-11;-89],8,[NaN;0;0]},{'A',[-27;87;-103],10,[-72;98;-192],5,0,[45;-11;89],9,0},{'M',[45;-34;-500],7,[-38;-17;-250],6,[NaN;1;1],[45;212;86],6,[0;NaN;NaN]},{'M',[-274;-11;-350],11,[-151;-11;-89],8,[NaN;0;NaN],[-137;-37;-175],10,[1;NaN;1]},{'A',[-229;-45;-150],12,[45;-34;-500],7,0,[-274;-11;350],11,0},{'M',[128;-11;268],9,[1;1;1],0,[7;NaN;NaN],[-72;98;134],4,[NaN;NaN;1],[-151;-11;-89],8,[NaN;0;NaN]},{'A',[211;-233;-157],11,[83;-244;111],10,0,[128;11;-268],9,0},{'M',[-144;-244;-157],12,[-72;98;134],4,[1;NaN;NaN],[83;-244;111],10,[NaN;0;NaN],[211;-233;-157],11,[NaN;NaN;0]},{'O',[144;244;157],12,[144;244;157],12,0},{'M',[211;60;111],12,[-3;15;-3],2,[NaN;2;NaN],[83;-244;111],10,[NaN;NaN;0],[211;-233;-157],11,[0;NaN;NaN]},{'O',[211;60;111],12,[211;60;111],12,0},{'M',[-229;-136;-250],13,[-38;-17;-250],6,[NaN;3;0],[-229;-45;-150],12,[0;NaN;NaN]},{'O',[229;136;250],13,[229;136;250],13,0},{'M',[-137;-37;-206],11,[-137;-37;-175],10,[0;0;NaN],[-27;87;-103],10,[NaN;NaN;1]},{'O',[137;37;206],11,[137;37;206],11,0},{'M',[-152;-233;-175],12,[-38;-17;-250],6,[2;NaN;NaN],[-137;-37;-175],10,[NaN;NaN;0],[211;-233;-157],11,[NaN;0;NaN]},{'O',[152;233;175],12,[152;233;175],12,0},{'M',[166;174;134],11,[-72;98;134],4,[NaN;NaN;0],[83;-244;111],10,[1;NaN;NaN],[-27;87;-103],10,[NaN;1;NaN]},{'O',[166;174;134],11,[166;174;134],11,0},{'M',[90;212;86],7,[45;212;86],6,[1;0;0]},{'O',[90;212;86],7,[90;212;86],7,0},{'M',[-54;-96;-150],13,[-132;-48;-25],6,[NaN;1;NaN],[-27;87;-103],10,[1;NaN;NaN],[-229;-45;-150],12,[NaN;NaN;0]},{'O',[54;96;150],13,[54;96;150],13,0},{'M',[-132;-176;-100],9,[-132;-48;-25],6,[0;NaN;2],[-151;-11;-89],8,[NaN;4;NaN]},{'O',[132;176;100],9,[132;176;100],9,0},{'M',[-151;-45;-178],13,[-151;-11;-89],8,[0;NaN;1],[-229;-45;-150],12,[NaN;0;NaN]},{'O',[151;45;178],13,[151;45;178],13,0}}
Adder graph: {{'M',[1;1;2],1,[1;1;1],0,[0;0;1]},{'A',[9;7;17],2,[1;1;2],1,3,[1;-1;1],0,0},{'M',[4;4;1],1,[1;1;1],0,[2;2;0]},{'M',[32;2;17],3,[1;1;1],0,[5;1;NaN],[9;7;17],2,[NaN;NaN;0]},{'A',[132;12;-67],4,[4;4;1],1,0,[32;2;-17],3,2},{'M',[9;7;2],3,[1;1;1],0,[NaN;NaN;1],[9;7;17],2,[0;0;NaN]},{'M',[18;16;17],3,[1;1;1],0,[NaN;4;NaN],[9;7;17],2,[1;NaN;0]},{'A',[54;44;25],4,[9;7;2],3,2,[18;16;17],3,0},{'M',[9;44;25],5,[9;7;17],2,[0;NaN;NaN],[54;44;25],4,[NaN;0;0]},{'M',[128;1;136],3,[1;1;1],0,[7;0;NaN],[9;7;17],2,[NaN;NaN;3]},{'A',[137;45;-111],6,[9;44;25],5,0,[128;1;-136],3,0},{'M',[16;1;16],1,[1;1;1],0,[4;0;4]},{'M',[216;64;25],5,[1;1;1],0,[NaN;6;NaN],[54;44;25],4,[2;NaN;0]},{'A',[-152;-60;89],6,[16;1;16],1,2,[-216;-64;25],5,0},{'M',[288;7;68],3,[9;7;17],2,[5;0;2]},{'M',[137;-60;89],7,[137;45;-111],6,[0;NaN;NaN],[-152;-60;89],6,[NaN;0;0]},{'A',[151;-53;157],8,[288;7;68],3,0,[-137;-60;89],7,0},{'M',[72;56;25],5,[9;7;17],2,[3;3;NaN],[54;44;25],4,[NaN;NaN;0]},{'A',[-90;-68;75],6,[54;44;25],4,0,[-72;-56;25],5,1},{'M',[274;88;89],7,[54;44;25],4,[NaN;1;NaN],[137;45;-111],6,[1;NaN;NaN],[-152;-60;89],6,[NaN;NaN;0]},{'M',[151;-68;75],9,[151;-53;157],8,[0;NaN;NaN],[-90;-68;75],6,[NaN;0;0]},{'A',[397;244;103],10,[274;88;89],7,1,[-151;68;-75],9,0},{'M',[54;1;68],5,[1;1;1],0,[NaN;0;NaN],[9;7;17],2,[NaN;NaN;2],[54;44;25],4,[0;NaN;NaN]},{'M',[137;88;-111],7,[54;44;25],4,[NaN;1;NaN],[137;45;-111],6,[0;NaN;0]},{'A',[-83;-87;-43],8,[54;1;68],5,0,[-137;-88;-111],7,0},{'M',[397;45;-111],11,[137;45;-111],6,[NaN;0;0],[397;244;103],10,[0;NaN;NaN]},{'M',[-152;2;16],7,[1;1;1],0,[NaN;1;4],[-152;-60;89],6,[0;NaN;NaN]},{'A',[-211;37;-175],12,[397;45;-111],11,0,[-152;-2;-16],7,2},{'M',[-211;-53;-175],13,[151;-53;157],8,[NaN;0;NaN],[-211;37;-175],12,[0;NaN;0]},{'M',[18;180;75],7,[9;7;17],2,[1;NaN;NaN],[137;45;-111],6,[NaN;2;NaN],[-90;-68;75],6,[NaN;NaN;0]},{'A',[-229;-233;-250],14,[-211;-53;-175],13,0,[-18;-180;-75],7,0},{'M',[144;244;157],11,[9;7;17],2,[4;NaN;NaN],[151;-53;157],8,[NaN;NaN;0],[397;244;103],10,[NaN;0;NaN]},{'O',[144;244;157],11,[144;244;157],11,0},{'M',[-211;-60;-111],13,[137;45;-111],6,[NaN;NaN;0],[-152;-60;89],6,[NaN;0;NaN],[-211;37;-175],12,[0;NaN;NaN]},{'O',[211;60;111],13,[211;60;111],13,0},{'M',[-229;-136;-250],15,[-90;-68;75],6,[NaN;1;NaN],[-229;-233;-250],14,[0;NaN;0]},{'O',[229;136;250],15,[229;136;250],15,0},{'M',[137;37;206],13,[137;45;-111],6,[0;NaN;NaN],[397;244;103],10,[NaN;NaN;1],[-211;37;-175],12,[NaN;0;NaN]},{'O',[137;37;206],13,[137;37;206],13,0},{'M',[-152;-233;-175],15,[-152;-60;89],6,[0;NaN;NaN],[-211;37;-175],12,[NaN;NaN;0],[-229;-233;-250],14,[NaN;0;NaN]},{'O',[152;233;175],15,[152;233;175],15,0},{'M',[-83;-87;-67],9,[132;12;-67],4,[NaN;NaN;0],[-83;-87;-43],8,[0;0;NaN]},{'O',[166;174;134],9,[83;87;67],9,1},{'M',[-90;-212;-86],9,[151;-53;157],8,[NaN;2;NaN],[-90;-68;75],6,[0;NaN;NaN],[-83;-87;-43],8,[NaN;NaN;1]},{'O',[90;212;86],9,[90;212;86],9,0},{'M',[54;96;150],7,[132;12;-67],4,[NaN;3;NaN],[54;44;25],4,[0;NaN;NaN],[-90;-68;75],6,[NaN;NaN;1]},{'O',[54;96;150],7,[54;96;150],7,0},{'M',[132;176;100],5,[132;12;-67],4,[0;NaN;NaN],[54;44;25],4,[NaN;2;2]},{'O',[132;176;100],5,[132;176;100],5,0},{'M',[151;45;178],9,[137;45;-111],6,[NaN;0;NaN],[-152;-60;89],6,[NaN;NaN;1],[151;-53;157],8,[0;NaN;NaN]},{'O',[151;45;178],9,[151;45;178],9,0}}
Adder graph: {{'M',[4;1;8],1,[1;1;1],0,[2;0;3]},{'A',[9;3;17],2,[4;1;8],1,1,[1;1;1],0,0},{'M',[18;64;17],3,[1;1;1],0,[NaN;6;NaN],[9;3;17],2,[1;NaN;0]},{'M',[128;3;128],3,[1;1;1],0,[7;NaN;7],[9;3;17],2,[NaN;0;NaN]},{'A',[-110;61;-111],4,[18;64;17],3,0,[-128;-3;-128],3,0},{'M',[1;8;8],1,[1;1;1],0,[0;3;3]},{'M',[32;32;17],3,[1;1;1],0,[5;5;NaN],[9;3;17],2,[NaN;NaN;0]},{'A',[66;80;50],4,[1;8;8],1,1,[32;32;17],3,1},{'M',[-220;12;50],5,[9;3;17],2,[NaN;2;NaN],[-110;61;-111],4,[1;NaN;NaN],[66;80;50],4,[NaN;NaN;0]},{'M',[9;32;17],3,[1;1;1],0,[NaN;5;NaN],[9;3;17],2,[0;NaN;0]},{'A',[-229;44;67],6,[-220;12;50],5,0,[-9;32;17],3,0},{'M',[256;61;256],5,[1;1;1],0,[8;NaN;8],[-110;61;-111],4,[NaN;0;NaN]},{'M',[-229;24;50],7,[9;3;17],2,[NaN;3;NaN],[66;80;50],4,[NaN;NaN;0],[-229;44;67],6,[0;NaN;NaN]},{'A',[27;37;206],8,[256;61;256],5,0,[-229;-24;-50],7,0},{'M',[72;44;67],7,[9;3;17],2,[3;NaN;NaN],[-229;44;67],6,[NaN;0;0]},{'A',[-38;-17;178],8,[72;44;67],7,0,[-110;-61;111],4,0},{'M',[128;1;134],7,[1;1;1],0,[7;0;NaN],[-229;44;67],6,[NaN;NaN;1]},{'M',[9;16;16],3,[1;1;1],0,[NaN;4;4],[9;3;17],2,[0;NaN;NaN]},{'A',[137;-15;150],8,[128;1;134],7,0,[9;-16;16],3,0},{'M',[288;-68;-111],9,[9;3;17],2,[5;NaN;NaN],[-110;61;-111],4,[NaN;NaN;0],[-38;-17;178],8,[NaN;2;NaN]},{'M',[137;-15;64],9,[1;1;1],0,[NaN;NaN;6],[137;-15;150],8,[0;0;NaN]},{'A',[151;-53;-175],10,[288;-68;-111],9,0,[-137;15;-64],9,0},{'M',[-229;44;-111],7,[-110;61;-111],4,[NaN;NaN;0],[-229;44;67],6,[0;0;NaN]},{'M',[18;1;268],7,[1;1;1],0,[NaN;0;NaN],[9;3;17],2,[1;NaN;NaN],[-229;44;67],6,[NaN;NaN;2]},{'A',[-211;45;157],8,[-229;44;-111],7,0,[18;1;268],7,0},{'M',[137;90;-175],11,[137;-15;150],8,[0;NaN;NaN],[151;-53;-175],10,[NaN;NaN;0],[-211;45;157],8,[NaN;1;NaN]},{'M',[54;3;50],9,[9;3;17],2,[NaN;0;NaN],[66;80;50],4,[NaN;NaN;0],[27;37;206],8,[1;NaN;NaN]},{'A',[83;87;-125],12,[137;90;-175],11,0,[-54;-3;50],9,0},{'M',[-211;87;157],13,[-211;45;157],8,[0;NaN;0],[83;87;-125],12,[NaN;0;NaN]},{'M',[83;160;100],13,[66;80;50],4,[NaN;1;1],[83;87;-125],12,[0;NaN;NaN]},{'A',[-45;-233;-43],14,[-211;87;157],13,0,[83;-160;-100],13,1},{'M',[144;244;157],9,[9;3;17],2,[4;NaN;NaN],[-110;61;-111],4,[NaN;2;NaN],[-211;45;157],8,[NaN;NaN;0]},{'O',[144;244;157],9,[144;244;157],9,0},{'M',[-211;-60;-111],9,[-110;61;-111],4,[NaN;NaN;0],[137;-15;150],8,[NaN;2;NaN],[-211;45;157],8,[0;NaN;NaN]},{'O',[211;60;111],9,[211;60;111],9,0},{'M',[-229;-136;-250],13,[-229;44;67],6,[0;NaN;NaN],[-38;-17;178],8,[NaN;3;NaN],[83;87;-125],12,[NaN;NaN;1]},{'O',[229;136;250],13,[229;136;250],13,0},{'M',[137;37;206],9,[27;37;206],8,[NaN;0;0],[137;-15;150],8,[0;NaN;NaN]},{'O',[137;37;206],9,[137;37;206],9,0},{'M',[-152;-233;-175],15,[-38;-17;178],8,[2;NaN;NaN],[151;-53;-175],10,[NaN;NaN;0],[-45;-233;-43],14,[NaN;0;NaN]},{'O',[152;233;175],15,[152;233;175],15,0},{'M',[83;87;67],13,[-229;44;67],6,[NaN;NaN;0],[83;87;-125],12,[0;0;NaN]},{'O',[166;174;134],13,[83;87;67],13,1},{'M',[-45;-106;-43],15,[151;-53;-175],10,[NaN;1;NaN],[-45;-233;-43],14,[0;NaN;0]},{'O',[90;212;86],15,[45;106;43],15,1},{'M',[54;96;150],9,[9;3;17],2,[NaN;5;NaN],[27;37;206],8,[1;NaN;NaN],[137;-15;150],8,[NaN;NaN;0]},{'O',[54;96;150],9,[54;96;150],9,0},{'M',[66;88;50],7,[66;80;50],4,[0;NaN;0],[-229;44;67],6,[NaN;1;NaN]},{'O',[132;176;100],7,[66;88;50],7,1},{'M',[151;45;178],11,[-38;-17;178],8,[NaN;NaN;0],[151;-53;-175],10,[0;NaN;NaN],[-211;45;157],8,[NaN;0;NaN]},{'O',[151;45;178],11,[151;45;178],11,0}}
Adder graph: {{'M',[1;4;1],1,[1;1;1],0,[0;2;0]},{'A',[9;12;9],2,[1;4;1],1,0,[1;1;1],0,3},{'M',[1;1;16],1,[1;1;1],0,[0;0;4]},{'M',[18;4;9],3,[1;1;1],0,[NaN;2;NaN],[9;12;9],2,[1;NaN;0]},{'A',[19;5;25],4,[1;1;16],1,0,[18;4;9],3,0},{'M',[1;5;25],5,[1;1;1],0,[0;NaN;NaN],[19;5;25],4,[NaN;0;0]},{'M',[19;10;25],5,[19;5;25],4,[0;1;0]},{'A',[27;30;175],6,[1;5;25],5,3,[19;-10;-25],5,0},{'M',[32;12;32],3,[1;1;1],0,[5;NaN;5],[9;12;9],2,[NaN;0;NaN]},{'A',[147;53;103],5,[32;12;32],3,2,[19;5;-25],4,0},{'M',[2;30;175],7,[1;1;1],0,[1;NaN;NaN],[27;30;175],6,[NaN;0;0]},{'M',[16;16;25],5,[1;1;1],0,[4;4;NaN],[19;5;25],4,[NaN;NaN;0]},{'A',[66;-34;75],8,[2;30;175],7,0,[16;-16;-25],5,2},{'M',[147;32;150],9,[1;1;1],0,[NaN;5;NaN],[147;53;103],5,[0;NaN;NaN],[66;-34;75],8,[NaN;NaN;1]},{'M',[4;5;64],5,[1;1;1],0,[2;NaN;6],[19;5;25],4,[NaN;0;NaN]},{'A',[151;37;86],10,[147;32;150],9,0,[4;5;-64],5,0},{'M',[19;8;8],5,[1;1;1],0,[NaN;3;3],[19;5;25],4,[0;NaN;NaN]},{'A',[166;45;111],6,[147;53;103],5,0,[19;-8;8],5,0},{'M',[147;20;25],6,[19;5;25],4,[NaN;2;0],[147;53;103],5,[0;NaN;NaN]},{'A',[211;44;89],7,[1;1;1],0,6,[147;-20;25],6,0},{'M',[27;180;175],7,[27;30;175],6,[0;NaN;0],[166;45;111],6,[NaN;2;NaN]},{'M',[256;53;18],6,[1;1;1],0,[8;NaN;NaN],[9;12;9],2,[NaN;NaN;1],[147;53;103],5,[NaN;0;NaN]},{'A',[-229;233;157],8,[27;180;175],7,0,[-256;53;-18],6,0},{'M',[128;1;100],5,[1;1;1],0,[7;0;NaN],[19;5;25],4,[NaN;NaN;2]},{'M',[9;60;350],7,[9;12;9],2,[0;NaN;NaN],[27;30;175],6,[NaN;1;1]},{'A',[137;61;-250],8,[128;1;100],5,0,[9;60;-350],7,0},{'M',[137;44;89],9,[211;44;89],7,[NaN;0;0],[137;61;-250],8,[0;NaN;NaN]},{'M',[-229;1;111],9,[1;1;1],0,[NaN;0;NaN],[166;45;111],6,[NaN;NaN;0],[-229;233;157],8,[0;NaN;NaN]},{'A',[90;174;134],10,[137;44;89],9,2,[-229;-1;-111],9,1},{'M',[144;244;157],9,[9;12;9],2,[4;NaN;NaN],[-229;233;157],8,[NaN;NaN;0],[137;61;-250],8,[NaN;2;NaN]},{'O',[144;244;157],9,[144;244;157],9,0},{'M',[211;60;111],8,[27;30;175],6,[NaN;1;NaN],[166;45;111],6,[NaN;NaN;0],[211;44;89],7,[0;NaN;NaN]},{'O',[211;60;111],8,[211;60;111],8,0},{'M',[-229;-136;-250],9,[66;-34;75],8,[NaN;2;NaN],[-229;233;157],8,[0;NaN;NaN],[137;61;-250],8,[NaN;NaN;0]},{'O',[229;136;250],9,[229;136;250],9,0},{'M',[137;37;206],11,[147;53;103],5,[NaN;NaN;1],[151;37;86],10,[NaN;0;NaN],[137;61;-250],8,[0;NaN;NaN]},{'O',[137;37;206],11,[137;37;206],11,0},{'M',[152;233;175],9,[19;5;25],4,[3;NaN;NaN],[27;30;175],6,[NaN;NaN;0],[-229;233;157],8,[NaN;0;NaN]},{'O',[152;233;175],9,[152;233;175],9,0},{'M',[166;174;134],11,[166;45;111],6,[0;NaN;NaN],[90;174;134],10,[NaN;0;0]},{'O',[166;174;134],11,[166;174;134],11,0},{'M',[90;212;86],11,[147;53;103],5,[NaN;2;NaN],[151;37;86],10,[NaN;NaN;0],[90;174;134],10,[0;NaN;NaN]},{'O',[90;212;86],11,[90;212;86],11,0},{'M',[27;48;75],9,[9;12;9],2,[NaN;2;NaN],[27;30;175],6,[0;NaN;NaN],[66;-34;75],8,[NaN;NaN;0]},{'O',[54;96;150],9,[27;48;75],9,1},{'M',[66;88;50],9,[19;5;25],4,[NaN;NaN;1],[66;-34;75],8,[0;NaN;NaN],[211;44;89],7,[NaN;1;NaN]},{'O',[132;176;100],9,[66;88;50],9,1},{'M',[151;45;178],11,[151;37;86],10,[0;NaN;NaN],[166;45;111],6,[NaN;0;NaN],[211;44;89],7,[NaN;NaN;1]},{'O',[151;45;178],11,[151;45;178],11,0}}
Adder graph: {{'M',[1;16;1],1,[1;1;1],0,[0;4;0]},{'M',[8;1;8],1,[1;1;1],0,[3;0;3]},{'A',[9;15;-7],2,[1;16;1],1,0,[8;-1;-8],1,0},{'M',[9;1;8],3,[1;1;1],0,[NaN;0;3],[9;15;-7],2,[0;NaN;NaN]},{'A',[-27;11;25],4,[9;15;-7],2,0,[-9;-1;8],3,2},{'M',[-27;256;25],5,[1;1;1],0,[NaN;8;NaN],[-27;11;25],4,[0;NaN;0]},{'M',[64;30;25],5,[1;1;1],0,[6;NaN;NaN],[9;15;-7],2,[NaN;1;NaN],[-27;11;25],4,[NaN;NaN;0]},{'A',[229;136;-75],6,[-27;256;25],5,0,[64;-30;-25],5,2},{'M',[229;15;-150],7,[9;15;-7],2,[NaN;0;NaN],[229;136;-75],6,[0;NaN;1]},{'M',[9;30;-14],3,[9;15;-7],2,[0;1;1]},{'A',[211;-45;-178],8,[229;15;-150],7,0,[-9;-30;-14],3,1},{'M',[256;1;-75],7,[1;1;1],0,[8;0;NaN],[229;136;-75],6,[NaN;NaN;0]},{'M',[211;44;100],9,[-27;11;25],4,[NaN;2;2],[211;-45;-178],8,[0;NaN;NaN]},{'A',[-166;-87;125],10,[256;1;-75],7,0,[-211;-44;100],9,1},{'M',[64;64;125],11,[1;1;1],0,[6;6;NaN],[-166;-87;125],10,[NaN;NaN;0]},{'M',[-216;11;32],5,[1;1;1],0,[NaN;NaN;5],[-27;11;25],4,[3;0;NaN]},{'A',[-152;53;157],12,[64;64;125],11,0,[-216;-11;32],5,0},{'M',[18;30;25],5,[9;15;-7],2,[1;1;NaN],[-27;11;25],4,[NaN;NaN;0]},{'A',[90;-90;86],6,[9;15;-7],2,1,[18;-30;25],5,2},{'M',[-152;53;-75],13,[229;136;-75],6,[NaN;NaN;0],[-152;53;157],12,[0;0;NaN]},{'M',[1;16;-178],9,[1;1;1],0,[0;4;NaN],[211;-45;-178],8,[NaN;NaN;0]},{'A',[-151;37;103],14,[-152;53;-75],13,0,[1;-16;178],9,0},{'M',[1;4;4],1,[1;1;1],0,[0;2;2]},{'M',[64;11;-75],7,[1;1;1],0,[6;NaN;NaN],[-27;11;25],4,[NaN;0;NaN],[229;136;-75],6,[NaN;NaN;0]},{'A',[132;-6;-134],8,[1;4;4],1,2,[64;-11;-75],7,1},{'M',[8;212;25],13,[1;1;1],0,[3;NaN;NaN],[-27;11;25],4,[NaN;NaN;0],[-152;53;157],12,[NaN;2;NaN]},{'A',[-82;122;111],14,[8;212;25],13,0,[-90;-90;86],6,0},{'M',[-82;122;100],15,[-27;11;25],4,[NaN;NaN;2],[-82;122;111],14,[0;0;NaN]},{'A',[137;-233;-175],16,[-27;11;25],4,0,[82;-122;-100],15,1},{'M',[144;244;157],15,[9;15;-7],2,[4;NaN;NaN],[-152;53;157],12,[NaN;NaN;0],[-82;122;111],14,[NaN;1;NaN]},{'O',[144;244;157],15,[144;244;157],15,0},{'M',[211;60;111],15,[9;15;-7],2,[NaN;2;NaN],[211;-45;-178],8,[0;NaN;NaN],[-82;122;111],14,[NaN;NaN;0]},{'O',[211;60;111],15,[211;60;111],15,0},{'M',[229;136;250],11,[229;136;-75],6,[0;0;NaN],[-166;-87;125],10,[NaN;NaN;1]},{'O',[229;136;250],11,[229;136;250],11,0},{'M',[137;37;206],17,[-151;37;103],14,[NaN;0;1],[137;-233;-175],16,[0;NaN;NaN]},{'O',[137;37;206],17,[137;37;206],17,0},{'M',[-152;-233;-175],17,[-152;53;157],12,[0;NaN;NaN],[137;-233;-175],16,[NaN;0;0]},{'O',[152;233;175],17,[152;233;175],17,0},{'M',[-166;-174;-134],11,[-166;-87;125],10,[0;1;NaN],[132;-6;-134],8,[NaN;NaN;0]},{'O',[166;174;134],11,[166;174;134],11,0},{'M',[90;212;86],13,[-152;53;157],12,[NaN;2;NaN],[90;-90;86],6,[0;NaN;0]},{'O',[90;212;86],13,[90;212;86],13,0},{'M',[-27;-48;-75],9,[-27;11;25],4,[0;NaN;NaN],[229;136;-75],6,[NaN;NaN;0],[132;-6;-134],8,[NaN;3;NaN]},{'O',[54;96;150],9,[27;48;75],9,1},{'M',[132;176;100],9,[-27;11;25],4,[NaN;4;2],[132;-6;-134],8,[0;NaN;NaN]},{'O',[132;176;100],9,[132;176;100],9,0},{'M',[-151;-45;-178],15,[211;-45;-178],8,[NaN;0;0],[-151;37;103],14,[0;NaN;NaN]},{'O',[151;45;178],15,[151;45;178],15,0}}
Adder graph: {{'M',[2;1;8],1,[1;1;1],0,[1;0;3]},{'A',[9;-3;33],2,[1;1;1],0,0,[2;-1;8],1,2},{'M',[9;16;33],3,[1;1;1],0,[NaN;4;NaN],[9;-3;33],2,[0;NaN;0]},{'M',[64;-3;4],3,[1;1;1],0,[6;NaN;2],[9;-3;33],2,[NaN;0;NaN]},{'A',[137;22;25],4,[9;16;33],3,0,[64;3;-4],3,1},{'M',[9;-3;25],5,[9;-3;33],2,[0;0;NaN],[137;22;25],4,[NaN;NaN;0]},{'M',[9;-12;33],3,[9;-3;33],2,[0;2;0]},{'A',[-27;45;157],6,[9;-3;25],5,0,[-9;12;33],3,2},{'M',[1;128;128],1,[1;1;1],0,[0;7;7]},{'M',[18;-6;25],5,[9;-3;33],2,[1;1;NaN],[137;22;25],4,[NaN;NaN;0]},{'A',[19;122;103],6,[1;128;128],1,0,[18;-6;-25],5,0},{'M',[144;122;100],7,[9;-3;33],2,[4;NaN;NaN],[137;22;25],4,[NaN;NaN;2],[19;122;103],6,[NaN;0;NaN]},{'M',[137;1;25],5,[1;1;1],0,[NaN;0;NaN],[137;22;25],4,[0;NaN;0]},{'A',[151;245;175],8,[144;122;100],7,1,[-137;1;-25],5,0},{'M',[8;-12;175],9,[1;1;1],0,[3;NaN;NaN],[9;-3;33],2,[NaN;2;NaN],[151;245;175],8,[NaN;NaN;0]},{'A',[145;34;-150],10,[137;22;25],4,0,[8;12;-175],9,0},{'M',[-27;45;50],7,[137;22;25],4,[NaN;NaN;1],[-27;45;157],6,[0;0;NaN]},{'M',[137;-3;33],5,[9;-3;33],2,[NaN;0;0],[137;22;25],4,[0;NaN;NaN]},{'A',[166;174;134],8,[-27;45;50],7,2,[137;-3;-33],5,1},{'M',[19;22;25],7,[137;22;25],4,[NaN;0;0],[19;122;103],6,[0;NaN;NaN]},{'M',[1;2;1],1,[1;1;1],0,[0;1;0]},{'A',[-90;-212;178],8,[19;22;25],7,1,[-1;-2;1],1,7},{'M',[2;45;157],7,[1;1;1],0,[1;NaN;NaN],[-27;45;157],6,[NaN;0;0]},{'M',[8;1;4],1,[1;1;1],0,[3;0;2]},{'A',[66;37;125],8,[2;45;157],7,0,[8;-1;-4],1,3},{'M',[66;68;103],11,[19;122;103],6,[NaN;NaN;0],[145;34;-150],10,[NaN;1;NaN],[66;37;125],8,[0;NaN;NaN]},{'M',[145;8;8],11,[1;1;1],0,[NaN;3;3],[145;34;-150],10,[0;NaN;NaN]},{'A',[211;60;111],12,[66;68;103],11,0,[145;-8;8],11,0},{'M',[211;-12;132],13,[9;-3;33],2,[NaN;2;2],[211;60;111],12,[0;NaN;NaN]},{'M',[18;245;175],9,[9;-3;33],2,[1;NaN;NaN],[151;245;175],8,[NaN;0;0]},{'A',[229;233;-43],14,[211;-12;132],13,0,[18;245;-175],9,0},{'M',[144;244;157],7,[9;-3;33],2,[4;NaN;NaN],[-27;45;157],6,[NaN;NaN;0],[19;122;103],6,[NaN;1;NaN]},{'O',[144;244;157],7,[144;244;157],7,0},{'O',[211;60;111],12,[211;60;111],12,0},{'M',[229;136;250],15,[145;34;-150],10,[NaN;2;NaN],[66;37;125],8,[NaN;NaN;1],[229;233;-43],14,[0;NaN;NaN]},{'O',[229;136;250],15,[229;136;250],15,0},{'M',[137;37;206],9,[137;22;25],4,[0;NaN;NaN],[19;122;103],6,[NaN;NaN;1],[66;37;125],8,[NaN;0;NaN]},{'O',[137;37;206],9,[137;37;206],9,0},{'M',[152;233;175],15,[19;122;103],6,[3;NaN;NaN],[151;245;175],8,[NaN;NaN;0],[229;233;-43],14,[NaN;0;NaN]},{'O',[152;233;175],15,[152;233;175],15,0},{'O',[166;174;134],8,[166;174;134],8,0},{'M',[-90;-212;-86],15,[-90;-212;178],8,[0;0;NaN],[229;233;-43],14,[NaN;NaN;1]},{'O',[90;212;86],15,[90;212;86],15,0},{'M',[-54;-96;-150],11,[9;-3;33],2,[NaN;5;NaN],[-27;45;157],6,[1;NaN;NaN],[145;34;-150],10,[NaN;NaN;0]},{'O',[54;96;150],11,[54;96;150],11,0},{'M',[66;88;50],9,[137;22;25],4,[NaN;2;1],[66;37;125],8,[0;NaN;NaN]},{'O',[132;176;100],9,[66;88;50],9,1},{'M',[151;45;178],9,[-27;45;157],6,[NaN;0;NaN],[151;245;175],8,[0;NaN;NaN],[-90;-212;178],8,[NaN;NaN;0]},{'O',[151;45;178],9,[151;45;178],9,0}}
Adder graph: {{'M',[4;1;1],1,[1;1;1],0,[2;0;0]},{'A',[9;3;3],2,[1;1;1],0,0,[4;1;1],1,1},{'M',[2;1;1],1,[1;1;1],0,[1;0;0]},{'A',[137;61;67],3,[2;1;1],1,6,[9;-3;3],2,0},{'M',[9;3;2],3,[1;1;1],0,[NaN;NaN;1],[9;3;3],2,[0;0;NaN]},{'M',[9;24;24],3,[9;3;3],2,[0;3;3]},{'A',[27;-45;50],4,[9;3;2],3,0,[9;-24;24],3,1},{'M',[27;48;24],5,[9;3;3],2,[NaN;4;3],[27;-45;50],4,[0;NaN;NaN]},{'M',[256;128;67],4,[1;1;1],0,[8;7;NaN],[137;61;67],3,[NaN;NaN;0]},{'A',[-229;176;-43],6,[27;48;24],5,0,[-256;128;-67],4,0},{'M',[9;61;3],4,[9;3;3],2,[0;NaN;0],[137;61;67],3,[NaN;0;NaN]},{'M',[27;12;50],5,[9;3;3],2,[NaN;2;NaN],[27;-45;50],4,[0;NaN;0]},{'A',[-45;37;103],6,[9;61;3],4,0,[-27;-12;50],5,1},{'M',[-229;176;-172],7,[-229;176;-43],6,[0;0;2]},{'M',[9;122;3],4,[9;3;3],2,[0;NaN;0],[137;61;67],3,[NaN;1;NaN]},{'A',[-211;-68;-178],8,[-229;176;-172],7,0,[9;-122;-3],4,1},{'M',[9;148;3],7,[9;3;3],2,[0;NaN;0],[-45;37;103],6,[NaN;2;NaN]},{'M',[-211;61;128],9,[1;1;1],0,[NaN;NaN;7],[137;61;67],3,[NaN;0;NaN],[-211;-68;-178],8,[0;NaN;NaN]},{'A',[220;87;-125],10,[9;148;3],7,0,[211;-61;-128],9,0},{'M',[16;3;16],3,[1;1;1],0,[4;NaN;4],[9;3;3],2,[NaN;0;NaN]},{'M',[1;1;-125],11,[1;1;1],0,[0;0;NaN],[220;87;-125],10,[NaN;NaN;0]},{'A',[33;5;157],12,[16;3;16],3,1,[1;-1;125],11,0},{'M',[137;8;67],4,[1;1;1],0,[NaN;3;NaN],[137;61;67],3,[0;NaN;0]},{'M',[288;-68;-178],9,[9;3;3],2,[5;NaN;NaN],[-211;-68;-178],8,[NaN;0;0]},{'A',[-151;-60;-111],10,[137;8;67],4,0,[-288;-68;-178],9,0},{'M',[144;320;50],13,[9;3;3],2,[4;NaN;NaN],[27;-45;50],4,[NaN;NaN;0],[33;5;157],12,[NaN;6;NaN]},{'M',[8;87;-125],11,[1;1;1],0,[3;NaN;NaN],[220;87;-125],10,[NaN;0;0]},{'A',[152;233;175],14,[144;320;50],13,0,[8;-87;125],11,0},{'M',[220;8;8],11,[1;1;1],0,[NaN;3;3],[220;87;-125],10,[0;NaN;NaN]},{'A',[83;-53;75],12,[220;8;8],11,0,[-137;-61;67],3,0},{'M',[144;244;157],13,[9;3;3],2,[4;NaN;NaN],[137;61;67],3,[NaN;2;NaN],[33;5;157],12,[NaN;NaN;0]},{'O',[144;244;157],13,[144;244;157],13,0},{'M',[-211;-60;-111],11,[-211;-68;-178],8,[0;NaN;NaN],[-151;-60;-111],10,[NaN;0;0]},{'O',[211;60;111],11,[211;60;111],11,0},{'M',[-229;-136;-250],11,[-229;176;-43],6,[0;NaN;NaN],[-211;-68;-178],8,[NaN;1;NaN],[220;87;-125],10,[NaN;NaN;1]},{'O',[229;136;250],11,[229;136;250],11,0},{'M',[137;37;206],7,[137;61;67],3,[0;NaN;NaN],[-45;37;103],6,[NaN;0;1]},{'O',[137;37;206],7,[137;37;206],7,0},{'O',[152;233;175],14,[152;233;175],14,0},{'M',[83;87;67],13,[137;61;67],3,[NaN;NaN;0],[220;87;-125],10,[NaN;0;NaN],[83;-53;75],12,[0;NaN;NaN]},{'O',[166;174;134],13,[83;87;67],13,1},{'M',[-45;-106;-43],13,[-229;176;-43],6,[NaN;NaN;0],[-45;37;103],6,[0;NaN;NaN],[83;-53;75],12,[NaN;1;NaN]},{'O',[90;212;86],13,[45;106;43],13,1},{'M',[27;48;75],13,[9;3;3],2,[NaN;4;NaN],[27;-45;50],4,[0;NaN;NaN],[83;-53;75],12,[NaN;NaN;0]},{'O',[54;96;150],13,[27;48;75],13,1},{'M',[132;176;100],13,[27;-45;50],4,[NaN;NaN;1],[-229;176;-43],6,[NaN;0;NaN],[33;5;157],12,[2;NaN;NaN]},{'O',[132;176;100],13,[132;176;100],13,0},{'M',[-151;-45;-178],11,[27;-45;50],4,[NaN;0;NaN],[-211;-68;-178],8,[NaN;NaN;0],[-151;-60;-111],10,[0;NaN;NaN]},{'O',[151;45;178],11,[151;45;178],11,0}}
Adder graph: {{'M',[64;2;1],1,[1;1;1],0,[6;1;0]},{'A',[56;-6;9],2,[64;2;1],1,0,[-1;-1;1],0,3},{'M',[1;2;2],1,[1;1;1],0,[0;1;1]},{'M',[1;-6;9],3,[1;1;1],0,[0;NaN;NaN],[56;-6;9],2,[NaN;0;0]},{'A',[9;22;25],4,[1;2;2],1,3,[1;6;9],3,0},{'M',[9;44;25],5,[9;22;25],4,[0;1;0]},{'M',[36;1;100],5,[1;1;1],0,[NaN;0;NaN],[9;22;25],4,[2;NaN;2]},{'A',[-27;45;-75],6,[9;44;25],5,0,[-36;1;-100],5,0},{'M',[32;32;25],5,[1;1;1],0,[5;5;NaN],[9;22;25],4,[NaN;NaN;0]},{'A',[137;-106;125],6,[9;22;25],4,0,[32;-32;25],5,2},{'M',[9;4;4],5,[1;1;1],0,[NaN;2;2],[9;22;25],4,[0;NaN;NaN]},{'M',[137;360;25],7,[9;22;25],4,[NaN;NaN;0],[-27;45;-75],6,[NaN;3;NaN],[137;-106;125],6,[0;NaN;NaN]},{'A',[151;-232;103],8,[9;4;4],5,5,[-137;-360;-25],7,0},{'M',[-27;-48;-75],7,[56;-6;9],2,[NaN;3;NaN],[-27;45;-75],6,[0;NaN;0]},{'M',[56;-12;36],3,[56;-6;9],2,[0;1;2]},{'A',[-83;-60;-111],8,[-27;-48;-75],7,0,[-56;-12;-36],3,0},{'M',[32;1;1],1,[1;1;1],0,[5;0;0]},{'A',[229;37;-67],7,[-27;45;-75],6,0,[32;-1;1],1,3},{'M',[64;1;64],1,[1;1;1],0,[6;0;6]},{'M',[-83;-60;25],9,[9;22;25],4,[NaN;NaN;0],[-83;-60;-111],8,[0;0;NaN]},{'A',[-38;122;178],10,[64;1;64],1,1,[-83;60;25],9,1},{'M',[-54;1;-150],7,[1;1;1],0,[NaN;0;NaN],[-27;45;-75],6,[1;NaN;1]},{'M',[9;22;16],5,[1;1;1],0,[NaN;NaN;4],[9;22;25],4,[0;0;NaN]},{'A',[-90;-87;-86],8,[-54;1;-150],7,0,[-9;-22;16],5,2},{'M',[-83;-60;-300],9,[-27;45;-75],6,[NaN;NaN;2],[-83;-60;-111],8,[0;0;NaN]},{'M',[128;128;125],7,[1;1;1],0,[7;7;NaN],[137;-106;125],6,[NaN;NaN;0]},{'A',[-211;68;-175],10,[-83;-60;-300],9,0,[-128;128;125],7,0},{'M',[32;-232;32],9,[1;1;1],0,[5;NaN;5],[151;-232;103],8,[NaN;0;NaN]},{'M',[1;1;125],7,[1;1;1],0,[0;0;NaN],[137;-106;125],6,[NaN;NaN;0]},{'A',[33;-233;157],10,[32;-232;32],9,0,[1;-1;125],7,0},{'M',[144;244;157],11,[9;22;25],4,[4;NaN;NaN],[-38;122;178],10,[NaN;1;NaN],[33;-233;157],10,[NaN;NaN;0]},{'O',[144;244;157],11,[144;244;157],11,0},{'M',[-211;-60;-111],11,[-83;-60;-111],8,[NaN;0;0],[-211;68;-175],10,[0;NaN;NaN]},{'O',[211;60;111],11,[211;60;111],11,0},{'M',[229;136;250],11,[137;-106;125],6,[NaN;NaN;1],[229;37;-67],7,[0;NaN;NaN],[-211;68;-175],10,[NaN;1;NaN]},{'O',[229;136;250],11,[229;136;250],11,0},{'M',[137;37;206],9,[137;-106;125],6,[0;NaN;NaN],[151;-232;103],8,[NaN;NaN;1],[229;37;-67],7,[NaN;0;NaN]},{'O',[137;37;206],9,[137;37;206],9,0},{'M',[-152;-233;-175],11,[-38;122;178],10,[2;NaN;NaN],[-211;68;-175],10,[NaN;NaN;0],[33;-233;157],10,[NaN;0;NaN]},{'O',[152;233;175],11,[152;233;175],11,0},{'M',[-83;-87;-67],9,[-83;-60;-111],8,[0;NaN;NaN],[229;37;-67],7,[NaN;NaN;0],[-90;-87;-86],8,[NaN;0;NaN]},{'O',[166;174;134],9,[83;87;67],9,1},{'M',[-90;-212;-86],9,[137;-106;125],6,[NaN;1;NaN],[-90;-87;-86],8,[0;NaN;0]},{'O',[90;212;86],9,[90;212;86],9,0},{'O',[54;96;150],7,[27;48;75],7,1},{'M',[33;44;25],11,[9;22;25],4,[NaN;1;0],[33;-233;157],10,[0;NaN;NaN]},{'O',[132;176;100],11,[33;44;25],11,2},{'M',[151;45;178],11,[-27;45;-75],6,[NaN;0;NaN],[151;-232;103],8,[0;NaN;NaN],[-38;122;178],10,[NaN;NaN;0]},{'O',[151;45;178],11,[151;45;178],11,0}}
Adder graph: {{'M',[1;1;4],1,[1;1;1],0,[0;0;2]},{'A',[9;9;33],2,[1;1;1],0,0,[1;1;4],1,3},{'M',[9;16;33],3,[1;1;1],0,[NaN;4;NaN],[9;9;33],2,[0;NaN;0]},{'M',[9;36;4],3,[1;1;1],0,[NaN;NaN;2],[9;9;33],2,[0;2;NaN]},{'A',[27;88;25],4,[9;16;33],3,0,[9;36;-4],3,1},{'M',[27;8;25],5,[1;1;1],0,[NaN;3;NaN],[27;88;25],4,[0;NaN;0]},{'M',[128;72;25],5,[1;1;1],0,[7;NaN;NaN],[9;9;33],2,[NaN;3;NaN],[27;88;25],4,[NaN;NaN;0]},{'A',[-229;-136;75],6,[27;8;25],5,0,[-128;-72;25],5,1},{'M',[4;1;25],5,[1;1;1],0,[2;0;NaN],[27;88;25],4,[NaN;NaN;0]},{'A',[32;37;157],6,[9;9;33],2,2,[-4;1;25],5,0},{'M',[16;1;33],3,[1;1;1],0,[4;0;NaN],[9;9;33],2,[NaN;NaN;0]},{'A',[33;3;67],4,[1;1;1],0,0,[16;1;33],3,1},{'M',[8;6;25],5,[1;1;1],0,[3;NaN;NaN],[27;88;25],4,[NaN;NaN;0],[33;3;67],4,[NaN;1;NaN]},{'M',[9;9;314],7,[9;9;33],2,[0;0;NaN],[32;37;157],6,[NaN;NaN;1]},{'A',[137;87;86],8,[8;6;25],5,4,[9;-9;-314],7,0},{'M',[27;3;25],5,[27;88;25],4,[0;NaN;0],[33;3;67],4,[NaN;0;NaN]},{'M',[9;24;75],7,[9;9;33],2,[0;NaN;NaN],[-229;-136;75],6,[NaN;NaN;0],[33;3;67],4,[NaN;3;NaN]},{'A',[45;-45;-125],8,[27;3;25],5,0,[9;-24;-75],7,1},{'M',[8;1;8],1,[1;1;1],0,[3;0;3]},{'M',[45;-45;25],9,[27;88;25],4,[NaN;NaN;0],[45;-45;-125],8,[0;0;NaN]},{'A',[83;61;103],10,[8;1;8],1,4,[-45;45;-25],9,0},{'M',[32;2;2],7,[1;1;1],0,[NaN;1;1],[32;37;157],6,[0;NaN;NaN]},{'A',[211;53;111],11,[83;61;103],10,0,[32;-2;2],7,2},{'M',[332;53;111],12,[83;61;103],10,[2;NaN;NaN],[211;53;111],11,[NaN;0;0]},{'M',[45;-45;16],9,[1;1;1],0,[NaN;NaN;4],[45;-45;-125],8,[0;0;NaN]},{'A',[152;233;175],13,[332;53;111],12,0,[-45;45;16],9,2},{'M',[36;9;33],3,[9;9;33],2,[2;0;0]},{'A',[-151;15;-178],9,[137;87;86],8,0,[-36;-9;-33],3,3},{'M',[144;244;157],11,[9;9;33],2,[4;NaN;NaN],[32;37;157],6,[NaN;NaN;0],[83;61;103],10,[NaN;2;NaN]},{'O',[144;244;157],11,[144;244;157],11,0},{'M',[211;60;111],12,[211;53;111],11,[0;NaN;0],[-151;15;-178],9,[NaN;2;NaN]},{'O',[211;60;111],12,[211;60;111],12,0},{'M',[-229;-136;-250],9,[-229;-136;75],6,[0;0;NaN],[45;-45;-125],8,[NaN;NaN;1]},{'O',[229;136;250],9,[229;136;250],9,0},{'M',[137;37;206],11,[32;37;157],6,[NaN;0;NaN],[137;87;86],8,[0;NaN;NaN],[83;61;103],10,[NaN;NaN;1]},{'O',[137;37;206],11,[137;37;206],11,0},{'O',[152;233;175],13,[152;233;175],13,0},{'M',[83;87;67],11,[33;3;67],4,[NaN;NaN;0],[137;87;86],8,[NaN;0;NaN],[83;61;103],10,[0;NaN;NaN]},{'O',[166;174;134],11,[83;87;67],11,1},{'M',[90;212;86],12,[137;87;86],8,[NaN;NaN;0],[45;-45;-125],8,[1;NaN;NaN],[211;53;111],11,[NaN;2;NaN]},{'O',[90;212;86],12,[90;212;86],12,0},{'M',[27;48;75],7,[27;88;25],4,[0;NaN;NaN],[-229;-136;75],6,[NaN;NaN;0],[33;3;67],4,[NaN;4;NaN]},{'O',[54;96;150],7,[27;48;75],7,1},{'M',[66;88;50],5,[27;88;25],4,[NaN;0;1],[33;3;67],4,[1;NaN;NaN]},{'O',[132;176;100],5,[66;88;50],5,1},{'M',[-151;-45;-178],10,[45;-45;-125],8,[NaN;0;NaN],[-151;15;-178],9,[0;NaN;0]},{'O',[151;45;178],10,[151;45;178],10,0}}
Adder graph: {{'M',[1;2;1],1,[1;1;1],0,[0;1;0]},{'A',[9;15;7],2,[1;2;1],1,3,[1;-1;-1],0,0},{'M',[9;15;16],3,[1;1;1],0,[NaN;NaN;4],[9;15;7],2,[0;0;NaN]},{'M',[9;64;7],3,[1;1;1],0,[NaN;6;NaN],[9;15;7],2,[0;NaN;0]},{'A',[27;-34;25],4,[9;15;16],3,1,[9;-64;-7],3,0},{'M',[9;15;128],3,[1;1;1],0,[NaN;NaN;7],[9;15;7],2,[0;0;NaN]},{'A',[-45;-53;178],5,[9;15;128],3,0,[-27;-34;25],4,1},{'M',[27;4;25],5,[1;1;1],0,[NaN;2;NaN],[27;-34;25],4,[0;NaN;0]},{'M',[4;4;25],5,[1;1;1],0,[2;2;NaN],[27;-34;25],4,[NaN;NaN;0]},{'A',[19;12;75],6,[27;4;25],5,0,[-4;4;25],5,1},{'A',[-64;-41;103],7,[-45;-53;178],5,0,[-19;12;-75],6,0},{'M',[8;15;8],3,[1;1;1],0,[3;NaN;3],[9;15;7],2,[NaN;0;NaN]},{'M',[1;1;75],7,[1;1;1],0,[0;0;NaN],[19;12;75],6,[NaN;NaN;0]},{'A',[33;61;-43],8,[8;15;8],3,2,[1;1;-75],7,0},{'M',[128;128;75],7,[1;1;1],0,[7;7;NaN],[19;12;75],6,[NaN;NaN;0]},{'M',[-45;-82;16],8,[1;1;1],0,[NaN;NaN;4],[-45;-53;178],5,[0;NaN;NaN],[-64;-41;103],7,[NaN;1;NaN]},{'A',[211;174;134],9,[128;128;75],7,1,[-45;-82;-16],8,0},{'M',[38;15;28],7,[9;15;7],2,[NaN;0;2],[19;12;75],6,[1;NaN;NaN]},{'M',[1;15;1],3,[1;1;1],0,[0;NaN;0],[9;15;7],2,[NaN;0;NaN]},{'A',[151;45;111],8,[38;15;28],7,2,[-1;-15;-1],3,0},{'M',[128;-34;25],5,[1;1;1],0,[7;NaN;NaN],[27;-34;25],4,[NaN;0;0]},{'M',[38;45;150],9,[19;12;75],6,[1;NaN;1],[151;45;111],8,[NaN;0;NaN]},{'A',[166;11;-125],10,[128;-34;25],5,0,[38;45;-150],9,0},{'M',[27;244;300],9,[27;-34;25],4,[0;NaN;NaN],[19;12;75],6,[NaN;NaN;2],[33;61;-43],8,[NaN;2;NaN]},{'M',[-256;11;-125],11,[-64;-41;103],7,[2;NaN;NaN],[166;11;-125],10,[NaN;0;0]},{'A',[-229;233;175],12,[27;244;300],9,0,[-256;-11;-125],11,0},{'M',[-64;11;75],11,[19;12;75],6,[NaN;NaN;0],[-64;-41;103],7,[0;NaN;NaN],[166;11;-125],10,[NaN;0;NaN]},{'A',[137;37;157],12,[9;15;7],2,0,[64;11;75],11,1},{'M',[144;244;157],13,[9;15;7],2,[4;NaN;NaN],[33;61;-43],8,[NaN;2;NaN],[137;37;157],12,[NaN;NaN;0]},{'O',[144;244;157],13,[144;244;157],13,0},{'M',[211;60;111],10,[9;15;7],2,[NaN;2;NaN],[211;174;134],9,[0;NaN;NaN],[151;45;111],8,[NaN;NaN;0]},{'O',[211;60;111],10,[211;60;111],10,0},{'M',[-229;-136;-250],13,[27;-34;25],4,[NaN;2;NaN],[166;11;-125],10,[NaN;NaN;1],[-229;233;175],12,[0;NaN;NaN]},{'O',[229;136;250],13,[229;136;250],13,0},{'M',[137;37;206],13,[-64;-41;103],7,[NaN;NaN;1],[137;37;157],12,[0;0;NaN]},{'O',[137;37;206],13,[137;37;206],13,0},{'M',[152;233;175],13,[19;12;75],6,[3;NaN;NaN],[-229;233;175],12,[NaN;0;0]},{'O',[152;233;175],13,[152;233;175],13,0},{'M',[166;174;134],11,[211;174;134],9,[NaN;0;0],[166;11;-125],10,[0;NaN;NaN]},{'O',[166;174;134],11,[166;174;134],11,0},{'M',[-45;-106;-43],9,[-45;-53;178],5,[0;1;NaN],[33;61;-43],8,[NaN;NaN;0]},{'O',[90;212;86],9,[45;106;43],9,1},{'M',[27;48;75],7,[27;-34;25],4,[0;NaN;NaN],[19;12;75],6,[NaN;2;0]},{'O',[54;96;150],7,[27;48;75],7,1},{'M',[33;44;25],11,[27;-34;25],4,[NaN;NaN;0],[33;61;-43],8,[0;NaN;NaN],[166;11;-125],10,[NaN;2;NaN]},{'O',[132;176;100],11,[33;44;25],11,2},{'M',[151;45;178],9,[-45;-53;178],5,[NaN;NaN;0],[151;45;111],8,[0;0;NaN]},{'O',[151;45;178],9,[151;45;178],9,0}}
Adder graph: {{'M',[4;1;4],1,[1;1;1],0,[2;0;2]},{'A',[9;3;7],2,[4;1;4],1,1,[1;1;-1],0,0},{'M',[1;2;1],1,[1;1;1],0,[0;1;0]},{'M',[1;3;7],3,[1;1;1],0,[0;NaN;NaN],[9;3;7],2,[NaN;0;0]},{'A',[33;61;25],4,[1;2;1],1,5,[1;-3;-7],3,0},{'M',[18;6;25],5,[9;3;7],2,[1;1;NaN],[33;61;25],4,[NaN;NaN;0]},{'M',[9;16;7],3,[1;1;1],0,[NaN;4;NaN],[9;3;7],2,[0;NaN;0]},{'A',[90;56;86],6,[18;6;25],5,2,[9;16;-7],3,1},{'M',[9;61;50],5,[9;3;7],2,[0;NaN;NaN],[33;61;25],4,[NaN;0;1]},{'M',[16;3;16],3,[1;1;1],0,[4;NaN;4],[9;3;7],2,[NaN;0;NaN]},{'A',[137;37;178],6,[9;61;50],5,0,[16;-3;16],3,3},{'M',[72;2;7],3,[1;1;1],0,[NaN;1;NaN],[9;3;7],2,[3;NaN;0]},{'A',[151;45;206],7,[72;2;7],3,2,[-137;37;178],6,0},{'M',[33;8;25],5,[1;1;1],0,[NaN;3;NaN],[33;61;25],4,[0;NaN;0]},{'M',[4;3;100],5,[1;1;1],0,[2;NaN;NaN],[9;3;7],2,[NaN;0;NaN],[33;61;25],4,[NaN;NaN;2]},{'A',[37;11;125],6,[33;8;25],5,0,[4;3;100],5,0},{'M',[64;45;200],8,[1;1;1],0,[6;NaN;NaN],[33;61;25],4,[NaN;NaN;3],[151;45;206],7,[NaN;0;NaN]},{'A',[27;34;75],9,[64;45;200],8,0,[-37;-11;-125],6,0},{'M',[37;112;125],7,[90;56;86],6,[NaN;1;NaN],[37;11;125],6,[0;NaN;0]},{'A',[19;106;111],8,[37;112;125],7,0,[-9;-3;-7],2,1},{'M',[74;61;111],9,[33;61;25],4,[NaN;0;NaN],[37;11;125],6,[1;NaN;NaN],[19;106;111],8,[NaN;NaN;0]},{'M',[137;148;178],7,[137;37;178],6,[0;2;0]},{'A',[211;-87;-67],10,[74;61;111],9,0,[137;-148;-178],7,0},{'M',[27;61;75],10,[33;61;25],4,[NaN;0;NaN],[27;34;75],9,[0;NaN;0]},{'M',[274;11;125],7,[137;37;178],6,[1;NaN;NaN],[37;11;125],6,[NaN;0;0]},{'A',[-166;233;175],11,[27;61;75],10,2,[-274;-11;-125],7,0},{'M',[9;3;112],3,[9;3;7],2,[0;0;4]},{'M',[211;24;-67],11,[9;3;7],2,[NaN;3;NaN],[211;-87;-67],10,[0;NaN;0]},{'A',[229;30;157],12,[9;3;112],3,1,[211;24;-67],11,0},{'M',[144;244;157],13,[9;3;7],2,[4;NaN;NaN],[33;61;25],4,[NaN;2;NaN],[229;30;157],12,[NaN;NaN;0]},{'O',[144;244;157],13,[144;244;157],13,0},{'M',[211;60;111],13,[19;106;111],8,[NaN;NaN;0],[211;-87;-67],10,[0;NaN;NaN],[229;30;157],12,[NaN;1;NaN]},{'O',[211;60;111],13,[211;60;111],13,0},{'M',[229;136;250],13,[37;11;125],6,[NaN;NaN;1],[27;34;75],9,[NaN;2;NaN],[229;30;157],12,[0;NaN;NaN]},{'O',[229;136;250],13,[229;136;250],13,0},{'M',[137;37;206],8,[137;37;178],6,[0;0;NaN],[151;45;206],7,[NaN;NaN;0]},{'O',[137;37;206],8,[137;37;206],8,0},{'M',[152;233;175],12,[19;106;111],8,[3;NaN;NaN],[-166;233;175],11,[NaN;0;0]},{'O',[152;233;175],12,[152;233;175],12,0},{'M',[-166;-174;-134],12,[211;-87;-67],10,[NaN;1;1],[-166;233;175],11,[0;NaN;NaN]},{'O',[166;174;134],12,[166;174;134],12,0},{'M',[90;212;86],9,[90;56;86],6,[0;NaN;0],[19;106;111],8,[NaN;1;NaN]},{'O',[90;212;86],9,[90;212;86],9,0},{'M',[27;48;75],10,[9;3;7],2,[NaN;4;NaN],[27;34;75],9,[0;NaN;0]},{'O',[54;96;150],10,[27;48;75],10,1},{'M',[33;44;25],7,[33;61;25],4,[0;NaN;0],[37;11;125],6,[NaN;2;NaN]},{'O',[132;176;100],7,[33;44;25],7,2},{'M',[151;45;178],8,[137;37;178],6,[NaN;NaN;0],[151;45;206],7,[0;0;NaN]},{'O',[151;45;178],8,[151;45;178],8,0}}
Adder graph: {{'M',[1;1;2],1,[1;1;1],0,[0;0;1]},{'A',[9;9;17],2,[1;1;1],0,0,[1;1;2],1,3},{'M',[16;1;64],1,[1;1;1],0,[4;0;6]},{'A',[23;11;111],3,[16;1;64],1,1,[-9;9;-17],2,0},{'M',[8;11;17],4,[1;1;1],0,[3;NaN;NaN],[9;9;17],2,[NaN;NaN;0],[23;11;111],3,[NaN;0;NaN]},{'A',[33;45;67],5,[8;11;17],4,2,[1;1;-1],0,0},{'M',[1;45;67],6,[1;1;1],0,[0;NaN;NaN],[33;45;67],5,[NaN;0;0]},{'M',[23;64;111],4,[1;1;1],0,[NaN;6;NaN],[23;11;111],3,[0;NaN;0]},{'A',[27;244;157],7,[1;45;67],6,2,[23;64;-111],4,0},{'M',[9;9;111],4,[9;9;17],2,[0;0;NaN],[23;11;111],3,[NaN;NaN;0]},{'M',[9;11;17],4,[9;9;17],2,[0;NaN;0],[23;11;111],3,[NaN;0;NaN]},{'A',[45;53;43],5,[9;9;111],4,0,[9;11;-17],4,2},{'M',[23;22;43],6,[23;11;111],3,[0;1;NaN],[45;53;43],5,[NaN;NaN;0]},{'M',[9;1;34],3,[1;1;1],0,[NaN;0;NaN],[9;9;17],2,[0;NaN;1]},{'A',[83;87;206],7,[23;22;43],6,2,[-9;-1;34],3,0},{'M',[23;4;8],4,[1;1;1],0,[NaN;2;3],[23;11;111],3,[0;NaN;NaN]},{'A',[137;37;75],6,[45;53;43],5,0,[23;-4;8],4,2},{'M',[128;244;67],8,[1;1;1],0,[7;NaN;NaN],[33;45;67],5,[NaN;NaN;0],[27;244;157],7,[NaN;0;NaN]},{'A',[151;233;178],9,[128;244;67],8,0,[23;-11;111],3,0},{'M',[144;9;17],3,[9;9;17],2,[4;0;0]},{'A',[152;17;25],4,[1;1;1],0,3,[144;9;17],3,0},{'M',[128;128;75],7,[1;1;1],0,[7;7;NaN],[137;37;75],6,[NaN;NaN;0]},{'M',[83;68;100],8,[83;87;206],7,[0;NaN;NaN],[152;17;25],4,[NaN;2;2]},{'A',[211;60;175],9,[128;128;75],7,0,[83;-68;100],8,0},{'M',[45;68;100],6,[45;53;43],5,[0;NaN;NaN],[152;17;25],4,[NaN;2;2]},{'A',[229;6;250],7,[137;37;75],6,1,[-45;-68;100],6,0},{'M',[144;244;157],8,[9;9;17],2,[4;NaN;NaN],[27;244;157],7,[NaN;0;0]},{'O',[144;244;157],8,[144;244;157],8,0},{'M',[211;60;111],10,[23;11;111],3,[NaN;NaN;0],[211;60;175],9,[0;0;NaN]},{'O',[211;60;111],10,[211;60;111],10,0},{'M',[229;136;250],8,[152;17;25],4,[NaN;3;NaN],[229;6;250],7,[0;NaN;0]},{'O',[229;136;250],8,[229;136;250],8,0},{'M',[137;37;206],8,[83;87;206],7,[NaN;NaN;0],[137;37;75],6,[0;0;NaN]},{'O',[137;37;206],8,[137;37;206],8,0},{'M',[152;233;175],10,[151;233;178],9,[NaN;0;NaN],[152;17;25],4,[0;NaN;NaN],[211;60;175],9,[NaN;NaN;0]},{'O',[152;233;175],10,[152;233;175],10,0},{'M',[83;87;67],8,[33;45;67],5,[NaN;NaN;0],[83;87;206],7,[0;0;NaN]},{'O',[166;174;134],8,[83;87;67],8,1},{'M',[45;106;43],6,[45;53;43],5,[0;1;0]},{'O',[90;212;86],6,[45;106;43],6,1},{'M',[27;48;75],8,[27;244;157],7,[0;NaN;NaN],[137;37;75],6,[NaN;NaN;0],[229;6;250],7,[NaN;3;NaN]},{'O',[54;96;150],8,[27;48;75],8,1},{'M',[33;44;25],6,[23;11;111],3,[NaN;2;NaN],[33;45;67],5,[0;NaN;NaN],[152;17;25],4,[NaN;NaN;0]},{'O',[132;176;100],6,[33;44;25],6,2},{'M',[151;45;178],10,[33;45;67],5,[NaN;0;NaN],[151;233;178],9,[0;NaN;0]},{'O',[151;45;178],10,[151;45;178],10,0}}
Adder graph: {{'M',[4;4;1],1,[1;1;1],0,[2;2;0]},{'A',[9;9;3],2,[1;1;1],0,0,[4;4;1],1,1},{'M',[2;9;6],3,[1;1;1],0,[1;NaN;NaN],[9;9;3],2,[NaN;0;1]},{'M',[9;9;32],3,[1;1;1],0,[NaN;NaN;5],[9;9;3],2,[0;0;NaN]},{'A',[38;45;134],4,[2;9;6],3,0,[9;9;32],3,2},{'M',[16;1;16],1,[1;1;1],0,[4;0;4]},{'A',[54;44;150],5,[38;45;134],4,0,[16;-1;16],1,0},{'A',[137;17;125],3,[16;1;16],1,3,[9;9;-3],2,0},{'M',[54;36;150],6,[9;9;3],2,[NaN;2;NaN],[54;44;150],5,[0;NaN;0]},{'M',[9;17;125],4,[9;9;3],2,[0;NaN;NaN],[137;17;125],3,[NaN;0;0]},{'A',[45;53;25],7,[54;36;150],6,0,[-9;17;-125],4,0},{'M',[274;53;25],8,[137;17;125],3,[1;NaN;NaN],[45;53;25],7,[NaN;0;0]},{'M',[152;180;150],6,[38;45;134],4,[2;2;NaN],[54;44;150],5,[NaN;NaN;0]},{'A',[122;233;175],9,[274;53;25],8,0,[-152;180;150],6,0},{'M',[38;45;128],5,[1;1;1],0,[NaN;NaN;7],[38;45;134],4,[0;0;NaN]},{'M',[90;53;50],8,[45;53;25],7,[1;0;1]},{'A',[166;37;206],9,[38;45;128],5,1,[90;-53;-50],8,0},{'M',[1;212;125],8,[1;1;1],0,[0;NaN;NaN],[137;17;125],3,[NaN;NaN;0],[45;53;25],7,[NaN;2;NaN]},{'A',[33;244;157],9,[1;212;125],8,0,[1;1;1],0,5},{'M',[122;74;134],10,[38;45;134],4,[NaN;NaN;0],[122;233;175],9,[0;NaN;NaN],[166;37;206],9,[NaN;1;NaN]},{'M',[33;88;157],10,[54;44;150],5,[NaN;1;NaN],[33;244;157],9,[0;NaN;0]},{'A',[211;60;111],11,[122;74;134],10,1,[-33;-88;-157],10,0},{'M',[274;34;111],12,[137;17;125],3,[1;1;NaN],[211;60;111],11,[NaN;NaN;0]},{'A',[229;87;86],13,[274;34;111],12,0,[-45;53;-25],7,0},{'M',[76;90;175],10,[38;45;134],4,[1;1;NaN],[122;233;175],9,[NaN;NaN;0]},{'M',[1;174;172],14,[1;1;1],0,[0;NaN;NaN],[229;87;86],13,[NaN;1;1]},{'A',[151;6;178],15,[76;90;175],10,1,[-1;-174;-172],14,0},{'M',[144;244;157],10,[9;9;3],2,[4;NaN;NaN],[33;244;157],9,[NaN;0;0]},{'O',[144;244;157],10,[144;244;157],10,0},{'O',[211;60;111],11,[211;60;111],11,0},{'M',[229;136;250],14,[137;17;125],3,[NaN;3;1],[229;87;86],13,[0;NaN;NaN]},{'O',[229;136;250],14,[229;136;250],14,0},{'M',[137;37;206],10,[137;17;125],3,[0;NaN;NaN],[166;37;206],9,[NaN;0;0]},{'O',[137;37;206],10,[137;37;206],10,0},{'M',[152;233;175],10,[38;45;134],4,[2;NaN;NaN],[122;233;175],9,[NaN;0;0]},{'O',[152;233;175],10,[152;233;175],10,0},{'M',[166;174;134],14,[38;45;134],4,[NaN;NaN;0],[166;37;206],9,[0;NaN;NaN],[229;87;86],13,[NaN;1;NaN]},{'O',[166;174;134],14,[166;174;134],14,0},{'M',[90;212;86],14,[45;53;25],7,[1;2;NaN],[229;87;86],13,[NaN;NaN;0]},{'O',[90;212;86],14,[90;212;86],14,0},{'M',[54;96;150],16,[54;44;150],5,[0;NaN;0],[151;6;178],15,[NaN;4;NaN]},{'O',[54;96;150],16,[54;96;150],16,0},{'M',[33;44;25],10,[54;44;150],5,[NaN;0;NaN],[45;53;25],7,[NaN;NaN;0],[33;244;157],9,[0;NaN;NaN]},{'O',[132;176;100],10,[33;44;25],10,2},{'M',[151;45;178],16,[38;45;134],4,[NaN;0;NaN],[151;6;178],15,[0;NaN;0]},{'O',[151;45;178],16,[151;45;178],16,0}}
Adder graph: {{'M',[1;2;2],1,[1;1;1],0,[0;1;1]},{'A',[9;15;17],2,[1;2;2],1,3,[1;-1;1],0,0},{'M',[9;30;34],3,[9;15;17],2,[0;1;1]},{'A',[19;61;-67],4,[1;1;1],0,0,[9;30;-34],3,1},{'M',[8;1;1],1,[1;1;1],0,[3;0;0]},{'M',[19;128;-67],5,[1;1;1],0,[NaN;7;NaN],[19;61;-67],4,[0;NaN;0]},{'A',[45;136;75],6,[8;1;1],1,3,[-19;128;67],5,0},{'M',[76;15;17],5,[9;15;17],2,[NaN;0;0],[19;61;-67],4,[2;NaN;NaN]},{'A',[84;23;25],6,[76;15;17],5,0,[1;1;1],0,3},{'M',[9;15;50],7,[9;15;17],2,[0;0;NaN],[84;23;25],6,[NaN;NaN;1]},{'M',[9;15;64],3,[1;1;1],0,[NaN;NaN;6],[9;15;17],2,[0;0;NaN]},{'A',[27;45;178],8,[9;15;50],7,0,[9;15;64],3,1},{'M',[54;90;17],9,[9;15;17],2,[NaN;NaN;0],[27;45;178],8,[1;1;NaN]},{'M',[84;184;25],7,[84;23;25],6,[0;3;0]},{'A',[132;176;43],10,[54;90;17],9,2,[-84;-184;-25],7,0},{'M',[1;1;100],7,[1;1;1],0,[0;0;NaN],[84;23;25],6,[NaN;NaN;2]},{'M',[168;176;43],11,[84;23;25],6,[1;NaN;NaN],[132;176;43],10,[NaN;0;0]},{'A',[-166;-174;157],12,[1;1;100],7,1,[-168;-176;-43],11,0},{'M',[32;32;25],7,[1;1;1],0,[5;5;NaN],[84;23;25],6,[NaN;NaN;0]},{'M',[45;23;25],7,[45;136;75],6,[0;NaN;NaN],[84;23;25],6,[NaN;0;0]},{'A',[211;233;175],8,[32;32;25],7,3,[-45;-23;-25],7,0},{'M',[211;184;175],9,[84;23;25],6,[NaN;3;NaN],[211;233;175],8,[0;NaN;0]},{'M',[18;136;75],7,[9;15;17],2,[1;NaN;NaN],[45;136;75],6,[NaN;0;0]},{'A',[229;48;250],10,[211;184;175],9,0,[18;-136;75],7,0},{'M',[19;8;-67],5,[1;1;1],0,[NaN;3;NaN],[19;61;-67],4,[0;NaN;0]},{'M',[132;45;178],11,[27;45;178],8,[NaN;0;0],[132;176;43],10,[0;NaN;NaN]},{'A',[151;53;111],12,[19;8;-67],5,0,[132;45;178],11,0},{'M',[151;53;150],13,[45;136;75],6,[NaN;NaN;1],[151;53;111],12,[0;0;NaN]},{'M',[144;45;178],9,[9;15;17],2,[4;NaN;NaN],[27;45;178],8,[NaN;0;0]},{'A',[-137;-37;-206],14,[151;53;150],13,0,[-144;-45;-178],9,1},{'M',[144;244;157],13,[9;15;17],2,[4;NaN;NaN],[19;61;-67],4,[NaN;2;NaN],[-166;-174;157],12,[NaN;NaN;0]},{'O',[144;244;157],13,[144;244;157],13,0},{'M',[211;60;111],13,[9;15;17],2,[NaN;2;NaN],[211;233;175],8,[0;NaN;NaN],[151;53;111],12,[NaN;NaN;0]},{'O',[211;60;111],13,[211;60;111],13,0},{'M',[229;136;250],11,[45;136;75],6,[NaN;0;NaN],[229;48;250],10,[0;NaN;0]},{'O',[229;136;250],11,[229;136;250],11,0},{'O',[137;37;206],14,[137;37;206],14,0},{'M',[152;233;175],9,[19;61;-67],4,[3;NaN;NaN],[211;233;175],8,[NaN;0;0]},{'O',[152;233;175],9,[152;233;175],9,0},{'M',[-166;-174;-134],13,[19;61;-67],4,[NaN;NaN;1],[-166;-174;157],12,[0;0;NaN]},{'O',[166;174;134],13,[166;174;134],13,0},{'M',[45;106;43],13,[45;136;75],6,[0;NaN;NaN],[132;176;43],10,[NaN;NaN;0],[151;53;111],12,[NaN;1;NaN]},{'O',[90;212;86],13,[45;106;43],13,1},{'M',[27;48;75],11,[45;136;75],6,[NaN;NaN;0],[27;45;178],8,[0;NaN;NaN],[229;48;250],10,[NaN;0;NaN]},{'O',[54;96;150],11,[27;48;75],11,1},{'M',[132;176;100],11,[84;23;25],6,[NaN;NaN;2],[132;176;43],10,[0;0;NaN]},{'O',[132;176;100],11,[132;176;100],11,0},{'M',[151;45;178],13,[27;45;178],8,[NaN;0;0],[151;53;111],12,[0;NaN;NaN]},{'O',[151;45;178],13,[151;45;178],13,0}}
Adder graph: {{'M',[4;1;2],1,[1;1;1],0,[2;0;1]},{'A',[9;3;-3],2,[1;1;1],0,0,[4;1;-2],1,1},{'M',[8;3;8],3,[1;1;1],0,[3;NaN;3],[9;3;-3],2,[NaN;0;NaN]},{'A',[137;-45;125],4,[9;3;-3],2,0,[8;-3;8],3,4},{'M',[9;8;8],3,[1;1;1],0,[NaN;3;3],[9;3;-3],2,[0;NaN;NaN]},{'M',[9;2;125],5,[1;1;1],0,[NaN;1;NaN],[9;3;-3],2,[0;NaN;NaN],[137;-45;125],4,[NaN;NaN;0]},{'A',[27;34;157],6,[9;8;8],3,2,[-9;2;125],5,0},{'M',[64;64;1],1,[1;1;1],0,[6;6;0]},{'M',[1;12;-12],3,[1;1;1],0,[0;NaN;NaN],[9;3;-3],2,[NaN;2;2]},{'A',[66;88;25],4,[64;64;1],1,0,[1;12;12],3,1},{'M',[27;-45;-96],7,[9;3;-3],2,[NaN;NaN;5],[137;-45;125],4,[NaN;0;NaN],[27;34;157],6,[0;NaN;NaN]},{'M',[137;3;125],5,[9;3;-3],2,[NaN;0;NaN],[137;-45;125],4,[0;NaN;0]},{'A',[-83;-87;-67],8,[27;-45;-96],7,1,[-137;3;125],5,0},{'M',[256;3;256],3,[1;1;1],0,[8;NaN;8],[9;3;-3],2,[NaN;0;NaN]},{'M',[27;34;50],7,[27;34;157],6,[0;0;NaN],[66;88;25],4,[NaN;NaN;1]},{'A',[229;37;206],8,[256;3;256],3,0,[-27;34;-50],7,0},{'M',[54;68;25],7,[27;34;157],6,[1;1;NaN],[66;88;25],4,[NaN;NaN;0]},{'A',[78;244;75],8,[66;88;25],4,1,[-54;68;25],7,0},{'M',[78;244;-384],9,[9;3;-3],2,[NaN;NaN;7],[78;244;75],8,[0;0;NaN]},{'M',[229;12;206],9,[9;3;-3],2,[NaN;2;NaN],[229;37;206],8,[0;NaN;0]},{'A',[-151;232;-178],10,[78;244;-384],9,0,[-229;-12;206],9,0},{'M',[-83;68;-268],9,[27;34;157],6,[NaN;1;NaN],[-83;-87;-67],8,[0;NaN;2]},{'M',[128;128;157],7,[1;1;1],0,[7;7;NaN],[27;34;157],6,[NaN;NaN;0]},{'A',[-211;-60;-111],10,[-83;68;-268],9,0,[-128;-128;157],7,0},{'M',[78;74;75],9,[229;37;206],8,[NaN;1;NaN],[78;244;75],8,[0;NaN;0]},{'M',[66;64;64],5,[1;1;1],0,[NaN;6;6],[66;88;25],4,[0;NaN;NaN]},{'A',[90;212;86],10,[78;74;75],9,1,[-66;64;-64],5,0},{'M',[1;1;-3],3,[1;1;1],0,[0;0;NaN],[9;3;-3],2,[NaN;NaN;0]},{'A',[152;233;175],11,[1;1;-3],3,0,[151;232;178],10,0},{'M',[144;244;157],9,[9;3;-3],2,[4;NaN;NaN],[27;34;157],6,[NaN;NaN;0],[78;244;75],8,[NaN;0;NaN]},{'O',[144;244;157],9,[144;244;157],9,0},{'O',[211;60;111],10,[211;60;111],10,0},{'M',[229;136;250],9,[137;-45;125],4,[NaN;NaN;1],[27;34;157],6,[NaN;2;NaN],[229;37;206],8,[0;NaN;NaN]},{'O',[229;136;250],9,[229;136;250],9,0},{'M',[137;37;206],9,[137;-45;125],4,[0;NaN;NaN],[229;37;206],8,[NaN;0;0]},{'O',[137;37;206],9,[137;37;206],9,0},{'O',[152;233;175],11,[152;233;175],11,0},{'O',[166;174;134],8,[83;87;67],8,1},{'O',[90;212;86],10,[90;212;86],10,0},{'M',[27;48;75],9,[9;3;-3],2,[NaN;4;NaN],[27;34;157],6,[0;NaN;NaN],[78;244;75],8,[NaN;NaN;0]},{'O',[54;96;150],9,[27;48;75],9,1},{'M',[66;88;50],5,[66;88;25],4,[0;0;1]},{'O',[132;176;100],5,[66;88;50],5,1},{'M',[-151;-45;-178],11,[137;-45;125],4,[NaN;0;NaN],[-151;232;-178],10,[0;NaN;0]},{'O',[151;45;178],11,[151;45;178],11,0}}
Finished solving after 7189.34 seconds
Adder graph: {{'M',[4;1;2],1,[1;1;1],0,[2;0;1]},{'A',[9;3;-3],2,[1;1;1],0,0,[4;1;-2],1,1},{'M',[8;3;8],3,[1;1;1],0,[3;NaN;3],[9;3;-3],2,[NaN;0;NaN]},{'A',[137;-45;125],4,[9;3;-3],2,0,[8;-3;8],3,4},{'M',[9;8;8],3,[1;1;1],0,[NaN;3;3],[9;3;-3],2,[0;NaN;NaN]},{'M',[9;2;125],5,[1;1;1],0,[NaN;1;NaN],[9;3;-3],2,[0;NaN;NaN],[137;-45;125],4,[NaN;NaN;0]},{'A',[27;34;157],6,[9;8;8],3,2,[-9;2;125],5,0},{'M',[64;64;1],1,[1;1;1],0,[6;6;0]},{'M',[1;12;-12],3,[1;1;1],0,[0;NaN;NaN],[9;3;-3],2,[NaN;2;2]},{'A',[66;88;25],4,[64;64;1],1,0,[1;12;12],3,1},{'M',[27;-45;-96],7,[9;3;-3],2,[NaN;NaN;5],[137;-45;125],4,[NaN;0;NaN],[27;34;157],6,[0;NaN;NaN]},{'M',[137;3;125],5,[9;3;-3],2,[NaN;0;NaN],[137;-45;125],4,[0;NaN;0]},{'A',[-83;-87;-67],8,[27;-45;-96],7,1,[-137;3;125],5,0},{'M',[256;3;256],3,[1;1;1],0,[8;NaN;8],[9;3;-3],2,[NaN;0;NaN]},{'M',[27;34;50],7,[27;34;157],6,[0;0;NaN],[66;88;25],4,[NaN;NaN;1]},{'A',[229;37;206],8,[256;3;256],3,0,[-27;34;-50],7,0},{'M',[54;68;25],7,[27;34;157],6,[1;1;NaN],[66;88;25],4,[NaN;NaN;0]},{'A',[78;244;75],8,[66;88;25],4,1,[-54;68;25],7,0},{'M',[78;244;-384],9,[9;3;-3],2,[NaN;NaN;7],[78;244;75],8,[0;0;NaN]},{'M',[229;12;206],9,[9;3;-3],2,[NaN;2;NaN],[229;37;206],8,[0;NaN;0]},{'A',[-151;232;-178],10,[78;244;-384],9,0,[-229;-12;206],9,0},{'M',[-83;68;-268],9,[27;34;157],6,[NaN;1;NaN],[-83;-87;-67],8,[0;NaN;2]},{'M',[128;128;157],7,[1;1;1],0,[7;7;NaN],[27;34;157],6,[NaN;NaN;0]},{'A',[-211;-60;-111],10,[-83;68;-268],9,0,[-128;-128;157],7,0},{'M',[78;74;75],9,[229;37;206],8,[NaN;1;NaN],[78;244;75],8,[0;NaN;0]},{'M',[66;64;64],5,[1;1;1],0,[NaN;6;6],[66;88;25],4,[0;NaN;NaN]},{'A',[90;212;86],10,[78;74;75],9,1,[-66;64;-64],5,0},{'M',[1;1;-3],3,[1;1;1],0,[0;0;NaN],[9;3;-3],2,[NaN;NaN;0]},{'A',[152;233;175],11,[1;1;-3],3,0,[151;232;178],10,0},{'M',[144;244;157],9,[9;3;-3],2,[4;NaN;NaN],[27;34;157],6,[NaN;NaN;0],[78;244;75],8,[NaN;0;NaN]},{'O',[144;244;157],9,[144;244;157],9,0},{'O',[211;60;111],10,[211;60;111],10,0},{'M',[229;136;250],9,[137;-45;125],4,[NaN;NaN;1],[27;34;157],6,[NaN;2;NaN],[229;37;206],8,[0;NaN;NaN]},{'O',[229;136;250],9,[229;136;250],9,0},{'M',[137;37;206],9,[137;-45;125],4,[0;NaN;NaN],[229;37;206],8,[NaN;0;0]},{'O',[137;37;206],9,[137;37;206],9,0},{'O',[152;233;175],11,[152;233;175],11,0},{'O',[166;174;134],8,[83;87;67],8,1},{'O',[90;212;86],10,[90;212;86],10,0},{'M',[27;48;75],9,[9;3;-3],2,[NaN;4;NaN],[27;34;157],6,[0;NaN;NaN],[78;244;75],8,[NaN;NaN;0]},{'O',[54;96;150],9,[27;48;75],9,1},{'M',[66;88;50],5,[66;88;25],4,[0;0;1]},{'O',[132;176;100],5,[66;88;50],5,1},{'M',[-151;-45;-178],11,[137;-45;125],4,[NaN;0;NaN],[-151;232;-178],10,[0;NaN;0]},{'O',[151;45;178],11,[151;45;178],11,0}}
# Add optimal = 1
# Mux optimal = 0
# FAs optimal = 0
