Adder graph: {{'M',[1;1;64],1,[1;1;1],0,[0;0;6]},{'M',[2;4;1],1,[1;1;1],0,[1;2;0]},{'A',[3;-3;65],2,[1;1;64],1,0,[2;-4;1],1,0},{'M',[24;-3;1],3,[1;1;1],0,[NaN;NaN;0],[3;-3;65],2,[3;0;NaN]},{'M',[1;-192;16],3,[1;1;1],0,[0;NaN;4],[3;-3;65],2,[NaN;6;NaN]},{'A',[25;-195;17],4,[24;-3;1],3,0,[1;-192;16],3,0},{'M',[3;-3;8],3,[1;1;1],0,[NaN;NaN;3],[3;-3;65],2,[0;0;NaN]},{'M',[24;-48;1],3,[1;1;1],0,[NaN;NaN;0],[3;-3;65],2,[3;4;NaN]},{'A',[-45;-99;10],4,[3;-3;8],3,0,[-24;-48;1],3,1},{'M',[8;128;1],1,[1;1;1],0,[3;7;0]},{'M',[1;-24;40],5,[1;1;1],0,[0;NaN;NaN],[3;-3;65],2,[NaN;3;NaN],[-45;-99;10],4,[NaN;NaN;2]},{'A',[7;104;-39],6,[8;128;1],1,0,[-1;-24;-40],5,0},{'M',[256;64;65],3,[1;1;1],0,[8;6;NaN],[3;-3;65],2,[NaN;NaN;0]},{'M',[3;-6;16],3,[1;1;1],0,[NaN;NaN;4],[3;-3;65],2,[0;1;NaN]},{'A',[259;70;49],4,[256;64;65],3,0,[3;6;-16],3,0},{'M',[112;-3;-39],7,[3;-3;65],2,[NaN;0;NaN],[7;104;-39],6,[4;NaN;0]},{'M',[7;104;68],7,[25;-195;17],4,[NaN;NaN;2],[7;104;-39],6,[0;0;NaN]},{'A',[105;101;-107],8,[112;-3;-39],7,0,[-7;104;-68],7,0},{'M',[25;70;-78],7,[25;-195;17],4,[0;NaN;NaN],[7;104;-39],6,[NaN;NaN;1],[259;70;49],4,[NaN;0;NaN]},{'M',[2;-48;17],5,[1;1;1],0,[1;NaN;NaN],[3;-3;65],2,[NaN;4;NaN],[25;-195;17],4,[NaN;NaN;0]},{'A',[23;118;-95],8,[25;70;-78],7,0,[-2;48;-17],5,0},{'M',[184;118;80],9,[-45;-99;10],4,[NaN;NaN;3],[23;118;-95],8,[3;0;NaN]},{'M',[259;280;49],5,[259;70;49],4,[0;2;0]},{'A',[-75;-162;31],10,[184;118;80],9,0,[-259;-280;-49],5,0},{'M',[-180;-3;4],5,[1;1;1],0,[NaN;NaN;2],[3;-3;65],2,[NaN;0;NaN],[-45;-99;10],4,[2;NaN;NaN]},{'M',[64;70;-39],7,[1;1;1],0,[6;NaN;NaN],[7;104;-39],6,[NaN;NaN;0],[259;70;49],4,[NaN;0;NaN]},{'A',[-244;-73;43],8,[-180;-3;4],5,0,[-64;-70;39],7,0},{'M',[16;118;-156],9,[1;1;1],0,[4;NaN;NaN],[7;104;-39],6,[NaN;NaN;2],[23;118;-95],8,[NaN;0;NaN]},{'M',[1;101;1],9,[1;1;1],0,[0;NaN;0],[105;101;-107],8,[NaN;0;NaN]},{'A',[17;219;-157],10,[16;118;-156],9,0,[1;101;-1],9,0},{'M',[259;101;260],9,[3;-3;65],2,[NaN;NaN;2],[259;70;49],4,[0;NaN;NaN],[105;101;-107],8,[NaN;0;NaN]},{'M',[420;8;-157],11,[1;1;1],0,[NaN;3;NaN],[105;101;-107],8,[2;NaN;NaN],[17;219;-157],10,[NaN;NaN;0]},{'A',[-161;109;103],12,[259;101;260],9,0,[-420;8;-157],11,0},{'M',[14;109;49],13,[7;104;-39],6,[1;NaN;NaN],[259;70;49],4,[NaN;NaN;0],[-161;109;103],12,[NaN;0;NaN]},{'O',[14;109;49],13,[14;109;49],13,0},{'M',[-150;-195;-78],11,[25;-195;17],4,[NaN;0;NaN],[7;104;-39],6,[NaN;NaN;1],[-75;-162;31],10,[1;NaN;NaN]},{'O',[150;195;78],11,[150;195;78],11,0},{'M',[-244;-99;-95],9,[-45;-99;10],4,[NaN;0;NaN],[23;118;-95],8,[NaN;NaN;0],[-244;-73;43],8,[0;NaN;NaN]},{'O',[244;99;95],9,[244;99;95],9,0},{'M',[105;219;86],11,[105;101;-107],8,[0;NaN;NaN],[-244;-73;43],8,[NaN;NaN;1],[17;219;-157],10,[NaN;0;NaN]},{'O',[105;219;86],11,[105;219;86],11,0},{'M',[192;104;62],11,[3;-3;65],2,[6;NaN;NaN],[7;104;-39],6,[NaN;0;NaN],[-75;-162;31],10,[NaN;NaN;1]},{'O',[192;104;62],11,[192;104;62],11,0},{'M',[200;101;65],9,[3;-3;65],2,[NaN;NaN;0],[25;-195;17],4,[3;NaN;NaN],[105;101;-107],8,[NaN;0;NaN]},{'O',[200;101;65],9,[200;101;65],9,0},{'M',[-161;-73;-107],13,[105;101;-107],8,[NaN;NaN;0],[-244;-73;43],8,[NaN;0;NaN],[-161;109;103],12,[0;NaN;NaN]},{'O',[161;73;107],13,[161;73;107],13,0},{'M',[4;70;80],5,[1;1;1],0,[2;NaN;NaN],[-45;-99;10],4,[NaN;NaN;3],[259;70;49],4,[NaN;0;NaN]},{'O',[8;140;160],5,[4;70;80],5,1},{'M',[17;118;103],13,[23;118;-95],8,[NaN;0;NaN],[17;219;-157],10,[0;NaN;NaN],[-161;109;103],12,[NaN;NaN;0]},{'O',[17;118;103],13,[17;118;103],13,0},{'M',[-45;-162;-157],11,[-45;-99;10],4,[0;NaN;NaN],[-75;-162;31],10,[NaN;0;NaN],[17;219;-157],10,[NaN;NaN;0]},{'O',[45;162;157],11,[45;162;157],11,0}}
Adder graph: {{'M',[32;1;1],1,[1;1;1],0,[5;0;0]},{'M',[32;1;16],1,[1;1;1],0,[5;0;4]},{'A',[-96;-3;65],2,[32;1;1],1,0,[-32;-1;16],1,2},{'M',[1;32;65],3,[1;1;1],0,[0;5;NaN],[-96;-3;65],2,[NaN;NaN;0]},{'M',[8;-3;16],3,[1;1;1],0,[3;NaN;4],[-96;-3;65],2,[NaN;0;NaN]},{'A',[9;35;49],4,[1;32;65],3,0,[8;3;-16],3,0},{'M',[9;35;4],5,[1;1;1],0,[NaN;NaN;2],[9;35;49],4,[0;0;NaN]},{'M',[1;-3;65],3,[1;1;1],0,[0;NaN;NaN],[-96;-3;65],2,[NaN;0;0]},{'A',[19;73;73],6,[9;35;4],5,1,[1;3;65],3,0},{'M',[9;73;2],7,[1;1;1],0,[NaN;NaN;1],[9;35;49],4,[0;NaN;NaN],[19;73;73],6,[NaN;0;NaN]},{'M',[-96;146;64],7,[1;1;1],0,[NaN;NaN;6],[-96;-3;65],2,[0;NaN;NaN],[19;73;73],6,[NaN;1;NaN]},{'A',[105;219;-62],8,[9;73;2],7,0,[96;146;-64],7,0},{'M',[1;146;4],7,[1;1;1],0,[0;NaN;2],[19;73;73],6,[NaN;1;NaN]},{'M',[9;8;8],5,[1;1;1],0,[NaN;3;3],[9;35;49],4,[0;NaN;NaN]},{'A',[-17;162;20],8,[1;146;4],7,0,[-9;8;8],5,1},{'M',[8;-24;1],3,[1;1;1],0,[3;NaN;0],[-96;-3;65],2,[NaN;3;NaN]},{'M',[1;2;40],9,[1;1;1],0,[0;1;NaN],[-17;162;20],8,[NaN;NaN;1]},{'A',[7;-26;-39],10,[8;-24;1],3,0,[-1;-2;-40],9,0},{'M',[-136;-26;-39],11,[-17;162;20],8,[3;NaN;NaN],[7;-26;-39],10,[NaN;0;0]},{'M',[14;73;196],11,[9;35;49],4,[NaN;NaN;2],[19;73;73],6,[NaN;0;NaN],[7;-26;-39],10,[1;NaN;NaN]},{'A',[-150;-99;157],12,[-136;-26;-39],11,0,[-14;-73;196],11,0},{'M',[144;-48;65],5,[-96;-3;65],2,[NaN;4;0],[9;35;49],4,[4;NaN;NaN]},{'M',[-17;70;160],9,[9;35;49],4,[NaN;1;NaN],[-17;162;20],8,[0;NaN;3]},{'A',[161;-118;-95],10,[144;-48;65],5,0,[17;-70;-160],9,0},{'M',[-34;-99;73],13,[19;73;73],6,[NaN;NaN;0],[-17;162;20],8,[1;NaN;NaN],[-150;-99;157],12,[NaN;0;NaN]},{'M',[7;-3;-39],11,[-96;-3;65],2,[NaN;0;NaN],[7;-26;-39],10,[0;NaN;0]},{'A',[-61;-195;107],14,[-34;-99;73],13,1,[7;3;-39],11,0},{'M',[7;2;107],15,[1;1;1],0,[NaN;1;NaN],[7;-26;-39],10,[0;NaN;NaN],[-61;-195;107],14,[NaN;NaN;0]},{'M',[18;-99;64],13,[1;1;1],0,[NaN;NaN;6],[9;35;49],4,[1;NaN;NaN],[-150;-99;157],12,[NaN;0;NaN]},{'A',[25;101;43],16,[7;2;107],15,0,[18;99;-64],13,0},{'M',[7;8;-39],11,[1;1;1],0,[NaN;3;NaN],[7;-26;-39],10,[0;NaN;0]},{'M',[38;101;64],17,[1;1;1],0,[NaN;NaN;6],[19;73;73],6,[1;NaN;NaN],[25;101;43],16,[NaN;0;NaN]},{'A',[45;109;-103],18,[7;8;-39],11,0,[38;101;-64],17,0},{'M',[14;109;49],19,[9;35;49],4,[NaN;NaN;0],[7;-26;-39],10,[1;NaN;NaN],[45;109;-103],18,[NaN;0;NaN]},{'O',[14;109;49],19,[14;109;49],19,0},{'M',[-150;-195;-78],15,[7;-26;-39],10,[NaN;NaN;1],[-150;-99;157],12,[0;NaN;NaN],[-61;-195;107],14,[NaN;0;NaN]},{'O',[150;195;78],15,[150;195;78],15,0},{'M',[-244;-99;-95],15,[-150;-99;157],12,[NaN;0;NaN],[161;-118;-95],10,[NaN;NaN;0],[-61;-195;107],14,[2;NaN;NaN]},{'O',[244;99;95],15,[244;99;95],15,0},{'M',[105;219;86],17,[105;219;-62],8,[0;0;NaN],[25;101;43],16,[NaN;NaN;1]},{'O',[105;219;86],17,[105;219;86],17,0},{'M',[-192;-104;-62],11,[-96;-3;65],2,[1;NaN;NaN],[105;219;-62],8,[NaN;NaN;0],[7;-26;-39],10,[NaN;2;NaN]},{'O',[192;104;62],11,[192;104;62],11,0},{'M',[200;101;65],17,[-96;-3;65],2,[NaN;NaN;0],[25;101;43],16,[3;0;NaN]},{'O',[200;101;65],17,[200;101;65],17,0},{'M',[161;73;107],15,[19;73;73],6,[NaN;0;NaN],[161;-118;-95],10,[0;NaN;NaN],[-61;-195;107],14,[NaN;NaN;0]},{'O',[161;73;107],15,[161;73;107],15,0},{'M',[2;35;40],9,[1;1;1],0,[1;NaN;NaN],[9;35;49],4,[NaN;0;NaN],[-17;162;20],8,[NaN;NaN;1]},{'O',[8;140;160],9,[2;35;40],9,2},{'M',[-17;-118;-103],19,[-17;162;20],8,[0;NaN;NaN],[161;-118;-95],10,[NaN;0;NaN],[45;109;-103],18,[NaN;NaN;0]},{'O',[17;118;103],19,[17;118;103],19,0},{'M',[45;162;157],19,[-17;162;20],8,[NaN;0;NaN],[-150;-99;157],12,[NaN;NaN;0],[45;109;-103],18,[0;NaN;NaN]},{'O',[45;162;157],19,[45;162;157],19,0}}
Adder graph: {{'M',[32;1;8],1,[1;1;1],0,[5;0;3]},{'M',[32;1;1],1,[1;1;1],0,[5;0;0]},{'A',[96;5;31],2,[32;1;8],1,2,[-32;1;-1],1,0},{'M',[32;5;16],3,[1;1;1],0,[5;NaN;4],[96;5;31],2,[NaN;0;NaN]},{'M',[1;64;64],1,[1;1;1],0,[0;6;6]},{'A',[31;-59;-48],4,[32;5;16],3,0,[-1;-64;-64],1,0},{'M',[16;80;31],3,[1;1;1],0,[4;NaN;NaN],[96;5;31],2,[NaN;4;0]},{'M',[2;1;-96],5,[1;1;1],0,[1;0;NaN],[31;-59;-48],4,[NaN;NaN;1]},{'A',[14;81;-65],6,[16;80;31],3,0,[-2;1;-96],5,0},{'M',[31;81;1],7,[1;1;1],0,[NaN;NaN;0],[31;-59;-48],4,[0;NaN;NaN],[14;81;-65],6,[NaN;0;NaN]},{'M',[56;8;-48],7,[1;1;1],0,[NaN;3;NaN],[31;-59;-48],4,[NaN;NaN;0],[14;81;-65],6,[2;NaN;NaN]},{'A',[-25;73;49],8,[31;81;1],7,0,[-56;-8;48],7,0},{'M',[-25;2;16],9,[1;1;1],0,[NaN;1;4],[-25;73;49],8,[0;NaN;NaN]},{'M',[4;5;31],3,[1;1;1],0,[2;NaN;NaN],[96;5;31],2,[NaN;0;0]},{'A',[-104;13;95],10,[-25;2;16],9,2,[-4;5;31],3,0},{'M',[14;80;49],9,[96;5;31],2,[NaN;4;NaN],[14;81;-65],6,[0;NaN;NaN],[-25;73;49],8,[NaN;NaN;0]},{'M',[31;10;31],5,[96;5;31],2,[NaN;1;0],[31;-59;-48],4,[0;NaN;NaN]},{'A',[45;70;80],10,[14;80;49],9,0,[31;-10;31],5,0},{'M',[96;80;4],3,[1;1;1],0,[NaN;NaN;2],[96;5;31],2,[0;4;NaN]},{'M',[31;-59;31],5,[96;5;31],2,[NaN;NaN;0],[31;-59;-48],4,[0;0;NaN]},{'A',[161;219;39],6,[96;80;4],3,1,[-31;59;31],5,0},{'M',[-25;80;1],9,[1;1;1],0,[NaN;NaN;0],[96;5;31],2,[NaN;4;NaN],[-25;73;49],8,[0;NaN;NaN]},{'A',[61;-101;43],10,[161;219;39],6,0,[-25;-80;1],9,2},{'M',[45;208;172],11,[-104;13;95],10,[NaN;4;NaN],[45;70;80],10,[0;NaN;NaN],[61;-101;43],10,[NaN;NaN;2]},{'M',[62;13;-65],11,[31;-59;-48],4,[1;NaN;NaN],[14;81;-65],6,[NaN;NaN;0],[-104;13;95],10,[NaN;0;NaN]},{'A',[-17;195;107],12,[45;208;172],11,0,[-62;-13;-65],11,0},{'M',[61;5;1],11,[1;1;1],0,[NaN;NaN;0],[96;5;31],2,[NaN;0;NaN],[61;-101;43],10,[0;NaN;NaN]},{'M',[14;104;156],11,[14;81;-65],6,[0;NaN;NaN],[-104;13;95],10,[NaN;3;NaN],[161;219;39],6,[NaN;NaN;2]},{'A',[75;109;157],12,[61;5;1],11,0,[14;104;156],11,0},{'M',[45;52;1],11,[1;1;1],0,[NaN;NaN;0],[-104;13;95],10,[NaN;2;NaN],[45;70;80],10,[0;NaN;NaN]},{'M',[75;109;107],13,[-17;195;107],12,[NaN;NaN;0],[75;109;157],12,[0;0;NaN]},{'A',[105;99;-103],14,[45;52;1],11,2,[-75;-109;-107],13,0},{'M',[14;109;49],13,[14;81;-65],6,[0;NaN;NaN],[-25;73;49],8,[NaN;NaN;0],[75;109;157],12,[NaN;0;NaN]},{'O',[14;109;49],13,[14;109;49],13,0},{'M',[150;195;78],13,[161;219;39],6,[NaN;NaN;1],[-17;195;107],12,[NaN;0;NaN],[75;109;157],12,[1;NaN;NaN]},{'O',[150;195;78],13,[150;195;78],13,0},{'M',[244;99;95],15,[-104;13;95],10,[NaN;NaN;0],[61;-101;43],10,[2;NaN;NaN],[105;99;-103],14,[NaN;0;NaN]},{'O',[244;99;95],15,[244;99;95],15,0},{'M',[105;219;86],15,[161;219;39],6,[NaN;0;NaN],[61;-101;43],10,[NaN;NaN;1],[105;99;-103],14,[0;NaN;NaN]},{'O',[105;219;86],15,[105;219;86],15,0},{'M',[96;52;31],11,[96;5;31],2,[0;NaN;0],[-104;13;95],10,[NaN;2;NaN]},{'O',[192;104;62],11,[96;52;31],11,1},{'M',[-200;-101;-65],11,[14;81;-65],6,[NaN;NaN;0],[-25;73;49],8,[3;NaN;NaN],[61;-101;43],10,[NaN;0;NaN]},{'O',[200;101;65],11,[200;101;65],11,0},{'M',[161;73;107],13,[-25;73;49],8,[NaN;0;NaN],[161;219;39],6,[0;NaN;NaN],[-17;195;107],12,[NaN;NaN;0]},{'O',[161;73;107],13,[161;73;107],13,0},{'M',[4;70;80],11,[1;1;1],0,[2;NaN;NaN],[45;70;80],10,[NaN;0;0]},{'O',[8;140;160],11,[4;70;80],11,1},{'M',[-17;-118;-103],15,[31;-59;-48],4,[NaN;1;NaN],[-17;195;107],12,[0;NaN;NaN],[105;99;-103],14,[NaN;NaN;0]},{'O',[17;118;103],15,[17;118;103],15,0},{'M',[45;162;157],13,[14;81;-65],6,[NaN;1;NaN],[45;70;80],10,[0;NaN;NaN],[75;109;157],12,[NaN;NaN;0]},{'O',[45;162;157],13,[45;162;157],13,0}}
Adder graph: {{'M',[8;1;32],1,[1;1;1],0,[3;0;5]},{'M',[1;2;1],1,[1;1;1],0,[0;1;0]},{'A',[7;3;31],2,[8;1;32],1,0,[-1;2;-1],1,0},{'M',[2;3;2],3,[1;1;1],0,[1;NaN;1],[7;3;31],2,[NaN;0;NaN]},{'M',[1;8;32],1,[1;1;1],0,[0;3;5]},{'A',[6;35;-126],4,[2;3;2],3,0,[1;8;-32],1,2},{'M',[1;1;2],1,[1;1;1],0,[0;0;1]},{'M',[4;3;2],3,[1;1;1],0,[2;NaN;1],[7;3;31],2,[NaN;0;NaN]},{'A',[17;13;10],4,[1;1;2],1,0,[4;3;2],3,2},{'M',[17;24;31],5,[7;3;31],2,[NaN;3;0],[17;13;10],4,[0;NaN;NaN]},{'M',[28;35;-126],5,[7;3;31],2,[2;NaN;NaN],[6;35;-126],4,[NaN;0;0]},{'A',[45;59;157],6,[17;24;31],5,0,[28;35;126],5,0},{'M',[7;96;80],5,[7;3;31],2,[0;5;NaN],[17;13;10],4,[NaN;NaN;3]},{'M',[68;13;31],5,[7;3;31],2,[NaN;NaN;0],[17;13;10],4,[2;0;NaN]},{'A',[-61;109;49],6,[7;96;80],5,0,[-68;13;-31],5,0},{'M',[4;70;157],7,[1;1;1],0,[2;NaN;NaN],[6;35;-126],4,[NaN;1;NaN],[45;59;157],6,[NaN;NaN;0]},{'M',[136;3;196],7,[7;3;31],2,[NaN;0;NaN],[17;13;10],4,[3;NaN;NaN],[-61;109;49],6,[NaN;NaN;2]},{'A',[-132;73;-39],8,[4;70;157],7,0,[-136;3;-196],7,0},{'M',[7;109;4],7,[1;1;1],0,[NaN;NaN;2],[7;3;31],2,[0;NaN;NaN],[-61;109;49],6,[NaN;0;NaN]},{'M',[32;208;-39],9,[1;1;1],0,[5;NaN;NaN],[17;13;10],4,[NaN;4;NaN],[-132;73;-39],8,[NaN;NaN;0]},{'A',[-25;-99;43],10,[7;109;4],7,0,[-32;-208;39],9,0},{'M',[12;73;64],9,[1;1;1],0,[NaN;NaN;6],[6;35;-126],4,[1;NaN;NaN],[-132;73;-39],8,[NaN;0;NaN]},{'M',[112;8;43],11,[1;1;1],0,[NaN;3;NaN],[7;3;31],2,[4;NaN;NaN],[-25;-99;43],10,[NaN;NaN;0]},{'A',[-100;81;107],12,[12;73;64],9,0,[-112;8;43],11,0},{'M',[-100;-99;107],13,[-25;-99;43],10,[NaN;0;NaN],[-100;81;107],12,[0;NaN;0]},{'M',[-25;48;2],11,[1;1;1],0,[NaN;NaN;1],[7;3;31],2,[NaN;4;NaN],[-25;-99;43],10,[0;NaN;NaN]},{'A',[-150;-195;103],14,[-100;-99;107],13,0,[-25;-48;-2],11,1},{'M',[136;-99;107],13,[17;13;10],4,[3;NaN;NaN],[-25;-99;43],10,[NaN;0;NaN],[-100;81;107],12,[NaN;NaN;0]},{'M',[-25;2;172],11,[1;1;1],0,[NaN;1;NaN],[-25;-99;43],10,[0;NaN;2]},{'A',[161;-101;-65],14,[136;-99;107],13,0,[25;-2;-172],11,0},{'M',[161;24;8],15,[1;1;1],0,[NaN;NaN;3],[7;3;31],2,[NaN;3;NaN],[161;-101;-65],14,[0;NaN;NaN]},{'M',[56;-195;103],15,[7;3;31],2,[3;NaN;NaN],[-150;-195;103],14,[NaN;0;0]},{'A',[105;219;-95],16,[161;24;8],15,0,[-56;195;-103],15,0},{'M',[14;109;49],7,[7;3;31],2,[1;NaN;NaN],[-61;109;49],6,[NaN;0;0]},{'O',[14;109;49],7,[14;109;49],7,0},{'M',[-150;-195;-78],15,[-132;73;-39],8,[NaN;NaN;1],[-150;-195;103],14,[0;0;NaN]},{'O',[150;195;78],15,[150;195;78],15,0},{'M',[-244;-99;-95],17,[-61;109;49],6,[2;NaN;NaN],[-25;-99;43],10,[NaN;0;NaN],[105;219;-95],16,[NaN;NaN;0]},{'O',[244;99;95],17,[244;99;95],17,0},{'M',[105;219;86],17,[-25;-99;43],10,[NaN;NaN;1],[105;219;-95],16,[0;0;NaN]},{'O',[105;219;86],17,[105;219;86],17,0},{'M',[96;52;31],5,[7;3;31],2,[NaN;NaN;0],[6;35;-126],4,[4;NaN;NaN],[17;13;10],4,[NaN;2;NaN]},{'O',[192;104;62],5,[96;52;31],5,1},{'M',[-200;-101;-65],15,[-100;81;107],12,[1;NaN;NaN],[161;-101;-65],14,[NaN;0;0]},{'O',[200;101;65],15,[200;101;65],15,0},{'M',[161;73;107],15,[-132;73;-39],8,[NaN;0;NaN],[-100;81;107],12,[NaN;NaN;0],[161;-101;-65],14,[0;NaN;NaN]},{'O',[161;73;107],15,[161;73;107],15,0},{'M',[2;35;40],5,[1;1;1],0,[1;NaN;NaN],[6;35;-126],4,[NaN;0;NaN],[17;13;10],4,[NaN;NaN;2]},{'O',[8;140;160],5,[2;35;40],5,2},{'M',[17;118;103],15,[17;13;10],4,[0;NaN;NaN],[45;59;157],6,[NaN;1;NaN],[-150;-195;103],14,[NaN;NaN;0]},{'O',[17;118;103],15,[17;118;103],15,0},{'M',[45;162;157],13,[45;59;157],6,[0;NaN;0],[-100;81;107],12,[NaN;1;NaN]},{'O',[45;162;157],13,[45;162;157],13,0}}
Adder graph: {{'M',[16;1;1],1,[1;1;1],0,[4;0;0]},{'M',[4;1;32],1,[1;1;1],0,[2;0;5]},{'A',[24;3;65],2,[16;1;1],1,0,[4;1;32],1,1},{'M',[192;24;1],3,[1;1;1],0,[NaN;NaN;0],[24;3;65],2,[3;3;NaN]},{'M',[4;1;2],1,[1;1;1],0,[2;0;1]},{'A',[200;26;5],4,[192;24;1],3,0,[4;1;2],1,1},{'M',[1;48;8],3,[1;1;1],0,[0;NaN;3],[24;3;65],2,[NaN;4;NaN]},{'A',[-22;99;-49],4,[1;48;8],3,1,[-24;3;-65],2,0},{'M',[-22;99;1],5,[1;1;1],0,[NaN;NaN;0],[-22;99;-49],4,[0;0;NaN]},{'M',[2;16;5],5,[1;1;1],0,[1;4;NaN],[200;26;5],4,[NaN;NaN;0]},{'A',[-14;35;21],6,[-22;99;1],5,0,[2;-16;5],5,2},{'M',[1;99;5],5,[1;1;1],0,[0;NaN;NaN],[200;26;5],4,[NaN;NaN;0],[-22;99;-49],4,[NaN;0;NaN]},{'M',[8;104;-49],5,[1;1;1],0,[3;NaN;NaN],[200;26;5],4,[NaN;2;NaN],[-22;99;-49],4,[NaN;NaN;0]},{'A',[17;-109;103],6,[1;99;5],5,0,[8;-104;49],5,1},{'M',[17;35;64],7,[1;1;1],0,[NaN;NaN;6],[-14;35;21],6,[NaN;0;NaN],[17;-109;103],6,[0;NaN;NaN]},{'M',[1;12;1],3,[1;1;1],0,[0;NaN;0],[24;3;65],2,[NaN;2;NaN]},{'A',[19;59;62],8,[17;35;64],7,0,[1;12;-1],3,1},{'M',[-28;140;21],7,[-14;35;21],6,[1;2;0]},{'M',[19;118;128],9,[1;1;1],0,[NaN;NaN;7],[19;59;62],8,[0;1;NaN]},{'A',[-75;162;-86],10,[-28;140;21],7,1,[-19;-118;-128],9,0},{'M',[-44;35;103],7,[-22;99;-49],4,[1;NaN;NaN],[-14;35;21],6,[NaN;0;NaN],[17;-109;103],6,[NaN;NaN;0]},{'M',[17;3;-49],7,[24;3;65],2,[NaN;0;NaN],[-22;99;-49],4,[NaN;NaN;0],[17;-109;103],6,[0;NaN;NaN]},{'A',[-105;73;157],8,[-44;35;103],7,1,[-17;3;-49],7,0},{'M',[64;3;20],5,[1;1;1],0,[6;NaN;NaN],[24;3;65],2,[NaN;0;NaN],[200;26;5],4,[NaN;NaN;2]},{'M',[19;198;-98],9,[-22;99;-49],4,[NaN;1;1],[19;59;62],8,[0;NaN;NaN]},{'A',[45;-195;-78],10,[64;3;20],5,0,[-19;-198;-98],9,0},{'M',[180;2;157],11,[1;1;1],0,[NaN;1;NaN],[-105;73;157],8,[NaN;NaN;0],[45;-195;-78],10,[2;NaN;NaN]},{'M',[19;99;62],9,[-22;99;-49],4,[NaN;0;NaN],[19;59;62],8,[0;NaN;0]},{'A',[161;101;95],12,[180;2;157],11,0,[-19;99;-62],9,0},{'M',[-14;-218;21],7,[-14;35;21],6,[0;NaN;0],[17;-109;103],6,[NaN;1;NaN]},{'M',[-75;1;-86],11,[1;1;1],0,[NaN;0;NaN],[-75;162;-86],10,[0;NaN;0]},{'A',[61;-219;107],12,[-14;-218;21],7,0,[75;-1;86],11,0},{'M',[-14;-109;-49],7,[-22;99;-49],4,[NaN;NaN;0],[-14;35;21],6,[0;NaN;NaN],[17;-109;103],6,[NaN;0;NaN]},{'O',[14;109;49],7,[14;109;49],7,0},{'M',[-150;-195;-78],11,[-75;162;-86],10,[1;NaN;NaN],[45;-195;-78],10,[NaN;0;0]},{'O',[150;195;78],11,[150;195;78],11,0},{'M',[244;99;95],13,[-22;99;-49],4,[NaN;0;NaN],[161;101;95],12,[NaN;NaN;0],[61;-219;107],12,[2;NaN;NaN]},{'O',[244;99;95],13,[244;99;95],13,0},{'M',[-105;-219;-86],13,[-75;162;-86],10,[NaN;NaN;0],[-105;73;157],8,[0;NaN;NaN],[61;-219;107],12,[NaN;0;NaN]},{'O',[105;219;86],13,[105;219;86],13,0},{'M',[192;104;62],9,[24;3;65],2,[3;NaN;NaN],[200;26;5],4,[NaN;2;NaN],[19;59;62],8,[NaN;NaN;0]},{'O',[192;104;62],9,[192;104;62],9,0},{'M',[200;101;65],13,[24;3;65],2,[NaN;NaN;0],[200;26;5],4,[0;NaN;NaN],[161;101;95],12,[NaN;0;NaN]},{'O',[200;101;65],13,[200;101;65],13,0},{'M',[161;73;107],13,[-105;73;157],8,[NaN;0;NaN],[161;101;95],12,[0;NaN;NaN],[61;-219;107],12,[NaN;NaN;0]},{'O',[161;73;107],13,[161;73;107],13,0},{'M',[2;35;40],7,[1;1;1],0,[1;NaN;NaN],[200;26;5],4,[NaN;NaN;3],[-14;35;21],6,[NaN;0;NaN]},{'O',[8;140;160],7,[2;35;40],7,2},{'M',[17;118;103],9,[17;-109;103],6,[0;NaN;0],[19;59;62],8,[NaN;1;NaN]},{'O',[17;118;103],9,[17;118;103],9,0},{'M',[45;162;157],11,[-75;162;-86],10,[NaN;0;NaN],[-105;73;157],8,[NaN;NaN;0],[45;-195;-78],10,[0;NaN;NaN]},{'O',[45;162;157],11,[45;162;157],11,0}}
Adder graph: {{'M',[1;1;8],1,[1;1;1],0,[0;0;3]},{'A',[5;5;-31],2,[1;1;1],0,0,[1;1;-8],1,2},{'M',[20;1;-124],3,[1;1;1],0,[NaN;0;NaN],[5;5;-31],2,[2;NaN;2]},{'M',[5;5;4],3,[1;1;1],0,[NaN;NaN;2],[5;5;-31],2,[0;0;NaN]},{'A',[100;81;-188],4,[20;1;-124],3,0,[5;5;-4],3,4},{'M',[8;81;-31],5,[1;1;1],0,[3;NaN;NaN],[5;5;-31],2,[NaN;NaN;0],[100;81;-188],4,[NaN;0;NaN]},{'M',[10;20;-188],5,[5;5;-31],2,[1;2;NaN],[100;81;-188],4,[NaN;NaN;0]},{'A',[18;101;157],6,[8;81;-31],5,0,[10;20;188],5,0},{'M',[1;5;1],3,[1;1;1],0,[0;NaN;0],[5;5;-31],2,[NaN;0;NaN]},{'M',[18;64;64],7,[1;1;1],0,[NaN;6;6],[18;101;157],6,[0;NaN;NaN]},{'A',[-17;-59;65],8,[1;5;1],3,0,[-18;-64;64],7,0},{'M',[5;40;8],3,[1;1;1],0,[NaN;NaN;3],[5;5;-31],2,[0;3;NaN]},{'M',[40;5;-31],3,[5;5;-31],2,[3;0;0]},{'A',[45;35;39],4,[5;40;8],3,0,[40;-5;31],3,0},{'M',[32;35;32],5,[1;1;1],0,[5;NaN;5],[45;35;39],4,[NaN;0;NaN]},{'M',[45;80;64],5,[1;1;1],0,[NaN;NaN;6],[5;5;-31],2,[NaN;4;NaN],[45;35;39],4,[0;NaN;NaN]},{'A',[122;195;160],6,[32;35;32],5,0,[45;80;64],5,1},{'M',[5;101;157],7,[5;5;-31],2,[0;NaN;NaN],[18;101;157],6,[NaN;0;0]},{'M',[2;2;65],9,[1;1;1],0,[1;1;NaN],[-17;-59;65],8,[NaN;NaN;0]},{'A',[-3;109;-103],10,[5;101;157],7,0,[-2;2;-65],9,2},{'M',[144;81;78],7,[100;81;-188],4,[NaN;0;NaN],[18;101;157],6,[3;NaN;NaN],[45;35;39],4,[NaN;NaN;1]},{'M',[-17;8;8],9,[1;1;1],0,[NaN;3;3],[-17;-59;65],8,[0;NaN;NaN]},{'A',[161;73;86],10,[144;81;78],7,0,[17;-8;8],9,0},{'M',[45;5;39],5,[5;5;-31],2,[NaN;0;NaN],[45;35;39],4,[0;NaN;0]},{'M',[-17;109;157],11,[18;101;157],6,[NaN;NaN;0],[-17;-59;65],8,[0;NaN;NaN],[-3;109;-103],10,[NaN;0;NaN]},{'A',[7;-26;49],12,[45;5;39],5,-2,[-17;-109;157],11,-2},{'M',[56;73;86],13,[161;73;86],10,[NaN;0;0],[7;-26;49],12,[3;NaN;NaN]},{'M',[7;73;65],13,[-17;-59;65],8,[NaN;NaN;0],[161;73;86],10,[NaN;0;NaN],[7;-26;49],12,[0;NaN;NaN]},{'A',[105;219;107],14,[56;73;86],13,1,[-7;73;-65],13,0},{'M',[160;109;157],11,[5;5;-31],2,[5;NaN;NaN],[18;101;157],6,[NaN;NaN;0],[-3;109;-103],10,[NaN;0;NaN]},{'A',[150;99;95],12,[160;109;157],11,0,[-5;-5;-31],2,1},{'M',[14;109;49],13,[-3;109;-103],10,[NaN;0;NaN],[7;-26;49],12,[1;NaN;0]},{'O',[14;109;49],13,[14;109;49],13,0},{'M',[150;195;78],13,[45;35;39],4,[NaN;NaN;1],[122;195;160],6,[NaN;0;NaN],[150;99;95],12,[0;NaN;NaN]},{'O',[150;195;78],13,[150;195;78],13,0},{'M',[244;99;95],13,[122;195;160],6,[1;NaN;NaN],[150;99;95],12,[NaN;0;0]},{'O',[244;99;95],13,[244;99;95],13,0},{'M',[105;219;86],15,[161;73;86],10,[NaN;NaN;0],[105;219;107],14,[0;0;NaN]},{'O',[105;219;86],15,[105;219;86],15,0},{'M',[-96;-52;-31],13,[5;5;-31],2,[NaN;NaN;0],[-3;109;-103],10,[5;NaN;NaN],[7;-26;49],12,[NaN;1;NaN]},{'O',[192;104;62],13,[96;52;31],13,1},{'M',[200;101;65],9,[100;81;-188],4,[1;NaN;NaN],[18;101;157],6,[NaN;0;NaN],[-17;-59;65],8,[NaN;NaN;0]},{'O',[200;101;65],9,[200;101;65],9,0},{'M',[161;73;107],15,[161;73;86],10,[0;0;NaN],[105;219;107],14,[NaN;NaN;0]},{'O',[161;73;107],15,[161;73;107],15,0},{'M',[8;140;160],7,[1;1;1],0,[3;NaN;NaN],[45;35;39],4,[NaN;2;NaN],[122;195;160],6,[NaN;NaN;0]},{'O',[8;140;160],7,[8;140;160],7,0},{'M',[-17;-118;-103],11,[-17;-59;65],8,[0;1;NaN],[-3;109;-103],10,[NaN;NaN;0]},{'O',[17;118;103],11,[17;118;103],11,0},{'M',[45;162;157],7,[100;81;-188],4,[NaN;1;NaN],[18;101;157],6,[NaN;NaN;0],[45;35;39],4,[0;NaN;NaN]},{'O',[45;162;157],7,[45;162;157],7,0}}
Adder graph: {{'M',[16;1;16],1,[1;1;1],0,[4;0;4]},{'M',[1;4;4],1,[1;1;1],0,[0;2;2]},{'A',[17;-3;20],2,[16;1;16],1,0,[1;-4;4],1,0},{'M',[1;64;40],3,[1;1;1],0,[0;6;NaN],[17;-3;20],2,[NaN;NaN;1]},{'M',[34;-6;1],3,[1;1;1],0,[NaN;NaN;0],[17;-3;20],2,[1;1;NaN]},{'A',[-33;70;39],4,[1;64;40],3,0,[-34;6;-1],3,0},{'M',[-33;70;2],5,[1;1;1],0,[NaN;NaN;1],[-33;70;39],4,[0;0;NaN]},{'M',[32;-3;20],3,[1;1;1],0,[5;NaN;NaN],[17;-3;20],2,[NaN;0;0]},{'A',[-1;73;22],6,[-33;70;2],5,0,[32;3;20],3,0},{'M',[-2;146;39],7,[-33;70;39],4,[NaN;NaN;0],[-1;73;22],6,[1;1;NaN]},{'M',[1;4;16],1,[1;1;1],0,[0;2;4]},{'A',[-6;162;103],8,[-2;146;39],7,0,[-1;4;16],1,2},{'M',[-1;73;4],7,[1;1;1],0,[NaN;NaN;2],[-1;73;22],6,[0;0;NaN]},{'M',[-6;292;103],9,[-1;73;22],6,[NaN;2;NaN],[-6;162;103],8,[0;NaN;0]},{'A',[-7;-219;107],10,[-1;73;4],7,0,[-6;-292;103],9,0},{'M',[2;70;2],5,[1;1;1],0,[1;NaN;1],[-33;70;39],4,[NaN;0;NaN]},{'M',[-33;162;103],9,[-33;70;39],4,[0;NaN;NaN],[-6;162;103],8,[NaN;0;0]},{'A',[-25;118;-95],10,[2;70;2],5,2,[-33;-162;-103],9,0},{'M',[-33;-3;39],5,[17;-3;20],2,[NaN;0;NaN],[-33;70;39],4,[0;NaN;0]},{'M',[-7;-24;22],11,[17;-3;20],2,[NaN;3;NaN],[-1;73;22],6,[NaN;NaN;0],[-7;-219;107],10,[0;NaN;NaN]},{'A',[-61;-99;-49],12,[-33;-3;39],5,0,[-7;-24;-22],11,2},{'M',[-16;73;206],9,[-1;73;22],6,[4;0;NaN],[-6;162;103],8,[NaN;NaN;1]},{'A',[45;-26;157],13,[-16;73;206],9,0,[61;-99;-49],12,0},{'M',[17;-99;-49],13,[17;-3;20],2,[0;NaN;NaN],[-61;-99;-49],12,[NaN;0;0]},{'M',[-61;1;8],13,[1;1;1],0,[NaN;0;3],[-61;-99;-49],12,[0;NaN;NaN]},{'A',[-105;-101;-65],14,[17;-99;-49],13,0,[-61;-1;-8],13,1},{'M',[17;-3;16],3,[1;1;1],0,[NaN;NaN;4],[17;-3;20],2,[0;0;NaN]},{'M',[-14;-219;214],11,[-7;-219;107],10,[1;0;1]},{'A',[150;195;-86],12,[17;-3;16],3,3,[14;219;-214],11,0},{'M',[128;-101;128],15,[1;1;1],0,[7;NaN;7],[-105;-101;-65],14,[NaN;0;NaN]},{'M',[-33;8;-190],11,[1;1;1],0,[NaN;3;NaN],[-33;70;39],4,[0;NaN;NaN],[-25;118;-95],10,[NaN;NaN;1]},{'A',[161;-109;-62],16,[128;-101;128],15,0,[33;-8;-190],11,0},{'M',[-14;-109;-49],17,[-7;-219;107],10,[1;NaN;NaN],[-61;-99;-49],12,[NaN;NaN;0],[161;-109;-62],16,[NaN;0;NaN]},{'O',[14;109;49],17,[14;109;49],17,0},{'M',[150;195;78],13,[-33;70;39],4,[NaN;NaN;1],[150;195;-86],12,[0;0;NaN]},{'O',[150;195;78],13,[150;195;78],13,0},{'M',[-244;-99;-95],13,[-25;118;-95],10,[NaN;NaN;0],[-61;-99;-49],12,[2;0;NaN]},{'O',[244;99;95],13,[244;99;95],13,0},{'M',[-105;-219;-86],15,[-7;-219;107],10,[NaN;0;NaN],[-105;-101;-65],14,[0;NaN;NaN],[150;195;-86],12,[NaN;NaN;0]},{'O',[105;219;86],15,[105;219;86],15,0},{'M',[-192;-104;-62],17,[-6;162;103],8,[5;NaN;NaN],[45;-26;157],13,[NaN;2;NaN],[161;-109;-62],16,[NaN;NaN;0]},{'O',[192;104;62],17,[192;104;62],17,0},{'M',[-200;-101;-65],15,[-25;118;-95],10,[3;NaN;NaN],[-105;-101;-65],14,[NaN;0;0]},{'O',[200;101;65],15,[200;101;65],15,0},{'M',[161;73;107],17,[-1;73;22],6,[NaN;0;NaN],[-7;-219;107],10,[NaN;NaN;0],[161;-109;-62],16,[0;NaN;NaN]},{'O',[161;73;107],17,[161;73;107],17,0},{'M',[4;70;80],5,[1;1;1],0,[2;NaN;NaN],[17;-3;20],2,[NaN;NaN;2],[-33;70;39],4,[NaN;0;NaN]},{'O',[8;140;160],5,[4;70;80],5,1},{'M',[17;118;103],11,[17;-3;20],2,[0;NaN;NaN],[-6;162;103],8,[NaN;NaN;0],[-25;118;-95],10,[NaN;0;NaN]},{'O',[17;118;103],11,[17;118;103],11,0},{'M',[45;162;157],14,[-6;162;103],8,[NaN;0;NaN],[45;-26;157],13,[0;NaN;0]},{'O',[45;162;157],14,[45;162;157],14,0}}
Adder graph: {{'M',[8;1;1],1,[1;1;1],0,[3;0;0]},{'M',[1;2;16],1,[1;1;1],0,[0;1;4]},{'A',[10;5;-31],2,[8;1;1],1,0,[1;2;-16],1,1},{'M',[10;5;8],3,[1;1;1],0,[NaN;NaN;3],[10;5;-31],2,[0;0;NaN]},{'A',[70;35;95],4,[10;5;8],3,3,[-10;-5;31],2,0},{'M',[1;10;1],3,[1;1;1],0,[0;NaN;0],[10;5;-31],2,[NaN;1;NaN]},{'M',[1;1;95],5,[1;1;1],0,[0;0;NaN],[70;35;95],4,[NaN;NaN;0]},{'A',[7;81;103],6,[1;10;1],3,3,[-1;1;95],5,0},{'M',[1;81;103],7,[1;1;1],0,[0;NaN;NaN],[7;81;103],6,[NaN;0;0]},{'M',[40;2;1],3,[1;1;1],0,[NaN;1;0],[10;5;-31],2,[2;NaN;NaN]},{'A',[161;73;107],8,[1;81;103],7,0,[40;-2;1],3,2},{'M',[56;73;1712],9,[7;81;103],6,[3;NaN;NaN],[161;73;107],8,[NaN;0;4]},{'M',[161;292;107],9,[161;73;107],8,[0;2;0]},{'A',[-105;-219;1819],10,[56;73;1712],9,0,[-161;-292;107],9,0},{'M',[70;35;64],5,[1;1;1],0,[NaN;NaN;6],[70;35;95],4,[0;0;NaN]},{'M',[80;160;1],3,[1;1;1],0,[NaN;NaN;0],[10;5;-31],2,[3;5;NaN]},{'A',[150;195;65],6,[70;35;64],5,0,[80;160;1],3,0},{'M',[1;5;1],3,[1;1;1],0,[0;NaN;0],[10;5;-31],2,[NaN;0;NaN]},{'M',[7;81;1],7,[1;1;1],0,[NaN;NaN;0],[7;81;103],6,[0;0;NaN]},{'A',[-3;101;5],8,[1;5;1],3,2,[-7;81;1],7,0},{'M',[7;64;8],7,[1;1;1],0,[NaN;6;3],[7;81;103],6,[0;NaN;NaN]},{'A',[17;59;39],8,[7;64;8],7,0,[10;-5;31],2,0},{'M',[136;35;107],9,[70;35;95],4,[NaN;0;NaN],[161;73;107],8,[NaN;NaN;0],[17;59;39],8,[3;NaN;NaN]},{'A',[200;99;-43],10,[1;1;1],0,6,[136;35;-107],9,0},{'M',[17;73;103],9,[7;81;103],6,[NaN;NaN;0],[161;73;107],8,[NaN;0;NaN],[17;59;39],8,[0;NaN;NaN]},{'M',[-105;99;5],11,[-105;-219;1819],10,[0;NaN;NaN],[-3;101;5],8,[NaN;NaN;0],[200;99;-43],10,[NaN;0;NaN]},{'A',[61;-13;49],12,[17;73;103],9,-1,[105;-99;-5],11,-1},{'M',[-3;101;95],9,[70;35;95],4,[NaN;NaN;0],[-3;101;5],8,[0;0;NaN]},{'M',[-24;4;-31],9,[1;1;1],0,[NaN;2;NaN],[10;5;-31],2,[NaN;NaN;0],[-3;101;5],8,[3;NaN;NaN]},{'A',[45;109;157],10,[-3;101;95],9,0,[24;4;31],9,1},{'M',[14;109;49],13,[7;81;103],6,[1;NaN;NaN],[61;-13;49],12,[NaN;NaN;0],[45;109;157],10,[NaN;0;NaN]},{'O',[14;109;49],13,[14;109;49],13,0},{'M',[150;195;78],9,[150;195;65],6,[0;0;NaN],[17;59;39],8,[NaN;NaN;1]},{'O',[150;195;78],9,[150;195;78],9,0},{'M',[244;99;95],13,[70;35;95],4,[NaN;NaN;0],[200;99;-43],10,[NaN;0;NaN],[61;-13;49],12,[2;NaN;NaN]},{'O',[244;99;95],13,[244;99;95],13,0},{'M',[-105;-219;-86],11,[-105;-219;1819],10,[0;0;NaN],[200;99;-43],10,[NaN;NaN;1]},{'O',[105;219;86],11,[105;219;86],11,0},{'M',[-96;-52;-31],13,[10;5;-31],2,[NaN;NaN;0],[-3;101;5],8,[5;NaN;NaN],[61;-13;49],12,[NaN;2;NaN]},{'O',[192;104;62],13,[96;52;31],13,1},{'M',[200;101;65],11,[150;195;65],6,[NaN;NaN;0],[-3;101;5],8,[NaN;0;NaN],[200;99;-43],10,[0;NaN;NaN]},{'O',[200;101;65],11,[200;101;65],11,0},{'O',[161;73;107],8,[161;73;107],8,0},{'M',[2;35;40],9,[1;1;1],0,[1;NaN;NaN],[70;35;95],4,[NaN;0;NaN],[-3;101;5],8,[NaN;NaN;3]},{'O',[8;140;160],9,[2;35;40],9,2},{'M',[17;118;103],9,[7;81;103],6,[NaN;NaN;0],[17;59;39],8,[0;1;NaN]},{'O',[17;118;103],9,[17;118;103],9,0},{'M',[45;162;157],11,[7;81;103],6,[NaN;1;NaN],[45;109;157],10,[0;NaN;0]},{'O',[45;162;157],11,[45;162;157],11,0}}
Adder graph: {{'M',[8;1;32],1,[1;1;1],0,[3;0;5]},{'A',[17;3;65],2,[1;1;1],0,0,[8;1;32],1,1},{'M',[17;3;32],3,[1;1;1],0,[NaN;NaN;5],[17;3;65],2,[0;0;NaN]},{'M',[128;96;1],3,[1;1;1],0,[7;NaN;0],[17;3;65],2,[NaN;5;NaN]},{'A',[-111;99;31],4,[17;3;32],3,0,[-128;96;-1],3,0},{'M',[17;12;8],3,[1;1;1],0,[NaN;NaN;3],[17;3;65],2,[0;2;NaN]},{'A',[25;195;95],5,[17;12;8],3,3,[-111;99;31],4,0},{'M',[8;1;65],3,[1;1;1],0,[3;0;NaN],[17;3;65],2,[NaN;NaN;0]},{'M',[1;6;8],3,[1;1;1],0,[0;NaN;3],[17;3;65],2,[NaN;1;NaN]},{'A',[6;13;49],4,[8;1;65],3,0,[-1;6;-8],3,1},{'M',[100;99;31],6,[-111;99;31],4,[NaN;0;0],[25;195;95],5,[2;NaN;NaN]},{'M',[25;64;8],6,[1;1;1],0,[NaN;6;3],[25;195;95],5,[0;NaN;NaN]},{'A',[75;35;39],7,[100;99;31],6,0,[-25;-64;8],6,0},{'M',[2;24;49],5,[1;1;1],0,[1;NaN;NaN],[17;3;65],2,[NaN;3;NaN],[6;13;49],4,[NaN;NaN;0]},{'A',[14;109;147],6,[2;24;49],5,2,[6;13;-49],4,0},{'M',[50;2;1],6,[1;1;1],0,[NaN;1;0],[25;195;95],5,[1;NaN;NaN]},{'M',[-111;99;4],5,[1;1;1],0,[NaN;NaN;2],[-111;99;31],4,[0;0;NaN]},{'A',[161;101;5],7,[50;2;1],6,0,[111;99;4],5,0},{'M',[14;70;147],8,[75;35;39],7,[NaN;1;NaN],[14;109;147],6,[0;NaN;0]},{'M',[17;3;40],8,[17;3;65],2,[0;0;NaN],[161;101;5],7,[NaN;NaN;3]},{'A',[-3;73;107],9,[14;70;147],8,0,[-17;3;-40],8,0},{'M',[8;1;8],1,[1;1;1],0,[3;0;3]},{'A',[61;81;-43],10,[8;1;8],1,3,[-3;73;-107],9,0},{'M',[56;73;107],10,[14;109;147],6,[2;NaN;NaN],[-3;73;107],9,[NaN;0;0]},{'M',[161;292;4],10,[1;1;1],0,[NaN;NaN;2],[161;101;5],7,[0;NaN;NaN],[-3;73;107],9,[NaN;2;NaN]},{'A',[-105;-219;103],11,[56;73;107],10,0,[-161;-292;-4],10,0},{'M',[75;35;130],8,[17;3;65],2,[NaN;NaN;1],[75;35;39],7,[0;0;NaN]},{'M',[-105;48;103],12,[17;3;65],2,[NaN;4;NaN],[-105;-219;103],11,[0;NaN;0]},{'A',[45;118;157],13,[75;35;130],8,1,[-105;48;-103],12,0},{'M',[14;109;49],7,[6;13;49],4,[NaN;NaN;0],[14;109;147],6,[0;0;NaN]},{'O',[14;109;49],7,[14;109;49],7,0},{'M',[150;195;78],8,[25;195;95],5,[NaN;0;NaN],[75;35;39],7,[1;NaN;1]},{'O',[150;195;78],8,[150;195;78],8,0},{'M',[244;99;95],11,[-111;99;31],4,[NaN;0;NaN],[25;195;95],5,[NaN;NaN;0],[61;81;-43],10,[2;NaN;NaN]},{'O',[244;99;95],11,[244;99;95],11,0},{'M',[-105;-219;-86],12,[61;81;-43],10,[NaN;NaN;1],[-105;-219;103],11,[0;0;NaN]},{'O',[105;219;86],12,[105;219;86],12,0},{'M',[96;52;31],5,[-111;99;31],4,[NaN;NaN;0],[6;13;49],4,[4;2;NaN]},{'O',[192;104;62],5,[96;52;31],5,1},{'M',[200;101;65],8,[17;3;65],2,[NaN;NaN;0],[25;195;95],5,[3;NaN;NaN],[161;101;5],7,[NaN;0;NaN]},{'O',[200;101;65],8,[200;101;65],8,0},{'M',[161;73;107],10,[161;101;5],7,[0;NaN;NaN],[-3;73;107],9,[NaN;0;0]},{'O',[161;73;107],10,[161;73;107],10,0},{'M',[2;35;40],8,[1;1;1],0,[1;NaN;NaN],[75;35;39],7,[NaN;0;NaN],[161;101;5],7,[NaN;NaN;3]},{'O',[8;140;160],8,[2;35;40],8,2},{'M',[17;118;103],14,[17;3;65],2,[0;NaN;NaN],[-105;-219;103],11,[NaN;NaN;0],[45;118;157],13,[NaN;0;NaN]},{'O',[17;118;103],14,[17;118;103],14,0},{'M',[45;162;157],14,[61;81;-43],10,[NaN;1;NaN],[45;118;157],13,[0;NaN;0]},{'O',[45;162;157],14,[45;162;157],14,0}}
Adder graph: {{'M',[1;1;16],1,[1;1;1],0,[0;0;4]},{'A',[-3;-3;-63],2,[1;1;1],0,0,[-1;-1;-16],1,2},{'M',[-48;-192;1],3,[1;1;1],0,[NaN;NaN;0],[-3;-3;-63],2,[4;6;NaN]},{'A',[-45;-195;-62],4,[-48;-192;1],3,0,[3;-3;-63],2,0},{'M',[1;-6;1],3,[1;1;1],0,[0;NaN;0],[-3;-3;-63],2,[NaN;1;NaN]},{'A',[-61;-99;-78],5,[-45;-195;-62],4,0,[-1;6;-1],3,4},{'M',[-48;-24;-63],3,[-3;-3;-63],2,[4;3;0]},{'M',[-3;1;1],3,[1;1;1],0,[NaN;0;0],[-3;-3;-63],2,[0;NaN;NaN]},{'A',[-54;-26;-65],4,[-48;-24;-63],3,0,[-3;-1;-1],3,1},{'M',[-61;-99;-63],6,[-3;-3;-63],2,[NaN;NaN;0],[-61;-99;-78],5,[0;0;NaN]},{'M',[-54;-26;32],5,[1;1;1],0,[NaN;NaN;5],[-54;-26;-65],4,[0;0;NaN]},{'A',[-7;-73;-95],7,[-61;-99;-63],6,0,[54;26;-32],5,0},{'M',[-7;-26;1],8,[1;1;1],0,[NaN;NaN;0],[-54;-26;-65],4,[NaN;0;NaN],[-7;-73;-95],7,[0;NaN;NaN]},{'M',[-122;-3;-156],6,[-3;-3;-63],2,[NaN;0;NaN],[-61;-99;-78],5,[1;NaN;1]},{'A',[-150;-101;160],9,[-7;-26;1],8,2,[-122;3;156],6,0},{'M',[-192;-101;-78],10,[-3;-3;-63],2,[6;NaN;NaN],[-61;-99;-78],5,[NaN;NaN;0],[-150;-101;160],9,[NaN;0;NaN]},{'A',[-200;-109;-86],11,[-192;-101;-78],10,0,[-1;-1;-1],0,3},{'M',[-150;-24;-65],10,[-3;-3;-63],2,[NaN;3;NaN],[-54;-26;-65],4,[NaN;NaN;0],[-150;-101;160],9,[0;NaN;NaN]},{'M',[-45;-195;16],5,[1;1;1],0,[NaN;NaN;4],[-45;-195;-62],4,[0;0;NaN]},{'A',[-105;-219;-49],11,[-150;-24;-65],10,0,[45;-195;16],5,0},{'M',[-14;-146;-95],8,[-7;-73;-95],7,[1;1;0]},{'M',[-45;16;-62],5,[1;1;1],0,[NaN;4;NaN],[-45;-195;-62],4,[0;NaN;0]},{'A',[31;-162;-157],9,[-14;-146;-95],8,0,[45;-16;-62],5,0},{'M',[-56;-101;-156],10,[-61;-99;-78],5,[NaN;NaN;1],[-7;-73;-95],7,[3;NaN;NaN],[-150;-101;160],9,[NaN;0;NaN]},{'A',[-161;118;-107],12,[-56;-101;-156],10,0,[-105;219;49],11,0},{'M',[31;236;-157],13,[31;-162;-157],9,[0;NaN;0],[-161;118;-107],12,[NaN;1;NaN]},{'M',[-7;-48;-130],8,[-3;-3;-63],2,[NaN;4;NaN],[-54;-26;-65],4,[NaN;NaN;1],[-7;-73;-95],7,[0;NaN;NaN]},{'A',[17;140;103],14,[31;236;-157],13,0,[-7;-48;130],8,1},{'M',[-14;-109;-49],12,[-7;-73;-95],7,[1;NaN;NaN],[-200;-109;-86],11,[NaN;0;NaN],[-105;-219;-49],11,[NaN;NaN;0]},{'O',[14;109;49],12,[14;109;49],12,0},{'M',[-150;-195;-78],10,[-45;-195;-62],4,[NaN;0;NaN],[-61;-99;-78],5,[NaN;NaN;0],[-150;-101;160],9,[0;NaN;NaN]},{'O',[150;195;78],10,[150;195;78],10,0},{'M',[-244;-99;-95],8,[-61;-99;-78],5,[2;0;NaN],[-7;-73;-95],7,[NaN;NaN;0]},{'O',[244;99;95],8,[244;99;95],8,0},{'M',[-105;-219;-86],12,[-200;-109;-86],11,[NaN;NaN;0],[-105;-219;-49],11,[0;0;NaN]},{'O',[105;219;86],12,[105;219;86],12,0},{'M',[-192;-104;-62],5,[-3;-3;-63],2,[6;NaN;NaN],[-45;-195;-62],4,[NaN;NaN;0],[-54;-26;-65],4,[NaN;2;NaN]},{'O',[192;104;62],5,[192;104;62],5,0},{'M',[-200;-101;-65],12,[-54;-26;-65],4,[NaN;NaN;0],[-150;-101;160],9,[NaN;0;NaN],[-200;-109;-86],11,[0;NaN;NaN]},{'O',[200;101;65],12,[200;101;65],12,0},{'M',[-161;-73;-107],13,[-7;-73;-95],7,[NaN;0;NaN],[-161;118;-107],12,[0;NaN;0]},{'O',[161;73;107],13,[161;73;107],13,0},{'M',[8;140;160],15,[1;1;1],0,[3;NaN;NaN],[-150;-101;160],9,[NaN;NaN;0],[17;140;103],14,[NaN;0;NaN]},{'O',[8;140;160],15,[8;140;160],15,0},{'M',[17;118;103],15,[-161;118;-107],12,[NaN;0;NaN],[17;140;103],14,[0;NaN;0]},{'O',[17;118;103],15,[17;118;103],15,0},{'M',[-45;-162;-157],10,[-45;-195;-62],4,[0;NaN;NaN],[31;-162;-157],9,[NaN;0;0]},{'O',[45;162;157],10,[45;162;157],10,0}}
Adder graph: {{'M',[1;1;4],1,[1;1;1],0,[0;0;2]},{'A',[9;9;33],2,[1;1;4],1,3,[1;1;1],0,0},{'M',[16;1;16],1,[1;1;1],0,[4;0;4]},{'M',[32;9;33],3,[1;1;1],0,[5;NaN;NaN],[9;9;33],2,[NaN;0;0]},{'A',[96;13;31],4,[16;1;16],1,2,[32;9;-33],3,0},{'M',[16;16;31],5,[1;1;1],0,[4;4;NaN],[96;13;31],4,[NaN;NaN;0]},{'M',[72;9;33],3,[9;9;33],2,[3;0;0]},{'A',[136;73;157],6,[16;16;31],5,2,[72;9;33],3,0},{'M',[4;13;4],5,[1;1;1],0,[2;NaN;2],[96;13;31],4,[NaN;0;NaN]},{'M',[9;18;64],3,[1;1;1],0,[NaN;NaN;6],[9;9;33],2,[0;1;NaN]},{'A',[25;70;80],6,[4;13;4],5,2,[9;18;64],3,0},{'M',[144;73;157],7,[9;9;33],2,[4;NaN;NaN],[136;73;157],6,[NaN;0;0]},{'M',[50;13;31],7,[96;13;31],4,[NaN;0;0],[25;70;80],6,[1;NaN;NaN]},{'A',[244;99;95],8,[144;73;157],7,0,[50;13;-31],7,1},{'M',[25;9;66],7,[9;9;33],2,[NaN;0;1],[25;70;80],6,[0;NaN;NaN]},{'M',[25;73;157],7,[136;73;157],6,[NaN;0;0],[25;70;80],6,[0;NaN;NaN]},{'A',[75;109;107],8,[25;9;66],7,2,[-25;73;-157],7,0},{'M',[9;26;4],5,[1;1;1],0,[NaN;NaN;2],[9;9;33],2,[0;NaN;NaN],[96;13;31],4,[NaN;1;NaN]},{'M',[36;144;107],9,[9;9;33],2,[2;4;NaN],[75;109;107],8,[NaN;NaN;0]},{'A',[45;-118;-103],10,[9;26;4],5,0,[36;-144;-107],9,0},{'M',[25;208;80],7,[96;13;31],4,[NaN;4;NaN],[25;70;80],6,[0;NaN;0]},{'M',[136;13;2],7,[1;1;1],0,[NaN;NaN;1],[96;13;31],4,[NaN;0;NaN],[136;73;157],6,[0;NaN;NaN]},{'A',[161;195;78],8,[25;208;80],7,0,[136;-13;-2],7,0},{'M',[1;9;2],3,[1;1;1],0,[0;NaN;1],[9;9;33],2,[NaN;0;NaN]},{'M',[25;9;33],7,[9;9;33],2,[NaN;0;0],[25;70;80],6,[0;NaN;NaN]},{'A',[-17;81;49],8,[1;9;2],3,3,[-25;9;33],7,0},{'M',[45;1;128],11,[1;1;1],0,[NaN;0;7],[45;-118;-103],10,[0;NaN;NaN]},{'A',[105;219;86],12,[75;109;107],8,1,[-45;1;-128],11,0},{'M',[9;-118;33],11,[9;9;33],2,[0;NaN;0],[45;-118;-103],10,[NaN;0;NaN]},{'M',[2;219;32],13,[1;1;1],0,[1;NaN;5],[105;219;86],12,[NaN;0;NaN]},{'A',[7;101;65],14,[9;-118;33],11,0,[-2;219;32],13,0},{'M',[14;109;49],15,[75;109;107],8,[NaN;0;NaN],[-17;81;49],8,[NaN;NaN;0],[7;101;65],14,[1;NaN;NaN]},{'O',[14;109;49],15,[14;109;49],15,0},{'M',[150;195;78],9,[75;109;107],8,[1;NaN;NaN],[161;195;78],8,[NaN;0;0]},{'O',[150;195;78],9,[150;195;78],9,0},{'O',[244;99;95],8,[244;99;95],8,0},{'O',[105;219;86],12,[105;219;86],12,0},{'M',[96;52;31],5,[96;13;31],4,[0;2;0]},{'O',[192;104;62],5,[96;52;31],5,1},{'M',[200;101;65],15,[25;70;80],6,[3;NaN;NaN],[7;101;65],14,[NaN;0;0]},{'O',[200;101;65],15,[200;101;65],15,0},{'M',[161;73;107],9,[136;73;157],6,[NaN;0;NaN],[75;109;107],8,[NaN;NaN;0],[161;195;78],8,[0;NaN;NaN]},{'O',[161;73;107],9,[161;73;107],9,0},{'M',[4;70;80],7,[1;1;1],0,[2;NaN;NaN],[25;70;80],6,[NaN;0;0]},{'O',[8;140;160],7,[4;70;80],7,1},{'M',[-17;-118;-103],11,[45;-118;-103],10,[NaN;0;0],[-17;81;49],8,[0;NaN;NaN]},{'O',[17;118;103],11,[17;118;103],11,0},{'M',[45;162;157],11,[136;73;157],6,[NaN;NaN;0],[45;-118;-103],10,[0;NaN;NaN],[-17;81;49],8,[NaN;1;NaN]},{'O',[45;162;157],11,[45;162;157],11,0}}
Adder graph: {{'M',[1;1;16],1,[1;1;1],0,[0;0;4]},{'M',[2;1;2],1,[1;1;1],0,[1;0;1]},{'A',[-3;3;20],2,[1;1;16],1,0,[-2;1;2],1,1},{'M',[-3;3;80],3,[-3;3;20],2,[0;0;2]},{'M',[-24;8;1],3,[1;1;1],0,[NaN;3;0],[-3;3;20],2,[3;NaN;NaN]},{'A',[45;-13;78],4,[-3;3;80],3,0,[24;-8;-1],3,1},{'M',[4;3;4],3,[1;1;1],0,[2;NaN;2],[-3;3;20],2,[NaN;0;NaN]},{'A',[173;109;50],5,[4;3;4],3,5,[45;13;-78],4,0},{'M',[4;-13;78],5,[1;1;1],0,[2;NaN;NaN],[45;-13;78],4,[NaN;0;0]},{'M',[1;96;1],3,[1;1;1],0,[0;NaN;0],[-3;3;20],2,[NaN;5;NaN]},{'A',[7;70;157],6,[4;-13;78],5,1,[-1;96;1],3,0},{'M',[-3;3;50],6,[-3;3;20],2,[0;0;NaN],[173;109;50],5,[NaN;NaN;0]},{'M',[14;192;1],7,[1;1;1],0,[NaN;NaN;0],[-3;3;20],2,[NaN;6;NaN],[7;70;157],6,[1;NaN;NaN]},{'A',[-17;195;49],8,[-3;3;50],6,0,[-14;192;-1],7,0},{'M',[-3;3;2],3,[1;1;1],0,[NaN;NaN;1],[-3;3;20],2,[0;0;NaN]},{'M',[224;195;49],9,[7;70;157],6,[5;NaN;NaN],[-17;195;49],8,[NaN;0;0]},{'A',[200;219;65],10,[-3;3;2],3,3,[224;195;49],9,0},{'M',[173;109;78],6,[45;-13;78],4,[NaN;NaN;0],[173;109;50],5,[0;0;NaN]},{'M',[-17;2;2],9,[1;1;1],0,[NaN;1;1],[-17;195;49],8,[0;NaN;NaN]},{'A',[105;101;86],10,[173;109;78],6,0,[-17;-2;2],9,2},{'M',[7;101;157],11,[7;70;157],6,[0;NaN;0],[105;101;86],10,[NaN;0;NaN]},{'M',[-68;219;260],11,[-17;195;49],8,[2;NaN;NaN],[200;219;65],10,[NaN;0;2]},{'A',[75;-118;-103],12,[7;101;157],11,0,[68;-219;-260],11,0},{'M',[-12;70;157],7,[-3;3;20],2,[2;NaN;NaN],[7;70;157],6,[NaN;0;0]},{'M',[173;3;50],6,[-3;3;20],2,[NaN;0;NaN],[173;109;50],5,[0;NaN;0]},{'A',[161;73;107],8,[-12;70;157],7,0,[173;3;-50],6,0},{'M',[1;1;2],1,[1;1;1],0,[0;0;1]},{'M',[45;73;78],9,[45;-13;78],4,[0;NaN;0],[161;73;107],8,[NaN;0;NaN]},{'A',[-37;81;-62],10,[1;1;2],1,3,[-45;73;-78],9,0},{'M',[-96;96;65],11,[-3;3;20],2,[5;5;NaN],[200;219;65],10,[NaN;NaN;0]},{'M',[-148;195;160],11,[-3;3;20],2,[NaN;NaN;3],[-17;195;49],8,[NaN;0;NaN],[-37;81;-62],10,[2;NaN;NaN]},{'A',[-244;-99;-95],12,[-96;96;65],11,0,[-148;-195;-160],11,0},{'M',[14;109;49],9,[173;109;50],5,[NaN;0;NaN],[7;70;157],6,[1;NaN;NaN],[-17;195;49],8,[NaN;NaN;0]},{'O',[14;109;49],9,[14;109;49],9,0},{'M',[150;195;78],13,[45;-13;78],4,[NaN;NaN;0],[-17;195;49],8,[NaN;0;NaN],[75;-118;-103],12,[1;NaN;NaN]},{'O',[150;195;78],13,[150;195;78],13,0},{'O',[244;99;95],12,[244;99;95],12,0},{'M',[105;219;86],11,[200;219;65],10,[NaN;0;NaN],[105;101;86],10,[0;NaN;0]},{'O',[105;219;86],11,[105;219;86],11,0},{'M',[-192;-104;-62],11,[-3;3;20],2,[6;NaN;NaN],[45;-13;78],4,[NaN;3;NaN],[-37;81;-62],10,[NaN;NaN;0]},{'O',[192;104;62],11,[192;104;62],11,0},{'M',[200;101;65],11,[200;219;65],10,[0;NaN;0],[105;101;86],10,[NaN;0;NaN]},{'O',[200;101;65],11,[200;101;65],11,0},{'O',[161;73;107],8,[161;73;107],8,0},{'M',[4;70;80],7,[1;1;1],0,[2;NaN;NaN],[-3;3;20],2,[NaN;NaN;2],[7;70;157],6,[NaN;0;NaN]},{'O',[8;140;160],7,[4;70;80],7,1},{'M',[-17;-118;-103],13,[-17;195;49],8,[0;NaN;NaN],[75;-118;-103],12,[NaN;0;0]},{'O',[17;118;103],13,[17;118;103],13,0},{'M',[45;162;157],11,[45;-13;78],4,[0;NaN;NaN],[7;70;157],6,[NaN;NaN;0],[-37;81;-62],10,[NaN;1;NaN]},{'O',[45;162;157],11,[45;162;157],11,0}}
Adder graph: {{'M',[8;1;8],1,[1;1;1],0,[3;0;3]},{'M',[1;1;8],1,[1;1;1],0,[0;0;3]},{'A',[12;5;40],2,[8;1;8],1,0,[1;1;8],1,2},{'M',[12;80;40],3,[12;5;40],2,[0;4;0]},{'A',[11;81;39],4,[12;80;40],3,0,[-1;1;-1],0,0},{'M',[11;16;39],5,[1;1;1],0,[NaN;4;NaN],[11;81;39],4,[0;NaN;0]},{'M',[1;5;1],3,[1;1;1],0,[0;NaN;0],[12;5;40],2,[NaN;0;NaN]},{'A',[45;59;157],6,[11;16;39],5,2,[1;-5;1],3,0},{'A',[14;35;49],7,[11;81;39],4,-2,[45;59;157],6,-2},{'M',[28;81;64],8,[1;1;1],0,[NaN;NaN;6],[11;81;39],4,[NaN;0;NaN],[14;35;49],7,[1;NaN;NaN]},{'M',[11;8;39],5,[1;1;1],0,[NaN;3;NaN],[11;81;39],4,[0;NaN;0]},{'A',[17;73;103],9,[28;81;64],8,0,[-11;-8;39],5,0},{'M',[45;59;64],7,[1;1;1],0,[NaN;NaN;6],[45;59;157],6,[0;0;NaN]},{'M',[1;10;1],3,[1;1;1],0,[0;NaN;0],[12;5;40],2,[NaN;1;NaN]},{'A',[61;-101;80],8,[45;59;64],7,0,[1;-10;1],3,4},{'M',[61;146;2],10,[1;1;1],0,[NaN;NaN;1],[17;73;103],9,[NaN;1;NaN],[61;-101;80],8,[0;NaN;NaN]},{'A',[-105;-219;107],11,[17;73;103],9,0,[-61;-146;2],10,1},{'M',[14;35;128],8,[1;1;1],0,[NaN;NaN;7],[14;35;49],7,[0;0;NaN]},{'M',[32;80;107],12,[1;1;1],0,[5;NaN;NaN],[12;5;40],2,[NaN;4;NaN],[-105;-219;107],11,[NaN;NaN;0]},{'A',[-50;195;-86],13,[14;35;128],8,0,[-32;80;-107],12,1},{'M',[17;35;103],10,[14;35;49],7,[NaN;0;NaN],[17;73;103],9,[0;NaN;0]},{'M',[192;8;1],3,[1;1;1],0,[NaN;3;0],[12;5;40],2,[4;NaN;NaN]},{'A',[-1519;99;95],11,[17;35;103],10,0,[-192;8;-1],3,3},{'M',[61;10;80],9,[12;5;40],2,[NaN;1;1],[61;-101;80],8,[0;NaN;NaN]},{'M',[14;99;49],12,[14;35;49],7,[0;NaN;0],[-1519;99;95],11,[NaN;0;NaN]},{'A',[75;109;31],13,[61;10;80],9,0,[14;99;-49],12,0},{'M',[-1680;5;160],12,[12;5;40],2,[NaN;0;NaN],[61;-101;80],8,[NaN;NaN;1],[-105;-219;107],11,[4;NaN;NaN]},{'A',[161;104;-65],13,[-1519;99;95],11,0,[1680;5;-160],12,0},{'M',[14;109;49],14,[14;35;49],7,[0;NaN;0],[75;109;31],13,[NaN;0;NaN]},{'O',[14;109;49],14,[14;109;49],14,0},{'M',[150;195;78],14,[11;81;39],4,[NaN;NaN;1],[-50;195;-86],13,[NaN;0;NaN],[75;109;31],13,[1;NaN;NaN]},{'O',[150;195;78],14,[150;195;78],14,0},{'M',[244;99;95],12,[61;-101;80],8,[2;NaN;NaN],[-1519;99;95],11,[NaN;0;0]},{'O',[244;99;95],12,[244;99;95],12,0},{'M',[-105;-219;-86],14,[-105;-219;107],11,[0;0;NaN],[-50;195;-86],13,[NaN;NaN;0]},{'O',[105;219;86],14,[105;219;86],14,0},{'M',[192;104;62],14,[12;5;40],2,[4;NaN;NaN],[75;109;31],13,[NaN;NaN;1],[161;104;-65],13,[NaN;0;NaN]},{'O',[192;104;62],14,[192;104;62],14,0},{'M',[-200;-101;-65],14,[61;-101;80],8,[NaN;0;NaN],[-50;195;-86],13,[2;NaN;NaN],[161;104;-65],13,[NaN;NaN;0]},{'O',[200;101;65],14,[200;101;65],14,0},{'M',[161;73;107],14,[17;73;103],9,[NaN;0;NaN],[-105;-219;107],11,[NaN;NaN;0],[161;104;-65],13,[0;NaN;NaN]},{'O',[161;73;107],14,[161;73;107],14,0},{'M',[2;35;40],8,[1;1;1],0,[1;NaN;NaN],[12;5;40],2,[NaN;NaN;0],[14;35;49],7,[NaN;0;NaN]},{'O',[8;140;160],8,[2;35;40],8,2},{'M',[17;118;103],10,[45;59;157],6,[NaN;1;NaN],[17;73;103],9,[0;NaN;0]},{'O',[17;118;103],10,[17;118;103],10,0},{'M',[45;162;157],7,[11;81;39],4,[NaN;1;NaN],[45;59;157],6,[0;NaN;0]},{'O',[45;162;157],7,[45;162;157],7,0}}
Adder graph: {{'M',[4;2;1],1,[1;1;1],0,[2;1;0]},{'A',[17;9;5],2,[4;2;1],1,2,[1;1;1],0,0},{'M',[1;8;8],1,[1;1;1],0,[0;3;3]},{'M',[2;9;2],3,[1;1;1],0,[1;NaN;1],[17;9;5],2,[NaN;0;NaN]},{'A',[10;73;62],4,[1;8;8],1,3,[2;9;-2],3,0},{'M',[1;73;1],5,[1;1;1],0,[0;NaN;0],[10;73;62],4,[NaN;0;NaN]},{'M',[40;9;20],5,[17;9;5],2,[NaN;0;2],[10;73;62],4,[2;NaN;NaN]},{'A',[161;109;81],6,[1;73;1],5,0,[40;9;20],5,2},{'M',[20;9;5],5,[17;9;5],2,[NaN;0;0],[10;73;62],4,[1;NaN;NaN]},{'M',[4;4;81],7,[1;1;1],0,[2;2;NaN],[161;109;81],6,[NaN;NaN;0]},{'A',[24;13;86],8,[20;9;5],5,0,[4;4;81],7,0},{'M',[161;52;81],9,[161;109;81],6,[0;NaN;0],[24;13;86],8,[NaN;2;NaN]},{'M',[68;36;5],3,[17;9;5],2,[2;2;0]},{'A',[254;140;157],10,[161;52;81],9,1,[-68;36;-5],3,0},{'M',[10;13;1],9,[1;1;1],0,[NaN;NaN;0],[10;73;62],4,[0;NaN;NaN],[24;13;86],8,[NaN;0;NaN]},{'M',[10;13;62],9,[10;73;62],4,[0;NaN;0],[24;13;86],8,[NaN;0;NaN]},{'A',[150;195;78],10,[10;13;1],9,4,[-10;-13;62],9,0},{'M',[150;109;81],11,[161;109;81],6,[NaN;0;0],[150;195;78],10,[0;NaN;NaN]},{'M',[17;1;4],3,[1;1;1],0,[NaN;0;2],[17;9;5],2,[0;NaN;NaN]},{'A',[14;101;49],12,[150;109;81],11,0,[-17;-1;-4],3,3},{'M',[161;146;81],7,[10;73;62],4,[NaN;1;NaN],[161;109;81],6,[0;NaN;0]},{'M',[17;2;2],3,[1;1;1],0,[NaN;1;1],[17;9;5],2,[0;NaN;NaN]},{'A',[25;162;65],8,[161;146;81],7,0,[-17;2;-2],3,3},{'M',[28;109;98],13,[161;109;81],6,[NaN;0;NaN],[14;101;49],12,[1;NaN;1]},{'A',[45;118;103],14,[28;109;98],13,0,[17;9;5],2,0},{'M',[10;2;62],5,[1;1;1],0,[NaN;1;NaN],[10;73;62],4,[0;NaN;0]},{'M',[254;101;157],13,[254;140;157],10,[0;NaN;0],[14;101;49],12,[NaN;0;NaN]},{'A',[-244;-99;-95],14,[10;2;62],5,0,[-254;-101;-157],13,0},{'M',[150;101;4],13,[1;1;1],0,[NaN;NaN;2],[150;195;78],10,[0;NaN;NaN],[14;101;49],12,[NaN;0;NaN]},{'A',[105;219;107],15,[150;101;4],13,0,[-45;118;103],14,0},{'M',[14;109;49],13,[161;109;81],6,[NaN;0;NaN],[14;101;49],12,[0;NaN;0]},{'O',[14;109;49],13,[14;109;49],13,0},{'O',[150;195;78],10,[150;195;78],10,0},{'O',[244;99;95],14,[244;99;95],14,0},{'M',[105;219;86],16,[24;13;86],8,[NaN;NaN;0],[105;219;107],15,[0;0;NaN]},{'O',[105;219;86],16,[105;219;86],16,0},{'M',[192;104;62],9,[10;73;62],4,[NaN;NaN;0],[24;13;86],8,[3;3;NaN]},{'O',[192;104;62],9,[192;104;62],9,0},{'M',[200;101;65],13,[14;101;49],12,[NaN;0;NaN],[25;162;65],8,[3;NaN;0]},{'O',[200;101;65],13,[200;101;65],13,0},{'M',[161;73;107],16,[10;73;62],4,[NaN;0;NaN],[161;109;81],6,[0;NaN;NaN],[105;219;107],15,[NaN;NaN;0]},{'O',[161;73;107],16,[161;73;107],16,0},{'M',[8;140;160],11,[1;1;1],0,[3;NaN;NaN],[17;9;5],2,[NaN;NaN;5],[254;140;157],10,[NaN;0;NaN]},{'O',[8;140;160],11,[8;140;160],11,0},{'M',[17;118;103],15,[17;9;5],2,[0;NaN;NaN],[45;118;103],14,[NaN;0;0]},{'O',[17;118;103],15,[17;118;103],15,0},{'M',[45;162;157],15,[254;140;157],10,[NaN;NaN;0],[25;162;65],8,[NaN;0;NaN],[45;118;103],14,[0;NaN;NaN]},{'O',[45;162;157],15,[45;162;157],15,0}}
Adder graph: {{'A',[3;3;5],1,[1;1;1],0,2,[-1;-1;1],0,0},{'M',[3;8;5],2,[1;1;1],0,[NaN;3;NaN],[3;3;5],1,[0;NaN;0]},{'M',[1;6;1],2,[1;1;1],0,[0;NaN;0],[3;3;5],1,[NaN;1;NaN]},{'A',[25;70;39],3,[3;8;5],2,3,[1;6;-1],2,0},{'M',[25;70;78],4,[25;70;39],3,[0;0;1]},{'A',[17;118;86],5,[25;70;78],4,0,[-1;6;1],2,3},{'M',[3;6;5],2,[3;3;5],1,[0;1;0]},{'M',[25;1;39],4,[1;1;1],0,[NaN;0;NaN],[25;70;39],3,[0;NaN;0]},{'A',[-19;13;49],5,[3;6;5],2,1,[-25;1;39],4,0},{'M',[1;24;40],2,[1;1;1],0,[0;NaN;NaN],[3;3;5],1,[NaN;3;3]},{'M',[3;3;86],6,[3;3;5],1,[0;0;NaN],[17;118;86],5,[NaN;NaN;0]},{'A',[7;99;74],7,[1;24;40],2,2,[3;3;-86],6,0},{'M',[-76;13;196],6,[-19;13;49],5,[2;0;2]},{'M',[25;96;39],4,[3;3;5],1,[NaN;5;NaN],[25;70;39],3,[0;NaN;0]},{'A',[-51;109;157],7,[-76;13;196],6,0,[25;96;-39],4,0},{'M',[136;3;156],6,[3;3;5],1,[NaN;0;NaN],[25;70;39],3,[NaN;NaN;2],[17;118;86],5,[3;NaN;NaN]},{'M',[25;70;49],6,[25;70;39],3,[0;0;NaN],[-19;13;49],5,[NaN;NaN;0]},{'A',[161;73;107],7,[136;3;156],6,0,[25;70;-49],6,0},{'M',[14;140;74],8,[25;70;39],3,[NaN;1;NaN],[7;99;74],7,[1;NaN;0]},{'A',[45;162;62],9,[14;140;74],8,1,[17;-118;-86],5,0},{'M',[3;1;1],2,[1;1;1],0,[NaN;0;0],[3;3;5],1,[0;NaN;NaN]},{'M',[-51;109;32],8,[1;1;1],0,[NaN;NaN;5],[-51;109;157],7,[0;0;NaN]},{'A',[105;219;65],9,[3;1;1],2,0,[51;109;32],8,1},{'M',[32;52;49],6,[1;1;1],0,[5;NaN;NaN],[-19;13;49],5,[NaN;2;0]},{'A',[61;101;103],7,[32;52;49],6,1,[-3;-3;5],1,0},{'M',[45;96;160],10,[3;3;5],1,[NaN;5;5],[45;162;62],9,[0;NaN;NaN]},{'M',[105;99;65],10,[7;99;74],7,[NaN;0;NaN],[105;219;65],9,[0;NaN;0]},{'A',[150;195;95],11,[45;96;160],10,0,[105;99;-65],10,0},{'M',[14;109;49],8,[-19;13;49],5,[NaN;NaN;0],[7;99;74],7,[1;NaN;NaN],[-51;109;157],7,[NaN;0;NaN]},{'O',[14;109;49],8,[14;109;49],8,0},{'M',[150;195;78],12,[25;70;39],3,[NaN;NaN;1],[150;195;95],11,[0;0;NaN]},{'O',[150;195;78],12,[150;195;78],12,0},{'M',[244;99;95],12,[7;99;74],7,[NaN;0;NaN],[61;101;103],7,[2;NaN;NaN],[150;195;95],11,[NaN;NaN;0]},{'O',[244;99;95],12,[244;99;95],12,0},{'M',[105;219;86],10,[17;118;86],5,[NaN;NaN;0],[105;219;65],9,[0;0;NaN]},{'O',[105;219;86],10,[105;219;86],10,0},{'M',[192;104;62],10,[3;3;5],1,[6;NaN;NaN],[-19;13;49],5,[NaN;3;NaN],[45;162;62],9,[NaN;NaN;0]},{'O',[192;104;62],10,[192;104;62],10,0},{'M',[200;101;65],10,[25;70;39],3,[3;NaN;NaN],[105;219;65],9,[NaN;NaN;0],[61;101;103],7,[NaN;0;NaN]},{'O',[200;101;65],10,[200;101;65],10,0},{'O',[161;73;107],7,[161;73;107],7,0},{'M',[4;70;80],4,[1;1;1],0,[2;NaN;NaN],[3;3;5],1,[NaN;NaN;4],[25;70;39],3,[NaN;0;NaN]},{'O',[8;140;160],4,[4;70;80],4,1},{'M',[17;118;103],8,[17;118;86],5,[0;0;NaN],[61;101;103],7,[NaN;NaN;0]},{'O',[17;118;103],8,[17;118;103],8,0},{'M',[45;162;157],10,[-51;109;157],7,[NaN;NaN;0],[45;162;62],9,[0;0;NaN]},{'O',[45;162;157],10,[45;162;157],10,0}}
Adder graph: {{'A',[-3;5;5],1,[1;1;1],0,0,[-1;1;1],0,2},{'M',[-3;10;8],2,[1;1;1],0,[NaN;NaN;3],[-3;5;5],1,[0;1;NaN]},{'A',[25;81;65],3,[1;1;1],0,0,[3;10;8],2,3},{'M',[32;81;65],4,[1;1;1],0,[5;NaN;NaN],[25;81;65],3,[NaN;0;0]},{'M',[-3;8;20],2,[1;1;1],0,[NaN;3;NaN],[-3;5;5],1,[0;NaN;2]},{'A',[35;73;45],5,[32;81;65],4,0,[3;-8;-20],2,0},{'M',[35;73;2],6,[1;1;1],0,[NaN;NaN;1],[35;73;45],5,[0;0;NaN]},{'A',[105;219;49],7,[35;73;2],6,1,[35;73;45],5,0},{'M',[64;40;45],6,[1;1;1],0,[6;NaN;NaN],[-3;5;5],1,[NaN;3;NaN],[35;73;45],5,[NaN;NaN;0]},{'M',[-3;5;2],2,[1;1;1],0,[NaN;NaN;1],[-3;5;5],1,[0;0;NaN]},{'A',[61;35;43],7,[64;40;45],6,0,[-3;-5;-2],2,0},{'M',[35;80;80],6,[-3;5;5],1,[NaN;4;4],[35;73;45],5,[0;NaN;NaN]},{'M',[25;35;65],8,[25;81;65],3,[0;NaN;0],[61;35;43],7,[NaN;0;NaN]},{'A',[45;195;95],9,[35;80;80],6,1,[-25;35;-65],8,0},{'M',[25;438;95],10,[25;81;65],3,[0;NaN;NaN],[105;219;49],7,[NaN;1;NaN],[45;195;95],9,[NaN;NaN;0]},{'M',[1;40;1],2,[1;1;1],0,[0;NaN;0],[-3;5;5],1,[NaN;3;NaN]},{'A',[17;118;103],11,[25;438;95],10,0,[-1;-40;1],2,3},{'M',[45;118;10],12,[-3;5;5],1,[NaN;NaN;1],[45;195;95],9,[0;NaN;NaN],[17;118;103],11,[NaN;0;NaN]},{'A',[150;101;39],13,[105;219;49],7,0,[45;-118;-10],12,0},{'M',[25;16;16],4,[1;1;1],0,[NaN;4;4],[25;81;65],3,[0;NaN;NaN]},{'A',[161;99;107],8,[61;35;43],7,0,[25;16;16],4,2},{'M',[2;2;49],8,[1;1;1],0,[1;1;NaN],[105;219;49],7,[NaN;NaN;0]},{'M',[-6;101;39],14,[-3;5;5],1,[1;NaN;NaN],[150;101;39],13,[NaN;0;0]},{'A',[14;109;157],15,[2;2;49],8,2,[6;101;-39],14,0},{'A',[196;-26;-62],9,[35;73;45],5,0,[161;-99;-107],8,0},{'M',[14;109;49],16,[105;219;49],7,[NaN;NaN;0],[14;109;157],15,[0;0;NaN]},{'O',[14;109;49],16,[14;109;49],16,0},{'M',[150;195;78],14,[45;195;95],9,[NaN;0;NaN],[150;101;39],13,[0;NaN;1]},{'O',[150;195;78],14,[150;195;78],14,0},{'M',[244;99;95],10,[61;35;43],7,[2;NaN;NaN],[45;195;95],9,[NaN;NaN;0],[161;99;107],8,[NaN;0;NaN]},{'O',[244;99;95],10,[244;99;95],10,0},{'M',[105;219;86],8,[105;219;49],7,[0;0;NaN],[61;35;43],7,[NaN;NaN;1]},{'O',[105;219;86],8,[105;219;86],8,0},{'M',[-192;-104;-62],10,[-3;5;5],1,[6;NaN;NaN],[196;-26;-62],9,[NaN;2;0]},{'O',[192;104;62],10,[192;104;62],10,0},{'M',[200;101;65],14,[25;81;65],3,[3;NaN;0],[150;101;39],13,[NaN;0;NaN]},{'O',[200;101;65],14,[200;101;65],14,0},{'M',[161;73;107],9,[35;73;45],5,[NaN;0;NaN],[161;99;107],8,[0;NaN;0]},{'O',[161;73;107],9,[161;73;107],9,0},{'M',[2;35;40],8,[1;1;1],0,[1;NaN;NaN],[-3;5;5],1,[NaN;NaN;3],[61;35;43],7,[NaN;0;NaN]},{'O',[8;140;160],8,[2;35;40],8,2},{'O',[17;118;103],11,[17;118;103],11,0},{'M',[45;162;157],16,[25;81;65],3,[NaN;1;NaN],[45;195;95],9,[0;NaN;NaN],[14;109;157],15,[NaN;NaN;0]},{'O',[45;162;157],16,[45;162;157],16,0}}
Adder graph: {{'A',[5;3;5],1,[1;1;1],0,2,[1;-1;1],0,0},{'M',[5;3;80],2,[5;3;5],1,[0;0;4]},{'M',[1;96;1],2,[1;1;1],0,[0;NaN;0],[5;3;5],1,[NaN;5;NaN]},{'A',[7;195;78],3,[5;3;80],2,0,[1;96;-1],2,1},{'M',[32;3;1],2,[1;1;1],0,[5;NaN;0],[5;3;5],1,[NaN;0;NaN]},{'M',[4;1;1],1,[1;1;1],0,[2;0;0]},{'A',[-96;35;-31],3,[32;3;1],2,0,[-4;1;-1],1,5},{'M',[80;35;-31],4,[5;3;5],1,[4;NaN;NaN],[-96;35;-31],3,[NaN;0;0]},{'A',[144;99;95],5,[1;1;1],0,6,[80;35;31],4,0},{'M',[160;70;95],6,[5;3;5],1,[5;NaN;NaN],[-96;35;-31],3,[NaN;1;NaN],[144;99;95],5,[NaN;NaN;0]},{'M',[5;24;40],2,[5;3;5],1,[0;3;3]},{'A',[150;118;15],7,[160;70;95],6,0,[-5;24;-40],2,1},{'M',[112;24;95],6,[5;3;5],1,[NaN;3;NaN],[7;195;78],3,[4;NaN;NaN],[144;99;95],5,[NaN;NaN;0]},{'M',[7;195;8],4,[1;1;1],0,[NaN;NaN;3],[7;195;78],3,[0;0;NaN]},{'A',[105;219;103],7,[112;24;95],6,0,[-7;195;8],4,0},{'M',[105;219;80],8,[5;3;5],1,[NaN;NaN;4],[105;219;103],7,[0;0;NaN]},{'A',[45;-101;-65],9,[150;118;15],7,0,[-105;-219;-80],8,0},{'M',[105;3;103],8,[5;3;5],1,[NaN;0;NaN],[105;219;103],7,[0;NaN;0]},{'M',[28;35;2],4,[1;1;1],0,[NaN;NaN;1],[7;195;78],3,[2;NaN;NaN],[-96;35;-31],3,[NaN;0;NaN]},{'A',[161;73;107],9,[105;3;103],8,0,[28;35;2],4,1},{'M',[-96;8;-31],4,[1;1;1],0,[NaN;3;NaN],[-96;35;-31],3,[0;NaN;0]},{'M',[4;-101;80],10,[1;1;1],0,[2;NaN;NaN],[5;3;5],1,[NaN;NaN;4],[45;-101;-65],9,[NaN;0;NaN]},{'A',[-100;109;49],11,[-96;8;-31],4,0,[-4;101;80],10,0},{'M',[144;99;64],6,[1;1;1],0,[NaN;NaN;6],[144;99;95],5,[0;0;NaN]},{'A',[17;-26;43],10,[161;73;107],9,0,[-144;-99;-64],6,0},{'M',[68;70;43],11,[-96;35;-31],3,[NaN;1;NaN],[17;-26;43],10,[2;NaN;0]},{'A',[122;162;157],12,[68;70;43],11,2,[-150;-118;-15],7,0},{'M',[14;109;49],12,[7;195;78],3,[1;NaN;NaN],[-100;109;49],11,[NaN;0;0]},{'O',[14;109;49],12,[14;109;49],12,0},{'M',[150;195;78],8,[7;195;78],3,[NaN;0;0],[150;118;15],7,[0;NaN;NaN]},{'O',[150;195;78],8,[150;195;78],8,0},{'M',[244;99;95],13,[144;99;95],5,[NaN;0;0],[122;162;157],12,[1;NaN;NaN]},{'O',[244;99;95],13,[244;99;95],13,0},{'M',[105;219;86],11,[105;219;103],7,[0;0;NaN],[17;-26;43],10,[NaN;NaN;1]},{'O',[105;219;86],11,[105;219;86],11,0},{'M',[-96;-52;-31],11,[-96;35;-31],3,[0;NaN;0],[17;-26;43],10,[NaN;1;NaN]},{'O',[192;104;62],11,[96;52;31],11,1},{'M',[-200;-101;-65],12,[45;-101;-65],9,[NaN;0;0],[-100;109;49],11,[1;NaN;NaN]},{'O',[200;101;65],12,[200;101;65],12,0},{'O',[161;73;107],9,[161;73;107],9,0},{'M',[2;35;40],4,[1;1;1],0,[1;NaN;NaN],[5;3;5],1,[NaN;NaN;3],[-96;35;-31],3,[NaN;0;NaN]},{'O',[8;140;160],4,[2;35;40],4,2},{'M',[17;118;103],11,[150;118;15],7,[NaN;0;NaN],[105;219;103],7,[NaN;NaN;0],[17;-26;43],10,[0;NaN;NaN]},{'O',[17;118;103],11,[17;118;103],11,0},{'M',[45;162;157],13,[45;-101;-65],9,[0;NaN;NaN],[122;162;157],12,[NaN;0;0]},{'O',[45;162;157],13,[45;162;157],13,0}}
Adder graph: {{'M',[1;1;8],1,[1;1;1],0,[0;0;3]},{'A',[9;9;65],2,[1;1;1],0,0,[1;1;8],1,3},{'M',[9;9;2],3,[1;1;1],0,[NaN;NaN;1],[9;9;65],2,[0;0;NaN]},{'A',[73;73;62],4,[1;1;1],0,6,[9;9;-2],3,0},{'M',[8;1;8],1,[1;1;1],0,[3;0;3]},{'M',[8;9;8],3,[1;1;1],0,[3;NaN;3],[9;9;65],2,[NaN;0;NaN]},{'A',[24;13;40],4,[8;1;8],1,2,[-8;9;8],3,0},{'M',[73;73;160],5,[73;73;62],4,[0;0;NaN],[24;13;40],4,[NaN;NaN;2]},{'M',[48;26;65],5,[9;9;65],2,[NaN;NaN;0],[24;13;40],4,[1;1;NaN]},{'A',[25;99;95],6,[73;73;160],5,0,[-48;26;-65],5,0},{'M',[25;99;40],7,[24;13;40],4,[NaN;NaN;0],[25;99;95],6,[0;0;NaN]},{'M',[50;2;1],7,[1;1;1],0,[NaN;1;0],[25;99;95],6,[1;NaN;NaN]},{'A',[75;101;39],8,[25;99;40],7,0,[50;2;-1],7,0},{'M',[25;144;95],7,[9;9;65],2,[NaN;4;NaN],[25;99;95],6,[0;NaN;0]},{'M',[4;13;4],5,[1;1;1],0,[2;NaN;2],[24;13;40],4,[NaN;0;NaN]},{'A',[17;118;103],8,[25;144;95],7,0,[-4;-13;4],5,1},{'M',[50;73;65],7,[9;9;65],2,[NaN;NaN;0],[73;73;62],4,[NaN;0;NaN],[25;99;95],6,[1;NaN;NaN]},{'M',[9;9;4],3,[1;1;1],0,[NaN;NaN;2],[9;9;65],2,[0;0;NaN]},{'A',[14;109;49],8,[50;73;65],7,0,[-9;9;-4],3,2},{'M',[17;208;103],9,[24;13;40],4,[NaN;4;NaN],[17;118;103],8,[0;NaN;0]},{'M',[144;13;4],5,[1;1;1],0,[NaN;NaN;2],[9;9;65],2,[4;NaN;NaN],[24;13;40],4,[NaN;0;NaN]},{'A',[161;195;107],10,[17;208;103],9,0,[144;-13;4],5,0},{'M',[150;1;78],9,[1;1;1],0,[NaN;0;NaN],[75;101;39],8,[1;NaN;1]},{'M',[14;109;4],9,[1;1;1],0,[NaN;NaN;2],[14;109;49],8,[0;0;NaN]},{'A',[122;219;86],10,[150;1;78],9,0,[-14;109;4],9,1},{'M',[9;18;130],3,[9;9;65],2,[0;1;1]},{'A',[105;70;290],5,[9;18;130],3,0,[24;13;40],4,2},{'M',[28;118;103],9,[17;118;103],8,[NaN;0;0],[14;109;49],8,[1;NaN;NaN]},{'M',[73;280;260],6,[9;9;65],2,[NaN;NaN;2],[73;73;62],4,[0;NaN;NaN],[105;70;290],5,[NaN;2;NaN]},{'A',[-45;-162;-157],10,[28;118;103],9,0,[-73;-280;-260],6,0},{'O',[14;109;49],8,[14;109;49],8,0},{'M',[150;195;78],11,[75;101;39],8,[1;NaN;1],[161;195;107],10,[NaN;0;NaN]},{'O',[150;195;78],11,[150;195;78],11,0},{'M',[244;99;95],11,[25;99;95],6,[NaN;0;0],[122;219;86],10,[1;NaN;NaN]},{'O',[244;99;95],11,[244;99;95],11,0},{'M',[105;219;86],11,[122;219;86],10,[NaN;0;0],[105;70;290],5,[0;NaN;NaN]},{'O',[105;219;86],11,[105;219;86],11,0},{'M',[192;104;62],5,[73;73;62],4,[NaN;NaN;0],[24;13;40],4,[3;3;NaN]},{'O',[192;104;62],5,[192;104;62],5,0},{'M',[200;101;65],9,[9;9;65],2,[NaN;NaN;0],[25;99;95],6,[3;NaN;NaN],[75;101;39],8,[NaN;0;NaN]},{'O',[200;101;65],9,[200;101;65],9,0},{'M',[161;73;107],11,[73;73;62],4,[NaN;0;NaN],[161;195;107],10,[0;NaN;0]},{'O',[161;73;107],11,[161;73;107],11,0},{'M',[4;70;80],6,[1;1;1],0,[2;NaN;NaN],[24;13;40],4,[NaN;NaN;1],[105;70;290],5,[NaN;0;NaN]},{'O',[8;140;160],6,[4;70;80],6,1},{'O',[17;118;103],8,[17;118;103],8,0},{'O',[45;162;157],10,[45;162;157],10,0}}
Adder graph: {{'M',[1;1;16],1,[1;1;1],0,[0;0;4]},{'A',[7;9;-8],2,[1;1;1],0,3,[-1;1;-16],1,0},{'M',[28;9;1],3,[1;1;1],0,[NaN;NaN;0],[7;9;-8],2,[2;0;NaN]},{'A',[24;13;5],4,[28;9;1],3,0,[-1;1;1],0,2},{'M',[1;36;10],5,[1;1;1],0,[0;NaN;NaN],[7;9;-8],2,[NaN;2;NaN],[24;13;5],4,[NaN;NaN;1]},{'M',[48;26;1],5,[1;1;1],0,[NaN;NaN;0],[24;13;5],4,[1;1;NaN]},{'A',[-44;118;39],6,[1;36;10],5,2,[-48;-26;-1],5,0},{'M',[112;118;39],7,[7;9;-8],2,[4;NaN;NaN],[-44;118;39],6,[NaN;0;0]},{'M',[7;9;10],5,[7;9;-8],2,[0;0;NaN],[24;13;5],4,[NaN;NaN;1]},{'A',[105;109;49],8,[112;118;39],7,0,[-7;-9;10],5,0},{'M',[48;26;39],7,[24;13;5],4,[1;1;NaN],[-44;118;39],6,[NaN;NaN;0]},{'A',[41;35;31],8,[48;26;39],7,0,[-7;9;-8],2,0},{'M',[14;18;39],7,[7;9;-8],2,[1;1;NaN],[-44;118;39],6,[NaN;NaN;0]},{'M',[105;1;49],9,[1;1;1],0,[NaN;0;NaN],[105;109;49],8,[0;NaN;0]},{'A',[161;73;107],10,[14;18;39],7,2,[105;1;-49],9,0},{'M',[82;104;49],9,[24;13;5],4,[NaN;3;NaN],[105;109;49],8,[NaN;NaN;0],[41;35;31],8,[1;NaN;NaN]},{'M',[14;13;5],5,[7;9;-8],2,[1;NaN;NaN],[24;13;5],4,[NaN;0;0]},{'A',[150;195;103],10,[82;104;49],9,1,[-14;-13;5],5,0},{'M',[192;109;49],9,[24;13;5],4,[3;NaN;NaN],[105;109;49],8,[NaN;0;0]},{'M',[4;4;-8],3,[1;1;1],0,[2;2;NaN],[7;9;-8],2,[NaN;NaN;0]},{'A',[200;101;65],10,[192;109;49],9,0,[4;-4;8],3,1},{'M',[24;64;64],5,[1;1;1],0,[NaN;6;6],[24;13;5],4,[0;NaN;NaN]},{'A',[17;99;95],9,[41;35;31],8,0,[-24;64;64],5,0},{'M',[200;73;-128],11,[7;9;-8],2,[NaN;NaN;4],[161;73;107],10,[NaN;0;NaN],[200;101;65],10,[0;NaN;NaN]},{'A',[122;219;86],12,[161;73;107],10,1,[-200;73;-128],11,0},{'M',[1;280;1],9,[1;1;1],0,[0;NaN;0],[41;35;31],8,[NaN;3;NaN]},{'M',[-44;118;156],7,[-44;118;39],6,[0;0;2]},{'A',[45;162;157],10,[1;280;1],9,0,[44;-118;156],7,0},{'M',[14;109;49],9,[7;9;-8],2,[1;NaN;NaN],[105;109;49],8,[NaN;0;0]},{'O',[14;109;49],9,[14;109;49],9,0},{'M',[150;195;78],11,[-44;118;39],6,[NaN;NaN;1],[150;195;103],10,[0;0;NaN]},{'O',[150;195;78],11,[150;195;78],11,0},{'M',[244;99;95],13,[17;99;95],9,[NaN;0;0],[122;219;86],12,[1;NaN;NaN]},{'O',[244;99;95],13,[244;99;95],13,0},{'M',[105;219;86],13,[105;109;49],8,[0;NaN;NaN],[122;219;86],12,[NaN;0;0]},{'O',[105;219;86],13,[105;219;86],13,0},{'M',[96;52;31],9,[24;13;5],4,[2;2;NaN],[41;35;31],8,[NaN;NaN;0]},{'O',[192;104;62],9,[96;52;31],9,1},{'O',[200;101;65],10,[200;101;65],10,0},{'O',[161;73;107],10,[161;73;107],10,0},{'M',[2;35;40],9,[1;1;1],0,[1;NaN;NaN],[24;13;5],4,[NaN;NaN;3],[41;35;31],8,[NaN;0;NaN]},{'O',[8;140;160],9,[2;35;40],9,2},{'M',[17;118;103],11,[-44;118;39],6,[NaN;0;NaN],[150;195;103],10,[NaN;NaN;0],[17;99;95],9,[0;NaN;NaN]},{'O',[17;118;103],11,[17;118;103],11,0},{'O',[45;162;157],10,[45;162;157],10,0}}
Finished solving after 7191.25 seconds
Adder graph: {{'M',[1;1;16],1,[1;1;1],0,[0;0;4]},{'A',[7;9;-8],2,[1;1;1],0,3,[-1;1;-16],1,0},{'M',[28;9;1],3,[1;1;1],0,[NaN;NaN;0],[7;9;-8],2,[2;0;NaN]},{'A',[24;13;5],4,[28;9;1],3,0,[-1;1;1],0,2},{'M',[1;36;10],5,[1;1;1],0,[0;NaN;NaN],[7;9;-8],2,[NaN;2;NaN],[24;13;5],4,[NaN;NaN;1]},{'M',[48;26;1],5,[1;1;1],0,[NaN;NaN;0],[24;13;5],4,[1;1;NaN]},{'A',[-44;118;39],6,[1;36;10],5,2,[-48;-26;-1],5,0},{'M',[112;118;39],7,[7;9;-8],2,[4;NaN;NaN],[-44;118;39],6,[NaN;0;0]},{'M',[7;9;10],5,[7;9;-8],2,[0;0;NaN],[24;13;5],4,[NaN;NaN;1]},{'A',[105;109;49],8,[112;118;39],7,0,[-7;-9;10],5,0},{'M',[48;26;39],7,[24;13;5],4,[1;1;NaN],[-44;118;39],6,[NaN;NaN;0]},{'A',[41;35;31],8,[48;26;39],7,0,[-7;9;-8],2,0},{'M',[14;18;39],7,[7;9;-8],2,[1;1;NaN],[-44;118;39],6,[NaN;NaN;0]},{'M',[105;1;49],9,[1;1;1],0,[NaN;0;NaN],[105;109;49],8,[0;NaN;0]},{'A',[161;73;107],10,[14;18;39],7,2,[105;1;-49],9,0},{'M',[82;104;49],9,[24;13;5],4,[NaN;3;NaN],[105;109;49],8,[NaN;NaN;0],[41;35;31],8,[1;NaN;NaN]},{'M',[14;13;5],5,[7;9;-8],2,[1;NaN;NaN],[24;13;5],4,[NaN;0;0]},{'A',[150;195;103],10,[82;104;49],9,1,[-14;-13;5],5,0},{'M',[192;109;49],9,[24;13;5],4,[3;NaN;NaN],[105;109;49],8,[NaN;0;0]},{'M',[4;4;-8],3,[1;1;1],0,[2;2;NaN],[7;9;-8],2,[NaN;NaN;0]},{'A',[200;101;65],10,[192;109;49],9,0,[4;-4;8],3,1},{'M',[24;64;64],5,[1;1;1],0,[NaN;6;6],[24;13;5],4,[0;NaN;NaN]},{'A',[17;99;95],9,[41;35;31],8,0,[-24;64;64],5,0},{'M',[200;73;-128],11,[7;9;-8],2,[NaN;NaN;4],[161;73;107],10,[NaN;0;NaN],[200;101;65],10,[0;NaN;NaN]},{'A',[122;219;86],12,[161;73;107],10,1,[-200;73;-128],11,0},{'M',[1;280;1],9,[1;1;1],0,[0;NaN;0],[41;35;31],8,[NaN;3;NaN]},{'M',[-44;118;156],7,[-44;118;39],6,[0;0;2]},{'A',[45;162;157],10,[1;280;1],9,0,[44;-118;156],7,0},{'M',[14;109;49],9,[7;9;-8],2,[1;NaN;NaN],[105;109;49],8,[NaN;0;0]},{'O',[14;109;49],9,[14;109;49],9,0},{'M',[150;195;78],11,[-44;118;39],6,[NaN;NaN;1],[150;195;103],10,[0;0;NaN]},{'O',[150;195;78],11,[150;195;78],11,0},{'M',[244;99;95],13,[17;99;95],9,[NaN;0;0],[122;219;86],12,[1;NaN;NaN]},{'O',[244;99;95],13,[244;99;95],13,0},{'M',[105;219;86],13,[105;109;49],8,[0;NaN;NaN],[122;219;86],12,[NaN;0;0]},{'O',[105;219;86],13,[105;219;86],13,0},{'M',[96;52;31],9,[24;13;5],4,[2;2;NaN],[41;35;31],8,[NaN;NaN;0]},{'O',[192;104;62],9,[96;52;31],9,1},{'O',[200;101;65],10,[200;101;65],10,0},{'O',[161;73;107],10,[161;73;107],10,0},{'M',[2;35;40],9,[1;1;1],0,[1;NaN;NaN],[24;13;5],4,[NaN;NaN;3],[41;35;31],8,[NaN;0;NaN]},{'O',[8;140;160],9,[2;35;40],9,2},{'M',[17;118;103],11,[-44;118;39],6,[NaN;0;NaN],[150;195;103],10,[NaN;NaN;0],[17;99;95],9,[0;NaN;NaN]},{'O',[17;118;103],11,[17;118;103],11,0},{'O',[45;162;157],10,[45;162;157],10,0}}
# Add optimal = 1
# Mux optimal = 0
# FAs optimal = 0
