Adder graph: {{'M',[0,2;0,1;0,1;0,2],1,[0,1;0,1;0,1;0,1],0,[1;0;0;1]},{'M',[0,2;0,2;0,2;1,0],1,[1,0;1,0;1,0;1,0],0,[NaN;NaN;NaN;0],[0,1;0,1;0,1;0,1],0,[1;1;1;NaN]},{'A',[0,4;0,-1;0,-1;-1,2],2,[0,2;0,1;0,1;0,2],1,0,[0,2;0,-2;0,-2;-1,0],1,0},{'M',[0,1;1,0;0,-1;1,0],3,[1,0;1,0;1,0;1,0],0,[NaN;0;NaN;0],[0,1;0,1;0,1;0,1],0,[0;NaN;NaN;NaN],[0,4;0,-1;0,-1;-1,2],2,[NaN;NaN;0;NaN]},{'M',[1,0;0,-1;1,0;0,1],3,[1,0;1,0;1,0;1,0],0,[0;NaN;0;NaN],[0,1;0,1;0,1;0,1],0,[NaN;NaN;NaN;0],[0,4;0,-1;0,-1;-1,2],2,[NaN;0;NaN;NaN]},{'M',[0,4;0,-2;1,0;-1,2],4,[0,4;0,-1;0,-1;-1,2],2,[0;1;NaN;0],[1,0;0,-1;1,0;0,1],3,[NaN;NaN;0;NaN]},{'M',[0,2;0,-1;2,0;0,2],4,[0,1;0,1;0,1;0,1],0,[1;NaN;NaN;1],[0,4;0,-1;0,-1;-1,2],2,[NaN;0;NaN;NaN],[1,0;0,-1;1,0;0,1],3,[NaN;NaN;1;NaN]},{'A',[0,2;0,-1;-1,0;-1,0],5,[0,4;0,-2;1,0;-1,2],4,0,[0,-2;0,1;-2,0;0,-2],4,0},{'M',[1,0;0,-1;-1,0;0,1],6,[1,0;1,0;1,0;1,0],0,[0;NaN;NaN;NaN],[1,0;0,-1;1,0;0,1],3,[NaN;0;NaN;0],[0,2;0,-1;-1,0;-1,0],5,[NaN;NaN;0;NaN]},{'O',[1,0;0,-1;-1,0;0,1],6,[1,0;0,-1;-1,0;0,1],6,0},{'M',[0,1;1,0;0,-1;-1,0],6,[0,1;1,0;0,-1;1,0],3,[0;0;0;NaN],[0,2;0,-1;-1,0;-1,0],5,[NaN;NaN;NaN;0]},{'O',[0,1;1,0;0,-1;-1,0],6,[0,1;1,0;0,-1;-1,0],6,0}}
Adder graph: {{'M',[1,0;0,2;0,2;1,0],1,[1,0;1,0;1,0;1,0],0,[0;NaN;NaN;0],[0,1;0,1;0,1;0,1],0,[NaN;1;1;NaN]},{'M',[2,0;0,1;0,1;0,2],1,[1,0;1,0;1,0;1,0],0,[1;NaN;NaN;NaN],[0,1;0,1;0,1;0,1],0,[NaN;0;0;1]},{'A',[-1,0;0,1;0,1;1,-2],2,[1,0;0,2;0,2;1,0],1,0,[-2,0;0,-1;0,-1;0,-2],1,0},{'M',[0,1;1,0;0,2;0,1],1,[1,0;1,0;1,0;1,0],0,[NaN;0;NaN;NaN],[0,1;0,1;0,1;0,1],0,[0;NaN;1;0]},{'M',[0,2;2,0;0,1;0,2],3,[1,0;1,0;1,0;1,0],0,[NaN;1;NaN;NaN],[0,1;0,1;0,1;0,1],0,[1;NaN;NaN;1],[-1,0;0,1;0,1;1,-2],2,[NaN;NaN;0;NaN]},{'A',[0,-1;-1,0;0,1;0,-1],4,[0,1;1,0;0,2;0,1],1,0,[0,-2;-2,0;0,-1;0,-2],3,0},{'M',[0,-1;-1,0;0,1;1,0],5,[1,0;1,0;1,0;1,0],0,[NaN;NaN;NaN;0],[0,-1;-1,0;0,1;0,-1],4,[0;0;0;NaN]},{'M',[0,-1;-1,0;0,1;1,-2],6,[-1,0;0,1;0,1;1,-2],2,[NaN;NaN;0;0],[0,-1;-1,0;0,1;1,0],5,[0;0;NaN;NaN]},{'M',[-1,0;0,1;1,0;0,-1],5,[1,0;1,0;1,0;1,0],0,[NaN;NaN;0;NaN],[-1,0;0,1;0,1;1,-2],2,[0;0;NaN;NaN],[0,-1;-1,0;0,1;0,-1],4,[NaN;NaN;NaN;0]},{'O',[1,0;0,-1;-1,0;0,1],5,[1,0;0,-1;-1,0;0,1],5,0},{'O',[0,1;1,0;0,-1;-1,0],5,[0,1;1,0;0,-1;-1,0],5,0}}
Adder graph: {{'M',[1,0;0,1;1,0;0,1],1,[0,1;0,1;0,1;0,1],0,[NaN;0;NaN;0],[1,0;1,0;1,0;1,0],0,[0;NaN;0;NaN]},{'M',[0,1;0,1;1,0;0,2],2,[0,1;0,1;0,1;0,1],0,[0;NaN;NaN;1],[1,0;0,1;1,0;0,1],1,[NaN;0;0;NaN]},{'M',[2,0;0,2;2,0;1,0],2,[1,0;1,0;1,0;1,0],0,[NaN;NaN;NaN;0],[1,0;0,1;1,0;0,1],1,[1;1;1;NaN]},{'A',[2,1;0,-1;-1,0;-1,2],3,[0,1;0,1;1,0;0,2],2,0,[2,0;0,-2;-2,0;-1,0],2,0},{'M',[2,0;1,0;1,0;2,0],1,[1,0;1,0;1,0;1,0],0,[1;NaN;NaN;1],[1,0;1,0;1,0;1,0],0,[NaN;0;0;NaN]},{'M',[2,1;2,0;-1,0;2,0],4,[1,0;1,0;1,0;1,0],0,[NaN;1;NaN;1],[2,1;0,-1;-1,0;-1,2],3,[0;NaN;0;NaN]},{'A',[0,-1;-1,0;2,0;4,0],5,[2,0;1,0;1,0;2,0],1,0,[-2,-1;-2,0;1,0;2,0],4,0},{'M',[1,0;0,-1;-1,0;0,1],4,[1,0;0,1;1,0;0,1],1,[0;NaN;NaN;0],[2,1;0,-1;-1,0;-1,2],3,[NaN;0;0;NaN]},{'O',[1,0;0,-1;-1,0;0,1],4,[1,0;0,-1;-1,0;0,1],4,0},{'M',[0,-1;-1,0;0,1;1,0],6,[1,0;1,0;1,0;1,0],0,[NaN;NaN;NaN;0],[0,1;0,1;0,1;0,1],0,[NaN;NaN;0;NaN],[0,-1;-1,0;2,0;4,0],5,[0;0;NaN;NaN]},{'O',[0,1;1,0;0,-1;-1,0],6,[0,1;1,0;0,-1;-1,0],6,0}}
Adder graph: {{'M',[2,0;2,0;1,0;1,0],1,[1,0;1,0;1,0;1,0],0,[1;1;0;0]},{'A',[3,0;-1,0;0,0;0,0],2,[1,0;1,0;1,0;1,0],0,0,[2,0;-2,0;-1,0;-1,0],1,0},{'M',[0,1;0,1;0,0;0,0],3,[0,1;0,1;0,1;0,1],0,[0;0;NaN;NaN],[3,0;-1,0;0,0;0,0],2,[NaN;NaN;0;0]},{'M',[0,2;0,2;1,0;0,1],1,[1,0;1,0;1,0;1,0],0,[NaN;NaN;0;NaN],[0,1;0,1;0,1;0,1],0,[1;1;NaN;0]},{'A',[0,-1;0,-1;-1,0;0,1],4,[0,1;0,1;0,0;0,0],3,0,[0,-2;0,-2;-1,0;0,1],1,0},{'M',[1,0;1,0;0,1;1,0],1,[1,0;1,0;1,0;1,0],0,[0;0;NaN;0],[0,1;0,1;0,1;0,1],0,[NaN;NaN;0;NaN]},{'M',[1,0;0,-1;-1,0;0,1],5,[1,0;1,0;1,0;1,0],0,[0;NaN;NaN;NaN],[0,-1;0,-1;-1,0;0,1],4,[NaN;0;0;0]},{'O',[1,0;0,-1;-1,0;0,1],5,[1,0;0,-1;-1,0;0,1],5,0},{'M',[0,-1;-1,0;0,1;1,0],5,[0,-1;0,-1;-1,0;0,1],4,[0;NaN;NaN;NaN],[3,0;-1,0;0,0;0,0],2,[NaN;0;NaN;NaN],[1,0;1,0;0,1;1,0],1,[NaN;NaN;0;0]},{'O',[0,1;1,0;0,-1;-1,0],5,[0,1;1,0;0,-1;-1,0],5,0}}
Adder graph: {{'M',[0,1;1,0;0,1;0,1],1,[1,0;1,0;1,0;1,0],0,[NaN;0;NaN;NaN],[0,1;0,1;0,1;0,1],0,[0;NaN;0;0]},{'A',[0,-1;-1,0;0,-1;0,-1],2,[0,1;1,0;0,1;0,1],1,0,[0,-1;-1,0;0,-1;0,-1],1,1},{'A',[-1,0;3,0;3,0;-1,0],1,[1,0;1,0;1,0;1,0],0,0,[-1,0;1,0;1,0;-1,0],0,1},{'M',[1,0;0,1;1,0;0,-1],3,[1,0;1,0;1,0;1,0],0,[0;NaN;0;NaN],[0,1;0,1;0,1;0,1],0,[NaN;0;NaN;NaN],[0,-1;-1,0;0,-1;0,-1],2,[NaN;NaN;NaN;0]},{'M',[-1,0;0,1;1,0;0,-1],4,[-1,0;3,0;3,0;-1,0],1,[0;NaN;NaN;NaN],[1,0;0,1;1,0;0,-1],3,[NaN;0;0;0]},{'O',[1,0;0,-1;-1,0;0,1],4,[1,0;0,-1;-1,0;0,1],4,0},{'M',[0,-1;-1,0;0,1;1,0],3,[1,0;1,0;1,0;1,0],0,[NaN;NaN;NaN;0],[0,1;0,1;0,1;0,1],0,[NaN;NaN;0;NaN],[0,-1;-1,0;0,-1;0,-1],2,[0;0;NaN;NaN]},{'O',[0,1;1,0;0,-1;-1,0],3,[0,1;1,0;0,-1;-1,0],3,0}}
Adder graph: {{'M',[0,1;2,0;0,1;0,1],1,[1,0;1,0;1,0;1,0],0,[NaN;1;NaN;NaN],[0,1;0,1;0,1;0,1],0,[0;NaN;0;0]},{'A',[1,-1;-1,0;1,1;1,-1],2,[1,0;1,0;1,0;1,0],0,0,[0,-1;-2,0;0,1;0,-1],1,0},{'M',[0,2;0,2;1,1;1,-1],3,[0,1;0,1;0,1;0,1],0,[1;1;NaN;NaN],[1,-1;-1,0;1,1;1,-1],2,[NaN;NaN;0;0]},{'A',[0,-1;0,-1;-1,0;1,0],4,[0,1;0,1;0,1;0,1],0,0,[0,-2;0,-2;-1,-1;1,-1],3,0},{'M',[1,0;0,1;1,0;0,1],1,[1,0;1,0;1,0;1,0],0,[0;NaN;0;NaN],[0,1;0,1;0,1;0,1],0,[NaN;0;NaN;0]},{'M',[1,0;0,-1;-1,0;0,1],5,[0,-1;0,-1;-1,0;1,0],4,[NaN;0;0;NaN],[1,0;0,1;1,0;0,1],1,[0;NaN;NaN;0]},{'O',[1,0;0,-1;-1,0;0,1],5,[1,0;0,-1;-1,0;0,1],5,0},{'M',[0,-1;-1,0;0,1;1,0],5,[0,1;0,1;0,1;0,1],0,[NaN;NaN;0;NaN],[1,-1;-1,0;1,1;1,-1],2,[NaN;0;NaN;NaN],[0,-1;0,-1;-1,0;1,0],4,[0;NaN;NaN;0]},{'O',[0,1;1,0;0,-1;-1,0],5,[0,1;1,0;0,-1;-1,0],5,0}}
Adder graph: {{'A',[3,0;-1,0;-1,0;3,0],1,[1,0;1,0;1,0;1,0],0,0,[1,0;-1,0;-1,0;1,0],0,1},{'A',[0,-1;0,-1;0,3;0,3],1,[0,1;0,1;0,1;0,1],0,0,[0,-1;0,-1;0,1;0,1],0,1},{'M',[0,-1;0,-1;0,1;0,1],2,[0,1;0,1;0,1;0,1],0,[NaN;NaN;0;0],[0,-1;0,-1;0,3;0,3],1,[0;0;NaN;NaN]},{'M',[1,0;0,-1;-1,0;0,1],3,[3,0;-1,0;-1,0;3,0],1,[NaN;NaN;0;NaN],[0,-1;0,-1;0,1;0,1],2,[NaN;0;NaN;0],[1,0;1,0;1,0;1,0],0,[0;NaN;NaN;NaN]},{'O',[1,0;0,-1;-1,0;0,1],3,[1,0;0,-1;-1,0;0,1],3,0},{'M',[0,-1;-1,0;0,1;1,0],3,[3,0;-1,0;-1,0;3,0],1,[NaN;0;NaN;NaN],[0,-1;0,-1;0,1;0,1],2,[0;NaN;0;NaN],[1,0;1,0;1,0;1,0],0,[NaN;NaN;NaN;0]},{'O',[0,1;1,0;0,-1;-1,0],3,[0,1;1,0;0,-1;-1,0],3,0}}
Adder graph: {{'A',[-1,0;-1,0;3,0;3,0],1,[1,0;1,0;1,0;1,0],0,0,[-1,0;-1,0;1,0;1,0],0,1},{'A',[0,-1;0,-1;0,-1;0,-1],1,[0,1;0,1;0,1;0,1],0,0,[0,-1;0,-1;0,-1;0,-1],0,1},{'M',[-1,0;-1,0;1,0;1,0],2,[1,0;1,0;1,0;1,0],0,[NaN;NaN;0;0],[-1,0;-1,0;3,0;3,0],1,[0;0;NaN;NaN]},{'M',[0,-1;0,1;0,1;0,-1],2,[0,1;0,1;0,1;0,1],0,[NaN;0;0;NaN],[0,-1;0,-1;0,-1;0,-1],1,[0;NaN;NaN;0]},{'M',[-1,0;0,1;1,0;0,-1],3,[-1,0;-1,0;1,0;1,0],2,[0;NaN;0;NaN],[0,-1;0,1;0,1;0,-1],2,[NaN;0;NaN;0]},{'O',[1,0;0,-1;-1,0;0,1],3,[1,0;0,-1;-1,0;0,1],3,0},{'M',[0,-1;-1,0;0,1;1,0],3,[-1,0;-1,0;1,0;1,0],2,[NaN;0;NaN;0],[0,-1;0,1;0,1;0,-1],2,[0;NaN;0;NaN]},{'O',[0,1;1,0;0,-1;-1,0],3,[0,1;1,0;0,-1;-1,0],3,0}}
Finished solving after 1.583 seconds
Adder graph: {{'A',[-1,0;-1,0;3,0;3,0],1,[1,0;1,0;1,0;1,0],0,0,[-1,0;-1,0;1,0;1,0],0,1},{'A',[0,-1;0,-1;0,-1;0,-1],1,[0,1;0,1;0,1;0,1],0,0,[0,-1;0,-1;0,-1;0,-1],0,1},{'M',[-1,0;-1,0;1,0;1,0],2,[1,0;1,0;1,0;1,0],0,[NaN;NaN;0;0],[-1,0;-1,0;3,0;3,0],1,[0;0;NaN;NaN]},{'M',[0,-1;0,1;0,1;0,-1],2,[0,1;0,1;0,1;0,1],0,[NaN;0;0;NaN],[0,-1;0,-1;0,-1;0,-1],1,[0;NaN;NaN;0]},{'M',[-1,0;0,1;1,0;0,-1],3,[-1,0;-1,0;1,0;1,0],2,[0;NaN;0;NaN],[0,-1;0,1;0,1;0,-1],2,[NaN;0;NaN;0]},{'O',[1,0;0,-1;-1,0;0,1],3,[1,0;0,-1;-1,0;0,1],3,0},{'M',[0,-1;-1,0;0,1;1,0],3,[-1,0;-1,0;1,0;1,0],2,[NaN;0;NaN;0],[0,-1;0,1;0,1;0,-1],2,[0;NaN;0;NaN]},{'O',[0,1;1,0;0,-1;-1,0],3,[0,1;1,0;0,-1;-1,0],3,0}}
# Add optimal = 1
# Mux optimal = 1
# FAs optimal = 0
