<graph>
{{'A',[120],3,[1],2,7,[-1],2,3},{'A',[152],3,[1],2,7,[3],2,3},{'A',[45],3,[1],2,0,[11],2,2},{'A',[110],3,[5],2,6,[-105],2,1},{'A',[138],3,[1],2,7,[5],2,1},{'A',[214],3,[1],2,2,[105],2,1},{'A',[201],3,[3],2,5,[105],2,0},{'A',[233],3,[1],2,7,[105],2,0},{'A',[247],3,[11],2,5,[-105],2,0},{'A',[55],3,[5],2,5,[-105],2,0},{'R',[1],2,[1],1},{'A',[3],2,[1],1,0,[1],1,1},{'A',[5],2,[1],1,0,[1],1,2},{'A',[11],2,[1],1,2,[7],1,0},{'A',[105],2,[7],1,4,[-7],1,0},{'R',[1],1,[1],0},{'A',[7],1,[1],0,3,[-1],0,0}}
</graph>
<graph>
{{'R',[64],3,[1],2,6},{'R',[10],3,[5],2,1},{'A',[14],3,[1],2,4,[-1],2,1},{'A',[236],3,[1],2,8,[-5],2,2},{'A',[115],3,[5],2,1,[105],2,0},{'A',[127],3,[1],2,7,[-1],2,0},{'A',[157],3,[5],2,5,[-3],2,0},{'A',[191],3,[3],2,6,[-1],2,0},{'A',[89],3,[1],2,0,[11],2,3},{'A',[95],3,[3],2,5,[-1],2,0},{'R',[1],2,[1],1},{'A',[3],2,[1],1,0,[1],1,1},{'A',[5],2,[1],1,0,[1],1,2},{'A',[11],2,[1],1,2,[7],1,0},{'A',[105],2,[7],1,4,[-7],1,0},{'R',[1],1,[1],0},{'A',[7],1,[1],0,3,[-1],0,0}}
</graph>
<graph>
{{'R',[12],3,[3],2,2},{'A',[74],3,[1],2,6,[5],2,1},{'A',[41],3,[1],2,0,[5],2,3},{'A',[178],3,[1],2,1,[11],2,4},{'A',[222],3,[3],2,2,[105],2,1},{'A',[242],3,[1],2,5,[105],2,1},{'R',[16],3,[1],2,4},{'A',[36],3,[1],2,2,[1],2,5},{'A',[240],3,[1],2,8,[-1],2,4},{'A',[82],3,[1],2,1,[5],2,4},{'R',[1],2,[1],1},{'A',[3],2,[1],1,0,[1],1,1},{'A',[5],2,[1],1,0,[1],1,2},{'A',[11],2,[1],1,2,[7],1,0},{'A',[105],2,[7],1,4,[-7],1,0},{'R',[1],1,[1],0},{'A',[7],1,[1],0,3,[-1],0,0}}
</graph>
<graph>
{{'A',[144],3,[1],2,4,[1],2,7},{'R',[22],3,[11],2,1},{'A',[168],3,[1],2,3,[5],2,5},{'A',[124],3,[1],2,7,[-1],2,2},{'A',[39],3,[5],2,3,[-1],2,0},{'A',[73],3,[105],2,0,[-1],2,5},{'A',[162],3,[1],2,1,[5],2,5},{'A',[190],3,[3],2,6,[-1],2,1},{'A',[153],3,[3],2,4,[105],2,0},{'A',[181],3,[3],2,6,[-11],2,0},{'R',[1],2,[1],1},{'A',[3],2,[1],1,0,[1],1,1},{'A',[5],2,[1],1,0,[1],1,2},{'A',[11],2,[1],1,2,[7],1,0},{'A',[105],2,[7],1,4,[-7],1,0},{'R',[1],1,[1],0},{'A',[7],1,[1],0,3,[-1],0,0}}
</graph>
<merge>
201;115;74;162
</merge>
<merge>
247;191;82;22
</merge>
<merge>
138;236;16;168
</merge>
<merge>
55;127;41;124
</merge>
<merge>
233;64;36;73
</merge>
<merge>
152;10;222;144
</merge>
<merge>
45;95;240;153
</merge>
<merge>
110;89;242;181
</merge>
<merge>
120;14;178;190
</merge>
<merge>
214;157;12;39
</merge>