<graph>
{{'A',[228],2,[3],1,6,[9],1,2},{'A',[87],2,[3],1,5,[-9],1,0},{'A',[190],2,[5],1,5,[15],1,1},{'A',[230],2,[15],1,4,[-5],1,1},{'A',[159],2,[9],1,4,[15],1,0},{'A',[201],2,[3],1,6,[9],1,0},{'A',[235],2,[15],1,4,[-5],1,0},{'A',[64],2,[3],1,7,[-5],1,6},{'A',[2],2,[3],1,2,[-5],1,1},{'A',[62],2,[17],1,2,[-3],1,1},{'A',[3],1,[1],0,0,[1],0,1},{'A',[5],1,[1],0,0,[1],0,2},{'A',[9],1,[1],0,0,[1],0,3},{'A',[15],1,[1],0,4,[-1],0,0},{'A',[17],1,[1],0,0,[1],0,4}}
</graph>
<graph>
{{'A',[1],2,[3],1,1,[-5],1,0},{'A',[33],2,[3],1,3,[9],1,0},{'A',[94],2,[15],1,2,[17],1,1},{'A',[91],2,[3],1,5,[-5],1,0},{'A',[93],2,[3],1,5,[-3],1,0},{'A',[101],2,[3],1,5,[5],1,0},{'A',[246],2,[3],1,1,[15],1,4},{'A',[143],2,[5],1,5,[-17],1,0},{'A',[88],2,[3],1,4,[5],1,3},{'A',[51],2,[3],1,0,[3],1,4},{'A',[3],1,[1],0,0,[1],0,1},{'A',[5],1,[1],0,0,[1],0,2},{'A',[9],1,[1],0,0,[1],0,3},{'A',[15],1,[1],0,4,[-1],0,0},{'A',[17],1,[1],0,0,[1],0,4}}
</graph>
<graph>
{{'A',[11],2,[3],1,1,[5],1,0},{'A',[208],2,[3],1,4,[5],1,5},{'R',[68],2,[17],1,2},{'A',[232],2,[3],1,6,[5],1,3},{'A',[102],2,[3],1,1,[3],1,5},{'A',[238],2,[17],1,4,[-17],1,1},{'A',[183],2,[3],1,6,[-9],1,0},{'A',[231],2,[15],1,4,[-9],1,0},{'A',[243],2,[3],1,0,[15],1,4},{'A',[123],2,[3],1,0,[15],1,3},{'A',[3],1,[1],0,0,[1],0,1},{'A',[5],1,[1],0,0,[1],0,2},{'A',[9],1,[1],0,0,[1],0,3},{'A',[15],1,[1],0,4,[-1],0,0},{'A',[17],1,[1],0,0,[1],0,4}}
</graph>
<graph>
{{'R',[20],2,[5],1,2},{'A',[168],2,[3],1,6,[-3],1,3},{'A',[248],2,[17],1,4,[-3],1,3},{'A',[37],2,[5],1,3,[-3],1,0},{'A',[164],2,[3],1,5,[17],1,2},{'A',[77],2,[5],1,4,[-3],1,0},{'A',[99],2,[3],1,0,[3],1,5},{'A',[206],2,[15],1,4,[-17],1,1},{'A',[113],2,[3],1,5,[17],1,0},{'A',[31],2,[17],1,1,[-3],1,0},{'A',[3],1,[1],0,0,[1],0,1},{'A',[5],1,[1],0,0,[1],0,2},{'A',[15],1,[1],0,4,[-1],0,0},{'A',[17],1,[1],0,0,[1],0,4}}
</graph>
<merge>
235;51;123;206
</merge>
<merge>
230;93;243;164
</merge>
<merge>
64;94;232;20
</merge>
<merge>
190;88;183;113
</merge>
<merge>
62;246;208;77
</merge>
<merge>
228;143;102;31
</merge>
<merge>
2;1;11;99
</merge>
<merge>
87;33;231;248
</merge>
<merge>
201;91;68;37
</merge>
<merge>
159;101;238;168
</merge>