<graph>
{{'A',[55],3,[1],2,5,[23],2,0},{'A',[198],3,[25],2,3,[-1],2,1},{'A',[202],3,[1],2,1,[25],2,3},{'A',[127],3,[1],2,7,[-1],2,0},{'A',[155],3,[1],2,7,[27],2,0},{'A',[173],3,[25],2,3,[-27],2,0},{'A',[24],3,[1],2,3,[1],2,4},{'A',[144],3,[1],2,4,[1],2,7},{'A',[33],3,[1],2,0,[1],2,5},{'A',[254],3,[1],2,8,[-1],2,1},{'R',[1],2,[1],1},{'A',[23],2,[3],1,3,[-1],1,0},{'A',[25],2,[1],1,0,[3],1,3},{'A',[27],2,[3],1,0,[3],1,3},{'R',[1],1,[1],0},{'A',[3],1,[1],0,0,[1],0,1}}
</graph>
<graph>
{{'A',[9],3,[1],2,0,[1],2,3},{'R',[50],3,[25],2,1},{'A',[140],3,[1],2,5,[27],2,2},{'A',[106],3,[27],2,2,[-1],2,1},{'A',[57],3,[1],2,5,[25],2,0},{'A',[65],3,[1],2,0,[1],2,6},{'A',[165],3,[47],2,2,[-23],2,0},{'A',[177],3,[25],2,3,[-23],2,0},{'A',[217],3,[1],2,0,[27],2,3},{'A',[239],3,[23],2,0,[27],2,3},{'R',[1],2,[1],1},{'A',[23],2,[3],1,3,[-1],1,0},{'A',[25],2,[1],1,0,[3],1,3},{'A',[27],2,[3],1,0,[3],1,3},{'A',[47],2,[3],1,4,[-1],1,0},{'R',[1],1,[1],0},{'A',[3],1,[1],0,0,[1],0,1}}
</graph>
<graph>
{{'A',[48],3,[1],2,4,[1],2,5},{'A',[208],3,[1],2,3,[25],2,3},{'A',[98],3,[25],2,2,[-1],2,1},{'A',[146],3,[23],2,1,[25],2,2},{'A',[119],3,[23],2,2,[27],2,0},{'A',[133],3,[25],2,0,[27],2,2},{'A',[215],3,[27],2,3,[-1],2,0},{'A',[235],3,[47],2,0,[47],2,2},{'A',[192],3,[1],2,6,[1],2,7},{'A',[126],3,[1],2,7,[-1],2,1},{'R',[1],2,[1],1},{'A',[23],2,[3],1,3,[-1],1,0},{'A',[25],2,[1],1,0,[3],1,3},{'A',[27],2,[3],1,0,[3],1,3},{'A',[47],2,[3],1,4,[-1],1,0},{'R',[1],1,[1],0},{'A',[3],1,[1],0,0,[1],0,1}}
</graph>
<graph>
{{'A',[116],3,[1],2,4,[25],2,2},{'A',[132],3,[1],2,2,[1],2,7},{'A',[148],3,[1],2,8,[-27],2,2},{'A',[39],3,[1],2,4,[23],2,0},{'A',[63],3,[1],2,6,[-1],2,0},{'A',[107],3,[27],2,2,[-1],2,0},{'A',[137],3,[23],2,3,[-47],2,0},{'A',[157],3,[23],2,3,[-27],2,0},{'A',[6],3,[1],2,1,[1],2,2},{'A',[130],3,[1],2,1,[1],2,7},{'R',[1],2,[1],1},{'A',[23],2,[3],1,3,[-1],1,0},{'A',[25],2,[1],1,0,[3],1,3},{'A',[27],2,[3],1,0,[3],1,3},{'A',[47],2,[3],1,4,[-1],1,0},{'R',[1],1,[1],0},{'A',[3],1,[1],0,0,[1],0,1}}
</graph>
<merge>
24;239;126;130
</merge>
<merge>
198;57;215;39
</merge>
<merge>
33;217;98;132
</merge>
<merge>
144;140;119;157
</merge>
<merge>
55;65;146;107
</merge>
<merge>
254;9;192;6
</merge>
<merge>
155;165;235;63
</merge>
<merge>
202;177;48;148
</merge>
<merge>
173;106;133;116
</merge>
<merge>
127;50;208;137
</merge>