<graph>
{{'A',[13],3,[1],2,0,[3],2,2},{'A',[58],3,[1],2,6,[-3],2,1},{'A',[90],3,[1],2,4,[37],2,1},{'A',[111],3,[3],2,5,[15],2,0},{'A',[254],3,[1],2,8,[-1],2,1},{'A',[147],3,[37],2,2,[-1],2,0},{'A',[157],3,[9],2,0,[37],2,2},{'R',[192],3,[3],2,6},{'A',[112],3,[1],2,7,[-1],2,4},{'A',[91],3,[1],2,7,[-37],2,0},{'R',[1],2,[1],1},{'A',[3],2,[1],1,0,[1],1,1},{'A',[9],2,[1],1,0,[1],1,3},{'A',[15],2,[1],1,4,[-1],1,0},{'A',[37],2,[1],1,5,[5],1,0},{'R',[1],1,[1],0},{'A',[5],1,[1],0,0,[1],0,2}}
</graph>
<graph>
{{'A',[19],3,[1],2,4,[3],2,0},{'A',[23],3,[3],2,3,[-1],2,0},{'A',[102],3,[3],2,1,[3],2,5},{'A',[212],3,[1],2,6,[37],2,2},{'A',[181],3,[9],2,4,[37],2,0},{'A',[191],3,[3],2,6,[-1],2,0},{'A',[237],3,[15],2,4,[-3],2,0},{'A',[253],3,[1],2,8,[-3],2,0},{'R',[32],3,[1],2,5},{'A',[232],3,[1],2,8,[-3],2,3},{'R',[1],2,[1],1},{'A',[3],2,[1],1,0,[1],1,1},{'A',[9],2,[1],1,0,[1],1,3},{'A',[15],2,[1],1,4,[-1],1,0},{'A',[37],2,[1],1,5,[5],1,0},{'R',[1],1,[1],0},{'A',[5],1,[1],0,0,[1],0,2}}
</graph>
<graph>
{{'R',[15],3,[15],2},{'A',[108],3,[1],2,8,[-37],2,2},{'A',[55],3,[1],2,6,[-9],2,0},{'A',[73],3,[1],2,0,[9],2,3},{'A',[250],3,[1],2,8,[-3],2,1},{'A',[183],3,[3],2,6,[-9],2,0},{'A',[201],3,[3],2,6,[9],2,0},{'A',[225],3,[15],2,4,[-15],2,0},{'R',[60],3,[15],2,2},{'A',[92],3,[3],2,5,[-1],2,2},{'R',[1],2,[1],1},{'A',[3],2,[1],1,0,[1],1,1},{'A',[9],2,[1],1,0,[1],1,3},{'A',[15],2,[1],1,4,[-1],1,0},{'A',[37],2,[1],1,5,[5],1,0},{'R',[1],1,[1],0},{'A',[5],1,[1],0,0,[1],0,2}}
</graph>
<graph>
{{'R',[8],3,[1],2,3},{'R',[48],3,[3],2,4},{'A',[14],3,[1],2,4,[-1],2,1},{'A',[82],3,[1],2,6,[9],2,1},{'A',[172],3,[3],2,3,[37],2,2},{'A',[170],3,[3],2,5,[37],2,1},{'A',[182],3,[1],2,8,[-37],2,1},{'A',[238],3,[1],2,8,[-9],2,1},{'A',[165],3,[1],2,7,[37],2,0},{'A',[152],3,[1],2,7,[3],2,3},{'R',[1],2,[1],1},{'A',[3],2,[1],1,0,[1],1,1},{'A',[9],2,[1],1,0,[1],1,3},{'A',[37],2,[1],1,5,[5],1,0},{'R',[1],1,[1],0},{'A',[5],1,[1],0,0,[1],0,2}}
</graph>
<merge>
254;32;55;170
</merge>
<merge>
192;191;92;238
</merge>
<merge>
91;181;108;152
</merge>
<merge>
112;232;73;82
</merge>
<merge>
13;19;225;14
</merge>
<merge>
157;253;60;172
</merge>
<merge>
58;23;250;182
</merge>
<merge>
111;102;201;8
</merge>
<merge>
147;237;15;48
</merge>
<merge>
90;212;183;165
</merge>