<graph>
{{'R',[48],2,[3],1,4},{'A',[92],2,[3],1,5,[-1],1,2},{'A',[58],2,[1],1,6,[-3],1,1},{'A',[102],2,[3],1,1,[3],1,5},{'A',[154],2,[5],1,5,[-3],1,1},{'A',[91],2,[3],1,5,[-5],1,0},{'A',[214],2,[7],1,5,[-5],1,1},{'A',[119],2,[1],1,7,[-9],1,0},{'A',[169],2,[5],1,5,[9],1,0},{'A',[231],2,[7],1,0,[7],1,5},{'R',[1],1,[1],0},{'A',[3],1,[1],0,0,[1],0,1},{'A',[5],1,[1],0,0,[1],0,2},{'A',[7],1,[1],0,3,[-1],0,0},{'A',[9],1,[1],0,0,[1],0,3}}
</graph>
<graph>
{{'R',[18],2,[9],1,1},{'A',[68],2,[1],1,2,[1],1,6},{'A',[25],2,[1],1,0,[3],1,3},{'A',[33],2,[1],1,0,[1],1,5},{'A',[218],2,[7],1,5,[-3],1,1},{'A',[234],2,[15],1,4,[-3],1,1},{'A',[131],2,[1],1,7,[3],1,0},{'A',[199],2,[3],1,6,[7],1,0},{'A',[225],2,[1],1,0,[7],1,5},{'A',[100],2,[1],1,2,[3],1,5},{'R',[1],1,[1],0},{'A',[3],1,[1],0,0,[1],0,1},{'A',[7],1,[1],0,3,[-1],0,0},{'A',[9],1,[1],0,0,[1],0,3},{'A',[15],1,[1],0,4,[-1],0,0}}
</graph>
<graph>
{{'R',[128],2,[1],1,7},{'R',[80],2,[5],1,4},{'A',[44],2,[1],1,5,[3],1,2},{'A',[140],2,[1],1,7,[3],1,2},{'A',[57],2,[1],1,0,[7],1,3},{'A',[65],2,[1],1,0,[1],1,6},{'A',[187],2,[3],1,6,[-5],1,0},{'A',[195],2,[3],1,0,[3],1,6},{'A',[223],2,[7],1,5,[-1],1,0},{'A',[180],2,[3],1,6,[-3],1,2},{'R',[1],1,[1],0},{'A',[3],1,[1],0,0,[1],0,1},{'A',[5],1,[1],0,0,[1],0,2},{'A',[7],1,[1],0,3,[-1],0,0}}
</graph>
<graph>
{{'A',[52],2,[1],1,2,[3],1,4},{'R',[120],2,[15],1,3},{'A',[78],2,[5],1,4,[-1],1,1},{'A',[45],2,[3],1,4,[-3],1,0},{'A',[73],2,[1],1,0,[9],1,3},{'A',[162],2,[1],1,1,[5],1,5},{'A',[139],2,[9],1,4,[-5],1,0},{'A',[153],2,[5],1,5,[-7],1,0},{'A',[237],2,[15],1,4,[-3],1,0},{'R',[72],2,[9],1,3},{'R',[1],1,[1],0},{'A',[3],1,[1],0,0,[1],0,1},{'A',[5],1,[1],0,0,[1],0,2},{'A',[7],1,[1],0,3,[-1],0,0},{'A',[9],1,[1],0,0,[1],0,3},{'A',[15],1,[1],0,4,[-1],0,0}}
</graph>
<merge>
91;218;223;139
</merge>
<merge>
214;33;65;162
</merge>
<merge>
154;199;44;120
</merge>
<merge>
119;131;140;72
</merge>
<merge>
102;100;187;153
</merge>
<merge>
169;18;195;52
</merge>
<merge>
231;234;180;45
</merge>
<merge>
58;25;128;237
</merge>
<merge>
92;225;57;73
</merge>
<merge>
48;68;80;78
</merge>