Adder graph: {{'A',[0,0,0,1,1],1,0,[0,0,0,1,0],0,0,[0,0,0,0,1],0,0},{'A',[0,0,-16,1,1],2,0,[0,0,0,1,1],1,0,[0,0,-1,0,0],0,4},{'A',[0,-1,0,2,2],2,0,[0,0,0,1,1],1,1,[0,-1,0,0,0],0,0},{'A',[0,-7,0,14,14],3,0,[0,-1,0,2,2],2,3,[0,1,0,-2,-2],2,0},{'A',[0,0,1,0,4],1,0,[0,0,0,0,1],0,2,[0,0,1,0,0],0,0},{'A',[0,-7,-1,14,10],4,0,[0,-7,0,14,14],3,0,[0,0,-1,0,-4],1,0},{'A',[1,0,-16,1,1],3,0,[1,0,0,0,0],0,0,[0,0,-16,1,1],2,0},{'A',[1,-14,-18,29,21],5,0,[0,-7,-1,14,10],4,1,[1,0,-16,1,1],3,0},{'O',[-1,14,18,-29,-21],5,[-1,14,18,-29,-21],5,0}}
Adder graph: {{'A',[0,1,0,0,-1],1,0,[0,1,0,0,0],0,0,[0,0,0,0,-1],0,0},{'A',[0,0,2,-1,0],1,0,[0,0,1,0,0],0,1,[0,0,0,-1,0],0,0},{'A',[1,0,-16,0,0],1,0,[1,0,0,0,0],0,0,[0,0,-1,0,0],0,4},{'A',[0,2,0,0,-3],2,0,[0,1,0,0,-1],1,1,[0,0,0,0,-1],0,0},{'A',[1,0,-18,1,0],2,0,[1,0,-16,0,0],1,0,[0,0,-2,1,0],1,0},{'A',[0,-2,0,4,3],3,0,[0,0,0,1,0],0,2,[0,-2,0,0,3],2,0},{'A',[1,-16,-18,33,24],4,0,[1,0,-18,1,0],2,0,[0,-2,0,4,3],3,3},{'A',[-1,14,18,-29,-21],5,0,[0,-2,0,4,3],3,0,[-1,16,18,-33,-24],4,0},{'O',[-1,14,18,-29,-21],5,[-1,14,18,-29,-21],5,0}}
Adder graph: {{'A',[0,0,0,1,1],1,0,[0,0,0,0,1],0,0,[0,0,0,1,0],0,0},{'A',[0,0,1,2,2],2,0,[0,0,1,0,0],0,0,[0,0,0,1,1],1,1},{'A',[0,-1,1,2,2],3,0,[0,0,1,2,2],2,0,[0,-1,0,0,0],0,0},{'A',[0,0,0,1,-7],2,0,[0,0,0,1,1],1,0,[0,0,0,0,-1],0,3},{'A',[0,0,-32,1,-7],3,0,[0,0,0,1,-7],2,0,[0,0,-1,0,0],0,5},{'A',[0,7,-7,-14,-14],4,0,[0,-1,1,2,2],3,0,[0,1,-1,-2,-2],3,3},{'A',[1,0,-32,1,-7],4,0,[0,0,-32,1,-7],3,0,[1,0,0,0,0],0,0},{'A',[1,-14,-18,29,21],5,0,[1,0,-32,1,-7],4,0,[0,-7,7,14,14],4,1},{'O',[-1,14,18,-29,-21],5,[-1,14,18,-29,-21],5,0}}
Adder graph: {{'A',[0,0,4,0,1],1,0,[0,0,0,0,1],0,0,[0,0,1,0,0],0,2},{'A',[0,-1,1,0,0],1,0,[0,0,1,0,0],0,0,[0,-1,0,0,0],0,0},{'A',[0,0,0,1,1],1,0,[0,0,0,0,1],0,0,[0,0,0,1,0],0,0},{'A',[0,-1,1,2,2],2,0,[0,0,0,1,1],1,1,[0,-1,1,0,0],1,0},{'A',[1,0,0,1,1],2,0,[0,0,0,1,1],1,0,[1,0,0,0,0],0,0},{'A',[1,2,-2,-3,-3],3,0,[1,0,0,1,1],2,0,[0,1,-1,-2,-2],2,1},{'A',[0,-2,-2,4,3],3,0,[0,-1,1,2,2],2,1,[0,0,-4,0,-1],1,0},{'A',[1,-14,-18,29,21],4,0,[1,2,-2,-3,-3],3,0,[0,-2,-2,4,3],3,3},{'O',[-1,14,18,-29,-21],4,[-1,14,18,-29,-21],4,0}}
Adder graph: {{'A',[0,2,0,0,1],1,0,[0,1,0,0,0],0,1,[0,0,0,0,1],0,0},{'A',[0,2,0,0,-3],2,0,[0,2,0,0,1],1,0,[0,0,0,0,-1],0,2},{'A',[0,0,1,2,0],1,0,[0,0,1,0,0],0,0,[0,0,0,1,0],0,1},{'A',[1,0,0,1,0],1,0,[0,0,0,1,0],0,0,[1,0,0,0,0],0,0},{'A',[0,2,-2,-4,-3],3,0,[0,2,0,0,-3],2,0,[0,0,-1,-2,0],1,1},{'A',[1,2,-2,-3,-3],4,0,[0,2,-2,-4,-3],3,0,[1,0,0,1,0],1,0},{'A',[1,-14,14,29,21],5,0,[1,2,-2,-3,-3],4,0,[0,-2,2,4,3],3,3},{'A',[1,-14,-18,29,21],6,0,[1,-14,14,29,21],5,0,[0,0,-1,0,0],0,5},{'O',[-1,14,18,-29,-21],6,[-1,14,18,-29,-21],6,0}}
Adder graph: {{'A',[0,0,0,1,1],1,0,[0,0,0,0,1],0,0,[0,0,0,1,0],0,0},{'A',[1,0,0,1,1],2,0,[0,0,0,1,1],1,0,[1,0,0,0,0],0,0},{'A',[0,1,-1,0,0],1,0,[0,1,0,0,0],0,0,[0,0,-1,0,0],0,0},{'A',[1,0,0,1,-7],3,0,[1,0,0,1,1],2,0,[0,0,0,0,-1],0,3},{'A',[0,1,-1,-2,-2],2,0,[0,1,-1,0,0],1,0,[0,0,0,-1,-1],1,1},{'A',[1,2,-2,-3,-11],4,0,[1,0,0,1,-7],3,0,[0,1,-1,-2,-2],2,1},{'A',[0,1,1,-2,-2],3,0,[0,1,-1,-2,-2],2,0,[0,0,1,0,0],0,1},{'A',[1,-14,-18,29,21],5,0,[1,2,-2,-3,-11],4,0,[0,-1,-1,2,2],3,4},{'O',[-1,14,18,-29,-21],5,[-1,14,18,-29,-21],5,0}}
Adder graph: {{'A',[0,1,-1,0,0],1,0,[0,1,0,0,0],0,0,[0,0,-1,0,0],0,0},{'A',[0,0,0,0,-3],1,0,[0,0,0,0,1],0,0,[0,0,0,0,-1],0,2},{'A',[0,2,-2,0,-3],2,0,[0,1,-1,0,0],1,1,[0,0,0,0,-3],1,0},{'A',[0,2,-2,-4,-3],3,0,[0,2,-2,0,-3],2,0,[0,0,0,-1,0],0,2},{'A',[1,0,0,1,0],1,0,[1,0,0,0,0],0,0,[0,0,0,1,0],0,0},{'A',[1,2,-2,-3,-3],4,0,[1,0,0,1,0],1,0,[0,2,-2,-4,-3],3,0},{'A',[1,2,-34,-3,-3],5,0,[1,2,-2,-3,-3],4,0,[0,0,-1,0,0],0,5},{'A',[1,-14,-18,29,21],6,0,[1,2,-34,-3,-3],5,0,[0,-2,2,4,3],3,3},{'O',[-1,14,18,-29,-21],6,[-1,14,18,-29,-21],6,0}}
Finished solving after 114596 seconds
Adder graph: {{'A',[0,1,-1,0,0],1,0,[0,1,0,0,0],0,0,[0,0,-1,0,0],0,0},{'A',[0,0,0,0,-3],1,0,[0,0,0,0,1],0,0,[0,0,0,0,-1],0,2},{'A',[0,2,-2,0,-3],2,0,[0,1,-1,0,0],1,1,[0,0,0,0,-3],1,0},{'A',[0,2,-2,-4,-3],3,0,[0,2,-2,0,-3],2,0,[0,0,0,-1,0],0,2},{'A',[1,0,0,1,0],1,0,[1,0,0,0,0],0,0,[0,0,0,1,0],0,0},{'A',[1,2,-2,-3,-3],4,0,[1,0,0,1,0],1,0,[0,2,-2,-4,-3],3,0},{'A',[1,2,-34,-3,-3],5,0,[1,2,-2,-3,-3],4,0,[0,0,-1,0,0],0,5},{'A',[1,-14,-18,29,21],6,0,[1,2,-34,-3,-3],5,0,[0,-2,2,4,3],3,3},{'O',[-1,14,18,-29,-21],6,[-1,14,18,-29,-21],6,0}}
#Add optimal = 0
#FAs optimal = 0
