Adder graph: {{'A',[0,0,1,4,0],1,0,[0,0,0,1,0],0,2,[0,0,1,0,0],0,0},{'A',[1,1,0,0,0],1,0,[1,0,0,0,0],0,0,[0,1,0,0,0],0,0},{'A',[2,2,1,4,0],2,0,[1,1,0,0,0],1,1,[0,0,1,4,0],1,0},{'A',[9,9,4,16,0],3,0,[2,2,1,4,0],2,2,[1,1,0,0,0],1,0},{'A',[9,9,4,16,4],4,0,[9,9,4,16,0],3,0,[0,0,0,0,1],0,2},{'A',[2,0,1,0,0],1,0,[0,0,1,0,0],0,0,[1,0,0,0,0],0,1},{'A',[11,11,5,20,4],5,0,[2,2,1,4,0],2,0,[9,9,4,16,4],4,0},{'A',[27,11,13,20,4],6,0,[11,11,5,20,4],5,0,[2,0,1,0,0],1,3},{'O',[-27,-11,-13,-20,-4],6,[-27,-11,-13,-20,-4],6,0}}
Adder graph: {{'A',[1,1,0,0,0],1,0,[0,1,0,0,0],0,0,[1,0,0,0,0],0,0},{'A',[0,0,1,4,0],1,0,[0,0,1,0,0],0,0,[0,0,0,1,0],0,2},{'A',[2,2,1,4,0],2,0,[0,0,1,4,0],1,0,[1,1,0,0,0],1,1},{'A',[9,9,4,16,0],3,0,[1,1,0,0,0],1,0,[2,2,1,4,0],2,2},{'A',[2,2,1,4,4],3,0,[2,2,1,4,0],2,0,[0,0,0,0,1],0,2},{'A',[2,2,9,4,4],4,0,[2,2,1,4,4],3,0,[0,0,1,0,0],0,3},{'A',[11,11,13,20,4],5,0,[9,9,4,16,0],3,0,[2,2,9,4,4],4,0},{'A',[27,11,13,20,4],6,0,[11,11,13,20,4],5,0,[1,0,0,0,0],0,4},{'O',[-27,-11,-13,-20,-4],6,[-27,-11,-13,-20,-4],6,0}}
Adder graph: {{'A',[1,0,-1,0,0],1,0,[1,0,0,0,0],0,0,[0,0,-1,0,0],0,0},{'A',[1,-1,-1,0,0],2,0,[1,0,-1,0,0],1,0,[0,-1,0,0,0],0,0},{'A',[1,-1,-1,-2,0],3,0,[1,-1,-1,0,0],2,0,[0,0,0,-1,0],0,1},{'A',[-1,1,1,0,4],3,0,[0,0,0,0,1],0,2,[-1,1,1,0,0],2,0},{'A',[-3,1,3,0,4],4,0,[-1,1,1,0,4],3,0,[-1,0,1,0,0],1,1},{'A',[-3,-1,-1,-2,0],4,0,[1,-1,-1,-2,0],3,0,[-1,0,0,0,0],0,2},{'A',[3,3,5,4,4],5,0,[-3,1,3,0,4],4,0,[3,1,1,2,0],4,1},{'A',[27,11,13,20,4],6,0,[3,3,5,4,4],5,0,[3,1,1,2,0],4,3},{'O',[-27,-11,-13,-20,-4],6,[-27,-11,-13,-20,-4],6,0}}
Adder graph: {{'A',[0,0,2,1,0],1,0,[0,0,0,1,0],0,0,[0,0,1,0,0],0,1},{'A',[-1,0,1,0,0],1,0,[0,0,1,0,0],0,0,[-1,0,0,0,0],0,0},{'A',[-1,0,9,4,0],2,0,[-1,0,1,0,0],1,0,[0,0,2,1,0],1,2},{'A',[-1,-1,9,4,0],3,0,[-1,0,9,4,0],2,0,[0,-1,0,0,0],0,0},{'A',[-1,15,9,4,0],4,0,[-1,-1,9,4,0],3,0,[0,1,0,0,0],0,4},{'A',[7,-1,1,4,0],4,0,[-1,-1,9,4,0],3,0,[1,0,-1,0,0],1,3},{'A',[7,-1,1,4,1],5,0,[0,0,0,0,1],0,0,[7,-1,1,4,0],4,0},{'A',[27,11,13,20,4],6,0,[7,-1,1,4,1],5,2,[-1,15,9,4,0],4,0},{'O',[-27,-11,-13,-20,-4],6,[-27,-11,-13,-20,-4],6,0}}
Adder graph: {{'A',[-1,0,1,0,0],1,0,[0,0,1,0,0],0,0,[-1,0,0,0,0],0,0},{'A',[-1,0,1,4,0],2,0,[-1,0,1,0,0],1,0,[0,0,0,1,0],0,2},{'A',[1,1,-1,-4,0],3,0,[0,1,0,0,0],0,0,[1,0,-1,-4,0],2,0},{'A',[1,1,-9,-4,0],4,0,[1,1,-1,-4,0],3,0,[0,0,-1,0,0],0,3},{'A',[-7,1,-1,-4,0],5,0,[1,1,-9,-4,0],4,0,[-1,0,1,0,0],1,3},{'A',[0,4,0,0,1],1,0,[0,0,0,0,1],0,0,[0,1,0,0,0],0,2},{'A',[-27,5,-13,-20,0],6,0,[1,1,-9,-4,0],4,0,[-7,1,-1,-4,0],5,2},{'A',[-27,-11,-13,-20,-4],7,0,[-27,5,-13,-20,0],6,0,[0,-4,0,0,-1],1,2},{'O',[-27,-11,-13,-20,-4],7,[-27,-11,-13,-20,-4],7,0}}
Adder graph: {{'A',[-1,0,1,0,0],1,0,[0,0,1,0,0],0,0,[-1,0,0,0,0],0,0},{'A',[-1,0,1,0,2],2,0,[-1,0,1,0,0],1,0,[0,0,0,0,1],0,1},{'A',[-1,1,1,0,0],2,0,[0,1,0,0,0],0,0,[-1,0,1,0,0],1,0},{'A',[-1,1,1,-4,0],3,0,[-1,1,1,0,0],2,0,[0,0,0,-1,0],0,2},{'A',[-9,1,1,-4,0],4,0,[-1,1,1,-4,0],3,0,[-1,0,0,0,0],0,3},{'A',[-7,1,-1,-4,-4],5,0,[-9,1,1,-4,0],4,0,[1,0,-1,0,-2],2,1},{'A',[9,-15,-17,-4,-4],6,0,[-7,1,-1,-4,-4],5,0,[1,-1,-1,0,0],2,4},{'A',[-27,-11,-13,-20,-4],7,0,[9,-15,-17,-4,-4],6,0,[-9,1,1,-4,0],4,2},{'O',[-27,-11,-13,-20,-4],7,[-27,-11,-13,-20,-4],7,0}}
Adder graph: {{'A',[-1,0,1,0,0],1,0,[0,0,1,0,0],0,0,[-1,0,0,0,0],0,0},{'A',[-1,-1,1,0,0],2,0,[-1,0,1,0,0],1,0,[0,-1,0,0,0],0,0},{'A',[-1,-1,1,4,0],3,0,[-1,-1,1,0,0],2,0,[0,0,0,1,0],0,2},{'A',[-1,-1,1,4,1],4,0,[0,0,0,0,1],0,0,[-1,-1,1,4,0],3,0},{'A',[7,-1,1,4,1],5,0,[-1,-1,1,4,1],4,0,[1,0,0,0,0],0,3},{'A',[7,3,1,4,1],6,0,[7,-1,1,4,1],5,0,[0,1,0,0,0],0,2},{'A',[-1,-1,9,4,0],4,0,[-1,-1,1,4,0],3,0,[0,0,1,0,0],0,3},{'A',[27,11,13,20,4],7,0,[-1,-1,9,4,0],4,0,[7,3,1,4,1],6,2},{'O',[-27,-11,-13,-20,-4],7,[-27,-11,-13,-20,-4],7,0}}
Finished solving after 110151 seconds
Adder graph: {{'A',[-1,0,1,0,0],1,0,[0,0,1,0,0],0,0,[-1,0,0,0,0],0,0},{'A',[-1,-1,1,0,0],2,0,[-1,0,1,0,0],1,0,[0,-1,0,0,0],0,0},{'A',[-1,-1,1,4,0],3,0,[-1,-1,1,0,0],2,0,[0,0,0,1,0],0,2},{'A',[-1,-1,1,4,1],4,0,[0,0,0,0,1],0,0,[-1,-1,1,4,0],3,0},{'A',[7,-1,1,4,1],5,0,[-1,-1,1,4,1],4,0,[1,0,0,0,0],0,3},{'A',[7,3,1,4,1],6,0,[7,-1,1,4,1],5,0,[0,1,0,0,0],0,2},{'A',[-1,-1,9,4,0],4,0,[-1,-1,1,4,0],3,0,[0,0,1,0,0],0,3},{'A',[27,11,13,20,4],7,0,[-1,-1,9,4,0],4,0,[7,3,1,4,1],6,2},{'O',[-27,-11,-13,-20,-4],7,[-27,-11,-13,-20,-4],7,0}}
#Add optimal = 0
#FAs optimal = 0
