Adder graph: {{'A',[0,0,0,1,-1],1,0,[0,0,0,1,0],0,0,[0,0,0,0,-1],0,0},{'A',[2,1,0,0,0],1,0,[0,1,0,0,0],0,0,[1,0,0,0,0],0,1},{'A',[2,1,0,-1,1],2,0,[2,1,0,0,0],1,0,[0,0,0,-1,1],1,0},{'A',[-2,-1,4,1,-1],3,0,[0,0,1,0,0],0,2,[-2,-1,0,1,-1],2,0},{'A',[10,5,-4,-5,5],4,0,[2,1,0,-1,1],2,2,[2,1,-4,-1,1],3,0},{'A',[8,5,-4,-5,5],5,0,[10,5,-4,-5,5],4,0,[-1,0,0,0,0],0,1},{'A',[30,19,-12,-19,19],6,0,[-2,-1,4,1,-1],3,0,[8,5,-4,-5,5],5,2},{'A',[-28,-18,12,19,-19],7,0,[2,1,0,0,0],1,0,[-30,-19,12,19,-19],6,0},{'O',[-28,-18,12,19,-19],7,[-28,-18,12,19,-19],7,0}}
Adder graph: {{'A',[4,0,0,-1,0],1,0,[1,0,0,0,0],0,2,[0,0,0,-1,0],0,0},{'A',[4,0,0,-1,1],2,0,[4,0,0,-1,0],1,0,[0,0,0,0,1],0,0},{'A',[4,1,0,-1,1],3,0,[0,1,0,0,0],0,0,[4,0,0,-1,1],2,0},{'A',[4,0,-4,-1,1],3,0,[4,0,0,-1,1],2,0,[0,0,-1,0,0],0,2},{'A',[-12,0,-4,-1,1],4,0,[4,0,-4,-1,1],3,0,[-1,0,0,0,0],0,4},{'A',[-12,1,-4,-1,1],5,0,[-12,0,-4,-1,1],4,0,[0,1,0,0,0],0,0},{'A',[-36,2,-12,-3,3],6,0,[-12,0,-4,-1,1],4,0,[-12,1,-4,-1,1],5,1},{'A',[28,18,-12,-19,19],7,0,[4,1,0,-1,1],3,4,[-36,2,-12,-3,3],6,0},{'O',[-28,-18,12,19,-19],7,[-28,-18,12,19,-19],7,0}}
Adder graph: {{'A',[0,1,0,0,1],1,0,[0,1,0,0,0],0,0,[0,0,0,0,1],0,0},{'A',[0,1,0,-1,1],2,0,[0,1,0,0,1],1,0,[0,0,0,-1,0],0,0},{'A',[0,-1,1,1,-1],3,0,[0,0,1,0,0],0,0,[0,-1,0,1,-1],2,0},{'A',[4,1,0,-1,1],3,0,[1,0,0,0,0],0,2,[0,1,0,-1,1],2,0},{'A',[0,-5,4,4,-4],4,0,[0,-1,1,1,-1],3,2,[0,-1,0,0,0],0,0},{'A',[-28,-7,0,7,-7],4,0,[4,1,0,-1,1],3,0,[-4,-1,0,1,-1],3,3},{'A',[-28,-23,16,23,-23],5,0,[-28,-7,0,7,-7],4,0,[0,-1,1,1,-1],3,4},{'A',[28,18,-12,-19,19],6,0,[0,-5,4,4,-4],4,0,[28,23,-16,-23,23],5,0},{'O',[-28,-18,12,19,-19],6,[-28,-18,12,19,-19],6,0}}
Adder graph: {{'A',[0,0,0,1,-1],1,0,[0,0,0,1,0],0,0,[0,0,0,0,-1],0,0},{'A',[2,0,-1,0,0],1,0,[1,0,0,0,0],0,1,[0,0,-1,0,0],0,0},{'A',[-2,1,1,0,0],2,0,[0,1,0,0,0],0,0,[-2,0,1,0,0],1,0},{'A',[0,0,2,-1,1],2,0,[0,0,1,0,0],0,1,[0,0,0,-1,1],1,0},{'A',[64,0,-30,-1,1],3,0,[2,0,-1,0,0],1,5,[0,0,2,-1,1],2,0},{'A',[2,-1,-1,1,-1],3,0,[0,0,0,1,-1],1,0,[2,-1,-1,0,0],2,0},{'A',[32,16,-14,-17,17],4,0,[64,0,-30,-1,1],3,0,[-2,1,1,-1,1],3,4},{'A',[28,18,-12,-19,19],5,0,[32,16,-14,-17,17],4,0,[-2,1,1,-1,1],3,1},{'O',[-28,-18,12,19,-19],5,[-28,-18,12,19,-19],5,0}}
Adder graph: {{'A',[0,0,0,1,-1],1,0,[0,0,0,1,0],0,0,[0,0,0,0,-1],0,0},{'A',[1,0,0,-1,1],2,0,[1,0,0,0,0],0,0,[0,0,0,-1,1],1,0},{'A',[0,2,0,1,-1],2,0,[0,0,0,1,-1],1,0,[0,1,0,0,0],0,1},{'A',[1,0,4,-1,1],3,0,[0,0,1,0,0],0,2,[1,0,0,-1,1],2,0},{'A',[0,4,1,2,-2],3,0,[0,0,1,0,0],0,0,[0,2,0,1,-1],2,1},{'A',[-1,4,-3,3,-3],4,0,[0,4,1,2,-2],3,0,[-1,0,-4,1,-1],3,0},{'A',[7,4,-3,-5,5],5,0,[1,0,0,-1,1],2,3,[-1,4,-3,3,-3],4,0},{'A',[28,18,-12,-19,19],6,0,[0,2,0,1,-1],2,0,[7,4,-3,-5,5],5,2},{'O',[-28,-18,12,19,-19],6,[-28,-18,12,19,-19],6,0}}
Adder graph: {{'A',[0,0,0,1,-1],1,0,[0,0,0,1,0],0,0,[0,0,0,0,-1],0,0},{'A',[1,0,1,0,0],1,0,[1,0,0,0,0],0,0,[0,0,1,0,0],0,0},{'A',[0,1,0,-1,1],2,0,[0,1,0,0,0],0,0,[0,0,0,-1,1],1,0},{'A',[0,0,8,1,-1],2,0,[0,0,0,1,-1],1,0,[0,0,1,0,0],0,3},{'A',[0,2,-8,-3,3],3,0,[0,1,0,-1,1],2,1,[0,0,-8,-1,1],2,0},{'A',[2,1,0,-1,1],3,0,[1,0,0,0,0],0,1,[0,1,0,-1,1],2,0},{'A',[-4,2,-12,-3,3],4,0,[0,2,-8,-3,3],3,0,[-1,0,-1,0,0],1,2},{'A',[28,18,-12,-19,19],5,0,[-4,2,-12,-3,3],4,0,[2,1,0,-1,1],3,4},{'O',[-28,-18,12,19,-19],5,[-28,-18,12,19,-19],5,0}}
Adder graph: {{'A',[0,0,0,1,-1],1,0,[0,0,0,1,0],0,0,[0,0,0,0,-1],0,0},{'A',[-1,0,1,0,0],1,0,[0,0,1,0,0],0,0,[-1,0,0,0,0],0,0},{'A',[-1,0,1,1,-1],2,0,[0,0,0,1,-1],1,0,[-1,0,1,0,0],1,0},{'A',[-1,0,5,1,-1],3,0,[-1,0,1,1,-1],2,0,[0,0,1,0,0],0,2},{'A',[0,2,0,1,-1],2,0,[0,1,0,0,0],0,1,[0,0,0,1,-1],1,0},{'A',[7,0,-3,-7,7],4,0,[-1,0,5,1,-1],3,0,[1,0,-1,-1,1],2,3},{'A',[0,18,0,9,-9],3,0,[0,2,0,1,-1],2,0,[0,2,0,1,-1],2,3},{'A',[28,18,-12,-19,19],5,0,[0,18,0,9,-9],3,0,[7,0,-3,-7,7],4,2},{'O',[-28,-18,12,19,-19],5,[-28,-18,12,19,-19],5,0}}
Adder graph: {{'A',[0,0,0,1,-1],1,0,[0,0,0,1,0],0,0,[0,0,0,0,-1],0,0},{'A',[0,2,0,1,-1],2,0,[0,0,0,1,-1],1,0,[0,1,0,0,0],0,1},{'A',[-1,0,1,0,0],1,0,[0,0,1,0,0],0,0,[-1,0,0,0,0],0,0},{'A',[0,-6,0,1,-1],3,0,[0,2,0,1,-1],2,0,[0,-1,0,0,0],0,3},{'A',[-1,0,0,1,-1],2,0,[0,0,0,1,-1],1,0,[-1,0,0,0,0],0,0},{'A',[-4,-6,4,1,-1],4,0,[0,-6,0,1,-1],3,0,[-1,0,1,0,0],1,2},{'A',[-8,-6,4,5,-5],5,0,[-1,0,0,1,-1],2,2,[-4,-6,4,1,-1],4,0},{'A',[28,18,-12,-19,19],6,0,[-4,-6,4,1,-1],4,0,[8,6,-4,-5,5],5,2},{'O',[-28,-18,12,19,-19],6,[-28,-18,12,19,-19],6,0}}
Adder graph: {{'A',[0,0,0,1,-1],1,0,[0,0,0,1,0],0,0,[0,0,0,0,-1],0,0},{'A',[0,-1,0,1,-1],2,0,[0,0,0,1,-1],1,0,[0,-1,0,0,0],0,0},{'A',[0,-2,0,3,-3],3,0,[0,0,0,1,-1],1,0,[0,-1,0,1,-1],2,1},{'A',[-32,-2,0,3,-3],4,0,[0,-2,0,3,-3],3,0,[-1,0,0,0,0],0,5},{'A',[1,0,-1,0,0],1,0,[1,0,0,0,0],0,0,[0,0,-1,0,0],0,0},{'A',[1,0,3,0,0],2,0,[1,0,-1,0,0],1,0,[0,0,1,0,0],0,2},{'A',[1,-4,3,4,-4],3,0,[0,-1,0,1,-1],2,2,[1,0,3,0,0],2,0},{'A',[-28,-18,12,19,-19],5,0,[1,-4,3,4,-4],3,2,[-32,-2,0,3,-3],4,0},{'O',[-28,-18,12,19,-19],5,[-28,-18,12,19,-19],5,0}}
Finished solving after 93528 seconds
Adder graph: {{'A',[0,0,0,1,-1],1,0,[0,0,0,1,0],0,0,[0,0,0,0,-1],0,0},{'A',[0,-1,0,1,-1],2,0,[0,0,0,1,-1],1,0,[0,-1,0,0,0],0,0},{'A',[0,-2,0,3,-3],3,0,[0,0,0,1,-1],1,0,[0,-1,0,1,-1],2,1},{'A',[-32,-2,0,3,-3],4,0,[0,-2,0,3,-3],3,0,[-1,0,0,0,0],0,5},{'A',[1,0,-1,0,0],1,0,[1,0,0,0,0],0,0,[0,0,-1,0,0],0,0},{'A',[1,0,3,0,0],2,0,[1,0,-1,0,0],1,0,[0,0,1,0,0],0,2},{'A',[1,-4,3,4,-4],3,0,[0,-1,0,1,-1],2,2,[1,0,3,0,0],2,0},{'A',[-28,-18,12,19,-19],5,0,[1,-4,3,4,-4],3,2,[-32,-2,0,3,-3],4,0},{'O',[-28,-18,12,19,-19],5,[-28,-18,12,19,-19],5,0}}
#Add optimal = 0
#FAs optimal = 0
