Adder graph: {{'A',[0,0,0,2,-1],1,0,[0,0,0,1,0],0,1,[0,0,0,0,-1],0,0},{'A',[0,0,0,-30,15],2,0,[0,0,0,2,-1],1,0,[0,0,0,-2,1],1,4},{'A',[0,1,0,0,2],1,0,[0,0,0,0,1],0,1,[0,1,0,0,0],0,0},{'A',[0,-1,2,0,-2],2,0,[0,0,1,0,0],0,1,[0,-1,0,0,-2],1,0},{'A',[1,2,0,0,4],2,0,[1,0,0,0,0],0,0,[0,1,0,0,2],1,1},{'A',[4,9,-2,0,18],3,0,[1,2,0,0,4],2,2,[0,1,-2,0,2],2,0},{'A',[8,18,-4,30,21],4,0,[4,9,-2,0,18],3,1,[0,0,0,30,-15],2,0},{'O',[-8,-18,4,-30,-21],4,[-8,-18,4,-30,-21],4,0}}
Adder graph: {{'A',[0,-2,0,0,1],1,0,[0,0,0,0,1],0,0,[0,-1,0,0,0],0,1},{'A',[0,-18,0,0,9],2,0,[0,-2,0,0,1],1,3,[0,-2,0,0,1],1,0},{'A',[0,0,0,1,1],1,0,[0,0,0,0,1],0,0,[0,0,0,1,0],0,0},{'A',[0,0,2,1,1],2,0,[0,0,1,0,0],0,1,[0,0,0,1,1],1,0},{'A',[0,0,2,-15,-15],3,0,[0,0,2,1,1],2,0,[0,0,0,-1,-1],1,4},{'A',[4,0,-2,15,15],4,0,[1,0,0,0,0],0,2,[0,0,-2,15,15],3,0},{'A',[-8,-18,4,-30,-21],5,0,[0,-18,0,0,9],2,0,[-4,0,2,-15,-15],4,1},{'O',[-8,-18,4,-30,-21],5,[-8,-18,4,-30,-21],5,0}}
Adder graph: {{'A',[-2,0,1,0,0],1,0,[0,0,1,0,0],0,0,[-1,0,0,0,0],0,1},{'A',[0,1,0,0,2],1,0,[0,1,0,0,0],0,0,[0,0,0,0,1],0,1},{'A',[0,0,0,2,-1],1,0,[0,0,0,1,0],0,1,[0,0,0,0,-1],0,0},{'A',[0,1,0,2,1],2,0,[0,1,0,0,2],1,0,[0,0,0,2,-1],1,0},{'A',[0,-2,0,2,-5],2,0,[0,0,0,2,-1],1,0,[0,-1,0,0,-2],1,1},{'A',[-2,-4,1,-8,-4],3,0,[-2,0,1,0,0],1,0,[0,-1,0,-2,-1],2,2},{'A',[-8,-18,4,-30,-21],4,0,[0,-2,0,2,-5],2,0,[-2,-4,1,-8,-4],3,2},{'O',[-8,-18,4,-30,-21],4,[-8,-18,4,-30,-21],4,0}}
Adder graph: {{'A',[0,0,0,-2,1],1,0,[0,0,0,0,1],0,0,[0,0,0,-1,0],0,1},{'A',[0,1,0,0,2],1,0,[0,0,0,0,1],0,1,[0,1,0,0,0],0,0},{'A',[0,0,-4,-2,1],2,0,[0,0,0,-2,1],1,0,[0,0,-1,0,0],0,2},{'A',[0,9,0,0,18],2,0,[0,1,0,0,2],1,0,[0,1,0,0,2],1,3},{'A',[0,18,-4,-2,37],3,0,[0,0,-4,-2,1],2,0,[0,9,0,0,18],2,1},{'A',[1,0,0,4,-2],2,0,[1,0,0,0,0],0,0,[0,0,0,2,-1],1,1},{'A',[8,18,-4,30,21],4,0,[0,18,-4,-2,37],3,0,[1,0,0,4,-2],2,3},{'O',[-8,-18,4,-30,-21],4,[-8,-18,4,-30,-21],4,0}}
Adder graph: {{'A',[0,1,0,0,2],1,0,[0,1,0,0,0],0,0,[0,0,0,0,1],0,1},{'A',[0,0,0,-2,1],1,0,[0,0,0,0,1],0,0,[0,0,0,-1,0],0,1},{'A',[8,0,0,-2,1],2,0,[0,0,0,-2,1],1,0,[1,0,0,0,0],0,3},{'A',[0,1,0,16,-6],2,0,[0,1,0,0,2],1,0,[0,0,0,2,-1],1,3},{'A',[8,0,-4,-2,1],3,0,[8,0,0,-2,1],2,0,[0,0,-1,0,0],0,2},{'A',[8,16,-4,-2,33],4,0,[8,0,-4,-2,1],3,0,[0,1,0,0,2],1,4},{'A',[8,18,-4,30,21],5,0,[8,16,-4,-2,33],4,0,[0,1,0,16,-6],2,1},{'O',[-8,-18,4,-30,-21],5,[-8,-18,4,-30,-21],5,0}}
Adder graph: {{'A',[0,0,0,-2,1],1,0,[0,0,0,0,1],0,0,[0,0,0,-1,0],0,1},{'A',[0,0,-4,-2,1],2,0,[0,0,0,-2,1],1,0,[0,0,-1,0,0],0,2},{'A',[0,1,0,0,2],1,0,[0,1,0,0,0],0,0,[0,0,0,0,1],0,1},{'A',[4,1,0,0,2],2,0,[0,1,0,0,2],1,0,[1,0,0,0,0],0,2},{'A',[8,2,-4,-2,5],3,0,[0,0,-4,-2,1],2,0,[4,1,0,0,2],2,1},{'A',[0,-1,0,-2,-1],2,0,[0,0,0,-2,1],1,0,[0,-1,0,0,-2],1,0},{'A',[8,18,-4,30,21],4,0,[8,2,-4,-2,5],3,0,[0,1,0,2,1],2,4},{'O',[-8,-18,4,-30,-21],4,[-8,-18,4,-30,-21],4,0}}
Adder graph: {{'A',[0,-2,0,0,1],1,0,[0,0,0,0,1],0,0,[0,-1,0,0,0],0,1},{'A',[0,-2,4,0,1],2,0,[0,0,1,0,0],0,2,[0,-2,0,0,1],1,0},{'A',[0,0,0,1,1],1,0,[0,0,0,1,0],0,0,[0,0,0,0,1],0,0},{'A',[-8,-2,4,0,1],3,0,[0,-2,4,0,1],2,0,[-1,0,0,0,0],0,3},{'A',[-8,-2,4,2,3],4,0,[-8,-2,4,0,1],3,0,[0,0,0,1,1],1,1},{'A',[-8,-18,4,2,11],5,0,[-8,-2,4,2,3],4,0,[0,-2,0,0,1],1,3},{'A',[-8,-18,4,-30,-21],6,0,[-8,-18,4,2,11],5,0,[0,0,0,-1,-1],1,5},{'O',[-8,-18,4,-30,-21],6,[-8,-18,4,-30,-21],6,0}}
Finished solving after 59960.9 seconds
Adder graph: {{'A',[0,-2,0,0,1],1,0,[0,0,0,0,1],0,0,[0,-1,0,0,0],0,1},{'A',[0,-2,4,0,1],2,0,[0,0,1,0,0],0,2,[0,-2,0,0,1],1,0},{'A',[0,0,0,1,1],1,0,[0,0,0,1,0],0,0,[0,0,0,0,1],0,0},{'A',[-8,-2,4,0,1],3,0,[0,-2,4,0,1],2,0,[-1,0,0,0,0],0,3},{'A',[-8,-2,4,2,3],4,0,[-8,-2,4,0,1],3,0,[0,0,0,1,1],1,1},{'A',[-8,-18,4,2,11],5,0,[-8,-2,4,2,3],4,0,[0,-2,0,0,1],1,3},{'A',[-8,-18,4,-30,-21],6,0,[-8,-18,4,2,11],5,0,[0,0,0,-1,-1],1,5},{'O',[-8,-18,4,-30,-21],6,[-8,-18,4,-30,-21],6,0}}
#Add optimal = 1
#FAs optimal = 0
