Adder graph: {{'A',[0,1,-4,0,0],1,0,[0,1,0,0,0],0,0,[0,0,-1,0,0],0,2},{'A',[0,5,-4,0,0],2,0,[0,1,-4,0,0],1,0,[0,1,0,0,0],0,2},{'A',[2,5,-4,0,0],3,0,[1,0,0,0,0],0,1,[0,5,-4,0,0],2,0},{'A',[0,1,-4,0,8],2,0,[0,0,0,0,1],0,3,[0,1,-4,0,0],1,0},{'A',[2,5,-4,1,0],4,0,[0,0,0,1,0],0,0,[2,5,-4,0,0],3,0},{'A',[2,7,-12,1,16],5,0,[0,1,-4,0,8],2,1,[2,5,-4,1,0],4,0},{'A',[10,27,-28,5,16],6,0,[2,7,-12,1,16],5,0,[2,5,-4,1,0],4,2},{'O',[10,27,-28,5,16],6,[10,27,-28,5,16],6,0}}
Adder graph: {{'A',[0,1,0,-1,0],1,0,[0,1,0,0,0],0,0,[0,0,0,-1,0],0,0},{'A',[0,0,1,0,4],1,0,[0,0,1,0,0],0,0,[0,0,0,0,1],0,2},{'A',[-2,1,0,-1,0],2,0,[0,1,0,-1,0],1,0,[-1,0,0,0,0],0,1},{'A',[2,-1,1,1,4],3,0,[0,0,1,0,4],1,0,[2,-1,0,1,0],2,0},{'A',[-2,-31,0,-1,0],3,0,[-2,1,0,-1,0],2,0,[0,-1,0,0,0],0,5},{'A',[10,27,4,5,16],4,0,[2,-1,1,1,4],3,2,[2,31,0,1,0],3,0},{'A',[10,27,-28,5,16],5,0,[10,27,4,5,16],4,0,[0,0,-1,0,0],0,5},{'O',[10,27,-28,5,16],5,[10,27,-28,5,16],5,0}}
Adder graph: {{'A',[0,-1,0,1,0],1,0,[0,0,0,1,0],0,0,[0,-1,0,0,0],0,0},{'A',[2,-1,0,1,0],2,0,[0,-1,0,1,0],1,0,[1,0,0,0,0],0,1},{'A',[2,-1,0,1,16],3,0,[0,0,0,0,1],0,4,[2,-1,0,1,0],2,0},{'A',[0,8,1,0,0],1,0,[0,0,1,0,0],0,0,[0,1,0,0,0],0,3},{'A',[0,8,-7,0,0],2,0,[0,8,1,0,0],1,0,[0,0,-1,0,0],0,3},{'A',[2,31,-28,1,16],4,0,[2,-1,0,1,16],3,0,[0,8,-7,0,0],2,2},{'A',[10,27,-28,5,16],5,0,[2,-1,0,1,0],2,2,[2,31,-28,1,16],4,0},{'O',[10,27,-28,5,16],5,[10,27,-28,5,16],5,0}}
Adder graph: {{'A',[-2,1,0,0,0],1,0,[0,1,0,0,0],0,0,[-1,0,0,0,0],0,1},{'A',[2,-1,0,1,0],2,0,[0,0,0,1,0],0,0,[2,-1,0,0,0],1,0},{'A',[2,-1,0,1,16],3,0,[0,0,0,0,1],0,4,[2,-1,0,1,0],2,0},{'A',[2,-1,1,1,0],3,0,[0,0,1,0,0],0,0,[2,-1,0,1,0],2,0},{'A',[2,-1,-32,1,16],4,0,[2,-1,0,1,16],3,0,[0,0,-1,0,0],0,5},{'A',[2,7,1,1,0],4,0,[2,-1,1,1,0],3,0,[0,1,0,0,0],0,3},{'A',[10,27,-28,5,16],5,0,[2,7,1,1,0],4,2,[2,-1,-32,1,16],4,0},{'O',[10,27,-28,5,16],5,[10,27,-28,5,16],5,0}}
Adder graph: {{'A',[0,1,0,-1,0],1,0,[0,1,0,0,0],0,0,[0,0,0,-1,0],0,0},{'A',[0,0,-7,0,0],1,0,[0,0,1,0,0],0,0,[0,0,-1,0,0],0,3},{'A',[-2,1,0,-1,0],2,0,[0,1,0,-1,0],1,0,[-1,0,0,0,0],0,1},{'A',[-2,1,28,-1,0],3,0,[-2,1,0,-1,0],2,0,[0,0,7,0,0],1,2},{'A',[-2,1,0,-1,-4],3,0,[-2,1,0,-1,0],2,0,[0,0,0,0,-1],0,2},{'A',[-2,-31,28,-1,0],4,0,[-2,1,28,-1,0],3,0,[0,-1,0,0,0],0,5},{'A',[-10,-27,28,-5,-16],5,0,[-2,-31,28,-1,0],4,0,[-2,1,0,-1,-4],3,2},{'O',[10,27,-28,5,16],5,[10,27,-28,5,16],5,0}}
Adder graph: {{'A',[0,-1,0,1,0],1,0,[0,0,0,1,0],0,0,[0,-1,0,0,0],0,0},{'A',[0,2,0,0,1],1,0,[0,0,0,0,1],0,0,[0,1,0,0,0],0,1},{'A',[2,-1,0,1,0],2,0,[1,0,0,0,0],0,1,[0,-1,0,1,0],1,0},{'A',[2,7,0,1,4],3,0,[2,-1,0,1,0],2,0,[0,2,0,0,1],1,2},{'A',[2,-1,4,1,0],3,0,[2,-1,0,1,0],2,0,[0,0,1,0,0],0,2},{'A',[2,-1,-28,1,0],4,0,[2,-1,4,1,0],3,0,[0,0,-1,0,0],0,5},{'A',[10,27,-28,5,16],5,0,[2,-1,-28,1,0],4,0,[2,7,0,1,4],3,2},{'O',[10,27,-28,5,16],5,[10,27,-28,5,16],5,0}}
Adder graph: {{'A',[0,-1,0,1,0],1,0,[0,0,0,1,0],0,0,[0,-1,0,0,0],0,0},{'A',[2,-1,0,1,0],2,0,[0,-1,0,1,0],1,0,[1,0,0,0,0],0,1},{'A',[2,-1,4,1,0],3,0,[2,-1,0,1,0],2,0,[0,0,1,0,0],0,2},{'A',[2,-1,-28,1,0],4,0,[2,-1,4,1,0],3,0,[0,0,-1,0,0],0,5},{'A',[2,-1,0,1,4],3,0,[2,-1,0,1,0],2,0,[0,0,0,0,1],0,2},{'A',[2,7,0,1,4],4,0,[0,1,0,0,0],0,3,[2,-1,0,1,4],3,0},{'A',[10,27,-28,5,16],5,0,[2,7,0,1,4],4,2,[2,-1,-28,1,0],4,0},{'O',[10,27,-28,5,16],5,[10,27,-28,5,16],5,0}}
Finished solving after 62866.1 seconds
Adder graph: {{'A',[0,-1,0,1,0],1,0,[0,0,0,1,0],0,0,[0,-1,0,0,0],0,0},{'A',[2,-1,0,1,0],2,0,[0,-1,0,1,0],1,0,[1,0,0,0,0],0,1},{'A',[2,-1,4,1,0],3,0,[2,-1,0,1,0],2,0,[0,0,1,0,0],0,2},{'A',[2,-1,-28,1,0],4,0,[2,-1,4,1,0],3,0,[0,0,-1,0,0],0,5},{'A',[2,-1,0,1,4],3,0,[2,-1,0,1,0],2,0,[0,0,0,0,1],0,2},{'A',[2,7,0,1,4],4,0,[0,1,0,0,0],0,3,[2,-1,0,1,4],3,0},{'A',[10,27,-28,5,16],5,0,[2,7,0,1,4],4,2,[2,-1,-28,1,0],4,0},{'O',[10,27,-28,5,16],5,[10,27,-28,5,16],5,0}}
#Add optimal = 1
#FAs optimal = 0
