Adder graph: {{'A',[-1,0,4,0,0],1,0,[0,0,1,0,0],0,2,[-1,0,0,0,0],0,0},{'A',[-8,0,0,0,1],1,0,[0,0,0,0,1],0,0,[-1,0,0,0,0],0,3},{'A',[-8,0,0,8,1],2,0,[-8,0,0,0,1],1,0,[0,0,0,1,0],0,3},{'A',[-5,0,20,0,0],2,0,[-1,0,4,0,0],1,2,[-1,0,4,0,0],1,0},{'A',[-8,16,0,8,1],3,0,[-8,0,0,8,1],2,0,[0,1,0,0,0],0,4},{'A',[5,1,-20,0,0],3,0,[0,1,0,0,0],0,0,[5,0,-20,0,0],2,0},{'A',[-8,16,0,8,-31],4,0,[-8,16,0,8,1],3,0,[0,0,0,0,-1],0,5},{'A',[13,-15,-20,-8,31],5,0,[5,1,-20,0,0],3,0,[8,-16,0,-8,31],4,0},{'O',[13,-15,-20,-8,31],5,[13,-15,-20,-8,31],5,0}}
Adder graph: {{'A',[0,0,0,0,-31],1,0,[0,0,0,0,1],0,0,[0,0,0,0,-1],0,5},{'A',[1,0,-4,0,0],1,0,[1,0,0,0,0],0,0,[0,0,-1,0,0],0,2},{'A',[1,-1,-4,0,0],2,0,[1,0,-4,0,0],1,0,[0,-1,0,0,0],0,0},{'A',[-16,16,64,0,-31],3,0,[0,0,0,0,-31],1,0,[-1,1,4,0,0],2,4},{'A',[1,-1,-36,0,0],3,0,[1,-1,-4,0,0],2,0,[0,0,-1,0,0],0,5},{'A',[1,0,-4,4,0],2,0,[1,0,-4,0,0],1,0,[0,0,0,1,0],0,2},{'A',[-15,15,28,0,-31],4,0,[1,-1,-36,0,0],3,0,[-16,16,64,0,-31],3,0},{'A',[-13,15,20,8,-31],5,0,[-15,15,28,0,-31],4,0,[1,0,-4,4,0],2,1},{'O',[13,-15,-20,-8,31],5,[13,-15,-20,-8,31],5,0}}
Adder graph: {{'A',[0,0,0,8,1],1,0,[0,0,0,1,0],0,3,[0,0,0,0,1],0,0},{'A',[1,0,-4,0,0],1,0,[1,0,0,0,0],0,0,[0,0,-1,0,0],0,2},{'A',[0,16,0,8,1],2,0,[0,0,0,8,1],1,0,[0,1,0,0,0],0,4},{'A',[8,1,0,0,0],1,0,[1,0,0,0,0],0,3,[0,1,0,0,0],0,0},{'A',[8,-15,0,-8,-1],3,0,[8,1,0,0,0],1,0,[0,-16,0,-8,-1],2,0},{'A',[1,0,-4,0,8],2,0,[1,0,-4,0,0],1,0,[0,0,0,0,1],0,3},{'A',[5,0,-20,0,32],3,0,[1,0,-4,0,0],1,0,[1,0,-4,0,8],2,2},{'A',[13,-15,-20,-8,31],4,0,[5,0,-20,0,32],3,0,[8,-15,0,-8,-1],3,0},{'O',[13,-15,-20,-8,31],4,[13,-15,-20,-8,31],4,0}}
Adder graph: {{'A',[-1,1,0,0,0],1,0,[0,1,0,0,0],0,0,[-1,0,0,0,0],0,0},{'A',[0,0,1,2,0],1,0,[0,0,0,1,0],0,1,[0,0,1,0,0],0,0},{'A',[0,0,4,8,1],2,0,[0,0,1,2,0],1,2,[0,0,0,0,1],0,0},{'A',[1,0,0,0,-16],1,0,[1,0,0,0,0],0,0,[0,0,0,0,-1],0,4},{'A',[0,0,20,8,1],3,0,[0,0,1,0,0],0,4,[0,0,4,8,1],2,0},{'A',[-3,1,0,0,32],2,0,[-1,1,0,0,0],1,0,[-1,0,0,0,16],1,1},{'A',[3,-1,20,8,-31],4,0,[0,0,20,8,1],3,0,[3,-1,0,0,-32],2,0},{'A',[-13,15,20,8,-31],5,0,[-1,1,0,0,0],1,4,[3,-1,20,8,-31],4,0},{'O',[13,-15,-20,-8,31],5,[13,-15,-20,-8,31],5,0}}
Adder graph: {{'A',[-1,1,0,0,0],1,0,[0,1,0,0,0],0,0,[-1,0,0,0,0],0,0},{'A',[-1,1,0,0,-1],2,0,[-1,1,0,0,0],1,0,[0,0,0,0,-1],0,0},{'A',[-1,1,-4,0,-1],3,0,[-1,1,0,0,-1],2,0,[0,0,-1,0,0],0,2},{'A',[-1,1,-4,-8,-1],4,0,[-1,1,-4,0,-1],3,0,[0,0,0,-1,0],0,3},{'A',[-3,1,-4,-8,-1],5,0,[-1,1,-4,-8,-1],4,0,[-1,0,0,0,0],0,1},{'A',[-1,1,0,0,-2],3,0,[-1,1,0,0,-1],2,0,[0,0,0,0,-1],0,0},{'A',[-1,1,1,0,-2],4,0,[-1,1,0,0,-2],3,0,[0,0,1,0,0],0,0},{'A',[13,-15,-20,-8,31],6,0,[-3,1,-4,-8,-1],5,0,[1,-1,-1,0,2],4,4},{'O',[13,-15,-20,-8,31],6,[13,-15,-20,-8,31],6,0}}
Adder graph: {{'A',[1,0,-4,0,0],1,0,[1,0,0,0,0],0,0,[0,0,-1,0,0],0,2},{'A',[9,0,-4,0,0],2,0,[1,0,-4,0,0],1,0,[1,0,0,0,0],0,3},{'A',[0,1,0,0,-1],1,0,[0,1,0,0,0],0,0,[0,0,0,0,-1],0,0},{'A',[9,1,-4,0,-1],3,0,[0,1,0,0,-1],1,0,[9,0,-4,0,0],2,0},{'A',[1,0,-4,-2,0],2,0,[1,0,-4,0,0],1,0,[0,0,0,-1,0],0,1},{'A',[9,-15,-4,0,-1],4,0,[9,1,-4,0,-1],3,0,[0,-1,0,0,0],0,4},{'A',[1,0,-4,-2,8],3,0,[1,0,-4,-2,0],2,0,[0,0,0,0,1],0,3},{'A',[13,-15,-20,-8,31],5,0,[9,-15,-4,0,-1],4,0,[1,0,-4,-2,8],3,2},{'O',[13,-15,-20,-8,31],5,[13,-15,-20,-8,31],5,0}}
Adder graph: {{'A',[0,0,0,1,-4],1,0,[0,0,0,1,0],0,0,[0,0,0,0,-1],0,2},{'A',[1,-1,0,0,0],1,0,[1,0,0,0,0],0,0,[0,-1,0,0,0],0,0},{'A',[1,-1,4,0,0],2,0,[1,-1,0,0,0],1,0,[0,0,1,0,0],0,2},{'A',[2,0,0,0,1],1,0,[1,0,0,0,0],0,1,[0,0,0,0,1],0,0},{'A',[3,-1,4,0,1],3,0,[2,0,0,0,1],1,0,[1,-1,4,0,0],2,0},{'A',[3,-1,20,0,1],4,0,[3,-1,4,0,1],3,0,[0,0,1,0,0],0,4},{'A',[3,-1,20,8,-31],5,0,[3,-1,20,0,1],4,0,[0,0,0,1,-4],1,3},{'A',[-13,15,20,8,-31],6,0,[3,-1,20,8,-31],5,0,[-1,1,0,0,0],1,4},{'O',[13,-15,-20,-8,31],6,[13,-15,-20,-8,31],6,0}}
Adder graph: {{'A',[0,0,4,0,1],1,0,[0,0,0,0,1],0,0,[0,0,1,0,0],0,2},{'A',[-1,1,0,0,0],1,0,[0,1,0,0,0],0,0,[-1,0,0,0,0],0,0},{'A',[0,0,4,8,1],2,0,[0,0,4,0,1],1,0,[0,0,0,1,0],0,3},{'A',[0,0,20,8,1],3,0,[0,0,4,8,1],2,0,[0,0,1,0,0],0,4},{'A',[-3,1,0,0,0],2,0,[-1,1,0,0,0],1,0,[-1,0,0,0,0],0,1},{'A',[13,-15,0,0,0],3,0,[-3,1,0,0,0],2,0,[1,-1,0,0,0],1,4},{'A',[-13,15,20,8,1],4,0,[0,0,20,8,1],3,0,[-13,15,0,0,0],3,0},{'A',[-13,15,20,8,-31],5,0,[-13,15,20,8,1],4,0,[0,0,0,0,-1],0,5},{'O',[13,-15,-20,-8,31],5,[13,-15,-20,-8,31],5,0}}
Finished solving after 94632.8 seconds
Adder graph: {{'A',[0,0,4,0,1],1,0,[0,0,0,0,1],0,0,[0,0,1,0,0],0,2},{'A',[-1,1,0,0,0],1,0,[0,1,0,0,0],0,0,[-1,0,0,0,0],0,0},{'A',[0,0,4,8,1],2,0,[0,0,4,0,1],1,0,[0,0,0,1,0],0,3},{'A',[0,0,20,8,1],3,0,[0,0,4,8,1],2,0,[0,0,1,0,0],0,4},{'A',[-3,1,0,0,0],2,0,[-1,1,0,0,0],1,0,[-1,0,0,0,0],0,1},{'A',[13,-15,0,0,0],3,0,[-3,1,0,0,0],2,0,[1,-1,0,0,0],1,4},{'A',[-13,15,20,8,1],4,0,[0,0,20,8,1],3,0,[-13,15,0,0,0],3,0},{'A',[-13,15,20,8,-31],5,0,[-13,15,20,8,1],4,0,[0,0,0,0,-1],0,5},{'O',[13,-15,-20,-8,31],5,[13,-15,-20,-8,31],5,0}}
#Add optimal = 0
#FAs optimal = 0
