Adder graph: {{'A',[1,0,16,0,0],1,0,[0,0,1,0,0],0,4,[1,0,0,0,0],0,0},{'A',[0,32,-1,0,0],1,0,[0,1,0,0,0],0,5,[0,0,-1,0,0],0,0},{'A',[0,1,0,0,2],1,0,[0,0,0,0,1],0,1,[0,1,0,0,0],0,0},{'A',[8,-1,0,0,-2],2,0,[1,0,0,0,0],0,3,[0,-1,0,0,-2],1,0},{'A',[-8,33,-1,0,2],3,0,[0,32,-1,0,0],1,0,[-8,1,0,0,2],2,0},{'A',[24,29,-1,0,-6],4,0,[-8,33,-1,0,2],3,0,[8,-1,0,0,-2],2,2},{'A',[24,29,-1,8,-6],5,0,[24,29,-1,0,-6],4,0,[0,0,0,1,0],0,3},{'A',[23,29,-17,8,-6],6,0,[24,29,-1,8,-6],5,0,[-1,0,-16,0,0],1,0},{'O',[23,29,-17,8,-6],6,[23,29,-17,8,-6],6,0}}
Adder graph: {{'A',[0,1,1,0,0],1,0,[0,0,1,0,0],0,0,[0,1,0,0,0],0,0},{'A',[1,2,0,0,0],1,0,[0,1,0,0,0],0,1,[1,0,0,0,0],0,0},{'A',[1,3,1,0,0],2,0,[1,2,0,0,0],1,0,[0,1,1,0,0],1,0},{'A',[4,8,0,0,-1],2,0,[1,2,0,0,0],1,2,[0,0,0,0,-1],0,0},{'A',[-1,-3,-1,8,0],3,0,[0,0,0,1,0],0,3,[-1,-3,-1,0,0],2,0},{'A',[31,61,-1,8,-8],4,0,[4,8,0,0,-1],2,3,[-1,-3,-1,8,0],3,0},{'A',[4,16,8,0,-1],3,0,[4,8,0,0,-1],2,0,[0,1,1,0,0],1,3},{'A',[-23,-29,17,-8,6],5,0,[4,16,8,0,-1],3,1,[-31,-61,1,-8,8],4,0},{'O',[23,29,-17,8,-6],5,[23,29,-17,8,-6],5,0}}
Adder graph: {{'A',[0,1,0,0,2],1,0,[0,0,0,0,1],0,1,[0,1,0,0,0],0,0},{'A',[0,-2,1,0,0],1,0,[0,0,1,0,0],0,0,[0,-1,0,0,0],0,1},{'A',[-8,1,0,0,2],2,0,[0,1,0,0,2],1,0,[-1,0,0,0,0],0,3},{'A',[-32,4,1,0,8],3,0,[0,0,1,0,0],0,0,[-8,1,0,0,2],2,2},{'A',[-32,4,1,-8,8],4,0,[-32,4,1,0,8],3,0,[0,0,0,-1,0],0,3},{'A',[-9,1,0,0,2],3,0,[-8,1,0,0,2],2,0,[-1,0,0,0,0],0,0},{'A',[-9,33,-16,0,2],4,0,[-9,1,0,0,2],3,0,[0,2,-1,0,0],1,4},{'A',[23,29,-17,8,-6],5,0,[-9,33,-16,0,2],4,0,[32,-4,-1,8,-8],4,0},{'O',[23,29,-17,8,-6],5,[23,29,-17,8,-6],5,0}}
Adder graph: {{'A',[0,1,0,0,2],1,0,[0,1,0,0,0],0,0,[0,0,0,0,1],0,1},{'A',[-8,1,0,0,2],2,0,[0,1,0,0,2],1,0,[-1,0,0,0,0],0,3},{'A',[-8,-31,0,0,2],3,0,[-8,1,0,0,2],2,0,[0,-1,0,0,0],0,5},{'A',[1,0,0,-8,0],1,0,[1,0,0,0,0],0,0,[0,0,0,-1,0],0,3},{'A',[0,0,17,0,0],1,0,[0,0,1,0,0],0,0,[0,0,1,0,0],0,4},{'A',[-24,-29,0,0,6],4,0,[-8,-31,0,0,2],3,0,[-8,1,0,0,2],2,1},{'A',[1,0,17,-8,0],2,0,[0,0,17,0,0],1,0,[1,0,0,-8,0],1,0},{'A',[-23,-29,17,-8,6],5,0,[-24,-29,0,0,6],4,0,[1,0,17,-8,0],2,0},{'O',[23,29,-17,8,-6],5,[23,29,-17,8,-6],5,0}}
Adder graph: {{'A',[1,1,0,0,0],1,0,[1,0,0,0,0],0,0,[0,1,0,0,0],0,0},{'A',[0,0,17,0,0],1,0,[0,0,1,0,0],0,0,[0,0,1,0,0],0,4},{'A',[0,0,17,-8,0],2,0,[0,0,17,0,0],1,0,[0,0,0,-1,0],0,3},{'A',[0,-1,0,0,1],1,0,[0,0,0,0,1],0,0,[0,-1,0,0,0],0,0},{'A',[-4,-5,0,0,1],2,0,[0,-1,0,0,1],1,0,[-1,-1,0,0,0],1,2},{'A',[1,1,17,-8,0],3,0,[0,0,17,-8,0],2,0,[1,1,0,0,0],1,0},{'A',[9,11,17,-8,-2],4,0,[1,1,17,-8,0],3,0,[4,5,0,0,-1],2,1},{'A',[-23,-29,17,-8,6],5,0,[9,11,17,-8,-2],4,0,[-4,-5,0,0,1],2,3},{'O',[23,29,-17,8,-6],5,[23,29,-17,8,-6],5,0}}
Adder graph: {{'A',[1,1,0,0,0],1,0,[1,0,0,0,0],0,0,[0,1,0,0,0],0,0},{'A',[0,0,2,-1,0],1,0,[0,0,1,0,0],0,1,[0,0,0,-1,0],0,0},{'A',[1,0,0,0,1],1,0,[1,0,0,0,0],0,0,[0,0,0,0,1],0,0},{'A',[0,0,17,-8,0],2,0,[0,0,1,0,0],0,0,[0,0,2,-1,0],1,3},{'A',[3,1,0,0,2],2,0,[1,1,0,0,0],1,0,[1,0,0,0,1],1,1},{'A',[-9,-3,0,0,-6],3,0,[3,1,0,0,2],2,0,[-3,-1,0,0,-2],2,2},{'A',[-32,-32,17,-8,0],3,0,[0,0,17,-8,0],2,0,[-1,-1,0,0,0],1,5},{'A',[-23,-29,17,-8,6],4,0,[-32,-32,17,-8,0],3,0,[9,3,0,0,6],3,0},{'O',[23,29,-17,8,-6],4,[23,29,-17,8,-6],4,0}}
Adder graph: {{'A',[-1,0,0,0,1],1,0,[0,0,0,0,1],0,0,[-1,0,0,0,0],0,0},{'A',[-1,0,1,0,0],1,0,[0,0,1,0,0],0,0,[-1,0,0,0,0],0,0},{'A',[-2,1,0,0,2],2,0,[0,1,0,0,0],0,0,[-1,0,0,0,1],1,1},{'A',[1,-1,1,0,-2],3,0,[-1,0,1,0,0],1,0,[2,-1,0,0,-2],2,0},{'A',[-2,-7,0,0,2],3,0,[-2,1,0,0,2],2,0,[0,-1,0,0,0],0,3},{'A',[-2,-7,0,-2,2],4,0,[-2,-7,0,0,2],3,0,[0,0,0,-1,0],0,1},{'A',[-15,-1,17,0,-2],4,0,[1,-1,1,0,-2],3,0,[-1,0,1,0,0],1,4},{'A',[-23,-29,17,-8,6],5,0,[-15,-1,17,0,-2],4,0,[-2,-7,0,-2,2],4,2},{'O',[23,29,-17,8,-6],5,[23,29,-17,8,-6],5,0}}
Adder graph: {{'A',[0,1,0,0,2],1,0,[0,1,0,0,0],0,0,[0,0,0,0,1],0,1},{'A',[-2,1,0,0,2],2,0,[0,1,0,0,2],1,0,[-1,0,0,0,0],0,1},{'A',[1,0,-1,0,0],1,0,[1,0,0,0,0],0,0,[0,0,-1,0,0],0,0},{'A',[-2,1,0,-8,2],3,0,[-2,1,0,0,2],2,0,[0,0,0,-1,0],0,3},{'A',[5,-2,-1,0,-4],3,0,[1,0,-1,0,0],1,0,[2,-1,0,0,-2],2,1},{'A',[-7,3,1,-8,6],4,0,[-2,1,0,-8,2],3,0,[-5,2,1,0,4],3,0},{'A',[1,2,-1,0,0],2,0,[0,1,0,0,0],0,1,[1,0,-1,0,0],1,0},{'A',[-23,-29,17,-8,6],5,0,[-7,3,1,-8,6],4,0,[-1,-2,1,0,0],2,4},{'O',[23,29,-17,8,-6],5,[23,29,-17,8,-6],5,0}}
Adder graph: {{'A',[-1,0,0,0,1],1,0,[0,0,0,0,1],0,0,[-1,0,0,0,0],0,0},{'A',[-1,-2,0,0,1],2,0,[-1,0,0,0,1],1,0,[0,-1,0,0,0],0,1},{'A',[-1,-2,0,4,1],3,0,[-1,-2,0,0,1],2,0,[0,0,0,1,0],0,2},{'A',[3,6,0,4,-3],4,0,[-1,-2,0,4,1],3,0,[1,2,0,0,-1],2,2},{'A',[-1,0,1,0,0],1,0,[0,0,1,0,0],0,0,[-1,0,0,0,0],0,0},{'A',[-1,-1,1,0,0],2,0,[-1,0,1,0,0],1,0,[0,-1,0,0,0],0,0},{'A',[-7,-13,1,-8,6],5,0,[-1,-1,1,0,0],2,0,[-3,-6,0,-4,3],4,1},{'A',[-23,-29,17,-8,6],6,0,[-7,-13,1,-8,6],5,0,[-1,-1,1,0,0],2,4},{'O',[23,29,-17,8,-6],6,[23,29,-17,8,-6],6,0}}
Finished solving after 116717 seconds
Adder graph: {{'A',[-1,0,0,0,1],1,0,[0,0,0,0,1],0,0,[-1,0,0,0,0],0,0},{'A',[-1,-2,0,0,1],2,0,[-1,0,0,0,1],1,0,[0,-1,0,0,0],0,1},{'A',[-1,-2,0,4,1],3,0,[-1,-2,0,0,1],2,0,[0,0,0,1,0],0,2},{'A',[3,6,0,4,-3],4,0,[-1,-2,0,4,1],3,0,[1,2,0,0,-1],2,2},{'A',[-1,0,1,0,0],1,0,[0,0,1,0,0],0,0,[-1,0,0,0,0],0,0},{'A',[-1,-1,1,0,0],2,0,[-1,0,1,0,0],1,0,[0,-1,0,0,0],0,0},{'A',[-7,-13,1,-8,6],5,0,[-1,-1,1,0,0],2,0,[-3,-6,0,-4,3],4,1},{'A',[-23,-29,17,-8,6],6,0,[-7,-13,1,-8,6],5,0,[-1,-1,1,0,0],2,4},{'O',[23,29,-17,8,-6],6,[23,29,-17,8,-6],6,0}}
#Add optimal = 0
#FAs optimal = 0
