Adder graph: {{'A',[0,0,0,1,-1],1,0,[0,0,0,1,0],0,0,[0,0,0,0,-1],0,0},{'A',[0,0,2,-1,1],2,0,[0,0,1,0,0],0,1,[0,0,0,-1,1],1,0},{'A',[0,1,0,1,0],1,0,[0,0,0,1,0],0,0,[0,1,0,0,0],0,0},{'A',[8,0,-2,1,-1],3,0,[1,0,0,0,0],0,3,[0,0,-2,1,-1],2,0},{'A',[9,0,-2,1,-1],4,0,[1,0,0,0,0],0,0,[8,0,-2,1,-1],3,0},{'A',[8,1,-2,2,-1],4,0,[0,1,0,1,0],1,0,[8,0,-2,1,-1],3,0},{'A',[0,-1,0,1,-2],2,0,[0,0,0,1,-1],1,1,[0,-1,0,-1,0],1,0},{'A',[-8,-9,2,6,-15],5,0,[0,-1,0,1,-2],2,3,[-8,-1,2,-2,1],4,0},{'A',[25,18,-6,-11,29],6,0,[9,0,-2,1,-1],4,0,[8,9,-2,-6,15],5,1},{'O',[25,18,-6,-11,29],6,[25,18,-6,-11,29],6,0}}
Adder graph: {{'A',[0,1,0,0,1],1,0,[0,0,0,0,1],0,0,[0,1,0,0,0],0,0},{'A',[0,0,0,-1,1],1,0,[0,0,0,0,1],0,0,[0,0,0,-1,0],0,0},{'A',[0,1,0,2,-1],2,0,[0,1,0,0,1],1,0,[0,0,0,1,-1],1,1},{'A',[4,0,-1,0,0],1,0,[1,0,0,0,0],0,2,[0,0,-1,0,0],0,0},{'A',[-4,1,1,2,-1],3,0,[0,1,0,2,-1],2,0,[-4,0,1,0,0],1,0},{'A',[-1,0,0,-1,1],2,0,[0,0,0,-1,1],1,0,[-1,0,0,0,0],0,0},{'A',[-4,-3,1,2,-5],4,0,[-4,1,1,2,-1],3,0,[0,-1,0,0,-1],1,2},{'A',[-12,-9,3,6,-15],5,0,[-4,-3,1,2,-5],4,1,[-4,-3,1,2,-5],4,0},{'A',[-25,-18,6,11,-29],6,0,[-1,0,0,-1,1],2,0,[-12,-9,3,6,-15],5,1},{'O',[25,18,-6,-11,29],6,[25,18,-6,-11,29],6,0}}
Adder graph: {{'A',[0,0,0,1,-2],1,0,[0,0,0,1,0],0,0,[0,0,0,0,-1],0,1},{'A',[1,0,0,0,1],1,0,[1,0,0,0,0],0,0,[0,0,0,0,1],0,0},{'A',[0,-2,0,1,0],1,0,[0,0,0,1,0],0,0,[0,-1,0,0,0],0,1},{'A',[1,0,0,-2,5],2,0,[1,0,0,0,1],1,0,[0,0,0,-1,2],1,1},{'A',[-4,0,1,0,-4],2,0,[0,0,1,0,0],0,0,[-1,0,0,0,-1],1,2},{'A',[8,-2,-2,1,8],3,0,[0,-2,0,1,0],1,0,[4,0,-1,0,4],2,1},{'A',[-7,2,2,-3,-3],4,0,[1,0,0,-2,5],2,0,[-8,2,2,-1,-8],3,0},{'A',[-7,18,2,-11,-3],5,0,[-7,2,2,-3,-3],4,0,[0,2,0,-1,0],1,3},{'A',[25,18,-6,-11,29],6,0,[-7,18,2,-11,-3],5,0,[4,0,-1,0,4],2,3},{'O',[25,18,-6,-11,29],6,[25,18,-6,-11,29],6,0}}
Adder graph: {{'A',[0,0,1,0,2],1,0,[0,0,1,0,0],0,0,[0,0,0,0,1],0,1},{'A',[0,-2,0,1,0],1,0,[0,0,0,1,0],0,0,[0,-1,0,0,0],0,1},{'A',[1,0,0,0,1],1,0,[1,0,0,0,0],0,0,[0,0,0,0,1],0,0},{'A',[1,2,0,-1,1],2,0,[1,0,0,0,1],1,0,[0,2,0,-1,0],1,0},{'A',[3,2,0,-1,3],3,0,[1,0,0,0,1],1,1,[1,2,0,-1,1],2,0},{'A',[0,0,1,-1,2],2,0,[0,0,1,0,2],1,0,[0,0,0,-1,0],0,0},{'A',[12,8,1,-5,14],4,0,[0,0,1,-1,2],2,0,[3,2,0,-1,3],3,2},{'A',[1,2,-8,-1,1],3,0,[1,2,0,-1,1],2,0,[0,0,-1,0,0],0,3},{'A',[25,18,-6,-11,29],5,0,[1,2,-8,-1,1],3,0,[12,8,1,-5,14],4,1},{'O',[25,18,-6,-11,29],5,[25,18,-6,-11,29],5,0}}
Adder graph: {{'A',[0,1,0,1,0],1,0,[0,1,0,0,0],0,0,[0,0,0,1,0],0,0},{'A',[1,0,0,0,1],1,0,[0,0,0,0,1],0,0,[1,0,0,0,0],0,0},{'A',[1,0,0,-1,1],2,0,[1,0,0,0,1],1,0,[0,0,0,-1,0],0,0},{'A',[1,0,2,-1,1],3,0,[0,0,1,0,0],0,1,[1,0,0,-1,1],2,0},{'A',[-2,1,0,1,0],2,0,[0,1,0,1,0],1,0,[-1,0,0,0,0],0,1},{'A',[2,1,0,-1,2],3,0,[0,1,0,1,0],1,0,[1,0,0,-1,1],2,1},{'A',[5,-2,2,-3,1],4,0,[1,0,2,-1,1],3,0,[2,-1,0,-1,0],2,1},{'A',[-15,-8,2,7,-15],4,0,[1,0,2,-1,1],3,0,[-2,-1,0,1,-2],3,3},{'A',[-25,-18,6,11,-29],5,0,[-15,-8,2,7,-15],4,1,[5,-2,2,-3,1],4,0},{'O',[25,18,-6,-11,29],5,[25,18,-6,-11,29],5,0}}
Adder graph: {{'A',[0,0,2,0,1],1,0,[0,0,1,0,0],0,1,[0,0,0,0,1],0,0},{'A',[0,0,2,4,1],2,0,[0,0,2,0,1],1,0,[0,0,0,1,0],0,2},{'A',[0,0,-6,-12,-3],3,0,[0,0,2,4,1],2,0,[0,0,-2,-4,-1],2,2},{'A',[1,2,0,0,0],1,0,[1,0,0,0,0],0,0,[0,1,0,0,0],0,1},{'A',[1,2,0,1,0],2,0,[0,0,0,1,0],0,0,[1,2,0,0,0],1,0},{'A',[17,2,0,1,0],3,0,[1,0,0,0,0],0,4,[1,2,0,1,0],2,0},{'A',[25,18,0,1,0],4,0,[17,2,0,1,0],3,0,[1,2,0,0,0],1,3},{'A',[0,0,-6,-12,29],4,0,[0,0,0,0,1],0,5,[0,0,-6,-12,-3],3,0},{'A',[25,18,-6,-11,29],5,0,[25,18,0,1,0],4,0,[0,0,-6,-12,29],4,0},{'O',[25,18,-6,-11,29],5,[25,18,-6,-11,29],5,0}}
Adder graph: {{'A',[1,0,0,0,1],1,0,[0,0,0,0,1],0,0,[1,0,0,0,0],0,0},{'A',[1,0,0,-1,1],2,0,[1,0,0,0,1],1,0,[0,0,0,-1,0],0,0},{'A',[0,0,-1,1,0],1,0,[0,0,0,1,0],0,0,[0,0,-1,0,0],0,0},{'A',[1,2,0,-1,1],3,0,[0,1,0,0,0],0,1,[1,0,0,-1,1],2,0},{'A',[0,0,3,1,0],2,0,[0,0,1,0,0],0,2,[0,0,-1,1,0],1,0},{'A',[1,2,0,-1,5],4,0,[1,2,0,-1,1],3,0,[0,0,0,0,1],0,2},{'A',[1,2,-6,-3,5],5,0,[1,2,0,-1,5],4,0,[0,0,-3,-1,0],2,1},{'A',[3,2,0,-1,3],4,0,[1,2,0,-1,1],3,0,[1,0,0,0,1],1,1},{'A',[25,18,-6,-11,29],6,0,[1,2,-6,-3,5],5,0,[3,2,0,-1,3],4,3},{'O',[25,18,-6,-11,29],6,[25,18,-6,-11,29],6,0}}
Finished solving after 140942 seconds
Adder graph: {{'A',[1,0,0,0,1],1,0,[0,0,0,0,1],0,0,[1,0,0,0,0],0,0},{'A',[1,0,0,-1,1],2,0,[1,0,0,0,1],1,0,[0,0,0,-1,0],0,0},{'A',[0,0,-1,1,0],1,0,[0,0,0,1,0],0,0,[0,0,-1,0,0],0,0},{'A',[1,2,0,-1,1],3,0,[0,1,0,0,0],0,1,[1,0,0,-1,1],2,0},{'A',[0,0,3,1,0],2,0,[0,0,1,0,0],0,2,[0,0,-1,1,0],1,0},{'A',[1,2,0,-1,5],4,0,[1,2,0,-1,1],3,0,[0,0,0,0,1],0,2},{'A',[1,2,-6,-3,5],5,0,[1,2,0,-1,5],4,0,[0,0,-3,-1,0],2,1},{'A',[3,2,0,-1,3],4,0,[1,2,0,-1,1],3,0,[1,0,0,0,1],1,1},{'A',[25,18,-6,-11,29],6,0,[1,2,-6,-3,5],5,0,[3,2,0,-1,3],4,3},{'O',[25,18,-6,-11,29],6,[25,18,-6,-11,29],6,0}}
#Add optimal = 0
#FAs optimal = 0
