Adder graph: {{'A',[0,-8,0,0,1],1,0,[0,0,0,0,1],0,0,[0,-1,0,0,0],0,3},{'A',[0,4,-1,0,0],1,0,[0,1,0,0,0],0,2,[0,0,-1,0,0],0,0},{'A',[-1,-16,0,0,2],2,0,[0,-8,0,0,1],1,1,[-1,0,0,0,0],0,0},{'A',[-1,-20,1,0,2],3,0,[-1,-16,0,0,2],2,0,[0,-4,1,0,0],1,0},{'A',[-1,12,-7,0,2],4,0,[0,4,-1,0,0],1,3,[-1,-20,1,0,2],3,0},{'A',[-5,28,-27,0,10],5,0,[-1,12,-7,0,2],4,2,[-1,-20,1,0,2],3,0},{'A',[-2,0,0,1,0],1,0,[0,0,0,1,0],0,0,[-1,0,0,0,0],0,1},{'A',[-3,-28,27,4,-10],6,0,[-2,0,0,1,0],1,2,[5,-28,27,0,-10],5,0},{'O',[3,28,-27,-4,10],6,[3,28,-27,-4,10],6,0}}
Adder graph: {{'A',[0,0,0,2,1],1,0,[0,0,0,0,1],0,0,[0,0,0,1,0],0,1},{'A',[0,1,-1,0,0],1,0,[0,1,0,0,0],0,0,[0,0,-1,0,0],0,0},{'A',[1,0,0,0,4],1,0,[0,0,0,0,1],0,2,[1,0,0,0,0],0,0},{'A',[0,-16,16,2,1],2,0,[0,0,0,2,1],1,0,[0,-1,1,0,0],1,4},{'A',[0,32,-31,-4,-2],3,0,[0,0,1,0,0],0,0,[0,16,-16,-2,-1],2,1},{'A',[1,-32,31,4,6],4,0,[1,0,0,0,4],1,0,[0,-32,31,4,2],3,0},{'A',[1,-28,27,4,6],5,0,[1,-32,31,4,6],4,0,[0,1,-1,0,0],1,2},{'A',[-3,-28,27,4,-10],6,0,[1,-28,27,4,6],5,0,[-1,0,0,0,-4],1,2},{'O',[3,28,-27,-4,10],6,[3,28,-27,-4,10],6,0}}
Adder graph: {{'A',[0,-1,0,4,0],1,0,[0,0,0,1,0],0,2,[0,-1,0,0,0],0,0},{'A',[0,1,0,-4,16],2,0,[0,0,0,0,1],0,4,[0,1,0,-4,0],1,0},{'A',[-1,0,0,0,2],1,0,[0,0,0,0,1],0,1,[-1,0,0,0,0],0,0},{'A',[0,-1,1,0,0],1,0,[0,0,1,0,0],0,0,[0,-1,0,0,0],0,0},{'A',[-1,-1,1,0,2],2,0,[-1,0,0,0,2],1,0,[0,-1,1,0,0],1,0},{'A',[-1,-9,9,0,2],3,0,[-1,-1,1,0,2],2,0,[0,-1,1,0,0],1,3},{'A',[3,27,-27,0,-6],4,0,[-1,-9,9,0,2],3,0,[1,9,-9,0,-2],3,2},{'A',[3,28,-27,-4,10],5,0,[0,1,0,-4,16],2,0,[3,27,-27,0,-6],4,0},{'O',[3,28,-27,-4,10],5,[3,28,-27,-4,10],5,0}}
Adder graph: {{'A',[0,-1,1,0,0],1,0,[0,0,1,0,0],0,0,[0,-1,0,0,0],0,0},{'A',[-1,0,0,1,0],1,0,[0,0,0,1,0],0,0,[-1,0,0,0,0],0,0},{'A',[0,-2,2,0,1],2,0,[0,0,0,0,1],0,0,[0,-1,1,0,0],1,1},{'A',[-1,0,0,1,-2],2,0,[-1,0,0,1,0],1,0,[0,0,0,0,-1],0,1},{'A',[0,32,-31,0,0],2,0,[0,0,1,0,0],0,0,[0,1,-1,0,0],1,5},{'A',[-4,-32,31,4,-8],3,0,[-1,0,0,1,-2],2,2,[0,-32,31,0,0],2,0},{'A',[-1,-4,4,0,2],3,0,[0,-2,2,0,1],2,1,[-1,0,0,0,0],0,0},{'A',[3,28,-27,-4,10],4,0,[-1,-4,4,0,2],3,0,[4,32,-31,-4,8],3,0},{'O',[3,28,-27,-4,10],4,[3,28,-27,-4,10],4,0}}
Adder graph: {{'A',[1,0,0,0,-2],1,0,[1,0,0,0,0],0,0,[0,0,0,0,-1],0,1},{'A',[-1,0,1,0,2],2,0,[0,0,1,0,0],0,0,[-1,0,0,0,2],1,0},{'A',[-1,0,1,-1,2],3,0,[-1,0,1,0,2],2,0,[0,0,0,-1,0],0,0},{'A',[-2,1,0,0,0],1,0,[0,1,0,0,0],0,0,[-1,0,0,0,0],0,1},{'A',[-1,32,1,0,2],3,0,[-1,0,1,0,2],2,0,[0,1,0,0,0],0,5},{'A',[-1,1,-1,1,-2],4,0,[-2,1,0,0,0],1,0,[1,0,-1,1,-2],3,0},{'A',[3,28,5,-4,10],5,0,[-1,32,1,0,2],3,0,[1,-1,1,-1,2],4,2},{'A',[-3,-28,27,4,-10],6,0,[0,0,1,0,0],0,5,[-3,-28,-5,4,-10],5,0},{'O',[3,28,-27,-4,10],6,[3,28,-27,-4,10],6,0}}
Adder graph: {{'A',[1,0,0,4,0],1,0,[0,0,0,1,0],0,2,[1,0,0,0,0],0,0},{'A',[0,0,1,0,2],1,0,[0,0,0,0,1],0,1,[0,0,1,0,0],0,0},{'A',[1,0,-1,4,-2],2,0,[1,0,0,4,0],1,0,[0,0,-1,0,-2],1,0},{'A',[0,1,-1,0,0],1,0,[0,1,0,0,0],0,0,[0,0,-1,0,0],0,0},{'A',[-1,1,0,0,0],1,0,[0,1,0,0,0],0,0,[-1,0,0,0,0],0,0},{'A',[0,8,-7,0,2],2,0,[0,1,-1,0,0],1,3,[0,0,1,0,2],1,0},{'A',[1,-32,27,4,-10],3,0,[1,0,-1,4,-2],2,0,[0,-8,7,0,-2],2,2},{'A',[-3,-28,27,4,-10],4,0,[-1,1,0,0,0],1,2,[1,-32,27,4,-10],3,0},{'O',[3,28,-27,-4,10],4,[3,28,-27,-4,10],4,0}}
Adder graph: {{'A',[-3,0,0,0,0],1,0,[1,0,0,0,0],0,0,[-1,0,0,0,0],0,2},{'A',[0,2,0,0,1],1,0,[0,0,0,0,1],0,0,[0,1,0,0,0],0,1},{'A',[0,4,1,0,2],2,0,[0,2,0,0,1],1,1,[0,0,1,0,0],0,0},{'A',[-3,-4,-1,0,-2],3,0,[-3,0,0,0,0],1,0,[0,-4,-1,0,-2],2,0},{'A',[0,-2,0,1,0],1,0,[0,0,0,1,0],0,0,[0,-1,0,0,0],0,1},{'A',[0,4,-7,0,2],3,0,[0,4,1,0,2],2,0,[0,0,-1,0,0],0,3},{'A',[0,-6,7,1,-2],4,0,[0,-2,0,1,0],1,0,[0,-4,7,0,-2],3,0},{'A',[-3,-28,27,4,-10],5,0,[-3,-4,-1,0,-2],3,0,[0,-6,7,1,-2],4,2},{'O',[3,28,-27,-4,10],5,[3,28,-27,-4,10],5,0}}
Adder graph: {{'A',[1,0,0,0,2],1,0,[1,0,0,0,0],0,0,[0,0,0,0,1],0,1},{'A',[0,-1,1,0,0],1,0,[0,0,1,0,0],0,0,[0,-1,0,0,0],0,0},{'A',[0,-1,1,-1,0],2,0,[0,-1,1,0,0],1,0,[0,0,0,-1,0],0,0},{'A',[-2,0,1,0,0],1,0,[0,0,1,0,0],0,0,[-1,0,0,0,0],0,1},{'A',[1,-1,1,-1,2],3,0,[0,-1,1,-1,0],2,0,[1,0,0,0,2],1,0},{'A',[1,7,-7,-1,2],4,0,[1,-1,1,-1,2],3,0,[0,1,-1,0,0],1,3},{'A',[-1,0,1,0,2],2,0,[-2,0,1,0,0],1,0,[1,0,0,0,2],1,0},{'A',[3,28,-27,-4,10],5,0,[-1,0,1,0,2],2,0,[1,7,-7,-1,2],4,2},{'O',[3,28,-27,-4,10],5,[3,28,-27,-4,10],5,0}}
Adder graph: {{'A',[0,1,0,1,0],1,0,[0,1,0,0,0],0,0,[0,0,0,1,0],0,0},{'A',[-2,1,0,1,0],2,0,[0,1,0,1,0],1,0,[-1,0,0,0,0],0,1},{'A',[1,0,0,0,-2],1,0,[1,0,0,0,0],0,0,[0,0,0,0,-1],0,1},{'A',[-2,1,8,1,0],3,0,[-2,1,0,1,0],2,0,[0,0,1,0,0],0,3},{'A',[-1,0,1,0,2],2,0,[0,0,1,0,0],0,0,[-1,0,0,0,2],1,0},{'A',[-5,0,5,0,10],3,0,[-1,0,1,0,2],2,0,[-1,0,1,0,2],2,2},{'A',[-2,-7,8,1,0],4,0,[-2,1,8,1,0],3,0,[0,-1,0,0,0],0,3},{'A',[3,28,-27,-4,10],5,0,[-5,0,5,0,10],3,0,[2,7,-8,-1,0],4,2},{'O',[3,28,-27,-4,10],5,[3,28,-27,-4,10],5,0}}
Adder graph: {{'A',[1,0,-1,0,0],1,0,[1,0,0,0,0],0,0,[0,0,-1,0,0],0,0},{'A',[0,1,0,1,0],1,0,[0,0,0,1,0],0,0,[0,1,0,0,0],0,0},{'A',[1,0,-1,0,-2],2,0,[1,0,-1,0,0],1,0,[0,0,0,0,-1],0,1},{'A',[0,1,0,1,-4],2,0,[0,1,0,1,0],1,0,[0,0,0,0,-1],0,2},{'A',[1,0,-9,0,-2],3,0,[1,0,-1,0,-2],2,0,[0,0,-1,0,0],0,3},{'A',[1,-1,-9,-1,2],4,0,[1,0,-9,0,-2],3,0,[0,-1,0,-1,4],2,0},{'A',[-3,4,27,4,-10],5,0,[1,0,-9,0,-2],3,0,[-1,1,9,1,-2],4,2},{'A',[-3,-28,27,4,-10],6,0,[-3,4,27,4,-10],5,0,[0,-1,0,0,0],0,5},{'O',[3,28,-27,-4,10],6,[3,28,-27,-4,10],6,0}}
Adder graph: {{'A',[-1,0,1,0,0],1,0,[0,0,1,0,0],0,0,[-1,0,0,0,0],0,0},{'A',[-1,0,1,0,8],2,0,[-1,0,1,0,0],1,0,[0,0,0,0,1],0,3},{'A',[0,0,0,-2,1],1,0,[0,0,0,0,1],0,0,[0,0,0,-1,0],0,1},{'A',[0,1,-1,0,0],1,0,[0,1,0,0,0],0,0,[0,0,-1,0,0],0,0},{'A',[-1,0,1,-4,10],3,0,[0,0,0,-2,1],1,1,[-1,0,1,0,8],2,0},{'A',[-1,1,-1,0,0],2,0,[0,1,-1,0,0],1,0,[-1,0,0,0,0],0,0},{'A',[3,-4,5,-4,10],4,0,[-1,0,1,-4,10],3,0,[1,-1,1,0,0],2,2},{'A',[3,28,-27,-4,10],5,0,[0,1,-1,0,0],1,5,[3,-4,5,-4,10],4,0},{'O',[3,28,-27,-4,10],5,[3,28,-27,-4,10],5,0}}
Adder graph: {{'A',[1,0,0,0,-2],1,0,[1,0,0,0,0],0,0,[0,0,0,0,-1],0,1},{'A',[1,0,-1,0,-2],2,0,[1,0,0,0,-2],1,0,[0,0,-1,0,0],0,0},{'A',[1,0,-1,4,-2],3,0,[1,0,-1,0,-2],2,0,[0,0,0,1,0],0,2},{'A',[0,-1,1,0,0],1,0,[0,0,1,0,0],0,0,[0,-1,0,0,0],0,0},{'A',[1,0,0,0,2],2,0,[0,0,0,0,1],0,2,[1,0,0,0,-2],1,0},{'A',[1,-1,1,0,2],3,0,[0,-1,1,0,0],1,0,[1,0,0,0,2],2,0},{'A',[-3,4,-5,4,-10],4,0,[1,0,-1,4,-2],3,0,[-1,1,-1,0,-2],3,2},{'A',[-3,-28,27,4,-10],5,0,[-3,4,-5,4,-10],4,0,[0,-1,1,0,0],1,5},{'O',[3,28,-27,-4,10],5,[3,28,-27,-4,10],5,0}}
Adder graph: {{'A',[1,0,0,0,-2],1,0,[1,0,0,0,0],0,0,[0,0,0,0,-1],0,1},{'A',[1,0,-1,0,-2],2,0,[1,0,0,0,-2],1,0,[0,0,-1,0,0],0,0},{'A',[1,0,-1,4,-2],3,0,[1,0,-1,0,-2],2,0,[0,0,0,1,0],0,2},{'A',[0,1,-1,0,0],1,0,[0,1,0,0,0],0,0,[0,0,-1,0,0],0,0},{'A',[1,0,0,0,2],2,0,[1,0,0,0,-2],1,0,[0,0,0,0,1],0,2},{'A',[1,4,-5,4,-2],4,0,[1,0,-1,4,-2],3,0,[0,1,-1,0,0],1,2},{'A',[-3,4,-5,4,-10],5,0,[1,4,-5,4,-2],4,0,[-1,0,0,0,-2],2,2},{'A',[-3,-28,27,4,-10],6,0,[-3,4,-5,4,-10],5,0,[0,-1,1,0,0],1,5},{'O',[3,28,-27,-4,10],6,[3,28,-27,-4,10],6,0}}
Finished solving after 95884.7 seconds
Adder graph: {{'A',[1,0,0,0,-2],1,0,[1,0,0,0,0],0,0,[0,0,0,0,-1],0,1},{'A',[1,0,-1,0,-2],2,0,[1,0,0,0,-2],1,0,[0,0,-1,0,0],0,0},{'A',[1,0,-1,4,-2],3,0,[1,0,-1,0,-2],2,0,[0,0,0,1,0],0,2},{'A',[0,1,-1,0,0],1,0,[0,1,0,0,0],0,0,[0,0,-1,0,0],0,0},{'A',[1,0,0,0,2],2,0,[1,0,0,0,-2],1,0,[0,0,0,0,1],0,2},{'A',[1,4,-5,4,-2],4,0,[1,0,-1,4,-2],3,0,[0,1,-1,0,0],1,2},{'A',[-3,4,-5,4,-10],5,0,[1,4,-5,4,-2],4,0,[-1,0,0,0,-2],2,2},{'A',[-3,-28,27,4,-10],6,0,[-3,4,-5,4,-10],5,0,[0,-1,1,0,0],1,5},{'O',[3,28,-27,-4,10],6,[3,28,-27,-4,10],6,0}}
#Add optimal = 0
#FAs optimal = 0
