Adder graph: {{'A',[0,0,0,0,-31],1,0,[0,0,0,0,1],0,0,[0,0,0,0,-1],0,5},{'A',[-1,2,0,0,0],1,0,[0,1,0,0,0],0,1,[-1,0,0,0,0],0,0},{'A',[0,0,-1,1,0],1,0,[0,0,0,1,0],0,0,[0,0,-1,0,0],0,0},{'A',[0,0,-1,1,31],2,0,[0,0,-1,1,0],1,0,[0,0,0,0,31],1,0},{'A',[-4,8,1,-1,-31],3,0,[-1,2,0,0,0],1,2,[0,0,1,-1,-31],2,0},{'A',[-4,8,17,-17,-31],4,0,[-4,8,1,-1,-31],3,0,[0,0,1,-1,0],1,4},{'A',[-5,10,17,-17,-31],5,0,[-4,8,17,-17,-31],4,0,[-1,2,0,0,0],1,0},{'O',[5,-10,-17,17,31],5,[5,-10,-17,17,31],5,0}}
Adder graph: {{'A',[1,-2,0,0,0],1,0,[1,0,0,0,0],0,0,[0,-1,0,0,0],0,1},{'A',[0,0,0,0,-31],1,0,[0,0,0,0,1],0,0,[0,0,0,0,-1],0,5},{'A',[0,0,1,-1,0],1,0,[0,0,1,0,0],0,0,[0,0,0,-1,0],0,0},{'A',[-4,8,0,0,-31],2,0,[0,0,0,0,-31],1,0,[-1,2,0,0,0],1,2},{'A',[-4,8,1,-1,-31],3,0,[0,0,1,-1,0],1,0,[-4,8,0,0,-31],2,0},{'A',[-4,8,17,-17,-31],4,0,[0,0,1,-1,0],1,4,[-4,8,1,-1,-31],3,0},{'A',[-5,10,17,-17,-31],5,0,[-4,8,17,-17,-31],4,0,[-1,2,0,0,0],1,0},{'O',[5,-10,-17,17,31],5,[5,-10,-17,17,31],5,0}}
Adder graph: {{'A',[0,0,0,0,-31],1,0,[0,0,0,0,1],0,0,[0,0,0,0,-1],0,5},{'A',[0,0,-1,1,0],1,0,[0,0,0,1,0],0,0,[0,0,-1,0,0],0,0},{'A',[-1,2,0,0,0],1,0,[0,1,0,0,0],0,1,[-1,0,0,0,0],0,0},{'A',[0,0,-17,17,0],2,0,[0,0,-1,1,0],1,4,[0,0,-1,1,0],1,0},{'A',[-5,10,0,0,0],2,0,[-1,2,0,0,0],1,0,[-1,2,0,0,0],1,2},{'A',[-5,10,0,0,-31],3,0,[-5,10,0,0,0],2,0,[0,0,0,0,-31],1,0},{'A',[5,-10,-17,17,31],4,0,[0,0,-17,17,0],2,0,[5,-10,0,0,31],3,0},{'O',[5,-10,-17,17,31],4,[5,-10,-17,17,31],4,0}}
Adder graph: {{'A',[1,-2,0,0,0],1,0,[1,0,0,0,0],0,0,[0,-1,0,0,0],0,1},{'A',[5,-10,0,0,0],2,0,[1,-2,0,0,0],1,2,[1,-2,0,0,0],1,0},{'A',[0,0,0,0,-31],1,0,[0,0,0,0,1],0,0,[0,0,0,0,-1],0,5},{'A',[0,0,1,-1,0],1,0,[0,0,1,0,0],0,0,[0,0,0,-1,0],0,0},{'A',[5,-10,0,0,31],3,0,[5,-10,0,0,0],2,0,[0,0,0,0,31],1,0},{'A',[0,0,17,-17,0],2,0,[0,0,1,-1,0],1,4,[0,0,1,-1,0],1,0},{'A',[5,-10,-17,17,31],4,0,[5,-10,0,0,31],3,0,[0,0,-17,17,0],2,0},{'O',[5,-10,-17,17,31],4,[5,-10,-17,17,31],4,0}}
Adder graph: {{'A',[0,0,1,-1,0],1,0,[0,0,1,0,0],0,0,[0,0,0,-1,0],0,0},{'A',[1,-2,0,0,0],1,0,[1,0,0,0,0],0,0,[0,-1,0,0,0],0,1},{'A',[-1,2,1,-1,0],2,0,[0,0,1,-1,0],1,0,[-1,2,0,0,0],1,0},{'A',[4,-8,0,0,-1],2,0,[1,-2,0,0,0],1,2,[0,0,0,0,-1],0,0},{'A',[-5,10,1,-1,1],3,0,[-1,2,1,-1,0],2,0,[-4,8,0,0,1],2,0},{'A',[-5,10,1,-1,-31],4,0,[-5,10,1,-1,1],3,0,[0,0,0,0,-1],0,5},{'A',[-5,10,17,-17,-31],5,0,[0,0,1,-1,0],1,4,[-5,10,1,-1,-31],4,0},{'O',[5,-10,-17,17,31],5,[5,-10,-17,17,31],5,0}}
Adder graph: {{'A',[0,0,-1,1,0],1,0,[0,0,0,1,0],0,0,[0,0,-1,0,0],0,0},{'A',[1,-2,0,0,0],1,0,[1,0,0,0,0],0,0,[0,-1,0,0,0],0,1},{'A',[-4,8,0,0,1],2,0,[0,0,0,0,1],0,0,[-1,2,0,0,0],1,2},{'A',[0,0,-1,1,2],2,0,[0,0,0,0,1],0,1,[0,0,-1,1,0],1,0},{'A',[1,-2,-1,1,0],2,0,[1,-2,0,0,0],1,0,[0,0,-1,1,0],1,0},{'A',[5,-10,-1,1,-1],3,0,[1,-2,-1,1,0],2,0,[4,-8,0,0,-1],2,0},{'A',[5,-10,-17,17,31],4,0,[5,-10,-1,1,-1],3,0,[0,0,-1,1,2],2,4},{'O',[5,-10,-17,17,31],4,[5,-10,-17,17,31],4,0}}
Adder graph: {{'A',[0,0,-1,1,0],1,0,[0,0,0,1,0],0,0,[0,0,-1,0,0],0,0},{'A',[0,0,-1,1,-1],2,0,[0,0,-1,1,0],1,0,[0,0,0,0,-1],0,0},{'A',[1,-2,0,0,0],1,0,[1,0,0,0,0],0,0,[0,-1,0,0,0],0,1},{'A',[4,-8,-1,1,-1],3,0,[0,0,-1,1,-1],2,0,[1,-2,0,0,0],1,2},{'A',[5,-10,-1,1,-1],4,0,[4,-8,-1,1,-1],3,0,[1,-2,0,0,0],1,0},{'A',[0,0,-1,1,2],2,0,[0,0,0,0,1],0,1,[0,0,-1,1,0],1,0},{'A',[5,-10,-17,17,31],5,0,[0,0,-1,1,2],2,4,[5,-10,-1,1,-1],4,0},{'O',[5,-10,-17,17,31],5,[5,-10,-17,17,31],5,0}}
Adder graph: {{'A',[1,-2,0,0,0],1,0,[1,0,0,0,0],0,0,[0,-1,0,0,0],0,1},{'A',[0,0,-1,1,0],1,0,[0,0,0,1,0],0,0,[0,0,-1,0,0],0,0},{'A',[0,0,-1,1,-1],2,0,[0,0,-1,1,0],1,0,[0,0,0,0,-1],0,0},{'A',[0,0,-1,1,2],2,0,[0,0,0,0,1],0,1,[0,0,-1,1,0],1,0},{'A',[1,-2,-1,1,-1],3,0,[0,0,-1,1,-1],2,0,[1,-2,0,0,0],1,0},{'A',[5,-10,-1,1,-1],4,0,[1,-2,-1,1,-1],3,0,[1,-2,0,0,0],1,2},{'A',[5,-10,-17,17,31],5,0,[5,-10,-1,1,-1],4,0,[0,0,-1,1,2],2,4},{'O',[5,-10,-17,17,31],5,[5,-10,-17,17,31],5,0}}
Finished solving after 66757.3 seconds
Adder graph: {{'A',[1,-2,0,0,0],1,0,[1,0,0,0,0],0,0,[0,-1,0,0,0],0,1},{'A',[0,0,-1,1,0],1,0,[0,0,0,1,0],0,0,[0,0,-1,0,0],0,0},{'A',[0,0,-1,1,-1],2,0,[0,0,-1,1,0],1,0,[0,0,0,0,-1],0,0},{'A',[0,0,-1,1,2],2,0,[0,0,0,0,1],0,1,[0,0,-1,1,0],1,0},{'A',[1,-2,-1,1,-1],3,0,[0,0,-1,1,-1],2,0,[1,-2,0,0,0],1,0},{'A',[5,-10,-1,1,-1],4,0,[1,-2,-1,1,-1],3,0,[1,-2,0,0,0],1,2},{'A',[5,-10,-17,17,31],5,0,[5,-10,-1,1,-1],4,0,[0,0,-1,1,2],2,4},{'O',[5,-10,-17,17,31],5,[5,-10,-17,17,31],5,0}}
#Add optimal = 1
#FAs optimal = 0
