Adder graph: {{'A',[-1,0,0,0,2],1,0,[0,0,0,0,1],0,1,[-1,0,0,0,0],0,0},{'A',[-1,32,0,0,2],2,0,[-1,0,0,0,2],1,0,[0,1,0,0,0],0,5},{'A',[0,-1,0,32,0],1,0,[0,0,0,1,0],0,5,[0,-1,0,0,0],0,0},{'A',[-8,1,0,-32,16],2,0,[-1,0,0,0,2],1,3,[0,1,0,-32,0],1,0},{'A',[0,0,-2,1,0],1,0,[0,0,0,1,0],0,0,[0,0,-1,0,0],0,1},{'A',[0,0,4,-2,1],2,0,[0,0,0,0,1],0,0,[0,0,2,-1,0],1,1},{'A',[7,31,0,32,-14],3,0,[-1,32,0,0,2],2,0,[8,-1,0,32,-16],2,0},{'A',[7,31,4,30,-13],4,0,[0,0,4,-2,1],2,0,[7,31,0,32,-14],3,0},{'O',[7,31,4,30,-13],4,[7,31,4,30,-13],4,0}}
Adder graph: {{'A',[0,1,0,-2,0],1,0,[0,1,0,0,0],0,0,[0,0,0,-1,0],0,1},{'A',[0,32,0,0,1],1,0,[0,0,0,0,1],0,0,[0,1,0,0,0],0,5},{'A',[0,0,0,2,-1],1,0,[0,0,0,1,0],0,1,[0,0,0,0,-1],0,0},{'A',[1,0,0,4,-2],2,0,[0,0,0,2,-1],1,1,[1,0,0,0,0],0,0},{'A',[-8,1,0,-34,16],3,0,[0,1,0,-2,0],1,0,[-1,0,0,-4,2],2,3},{'A',[-8,-31,0,-34,15],4,0,[-8,1,0,-34,16],3,0,[0,-32,0,0,-1],1,0},{'A',[8,31,4,34,-15],5,0,[0,0,1,0,0],0,2,[8,31,0,34,-15],4,0},{'A',[7,31,4,30,-13],6,0,[8,31,4,34,-15],5,0,[-1,0,0,-4,2],2,0},{'O',[7,31,4,30,-13],6,[7,31,4,30,-13],6,0}}
Adder graph: {{'A',[-1,0,0,0,4],1,0,[0,0,0,0,1],0,2,[-1,0,0,0,0],0,0},{'A',[-1,0,8,0,4],2,0,[0,0,1,0,0],0,3,[-1,0,0,0,4],1,0},{'A',[-1,0,0,-8,4],2,0,[-1,0,0,0,4],1,0,[0,0,0,-1,0],0,3},{'A',[-2,0,0,-8,4],3,0,[-1,0,0,-8,4],2,0,[-1,0,0,0,0],0,0},{'A',[-2,-8,0,-8,4],4,0,[-2,0,0,-8,4],3,0,[0,-1,0,0,0],0,3},{'A',[-1,-2,0,-4,2],5,2,[-2,0,0,-8,4],3,0,[-2,-8,0,-8,4],4,0},{'A',[-2,-2,8,-4,6],6,0,[-1,-2,0,-4,2],5,0,[-1,0,8,0,4],2,0},{'A',[7,31,4,30,-13],7,1,[-2,-2,8,-4,6],6,0,[2,8,0,8,-4],4,3},{'O',[7,31,4,30,-13],7,[7,31,4,30,-13],7,0}}
Adder graph: {{'A',[0,0,0,16,1],1,0,[0,0,0,1,0],0,4,[0,0,0,0,1],0,0},{'A',[1,0,0,2,0],1,0,[0,0,0,1,0],0,1,[1,0,0,0,0],0,0},{'A',[0,-1,0,16,1],2,0,[0,0,0,16,1],1,0,[0,-1,0,0,0],0,0},{'A',[0,8,1,0,0],1,0,[0,0,1,0,0],0,0,[0,1,0,0,0],0,3},{'A',[0,31,4,16,1],3,0,[0,8,1,0,0],1,2,[0,-1,0,16,1],2,0},{'A',[1,0,0,2,-2],2,0,[1,0,0,2,0],1,0,[0,0,0,0,-1],0,1},{'A',[1,-31,-4,-14,-3],4,0,[1,0,0,2,-2],2,0,[0,-31,-4,-16,-1],3,0},{'A',[-7,-31,-4,-30,13],5,0,[1,-31,-4,-14,-3],4,0,[-1,0,0,-2,2],2,3},{'O',[7,31,4,30,-13],5,[7,31,4,30,-13],5,0}}
Adder graph: {{'A',[0,-1,0,0,2],1,0,[0,0,0,0,1],0,1,[0,-1,0,0,0],0,0},{'A',[0,0,0,2,-1],1,0,[0,0,0,1,0],0,1,[0,0,0,0,-1],0,0},{'A',[2,0,1,0,0],1,0,[1,0,0,0,0],0,1,[0,0,1,0,0],0,0},{'A',[0,-1,0,-2,3],2,0,[0,-1,0,0,2],1,0,[0,0,0,-2,1],1,0},{'A',[0,-1,0,30,-13],3,0,[0,0,0,2,-1],1,4,[0,-1,0,-2,3],2,0},{'A',[8,-1,4,30,-13],4,0,[0,-1,0,30,-13],3,0,[2,0,1,0,0],1,2},{'A',[1,-32,0,0,0],1,0,[1,0,0,0,0],0,0,[0,-1,0,0,0],0,5},{'A',[-7,-31,-4,-30,13],5,0,[1,-32,0,0,0],1,0,[-8,1,-4,-30,13],4,0},{'O',[7,31,4,30,-13],5,[7,31,4,30,-13],5,0}}
Adder graph: {{'A',[1,0,0,0,-2],1,0,[1,0,0,0,0],0,0,[0,0,0,0,-1],0,1},{'A',[0,0,-2,1,0],1,0,[0,0,0,1,0],0,0,[0,0,-1,0,0],0,1},{'A',[1,0,0,0,-3],2,0,[1,0,0,0,-2],1,0,[0,0,0,0,-1],0,0},{'A',[4,0,2,-1,-8],2,0,[1,0,0,0,-2],1,2,[0,0,2,-1,0],1,0},{'A',[1,1,0,0,-3],3,0,[1,0,0,0,-3],2,0,[0,1,0,0,0],0,0},{'A',[4,0,2,15,-8],3,0,[4,0,2,-1,-8],2,0,[0,0,0,1,0],0,4},{'A',[7,-1,4,30,-13],4,0,[4,0,2,15,-8],3,1,[-1,-1,0,0,3],3,0},{'A',[7,31,4,30,-13],5,0,[7,-1,4,30,-13],4,0,[0,1,0,0,0],0,5},{'O',[7,31,4,30,-13],5,[7,31,4,30,-13],5,0}}
Adder graph: {{'A',[0,1,-4,0,0],1,0,[0,1,0,0,0],0,0,[0,0,-1,0,0],0,2},{'A',[0,0,0,-2,1],1,0,[0,0,0,0,1],0,0,[0,0,0,-1,0],0,1},{'A',[0,-31,-4,0,0],2,0,[0,1,-4,0,0],1,0,[0,-1,0,0,0],0,5},{'A',[-1,0,0,-2,1],2,0,[0,0,0,-2,1],1,0,[-1,0,0,0,0],0,0},{'A',[4,0,0,0,1],1,0,[1,0,0,0,0],0,2,[0,0,0,0,1],0,0},{'A',[0,-31,-4,-32,16],3,0,[0,0,0,-2,1],1,4,[0,-31,-4,0,0],2,0},{'A',[7,0,0,-2,3],3,0,[4,0,0,0,1],1,1,[-1,0,0,-2,1],2,0},{'A',[7,31,4,30,-13],4,0,[7,0,0,-2,3],3,0,[0,31,4,32,-16],3,0},{'O',[7,31,4,30,-13],4,[7,31,4,30,-13],4,0}}
Adder graph: {{'A',[1,0,0,0,-2],1,0,[1,0,0,0,0],0,0,[0,0,0,0,-1],0,1},{'A',[0,0,0,-2,1],1,0,[0,0,0,0,1],0,0,[0,0,0,-1,0],0,1},{'A',[0,1,-4,0,0],1,0,[0,1,0,0,0],0,0,[0,0,-1,0,0],0,2},{'A',[1,0,0,4,-2],2,0,[1,0,0,0,-2],1,0,[0,0,0,1,0],0,2},{'A',[1,1,-4,0,-2],2,0,[1,0,0,0,-2],1,0,[0,1,-4,0,0],1,0},{'A',[1,-31,-4,0,-2],3,0,[1,1,-4,0,-2],2,0,[0,-1,0,0,0],0,5},{'A',[8,0,0,30,-15],3,0,[0,0,0,-2,1],1,0,[1,0,0,4,-2],2,3},{'A',[7,31,4,30,-13],4,0,[8,0,0,30,-15],3,0,[-1,31,4,0,2],3,0},{'O',[7,31,4,30,-13],4,[7,31,4,30,-13],4,0}}
Adder graph: {{'A',[0,0,0,2,1],1,0,[0,0,0,0,1],0,0,[0,0,0,1,0],0,1},{'A',[1,0,0,2,1],2,0,[0,0,0,2,1],1,0,[1,0,0,0,0],0,0},{'A',[1,0,0,2,-3],3,0,[1,0,0,2,1],2,0,[0,0,0,0,-1],0,2},{'A',[1,4,0,2,-3],4,0,[0,1,0,0,0],0,2,[1,0,0,2,-3],3,0},{'A',[1,1,0,2,-3],4,0,[1,0,0,2,-3],3,0,[0,1,0,0,0],0,0},{'A',[1,1,-4,2,-3],5,0,[1,1,0,2,-3],4,0,[0,0,-1,0,0],0,2},{'A',[1,1,-4,-14,-11],6,0,[1,1,-4,2,-3],5,0,[0,0,0,-2,-1],1,3},{'A',[-7,-31,-4,-30,13],7,0,[1,1,-4,-14,-11],6,0,[-1,-4,0,-2,3],4,3},{'O',[7,31,4,30,-13],7,[7,31,4,30,-13],7,0}}
Adder graph: {{'A',[1,1,0,0,0],1,0,[0,1,0,0,0],0,0,[1,0,0,0,0],0,0},{'A',[2,0,1,0,0],1,0,[1,0,0,0,0],0,1,[0,0,1,0,0],0,0},{'A',[0,0,0,-2,1],1,0,[0,0,0,0,1],0,0,[0,0,0,-1,0],0,1},{'A',[2,0,1,8,-4],2,0,[2,0,1,0,0],1,0,[0,0,0,2,-1],1,2},{'A',[1,1,0,0,-2],2,0,[1,1,0,0,0],1,0,[0,0,0,0,-1],0,1},{'A',[1,1,0,2,-3],3,0,[1,1,0,0,-2],2,0,[0,0,0,2,-1],1,0},{'A',[2,8,1,8,-4],3,0,[2,0,1,8,-4],2,0,[0,1,0,0,0],0,3},{'A',[-7,-31,-4,-30,13],4,0,[1,1,0,2,-3],3,0,[-2,-8,-1,-8,4],3,2},{'O',[7,31,4,30,-13],4,[7,31,4,30,-13],4,0}}
Adder graph: {{'A',[1,0,0,0,-2],1,0,[1,0,0,0,0],0,0,[0,0,0,0,-1],0,1},{'A',[0,-1,0,0,1],1,0,[0,0,0,0,1],0,0,[0,-1,0,0,0],0,0},{'A',[1,0,-4,0,-2],2,0,[1,0,0,0,-2],1,0,[0,0,-1,0,0],0,2},{'A',[-7,0,-4,0,14],3,0,[1,0,-4,0,-2],2,0,[-1,0,0,0,2],1,3},{'A',[0,1,0,2,-1],2,0,[0,0,0,1,0],0,1,[0,1,0,0,-1],1,0},{'A',[-7,-32,-4,0,14],4,0,[-7,0,-4,0,14],3,0,[0,-1,0,0,0],0,5},{'A',[0,1,0,-30,-1],3,0,[0,1,0,2,-1],2,0,[0,0,0,-1,0],0,5},{'A',[-7,-31,-4,-30,13],5,0,[0,1,0,-30,-1],3,0,[-7,-32,-4,0,14],4,0},{'O',[7,31,4,30,-13],5,[7,31,4,30,-13],5,0}}
Finished solving after 94787 seconds
Adder graph: {{'A',[1,0,0,0,-2],1,0,[1,0,0,0,0],0,0,[0,0,0,0,-1],0,1},{'A',[0,-1,0,0,1],1,0,[0,0,0,0,1],0,0,[0,-1,0,0,0],0,0},{'A',[1,0,-4,0,-2],2,0,[1,0,0,0,-2],1,0,[0,0,-1,0,0],0,2},{'A',[-7,0,-4,0,14],3,0,[1,0,-4,0,-2],2,0,[-1,0,0,0,2],1,3},{'A',[0,1,0,2,-1],2,0,[0,0,0,1,0],0,1,[0,1,0,0,-1],1,0},{'A',[-7,-32,-4,0,14],4,0,[-7,0,-4,0,14],3,0,[0,-1,0,0,0],0,5},{'A',[0,1,0,-30,-1],3,0,[0,1,0,2,-1],2,0,[0,0,0,-1,0],0,5},{'A',[-7,-31,-4,-30,13],5,0,[0,1,0,-30,-1],3,0,[-7,-32,-4,0,14],4,0},{'O',[7,31,4,30,-13],5,[7,31,4,30,-13],5,0}}
#Add optimal = 0
#FAs optimal = 0
