<graph>
{{'A',[272],3,[1],2,4,[1],2,8},{'A',[396],3,[1],2,9,[-29],2,2},{'A',[241],3,[9],2,0,[29],2,3},{'A',[397],3,[455],2,0,[-29],2,1},{'A',[437],3,[455],2,0,[-9],2,1},{'R',[1],2,[1],1},{'A',[9],2,[1],1,0,[1],1,3},{'A',[29],2,[1],1,0,[7],1,2},{'A',[455],2,[7],1,0,[7],1,6},{'R',[1],1,[1],0},{'A',[7],1,[1],0,3,[-1],0,0}}
</graph>
<graph>
{{'R',[512],3,[1],2,9},{'A',[312],3,[5],2,6,[-1],2,3},{'A',[634],3,[9],2,6,[29],2,1},{'A',[547],3,[9],2,6,[-29],2,0},{'A',[57],3,[29],2,1,[-1],2,0},{'R',[1],2,[1],1},{'A',[5],2,[1],1,0,[1],1,2},{'A',[9],2,[1],1,0,[1],1,3},{'A',[29],2,[1],1,0,[7],1,2},{'R',[1],1,[1],0},{'A',[7],1,[1],0,3,[-1],0,0}}
</graph>
<graph>
{{'A',[236],3,[1],2,8,[-5],2,2},{'A',[63],3,[1],2,6,[-1],2,0},{'A',[484],3,[5],2,2,[29],2,4},{'A',[565],3,[9],2,6,[-11],2,0},{'A',[669],3,[5],2,7,[29],2,0},{'R',[1],2,[1],1},{'A',[5],2,[1],1,0,[1],1,2},{'A',[9],2,[1],1,0,[1],1,3},{'A',[11],2,[1],1,2,[7],1,0},{'A',[29],2,[1],1,0,[7],1,2},{'R',[1],1,[1],0},{'A',[7],1,[1],0,3,[-1],0,0}}
</graph>
<graph>
{{'R',[40],3,[5],2,3},{'A',[108],3,[1],2,7,[-5],2,2},{'A',[912],3,[29],2,5,[-1],2,4},{'A',[856],3,[29],2,5,[-9],2,3},{'A',[654],3,[455],2,1,[-1],2,8},{'R',[1],2,[1],1},{'A',[5],2,[1],1,0,[1],1,2},{'A',[9],2,[1],1,0,[1],1,3},{'A',[29],2,[1],1,0,[7],1,2},{'A',[455],2,[7],1,0,[7],1,6},{'R',[1],1,[1],0},{'A',[7],1,[1],0,3,[-1],0,0}}
</graph>
<merge>
397;547;484;654
</merge>
<merge>
241;634;63;856
</merge>
<merge>
396;312;565;108
</merge>
<merge>
437;57;236;40
</merge>
<merge>
272;512;669;912
</merge>