<graph>
{{'A',[596],3,[19],2,2,[65],2,3},{'A',[506],3,[5],2,1,[31],2,4},{'A',[558],3,[19],2,1,[65],2,3},{'A',[497],3,[27],2,4,[65],2,0},{'A',[927],3,[31],2,5,[-65],2,0},{'A',[5],2,[1],1,0,[1],1,2},{'A',[19],2,[1],1,4,[3],1,0},{'A',[27],2,[3],1,0,[3],1,3},{'A',[31],2,[1],1,5,[-1],1,0},{'A',[65],2,[1],1,0,[1],1,6},{'R',[1],1,[1],0},{'A',[3],1,[1],0,0,[1],0,1}}
</graph>
<graph>
{{'A',[340],3,[5],2,2,[5],2,6},{'A',[294],3,[19],2,4,[-5],2,1},{'A',[868],3,[19],2,5,[65],2,2},{'A',[462],3,[5],2,4,[191],2,1},{'A',[413],3,[27],2,4,[-19],2,0},{'A',[5],2,[1],1,0,[1],1,2},{'A',[19],2,[1],1,4,[3],1,0},{'A',[27],2,[3],1,0,[3],1,3},{'A',[65],2,[1],1,0,[1],1,6},{'A',[191],2,[3],1,6,[-1],1,0},{'R',[1],1,[1],0},{'A',[3],1,[1],0,0,[1],0,1}}
</graph>
<graph>
{{'R',[130],3,[65],2,1},{'A',[317],3,[191],2,1,[-65],2,0},{'A',[726],3,[191],2,2,[-19],2,1},{'A',[477],3,[31],2,4,[-19],2,0},{'A',[955],3,[191],2,0,[191],2,2},{'A',[19],2,[1],1,4,[3],1,0},{'A',[31],2,[1],1,5,[-1],1,0},{'A',[65],2,[1],1,0,[1],1,6},{'A',[191],2,[3],1,6,[-1],1,0},{'R',[1],1,[1],0},{'A',[3],1,[1],0,0,[1],0,1}}
</graph>
<graph>
{{'A',[552],3,[19],2,4,[31],2,3},{'A',[586],3,[5],2,7,[-27],2,1},{'A',[489],3,[65],2,3,[-31],2,0},{'A',[687],3,[31],2,4,[191],2,0},{'A',[733],3,[191],2,2,[-31],2,0},{'A',[5],2,[1],1,0,[1],1,2},{'A',[19],2,[1],1,4,[3],1,0},{'A',[27],2,[3],1,0,[3],1,3},{'A',[31],2,[1],1,5,[-1],1,0},{'A',[65],2,[1],1,0,[1],1,6},{'A',[191],2,[3],1,6,[-1],1,0},{'R',[1],1,[1],0},{'A',[3],1,[1],0,0,[1],0,1}}
</graph>
<merge>
506;413;955;733
</merge>
<merge>
558;340;477;687
</merge>
<merge>
596;294;726;552
</merge>
<merge>
927;462;317;489
</merge>
<merge>
497;868;130;586
</merge>