<graph>
{{'A',[576],3,[3],2,6,[3],2,7},{'A',[372],3,[3],2,7,[-3],2,2},{'A',[454],3,[3],2,0,[451],2,0},{'A',[401],3,[3],2,7,[17],2,0},{'A',[953],3,[25],2,0,[29],2,5},{'R',[3],2,[3],1},{'A',[17],2,[1],1,0,[1],1,4},{'A',[25],2,[1],1,0,[3],1,3},{'A',[29],2,[1],1,5,[-3],1,0},{'A',[451],2,[3],1,0,[7],1,6},{'R',[1],1,[1],0},{'A',[3],1,[1],0,0,[1],0,1},{'A',[7],1,[1],0,3,[-1],0,0}}
</graph>
<graph>
{{'A',[694],3,[25],2,5,[-53],2,1},{'A',[730],3,[3],2,8,[-19],2,1},{'A',[475],3,[3],2,3,[451],2,0},{'A',[557],3,[53],2,1,[451],2,0},{'A',[591],3,[19],2,5,[-17],2,0},{'R',[3],2,[3],1},{'A',[17],2,[1],1,0,[1],1,4},{'A',[19],2,[1],1,4,[3],1,0},{'A',[25],2,[1],1,0,[3],1,3},{'A',[53],2,[7],1,3,[-3],1,0},{'A',[451],2,[3],1,0,[7],1,6},{'R',[1],1,[1],0},{'A',[3],1,[1],0,0,[1],0,1},{'A',[7],1,[1],0,3,[-1],0,0}}
</graph>
<graph>
{{'A',[15],3,[3],2,0,[3],2,2},{'A',[115],3,[3],2,5,[19],2,0},{'A',[294],3,[451],2,1,[-19],2,5},{'A',[159],3,[53],2,0,[53],2,1},{'A',[878],3,[451],2,1,[-3],2,3},{'R',[3],2,[3],1},{'A',[19],2,[1],1,4,[3],1,0},{'A',[53],2,[7],1,3,[-3],1,0},{'A',[451],2,[3],1,0,[7],1,6},{'R',[1],1,[1],0},{'A',[3],1,[1],0,0,[1],0,1},{'A',[7],1,[1],0,3,[-1],0,0}}
</graph>
<graph>
{{'A',[253],3,[17],2,4,[-19],2,0},{'A',[597],3,[17],2,5,[53],2,0},{'A',[751],3,[3],2,8,[-17],2,0},{'A',[825],3,[25],2,0,[25],2,5},{'A',[835],3,[3],2,7,[451],2,0},{'R',[3],2,[3],1},{'A',[17],2,[1],1,0,[1],1,4},{'A',[19],2,[1],1,4,[3],1,0},{'A',[25],2,[1],1,0,[3],1,3},{'A',[53],2,[7],1,3,[-3],1,0},{'A',[451],2,[3],1,0,[7],1,6},{'R',[1],1,[1],0},{'A',[3],1,[1],0,0,[1],0,1},{'A',[7],1,[1],0,3,[-1],0,0}}
</graph>
<merge>
953;591;115;835
</merge>
<merge>
454;730;15;253
</merge>
<merge>
576;557;878;597
</merge>
<merge>
372;475;159;751
</merge>
<merge>
401;694;294;825
</merge>