<graph>
{{'R',[152],3,[19],2,3},{'A',[593],3,[19],2,5,[-15],2,0},{'A',[835],3,[15],2,6,[-125],2,0},{'A',[15],2,[1],1,4,[-1],1,0},{'A',[19],2,[1],1,4,[3],1,0},{'A',[125],2,[1],1,7,[-3],1,0},{'R',[1],1,[1],0},{'A',[3],1,[1],0,0,[1],0,1}}
</graph>
<graph>
{{'A',[456],3,[19],2,3,[19],2,4},{'A',[760],3,[125],2,3,[-15],2,4},{'R',[1000],3,[125],2,3},{'A',[15],2,[1],1,4,[-1],1,0},{'A',[19],2,[1],1,4,[3],1,0},{'A',[125],2,[1],1,7,[-3],1,0},{'R',[1],1,[1],0},{'A',[3],1,[1],0,0,[1],0,1}}
</graph>
<merge>
593;456
</merge>
<merge>
835;760
</merge>
<merge>
152;1000
</merge>