<graph>
{{'A',[872],3,[7],2,7,[-3],2,3},{'A',[750],3,[7],2,1,[23],2,5},{'A',[381],3,[3],2,7,[-3],2,0},{'R',[3],2,[3],1},{'A',[7],2,[1],1,3,[-1],1,0},{'A',[23],2,[3],1,3,[-1],1,0},{'R',[1],1,[1],0},{'A',[3],1,[1],0,0,[1],0,1}}
</graph>
<graph>
{{'A',[59],3,[3],2,0,[7],2,3},{'A',[572],3,[15],2,5,[23],2,2},{'A',[713],3,[23],2,5,[-23],2,0},{'R',[3],2,[3],1},{'A',[7],2,[1],1,3,[-1],1,0},{'A',[15],2,[1],1,4,[-1],1,0},{'A',[23],2,[3],1,3,[-1],1,0},{'R',[1],1,[1],0},{'A',[3],1,[1],0,0,[1],0,1}}
</graph>
<merge>
872;59
</merge>
<merge>
381;572
</merge>
<merge>
750;713
</merge>