<graph>
{{'A',[35],3,[7],2,0,[7],2,2},{'A',[401],3,[7],2,4,[289],2,0},{'A',[941],3,[7],2,7,[45],2,0},{'A',[7],2,[1],1,3,[-1],1,0},{'A',[45],2,[9],1,0,[9],1,2},{'A',[289],2,[1],1,0,[9],1,5},{'R',[1],1,[1],0},{'A',[9],1,[1],0,0,[1],0,3}}
</graph>
<graph>
{{'A',[76],3,[45],2,1,[-7],2,1},{'A',[62],3,[45],2,1,[-7],2,2},{'A',[607],3,[7],2,7,[-289],2,0},{'A',[7],2,[1],1,3,[-1],1,0},{'A',[45],2,[9],1,0,[9],1,2},{'A',[289],2,[1],1,0,[9],1,5},{'R',[1],1,[1],0},{'A',[9],1,[1],0,0,[1],0,3}}
</graph>
<merge>
941;76
</merge>
<merge>
35;607
</merge>
<merge>
401;62
</merge>