Adder graph: {{'M',[16;4;1],1,[1;1;1],0,[4;2;0]},{'M',[1;8;32],1,[1;1;1],0,[0;3;5]},{'A',[30;-8;-62],2,[16;4;1],1,1,[-1;-8;-32],1,1},{'M',[1;32;2],1,[1;1;1],0,[0;5;1]},{'M',[8;-8;1],3,[1;1;1],0,[3;NaN;0],[30;-8;-62],2,[NaN;0;NaN]},{'A',[-6;56;5],4,[1;32;2],1,1,[-8;-8;1],3,0},{'M',[-6;-32;-62],5,[30;-8;-62],2,[NaN;2;0],[-6;56;5],4,[0;NaN;NaN]},{'M',[120;56;40],5,[30;-8;-62],2,[2;NaN;NaN],[-6;56;5],4,[NaN;0;3]},{'A',[114;-88;-102],6,[-6;-32;-62],5,0,[120;-56;-40],5,0},{'M',[-12;1;-248],5,[1;1;1],0,[NaN;0;NaN],[30;-8;-62],2,[NaN;NaN;2],[-6;56;5],4,[1;NaN;NaN]},{'M',[30;56;5],5,[30;-8;-62],2,[0;NaN;NaN],[-6;56;5],4,[NaN;0;0]},{'A',[-42;-55;-243],6,[-12;1;-248],5,0,[-30;-56;5],5,0},{'M',[114;8;10],7,[1;1;1],0,[NaN;3;NaN],[-6;56;5],4,[NaN;NaN;1],[114;-88;-102],6,[0;NaN;NaN]},{'O',[228;16;20],7,[114;8;10],7,1},{'M',[-42;-176;-243],7,[114;-88;-102],6,[NaN;1;NaN],[-42;-55;-243],6,[0;NaN;0]},{'O',[42;176;243],7,[42;176;243],7,0},{'M',[-96;-55;-102],7,[-6;56;5],4,[4;NaN;NaN],[114;-88;-102],6,[NaN;NaN;0],[-42;-55;-243],6,[NaN;0;NaN]},{'O',[96;55;102],7,[96;55;102],7,0}}
Adder graph: {{'M',[64;64;1],1,[1;1;1],0,[6;6;0]},{'M',[8;4;1],1,[1;1;1],0,[3;2;0]},{'A',[48;56;3],2,[64;64;1],1,0,[-8;-4;1],1,1},{'M',[48;4;3],3,[1;1;1],0,[NaN;2;NaN],[48;56;3],2,[0;NaN;0]},{'M',[1;4;24],3,[1;1;1],0,[0;2;NaN],[48;56;3],2,[NaN;NaN;3]},{'A',[50;-4;51],4,[48;4;3],3,0,[1;-4;24],3,1},{'M',[50;56;192],5,[48;56;3],2,[NaN;0;6],[50;-4;51],4,[0;NaN;NaN]},{'M',[8;1;51],5,[1;1;1],0,[3;0;NaN],[50;-4;51],4,[NaN;NaN;0]},{'A',[42;55;243],6,[50;56;192],5,0,[-8;-1;51],5,0},{'M',[50;56;6],5,[48;56;3],2,[NaN;0;1],[50;-4;51],4,[0;NaN;NaN]},{'M',[64;-32;1],5,[1;1;1],0,[6;NaN;0],[50;-4;51],4,[NaN;3;NaN]},{'A',[114;88;5],6,[50;56;6],5,0,[64;32;-1],5,0},{'M',[114;8;10],7,[1;1;1],0,[NaN;3;NaN],[114;88;5],6,[0;NaN;1]},{'O',[228;16;20],7,[114;8;10],7,1},{'M',[42;176;243],7,[42;55;243],6,[0;NaN;0],[114;88;5],6,[NaN;1;NaN]},{'O',[42;176;243],7,[42;176;243],7,0},{'M',[96;55;102],7,[48;56;3],2,[1;NaN;NaN],[50;-4;51],4,[NaN;NaN;1],[42;55;243],6,[NaN;0;NaN]},{'O',[96;55;102],7,[96;55;102],7,0}}
Adder graph: {{'M',[1;4;4],1,[1;1;1],0,[0;2;2]},{'M',[64;1;1],1,[1;1;1],0,[6;0;0]},{'A',[-56;31;31],2,[1;4;4],1,3,[-64;-1;-1],1,0},{'M',[1;31;1],3,[1;1;1],0,[0;NaN;0],[-56;31;31],2,[NaN;0;NaN]},{'M',[-56;8;4],3,[1;1;1],0,[NaN;3;2],[-56;31;31],2,[0;NaN;NaN]},{'A',[57;23;5],4,[1;31;1],3,0,[56;-8;4],3,0},{'M',[4;23;40],5,[1;1;1],0,[2;NaN;NaN],[57;23;5],4,[NaN;0;3]},{'M',[1;32;62],3,[1;1;1],0,[0;5;NaN],[-56;31;31],2,[NaN;NaN;1]},{'A',[3;55;102],6,[4;23;40],5,0,[-1;32;62],3,0},{'M',[24;23;248],7,[-56;31;31],2,[NaN;NaN;3],[57;23;5],4,[NaN;0;NaN],[3;55;102],6,[3;NaN;NaN]},{'M',[3;1;5],7,[1;1;1],0,[NaN;0;NaN],[57;23;5],4,[NaN;NaN;0],[3;55;102],6,[0;NaN;NaN]},{'A',[21;22;243],8,[24;23;248],7,0,[-3;-1;-5],7,0},{'M',[57;4;5],5,[1;1;1],0,[NaN;2;NaN],[57;23;5],4,[0;NaN;0]},{'O',[228;16;20],5,[57;4;5],5,2},{'M',[42;176;243],9,[21;22;243],8,[1;3;0]},{'O',[42;176;243],9,[42;176;243],9,0},{'M',[96;55;102],7,[3;55;102],6,[5;0;0]},{'O',[96;55;102],7,[96;55;102],7,0}}
Adder graph: {{'M',[1;16;1],1,[1;1;1],0,[0;4;0]},{'M',[1;8;1],1,[1;1;1],0,[0;3;0]},{'A',[3;56;5],2,[1;16;1],1,2,[-1;-8;1],1,0},{'M',[3;56;1],3,[1;1;1],0,[NaN;NaN;0],[3;56;5],2,[0;0;NaN]},{'A',[21;504;3],4,[3;56;1],3,3,[-3;56;-5],2,0},{'M',[48;56;48],5,[3;56;5],2,[4;0;NaN],[21;504;3],4,[NaN;NaN;4]},{'M',[21;1;3],5,[1;1;1],0,[NaN;0;NaN],[21;504;3],4,[0;NaN;0]},{'A',[69;55;51],6,[48;56;48],5,0,[21;-1;3],5,0},{'M',[69;56;51],7,[3;56;5],2,[NaN;0;NaN],[69;55;51],6,[0;NaN;0]},{'M',[3;8;48],5,[1;1;1],0,[NaN;3;NaN],[3;56;5],2,[0;NaN;NaN],[21;504;3],4,[NaN;NaN;4]},{'A',[57;88;243],8,[69;56;51],7,0,[-3;8;48],5,2},{'M',[57;4;5],9,[1;1;1],0,[NaN;2;NaN],[3;56;5],2,[NaN;NaN;0],[57;88;243],8,[0;NaN;NaN]},{'O',[228;16;20],9,[57;4;5],9,2},{'M',[42;176;243],9,[21;504;3],4,[1;NaN;NaN],[57;88;243],8,[NaN;1;0]},{'O',[42;176;243],9,[42;176;243],9,0},{'M',[96;55;102],7,[3;56;5],2,[5;NaN;NaN],[69;55;51],6,[NaN;0;1]},{'O',[96;55;102],7,[96;55;102],7,0}}
Adder graph: {{'M',[32;32;1],1,[1;1;1],0,[5;5;0]},{'A',[28;28;5],2,[32;32;1],1,0,[-1;-1;1],0,2},{'M',[32;1;1],1,[1;1;1],0,[5;0;0]},{'A',[228;36;3],3,[32;1;1],1,3,[-28;28;-5],2,0},{'M',[1;28;24],4,[1;1;1],0,[0;NaN;NaN],[28;28;5],2,[NaN;0;NaN],[228;36;3],3,[NaN;NaN;3]},{'M',[1;1;3],4,[1;1;1],0,[0;0;NaN],[228;36;3],3,[NaN;NaN;0]},{'A',[3;55;51],5,[1;28;24],4,1,[1;-1;3],4,0},{'M',[48;8;51],6,[1;1;1],0,[NaN;3;NaN],[3;55;51],5,[4;NaN;0]},{'M',[6;36;192],6,[228;36;3],3,[NaN;0;6],[3;55;51],5,[1;NaN;NaN]},{'A',[42;44;243],7,[48;8;51],6,0,[-6;36;192],6,0},{'M',[228;16;20],4,[1;1;1],0,[NaN;4;NaN],[28;28;5],2,[NaN;NaN;2],[228;36;3],3,[0;NaN;NaN]},{'O',[228;16;20],4,[228;16;20],4,0},{'M',[42;176;243],8,[42;44;243],7,[0;2;0]},{'O',[42;176;243],8,[42;176;243],8,0},{'M',[96;55;102],6,[3;55;51],5,[5;0;1]},{'O',[96;55;102],6,[96;55;102],6,0}}
Adder graph: {{'M',[1;1;4],1,[1;1;1],0,[0;0;2]},{'A',[7;9;31],2,[1;1;4],1,3,[-1;1;-1],0,0},{'M',[1;8;1],1,[1;1;1],0,[0;3;0]},{'M',[1;4;1],1,[1;1;1],0,[0;2;0]},{'A',[3;28;5],2,[1;8;1],1,2,[-1;-4;1],1,0},{'M',[8;8;5],3,[1;1;1],0,[3;3;NaN],[3;28;5],2,[NaN;NaN;0]},{'M',[7;9;62],3,[7;9;31],2,[0;0;1]},{'A',[57;55;102],4,[8;8;5],3,3,[-7;-9;62],3,0},{'M',[14;28;5],3,[7;9;31],2,[1;NaN;NaN],[3;28;5],2,[NaN;0;0]},{'A',[-42;-44;-243],4,[14;28;5],3,0,[-7;-9;-31],2,3},{'M',[57;4;5],5,[1;1;1],0,[NaN;2;NaN],[3;28;5],2,[NaN;NaN;0],[57;55;102],4,[0;NaN;NaN]},{'O',[228;16;20],5,[57;4;5],5,2},{'M',[-42;-176;-243],5,[-42;-44;-243],4,[0;2;0]},{'O',[42;176;243],5,[42;176;243],5,0},{'M',[96;55;102],5,[3;28;5],2,[5;NaN;NaN],[57;55;102],4,[NaN;0;0]},{'O',[96;55;102],5,[96;55;102],5,0}}
Adder graph: {{'M',[2;2;1],1,[1;1;1],0,[1;1;0]},{'A',[-6;10;5],2,[2;2;1],1,0,[-2;2;1],1,2},{'M',[2;1;2],1,[1;1;1],0,[1;0;1]},{'A',[14;14;13],3,[2;1;2],1,2,[6;10;5],2,0},{'M',[14;128;128],4,[1;1;1],0,[NaN;7;7],[14;14;13],3,[0;NaN;NaN]},{'M',[14;80;13],4,[-6;10;5],2,[NaN;3;NaN],[14;14;13],3,[0;NaN;0]},{'A',[42;176;243],5,[14;128;128],4,1,[14;-80;-13],4,0},{'A',[57;-55;-51],4,[1;1;1],0,0,[14;-14;-13],3,2},{'M',[57;4;5],5,[1;1;1],0,[NaN;2;NaN],[-6;10;5],2,[NaN;NaN;0],[57;-55;-51],4,[0;NaN;NaN]},{'O',[228;16;20],5,[57;4;5],5,2},{'O',[42;176;243],5,[42;176;243],5,0},{'M',[-96;-55;-102],5,[-6;10;5],2,[4;NaN;NaN],[57;-55;-51],4,[NaN;0;1]},{'O',[96;55;102],5,[96;55;102],5,0}}
Adder graph: {{'M',[2;2;1],1,[1;1;1],0,[1;1;0]},{'A',[-7;-7;-3],2,[1;1;1],0,0,[-2;-2;-1],1,2},{'M',[64;64;-3],3,[1;1;1],0,[6;6;NaN],[-7;-7;-3],2,[NaN;NaN;0]},{'A',[-48;-176;-51],4,[-7;-7;-3],2,4,[64;-64;-3],3,0},{'M',[-7;-7;-48],3,[-7;-7;-3],2,[0;0;4]},{'M',[-14;-14;-51],5,[-7;-7;-3],2,[1;1;NaN],[-48;-176;-51],4,[NaN;NaN;0]},{'A',[-42;-14;-243],6,[-7;-7;-48],3,2,[-14;14;-51],5,0},{'M',[-14;-14;1],3,[1;1;1],0,[NaN;NaN;0],[-7;-7;-3],2,[1;1;NaN]},{'A',[57;-55;5],4,[1;1;1],0,0,[14;-14;1],3,2},{'M',[57;4;5],5,[1;1;1],0,[NaN;2;NaN],[57;-55;5],4,[0;NaN;0]},{'O',[228;16;20],5,[57;4;5],5,2},{'M',[-42;-176;-243],7,[-48;-176;-51],4,[NaN;0;NaN],[-42;-14;-243],6,[0;NaN;0]},{'O',[42;176;243],7,[42;176;243],7,0},{'M',[-96;-55;-102],5,[-48;-176;-51],4,[1;NaN;1],[57;-55;5],4,[NaN;0;NaN]},{'O',[96;55;102],5,[96;55;102],5,0}}
Adder graph: {{'M',[2;1;1],1,[1;1;1],0,[1;0;0]},{'A',[6;3;5],2,[1;1;1],0,2,[2;-1;1],1,0},{'A',[14;11;13],3,[6;3;5],2,0,[1;1;1],0,3},{'M',[14;11;128],4,[1;1;1],0,[NaN;NaN;7],[14;11;13],3,[0;0;NaN]},{'A',[42;33;243],5,[14;11;128],4,1,[14;11;-13],3,0},{'M',[2;33;2],6,[1;1;1],0,[1;NaN;1],[42;33;243],5,[NaN;0;NaN]},{'A',[114;55;102],7,[14;11;13],3,3,[2;-33;-2],6,0},{'M',[114;8;10],8,[1;1;1],0,[NaN;3;NaN],[6;3;5],2,[NaN;NaN;1],[114;55;102],7,[0;NaN;NaN]},{'O',[228;16;20],8,[114;8;10],8,1},{'M',[42;176;243],6,[14;11;13],3,[NaN;4;NaN],[42;33;243],5,[0;NaN;0]},{'O',[42;176;243],6,[42;176;243],6,0},{'M',[96;55;102],8,[6;3;5],2,[4;NaN;NaN],[114;55;102],7,[NaN;0;0]},{'O',[96;55;102],8,[96;55;102],8,0}}
Finished solving after 52.545 seconds
Adder graph: {{'M',[2;1;1],1,[1;1;1],0,[1;0;0]},{'A',[6;3;5],2,[1;1;1],0,2,[2;-1;1],1,0},{'A',[14;11;13],3,[6;3;5],2,0,[1;1;1],0,3},{'M',[14;11;128],4,[1;1;1],0,[NaN;NaN;7],[14;11;13],3,[0;0;NaN]},{'A',[42;33;243],5,[14;11;128],4,1,[14;11;-13],3,0},{'M',[2;33;2],6,[1;1;1],0,[1;NaN;1],[42;33;243],5,[NaN;0;NaN]},{'A',[114;55;102],7,[14;11;13],3,3,[2;-33;-2],6,0},{'M',[114;8;10],8,[1;1;1],0,[NaN;3;NaN],[6;3;5],2,[NaN;NaN;1],[114;55;102],7,[0;NaN;NaN]},{'O',[228;16;20],8,[114;8;10],8,1},{'M',[42;176;243],6,[14;11;13],3,[NaN;4;NaN],[42;33;243],5,[0;NaN;0]},{'O',[42;176;243],6,[42;176;243],6,0},{'M',[96;55;102],8,[6;3;5],2,[4;NaN;NaN],[114;55;102],7,[NaN;0;0]},{'O',[96;55;102],8,[96;55;102],8,0}}
# Add optimal = 1
# Mux optimal = 1
# FAs optimal = 0
