Adder graph: {{'M',[1;1;8],1,[1;1;1],0,[0;0;3]},{'A',[65;65;72],2,[1;1;8],1,0,[1;1;1],0,6},{'M',[16;16;1],1,[1;1;1],0,[4;4;0]},{'M',[64;65;64],3,[1;1;1],0,[6;NaN;6],[65;65;72],2,[NaN;0;NaN]},{'A',[-224;-228;-254],4,[16;16;1],1,1,[-64;-65;-64],3,2},{'M',[65;4;2],3,[1;1;1],0,[NaN;2;1],[65;65;72],2,[0;NaN;NaN]},{'M',[8;1;128],1,[1;1;1],0,[3;0;7]},{'A',[57;3;130],4,[65;4;2],3,0,[-8;-1;128],1,0},{'M',[-224;24;130],5,[-224;-228;-254],4,[0;NaN;NaN],[57;3;130],4,[NaN;3;0]},{'M',[1;192;72],5,[1;1;1],0,[0;NaN;NaN],[65;65;72],2,[NaN;NaN;0],[57;3;130],4,[NaN;6;NaN]},{'A',[-225;-168;202],6,[-224;24;130],5,0,[-1;-192;72],5,0},{'M',[16;24;1],5,[1;1;1],0,[4;NaN;0],[57;3;130],4,[NaN;3;NaN]},{'M',[57;1;202],7,[1;1;1],0,[NaN;0;NaN],[57;3;130],4,[0;NaN;NaN],[-225;-168;202],6,[NaN;NaN;0]},{'A',[-41;25;-201],8,[16;24;1],5,0,[-57;1;-202],7,0},{'M',[-41;-168;-254],9,[-224;-228;-254],4,[NaN;NaN;0],[-225;-168;202],6,[NaN;0;NaN],[-41;25;-201],8,[0;NaN;NaN]},{'O',[41;168;254],9,[41;168;254],9,0},{'M',[57;25;202],9,[57;3;130],4,[0;NaN;NaN],[-225;-168;202],6,[NaN;NaN;0],[-41;25;-201],8,[NaN;0;NaN]},{'O',[57;25;202],9,[57;25;202],9,0},{'M',[-225;-228;-201],9,[-224;-228;-254],4,[NaN;0;NaN],[-225;-168;202],6,[0;NaN;NaN],[-41;25;-201],8,[NaN;NaN;0]},{'O',[225;228;201],9,[225;228;201],9,0}}
Adder graph: {{'M',[1;16;1],1,[1;1;1],0,[0;4;0]},{'A',[7;24;7],2,[1;1;1],0,3,[-1;16;-1],1,0},{'M',[224;24;256],3,[1;1;1],0,[NaN;NaN;8],[7;24;7],2,[5;0;NaN]},{'M',[1;192;56],3,[1;1;1],0,[0;NaN;NaN],[7;24;7],2,[NaN;3;3]},{'A',[225;-168;200],4,[224;24;256],3,0,[1;-192;-56],3,0},{'M',[4;8;200],5,[1;1;1],0,[2;3;NaN],[225;-168;200],4,[NaN;NaN;0]},{'M',[112;1;1],3,[1;1;1],0,[NaN;0;0],[7;24;7],2,[4;NaN;NaN]},{'A',[116;9;201],6,[4;8;200],5,0,[112;1;1],3,0},{'M',[1;24;402],7,[1;1;1],0,[0;NaN;NaN],[7;24;7],2,[NaN;0;NaN],[116;9;201],6,[NaN;NaN;1]},{'M',[56;1;200],5,[1;1;1],0,[NaN;0;NaN],[7;24;7],2,[3;NaN;NaN],[225;-168;200],4,[NaN;NaN;0]},{'A',[57;25;202],8,[1;24;402],7,0,[56;1;-200],5,0},{'M',[16;36;1],7,[1;1;1],0,[4;NaN;0],[116;9;201],6,[NaN;2;NaN]},{'M',[57;192;128],9,[1;1;1],0,[NaN;NaN;7],[7;24;7],2,[NaN;3;NaN],[57;25;202],8,[0;NaN;NaN]},{'A',[-41;228;-127],10,[16;36;1],7,0,[-57;192;-128],9,0},{'M',[-41;-168;-254],11,[225;-168;200],4,[NaN;0;NaN],[-41;228;-127],10,[0;NaN;1]},{'O',[41;168;254],11,[41;168;254],11,0},{'O',[57;25;202],8,[57;25;202],8,0},{'M',[225;228;201],11,[225;-168;200],4,[0;NaN;NaN],[116;9;201],6,[NaN;NaN;0],[-41;228;-127],10,[NaN;0;NaN]},{'O',[225;228;201],11,[225;228;201],11,0}}
Adder graph: {{'M',[256;1;1],1,[1;1;1],0,[8;0;0]},{'A',[224;33;33],2,[256;1;1],1,0,[-1;1;1],0,5},{'M',[1;1;4],1,[1;1;1],0,[0;0;2]},{'M',[64;33;132],3,[1;1;1],0,[6;NaN;NaN],[224;33;33],2,[NaN;0;2]},{'A',[-56;-25;-100],4,[1;1;4],1,3,[-64;-33;-132],3,0},{'M',[224;33;-100],5,[224;33;33],2,[0;0;NaN],[-56;-25;-100],4,[NaN;NaN;0]},{'M',[1;4;1],1,[1;1;1],0,[0;2;0]},{'A',[225;29;-101],6,[224;33;-100],5,0,[1;-4;-1],1,0},{'M',[-56;58;1],7,[1;1;1],0,[NaN;NaN;0],[-56;-25;-100],4,[0;NaN;NaN],[225;29;-101],6,[NaN;1;NaN]},{'M',[1;1;128],1,[1;1;1],0,[0;0;7]},{'A',[-57;57;-127],8,[-56;58;1],7,0,[-1;-1;-128],1,0},{'M',[-57;29;1],9,[1;1;1],0,[NaN;NaN;0],[225;29;-101],6,[NaN;0;NaN],[-57;57;-127],8,[0;NaN;NaN]},{'M',[8;-25;-100],5,[1;1;1],0,[3;NaN;NaN],[-56;-25;-100],4,[NaN;0;0]},{'A',[-41;-21;201],10,[-57;29;1],9,0,[8;-25;100],5,1},{'M',[-41;-168;-254],11,[-57;57;-127],8,[NaN;NaN;1],[-41;-21;201],10,[0;3;NaN]},{'O',[41;168;254],11,[41;168;254],11,0},{'M',[-57;-25;-202],9,[-56;-25;-100],4,[NaN;0;NaN],[225;29;-101],6,[NaN;NaN;1],[-57;57;-127],8,[0;NaN;NaN]},{'O',[57;25;202],9,[57;25;202],9,0},{'M',[225;228;201],11,[225;29;-101],6,[0;NaN;NaN],[-57;57;-127],8,[NaN;2;NaN],[-41;-21;201],10,[NaN;NaN;0]},{'O',[225;228;201],11,[225;228;201],11,0}}
Adder graph: {{'M',[16;8;1],1,[1;1;1],0,[4;3;0]},{'A',[-14;-6;3],2,[1;1;1],0,1,[-16;-8;1],1,0},{'M',[1;1;256],1,[1;1;1],0,[0;0;8]},{'M',[-14;64;48],3,[1;1;1],0,[NaN;6;NaN],[-14;-6;3],2,[0;NaN;4]},{'A',[-13;-63;208],4,[1;1;256],1,0,[-14;-64;-48],3,0},{'M',[-14;-126;3],5,[-14;-6;3],2,[0;NaN;0],[-13;-63;208],4,[NaN;1;NaN]},{'M',[-13;-24;208],5,[-14;-6;3],2,[NaN;2;NaN],[-13;-63;208],4,[0;NaN;0]},{'A',[-41;-228;-202],6,[-14;-126;3],5,1,[-13;24;-208],5,0},{'M',[-224;-96;-202],7,[-14;-6;3],2,[4;4;NaN],[-41;-228;-202],6,[NaN;NaN;0]},{'M',[1;-12;1],3,[1;1;1],0,[0;NaN;0],[-14;-6;3],2,[NaN;1;NaN]},{'A',[-225;-84;-201],8,[-224;-96;-202],7,0,[-1;12;1],3,0},{'M',[-28;-12;1],3,[1;1;1],0,[NaN;NaN;0],[-14;-6;3],2,[1;1;NaN]},{'A',[-57;-25;-254],4,[-28;-12;1],3,1,[-1;-1;-256],1,0},{'M',[-41;-168;-254],9,[-41;-228;-202],6,[0;NaN;NaN],[-225;-84;-201],8,[NaN;1;NaN],[-57;-25;-254],4,[NaN;NaN;0]},{'O',[41;168;254],9,[41;168;254],9,0},{'M',[-57;-25;-202],7,[-41;-228;-202],6,[NaN;NaN;0],[-57;-25;-254],4,[0;0;NaN]},{'O',[57;25;202],7,[57;25;202],7,0},{'M',[-225;-228;-201],9,[-41;-228;-202],6,[NaN;0;NaN],[-225;-84;-201],8,[0;NaN;0]},{'O',[225;228;201],9,[225;228;201],9,0}}
Adder graph: {{'M',[4;1;16],1,[1;1;1],0,[2;0;4]},{'A',[7;3;33],2,[4;1;16],1,1,[-1;1;1],0,0},{'M',[16;3;33],3,[1;1;1],0,[4;NaN;NaN],[7;3;33],2,[NaN;0;0]},{'A',[31;7;67],4,[16;3;33],3,1,[-1;1;1],0,0},{'M',[1;1;67],5,[1;1;1],0,[0;0;NaN],[31;7;67],4,[NaN;NaN;0]},{'M',[14;6;67],5,[7;3;33],2,[1;1;NaN],[31;7;67],4,[NaN;NaN;0]},{'A',[57;25;-201],6,[1;1;67],5,0,[14;6;-67],5,2},{'M',[8;8;67],5,[1;1;1],0,[3;3;NaN],[31;7;67],4,[NaN;NaN;0]},{'M',[57;100;33],7,[7;3;33],2,[NaN;NaN;0],[57;25;-201],6,[0;2;NaN]},{'A',[-41;-84;101],8,[8;8;67],5,1,[-57;-100;-33],7,0},{'M',[31;28;2],5,[1;1;1],0,[NaN;NaN;1],[31;7;67],4,[0;2;NaN]},{'A',[-225;-228;-254],6,[31;28;2],5,0,[-1;-1;-1],0,8},{'M',[-41;-168;-254],9,[-41;-84;101],8,[0;1;NaN],[-225;-228;-254],6,[NaN;NaN;0]},{'O',[41;168;254],9,[41;168;254],9,0},{'M',[57;25;202],9,[57;25;-201],6,[0;0;NaN],[-41;-84;101],8,[NaN;NaN;1]},{'O',[57;25;202],9,[57;25;202],9,0},{'M',[-225;-228;-201],7,[57;25;-201],6,[NaN;NaN;0],[-225;-228;-254],6,[0;0;NaN]},{'O',[225;228;201],7,[225;228;201],7,0}}
Adder graph: {{'M',[1;2;1],1,[1;1;1],0,[0;1;0]},{'A',[40;56;24],2,[1;2;1],1,5,[1;-1;-1],0,3},{'M',[32;56;24],3,[1;1;1],0,[5;NaN;NaN],[40;56;24],2,[NaN;0;0]},{'M',[4;112;1],3,[1;1;1],0,[2;NaN;0],[40;56;24],2,[NaN;1;NaN]},{'A',[28;168;25],4,[32;56;24],3,0,[-4;112;1],3,0},{'M',[1;4;1],1,[1;1;1],0,[0;2;0]},{'M',[56;56;50],5,[40;56;24],2,[NaN;0;NaN],[28;168;25],4,[1;NaN;1]},{'A',[225;228;201],6,[1;4;1],1,0,[56;56;50],5,2},{'M',[40;8;100],5,[1;1;1],0,[NaN;3;NaN],[40;56;24],2,[0;NaN;NaN],[28;168;25],4,[NaN;NaN;2]},{'A',[41;9;101],6,[40;8;100],5,0,[1;1;1],0,0},{'M',[1;1;8],1,[1;1;1],0,[0;0;3]},{'M',[41;9;1],7,[1;1;1],0,[NaN;NaN;0],[41;9;101],6,[0;0;NaN]},{'A',[57;25;127],8,[1;1;8],1,4,[41;9;-1],7,0},{'M',[41;168;254],9,[28;168;25],4,[NaN;0;NaN],[41;9;101],6,[0;NaN;NaN],[57;25;127],8,[NaN;NaN;1]},{'O',[41;168;254],9,[41;168;254],9,0},{'M',[57;25;202],9,[41;9;101],6,[NaN;NaN;1],[57;25;127],8,[0;0;NaN]},{'O',[57;25;202],9,[57;25;202],9,0},{'O',[225;228;201],6,[225;228;201],6,0}}
Adder graph: {{'M',[8;1;1],1,[1;1;1],0,[3;0;0]},{'M',[1;4;4],1,[1;1;1],0,[0;2;2]},{'A',[7;-3;-3],2,[8;1;1],1,0,[-1;-4;-4],1,0},{'M',[7;-12;-6],3,[7;-3;-3],2,[0;2;1]},{'M',[1;2;1],1,[1;1;1],0,[0;1;0]},{'A',[-25;-76;26],4,[7;-12;-6],3,0,[-1;-2;1],1,5},{'M',[-100;-76;104],5,[-25;-76;26],4,[2;0;2]},{'M',[-25;-76;-6],5,[7;-3;-3],2,[NaN;NaN;1],[-25;-76;26],4,[0;0;NaN]},{'A',[-225;-228;202],6,[-100;-76;104],5,1,[-25;-76;-6],5,0},{'M',[56;-24;202],7,[7;-3;-3],2,[3;3;NaN],[-225;-228;202],6,[NaN;NaN;0]},{'A',[57;25;-201],8,[1;1;1],0,0,[56;24;-202],7,0},{'M',[16;16;202],7,[1;1;1],0,[4;4;NaN],[-225;-228;202],6,[NaN;NaN;0]},{'M',[-25;-152;52],5,[-25;-76;26],4,[0;1;1]},{'A',[41;168;254],8,[16;16;202],7,0,[25;152;52],5,0},{'O',[41;168;254],8,[41;168;254],8,0},{'M',[57;25;202],9,[-225;-228;202],6,[NaN;NaN;0],[57;25;-201],8,[0;0;NaN]},{'O',[57;25;202],9,[57;25;202],9,0},{'M',[-225;-228;-201],9,[-225;-228;202],6,[0;0;NaN],[57;25;-201],8,[NaN;NaN;0]},{'O',[225;228;201],9,[225;228;201],9,0}}
Adder graph: {{'M',[1;1;8],1,[1;1;1],0,[0;0;3]},{'M',[16;16;1],1,[1;1;1],0,[4;4;0]},{'A',[40;40;62],2,[1;1;8],1,3,[16;16;-1],1,1},{'M',[40;1;62],3,[1;1;1],0,[NaN;0;NaN],[40;40;62],2,[0;NaN;0]},{'A',[56;17;46],4,[40;1;62],3,0,[1;1;-1],0,4},{'M',[1;8;248],3,[1;1;1],0,[0;3;NaN],[40;40;62],2,[NaN;NaN;2]},{'A',[57;25;202],5,[1;8;248],3,0,[56;17;-46],4,0},{'M',[224;68;202],6,[56;17;46],4,[2;2;NaN],[57;25;202],5,[NaN;NaN;0]},{'M',[1;160;1],3,[1;1;1],0,[0;NaN;0],[40;40;62],2,[NaN;2;NaN]},{'A',[225;228;201],7,[224;68;202],6,0,[1;160;-1],3,0},{'M',[40;40;256],3,[1;1;1],0,[NaN;NaN;8],[40;40;62],2,[0;0;NaN]},{'M',[1;2;2],1,[1;1;1],0,[0;1;1]},{'A',[41;42;254],4,[40;40;256],3,0,[1;2;-2],1,0},{'M',[41;168;254],5,[41;42;254],4,[0;2;0]},{'O',[41;168;254],5,[41;168;254],5,0},{'O',[57;25;202],5,[57;25;202],5,0},{'O',[225;228;201],7,[225;228;201],7,0}}
Adder graph: {{'A',[10;6;10],1,[1;1;1],0,3,[1;-1;1],0,1},{'M',[1;192;256],2,[1;1;1],0,[0;NaN;8],[10;6;10],1,[NaN;5;NaN]},{'M',[20;12;1],2,[1;1;1],0,[NaN;NaN;0],[10;6;10],1,[1;1;NaN]},{'A',[41;168;254],3,[1;192;256],2,0,[20;-12;-1],2,1},{'M',[4;6;10],2,[1;1;1],0,[2;NaN;NaN],[10;6;10],1,[NaN;0;0]},{'M',[41;1;10],4,[1;1;1],0,[NaN;0;NaN],[10;6;10],1,[NaN;NaN;0],[41;168;254],3,[0;NaN;NaN]},{'A',[57;25;50],5,[4;6;10],2,2,[41;1;10],4,0},{'A',[226;102;202],6,[57;25;50],5,2,[-1;1;1],0,1},{'M',[1;12;1],2,[1;1;1],0,[0;NaN;0],[10;6;10],1,[NaN;1;NaN]},{'A',[225;114;201],7,[226;102;202],6,0,[-1;12;-1],2,0},{'O',[41;168;254],3,[41;168;254],3,0},{'M',[57;25;202],7,[57;25;50],5,[0;0;NaN],[226;102;202],6,[NaN;NaN;0]},{'O',[57;25;202],7,[57;25;202],7,0},{'M',[225;228;201],8,[225;114;201],7,[0;1;0]},{'O',[225;228;201],8,[225;228;201],8,0}}
Adder graph: {{'A',[14;14;14],1,[1;1;1],0,4,[-1;-1;-1],0,1},{'M',[14;14;256],2,[1;1;1],0,[NaN;NaN;8],[14;14;14],1,[0;0;NaN]},{'A',[16;12;258],3,[14;14;256],2,0,[1;-1;1],0,1},{'M',[1;1;258],4,[1;1;1],0,[0;0;NaN],[16;12;258],3,[NaN;NaN;0]},{'M',[28;12;28],4,[14;14;14],1,[1;NaN;1],[16;12;258],3,[NaN;0;NaN]},{'A',[57;25;202],5,[1;1;258],4,0,[28;12;-28],4,1},{'M',[224;224;202],6,[14;14;14],1,[4;4;NaN],[57;25;202],5,[NaN;NaN;0]},{'M',[1;4;1],1,[1;1;1],0,[0;2;0]},{'A',[225;228;201],7,[224;224;202],6,0,[1;4;-1],1,0},{'M',[57;96;512],6,[1;1;1],0,[NaN;NaN;9],[16;12;258],3,[NaN;3;NaN],[57;25;202],5,[0;NaN;NaN]},{'A',[-41;-84;-254],7,[16;12;258],3,0,[-57;-96;-512],6,0},{'M',[-41;-168;-254],8,[-41;-84;-254],7,[0;1;0]},{'O',[41;168;254],8,[41;168;254],8,0},{'O',[57;25;202],5,[57;25;202],5,0},{'O',[225;228;201],7,[225;228;201],7,0}}
Adder graph: {{'A',[10;10;6],1,[1;1;1],0,3,[1;1;-1],0,1},{'A',[41;41;25],2,[1;1;1],0,0,[10;10;6],1,2},{'M',[41;41;200],3,[41;41;25],2,[0;0;3]},{'M',[8;8;1],1,[1;1;1],0,[3;3;0]},{'A',[57;25;202],4,[41;41;200],3,0,[8;-8;1],1,1},{'M',[32;25;32],5,[1;1;1],0,[5;NaN;5],[57;25;202],4,[NaN;0;NaN]},{'M',[16;16;1],1,[1;1;1],0,[4;4;0]},{'A',[112;84;127],6,[32;25;32],5,2,[-16;-16;-1],1,0},{'M',[112;164;100],7,[41;41;25],2,[NaN;2;2],[112;84;127],6,[0;NaN;NaN]},{'M',[1;100;1],5,[1;1;1],0,[0;NaN;0],[57;25;202],4,[NaN;2;NaN]},{'A',[225;228;201],8,[112;164;100],7,1,[1;-100;1],5,0},{'M',[41;168;254],7,[41;41;25],2,[0;NaN;NaN],[112;84;127],6,[NaN;1;1]},{'O',[41;168;254],7,[41;168;254],7,0},{'O',[57;25;202],4,[57;25;202],4,0},{'O',[225;228;201],8,[225;228;201],8,0}}
Adder graph: {{'A',[7;7;9],1,[1;1;1],0,3,[-1;-1;1],0,0},{'M',[2;1;2],1,[1;1;1],0,[1;0;1]},{'A',[71;39;55],2,[2;1;2],1,5,[7;7;-9],1,0},{'M',[71;39;220],3,[71;39;55],2,[0;0;2]},{'A',[57;25;202],4,[71;39;220],3,0,[-7;-7;-9],1,1},{'M',[71;56;110],3,[7;7;9],1,[NaN;3;NaN],[71;39;55],2,[0;NaN;1]},{'A',[41;168;254],4,[7;7;9],1,4,[-71;56;110],3,0},{'M',[224;224;202],5,[7;7;9],1,[5;5;NaN],[57;25;202],4,[NaN;NaN;0]},{'M',[1;4;1],1,[1;1;1],0,[0;2;0]},{'A',[225;228;201],6,[224;224;202],5,0,[1;4;-1],1,0},{'O',[41;168;254],4,[41;168;254],4,0},{'O',[57;25;202],4,[57;25;202],4,0},{'O',[225;228;201],6,[225;228;201],6,0}}
Finished solving after 7195.66 seconds
Adder graph: {{'A',[7;7;9],1,[1;1;1],0,3,[-1;-1;1],0,0},{'M',[2;1;2],1,[1;1;1],0,[1;0;1]},{'A',[71;39;55],2,[2;1;2],1,5,[7;7;-9],1,0},{'M',[71;39;220],3,[71;39;55],2,[0;0;2]},{'A',[57;25;202],4,[71;39;220],3,0,[-7;-7;-9],1,1},{'M',[71;56;110],3,[7;7;9],1,[NaN;3;NaN],[71;39;55],2,[0;NaN;1]},{'A',[41;168;254],4,[7;7;9],1,4,[-71;56;110],3,0},{'M',[224;224;202],5,[7;7;9],1,[5;5;NaN],[57;25;202],4,[NaN;NaN;0]},{'M',[1;4;1],1,[1;1;1],0,[0;2;0]},{'A',[225;228;201],6,[224;224;202],5,0,[1;4;-1],1,0},{'O',[41;168;254],4,[41;168;254],4,0},{'O',[57;25;202],4,[57;25;202],4,0},{'O',[225;228;201],6,[225;228;201],6,0}}
# Add optimal = 1
# Mux optimal = 0
# FAs optimal = 0
