<graph>
{{'A',[4],2,[3],1,3,[-5],1,2},{'A',[83],2,[3],1,0,[5],1,4},{'A',[93],2,[3],1,5,[-3],1,0},{'A',[209],2,[7],1,5,[-15],1,0},{'A',[221],2,[7],1,5,[-3],1,0},{'A',[3],1,[1],0,0,[1],0,1},{'A',[5],1,[1],0,0,[1],0,2},{'A',[7],1,[1],0,3,[-1],0,0},{'A',[15],1,[1],0,4,[-1],0,0}}
</graph>
<graph>
{{'A',[45],2,[3],1,4,[-3],1,0},{'A',[182],2,[3],1,6,[-5],1,1},{'A',[145],2,[5],1,5,[-15],1,0},{'A',[175],2,[5],1,5,[15],1,0},{'A',[247],2,[7],1,0,[15],1,4},{'A',[3],1,[1],0,0,[1],0,1},{'A',[5],1,[1],0,0,[1],0,2},{'A',[7],1,[1],0,3,[-1],0,0},{'A',[15],1,[1],0,4,[-1],0,0}}
</graph>
<graph>
{{'R',[18],2,[9],1,1},{'A',[168],2,[3],1,6,[-3],1,3},{'A',[140],2,[5],1,5,[-5],1,2},{'A',[134],2,[9],1,4,[-5],1,1},{'A',[141],2,[9],1,4,[-3],1,0},{'A',[3],1,[1],0,0,[1],0,1},{'A',[5],1,[1],0,0,[1],0,2},{'A',[9],1,[1],0,0,[1],0,3}}
</graph>
<graph>
{{'A',[22],2,[3],1,2,[5],1,1},{'A',[156],2,[3],1,2,[9],1,4},{'A',[206],2,[3],1,6,[7],1,1},{'A',[117],2,[15],1,3,[-3],1,0},{'A',[180],2,[3],1,6,[-3],1,2},{'A',[3],1,[1],0,0,[1],0,1},{'A',[5],1,[1],0,0,[1],0,2},{'A',[7],1,[1],0,3,[-1],0,0},{'A',[9],1,[1],0,0,[1],0,3},{'A',[15],1,[1],0,4,[-1],0,0}}
</graph>
<merge>
221;182;134;180
</merge>
<merge>
93;45;168;206
</merge>
<merge>
209;145;140;22
</merge>
<merge>
83;247;141;156
</merge>
<merge>
4;175;18;117
</merge>