Adder graph: {{'A',[-1,16;1,16;1,16],1,[0,1;0,1;0,1],0,4,[-1,0;1,0;1,0],0,0},{'A',[0,3;0,-1;0,3],1,[0,1;0,1;0,1],0,0,[0,1;0,-1;0,1],0,1},{'M',[1,0;0,32;128,0],1,[1,0;1,0;1,0],0,[0;NaN;7],[0,1;0,1;0,1],0,[NaN;5;NaN]},{'M',[0,2048;0,16;1,0],1,[1,0;1,0;1,0],0,[NaN;NaN;0],[0,1;0,1;0,1],0,[11;4;NaN]},{'A',[1,2048;0,16;127,0],2,[1,0;0,32;128,0],1,0,[0,2048;0,-16;-1,0],1,0},{'M',[-64,1024;1,16;1,16],2,[-1,16;1,16;1,16],1,[6;0;0]},{'A',[-129,0;2,16;-125,32],3,[-64,1024;1,16;1,16],2,1,[-1,-2048;0,-16;-127,0],2,0},{'M',[0,16;1,0;4,0],1,[1,0;1,0;1,0],0,[NaN;0;2],[0,1;0,1;0,1],0,[4;NaN;NaN]},{'M',[0,1;4,0;0,32],1,[1,0;1,0;1,0],0,[NaN;2;NaN],[0,1;0,1;0,1],0,[0;NaN;5]},{'A',[0,33;-2,0;8,32],2,[0,16;1,0;4,0],1,1,[0,1;-4,0;0,32],1,0},{'R',[0,3;0,-1;0,3],2,[0,3;0,-1;0,3],1},{'A',[0,129;-8,1;32,125],3,[0,33;-2,0;8,32],2,2,[0,-3;0,1;0,-3],2,0},{'M',[-129,0;-128,16;-125,32],4,[-129,0;2,16;-125,32],3,[0;NaN;0],[0,129;-8,1;32,125],3,[NaN;4;NaN]},{'O',[129,0;128,-16;125,-32],4,[129,0;128,-16;125,-32],4,0},{'M',[0,129;16,128;32,125],4,[-129,0;2,16;-125,32],3,[NaN;3;NaN],[0,129;-8,1;32,125],3,[0;NaN;0]},{'O',[0,129;16,128;32,125],4,[0,129;16,128;32,125],4,0}}
Adder graph: {{'A',[16,4;-16,4;-16,4],1,[0,1;0,1;0,1],0,2,[1,0;-1,0;-1,0],0,4},{'M',[16,0;4,0;0,1],1,[1,0;1,0;1,0],0,[4;2;NaN],[0,1;0,1;0,1],0,[NaN;NaN;0]},{'M',[0,1;8,0;0,1],1,[1,0;1,0;1,0],0,[NaN;3;NaN],[0,1;0,1;0,1],0,[0;NaN;0]},{'A',[512,-16;256,0;0,48],2,[16,0;4,0;0,1],1,5,[0,-1;8,0;0,1],1,4},{'A',[512,2048;512,2048;512,2048],1,[1,0;1,0;1,0],0,9,[0,1;0,1;0,1],0,11},{'R',[512,2048;512,2048;512,2048],2,[512,2048;512,2048;512,2048],1},{'A',[0,129;16,128;32,125],3,[512,2048;512,2048;512,2048],2,-4,[-512,16;-256,0;0,-48],2,-4},{'A',[-1,0;-1,0;3,0],1,[1,0;1,0;1,0],0,0,[-1,0;-1,0;1,0],0,1},{'M',[-32,0;-16,4;-32,8],2,[16,4;-16,4;-16,4],1,[NaN;0;1],[-1,0;-1,0;3,0],1,[5;NaN;NaN]},{'M',[-1,0;-64,0;3,0],2,[-1,0;-1,0;3,0],1,[0;6;0]},{'A',[-129,0;-128,16;-125,32],3,[-32,0;-16,4;-32,8],2,2,[-1,0;-64,0;3,0],2,0},{'O',[129,0;128,-16;125,-32],3,[129,0;128,-16;125,-32],3,0},{'O',[0,129;16,128;32,125],3,[0,129;16,128;32,125],3,0}}
Adder graph: {{'M',[2,0;1,0;2,0],1,[1,0;1,0;1,0],0,[1;0;1]},{'M',[64,0;1,0;64,0],1,[1,0;1,0;1,0],0,[6;0;6]},{'A',[516,0;10,0;-508,0],2,[2,0;1,0;2,0],1,1,[64,0;1,0;-64,0],1,3},{'M',[0,1;0,4;0,128],1,[0,1;0,1;0,1],0,[0;2;7]},{'M',[0,64;0,64;0,1],1,[0,1;0,1;0,1],0,[6;6;0]},{'A',[0,-63;0,68;0,129],2,[0,1;0,4;0,128],1,0,[0,-64;0,64;0,1],1,0},{'M',[0,1;2,0;0,1],1,[1,0;1,0;1,0],0,[NaN;1;NaN],[0,1;0,1;0,1],0,[0;NaN;0]},{'M',[0,1;0,1;2,0],1,[1,0;1,0;1,0],0,[NaN;NaN;1],[0,1;0,1;0,1],0,[0;0;NaN]},{'A',[0,-3;2,4;-8,1],2,[0,1;2,0;0,1],1,0,[0,-1;0,1;-2,0],1,2},{'M',[0,-48;32,64;-8,1],3,[0,-3;2,4;-8,1],2,[4;4;0]},{'M',[0,-63;0,272;0,129],3,[0,-63;0,68;0,129],2,[0;2;0]},{'A',[0,-129;128,-16;-32,-125],4,[0,-48;32,64;-8,1],3,2,[0,63;0,-272;0,-129],3,0},{'A',[-516,-63;10,68;-508,129],3,[0,-63;0,68;0,129],2,0,[-516,0;10,0;-508,0],2,0},{'M',[0,-63;2,4;-8,1],3,[0,-63;0,68;0,129],2,[0;NaN;NaN],[0,-3;2,4;-8,1],2,[NaN;0;0]},{'A',[129,0;-2,-16;125,-32],4,[0,-63;2,4;-8,1],3,-2,[516,63;-10,-68;508,-129],3,-2},{'M',[129,0;128,-16;125,-32],5,[0,-129;128,-16;-32,-125],4,[NaN;0;NaN],[129,0;-2,-16;125,-32],4,[0;NaN;0]},{'O',[129,0;128,-16;125,-32],5,[129,0;128,-16;125,-32],5,0},{'M',[0,-129;-16,-128;-32,-125],5,[0,-129;128,-16;-32,-125],4,[0;NaN;0],[129,0;-2,-16;125,-32],4,[NaN;3;NaN]},{'O',[0,129;16,128;32,125],5,[0,129;16,128;32,125],5,0}}
Adder graph: {{'M',[0,2;0,1;32,0],1,[1,0;1,0;1,0],0,[NaN;NaN;5],[0,1;0,1;0,1],0,[1;0;NaN]},{'M',[0,4;1,0;0,4],1,[1,0;1,0;1,0],0,[NaN;0;NaN],[0,1;0,1;0,1],0,[2;NaN;2]},{'A',[0,520;-128,4;128,512],2,[0,2;0,1;32,0],1,2,[0,4;-1,0;0,4],1,7},{'A',[0,4;0,12;0,12],1,[0,1;0,1;0,1],0,3,[0,-1;0,1;0,1],0,2},{'M',[1,0;8,0;2,0],1,[1,0;1,0;1,0],0,[0;3;1]},{'M',[256,0;1,0;256,0],1,[1,0;1,0;1,0],0,[8;0;8]},{'A',[-2040,0;72,0;-2032,0],2,[1,0;8,0;2,0],1,3,[-256,0;1,0;-256,0],1,3},{'R',[0,4;0,12;0,12],2,[0,4;0,12;0,12],1},{'A',[0,-129;-32,4;-32,-125],3,[0,4;0,12;0,12],2,-2,[0,-520;-128,4;-128,-512],2,-2},{'M',[1,0;1,0;4,0],1,[1,0;1,0;1,0],0,[0;0;2]},{'M',[1,0;0,16;0,16],1,[1,0;1,0;1,0],0,[0;NaN;NaN],[0,1;0,1;0,1],0,[NaN;4;4]},{'A',[-24,0;8,-512;32,512],2,[1,0;1,0;4,0],1,3,[-1,0;0,-16;0,16],1,5},{'A',[-129,0;-4,-32;-125,32],3,[-24,0;8,-512;32,512],2,-4,[-2040,0;-72,0;-2032,0],2,-4},{'M',[-129,0;-128,16;-125,32],4,[0,-129;-32,4;-32,-125],3,[NaN;2;NaN],[-129,0;-4,-32;-125,32],3,[0;NaN;0]},{'O',[129,0;128,-16;125,-32],4,[129,0;128,-16;125,-32],4,0},{'M',[0,-129;-16,-128;-32,-125],4,[0,-129;-32,4;-32,-125],3,[0;NaN;0],[-129,0;-4,-32;-125,32],3,[NaN;2;NaN]},{'O',[0,129;16,128;32,125],4,[0,129;16,128;32,125],4,0}}
Adder graph: {{'M',[16,0;16,0;1,0],1,[1,0;1,0;1,0],0,[4;4;0]},{'M',[1,0;0,16;0,64],1,[1,0;1,0;1,0],0,[0;NaN;NaN],[0,1;0,1;0,1],0,[NaN;4;6]},{'A',[1032,0;1024,-128;64,512],2,[16,0;16,0;1,0],1,6,[1,0;0,-16;0,64],1,3},{'M',[0,1;0,1;4,0],1,[1,0;1,0;1,0],0,[NaN;NaN;2],[0,1;0,1;0,1],0,[0;0;NaN]},{'A',[0,-508;0,-508;2064,0],2,[0,1;0,1;4,0],1,2,[0,-1;0,-1;4,0],1,9},{'A',[0,-2;0,-2;0,6],1,[0,1;0,1;0,1],0,1,[0,-1;0,-1;0,1],0,2},{'M',[0,1;16,0;16,0],1,[1,0;1,0;1,0],0,[NaN;4;4],[0,1;0,1;0,1],0,[0;NaN;NaN]},{'A',[0,-8;-64,-4;-64,12],2,[0,-2;0,-2;0,6],1,1,[0,-1;-16,0;-16,0],1,2},{'M',[1032,0;1024,-128;2064,0],3,[1032,0;1024,-128;64,512],2,[0;0;NaN],[0,-508;0,-508;2064,0],2,[NaN;NaN;0]},{'R',[1032,0;1024,-128;64,512],3,[1032,0;1024,-128;64,512],2},{'A',[129,0;128,-16;125,-32],4,[1032,0;1024,-128;2064,0],3,-4,[1032,0;1024,-128;-64,-512],3,-4},{'R',[0,-8;-64,-4;-64,12],3,[0,-8;-64,-4;-64,12],2},{'M',[0,-508;0,-508;64,512],3,[1032,0;1024,-128;64,512],2,[NaN;NaN;0],[0,-508;0,-508;2064,0],2,[0;0;NaN]},{'A',[0,-129;-16,-128;-32,-125],4,[0,-8;-64,-4;-64,12],3,-2,[0,-508;0,-508;-64,-512],3,-2},{'O',[129,0;128,-16;125,-32],4,[129,0;128,-16;125,-32],4,0},{'O',[0,129;16,128;32,125],4,[0,129;16,128;32,125],4,0}}
Adder graph: {{'A',[1,0;1,0;3,0],1,[1,0;1,0;1,0],0,1,[-1,0;-1,0;1,0],0,0},{'A',[8,-1;8,-1;8,-1],1,[1,0;1,0;1,0],0,3,[0,-1;0,-1;0,-1],0,0},{'M',[8,0;0,1;0,1],1,[1,0;1,0;1,0],0,[3;NaN;NaN],[0,1;0,1;0,1],0,[NaN;0;0]},{'M',[0,1;0,2;0,1],1,[0,1;0,1;0,1],0,[0;1;0]},{'A',[1024,1;0,130;0,129],2,[8,0;0,1;0,1],1,7,[0,1;0,2;0,1],1,0},{'M',[128,0;1,0;0,16],1,[1,0;1,0;1,0],0,[7;0;NaN],[0,1;0,1;0,1],0,[NaN;NaN;4]},{'A',[-127,0;0,0;3,16],2,[1,0;1,0;3,0],1,0,[-128,0;-1,0;0,16],1,0},{'M',[512,-64;8,-1;16,-2],2,[8,-1;8,-1;8,-1],1,[6;0;1]},{'A',[0,129;16,128;32,125],3,[1024,1;0,130;0,129],2,0,[-512,64;8,-1;16,-2],2,1},{'M',[1,0;64,-8;64,-8],2,[1,0;1,0;3,0],1,[0;NaN;NaN],[8,-1;8,-1;8,-1],1,[NaN;3;3]},{'A',[-129,0;-128,16;-125,32],3,[-127,0;0,0;3,16],2,0,[-1,0;-64,8;-64,8],2,1},{'O',[129,0;128,-16;125,-32],3,[129,0;128,-16;125,-32],3,0},{'O',[0,129;16,128;32,125],3,[0,129;16,128;32,125],3,0}}
Adder graph: {{'M',[0,64;1,0;0,64],1,[1,0;1,0;1,0],0,[NaN;0;NaN],[0,1;0,1;0,1],0,[6;NaN;6]},{'M',[0,1;0,32;0,1],1,[0,1;0,1;0,1],0,[0;5;0]},{'A',[0,516;8,128;0,508],2,[0,64;1,0;0,64],1,3,[0,1;0,32;0,-1],1,2},{'M',[0,4;0,4;0,1],1,[0,1;0,1;0,1],0,[2;2;0]},{'M',[0,1;0,1;4,0],1,[1,0;1,0;1,0],0,[NaN;NaN;2],[0,1;0,1;0,1],0,[0;0;NaN]},{'A',[0,0;0,64;-128,8],2,[0,4;0,4;0,1],1,3,[0,-1;0,1;-4,0],1,5},{'M',[1,0;0,2;1,0],1,[1,0;1,0;1,0],0,[0;NaN;0],[0,1;0,1;0,1],0,[NaN;1;NaN]},{'M',[2,0;1,0;2,0],1,[1,0;1,0;1,0],0,[1;0;1]},{'A',[-4,0;-4,8;12,0],2,[1,0;0,2;1,0],1,2,[-2,0;-1,0;2,0],1,2},{'A',[-512,0;-512,0;-512,128],3,[-4,0;-4,8;12,0],2,7,[0,0;0,-64;-128,8],2,4},{'A',[0,-129;-2,-16;-32,-125],3,[0,0;0,64;-128,8],2,-2,[0,-516;-8,-128;0,-508],2,-2},{'M',[-4,0;0,64;12,0],3,[0,0;0,64;-128,8],2,[NaN;0;NaN],[-4,0;-4,8;12,0],2,[0;NaN;0]},{'A',[-129,0;-128,16;-125,32],4,[-4,0;0,64;12,0],3,-2,[-512,0;-512,0;-512,128],3,-2},{'O',[129,0;128,-16;125,-32],4,[129,0;128,-16;125,-32],4,0},{'M',[0,-129;-16,-128;-32,-125],4,[0,-129;-2,-16;-32,-125],3,[0;3;0]},{'O',[0,129;16,128;32,125],4,[0,129;16,128;32,125],4,0}}
Adder graph: {{'M',[2,0;0,1;0,1],1,[1,0;1,0;1,0],0,[1;NaN;NaN],[0,1;0,1;0,1],0,[NaN;0;0]},{'M',[32,0;32,0;1,0],1,[1,0;1,0;1,0],0,[5;5;0]},{'A',[0,0;-32,16;1,16],2,[2,0;0,1;0,1],1,4,[-32,0;-32,0;1,0],1,0},{'M',[1,0;64,0;1,0],1,[1,0;1,0;1,0],0,[0;6;0]},{'M',[8,0;0,1;8,0],1,[1,0;1,0;1,0],0,[3;NaN;3],[0,1;0,1;0,1],0,[NaN;0;NaN]},{'A',[129,0;64,16;-127,0],2,[1,0;64,0;1,0],1,0,[8,0;0,1;-8,0],1,4},{'A',[0,-1984;0,-1984;0,-1984],1,[0,1;0,1;0,1],0,6,[0,-1;0,-1;0,-1],0,11},{'M',[0,1;16,0;0,1],1,[1,0;1,0;1,0],0,[NaN;4;NaN],[0,1;0,1;0,1],0,[0;NaN;0]},{'M',[0,1;0,1;8,0],1,[1,0;1,0;1,0],0,[NaN;NaN;3],[0,1;0,1;0,1],0,[0;0;NaN]},{'A',[0,80;256,64;512,16],2,[0,1;16,0;0,1],1,4,[0,1;0,1;8,0],1,6},{'R',[0,-1984;0,-1984;0,-1984],2,[0,-1984;0,-1984;0,-1984],1},{'A',[0,-129;-16,-128;-32,-125],3,[0,-1984;0,-1984;0,-1984],2,-4,[0,-80;-256,-64;-512,-16],2,-4},{'A',[-129,0;-128,16;-125,32],3,[0,0;-32,16;1,16],2,1,[-129,0;-64,-16;-127,0],2,0},{'O',[129,0;128,-16;125,-32],3,[129,0;128,-16;125,-32],3,0},{'O',[0,129;16,128;32,125],3,[0,129;16,128;32,125],3,0}}
Adder graph: {{'M',[1,0;0,16;1,0],1,[1,0;1,0;1,0],0,[0;NaN;0],[0,1;0,1;0,1],0,[NaN;4;NaN]},{'M',[0,8;0,8;1,0],1,[1,0;1,0;1,0],0,[NaN;NaN;0],[0,1;0,1;0,1],0,[3;3;NaN]},{'A',[4,128;0,192;-12,0],2,[1,0;0,16;1,0],1,2,[0,8;0,8;-1,0],1,4},{'A',[512,-128;512,128;512,-128],1,[1,0;1,0;1,0],0,9,[0,-1;0,1;0,-1],0,7},{'A',[8,32;8,32;8,32],1,[0,1;0,1;0,1],0,5,[1,0;1,0;1,0],0,3},{'M',[8,0;8,0;0,1],1,[1,0;1,0;1,0],0,[3;3;NaN],[0,1;0,1;0,1],0,[NaN;NaN;0]},{'M',[0,1;16,0;0,1],1,[1,0;1,0;1,0],0,[NaN;4;NaN],[0,1;0,1;0,1],0,[0;NaN;0]},{'A',[32,-1;16,0;0,3],2,[8,0;8,0;0,1],1,2,[0,-1;-16,0;0,-1],1,0},{'R',[512,-128;512,128;512,-128],2,[512,-128;512,128;512,-128],1},{'A',[129,0;128,-16;125,-32],3,[512,-128;512,128;512,-128],2,-2,[4,128;0,-192;-12,0],2,-2},{'R',[8,32;8,32;8,32],2,[8,32;8,32;8,32],1},{'A',[0,-129;-16,-128;-32,-125],3,[32,-1;16,0;0,3],2,0,[-8,-32;-8,-32;-8,-32],2,2},{'O',[129,0;128,-16;125,-32],3,[129,0;128,-16;125,-32],3,0},{'O',[0,129;16,128;32,125],3,[0,129;16,128;32,125],3,0}}
Adder graph: {{'M',[1,0;256,0;1,0],1,[1,0;1,0;1,0],0,[0;8;0]},{'M',[0,1;0,1;16,0],1,[1,0;1,0;1,0],0,[NaN;NaN;4],[0,1;0,1;0,1],0,[0;0;NaN]},{'A',[1,-8;256,-8;129,0],2,[1,0;256,0;1,0],1,0,[0,-1;0,-1;16,0],1,3},{'A',[0,129;0,-127;0,-127],1,[0,1;0,1;0,1],0,0,[0,1;0,-1;0,-1],0,7},{'A',[1,-8;1,-8;1,8],1,[1,0;1,0;1,0],0,0,[0,-1;0,-1;0,1],0,3},{'A',[16,1;16,1;-16,1],1,[0,1;0,1;0,1],0,0,[1,0;1,0;-1,0],0,4},{'M',[16,-128;0,-127;0,-127],2,[0,129;0,-127;0,-127],1,[NaN;0;0],[1,-8;1,-8;1,8],1,[4;NaN;NaN]},{'M',[16,1;16,1;-32,2],2,[16,1;16,1;-16,1],1,[0;0;1]},{'A',[0,-129;-16,-128;-32,-125],3,[16,-128;0,-127;0,-127],2,0,[-16,-1;-16,-1;-32,2],2,0},{'M',[32,2;32,2;1,8],2,[1,-8;1,-8;1,8],1,[NaN;NaN;0],[16,1;16,1;-16,1],1,[1;1;NaN]},{'A',[129,0;128,-16;125,-32],3,[1,-8;256,-8;129,0],2,0,[32,2;-32,-2;-1,-8],2,2},{'O',[129,0;128,-16;125,-32],3,[129,0;128,-16;125,-32],3,0},{'O',[0,129;16,128;32,125],3,[0,129;16,128;32,125],3,0}}
Adder graph: {{'A',[0,-1;0,-1;0,3],1,[0,1;0,1;0,1],0,0,[0,-1;0,-1;0,1],0,1},{'M',[0,8;1,0;1,0],1,[1,0;1,0;1,0],0,[NaN;0;0],[0,1;0,1;0,1],0,[3;NaN;NaN]},{'M',[0,8;1,0;0,8],1,[1,0;1,0;1,0],0,[NaN;0;NaN],[0,1;0,1;0,1],0,[3;NaN;3]},{'A',[0,128;16,0;32,128],2,[0,8;1,0;1,0],1,5,[0,-8;-1,0;0,8],1,4},{'A',[64,8;-64,8;-64,8],1,[0,1;0,1;0,1],0,3,[1,0;-1,0;-1,0],0,6},{'M',[0,-1;0,-128;0,3],2,[0,-1;0,-1;0,3],1,[0;7;0]},{'A',[0,129;16,128;32,125],3,[0,128;16,0;32,128],2,0,[0,1;0,128;0,-3],2,0},{'M',[1,0;2,0;1,0],1,[1,0;1,0;1,0],0,[0;1;0]},{'A',[1032,128;1040,-128;1032,-128],2,[1,0;2,0;1,0],1,3,[64,8;64,-8;64,-8],1,4},{'A',[129,0;128,-16;125,-32],3,[1032,128;1040,-128;1032,-128],2,-3,[0,-128;-16,0;-32,-128],2,-3},{'O',[129,0;128,-16;125,-32],3,[129,0;128,-16;125,-32],3,0},{'O',[0,129;16,128;32,125],3,[0,129;16,128;32,125],3,0}}
Finished solving after 16621.3 seconds
Adder graph: {{'M',[0,16;1,0;2,0],1,[1,0;1,0;1,0],0,[NaN;0;1],[0,1;0,1;0,1],0,[4;NaN;NaN]},{'R',[0,1;0,1;0,1],1,[0,1;0,1;0,1],0},{'A',[0,32;4,-32;8,32],2,[0,16;1,0;2,0],1,2,[0,-1;0,-1;0,1],1,5},{'A',[0,1;0,1;0,3],1,[0,1;0,1;0,1],0,1,[0,-1;0,-1;0,1],0,0},{'M',[0,1;0,256;0,3],2,[0,1;0,1;0,3],1,[0;8;0]},{'A',[0,129;16,128;32,125],3,[0,32;4,-32;8,32],2,2,[0,1;0,256;0,-3],2,0},{'A',[516,0;-508,0;-508,0],1,[1,0;1,0;1,0],0,2,[1,0;-1,0;-1,0],0,9},{'A',[-516,32;-508,32;-508,96],2,[0,1;0,1;0,3],1,5,[-516,0;-508,0;-508,0],1,0},{'A',[-129,0;-128,16;-125,32],3,[-516,32;-508,32;-508,96],2,-2,[0,-32;-4,32;8,32],2,-2},{'O',[129,0;128,-16;125,-32],3,[129,0;128,-16;125,-32],3,0},{'O',[0,129;16,128;32,125],3,[0,129;16,128;32,125],3,0}}
# Add optimal = 1
# Mux optimal = 0
# Mux registers optimal = 1
# FAs optimal = 0
