<graph>
{{'A',[146],3,[15],2,2,[43],2,1},{'A',[258],3,[43],2,1,[43],2,2},{'A',[723],3,[21],2,4,[387],2,0},{'A',[817],3,[43],2,0,[387],2,1},{'A',[857],3,[15],2,3,[737],2,0},{'A',[15],2,[3],1,0,[3],1,2},{'A',[21],2,[3],1,3,[-3],1,0},{'A',[43],2,[3],1,2,[31],1,0},{'A',[387],2,[3],1,0,[3],1,7},{'A',[737],2,[3],1,8,[-31],1,0},{'A',[3],1,[1],0,0,[1],0,1},{'A',[31],1,[1],0,5,[-1],0,0}}
</graph>
<graph>
{{'R',[737],3,[737],2},{'A',[13],3,[43],2,0,[-15],2,1},{'A',[157],3,[43],2,2,[-15],2,0},{'A',[446],3,[15],2,7,[-737],2,1},{'A',[1014],3,[15],2,4,[387],2,1},{'A',[15],2,[3],1,0,[3],1,2},{'A',[43],2,[3],1,2,[31],1,0},{'A',[387],2,[3],1,0,[3],1,7},{'A',[737],2,[3],1,8,[-31],1,0},{'A',[3],1,[1],0,0,[1],0,1},{'A',[31],1,[1],0,5,[-1],0,0}}
</graph>
<merge>
146;157
</merge>
<merge>
857;1014
</merge>
<merge>
723;13
</merge>
<merge>
817;737
</merge>
<merge>
258;446
</merge>