<graph>
{{'A',[102],3,[3],2,1,[3],2,5},{'A',[620],3,[3],2,2,[19],2,5},{'A',[666],3,[3],2,2,[327],2,1},{'A',[351],3,[3],2,3,[327],2,0},{'A',[497],3,[85],2,1,[327],2,0},{'A',[3],2,[1],1,0,[1],1,1},{'A',[19],2,[5],1,2,[-1],1,0},{'A',[85],2,[5],1,0,[5],1,4},{'A',[327],2,[5],1,6,[7],1,0},{'R',[1],1,[1],0},{'A',[5],1,[1],0,0,[1],0,2},{'A',[7],1,[1],0,3,[-1],0,0}}
</graph>
<graph>
{{'R',[340],3,[85],2,2},{'A',[364],3,[3],2,3,[85],2,2},{'A',[301],3,[19],2,4,[-3],2,0},{'A',[469],3,[3],2,7,[85],2,0},{'A',[683],3,[3],2,0,[85],2,3},{'A',[3],2,[1],1,0,[1],1,1},{'A',[19],2,[5],1,2,[-1],1,0},{'A',[85],2,[5],1,0,[5],1,4},{'R',[1],1,[1],0},{'A',[5],1,[1],0,0,[1],0,2}}
</graph>
<merge>
620;364
</merge>
<merge>
102;469
</merge>
<merge>
351;340
</merge>
<merge>
497;301
</merge>
<merge>
666;683
</merge>