<graph>
{{'R',[928],3,[29],2,5},{'A',[91],3,[13],2,3,[-13],2,0},{'A',[103],3,[29],2,2,[-13],2,0},{'A',[687],3,[21],2,1,[645],2,0},{'A',[979],3,[13],2,0,[483],2,1},{'A',[13],2,[3],1,0,[5],1,1},{'A',[21],2,[3],1,3,[-3],1,0},{'A',[29],2,[3],1,3,[5],1,0},{'A',[483],2,[3],1,0,[15],1,5},{'A',[645],2,[5],1,0,[5],1,7},{'A',[3],1,[1],0,0,[1],0,1},{'A',[5],1,[1],0,0,[1],0,2},{'A',[15],1,[1],0,4,[-1],0,0}}
</graph>
<graph>
{{'A',[752],3,[13],2,5,[21],2,4},{'A',[970],3,[21],2,1,[29],2,5},{'A',[691],3,[13],2,4,[483],2,0},{'A',[697],3,[13],2,2,[645],2,0},{'A',[995],3,[29],2,0,[483],2,1},{'A',[13],2,[3],1,0,[5],1,1},{'A',[21],2,[3],1,3,[-3],1,0},{'A',[29],2,[3],1,3,[5],1,0},{'A',[483],2,[3],1,0,[15],1,5},{'A',[645],2,[5],1,0,[5],1,7},{'A',[3],1,[1],0,0,[1],0,1},{'A',[5],1,[1],0,0,[1],0,2},{'A',[15],1,[1],0,4,[-1],0,0}}
</graph>
<merge>
91;752
</merge>
<merge>
687;691
</merge>
<merge>
979;995
</merge>
<merge>
103;697
</merge>
<merge>
928;970
</merge>