Adder graph: {{'M',[32;1],1,[1;1],0,[5;0]},{'M',[1;4],1,[1;1],0,[0;2]},{'A',[30;-7],2,[32;1],1,0,[-1;-4],1,1},{'M',[128;-7],3,[1;1],0,[7;NaN],[30;-7],2,[NaN;0]},{'M',[30;-3584],3,[30;-7],2,[0;9]},{'A',[158;3577],4,[128;-7],3,0,[30;3584],3,0},{'M',[316;1],5,[1;1],0,[NaN;0],[158;3577],4,[1;NaN]},{'M',[1;-224],3,[1;1],0,[0;NaN],[30;-7],2,[NaN;5]},{'A',[314;449],6,[316;1],5,0,[-1;224],3,1},{'M',[240;449],7,[30;-7],2,[3;NaN],[314;449],6,[NaN;0]},{'M',[32;-7],3,[1;1],0,[5;NaN],[30;-7],2,[NaN;0]},{'A',[416;884],8,[240;449],7,1,[-32;-7],3,1},{'M',[158;-14],5,[30;-7],2,[NaN;1],[158;3577],4,[0;NaN]},{'M',[32;884],9,[1;1],0,[5;NaN],[416;884],8,[NaN;0]},{'A',[2592;-1992],10,[158;-14],5,4,[32;-884],9,1},{'M',[314;-112],7,[30;-7],2,[NaN;4],[314;449],6,[0;NaN]},{'M',[2592;8],11,[1;1],0,[NaN;3],[2592;-1992],10,[0;NaN]},{'A',[2906;-104],12,[314;-112],7,0,[2592;8],11,0},{'M',[1;1796],7,[1;1],0,[0;NaN],[314;449],6,[NaN;2]},{'M',[1264;449],7,[158;3577],4,[3;NaN],[314;449],6,[NaN;0]},{'A',[-1263;1347],8,[1;1796],7,0,[-1264;-449],7,0},{'M',[314;-1992],11,[314;449],6,[0;NaN],[2592;-1992],10,[NaN;0]},{'M',[3328;-7],9,[30;-7],2,[NaN;0],[416;884],8,[3;NaN]},{'A',[-2700;-3991],12,[314;-1992],11,1,[-3328;-7],9,0},{'M',[416;-104],13,[416;884],8,[0;NaN],[2906;-104],12,[NaN;0]},{'M',[30;2694],9,[30;-7],2,[0;NaN],[-1263;1347],8,[NaN;1]},{'A',[446;-2798],14,[416;-104],13,0,[30;-2694],9,0},{'M',[628;884],9,[314;449],6,[1;NaN],[416;884],8,[NaN;0]},{'O',[2512;3536],9,[628;884],9,2},{'M',[3568;1347],15,[-1263;1347],8,[NaN;0],[446;-2798],14,[3;NaN]},{'O',[3568;1347],15,[3568;1347],15,0},{'M',[2906;3577],13,[158;3577],4,[NaN;0],[2906;-104],12,[0;NaN]},{'O',[2906;3577],13,[2906;3577],13,0},{'M',[-2526;-3991],13,[-1263;1347],8,[1;NaN],[-2700;-3991],12,[NaN;0]},{'O',[2526;3991],13,[2526;3991],13,0},{'M',[-2700;-2798],15,[-2700;-3991],12,[0;NaN],[446;-2798],14,[NaN;0]},{'O',[2700;2798],15,[2700;2798],15,0}}
Adder graph: {{'M',[1;8],1,[1;1],0,[0;3]},{'M',[8;1],1,[1;1],0,[3;0]},{'A',[-7;7],2,[1;8],1,0,[-8;-1],1,0},{'M',[1;28],3,[1;1],0,[0;NaN],[-7;7],2,[NaN;2]},{'M',[1;112],3,[1;1],0,[0;NaN],[-7;7],2,[NaN;4]},{'A',[3;-196],4,[1;28],3,0,[1;-112],3,1},{'M',[3;7],5,[-7;7],2,[NaN;0],[3;-196],4,[0;NaN]},{'M',[-14;7],3,[-7;7],2,[1;0]},{'A',[227;-105],6,[3;7],5,0,[14;-7],3,4},{'M',[192;7],5,[-7;7],2,[NaN;0],[3;-196],4,[6;NaN]},{'M',[227;1],7,[1;1],0,[NaN;0],[227;-105],6,[0;NaN]},{'A',[157;13],8,[192;7],5,1,[-227;-1],7,0},{'M',[3;208],9,[3;-196],4,[0;NaN],[157;13],8,[NaN;4]},{'M',[5024;13],9,[157;13],8,[5;0]},{'A',[-5021;221],10,[3;208],9,0,[-5024;13],9,0},{'M',[-1792;7],3,[-7;7],2,[8;0]},{'M',[227;896],7,[-7;7],2,[NaN;7],[227;-105],6,[0;NaN]},{'A',[-2700;-3577],8,[-1792;7],3,0,[-227;-896],7,2},{'M',[16;-105],7,[1;1],0,[4;NaN],[227;-105],6,[NaN;0]},{'M',[-7;8],3,[1;1],0,[NaN;3],[-7;7],2,[0;NaN]},{'A',[-3568;3991],8,[16;-105],7,0,[-7;8],3,9},{'M',[-3568;-1568],9,[3;-196],4,[NaN;3],[-3568;3991],8,[0;NaN]},{'A',[-1453;-1347],11,[-5021;221],10,0,[3568;-1568],9,0},{'M',[2512;-1347],12,[157;13],8,[4;NaN],[-1453;-1347],11,[NaN;0]},{'M',[-7;26],9,[-7;7],2,[0;NaN],[157;13],8,[NaN;1]},{'A',[2526;-1399],13,[2512;-1347],12,0,[7;-26],9,1},{'M',[157;221],11,[157;13],8,[0;NaN],[-5021;221],10,[NaN;0]},{'O',[2512;3536],11,[157;221],11,4},{'M',[-3568;-1347],12,[-3568;3991],8,[0;NaN],[-1453;-1347],11,[NaN;0]},{'O',[3568;1347],12,[3568;1347],12,0},{'M',[-2906;-3577],12,[-2700;-3577],8,[NaN;0],[-1453;-1347],11,[1;NaN]},{'O',[2906;3577],12,[2906;3577],12,0},{'M',[2526;3991],14,[-3568;3991],8,[NaN;0],[2526;-1399],13,[0;NaN]},{'O',[2526;3991],14,[2526;3991],14,0},{'M',[-2700;-2798],14,[-2700;-3577],8,[0;NaN],[2526;-1399],13,[NaN;1]},{'O',[2700;2798],14,[2700;2798],14,0}}
Adder graph: {{'M',[1;8],1,[1;1],0,[0;3]},{'M',[8;1],1,[1;1],0,[3;0]},{'A',[-7;7],2,[1;8],1,0,[-8;-1],1,0},{'M',[-7;128],3,[1;1],0,[NaN;7],[-7;7],2,[0;NaN]},{'M',[4;7],3,[1;1],0,[2;NaN],[-7;7],2,[NaN;0]},{'A',[-40;996],4,[-7;128],3,3,[4;-7],3,2},{'M',[-7;112],3,[-7;7],2,[0;4]},{'M',[1;448],3,[1;1],0,[0;NaN],[-7;7],2,[NaN;6]},{'A',[-446;6272],4,[-7;112],3,6,[1;-448],3,1},{'M',[-1280;7],5,[-7;7],2,[NaN;0],[-40;996],4,[5;NaN]},{'M',[1;224],3,[1;1],0,[0;NaN],[-7;7],2,[NaN;5]},{'A',[-1296;-3577],6,[-1280;7],5,0,[-1;-224],3,4},{'M',[1;7],3,[1;1],0,[0;NaN],[-7;7],2,[NaN;0]},{'M',[-448;1],3,[1;1],0,[NaN;0],[-7;7],2,[6;NaN]},{'A',[450;13],4,[1;7],3,1,[448;-1],3,0},{'M',[450;832],5,[450;13],4,[0;6]},{'A',[-1350;884],6,[450;832],5,0,[-450;13],4,2},{'M',[-40;884],7,[-40;996],4,[0;NaN],[-1350;884],6,[NaN;0]},{'M',[-1296;6272],7,[-446;6272],4,[NaN;0],[-1296;-3577],6,[0;NaN]},{'A',[314;-1347],8,[-40;884],7,-2,[1296;-6272],7,-2},{'M',[314;996],9,[-40;996],4,[NaN;0],[314;-1347],8,[0;NaN]},{'A',[1263;3991],10,[314;996],9,2,[7;7],2,0},{'M',[-1296;-1347],9,[-1296;-3577],6,[0;NaN],[314;-1347],8,[NaN;0]},{'M',[314;104],9,[450;13],4,[NaN;3],[314;-1347],8,[0;NaN]},{'A',[-2906;-2798],10,[-1296;-1347],9,1,[-314;-104],9,0},{'M',[628;884],9,[-1350;884],6,[NaN;0],[314;-1347],8,[1;NaN]},{'O',[2512;3536],9,[628;884],9,2},{'M',[-3568;-1347],9,[-446;6272],4,[3;NaN],[314;-1347],8,[NaN;0]},{'O',[3568;1347],9,[3568;1347],9,0},{'M',[-2906;-3577],11,[-1296;-3577],6,[NaN;0],[-2906;-2798],10,[0;NaN]},{'O',[2906;3577],11,[2906;3577],11,0},{'M',[2526;3991],11,[1263;3991],10,[1;0]},{'O',[2526;3991],11,[2526;3991],11,0},{'M',[-2700;-2798],11,[-1350;884],6,[1;NaN],[-2906;-2798],10,[NaN;0]},{'O',[2700;2798],11,[2700;2798],11,0}}
Adder graph: {{'M',[1;8],1,[1;1],0,[0;3]},{'M',[64;1],1,[1;1],0,[6;0]},{'A',[-63;7],2,[1;8],1,0,[-64;-1],1,0},{'M',[1;14],3,[1;1],0,[0;NaN],[-63;7],2,[NaN;1]},{'A',[-95;455],4,[-63;7],2,0,[-1;14],3,5},{'M',[-2016;455],5,[-63;7],2,[5;NaN],[-95;455],4,[NaN;0]},{'A',[-2080;1351],6,[-2016;455],5,0,[-1;14],3,6},{'M',[128;7],3,[1;1],0,[7;NaN],[-63;7],2,[NaN;0]},{'M',[-63;2],3,[1;1],0,[NaN;1],[-63;7],2,[0;NaN]},{'A',[449;26],4,[128;7],3,2,[-63;-2],3,0},{'M',[-252;1351],7,[-63;7],2,[2;NaN],[-2080;1351],6,[NaN;0]},{'M',[-95;4],5,[1;1],0,[NaN;2],[-95;455],4,[0;NaN]},{'A',[-157;1347],8,[-252;1351],7,0,[95;-4],5,0},{'M',[-157;52],9,[449;26],4,[NaN;1],[-157;1347],8,[0;NaN]},{'A',[223;-1768],10,[-157;52],9,0,[95;-455],4,2},{'M',[898;7],5,[-63;7],2,[NaN;0],[449;26],4,[1;NaN]},{'M',[223;3584],11,[-63;7],2,[NaN;9],[223;-1768],10,[0;NaN]},{'A',[675;-3577],12,[898;7],5,0,[-223;-3584],11,0},{'M',[-2080;-3536],11,[-2080;1351],6,[0;NaN],[223;-1768],10,[NaN;1]},{'M',[446;455],11,[-95;455],4,[NaN;0],[223;-1768],10,[1;NaN]},{'A',[-2526;-3991],12,[-2080;-3536],11,0,[-446;-455],11,0},{'M',[-190;26],5,[-95;455],4,[1;NaN],[449;26],4,[NaN;0]},{'M',[-2526;1347],13,[-157;1347],8,[NaN;0],[-2526;-3991],12,[0;NaN]},{'A',[-2906;1399],14,[-190;26],5,1,[-2526;1347],13,0},{'M',[-1256;-1768],11,[-157;1347],8,[3;NaN],[223;-1768],10,[NaN;0]},{'O',[2512;3536],11,[1256;1768],11,1},{'M',[3568;1347],11,[-157;1347],8,[NaN;0],[223;-1768],10,[4;NaN]},{'O',[3568;1347],11,[3568;1347],11,0},{'M',[-2906;-3577],15,[675;-3577],12,[NaN;0],[-2906;1399],14,[0;NaN]},{'O',[2906;3577],15,[2906;3577],15,0},{'O',[2526;3991],12,[2526;3991],12,0},{'M',[1350;1399],15,[675;-3577],12,[1;NaN],[-2906;1399],14,[NaN;0]},{'O',[2700;2798],15,[1350;1399],15,1}}
Adder graph: {{'M',[4;1],1,[1;1],0,[2;0]},{'A',[33;7],2,[4;1],1,3,[1;-1],0,0},{'M',[256;1],1,[1;1],0,[8;0]},{'A',[190;-13],3,[256;1],1,0,[-33;-7],2,1},{'M',[33;-3328],4,[33;7],2,[0;NaN],[190;-13],3,[NaN;8]},{'M',[16;-13],4,[1;1],0,[4;NaN],[190;-13],3,[NaN;0]},{'A',[-223;-3536],5,[33;-3328],4,0,[-16;-13],4,4},{'M',[2;1],1,[1;1],0,[1;0]},{'M',[2;7],3,[1;1],0,[1;NaN],[33;7],2,[NaN;0]},{'A',[130;449],4,[2;1],1,0,[2;7],3,6},{'M',[1040;7],5,[33;7],2,[NaN;0],[130;449],4,[3;NaN]},{'A',[-1263;-3543],6,[-223;-3536],5,0,[-1040;-7],5,0},{'M',[-223;449],6,[-223;-3536],5,[0;NaN],[130;449],4,[NaN;0]},{'M',[33;898],5,[33;7],2,[0;NaN],[130;449],4,[NaN;1]},{'A',[-157;-1347],7,[-223;449],6,0,[33;-898],5,1},{'M',[190;3584],4,[33;7],2,[NaN;9],[190;-13],3,[0;NaN]},{'M',[-1263;7],7,[33;7],2,[NaN;0],[-1263;-3543],6,[0;NaN]},{'A',[1453;3577],8,[190;3584],4,0,[1263;-7],7,0},{'M',[130;-13],5,[190;-13],3,[NaN;0],[130;449],4,[0;NaN]},{'A',[-677;-1399],8,[-157;-1347],7,0,[-130;-13],5,2},{'M',[4;-3543],7,[1;1],0,[2;NaN],[-1263;-3543],6,[NaN;0]},{'M',[-677;224],9,[33;7],2,[NaN;5],[-677;-1399],8,[0;NaN]},{'A',[-1350;-3991],10,[4;-3543],7,0,[-677;-224],9,1},{'M',[-2512;-3536],8,[-223;-3536],5,[NaN;0],[-157;-1347],7,[4;NaN]},{'O',[2512;3536],8,[2512;3536],8,0},{'M',[-3568;-1347],8,[-223;-3536],5,[4;NaN],[-157;-1347],7,[NaN;0]},{'O',[3568;1347],8,[3568;1347],8,0},{'M',[2906;3577],9,[1453;3577],8,[1;0]},{'O',[2906;3577],9,[2906;3577],9,0},{'M',[-2526;-3991],11,[-1263;-3543],6,[1;NaN],[-1350;-3991],10,[NaN;0]},{'O',[2526;3991],11,[2526;3991],11,0},{'M',[-1350;-1399],11,[-677;-1399],8,[NaN;0],[-1350;-3991],10,[0;NaN]},{'O',[2700;2798],11,[1350;1399],11,1}}
Finished solving after 15472.5 seconds
Adder graph: {{'M',[4;1],1,[1;1],0,[2;0]},{'A',[33;7],2,[4;1],1,3,[1;-1],0,0},{'M',[256;1],1,[1;1],0,[8;0]},{'A',[190;-13],3,[256;1],1,0,[-33;-7],2,1},{'M',[33;-3328],4,[33;7],2,[0;NaN],[190;-13],3,[NaN;8]},{'M',[16;-13],4,[1;1],0,[4;NaN],[190;-13],3,[NaN;0]},{'A',[-223;-3536],5,[33;-3328],4,0,[-16;-13],4,4},{'M',[2;1],1,[1;1],0,[1;0]},{'M',[2;7],3,[1;1],0,[1;NaN],[33;7],2,[NaN;0]},{'A',[130;449],4,[2;1],1,0,[2;7],3,6},{'M',[1040;7],5,[33;7],2,[NaN;0],[130;449],4,[3;NaN]},{'A',[-1263;-3543],6,[-223;-3536],5,0,[-1040;-7],5,0},{'M',[-223;449],6,[-223;-3536],5,[0;NaN],[130;449],4,[NaN;0]},{'M',[33;898],5,[33;7],2,[0;NaN],[130;449],4,[NaN;1]},{'A',[-157;-1347],7,[-223;449],6,0,[33;-898],5,1},{'M',[190;3584],4,[33;7],2,[NaN;9],[190;-13],3,[0;NaN]},{'M',[-1263;7],7,[33;7],2,[NaN;0],[-1263;-3543],6,[0;NaN]},{'A',[1453;3577],8,[190;3584],4,0,[1263;-7],7,0},{'M',[130;-13],5,[190;-13],3,[NaN;0],[130;449],4,[0;NaN]},{'A',[-677;-1399],8,[-157;-1347],7,0,[-130;-13],5,2},{'M',[4;-3543],7,[1;1],0,[2;NaN],[-1263;-3543],6,[NaN;0]},{'M',[-677;224],9,[33;7],2,[NaN;5],[-677;-1399],8,[0;NaN]},{'A',[-1350;-3991],10,[4;-3543],7,0,[-677;-224],9,1},{'M',[-2512;-3536],8,[-223;-3536],5,[NaN;0],[-157;-1347],7,[4;NaN]},{'O',[2512;3536],8,[2512;3536],8,0},{'M',[-3568;-1347],8,[-223;-3536],5,[4;NaN],[-157;-1347],7,[NaN;0]},{'O',[3568;1347],8,[3568;1347],8,0},{'M',[2906;3577],9,[1453;3577],8,[1;0]},{'O',[2906;3577],9,[2906;3577],9,0},{'M',[-2526;-3991],11,[-1263;-3543],6,[1;NaN],[-1350;-3991],10,[NaN;0]},{'O',[2526;3991],11,[2526;3991],11,0},{'M',[-1350;-1399],11,[-677;-1399],8,[NaN;0],[-1350;-3991],10,[0;NaN]},{'O',[2700;2798],11,[1350;1399],11,1}}
# Add optimal = 0
# Mux optimal = 0
# FAs optimal = 0
