Adder graph: {{'M',[4;1],1,[1;1],0,[2;0]},{'M',[1;128],1,[1;1],0,[0;7]},{'A',[3;-127],2,[4;1],1,0,[-1;-128],1,0},{'M',[24;1],3,[1;1],0,[NaN;0],[3;-127],2,[3;NaN]},{'M',[3;32],3,[1;1],0,[NaN;5],[3;-127],2,[0;NaN]},{'A',[18;-63],4,[24;1],3,0,[-3;-32],3,1},{'M',[96;1],3,[1;1],0,[NaN;0],[3;-127],2,[5;NaN]},{'M',[1;512],1,[1;1],0,[0;9]},{'A',[95;-511],4,[96;1],3,0,[-1;-512],1,0},{'M',[144;-63],5,[18;-63],4,[3;0]},{'M',[95;-504],5,[18;-63],4,[NaN;3],[95;-511],4,[0;NaN]},{'A',[49;441],6,[144;-63],5,0,[-95;504],5,0},{'M',[95;4],5,[1;1],0,[NaN;2],[95;-511],4,[0;NaN]},{'M',[1152;441],7,[18;-63],4,[6;NaN],[49;441],6,[NaN;0]},{'A',[-1057;-437],8,[95;4],5,0,[-1152;-441],7,0},{'M',[3;3528],7,[3;-127],2,[0;NaN],[49;441],6,[NaN;3]},{'M',[1536;-437],9,[3;-127],2,[9;NaN],[-1057;-437],8,[NaN;0]},{'A',[-1533;3965],10,[3;3528],7,0,[-1536;437],9,0},{'M',[760;-511],5,[95;-511],4,[3;0]},{'M',[-1533;2048],11,[1;1],0,[NaN;11],[-1533;3965],10,[0;NaN]},{'A',[-773;1537],12,[760;-511],5,0,[-1533;2048],11,0},{'M',[3136;-437],9,[49;441],6,[6;NaN],[-1057;-437],8,[NaN;0]},{'M',[18;32],5,[1;1],0,[NaN;5],[18;-63],4,[0;NaN]},{'A',[3154;-405],10,[3136;-437],9,0,[18;32],5,0},{'M',[3154;882],11,[49;441],6,[NaN;1],[3154;-405],10,[0;NaN]},{'O',[3154;882],11,[3154;882],11,0},{'M',[392;3965],11,[49;441],6,[3;NaN],[-1533;3965],10,[NaN;0]},{'O',[392;3965],11,[392;3965],11,0},{'M',[-2114;-127],9,[3;-127],2,[NaN;0],[-1057;-437],8,[1;NaN]},{'O',[2114;127],9,[2114;127],9,0},{'M',[95;3074],13,[95;-511],4,[0;NaN],[-773;1537],12,[NaN;1]},{'O',[95;3074],13,[95;3074],13,0},{'M',[-3092;-405],13,[-773;1537],12,[2;NaN],[3154;-405],10,[NaN;0]},{'O',[3092;405],13,[3092;405],13,0}}
Adder graph: {{'M',[8;1],1,[1;1],0,[3;0]},{'M',[1;128],1,[1;1],0,[0;7]},{'A',[9;-127],2,[8;1],1,0,[1;-128],1,0},{'M',[18;-127],3,[9;-127],2,[1;0]},{'M',[8;-127],3,[1;1],0,[3;NaN],[9;-127],2,[NaN;0]},{'A',[50;381],4,[18;-127],3,0,[8;127],3,2},{'M',[50;4],5,[1;1],0,[NaN;2],[50;381],4,[0;NaN]},{'A',[49;3],6,[50;4],5,0,[-1;-1],0,0},{'M',[18;381],5,[9;-127],2,[1;NaN],[50;381],4,[NaN;0]},{'A',[374;405],7,[49;3],6,3,[-18;381],5,0},{'M',[144;1],3,[1;1],0,[NaN;0],[9;-127],2,[4;NaN]},{'M',[49;8],7,[1;1],0,[NaN;3],[49;3],6,[0;NaN]},{'A',[95;-7],8,[144;1],3,0,[-49;-8],7,0},{'M',[1568;-7],9,[49;3],6,[5;NaN],[95;-7],8,[NaN;0]},{'M',[9;-448],9,[9;-127],2,[0;NaN],[95;-7],8,[NaN;6]},{'A',[3154;882],10,[1568;-7],9,1,[9;448],9,1},{'M',[95;381],9,[50;381],4,[NaN;0],[95;-7],8,[0;NaN]},{'M',[9;-28],9,[9;-127],2,[0;NaN],[95;-7],8,[NaN;2]},{'A',[-1057;3965],10,[95;381],9,0,[-9;28],9,7},{'M',[1496;1],8,[1;1],0,[NaN;0],[374;405],7,[2;NaN]},{'M',[50;1536],7,[50;381],4,[0;NaN],[49;3],6,[NaN;9]},{'A',[1546;1537],9,[1496;1],8,0,[50;1536],7,0},{'O',[3154;882],10,[3154;882],10,0},{'M',[392;3965],11,[49;3],6,[3;NaN],[-1057;3965],10,[NaN;0]},{'O',[392;3965],11,[392;3965],11,0},{'M',[-2114;-127],11,[9;-127],2,[NaN;0],[-1057;3965],10,[1;NaN]},{'O',[2114;127],11,[2114;127],11,0},{'M',[95;3074],10,[95;-7],8,[0;NaN],[1546;1537],9,[NaN;1]},{'O',[95;3074],10,[95;3074],10,0},{'M',[3092;405],10,[374;405],7,[NaN;0],[1546;1537],9,[1;NaN]},{'O',[3092;405],10,[3092;405],10,0}}
Adder graph: {{'M',[4;1],1,[1;1],0,[2;0]},{'A',[33;7],2,[4;1],1,3,[1;-1],0,0},{'M',[1;7],3,[1;1],0,[0;NaN],[33;7],2,[NaN;0]},{'M',[33;224],3,[33;7],2,[0;5]},{'A',[-65;-441],4,[1;7],3,0,[-33;-224],3,1},{'M',[-65;2048],5,[1;1],0,[NaN;11],[-65;-441],4,[0;NaN]},{'M',[64;1],1,[1;1],0,[6;0]},{'A',[-193;2050],6,[-65;2048],5,0,[-64;1],1,1},{'M',[-3088;2050],7,[-193;2050],6,[4;0]},{'M',[33;512],3,[1;1],0,[NaN;9],[33;7],2,[0;NaN]},{'A',[-3154;3074],8,[-3088;2050],7,0,[-33;512],3,1},{'M',[-65;128],5,[1;1],0,[NaN;7],[-65;-441],4,[0;NaN]},{'A',[-98;135],6,[-65;128],5,0,[-33;7],2,0},{'M',[-193;32],7,[1;1],0,[NaN;5],[-193;2050],6,[0;NaN]},{'A',[-773;127],8,[-193;32],7,2,[-1;-1],0,0},{'M',[-193;540],7,[-193;2050],6,[0;NaN],[-98;135],6,[NaN;2]},{'A',[95;-405],8,[-98;135],6,0,[193;-540],7,0},{'M',[1056;135],7,[33;7],2,[5;NaN],[-98;135],6,[NaN;0]},{'M',[1;4100],7,[1;1],0,[0;NaN],[-193;2050],6,[NaN;1]},{'A',[1057;-3965],8,[1056;135],7,0,[1;-4100],7,0},{'M',[-3154;-882],9,[-65;-441],4,[NaN;1],[-3154;3074],8,[0;NaN]},{'O',[3154;882],9,[3154;882],9,0},{'M',[-392;-3965],9,[-98;135],6,[2;NaN],[1057;-3965],8,[NaN;0]},{'O',[392;3965],9,[392;3965],9,0},{'M',[2114;127],9,[-773;127],8,[NaN;0],[1057;-3965],8,[1;NaN]},{'O',[2114;127],9,[2114;127],9,0},{'M',[95;3074],9,[-3154;3074],8,[NaN;0],[95;-405],8,[0;NaN]},{'O',[95;3074],9,[95;3074],9,0},{'M',[-3092;-405],9,[-773;127],8,[2;NaN],[95;-405],8,[NaN;0]},{'O',[3092;405],9,[3092;405],9,0}}
Adder graph: {{'M',[1;8],1,[1;1],0,[0;3]},{'A',[-3;12],2,[1;8],1,0,[-1;1],0,2},{'M',[-3;1],3,[1;1],0,[NaN;0],[-3;12],2,[0;NaN]},{'A',[385;-127],4,[1;1],0,0,[3;-1],3,7},{'M',[1;16],1,[1;1],0,[0;4]},{'M',[-24;1],3,[1;1],0,[NaN;0],[-3;12],2,[3;NaN]},{'A',[49;14],4,[1;16],1,0,[24;-1],3,1},{'M',[49;1],5,[1;1],0,[NaN;0],[49;14],4,[0;NaN]},{'M',[-3;3072],3,[-3;12],2,[0;8]},{'A',[95;3074],6,[49;1],5,1,[-3;3072],3,0},{'M',[-6;-127],5,[-3;12],2,[1;NaN],[385;-127],4,[NaN;0]},{'M',[-3;-127],5,[-3;12],2,[0;NaN],[385;-127],4,[NaN;0]},{'A',[-18;381],6,[-6;-127],5,0,[-3;127],5,2},{'M',[770;12],5,[-3;12],2,[NaN;0],[385;-127],4,[1;NaN]},{'M',[-6;381],7,[-3;12],2,[1;NaN],[-18;381],6,[NaN;0]},{'A',[1546;405],8,[770;12],5,1,[6;381],7,0},{'M',[95;381],7,[95;3074],6,[0;NaN],[-18;381],6,[NaN;0]},{'M',[-18;56],7,[49;14],4,[NaN;2],[-18;381],6,[0;NaN]},{'A',[-1057;3965],8,[95;381],7,0,[-18;56],7,6},{'M',[-18;14],7,[49;14],4,[NaN;0],[-18;381],6,[0;NaN]},{'A',[-3154;-882],8,[-18;14],7,0,[-49;-14],4,6},{'O',[3154;882],8,[3154;882],8,0},{'M',[392;3965],9,[49;14],4,[3;NaN],[-1057;3965],8,[NaN;0]},{'O',[392;3965],9,[392;3965],9,0},{'M',[-2114;-127],9,[385;-127],4,[NaN;0],[-1057;3965],8,[1;NaN]},{'O',[2114;127],9,[2114;127],9,0},{'O',[95;3074],6,[95;3074],6,0},{'M',[3092;405],9,[1546;405],8,[1;0]},{'O',[3092;405],9,[3092;405],9,0}}
Adder graph: {{'M',[1;2],1,[1;1],0,[0;1]},{'A',[65;-127],2,[1;1],0,0,[1;-2],1,6},{'M',[1;128],1,[1;1],0,[0;7]},{'A',[33;3969],3,[65;-127],2,0,[-1;128],1,5},{'M',[65;64],3,[1;1],0,[NaN;6],[65;-127],2,[0;NaN]},{'M',[128;1],1,[1;1],0,[7;0]},{'A',[392;513],4,[65;64],3,3,[-128;1],1,0},{'M',[1;4],1,[1;1],0,[0;2]},{'A',[-31;36],2,[1;4],1,0,[-1;1],0,5},{'M',[-992;513],5,[392;513],4,[NaN;0],[-31;36],2,[5;NaN]},{'M',[65;1024],3,[1;1],0,[NaN;10],[65;-127],2,[0;NaN]},{'A',[-2114;3074],6,[-992;513],5,1,[-65;1024],3,1},{'M',[1040;513],5,[65;-127],2,[4;NaN],[392;513],4,[NaN;0]},{'M',[-2114;72],7,[-31;36],2,[NaN;1],[-2114;3074],6,[0;NaN]},{'A',[3154;441],8,[1040;513],5,0,[2114;-72],7,0},{'M',[-62;36],3,[-31;36],2,[1;0]},{'A',[3092;405],9,[3154;441],8,0,[-62;-36],3,0},{'M',[-31;2],3,[1;1],0,[NaN;1],[-31;36],2,[0;NaN]},{'A',[95;3965],4,[33;3969],3,0,[31;-2],3,1},{'M',[3154;882],9,[3154;441],8,[0;1]},{'O',[3154;882],9,[3154;882],9,0},{'M',[392;3965],5,[392;513],4,[0;NaN],[95;3965],4,[NaN;0]},{'O',[392;3965],5,[392;3965],5,0},{'M',[-2114;-127],7,[65;-127],2,[NaN;0],[-2114;3074],6,[0;NaN]},{'O',[2114;127],7,[2114;127],7,0},{'M',[95;3074],7,[-2114;3074],6,[NaN;0],[95;3965],4,[0;NaN]},{'O',[95;3074],7,[95;3074],7,0},{'O',[3092;405],9,[3092;405],9,0}}
Adder graph: {{'A',[9;7],1,[1;1],0,3,[1;-1],0,0},{'M',[1;128],1,[1;1],0,[0;7]},{'M',[32;1],1,[1;1],0,[5;0]},{'A',[-31;127],2,[1;128],1,0,[-32;-1],1,0},{'M',[9;1],2,[1;1],0,[NaN;0],[9;7],1,[0;NaN]},{'M',[-31;8],3,[1;1],0,[NaN;3],[-31;127],2,[0;NaN]},{'A',[98;-12],4,[9;1],2,2,[31;-8],3,1},{'M',[16;127],3,[1;1],0,[4;NaN],[-31;127],2,[NaN;0]},{'A',[-95;-381],4,[-31;127],2,0,[-16;-127],3,2},{'M',[-95;224],5,[9;7],1,[NaN;5],[-95;-381],4,[0;NaN]},{'A',[-181;441],6,[-95;224],5,1,[9;-7],1,0},{'M',[9;28],2,[9;7],1,[0;2]},{'A',[1057;3965],5,[9;28],2,7,[-95;381],4,0},{'M',[-2896;-381],7,[-95;-381],4,[NaN;0],[-181;441],6,[4;NaN]},{'A',[-3092;-405],8,[-2896;-381],7,0,[-98;-12],4,1},{'M',[98;-48],5,[98;-12],4,[0;2]},{'M',[18;1],2,[1;1],0,[NaN;0],[9;7],1,[1;NaN]},{'A',[3154;-1537],6,[98;-48],5,5,[18;-1],2,0},{'M',[3154;882],7,[-181;441],6,[NaN;1],[3154;-1537],6,[0;NaN]},{'O',[3154;882],7,[3154;882],7,0},{'M',[392;3965],6,[98;-12],4,[2;NaN],[1057;3965],5,[NaN;0]},{'O',[392;3965],6,[392;3965],6,0},{'M',[2114;127],6,[-31;127],2,[NaN;0],[1057;3965],5,[1;NaN]},{'O',[2114;127],6,[2114;127],6,0},{'M',[-95;-3074],7,[-95;-381],4,[0;NaN],[3154;-1537],6,[NaN;1]},{'O',[95;3074],7,[95;3074],7,0},{'O',[3092;405],8,[3092;405],8,0}}
Adder graph: {{'M',[16;1],1,[1;1],0,[4;0]},{'M',[1;2048],1,[1;1],0,[0;11]},{'A',[33;2050],2,[16;1],1,1,[1;2048],1,0},{'M',[512;1],1,[1;1],0,[9;0]},{'A',[520;-7],2,[512;1],1,0,[1;-1],0,3},{'M',[16;-7],3,[1;1],0,[4;NaN],[520;-7],2,[NaN;0]},{'A',[3088;882],4,[520;-7],2,1,[16;7],3,7},{'A',[392;-135],3,[520;-7],2,0,[-1;-1],0,7},{'M',[33;1],3,[1;1],0,[NaN;0],[33;2050],2,[0;NaN]},{'A',[95;127],4,[1;1],0,7,[-33;-1],3,0},{'M',[3088;-135],5,[3088;882],4,[0;NaN],[392;-135],3,[NaN;0]},{'M',[1;-135],4,[1;1],0,[0;NaN],[392;-135],3,[NaN;0]},{'A',[3092;405],6,[3088;-135],5,0,[1;135],4,2},{'A',[3154;3965],6,[33;2050],2,1,[3088;-135],5,0},{'A',[1057;3074],3,[1;1],0,10,[33;2050],2,0},{'M',[3154;882],7,[3088;882],4,[NaN;0],[3154;3965],6,[0;NaN]},{'O',[3154;882],7,[3154;882],7,0},{'M',[392;3965],7,[392;-135],3,[0;NaN],[3154;3965],6,[NaN;0]},{'O',[392;3965],7,[392;3965],7,0},{'M',[2114;127],5,[95;127],4,[NaN;0],[1057;3074],3,[1;NaN]},{'O',[2114;127],5,[2114;127],5,0},{'M',[95;3074],5,[95;127],4,[0;NaN],[1057;3074],3,[NaN;0]},{'O',[95;3074],5,[95;3074],5,0},{'O',[3092;405],6,[3092;405],6,0}}
Adder graph: {{'A',[9;7],1,[1;1],0,3,[1;-1],0,0},{'M',[1;8],1,[1;1],0,[0;3]},{'A',[-31;-255],2,[1;1],0,0,[-1;-8],1,5},{'M',[1;2],1,[1;1],0,[0;1]},{'A',[95;-127],3,[1;2],1,6,[31;-255],2,0},{'A',[585;441],2,[9;7],1,6,[9;-7],1,0},{'M',[-248;1],3,[1;1],0,[NaN;0],[-31;-255],2,[3;NaN]},{'A',[1577;437],4,[585;441],2,0,[248;-1],3,2},{'M',[1152;437],5,[9;7],1,[7;NaN],[1577;437],4,[NaN;0]},{'M',[95;441],4,[95;-127],3,[0;NaN],[585;441],2,[NaN;0]},{'A',[392;3965],6,[1152;437],5,0,[-95;441],4,3},{'M',[190;-255],4,[-31;-255],2,[NaN;0],[95;-127],3,[1;NaN]},{'A',[-2114;1537],5,[190;-255],4,0,[-9;7],1,8},{'M',[-31;32],3,[1;1],0,[NaN;5],[-31;-255],2,[0;NaN]},{'A',[1546;405],5,[1577;437],4,0,[-31;-32],3,0},{'M',[1577;441],5,[585;441],2,[NaN;0],[1577;437],4,[0;NaN]},{'O',[3154;882],5,[1577;441],5,1},{'O',[392;3965],6,[392;3965],6,0},{'M',[-2114;-127],6,[95;-127],3,[NaN;0],[-2114;1537],5,[0;NaN]},{'O',[2114;127],6,[2114;127],6,0},{'M',[95;3074],6,[95;-127],3,[0;NaN],[-2114;1537],5,[NaN;1]},{'O',[95;3074],6,[95;3074],6,0},{'M',[3092;405],6,[1546;405],5,[1;0]},{'O',[3092;405],6,[3092;405],6,0}}
Finished solving after 14436.3 seconds
Adder graph: {{'A',[9;7],1,[1;1],0,3,[1;-1],0,0},{'M',[1;8],1,[1;1],0,[0;3]},{'A',[-31;-255],2,[1;1],0,0,[-1;-8],1,5},{'M',[1;2],1,[1;1],0,[0;1]},{'A',[95;-127],3,[1;2],1,6,[31;-255],2,0},{'A',[585;441],2,[9;7],1,6,[9;-7],1,0},{'M',[-248;1],3,[1;1],0,[NaN;0],[-31;-255],2,[3;NaN]},{'A',[1577;437],4,[585;441],2,0,[248;-1],3,2},{'M',[1152;437],5,[9;7],1,[7;NaN],[1577;437],4,[NaN;0]},{'M',[95;441],4,[95;-127],3,[0;NaN],[585;441],2,[NaN;0]},{'A',[392;3965],6,[1152;437],5,0,[-95;441],4,3},{'M',[190;-255],4,[-31;-255],2,[NaN;0],[95;-127],3,[1;NaN]},{'A',[-2114;1537],5,[190;-255],4,0,[-9;7],1,8},{'M',[-31;32],3,[1;1],0,[NaN;5],[-31;-255],2,[0;NaN]},{'A',[1546;405],5,[1577;437],4,0,[-31;-32],3,0},{'M',[1577;441],5,[585;441],2,[NaN;0],[1577;437],4,[0;NaN]},{'O',[3154;882],5,[1577;441],5,1},{'O',[392;3965],6,[392;3965],6,0},{'M',[-2114;-127],6,[95;-127],3,[NaN;0],[-2114;1537],5,[0;NaN]},{'O',[2114;127],6,[2114;127],6,0},{'M',[95;3074],6,[95;-127],3,[0;NaN],[-2114;1537],5,[NaN;1]},{'O',[95;3074],6,[95;3074],6,0},{'M',[3092;405],6,[1546;405],5,[1;0]},{'O',[3092;405],6,[3092;405],6,0}}
# Add optimal = 0
# Mux optimal = 0
# FAs optimal = 0
