Adder graph: {{'M',[128;1],1,[1;1],0,[7;0]},{'A',[513;5],2,[1;1],0,0,[128;1],1,2},{'M',[8;5],3,[1;1],0,[3;NaN],[513;5],2,[NaN;0]},{'M',[1;128],1,[1;1],0,[0;7]},{'A',[7;133],4,[8;5],3,0,[-1;128],1,0},{'M',[64;5],3,[1;1],0,[6;NaN],[513;5],2,[NaN;0]},{'M',[7;320],5,[513;5],2,[NaN;6],[7;133],4,[0;NaN]},{'A',[71;325],6,[64;5],3,0,[7;320],5,0},{'M',[2272;133],7,[7;133],4,[NaN;0],[71;325],6,[5;NaN]},{'M',[7;20],5,[513;5],2,[NaN;2],[7;133],4,[0;NaN]},{'A',[2265;113],8,[2272;133],7,0,[-7;-20],5,0},{'M',[1026;325],7,[513;5],2,[1;NaN],[71;325],6,[NaN;0]},{'M',[71;1],7,[1;1],0,[NaN;0],[71;325],6,[0;NaN]},{'A',[1594;333],8,[1026;325],7,0,[71;1],7,3},{'M',[513;266],5,[513;5],2,[0;NaN],[7;133],4,[NaN;1]},{'M',[56;113],9,[7;133],4,[3;NaN],[2265;113],8,[NaN;0]},{'A',[1409;-1542],10,[513;266],5,0,[56;-113],9,4},{'M',[71;532],7,[7;133],4,[NaN;2],[71;325],6,[0;NaN]},{'A',[141;1065],8,[71;532],7,1,[-1;1],0,0},{'M',[141;32],9,[1;1],0,[NaN;5],[141;1065],8,[0;NaN]},{'M',[4104;113],9,[513;5],2,[3;NaN],[2265;113],8,[NaN;0]},{'A',[-1848;625],10,[141;32],9,4,[-4104;113],9,0},{'M',[282;333],9,[1594;333],8,[NaN;0],[141;1065],8,[1;NaN]},{'M',[1594;80],9,[513;5],2,[NaN;4],[1594;333],8,[0;NaN]},{'A',[3470;173],10,[282;333],9,0,[1594;-80],9,1},{'M',[3470;2130],11,[141;1065],8,[NaN;1],[3470;173],10,[0;NaN]},{'O',[3470;2130],11,[3470;2130],11,0},{'M',[2818;173],11,[1409;-1542],10,[1;NaN],[3470;173],10,[NaN;0]},{'O',[2818;173],11,[2818;173],11,0},{'M',[1594;650],9,[71;325],6,[NaN;1],[1594;333],8,[0;NaN]},{'O',[1594;650],9,[1594;650],9,0},{'M',[-1848;-1542],11,[1409;-1542],10,[NaN;0],[-1848;625],10,[0;NaN]},{'O',[1848;1542],11,[1848;1542],11,0},{'M',[2265;625],11,[2265;113],8,[0;NaN],[-1848;625],10,[NaN;0]},{'O',[2265;625],11,[2265;625],11,0}}
Adder graph: {{'M',[2;1],1,[1;1],0,[1;0]},{'A',[-7;-3],2,[1;1],0,0,[-2;-1],1,2},{'M',[-7;-24],3,[-7;-3],2,[0;3]},{'A',[-231;-771],4,[-7;-3],2,0,[-7;-24],3,5},{'M',[-112;1],3,[1;1],0,[NaN;0],[-7;-3],2,[4;NaN]},{'M',[1;16],1,[1;1],0,[0;4]},{'A',[-113;-15],4,[-112;1],3,0,[-1;-16],1,0},{'M',[512;-15],5,[1;1],0,[9;NaN],[-113;-15],4,[NaN;0]},{'M',[-113;128],5,[1;1],0,[NaN;7],[-113;-15],4,[0;NaN]},{'A',[399;113],6,[512;-15],5,0,[-113;128],5,0},{'A',[-367;625],7,[1;16],1,5,[-399;113],6,0},{'M',[-113;-771],5,[-231;-771],4,[NaN;0],[-113;-15],4,[0;NaN]},{'M',[-231;113],7,[-231;-771],4,[0;NaN],[399;113],6,[NaN;0]},{'A',[3470;266],8,[-113;-771],5,1,[231;113],7,4},{'M',[798;266],9,[399;113],6,[1;NaN],[3470;266],8,[NaN;0]},{'M',[1;-384],3,[1;1],0,[0;NaN],[-7;-3],2,[NaN;7]},{'A',[797;650],10,[798;266],9,0,[-1;384],3,0},{'M',[797;-60],11,[-113;-15],4,[NaN;2],[797;650],10,[0;NaN]},{'M',[-1468;113],8,[399;113],6,[NaN;0],[-367;625],7,[2;NaN]},{'A',[2265;-173],12,[797;-60],11,0,[1468;-113],8,0},{'M',[399;1064],9,[399;113],6,[0;NaN],[3470;266],8,[NaN;2]},{'M',[-1808;1],5,[1;1],0,[NaN;0],[-113;-15],4,[4;NaN]},{'A',[-2818;2130],10,[399;1064],9,1,[-1808;1],5,1},{'M',[3470;2130],11,[3470;266],8,[0;NaN],[-2818;2130],10,[NaN;0]},{'O',[3470;2130],11,[3470;2130],11,0},{'M',[-2818;-173],13,[2265;-173],12,[NaN;0],[-2818;2130],10,[0;NaN]},{'O',[2818;173],13,[2818;173],13,0},{'M',[1594;650],11,[797;650],10,[1;0]},{'O',[1594;650],11,[1594;650],11,0},{'M',[-924;-771],5,[-231;-771],4,[2;0]},{'O',[1848;1542],5,[924;771],5,1},{'M',[2265;625],13,[-367;625],7,[NaN;0],[2265;-173],12,[0;NaN]},{'O',[2265;625],13,[2265;625],13,0}}
Adder graph: {{'M',[2;1],1,[1;1],0,[1;0]},{'A',[-7;5],2,[1;1],0,0,[-2;1],1,2},{'M',[-7;10],3,[-7;5],2,[0;1]},{'M',[128;5],3,[1;1],0,[7;NaN],[-7;5],2,[NaN;0]},{'A',[-704;630],4,[-7;10],3,6,[-128;-5],3,1},{'M',[-704;40],5,[-7;5],2,[NaN;3],[-704;630],4,[0;NaN]},{'A',[-1409;79],6,[-704;40],5,1,[-1;-1],0,0},{'M',[-7;64],3,[1;1],0,[NaN;6],[-7;5],2,[0;NaN]},{'M',[-224;79],7,[-7;5],2,[5;NaN],[-1409;79],6,[NaN;0]},{'A',[217;143],8,[-7;64],3,0,[224;79],7,0},{'M',[434;143],9,[217;143],8,[1;0]},{'M',[-7;79],7,[-7;5],2,[0;NaN],[-1409;79],6,[NaN;0]},{'A',[462;-173],10,[434;143],9,0,[7;-79],7,2},{'M',[128;630],5,[1;1],0,[7;NaN],[-704;630],4,[NaN;0]},{'M',[1;5],3,[1;1],0,[0;NaN],[-7;5],2,[NaN;0]},{'A',[127;625],6,[128;630],5,0,[-1;-5],3,0},{'M',[32;5],3,[1;1],0,[5;NaN],[-7;5],2,[NaN;0]},{'M',[217;5],9,[-7;5],2,[NaN;0],[217;143],8,[0;NaN]},{'A',[2265;325],10,[32;5],3,6,[217;5],9,0},{'M',[1;79],7,[1;1],0,[0;NaN],[-1409;79],6,[NaN;0]},{'A',[-1735;-1065],9,[1;79],7,0,[-217;-143],8,3},{'M',[924;79],11,[-1409;79],6,[NaN;0],[462;-173],10,[1;NaN]},{'M',[127;-692],11,[462;-173],10,[NaN;2],[127;625],6,[0;NaN]},{'A',[797;771],12,[924;79],11,0,[-127;692],11,0},{'O',[3470;2130],9,[1735;1065],9,1},{'M',[-2818;-173],11,[-1409;79],6,[1;NaN],[462;-173],10,[NaN;0]},{'O',[2818;173],11,[2818;173],11,0},{'M',[797;325],13,[2265;325],10,[NaN;0],[797;771],12,[0;NaN]},{'O',[1594;650],13,[797;325],13,1},{'M',[924;771],13,[462;-173],10,[1;NaN],[797;771],12,[NaN;0]},{'O',[1848;1542],13,[924;771],13,1},{'M',[2265;625],11,[127;625],6,[NaN;0],[2265;325],10,[0;NaN]},{'O',[2265;625],11,[2265;625],11,0}}
Adder graph: {{'M',[16;1],1,[1;1],0,[4;0]},{'M',[1;16],1,[1;1],0,[0;4]},{'A',[14;33],2,[16;1],1,0,[-1;16],1,1},{'M',[112;1],3,[1;1],0,[NaN;0],[14;33],2,[3;NaN]},{'A',[462;37],4,[14;33],2,0,[112;1],3,2},{'M',[1;128],1,[1;1],0,[0;7]},{'M',[56;1],3,[1;1],0,[NaN;0],[14;33],2,[2;NaN]},{'A',[-54;257],4,[1;128],1,1,[-56;1],3,0},{'M',[-54;4],5,[1;1],0,[NaN;2],[-54;257],4,[0;NaN]},{'M',[2;33],3,[1;1],0,[1;NaN],[14;33],2,[NaN;0]},{'A',[-214;-17],6,[-54;4],5,2,[2;-33],3,0},{'M',[-54;514],5,[-54;257],4,[0;1]},{'M',[64;-17],7,[1;1],0,[6;NaN],[-214;-17],6,[NaN;0]},{'A',[-566;650],8,[-54;514],5,0,[-64;17],7,3},{'M',[-566;514],9,[-54;257],4,[NaN;1],[-566;650],8,[0;NaN]},{'A',[1594;1065],10,[462;37],4,0,[566;514],9,1},{'M',[14;1028],5,[14;33],2,[0;NaN],[-54;257],4,[NaN;2]},{'M',[-3456;257],5,[-54;257],4,[6;0]},{'A',[3470;771],6,[14;1028],5,0,[3456;-257],5,0},{'M',[1;592],5,[1;1],0,[0;NaN],[462;37],4,[NaN;4]},{'M',[-2264;33],9,[14;33],2,[NaN;0],[-566;650],8,[2;NaN]},{'A',[2265;625],10,[1;592],5,0,[2264;33],9,0},{'M',[4530;37],11,[462;37],4,[NaN;0],[2265;625],10,[1;NaN]},{'A',[2818;173],12,[4530;37],11,0,[-214;17],6,3},{'M',[3470;2130],11,[1594;1065],10,[NaN;1],[3470;771],6,[0;NaN]},{'O',[3470;2130],11,[3470;2130],11,0},{'O',[2818;173],12,[2818;173],12,0},{'M',[1594;650],11,[-566;650],8,[NaN;0],[1594;1065],10,[0;NaN]},{'O',[1594;650],11,[1594;650],11,0},{'M',[924;771],7,[462;37],4,[1;NaN],[3470;771],6,[NaN;0]},{'O',[1848;1542],7,[924;771],7,1},{'O',[2265;625],10,[2265;625],10,0}}
Adder graph: {{'A',[7;9],1,[1;1],0,3,[-1;1],0,0},{'M',[7;144],2,[7;9],1,[0;4]},{'M',[64;1],1,[1;1],0,[6;0]},{'A',[71;143],3,[7;144],2,0,[64;-1],1,0},{'M',[7;2],2,[1;1],0,[NaN;1],[7;9],1,[0;NaN]},{'M',[2272;9],4,[7;9],1,[NaN;0],[71;143],3,[5;NaN]},{'A',[-2265;11],5,[7;2],2,0,[-2272;9],4,0},{'M',[71;11],6,[71;143],3,[0;NaN],[-2265;11],5,[NaN;0]},{'M',[1792;9],2,[7;9],1,[8;0]},{'A',[-1224;79],7,[71;11],6,3,[-1792;-9],2,0},{'M',[224;79],8,[7;9],1,[5;NaN],[-1224;79],7,[NaN;0]},{'M',[7;704],6,[7;9],1,[0;NaN],[-2265;11],5,[NaN;6]},{'A',[217;-625],9,[224;79],8,0,[-7;-704],6,0},{'M',[217;79],10,[-1224;79],7,[NaN;0],[217;-625],9,[0;NaN]},{'A',[797;173],11,[217;79],10,2,[-71;-143],3,0},{'M',[797;346],12,[797;173],11,[0;1]},{'A',[2818;771],13,[797;346],12,1,[1224;79],7,0},{'M',[1;79],8,[1;1],0,[0;NaN],[-1224;79],7,[NaN;0]},{'M',[217;143],10,[71;143],3,[NaN;0],[217;-625],9,[0;NaN]},{'A',[-1735;-1065],11,[1;79],8,0,[-217;-143],10,3},{'M',[56;79],8,[7;9],1,[3;NaN],[-1224;79],7,[NaN;0]},{'A',[231;325],9,[7;9],1,0,[56;79],8,2},{'O',[3470;2130],11,[1735;1065],11,1},{'M',[2818;173],14,[797;173],11,[NaN;0],[2818;771],13,[0;NaN]},{'O',[2818;173],14,[2818;173],14,0},{'M',[797;325],12,[797;173],11,[0;NaN],[231;325],9,[NaN;0]},{'O',[1594;650],12,[797;325],12,1},{'M',[924;771],14,[2818;771],13,[NaN;0],[231;325],9,[2;NaN]},{'O',[1848;1542],14,[924;771],14,1},{'M',[-2265;-625],10,[-2265;11],5,[0;NaN],[217;-625],9,[NaN;0]},{'O',[2265;625],10,[2265;625],10,0}}
Adder graph: {{'M',[128;1],1,[1;1],0,[7;0]},{'A',[513;-3],2,[1;1],0,0,[128;-1],1,2},{'A',[-7;-7],1,[1;1],0,0,[-1;-1],0,3},{'M',[-14;1],2,[1;1],0,[NaN;0],[-7;-7],1,[1;NaN]},{'A',[1409;-67],3,[513;-3],2,0,[14;-1],2,6},{'M',[16;-67],4,[1;1],0,[4;NaN],[1409;-67],3,[NaN;0]},{'M',[-28;-7],2,[-7;-7],1,[2;0]},{'A',[284;-1065],5,[16;-67],4,4,[28;7],2,0},{'M',[-7;1],2,[1;1],0,[NaN;0],[-7;-7],1,[0;NaN]},{'A',[-924;-892],3,[-7;-7],1,7,[-7;1],2,2},{'M',[1;-892],4,[1;1],0,[0;NaN],[-924;-892],3,[NaN;0]},{'M',[-1848;-1065],6,[284;-1065],5,[NaN;0],[-924;-892],3,[1;NaN]},{'A',[1849;173],7,[1;-892],4,0,[1848;1065],6,0},{'M',[284;-768],6,[513;-3],2,[NaN;8],[284;-1065],5,[0;NaN]},{'A',[1594;-1542],7,[513;-3],2,1,[284;-768],6,1},{'M',[-7;692],8,[-7;-7],1,[0;NaN],[1849;173],7,[NaN;2]},{'M',[2272;-67],6,[1409;-67],3,[NaN;0],[284;-1065],5,[3;NaN]},{'A',[2265;625],9,[-7;692],8,0,[2272;-67],6,0},{'M',[1849;-892],8,[-924;-892],3,[NaN;0],[1849;173],7,[0;NaN]},{'M',[-3584;-1542],8,[-7;-7],1,[9;NaN],[1594;-1542],7,[NaN;0]},{'A',[-1735;650],9,[1849;-892],8,0,[-3584;1542],8,0},{'M',[-1735;-1065],10,[284;-1065],5,[NaN;0],[-1735;650],9,[0;NaN]},{'O',[3470;2130],10,[1735;1065],10,1},{'M',[2818;173],8,[1409;-67],3,[1;NaN],[1849;173],7,[NaN;0]},{'O',[2818;173],8,[2818;173],8,0},{'M',[1594;650],10,[1594;-1542],7,[0;NaN],[-1735;650],9,[NaN;0]},{'O',[1594;650],10,[1594;650],10,0},{'M',[-1848;-1542],8,[-924;-892],3,[1;NaN],[1594;-1542],7,[NaN;0]},{'O',[1848;1542],8,[1848;1542],8,0},{'O',[2265;625],9,[2265;625],9,0}}
Finished solving after 15957.5 seconds
Adder graph: {{'M',[128;1],1,[1;1],0,[7;0]},{'A',[513;-3],2,[1;1],0,0,[128;-1],1,2},{'A',[-7;-7],1,[1;1],0,0,[-1;-1],0,3},{'M',[-14;1],2,[1;1],0,[NaN;0],[-7;-7],1,[1;NaN]},{'A',[1409;-67],3,[513;-3],2,0,[14;-1],2,6},{'M',[16;-67],4,[1;1],0,[4;NaN],[1409;-67],3,[NaN;0]},{'M',[-28;-7],2,[-7;-7],1,[2;0]},{'A',[284;-1065],5,[16;-67],4,4,[28;7],2,0},{'M',[-7;1],2,[1;1],0,[NaN;0],[-7;-7],1,[0;NaN]},{'A',[-924;-892],3,[-7;-7],1,7,[-7;1],2,2},{'M',[1;-892],4,[1;1],0,[0;NaN],[-924;-892],3,[NaN;0]},{'M',[-1848;-1065],6,[284;-1065],5,[NaN;0],[-924;-892],3,[1;NaN]},{'A',[1849;173],7,[1;-892],4,0,[1848;1065],6,0},{'M',[284;-768],6,[513;-3],2,[NaN;8],[284;-1065],5,[0;NaN]},{'A',[1594;-1542],7,[513;-3],2,1,[284;-768],6,1},{'M',[-7;692],8,[-7;-7],1,[0;NaN],[1849;173],7,[NaN;2]},{'M',[2272;-67],6,[1409;-67],3,[NaN;0],[284;-1065],5,[3;NaN]},{'A',[2265;625],9,[-7;692],8,0,[2272;-67],6,0},{'M',[1849;-892],8,[-924;-892],3,[NaN;0],[1849;173],7,[0;NaN]},{'M',[-3584;-1542],8,[-7;-7],1,[9;NaN],[1594;-1542],7,[NaN;0]},{'A',[-1735;650],9,[1849;-892],8,0,[-3584;1542],8,0},{'M',[-1735;-1065],10,[284;-1065],5,[NaN;0],[-1735;650],9,[0;NaN]},{'O',[3470;2130],10,[1735;1065],10,1},{'M',[2818;173],8,[1409;-67],3,[1;NaN],[1849;173],7,[NaN;0]},{'O',[2818;173],8,[2818;173],8,0},{'M',[1594;650],10,[1594;-1542],7,[0;NaN],[-1735;650],9,[NaN;0]},{'O',[1594;650],10,[1594;650],10,0},{'M',[-1848;-1542],8,[-924;-892],3,[1;NaN],[1594;-1542],7,[NaN;0]},{'O',[1848;1542],8,[1848;1542],8,0},{'O',[2265;625],9,[2265;625],9,0}}
# Add optimal = 0
# Mux optimal = 0
# FAs optimal = 0
