Adder graph: {{'M',[128;1],1,[1;1],0,[7;0]},{'M',[1;4],1,[1;1],0,[0;2]},{'A',[132;17],2,[128;1],1,0,[1;4],1,2},{'M',[2048;17],3,[1;1],0,[11;NaN],[132;17],2,[NaN;0]},{'M',[1;128],1,[1;1],0,[0;7]},{'A',[4097;-94],4,[2048;17],3,1,[1;-128],1,0},{'M',[1;16],1,[1;1],0,[0;4]},{'M',[1;17],3,[1;1],0,[0;NaN],[132;17],2,[NaN;0]},{'A',[62;990],4,[1;16],1,6,[-1;-17],3,1},{'M',[1;64],1,[1;1],0,[0;6]},{'M',[496;1],5,[1;1],0,[NaN;0],[62;990],4,[3;NaN]},{'A',[-495;63],6,[1;64],1,0,[-496;-1],5,0},{'M',[4097;990],5,[4097;-94],4,[0;NaN],[62;990],4,[NaN;0]},{'M',[62;63],7,[62;990],4,[0;NaN],[-495;63],6,[NaN;0]},{'A',[4035;1053],8,[4097;990],5,0,[-62;63],7,0},{'M',[4224;17],3,[132;17],2,[5;0]},{'M',[4035;990],9,[62;990],4,[NaN;0],[4035;1053],8,[0;NaN]},{'A',[-3846;-1963],10,[4224;17],3,0,[-4035;-990],9,1},{'M',[2;63],7,[1;1],0,[1;NaN],[-495;63],6,[NaN;0]},{'M',[-495;-752],7,[4097;-94],4,[NaN;3],[-495;63],6,[0;NaN]},{'A',[-493;-689],8,[2;63],7,0,[-495;-752],7,0},{'M',[-493;-3008],9,[4097;-94],4,[NaN;5],[-493;-689],8,[0;NaN]},{'M',[3968;17],5,[132;17],2,[NaN;0],[62;990],4,[6;NaN]},{'A',[3475;-2991],10,[-493;-3008],9,0,[3968;17],5,0},{'M',[4035;63],9,[-495;63],6,[NaN;0],[4035;1053],8,[0;NaN]},{'O',[4035;63],9,[4035;63],9,0},{'M',[-3944;-1963],11,[-3846;-1963],10,[NaN;0],[-493;-689],8,[3;NaN]},{'O',[3944;1963],11,[3944;1963],11,0},{'M',[-3846;-2756],11,[-3846;-1963],10,[0;NaN],[-493;-689],8,[NaN;2]},{'O',[3846;2756],11,[3846;2756],11,0},{'M',[-495;-2991],11,[-495;63],6,[0;NaN],[3475;-2991],10,[NaN;0]},{'O',[495;2991],11,[495;2991],11,0},{'M',[3475;2106],11,[4035;1053],8,[NaN;1],[3475;-2991],10,[0;NaN]},{'O',[3475;2106],11,[3475;2106],11,0}}
Adder graph: {{'M',[4;1],1,[1;1],0,[2;0]},{'M',[8;1],1,[1;1],0,[3;0]},{'A',[-124;17],2,[4;1],1,0,[-8;1],1,4},{'M',[1;32],1,[1;1],0,[0;5]},{'M',[-3968;17],3,[-124;17],2,[5;0]},{'A',[3970;47],4,[1;32],1,1,[3968;-17],3,0},{'M',[-124;128],3,[1;1],0,[NaN;7],[-124;17],2,[0;NaN]},{'M',[1;17],3,[1;1],0,[0;NaN],[-124;17],2,[NaN;0]},{'A',[-495;495],4,[-124;128],3,2,[1;-17],3,0},{'M',[3970;1],5,[1;1],0,[NaN;0],[3970;47],4,[0;NaN]},{'M',[-495;64],5,[1;1],0,[NaN;6],[-495;495],4,[0;NaN]},{'A',[3475;-63],6,[3970;1],5,0,[-495;-64],5,0},{'M',[3970;1980],5,[3970;47],4,[0;NaN],[-495;495],4,[NaN;2]},{'A',[3846;-1963],6,[-124;17],2,0,[3970;-1980],5,0},{'M',[-990;-63],7,[-495;495],4,[1;NaN],[3475;-63],6,[NaN;0]},{'M',[1;188],5,[1;1],0,[0;NaN],[3970;47],4,[NaN;2]},{'A',[-3944;2756],8,[-990;-63],7,2,[1;188],5,4},{'M',[-248;495],5,[-124;17],2,[1;NaN],[-495;495],4,[NaN;0]},{'A',[-3971;1053],7,[-248;495],5,1,[-3475;63],6,0},{'M',[-3971;17],8,[-124;17],2,[NaN;0],[-3971;1053],7,[0;NaN]},{'M',[1;47],5,[1;1],0,[0;NaN],[3970;47],4,[NaN;0]},{'A',[-4035;-2991],9,[-3971;17],8,0,[-1;-47],5,6},{'M',[-4035;-63],10,[3475;-63],6,[NaN;0],[-4035;-2991],9,[0;NaN]},{'O',[4035;63],10,[4035;63],10,0},{'M',[-3944;-1963],9,[3846;-1963],6,[NaN;0],[-3944;2756],8,[0;NaN]},{'O',[3944;1963],9,[3944;1963],9,0},{'M',[3846;2756],9,[3846;-1963],6,[0;NaN],[-3944;2756],8,[NaN;0]},{'O',[3846;2756],9,[3846;2756],9,0},{'M',[-495;-2991],10,[-495;495],4,[0;NaN],[-4035;-2991],9,[NaN;0]},{'O',[495;2991],10,[495;2991],10,0},{'M',[3475;2106],8,[3475;-63],6,[0;NaN],[-3971;1053],7,[NaN;1]},{'O',[3475;2106],8,[3475;2106],8,0}}
Adder graph: {{'A',[-63;-63],1,[1;1],0,0,[-1;-1],0,6},{'M',[512;1],1,[1;1],0,[9;0]},{'A',[-496;17],2,[1;1],0,4,[-512;1],1,0},{'M',[1;17],3,[1;1],0,[0;NaN],[-496;17],2,[NaN;0]},{'M',[-496;256],3,[1;1],0,[NaN;8],[-496;17],2,[0;NaN]},{'A',[1986;-990],4,[1;17],3,1,[496;-256],3,2},{'M',[1;-1980],5,[1;1],0,[0;NaN],[1986;-990],4,[NaN;1]},{'A',[-495;-1963],6,[1;-1980],5,0,[-496;17],2,0},{'M',[-495;-990],7,[1986;-990],4,[NaN;0],[-495;-1963],6,[0;NaN]},{'M',[2;-63],2,[1;1],0,[1;NaN],[-63;-63],1,[NaN;0]},{'A',[-493;-1053],8,[-495;-990],7,0,[2;-63],2,0},{'M',[-63;544],3,[-63;-63],1,[0;NaN],[-496;17],2,[NaN;5]},{'M',[1986;1024],5,[1;1],0,[NaN;10],[1986;-990],4,[0;NaN]},{'A',[-4035;-1504],6,[-63;544],3,0,[-1986;-1024],5,1},{'M',[1986;-126],5,[-63;-63],1,[NaN;1],[1986;-990],4,[0;NaN]},{'M',[-63;-1504],7,[-63;-63],1,[0;NaN],[-4035;-1504],6,[NaN;0]},{'A',[3846;2756],8,[1986;-126],5,1,[-63;1504],7,1},{'M',[-3968;17],3,[-496;17],2,[3;0]},{'M',[-493;-3008],9,[-493;-1053],8,[0;NaN],[-4035;-1504],6,[NaN;1]},{'A',[-3475;-2991],10,[-3968;17],3,0,[493;-3008],9,0},{'M',[-4035;-63],7,[-63;-63],1,[NaN;0],[-4035;-1504],6,[0;NaN]},{'O',[4035;63],7,[4035;63],7,0},{'M',[-3944;-1963],9,[-495;-1963],6,[NaN;0],[-493;-1053],8,[3;NaN]},{'O',[3944;1963],9,[3944;1963],9,0},{'O',[3846;2756],8,[3846;2756],8,0},{'M',[-495;-2991],11,[-495;-1963],6,[0;NaN],[-3475;-2991],10,[NaN;0]},{'O',[495;2991],11,[495;2991],11,0},{'M',[-3475;-2106],11,[-493;-1053],8,[NaN;1],[-3475;-2991],10,[0;NaN]},{'O',[3475;2106],11,[3475;2106],11,0}}
Adder graph: {{'M',[128;1],1,[1;1],0,[7;0]},{'A',[-2047;17],2,[1;1],0,0,[-128;1],1,4},{'M',[128;17],3,[1;1],0,[7;NaN],[-2047;17],2,[NaN;0]},{'M',[1;128],1,[1;1],0,[0;7]},{'A',[124;-495],4,[128;17],3,0,[-1;-128],1,2},{'M',[1;17],3,[1;1],0,[0;NaN],[-2047;17],2,[NaN;0]},{'M',[124;16],5,[1;1],0,[NaN;4],[124;-495],4,[0;NaN]},{'A',[-495;-47],6,[1;17],3,0,[-124;-16],5,2},{'M',[-495;-376],7,[-495;-47],6,[0;3]},{'A',[-6007;-2991],8,[-2047;17],2,0,[-495;-376],7,3},{'M',[124;-1980],5,[124;-495],4,[0;2]},{'A',[-1923;-1963],6,[124;-1980],5,0,[-2047;17],2,0},{'M',[1;8],1,[1;1],0,[0;3]},{'A',[-493;63],7,[1;8],1,1,[-495;47],6,0},{'M',[-6007;-3008],9,[-495;-47],6,[NaN;6],[-6007;-2991],8,[0;NaN]},{'A',[4035;-2756],10,[-493;63],7,2,[6007;-3008],9,0},{'M',[1984;63],8,[124;-495],4,[4;NaN],[-493;63],7,[NaN;0]},{'M',[-493;-1980],8,[124;-495],4,[NaN;2],[-493;63],7,[0;NaN]},{'A',[3475;2106],9,[1984;63],8,1,[-493;1980],8,0},{'M',[4035;63],11,[-493;63],7,[NaN;0],[4035;-2756],10,[0;NaN]},{'O',[4035;63],11,[4035;63],11,0},{'M',[-3944;-1963],8,[-1923;-1963],6,[NaN;0],[-493;63],7,[3;NaN]},{'O',[3944;1963],8,[3944;1963],8,0},{'M',[-3846;-2756],11,[-1923;-1963],6,[1;NaN],[4035;-2756],10,[NaN;0]},{'O',[3846;2756],11,[3846;2756],11,0},{'M',[-495;-2991],9,[-495;-47],6,[0;NaN],[-6007;-2991],8,[NaN;0]},{'O',[495;2991],9,[495;2991],9,0},{'O',[3475;2106],9,[3475;2106],9,0}}
Adder graph: {{'M',[16;1],1,[1;1],0,[4;0]},{'A',[1025;-63],2,[1;1],0,0,[16;-1],1,6},{'M',[1025;8],3,[1;1],0,[NaN;3],[1025;-63],2,[0;NaN]},{'A',[2051;17],4,[1025;8],3,1,[1;1],0,0},{'M',[1;4],1,[1;1],0,[0;2]},{'A',[3846;-990],5,[2051;17],4,1,[-1;-4],1,8},{'M',[1;-126],3,[1;1],0,[0;NaN],[1025;-63],2,[NaN;1]},{'A',[-496;-1504],4,[1;-126],3,4,[-1;1],0,9},{'A',[-495;1378],5,[1;-126],3,0,[-496;1504],4,0},{'M',[-992;-1504],5,[-496;-1504],4,[1;0]},{'A',[-4035;-2991],6,[-992;-1504],5,1,[-2051;17],4,0},{'M',[-495;-1980],6,[3846;-990],5,[NaN;1],[-495;1378],5,[0;NaN]},{'M',[2;17],5,[1;1],0,[1;NaN],[2051;17],4,[NaN;0]},{'A',[-493;-1963],7,[-495;-1980],6,0,[2;17],5,0},{'M',[-1984;-990],6,[3846;-990],5,[NaN;0],[-496;-1504],4,[2;NaN]},{'M',[-493;-126],8,[1025;-63],2,[NaN;1],[-493;-1963],7,[0;NaN]},{'A',[-3475;-2106],9,[-1984;-990],6,1,[493;-126],8,0},{'M',[-4035;-63],7,[1025;-63],2,[NaN;0],[-4035;-2991],6,[0;NaN]},{'O',[4035;63],7,[4035;63],7,0},{'M',[-3944;-1963],8,[-493;-1963],7,[3;0]},{'O',[3944;1963],8,[3944;1963],8,0},{'M',[3846;2756],6,[3846;-990],5,[0;NaN],[-495;1378],5,[NaN;1]},{'O',[3846;2756],6,[3846;2756],6,0},{'M',[-495;-2991],7,[-495;1378],5,[0;NaN],[-4035;-2991],6,[NaN;0]},{'O',[495;2991],7,[495;2991],7,0},{'O',[3475;2106],9,[3475;2106],9,0}}
Adder graph: {{'M',[1;2],1,[1;1],0,[0;1]},{'A',[-31;-63],2,[1;1],0,0,[-1;-2],1,5},{'M',[-31;1],3,[1;1],0,[NaN;0],[-31;-63],2,[0;NaN]},{'A',[-495;17],4,[-31;1],3,4,[1;1],0,0},{'M',[1;32],1,[1;1],0,[0;5]},{'A',[-986;94],5,[1;32],1,2,[-495;-17],4,1},{'M',[-31;16],3,[1;1],0,[NaN;4],[-31;-63],2,[0;NaN]},{'M',[1;34],5,[1;1],0,[0;NaN],[-495;17],4,[NaN;1]},{'A',[-1985;990],6,[-31;16],3,6,[-1;-34],5,0},{'A',[3475;-1963],7,[-495;17],4,0,[1985;-990],6,1},{'M',[2;17],5,[1;1],0,[1;NaN],[-495;17],4,[NaN;0]},{'M',[64;94],6,[1;1],0,[6;NaN],[-986;94],5,[NaN;0]},{'A',[2050;-2991],7,[2;17],5,0,[64;-94],6,5},{'M',[2050;-63],8,[-31;-63],2,[NaN;0],[2050;-2991],7,[0;NaN]},{'A',[-4035;1053],9,[-1985;990],6,0,[-2050;63],8,0},{'M',[-1985;1504],7,[-986;94],5,[NaN;4],[-1985;990],6,[0;NaN]},{'A',[1923;1378],8,[-31;-63],2,1,[1985;1504],7,0},{'M',[-4035;-63],10,[-31;-63],2,[NaN;0],[-4035;1053],9,[0;NaN]},{'O',[4035;63],10,[4035;63],10,0},{'M',[-3944;-1963],8,[-986;94],5,[2;NaN],[3475;-1963],7,[NaN;0]},{'O',[3944;1963],8,[3944;1963],8,0},{'O',[3846;2756],8,[1923;1378],8,1},{'M',[-495;-2991],8,[-495;17],4,[0;NaN],[2050;-2991],7,[NaN;0]},{'O',[495;2991],8,[495;2991],8,0},{'M',[3475;2106],10,[3475;-1963],7,[0;NaN],[-4035;1053],9,[NaN;1]},{'O',[3475;2106],10,[3475;2106],10,0}}
Finished solving after 14426.1 seconds
Adder graph: {{'M',[1;2],1,[1;1],0,[0;1]},{'A',[-31;-63],2,[1;1],0,0,[-1;-2],1,5},{'M',[-31;1],3,[1;1],0,[NaN;0],[-31;-63],2,[0;NaN]},{'A',[-495;17],4,[-31;1],3,4,[1;1],0,0},{'M',[1;32],1,[1;1],0,[0;5]},{'A',[-986;94],5,[1;32],1,2,[-495;-17],4,1},{'M',[-31;16],3,[1;1],0,[NaN;4],[-31;-63],2,[0;NaN]},{'M',[1;34],5,[1;1],0,[0;NaN],[-495;17],4,[NaN;1]},{'A',[-1985;990],6,[-31;16],3,6,[-1;-34],5,0},{'A',[3475;-1963],7,[-495;17],4,0,[1985;-990],6,1},{'M',[2;17],5,[1;1],0,[1;NaN],[-495;17],4,[NaN;0]},{'M',[64;94],6,[1;1],0,[6;NaN],[-986;94],5,[NaN;0]},{'A',[2050;-2991],7,[2;17],5,0,[64;-94],6,5},{'M',[2050;-63],8,[-31;-63],2,[NaN;0],[2050;-2991],7,[0;NaN]},{'A',[-4035;1053],9,[-1985;990],6,0,[-2050;63],8,0},{'M',[-1985;1504],7,[-986;94],5,[NaN;4],[-1985;990],6,[0;NaN]},{'A',[1923;1378],8,[-31;-63],2,1,[1985;1504],7,0},{'M',[-4035;-63],10,[-31;-63],2,[NaN;0],[-4035;1053],9,[0;NaN]},{'O',[4035;63],10,[4035;63],10,0},{'M',[-3944;-1963],8,[-986;94],5,[2;NaN],[3475;-1963],7,[NaN;0]},{'O',[3944;1963],8,[3944;1963],8,0},{'O',[3846;2756],8,[1923;1378],8,1},{'M',[-495;-2991],8,[-495;17],4,[0;NaN],[2050;-2991],7,[NaN;0]},{'O',[495;2991],8,[495;2991],8,0},{'M',[3475;2106],10,[3475;-1963],7,[0;NaN],[-4035;1053],9,[NaN;1]},{'O',[3475;2106],10,[3475;2106],10,0}}
# Add optimal = 0
# Mux optimal = 0
# FAs optimal = 0
