Adder graph: {{'M',[1;8;2;2],1,[1;1;1;1],0,[0;3;1;1]},{'M',[2;16;1;1],1,[1;1;1;1],0,[1;4;0;0]},{'A',[-1;-8;1;1],2,[1;8;2;2],1,0,[-2;-16;-1;-1],1,0},{'M',[8;1;32;32],1,[1;1;1;1],0,[3;0;5;5]},{'M',[4;1;1;1],1,[1;1;1;1],0,[2;0;0;0]},{'A',[28;5;127;129],2,[8;1;32;32],1,2,[-4;1;-1;1],1,0},{'M',[1792;5;16;2],3,[-1;-8;1;1],2,[NaN;NaN;4;1],[28;5;127;129],2,[6;0;NaN;NaN]},{'M',[224;-16;127;129],3,[-1;-8;1;1],2,[NaN;1;NaN;NaN],[28;5;127;129],2,[3;NaN;0;0]},{'A',[6944;4;191;137],4,[1792;5;16;2],3,2,[-224;-16;127;129],3,0},{'A',[12;133;111;113],3,[28;5;127;129],2,0,[-1;8;-1;-1],2,4},{'M',[-1;-16;32;256],3,[-1;-8;1;1],2,[0;1;5;8]},{'M',[-8;-128;254;129],3,[-1;-8;1;1],2,[3;4;NaN;NaN],[28;5;127;129],2,[NaN;NaN;1;0]},{'A',[7;112;286;385],4,[-1;-16;32;256],3,0,[8;128;254;129],3,0},{'M',[12;532;444;226],4,[12;133;111;113],3,[0;2;2;1]},{'A',[19;420;730;611],5,[12;532;444;226],4,0,[7;-112;286;385],4,0},{'M',[3072;266;111;226],4,[12;133;111;113],3,[8;1;0;1]},{'A',[800;536;413;589],5,[6944;4;191;137],4,0,[-3072;266;111;226],4,1},{'O',[19;420;730;611],5,[19;420;730;611],5,0},{'M',[14;112;286;137],5,[6944;4;191;137],4,[NaN;NaN;NaN;0],[7;112;286;385],4,[1;0;0;NaN]},{'O',[14;112;286;137],5,[14;112;286;137],5,0},{'O',[800;536;413;589],5,[800;536;413;589],5,0}}
Adder graph: {{'M',[1;2;2;4],1,[1;1;1;1],0,[0;1;1;2]},{'M',[1;1;2;4],1,[1;1;1;1],0,[0;0;1;2]},{'A',[1;3;2;4],2,[1;2;2;4],1,1,[-1;-1;-2;-4],1,0},{'M',[1;64;128;128],1,[1;1;1;1],0,[0;6;7;7]},{'M',[2;2;1;1],1,[1;1;1;1],0,[1;1;0;0]},{'A',[-1;62;127;129],2,[1;64;128;128],1,0,[-2;-2;-1;1],1,0},{'M',[-32;62;16;129],3,[1;3;2;4],2,[NaN;NaN;3;NaN],[-1;62;127;129],2,[5;0;NaN;0]},{'M',[-64;6;127;8],3,[1;3;2;4],2,[NaN;1;NaN;1],[-1;62;127;129],2,[6;NaN;0;NaN]},{'A',[32;56;143;137],4,[-32;62;16;129],3,0,[64;-6;127;8],3,0},{'A',[3;74;135;113],3,[-1;62;127;129],2,0,[1;3;2;-4],2,2},{'M',[1;6;8;32],3,[1;3;2;4],2,[0;1;2;3]},{'M',[-1;124;254;129],3,[-1;62;127;129],2,[0;1;1;0]},{'A',[7;172;-190;385],4,[1;6;8;32],3,3,[-1;124;-254;129],3,0},{'M',[6;296;270;113],4,[3;74;135;113],3,[1;2;1;0]},{'A',[19;420;730;611],5,[6;296;270;113],4,1,[7;-172;190;385],4,0},{'M',[384;296;135;226],4,[3;74;135;113],3,[7;2;0;1]},{'A',[800;536;413;589],5,[384;296;135;226],4,1,[32;-56;143;137],4,0},{'O',[19;420;730;611],5,[19;420;730;611],5,0},{'M',[14;112;286;137],5,[32;56;143;137],4,[NaN;1;1;0],[7;172;-190;385],4,[1;NaN;NaN;NaN]},{'O',[14;112;286;137],5,[14;112;286;137],5,0},{'O',[800;536;413;589],5,[800;536;413;589],5,0}}
Adder graph: {{'M',[2;8;1;8],1,[1;1;1;1],0,[1;3;0;3]},{'M',[1;8;32;8],1,[1;1;1;1],0,[0;3;5;3]},{'A',[-2;-24;-127;40],2,[2;8;1;8],1,0,[-1;-8;-32;8],1,2},{'M',[2;1;32;1],1,[1;1;1;1],0,[1;0;5;0]},{'M',[1;2;1;16],1,[1;1;1;1],0,[0;1;0;4]},{'A',[-14;-31;16;257],2,[2;1;32;1],1,0,[-1;-2;-1;16],1,4},{'A',[-12;-55;-111;217],3,[-14;-31;16;257],2,0,[2;-24;-127;-40],2,0},{'M',[-2;-62;-254;80],3,[-2;-24;-127;40],2,[0;NaN;1;1],[-14;-31;16;257],2,[NaN;1;NaN;NaN]},{'A',[-14;-7;-143;-137],4,[-2;-62;-254;80],3,0,[-12;55;111;-217],3,0},{'M',[1;1;32;1],1,[1;1;1;1],0,[0;0;5;0]},{'M',[4;4;1;1024],1,[1;1;1;1],0,[2;2;0;10]},{'A',[5;5;31;-1023],2,[1;1;32;1],1,0,[4;4;-1;-1024],1,0},{'M',[5;5;-508;-1023],3,[-2;-24;-127;40],2,[NaN;NaN;2;NaN],[5;5;31;-1023],2,[0;0;NaN;0]},{'A',[-19;-105;-730;-589],4,[5;5;-508;-1023],3,0,[-12;-55;-111;217],3,1},{'M',[-448;-48;31;257],3,[-2;-24;-127;40],2,[NaN;1;NaN;NaN],[-14;-31;16;257],2,[5;NaN;NaN;0],[5;5;31;-1023],2,[NaN;NaN;0;NaN]},{'A',[-400;-268;-413;-611],4,[-448;-48;31;257],3,0,[12;-55;-111;-217],3,2},{'M',[-19;-420;-730;-611],5,[-19;-105;-730;-589],4,[0;2;0;NaN],[-400;-268;-413;-611],4,[NaN;NaN;NaN;0]},{'O',[19;420;730;611],5,[19;420;730;611],5,0},{'M',[-14;-112;-286;-137],5,[-14;-7;-143;-137],4,[0;4;1;0]},{'O',[14;112;286;137],5,[14;112;286;137],5,0},{'M',[-800;-536;-413;-589],5,[-19;-105;-730;-589],4,[NaN;NaN;NaN;0],[-400;-268;-413;-611],4,[1;1;0;NaN]},{'O',[800;536;413;589],5,[800;536;413;589],5,0}}
Adder graph: {{'M',[1;1;32;1],1,[1;1;1;1],0,[0;0;5;0]},{'M',[16;8;1;1],1,[1;1;1;1],0,[4;3;0;0]},{'A',[-12;-4;127;5],2,[1;1;32;1],1,2,[-16;-8;-1;1],1,0},{'M',[-12;-4;127;1280],3,[-12;-4;127;5],2,[0;0;0;8]},{'M',[-12;-16;508;40],3,[-12;-4;127;5],2,[0;2;2;3]},{'A',[12;28;1143;1200],4,[-12;-4;127;1280],3,0,[12;16;508;-40],3,1},{'M',[8;1;4;64],1,[1;1;1;1],0,[3;0;2;6]},{'M',[1;128;16;8],1,[1;1;1;1],0,[0;7;4;3]},{'A',[31;132;32;264],2,[8;1;4;64],1,2,[-1;128;16;8],1,0},{'A',[19;136;159;269],3,[31;132;32;264],2,0,[-12;4;127;5],2,0},{'M',[-12;-256;254;320],3,[-12;-4;127;5],2,[0;6;1;6]},{'A',[7;-392;413;589],4,[-12;-256;254;320],3,0,[19;-136;159;269],3,0},{'M',[31;132;127;5],3,[-12;-4;127;5],2,[NaN;NaN;0;0],[31;132;32;264],2,[0;0;NaN;NaN]},{'A',[25;134;143;137],4,[31;132;127;5],3,-1,[19;136;159;269],3,-1},{'A',[19;420;730;611],5,[12;28;1143;1200],4,0,[7;392;-413;-589],4,0},{'O',[19;420;730;611],5,[19;420;730;611],5,0},{'M',[14;112;286;137],5,[12;28;1143;1200],4,[NaN;2;NaN;NaN],[7;-392;413;589],4,[1;NaN;NaN;NaN],[25;134;143;137],4,[NaN;NaN;1;0]},{'O',[14;112;286;137],5,[14;112;286;137],5,0},{'M',[800;536;413;589],5,[7;-392;413;589],4,[NaN;NaN;0;0],[25;134;143;137],4,[5;2;NaN;NaN]},{'O',[800;536;413;589],5,[800;536;413;589],5,0}}
Adder graph: {{'A',[5;5;5;-3],1,[1;1;1;1],0,0,[1;1;1;-1],0,2},{'M',[1;1;16;16],1,[1;1;1;1],0,[0;0;4;4]},{'A',[13;13;-123;-131],2,[5;5;5;-3],1,0,[1;1;-16;-16],1,3},{'M',[1;32;64;16],1,[1;1;1;1],0,[0;5;6;4]},{'A',[4;-27;-59;-19],2,[5;5;5;-3],1,0,[-1;-32;-64;-16],1,0},{'M',[10;10;10;-3],2,[5;5;5;-3],1,[1;1;1;0]},{'A',[-7;-7;-143;-137],3,[13;13;-123;-131],2,0,[-10;-10;-10;-3],2,1},{'M',[8;8;1;1],1,[1;1;1;1],0,[3;3;0;0]},{'M',[1;4;128;4],1,[1;1;1;1],0,[0;2;7;2]},{'A',[7;12;-127;-3],2,[8;8;1;1],1,0,[-1;4;-128;-4],1,0},{'M',[832;104;-59;-19],3,[13;13;-123;-131],2,[6;3;NaN;NaN],[4;-27;-59;-19],2,[NaN;NaN;0;0]},{'M',[4;-54;-59;-76],3,[4;-27;-59;-19],2,[0;1;0;2]},{'A',[800;536;413;589],4,[832;104;-59;-19],3,0,[-4;54;59;76],3,3},{'M',[7;12;-984;-3],3,[13;13;-123;-131],2,[NaN;NaN;3;NaN],[7;12;-127;-3],2,[0;0;NaN;0]},{'M',[13;-216;-127;-304],3,[13;13;-123;-131],2,[0;NaN;NaN;NaN],[4;-27;-59;-19],2,[NaN;3;NaN;4],[7;12;-127;-3],2,[NaN;NaN;0;NaN]},{'A',[-19;-420;-730;-611],4,[7;12;-984;-3],3,0,[-13;-216;127;-304],3,1},{'O',[19;420;730;611],4,[19;420;730;611],4,0},{'M',[-14;-112;-286;-137],4,[-7;-7;-143;-137],3,[1;4;1;0]},{'O',[14;112;286;137],4,[14;112;286;137],4,0},{'O',[800;536;413;589],4,[800;536;413;589],4,0}}
Adder graph: {{'M',[128;8;1;64],1,[1;1;1;1],0,[7;3;0;6]},{'M',[512;1024;256;1],1,[1;1;1;1],0,[9;10;8;0]},{'A',[-384;1032;-255;63],2,[128;8;1;64],1,0,[-512;1024;-256;-1],1,0},{'A',[15;15;15;15],1,[1;1;1;1],0,4,[-1;-1;-1;-1],0,0},{'M',[1;2;2;2],1,[1;1;1;1],0,[0;1;1;1]},{'A',[47;49;79;79],2,[1;2;2;2],1,5,[15;-15;15;15],1,0},{'M',[16;128;1;4],1,[1;1;1;1],0,[4;7;0;2]},{'A',[-1;-113;16;19],2,[15;15;15;15],1,0,[-16;-128;1;4],1,0},{'M',[-768;1032;-255;19],3,[-384;1032;-255;63],2,[1;0;0;NaN],[-1;-113;16;19],2,[NaN;NaN;NaN;0]},{'M',[-16;784;79;304],3,[47;49;79;79],2,[NaN;4;0;NaN],[-1;-113;16;19],2,[4;NaN;NaN;4]},{'A',[-800;-536;-413;-589],4,[-768;1032;-255;19],3,0,[-16;-784;-79;-304],3,1},{'M',[15;960;15;15],2,[15;15;15;15],1,[0;6;0;0]},{'A',[7;56;143;137],3,[-1;-113;16;19],2,3,[15;960;15;-15],2,0},{'M',[47;196;158;63],3,[-384;1032;-255;63],2,[NaN;NaN;NaN;0],[47;49;79;79],2,[0;2;1;NaN]},{'A',[19;420;730;611],4,[47;196;158;63],3,0,[-7;56;143;137],3,2},{'O',[19;420;730;611],4,[19;420;730;611],4,0},{'M',[14;112;286;137],4,[7;56;143;137],3,[1;1;1;0]},{'O',[14;112;286;137],4,[14;112;286;137],4,0},{'O',[800;536;413;589],4,[800;536;413;589],4,0}}
Adder graph: {{'A',[-3;-3;5;-3],1,[1;1;1;1],0,0,[-1;-1;1;-1],0,2},{'M',[-96;-12;5;-3],2,[-3;-3;5;-3],1,[5;2;0;0]},{'M',[-3;-12;5;-3],2,[-3;-3;5;-3],1,[0;2;0;0]},{'A',[-84;-60;25;-15],3,[-96;-12;5;-3],2,0,[3;-12;5;-3],2,2},{'M',[1;4;64;16],1,[1;1;1;1],0,[0;2;6;4]},{'A',[-2;-7;-59;-19],2,[-3;-3;5;-3],1,0,[1;-4;-64;-16],1,0},{'M',[-16;-7;-118;-152],3,[-2;-7;-59;-19],2,[3;0;1;3]},{'A',[-100;-67;-143;-137],4,[-16;-7;-118;-152],3,0,[-84;-60;-25;15],3,0},{'M',[-2;-7;-59;-76],3,[-2;-7;-59;-19],2,[0;0;0;2]},{'M',[-2;-56;-59;-19],3,[-2;-7;-59;-19],2,[0;3;0;0]},{'A',[-14;-112;-413;-589],4,[-2;-7;-59;-76],3,3,[2;-56;59;19],3,0},{'M',[1;1;32;1],1,[1;1;1;1],0,[0;0;5;0]},{'M',[1;32;1;1],1,[1;1;1;1],0,[0;5;0;0]},{'A',[3;-28;129;3],2,[1;1;32;1],1,2,[-1;-32;1;-1],1,0},{'M',[3;-28;258;3],3,[3;-28;129;3],2,[0;0;1;0]},{'M',[-2;-56;-59;-76],3,[-2;-7;-59;-19],2,[0;3;0;2]},{'A',[19;420;730;611],4,[3;-28;258;3],3,0,[2;56;59;76],3,3},{'R',[19;420;730;611],5,[19;420;730;611],4},{'O',[19;420;730;611],5,[19;420;730;611],5,0},{'M',[-14;-112;-286;-137],5,[-100;-67;-143;-137],4,[NaN;NaN;1;0],[-14;-112;-413;-589],4,[0;0;NaN;NaN]},{'O',[14;112;286;137],5,[14;112;286;137],5,0},{'M',[-800;-536;-413;-589],5,[-100;-67;-143;-137],4,[3;3;NaN;NaN],[-14;-112;-413;-589],4,[NaN;NaN;0;0]},{'O',[800;536;413;589],5,[800;536;413;589],5,0}}
Adder graph: {{'A',[3;1;3;3],1,[1;1;1;1],0,1,[1;-1;1;1],0,0},{'M',[1;1;16;16],1,[1;1;1;1],0,[0;0;4;4]},{'A',[2;-2;70;70],2,[3;1;3;3],1,1,[-1;-1;16;16],1,2},{'M',[3;32;3;3],2,[3;1;3;3],1,[0;5;0;0]},{'A',[7;28;143;137],3,[2;-2;70;70],2,1,[3;32;3;-3],2,0},{'M',[2;32;128;1],1,[1;1;1;1],0,[1;5;7;0]},{'A',[104;160;608;100],2,[2;32;128;1],1,2,[3;1;3;3],1,5},{'A',[-189;65;195;-189],2,[3;1;3;3],1,0,[-3;1;3;-3],1,6},{'M',[32;-16;195;-189],3,[2;-2;70;70],2,[4;3;NaN;NaN],[-189;65;195;-189],2,[NaN;NaN;0;0]},{'M',[832;520;608;400],3,[104;160;608;100],2,[3;NaN;0;2],[-189;65;195;-189],2,[NaN;3;NaN;NaN]},{'A',[-800;-536;-413;-589],4,[32;-16;195;-189],3,0,[-832;-520;-608;-400],3,0},{'M',[208;160;1120;800],3,[2;-2;70;70],2,[NaN;NaN;4;NaN],[104;160;608;100],2,[1;0;NaN;3]},{'M',[-189;260;390;-189],3,[-189;65;195;-189],2,[0;2;1;0]},{'A',[19;420;730;611],4,[208;160;1120;800],3,0,[-189;260;-390;-189],3,0},{'O',[19;420;730;611],4,[19;420;730;611],4,0},{'M',[14;112;286;137],4,[7;28;143;137],3,[1;2;1;0]},{'O',[14;112;286;137],4,[14;112;286;137],4,0},{'O',[800;536;413;589],4,[800;536;413;589],4,0}}
Adder graph: {{'A',[129;129;127;129],1,[1;1;1;1],0,7,[1;1;-1;1],0,0},{'M',[1;4;1;1],1,[1;1;1;1],0,[0;2;0;0]},{'A',[145;193;143;113],2,[129;129;127;129],1,0,[1;4;1;-1],1,4},{'M',[16;16;4;1],1,[1;1;1;1],0,[4;4;2;0]},{'A',[1;1;159;137],2,[129;129;127;129],1,0,[-16;-16;4;1],1,3},{'M',[1;1;8;4],1,[1;1;1;1],0,[0;0;3;2]},{'R',[1;1;1;1],1,[1;1;1;1],0},{'A',[15;17;127;63],2,[1;1;8;4],1,4,[-1;1;-1;-1],1,0},{'M',[145;17;143;113],3,[145;193;143;113],2,[0;NaN;0;0],[15;17;127;63],2,[NaN;0;NaN;NaN]},{'M',[480;1;159;137],3,[1;1;159;137],2,[NaN;0;0;0],[15;17;127;63],2,[5;NaN;NaN;NaN]},{'A',[100;67;413;589],4,[145;17;143;113],3,2,[-480;-1;-159;137],3,0},{'M',[15;17;127;274],3,[1;1;159;137],2,[NaN;NaN;NaN;1],[15;17;127;63],2,[0;0;0;NaN]},{'M',[1;193;159;137],3,[145;193;143;113],2,[NaN;0;NaN;NaN],[1;1;159;137],2,[0;NaN;0;0]},{'A',[14;210;286;137],4,[15;17;127;274],3,0,[-1;193;159;-137],3,0},{'M',[15;32;1016;63],3,[1;1;159;137],2,[NaN;5;NaN;NaN],[15;17;127;63],2,[0;NaN;3;0]},{'M',[2;2;143;274],3,[145;193;143;113],2,[NaN;NaN;0;NaN],[1;1;159;137],2,[1;1;NaN;1]},{'A',[19;28;730;611],4,[15;32;1016;63],3,0,[2;-2;-143;274],3,1},{'M',[19;420;730;611],5,[14;210;286;137],4,[NaN;1;NaN;NaN],[19;28;730;611],4,[0;NaN;0;0]},{'O',[19;420;730;611],5,[19;420;730;611],5,0},{'M',[14;112;286;137],5,[14;210;286;137],4,[0;NaN;0;0],[19;28;730;611],4,[NaN;2;NaN;NaN]},{'O',[14;112;286;137],5,[14;112;286;137],5,0},{'M',[800;536;413;589],5,[100;67;413;589],4,[3;3;0;0]},{'O',[800;536;413;589],5,[800;536;413;589],5,0}}
Adder graph: {{'A',[9;9;9;-7],1,[1;1;1;1],0,0,[1;1;1;-1],0,3},{'A',[45;-27;-27;-35],2,[9;9;9;-7],1,0,[9;-9;-9;-7],1,2},{'M',[64;256;2;1],1,[1;1;1;1],0,[6;8;1;0]},{'A',[640;320;578;-449],2,[9;9;9;-7],1,6,[64;-256;2;-1],1,0},{'M',[16;32;1;32],1,[1;1;1;1],0,[4;5;0;5]},{'A',[2;50;19;18],2,[9;9;9;-7],1,1,[-16;32;1;32],1,0},{'M',[640;-216;-432;-140],3,[45;-27;-27;-35],2,[NaN;3;4;2],[640;320;578;-449],2,[0;NaN;NaN;NaN]},{'M',[1440;320;19;-449],3,[45;-27;-27;-35],2,[5;NaN;NaN;NaN],[640;320;578;-449],2,[NaN;0;NaN;0],[2;50;19;18],2,[NaN;NaN;0;NaN]},{'A',[-800;-536;-413;-589],4,[640;-216;-432;-140],3,0,[-1440;-320;19;-449],3,0},{'M',[9;288;9;-7],2,[9;9;9;-7],1,[0;5;0;0]},{'A',[7;112;143;137],3,[2;50;19;18],2,3,[-9;-288;-9;-7],2,0},{'M',[64;320;578;576],3,[640;320;578;-449],2,[NaN;0;0;NaN],[2;50;19;18],2,[5;NaN;NaN;5]},{'M',[45;100;152;-35],3,[45;-27;-27;-35],2,[0;NaN;NaN;0],[2;50;19;18],2,[NaN;1;3;NaN]},{'A',[19;420;730;611],4,[64;320;578;576],3,0,[-45;100;152;35],3,0},{'O',[19;420;730;611],4,[19;420;730;611],4,0},{'M',[14;112;286;137],4,[7;112;143;137],3,[1;0;1;0]},{'O',[14;112;286;137],4,[14;112;286;137],4,0},{'O',[800;536;413;589],4,[800;536;413;589],4,0}}
Adder graph: {{'M',[4;4;1;1],1,[1;1;1;1],0,[2;2;0;0]},{'M',[1;1;16;16],1,[1;1;1;1],0,[0;0;4;4]},{'A',[12;-4;-127;129],2,[4;4;1;1],1,0,[1;-1;-16;16],1,3},{'M',[1;8;8;8],1,[1;1;1;1],0,[0;3;3;3]},{'A',[1;24;8;8],2,[1;8;8;8],1,1,[-1;8;-8;-8],1,0},{'M',[768;-256;-127;129],3,[12;-4;-127;129],2,[6;6;0;0]},{'M',[4;-8;32;8],3,[12;-4;-127;129],2,[NaN;1;NaN;NaN],[1;24;8;8],2,[2;NaN;2;0]},{'A',[772;-248;-159;137],4,[768;-256;-127;129],3,0,[4;8;-32;8],3,0},{'M',[4;96;8;8],3,[1;24;8;8],2,[2;2;0;0]},{'M',[1;-4;-127;129],3,[12;-4;-127;129],2,[NaN;0;0;0],[1;24;8;8],2,[0;NaN;NaN;NaN]},{'A',[7;196;143;-113],4,[4;96;8;8],3,1,[-1;4;127;-129],3,0},{'A',[800;536;413;589],5,[772;-248;-159;137],4,0,[7;196;143;113],4,2},{'M',[32;24;1024;256],3,[1;24;8;8],2,[5;0;7;5]},{'M',[1;-4;8;129],3,[12;-4;-127;129],2,[NaN;0;NaN;0],[1;24;8;8],2,[0;NaN;0;NaN]},{'A',[33;28;1016;385],4,[32;24;1024;256],3,0,[1;4;-8;129],3,0},{'A',[19;420;730;611],5,[33;28;1016;385],4,0,[-7;196;-143;113],4,1},{'O',[19;420;730;611],5,[19;420;730;611],5,0},{'M',[14;112;286;137],5,[772;-248;-159;137],4,[NaN;NaN;NaN;0],[7;196;143;-113],4,[1;NaN;1;NaN],[33;28;1016;385],4,[NaN;2;NaN;NaN]},{'O',[14;112;286;137],5,[14;112;286;137],5,0},{'O',[800;536;413;589],5,[800;536;413;589],5,0}}
Adder graph: {{'A',[-3;5;-3;-3],1,[1;1;1;1],0,0,[-1;1;-1;-1],0,2},{'A',[9;7;7;9],1,[1;1;1;1],0,3,[1;-1;-1;1],0,0},{'M',[1;16;16;16],1,[1;1;1;1],0,[0;4;4;4]},{'A',[4;11;19;13],2,[1;16;16;16],1,0,[3;-5;3;-3],1,0},{'M',[1;1;16;16],1,[1;1;1;1],0,[0;0;4;4]},{'A',[-1;7;-35;-35],2,[-3;5;-3;-3],1,0,[1;1;-16;-16],1,1},{'M',[-3;448;-3;-3],2,[-3;5;-3;-3],1,[0;NaN;0;0],[9;7;7;9],1,[NaN;6;NaN;NaN]},{'A',[-7;-420;-143;-137],3,[-1;7;-35;-35],2,2,[-3;-448;-3;3],2,0},{'M',[9;7;224;288],2,[9;7;7;9],1,[0;0;5;5]},{'A',[-19;-7;413;-611],3,[-1;7;-35;-35],2,0,[-9;-7;224;-288],2,1},{'M',[-12;7;-48;72],2,[-3;5;-3;-3],1,[2;NaN;4;NaN],[9;7;7;9],1,[NaN;0;NaN;3]},{'A',[100;67;-365;589],3,[4;11;19;13],2,0,[12;7;-48;72],2,3},{'M',[-19;-420;-730;-611],4,[-7;-420;-143;-137],3,[NaN;0;NaN;NaN],[-19;-7;413;-611],3,[0;NaN;NaN;0],[100;67;-365;589],3,[NaN;NaN;1;NaN]},{'O',[19;420;730;611],4,[19;420;730;611],4,0},{'M',[-14;-112;-286;-137],4,[-7;-420;-143;-137],3,[1;NaN;1;0],[-19;-7;413;-611],3,[NaN;4;NaN;NaN]},{'O',[14;112;286;137],4,[14;112;286;137],4,0},{'M',[800;536;413;589],4,[-19;-7;413;-611],3,[NaN;NaN;0;NaN],[100;67;-365;589],3,[3;3;NaN;0]},{'O',[800;536;413;589],4,[800;536;413;589],4,0}}
Adder graph: {{'A',[-15;-15;-15;17],1,[1;1;1;1],0,0,[-1;-1;-1;1],0,4},{'M',[2;2;1;2],1,[1;1;1;1],0,[1;1;0;1]},{'A',[-13;-13;-14;19],2,[-15;-15;-15;17],1,0,[2;2;1;2],1,0},{'M',[64;1;1;1],1,[1;1;1;1],0,[6;0;0;0]},{'A',[4;61;-59;-67],2,[64;1;1;1],1,0,[-15;15;-15;-17],1,2},{'M',[1;2;2;1],1,[1;1;1;1],0,[0;1;1;0]},{'M',[1;1;128;1],1,[1;1;1;1],0,[0;0;7;0]},{'A',[3;4;258;3],2,[1;2;2;1],1,0,[1;1;128;1],1,1},{'M',[768;1024;-59;608],3,[-13;-13;-14;19],2,[NaN;NaN;NaN;5],[4;61;-59;-67],2,[NaN;NaN;0;NaN],[3;4;258;3],2,[8;8;NaN;NaN]},{'M',[32;488;-472;19],3,[-13;-13;-14;19],2,[NaN;NaN;NaN;0],[4;61;-59;-67],2,[3;3;3;NaN]},{'A',[800;536;413;589],4,[768;1024;-59;608],3,0,[32;-488;472;-19],3,0},{'M',[-13;4;258;3],3,[-13;-13;-14;19],2,[0;NaN;NaN;NaN],[3;4;258;3],2,[NaN;0;0;0]},{'M',[4;-52;-59;76],3,[-13;-13;-14;19],2,[NaN;2;NaN;2],[4;61;-59;-67],2,[0;NaN;0;NaN]},{'A',[19;420;730;611],4,[-13;4;258;3],3,0,[4;52;59;76],3,3},{'M',[6;8;258;3],3,[3;4;258;3],2,[1;1;0;0]},{'M',[4;-52;-14;-67],3,[-13;-13;-14;19],2,[NaN;2;0;NaN],[4;61;-59;-67],2,[0;NaN;NaN;0]},{'A',[14;112;286;137],4,[6;8;258;3],3,0,[4;52;14;67],3,1},{'O',[19;420;730;611],4,[19;420;730;611],4,0},{'O',[14;112;286;137],4,[14;112;286;137],4,0},{'O',[800;536;413;589],4,[800;536;413;589],4,0}}
Adder graph: {{'A',[5;3;5;3],1,[1;1;1;1],0,2,[1;-1;1;-1],0,0},{'M',[1;1;4;4],1,[1;1;1;1],0,[0;0;2;2]},{'A',[3;11;37;35],2,[1;1;4;4],1,3,[-5;3;5;3],1,0},{'M',[5;12;5;3],2,[5;3;5;3],1,[0;2;0;0]},{'A',[7;56;143;137],3,[3;11;37;35],2,2,[-5;12;-5;-3],2,0},{'A',[75;45;85;51],2,[5;3;5;3],1,4,[-5;-3;5;3],1,0},{'M',[16;4;1;16],1,[1;1;1;1],0,[4;2;0;4]},{'A',[56;28;41;40],2,[5;3;5;3],1,3,[16;4;1;16],1,0},{'M',[112;56;41;80],3,[56;28;41;40],2,[1;1;0;1]},{'M',[96;88;85;51],3,[3;11;37;35],2,[5;3;NaN;NaN],[75;45;85;51],2,[NaN;NaN;0;0]},{'A',[800;536;413;589],4,[112;56;41;80],3,3,[-96;88;85;-51],3,0},{'M',[75;448;656;51],3,[75;45;85;51],2,[0;NaN;NaN;0],[56;28;41;40],2,[NaN;4;4;NaN]},{'M',[56;28;74;560],3,[3;11;37;35],2,[NaN;NaN;1;4],[56;28;41;40],2,[0;0;NaN;NaN]},{'A',[19;420;730;611],4,[75;448;656;51],3,0,[-56;-28;74;560],3,0},{'O',[19;420;730;611],4,[19;420;730;611],4,0},{'M',[14;112;286;137],4,[7;56;143;137],3,[1;1;1;0]},{'O',[14;112;286;137],4,[14;112;286;137],4,0},{'O',[800;536;413;589],4,[800;536;413;589],4,0}}
Finished solving after 14412.9 seconds
Adder graph: {{'A',[5;3;5;3],1,[1;1;1;1],0,2,[1;-1;1;-1],0,0},{'M',[1;1;4;4],1,[1;1;1;1],0,[0;0;2;2]},{'A',[3;11;37;35],2,[1;1;4;4],1,3,[-5;3;5;3],1,0},{'M',[5;12;5;3],2,[5;3;5;3],1,[0;2;0;0]},{'A',[7;56;143;137],3,[3;11;37;35],2,2,[-5;12;-5;-3],2,0},{'A',[75;45;85;51],2,[5;3;5;3],1,4,[-5;-3;5;3],1,0},{'M',[16;4;1;16],1,[1;1;1;1],0,[4;2;0;4]},{'A',[56;28;41;40],2,[5;3;5;3],1,3,[16;4;1;16],1,0},{'M',[112;56;41;80],3,[56;28;41;40],2,[1;1;0;1]},{'M',[96;88;85;51],3,[3;11;37;35],2,[5;3;NaN;NaN],[75;45;85;51],2,[NaN;NaN;0;0]},{'A',[800;536;413;589],4,[112;56;41;80],3,3,[-96;88;85;-51],3,0},{'M',[75;448;656;51],3,[75;45;85;51],2,[0;NaN;NaN;0],[56;28;41;40],2,[NaN;4;4;NaN]},{'M',[56;28;74;560],3,[3;11;37;35],2,[NaN;NaN;1;4],[56;28;41;40],2,[0;0;NaN;NaN]},{'A',[19;420;730;611],4,[75;448;656;51],3,0,[-56;-28;74;560],3,0},{'O',[19;420;730;611],4,[19;420;730;611],4,0},{'M',[14;112;286;137],4,[7;56;143;137],3,[1;1;1;0]},{'O',[14;112;286;137],4,[14;112;286;137],4,0},{'O',[800;536;413;589],4,[800;536;413;589],4,0}}
# Add optimal = 0
# Mux optimal = 0
# Mux registers optimal = 0
# FAs optimal = 0
