Adder graph: {{'M',[1;8;256;1],1,[1;1;1;1],0,[0;3;8;0]},{'M',[8;1;1;16],1,[1;1;1;1],0,[3;0;0;4]},{'A',[-7;7;257;17],2,[1;8;256;1],1,0,[-8;-1;1;16],1,0},{'M',[64;256;1;64],1,[1;1;1;1],0,[6;8;0;6]},{'M',[1;8;4;1],1,[1;1;1;1],0,[0;3;2;0]},{'A',[62;240;9;66],2,[64;256;1;64],1,0,[-1;-8;4;1],1,1},{'A',[117;487;275;115],3,[62;240;9;66],2,1,[-7;7;257;-17],2,0},{'M',[-28;28;36;66],3,[-7;7;257;17],2,[2;2;NaN;NaN],[62;240;9;66],2,[NaN;NaN;2;0]},{'A',[-565;935;851;941],4,[-28;28;36;66],3,4,[-117;487;275;-115],3,0},{'M',[1;128;16;1],1,[1;1;1;1],0,[0;7;4;0]},{'M',[4;1;128;128],1,[1;1;1;1],0,[2;0;7;7]},{'A',[-3;127;-112;-127],2,[1;128;16;1],1,0,[-4;-1;-128;-128],1,0},{'M',[496;14;-448;-127],3,[-7;7;257;17],2,[NaN;1;NaN;NaN],[62;240;9;66],2,[3;NaN;NaN;NaN],[-3;127;-112;-127],2,[NaN;NaN;2;0]},{'A',[613;-473;-723;-12],4,[496;14;-448;-127],3,0,[117;-487;-275;115],3,0},{'M',[-3;127;-112;17],3,[-7;7;257;17],2,[NaN;NaN;NaN;0],[-3;127;-112;-127],2,[0;0;0;NaN]},{'M',[-448;28;514;17],3,[-7;7;257;17],2,[6;2;1;0]},{'A',[445;155;402;34],4,[-3;127;-112;17],3,0,[448;28;514;17],3,0},{'M',[-565;-473;-723;-48],5,[-565;935;851;941],4,[0;NaN;NaN;NaN],[613;-473;-723;-12],4,[NaN;0;0;2]},{'O',[565;473;723;48],5,[565;473;723;48],5,0},{'M',[445;935;851;34],5,[-565;935;851;941],4,[NaN;0;0;NaN],[445;155;402;34],4,[0;NaN;NaN;0]},{'O',[445;935;851;34],5,[445;935;851;34],5,0},{'M',[613;155;804;941],5,[-565;935;851;941],4,[NaN;NaN;NaN;0],[613;-473;-723;-12],4,[0;NaN;NaN;NaN],[445;155;402;34],4,[NaN;0;1;NaN]},{'O',[613;155;804;941],5,[613;155;804;941],5,0}}
Adder graph: {{'M',[16;128;128;1],1,[1;1;1;1],0,[4;7;7;0]},{'M',[1;2;4;1],1,[1;1;1;1],0,[0;1;2;0]},{'A',[31;258;252;3],2,[16;128;128;1],1,1,[-1;2;-4;1],1,0},{'M',[1;32;1;1],1,[1;1;1;1],0,[0;5;0;0]},{'M',[8;1;32;32],1,[1;1;1;1],0,[3;0;5;5]},{'A',[-7;31;33;-31],2,[1;32;1;1],1,0,[-8;-1;32;-32],1,0},{'A',[117;1001;975;-19],3,[31;258;252;3],2,2,[-7;-31;-33;-31],2,0},{'M',[1;2;128;1024],1,[1;1;1;1],0,[0;1;7;10]},{'M',[1;16;1;16],1,[1;1;1;1],0,[0;4;0;4]},{'A',[-3;66;124;960],2,[1;2;128;1024],1,0,[-1;16;-1;-16],1,2},{'M',[-3;124;1056;3],3,[31;258;252;3],2,[NaN;NaN;NaN;0],[-7;31;33;-31],2,[NaN;2;5;NaN],[-3;66;124;960],2,[0;NaN;NaN;NaN]},{'M',[-448;31;252;-31],3,[31;258;252;3],2,[NaN;NaN;0;NaN],[-7;31;33;-31],2,[6;0;NaN;0]},{'A',[445;155;804;34],4,[-3;124;1056;3],3,0,[448;31;-252;31],3,0},{'M',[496;66;252;960],3,[31;258;252;3],2,[4;NaN;0;NaN],[-3;66;124;960],2,[NaN;0;NaN;0]},{'A',[613;935;723;941],4,[117;1001;975;-19],3,0,[496;-66;-252;960],3,0},{'M',[-448;528;124;-31],3,[-7;31;33;-31],2,[6;NaN;NaN;0],[-3;66;124;960],2,[NaN;3;0;NaN]},{'A',[565;473;851;12],4,[117;1001;975;-19],3,0,[448;-528;-124;31],3,0},{'M',[565;473;723;48],5,[613;935;723;941],4,[NaN;NaN;0;NaN],[565;473;851;12],4,[0;0;NaN;2]},{'O',[565;473;723;48],5,[565;473;723;48],5,0},{'M',[445;935;851;34],5,[445;155;804;34],4,[0;NaN;NaN;0],[613;935;723;941],4,[NaN;0;NaN;NaN],[565;473;851;12],4,[NaN;NaN;0;NaN]},{'O',[445;935;851;34],5,[445;935;851;34],5,0},{'M',[613;155;804;941],5,[445;155;804;34],4,[NaN;0;0;NaN],[613;935;723;941],4,[0;NaN;NaN;0]},{'O',[613;155;804;941],5,[613;155;804;941],5,0}}
Adder graph: {{'M',[2;256;256;1],1,[1;1;1;1],0,[1;8;8;0]},{'M',[32;1;1;1],1,[1;1;1;1],0,[5;0;0;0]},{'A',[130;260;252;-3],2,[2;256;256;1],1,0,[32;1;-1;-1],1,2},{'M',[1;1;1;1024],1,[1;1;1;1],0,[0;0;0;10]},{'M',[1;2;8;16],1,[1;1;1;1],0,[0;1;3;4]},{'A',[-3;9;33;960],2,[1;1;1;1024],1,0,[-1;2;8;-16],1,2},{'A',[517;1049;-975;972],3,[-3;9;33;960],2,0,[130;260;-252;3],2,2},{'M',[-48;576;252;960],3,[130;260;252;-3],2,[NaN;NaN;0;NaN],[-3;9;33;960],2,[4;6;NaN;0]},{'A',[-565;-473;-723;-12],4,[-48;576;252;960],3,0,[-517;-1049;-975;-972],3,0},{'M',[1;32;32;32],1,[1;1;1;1],0,[0;5;5;5]},{'M',[8;1;1;1],1,[1;1;1;1],0,[3;0;0;0]},{'A',[-7;31;31;31],2,[1;32;32;32],1,0,[-8;-1;-1;-1],1,0},{'M',[-448;124;1056;31],3,[-3;9;33;960],2,[NaN;NaN;5;NaN],[-7;31;31;31],2,[6;2;NaN;0]},{'M',[-3;31;252;-48],3,[130;260;252;-3],2,[NaN;NaN;0;4],[-3;9;33;960],2,[0;NaN;NaN;NaN],[-7;31;31;31],2,[NaN;0;NaN;NaN]},{'A',[-445;155;804;-17],4,[-448;124;1056;31],3,0,[3;31;-252;-48],3,0},{'M',[-96;1984;124;31],3,[-3;9;33;960],2,[5;NaN;NaN;NaN],[-7;31;31;31],2,[NaN;6;2;0]},{'A',[613;-935;-851;941],4,[517;1049;-975;972],3,0,[96;-1984;124;-31],3,0},{'M',[-565;-473;-723;-48],5,[-565;-473;-723;-12],4,[0;0;0;2]},{'O',[565;473;723;48],5,[565;473;723;48],5,0},{'M',[-445;-935;-851;-34],5,[-445;155;804;-17],4,[0;NaN;NaN;1],[613;-935;-851;941],4,[NaN;0;0;NaN]},{'O',[445;935;851;34],5,[445;935;851;34],5,0},{'M',[613;155;804;941],5,[-445;155;804;-17],4,[NaN;0;0;NaN],[613;-935;-851;941],4,[0;NaN;NaN;0]},{'O',[613;155;804;941],5,[613;155;804;941],5,0}}
Adder graph: {{'M',[32;32;64;1],1,[1;1;1;1],0,[5;5;6;0]},{'M',[4;2;1;2],1,[1;1;1;1],0,[2;1;0;1]},{'A',[28;30;63;-1],2,[32;32;64;1],1,0,[-4;-2;-1;-2],1,0},{'M',[2;1;32;1],1,[1;1;1;1],0,[1;0;5;0]},{'M',[1;4;1;16],1,[1;1;1;1],0,[0;2;0;4]},{'A',[3;5;31;-15],2,[2;1;32;1],1,0,[1;4;-1;-16],1,0},{'M',[1;1;32;1],1,[1;1;1;1],0,[0;0;5;0]},{'M',[4;8;1;4],1,[1;1;1;1],0,[2;3;0;2]},{'A',[5;-7;33;-3],2,[1;1;32;1],1,0,[4;-8;1;-4],1,0},{'M',[3;160;264;-48],3,[3;5;31;-15],2,[0;5;NaN;NaN],[5;-7;33;-3],2,[NaN;NaN;3;4]},{'M',[448;5;63;-96],3,[28;30;63;-1],2,[4;NaN;0;NaN],[3;5;31;-15],2,[NaN;0;NaN;NaN],[5;-7;33;-3],2,[NaN;NaN;NaN;5]},{'A',[-445;155;201;48],4,[3;160;264;-48],3,0,[-448;-5;-63;96],3,0},{'A',[453;487;975;-19],3,[28;30;63;-1],2,4,[5;7;-33;-3],2,0},{'M',[160;-448;124;-15],3,[3;5;31;-15],2,[NaN;NaN;2;0],[5;-7;33;-3],2,[5;6;NaN;NaN]},{'A',[613;-935;-851;-34],4,[160;-448;124;-15],3,0,[453;-487;-975;-19],3,0},{'M',[56;-7;126;-480],3,[28;30;63;-1],2,[1;NaN;1;NaN],[3;5;31;-15],2,[NaN;NaN;NaN;5],[5;-7;33;-3],2,[NaN;0;NaN;NaN]},{'A',[565;473;723;941],4,[453;487;975;-19],3,0,[56;-7;-126;480],3,1},{'M',[565;473;723;48],5,[-445;155;201;48],4,[NaN;NaN;NaN;0],[565;473;723;941],4,[0;0;0;NaN]},{'O',[565;473;723;48],5,[565;473;723;48],5,0},{'M',[-445;-935;-851;-34],5,[-445;155;201;48],4,[0;NaN;NaN;NaN],[613;-935;-851;-34],4,[NaN;0;0;0]},{'O',[445;935;851;34],5,[445;935;851;34],5,0},{'M',[613;155;804;941],5,[-445;155;201;48],4,[NaN;0;2;NaN],[613;-935;-851;-34],4,[0;NaN;NaN;NaN],[565;473;723;941],4,[NaN;NaN;NaN;0]},{'O',[613;155;804;941],5,[613;155;804;941],5,0}}
Adder graph: {{'M',[1;1;1;512],1,[1;1;1;1],0,[0;0;0;9]},{'M',[4;8;8;1],1,[1;1;1;1],0,[2;3;3;0]},{'A',[-3;-7;-7;511],2,[1;1;1;512],1,0,[-4;-8;-8;-1],1,0},{'M',[4;2;128;1],1,[1;1;1;1],0,[2;1;7;0]},{'R',[1;1;1;1],1,[1;1;1;1],0},{'A',[7;5;257;1],2,[4;2;128;1],1,1,[-1;1;1;-1],1,0},{'M',[448;160;-224;1],3,[-3;-7;-7;511],2,[NaN;NaN;5;NaN],[7;5;257;1],2,[6;5;NaN;0]},{'M',[-3;5;1028;4],3,[-3;-7;-7;511],2,[0;NaN;NaN;NaN],[7;5;257;1],2,[NaN;0;2;2]},{'A',[445;155;804;-3],4,[448;160;-224;1],3,0,[-3;-5;1028;-4],3,0},{'M',[64;16;1;32],1,[1;1;1;1],0,[6;4;0;5]},{'M',[2;1;8;8],1,[1;1;1;1],0,[1;0;3;3]},{'A',[62;15;9;40],2,[64;16;1;32],1,0,[-2;-1;8;8],1,0},{'A',[-117;-25;275;81],3,[7;5;257;1],2,0,[-62;-15;9;40],2,1},{'M',[248;-224;-224;511],3,[-3;-7;-7;511],2,[NaN;5;5;0],[62;15;9;40],2,[2;NaN;NaN;NaN]},{'A',[613;-473;-723;941],4,[248;-224;-224;511],3,1,[117;-25;-275;-81],3,0},{'M',[7;15;9;1],3,[7;5;257;1],2,[0;NaN;NaN;0],[62;15;9;40],2,[NaN;0;0;NaN]},{'A',[-565;935;851;17],4,[-117;-25;275;81],3,0,[-7;15;9;-1],3,6},{'M',[-565;-473;-723;-48],5,[445;155;804;-3],4,[NaN;NaN;NaN;4],[613;-473;-723;941],4,[NaN;0;0;NaN],[-565;935;851;17],4,[0;NaN;NaN;NaN]},{'O',[565;473;723;48],5,[565;473;723;48],5,0},{'M',[445;935;851;34],5,[445;155;804;-3],4,[0;NaN;NaN;NaN],[-565;935;851;17],4,[NaN;0;0;1]},{'O',[445;935;851;34],5,[445;935;851;34],5,0},{'M',[613;155;804;941],5,[445;155;804;-3],4,[NaN;0;0;NaN],[613;-473;-723;941],4,[0;NaN;NaN;0]},{'O',[613;155;804;941],5,[613;155;804;941],5,0}}
Adder graph: {{'M',[1;32;16;64],1,[1;1;1;1],0,[0;5;4;6]},{'R',[1;1;1;1],1,[1;1;1;1],0},{'A',[3;127;65;255],2,[1;32;16;64],1,2,[-1;-1;1;-1],1,0},{'M',[4;8;1;1],1,[1;1;1;1],0,[2;3;0;0]},{'M',[1;1;64;32],1,[1;1;1;1],0,[0;0;6;5]},{'A',[5;7;-63;-31],2,[4;8;1;1],1,0,[1;-1;-64;-32],1,0},{'M',[32;32;32;1],1,[1;1;1;1],0,[5;5;5;0]},{'M',[4;2;1;2],1,[1;1;1;1],0,[2;1;0;1]},{'A',[28;30;33;3],2,[32;32;32;1],1,0,[-4;-2;1;2],1,0},{'M',[448;127;264;48],3,[3;127;65;255],2,[NaN;0;NaN;NaN],[28;30;33;3],2,[4;NaN;3;4]},{'M',[3;28;-63;-31],3,[3;127;65;255],2,[0;NaN;NaN;NaN],[5;7;-63;-31],2,[NaN;2;0;0]},{'A',[445;155;201;17],4,[448;127;264;48],3,0,[-3;28;-63;-31],3,0},{'A',[453;487;-591;-79],3,[5;7;-63;-31],2,0,[28;30;-33;-3],2,4},{'M',[40;112;65;255],3,[3;127;65;255],2,[NaN;NaN;0;0],[5;7;-63;-31],2,[3;4;NaN;NaN]},{'A',[613;935;851;941],4,[40;112;65;255],3,2,[453;487;591;-79],3,0},{'M',[112;960;132;-31],3,[5;7;-63;-31],2,[NaN;NaN;NaN;0],[28;30;33;3],2,[2;5;2;NaN]},{'A',[565;473;723;48],4,[112;960;132;-31],3,0,[453;-487;591;79],3,0},{'R',[565;473;723;48],5,[565;473;723;48],4},{'O',[565;473;723;48],5,[565;473;723;48],5,0},{'M',[445;935;851;34],5,[445;155;201;17],4,[0;NaN;NaN;1],[613;935;851;941],4,[NaN;0;0;NaN]},{'O',[445;935;851;34],5,[445;935;851;34],5,0},{'M',[613;155;804;941],5,[445;155;201;17],4,[NaN;0;2;NaN],[613;935;851;941],4,[0;NaN;NaN;0]},{'O',[613;155;804;941],5,[613;155;804;941],5,0}}
Adder graph: {{'M',[1;32;1;1],1,[1;1;1;1],0,[0;5;0;0]},{'M',[2;1;64;2],1,[1;1;1;1],0,[1;0;6;1]},{'A',[3;31;-63;3],2,[1;32;1;1],1,0,[2;-1;-64;2],1,0},{'M',[1;2;2;2],1,[1;1;1;1],0,[0;1;1;1]},{'M',[64;1;64;4],1,[1;1;1;1],0,[6;0;6;2]},{'A',[65;1;66;-2],2,[1;2;2;2],1,0,[64;-1;64;-4],1,0},{'A',[-517;39;-591;19],3,[3;31;-63;3],2,0,[-65;1;-66;2],2,3},{'M',[32;512;1;512],1,[1;1;1;1],0,[5;9;0;9]},{'M',[1;16;16;8],1,[1;1;1;1],0,[0;4;4;3]},{'A',[28;448;65;480],2,[32;512;1;512],1,0,[-1;-16;16;-8],1,2},{'M',[48;512;132;-2],3,[3;31;-63;3],2,[4;NaN;NaN;NaN],[65;1;66;-2],2,[NaN;9;1;0]},{'A',[565;473;723;17],4,[48;512;132;-2],3,0,[517;-39;591;19],3,0},{'M',[448;31;1056;3],3,[3;31;-63;3],2,[NaN;0;NaN;0],[65;1;66;-2],2,[NaN;NaN;4;NaN],[28;448;65;480],2,[4;NaN;NaN;NaN]},{'M',[3;124;-252;3],3,[3;31;-63;3],2,[0;2;2;0]},{'A',[445;155;804;6],4,[448;31;1056;3],3,0,[-3;124;-252;3],3,0},{'M',[48;448;130;480],3,[3;31;-63;3],2,[4;NaN;NaN;NaN],[28;448;65;480],2,[NaN;0;1;0]},{'A',[613;935;851;941],4,[48;448;130;480],3,1,[517;39;591;-19],3,0},{'M',[565;473;723;48],5,[565;473;723;17],4,[0;0;0;NaN],[445;155;804;6],4,[NaN;NaN;NaN;3]},{'O',[565;473;723;48],5,[565;473;723;48],5,0},{'M',[445;935;851;34],5,[565;473;723;17],4,[NaN;NaN;NaN;1],[445;155;804;6],4,[0;NaN;NaN;NaN],[613;935;851;941],4,[NaN;0;0;NaN]},{'O',[445;935;851;34],5,[445;935;851;34],5,0},{'M',[613;155;804;941],5,[445;155;804;6],4,[NaN;0;0;NaN],[613;935;851;941],4,[0;NaN;NaN;0]},{'O',[613;155;804;941],5,[613;155;804;941],5,0}}
Finished solving after 14414.3 seconds
Adder graph: {{'M',[1;32;1;1],1,[1;1;1;1],0,[0;5;0;0]},{'M',[2;1;64;2],1,[1;1;1;1],0,[1;0;6;1]},{'A',[3;31;-63;3],2,[1;32;1;1],1,0,[2;-1;-64;2],1,0},{'M',[1;2;2;2],1,[1;1;1;1],0,[0;1;1;1]},{'M',[64;1;64;4],1,[1;1;1;1],0,[6;0;6;2]},{'A',[65;1;66;-2],2,[1;2;2;2],1,0,[64;-1;64;-4],1,0},{'A',[-517;39;-591;19],3,[3;31;-63;3],2,0,[-65;1;-66;2],2,3},{'M',[32;512;1;512],1,[1;1;1;1],0,[5;9;0;9]},{'M',[1;16;16;8],1,[1;1;1;1],0,[0;4;4;3]},{'A',[28;448;65;480],2,[32;512;1;512],1,0,[-1;-16;16;-8],1,2},{'M',[48;512;132;-2],3,[3;31;-63;3],2,[4;NaN;NaN;NaN],[65;1;66;-2],2,[NaN;9;1;0]},{'A',[565;473;723;17],4,[48;512;132;-2],3,0,[517;-39;591;19],3,0},{'M',[448;31;1056;3],3,[3;31;-63;3],2,[NaN;0;NaN;0],[65;1;66;-2],2,[NaN;NaN;4;NaN],[28;448;65;480],2,[4;NaN;NaN;NaN]},{'M',[3;124;-252;3],3,[3;31;-63;3],2,[0;2;2;0]},{'A',[445;155;804;6],4,[448;31;1056;3],3,0,[-3;124;-252;3],3,0},{'M',[48;448;130;480],3,[3;31;-63;3],2,[4;NaN;NaN;NaN],[28;448;65;480],2,[NaN;0;1;0]},{'A',[613;935;851;941],4,[48;448;130;480],3,1,[517;39;591;-19],3,0},{'M',[565;473;723;48],5,[565;473;723;17],4,[0;0;0;NaN],[445;155;804;6],4,[NaN;NaN;NaN;3]},{'O',[565;473;723;48],5,[565;473;723;48],5,0},{'M',[445;935;851;34],5,[565;473;723;17],4,[NaN;NaN;NaN;1],[445;155;804;6],4,[0;NaN;NaN;NaN],[613;935;851;941],4,[NaN;0;0;NaN]},{'O',[445;935;851;34],5,[445;935;851;34],5,0},{'M',[613;155;804;941],5,[445;155;804;6],4,[NaN;0;0;NaN],[613;935;851;941],4,[0;NaN;NaN;0]},{'O',[613;155;804;941],5,[613;155;804;941],5,0}}
# Add optimal = 0
# Mux optimal = 0
# Mux registers optimal = 0
# FAs optimal = 0
