Adder graph: {{'A',[7;9;7;7],1,[1;1;1;1],0,3,[-1;1;-1;-1],0,0},{'M',[1;1;2;256],1,[1;1;1;1],0,[0;0;1;8]},{'A',[-27;37;-26;228],2,[1;1;2;256],1,0,[-7;9;-7;-7],1,2},{'M',[64;1;8;8],1,[1;1;1;1],0,[6;0;3;3]},{'A',[71;10;15;1],2,[64;1;8;8],1,0,[7;9;7;-7],1,0},{'M',[-54;37;60;1],3,[-27;37;-26;228],2,[1;0;NaN;NaN],[71;10;15;1],2,[NaN;NaN;2;0]},{'M',[-432;10;-208;912],3,[-27;37;-26;228],2,[4;NaN;3;2],[71;10;15;1],2,[NaN;0;NaN;NaN]},{'A',[-486;47;-148;-911],4,[-54;37;60;1],3,0,[-432;10;-208;-912],3,0},{'R',[1;1;1;1],1,[1;1;1;1],0},{'M',[1;32;8;8],1,[1;1;1;1],0,[0;5;3;3]},{'A',[-31;1025;-255;-255],2,[1;1;1;1],1,0,[-1;32;-8;-8],1,5},{'M',[-27;74;-255;-510],3,[-27;37;-26;228],2,[0;1;NaN;NaN],[-31;1025;-255;-255],2,[NaN;NaN;0;1]},{'M',[-992;1025;-104;16],3,[-27;37;-26;228],2,[NaN;NaN;2;NaN],[71;10;15;1],2,[NaN;NaN;NaN;4],[-31;1025;-255;-255],2,[5;0;NaN;NaN]},{'A',[965;-951;-151;-494],4,[-27;74;-255;-510],3,0,[992;-1025;104;16],3,0},{'M',[-864;37;15;456],3,[-27;37;-26;228],2,[5;0;NaN;1],[71;10;15;1],2,[NaN;NaN;0;NaN]},{'M',[71;160;120;-255],3,[71;10;15;1],2,[0;4;3;NaN],[-31;1025;-255;-255],2,[NaN;NaN;NaN;0]},{'A',[-793;-123;135;711],4,[-864;37;15;456],3,0,[71;-160;120;255],3,0},{'M',[-793;-951;-151;-911],5,[-486;47;-148;-911],4,[NaN;NaN;NaN;0],[965;-951;-151;-494],4,[NaN;0;0;NaN],[-793;-123;135;711],4,[0;NaN;NaN;NaN]},{'O',[793;951;151;911],5,[793;951;151;911],5,0},{'M',[-972;-492;-148;-494],5,[-486;47;-148;-911],4,[1;NaN;0;NaN],[965;-951;-151;-494],4,[NaN;NaN;NaN;0],[-793;-123;135;711],4,[NaN;2;NaN;NaN]},{'O',[972;492;148;494],5,[972;492;148;494],5,0},{'M',[965;188;135;711],5,[-486;47;-148;-911],4,[NaN;2;NaN;NaN],[965;-951;-151;-494],4,[0;NaN;NaN;NaN],[-793;-123;135;711],4,[NaN;NaN;0;0]},{'O',[965;188;135;711],5,[965;188;135;711],5,0}}
Adder graph: {{'M',[8;1;16;512],1,[1;1;1;1],0,[3;0;4;9]},{'M',[1;16;1;1],1,[1;1;1;1],0,[0;4;0;0]},{'A',[7;-15;15;511],2,[8;1;16;512],1,0,[-1;-16;-1;-1],1,0},{'A',[33;33;33;33],1,[1;1;1;1],0,5,[1;1;1;1],0,0},{'M',[128;2;1;4],1,[1;1;1;1],0,[7;1;0;2]},{'A',[479;41;37;-17],2,[128;2;1;4],1,2,[-33;33;33;-33],1,0},{'M',[479;164;37;-17],3,[479;41;37;-17],2,[0;2;0;0]},{'M',[7;41;37;511],3,[7;-15;15;511],2,[0;NaN;NaN;0],[479;41;37;-17],2,[NaN;0;0;NaN]},{'A',[486;123;74;494],4,[479;164;37;-17],3,0,[7;-41;37;511],3,0},{'M',[4;1;8;4],1,[1;1;1;1],0,[2;0;3;2]},{'A',[200;248;136;200],2,[33;33;33;33],1,3,[-4;-1;-8;-4],1,4},{'M',[7;248;136;511],3,[7;-15;15;511],2,[0;NaN;NaN;0],[200;248;136;200],2,[NaN;0;0;NaN]},{'M',[958;-60;15;200],3,[7;-15;15;511],2,[NaN;2;0;NaN],[479;41;37;-17],2,[1;NaN;NaN;NaN],[200;248;136;200],2,[NaN;NaN;NaN;0]},{'A',[965;188;151;711],4,[7;248;136;511],3,0,[958;-60;15;200],3,0},{'M',[800;992;15;511],3,[7;-15;15;511],2,[NaN;NaN;0;0],[200;248;136;200],2,[2;2;NaN;NaN]},{'M',[7;41;120;400],3,[7;-15;15;511],2,[0;NaN;3;NaN],[479;41;37;-17],2,[NaN;0;NaN;NaN],[200;248;136;200],2,[NaN;NaN;NaN;1]},{'A',[793;951;135;911],4,[800;992;15;511],3,0,[-7;-41;120;400],3,0},{'M',[793;951;151;911],5,[965;188;151;711],4,[NaN;NaN;0;NaN],[793;951;135;911],4,[0;0;NaN;0]},{'O',[793;951;151;911],5,[793;951;151;911],5,0},{'M',[972;492;148;494],5,[486;123;74;494],4,[1;2;1;0]},{'O',[972;492;148;494],5,[972;492;148;494],5,0},{'M',[965;188;135;711],5,[965;188;151;711],4,[0;0;NaN;0],[793;951;135;911],4,[NaN;NaN;0;NaN]},{'O',[965;188;135;711],5,[965;188;135;711],5,0}}
Adder graph: {{'M',[8;2;1;1024],1,[1;1;1;1],0,[3;1;0;10]},{'M',[1;1;128;1],1,[1;1;1;1],0,[0;0;7;0]},{'A',[9;1;129;1023],2,[8;2;1;1024],1,0,[1;-1;128;-1],1,0},{'A',[60;60;68;60],1,[1;1;1;1],0,6,[-1;-1;1;-1],0,2},{'M',[256;1;1;2],1,[1;1;1;1],0,[8;0;0;1]},{'M',[8;1;2;1],1,[1;1;1;1],0,[3;0;1;0]},{'A',[1032;3;6;7],2,[256;1;1;2],1,2,[8;-1;2;-1],1,0},{'M',[1;2;8;64],1,[1;1;1;1],0,[0;1;3;6]},{'A',[239;238;280;176],2,[60;60;68;60],1,2,[-1;-2;8;-64],1,0},{'M',[239;1;129;112],3,[9;1;129;1023],2,[NaN;0;0;NaN],[1032;3;6;7],2,[NaN;NaN;NaN;4],[239;238;280;176],2,[0;NaN;NaN;NaN]},{'M',[1032;952;280;1023],3,[9;1;129;1023],2,[NaN;NaN;NaN;0],[1032;3;6;7],2,[0;NaN;NaN;NaN],[239;238;280;176],2,[NaN;2;0;NaN]},{'A',[-793;-951;-151;-911],4,[239;1;129;112],3,0,[-1032;-952;-280;-1023],3,0},{'M',[60;120;68;240],2,[60;60;68;60],1,[0;1;0;2]},{'A',[972;123;74;247],3,[1032;3;6;7],2,0,[-60;120;68;240],2,0},{'M',[956;192;6;7],3,[1032;3;6;7],2,[NaN;6;0;0],[239;238;280;176],2,[2;NaN;NaN;NaN]},{'M',[9;4;129;704],3,[9;1;129;1023],2,[0;2;0;NaN],[239;238;280;176],2,[NaN;NaN;NaN;2]},{'A',[965;188;135;711],4,[956;192;6;7],3,0,[9;-4;129;704],3,0},{'O',[793;951;151;911],4,[793;951;151;911],4,0},{'M',[972;492;148;494],4,[972;123;74;247],3,[0;2;1;1]},{'O',[972;492;148;494],4,[972;492;148;494],4,0},{'O',[965;188;135;711],4,[965;188;135;711],4,0}}
Adder graph: {{'A',[9;9;9;7],1,[1;1;1;1],0,3,[1;1;1;-1],0,0},{'M',[128;4;1;2],1,[1;1;1;1],0,[7;2;0;1]},{'A',[200;76;73;58],2,[9;9;9;7],1,3,[128;4;1;2],1,0},{'M',[8;4;1;2],1,[1;1;1;1],0,[3;2;0;1]},{'M',[8;1;8;1],1,[1;1;1;1],0,[3;0;3;0]},{'A',[504;255;56;127],2,[8;4;1;2],1,6,[-8;-1;-8;-1],1,0},{'M',[4;64;1;128],1,[1;1;1;1],0,[2;6;0;7]},{'A',[7;265;13;519],2,[4;64;1;128],1,2,[-9;9;9;7],1,0},{'M',[36;18;36;7],2,[9;9;9;7],1,[2;1;2;0]},{'A',[972;492;148;247],3,[504;255;56;127],2,1,[-36;-18;36;-7],2,0},{'M',[7;304;13;464],3,[200;76;73;58],2,[NaN;2;NaN;3],[7;265;13;519],2,[0;NaN;0;NaN]},{'A',[965;188;135;711],4,[972;492;148;247],3,0,[-7;-304;-13;464],3,0},{'M',[400;608;112;519],3,[200;76;73;58],2,[1;3;NaN;NaN],[504;255;56;127],2,[NaN;NaN;1;NaN],[7;265;13;519],2,[NaN;NaN;NaN;0]},{'M',[7;265;73;127],3,[200;76;73;58],2,[NaN;NaN;0;NaN],[504;255;56;127],2,[NaN;NaN;NaN;0],[7;265;13;519],2,[0;0;NaN;NaN]},{'A',[793;951;151;911],4,[400;608;112;519],3,1,[-7;-265;-73;-127],3,0},{'O',[793;951;151;911],4,[793;951;151;911],4,0},{'M',[972;492;148;494],4,[972;492;148;247],3,[0;0;0;1]},{'O',[972;492;148;494],4,[972;492;148;494],4,0},{'O',[965;188;135;711],4,[965;188;135;711],4,0}}
Adder graph: {{'A',[96;-32;-32;96],1,[1;1;1;1],0,5,[1;-1;-1;1],0,6},{'M',[2;2;64;1],1,[1;1;1;1],0,[1;1;6;0]},{'A',[100;-28;-160;94],2,[96;-32;-32;96],1,0,[2;2;-64;-1],1,1},{'M',[8;8;8;1],1,[1;1;1;1],0,[3;3;3;0]},{'M',[1;1024;1;512],1,[1;1;1;1],0,[0;10;0;9]},{'A',[7;-1016;9;-511],2,[8;8;8;1],1,0,[-1;-1024;1;-512],1,0},{'M',[1;1;1;8],1,[1;1;1;1],0,[0;0;0;3]},{'A',[193;-65;-65;200],2,[96;-32;-32;96],1,1,[1;-1;-1;8],1,0},{'M',[7;-130;-160;200],3,[100;-28;-160;94],2,[NaN;NaN;0;NaN],[7;-1016;9;-511],2,[0;NaN;NaN;NaN],[193;-65;-65;200],2,[NaN;1;NaN;0]},{'M',[800;-224;9;-511],3,[100;-28;-160;94],2,[3;3;NaN;NaN],[7;-1016;9;-511],2,[NaN;NaN;0;0]},{'A',[-793;94;-151;711],4,[7;-130;-160;200],3,0,[-800;224;9;511],3,0},{'M',[100;-1016;9;-511],3,[100;-28;-160;94],2,[0;NaN;NaN;NaN],[7;-1016;9;-511],2,[NaN;0;0;0]},{'M',[386;-65;-65;400],3,[193;-65;-65;200],2,[1;0;0;1]},{'A',[486;-951;74;-911],4,[100;-1016;9;-511],3,0,[386;65;65;-400],3,0},{'M',[193;-28;144;94],3,[100;-28;-160;94],2,[NaN;0;NaN;0],[7;-1016;9;-511],2,[NaN;NaN;4;NaN],[193;-65;-65;200],2,[0;NaN;NaN;NaN]},{'M',[772;-520;9;400],3,[7;-1016;9;-511],2,[NaN;NaN;0;NaN],[193;-65;-65;200],2,[2;3;NaN;1]},{'A',[965;492;135;494],4,[193;-28;144;94],3,0,[772;520;-9;400],3,0},{'M',[-793;-951;-151;-911],5,[-793;94;-151;711],4,[0;NaN;0;NaN],[486;-951;74;-911],4,[NaN;0;NaN;0]},{'O',[793;951;151;911],5,[793;951;151;911],5,0},{'M',[972;492;148;494],5,[486;-951;74;-911],4,[1;NaN;1;NaN],[965;492;135;494],4,[NaN;0;NaN;0]},{'O',[972;492;148;494],5,[972;492;148;494],5,0},{'M',[965;188;135;711],5,[-793;94;-151;711],4,[NaN;1;NaN;0],[965;492;135;494],4,[0;NaN;0;NaN]},{'O',[965;188;135;711],5,[965;188;135;711],5,0}}
Adder graph: {{'M',[4;1;1;1],1,[1;1;1;1],0,[2;0;0;0]},{'M',[1;1;1;128],1,[1;1;1;1],0,[0;0;0;7]},{'A',[15;3;5;132],2,[4;1;1;1],1,2,[-1;-1;1;128],1,0},{'M',[1;2;1;2],1,[1;1;1;1],0,[0;1;0;1]},{'A',[12;15;9;15],2,[1;2;1;2],1,3,[4;-1;1;-1],1,0},{'A',[798;966;-566;-696],3,[15;3;5;132],2,1,[12;15;-9;-15],2,6},{'M',[1;4;4;1],1,[1;1;1;1],0,[0;2;2;0]},{'A',[5;-4;0;-7],2,[1;4;4;1],1,0,[1;-2;-1;-2],1,2},{'M',[960;480;9;480],3,[15;3;5;132],2,[6;NaN;NaN;NaN],[12;15;9;15],2,[NaN;5;0;5]},{'M',[12;12;160;-14],3,[15;3;5;132],2,[NaN;2;5;NaN],[12;15;9;15],2,[0;NaN;NaN;NaN],[5;-4;0;-7],2,[NaN;NaN;NaN;1]},{'A',[972;492;-151;494],4,[960;480;9;480],3,0,[12;12;-160;14],3,0},{'M',[5;15;640;15],3,[15;3;5;132],2,[NaN;NaN;7;NaN],[12;15;9;15],2,[NaN;0;NaN;0],[5;-4;0;-7],2,[0;NaN;NaN;NaN]},{'A',[-793;-951;74;711],4,[5;15;640;15],3,0,[-798;-966;-566;696],3,0},{'M',[5;-4;144;-896],3,[12;15;9;15],2,[NaN;NaN;4;NaN],[5;-4;0;-7],2,[0;0;NaN;7]},{'M',[960;192;9;15],3,[15;3;5;132],2,[6;6;NaN;NaN],[12;15;9;15],2,[NaN;NaN;0;0]},{'A',[965;188;135;-911],4,[5;-4;144;-896],3,0,[960;192;-9;-15],3,0},{'M',[-793;-951;-151;-911],5,[972;492;-151;494],4,[NaN;NaN;0;NaN],[-793;-951;74;711],4,[0;0;NaN;NaN],[965;188;135;-911],4,[NaN;NaN;NaN;0]},{'O',[793;951;151;911],5,[793;951;151;911],5,0},{'M',[972;492;148;494],5,[972;492;-151;494],4,[0;0;NaN;0],[-793;-951;74;711],4,[NaN;NaN;1;NaN]},{'O',[972;492;148;494],5,[972;492;148;494],5,0},{'M',[965;188;135;711],5,[-793;-951;74;711],4,[NaN;NaN;NaN;0],[965;188;135;-911],4,[0;0;0;NaN]},{'O',[965;188;135;711],5,[965;188;135;711],5,0}}
Adder graph: {{'A',[-3;-3;5;-3],1,[1;1;1;1],0,0,[-1;-1;1;-1],0,2},{'M',[64;1;16;1],1,[1;1;1;1],0,[6;0;4;0]},{'M',[4;2;4;1],1,[1;1;1;1],0,[2;1;2;0]},{'A',[1028;14;252;15],2,[64;1;16;1],1,4,[4;-2;-4;-1],1,0},{'M',[1;1;1;4],1,[1;1;1;1],0,[0;0;0;2]},{'A',[25;-23;41;28],2,[1;1;1;4],1,0,[3;-3;5;3],1,3},{'M',[1;8;2;8],1,[1;1;1;1],0,[0;3;1;3]},{'A',[7;29;13;29],2,[1;8;2;8],1,2,[3;-3;5;-3],1,0},{'A',[972;246;148;247],3,[1028;14;252;15],2,0,[-7;29;-13;29],2,3},{'M',[200;232;41;224],3,[25;-23;41;28],2,[3;NaN;0;3],[7;29;13;29],2,[NaN;3;NaN;NaN]},{'M',[7;-23;13;15],3,[1028;14;252;15],2,[NaN;NaN;NaN;0],[25;-23;41;28],2,[NaN;0;NaN;NaN],[7;29;13;29],2,[0;NaN;0;NaN]},{'A',[793;951;151;911],4,[200;232;41;224],3,2,[-7;23;-13;15],3,0},{'M',[7;58;13;464],3,[7;29;13;29],2,[0;1;0;4]},{'A',[965;188;135;711],4,[972;246;148;247],3,0,[-7;-58;-13;464],3,0},{'O',[793;951;151;911],4,[793;951;151;911],4,0},{'M',[972;492;148;494],4,[972;246;148;247],3,[0;1;0;1]},{'O',[972;492;148;494],4,[972;492;148;494],4,0},{'O',[965;188;135;711],4,[965;188;135;711],4,0}}
Adder graph: {{'A',[5;5;5;5],1,[1;1;1;1],0,0,[1;1;1;1],0,2},{'M',[4;4;1;1],1,[1;1;1;1],0,[2;2;0;0]},{'M',[2;1;1;1],1,[1;1;1;1],0,[1;0;0;0]},{'A',[66;65;15;15],2,[4;4;1;1],1,4,[2;1;-1;-1],1,0},{'M',[256;1;1;1],1,[1;1;1;1],0,[8;0;0;0]},{'A',[517;7;7;7],2,[256;1;1;1],1,1,[5;5;5;5],1,0},{'M',[16;16;1;4],1,[1;1;1;1],0,[4;4;0;2]},{'A',[69;-59;9;-11],2,[5;5;5;5],1,0,[16;-16;1;-4],1,2},{'M',[69;260;9;-704],3,[66;65;15;15],2,[NaN;2;NaN;NaN],[69;-59;9;-11],2,[0;NaN;0;6]},{'M',[1034;448;144;7],3,[517;7;7;7],2,[1;6;NaN;0],[69;-59;9;-11],2,[NaN;NaN;4;NaN]},{'A',[-965;-188;-135;-711],4,[69;260;9;-704],3,0,[-1034;-448;-144;-7],3,0},{'M',[552;260;60;7],3,[66;65;15;15],2,[NaN;2;2;NaN],[517;7;7;7],2,[NaN;NaN;NaN;0],[69;-59;9;-11],2,[3;NaN;NaN;NaN]},{'M',[66;14;14;240],3,[66;65;15;15],2,[0;NaN;NaN;4],[517;7;7;7],2,[NaN;1;1;NaN]},{'A',[486;246;74;247],4,[552;260;60;7],3,0,[-66;-14;14;240],3,0},{'M',[517;7;7;896],3,[517;7;7;7],2,[0;0;0;7]},{'M',[276;-944;144;15],3,[66;65;15;15],2,[NaN;NaN;NaN;0],[69;-59;9;-11],2,[2;4;4;NaN]},{'A',[793;951;151;911],4,[517;7;7;896],3,0,[276;944;144;15],3,0},{'O',[793;951;151;911],4,[793;951;151;911],4,0},{'O',[972;492;148;494],4,[486;246;74;247],4,1},{'O',[965;188;135;711],4,[965;188;135;711],4,0}}
Adder graph: {{'M',[8;1;1;2],1,[1;1;1;1],0,[3;0;0;1]},{'M',[8;1;8;1],1,[1;1;1;1],0,[3;0;3;0]},{'A',[504;65;56;127],2,[8;1;1;2],1,6,[-8;1;-8;-1],1,0},{'A',[9;-7;9;-7],1,[1;1;1;1],0,0,[1;-1;1;-1],0,3},{'M',[64;1;128;1],1,[1;1;1;1],0,[6;0;7;0]},{'A',[100;-27;164;-29],2,[9;-7;9;-7],1,2,[64;1;128;-1],1,0},{'M',[1;256;2;256],1,[1;1;1;1],0,[0;8;1;8]},{'A',[7;-519;13;-519],2,[9;-7;9;-7],1,0,[-1;-256;2;-256],1,1},{'M',[36;-7;36;-7],2,[9;-7;9;-7],1,[2;0;2;0]},{'A',[972;123;148;247],3,[504;65;56;127],2,1,[-36;-7;36;-7],2,0},{'M',[7;65;13;-464],3,[504;65;56;127],2,[NaN;0;NaN;NaN],[100;-27;164;-29],2,[NaN;NaN;NaN;4],[7;-519;13;-519],2,[0;NaN;0;NaN]},{'A',[965;188;135;711],4,[972;123;148;247],3,0,[-7;65;-13;464],3,0},{'M',[7;-519;13;-1038],3,[7;-519;13;-519],2,[0;0;0;1]},{'M',[800;-432;164;127],3,[504;65;56;127],2,[NaN;NaN;NaN;0],[100;-27;164;-29],2,[3;4;0;NaN]},{'A',[-793;-951;-151;-911],4,[7;-519;13;-1038],3,0,[-800;-432;-164;127],3,0},{'O',[793;951;151;911],4,[793;951;151;911],4,0},{'M',[972;492;148;494],4,[972;123;148;247],3,[0;2;0;1]},{'O',[972;492;148;494],4,[972;492;148;494],4,0},{'O',[965;188;135;711],4,[965;188;135;711],4,0}}
Finished solving after 14425 seconds
Adder graph: {{'M',[8;1;1;2],1,[1;1;1;1],0,[3;0;0;1]},{'M',[8;1;8;1],1,[1;1;1;1],0,[3;0;3;0]},{'A',[504;65;56;127],2,[8;1;1;2],1,6,[-8;1;-8;-1],1,0},{'A',[9;-7;9;-7],1,[1;1;1;1],0,0,[1;-1;1;-1],0,3},{'M',[64;1;128;1],1,[1;1;1;1],0,[6;0;7;0]},{'A',[100;-27;164;-29],2,[9;-7;9;-7],1,2,[64;1;128;-1],1,0},{'M',[1;256;2;256],1,[1;1;1;1],0,[0;8;1;8]},{'A',[7;-519;13;-519],2,[9;-7;9;-7],1,0,[-1;-256;2;-256],1,1},{'M',[36;-7;36;-7],2,[9;-7;9;-7],1,[2;0;2;0]},{'A',[972;123;148;247],3,[504;65;56;127],2,1,[-36;-7;36;-7],2,0},{'M',[7;65;13;-464],3,[504;65;56;127],2,[NaN;0;NaN;NaN],[100;-27;164;-29],2,[NaN;NaN;NaN;4],[7;-519;13;-519],2,[0;NaN;0;NaN]},{'A',[965;188;135;711],4,[972;123;148;247],3,0,[-7;65;-13;464],3,0},{'M',[7;-519;13;-1038],3,[7;-519;13;-519],2,[0;0;0;1]},{'M',[800;-432;164;127],3,[504;65;56;127],2,[NaN;NaN;NaN;0],[100;-27;164;-29],2,[3;4;0;NaN]},{'A',[-793;-951;-151;-911],4,[7;-519;13;-1038],3,0,[-800;-432;-164;127],3,0},{'O',[793;951;151;911],4,[793;951;151;911],4,0},{'M',[972;492;148;494],4,[972;123;148;247],3,[0;2;0;1]},{'O',[972;492;148;494],4,[972;492;148;494],4,0},{'O',[965;188;135;711],4,[965;188;135;711],4,0}}
# Add optimal = 0
# Mux optimal = 0
# Mux registers optimal = 0
# FAs optimal = 0
