Adder graph: {{'A',[-3;-3;5;-3],1,[1;1;1;1],0,0,[-1;-1;1;-1],0,2},{'M',[4;4;1;4],1,[1;1;1;1],0,[2;2;0;2]},{'A',[29;-35;-3;-35],2,[-3;-3;5;-3],1,0,[4;-4;-1;-4],1,3},{'M',[1;4;64;64],1,[1;1;1;1],0,[0;2;6;6]},{'A',[-7;-19;261;-259],2,[-3;-3;5;-3],1,0,[-1;-4;64;-64],1,2},{'M',[1;64;4;1],1,[1;1;1;1],0,[0;6;2;0]},{'M',[64;1;8;64],1,[1;1;1;1],0,[6;0;3;6]},{'A',[-511;72;-60;-511],2,[1;64;4;1],1,0,[-64;1;-8;-64],1,3},{'M',[-511;-304;-240;-511],3,[-7;-19;261;-259],2,[NaN;4;NaN;NaN],[-511;72;-60;-511],2,[0;NaN;2;0]},{'M',[29;-35;-120;-35],3,[29;-35;-3;-35],2,[0;0;NaN;0],[-511;72;-60;-511],2,[NaN;NaN;1;NaN]},{'A',[-993;-573;-600;-987],4,[-511;-304;-240;-511],3,1,[29;35;-120;35],3,0},{'M',[-511;-70;-960;-560],3,[29;-35;-3;-35],2,[NaN;1;NaN;4],[-511;72;-60;-511],2,[0;NaN;4;NaN]},{'M',[-112;288;261;-259],3,[-7;-19;261;-259],2,[4;NaN;0;0],[-511;72;-60;-511],2,[NaN;2;NaN;NaN]},{'A',[-623;-358;-699;-819],4,[-511;-70;-960;-560],3,0,[-112;-288;261;-259],3,0},{'M',[-7;-38;-480;-560],3,[29;-35;-3;-35],2,[NaN;NaN;NaN;4],[-7;-19;261;-259],2,[0;1;NaN;NaN],[-511;72;-60;-511],2,[NaN;NaN;3;NaN]},{'M',[-224;576;-60;-259],3,[-7;-19;261;-259],2,[5;NaN;NaN;0],[-511;72;-60;-511],2,[NaN;3;0;NaN]},{'A',[-231;-614;-540;-301],4,[-7;-38;-480;-560],3,0,[-224;-576;-60;259],3,0},{'O',[993;573;600;987],4,[993;573;600;987],4,0},{'O',[623;358;699;819],4,[623;358;699;819],4,0},{'O',[231;614;540;301],4,[231;614;540;301],4,0}}
Adder graph: {{'M',[1;1;2;1],1,[1;1;1;1],0,[0;0;1;0]},{'M',[1;1;1;4],1,[1;1;1;1],0,[0;0;0;2]},{'A',[33;31;63;36],2,[1;1;2;1],1,5,[1;-1;-1;4],1,0},{'M',[1;1;4;1],1,[1;1;1;1],0,[0;0;2;0]},{'M',[1;32;1;64],1,[1;1;1;1],0,[0;5;0;6]},{'A',[-15;-511;-12;-1023],2,[1;1;4;1],1,0,[-1;-32;-1;-64],1,4},{'M',[-960;-511;-12;-1023],3,[-15;-511;-12;-1023],2,[6;0;0;0]},{'M',[33;62;63;36],3,[33;31;63;36],2,[0;1;0;0]},{'A',[-993;-573;-75;-987],4,[-960;-511;-12;-1023],3,0,[-33;-62;-63;36],3,0},{'A',[3;5;5;5],1,[1;1;1;1],0,2,[-1;1;1;1],0,0},{'M',[2;8;8;1],1,[1;1;1;1],0,[1;3;3;0]},{'A',[19;69;69;13],2,[3;5;5;5],1,0,[2;8;8;1],1,3},{'M',[-15;62;-12;13],3,[33;31;63;36],2,[NaN;1;NaN;NaN],[-15;-511;-12;-1023],2,[0;NaN;0;NaN],[19;69;69;13],2,[NaN;NaN;NaN;0]},{'M',[76;69;69;36],3,[33;31;63;36],2,[NaN;NaN;NaN;0],[19;69;69;13],2,[2;0;0;NaN]},{'A',[-623;614;540;301],4,[-15;62;-12;13],3,0,[-76;69;69;36],3,3},{'M',[264;69;69;13],3,[33;31;63;36],2,[3;NaN;NaN;NaN],[19;69;69;13],2,[NaN;0;0;0]},{'M',[33;248;-768;832],3,[33;31;63;36],2,[0;3;NaN;NaN],[-15;-511;-12;-1023],2,[NaN;NaN;6;NaN],[19;69;69;13],2,[NaN;NaN;NaN;6]},{'A',[231;-179;-699;-819],4,[264;69;69;13],3,0,[-33;-248;-768;-832],3,0},{'M',[-993;-573;-600;-987],5,[-993;-573;-75;-987],4,[0;0;3;0]},{'O',[993;573;600;987],5,[993;573;600;987],5,0},{'M',[-623;-358;-699;-819],5,[-623;614;540;301],4,[0;NaN;NaN;NaN],[231;-179;-699;-819],4,[NaN;1;0;0]},{'O',[623;358;699;819],5,[623;358;699;819],5,0},{'M',[231;614;540;301],5,[-623;614;540;301],4,[NaN;0;0;0],[231;-179;-699;-819],4,[0;NaN;NaN;NaN]},{'O',[231;614;540;301],5,[231;614;540;301],5,0}}
Adder graph: {{'A',[3;3;5;3],1,[1;1;1;1],0,2,[-1;-1;1;-1],0,0},{'M',[1;1;1;2],1,[1;1;1;1],0,[0;0;0;1]},{'M',[128;1;1;256],1,[1;1;1;1],0,[7;0;0;8]},{'A',[-511;5;5;-1022],2,[1;1;1;2],1,0,[-128;1;1;-256],1,2},{'M',[1;8;4;1],1,[1;1;1;1],0,[0;3;2;0]},{'A',[29;259;123;35],2,[1;8;4;1],1,5,[-3;3;-5;3],1,0},{'M',[1;4;1;64],1,[1;1;1;1],0,[0;2;0;6]},{'A',[7;-13;9;259],2,[3;3;5;3],1,0,[1;-4;1;64],1,2},{'M',[14;20;18;35],3,[-511;5;5;-1022],2,[NaN;2;NaN;NaN],[29;259;123;35],2,[NaN;NaN;NaN;0],[7;-13;9;259],2,[1;NaN;1;NaN]},{'M',[7;-13;18;259],3,[7;-13;9;259],2,[0;0;1;0]},{'A',[231;307;270;301],4,[14;20;18;35],3,4,[7;-13;-18;-259],3,0},{'M',[112;259;123;35],3,[29;259;123;35],2,[NaN;0;0;0],[7;-13;9;259],2,[4;NaN;NaN;NaN]},{'M',[-511;-832;576;-1022],3,[-511;5;5;-1022],2,[0;NaN;NaN;0],[7;-13;9;259],2,[NaN;6;6;NaN]},{'A',[623;-573;699;-987],4,[112;259;123;35],3,0,[511;-832;576;-1022],3,0},{'M',[29;518;40;259],3,[-511;5;5;-1022],2,[NaN;NaN;3;NaN],[29;259;123;35],2,[0;1;NaN;NaN],[7;-13;9;259],2,[NaN;NaN;NaN;0]},{'M',[-511;80;320;280],3,[-511;5;5;-1022],2,[0;4;6;NaN],[29;259;123;35],2,[NaN;NaN;NaN;3]},{'A',[-993;358;-600;819],4,[29;518;40;259],3,0,[-511;-80;-320;280],3,1},{'M',[-993;-573;-600;-987],5,[623;-573;699;-987],4,[NaN;0;NaN;0],[-993;358;-600;819],4,[0;NaN;0;NaN]},{'O',[993;573;600;987],5,[993;573;600;987],5,0},{'M',[623;358;699;819],5,[623;-573;699;-987],4,[0;NaN;0;NaN],[-993;358;-600;819],4,[NaN;0;NaN;0]},{'O',[623;358;699;819],5,[623;358;699;819],5,0},{'M',[231;614;540;301],5,[231;307;270;301],4,[0;1;1;0]},{'O',[231;614;540;301],5,[231;614;540;301],5,0}}
Adder graph: {{'M',[1;4;4;128],1,[1;1;1;1],0,[0;2;2;7]},{'M',[1;1;16;1],1,[1;1;1;1],0,[0;0;4;0]},{'A',[7;31;48;1023],2,[1;4;4;128],1,3,[-1;-1;16;-1],1,0},{'A',[3;5;5;5],1,[1;1;1;1],0,2,[-1;1;1;1],0,0},{'M',[1;256;1;32],1,[1;1;1;1],0,[0;8;0;5]},{'M',[128;1;1;1],1,[1;1;1;1],0,[7;0;0;0]},{'A',[-511;252;-3;36],2,[1;256;1;32],1,0,[-128;-1;-1;1],1,2},{'M',[16;8;8;1],1,[1;1;1;1],0,[4;3;3;0]},{'A',[125;69;69;13],2,[16;8;8;1],1,3,[-3;5;5;5],1,0},{'M',[-511;138;69;13],3,[-511;252;-3;36],2,[0;NaN;NaN;NaN],[125;69;69;13],2,[NaN;1;0;0]},{'M',[7;31;48;52],3,[7;31;48;1023],2,[0;0;0;NaN],[125;69;69;13],2,[NaN;NaN;NaN;2]},{'A',[-623;-358;-699;-819],4,[-511;138;69;13],3,0,[-7;-31;-48;-52],3,4},{'M',[112;31;-6;144],3,[7;31;48;1023],2,[4;0;NaN;NaN],[-511;252;-3;36],2,[NaN;NaN;1;2]},{'M',[7;552;552;13],3,[7;31;48;1023],2,[0;NaN;NaN;NaN],[125;69;69;13],2,[NaN;3;3;0]},{'A',[231;614;540;301],4,[112;31;-6;144],3,1,[7;552;552;13],3,0},{'M',[1000;504;552;1023],3,[7;31;48;1023],2,[NaN;NaN;NaN;0],[-511;252;-3;36],2,[NaN;1;NaN;NaN],[125;69;69;13],2,[3;NaN;3;NaN]},{'M',[7;69;48;36],3,[7;31;48;1023],2,[0;NaN;0;NaN],[-511;252;-3;36],2,[NaN;NaN;NaN;0],[125;69;69;13],2,[NaN;0;NaN;NaN]},{'A',[993;573;600;987],4,[1000;504;552;1023],3,0,[-7;69;48;-36],3,0},{'O',[993;573;600;987],4,[993;573;600;987],4,0},{'O',[623;358;699;819],4,[623;358;699;819],4,0},{'O',[231;614;540;301],4,[231;614;540;301],4,0}}
Finished solving after 14422.7 seconds
Adder graph: {{'M',[1;4;4;128],1,[1;1;1;1],0,[0;2;2;7]},{'M',[1;1;16;1],1,[1;1;1;1],0,[0;0;4;0]},{'A',[7;31;48;1023],2,[1;4;4;128],1,3,[-1;-1;16;-1],1,0},{'A',[3;5;5;5],1,[1;1;1;1],0,2,[-1;1;1;1],0,0},{'M',[1;256;1;32],1,[1;1;1;1],0,[0;8;0;5]},{'M',[128;1;1;1],1,[1;1;1;1],0,[7;0;0;0]},{'A',[-511;252;-3;36],2,[1;256;1;32],1,0,[-128;-1;-1;1],1,2},{'M',[16;8;8;1],1,[1;1;1;1],0,[4;3;3;0]},{'A',[125;69;69;13],2,[16;8;8;1],1,3,[-3;5;5;5],1,0},{'M',[-511;138;69;13],3,[-511;252;-3;36],2,[0;NaN;NaN;NaN],[125;69;69;13],2,[NaN;1;0;0]},{'M',[7;31;48;52],3,[7;31;48;1023],2,[0;0;0;NaN],[125;69;69;13],2,[NaN;NaN;NaN;2]},{'A',[-623;-358;-699;-819],4,[-511;138;69;13],3,0,[-7;-31;-48;-52],3,4},{'M',[112;31;-6;144],3,[7;31;48;1023],2,[4;0;NaN;NaN],[-511;252;-3;36],2,[NaN;NaN;1;2]},{'M',[7;552;552;13],3,[7;31;48;1023],2,[0;NaN;NaN;NaN],[125;69;69;13],2,[NaN;3;3;0]},{'A',[231;614;540;301],4,[112;31;-6;144],3,1,[7;552;552;13],3,0},{'M',[1000;504;552;1023],3,[7;31;48;1023],2,[NaN;NaN;NaN;0],[-511;252;-3;36],2,[NaN;1;NaN;NaN],[125;69;69;13],2,[3;NaN;3;NaN]},{'M',[7;69;48;36],3,[7;31;48;1023],2,[0;NaN;0;NaN],[-511;252;-3;36],2,[NaN;NaN;NaN;0],[125;69;69;13],2,[NaN;0;NaN;NaN]},{'A',[993;573;600;987],4,[1000;504;552;1023],3,0,[-7;69;48;-36],3,0},{'O',[993;573;600;987],4,[993;573;600;987],4,0},{'O',[623;358;699;819],4,[623;358;699;819],4,0},{'O',[231;614;540;301],4,[231;614;540;301],4,0}}
# Add optimal = 0
# Mux optimal = 0
# Mux registers optimal = 0
# FAs optimal = 0
