Adder graph: {{'M',[1;32],1,[1;1],0,[0;5]},{'M',[2;1],1,[1;1],0,[1;0]},{'A',[20;120],2,[1;32],1,2,[2;-1],1,3},{'M',[20;16],3,[1;1],0,[NaN;4],[20;120],2,[0;NaN]},{'M',[20;8192],3,[1;1],0,[NaN;13],[20;120],2,[0;NaN]},{'A',[2520;18432],4,[20;16],3,7,[-20;8192],3,1},{'M',[160;1],3,[1;1],0,[NaN;0],[20;120],2,[3;NaN]},{'M',[160;120],3,[20;120],2,[3;0]},{'A',[4800;-208],4,[160;1],3,5,[-160;-120],3,1},{'M',[1;1920],3,[1;1],0,[0;NaN],[20;120],2,[NaN;4]},{'M',[2520;1],5,[1;1],0,[NaN;0],[2520;18432],4,[0;NaN]},{'A',[2521;1919],6,[1;1920],3,0,[2520;-1],5,0},{'A',[1205;82],5,[20;120],2,-2,[4800;208],4,-2},{'M',[1;1919],7,[1;1],0,[0;NaN],[2521;1919],6,[NaN;0]},{'M',[1024;-208],5,[1;1],0,[10;NaN],[4800;-208],4,[NaN;0]},{'A',[1025;1711],8,[1;1919],7,0,[1024;-208],5,0},{'M',[1025;960],9,[20;120],2,[NaN;3],[1025;1711],8,[0;NaN]},{'M',[160;-208],5,[20;120],2,[3;NaN],[4800;-208],4,[NaN;0]},{'A',[865;1168],10,[1025;960],9,0,[-160;208],5,0},{'O',[1205;82],5,[1205;82],5,0},{'M',[1730;1711],11,[1025;1711],8,[NaN;0],[865;1168],10,[1;NaN]},{'O',[1730;1711],11,[1730;1711],11,0},{'M',[2521;2336],11,[2521;1919],6,[0;NaN],[865;1168],10,[NaN;1]},{'O',[2521;2336],11,[2521;2336],11,0}}
Adder graph: {{'M',[32;1],1,[1;1],0,[5;0]},{'A',[-127;5],2,[1;1],0,0,[-32;1],1,2},{'M',[1;20],3,[1;1],0,[0;NaN],[-127;5],2,[NaN;2]},{'A',[3;81],4,[1;20],3,2,[-1;1],0,0},{'M',[6;1],5,[1;1],0,[NaN;0],[3;81],4,[1;NaN]},{'M',[-254;81],5,[-127;5],2,[1;NaN],[3;81],4,[NaN;0]},{'A',[302;-73],6,[6;1],5,3,[254;-81],5,0},{'M',[-127;2],3,[1;1],0,[NaN;1],[-127;5],2,[0;NaN]},{'A',[-1730;-41],7,[302;-73],6,0,[-127;2],3,4},{'M',[302;16384],7,[1;1],0,[NaN;14],[302;-73],6,[0;NaN]},{'A',[-1205;65617],8,[3;81],4,0,[-302;16384],7,2},{'M',[-127;256],3,[1;1],0,[NaN;8],[-127;5],2,[0;NaN]},{'M',[16;81],5,[1;1],0,[4;NaN],[3;81],4,[NaN;0]},{'A',[-111;337],6,[-127;256],3,0,[16;81],5,0},{'M',[-2410;337],9,[-1205;65617],8,[1;NaN],[-111;337],6,[NaN;0]},{'M',[-111;2048],7,[1;1],0,[NaN;11],[-111;337],6,[0;NaN]},{'A',[-2521;-1711],10,[-2410;337],9,0,[-111;-2048],7,0},{'M',[-1205;-82],9,[-1730;-41],7,[NaN;1],[-1205;65617],8,[0;NaN]},{'O',[1205;82],9,[1205;82],9,0},{'M',[-1730;-1711],11,[-1730;-41],7,[0;NaN],[-2521;-1711],10,[NaN;0]},{'O',[1730;1711],11,[1730;1711],11,0},{'M',[-2521;-2336],11,[302;-73],6,[NaN;5],[-2521;-1711],10,[0;NaN]},{'O',[2521;2336],11,[2521;2336],11,0}}
Adder graph: {{'M',[1;2],1,[1;1],0,[0;1]},{'M',[8;1],1,[1;1],0,[3;0]},{'A',[10;5],2,[1;2],1,1,[8;1],1,0},{'M',[10;80],3,[10;5],2,[0;4]},{'A',[90;645],4,[10;5],2,0,[10;80],3,3},{'M',[360;1],5,[1;1],0,[NaN;0],[90;645],4,[2;NaN]},{'M',[90;16],5,[1;1],0,[NaN;4],[90;645],4,[0;NaN]},{'A',[630;-14],6,[360;1],5,1,[-90;-16],5,0},{'M',[1;-224],7,[1;1],0,[0;NaN],[630;-14],6,[NaN;4]},{'M',[1024;645],5,[1;1],0,[10;NaN],[90;645],4,[NaN;0]},{'A',[1025;421],8,[1;-224],7,0,[1024;645],5,0},{'M',[630;10],7,[10;5],2,[NaN;1],[630;-14],6,[0;NaN]},{'A',[2521;41],8,[1;1],0,0,[630;10],7,2},{'A',[1205;1711],9,[90;645],4,1,[1025;421],8,0},{'M',[2050;-14],9,[630;-14],6,[NaN;0],[1025;421],8,[1;NaN]},{'A',[1730;146],10,[2050;-14],9,0,[-10;5],2,5},{'M',[1205;82],10,[2521;41],8,[NaN;1],[1205;1711],9,[0;NaN]},{'O',[1205;82],10,[1205;82],10,0},{'M',[1730;1711],11,[1205;1711],9,[NaN;0],[1730;146],10,[0;NaN]},{'O',[1730;1711],11,[1730;1711],11,0},{'M',[2521;2336],11,[2521;41],8,[0;NaN],[1730;146],10,[NaN;4]},{'O',[2521;2336],11,[2521;2336],11,0}}
Adder graph: {{'M',[1;16],1,[1;1],0,[0;4]},{'A',[5;-12],2,[1;1],0,2,[1;-16],1,0},{'M',[320;1],3,[1;1],0,[NaN;0],[5;-12],2,[6;NaN]},{'M',[1;8],1,[1;1],0,[0;3]},{'A',[318;17],4,[320;1],3,0,[-1;8],1,1},{'M',[20;-12],3,[5;-12],2,[2;0]},{'M',[1;17],5,[1;1],0,[0;NaN],[318;17],4,[NaN;0]},{'A',[39;-41],6,[20;-12],3,1,[-1;-17],5,0},{'A',[-2521;-6185],7,[39;-41],6,0,[-5;-12],2,9},{'M',[39;2176],7,[318;17],4,[NaN;7],[39;-41],6,[0;NaN]},{'A',[-1209;864],8,[39;2176],7,0,[-39;-41],6,5},{'M',[1024;864],9,[1;1],0,[10;NaN],[-1209;864],8,[NaN;0]},{'A',[1730;1711],10,[1024;864],9,1,[-318;-17],4,0},{'M',[-1209;-41],9,[39;-41],6,[NaN;0],[-1209;864],8,[0;NaN]},{'A',[-1205;-73],10,[-1209;-41],9,0,[1;-8],1,2},{'M',[-1205;-82],11,[39;-41],6,[NaN;1],[-1205;-73],10,[0;NaN]},{'O',[1205;82],11,[1205;82],11,0},{'O',[1730;1711],10,[1730;1711],10,0},{'M',[-2521;-2336],11,[-2521;-6185],7,[0;NaN],[-1205;-73],10,[NaN;5]},{'O',[2521;2336],11,[2521;2336],11,0}}
Adder graph: {{'A',[5;5],1,[1;1],0,2,[1;1],0,0},{'M',[64;1],1,[1;1],0,[6;0]},{'A',[1025;17],2,[64;1],1,4,[1;1],0,0},{'M',[2050;17],3,[1025;17],2,[1;0]},{'A',[1730;337],4,[2050;17],3,0,[-5;5],1,6},{'M',[5;16],2,[1;1],0,[NaN;4],[5;5],1,[0;NaN]},{'A',[1045;81],3,[1025;17],2,0,[5;16],2,2},{'M',[1;544],3,[1;1],0,[0;NaN],[1025;17],2,[NaN;5]},{'A',[-39;584],4,[1;544],3,0,[-5;5],1,3},{'M',[20;5],2,[5;5],1,[2;0]},{'A',[1205;41],4,[1045;81],3,0,[20;-5],2,3},{'M',[5;4],2,[1;1],0,[NaN;2],[5;5],1,[0;NaN]},{'M',[-39;337],5,[1730;337],4,[NaN;0],[-39;584],4,[0;NaN]},{'A',[2521;1711],6,[5;4],2,9,[-39;-337],5,0},{'M',[1205;82],5,[1205;41],4,[0;1]},{'O',[1205;82],5,[1205;82],5,0},{'M',[1730;1711],7,[1730;337],4,[0;NaN],[2521;1711],6,[NaN;0]},{'O',[1730;1711],7,[1730;1711],7,0},{'M',[2521;2336],7,[-39;584],4,[NaN;2],[2521;1711],6,[0;NaN]},{'O',[2521;2336],7,[2521;2336],7,0}}
Adder graph: {{'A',[5;-3],1,[1;1],0,0,[1;-1],0,2},{'M',[5;-6],2,[5;-3],1,[0;1]},{'M',[5;1],2,[1;1],0,[NaN;0],[5;-3],1,[0;NaN]},{'A',[-75;-22],3,[5;-6],2,0,[-5;-1],2,4},{'A',[-1205;-351],4,[-75;-22],3,4,[-5;1],2,0},{'M',[640;-3],2,[5;-3],1,[7;0]},{'A',[-1580;-82],4,[-75;-22],3,2,[-640;3],2,1},{'M',[1;-6],2,[1;1],0,[0;NaN],[5;-3],1,[NaN;1]},{'A',[-3161;-170],5,[-1580;-82],4,1,[-1;-6],2,0},{'M',[-3161;-2720],6,[-3161;-170],5,[0;4]},{'A',[-2521;-2336],7,[-3161;-2720],6,0,[5;3],1,7},{'M',[-1580;-1360],6,[-1580;-82],4,[0;NaN],[-3161;-170],5,[NaN;3]},{'M',[-150;-351],5,[-75;-22],3,[1;NaN],[-1205;-351],4,[NaN;0]},{'A',[-1730;-1711],7,[-1580;-1360],6,0,[-150;-351],5,0},{'M',[-1205;-82],5,[-1205;-351],4,[0;NaN],[-1580;-82],4,[NaN;0]},{'O',[1205;82],5,[1205;82],5,0},{'O',[1730;1711],7,[1730;1711],7,0},{'O',[2521;2336],7,[2521;2336],7,0}}
Adder graph: {{'A',[5;3],1,[1;1],0,2,[1;-1],0,0},{'A',[600;360],2,[5;3],1,7,[-5;-3],1,3},{'M',[160;3],2,[5;3],1,[5;0]},{'A',[315;9],3,[160;3],2,1,[-5;3],1,0},{'A',[2521;73],4,[1;1],0,0,[315;9],3,3},{'M',[315;2880],4,[600;360],2,[NaN;3],[315;9],3,[0;NaN]},{'M',[630;1],4,[1;1],0,[NaN;0],[315;9],3,[1;NaN]},{'A',[945;2879],5,[315;2880],4,0,[630;-1],4,0},{'M',[5;9],4,[5;3],1,[0;NaN],[315;9],3,[NaN;0]},{'M',[1200;73],5,[600;360],2,[1;NaN],[2521;73],4,[NaN;0]},{'A',[1205;82],6,[5;9],4,0,[1200;73],5,0},{'M',[5;73],5,[5;3],1,[0;NaN],[2521;73],4,[NaN;0]},{'A',[-865;-1711],6,[5;73],5,4,[-945;-2879],5,0},{'O',[1205;82],6,[1205;82],6,0},{'M',[-1730;-1711],7,[-865;-1711],6,[1;0]},{'O',[1730;1711],7,[1730;1711],7,0},{'M',[2521;2336],5,[2521;73],4,[0;5]},{'O',[2521;2336],5,[2521;2336],5,0}}
Adder graph: {{'A',[5;5],1,[1;1],0,2,[1;1],0,0},{'M',[160;1],2,[1;1],0,[NaN;0],[5;5],1,[5;NaN]},{'A',[300;-18],3,[160;1],2,1,[-5;-5],1,2},{'M',[40;-18],4,[5;5],1,[3;NaN],[300;-18],3,[NaN;0]},{'A',[85;41],5,[5;5],1,0,[40;18],4,1},{'M',[5;1],2,[1;1],0,[NaN;0],[5;5],1,[0;NaN]},{'A',[1205;73],4,[5;1],2,0,[300;18],3,2},{'M',[2410;5],5,[5;5],1,[NaN;0],[1205;73],4,[1;NaN]},{'A',[1730;-323],6,[2410;5],5,0,[-85;-41],5,3},{'A',[-939;1065],6,[85;41],5,0,[-1;1],0,10},{'A',[2521;1711],7,[-939;1065],6,0,[1730;323],6,1},{'M',[1205;82],6,[85;41],5,[NaN;1],[1205;73],4,[0;NaN]},{'O',[1205;82],6,[1205;82],6,0},{'M',[1730;1711],8,[1730;-323],6,[0;NaN],[2521;1711],7,[NaN;0]},{'O',[1730;1711],8,[1730;1711],8,0},{'M',[2521;2336],8,[1205;73],4,[NaN;5],[2521;1711],7,[0;NaN]},{'O',[2521;2336],8,[2521;2336],8,0}}
Adder graph: {{'A',[9;9],1,[1;1],0,0,[1;1],0,3},{'M',[9;32],2,[1;1],0,[NaN;5],[9;9],1,[0;NaN]},{'A',[27;73],3,[9;32],2,1,[9;9],1,0},{'M',[1;64],1,[1;1],0,[0;6]},{'A',[-2300;-2048],2,[1;64],1,2,[-9;-9],1,8},{'A',[2520;1720],4,[9;9],1,8,[27;-73],3,3},{'A',[-1205;-82],5,[-2300;-2048],2,-2,[-2520;1720],4,-2},{'M',[1;2304],2,[1;1],0,[0;NaN],[9;9],1,[NaN;8]},{'A',[2521;584],5,[1;2304],2,0,[2520;-1720],4,0},{'M',[1728;1720],5,[27;73],3,[6;NaN],[2520;1720],4,[NaN;0]},{'M',[2;9],2,[1;1],0,[1;NaN],[9;9],1,[NaN;0]},{'A',[1730;1711],6,[1728;1720],5,0,[2;-9],2,0},{'O',[1205;82],5,[1205;82],5,0},{'O',[1730;1711],6,[1730;1711],6,0},{'M',[2521;2336],6,[2521;584],5,[0;2]},{'O',[2521;2336],6,[2521;2336],6,0}}
Adder graph: {{'A',[5;5],1,[1;1],0,0,[1;1],0,2},{'A',[-39;41],2,[1;1],0,0,[-5;5],1,3},{'M',[5;2],2,[1;1],0,[NaN;1],[5;5],1,[0;NaN]},{'M',[-39;1312],3,[-39;41],2,[0;5]},{'A',[2521;2336],4,[5;2],2,9,[-39;1312],3,0},{'M',[5;1],2,[1;1],0,[NaN;0],[5;5],1,[0;NaN]},{'A',[54;66],3,[1;1],0,6,[-5;1],2,1},{'A',[865;1055],4,[54;66],3,4,[1;-1],0,0},{'A',[241;1711],5,[865;1055],4,0,[-39;41],2,4},{'A',[1205;8555],6,[241;1711],5,2,[241;1711],5,0},{'M',[1205;82],7,[-39;41],2,[NaN;1],[1205;8555],6,[0;NaN]},{'O',[1205;82],7,[1205;82],7,0},{'M',[1730;1711],6,[865;1055],4,[1;NaN],[241;1711],5,[NaN;0]},{'O',[1730;1711],6,[1730;1711],6,0},{'O',[2521;2336],4,[2521;2336],4,0}}
Adder graph: {{'A',[5;-3],1,[1;1],0,0,[1;-1],0,2},{'A',[-39;25],2,[1;1],0,0,[-5;3],1,3},{'M',[-39;800],3,[-39;25],2,[0;5]},{'A',[2521;2336],4,[-39;800],3,0,[5;3],1,9},{'A',[79;-49],2,[5;-3],1,4,[-1;-1],0,0},{'M',[-39;-98],3,[-39;25],2,[0;NaN],[79;-49],2,[NaN;1]},{'A',[-59;-110],4,[-39;-98],3,0,[-5;-3],1,2},{'M',[79;-12],3,[5;-3],1,[NaN;2],[79;-49],2,[0;NaN]},{'A',[1205;82],5,[-59;-110],4,0,[79;12],3,4},{'A',[-865;-1711],5,[-59;-110],4,4,[79;49],2,0},{'O',[1205;82],5,[1205;82],5,0},{'M',[-1730;-1711],6,[-865;-1711],5,[1;0]},{'O',[1730;1711],6,[1730;1711],6,0},{'O',[2521;2336],4,[2521;2336],4,0}}
Finished solving after 14460.3 seconds
Adder graph: {{'A',[5;-3],1,[1;1],0,0,[1;-1],0,2},{'A',[-39;25],2,[1;1],0,0,[-5;3],1,3},{'M',[-39;800],3,[-39;25],2,[0;5]},{'A',[2521;2336],4,[-39;800],3,0,[5;3],1,9},{'A',[79;-49],2,[5;-3],1,4,[-1;-1],0,0},{'M',[-39;-98],3,[-39;25],2,[0;NaN],[79;-49],2,[NaN;1]},{'A',[-59;-110],4,[-39;-98],3,0,[-5;-3],1,2},{'M',[79;-12],3,[5;-3],1,[NaN;2],[79;-49],2,[0;NaN]},{'A',[1205;82],5,[-59;-110],4,0,[79;12],3,4},{'A',[-865;-1711],5,[-59;-110],4,4,[79;49],2,0},{'O',[1205;82],5,[1205;82],5,0},{'M',[-1730;-1711],6,[-865;-1711],5,[1;0]},{'O',[1730;1711],6,[1730;1711],6,0},{'O',[2521;2336],4,[2521;2336],4,0}}
# Add optimal = 0
# Mux optimal = 0
# FAs optimal = 0
