Adder graph: {{'M',[8;1],1,[1;1],0,[3;0]},{'M',[1024;1],1,[1;1],0,[10;0]},{'A',[8704;72],2,[8;1],1,6,[1024;1],1,3},{'M',[1;2],1,[1;1],0,[0;1]},{'M',[64;1],1,[1;1],0,[6;0]},{'A',[-62;3],2,[1;2],1,1,[-64;-1],1,0},{'M',[-62;32],3,[1;1],0,[NaN;5],[-62;3],2,[0;NaN]},{'M',[2;3],3,[1;1],0,[1;NaN],[-62;3],2,[NaN;0]},{'A',[-488;268],4,[-62;32],3,3,[2;3],3,2},{'M',[-976;3],5,[-62;3],2,[NaN;0],[-488;268],4,[1;NaN]},{'A',[852;61],6,[-62;32],3,1,[976;-3],5,0},{'M',[-62;3072],3,[-62;3],2,[0;10]},{'M',[3408;268],7,[-488;268],4,[NaN;0],[852;61],6,[2;NaN]},{'A',[-3470;2804],8,[-62;3072],3,0,[-3408;-268],7,0},{'M',[852;2804],9,[852;61],6,[0;NaN],[-3470;2804],8,[NaN;0]},{'A',[1963;-683],10,[8704;72],2,-2,[-852;-2804],9,-2},{'M',[1963;2804],11,[-3470;2804],8,[NaN;0],[1963;-683],10,[0;NaN]},{'O',[1963;2804],11,[1963;2804],11,0},{'M',[-3470;-683],11,[-3470;2804],8,[0;NaN],[1963;-683],10,[NaN;0]},{'O',[3470;683],11,[3470;683],11,0},{'M',[852;122],7,[852;61],6,[0;1]},{'O',[852;122],7,[852;122],7,0}}
Adder graph: {{'M',[4;1],1,[1;1],0,[2;0]},{'M',[1;128],1,[1;1],0,[0;7]},{'A',[31;-120],2,[4;1],1,3,[-1;-128],1,0},{'M',[31;4],3,[1;1],0,[NaN;2],[31;-120],2,[0;NaN]},{'M',[1;64],1,[1;1],0,[0;6]},{'A',[1983;320],4,[31;4],3,6,[-1;64],1,0},{'M',[4;-120],3,[1;1],0,[2;NaN],[31;-120],2,[NaN;0]},{'M',[8;1],1,[1;1],0,[3;0]},{'A',[20;-122],4,[4;-120],3,0,[8;-1],1,1},{'M',[31;-122],5,[31;-120],2,[0;NaN],[20;-122],4,[NaN;0]},{'M',[1983;512],5,[1;1],0,[NaN;9],[1983;320],4,[0;NaN]},{'A',[-1735;-1488],6,[31;-122],5,3,[-1983;-512],5,0},{'A',[-852;-683],7,[-1735;-1488],6,-1,[31;122],5,-1},{'M',[1983;2560],5,[1983;320],4,[0;3]},{'M',[20;-244],5,[20;-122],4,[0;1]},{'A',[1963;2804],6,[1983;2560],5,0,[-20;244],5,0},{'O',[1963;2804],6,[1963;2804],6,0},{'M',[-3470;-683],8,[-1735;-1488],6,[1;NaN],[-852;-683],7,[NaN;0]},{'O',[3470;683],8,[3470;683],8,0},{'M',[-852;-122],8,[20;-122],4,[NaN;0],[-852;-683],7,[0;NaN]},{'O',[852;122],8,[852;122],8,0}}
Adder graph: {{'A',[7;9],1,[1;1],0,3,[-1;1],0,0},{'M',[448;1],2,[1;1],0,[NaN;0],[7;9],1,[6;NaN]},{'M',[28;1],2,[1;1],0,[NaN;0],[7;9],1,[2;NaN]},{'A',[868;3],3,[448;1],2,1,[-28;1],2,0},{'M',[1736;3],4,[868;3],3,[1;0]},{'M',[1;64],1,[1;1],0,[0;6]},{'A',[1735;-61],5,[1736;3],4,0,[-1;-64],1,0},{'M',[448;3],4,[7;9],1,[6;NaN],[868;3],3,[NaN;0]},{'A',[1849;85],6,[448;3],4,3,[-1735;61],5,0},{'M',[16;3],4,[1;1],0,[4;NaN],[868;3],3,[NaN;0]},{'M',[868;680],7,[868;3],3,[0;NaN],[1849;85],6,[NaN;3]},{'A',[-852;683],8,[16;3],4,0,[-868;680],7,0},{'M',[1849;18],7,[7;9],1,[NaN;1],[1849;85],6,[0;NaN]},{'M',[1735;1366],9,[1735;-61],5,[0;NaN],[-852;683],8,[NaN;1]},{'A',[1963;1402],10,[1849;18],7,1,[-1735;1366],9,0},{'M',[1963;2804],11,[1963;1402],10,[0;1]},{'O',[1963;2804],11,[1963;2804],11,0},{'M',[3470;683],9,[1735;-61],5,[1;NaN],[-852;683],8,[NaN;0]},{'O',[3470;683],9,[3470;683],9,0},{'M',[-852;-122],9,[1735;-61],5,[NaN;1],[-852;683],8,[0;NaN]},{'O',[852;122],9,[852;122],9,0}}
Adder graph: {{'M',[1;8],1,[1;1],0,[0;3]},{'A',[-3;-31],2,[1;1],0,0,[-1;-8],1,2},{'M',[16;-31],3,[1;1],0,[4;NaN],[-3;-31],2,[NaN;0]},{'A',[31;-61],4,[16;-31],3,1,[-1;1],0,0},{'M',[-3;-61],5,[-3;-31],2,[0;NaN],[31;-61],4,[NaN;0]},{'M',[-3;64],3,[1;1],0,[NaN;6],[-3;-31],2,[0;NaN]},{'A',[21;-573],6,[-3;-61],5,0,[3;-64],3,3},{'M',[-3;2],3,[1;1],0,[NaN;1],[-3;-31],2,[0;NaN]},{'A',[-426;1402],7,[-3;2],3,7,[-21;573],6,1},{'M',[-426;64],8,[1;1],0,[NaN;6],[-426;1402],7,[0;NaN]},{'A',[1735;195],9,[31;-61],4,0,[426;64],8,2},{'M',[1984;195],10,[31;-61],4,[6;NaN],[1735;195],9,[NaN;0]},{'M',[21;-488],7,[31;-61],4,[NaN;3],[21;-573],6,[0;NaN]},{'A',[1963;683],11,[1984;195],10,0,[-21;488],7,0},{'M',[1963;2804],12,[-426;1402],7,[NaN;1],[1963;683],11,[0;NaN]},{'O',[1963;2804],12,[1963;2804],12,0},{'M',[3470;683],12,[1735;195],9,[1;NaN],[1963;683],11,[NaN;0]},{'O',[3470;683],12,[3470;683],12,0},{'M',[-426;-61],8,[31;-61],4,[NaN;0],[-426;1402],7,[0;NaN]},{'O',[852;122],8,[426;61],8,1}}
Adder graph: {{'M',[1;2],1,[1;1],0,[0;1]},{'A',[7;10],2,[1;1],0,3,[-1;2],1,0},{'A',[-217;-310],3,[7;10],2,0,[-7;-10],2,5},{'M',[32;1],1,[1;1],0,[5;0]},{'M',[1;32],1,[1;1],0,[0;5]},{'A',[34;-63],2,[32;1],1,0,[1;-32],1,1},{'M',[-217;-126],4,[-217;-310],3,[0;NaN],[34;-63],2,[NaN;1]},{'A',[-213;-122],5,[1;1],0,2,[-217;-126],4,0},{'M',[34;20],3,[7;10],2,[NaN;1],[34;-63],2,[0;NaN]},{'A',[1963;1402],6,[34;20],3,6,[-213;122],5,0},{'M',[-3472;-63],4,[-217;-310],3,[4;NaN],[34;-63],2,[NaN;0]},{'M',[1;-310],4,[1;1],0,[0;NaN],[-217;-310],3,[NaN;0]},{'A',[-3470;-683],5,[-3472;-63],4,0,[1;-310],4,1},{'M',[1963;2804],7,[1963;1402],6,[0;1]},{'O',[1963;2804],7,[1963;2804],7,0},{'O',[3470;683],5,[3470;683],5,0},{'M',[-852;-122],6,[-213;-122],5,[2;0]},{'O',[852;122],6,[852;122],6,0}}
Adder graph: {{'M',[1;4],1,[1;1],0,[0;2]},{'A',[17;-63],2,[1;1],0,0,[1;-4],1,4},{'A',[85;189],3,[17;-63],2,0,[17;63],2,2},{'A',[426;122],4,[85;189],3,1,[1;-1],0,8},{'M',[4;1],1,[1;1],0,[2;0]},{'A',[1963;701],4,[4;1],1,9,[-85;189],3,0},{'M',[426;16],5,[1;1],0,[NaN;4],[426;122],4,[0;NaN]},{'A',[434;18],6,[426;16],5,0,[4;1],1,1},{'M',[3472;701],7,[1963;701],4,[NaN;0],[434;18],6,[3;NaN]},{'M',[2;18],7,[1;1],0,[1;NaN],[434;18],6,[NaN;0]},{'A',[3470;683],8,[3472;701],7,0,[-2;-18],7,0},{'M',[1963;2804],5,[1963;701],4,[0;2]},{'O',[1963;2804],5,[1963;2804],5,0},{'O',[3470;683],8,[3470;683],8,0},{'M',[852;122],5,[426;122],4,[1;0]},{'O',[852;122],5,[852;122],5,0}}
Adder graph: {{'A',[17;15],1,[1;1],0,4,[1;-1],0,0},{'M',[17;1],2,[1;1],0,[NaN;0],[17;15],1,[0;NaN]},{'M',[128;15],2,[1;1],0,[7;NaN],[17;15],1,[NaN;0]},{'A',[-495;61],3,[17;1],2,0,[-128;15],2,2},{'A',[-1948;-212],4,[1;1],0,5,[-495;-61],3,2},{'A',[-1963;259],4,[-495;61],3,2,[17;15],1,0},{'M',[34;15],2,[17;15],1,[1;0]},{'A',[426;-1402],5,[-1963;259],4,1,[34;-15],2,7},{'M',[426;-424],6,[-1948;-212],4,[NaN;1],[426;-1402],5,[0;NaN]},{'M',[-3896;259],5,[-1948;-212],4,[1;NaN],[-1963;259],4,[NaN;0]},{'A',[-3470;-683],7,[426;-424],6,0,[-3896;-259],5,0},{'M',[-1963;-2804],6,[-1963;259],4,[0;NaN],[426;-1402],5,[NaN;1]},{'O',[1963;2804],6,[1963;2804],6,0},{'O',[3470;683],7,[3470;683],7,0},{'M',[426;61],6,[-495;61],3,[NaN;0],[426;-1402],5,[0;NaN]},{'O',[852;122],6,[426;61],6,1}}
Adder graph: {{'A',[-3;-3],1,[1;1],0,0,[-1;-1],0,2},{'M',[8;1],1,[1;1],0,[3;0]},{'A',[-62;10],2,[1;1],0,1,[-8;1],1,3},{'A',[245;-43],3,[-3;-3],1,0,[62;-10],2,2},{'M',[490;-3],4,[-3;-3],1,[NaN;0],[245;-43],3,[1;NaN]},{'A',[852;122],5,[490;-3],4,1,[-1;1],0,7},{'M',[-62;-43],4,[-62;10],2,[0;NaN],[245;-43],3,[NaN;0]},{'M',[852;160],6,[-62;10],2,[NaN;4],[852;122],5,[0;NaN]},{'A',[-3470;-683],7,[-62;-43],4,0,[-852;-160],6,2},{'M',[245;320],4,[-62;10],2,[NaN;5],[245;-43],3,[0;NaN]},{'M',[-3;244],6,[-3;-3],1,[0;NaN],[852;122],5,[NaN;1]},{'A',[1963;2804],7,[245;320],4,3,[3;244],6,0},{'O',[1963;2804],7,[1963;2804],7,0},{'O',[3470;683],7,[3470;683],7,0},{'O',[852;122],5,[852;122],5,0}}
Adder graph: {{'A',[3;3],1,[1;1],0,2,[-1;-1],0,0},{'M',[1;3],2,[1;1],0,[0;NaN],[3;3],1,[NaN;0]},{'M',[2;3],2,[1;1],0,[1;NaN],[3;3],1,[NaN;0]},{'A',[62;195],3,[1;3],2,6,[-2;3],2,0},{'M',[496;195],4,[62;195],3,[3;0]},{'A',[490;189],5,[496;195],4,0,[-3;-3],1,1},{'M',[1;2],1,[1;1],0,[0;1]},{'A',[426;61],6,[490;189],5,0,[-1;-2],1,6},{'A',[3470;683],7,[426;61],6,3,[62;195],3,0},{'M',[3;2048],2,[1;1],0,[NaN;11],[3;3],1,[0;NaN]},{'A',[1963;2804],6,[3;2048],2,0,[490;189],5,2},{'O',[1963;2804],6,[1963;2804],6,0},{'O',[3470;683],7,[3470;683],7,0},{'O',[852;122],6,[426;61],6,1}}
Finished solving after 7296.97 seconds
Adder graph: {{'A',[3;3],1,[1;1],0,2,[-1;-1],0,0},{'M',[1;3],2,[1;1],0,[0;NaN],[3;3],1,[NaN;0]},{'M',[2;3],2,[1;1],0,[1;NaN],[3;3],1,[NaN;0]},{'A',[62;195],3,[1;3],2,6,[-2;3],2,0},{'M',[496;195],4,[62;195],3,[3;0]},{'A',[490;189],5,[496;195],4,0,[-3;-3],1,1},{'M',[1;2],1,[1;1],0,[0;1]},{'A',[426;61],6,[490;189],5,0,[-1;-2],1,6},{'A',[3470;683],7,[426;61],6,3,[62;195],3,0},{'M',[3;2048],2,[1;1],0,[NaN;11],[3;3],1,[0;NaN]},{'A',[1963;2804],6,[3;2048],2,0,[490;189],5,2},{'O',[1963;2804],6,[1963;2804],6,0},{'O',[3470;683],7,[3470;683],7,0},{'O',[852;122],6,[426;61],6,1}}
# Add optimal = 1
# Mux optimal = 0
# FAs optimal = 0
