Adder graph: {{'M',[1;2],1,[1;1],0,[0;1]},{'A',[-15;33],2,[1;1],0,0,[-1;2],1,4},{'M',[-15;1],3,[1;1],0,[NaN;0],[-15;33],2,[0;NaN]},{'A',[-75;29],4,[-15;33],2,0,[-15;-1],3,2},{'M',[-75;58],5,[-75;29],4,[0;1]},{'M',[-75;116],5,[-75;29],4,[0;2]},{'A',[-1275;1044],6,[-75;58],5,4,[-75;116],5,0},{'M',[512;33],3,[1;1],0,[9;NaN],[-15;33],2,[NaN;0]},{'A',[1787;-1011],7,[512;33],3,0,[1275;-1044],6,0},{'M',[4;1],1,[1;1],0,[2;0]},{'M',[-15;58],5,[-15;33],2,[0;NaN],[-75;29],4,[NaN;1]},{'A',[484;1857],6,[4;1],1,0,[15;58],5,5},{'M',[484;1044],7,[-1275;1044],6,[NaN;0],[484;1857],6,[0;NaN]},{'M',[-15;1857],7,[-15;33],2,[0;NaN],[484;1857],6,[NaN;0]},{'A',[983;3945],8,[484;1044],7,1,[15;1857],7,0},{'M',[983;1857],9,[484;1857],6,[NaN;0],[983;3945],8,[0;NaN]},{'O',[983;1857],9,[983;1857],9,0},{'M',[3574;3945],9,[1787;-1011],7,[1;NaN],[983;3945],8,[NaN;0]},{'O',[3574;3945],9,[3574;3945],9,0},{'M',[-150;-1011],8,[-75;29],4,[1;NaN],[1787;-1011],7,[NaN;0]},{'O',[150;1011],8,[150;1011],8,0}}
Adder graph: {{'M',[1;32],1,[1;1],0,[0;5]},{'A',[5;127],2,[1;32],1,2,[1;-1],0,0},{'M',[16;1],1,[1;1],0,[4;0]},{'A',[26;-253],3,[16;1],1,0,[5;-127],2,1},{'M',[1;8],1,[1;1],0,[0;3]},{'M',[10;127],3,[5;127],2,[1;0]},{'A',[246;1921],4,[1;8],1,8,[-10;-127],3,0},{'M',[5;32],3,[1;1],0,[NaN;5],[5;127],2,[0;NaN]},{'M',[160;1921],5,[5;127],2,[5;NaN],[246;1921],4,[NaN;0]},{'A',[-150;-1857],6,[5;32],3,1,[-160;-1921],5,0},{'M',[246;-253],5,[26;-253],3,[NaN;0],[246;1921],4,[0;NaN]},{'A',[-983;-1011],6,[1;1],0,0,[-246;-253],5,2},{'M',[3328;1921],5,[26;-253],3,[7;NaN],[246;1921],4,[NaN;0]},{'M',[246;-2024],5,[26;-253],3,[NaN;3],[246;1921],4,[0;NaN]},{'A',[3574;3945],6,[3328;1921],5,0,[246;2024],5,0},{'M',[-983;-1857],7,[-150;-1857],6,[NaN;0],[-983;-1011],6,[0;NaN]},{'O',[983;1857],7,[983;1857],7,0},{'O',[3574;3945],6,[3574;3945],6,0},{'M',[-150;-1011],7,[-150;-1857],6,[0;NaN],[-983;-1011],6,[NaN;0]},{'O',[150;1011],7,[150;1011],7,0}}
Adder graph: {{'M',[8;1],1,[1;1],0,[3;0]},{'A',[1023;127],2,[8;1],1,7,[-1;-1],0,0},{'M',[1;127],3,[1;1],0,[0;NaN],[1023;127],2,[NaN;0]},{'A',[10;253],4,[1;127],3,1,[8;-1],1,0},{'M',[1023;1],3,[1;1],0,[NaN;0],[1023;127],2,[0;NaN]},{'A',[-983;1011],5,[10;253],4,2,[-1023;-1],3,0},{'M',[10;128],5,[1;1],0,[NaN;7],[10;253],4,[0;NaN]},{'M',[10;127],5,[1023;127],2,[NaN;0],[10;253],4,[0;NaN]},{'A',[150;1921],6,[10;128],5,4,[-10;-127],5,0},{'A',[214;-1857],7,[1;1],0,6,[150;-1921],6,0},{'M',[150;2024],7,[10;253],4,[NaN;3],[150;1921],6,[0;NaN]},{'M',[3424;1921],8,[150;1921],6,[NaN;0],[214;-1857],7,[4;NaN]},{'A',[3574;3945],9,[150;2024],7,0,[3424;1921],8,0},{'M',[-983;-1857],8,[-983;1011],5,[0;NaN],[214;-1857],7,[NaN;0]},{'O',[983;1857],8,[983;1857],8,0},{'O',[3574;3945],9,[3574;3945],9,0},{'M',[150;1011],7,[-983;1011],5,[NaN;0],[150;1921],6,[0;NaN]},{'O',[150;1011],7,[150;1011],7,0}}
Adder graph: {{'M',[2;1],1,[1;1],0,[1;0]},{'M',[1;4],1,[1;1],0,[0;2]},{'A',[10;33],2,[2;1],1,0,[1;4],1,3},{'M',[10;66],3,[10;33],2,[0;1]},{'A',[41;263],4,[10;66],3,2,[1;-1],0,0},{'M',[64;263],5,[1;1],0,[6;NaN],[41;263],4,[NaN;0]},{'A',[-983;-3945],6,[41;263],4,0,[-64;-263],5,4},{'M',[80;1],3,[1;1],0,[NaN;0],[10;33],2,[3;NaN]},{'A',[804;1044],5,[41;263],4,2,[80;-1],3,3},{'M',[-1966;-3945],7,[-983;-3945],6,[1;0]},{'A',[-3574;-1857],8,[-1966;-3945],7,0,[-804;1044],5,1},{'M',[160;1044],6,[10;33],2,[4;NaN],[804;1044],5,[NaN;0]},{'A',[-150;-1011],7,[10;33],2,0,[-160;-1044],6,0},{'M',[-983;-1857],9,[-983;-3945],6,[0;NaN],[-3574;-1857],8,[NaN;0]},{'O',[983;1857],9,[983;1857],9,0},{'M',[-3574;-3945],9,[-983;-3945],6,[NaN;0],[-3574;-1857],8,[0;NaN]},{'O',[3574;3945],9,[3574;3945],9,0},{'O',[150;1011],7,[150;1011],7,0}}
Adder graph: {{'M',[1;8],1,[1;1],0,[0;3]},{'A',[-15;-127],2,[1;1],0,0,[-1;-8],1,4},{'M',[-15;2],3,[1;1],0,[NaN;1],[-15;-127],2,[0;NaN]},{'A',[-150;-1012],4,[-15;2],3,1,[-15;-127],2,3},{'M',[1;256],1,[1;1],0,[0;8]},{'A',[-23;1921],3,[-15;-127],2,0,[-1;256],1,3},{'M',[128;1921],4,[1;1],0,[7;NaN],[-23;1921],3,[NaN;0]},{'A',[-428;-3945],5,[-150;-1012],4,1,[-128;-1921],4,0},{'M',[-3424;1],6,[1;1],0,[NaN;0],[-428;-3945],5,[3;NaN]},{'A',[-3574;-1011],7,[-3424;1],6,0,[-150;-1012],4,0},{'M',[-15;1],3,[1;1],0,[NaN;0],[-15;-127],2,[0;NaN]},{'A',[-983;-1857],4,[-15;1],3,6,[-23;-1921],3,0},{'O',[983;1857],4,[983;1857],4,0},{'M',[-3574;-3945],8,[-428;-3945],5,[NaN;0],[-3574;-1011],7,[0;NaN]},{'O',[3574;3945],8,[3574;3945],8,0},{'M',[-150;-1011],8,[-150;-1012],4,[0;NaN],[-3574;-1011],7,[NaN;0]},{'O',[150;1011],8,[150;1011],8,0}}
Adder graph: {{'M',[4;1],1,[1;1],0,[2;0]},{'A',[-127;33],2,[1;1],0,0,[-4;1],1,5},{'M',[1;66],3,[1;1],0,[0;NaN],[-127;33],2,[NaN;1]},{'A',[5;263],4,[1;66],3,2,[1;-1],0,0},{'M',[40;263],5,[5;263],4,[3;0]},{'M',[-127;1],3,[1;1],0,[NaN;0],[-127;33],2,[0;NaN]},{'A',[-856;1044],6,[40;263],5,2,[-127;-1],3,3},{'A',[-75;-3945],5,[5;263],4,0,[-5;-263],4,4},{'A',[-1787;-1857],7,[-856;1044],6,1,[-75;-3945],5,0},{'A',[-983;-1011],7,[-127;33],2,0,[-856;-1044],6,0},{'M',[-983;-1857],8,[-1787;-1857],7,[NaN;0],[-983;-1011],7,[0;NaN]},{'O',[983;1857],8,[983;1857],8,0},{'M',[-3574;-3945],8,[-75;-3945],5,[NaN;0],[-1787;-1857],7,[1;NaN]},{'O',[3574;3945],8,[3574;3945],8,0},{'M',[-150;-1011],8,[-75;-3945],5,[1;NaN],[-983;-1011],7,[NaN;0]},{'O',[150;1011],8,[150;1011],8,0}}
Adder graph: {{'M',[1;32],1,[1;1],0,[0;5]},{'A',[5;127],2,[1;32],1,2,[1;-1],0,0},{'M',[256;1],1,[1;1],0,[8;0]},{'A',[-246;253],3,[5;127],2,1,[-256;-1],1,0},{'A',[-983;-1011],4,[1;1],0,0,[-246;-253],3,2},{'A',[-2043;-1921],3,[5;127],2,0,[-1;-1],0,11},{'A',[-75;-3945],4,[-2043;-1921],3,0,[246;-253],3,3},{'M',[4;1],1,[1;1],0,[2;0]},{'A',[-1787;-1857],4,[4;1],1,6,[-2043;-1921],3,0},{'M',[-983;-1857],5,[-983;-1011],4,[0;NaN],[-1787;-1857],4,[NaN;0]},{'O',[983;1857],5,[983;1857],5,0},{'M',[-3574;-3945],5,[-75;-3945],4,[NaN;0],[-1787;-1857],4,[1;NaN]},{'O',[3574;3945],5,[3574;3945],5,0},{'M',[-150;-1011],5,[-983;-1011],4,[NaN;0],[-75;-3945],4,[1;NaN]},{'O',[150;1011],5,[150;1011],5,0}}
Finished solving after 7214.71 seconds
Adder graph: {{'M',[1;32],1,[1;1],0,[0;5]},{'A',[5;127],2,[1;32],1,2,[1;-1],0,0},{'M',[256;1],1,[1;1],0,[8;0]},{'A',[-246;253],3,[5;127],2,1,[-256;-1],1,0},{'A',[-983;-1011],4,[1;1],0,0,[-246;-253],3,2},{'A',[-2043;-1921],3,[5;127],2,0,[-1;-1],0,11},{'A',[-75;-3945],4,[-2043;-1921],3,0,[246;-253],3,3},{'M',[4;1],1,[1;1],0,[2;0]},{'A',[-1787;-1857],4,[4;1],1,6,[-2043;-1921],3,0},{'M',[-983;-1857],5,[-983;-1011],4,[0;NaN],[-1787;-1857],4,[NaN;0]},{'O',[983;1857],5,[983;1857],5,0},{'M',[-3574;-3945],5,[-75;-3945],4,[NaN;0],[-1787;-1857],4,[1;NaN]},{'O',[3574;3945],5,[3574;3945],5,0},{'M',[-150;-1011],5,[-983;-1011],4,[NaN;0],[-75;-3945],4,[1;NaN]},{'O',[150;1011],5,[150;1011],5,0}}
# Add optimal = 1
# Mux optimal = 0
# FAs optimal = 0
