Adder graph: {{'M',[16;1;16],1,[1;1;1],0,[4;0;4]},{'M',[1;128;1],1,[1;1;1],0,[0;7;0]},{'A',[508;544;516],2,[16;1;16],1,5,[-1;128;1],1,2},{'A',[-31;-31;-31],1,[1;1;1],0,0,[-1;-1;-1],0,5},{'M',[1;8;128],1,[1;1;1],0,[0;3;7]},{'M',[1;32;32],1,[1;1;1],0,[0;5;5]},{'A',[-7;-248;-128],2,[1;8;128],1,0,[-1;-32;-32],1,3},{'M',[1;128;2],1,[1;1;1],0,[0;7;1]},{'M',[1024;1;1],1,[1;1;1],0,[10;0;0]},{'A',[1025;129;1],2,[1;128;2],1,0,[1024;1;-1],1,0},{'M',[128;1;4],1,[1;1;1],0,[7;0;2]},{'A',[481;-35;-47],2,[-31;-31;-31],1,0,[128;-1;-4],1,2},{'A',[2043;10;-130],3,[-7;-248;-128],2,0,[1025;129;-1],2,1},{'M',[-31;-62;-31],2,[-31;-31;-31],1,[0;1;0]},{'A',[963;5;63],3,[1025;129;1],2,0,[-31;-62;31],2,1},{'M',[-224;-35;16],3,[-7;-248;-128],2,[5;NaN;NaN],[1025;129;1],2,[NaN;NaN;4],[481;-35;-47],2,[NaN;0;NaN]},{'M',[-7;-496;-188],3,[-7;-248;-128],2,[0;1;NaN],[481;-35;-47],2,[NaN;NaN;2]},{'A',[-455;-566;-156],4,[-224;-35;16],3,1,[-7;-496;-188],3,0},{'M',[1;4;4],1,[1;1;1],0,[0;2;2]},{'A',[35;47;47],2,[1;4;4],1,2,[31;31;31],1,0},{'M',[-7;-280;-47],3,[-7;-248;-128],2,[0;NaN;NaN],[481;-35;-47],2,[NaN;3;0]},{'M',[481;544;-128],3,[508;544;516],2,[NaN;0;NaN],[-7;-248;-128],2,[NaN;NaN;0],[481;-35;-47],2,[0;NaN;NaN]},{'A',[955;808;209],4,[-7;-280;-47],3,0,[481;544;128],3,1},{'M',[-28;-496;47],3,[-7;-248;-128],2,[2;1;NaN],[35;47;47],2,[NaN;NaN;0]},{'M',[35;-70;752],3,[481;-35;-47],2,[NaN;1;NaN],[35;47;47],2,[0;NaN;4]},{'A',[-91;-922;-658],4,[-28;-496;47],3,1,[-35;70;-752],3,0},{'M',[508;258;516],3,[508;544;516],2,[0;NaN;0],[1025;129;1],2,[NaN;1;NaN]},{'M',[-56;47;-94],3,[-7;-248;-128],2,[3;NaN;NaN],[481;-35;-47],2,[NaN;NaN;1],[35;47;47],2,[NaN;0;NaN]},{'A',[564;211;610],4,[508;258;516],3,0,[56;-47;94],3,0},{'M',[963;20;252],4,[963;5;63],3,[0;2;2]},{'O',[963;20;252],4,[963;20;252],4,0},{'O',[955;808;209],4,[955;808;209],4,0},{'O',[564;211;610],4,[564;211;610],4,0},{'O',[91;922;658],4,[91;922;658],4,0},{'O',[455;566;156],4,[455;566;156],4,0}}
Adder graph: {{'A',[508;508;516],1,[1;1;1],0,9,[-1;-1;1],0,2},{'M',[1024;16;1],1,[1;1;1],0,[10;4;0]},{'M',[4;1;8],1,[1;1;1],0,[2;0;3]},{'A',[1016;14;-15],2,[1024;16;1],1,0,[-4;-1;-8],1,1},{'M',[1;512;1],1,[1;1;1],0,[0;9;0]},{'M',[32;1;128],1,[1;1;1],0,[5;0;7]},{'A',[65;514;257],2,[1;512;1],1,0,[32;1;128],1,1},{'M',[16;8;1],1,[1;1;1],0,[4;3;0]},{'A',[896;448;72],2,[16;8;1],1,6,[-16;-8;1],1,3},{'A',[-3;-3;5],1,[1;1;1],0,0,[-1;-1;1],0,2},{'M',[-3;-384;160],2,[-3;-3;5],1,[0;7;5]},{'A',[-1022;-782;305],3,[-3;-384;160],2,1,[-1016;-14;-15],2,0},{'M',[16;4;1],1,[1;1;1],0,[4;2;0]},{'A',[67;13;9],2,[16;4;1],1,2,[3;-3;5],1,0},{'M',[130;13;9],3,[65;514;257],2,[1;NaN;NaN],[67;13;9],2,[NaN;0;0]},{'M',[65;514;-120],3,[1016;14;-15],2,[NaN;NaN;3],[65;514;257],2,[0;0;NaN]},{'A',[455;566;156],4,[130;13;9],3,2,[-65;514;120],3,0},{'M',[508;-3;160],2,[508;508;516],1,[0;NaN;NaN],[-3;-3;5],1,[NaN;0;5]},{'A',[564;211;-16],3,[67;13;9],2,4,[-508;3;-160],2,0},{'M',[-24;-3;320],2,[-3;-3;5],1,[3;0;6]},{'A',[91;10;329],3,[67;13;9],2,0,[24;-3;320],2,0},{'A',[963;461;63],3,[896;448;72],2,0,[67;13;-9],2,0},{'M',[67;26;514],3,[65;514;257],2,[NaN;NaN;1],[67;13;9],2,[0;1;NaN]},{'A',[-955;-808;-209],4,[-1022;-782;305],3,0,[67;-26;-514],3,0},{'M',[963;20;252],4,[91;10;329],3,[NaN;1;NaN],[963;461;63],3,[0;NaN;2]},{'O',[963;20;252],4,[963;20;252],4,0},{'O',[955;808;209],4,[955;808;209],4,0},{'M',[564;211;610],4,[-1022;-782;305],3,[NaN;NaN;1],[564;211;-16],3,[0;0;NaN]},{'O',[564;211;610],4,[564;211;610],4,0},{'M',[91;922;658],4,[91;10;329],3,[0;NaN;1],[963;461;63],3,[NaN;1;NaN]},{'O',[91;922;658],4,[91;922;658],4,0},{'O',[455;566;156],4,[455;566;156],4,0}}
Adder graph: {{'A',[17;-15;-15],1,[1;1;1],0,0,[1;-1;-1],0,4},{'M',[4;4;1],1,[1;1;1],0,[2;2;0]},{'M',[1;4;512],1,[1;1;1],0,[0;2;9]},{'A',[3;8;-511],2,[4;4;1],1,0,[-1;4;-512],1,0},{'M',[17;-120;-120],2,[17;-15;-15],1,[0;3;3]},{'M',[136;-15;-30],2,[17;-15;-15],1,[3;0;1]},{'A',[-952;-840;-720],3,[17;-120;-120],2,3,[-136;15;30],2,3},{'M',[3;32;-511],3,[3;8;-511],2,[0;2;0]},{'A',[-955;-808;-209],4,[-952;-840;-720],3,0,[-3;32;511],3,0},{'M',[8;1;2],1,[1;1;1],0,[3;0;1]},{'M',[16;1;2],1,[1;1;1],0,[4;0;1]},{'A',[-120;-7;18],2,[8;1;2],1,0,[-16;-1;2],1,3},{'M',[-480;-14;18],3,[-120;-7;18],2,[2;1;0]},{'M',[3;8;288],3,[3;8;-511],2,[0;0;NaN],[-120;-7;18],2,[NaN;NaN;4]},{'A',[-963;-20;-252],4,[-480;-14;18],3,1,[-3;8;-288],3,0},{'M',[32;1;16],1,[1;1;1],0,[5;0;4]},{'A',[94;-26;94],2,[32;1;16],1,2,[-17;-15;15],1,1},{'M',[3;-26;94],3,[3;8;-511],2,[0;NaN;NaN],[94;-26;94],2,[NaN;0;0]},{'M',[94;-896;752],3,[-120;-7;18],2,[NaN;7;NaN],[94;-26;94],2,[0;NaN;3]},{'A',[-91;-922;-658],4,[3;-26;94],3,0,[-94;-896;-752],3,0},{'M',[17;-120;-15],2,[17;-15;-15],1,[0;3;0]},{'M',[272;-15;-120],2,[17;-15;-15],1,[4;0;3]},{'A',[-476;-510;-300],3,[17;-120;-15],2,2,[-272;-15;-120],2,1},{'M',[2;1;2],1,[1;1;1],0,[1;0;1]},{'A',[21;-13;-11],2,[17;-15;-15],1,0,[2;1;2],1,1},{'M',[94;-112;-352],3,[-120;-7;18],2,[NaN;4;NaN],[94;-26;94],2,[0;NaN;NaN],[21;-13;-11],2,[NaN;NaN;5]},{'M',[752;-13;94],3,[94;-26;94],2,[3;NaN;0],[21;-13;-11],2,[NaN;0;NaN]},{'A',[-564;-211;-610],4,[94;-112;-352],3,1,[-752;13;94],3,0},{'M',[21;-56;144],3,[-120;-7;18],2,[NaN;3;3],[21;-13;-11],2,[0;NaN;NaN]},{'A',[-455;-566;-156],4,[21;-56;144],3,0,[-476;-510;-300],3,0},{'O',[963;20;252],4,[963;20;252],4,0},{'O',[955;808;209],4,[955;808;209],4,0},{'O',[564;211;610],4,[564;211;610],4,0},{'O',[91;922;658],4,[91;922;658],4,0},{'O',[455;566;156],4,[455;566;156],4,0}}
Adder graph: {{'M',[1;1;512],1,[1;1;1],0,[0;0;9]},{'M',[1024;32;1],1,[1;1;1],0,[10;5;0]},{'A',[-1023;33;513],2,[1;1;512],1,0,[-1024;32;1],1,0},{'A',[-1;3;3],1,[1;1;1],0,0,[-1;1;1],0,1},{'M',[2;2;1],1,[1;1;1],0,[1;1;0]},{'A',[31;35;-13],2,[-1;3;3],1,0,[2;2;-1],1,4},{'A',[-17;51;51],2,[-1;3;3],1,4,[-1;3;3],1,0},{'M',[16;1;4],1,[1;1;1],0,[4;0;2]},{'A',[-65;7;19],2,[-1;3;3],1,0,[-16;1;4],1,2},{'M',[-17;51;-52],3,[31;35;-13],2,[NaN;NaN;2],[-17;51;51],2,[0;0;NaN]},{'M',[-1023;7;513],3,[-1023;33;513],2,[0;NaN;0],[-65;7;19],2,[NaN;0;NaN]},{'A',[955;211;305],4,[-17;51;-52],3,2,[1023;7;513],3,0},{'M',[-1;384;12],2,[-1;3;3],1,[0;7;2]},{'A',[30;-349;-25],3,[31;35;-13],2,0,[-1;-384;-12],2,0},{'M',[-272;7;816],3,[-17;51;51],2,[4;NaN;4],[-65;7;19],2,[NaN;0;NaN]},{'A',[-4292;-586;13106],4,[-272;7;816],3,4,[30;-349;25],3,1},{'M',[124;33;-13],3,[-1023;33;513],2,[NaN;0;NaN],[31;35;-13],2,[2;NaN;0]},{'M',[-34;35;-13],3,[31;35;-13],2,[NaN;0;0],[-17;51;51],2,[1;NaN;NaN]},{'A',[282;101;-39],4,[124;33;-13],3,1,[34;35;-13],3,0},{'M',[-1023;224;608],3,[-1023;33;513],2,[0;NaN;NaN],[-65;7;19],2,[NaN;5;5]},{'A',[-963;922;658],4,[-1023;224;608],3,0,[30;349;25],3,1},{'M',[31;132;-13],3,[-1023;33;513],2,[NaN;2;NaN],[31;35;-13],2,[0;NaN;0]},{'A',[91;-566;-63],4,[31;132;-13],3,0,[30;-349;-25],3,1},{'M',[-520;56;513],3,[-1023;33;513],2,[NaN;NaN;0],[-65;7;19],2,[3;3;NaN]},{'M',[-65;66;304],3,[-1023;33;513],2,[NaN;1;NaN],[-65;7;19],2,[0;NaN;4]},{'A',[-455;-10;209],4,[-520;56;513],3,0,[65;-66;-304],3,0},{'M',[-963;-20;-252],5,[-963;922;658],4,[0;NaN;NaN],[91;-566;-63],4,[NaN;NaN;2],[-455;-10;209],4,[NaN;1;NaN]},{'O',[963;20;252],5,[963;20;252],5,0},{'M',[955;808;209],5,[955;211;305],4,[0;NaN;NaN],[282;101;-39],4,[NaN;3;NaN],[-455;-10;209],4,[NaN;NaN;0]},{'O',[955;808;209],5,[955;808;209],5,0},{'M',[564;211;610],5,[955;211;305],4,[NaN;0;1],[282;101;-39],4,[1;NaN;NaN]},{'O',[564;211;610],5,[564;211;610],5,0},{'M',[91;922;658],5,[-963;922;658],4,[NaN;0;0],[91;-566;-63],4,[0;NaN;NaN]},{'O',[91;922;658],5,[91;922;658],5,0},{'M',[-455;-566;-156],5,[282;101;-39],4,[NaN;NaN;2],[91;-566;-63],4,[NaN;0;NaN],[-455;-10;209],4,[0;NaN;NaN]},{'O',[455;566;156],5,[455;566;156],5,0}}
Adder graph: {{'A',[112;112;144],1,[1;1;1],0,7,[-1;-1;1],0,4},{'M',[64;1;32],1,[1;1;1],0,[6;0;5]},{'M',[16;1;16],1,[1;1;1],0,[4;0;4]},{'A',[7168;192;5120],2,[64;1;32],1,7,[-16;1;16],1,6},{'A',[3;3;1],1,[1;1;1],0,1,[1;1;-1],0,0},{'M',[64;1;1],1,[1;1;1],0,[6;0;0]},{'M',[256;1;32],1,[1;1;1],0,[8;0;5]},{'A',[-2048;16;-480],2,[64;1;1],1,5,[-256;-1;-32],1,4},{'M',[2;8;1],1,[1;1;1],0,[1;3;0]},{'A',[-222;-216;-287],2,[2;8;1],1,0,[-112;-112;-144],1,1},{'A',[-6976;7360;9280],2,[3;3;1],1,6,[-112;112;144],1,6},{'R',[112;112;144],2,[112;112;144],1},{'A',[455;5;329],3,[7168;192;5120],2,-4,[112;-112;144],2,-4},{'A',[67;259;31],2,[2;8;1],1,5,[3;3;-1],1,0},{'M',[3;3;4],2,[3;3;1],1,[0;0;2]},{'A',[91;283;63],3,[3;3;4],2,3,[67;259;31],2,0},{'M',[67;-216;496],3,[-222;-216;-287],2,[NaN;0;NaN],[67;259;31],2,[0;NaN;4]},{'M',[-888;1024;-287],3,[-2048;16;-480],2,[NaN;6;NaN],[-222;-216;-287],2,[2;NaN;0]},{'A',[955;808;209],4,[67;-216;496],3,0,[888;1024;-287],3,0},{'A',[-564;461;-610],3,[-2048;16;-480],2,-4,[-6976;7360;-9280],2,-4},{'M',[112;6;1],2,[112;112;144],1,[0;NaN;NaN],[3;3;1],1,[NaN;1;0]},{'A',[963;-211;39],3,[112;6;1],2,3,[67;-259;31],2,0},{'M',[963;20;252],4,[455;5;329],3,[NaN;2;NaN],[91;283;63],3,[NaN;NaN;2],[963;-211;39],3,[0;NaN;NaN]},{'O',[963;20;252],4,[963;20;252],4,0},{'O',[955;808;209],4,[955;808;209],4,0},{'M',[-564;-211;-610],4,[-564;461;-610],3,[0;NaN;0],[963;-211;39],3,[NaN;0;NaN]},{'O',[564;211;610],4,[564;211;610],4,0},{'M',[91;922;658],4,[455;5;329],3,[NaN;NaN;1],[91;283;63],3,[0;NaN;NaN],[-564;461;-610],3,[NaN;1;NaN]},{'O',[91;922;658],4,[91;922;658],4,0},{'M',[455;566;156],4,[455;5;329],3,[0;NaN;NaN],[91;283;63],3,[NaN;1;NaN],[963;-211;39],3,[NaN;NaN;2]},{'O',[455;566;156],4,[455;566;156],4,0}}
Adder graph: {{'A',[-30;34;34],1,[1;1;1],0,1,[-1;1;1],0,5},{'A',[1023;1023;1025],1,[1;1;1],0,10,[-1;-1;1],0,0},{'M',[8;8;1],1,[1;1;1],0,[3;3;0]},{'M',[1;2;256],1,[1;1;1],0,[0;1;8]},{'A',[511;510;320],2,[8;8;1],1,6,[-1;-2;256],1,0},{'M',[1;32;4],1,[1;1;1],0,[0;5;2]},{'M',[16;1;1],1,[1;1;1],0,[4;0;0]},{'A',[-28;130;18],2,[1;32;4],1,2,[-16;1;1],1,1},{'A',[33;33;-31],1,[1;1;1],0,0,[1;1;-1],0,5},{'M',[4;2;1],1,[1;1;1],0,[2;1;0]},{'M',[1;1;64],1,[1;1;1],0,[0;0;6]},{'A',[17;7;-60],2,[4;2;1],1,2,[1;-1;-64],1,0},{'M',[-28;28;18],3,[-28;130;18],2,[0;NaN;0],[17;7;-60],2,[NaN;2;NaN]},{'M',[511;510;-120],3,[511;510;320],2,[0;0;NaN],[17;7;-60],2,[NaN;NaN;1]},{'A',[455;566;156],4,[-28;28;18],3,1,[511;510;120],3,0},{'M',[1;4;64],1,[1;1;1],0,[0;2;6]},{'A',[37;49;287],2,[1;4;64],1,2,[33;33;31],1,0},{'M',[1023;33;-31],2,[1023;1023;1025],1,[0;NaN;NaN],[33;33;-31],1,[NaN;0;0]},{'A',[955;5;209],3,[1023;33;-31],2,0,[-17;-7;60],2,2},{'M',[296;130;18],3,[-28;130;18],2,[NaN;0;0],[37;49;287],2,[3;NaN;NaN]},{'M',[-28;49;574],3,[-28;130;18],2,[0;NaN;NaN],[37;49;287],2,[NaN;0;1]},{'A',[564;211;610],4,[296;130;18],3,1,[-28;-49;574],3,0},{'M',[-30;34;544],2,[-30;34;34],1,[0;0;4]},{'M',[1023;33;1025],2,[1023;1023;1025],1,[0;NaN;0],[33;33;-31],1,[NaN;0;NaN]},{'A',[963;101;63],3,[-30;34;544],2,1,[1023;33;-1025],2,0},{'M',[37;510;320],3,[511;510;320],2,[NaN;0;0],[37;49;287],2,[0;NaN;NaN]},{'M',[17;98;18],3,[-28;130;18],2,[NaN;NaN;0],[17;7;-60],2,[0;NaN;NaN],[37;49;287],2,[NaN;1;NaN]},{'A',[91;922;658],4,[37;510;320],3,1,[17;-98;18],3,0},{'M',[963;20;252],4,[955;5;209],3,[NaN;2;NaN],[963;101;63],3,[0;NaN;2]},{'O',[963;20;252],4,[963;20;252],4,0},{'M',[955;808;209],4,[955;5;209],3,[0;NaN;0],[963;101;63],3,[NaN;3;NaN]},{'O',[955;808;209],4,[955;808;209],4,0},{'O',[564;211;610],4,[564;211;610],4,0},{'O',[91;922;658],4,[91;922;658],4,0},{'O',[455;566;156],4,[455;566;156],4,0}}
Adder graph: {{'A',[3;5;5],1,[1;1;1],0,2,[-1;1;1],0,0},{'M',[1;1;4],1,[1;1;1],0,[0;0;2]},{'M',[1;16;1],1,[1;1;1],0,[0;4;0]},{'A',[33;513;36],2,[1;1;4],1,0,[1;16;1],1,5},{'M',[1;64;2],1,[1;1;1],0,[0;6;1]},{'A',[7;251;3],2,[1;64;2],1,2,[3;-5;-5],1,0},{'A',[102;-150;-150],2,[3;5;5],1,1,[3;-5;-5],1,5},{'M',[3;10;5],2,[3;5;5],1,[0;1;0]},{'A',[5;-211;17],3,[3;10;5],2,2,[-7;-251;-3],2,0},{'M',[128;1;8],1,[1;1;1],0,[7;0;3]},{'A',[1021;13;59],2,[128;1;8],1,3,[-3;5;-5],1,0},{'M',[768;1280;5],2,[3;5;5],1,[8;8;0]},{'A',[-564;980;-305],3,[102;-150;-150],2,1,[-768;1280;-5],2,0},{'M',[14;13;6],3,[7;251;3],2,[1;NaN;1],[1021;13;59],2,[NaN;0;NaN]},{'M',[7;-150;36],3,[33;513;36],2,[NaN;NaN;0],[7;251;3],2,[0;NaN;NaN],[102;-150;-150],2,[NaN;0;NaN]},{'A',[455;566;156],4,[14;13;6],3,5,[7;150;-36],3,0},{'M',[32;1;1],1,[1;1;1],0,[5;0;0]},{'M',[1;128;128],1,[1;1;1],0,[0;7;7]},{'A',[124;-508;-508],2,[32;1;1],1,2,[-1;-128;-128],1,2},{'M',[496;-508;72],3,[33;513;36],2,[NaN;NaN;1],[124;-508;-508],2,[2;0;NaN]},{'M',[1021;2052;36],3,[33;513;36],2,[NaN;2;0],[1021;13;59],2,[0;NaN;NaN]},{'A',[963;20;252],4,[496;-508;72],3,2,[-1021;2052;-36],3,0},{'M',[33;104;-150],3,[33;513;36],2,[0;NaN;NaN],[102;-150;-150],2,[NaN;NaN;0],[1021;13;59],2,[NaN;3;NaN]},{'M',[124;1026;-508],3,[33;513;36],2,[NaN;1;NaN],[124;-508;-508],2,[0;NaN;0]},{'A',[-91;-922;-658],4,[33;104;-150],3,0,[-124;-1026;-508],3,0},{'M',[66;-300;-150],3,[33;513;36],2,[1;NaN;NaN],[102;-150;-150],2,[NaN;1;0]},{'M',[1021;-508;59],3,[1021;13;59],2,[0;NaN;0],[124;-508;-508],2,[NaN;0;NaN]},{'A',[-955;-808;-209],4,[66;-300;-150],3,0,[-1021;-508;-59],3,0},{'O',[963;20;252],4,[963;20;252],4,0},{'O',[955;808;209],4,[955;808;209],4,0},{'M',[-564;-211;-610],4,[5;-211;17],3,[NaN;0;NaN],[-564;980;-305],3,[0;NaN;1]},{'O',[564;211;610],4,[564;211;610],4,0},{'O',[91;922;658],4,[91;922;658],4,0},{'O',[455;566;156],4,[455;566;156],4,0}}
Adder graph: {{'A',[272;272;-240],1,[1;1;1],0,4,[1;1;-1],0,8},{'A',[65;-63;-63],1,[1;1;1],0,0,[1;-1;-1],0,6},{'M',[512;1;1],1,[1;1;1],0,[9;0;0]},{'M',[1;16;32],1,[1;1;1],0,[0;4;5]},{'A',[1028;-62;130],2,[512;1;1],1,1,[1;-16;32],1,2},{'A',[1;3;1],1,[1;1;1],0,1,[-1;1;-1],0,0},{'M',[4;256;1],1,[1;1;1],0,[2;8;0]},{'A',[20;208;-15],2,[4;256;1],1,0,[1;-3;-1],1,4},{'M',[65;-252;-252],2,[65;-63;-63],1,[0;2;2]},{'M',[520;272;-504],2,[272;272;-240],1,[NaN;0;NaN],[65;-63;-63],1,[3;NaN;3]},{'A',[-455;20;252],3,[65;-252;-252],2,0,[-520;272;504],2,0},{'M',[65;3;-63],2,[65;-63;-63],1,[0;NaN;0],[1;3;1],1,[NaN;0;NaN]},{'A',[-45;211;-78],3,[20;208;-15],2,0,[-65;3;-63],2,0},{'M',[65;-504;-480],2,[272;272;-240],1,[NaN;NaN;1],[65;-63;-63],1,[0;3;NaN]},{'A',[963;-566;610],3,[1028;-62;130],2,0,[-65;-504;480],2,0},{'M',[272;3;1],2,[272;272;-240],1,[0;NaN;NaN],[1;3;1],1,[NaN;0;0]},{'A',[564;202;-13],3,[20;208;-15],2,0,[272;-3;1],2,1},{'M',[1;128;128],1,[1;1;1],0,[0;7;7]},{'A',[69;449;449],2,[1;128;128],1,2,[65;-63;-63],1,0},{'M',[1024;12;-240],2,[272;272;-240],1,[NaN;NaN;0],[1;3;1],1,[10;2;NaN]},{'A',[955;461;209],3,[1024;12;-240],2,0,[-69;449;449],2,0},{'A',[91;2113;329],3,[20;208;-15],2,3,[-69;449;449],2,0},{'M',[963;20;252],4,[-455;20;252],3,[NaN;0;0],[963;-566;610],3,[0;NaN;NaN]},{'O',[963;20;252],4,[963;20;252],4,0},{'M',[955;808;209],4,[564;202;-13],3,[NaN;2;NaN],[955;461;209],3,[0;NaN;0]},{'O',[955;808;209],4,[955;808;209],4,0},{'M',[564;211;610],4,[-45;211;-78],3,[NaN;0;NaN],[963;-566;610],3,[NaN;NaN;0],[564;202;-13],3,[0;NaN;NaN]},{'O',[564;211;610],4,[564;211;610],4,0},{'M',[91;922;658],4,[955;461;209],3,[NaN;1;NaN],[91;2113;329],3,[0;NaN;1]},{'O',[91;922;658],4,[91;922;658],4,0},{'M',[-455;-566;-156],4,[-455;20;252],3,[0;NaN;NaN],[-45;211;-78],3,[NaN;NaN;1],[963;-566;610],3,[NaN;0;NaN]},{'O',[455;566;156],4,[455;566;156],4,0}}
Adder graph: {{'M',[2;2;1],1,[1;1;1],0,[1;1;0]},{'M',[1;2;1],1,[1;1;1],0,[0;1;0]},{'A',[2044;2040;1028],2,[2;2;1],1,10,[-1;-2;1],1,2},{'A',[3;3;-1],1,[1;1;1],0,0,[1;1;-1],0,1},{'M',[4;1;1],1,[1;1;1],0,[2;0;0]},{'A',[60;17;15],2,[4;1;1],1,4,[-4;1;-1],1,0},{'A',[68;68;60],1,[1;1;1],0,6,[1;1;-1],0,2},{'A',[224;224;288],1,[1;1;1],0,8,[-1;-1;1],0,5},{'M',[1;1;64],1,[1;1;1],0,[0;0;6]},{'M',[256;1;64],1,[1;1;1],0,[8;0;6]},{'A',[-1023;-3;320],2,[1;1;64],1,0,[-256;-1;64],1,2},{'A',[-963;-20;305],3,[-1023;-3;320],2,0,[60;-17;-15],2,0},{'M',[1;8;16],1,[1;1;1],0,[0;3;4]},{'A',[5;13;31],2,[1;8;16],1,1,[3;-3;-1],1,0},{'M',[68;224;-4],2,[3;3;-1],1,[NaN;NaN;2],[68;68;60],1,[0;NaN;NaN],[224;224;288],1,[NaN;0;NaN]},{'A',[282;922;78],3,[5;13;31],2,1,[68;224;4],2,2},{'M',[60;52;15],3,[60;17;15],2,[0;NaN;0],[5;13;31],2,[NaN;2;NaN]},{'M',[5;-24;31],3,[-1023;-3;320],2,[NaN;3;NaN],[5;13;31],2,[0;NaN;0]},{'A',[955;808;209],4,[60;52;15],3,4,[-5;-24;-31],3,0},{'R',[224;224;288],2,[224;224;288],1},{'A',[455;566;329],3,[2044;2040;1028],2,-2,[-224;224;288],2,-2},{'M',[96;224;-32],2,[3;3;-1],1,[5;NaN;5],[224;224;288],1,[NaN;0;NaN]},{'A',[91;211;-63],3,[96;224;-32],2,0,[-5;-13;-31],2,0},{'M',[-963;-20;-252],4,[-963;-20;305],3,[0;0;NaN],[91;211;-63],3,[NaN;NaN;2]},{'O',[963;20;252],4,[963;20;252],4,0},{'O',[955;808;209],4,[955;808;209],4,0},{'M',[564;211;610],4,[-963;-20;305],3,[NaN;NaN;1],[282;922;78],3,[1;NaN;NaN],[91;211;-63],3,[NaN;0;NaN]},{'O',[564;211;610],4,[564;211;610],4,0},{'M',[91;922;658],4,[282;922;78],3,[NaN;0;NaN],[455;566;329],3,[NaN;NaN;1],[91;211;-63],3,[0;NaN;NaN]},{'O',[91;922;658],4,[91;922;658],4,0},{'M',[455;566;156],4,[282;922;78],3,[NaN;NaN;1],[455;566;329],3,[0;0;NaN]},{'O',[455;566;156],4,[455;566;156],4,0}}
Adder graph: {{'A',[3;3;-1],1,[1;1;1],0,0,[1;1;-1],0,1},{'M',[32;1;32],1,[1;1;1],0,[5;0;5]},{'A',[8096;160;8224],2,[32;1;32],1,8,[-3;-3;1],1,5},{'M',[4;1;1],1,[1;1;1],0,[2;0;0]},{'M',[1;16;1],1,[1;1;1],0,[0;4;0]},{'A',[3584;9216;1536],2,[4;1;1],1,10,[-1;16;1],1,9},{'A',[141;-283;305],3,[8096;160;8224],2,-5,[-3584;-9216;1536],2,-5},{'A',[7;7;7],1,[1;1;1],0,3,[-1;-1;-1],0,0},{'A',[441;455;441],2,[7;7;7],1,6,[-7;7;-7],1,0},{'M',[1;2;4],1,[1;1;1],0,[0;1;2]},{'A',[-5;19;31],2,[3;3;-1],1,0,[-1;2;4],1,3},{'A',[120;120;120],1,[1;1;1],0,7,[-1;-1;-1],0,3},{'M',[448;3;56],2,[3;3;-1],1,[NaN;0;NaN],[7;7;7],1,[6;NaN;3]},{'A',[-455;461;329],3,[441;455;441],2,0,[-448;3;-56],2,1},{'M',[120;6;-16],2,[3;3;-1],1,[NaN;1;4],[120;120;120],1,[0;NaN;NaN]},{'M',[3;28;28],2,[3;3;-1],1,[0;NaN;NaN],[7;7;7],1,[NaN;2;2]},{'A',[963;20;-156],3,[120;6;-16],2,3,[3;-28;-28],2,0},{'M',[960;120;240],2,[120;120;120],1,[3;0;1]},{'A',[955;101;209],3,[960;120;240],2,0,[-5;-19;-31],2,0},{'M',[3;6;-1],2,[3;3;-1],1,[0;1;0]},{'A',[91;211;63],3,[-5;19;31],2,0,[3;6;1],2,5},{'M',[963;20;252],4,[963;20;-156],3,[0;0;NaN],[91;211;63],3,[NaN;NaN;2]},{'O',[963;20;252],4,[963;20;252],4,0},{'M',[955;808;209],4,[955;101;209],3,[0;3;0]},{'O',[955;808;209],4,[955;808;209],4,0},{'M',[564;211;610],4,[141;-283;305],3,[2;NaN;1],[91;211;63],3,[NaN;0;NaN]},{'O',[564;211;610],4,[564;211;610],4,0},{'M',[91;922;658],4,[-455;461;329],3,[NaN;1;1],[91;211;63],3,[0;NaN;NaN]},{'O',[91;922;658],4,[91;922;658],4,0},{'M',[-455;-566;-156],4,[141;-283;305],3,[NaN;1;NaN],[-455;461;329],3,[0;NaN;NaN],[963;20;-156],3,[NaN;NaN;0]},{'O',[455;566;156],4,[455;566;156],4,0}}
Adder graph: {{'A',[3;1;1],1,[1;1;1],0,1,[1;-1;-1],0,0},{'A',[5;-3;5],1,[1;1;1],0,0,[1;-1;1],0,2},{'A',[17;15;15],1,[1;1;1],0,4,[1;-1;-1],0,0},{'M',[5;960;640],2,[5;-3;5],1,[0;NaN;7],[17;15;15],1,[NaN;6;NaN]},{'M',[68;1;15],2,[3;1;1],1,[NaN;0;NaN],[17;15;15],1,[2;NaN;0]},{'A',[141;962;610],3,[5;960;640],2,0,[68;1;-15],2,1},{'M',[32;1;1],1,[1;1;1],0,[5;0;0]},{'M',[8;1;8],1,[1;1;1],0,[3;0;3]},{'A',[240;10;24],2,[32;1;1],1,3,[-8;1;8],1,1},{'A',[785;271;241],2,[3;1;1],1,8,[17;15;-15],1,0},{'M',[1;32;1],1,[1;1;1],0,[0;5;0]},{'A',[25;-24;9],2,[3;1;1],1,3,[1;-32;1],1,0},{'M',[3;30;30],2,[3;1;1],1,[0;NaN;NaN],[17;15;15],1,[NaN;1;1]},{'A',[963;10;126],3,[240;10;24],2,2,[3;-30;30],2,0},{'M',[5;-768;1280],2,[5;-3;5],1,[0;8;8]},{'A',[955;808;1376],3,[240;10;24],2,2,[-5;768;1280],2,0},{'M',[25;-24;36],3,[25;-24;9],2,[0;0;2]},{'M',[240;271;96],3,[240;10;24],2,[0;NaN;2],[785;271;241],2,[NaN;0;NaN]},{'A',[-455;-566;-156],4,[25;-24;36],3,0,[-240;-271;-96],3,1},{'M',[25;20;24],3,[240;10;24],2,[NaN;1;0],[25;-24;9],2,[0;NaN;NaN]},{'A',[91;922;658],4,[141;962;610],3,0,[-25;-20;24],3,1},{'M',[24;15;8],2,[3;1;1],1,[3;NaN;3],[17;15;15],1,[NaN;0;NaN]},{'A',[689;211;209],3,[785;271;241],2,0,[-24;-15;-8],2,2},{'M',[963;20;252],4,[963;10;126],3,[0;1;1]},{'O',[963;20;252],4,[963;20;252],4,0},{'M',[955;808;209],4,[955;808;1376],3,[0;0;NaN],[689;211;209],3,[NaN;NaN;0]},{'O',[955;808;209],4,[955;808;209],4,0},{'M',[564;211;610],4,[141;962;610],3,[2;NaN;0],[689;211;209],3,[NaN;0;NaN]},{'O',[564;211;610],4,[564;211;610],4,0},{'O',[91;922;658],4,[91;922;658],4,0},{'O',[455;566;156],4,[455;566;156],4,0}}
Adder graph: {{'A',[28;36;28],1,[1;1;1],0,5,[-1;1;-1],0,2},{'M',[1;64;1],1,[1;1;1],0,[0;6;0]},{'M',[1;1;8],1,[1;1;1],0,[0;0;3]},{'A',[12;264;68],2,[1;64;1],1,2,[1;1;8],1,3},{'M',[64;1;1],1,[1;1;1],0,[6;0;0]},{'M',[1;64;64],1,[1;1;1],0,[0;6;6]},{'A',[1020;-240;272],2,[64;1;1],1,4,[-1;-64;64],1,2},{'A',[65;65;63],1,[1;1;1],0,6,[1;1;-1],0,0},{'M',[1;1;128],1,[1;1;1],0,[0;0;7]},{'A',[67;67;193],2,[1;1;128],1,1,[65;65;-63],1,0},{'A',[260;0;0],2,[65;65;63],1,1,[65;-65;-63],1,1},{'M',[224;36;28],2,[28;36;28],1,[3;0;0]},{'A',[963;211;305],3,[67;67;193],2,0,[224;36;28],2,2},{'M',[520;36;504],2,[28;36;28],1,[NaN;0;NaN],[65;65;63],1,[3;NaN;3]},{'M',[65;65;252],2,[65;65;63],1,[0;0;2]},{'A',[455;101;252],3,[520;36;504],2,0,[-65;65;-252],2,0},{'M',[256;1;4],1,[1;1;1],0,[8;0;2]},{'A',[540;38;-20],2,[256;1;4],1,1,[28;36;-28],1,0},{'M',[65;260;63],2,[65;65;63],1,[0;2;0]},{'A',[955;20;209],3,[1020;-240;272],2,0,[-65;260;-63],2,0},{'A',[564;566;156],3,[12;264;68],2,1,[540;38;20],2,0},{'A',[91;461;329],3,[12;264;68],2,1,[67;-67;193],2,0},{'M',[963;20;252],4,[963;211;305],3,[0;NaN;NaN],[455;101;252],3,[NaN;NaN;0],[955;20;209],3,[NaN;0;NaN]},{'O',[963;20;252],4,[963;20;252],4,0},{'M',[955;808;209],4,[455;101;252],3,[NaN;3;NaN],[955;20;209],3,[0;NaN;0]},{'O',[955;808;209],4,[955;808;209],4,0},{'M',[564;211;610],4,[963;211;305],3,[NaN;0;1],[564;566;156],3,[0;NaN;NaN]},{'O',[564;211;610],4,[564;211;610],4,0},{'M',[91;922;658],4,[91;461;329],3,[0;1;1]},{'O',[91;922;658],4,[91;922;658],4,0},{'M',[455;566;156],4,[455;101;252],3,[0;NaN;NaN],[564;566;156],3,[NaN;0;0]},{'O',[455;566;156],4,[455;566;156],4,0}}
Adder graph: {{'M',[64;1;1],1,[1;1;1],0,[6;0;0]},{'M',[1;8;1],1,[1;1;1],0,[0;3;0]},{'A',[160;258;-30],2,[64;1;1],1,1,[1;8;-1],1,5},{'A',[9;7;9],1,[1;1;1],0,3,[1;-1;1],0,0},{'A',[3;3;1],1,[1;1;1],0,1,[1;1;-1],0,0},{'M',[9;7;72],2,[9;7;9],1,[0;0;3]},{'A',[928;808;2184],3,[160;258;-30],2,2,[9;-7;72],2,5},{'M',[9;3;9],2,[9;7;9],1,[0;NaN;0],[3;3;1],1,[NaN;0;NaN]},{'M',[3;768;256],2,[3;3;1],1,[0;8;8]},{'A',[564;-2880;-448],3,[9;3;9],2,6,[-3;-768;-256],2,2},{'A',[1;1;3],1,[1;1;1],0,1,[-1;-1;1],0,0},{'A',[1027;19;17],2,[64;1;1],1,4,[3;3;1],1,0},{'A',[91;922;658],4,[928;808;2184],3,-2,[-564;2880;448],3,-2},{'M',[9;24;24],2,[9;7;9],1,[0;NaN;NaN],[3;3;1],1,[NaN;3;NaN],[1;1;3],1,[NaN;NaN;3]},{'A',[955;211;209],3,[1027;19;17],2,0,[-9;24;24],2,3},{'M',[64;1;288],2,[9;7;9],1,[NaN;NaN;5],[1;1;3],1,[6;0;NaN]},{'A',[963;20;305],3,[1027;19;17],2,0,[-64;1;288],2,0},{'M',[9;4;9],2,[9;7;9],1,[0;NaN;0],[1;1;3],1,[NaN;2;NaN]},{'M',[9;14;18],2,[9;7;9],1,[0;1;1]},{'A',[135;50;126],3,[9;4;9],2,4,[-9;-14;-18],2,0},{'M',[320;516;-30],3,[160;258;-30],2,[1;1;0]},{'A',[455;566;156],4,[135;50;126],3,0,[320;516;30],3,0},{'M',[963;20;252],4,[963;20;305],3,[0;0;NaN],[135;50;126],3,[NaN;NaN;1]},{'O',[963;20;252],4,[963;20;252],4,0},{'M',[955;808;209],4,[928;808;2184],3,[NaN;0;NaN],[955;211;209],3,[0;NaN;0]},{'O',[955;808;209],4,[955;808;209],4,0},{'M',[564;211;610],4,[564;-2880;-448],3,[0;NaN;NaN],[955;211;209],3,[NaN;0;NaN],[963;20;305],3,[NaN;NaN;1]},{'O',[564;211;610],4,[564;211;610],4,0},{'O',[91;922;658],4,[91;922;658],4,0},{'O',[455;566;156],4,[455;566;156],4,0}}
Adder graph: {{'M',[1;64;1],1,[1;1;1],0,[0;6;0]},{'M',[1;1;64],1,[1;1;1],0,[0;0;6]},{'A',[5;60;-255],2,[1;64;1],1,0,[1;-1;-64],1,2},{'A',[7;7;7],1,[1;1;1],0,3,[-1;-1;-1],0,0},{'M',[1;1;2],1,[1;1;1],0,[0;0;1]},{'A',[29;29;-26],2,[1;1;2],1,0,[7;7;-7],1,2},{'A',[18;14;18],1,[1;1;1],0,4,[1;-1;1],0,1},{'M',[4;1;1],1,[1;1;1],0,[2;0;0]},{'A',[242;78;50],2,[4;1;1],1,6,[-7;7;-7],1,1},{'M',[1;2;1],1,[1;1;1],0,[0;1;0]},{'A',[584;-432;584],2,[1;2;1],1,3,[18;-14;18],1,5},{'M',[584;240;584],3,[5;60;-255],2,[NaN;2;NaN],[584;-432;584],2,[0;NaN;0]},{'M',[20;29;-26],3,[5;60;-255],2,[2;NaN;NaN],[29;29;-26],2,[NaN;0;0]},{'A',[564;211;610],4,[584;240;584],3,0,[-20;-29;26],3,0},{'M',[29;58;-52],3,[29;29;-26],2,[0;1;1]},{'M',[242;312;-52],3,[29;29;-26],2,[NaN;NaN;1],[242;78;50],2,[0;2;NaN]},{'A',[-455;-566;-156],4,[29;58;-52],3,0,[-242;-312;-52],3,1},{'M',[32;1;1],1,[1;1;1],0,[5;0;0]},{'A',[120;58;58],2,[7;7;7],1,3,[32;1;1],1,1},{'M',[120;58;-510],3,[5;60;-255],2,[NaN;NaN;1],[120;58;58],2,[0;0;NaN]},{'M',[29;-864;1168],3,[29;29;-26],2,[0;NaN;NaN],[584;-432;584],2,[NaN;1;1]},{'A',[91;922;658],4,[120;58;-510],3,0,[-29;864;1168],3,0},{'A',[955;404;209],3,[120;58;58],2,3,[-5;-60;-255],2,0},{'M',[968;78;200],3,[242;78;50],2,[2;0;2]},{'M',[5;58;-52],3,[5;60;-255],2,[0;NaN;NaN],[29;29;-26],2,[NaN;1;1]},{'A',[963;20;252],4,[968;78;200],3,0,[-5;-58;52],3,0},{'O',[963;20;252],4,[963;20;252],4,0},{'M',[955;808;209],4,[955;404;209],3,[0;1;0]},{'O',[955;808;209],4,[955;808;209],4,0},{'O',[564;211;610],4,[564;211;610],4,0},{'O',[91;922;658],4,[91;922;658],4,0},{'O',[455;566;156],4,[455;566;156],4,0}}
Adder graph: {{'A',[14;14;18],1,[1;1;1],0,4,[-1;-1;1],0,1},{'M',[1;2;2],1,[1;1;1],0,[0;1;1]},{'M',[1;1;8],1,[1;1;1],0,[0;0;3]},{'A',[65;-62;514],2,[1;2;2],1,0,[1;-1;8],1,6},{'M',[1;1;16],1,[1;1;1],0,[0;0;4]},{'A',[13;13;34],2,[14;14;18],1,0,[-1;-1;16],1,0},{'A',[1;1;3],1,[1;1;1],0,1,[-1;-1;1],0,0},{'M',[8;14;36],2,[14;14;18],1,[NaN;0;1],[1;1;3],1,[3;NaN;NaN]},{'A',[141;211;610],3,[8;14;36],2,4,[13;-13;34],2,0},{'A',[65;63;63],1,[1;1;1],0,6,[1;-1;-1],0,0},{'M',[65;896;63],2,[14;14;18],1,[NaN;6;NaN],[65;63;63],1,[0;NaN;0]},{'A',[91;922;131],3,[13;13;34],2,1,[65;896;63],2,0},{'M',[896;14;18],2,[14;14;18],1,[6;0;0]},{'M',[1;4;3],2,[1;1;3],1,[0;2;0]},{'A',[864;-114;-78],3,[896;14;18],2,0,[-1;-4;-3],2,5},{'A',[61;59;51],2,[65;63;63],1,0,[-1;-1;-3],1,2},{'A',[955;808;209],4,[91;922;131],3,0,[864;-114;78],3,0},{'M',[65;63;18],2,[14;14;18],1,[NaN;NaN;0],[65;63;63],1,[0;0;NaN]},{'A',[-455;-566;658],3,[65;-62;514],2,0,[-65;-63;18],2,3},{'M',[256;16;3],2,[1;1;3],1,[8;4;0]},{'A',[963;5;63],3,[256;16;3],2,2,[-61;-59;51],2,0},{'M',[963;20;252],4,[963;5;63],3,[0;2;2]},{'O',[963;20;252],4,[963;20;252],4,0},{'O',[955;808;209],4,[955;808;209],4,0},{'M',[564;211;610],4,[141;211;610],3,[2;0;0]},{'O',[564;211;610],4,[564;211;610],4,0},{'M',[91;922;658],4,[91;922;131],3,[0;0;NaN],[-455;-566;658],3,[NaN;NaN;0]},{'O',[91;922;658],4,[91;922;658],4,0},{'M',[-455;-566;-156],4,[864;-114;-78],3,[NaN;NaN;1],[-455;-566;658],3,[0;0;NaN]},{'O',[455;566;156],4,[455;566;156],4,0}}
Finished solving after 259193 seconds
Adder graph: {{'A',[14;14;18],1,[1;1;1],0,4,[-1;-1;1],0,1},{'M',[1;2;2],1,[1;1;1],0,[0;1;1]},{'M',[1;1;8],1,[1;1;1],0,[0;0;3]},{'A',[65;-62;514],2,[1;2;2],1,0,[1;-1;8],1,6},{'M',[1;1;16],1,[1;1;1],0,[0;0;4]},{'A',[13;13;34],2,[14;14;18],1,0,[-1;-1;16],1,0},{'A',[1;1;3],1,[1;1;1],0,1,[-1;-1;1],0,0},{'M',[8;14;36],2,[14;14;18],1,[NaN;0;1],[1;1;3],1,[3;NaN;NaN]},{'A',[141;211;610],3,[8;14;36],2,4,[13;-13;34],2,0},{'A',[65;63;63],1,[1;1;1],0,6,[1;-1;-1],0,0},{'M',[65;896;63],2,[14;14;18],1,[NaN;6;NaN],[65;63;63],1,[0;NaN;0]},{'A',[91;922;131],3,[13;13;34],2,1,[65;896;63],2,0},{'M',[896;14;18],2,[14;14;18],1,[6;0;0]},{'M',[1;4;3],2,[1;1;3],1,[0;2;0]},{'A',[864;-114;-78],3,[896;14;18],2,0,[-1;-4;-3],2,5},{'A',[61;59;51],2,[65;63;63],1,0,[-1;-1;-3],1,2},{'A',[955;808;209],4,[91;922;131],3,0,[864;-114;78],3,0},{'M',[65;63;18],2,[14;14;18],1,[NaN;NaN;0],[65;63;63],1,[0;0;NaN]},{'A',[-455;-566;658],3,[65;-62;514],2,0,[-65;-63;18],2,3},{'M',[256;16;3],2,[1;1;3],1,[8;4;0]},{'A',[963;5;63],3,[256;16;3],2,2,[-61;-59;51],2,0},{'M',[963;20;252],4,[963;5;63],3,[0;2;2]},{'O',[963;20;252],4,[963;20;252],4,0},{'O',[955;808;209],4,[955;808;209],4,0},{'M',[564;211;610],4,[141;211;610],3,[2;0;0]},{'O',[564;211;610],4,[564;211;610],4,0},{'M',[91;922;658],4,[91;922;131],3,[0;0;NaN],[-455;-566;658],3,[NaN;NaN;0]},{'O',[91;922;658],4,[91;922;658],4,0},{'M',[-455;-566;-156],4,[864;-114;-78],3,[NaN;NaN;1],[-455;-566;658],3,[0;0;NaN]},{'O',[455;566;156],4,[455;566;156],4,0}}
# Add optimal = 1
# Mux optimal = 0
# Mux registers optimal = 0
# FAs optimal = 0
