Adder graph: {{'M',[64;32;1;32],1,[1;1;1;1],0,[6;5;0;5]},{'M',[8;1;8;1],1,[1;1;1;1],0,[3;0;3;0]},{'A',[56;31;-7;33],2,[64;32;1;32],1,0,[-8;-1;-8;1],1,0},{'M',[1;4;-112;33],3,[1;1;1;1],0,[0;2;NaN;NaN],[56;31;-7;33],2,[NaN;NaN;4;0]},{'M',[2;62;1;33],3,[1;1;1;1],0,[1;NaN;0;NaN],[56;31;-7;33],2,[NaN;1;NaN;0]},{'A',[5;-120;-110;-33],4,[1;4;-112;33],3,0,[2;-62;1;-33],3,1},{'M',[5;64;128;33],5,[1;1;1;1],0,[NaN;6;7;NaN],[56;31;-7;33],2,[NaN;NaN;NaN;0],[5;-120;-110;-33],4,[0;NaN;NaN;NaN]},{'M',[512;31;1;32],3,[1;1;1;1],0,[9;NaN;0;5],[56;31;-7;33],2,[NaN;0;NaN;NaN]},{'A',[-507;95;127;1],6,[5;64;128;33],5,0,[-512;31;-1;-32],3,0},{'M',[-507;-120;-110;-33],7,[5;-120;-110;-33],4,[NaN;0;0;0],[-507;95;127;1],6,[0;NaN;NaN;NaN]},{'M',[896;1;2;132],3,[1;1;1;1],0,[NaN;0;1;NaN],[56;31;-7;33],2,[4;NaN;NaN;2]},{'A',[-118;-241;-218;-198],8,[-507;-120;-110;-33],7,1,[896;-1;2;-132],3,0},{'M',[1;62;128;32],3,[1;1;1;1],0,[0;NaN;7;5],[56;31;-7;33],2,[NaN;1;NaN;NaN]},{'M',[160;1;-14;1],5,[1;1;1;1],0,[NaN;0;NaN;0],[56;31;-7;33],2,[NaN;NaN;1;NaN],[5;-120;-110;-33],4,[5;NaN;NaN;NaN]},{'A',[-158;125;242;63],6,[1;62;128;32],3,1,[-160;1;-14;-1],5,0},{'M',[56;64;-14;252],7,[1;1;1;1],0,[NaN;6;NaN;NaN],[56;31;-7;33],2,[0;NaN;1;NaN],[-158;125;242;63],6,[NaN;NaN;NaN;2]},{'M',[5;125;8;1],7,[1;1;1;1],0,[NaN;NaN;3;NaN],[5;-120;-110;-33],4,[0;NaN;NaN;NaN],[-507;95;127;1],6,[NaN;NaN;NaN;0],[-158;125;242;63],6,[NaN;0;NaN;NaN]},{'A',[51;-61;-22;253],8,[56;64;-14;252],7,0,[-5;-125;-8;1],7,0},{'M',[112;248;127;-66],7,[56;31;-7;33],2,[1;3;NaN;NaN],[5;-120;-110;-33],4,[NaN;NaN;NaN;1],[-507;95;127;1],6,[NaN;NaN;0;NaN]},{'M',[5;95;-88;8],9,[1;1;1;1],0,[NaN;NaN;NaN;3],[5;-120;-110;-33],4,[0;NaN;NaN;NaN],[-507;95;127;1],6,[NaN;0;NaN;NaN],[51;-61;-22;253],8,[NaN;NaN;2;NaN]},{'A',[117;153;215;-74],10,[112;248;127;-66],7,0,[5;-95;88;-8],9,0},{'M',[102;190;242;33],9,[56;31;-7;33],2,[NaN;NaN;NaN;0],[-507;95;127;1],6,[NaN;1;NaN;NaN],[-158;125;242;63],6,[NaN;NaN;0;NaN],[51;-61;-22;253],8,[1;NaN;NaN;NaN]},{'O',[102;190;242;33],9,[102;190;242;33],9,0},{'M',[-158;-122;-218;-198],9,[-118;-241;-218;-198],8,[NaN;NaN;0;0],[-158;125;242;63],6,[0;NaN;NaN;NaN],[51;-61;-22;253],8,[NaN;1;NaN;NaN]},{'O',[158;122;218;198],9,[158;122;218;198],9,0},{'M',[112;153;215;253],11,[56;31;-7;33],2,[1;NaN;NaN;NaN],[51;-61;-22;253],8,[NaN;NaN;NaN;0],[117;153;215;-74],10,[NaN;0;0;NaN]},{'O',[112;153;215;253],11,[112;153;215;253],11,0},{'M',[-118;-241;-44;-74],11,[-118;-241;-218;-198],8,[0;0;NaN;NaN],[51;-61;-22;253],8,[NaN;NaN;1;NaN],[117;153;215;-74],10,[NaN;NaN;NaN;0]},{'O',[118;241;44;74],11,[118;241;44;74],11,0},{'M',[234;125;127;126],11,[-507;95;127;1],6,[NaN;NaN;0;NaN],[-158;125;242;63],6,[NaN;0;NaN;1],[117;153;215;-74],10,[1;NaN;NaN;NaN]},{'O',[234;125;127;126],11,[234;125;127;126],11,0}}
Adder graph: {{'M',[1;1;8;1],1,[1;1;1;1],0,[0;0;3;0]},{'M',[1;4;8;8],1,[1;1;1;1],0,[0;2;3;3]},{'A',[5;-15;-24;33],2,[1;1;8;1],1,0,[1;-4;-8;8],1,2},{'M',[5;-240;64;1],3,[1;1;1;1],0,[NaN;NaN;6;0],[5;-15;-24;33],2,[0;4;NaN;NaN]},{'M',[64;1;1;64],1,[1;1;1;1],0,[6;0;0;6]},{'A',[-59;-241;65;-63],4,[5;-240;64;1],3,0,[-64;-1;1;-64],1,0},{'M',[2;-60;4;33],3,[1;1;1;1],0,[1;NaN;2;NaN],[5;-15;-24;33],2,[NaN;2;NaN;0]},{'M',[-236;1;-48;132],5,[1;1;1;1],0,[NaN;0;NaN;NaN],[5;-15;-24;33],2,[NaN;NaN;1;2],[-59;-241;65;-63],4,[2;NaN;NaN;NaN]},{'A',[-234;-61;-44;-99],6,[2;-60;4;33],3,0,[-236;-1;-48;-132],5,0},{'M',[40;-120;-192;-99],7,[5;-15;-24;33],2,[3;3;3;NaN],[-234;-61;-44;-99],6,[NaN;NaN;NaN;0]},{'M',[-59;32;65;66],5,[1;1;1;1],0,[NaN;5;NaN;NaN],[5;-15;-24;33],2,[NaN;NaN;NaN;1],[-59;-241;65;-63],4,[0;NaN;0;NaN]},{'A',[99;-152;-127;-33],8,[40;-120;-192;-99],7,0,[59;-32;65;66],5,0},{'M',[8;-152;-127;-33],9,[1;1;1;1],0,[3;NaN;NaN;NaN],[99;-152;-127;-33],8,[NaN;0;0;0]},{'M',[-59;1;-88;-132],9,[1;1;1;1],0,[NaN;0;NaN;NaN],[-59;-241;65;-63],4,[0;NaN;NaN;NaN],[-234;-61;-44;-99],6,[NaN;NaN;1;NaN],[99;-152;-127;-33],8,[NaN;NaN;NaN;2]},{'A',[-51;-153;-215;99],10,[8;-152;-127;-33],9,0,[-59;-1;-88;132],9,0},{'M',[1;-61;-44;-252],7,[1;1;1;1],0,[0;NaN;NaN;NaN],[-59;-241;65;-63],4,[NaN;NaN;NaN;2],[-234;-61;-44;-99],6,[NaN;0;0;NaN]},{'M',[80;64;65;1],5,[1;1;1;1],0,[NaN;6;NaN;0],[5;-15;-24;33],2,[4;NaN;NaN;NaN],[-59;-241;65;-63],4,[NaN;NaN;0;NaN]},{'A',[-79;-125;-109;-253],8,[1;-61;-44;-252],7,0,[-80;-64;-65;-1],5,0},{'M',[-102;-250;-24;-66],11,[5;-15;-24;33],2,[NaN;NaN;0;NaN],[99;-152;-127;-33],8,[NaN;NaN;NaN;1],[-51;-153;-215;99],10,[1;NaN;NaN;NaN],[-79;-125;-109;-253],8,[NaN;1;NaN;NaN]},{'M',[5;-30;-109;4],9,[1;1;1;1],0,[NaN;NaN;NaN;2],[5;-15;-24;33],2,[0;1;NaN;NaN],[-79;-125;-109;-253],8,[NaN;NaN;0;NaN]},{'A',[-112;-190;-242;-74],12,[-102;-250;-24;-66],11,0,[-5;30;-109;-4],9,1},{'M',[-102;-190;-242;-33],13,[99;-152;-127;-33],8,[NaN;NaN;NaN;0],[-51;-153;-215;99],10,[1;NaN;NaN;NaN],[-112;-190;-242;-74],12,[NaN;0;0;NaN]},{'O',[102;190;242;33],13,[102;190;242;33],13,0},{'M',[-79;-61;-109;-99],9,[-234;-61;-44;-99],6,[NaN;0;NaN;0],[-79;-125;-109;-253],8,[0;NaN;0;NaN]},{'O',[158;122;218;198],9,[79;61;109;99],9,1},{'M',[-112;-153;-215;-253],13,[-51;-153;-215;99],10,[NaN;0;0;NaN],[-79;-125;-109;-253],8,[NaN;NaN;NaN;0],[-112;-190;-242;-74],12,[0;NaN;NaN;NaN]},{'O',[112;153;215;253],13,[112;153;215;253],13,0},{'M',[-118;-241;-44;-74],13,[-59;-241;65;-63],4,[1;0;NaN;NaN],[-234;-61;-44;-99],6,[NaN;NaN;0;NaN],[-112;-190;-242;-74],12,[NaN;NaN;NaN;0]},{'O',[118;241;44;74],13,[118;241;44;74],13,0},{'M',[-234;-125;-127;-126],9,[-59;-241;65;-63],4,[NaN;NaN;NaN;1],[-234;-61;-44;-99],6,[0;NaN;NaN;NaN],[99;-152;-127;-33],8,[NaN;NaN;0;NaN],[-79;-125;-109;-253],8,[NaN;0;NaN;NaN]},{'O',[234;125;127;126],9,[234;125;127;126],9,0}}
Adder graph: {{'M',[8;4;1;4],1,[1;1;1;1],0,[3;2;0;2]},{'A',[-63;-31;-7;33],2,[1;1;1;1],0,0,[-8;-4;-1;4],1,3},{'M',[-63;128;-14;528],3,[1;1;1;1],0,[NaN;7;NaN;NaN],[-63;-31;-7;33],2,[0;NaN;1;4]},{'M',[4;-31;128;33],3,[1;1;1;1],0,[2;NaN;7;NaN],[-63;-31;-7;33],2,[NaN;0;NaN;0]},{'A',[-55;190;242;462],4,[-63;128;-14;528],3,0,[4;31;128;-33],3,1},{'M',[-63;1;1;8],3,[1;1;1;1],0,[NaN;0;0;3],[-63;-31;-7;33],2,[0;NaN;NaN;NaN]},{'M',[8;-31;-56;33],3,[1;1;1;1],0,[3;NaN;NaN;NaN],[-63;-31;-7;33],2,[NaN;0;3;0]},{'A',[-79;-61;-111;74],4,[-63;1;1;8],3,0,[-8;-31;-56;33],3,1},{'M',[1;-31;-111;132],5,[1;1;1;1],0,[0;NaN;NaN;NaN],[-63;-31;-7;33],2,[NaN;0;NaN;2],[-79;-61;-111;74],4,[NaN;NaN;0;NaN]},{'M',[4;-61;8;64],5,[1;1;1;1],0,[2;NaN;3;6],[-79;-61;-111;74],4,[NaN;0;NaN;NaN]},{'A',[-7;-153;-127;4],6,[1;-31;-111;132],5,0,[-4;-61;-8;-64],5,1},{'M',[-14;-62;1;1],7,[1;1;1;1],0,[NaN;NaN;0;0],[-63;-31;-7;33],2,[NaN;1;NaN;NaN],[-7;-153;-127;4],6,[1;NaN;NaN;NaN]},{'M',[-79;1;-111;128],7,[1;1;1;1],0,[NaN;0;NaN;NaN],[-79;-61;-111;74],4,[0;NaN;0;NaN],[-7;-153;-127;4],6,[NaN;NaN;NaN;5]},{'A',[51;-125;-109;-126],8,[-14;-62;1;1],7,1,[79;-1;-111;-128],7,0},{'M',[1;4;1;66],3,[1;1;1;1],0,[0;2;0;NaN],[-63;-31;-7;33],2,[NaN;NaN;NaN;1]},{'M',[-55;-31;-7;462],5,[-63;-31;-7;33],2,[NaN;0;0;NaN],[-55;190;242;462],4,[0;NaN;NaN;0]},{'A',[59;-15;11;-198],6,[1;4;1;66],3,2,[55;-31;7;-462],5,0},{'M',[-220;1;-127;-252],9,[1;1;1;1],0,[NaN;0;NaN;NaN],[-55;190;242;462],4,[2;NaN;NaN;NaN],[-7;-153;-127;4],6,[NaN;NaN;0;NaN],[51;-125;-109;-126],8,[NaN;NaN;NaN;1]},{'M',[-14;-240;88;1],7,[1;1;1;1],0,[NaN;NaN;NaN;0],[-7;-153;-127;4],6,[1;NaN;NaN;NaN],[59;-15;11;-198],6,[NaN;4;3;NaN]},{'A',[-234;241;-215;-253],10,[-220;1;-127;-252],9,0,[-14;240;-88;-1],7,0},{'M',[102;190;242;33],9,[-63;-31;-7;33],2,[NaN;NaN;NaN;0],[-55;190;242;462],4,[NaN;0;0;NaN],[51;-125;-109;-126],8,[1;NaN;NaN;NaN]},{'O',[102;190;242;33],9,[102;190;242;33],9,0},{'M',[-158;-122;-218;-198],9,[-79;-61;-111;74],4,[1;1;NaN;NaN],[51;-125;-109;-126],8,[NaN;NaN;1;NaN],[59;-15;11;-198],6,[NaN;NaN;NaN;0]},{'O',[158;122;218;198],9,[158;122;218;198],9,0},{'M',[-112;-153;-215;-253],11,[-7;-153;-127;4],6,[4;0;NaN;NaN],[-234;241;-215;-253],10,[NaN;NaN;0;0]},{'O',[112;153;215;253],11,[112;153;215;253],11,0},{'M',[118;241;44;74],11,[-79;-61;-111;74],4,[NaN;NaN;NaN;0],[59;-15;11;-198],6,[1;NaN;2;NaN],[-234;241;-215;-253],10,[NaN;0;NaN;NaN]},{'O',[118;241;44;74],11,[118;241;44;74],11,0},{'M',[-234;-125;-127;-126],11,[-7;-153;-127;4],6,[NaN;NaN;0;NaN],[51;-125;-109;-126],8,[NaN;0;NaN;0],[-234;241;-215;-253],10,[0;NaN;NaN;NaN]},{'O',[234;125;127;126],11,[234;125;127;126],11,0}}
Adder graph: {{'M',[8;1;32;16],1,[1;1;1;1],0,[3;0;5;4]},{'A',[-15;3;65;33],2,[1;1;1;1],0,0,[-8;1;32;16],1,1},{'M',[-15;3;64;1],3,[1;1;1;1],0,[NaN;NaN;6;0],[-15;3;65;33],2,[0;0;NaN;NaN]},{'M',[128;128;1;128],1,[1;1;1;1],0,[7;7;0;7]},{'A',[-158;-122;127;-126],4,[-15;3;64;1],3,1,[-128;-128;-1;-128],1,0},{'M',[1;24;1;64],3,[1;1;1;1],0,[0;NaN;0;6],[-15;3;65;33],2,[NaN;3;NaN;NaN]},{'M',[128;1;1;264],3,[1;1;1;1],0,[7;0;0;NaN],[-15;3;65;33],2,[NaN;NaN;NaN;3]},{'A',[132;95;3;-8],4,[1;24;1;64],3,2,[128;-1;-1;-264],3,0},{'M',[132;-122;254;-252],5,[-158;-122;127;-126],4,[NaN;0;1;1],[132;95;3;-8],4,[0;NaN;NaN;NaN]},{'M',[-30;1;12;1],5,[1;1;1;1],0,[NaN;0;NaN;0],[-15;3;65;33],2,[1;NaN;NaN;NaN],[132;95;3;-8],4,[NaN;NaN;2;NaN]},{'A',[102;-121;242;-253],6,[132;-122;254;-252],5,0,[-30;1;-12;-1],5,0},{'M',[132;1;1;-8],5,[1;1;1;1],0,[NaN;0;0;NaN],[132;95;3;-8],4,[0;NaN;NaN;0]},{'M',[102;-242;12;66],7,[-15;3;65;33],2,[NaN;NaN;NaN;1],[132;95;3;-8],4,[NaN;NaN;2;NaN],[102;-121;242;-253],6,[0;1;NaN;NaN]},{'A',[234;-241;-11;-74],8,[132;1;1;-8],5,0,[102;-242;-12;-66],7,0},{'M',[-15;3;-88;33],9,[-15;3;65;33],2,[0;0;NaN;0],[234;-241;-11;-74],8,[NaN;NaN;3;NaN]},{'M',[8;-122;127;132],5,[1;1;1;1],0,[3;NaN;NaN;NaN],[-15;3;65;33],2,[NaN;NaN;NaN;2],[-158;-122;127;-126],4,[NaN;0;0;NaN]},{'A',[-7;125;-215;-99],10,[-15;3;-88;33],9,0,[8;122;-127;-132],5,0},{'M',[-120;-121;-44;64],9,[1;1;1;1],0,[NaN;NaN;NaN;6],[-15;3;65;33],2,[3;NaN;NaN;NaN],[102;-121;242;-253],6,[NaN;0;NaN;NaN],[234;-241;-11;-74],8,[NaN;NaN;2;NaN]},{'M',[2;32;65;1],3,[1;1;1;1],0,[1;5;NaN;0],[-15;3;65;33],2,[NaN;NaN;0;NaN]},{'A',[-118;-153;-109;63],10,[-120;-121;-44;64],9,0,[2;-32;-65;-1],3,0},{'M',[102;190;242;33],7,[-15;3;65;33],2,[NaN;NaN;NaN;0],[132;95;3;-8],4,[NaN;1;NaN;NaN],[102;-121;242;-253],6,[0;NaN;0;NaN]},{'O',[102;190;242;33],7,[102;190;242;33],7,0},{'M',[-158;-122;-218;-198],11,[-158;-122;127;-126],4,[0;0;NaN;NaN],[-7;125;-215;-99],10,[NaN;NaN;NaN;1],[-118;-153;-109;63],10,[NaN;NaN;1;NaN]},{'O',[158;122;218;198],11,[158;122;218;198],11,0},{'M',[-112;-153;-215;-253],11,[102;-121;242;-253],6,[NaN;NaN;NaN;0],[-7;125;-215;-99],10,[4;NaN;0;NaN],[-118;-153;-109;63],10,[NaN;0;NaN;NaN]},{'O',[112;153;215;253],11,[112;153;215;253],11,0},{'M',[-118;-241;-44;-74],11,[234;-241;-11;-74],8,[NaN;0;2;0],[-118;-153;-109;63],10,[0;NaN;NaN;NaN]},{'O',[118;241;44;74],11,[118;241;44;74],11,0},{'M',[234;125;127;126],11,[-158;-122;127;-126],4,[NaN;NaN;0;NaN],[234;-241;-11;-74],8,[0;NaN;NaN;NaN],[-7;125;-215;-99],10,[NaN;0;NaN;NaN],[-118;-153;-109;63],10,[NaN;NaN;NaN;1]},{'O',[234;125;127;126],11,[234;125;127;126],11,0}}
Adder graph: {{'M',[8;2;1;2],1,[1;1;1;1],0,[3;1;0;1]},{'M',[16;1;4;1],1,[1;1;1;1],0,[4;0;2;0]},{'A',[112;31;12;33],2,[8;2;1;2],1,4,[-16;-1;-4;1],1,0},{'M',[1;1;96;1],3,[1;1;1;1],0,[0;0;NaN;0],[112;31;12;33],2,[NaN;NaN;3;NaN]},{'M',[4;4;12;64],3,[1;1;1;1],0,[2;2;NaN;6],[112;31;12;33],2,[NaN;NaN;0;NaN]},{'A',[5;-3;108;-63],4,[1;1;96;1],3,0,[4;-4;12;-64],3,0},{'M',[4;31;12;33],3,[1;1;1;1],0,[2;NaN;NaN;NaN],[112;31;12;33],2,[NaN;0;0;0]},{'M',[2;4;2;1],1,[1;1;1;1],0,[1;2;1;0]},{'A',[-28;95;44;49],4,[4;31;12;33],3,0,[-2;4;2;1],1,4},{'M',[128;-3;108;66],5,[1;1;1;1],0,[7;NaN;NaN;NaN],[112;31;12;33],2,[NaN;NaN;NaN;1],[5;-3;108;-63],4,[NaN;0;0;NaN]},{'M',[10;64;1;8],5,[1;1;1;1],0,[NaN;6;0;3],[5;-3;108;-63],4,[1;NaN;NaN;NaN]},{'A',[118;61;109;74],6,[128;-3;108;66],5,0,[-10;64;1;8],5,0},{'M',[2;-3;24;2],5,[1;1;1;1],0,[1;NaN;NaN;1],[112;31;12;33],2,[NaN;NaN;1;NaN],[5;-3;108;-63],4,[NaN;0;NaN;NaN]},{'M',[118;61;109;98],7,[-28;95;44;49],4,[NaN;NaN;NaN;1],[118;61;109;74],6,[0;0;0;NaN]},{'A',[-234;-125;242;198],8,[2;-3;24;2],5,0,[-118;-61;109;98],7,1},{'M',[160;248;216;1],5,[1;1;1;1],0,[NaN;NaN;NaN;0],[112;31;12;33],2,[NaN;3;NaN;NaN],[5;-3;108;-63],4,[5;NaN;1;NaN]},{'M',[2;95;1;-252],5,[1;1;1;1],0,[1;NaN;0;NaN],[5;-3;108;-63],4,[NaN;NaN;NaN;2],[-28;95;44;49],4,[NaN;0;NaN;NaN]},{'A',[158;153;215;253],6,[160;248;216;1],5,0,[-2;-95;-1;252],5,0},{'M',[-56;-3;88;-63],5,[5;-3;108;-63],4,[NaN;0;NaN;0],[-28;95;44;49],4,[1;NaN;1;NaN]},{'M',[158;244;215;253],7,[118;61;109;74],6,[NaN;2;NaN;NaN],[158;153;215;253],6,[0;NaN;0;0]},{'A',[102;241;-127;190],8,[-56;-3;88;-63],5,0,[158;244;-215;253],7,0},{'M',[102;190;242;33],9,[112;31;12;33],2,[NaN;NaN;NaN;0],[-28;95;44;49],4,[NaN;1;NaN;NaN],[-234;-125;242;198],8,[NaN;NaN;0;NaN],[102;241;-127;190],8,[0;NaN;NaN;NaN]},{'O',[102;190;242;33],9,[102;190;242;33],9,0},{'M',[158;122;218;198],9,[118;61;109;74],6,[NaN;1;1;NaN],[-234;-125;242;198],8,[NaN;NaN;NaN;0],[158;153;215;253],6,[0;NaN;NaN;NaN]},{'O',[158;122;218;198],9,[158;122;218;198],9,0},{'M',[112;153;215;253],7,[112;31;12;33],2,[0;NaN;NaN;NaN],[158;153;215;253],6,[NaN;0;0;0]},{'O',[112;153;215;253],7,[112;153;215;253],7,0},{'M',[118;241;44;74],9,[-28;95;44;49],4,[NaN;NaN;0;NaN],[118;61;109;74],6,[0;NaN;NaN;0],[102;241;-127;190],8,[NaN;0;NaN;NaN]},{'O',[118;241;44;74],9,[118;241;44;74],9,0},{'M',[-234;-125;-127;-126],9,[5;-3;108;-63],4,[NaN;NaN;NaN;1],[-234;-125;242;198],8,[0;0;NaN;NaN],[102;241;-127;190],8,[NaN;NaN;0;NaN]},{'O',[234;125;127;126],9,[234;125;127;126],9,0}}
Adder graph: {{'M',[2;1;1;2],1,[1;1;1;1],0,[1;0;0;1]},{'M',[8;1;2;4],1,[1;1;1;1],0,[3;0;1;2]},{'A',[40;15;18;36],2,[2;1;1;2],1,4,[8;-1;2;4],1,0},{'M',[40;240;128;32],3,[1;1;1;1],0,[NaN;NaN;7;5],[40;15;18;36],2,[0;4;NaN;NaN]},{'A',[39;241;127;31],4,[40;240;128;32],3,0,[-1;1;-1;-1],0,0},{'M',[78;1;254;1],5,[1;1;1;1],0,[NaN;0;NaN;0],[39;241;127;31],4,[1;NaN;1;NaN]},{'M',[40;30;18;16],3,[1;1;1;1],0,[NaN;NaN;NaN;4],[40;15;18;36],2,[0;1;0;NaN]},{'A',[158;61;218;33],6,[78;1;254;1],5,0,[40;30;-18;16],3,1},{'M',[32;4;18;36],3,[1;1;1;1],0,[5;2;NaN;NaN],[40;15;18;36],2,[NaN;NaN;0;0]},{'M',[4;15;4;1],3,[1;1;1;1],0,[2;NaN;2;0],[40;15;18;36],2,[NaN;0;NaN;NaN]},{'A',[28;-11;22;37],4,[32;4;18;36],3,0,[-4;-15;4;1],3,0},{'M',[78;61;4;62],7,[1;1;1;1],0,[NaN;NaN;2;NaN],[39;241;127;31],4,[1;NaN;NaN;1],[158;61;218;33],6,[NaN;0;NaN;NaN]},{'M',[39;64;254;64],5,[1;1;1;1],0,[NaN;6;NaN;6],[39;241;127;31],4,[0;NaN;1;NaN]},{'A',[117;125;258;126],8,[78;61;4;62],7,0,[39;64;254;64],5,0},{'M',[1;30;16;72],3,[1;1;1;1],0,[0;NaN;4;NaN],[40;15;18;36],2,[NaN;1;NaN;1]},{'A',[118;95;242;198],9,[117;125;258;126],8,0,[1;-30;-16;72],3,0},{'M',[158;241;127;1],7,[1;1;1;1],0,[NaN;NaN;NaN;0],[39;241;127;31],4,[NaN;0;0;NaN],[158;61;218;33],6,[0;NaN;NaN;NaN]},{'M',[28;-44;44;126],9,[28;-11;22;37],4,[0;2;1;NaN],[117;125;258;126],8,[NaN;NaN;NaN;0]},{'A',[102;153;215;253],10,[158;241;127;1],7,0,[-28;-44;44;126],9,1},{'M',[102;190;242;33],11,[158;61;218;33],6,[NaN;NaN;NaN;0],[118;95;242;198],9,[NaN;1;0;NaN],[102;153;215;253],10,[0;NaN;NaN;NaN]},{'O',[102;190;242;33],11,[102;190;242;33],11,0},{'M',[158;122;218;198],10,[158;61;218;33],6,[0;1;0;NaN],[118;95;242;198],9,[NaN;NaN;NaN;0]},{'O',[158;122;218;198],10,[158;122;218;198],10,0},{'M',[112;153;215;253],11,[28;-11;22;37],4,[2;NaN;NaN;NaN],[102;153;215;253],10,[NaN;0;0;0]},{'O',[112;153;215;253],11,[112;153;215;253],11,0},{'M',[118;241;44;74],10,[39;241;127;31],4,[NaN;0;NaN;NaN],[28;-11;22;37],4,[NaN;NaN;1;1],[118;95;242;198],9,[0;NaN;NaN;NaN]},{'O',[118;241;44;74],10,[118;241;44;74],10,0},{'M',[234;125;127;126],9,[39;241;127;31],4,[NaN;NaN;0;NaN],[117;125;258;126],8,[1;0;NaN;0]},{'O',[234;125;127;126],9,[234;125;127;126],9,0}}
Adder graph: {{'M',[16;1;16;1],1,[1;1;1;1],0,[4;0;4;0]},{'M',[1;32;1;1],1,[1;1;1;1],0,[0;5;0;0]},{'A',[15;-31;15;2],2,[16;1;16;1],1,0,[-1;-32;-1;1],1,0},{'M',[128;1;128;128],1,[1;1;1;1],0,[7;0;7;7]},{'M',[15;-124;1;2],3,[1;1;1;1],0,[NaN;NaN;0;NaN],[15;-31;15;2],2,[0;2;NaN;0]},{'A',[113;125;127;126],4,[128;1;128;128],1,0,[-15;124;-1;-2],3,0},{'M',[226;1;30;252],5,[1;1;1;1],0,[NaN;0;NaN;NaN],[15;-31;15;2],2,[NaN;NaN;1;NaN],[113;125;127;126],4,[1;NaN;NaN;1]},{'A',[234;9;22;244],6,[226;1;30;252],5,0,[1;1;-1;-1],0,3},{'M',[2;2;1;1],1,[1;1;1;1],0,[1;1;0;0]},{'M',[8;-31;30;1],3,[1;1;1;1],0,[3;NaN;NaN;0],[15;-31;15;2],2,[NaN;0;1;NaN]},{'A',[56;95;62;33],4,[2;2;1;1],1,5,[-8;31;30;1],3,0},{'M',[120;250;127;252],5,[15;-31;15;2],2,[3;NaN;NaN;NaN],[113;125;127;126],4,[NaN;1;0;1]},{'M',[2;9;88;1],7,[1;1;1;1],0,[1;NaN;NaN;0],[234;9;22;244],6,[NaN;0;2;NaN]},{'A',[118;241;215;253],8,[120;250;127;252],5,0,[-2;-9;88;1],7,0},{'M',[128;9;248;33],7,[1;1;1;1],0,[7;NaN;NaN;NaN],[234;9;22;244],6,[NaN;0;NaN;NaN],[56;95;62;33],4,[NaN;NaN;2;0]},{'M',[15;72;15;2],7,[15;-31;15;2],2,[0;NaN;0;0],[234;9;22;244],6,[NaN;3;NaN;NaN]},{'A',[158;153;218;37],8,[128;9;248;33],7,0,[15;72;-15;2],7,1},{'M',[158;153;496;264],9,[56;95;62;33],4,[NaN;NaN;3;3],[158;153;218;37],8,[0;0;NaN;NaN]},{'M',[56;-31;254;66],5,[15;-31;15;2],2,[NaN;0;NaN;NaN],[113;125;127;126],4,[NaN;NaN;1;NaN],[56;95;62;33],4,[0;NaN;NaN;1]},{'A',[102;122;242;198],10,[158;153;496;264],9,0,[-56;-31;-254;-66],5,0},{'M',[102;190;242;33],11,[56;95;62;33],4,[NaN;1;NaN;0],[102;122;242;198],10,[0;NaN;0;NaN]},{'O',[102;190;242;33],11,[102;190;242;33],11,0},{'M',[158;122;218;198],11,[158;153;218;37],8,[0;NaN;0;NaN],[102;122;242;198],10,[NaN;0;NaN;0]},{'O',[158;122;218;198],11,[158;122;218;198],11,0},{'M',[112;153;215;253],9,[56;95;62;33],4,[1;NaN;NaN;NaN],[118;241;215;253],8,[NaN;NaN;0;0],[158;153;218;37],8,[NaN;0;NaN;NaN]},{'O',[112;153;215;253],9,[112;153;215;253],9,0},{'M',[118;241;44;74],9,[234;9;22;244],6,[NaN;NaN;1;NaN],[118;241;215;253],8,[0;0;NaN;NaN],[158;153;218;37],8,[NaN;NaN;NaN;1]},{'O',[118;241;44;74],9,[118;241;44;74],9,0},{'M',[234;125;127;126],7,[113;125;127;126],4,[NaN;0;0;0],[234;9;22;244],6,[0;NaN;NaN;NaN]},{'O',[234;125;127;126],7,[234;125;127;126],7,0}}
Adder graph: {{'M',[2;4;1;1],1,[1;1;1;1],0,[1;2;0;0]},{'A',[15;31;9;9],2,[2;4;1;1],1,3,[-1;-1;1;1],0,0},{'M',[1;32;32;16],1,[1;1;1;1],0,[0;5;5;4]},{'M',[128;62;1;1],3,[1;1;1;1],0,[7;NaN;0;0],[15;31;9;9],2,[NaN;1;NaN;NaN]},{'A',[132;190;127;63],4,[1;32;32;16],1,2,[128;62;-1;-1],3,0},{'M',[132;124;36;63],5,[15;31;9;9],2,[NaN;2;2;NaN],[132;190;127;63],4,[0;NaN;NaN;0]},{'M',[15;1;8;2],3,[1;1;1;1],0,[NaN;0;3;1],[15;31;9;9],2,[0;NaN;NaN;NaN]},{'A',[117;125;28;61],6,[132;124;36;63],5,0,[-15;1;-8;-2],3,0},{'M',[15;125;112;36],7,[15;31;9;9],2,[0;NaN;NaN;2],[117;125;28;61],6,[NaN;0;2;NaN]},{'M',[128;128;9;126],5,[1;1;1;1],0,[7;7;NaN;NaN],[15;31;9;9],2,[NaN;NaN;0;NaN],[132;190;127;63],4,[NaN;NaN;NaN;1]},{'A',[158;122;215;198],8,[15;125;112;36],7,1,[128;-128;-9;126],5,0},{'M',[132;16;127;32],5,[1;1;1;1],0,[NaN;4;NaN;5],[132;190;127;63],4,[0;NaN;0;NaN]},{'M',[30;1;18;1],3,[1;1;1;1],0,[NaN;0;NaN;0],[15;31;9;9],2,[1;NaN;1;NaN]},{'A',[102;15;109;33],6,[132;16;127;32],5,0,[-30;-1;-18;1],3,0},{'M',[316;122;112;244],9,[117;125;28;61],6,[NaN;NaN;2;2],[158;122;215;198],8,[1;0;NaN;NaN]},{'M',[204;31;9;9],7,[15;31;9;9],2,[NaN;0;0;0],[102;15;109;33],6,[1;NaN;NaN;NaN]},{'A',[112;153;121;253],10,[316;122;112;244],9,0,[-204;31;9;9],7,0},{'M',[15;30;9;9],7,[15;31;9;9],2,[0;NaN;0;0],[102;15;109;33],6,[NaN;1;NaN;NaN]},{'M',[2;1;28;2],7,[1;1;1;1],0,[1;0;NaN;1],[117;125;28;61],6,[NaN;NaN;0;NaN]},{'A',[118;241;44;74],8,[15;30;9;9],7,3,[-2;1;-28;2],7,0},{'M',[102;190;242;33],11,[132;190;127;63],4,[NaN;0;NaN;NaN],[102;15;109;33],6,[0;NaN;NaN;0],[112;153;121;253],10,[NaN;NaN;1;NaN]},{'O',[102;190;242;33],11,[102;190;242;33],11,0},{'M',[158;122;218;198],9,[158;122;215;198],8,[0;0;NaN;0],[102;15;109;33],6,[NaN;NaN;1;NaN]},{'O',[158;122;218;198],9,[158;122;218;198],9,0},{'M',[112;153;215;253],11,[158;122;215;198],8,[NaN;NaN;0;NaN],[112;153;121;253],10,[0;0;NaN;0]},{'O',[112;153;215;253],11,[112;153;215;253],11,0},{'O',[118;241;44;74],8,[118;241;44;74],8,0},{'M',[234;125;127;126],7,[132;190;127;63],4,[NaN;NaN;0;1],[117;125;28;61],6,[1;0;NaN;NaN]},{'O',[234;125;127;126],7,[234;125;127;126],7,0}}
Adder graph: {{'M',[16;1;32;16],1,[1;1;1;1],0,[4;0;5;4]},{'M',[8;1;8;8],1,[1;1;1;1],0,[3;0;3;3]},{'A',[56;3;120;72],2,[16;1;32;16],1,2,[-8;-1;-8;8],1,0},{'M',[1;64;1;128],1,[1;1;1;1],0,[0;6;0;7]},{'M',[2;3;1;1],3,[1;1;1;1],0,[1;NaN;0;0],[56;3;120;72],2,[NaN;0;NaN;NaN]},{'A',[5;58;3;126],4,[1;64;1;128],1,0,[2;-3;1;-1],3,1},{'M',[56;96;120;1],3,[1;1;1;1],0,[NaN;NaN;NaN;0],[56;3;120;72],2,[0;5;0;NaN]},{'M',[5;1;1;1],5,[1;1;1;1],0,[NaN;0;0;0],[5;58;3;126],4,[0;NaN;NaN;NaN]},{'A',[51;95;121;2],6,[56;96;120;1],3,0,[-5;-1;1;1],5,0},{'M',[56;32;32;8],7,[1;1;1;1],0,[NaN;5;5;NaN],[56;3;120;72],2,[0;NaN;NaN;NaN],[51;95;121;2],6,[NaN;NaN;NaN;2]},{'M',[10;3;1;1],5,[1;1;1;1],0,[NaN;NaN;0;0],[56;3;120;72],2,[NaN;0;NaN;NaN],[5;58;3;126],4,[1;NaN;NaN;NaN]},{'A',[234;125;127;33],8,[56;32;32;8],7,2,[10;-3;-1;1],5,0},{'M',[51;95;121;1],7,[1;1;1;1],0,[NaN;NaN;NaN;0],[51;95;121;2],6,[0;0;0;NaN]},{'M',[5;58;12;252],5,[5;58;3;126],4,[0;0;2;1]},{'A',[56;153;109;253],8,[51;95;121;1],7,0,[5;58;-12;252],5,0},{'M',[16;125;16;33],9,[1;1;1;1],0,[4;NaN;4;NaN],[234;125;127;33],8,[NaN;0;NaN;0]},{'M',[51;58;3;2],7,[5;58;3;126],4,[NaN;0;0;NaN],[51;95;121;2],6,[0;NaN;NaN;0]},{'A',[118;241;22;37],10,[16;125;16;33],9,0,[51;58;3;2],7,1},{'M',[56;3;218;72],9,[56;3;120;72],2,[0;0;NaN;0],[56;153;109;253],8,[NaN;NaN;1;NaN]},{'M',[102;58;3;126],7,[5;58;3;126],4,[NaN;0;0;0],[51;95;121;2],6,[1;NaN;NaN;NaN]},{'A',[158;61;215;198],10,[56;3;218;72],9,0,[102;58;-3;126],7,0},{'M',[102;190;242;33],9,[51;95;121;2],6,[1;1;1;NaN],[234;125;127;33],8,[NaN;NaN;NaN;0]},{'O',[102;190;242;33],9,[102;190;242;33],9,0},{'M',[158;122;218;198],11,[56;153;109;253],8,[NaN;NaN;1;NaN],[158;61;215;198],10,[0;1;NaN;0]},{'O',[158;122;218;198],11,[158;122;218;198],11,0},{'M',[112;153;215;253],11,[56;3;120;72],2,[1;NaN;NaN;NaN],[56;153;109;253],8,[NaN;0;NaN;0],[158;61;215;198],10,[NaN;NaN;0;NaN]},{'O',[112;153;215;253],11,[112;153;215;253],11,0},{'M',[118;241;44;74],11,[118;241;22;37],10,[0;0;1;1]},{'O',[118;241;44;74],11,[118;241;44;74],11,0},{'M',[234;125;127;126],9,[5;58;3;126],4,[NaN;NaN;NaN;0],[234;125;127;33],8,[0;0;0;NaN]},{'O',[234;125;127;126],9,[234;125;127;126],9,0}}
Adder graph: {{'M',[1;1;1;4],1,[1;1;1;1],0,[0;0;0;2]},{'M',[2;1;4;1],1,[1;1;1;1],0,[1;0;2;0]},{'A',[65;-31;-127;-28],2,[1;1;1;4],1,0,[2;-1;-4;-1],1,5},{'M',[8;-31;8;8],3,[1;1;1;1],0,[3;NaN;3;3],[65;-31;-127;-28],2,[NaN;0;NaN;NaN]},{'A',[31;-125;31;33],4,[8;-31;8;8],3,2,[-1;-1;-1;1],0,0},{'M',[1;16;1;1],1,[1;1;1;1],0,[0;4;0;0]},{'A',[-7;-15;9;9],4,[1;16;1;1],1,0,[-8;-31;8;8],3,0},{'M',[-14;1;18;18],5,[1;1;1;1],0,[NaN;0;NaN;NaN],[-7;-15;9;9],4,[1;NaN;1;1]},{'M',[65;-240;-127;-56],5,[65;-31;-127;-28],2,[0;NaN;0;1],[-7;-15;9;9],4,[NaN;4;NaN;NaN]},{'A',[-79;241;-109;74],6,[-14;1;18;18],5,0,[-65;240;-127;56],5,0},{'M',[-7;-15;124;9],5,[31;-125;31;33],4,[NaN;NaN;2;NaN],[-7;-15;9;9],4,[0;0;NaN;0]},{'M',[65;-125;-127;144],5,[65;-31;-127;-28],2,[0;NaN;0;NaN],[31;-125;31;33],4,[NaN;0;NaN;NaN],[-7;-15;9;9],4,[NaN;NaN;NaN;4]},{'A',[51;95;121;-126],6,[-7;-15;124;9],5,1,[65;125;-127;-144],5,0},{'M',[-28;64;9;132],5,[1;1;1;1],0,[NaN;6;NaN;NaN],[31;-125;31;33],4,[NaN;NaN;NaN;2],[-7;-15;9;9],4,[2;NaN;0;NaN]},{'A',[59;-61;22;-99],6,[31;-125;31;33],4,0,[28;64;-9;-132],5,0},{'M',[1;-31;-127;-252],7,[1;1;1;1],0,[0;NaN;NaN;NaN],[65;-31;-127;-28],2,[NaN;0;0;NaN],[51;95;121;-126],6,[NaN;NaN;NaN;1]},{'M',[118;-122;88;1],7,[1;1;1;1],0,[NaN;NaN;NaN;0],[59;-61;22;-99],6,[1;1;2;NaN]},{'A',[-117;-153;-215;-253],8,[1;-31;-127;-252],7,0,[-118;-122;-88;-1],7,0},{'M',[102;190;242;33],7,[31;-125;31;33],4,[NaN;NaN;NaN;0],[51;95;121;-126],6,[1;1;1;NaN]},{'O',[102;190;242;33],7,[102;190;242;33],7,0},{'M',[-79;-61;-109;-99],7,[-79;241;-109;74],6,[0;NaN;0;NaN],[59;-61;22;-99],6,[NaN;0;NaN;0]},{'O',[158;122;218;198],7,[79;61;109;99],7,1},{'M',[-112;-153;-215;-253],9,[-7;-15;9;9],4,[4;NaN;NaN;NaN],[-117;-153;-215;-253],8,[NaN;0;0;0]},{'O',[112;153;215;253],9,[112;153;215;253],9,0},{'M',[118;241;44;74],7,[-79;241;-109;74],6,[NaN;0;NaN;0],[59;-61;22;-99],6,[1;NaN;1;NaN]},{'O',[118;241;44;74],7,[118;241;44;74],7,0},{'M',[-234;-125;-127;-126],9,[65;-31;-127;-28],2,[NaN;NaN;0;NaN],[31;-125;31;33],4,[NaN;0;NaN;NaN],[51;95;121;-126],6,[NaN;NaN;NaN;0],[-117;-153;-215;-253],8,[1;NaN;NaN;NaN]},{'O',[234;125;127;126],9,[234;125;127;126],9,0}}
Adder graph: {{'M',[2;1;2;1],1,[1;1;1;1],0,[1;0;1;0]},{'M',[4;8;1;1],1,[1;1;1;1],0,[2;3;0;0]},{'A',[-14;33;6;5],2,[2;1;2;1],1,0,[-4;8;1;1],1,2},{'M',[32;32;6;5],3,[1;1;1;1],0,[5;5;NaN;NaN],[-14;33;6;5],2,[NaN;NaN;0;0]},{'M',[1;4;1;1],1,[1;1;1;1],0,[0;2;0;0]},{'A',[63;60;11;11],4,[32;32;6;5],3,1,[-1;-4;-1;1],1,0},{'M',[63;128;8;11],5,[1;1;1;1],0,[NaN;7;3;NaN],[63;60;11;11],4,[0;NaN;NaN;0]},{'M',[8;66;11;11],5,[1;1;1;1],0,[3;NaN;NaN;NaN],[-14;33;6;5],2,[NaN;1;NaN;NaN],[63;60;11;11],4,[NaN;NaN;0;0]},{'A',[118;190;27;33],6,[63;128;8;11],5,1,[-8;-66;11;11],5,0},{'M',[63;60;108;132],7,[63;60;11;11],4,[0;0;NaN;NaN],[118;190;27;33],6,[NaN;NaN;2;2]},{'M',[16;1;1;33],7,[1;1;1;1],0,[4;0;0;NaN],[118;190;27;33],6,[NaN;NaN;NaN;0]},{'A',[79;61;109;99],8,[63;60;108;132],7,0,[16;1;1;-33],7,0},{'M',[-14;32;6;32],3,[1;1;1;1],0,[NaN;5;NaN;5],[-14;33;6;5],2,[0;NaN;0;NaN]},{'M',[79;61;109;10],9,[-14;33;6;5],2,[NaN;NaN;NaN;1],[79;61;109;99],8,[0;0;0;NaN]},{'A',[51;125;121;74],10,[-14;32;6;32],3,1,[79;61;109;10],9,0},{'M',[118;120;64;64],7,[1;1;1;1],0,[NaN;NaN;6;6],[63;60;11;11],4,[NaN;1;NaN;NaN],[118;190;27;33],6,[0;NaN;NaN;NaN]},{'M',[2;1;1;2],1,[1;1;1;1],0,[1;0;0;1]},{'A',[234;241;127;126],8,[118;120;64;64],7,1,[-2;1;-1;-2],1,0},{'M',[-14;33;216;252],9,[-14;33;6;5],2,[0;0;NaN;NaN],[118;190;27;33],6,[NaN;NaN;3;NaN],[234;241;127;126],8,[NaN;NaN;NaN;1]},{'M',[126;120;1;1],5,[1;1;1;1],0,[NaN;NaN;0;0],[63;60;11;11],4,[1;1;NaN;NaN]},{'A',[112;153;215;253],10,[-14;33;216;252],9,0,[126;120;-1;1],5,0},{'M',[102;190;242;33],11,[118;190;27;33],6,[NaN;0;NaN;0],[51;125;121;74],10,[1;NaN;1;NaN]},{'O',[102;190;242;33],11,[102;190;242;33],11,0},{'O',[158;122;218;198],8,[79;61;109;99],8,1},{'O',[112;153;215;253],10,[112;153;215;253],10,0},{'M',[118;241;44;74],11,[63;60;11;11],4,[NaN;NaN;2;NaN],[118;190;27;33],6,[0;NaN;NaN;NaN],[51;125;121;74],10,[NaN;NaN;NaN;0],[234;241;127;126],8,[NaN;0;NaN;NaN]},{'O',[118;241;44;74],11,[118;241;44;74],11,0},{'M',[234;125;127;126],11,[51;125;121;74],10,[NaN;0;NaN;NaN],[234;241;127;126],8,[0;NaN;0;0]},{'O',[234;125;127;126],11,[234;125;127;126],11,0}}
Adder graph: {{'M',[1;4;8;8],1,[1;1;1;1],0,[0;2;3;3]},{'A',[5;15;31;33],2,[1;4;8;8],1,2,[1;-1;-1;1],0,0},{'M',[16;15;31;16],3,[1;1;1;1],0,[4;NaN;NaN;4],[5;15;31;33],2,[NaN;0;0;NaN]},{'A',[20;19;27;12],4,[16;15;31;16],3,0,[1;1;-1;-1],0,2},{'M',[10;19;64;12],5,[1;1;1;1],0,[NaN;NaN;6;NaN],[5;15;31;33],2,[1;NaN;NaN;NaN],[20;19;27;12],4,[NaN;0;NaN;0]},{'M',[32;19;27;12],5,[1;1;1;1],0,[5;NaN;NaN;NaN],[20;19;27;12],4,[NaN;0;0;0]},{'A',[-118;95;-44;-36],6,[10;19;64;12],5,0,[-32;19;-27;-12],5,2},{'M',[4;19;27;12],5,[1;1;1;1],0,[2;NaN;NaN;NaN],[20;19;27;12],4,[NaN;0;0;0]},{'M',[80;1;1;33],3,[1;1;1;1],0,[NaN;0;0;NaN],[5;15;31;33],2,[4;NaN;NaN;0]},{'A',[112;153;215;63],6,[4;19;27;12],5,3,[80;1;-1;-33],3,0},{'M',[112;15;215;33],7,[5;15;31;33],2,[NaN;0;NaN;0],[112;153;215;63],6,[0;NaN;0;NaN]},{'M',[10;256;27;66],5,[1;1;1;1],0,[NaN;8;NaN;NaN],[5;15;31;33],2,[1;NaN;NaN;1],[20;19;27;12],4,[NaN;NaN;0;NaN]},{'A',[102;-241;242;99],8,[112;15;215;33],7,0,[-10;-256;27;66],5,0},{'M',[20;19;27;63],7,[20;19;27;12],4,[0;0;0;NaN],[112;153;215;63],6,[NaN;NaN;NaN;0]},{'M',[1;15;1;1],3,[1;1;1;1],0,[0;NaN;0;0],[5;15;31;33],2,[NaN;0;NaN;NaN]},{'A',[79;61;109;253],8,[20;19;27;63],7,2,[-1;-15;1;1],3,0},{'M',[224;95;128;-36],7,[1;1;1;1],0,[NaN;NaN;7;NaN],[-118;95;-44;-36],6,[NaN;0;NaN;0],[112;153;215;63],6,[1;NaN;NaN;NaN]},{'M',[10;30;1;1],3,[1;1;1;1],0,[NaN;NaN;0;0],[5;15;31;33],2,[1;1;NaN;NaN]},{'A',[234;125;127;-37],8,[224;95;128;-36],7,0,[10;30;-1;-1],3,0},{'M',[102;190;242;33],9,[5;15;31;33],2,[NaN;NaN;NaN;0],[-118;95;-44;-36],6,[NaN;1;NaN;NaN],[102;-241;242;99],8,[0;NaN;0;NaN]},{'O',[102;190;242;33],9,[102;190;242;33],9,0},{'M',[79;61;109;99],9,[102;-241;242;99],8,[NaN;NaN;NaN;0],[79;61;109;253],8,[0;0;0;NaN]},{'O',[158;122;218;198],9,[79;61;109;99],9,1},{'M',[112;153;215;253],9,[112;153;215;63],6,[0;0;0;NaN],[79;61;109;253],8,[NaN;NaN;NaN;0]},{'O',[112;153;215;253],9,[112;153;215;253],9,0},{'M',[-118;-241;-44;-74],9,[-118;95;-44;-36],6,[0;NaN;0;NaN],[102;-241;242;99],8,[NaN;0;NaN;NaN],[234;125;127;-37],8,[NaN;NaN;NaN;1]},{'O',[118;241;44;74],9,[118;241;44;74],9,0},{'M',[234;125;127;126],9,[112;153;215;63],6,[NaN;NaN;NaN;1],[234;125;127;-37],8,[0;0;0;NaN]},{'O',[234;125;127;126],9,[234;125;127;126],9,0}}
Adder graph: {{'M',[1;1;2;2],1,[1;1;1;1],0,[0;0;1;1]},{'M',[4;1;4;1],1,[1;1;1;1],0,[2;0;2;0]},{'A',[56;62;120;126],2,[1;1;2;2],1,6,[-4;-1;-4;-1],1,1},{'M',[56;8;120;32],3,[1;1;1;1],0,[NaN;3;NaN;5],[56;62;120;126],2,[0;NaN;0;NaN]},{'A',[57;7;121;33],4,[56;8;120;32],3,0,[1;-1;1;1],0,0},{'M',[2;1;4;2],1,[1;1;1;1],0,[1;0;2;1]},{'M',[57;124;121;33],5,[56;62;120;126],2,[NaN;1;NaN;NaN],[57;7;121;33],4,[0;NaN;0;0]},{'A',[59;125;125;35],6,[2;1;4;2],1,0,[57;124;121;33],5,0},{'M',[4;4;1;4],1,[1;1;1;1],0,[2;2;0;2]},{'A',[-5;61;109;99],7,[59;125;125;35],6,0,[-4;-4;-1;4],1,4},{'M',[236;125;125;35],7,[59;125;125;35],6,[2;0;0;0]},{'M',[1;14;1;1],5,[1;1;1;1],0,[0;NaN;0;0],[57;7;121;33],4,[NaN;1;NaN;NaN]},{'A',[234;153;127;37],8,[236;125;125;35],7,0,[-1;14;1;1],5,1},{'M',[59;248;480;504],7,[56;62;120;126],2,[NaN;2;2;2],[59;125;125;35],6,[0;NaN;NaN;NaN]},{'M',[-20;7;436;396],8,[57;7;121;33],4,[NaN;0;NaN;NaN],[-5;61;109;99],7,[2;NaN;2;2]},{'A',[79;241;44;108],9,[59;248;480;504],7,0,[20;-7;-436;-396],8,0},{'M',[79;64;44;108],10,[1;1;1;1],0,[NaN;6;NaN;NaN],[79;241;44;108],9,[0;NaN;0;0]},{'M',[56;62;127;37],9,[56;62;120;126],2,[0;0;NaN;NaN],[234;153;127;37],8,[NaN;NaN;0;0]},{'A',[102;190;215;253],11,[79;64;44;108],10,1,[-56;62;127;37],9,0},{'M',[102;190;242;33],12,[57;7;121;33],4,[NaN;NaN;1;0],[102;190;215;253],11,[0;0;NaN;NaN]},{'O',[102;190;242;33],12,[102;190;242;33],12,0},{'M',[79;61;109;99],10,[-5;61;109;99],7,[NaN;0;0;0],[79;241;44;108],9,[0;NaN;NaN;NaN]},{'O',[158;122;218;198],10,[79;61;109;99],10,1},{'M',[112;153;215;253],12,[56;62;120;126],2,[1;NaN;NaN;NaN],[234;153;127;37],8,[NaN;0;NaN;NaN],[102;190;215;253],11,[NaN;NaN;0;0]},{'O',[112;153;215;253],12,[112;153;215;253],12,0},{'M',[118;241;44;74],10,[59;125;125;35],6,[1;NaN;NaN;NaN],[234;153;127;37],8,[NaN;NaN;NaN;1],[79;241;44;108],9,[NaN;0;0;NaN]},{'O',[118;241;44;74],10,[118;241;44;74],10,0},{'M',[234;125;127;126],9,[56;62;120;126],2,[NaN;NaN;NaN;0],[59;125;125;35],6,[NaN;0;NaN;NaN],[234;153;127;37],8,[0;NaN;0;NaN]},{'O',[234;125;127;126],9,[234;125;127;126],9,0}}
Adder graph: {{'M',[1;2;2;1],1,[1;1;1;1],0,[0;1;1;0]},{'A',[-63;-127;-127;-63],2,[1;1;1;1],0,0,[-1;-2;-2;-1],1,6},{'M',[-63;1;1;1],3,[1;1;1;1],0,[NaN;0;0;0],[-63;-127;-127;-63],2,[0;NaN;NaN;NaN]},{'M',[1;2;1;2],1,[1;1;1;1],0,[0;1;0;1]},{'A',[-59;9;-3;9],4,[-63;1;1;1],3,0,[1;2;-1;2],1,2},{'M',[-236;-127;-127;36],5,[-63;-127;-127;-63],2,[NaN;0;0;NaN],[-59;9;-3;9],4,[2;NaN;NaN;2]},{'M',[2;2;2;1],1,[1;1;1;1],0,[1;1;1;0]},{'A',[-234;-125;-125;35],6,[-236;-127;-127;36],5,0,[2;2;2;-1],1,0},{'M',[-63;-125;-125;-63],7,[-63;-127;-127;-63],2,[0;NaN;NaN;0],[-234;-125;-125;35],6,[NaN;0;0;NaN]},{'M',[4;16;4;9],5,[1;1;1;1],0,[2;4;2;NaN],[-59;9;-3;9],4,[NaN;NaN;NaN;0]},{'A',[-79;-61;-109;-99],8,[-63;-125;-125;-63],7,0,[-4;16;4;-9],5,2},{'M',[1;-127;-127;1],3,[1;1;1;1],0,[0;NaN;NaN;0],[-63;-127;-127;-63],2,[NaN;0;0;NaN]},{'M',[64;64;-12;35],7,[1;1;1;1],0,[6;6;NaN;NaN],[-59;9;-3;9],4,[NaN;NaN;2;NaN],[-234;-125;-125;35],6,[NaN;NaN;NaN;0]},{'A',[66;-190;-242;-33],8,[1;-127;-127;1],3,1,[64;64;12;-35],7,0},{'M',[1056;9;-3;288],9,[-59;9;-3;9],4,[NaN;0;0;5],[66;-190;-242;-33],8,[4;NaN;NaN;NaN]},{'M',[-944;144;-218;35],9,[-59;9;-3;9],4,[4;4;NaN;NaN],[-234;-125;-125;35],6,[NaN;NaN;NaN;0],[-79;-61;-109;-99],8,[NaN;NaN;1;NaN]},{'A',[112;153;215;253],10,[1056;9;-3;288],9,0,[-944;144;218;-35],9,0},{'M',[4;-125;2;35],7,[1;1;1;1],0,[2;NaN;1;NaN],[-234;-125;-125;35],6,[NaN;0;NaN;0]},{'M',[-59;9;-48;144],5,[-59;9;-3;9],4,[0;0;4;4]},{'A',[-51;-241;-44;-74],8,[4;-125;2;35],7,1,[-59;9;-48;-144],5,0},{'M',[-102;-190;-242;-33],9,[66;-190;-242;-33],8,[NaN;0;0;0],[-51;-241;-44;-74],8,[1;NaN;NaN;NaN]},{'O',[102;190;242;33],9,[102;190;242;33],9,0},{'O',[158;122;218;198],8,[79;61;109;99],8,1},{'O',[112;153;215;253],10,[112;153;215;253],10,0},{'M',[-118;-241;-44;-74],9,[-59;9;-3;9],4,[1;NaN;NaN;NaN],[-51;-241;-44;-74],8,[NaN;0;0;0]},{'O',[118;241;44;74],9,[118;241;44;74],9,0},{'M',[-234;-125;-127;-126],7,[-63;-127;-127;-63],2,[NaN;NaN;0;1],[-234;-125;-125;35],6,[0;0;NaN;NaN]},{'O',[234;125;127;126],7,[234;125;127;126],7,0}}
Adder graph: {{'M',[1;2;2;1],1,[1;1;1;1],0,[0;1;1;0]},{'M',[1;8;1;8],1,[1;1;1;1],0,[0;3;0;3]},{'A',[5;-30;6;33],2,[1;2;2;1],1,0,[1;-8;1;8],1,2},{'M',[1;1;1;66],3,[1;1;1;1],0,[0;0;0;NaN],[5;-30;6;33],2,[NaN;NaN;NaN;1]},{'M',[1;-30;16;1],3,[1;1;1;1],0,[0;NaN;4;0],[5;-30;6;33],2,[NaN;0;NaN;NaN]},{'A',[-7;241;-127;74],4,[1;1;1;66],3,0,[-1;30;-16;1],3,3},{'A',[11;-61;11;65],3,[5;-30;6;33],2,1,[1;-1;-1;-1],0,0},{'M',[22;-61;11;130],4,[11;-61;11;65],3,[1;0;0;1]},{'M',[4;1;1;4],1,[1;1;1;1],0,[2;0;0;2]},{'A',[-234;-125;-53;-126],5,[22;-61;11;130],4,0,[-4;-1;-1;-4],1,6},{'M',[5;-250;6;33],6,[5;-30;6;33],2,[0;NaN;0;0],[-234;-125;-53;-126],5,[NaN;1;NaN;NaN]},{'M',[-56;-60;-127;66],5,[5;-30;6;33],2,[NaN;1;NaN;1],[-7;241;-127;74],4,[3;NaN;0;NaN]},{'A',[-51;-190;-121;-33],7,[5;-250;6;33],6,0,[-56;60;-127;-66],5,0},{'M',[-51;32;-121;-33],8,[1;1;1;1],0,[NaN;5;NaN;NaN],[-51;-190;-121;-33],7,[0;NaN;0;0]},{'M',[-14;-30;6;33],5,[5;-30;6;33],2,[NaN;0;0;0],[-7;241;-127;74],4,[1;NaN;NaN;NaN]},{'A',[-79;-28;-109;-99],9,[-51;32;-121;-33],8,0,[-14;-30;6;-33],5,1},{'M',[-234;-125;-106;-252],6,[-234;-125;-53;-126],5,[0;0;1;1]},{'M',[352;-28;-109;1],10,[1;1;1;1],0,[NaN;NaN;NaN;0],[11;-61;11;65],3,[5;NaN;NaN;NaN],[-79;-28;-109;-99],9,[NaN;0;0;NaN]},{'A',[118;-153;-215;-253],11,[-234;-125;-106;-252],6,0,[352;-28;-109;-1],10,0},{'M',[-102;-190;-242;-33],8,[-51;-190;-121;-33],7,[1;0;1;0]},{'O',[102;190;242;33],8,[102;190;242;33],8,0},{'M',[-79;-61;-109;-99],10,[11;-61;11;65],3,[NaN;0;NaN;NaN],[-79;-28;-109;-99],9,[0;NaN;0;0]},{'O',[158;122;218;198],10,[79;61;109;99],10,1},{'M',[-112;-153;-215;-253],12,[-7;241;-127;74],4,[4;NaN;NaN;NaN],[118;-153;-215;-253],11,[NaN;0;0;0]},{'O',[112;153;215;253],12,[112;153;215;253],12,0},{'M',[118;241;44;74],12,[-7;241;-127;74],4,[NaN;0;NaN;0],[11;-61;11;65],3,[NaN;NaN;2;NaN],[118;-153;-215;-253],11,[0;NaN;NaN;NaN]},{'O',[118;241;44;74],12,[118;241;44;74],12,0},{'M',[-234;-125;-127;-126],6,[-7;241;-127;74],4,[NaN;NaN;0;NaN],[-234;-125;-53;-126],5,[0;0;NaN;0]},{'O',[234;125;127;126],6,[234;125;127;126],6,0}}
Adder graph: {{'A',[3;3;3;1],1,[1;1;1;1],0,1,[1;1;1;-1],0,0},{'M',[1;4;1;4],1,[1;1;1;1],0,[0;2;0;2]},{'A',[7;31;7;33],2,[1;4;1;4],1,3,[-1;-1;-1;1],0,0},{'M',[4;4;7;4],3,[1;1;1;1],0,[2;2;NaN;2],[7;31;7;33],2,[NaN;NaN;0;NaN]},{'A',[67;61;109;63],4,[4;4;7;4],3,4,[3;-3;-3;-1],1,0},{'M',[48;31;48;33],3,[3;3;3;1],1,[4;NaN;4;NaN],[7;31;7;33],2,[NaN;0;NaN;0]},{'M',[3;64;4;4],2,[1;1;1;1],0,[NaN;6;2;2],[3;3;3;1],1,[0;NaN;NaN;NaN]},{'A',[51;95;44;37],4,[48;31;48;33],3,0,[3;64;-4;4],2,0},{'M',[67;122;109;126],5,[67;61;109;63],4,[0;1;0;1]},{'M',[16;3;3;1],2,[1;1;1;1],0,[4;NaN;NaN;NaN],[3;3;3;1],1,[NaN;0;0;0]},{'A',[118;241;215;253],6,[67;122;109;126],5,1,[-16;-3;-3;1],2,0},{'M',[2;3;1;2],2,[1;1;1;1],0,[1;NaN;0;1],[3;3;3;1],1,[NaN;0;NaN;NaN]},{'M',[118;64;64;64],7,[1;1;1;1],0,[NaN;6;6;6],[118;241;215;253],6,[0;NaN;NaN;NaN]},{'A',[-234;-125;-127;-126],8,[2;3;1;2],2,0,[-118;-64;-64;-64],7,1},{'M',[67;61;109;66],5,[7;31;7;33],2,[NaN;NaN;NaN;1],[67;61;109;63],4,[0;0;0;NaN]},{'M',[24;31;24;33],3,[3;3;3;1],1,[3;NaN;3;NaN],[7;31;7;33],2,[NaN;0;NaN;0]},{'A',[158;153;242;99],6,[67;61;109;66],5,1,[24;31;24;-33],3,0},{'M',[102;190;242;33],7,[7;31;7;33],2,[NaN;NaN;NaN;0],[51;95;44;37],4,[1;1;NaN;NaN],[158;153;242;99],6,[NaN;NaN;0;NaN]},{'O',[102;190;242;33],7,[102;190;242;33],7,0},{'M',[158;122;218;198],7,[67;61;109;63],4,[NaN;1;1;NaN],[158;153;242;99],6,[0;NaN;NaN;1]},{'O',[158;122;218;198],7,[158;122;218;198],7,0},{'M',[112;153;215;253],7,[7;31;7;33],2,[4;NaN;NaN;NaN],[118;241;215;253],6,[NaN;NaN;0;0],[158;153;242;99],6,[NaN;0;NaN;NaN]},{'O',[112;153;215;253],7,[112;153;215;253],7,0},{'M',[118;241;44;74],7,[51;95;44;37],4,[NaN;NaN;0;1],[118;241;215;253],6,[0;0;NaN;NaN]},{'O',[118;241;44;74],7,[118;241;44;74],7,0},{'O',[234;125;127;126],8,[234;125;127;126],8,0}}
Finished solving after 7212.65 seconds
Adder graph: {{'A',[3;3;3;1],1,[1;1;1;1],0,1,[1;1;1;-1],0,0},{'M',[1;4;1;4],1,[1;1;1;1],0,[0;2;0;2]},{'A',[7;31;7;33],2,[1;4;1;4],1,3,[-1;-1;-1;1],0,0},{'M',[4;4;7;4],3,[1;1;1;1],0,[2;2;NaN;2],[7;31;7;33],2,[NaN;NaN;0;NaN]},{'A',[67;61;109;63],4,[4;4;7;4],3,4,[3;-3;-3;-1],1,0},{'M',[48;31;48;33],3,[3;3;3;1],1,[4;NaN;4;NaN],[7;31;7;33],2,[NaN;0;NaN;0]},{'M',[3;64;4;4],2,[1;1;1;1],0,[NaN;6;2;2],[3;3;3;1],1,[0;NaN;NaN;NaN]},{'A',[51;95;44;37],4,[48;31;48;33],3,0,[3;64;-4;4],2,0},{'M',[67;122;109;126],5,[67;61;109;63],4,[0;1;0;1]},{'M',[16;3;3;1],2,[1;1;1;1],0,[4;NaN;NaN;NaN],[3;3;3;1],1,[NaN;0;0;0]},{'A',[118;241;215;253],6,[67;122;109;126],5,1,[-16;-3;-3;1],2,0},{'M',[2;3;1;2],2,[1;1;1;1],0,[1;NaN;0;1],[3;3;3;1],1,[NaN;0;NaN;NaN]},{'M',[118;64;64;64],7,[1;1;1;1],0,[NaN;6;6;6],[118;241;215;253],6,[0;NaN;NaN;NaN]},{'A',[-234;-125;-127;-126],8,[2;3;1;2],2,0,[-118;-64;-64;-64],7,1},{'M',[67;61;109;66],5,[7;31;7;33],2,[NaN;NaN;NaN;1],[67;61;109;63],4,[0;0;0;NaN]},{'M',[24;31;24;33],3,[3;3;3;1],1,[3;NaN;3;NaN],[7;31;7;33],2,[NaN;0;NaN;0]},{'A',[158;153;242;99],6,[67;61;109;66],5,1,[24;31;24;-33],3,0},{'M',[102;190;242;33],7,[7;31;7;33],2,[NaN;NaN;NaN;0],[51;95;44;37],4,[1;1;NaN;NaN],[158;153;242;99],6,[NaN;NaN;0;NaN]},{'O',[102;190;242;33],7,[102;190;242;33],7,0},{'M',[158;122;218;198],7,[67;61;109;63],4,[NaN;1;1;NaN],[158;153;242;99],6,[0;NaN;NaN;1]},{'O',[158;122;218;198],7,[158;122;218;198],7,0},{'M',[112;153;215;253],7,[7;31;7;33],2,[4;NaN;NaN;NaN],[118;241;215;253],6,[NaN;NaN;0;0],[158;153;242;99],6,[NaN;0;NaN;NaN]},{'O',[112;153;215;253],7,[112;153;215;253],7,0},{'M',[118;241;44;74],7,[51;95;44;37],4,[NaN;NaN;0;1],[118;241;215;253],6,[0;0;NaN;NaN]},{'O',[118;241;44;74],7,[118;241;44;74],7,0},{'O',[234;125;127;126],8,[234;125;127;126],8,0}}
# Add optimal = 1
# Mux optimal = 0
# FAs optimal = 0
