Adder graph: {{'M',[1;1;8;32],1,[1;1;1;1],0,[0;0;3;5]},{'M',[2;4;1;1],1,[1;1;1;1],0,[1;2;0;0]},{'A',[-1;-3;7;33],2,[1;1;8;32],1,0,[-2;-4;-1;1],1,0},{'M',[-4;1;56;64],3,[1;1;1;1],0,[NaN;0;NaN;6],[-1;-3;7;33],2,[2;NaN;3;NaN]},{'M',[128;128;7;1],3,[1;1;1;1],0,[7;7;NaN;0],[-1;-3;7;33],2,[NaN;NaN;0;NaN]},{'A',[120;130;105;127],4,[-4;1;56;64],3,1,[128;128;-7;-1],3,0},{'M',[-1;16;105;32],5,[1;1;1;1],0,[NaN;4;NaN;5],[-1;-3;7;33],2,[0;NaN;NaN;NaN],[120;130;105;127],4,[NaN;NaN;0;NaN]},{'M',[256;-3;2;4],3,[1;1;1;1],0,[8;NaN;1;2],[-1;-3;7;33],2,[NaN;0;NaN;NaN]},{'A',[-257;19;103;36],6,[-1;16;105;32],5,0,[-256;3;-2;4],3,0},{'M',[-32;152;1;36],7,[1;1;1;1],0,[NaN;NaN;0;NaN],[-1;-3;7;33],2,[5;NaN;NaN;NaN],[-257;19;103;36],6,[NaN;3;NaN;0]},{'M',[120;-3;224;254],5,[-1;-3;7;33],2,[NaN;0;5;NaN],[120;130;105;127],4,[0;NaN;NaN;1]},{'A',[-152;155;-223;-218],8,[-32;152;1;36],7,0,[-120;3;-224;-254],5,0},{'M',[-257;130;103;33],7,[-1;-3;7;33],2,[NaN;NaN;NaN;0],[120;130;105;127],4,[NaN;0;NaN;NaN],[-257;19;103;36],6,[0;NaN;0;NaN]},{'M',[-304;-3;28;8],9,[1;1;1;1],0,[NaN;NaN;NaN;3],[-1;-3;7;33],2,[NaN;0;2;NaN],[-152;155;-223;-218],8,[1;NaN;NaN;NaN]},{'A',[47;127;75;41],10,[-257;130;103;33],7,0,[304;-3;-28;8],9,0},{'M',[240;260;103;254],7,[120;130;105;127],4,[1;1;NaN;1],[-257;19;103;36],6,[NaN;NaN;0;NaN]},{'M',[1;-6;56;33],3,[1;1;1;1],0,[0;NaN;NaN;NaN],[-1;-3;7;33],2,[NaN;1;3;0]},{'A',[241;254;159;221],8,[240;260;103;254],7,0,[1;-6;56;-33],3,0},{'M',[120;1;56;127],5,[1;1;1;1],0,[NaN;0;NaN;NaN],[-1;-3;7;33],2,[NaN;NaN;3;NaN],[120;130;105;127],4,[0;NaN;NaN;0]},{'M',[2;-96;1;66],3,[1;1;1;1],0,[1;NaN;0;NaN],[-1;-3;7;33],2,[NaN;5;NaN;1]},{'A',[118;-95;55;61],6,[120;1;56;127],5,0,[-2;-96;-1;-66],3,0},{'M',[120;76;220;221],9,[120;130;105;127],4,[0;NaN;NaN;NaN],[-257;19;103;36],6,[NaN;2;NaN;NaN],[241;254;159;221],8,[NaN;NaN;NaN;0],[118;-95;55;61],6,[NaN;NaN;2;NaN]},{'O',[120;76;220;221],9,[120;76;220;221],9,0},{'M',[241;155;159;122],9,[-152;155;-223;-218],8,[NaN;0;NaN;NaN],[241;254;159;221],8,[0;NaN;0;NaN],[118;-95;55;61],6,[NaN;NaN;NaN;1]},{'O',[241;155;159;122],9,[241;155;159;122],9,0},{'M',[118;127;150;41],11,[47;127;75;41],10,[NaN;0;1;0],[118;-95;55;61],6,[0;NaN;NaN;NaN]},{'O',[118;127;150;41],11,[118;127;150;41],11,0},{'M',[-152;-95;-223;-218],9,[-152;155;-223;-218],8,[0;NaN;0;0],[118;-95;55;61],6,[NaN;0;NaN;NaN]},{'O',[152;95;223;218],9,[152;95;223;218],9,0},{'M',[47;130;210;254],11,[120;130;105;127],4,[NaN;0;1;1],[47;127;75;41],10,[0;NaN;NaN;NaN]},{'O',[47;130;210;254],11,[47;130;210;254],11,0}}
Adder graph: {{'M',[16;16;1;1],1,[1;1;1;1],0,[4;4;0;0]},{'A',[20;12;5;-3],2,[16;16;1;1],1,0,[1;-1;1;-1],0,2},{'M',[1;1;1;2],1,[1;1;1;1],0,[0;0;0;1]},{'M',[20;96;160;256],3,[1;1;1;1],0,[NaN;NaN;NaN;8],[20;12;5;-3],2,[0;3;5;NaN]},{'A',[-19;-95;-159;-254],4,[1;1;1;2],1,0,[-20;-96;-160;-256],3,0},{'M',[20;2;1;-3],3,[1;1;1;1],0,[NaN;1;0;NaN],[20;12;5;-3],2,[0;NaN;NaN;0]},{'M',[1;8;10;-6],3,[1;1;1;1],0,[0;3;NaN;NaN],[20;12;5;-3],2,[NaN;NaN;1;1]},{'A',[48;-60;-78;42],4,[20;2;1;-3],3,1,[1;-8;-10;6],3,3},{'M',[1;-60;10;1],5,[1;1;1;1],0,[0;NaN;NaN;0],[20;12;5;-3],2,[NaN;NaN;1;NaN],[48;-60;-78;42],4,[NaN;0;NaN;NaN]},{'M',[16;-95;160;42],5,[1;1;1;1],0,[4;NaN;NaN;NaN],[20;12;5;-3],2,[NaN;NaN;5;NaN],[-19;-95;-159;-254],4,[NaN;0;NaN;NaN],[48;-60;-78;42],4,[NaN;NaN;NaN;0]},{'A',[-15;-155;-150;-41],6,[1;-60;10;1],5,0,[-16;-95;-160;-42],5,0},{'M',[-15;-190;-78;-164],7,[-19;-95;-159;-254],4,[NaN;1;NaN;NaN],[48;-60;-78;42],4,[NaN;NaN;0;NaN],[-15;-155;-150;-41],6,[0;NaN;NaN;2]},{'M',[32;-60;32;42],5,[1;1;1;1],0,[5;NaN;5;NaN],[48;-60;-78;42],4,[NaN;0;NaN;0]},{'A',[-47;-130;-110;-122],8,[-15;-190;-78;-164],7,0,[-32;60;-32;42],5,0},{'M',[-38;-60;-159;-96],5,[20;12;5;-3],2,[NaN;NaN;NaN;5],[-19;-95;-159;-254],4,[1;NaN;0;NaN],[48;-60;-78;42],4,[NaN;0;NaN;NaN]},{'M',[80;16;64;-122],9,[1;1;1;1],0,[NaN;4;6;NaN],[20;12;5;-3],2,[2;NaN;NaN;NaN],[-47;-130;-110;-122],8,[NaN;NaN;NaN;0]},{'A',[-118;-76;-223;-218],10,[-38;-60;-159;-96],5,0,[-80;-16;-64;-122],9,0},{'M',[-240;-95;-220;-3],9,[20;12;5;-3],2,[NaN;NaN;NaN;0],[-19;-95;-159;-254],4,[NaN;0;NaN;NaN],[-15;-155;-150;-41],6,[4;NaN;NaN;NaN],[-47;-130;-110;-122],8,[NaN;NaN;1;NaN]},{'M',[1;32;10;-218],11,[1;1;1;1],0,[0;5;NaN;NaN],[20;12;5;-3],2,[NaN;NaN;1;NaN],[-118;-76;-223;-218],10,[NaN;NaN;NaN;0]},{'A',[-241;-127;-210;-221],12,[-240;-95;-220;-3],9,0,[-1;-32;10;-218],11,0},{'M',[-120;-76;-220;-221],13,[-15;-155;-150;-41],6,[3;NaN;NaN;NaN],[-47;-130;-110;-122],8,[NaN;NaN;1;NaN],[-118;-76;-223;-218],10,[NaN;0;NaN;NaN],[-241;-127;-210;-221],12,[NaN;NaN;NaN;0]},{'O',[120;76;220;221],13,[120;76;220;221],13,0},{'M',[-241;-155;-159;-122],13,[-19;-95;-159;-254],4,[NaN;NaN;0;NaN],[-15;-155;-150;-41],6,[NaN;0;NaN;NaN],[-47;-130;-110;-122],8,[NaN;NaN;NaN;0],[-241;-127;-210;-221],12,[0;NaN;NaN;NaN]},{'O',[241;155;159;122],13,[241;155;159;122],13,0},{'M',[-118;-127;-150;-41],13,[-15;-155;-150;-41],6,[NaN;NaN;0;0],[-118;-76;-223;-218],10,[0;NaN;NaN;NaN],[-241;-127;-210;-221],12,[NaN;0;NaN;NaN]},{'O',[118;127;150;41],13,[118;127;150;41],13,0},{'M',[-152;-95;-223;-218],11,[-19;-95;-159;-254],4,[3;0;NaN;NaN],[-118;-76;-223;-218],10,[NaN;NaN;0;0]},{'O',[152;95;223;218],11,[152;95;223;218],11,0},{'M',[-47;-130;-210;-254],13,[-19;-95;-159;-254],4,[NaN;NaN;NaN;0],[-47;-130;-110;-122],8,[0;0;NaN;NaN],[-241;-127;-210;-221],12,[NaN;NaN;0;NaN]},{'O',[47;130;210;254],13,[47;130;210;254],13,0}}
Adder graph: {{'M',[4;32;1;32],1,[1;1;1;1],0,[2;5;0;5]},{'M',[1;2;1;1],1,[1;1;1;1],0,[0;1;0;0]},{'A',[15;130;5;127],2,[4;32;1;32],1,2,[-1;2;1;-1],1,0},{'M',[1;1;5;1],3,[1;1;1;1],0,[0;0;NaN;0],[15;130;5;127],2,[NaN;NaN;0;NaN]},{'M',[8;1;40;4],3,[1;1;1;1],0,[3;0;NaN;2],[15;130;5;127],2,[NaN;NaN;3;NaN]},{'A',[-15;-1;-75;-7],4,[1;1;5;1],3,0,[-8;-1;-40;-4],3,1},{'M',[32;-4;1;4],5,[1;1;1;1],0,[5;NaN;0;2],[-15;-1;-75;-7],4,[NaN;2;NaN;NaN]},{'M',[-15;-1;160;-7],5,[15;130;5;127],2,[NaN;NaN;5;NaN],[-15;-1;-75;-7],4,[0;0;NaN;0]},{'A',[47;-3;-159;-3],6,[32;-4;1;4],5,0,[15;1;-160;-7],5,0},{'M',[47;-3;-159;-224],7,[-15;-1;-75;-7],4,[NaN;NaN;NaN;5],[47;-3;-159;-3],6,[0;0;0;NaN]},{'M',[16;16;64;-3],7,[1;1;1;1],0,[4;4;6;NaN],[47;-3;-159;-3],6,[NaN;NaN;NaN;0]},{'A',[63;-19;-223;-221],8,[47;-3;-159;-224],7,0,[16;-16;-64;3],7,0},{'M',[15;-128;5;-48],7,[15;130;5;127],2,[0;NaN;0;NaN],[-15;-1;-75;-7],4,[NaN;7;NaN;NaN],[47;-3;-159;-3],6,[NaN;NaN;NaN;4]},{'M',[256;-1;20;-7],5,[1;1;1;1],0,[8;NaN;NaN;NaN],[15;130;5;127],2,[NaN;NaN;2;NaN],[-15;-1;-75;-7],4,[NaN;0;NaN;0]},{'A',[-241;-127;-15;-41],8,[15;-128;5;-48],7,0,[-256;1;-20;7],5,0},{'M',[-120;-19;-15;-221],9,[-15;-1;-75;-7],4,[3;NaN;NaN;NaN],[63;-19;-223;-221],8,[NaN;0;NaN;0],[-241;-127;-15;-41],8,[NaN;NaN;0;NaN]},{'M',[32;-76;-120;-3],9,[1;1;1;1],0,[5;NaN;NaN;NaN],[47;-3;-159;-3],6,[NaN;NaN;NaN;0],[63;-19;-223;-221],8,[NaN;2;NaN;NaN],[-241;-127;-15;-41],8,[NaN;NaN;3;NaN]},{'A',[-152;-95;105;-218],10,[-120;-19;-15;-221],9,0,[-32;-76;120;3],9,0},{'M',[8;-152;-150;-218],11,[1;1;1;1],0,[3;NaN;NaN;NaN],[-15;-1;-75;-7],4,[NaN;NaN;1;NaN],[63;-19;-223;-221],8,[NaN;3;NaN;NaN],[-152;-95;105;-218],10,[NaN;NaN;NaN;0]},{'M',[126;-3;40;-96],9,[15;130;5;127],2,[NaN;NaN;3;NaN],[47;-3;-159;-3],6,[NaN;0;NaN;5],[63;-19;-223;-221],8,[1;NaN;NaN;NaN]},{'A',[-118;-155;-110;-122],12,[8;-152;-150;-218],11,0,[-126;-3;40;96],9,0},{'M',[-120;-76;-220;-221],13,[-15;-1;-75;-7],4,[3;NaN;NaN;NaN],[63;-19;-223;-221],8,[NaN;2;NaN;0],[-118;-155;-110;-122],12,[NaN;NaN;1;NaN]},{'O',[120;76;220;221],13,[120;76;220;221],13,0},{'M',[-241;-155;-159;-122],13,[47;-3;-159;-3],6,[NaN;NaN;0;NaN],[-241;-127;-15;-41],8,[0;NaN;NaN;NaN],[-118;-155;-110;-122],12,[NaN;0;NaN;0]},{'O',[241;155;159;122],13,[241;155;159;122],13,0},{'M',[-118;-127;-150;-41],13,[-15;-1;-75;-7],4,[NaN;NaN;1;NaN],[-241;-127;-15;-41],8,[NaN;0;NaN;0],[-118;-155;-110;-122],12,[0;NaN;NaN;NaN]},{'O',[118;127;150;41],13,[118;127;150;41],13,0},{'M',[-152;-95;-223;-218],11,[63;-19;-223;-221],8,[NaN;NaN;0;NaN],[-152;-95;105;-218],10,[0;0;NaN;0]},{'O',[152;95;223;218],11,[152;95;223;218],11,0},{'M',[47;130;210;254],11,[15;130;5;127],2,[NaN;0;NaN;1],[47;-3;-159;-3],6,[0;NaN;NaN;NaN],[-152;-95;105;-218],10,[NaN;NaN;1;NaN]},{'O',[47;130;210;254],11,[47;130;210;254],11,0}}
Adder graph: {{'M',[1;32;16;1],1,[1;1;1;1],0,[0;5;4;0]},{'M',[8;1;1;2],1,[1;1;1;1],0,[3;0;0;1]},{'A',[-15;30;14;-3],2,[1;32;16;1],1,0,[-8;-1;-1;-2],1,1},{'M',[32;1;224;16],3,[1;1;1;1],0,[5;0;NaN;4],[-15;30;14;-3],2,[NaN;NaN;4;NaN]},{'M',[-15;64;14;-6],3,[1;1;1;1],0,[NaN;6;NaN;NaN],[-15;30;14;-3],2,[0;NaN;0;1]},{'A',[47;65;210;10],4,[32;1;224;16],3,0,[15;64;-14;-6],3,0},{'M',[32;60;56;-3],3,[1;1;1;1],0,[5;NaN;NaN;NaN],[-15;30;14;-3],2,[NaN;1;2;0]},{'M',[-15;2;14;8],3,[1;1;1;1],0,[NaN;1;NaN;3],[-15;30;14;-3],2,[0;NaN;0;NaN]},{'A',[152;76;168;61],4,[32;60;56;-3],3,0,[15;2;14;8],3,3},{'M',[304;4;224;61],5,[1;1;1;1],0,[NaN;2;NaN;NaN],[-15;30;14;-3],2,[NaN;NaN;4;NaN],[152;76;168;61],4,[1;NaN;NaN;0]},{'M',[-60;1;1;160],5,[1;1;1;1],0,[NaN;0;0;NaN],[-15;30;14;-3],2,[2;NaN;NaN;NaN],[47;65;210;10],4,[NaN;NaN;NaN;4]},{'A',[364;5;223;221],6,[304;4;224;61],5,0,[60;1;-1;160],5,0},{'M',[728;65;892;10],7,[47;65;210;10],4,[NaN;0;NaN;0],[364;5;223;221],6,[1;NaN;2;NaN]},{'M',[608;30;672;244],5,[-15;30;14;-3],2,[NaN;0;NaN;NaN],[152;76;168;61],4,[2;NaN;2;2]},{'A',[120;95;220;254],8,[728;65;892;10],7,0,[-608;30;-672;244],5,0},{'M',[256;60;223;221],7,[1;1;1;1],0,[8;NaN;NaN;NaN],[-15;30;14;-3],2,[NaN;1;NaN;NaN],[364;5;223;221],6,[NaN;NaN;0;0]},{'M',[-15;95;64;-3],9,[1;1;1;1],0,[NaN;NaN;6;NaN],[-15;30;14;-3],2,[0;NaN;NaN;0],[120;95;220;254],8,[NaN;0;NaN;NaN]},{'A',[241;155;159;218],10,[256;60;223;221],7,0,[-15;95;-64;-3],9,0},{'M',[241;64;159;20],11,[1;1;1;1],0,[NaN;6;NaN;NaN],[47;65;210;10],4,[NaN;NaN;NaN;1],[241;155;159;218],10,[0;NaN;0;NaN]},{'M',[364;1;168;1],7,[1;1;1;1],0,[NaN;0;NaN;0],[152;76;168;61],4,[NaN;NaN;0;NaN],[364;5;223;221],6,[0;NaN;NaN;NaN]},{'A',[118;127;150;41],12,[241;64;159;20],11,1,[-364;-1;-168;1],7,0},{'M',[120;76;220;221],9,[152;76;168;61],4,[NaN;0;NaN;NaN],[364;5;223;221],6,[NaN;NaN;NaN;0],[120;95;220;254],8,[0;NaN;0;NaN]},{'O',[120;76;220;221],9,[120;76;220;221],9,0},{'M',[241;155;159;122],11,[152;76;168;61],4,[NaN;NaN;NaN;1],[241;155;159;218],10,[0;0;0;NaN]},{'O',[241;155;159;122],11,[241;155;159;122],11,0},{'O',[118;127;150;41],12,[118;127;150;41],12,0},{'M',[152;95;223;218],11,[152;76;168;61],4,[0;NaN;NaN;NaN],[364;5;223;221],6,[NaN;NaN;0;NaN],[120;95;220;254],8,[NaN;0;NaN;NaN],[241;155;159;218],10,[NaN;NaN;NaN;0]},{'O',[152;95;223;218],11,[152;95;223;218],11,0},{'M',[47;130;210;254],9,[47;65;210;10],4,[0;1;0;NaN],[120;95;220;254],8,[NaN;NaN;NaN;0]},{'O',[47;130;210;254],9,[47;130;210;254],9,0}}
Adder graph: {{'M',[8;1;16;1],1,[1;1;1;1],0,[3;0;4;0]},{'M',[4;8;4;1],1,[1;1;1;1],0,[2;3;2;0]},{'A',[12;10;28;3],2,[8;1;16;1],1,1,[-4;8;-4;1],1,0},{'M',[4;1;1;2],1,[1;1;1;1],0,[2;0;0;1]},{'A',[-15;5;5;-7],2,[1;1;1;1],0,0,[-4;1;1;-2],1,2},{'M',[8;1;1;-56],3,[1;1;1;1],0,[3;0;0;NaN],[-15;5;5;-7],2,[NaN;NaN;NaN;3]},{'M',[-15;80;224;3],3,[12;10;28;3],2,[NaN;3;3;0],[-15;5;5;-7],2,[0;NaN;NaN;NaN]},{'A',[47;-76;-220;-221],4,[8;1;1;-56],3,2,[15;-80;-224;3],3,0},{'M',[12;64;80;24],3,[1;1;1;1],0,[NaN;6;NaN;NaN],[12;10;28;3],2,[0;NaN;NaN;3],[-15;5;5;-7],2,[NaN;NaN;4;NaN]},{'M',[94;1;1;-7],5,[1;1;1;1],0,[NaN;0;0;NaN],[-15;5;5;-7],2,[NaN;NaN;NaN;0],[47;-76;-220;-221],4,[1;NaN;NaN;NaN]},{'A',[118;127;159;41],6,[12;64;80;24],3,1,[94;-1;-1;-7],5,0},{'M',[12;127;159;-224],7,[12;10;28;3],2,[0;NaN;NaN;NaN],[-15;5;5;-7],2,[NaN;NaN;NaN;5],[118;127;159;41],6,[NaN;0;0;NaN]},{'M',[32;16;32;-221],5,[1;1;1;1],0,[5;4;5;NaN],[47;-76;-220;-221],4,[NaN;NaN;NaN;0]},{'A',[76;95;223;218],8,[12;127;159;-224],7,0,[32;-16;32;221],5,1},{'M',[128;80;5;32],3,[1;1;1;1],0,[7;NaN;NaN;5],[12;10;28;3],2,[NaN;3;NaN;NaN],[-15;5;5;-7],2,[NaN;NaN;0;NaN]},{'M',[-15;5;-220;3],5,[12;10;28;3],2,[NaN;NaN;NaN;0],[-15;5;5;-7],2,[0;0;NaN;NaN],[47;-76;-220;-221],4,[NaN;NaN;0;NaN]},{'A',[241;155;-210;61],6,[128;80;5;32],3,1,[-15;-5;-220;-3],5,0},{'M',[1;190;80;1],9,[1;1;1;1],0,[0;NaN;NaN;0],[-15;5;5;-7],2,[NaN;NaN;4;NaN],[76;95;223;218],8,[NaN;1;NaN;NaN]},{'M',[48;320;5;128],3,[1;1;1;1],0,[NaN;NaN;NaN;7],[12;10;28;3],2,[2;5;NaN;NaN],[-15;5;5;-7],2,[NaN;NaN;0;NaN]},{'A',[-47;-130;75;-127],10,[1;190;80;1],9,0,[-48;-320;-5;-128],3,0},{'M',[-120;-76;-220;-221],5,[-15;5;5;-7],2,[3;NaN;NaN;NaN],[47;-76;-220;-221],4,[NaN;0;0;0]},{'O',[120;76;220;221],5,[120;76;220;221],5,0},{'M',[241;155;159;122],7,[118;127;159;41],6,[NaN;NaN;0;NaN],[241;155;-210;61],6,[0;0;NaN;1]},{'O',[241;155;159;122],7,[241;155;159;122],7,0},{'M',[118;127;150;41],11,[118;127;159;41],6,[0;0;NaN;0],[-47;-130;75;-127],10,[NaN;NaN;1;NaN]},{'O',[118;127;150;41],11,[118;127;150;41],11,0},{'M',[152;95;223;218],9,[76;95;223;218],8,[1;0;0;0]},{'O',[152;95;223;218],9,[152;95;223;218],9,0},{'M',[-47;-130;-210;-254],11,[241;155;-210;61],6,[NaN;NaN;0;NaN],[-47;-130;75;-127],10,[0;0;NaN;1]},{'O',[47;130;210;254],11,[47;130;210;254],11,0}}
Adder graph: {{'M',[2;4;1;2],1,[1;1;1;1],0,[1;2;0;1]},{'M',[1;2;2;1],1,[1;1;1;1],0,[0;1;1;0]},{'A',[15;30;10;17],2,[2;4;1;2],1,3,[-1;-2;2;1],1,0},{'M',[60;128;10;16],3,[1;1;1;1],0,[NaN;7;NaN;4],[15;30;10;17],2,[2;NaN;0;NaN]},{'M',[2;1;4;4],1,[1;1;1;1],0,[1;0;2;2]},{'A',[58;129;14;20],4,[60;128;10;16],3,0,[-2;1;4;4],1,0},{'M',[64;64;160;1],3,[1;1;1;1],0,[6;6;NaN;0],[15;30;10;17],2,[NaN;NaN;4;NaN]},{'M',[15;129;10;128],5,[1;1;1;1],0,[NaN;NaN;NaN;7],[15;30;10;17],2,[0;NaN;0;NaN],[58;129;14;20],4,[NaN;0;NaN;NaN]},{'A',[79;-65;150;-127],6,[64;64;160;1],3,0,[15;-129;-10;-128],5,0},{'M',[116;30;224;40],5,[15;30;10;17],2,[NaN;0;NaN;NaN],[58;129;14;20],4,[1;NaN;4;1]},{'M',[2;-65;1;1],7,[1;1;1;1],0,[1;NaN;0;0],[79;-65;150;-127],6,[NaN;0;NaN;NaN]},{'A',[118;95;223;41],8,[116;30;224;40],5,0,[2;65;-1;1],7,0},{'M',[30;30;150;34],7,[15;30;10;17],2,[1;0;NaN;1],[79;-65;150;-127],6,[NaN;NaN;0;NaN]},{'M',[16;16;80;41],9,[1;1;1;1],0,[4;4;NaN;NaN],[15;30;10;17],2,[NaN;NaN;3;NaN],[118;95;223;41],8,[NaN;NaN;NaN;0]},{'A',[76;76;220;109],10,[30;30;150;34],7,1,[16;16;-80;41],9,0},{'M',[240;60;160;20],5,[15;30;10;17],2,[4;1;4;NaN],[58;129;14;20],4,[NaN;NaN;NaN;0]},{'M',[1;95;1;41],9,[1;1;1;1],0,[0;NaN;0;NaN],[118;95;223;41],8,[NaN;0;NaN;0]},{'A',[241;155;159;61],10,[240;60;160;20],5,0,[1;95;-1;41],9,0},{'M',[32;129;14;61],11,[1;1;1;1],0,[5;NaN;NaN;NaN],[58;129;14;20],4,[NaN;0;0;NaN],[241;155;159;61],10,[NaN;NaN;NaN;0]},{'M',[79;2;224;160],7,[1;1;1;1],0,[NaN;1;NaN;NaN],[58;129;14;20],4,[NaN;NaN;4;3],[79;-65;150;-127],6,[0;NaN;NaN;NaN]},{'A',[-47;127;-210;221],12,[32;129;14;61],11,0,[-79;-2;-224;160],7,0},{'M',[120;76;220;221],13,[15;30;10;17],2,[3;NaN;NaN;NaN],[76;76;220;109],10,[NaN;0;0;NaN],[-47;127;-210;221],12,[NaN;NaN;NaN;0]},{'O',[120;76;220;221],13,[120;76;220;221],13,0},{'M',[241;155;159;122],11,[241;155;159;61],10,[0;0;0;1]},{'O',[241;155;159;122],11,[241;155;159;122],11,0},{'M',[118;127;150;41],13,[79;-65;150;-127],6,[NaN;NaN;0;NaN],[118;95;223;41],8,[0;NaN;NaN;0],[-47;127;-210;221],12,[NaN;0;NaN;NaN]},{'O',[118;127;150;41],13,[118;127;150;41],13,0},{'M',[152;95;223;218],11,[118;95;223;41],8,[NaN;0;0;NaN],[76;76;220;109],10,[1;NaN;NaN;1]},{'O',[152;95;223;218],11,[152;95;223;218],11,0},{'M',[-47;-130;-210;-254],13,[79;-65;150;-127],6,[NaN;1;NaN;1],[-47;127;-210;221],12,[0;NaN;0;NaN]},{'O',[47;130;210;254],13,[47;130;210;254],13,0}}
Adder graph: {{'M',[1;4;16;4],1,[1;1;1;1],0,[0;2;4;2]},{'M',[16;1;1;1],1,[1;1;1;1],0,[4;0;0;0]},{'A',[-15;5;15;3],2,[1;4;16;4],1,0,[-16;1;-1;-1],1,0},{'M',[4;5;4;3],3,[1;1;1;1],0,[2;NaN;2;NaN],[-15;5;15;3],2,[NaN;0;NaN;0]},{'M',[2;4;1;2],1,[1;1;1;1],0,[1;2;0;1]},{'A',[-60;-123;-28;-61],4,[4;5;4;3],3,0,[-2;-4;-1;-2],1,5},{'M',[-120;1;1;-122],5,[1;1;1;1],0,[NaN;0;0;NaN],[-60;-123;-28;-61],4,[1;NaN;NaN;1]},{'M',[1;64;-112;48],5,[1;1;1;1],0,[0;6;NaN;NaN],[-15;5;15;3],2,[NaN;NaN;NaN;4],[-60;-123;-28;-61],4,[NaN;NaN;2;NaN]},{'A',[-118;-127;-223;-218],6,[-120;1;1;-122],5,0,[1;-64;-112;-48],5,1},{'M',[-240;-123;64;256],5,[1;1;1;1],0,[NaN;NaN;6;8],[-15;5;15;3],2,[4;NaN;NaN;NaN],[-60;-123;-28;-61],4,[NaN;0;NaN;NaN]},{'M',[1;32;-223;2],7,[1;1;1;1],0,[0;5;NaN;1],[-118;-127;-223;-218],6,[NaN;NaN;0;NaN]},{'A',[-241;-155;-159;254],8,[-240;-123;64;256],5,0,[-1;-32;-223;-2],7,0},{'M',[32;1;120;32],3,[1;1;1;1],0,[5;0;NaN;5],[-15;5;15;3],2,[NaN;NaN;3;NaN]},{'M',[-15;64;15;-61],5,[1;1;1;1],0,[NaN;6;NaN;NaN],[-15;5;15;3],2,[0;NaN;0;NaN],[-60;-123;-28;-61],4,[NaN;NaN;NaN;0]},{'A',[47;65;105;-29],6,[32;1;120;32],3,0,[15;64;-15;-61],5,0},{'M',[-120;-127;60;-29],7,[-15;5;15;3],2,[3;NaN;2;NaN],[-118;-127;-223;-218],6,[NaN;0;NaN;NaN],[47;65;105;-29],6,[NaN;NaN;NaN;0]},{'M',[16;16;105;6],7,[1;1;1;1],0,[4;4;NaN;NaN],[-15;5;15;3],2,[NaN;NaN;NaN;1],[47;65;105;-29],6,[NaN;NaN;0;NaN]},{'A',[-152;-95;-150;-41],8,[-120;-127;60;-29],7,0,[-16;16;-105;-6],7,1},{'M',[4;4;4;-29],7,[1;1;1;1],0,[2;2;2;NaN],[47;65;105;-29],6,[NaN;NaN;NaN;0]},{'M',[-30;10;-28;24],5,[-15;5;15;3],2,[1;1;NaN;3],[-60;-123;-28;-61],4,[NaN;NaN;0;NaN]},{'A',[244;-76;-220;-221],8,[4;4;4;-29],7,0,[30;-10;-28;-24],5,3},{'M',[-120;-76;-220;-221],9,[-60;-123;-28;-61],4,[1;NaN;NaN;NaN],[244;-76;-220;-221],8,[NaN;0;0;0]},{'O',[120;76;220;221],9,[120;76;220;221],9,0},{'M',[-241;-155;-159;-122],9,[-60;-123;-28;-61],4,[NaN;NaN;NaN;1],[-241;-155;-159;254],8,[0;0;0;NaN]},{'O',[241;155;159;122],9,[241;155;159;122],9,0},{'M',[-118;-127;-150;-41],9,[-118;-127;-223;-218],6,[0;0;NaN;NaN],[-152;-95;-150;-41],8,[NaN;NaN;0;0]},{'O',[118;127;150;41],9,[118;127;150;41],9,0},{'M',[-152;-95;-223;-218],9,[-118;-127;-223;-218],6,[NaN;NaN;0;0],[-152;-95;-150;-41],8,[0;0;NaN;NaN]},{'O',[152;95;223;218],9,[152;95;223;218],9,0},{'M',[47;130;210;254],9,[-241;-155;-159;254],8,[NaN;NaN;NaN;0],[47;65;105;-29],6,[0;1;1;NaN]},{'O',[47;130;210;254],9,[47;130;210;254],9,0}}
Adder graph: {{'M',[1;1;16;2],1,[1;1;1;1],0,[0;0;4;1]},{'M',[8;256;1;8],1,[1;1;1;1],0,[3;8;0;3]},{'A',[-15;513;14;-14],2,[1;1;16;2],1,0,[-8;256;-1;-8],1,1},{'M',[2;1;2;1],1,[1;1;1;1],0,[1;0;1;0]},{'M',[-60;64;56;-14],3,[1;1;1;1],0,[NaN;6;NaN;NaN],[-15;513;14;-14],2,[2;NaN;2;0]},{'A',[-118;-127;-110;-27],4,[2;1;2;1],1,0,[-60;-64;-56;-14],3,1},{'M',[32;32;1;-14],3,[1;1;1;1],0,[5;5;0;NaN],[-15;513;14;-14],2,[NaN;NaN;NaN;0]},{'M',[-118;-127;224;-27],5,[-15;513;14;-14],2,[NaN;NaN;4;NaN],[-118;-127;-110;-27],4,[0;0;NaN;0]},{'A',[-86;-95;-223;-41],6,[32;32;1;-14],3,0,[-118;-127;-224;-27],5,0},{'M',[-60;1;14;-27],5,[1;1;1;1],0,[NaN;0;NaN;NaN],[-15;513;14;-14],2,[2;NaN;0;NaN],[-118;-127;-110;-27],4,[NaN;NaN;NaN;0]},{'M',[8;32;32;-41],7,[1;1;1;1],0,[3;5;5;NaN],[-86;-95;-223;-41],6,[NaN;NaN;NaN;0]},{'A',[-76;65;-50;-109],8,[-60;1;14;-27],5,0,[-8;32;-32;-41],7,1},{'M',[8;-127;56;-27],5,[1;1;1;1],0,[3;NaN;NaN;NaN],[-15;513;14;-14],2,[NaN;NaN;2;NaN],[-118;-127;-110;-27],4,[NaN;0;NaN;0]},{'A',[47;5;210;-122],6,[8;-127;56;-27],5,2,[15;513;-14;-14],2,0},{'M',[-240;5;64;128],7,[1;1;1;1],0,[NaN;NaN;6;7],[-15;513;14;-14],2,[4;NaN;NaN;NaN],[47;5;210;-122],6,[NaN;0;NaN;NaN]},{'M',[1;160;-223;1],7,[1;1;1;1],0,[0;NaN;NaN;0],[-86;-95;-223;-41],6,[NaN;NaN;0;NaN],[47;5;210;-122],6,[NaN;5;NaN;NaN]},{'A',[-241;-155;-159;127],8,[-240;5;64;128],7,0,[-1;-160;-223;-1],7,0},{'M',[4;4;-50;-109],9,[1;1;1;1],0,[2;2;NaN;NaN],[-76;65;-50;-109],8,[NaN;NaN;0;0]},{'M',[-60;40;-50;-56],9,[-15;513;14;-14],2,[2;NaN;NaN;2],[-76;65;-50;-109],8,[NaN;NaN;0;NaN],[47;5;210;-122],6,[NaN;3;NaN;NaN]},{'A',[-116;-76;-150;-221],10,[4;4;-50;-109],9,0,[-60;-40;-50;-56],9,1},{'M',[-120;-76;-220;-221],11,[-15;513;14;-14],2,[3;NaN;NaN;NaN],[-118;-127;-110;-27],4,[NaN;NaN;1;NaN],[-116;-76;-150;-221],10,[NaN;0;NaN;0]},{'O',[120;76;220;221],11,[120;76;220;221],11,0},{'M',[-241;-155;-159;-122],9,[47;5;210;-122],6,[NaN;NaN;NaN;0],[-241;-155;-159;127],8,[0;0;0;NaN]},{'O',[241;155;159;122],9,[241;155;159;122],9,0},{'M',[-118;-127;-150;-41],11,[-118;-127;-110;-27],4,[0;0;NaN;NaN],[-86;-95;-223;-41],6,[NaN;NaN;NaN;0],[-116;-76;-150;-221],10,[NaN;NaN;0;NaN]},{'O',[118;127;150;41],11,[118;127;150;41],11,0},{'M',[-152;-95;-223;-218],9,[-86;-95;-223;-41],6,[NaN;0;0;NaN],[-76;65;-50;-109],8,[1;NaN;NaN;1]},{'O',[152;95;223;218],9,[152;95;223;218],9,0},{'M',[47;130;210;254],9,[-76;65;-50;-109],8,[NaN;1;NaN;NaN],[47;5;210;-122],6,[0;NaN;0;NaN],[-241;-155;-159;127],8,[NaN;NaN;NaN;1]},{'O',[47;130;210;254],9,[47;130;210;254],9,0}}
Adder graph: {{'M',[16;1;2;8],1,[1;1;1;1],0,[4;0;1;3]},{'A',[-31;-1;5;-15],2,[1;1;1;1],0,0,[-16;-1;2;-8],1,1},{'M',[16;128;1;-120],3,[1;1;1;1],0,[4;7;0;NaN],[-31;-1;5;-15],2,[NaN;NaN;NaN;3]},{'M',[-31;2;160;2],3,[1;1;1;1],0,[NaN;1;NaN;1],[-31;-1;5;-15],2,[0;NaN;5;NaN]},{'A',[47;130;-159;-122],4,[16;128;1;-120],3,0,[31;2;-160;-2],3,0},{'M',[1;1;-318;-15],5,[1;1;1;1],0,[0;0;NaN;NaN],[-31;-1;5;-15],2,[NaN;NaN;NaN;0],[47;130;-159;-122],4,[NaN;NaN;1;NaN]},{'M',[-62;-2;1;1],3,[1;1;1;1],0,[NaN;NaN;0;0],[-31;-1;5;-15],2,[1;1;NaN;NaN]},{'A',[-123;-3;-320;-13],6,[1;1;-318;-15],5,0,[-62;-2;-1;1],3,1},{'M',[-123;-12;5;256],7,[1;1;1;1],0,[NaN;NaN;NaN;8],[-31;-1;5;-15],2,[NaN;NaN;0;NaN],[-123;-3;-320;-13],6,[0;2;NaN;NaN]},{'M',[32;32;40;1],3,[1;1;1;1],0,[5;5;NaN;0],[-31;-1;5;-15],2,[NaN;NaN;3;NaN]},{'A',[-59;-76;-75;254],8,[-123;-12;5;256],7,0,[32;-32;-40;-1],3,1},{'M',[94;-96;-159;-244],7,[47;130;-159;-122],4,[1;NaN;0;1],[-123;-3;-320;-13],6,[NaN;5;NaN;NaN]},{'M',[-246;-1;64;-26],7,[1;1;1;1],0,[NaN;NaN;6;NaN],[-31;-1;5;-15],2,[NaN;0;NaN;NaN],[-123;-3;-320;-13],6,[1;NaN;NaN;1]},{'A',[-152;-95;-223;-218],8,[94;-96;-159;-244],7,0,[-246;1;-64;26],7,0},{'M',[1;1;20;-26],7,[1;1;1;1],0,[0;0;NaN;NaN],[-31;-1;5;-15],2,[NaN;NaN;2;NaN],[-123;-3;-320;-13],6,[NaN;NaN;NaN;1]},{'M',[-31;128;-75;-15],9,[1;1;1;1],0,[NaN;7;NaN;NaN],[-31;-1;5;-15],2,[0;NaN;NaN;0],[-59;-76;-75;254],8,[NaN;NaN;0;NaN]},{'A',[-30;-127;-55;-41],10,[1;1;20;-26],7,0,[-31;-128;-75;-15],9,0},{'M',[-59;-76;-55;-104],11,[-123;-3;-320;-13],6,[NaN;NaN;NaN;3],[-59;-76;-75;254],8,[0;0;NaN;NaN],[-30;-127;-55;-41],10,[NaN;NaN;0;NaN]},{'A',[-241;-155;210;-221],12,[-59;-76;-55;-104],11,1,[-123;-3;320;-13],6,0},{'M',[-120;-76;-220;-221],13,[-59;-76;-75;254],8,[NaN;0;NaN;NaN],[-30;-127;-55;-41],10,[2;NaN;2;NaN],[-241;-155;210;-221],12,[NaN;NaN;NaN;0]},{'O',[120;76;220;221],13,[120;76;220;221],13,0},{'M',[-241;-155;-159;-122],13,[47;130;-159;-122],4,[NaN;NaN;0;0],[-241;-155;210;-221],12,[0;0;NaN;NaN]},{'O',[241;155;159;122],13,[241;155;159;122],13,0},{'M',[-118;-127;-150;-41],11,[-59;-76;-75;254],8,[1;NaN;1;NaN],[-30;-127;-55;-41],10,[NaN;0;NaN;0]},{'O',[118;127;150;41],11,[118;127;150;41],11,0},{'O',[152;95;223;218],8,[152;95;223;218],8,0},{'M',[47;130;210;254],13,[47;130;-159;-122],4,[0;0;NaN;NaN],[-59;-76;-75;254],8,[NaN;NaN;NaN;0],[-241;-155;210;-221],12,[NaN;NaN;0;NaN]},{'O',[47;130;210;254],13,[47;130;210;254],13,0}}
Adder graph: {{'M',[2;2;1;2],1,[1;1;1;1],0,[1;1;0;1]},{'M',[1;4;4;1],1,[1;1;1;1],0,[0;2;2;0]},{'A',[10;-30;33;10],2,[2;2;1;2],1,0,[1;-4;4;1],1,3},{'M',[2;16;2;10],3,[1;1;1;1],0,[1;4;1;NaN],[10;-30;33;10],2,[NaN;NaN;NaN;0]},{'A',[7;65;9;41],4,[2;16;2;10],3,2,[-1;1;1;1],0,0},{'M',[2;1;16;20],3,[1;1;1;1],0,[1;0;4;NaN],[10;-30;33;10],2,[NaN;NaN;NaN;1]},{'M',[14;-30;18;10],5,[10;-30;33;10],2,[NaN;0;NaN;0],[7;65;9;41],4,[1;NaN;1;NaN]},{'A',[30;38;110;170],6,[2;1;16;20],3,3,[14;30;-18;10],5,0},{'M',[7;128;18;41],5,[1;1;1;1],0,[NaN;7;NaN;NaN],[7;65;9;41],4,[0;NaN;1;0]},{'M',[40;38;132;20],7,[10;-30;33;10],2,[2;NaN;2;1],[30;38;110;170],6,[NaN;0;NaN;NaN]},{'A',[47;90;150;61],8,[7;128;18;41],5,0,[40;-38;132;20],7,0},{'M',[1;65;9;61],9,[1;1;1;1],0,[0;NaN;NaN;NaN],[7;65;9;41],4,[NaN;0;0;NaN],[47;90;150;61],8,[NaN;NaN;NaN;0]},{'M',[240;90;150;170],9,[30;38;110;170],6,[3;NaN;NaN;0],[47;90;150;61],8,[NaN;0;0;NaN]},{'A',[241;155;159;-109],10,[1;65;9;61],9,0,[240;90;150;-170],9,0},{'M',[16;16;9;16],5,[1;1;1;1],0,[4;4;NaN;4],[7;65;9;41],4,[NaN;NaN;0;NaN]},{'M',[10;1;33;1],3,[1;1;1;1],0,[NaN;0;NaN;0],[10;-30;33;10],2,[0;NaN;0;NaN]},{'A',[118;127;105;127],6,[16;16;9;16],5,3,[-10;-1;33;-1],3,0},{'M',[8;-30;33;61],9,[1;1;1;1],0,[3;NaN;NaN;NaN],[10;-30;33;10],2,[NaN;0;0;NaN],[47;90;150;61],8,[NaN;NaN;NaN;0]},{'M',[160;65;256;160],5,[1;1;1;1],0,[NaN;NaN;8;NaN],[10;-30;33;10],2,[4;NaN;NaN;4],[7;65;9;41],4,[NaN;0;NaN;NaN]},{'A',[-152;-95;-223;221],10,[8;-30;33;61],9,0,[-160;-65;-256;160],5,0},{'M',[120;76;220;221],11,[30;38;110;170],6,[2;1;1;NaN],[-152;-95;-223;221],10,[NaN;NaN;NaN;0]},{'O',[120;76;220;221],11,[120;76;220;221],11,0},{'M',[241;155;159;122],11,[47;90;150;61],8,[NaN;NaN;NaN;1],[241;155;159;-109],10,[0;0;0;NaN]},{'O',[241;155;159;122],11,[241;155;159;122],11,0},{'M',[118;127;150;41],9,[7;65;9;41],4,[NaN;NaN;NaN;0],[47;90;150;61],8,[NaN;NaN;0;NaN],[118;127;105;127],6,[0;0;NaN;NaN]},{'O',[118;127;150;41],9,[118;127;150;41],9,0},{'M',[-152;-95;-223;-218],11,[241;155;159;-109],10,[NaN;NaN;NaN;1],[-152;-95;-223;221],10,[0;0;0;NaN]},{'O',[152;95;223;218],11,[152;95;223;218],11,0},{'M',[47;130;210;254],9,[7;65;9;41],4,[NaN;1;NaN;NaN],[47;90;150;61],8,[0;NaN;NaN;NaN],[118;127;105;127],6,[NaN;NaN;1;1]},{'O',[47;130;210;254],9,[47;130;210;254],9,0}}
Adder graph: {{'M',[2;2;1;4],1,[1;1;1;1],0,[1;1;0;2]},{'M',[1;1;4;1],1,[1;1;1;1],0,[0;0;2;0]},{'A',[63;65;28;127],2,[2;2;1;4],1,5,[-1;1;-4;-1],1,0},{'M',[1;1;112;16],3,[1;1;1;1],0,[0;0;NaN;4],[63;65;28;127],2,[NaN;NaN;2;NaN]},{'A',[-1;3;-223;33],4,[1;1;1;1],0,0,[-1;1;-112;16],3,1},{'M',[126;130;28;8],3,[1;1;1;1],0,[NaN;NaN;NaN;3],[63;65;28;127],2,[1;1;0;NaN]},{'M',[8;3;8;33],5,[1;1;1;1],0,[3;NaN;3;NaN],[-1;3;-223;33],4,[NaN;0;NaN;0]},{'A',[118;127;20;41],6,[126;130;28;8],3,0,[-8;-3;-8;33],5,0},{'M',[8;8;28;127],3,[1;1;1;1],0,[3;3;NaN;NaN],[63;65;28;127],2,[NaN;NaN;0;0]},{'M',[-1;3;1;33],5,[1;1;1;1],0,[NaN;NaN;0;NaN],[-1;3;-223;33],4,[0;0;NaN;0]},{'A',[15;19;55;221],6,[8;8;28;127],3,1,[-1;3;-1;-33],5,0},{'M',[15;1;320;221],7,[1;1;1;1],0,[NaN;0;NaN;NaN],[118;127;20;41],6,[NaN;NaN;4;NaN],[15;19;55;221],6,[0;NaN;NaN;0]},{'M',[-16;48;55;8],7,[1;1;1;1],0,[NaN;NaN;NaN;3],[-1;3;-223;33],4,[4;4;NaN;NaN],[15;19;55;221],6,[NaN;NaN;0;NaN]},{'A',[47;-95;210;237],8,[15;1;320;221],7,0,[16;-48;-55;8],7,1},{'M',[120;76;80;127],7,[63;65;28;127],2,[NaN;NaN;NaN;0],[118;127;20;41],6,[NaN;NaN;2;NaN],[15;19;55;221],6,[3;2;NaN;NaN]},{'M',[1;3;1;132],5,[1;1;1;1],0,[0;NaN;0;NaN],[-1;3;-223;33],4,[NaN;0;NaN;2]},{'A',[241;155;159;122],8,[120;76;80;127],7,1,[1;3;-1;-132],5,0},{'M',[-16;19;55;128],7,[1;1;1;1],0,[NaN;NaN;NaN;7],[-1;3;-223;33],4,[4;NaN;NaN;NaN],[15;19;55;221],6,[NaN;0;0;NaN]},{'M',[60;-95;20;237],9,[118;127;20;41],6,[NaN;NaN;0;NaN],[15;19;55;221],6,[2;NaN;NaN;NaN],[47;-95;210;237],8,[NaN;0;NaN;0]},{'A',[-76;114;75;-109],10,[-16;19;55;128],7,0,[-60;95;20;-237],9,0},{'M',[120;76;220;221],7,[15;19;55;221],6,[3;2;2;0]},{'O',[120;76;220;221],7,[120;76;220;221],7,0},{'O',[241;155;159;122],8,[241;155;159;122],8,0},{'M',[118;127;150;41],11,[118;127;20;41],6,[0;0;NaN;0],[-76;114;75;-109],10,[NaN;NaN;1;NaN]},{'O',[118;127;150;41],11,[118;127;150;41],11,0},{'M',[-152;-95;-223;-218],11,[-1;3;-223;33],4,[NaN;NaN;0;NaN],[47;-95;210;237],8,[NaN;0;NaN;NaN],[-76;114;75;-109],10,[1;NaN;NaN;1]},{'O',[152;95;223;218],11,[152;95;223;218],11,0},{'M',[47;130;210;254],9,[63;65;28;127],2,[NaN;1;NaN;1],[47;-95;210;237],8,[0;NaN;0;NaN]},{'O',[47;130;210;254],9,[47;130;210;254],9,0}}
Adder graph: {{'M',[2;1;1;16],1,[1;1;1;1],0,[1;0;0;4]},{'M',[1;2;1;1],1,[1;1;1;1],0,[0;1;0;0]},{'A',[17;10;7;127],2,[2;1;1;16],1,3,[1;2;-1;-1],1,0},{'M',[32;1;112;4],3,[1;1;1;1],0,[5;0;NaN;2],[17;10;7;127],2,[NaN;NaN;4;NaN]},{'M',[17;128;1;1],3,[1;1;1;1],0,[NaN;7;0;0],[17;10;7;127],2,[0;NaN;NaN;NaN]},{'A',[47;130;223;7],4,[32;1;112;4],3,1,[-17;128;-1;-1],3,0},{'M',[17;10;1;1],3,[1;1;1;1],0,[NaN;NaN;0;0],[17;10;7;127],2,[0;0;NaN;NaN]},{'M',[34;20;1;1],3,[1;1;1;1],0,[NaN;NaN;0;0],[17;10;7;127],2,[1;1;NaN;NaN]},{'A',[34;60;5;3],4,[17;10;1;1],3,2,[-34;20;1;-1],3,0},{'M',[32;10;28;32],3,[1;1;1;1],0,[5;NaN;NaN;5],[17;10;7;127],2,[NaN;0;2;NaN]},{'M',[34;1;1;3],5,[1;1;1;1],0,[NaN;0;0;NaN],[34;60;5;3],4,[0;NaN;NaN;0]},{'A',[30;19;55;61],6,[32;10;28;32],3,1,[-34;-1;-1;-3],5,0},{'M',[30;19;55;56],7,[47;130;223;7],4,[NaN;NaN;NaN;3],[30;19;55;61],6,[0;0;0;NaN]},{'M',[32;19;10;6],7,[1;1;1;1],0,[5;NaN;NaN;NaN],[34;60;5;3],4,[NaN;NaN;1;1],[30;19;55;61],6,[NaN;0;NaN;NaN]},{'A',[152;95;210;218],8,[30;19;55;56],7,2,[32;19;-10;-6],7,0},{'M',[152;95;80;48],9,[34;60;5;3],4,[NaN;NaN;4;4],[152;95;210;218],8,[0;0;NaN;NaN]},{'M',[34;32;5;7],5,[1;1;1;1],0,[NaN;5;NaN;NaN],[47;130;223;7],4,[NaN;NaN;NaN;0],[34;60;5;3],4,[0;NaN;0;NaN]},{'A',[118;127;75;41],10,[152;95;80;48],9,0,[-34;32;-5;-7],5,0},{'M',[240;60;160;3],7,[34;60;5;3],4,[NaN;0;5;0],[30;19;55;61],6,[3;NaN;NaN;NaN]},{'M',[1;95;1;218],9,[1;1;1;1],0,[0;NaN;0;NaN],[152;95;210;218],8,[NaN;0;NaN;0]},{'A',[241;155;159;221],10,[240;60;160;3],7,0,[1;95;-1;218],9,0},{'M',[120;76;220;221],11,[30;19;55;61],6,[2;2;2;NaN],[241;155;159;221],10,[NaN;NaN;NaN;0]},{'O',[120;76;220;221],11,[120;76;220;221],11,0},{'M',[241;155;159;122],11,[30;19;55;61],6,[NaN;NaN;NaN;1],[241;155;159;221],10,[0;0;0;NaN]},{'O',[241;155;159;122],11,[241;155;159;122],11,0},{'M',[118;127;150;41],11,[118;127;75;41],10,[0;0;1;0]},{'O',[118;127;150;41],11,[118;127;150;41],11,0},{'M',[152;95;223;218],9,[47;130;223;7],4,[NaN;NaN;0;NaN],[152;95;210;218],8,[0;0;NaN;0]},{'O',[152;95;223;218],9,[152;95;223;218],9,0},{'M',[47;130;210;254],9,[17;10;7;127],2,[NaN;NaN;NaN;1],[47;130;223;7],4,[0;0;NaN;NaN],[152;95;210;218],8,[NaN;NaN;0;NaN]},{'O',[47;130;210;254],9,[47;130;210;254],9,0}}
Adder graph: {{'M',[1;16;1;8],1,[1;1;1;1],0,[0;4;0;3]},{'M',[4;1;4;1],1,[1;1;1;1],0,[2;0;2;0]},{'A',[-7;14;9;10],2,[1;16;1;8],1,0,[-4;-1;4;1],1,1},{'M',[1;16;1;1],1,[1;1;1;1],0,[0;4;0;0]},{'M',[8;8;8;10],3,[1;1;1;1],0,[3;3;3;NaN],[-7;14;9;10],2,[NaN;NaN;NaN;0]},{'A',[33;48;33;41],4,[1;16;1;1],1,0,[8;8;8;10],3,2},{'M',[-7;14;128;10],3,[1;1;1;1],0,[NaN;NaN;7;NaN],[-7;14;9;10],2,[0;0;NaN;0]},{'M',[33;48;36;41],5,[-7;14;9;10],2,[NaN;NaN;2;NaN],[33;48;33;41],4,[0;0;NaN;0]},{'A',[-47;76;220;61],6,[-7;14;128;10],3,1,[-33;48;-36;41],5,0},{'M',[8;96;256;61],7,[1;1;1;1],0,[3;NaN;8;NaN],[33;48;33;41],4,[NaN;1;NaN;NaN],[-47;76;220;61],6,[NaN;NaN;NaN;0]},{'M',[-112;1;33;160],5,[1;1;1;1],0,[NaN;0;NaN;NaN],[-7;14;9;10],2,[4;NaN;NaN;4],[33;48;33;41],4,[NaN;NaN;0;NaN]},{'A',[120;95;223;221],8,[8;96;256;61],7,0,[112;-1;-33;160],5,0},{'M',[240;128;223;128],9,[1;1;1;1],0,[NaN;7;NaN;7],[120;95;223;221],8,[1;NaN;0;NaN]},{'M',[1;1;64;1],1,[1;1;1;1],0,[0;0;6;0]},{'A',[241;127;159;129],10,[240;128;223;128],9,0,[1;-1;-64;1],1,0},{'M',[-14;127;18;129],11,[-7;14;9;10],2,[1;NaN;1;NaN],[241;127;159;129],10,[NaN;0;NaN;0]},{'M',[33;48;33;64],5,[1;1;1;1],0,[NaN;NaN;NaN;6],[33;48;33;41],4,[0;0;0;NaN]},{'A',[118;-65;150;-127],12,[-14;127;18;129],11,0,[33;-48;33;-64],5,2},{'M',[-188;127;159;129],11,[-47;76;220;61],6,[2;NaN;NaN;NaN],[241;127;159;129],10,[NaN;0;0;0]},{'M',[132;14;132;10],5,[-7;14;9;10],2,[NaN;0;NaN;0],[33;48;33;41],4,[2;NaN;2;NaN]},{'A',[76;155;-105;109],12,[-188;127;159;129],11,0,[132;14;-132;-10],5,1},{'M',[120;76;220;221],9,[-47;76;220;61],6,[NaN;0;0;NaN],[120;95;223;221],8,[0;NaN;NaN;0]},{'O',[120;76;220;221],9,[120;76;220;221],9,0},{'M',[241;155;159;122],13,[-47;76;220;61],6,[NaN;NaN;NaN;1],[241;127;159;129],10,[0;NaN;0;NaN],[76;155;-105;109],12,[NaN;0;NaN;NaN]},{'O',[241;155;159;122],13,[241;155;159;122],13,0},{'M',[118;127;150;41],13,[33;48;33;41],4,[NaN;NaN;NaN;0],[241;127;159;129],10,[NaN;0;NaN;NaN],[118;-65;150;-127],12,[0;NaN;0;NaN]},{'O',[118;127;150;41],13,[118;127;150;41],13,0},{'M',[152;95;223;218],13,[120;95;223;221],8,[NaN;0;0;NaN],[76;155;-105;109],12,[1;NaN;NaN;1]},{'O',[152;95;223;218],13,[152;95;223;218],13,0},{'M',[-47;-130;-210;-254],13,[-47;76;220;61],6,[0;NaN;NaN;NaN],[118;-65;150;-127],12,[NaN;1;NaN;1],[76;155;-105;109],12,[NaN;NaN;1;NaN]},{'O',[47;130;210;254],13,[47;130;210;254],13,0}}
Adder graph: {{'M',[1;1;4;1],1,[1;1;1;1],0,[0;0;2;0]},{'M',[64;1;1;1],1,[1;1;1;1],0,[6;0;0;0]},{'A',[-60;3;15;5],2,[1;1;4;1],1,2,[-64;-1;-1;1],1,0},{'M',[8;8;15;5],3,[1;1;1;1],0,[3;3;NaN;NaN],[-60;3;15;5],2,[NaN;NaN;0;0]},{'M',[1;1;15;1],3,[1;1;1;1],0,[0;0;NaN;0],[-60;3;15;5],2,[NaN;NaN;0;NaN]},{'A',[63;65;105;41],4,[8;8;15;5],3,3,[-1;1;-15;1],3,0},{'M',[63;65;64;256],5,[1;1;1;1],0,[NaN;NaN;6;8],[63;65;105;41],4,[0;0;NaN;NaN]},{'M',[8;6;8;1],3,[1;1;1;1],0,[3;NaN;3;0],[-60;3;15;5],2,[NaN;1;NaN;NaN]},{'A',[47;77;80;254],6,[63;65;64;256],5,0,[-8;6;8;-1],3,1},{'M',[1;154;160;41],7,[1;1;1;1],0,[0;NaN;NaN;NaN],[63;65;105;41],4,[NaN;NaN;NaN;0],[47;77;80;254],6,[NaN;1;1;NaN]},{'M',[-240;1;1;20],3,[1;1;1;1],0,[NaN;0;0;NaN],[-60;3;15;5],2,[2;NaN;NaN;2]},{'A',[241;155;159;61],8,[1;154;160;41],7,0,[240;1;-1;20],3,0},{'M',[8;3;60;8],3,[1;1;1;1],0,[3;NaN;NaN;3],[-60;3;15;5],2,[NaN;0;2;NaN]},{'A',[118;127;150;90],5,[63;65;105;41],4,1,[-8;-3;-60;8],3,0},{'M',[-60;32;32;80],3,[1;1;1;1],0,[NaN;5;5;NaN],[-60;3;15;5],2,[0;NaN;NaN;4]},{'M',[-240;12;159;61],9,[-60;3;15;5],2,[2;2;NaN;NaN],[241;155;159;61],8,[NaN;NaN;0;0]},{'A',[120;76;223;221],10,[-60;32;32;80],3,1,[240;12;159;61],9,0},{'M',[120;127;160;90],11,[47;77;80;254],6,[NaN;NaN;1;NaN],[118;127;150;90],5,[NaN;0;NaN;0],[120;76;223;221],10,[0;NaN;NaN;NaN]},{'M',[8;8;15;32],3,[1;1;1;1],0,[3;3;NaN;5],[-60;3;15;5],2,[NaN;NaN;0;NaN]},{'A',[152;95;220;218],12,[120;127;160;90],11,0,[8;-8;15;32],3,2},{'M',[120;76;220;221],13,[120;76;223;221],10,[0;0;NaN;0],[152;95;220;218],12,[NaN;NaN;0;NaN]},{'O',[120;76;220;221],13,[120;76;220;221],13,0},{'M',[241;155;159;122],9,[241;155;159;61],8,[0;0;0;1]},{'O',[241;155;159;122],9,[241;155;159;122],9,0},{'M',[118;127;150;41],6,[63;65;105;41],4,[NaN;NaN;NaN;0],[118;127;150;90],5,[0;0;0;NaN]},{'O',[118;127;150;41],6,[118;127;150;41],6,0},{'M',[152;95;223;218],13,[120;76;223;221],10,[NaN;NaN;0;NaN],[152;95;220;218],12,[0;0;NaN;0]},{'O',[152;95;223;218],13,[152;95;223;218],13,0},{'M',[47;130;210;254],7,[63;65;105;41],4,[NaN;1;1;NaN],[47;77;80;254],6,[0;NaN;NaN;0]},{'O',[47;130;210;254],7,[47;130;210;254],7,0}}
Adder graph: {{'M',[1;1;2;1],1,[1;1;1;1],0,[0;0;1;0]},{'A',[5;5;7;3],2,[1;1;2;1],1,2,[1;1;-1;-1],0,0},{'M',[5;1;1;3],3,[1;1;1;1],0,[NaN;0;0;NaN],[5;5;7;3],2,[0;NaN;NaN;0]},{'M',[5;5;14;6],3,[5;5;7;3],2,[0;0;1;1]},{'A',[-30;-38;-110;-42],4,[5;1;1;3],3,1,[-5;-5;-14;-6],3,3},{'M',[16;5;7;16],3,[1;1;1;1],0,[4;NaN;NaN;4],[5;5;7;3],2,[NaN;0;0;NaN]},{'A',[-59;-15;-21;-61],4,[5;5;7;3],2,0,[-16;-5;-7;-16],3,2},{'M',[-30;128;224;-42],5,[1;1;1;1],0,[NaN;7;NaN;NaN],[5;5;7;3],2,[NaN;NaN;5;NaN],[-30;-38;-110;-42],4,[0;NaN;NaN;0]},{'A',[-29;-127;-223;-41],6,[1;1;1;1],0,0,[-30;-128;-224;-42],5,0},{'M',[4;-15;-223;-61],7,[1;1;1;1],0,[2;NaN;NaN;NaN],[-59;-15;-21;-61],4,[NaN;0;NaN;0],[-29;-127;-223;-41],6,[NaN;NaN;0;NaN]},{'M',[5;5;4;3],3,[1;1;1;1],0,[NaN;NaN;2;NaN],[5;5;7;3],2,[0;0;NaN;0]},{'A',[-76;-95;-159;-109],8,[4;-15;-223;-61],7,0,[-5;-5;4;-3],3,4},{'M',[-118;-30;-159;-109],9,[-59;-15;-21;-61],4,[1;1;NaN;NaN],[-76;-95;-159;-109],8,[NaN;NaN;0;0]},{'M',[5;-95;-168;3],9,[5;5;7;3],2,[0;NaN;NaN;0],[-59;-15;-21;-61],4,[NaN;NaN;3;NaN],[-76;-95;-159;-109],8,[NaN;0;NaN;NaN]},{'A',[-241;-155;-150;-221],10,[-118;-30;-159;-109],9,1,[-5;-95;168;-3],9,0},{'M',[-76;-95;-168;-168],9,[-30;-38;-110;-42],4,[NaN;NaN;NaN;2],[-59;-15;-21;-61],4,[NaN;NaN;3;NaN],[-76;-95;-159;-109],8,[0;0;NaN;NaN]},{'M',[-29;-30;-42;-41],7,[-59;-15;-21;-61],4,[NaN;1;1;NaN],[-29;-127;-223;-41],6,[0;NaN;NaN;0]},{'A',[-47;-65;-210;-127],10,[-76;-95;-168;-168],9,0,[29;30;-42;41],7,0},{'M',[-120;-76;-220;-221],11,[-30;-38;-110;-42],4,[2;1;1;NaN],[-241;-155;-150;-221],10,[NaN;NaN;NaN;0]},{'O',[120;76;220;221],11,[120;76;220;221],11,0},{'M',[-241;-155;-159;-122],11,[-59;-15;-21;-61],4,[NaN;NaN;NaN;1],[-76;-95;-159;-109],8,[NaN;NaN;0;NaN],[-241;-155;-150;-221],10,[0;0;NaN;NaN]},{'O',[241;155;159;122],11,[241;155;159;122],11,0},{'M',[-118;-127;-150;-41],11,[-59;-15;-21;-61],4,[1;NaN;NaN;NaN],[-29;-127;-223;-41],6,[NaN;0;NaN;0],[-241;-155;-150;-221],10,[NaN;NaN;0;NaN]},{'O',[118;127;150;41],11,[118;127;150;41],11,0},{'M',[-152;-95;-223;-218],9,[-29;-127;-223;-41],6,[NaN;NaN;0;NaN],[-76;-95;-159;-109],8,[1;0;NaN;1]},{'O',[152;95;223;218],9,[152;95;223;218],9,0},{'M',[-47;-130;-210;-254],11,[-47;-65;-210;-127],10,[0;1;0;1]},{'O',[47;130;210;254],11,[47;130;210;254],11,0}}
Adder graph: {{'M',[1;1;2;8],1,[1;1;1;1],0,[0;0;1;3]},{'A',[3;3;7;33],2,[1;1;2;8],1,2,[-1;-1;-1;1],0,0},{'M',[3;6;14;8],3,[1;1;1;1],0,[NaN;NaN;NaN;3],[3;3;7;33],2,[0;1;1;NaN]},{'A',[47;95;223;127],4,[3;6;14;8],3,4,[-1;-1;-1;-1],0,0},{'M',[94;1;112;254],5,[1;1;1;1],0,[NaN;0;NaN;NaN],[3;3;7;33],2,[NaN;NaN;4;NaN],[47;95;223;127],4,[1;NaN;NaN;1]},{'M',[64;64;7;33],3,[1;1;1;1],0,[6;6;NaN;NaN],[3;3;7;33],2,[NaN;NaN;0;0]},{'A',[30;65;105;221],6,[94;1;112;254],5,0,[-64;64;-7;-33],3,0},{'M',[3;2;7;4],3,[1;1;1;1],0,[NaN;1;NaN;2],[3;3;7;33],2,[0;NaN;0;NaN]},{'M',[1;1;2;1],1,[1;1;1;1],0,[0;0;1;0]},{'A',[-58;-60;142;-56],4,[3;2;7;4],3,1,[-1;-1;2;-1],1,6},{'M',[6;6;142;-56],5,[3;3;7;33],2,[1;1;NaN;NaN],[-58;-60;142;-56],4,[NaN;NaN;0;0]},{'M',[64;64;64;221],7,[1;1;1;1],0,[6;6;6;NaN],[30;65;105;221],6,[NaN;NaN;NaN;0]},{'A',[76;76;220;109],8,[6;6;142;-56],5,1,[64;64;-64;221],7,0},{'M',[30;65;4;4],7,[1;1;1;1],0,[NaN;NaN;2;2],[30;65;105;221],6,[0;0;NaN;NaN]},{'M',[-58;3;142;33],5,[3;3;7;33],2,[NaN;0;NaN;0],[-58;-60;142;-56],4,[0;NaN;0;NaN]},{'A',[118;127;150;41],8,[30;65;4;4],7,1,[58;-3;142;33],5,0},{'M',[240;95;223;66],7,[3;3;7;33],2,[NaN;NaN;NaN;1],[47;95;223;127],4,[NaN;0;0;NaN],[30;65;105;221],6,[3;NaN;NaN;NaN]},{'M',[1;-60;64;-56],5,[1;1;1;1],0,[0;NaN;6;NaN],[-58;-60;142;-56],4,[NaN;0;NaN;0]},{'A',[241;155;159;122],8,[240;95;223;66],7,0,[1;60;-64;56],5,0},{'M',[120;76;220;221],9,[30;65;105;221],6,[2;NaN;NaN;0],[76;76;220;109],8,[NaN;0;0;NaN]},{'O',[120;76;220;221],9,[120;76;220;221],9,0},{'O',[241;155;159;122],8,[241;155;159;122],8,0},{'O',[118;127;150;41],8,[118;127;150;41],8,0},{'M',[152;95;223;218],9,[47;95;223;127],4,[NaN;0;0;NaN],[76;76;220;109],8,[1;NaN;NaN;1]},{'O',[152;95;223;218],9,[152;95;223;218],9,0},{'M',[47;130;210;254],7,[47;95;223;127],4,[0;NaN;NaN;1],[30;65;105;221],6,[NaN;1;1;NaN]},{'O',[47;130;210;254],7,[47;130;210;254],7,0}}
Adder graph: {{'M',[1;2;2;1],1,[1;1;1;1],0,[0;1;1;0]},{'A',[1;3;5;3],2,[1;2;2;1],1,1,[-1;-1;1;1],0,0},{'M',[2;2;2;1],1,[1;1;1;1],0,[1;1;1;0]},{'M',[1;3;2;3],3,[1;1;1;1],0,[NaN;NaN;1;NaN],[1;3;5;3],2,[0;0;NaN;0]},{'A',[15;19;14;5],4,[2;2;2;1],1,3,[-1;3;-2;-3],3,0},{'M',[32;3;160;128],3,[1;1;1;1],0,[NaN;NaN;NaN;7],[1;3;5;3],2,[5;0;5;NaN]},{'M',[120;152;1;6],5,[1;1;1;1],0,[NaN;NaN;0;NaN],[1;3;5;3],2,[NaN;NaN;NaN;1],[15;19;14;5],4,[3;3;NaN;NaN]},{'A',[152;155;159;122],6,[32;3;160;128],3,0,[120;152;-1;-6],5,0},{'M',[2;6;14;6],5,[1;3;5;3],2,[1;1;NaN;1],[15;19;14;5],4,[NaN;NaN;0;NaN]},{'M',[15;155;14;122],7,[15;19;14;5],4,[0;NaN;0;NaN],[152;155;159;122],6,[NaN;0;NaN;0]},{'A',[47;-59;210;218],8,[2;6;14;6],5,4,[15;-155;-14;122],7,0},{'M',[1;6;10;3],3,[1;3;5;3],2,[0;1;1;0]},{'A',[-46;65;220;221],9,[1;6;10;3],3,0,[-47;59;210;218],8,0},{'M',[15;8;14;8],5,[1;1;1;1],0,[NaN;3;NaN;3],[15;19;14;5],4,[0;NaN;0;NaN]},{'A',[241;127;223;127],6,[15;8;14;8],5,4,[1;-1;-1;-1],0,0},{'M',[15;12;20;5],5,[1;3;5;3],2,[NaN;2;2;NaN],[15;19;14;5],4,[0;NaN;NaN;0]},{'M',[2;1;10;1],3,[1;1;1;1],0,[NaN;0;NaN;0],[1;3;5;3],2,[1;NaN;1;NaN]},{'A',[118;95;150;41],6,[15;12;20;5],5,3,[-2;-1;-10;1],3,0},{'M',[120;76;220;221],10,[15;19;14;5],4,[3;2;NaN;NaN],[-46;65;220;221],9,[NaN;NaN;0;0]},{'O',[120;76;220;221],10,[120;76;220;221],10,0},{'M',[241;155;159;122],7,[152;155;159;122],6,[NaN;0;0;0],[241;127;223;127],6,[0;NaN;NaN;NaN]},{'O',[241;155;159;122],7,[241;155;159;122],7,0},{'M',[118;127;150;41],7,[241;127;223;127],6,[NaN;0;NaN;NaN],[118;95;150;41],6,[0;NaN;0;0]},{'O',[118;127;150;41],7,[118;127;150;41],7,0},{'M',[152;95;223;218],9,[152;155;159;122],6,[0;NaN;NaN;NaN],[47;-59;210;218],8,[NaN;NaN;NaN;0],[241;127;223;127],6,[NaN;NaN;0;NaN],[118;95;150;41],6,[NaN;0;NaN;NaN]},{'O',[152;95;223;218],9,[152;95;223;218],9,0},{'M',[47;130;210;254],10,[47;-59;210;218],8,[0;NaN;0;NaN],[-46;65;220;221],9,[NaN;1;NaN;NaN],[241;127;223;127],6,[NaN;NaN;NaN;1]},{'O',[47;130;210;254],10,[47;130;210;254],10,0}}
Adder graph: {{'M',[1;1;2;1],1,[1;1;1;1],0,[0;0;1;0]},{'A',[-1;-1;5;3],2,[1;1;1;1],0,0,[-1;-1;2;1],1,1},{'M',[4;4;1;1],1,[1;1;1;1],0,[2;2;0;0]},{'A',[15;15;3;5],2,[4;4;1;1],1,2,[-1;-1;-1;1],0,0},{'M',[30;16;20;5],3,[1;1;1;1],0,[NaN;4;NaN;NaN],[-1;-1;5;3],2,[NaN;NaN;2;NaN],[15;15;3;5],2,[1;NaN;NaN;0]},{'A',[241;127;159;41],4,[30;16;20;5],3,3,[1;-1;-1;1],0,0},{'M',[120;127;159;41],5,[15;15;3;5],2,[3;NaN;NaN;NaN],[241;127;159;41],4,[NaN;0;0;0]},{'M',[8;8;16;5],3,[1;1;1;1],0,[3;3;4;NaN],[15;15;3;5],2,[NaN;NaN;NaN;0]},{'A',[152;95;223;61],6,[120;127;159;41],5,0,[8;-8;16;5],3,2},{'M',[60;60;223;61],7,[15;15;3;5],2,[2;2;NaN;NaN],[152;95;223;61],6,[NaN;NaN;0;0]},{'M',[15;16;3;160],3,[1;1;1;1],0,[NaN;4;NaN;NaN],[15;15;3;5],2,[0;NaN;0;5]},{'A',[45;76;220;221],8,[60;60;223;61],7,0,[-15;16;-3;160],3,0},{'M',[15;15;20;12],3,[-1;-1;5;3],2,[NaN;NaN;2;2],[15;15;3;5],2,[0;0;NaN;NaN]},{'M',[-1;95;5;61],7,[-1;-1;5;3],2,[0;NaN;0;NaN],[152;95;223;61],6,[NaN;0;NaN;0]},{'A',[59;155;75;109],8,[15;15;20;12],3,2,[-1;95;-5;61],7,0},{'M',[-1;-1;5;1],3,[1;1;1;1],0,[NaN;NaN;NaN;0],[-1;-1;5;3],2,[0;0;0;NaN]},{'M',[45;-128;220;256],9,[1;1;1;1],0,[NaN;NaN;NaN;8],[-1;-1;5;3],2,[NaN;7;NaN;NaN],[45;76;220;221],8,[0;NaN;0;NaN]},{'A',[-47;-130;-210;-254],10,[-1;-1;5;1],3,1,[-45;-128;-220;-256],9,0},{'M',[120;76;220;221],9,[15;15;3;5],2,[3;NaN;NaN;NaN],[45;76;220;221],8,[NaN;0;0;0]},{'O',[120;76;220;221],9,[120;76;220;221],9,0},{'M',[241;155;159;122],9,[241;127;159;41],4,[0;NaN;0;NaN],[152;95;223;61],6,[NaN;NaN;NaN;1],[59;155;75;109],8,[NaN;0;NaN;NaN]},{'O',[241;155;159;122],9,[241;155;159;122],9,0},{'M',[118;127;150;41],9,[241;127;159;41],4,[NaN;0;NaN;0],[59;155;75;109],8,[1;NaN;1;NaN]},{'O',[118;127;150;41],9,[118;127;150;41],9,0},{'M',[152;95;223;218],9,[152;95;223;61],6,[0;0;0;NaN],[59;155;75;109],8,[NaN;NaN;NaN;1]},{'O',[152;95;223;218],9,[152;95;223;218],9,0},{'O',[47;130;210;254],10,[47;130;210;254],10,0}}
Adder graph: {{'A',[5;3;5;3],1,[1;1;1;1],0,2,[1;-1;1;-1],0,0},{'M',[4;4;5;4],2,[1;1;1;1],0,[2;2;NaN;2],[5;3;5;3],1,[NaN;NaN;0;NaN]},{'M',[10;1;10;1],2,[1;1;1;1],0,[NaN;0;NaN;0],[5;3;5;3],1,[1;NaN;1;NaN]},{'A',[118;127;150;127],3,[4;4;5;4],2,5,[-10;-1;-10;-1],2,0},{'M',[20;127;150;64],4,[1;1;1;1],0,[NaN;NaN;NaN;6],[5;3;5;3],1,[2;NaN;NaN;NaN],[118;127;150;127],3,[NaN;0;0;NaN]},{'M',[5;3;8;3],2,[1;1;1;1],0,[NaN;NaN;3;NaN],[5;3;5;3],1,[0;0;NaN;0]},{'A',[15;124;142;61],5,[20;127;150;64],4,0,[-5;-3;-8;-3],2,0},{'M',[10;6;142;6],6,[5;3;5;3],1,[1;1;NaN;1],[15;124;142;61],5,[NaN;NaN;0;NaN]},{'A',[42;38;110;38],7,[10;6;142;6],6,0,[1;1;-1;1],0,5},{'M',[15;6;10;6],6,[5;3;5;3],1,[NaN;1;1;1],[15;124;142;61],5,[0;NaN;NaN;NaN]},{'M',[1;1;1;122],6,[1;1;1;1],0,[0;0;0;NaN],[15;124;142;61],5,[NaN;NaN;NaN;1]},{'A',[241;95;159;218],7,[15;6;10;6],6,4,[1;-1;-1;122],6,0},{'M',[168;152;159;218],8,[42;38;110;38],7,[2;2;NaN;NaN],[241;95;159;218],7,[NaN;NaN;0;0]},{'M',[16;3;64;3],2,[1;1;1;1],0,[4;NaN;6;NaN],[5;3;5;3],1,[NaN;0;NaN;0]},{'A',[152;155;223;221],9,[168;152;159;218],8,0,[-16;3;64;3],2,0},{'M',[42;127;110;38],8,[118;127;150;127],3,[NaN;0;NaN;NaN],[42;38;110;38],7,[0;NaN;0;0]},{'A',[47;130;105;41],9,[42;127;110;38],8,0,[5;3;-5;3],1,0},{'M',[120;76;220;221],10,[15;124;142;61],5,[3;NaN;NaN;NaN],[42;38;110;38],7,[NaN;1;1;NaN],[152;155;223;221],9,[NaN;NaN;NaN;0]},{'O',[120;76;220;221],10,[120;76;220;221],10,0},{'M',[241;155;159;122],10,[15;124;142;61],5,[NaN;NaN;NaN;1],[241;95;159;218],7,[0;NaN;0;NaN],[152;155;223;221],9,[NaN;0;NaN;NaN]},{'O',[241;155;159;122],10,[241;155;159;122],10,0},{'M',[118;127;150;41],10,[118;127;150;127],3,[0;0;0;NaN],[47;130;105;41],9,[NaN;NaN;NaN;0]},{'O',[118;127;150;41],10,[118;127;150;41],10,0},{'M',[152;95;223;218],10,[241;95;159;218],7,[NaN;0;NaN;0],[152;155;223;221],9,[0;NaN;0;NaN]},{'O',[152;95;223;218],10,[152;95;223;218],10,0},{'M',[47;130;210;254],10,[118;127;150;127],3,[NaN;NaN;NaN;1],[47;130;105;41],9,[0;0;1;NaN]},{'O',[47;130;210;254],10,[47;130;210;254],10,0}}
Adder graph: {{'M',[1;4;1;8],1,[1;1;1;1],0,[0;2;0;3]},{'A',[15;65;15;127],2,[1;4;1;8],1,4,[-1;1;-1;-1],0,0},{'A',[5;5;5;3],1,[1;1;1;1],0,2,[1;1;1;-1],0,0},{'M',[4;4;5;4],2,[1;1;1;1],0,[2;2;NaN;2],[5;5;5;3],1,[NaN;NaN;0;NaN]},{'M',[10;1;1;6],2,[1;1;1;1],0,[NaN;0;0;NaN],[5;5;5;3],1,[1;NaN;NaN;1]},{'A',[118;127;159;122],3,[4;4;5;4],2,5,[-10;-1;-1;-6],2,0},{'M',[5;5;2;3],2,[1;1;1;1],0,[NaN;NaN;1;NaN],[5;5;5;3],1,[0;0;NaN;0]},{'M',[8;65;159;122],4,[1;1;1;1],0,[3;NaN;NaN;NaN],[15;65;15;127],2,[NaN;0;NaN;NaN],[118;127;159;122],3,[NaN;NaN;0;0]},{'A',[152;95;223;218],5,[5;5;2;3],2,5,[-8;-65;159;122],4,0},{'M',[2;5;5;2],2,[1;1;1;1],0,[1;NaN;NaN;1],[5;5;5;3],1,[NaN;0;0;NaN]},{'A',[37;75;75;35],3,[2;5;5;2],2,4,[5;-5;-5;3],1,0},{'M',[236;160;160;218],6,[5;5;5;3],1,[NaN;5;5;NaN],[118;127;159;122],3,[1;NaN;NaN;NaN],[152;95;223;218],5,[NaN;NaN;NaN;0]},{'M',[5;5;60;3],3,[15;65;15;127],2,[NaN;NaN;2;NaN],[5;5;5;3],1,[0;0;NaN;0]},{'A',[241;155;220;221],7,[236;160;160;218],6,0,[5;-5;60;3],3,0},{'M',[37;75;220;35],8,[37;75;75;35],3,[0;0;NaN;0],[241;155;220;221],7,[NaN;NaN;0;NaN]},{'M',[10;1;10;6],2,[1;1;1;1],0,[NaN;0;NaN;NaN],[5;5;5;3],1,[1;NaN;1;1]},{'A',[47;76;210;41],9,[37;75;220;35],8,0,[10;1;-10;6],2,0},{'M',[120;76;220;221],10,[15;65;15;127],2,[3;NaN;NaN;NaN],[241;155;220;221],7,[NaN;NaN;0;0],[47;76;210;41],9,[NaN;0;NaN;NaN]},{'O',[120;76;220;221],10,[120;76;220;221],10,0},{'M',[241;155;159;122],8,[118;127;159;122],3,[NaN;NaN;0;0],[241;155;220;221],7,[0;0;NaN;NaN]},{'O',[241;155;159;122],8,[241;155;159;122],8,0},{'M',[118;127;150;41],10,[118;127;159;122],3,[0;0;NaN;NaN],[37;75;75;35],3,[NaN;NaN;1;NaN],[47;76;210;41],9,[NaN;NaN;NaN;0]},{'O',[118;127;150;41],10,[118;127;150;41],10,0},{'O',[152;95;223;218],5,[152;95;223;218],5,0},{'M',[47;130;210;254],10,[15;65;15;127],2,[NaN;1;NaN;1],[47;76;210;41],9,[0;NaN;0;NaN]},{'O',[47;130;210;254],10,[47;130;210;254],10,0}}
Finished solving after 7226.57 seconds
Adder graph: {{'M',[1;4;1;8],1,[1;1;1;1],0,[0;2;0;3]},{'A',[15;65;15;127],2,[1;4;1;8],1,4,[-1;1;-1;-1],0,0},{'A',[5;5;5;3],1,[1;1;1;1],0,2,[1;1;1;-1],0,0},{'M',[4;4;5;4],2,[1;1;1;1],0,[2;2;NaN;2],[5;5;5;3],1,[NaN;NaN;0;NaN]},{'M',[10;1;1;6],2,[1;1;1;1],0,[NaN;0;0;NaN],[5;5;5;3],1,[1;NaN;NaN;1]},{'A',[118;127;159;122],3,[4;4;5;4],2,5,[-10;-1;-1;-6],2,0},{'M',[5;5;2;3],2,[1;1;1;1],0,[NaN;NaN;1;NaN],[5;5;5;3],1,[0;0;NaN;0]},{'M',[8;65;159;122],4,[1;1;1;1],0,[3;NaN;NaN;NaN],[15;65;15;127],2,[NaN;0;NaN;NaN],[118;127;159;122],3,[NaN;NaN;0;0]},{'A',[152;95;223;218],5,[5;5;2;3],2,5,[-8;-65;159;122],4,0},{'M',[2;5;5;2],2,[1;1;1;1],0,[1;NaN;NaN;1],[5;5;5;3],1,[NaN;0;0;NaN]},{'A',[37;75;75;35],3,[2;5;5;2],2,4,[5;-5;-5;3],1,0},{'M',[236;160;160;218],6,[5;5;5;3],1,[NaN;5;5;NaN],[118;127;159;122],3,[1;NaN;NaN;NaN],[152;95;223;218],5,[NaN;NaN;NaN;0]},{'M',[5;5;60;3],3,[15;65;15;127],2,[NaN;NaN;2;NaN],[5;5;5;3],1,[0;0;NaN;0]},{'A',[241;155;220;221],7,[236;160;160;218],6,0,[5;-5;60;3],3,0},{'M',[37;75;220;35],8,[37;75;75;35],3,[0;0;NaN;0],[241;155;220;221],7,[NaN;NaN;0;NaN]},{'M',[10;1;10;6],2,[1;1;1;1],0,[NaN;0;NaN;NaN],[5;5;5;3],1,[1;NaN;1;1]},{'A',[47;76;210;41],9,[37;75;220;35],8,0,[10;1;-10;6],2,0},{'M',[120;76;220;221],10,[15;65;15;127],2,[3;NaN;NaN;NaN],[241;155;220;221],7,[NaN;NaN;0;0],[47;76;210;41],9,[NaN;0;NaN;NaN]},{'O',[120;76;220;221],10,[120;76;220;221],10,0},{'M',[241;155;159;122],8,[118;127;159;122],3,[NaN;NaN;0;0],[241;155;220;221],7,[0;0;NaN;NaN]},{'O',[241;155;159;122],8,[241;155;159;122],8,0},{'M',[118;127;150;41],10,[118;127;159;122],3,[0;0;NaN;NaN],[37;75;75;35],3,[NaN;NaN;1;NaN],[47;76;210;41],9,[NaN;NaN;NaN;0]},{'O',[118;127;150;41],10,[118;127;150;41],10,0},{'O',[152;95;223;218],5,[152;95;223;218],5,0},{'M',[47;130;210;254],10,[15;65;15;127],2,[NaN;1;NaN;1],[47;76;210;41],9,[0;NaN;0;NaN]},{'O',[47;130;210;254],10,[47;130;210;254],10,0}}
# Add optimal = 1
# Mux optimal = 0
# FAs optimal = 0
