Adder graph: {{'M',[4;16;4;1],1,[1;1;1;1],0,[2;4;2;0]},{'M',[1;64;1;1],1,[1;1;1;1],0,[0;6;0;0]},{'A',[7;96;9;3],2,[4;16;4;1],1,1,[-1;64;1;1],1,0},{'M',[1;1;9;3],3,[1;1;1;1],0,[0;0;NaN;NaN],[7;96;9;3],2,[NaN;NaN;0;0]},{'M',[28;96;144;8],3,[1;1;1;1],0,[NaN;NaN;NaN;3],[7;96;9;3],2,[2;0;4;NaN]},{'A',[-27;97;153;-5],4,[1;1;9;3],3,0,[-28;96;144;-8],3,0},{'M',[56;96;153;24],5,[7;96;9;3],2,[3;0;NaN;3],[-27;97;153;-5],4,[NaN;NaN;0;NaN]},{'M',[-27;4;64;6],5,[1;1;1;1],0,[NaN;2;6;NaN],[7;96;9;3],2,[NaN;NaN;NaN;1],[-27;97;153;-5],4,[0;NaN;NaN;NaN]},{'A',[85;196;242;42],6,[56;96;153;24],5,1,[-27;4;-64;-6],5,0},{'M',[-27;4;18;84],7,[1;1;1;1],0,[NaN;2;NaN;NaN],[7;96;9;3],2,[NaN;NaN;1;NaN],[-27;97;153;-5],4,[0;NaN;NaN;NaN],[85;196;242;42],6,[NaN;NaN;NaN;1]},{'M',[170;1;8;3],7,[1;1;1;1],0,[NaN;0;3;NaN],[7;96;9;3],2,[NaN;NaN;NaN;0],[85;196;242;42],6,[1;NaN;NaN;NaN]},{'A',[143;5;26;81],8,[-27;4;18;84],7,0,[170;1;8;-3],7,0},{'M',[128;96;153;128],5,[1;1;1;1],0,[7;NaN;NaN;7],[7;96;9;3],2,[NaN;0;NaN;NaN],[-27;97;153;-5],4,[NaN;NaN;0;NaN]},{'M',[85;4;18;-10],7,[1;1;1;1],0,[NaN;2;NaN;NaN],[7;96;9;3],2,[NaN;NaN;1;NaN],[-27;97;153;-5],4,[NaN;NaN;NaN;1],[85;196;242;42],6,[0;NaN;NaN;NaN]},{'A',[213;100;171;118],8,[128;96;153;128],5,0,[85;4;18;-10],7,0},{'M',[213;97;9;168],9,[7;96;9;3],2,[NaN;NaN;0;NaN],[-27;97;153;-5],4,[NaN;0;NaN;NaN],[85;196;242;42],6,[NaN;NaN;NaN;2],[213;100;171;118],8,[0;NaN;NaN;NaN]},{'M',[32;20;104;-5],9,[1;1;1;1],0,[5;NaN;NaN;NaN],[-27;97;153;-5],4,[NaN;NaN;NaN;0],[143;5;26;81],8,[NaN;2;2;NaN]},{'A',[181;117;113;173],10,[213;97;9;168],9,0,[-32;20;104;5],9,0},{'M',[85;1;153;118],9,[1;1;1;1],0,[NaN;0;NaN;NaN],[-27;97;153;-5],4,[NaN;NaN;0;NaN],[85;196;242;42],6,[0;NaN;NaN;NaN],[213;100;171;118],8,[NaN;NaN;NaN;0]},{'O',[85;1;153;118],9,[85;1;153;118],9,0},{'M',[7;100;242;81],9,[7;96;9;3],2,[0;NaN;NaN;NaN],[85;196;242;42],6,[NaN;NaN;0;NaN],[143;5;26;81],8,[NaN;NaN;NaN;0],[213;100;171;118],8,[NaN;0;NaN;NaN]},{'O',[7;100;242;81],9,[7;100;242;81],9,0},{'M',[213;196;171;173],11,[85;196;242;42],6,[NaN;0;NaN;NaN],[213;100;171;118],8,[0;NaN;0;NaN],[181;117;113;173],10,[NaN;NaN;NaN;0]},{'O',[213;196;171;173],11,[213;196;171;173],11,0},{'M',[181;40;113;96],11,[7;96;9;3],2,[NaN;NaN;NaN;5],[143;5;26;81],8,[NaN;3;NaN;NaN],[181;117;113;173],10,[0;NaN;0;NaN]},{'O',[181;40;113;96],11,[181;40;113;96],11,0},{'M',[143;117;104;42],11,[85;196;242;42],6,[NaN;NaN;NaN;0],[143;5;26;81],8,[0;NaN;2;NaN],[181;117;113;173],10,[NaN;0;NaN;NaN]},{'O',[143;117;104;42],11,[143;117;104;42],11,0}}
Adder graph: {{'M',[16;1;1;1],1,[1;1;1;1],0,[4;0;0;0]},{'M',[1;8;8;4],1,[1;1;1;1],0,[0;3;3;2]},{'A',[17;9;9;-3],2,[16;1;1;1],1,0,[1;8;8;-4],1,0},{'M',[17;36;36;-6],3,[17;9;9;-3],2,[0;2;2;1]},{'A',[85;153;153;21],4,[17;9;9;-3],2,0,[17;36;36;6],3,2},{'M',[8;8;16;21],5,[1;1;1;1],0,[3;3;4;NaN],[85;153;153;21],4,[NaN;NaN;NaN;0]},{'M',[1;18;36;1],3,[1;1;1;1],0,[0;NaN;NaN;0],[17;9;9;-3],2,[NaN;1;2;NaN]},{'A',[7;-10;52;22],6,[8;8;16;21],5,0,[-1;-18;36;1],3,0},{'M',[85;18;153;176],7,[17;9;9;-3],2,[NaN;1;NaN;NaN],[85;153;153;21],4,[0;NaN;0;NaN],[7;-10;52;22],6,[NaN;NaN;NaN;3]},{'M',[128;32;32;-3],3,[1;1;1;1],0,[7;5;5;NaN],[17;9;9;-3],2,[NaN;NaN;NaN;0]},{'A',[213;50;121;173],8,[85;18;153;176],7,0,[128;32;-32;-3],3,0},{'M',[32;153;8;-3],5,[1;1;1;1],0,[5;NaN;3;NaN],[17;9;9;-3],2,[NaN;NaN;NaN;0],[85;153;153;21],4,[NaN;0;NaN;NaN]},{'M',[213;36;121;84],9,[17;9;9;-3],2,[NaN;2;NaN;NaN],[85;153;153;21],4,[NaN;NaN;NaN;2],[213;50;121;173],8,[0;NaN;0;NaN]},{'A',[-181;117;-113;81],10,[32;153;8;-3],5,0,[-213;-36;-121;84],9,0},{'M',[7;36;18;22],7,[17;9;9;-3],2,[NaN;2;1;NaN],[7;-10;52;22],6,[0;NaN;NaN;0]},{'M',[136;-160;153;-96],7,[17;9;9;-3],2,[3;NaN;NaN;5],[85;153;153;21],4,[NaN;NaN;0;NaN],[7;-10;52;22],6,[NaN;4;NaN;NaN]},{'A',[143;196;171;118],8,[7;36;18;22],7,0,[136;160;153;96],7,0},{'M',[85;1;153;118],9,[1;1;1;1],0,[NaN;0;NaN;NaN],[85;153;153;21],4,[0;NaN;0;NaN],[143;196;171;118],8,[NaN;NaN;NaN;0]},{'O',[85;1;153;118],9,[85;1;153;118],9,0},{'M',[7;100;242;81],11,[7;-10;52;22],6,[0;NaN;NaN;NaN],[213;50;121;173],8,[NaN;1;1;NaN],[-181;117;-113;81],10,[NaN;NaN;NaN;0]},{'O',[7;100;242;81],11,[7;100;242;81],11,0},{'M',[213;196;171;173],9,[213;50;121;173],8,[0;NaN;NaN;0],[143;196;171;118],8,[NaN;0;0;NaN]},{'O',[213;196;171;173],9,[213;196;171;173],9,0},{'M',[-181;-40;-113;-96],11,[17;9;9;-3],2,[NaN;NaN;NaN;5],[7;-10;52;22],6,[NaN;2;NaN;NaN],[-181;117;-113;81],10,[0;NaN;0;NaN]},{'O',[181;40;113;96],11,[181;40;113;96],11,0},{'M',[143;117;104;42],11,[85;153;153;21],4,[NaN;NaN;NaN;1],[7;-10;52;22],6,[NaN;NaN;1;NaN],[-181;117;-113;81],10,[NaN;0;NaN;NaN],[143;196;171;118],8,[0;NaN;NaN;NaN]},{'O',[143;117;104;42],11,[143;117;104;42],11,0}}
Adder graph: {{'M',[2;2;2;1],1,[1;1;1;1],0,[1;1;1;0]},{'M',[1;16;1;1],1,[1;1;1;1],0,[0;4;0;0]},{'A',[7;24;9;5],2,[2;2;2;1],1,2,[-1;16;1;1],1,0},{'M',[1;24;9;1],3,[1;1;1;1],0,[0;NaN;NaN;0],[7;24;9;5],2,[NaN;0;0;NaN]},{'M',[7;1;36;5],3,[1;1;1;1],0,[NaN;0;NaN;NaN],[7;24;9;5],2,[0;NaN;2;0]},{'A',[-27;20;153;21],4,[1;24;9;1],3,0,[-7;-1;36;5],3,2},{'M',[-27;2;153;2],5,[1;1;1;1],0,[NaN;1;NaN;1],[-27;20;153;21],4,[0;NaN;0;NaN]},{'M',[112;48;18;1],3,[1;1;1;1],0,[NaN;NaN;NaN;0],[7;24;9;5],2,[4;1;1;NaN]},{'A',[85;50;171;3],6,[-27;2;153;2],5,0,[112;48;18;1],3,0},{'M',[85;50;153;80],7,[7;24;9;5],2,[NaN;NaN;NaN;4],[-27;20;153;21],4,[NaN;NaN;0;NaN],[85;50;171;3],6,[0;0;NaN;NaN]},{'M',[128;1;32;1],1,[1;1;1;1],0,[7;0;5;0]},{'A',[213;49;121;81],8,[85;50;153;80],7,0,[128;-1;-32;1],1,0},{'M',[213;49;121;80],9,[7;24;9;5],2,[NaN;NaN;NaN;4],[213;49;121;81],8,[0;0;0;NaN]},{'M',[32;20;8;21],5,[1;1;1;1],0,[5;NaN;3;NaN],[-27;20;153;21],4,[NaN;0;NaN;0]},{'A',[181;69;113;59],10,[213;49;121;80],9,0,[-32;20;-8;-21],5,0},{'M',[-27;48;113;168],11,[7;24;9;5],2,[NaN;1;NaN;NaN],[-27;20;153;21],4,[0;NaN;NaN;3],[181;69;113;59],10,[NaN;NaN;0;NaN]},{'M',[170;69;9;5],11,[7;24;9;5],2,[NaN;NaN;0;0],[85;50;171;3],6,[1;NaN;NaN;NaN],[181;69;113;59],10,[NaN;0;NaN;NaN]},{'A',[143;117;104;173],12,[-27;48;113;168],11,0,[170;69;-9;5],11,0},{'M',[85;1;153;118],11,[1;1;1;1],0,[NaN;0;NaN;NaN],[-27;20;153;21],4,[NaN;NaN;0;NaN],[85;50;171;3],6,[0;NaN;NaN;NaN],[181;69;113;59],10,[NaN;NaN;NaN;1]},{'O',[85;1;153;118],11,[85;1;153;118],11,0},{'M',[7;100;242;81],9,[7;24;9;5],2,[0;NaN;NaN;NaN],[85;50;171;3],6,[NaN;1;NaN;NaN],[213;49;121;81],8,[NaN;NaN;1;0]},{'O',[7;100;242;81],9,[7;100;242;81],9,0},{'M',[213;196;171;173],13,[85;50;171;3],6,[NaN;NaN;0;NaN],[213;49;121;81],8,[0;2;NaN;NaN],[143;117;104;173],12,[NaN;NaN;NaN;0]},{'O',[213;196;171;173],13,[213;196;171;173],13,0},{'M',[181;40;113;96],11,[-27;20;153;21],4,[NaN;1;NaN;NaN],[85;50;171;3],6,[NaN;NaN;NaN;5],[181;69;113;59],10,[0;NaN;0;NaN]},{'O',[181;40;113;96],11,[181;40;113;96],11,0},{'M',[143;117;104;42],13,[-27;20;153;21],4,[NaN;NaN;NaN;1],[143;117;104;173],12,[0;0;0;NaN]},{'O',[143;117;104;42],13,[143;117;104;42],13,0}}
Adder graph: {{'M',[1;1;8;4],1,[1;1;1;1],0,[0;0;3;2]},{'M',[8;8;1;1],1,[1;1;1;1],0,[3;3;0;0]},{'A',[-7;-7;9;3],2,[1;1;8;4],1,0,[-8;-8;1;-1],1,0},{'M',[16;-7;36;2],3,[1;1;1;1],0,[4;NaN;NaN;1],[-7;-7;9;3],2,[NaN;0;2;NaN]},{'A',[71;-35;153;11],4,[16;-7;36;2],3,2,[7;-7;9;3],2,0},{'M',[71;2;2;11],5,[1;1;1;1],0,[NaN;1;1;NaN],[71;-35;153;11],4,[0;NaN;NaN;0]},{'M',[1;1;9;96],3,[1;1;1;1],0,[0;0;NaN;NaN],[-7;-7;9;3],2,[NaN;NaN;0;5]},{'A',[143;5;13;118],6,[71;2;2;11],5,1,[1;1;9;96],3,0},{'M',[71;5;64;64],7,[1;1;1;1],0,[NaN;NaN;6;6],[71;-35;153;11],4,[0;NaN;NaN;NaN],[143;5;13;118],6,[NaN;0;NaN;NaN]},{'M',[71;-56;153;11],5,[-7;-7;9;3],2,[NaN;3;NaN;NaN],[71;-35;153;11],4,[0;NaN;0;0]},{'A',[213;117;-242;42],8,[71;5;64;64],7,0,[71;56;-153;-11],5,1},{'M',[213;-140;9;3],9,[-7;-7;9;3],2,[NaN;NaN;0;0],[71;-35;153;11],4,[NaN;2;NaN;NaN],[213;117;-242;42],8,[0;NaN;NaN;NaN]},{'M',[16;20;52;42],9,[1;1;1;1],0,[4;NaN;NaN;NaN],[143;5;13;118],6,[NaN;2;2;NaN],[213;117;-242;42],8,[NaN;NaN;NaN;0]},{'A',[181;-100;113;-81],10,[213;-140;9;3],9,0,[-16;20;52;-42],9,1},{'M',[71;-28;153;176],5,[-7;-7;9;3],2,[NaN;2;NaN;NaN],[71;-35;153;11],4,[0;NaN;0;4]},{'M',[-14;-224;18;3],3,[-7;-7;9;3],2,[1;5;1;0]},{'A',[85;196;171;173],6,[71;-28;153;176],5,0,[14;224;18;-3],3,0},{'M',[85;1;153;118],7,[1;1;1;1],0,[NaN;0;NaN;NaN],[71;-35;153;11],4,[NaN;NaN;0;NaN],[143;5;13;118],6,[NaN;NaN;NaN;0],[85;196;171;173],6,[0;NaN;NaN;NaN]},{'O',[85;1;153;118],7,[85;1;153;118],7,0},{'M',[-7;-100;-242;-81],11,[-7;-7;9;3],2,[0;NaN;NaN;NaN],[213;117;-242;42],8,[NaN;NaN;0;NaN],[181;-100;113;-81],10,[NaN;0;NaN;0]},{'O',[7;100;242;81],11,[7;100;242;81],11,0},{'M',[213;196;171;173],9,[213;117;-242;42],8,[0;NaN;NaN;NaN],[85;196;171;173],6,[NaN;0;0;0]},{'O',[213;196;171;173],9,[213;196;171;173],9,0},{'M',[181;40;113;96],11,[-7;-7;9;3],2,[NaN;NaN;NaN;5],[143;5;13;118],6,[NaN;3;NaN;NaN],[181;-100;113;-81],10,[0;NaN;0;NaN]},{'O',[181;40;113;96],11,[181;40;113;96],11,0},{'M',[143;117;104;42],9,[143;5;13;118],6,[0;NaN;3;NaN],[213;117;-242;42],8,[NaN;0;NaN;0]},{'O',[143;117;104;42],9,[143;117;104;42],9,0}}
Adder graph: {{'M',[4;1;2;1],1,[1;1;1;1],0,[2;0;1;0]},{'A',[17;5;9;3],2,[4;1;2;1],1,2,[1;1;1;-1],0,0},{'M',[17;5;36;6],3,[17;5;9;3],2,[0;0;2;1]},{'M',[17;8;9;3],3,[1;1;1;1],0,[NaN;3;NaN;NaN],[17;5;9;3],2,[0;NaN;0;0]},{'A',[85;28;153;21],4,[17;5;36;6],3,2,[17;8;9;-3],3,0},{'M',[2;4;1;21],5,[1;1;1;1],0,[1;2;0;NaN],[85;28;153;21],4,[NaN;NaN;NaN;0]},{'M',[1;1;9;3],3,[1;1;1;1],0,[0;0;NaN;NaN],[17;5;9;3],2,[NaN;NaN;0;0]},{'A',[7;17;13;81],6,[2;4;1;21],5,2,[-1;1;9;-3],3,0},{'M',[64;64;153;21],5,[1;1;1;1],0,[6;6;NaN;NaN],[85;28;153;21],4,[NaN;NaN;0;0]},{'M',[85;28;64;21],5,[1;1;1;1],0,[NaN;NaN;6;NaN],[85;28;153;21],4,[0;0;NaN;0]},{'A',[213;100;242;63],6,[64;64;153;21],5,1,[85;-28;-64;21],5,0},{'M',[213;200;18;63],7,[17;5;9;3],2,[NaN;NaN;1;NaN],[213;100;242;63],6,[0;1;NaN;0]},{'M',[32;4;153;4],5,[1;1;1;1],0,[5;2;NaN;2],[85;28;153;21],4,[NaN;NaN;0;NaN]},{'A',[181;196;171;59],8,[213;200;18;63],7,0,[-32;-4;153;-4],5,0},{'M',[7;17;9;236],9,[17;5;9;3],2,[NaN;NaN;0;NaN],[7;17;13;81],6,[0;0;NaN;NaN],[181;196;171;59],8,[NaN;NaN;NaN;2]},{'M',[136;100;104;63],7,[17;5;9;3],2,[3;NaN;NaN;NaN],[7;17;13;81],6,[NaN;NaN;3;NaN],[213;100;242;63],6,[NaN;0;NaN;0]},{'A',[143;117;113;173],10,[7;17;9;236],9,0,[136;100;104;-63],7,0},{'M',[85;1;153;118],9,[1;1;1;1],0,[NaN;0;NaN;NaN],[85;28;153;21],4,[0;NaN;0;NaN],[181;196;171;59],8,[NaN;NaN;NaN;1]},{'O',[85;1;153;118],9,[85;1;153;118],9,0},{'M',[7;100;242;81],7,[7;17;13;81],6,[0;NaN;NaN;0],[213;100;242;63],6,[NaN;0;0;NaN]},{'O',[7;100;242;81],7,[7;100;242;81],7,0},{'M',[213;196;171;173],11,[213;100;242;63],6,[0;NaN;NaN;NaN],[181;196;171;59],8,[NaN;0;0;NaN],[143;117;113;173],10,[NaN;NaN;NaN;0]},{'O',[213;196;171;173],11,[213;196;171;173],11,0},{'M',[181;40;113;96],11,[17;5;9;3],2,[NaN;3;NaN;5],[181;196;171;59],8,[0;NaN;NaN;NaN],[143;117;113;173],10,[NaN;NaN;0;NaN]},{'O',[181;40;113;96],11,[181;40;113;96],11,0},{'M',[143;117;104;42],11,[85;28;153;21],4,[NaN;NaN;NaN;1],[7;17;13;81],6,[NaN;NaN;3;NaN],[143;117;113;173],10,[0;0;NaN;NaN]},{'O',[143;117;104;42],11,[143;117;104;42],11,0}}
Adder graph: {{'M',[4;1;4;1],1,[1;1;1;1],0,[2;0;2;0]},{'A',[7;3;9;3],2,[4;1;4;1],1,1,[-1;1;1;1],0,0},{'M',[64;64;144;1],3,[1;1;1;1],0,[6;6;NaN;0],[7;3;9;3],2,[NaN;NaN;4;NaN]},{'M',[7;6;9;6],3,[7;3;9;3],2,[0;1;0;1]},{'A',[71;58;153;-5],4,[64;64;144;1],3,0,[7;-6;9;-6],3,0},{'M',[71;58;153;32],5,[1;1;1;1],0,[NaN;NaN;NaN;5],[71;58;153;-5],4,[0;0;0;NaN]},{'M',[71;4;16;-5],5,[1;1;1;1],0,[NaN;2;4;NaN],[71;58;153;-5],4,[0;NaN;NaN;0]},{'A',[213;50;121;42],6,[71;58;153;32],5,0,[71;-4;-16;5],5,1},{'M',[213;50;121;84],7,[213;50;121;42],6,[0;0;0;1]},{'M',[32;48;8;3],3,[1;1;1;1],0,[5;NaN;3;NaN],[7;3;9;3],2,[NaN;4;NaN;0]},{'A',[181;98;113;81],8,[213;50;121;84],7,0,[-32;48;-8;-3],3,0},{'M',[1;1;18;168],7,[1;1;1;1],0,[0;0;NaN;NaN],[7;3;9;3],2,[NaN;NaN;1;NaN],[213;50;121;42],6,[NaN;NaN;NaN;2]},{'M',[142;116;153;-5],5,[71;58;153;-5],4,[1;1;0;0]},{'A',[143;117;171;173],8,[1;1;18;168],7,0,[142;116;153;5],5,0},{'M',[213;116;72;-10],7,[7;3;9;3],2,[NaN;NaN;3;NaN],[71;58;153;-5],4,[NaN;1;NaN;1],[213;50;121;42],6,[0;NaN;NaN;NaN]},{'M',[4;3;1;4],3,[1;1;1;1],0,[2;NaN;0;2],[7;3;9;3],2,[NaN;0;NaN;NaN]},{'A',[85;20;104;118],8,[213;116;72;-10],7,0,[-4;-3;1;4],3,5},{'M',[85;1;153;118],9,[1;1;1;1],0,[NaN;0;NaN;NaN],[71;58;153;-5],4,[NaN;NaN;0;NaN],[85;20;104;118],8,[0;NaN;NaN;0]},{'O',[85;1;153;118],9,[85;1;153;118],9,0},{'M',[7;100;242;81],9,[7;3;9;3],2,[0;NaN;NaN;NaN],[213;50;121;42],6,[NaN;1;1;NaN],[181;98;113;81],8,[NaN;NaN;NaN;0]},{'O',[7;100;242;81],9,[7;100;242;81],9,0},{'M',[213;196;171;173],9,[213;50;121;42],6,[0;NaN;NaN;NaN],[181;98;113;81],8,[NaN;1;NaN;NaN],[143;117;171;173],8,[NaN;NaN;0;0]},{'O',[213;196;171;173],9,[213;196;171;173],9,0},{'M',[181;40;113;96],9,[7;3;9;3],2,[NaN;NaN;NaN;5],[181;98;113;81],8,[0;NaN;0;NaN],[85;20;104;118],8,[NaN;1;NaN;NaN]},{'O',[181;40;113;96],9,[181;40;113;96],9,0},{'M',[143;117;104;42],9,[213;50;121;42],6,[NaN;NaN;NaN;0],[143;117;171;173],8,[0;0;NaN;NaN],[85;20;104;118],8,[NaN;NaN;0;NaN]},{'O',[143;117;104;42],9,[143;117;104;42],9,0}}
Adder graph: {{'M',[1;2;1;2],1,[1;1;1;1],0,[0;1;0;1]},{'M',[2;2;1;1],1,[1;1;1;1],0,[1;1;0;0]},{'A',[17;-14;9;-6],2,[1;2;1;2],1,0,[2;-2;1;-1],1,3},{'M',[17;-28;36;-12],3,[17;-14;9;-6],2,[0;1;2;1]},{'A',[85;98;153;42],4,[17;-14;9;-6],2,0,[17;28;36;12],3,2},{'M',[85;4;153;4],5,[1;1;1;1],0,[NaN;2;NaN;2],[85;98;153;42],4,[0;NaN;0;NaN]},{'M',[128;1;32;1],1,[1;1;1;1],0,[7;0;5;0]},{'A',[213;5;121;5],6,[85;4;153;4],5,0,[128;1;-32;1],1,0},{'M',[1;10;1;10],7,[1;1;1;1],0,[0;NaN;0;NaN],[213;5;121;5],6,[NaN;1;NaN;1]},{'M',[1;20;18;1],7,[1;1;1;1],0,[0;NaN;NaN;0],[17;-14;9;-6],2,[NaN;NaN;1;NaN],[213;5;121;5],6,[NaN;2;NaN;NaN]},{'A',[7;100;26;81],8,[1;10;1;10],7,3,[-1;20;18;1],7,0},{'M',[4;20;1;20],7,[1;1;1;1],0,[2;NaN;0;NaN],[213;5;121;5],6,[NaN;2;NaN;2]},{'M',[213;200;121;42],9,[85;98;153;42],4,[NaN;NaN;NaN;0],[213;5;121;5],6,[0;NaN;0;NaN],[7;100;26;81],8,[NaN;1;NaN;NaN]},{'A',[-181;-40;-113;118],10,[4;20;1;20],7,3,[-213;-200;-121;-42],9,0},{'M',[136;5;153;5],7,[17;-14;9;-6],2,[3;NaN;NaN;NaN],[85;98;153;42],4,[NaN;NaN;0;NaN],[213;5;121;5],6,[NaN;0;NaN;0]},{'M',[7;-112;18;168],9,[17;-14;9;-6],2,[NaN;3;1;NaN],[85;98;153;42],4,[NaN;NaN;NaN;2],[7;100;26;81],8,[0;NaN;NaN;NaN]},{'A',[143;117;171;173],10,[136;5;153;5],7,0,[7;112;18;168],9,0},{'M',[85;1;153;118],11,[1;1;1;1],0,[NaN;0;NaN;NaN],[85;98;153;42],4,[0;NaN;0;NaN],[-181;-40;-113;118],10,[NaN;NaN;NaN;0]},{'O',[85;1;153;118],11,[85;1;153;118],11,0},{'M',[7;100;242;81],9,[213;5;121;5],6,[NaN;NaN;1;NaN],[7;100;26;81],8,[0;0;NaN;0]},{'O',[7;100;242;81],9,[7;100;242;81],9,0},{'M',[213;196;171;173],11,[85;98;153;42],4,[NaN;1;NaN;NaN],[213;5;121;5],6,[0;NaN;NaN;NaN],[143;117;171;173],10,[NaN;NaN;0;0]},{'O',[213;196;171;173],11,[213;196;171;173],11,0},{'M',[-181;-40;-113;-96],11,[17;-14;9;-6],2,[NaN;NaN;NaN;4],[-181;-40;-113;118],10,[0;0;0;NaN]},{'O',[181;40;113;96],11,[181;40;113;96],11,0},{'M',[143;117;104;42],11,[85;98;153;42],4,[NaN;NaN;NaN;0],[7;100;26;81],8,[NaN;NaN;2;NaN],[143;117;171;173],10,[0;0;NaN;NaN]},{'O',[143;117;104;42],11,[143;117;104;42],11,0}}
Adder graph: {{'M',[2;1;2;1],1,[1;1;1;1],0,[1;0;1;0]},{'A',[7;5;9;3],2,[2;1;2;1],1,2,[-1;1;1;-1],0,0},{'M',[1;80;144;1],3,[1;1;1;1],0,[0;NaN;NaN;0],[7;5;9;3],2,[NaN;4;4;NaN]},{'M',[16;5;9;6],3,[1;1;1;1],0,[4;NaN;NaN;NaN],[7;5;9;3],2,[NaN;0;0;1]},{'A',[17;85;153;-5],4,[1;80;144;1],3,0,[16;5;9;-6],3,0},{'M',[7;85;153;-5],5,[7;5;9;3],2,[0;NaN;NaN;NaN],[17;85;153;-5],4,[NaN;0;0;0]},{'M',[17;4;4;8],5,[1;1;1;1],0,[NaN;2;2;3],[17;85;153;-5],4,[0;NaN;NaN;NaN]},{'A',[143;117;121;59],6,[7;85;153;-5],5,0,[17;4;-4;8],5,3},{'M',[17;2;4;4],5,[1;1;1;1],0,[NaN;1;2;2],[17;85;153;-5],4,[0;NaN;NaN;NaN]},{'M',[17;20;36;-5],5,[7;5;9;3],2,[NaN;2;2;NaN],[17;85;153;-5],4,[0;NaN;NaN;0]},{'A',[85;28;52;21],6,[17;2;4;4],5,2,[17;20;36;5],5,0},{'M',[64;112;9;84],7,[1;1;1;1],0,[6;NaN;NaN;NaN],[7;5;9;3],2,[NaN;NaN;0;NaN],[85;28;52;21],6,[NaN;2;NaN;2]},{'M',[85;28;153;-5],7,[17;85;153;-5],4,[NaN;NaN;0;0],[85;28;52;21],6,[0;0;NaN;NaN]},{'A',[213;196;171;173],8,[64;112;9;84],7,1,[85;-28;153;5],7,0},{'M',[213;128;104;84],9,[1;1;1;1],0,[NaN;7;NaN;NaN],[85;28;52;21],6,[NaN;NaN;1;2],[213;196;171;173],8,[0;NaN;NaN;NaN]},{'M',[32;28;9;3],7,[1;1;1;1],0,[5;NaN;NaN;NaN],[7;5;9;3],2,[NaN;NaN;0;0],[85;28;52;21],6,[NaN;0;NaN;NaN]},{'A',[181;100;113;81],10,[213;128;104;84],9,0,[-32;-28;9;-3],7,0},{'M',[85;1;153;118],7,[1;1;1;1],0,[NaN;0;NaN;NaN],[17;85;153;-5],4,[NaN;NaN;0;NaN],[143;117;121;59],6,[NaN;NaN;NaN;1],[85;28;52;21],6,[0;NaN;NaN;NaN]},{'O',[85;1;153;118],7,[85;1;153;118],7,0},{'M',[7;100;242;81],11,[7;5;9;3],2,[0;NaN;NaN;NaN],[143;117;121;59],6,[NaN;NaN;1;NaN],[181;100;113;81],10,[NaN;0;NaN;0]},{'O',[7;100;242;81],11,[7;100;242;81],11,0},{'O',[213;196;171;173],8,[213;196;171;173],8,0},{'M',[181;40;113;96],11,[7;5;9;3],2,[NaN;3;NaN;5],[181;100;113;81],10,[0;NaN;0;NaN]},{'O',[181;40;113;96],11,[181;40;113;96],11,0},{'M',[143;117;104;42],7,[143;117;121;59],6,[0;0;NaN;NaN],[85;28;52;21],6,[NaN;NaN;1;1]},{'O',[143;117;104;42],7,[143;117;104;42],7,0}}
Adder graph: {{'M',[4;4;2;1],1,[1;1;1;1],0,[2;2;1;0]},{'A',[17;17;9;5],2,[1;1;1;1],0,0,[4;4;2;1],1,2},{'M',[17;2;36;2],3,[1;1;1;1],0,[NaN;1;NaN;1],[17;17;9;5],2,[0;NaN;2;NaN]},{'A',[85;9;153;-3],4,[17;17;9;5],2,0,[17;-2;36;-2],3,2},{'M',[64;64;9;-12],5,[1;1;1;1],0,[6;6;NaN;NaN],[17;17;9;5],2,[NaN;NaN;0;NaN],[85;9;153;-3],4,[NaN;NaN;NaN;2]},{'M',[85;68;153;-3],5,[17;17;9;5],2,[NaN;2;NaN;NaN],[85;9;153;-3],4,[0;NaN;0;0]},{'A',[213;196;171;-21],6,[64;64;9;-12],5,1,[85;68;153;3],5,0},{'M',[2;2;2;5],3,[1;1;1;1],0,[1;1;1;NaN],[17;17;9;5],2,[NaN;NaN;NaN;0]},{'M',[213;72;153;-21],7,[85;9;153;-3],4,[NaN;3;0;NaN],[213;196;171;-21],6,[0;NaN;NaN;0]},{'A',[-181;-40;-121;59],8,[2;2;2;5],3,4,[-213;-72;-153;-21],7,0},{'M',[1;36;-121;-84],9,[1;1;1;1],0,[0;NaN;NaN;NaN],[85;9;153;-3],4,[NaN;2;NaN;NaN],[213;196;171;-21],6,[NaN;NaN;NaN;2],[-181;-40;-121;59],8,[NaN;NaN;0;NaN]},{'M',[8;136;8;-3],5,[1;1;1;1],0,[3;NaN;3;NaN],[17;17;9;5],2,[NaN;3;NaN;NaN],[85;9;153;-3],4,[NaN;NaN;NaN;0]},{'A',[-7;-100;-113;-81],10,[1;36;-121;-84],9,0,[-8;-136;8;3],5,0},{'M',[-7;-100;-113;5],11,[17;17;9;5],2,[NaN;NaN;NaN;0],[-7;-100;-113;-81],10,[0;0;0;NaN]},{'M',[136;17;9;-168],7,[17;17;9;5],2,[3;0;0;NaN],[213;196;171;-21],6,[NaN;NaN;NaN;3]},{'A',[-143;-117;-104;173],12,[-7;-100;-113;5],11,0,[-136;-17;9;168],7,0},{'M',[85;1;153;118],9,[1;1;1;1],0,[NaN;0;NaN;NaN],[85;9;153;-3],4,[0;NaN;0;NaN],[-181;-40;-121;59],8,[NaN;NaN;NaN;1]},{'O',[85;1;153;118],9,[85;1;153;118],9,0},{'M',[-7;-100;-242;-81],11,[-181;-40;-121;59],8,[NaN;NaN;1;NaN],[-7;-100;-113;-81],10,[0;0;NaN;0]},{'O',[7;100;242;81],11,[7;100;242;81],11,0},{'M',[213;196;171;173],13,[213;196;171;-21],6,[0;0;0;NaN],[-143;-117;-104;173],12,[NaN;NaN;NaN;0]},{'O',[213;196;171;173],13,[213;196;171;173],13,0},{'M',[-181;-40;-113;-96],11,[85;9;153;-3],4,[NaN;NaN;NaN;5],[-181;-40;-121;59],8,[0;0;NaN;NaN],[-7;-100;-113;-81],10,[NaN;NaN;0;NaN]},{'O',[181;40;113;96],11,[181;40;113;96],11,0},{'M',[-143;-117;-104;-42],13,[213;196;171;-21],6,[NaN;NaN;NaN;1],[-143;-117;-104;173],12,[0;0;0;NaN]},{'O',[143;117;104;42],13,[143;117;104;42],13,0}}
Adder graph: {{'M',[1;2;1;1],1,[1;1;1;1],0,[0;1;0;0]},{'M',[2;2;2;1],1,[1;1;1;1],0,[1;1;1;0]},{'A',[-7;-6;9;5],2,[1;2;1;1],1,0,[-2;-2;2;1],1,2},{'M',[1;1;16;1],1,[1;1;1;1],0,[0;0;4;0]},{'A',[-27;-25;52;21],3,[-7;-6;9;5],2,2,[1;-1;16;1],1,0},{'M',[-27;-25;9;8],4,[1;1;1;1],0,[NaN;NaN;NaN;3],[-7;-6;9;5],2,[NaN;NaN;0;NaN],[-27;-25;52;21],3,[0;0;NaN;NaN]},{'M',[-112;-96;144;5],3,[-7;-6;9;5],2,[4;4;4;0]},{'A',[85;71;153;3],5,[-27;-25;9;8],4,0,[112;96;144;-5],3,0},{'M',[128;4;18;5],3,[1;1;1;1],0,[7;2;NaN;NaN],[-7;-6;9;5],2,[NaN;NaN;1;0]},{'M',[85;-192;153;168],6,[-7;-6;9;5],2,[NaN;5;NaN;NaN],[-27;-25;52;21],3,[NaN;NaN;NaN;3],[85;71;153;3],5,[0;NaN;0;NaN]},{'A',[213;196;171;173],7,[128;4;18;5],3,0,[85;192;153;168],6,0},{'M',[213;8;9;160],8,[1;1;1;1],0,[NaN;3;NaN;NaN],[-7;-6;9;5],2,[NaN;NaN;0;5],[213;196;171;173],7,[0;NaN;NaN;NaN]},{'M',[16;16;52;21],4,[1;1;1;1],0,[4;4;NaN;NaN],[-27;-25;52;21],3,[NaN;NaN;0;0]},{'A',[181;40;113;118],9,[213;8;9;160],8,0,[-16;16;52;-21],4,1},{'M',[-27;-25;64;3],6,[1;1;1;1],0,[NaN;NaN;6;NaN],[-27;-25;52;21],3,[0;0;NaN;NaN],[85;71;153;3],5,[NaN;NaN;NaN;0]},{'M',[85;71;153;42],6,[-27;-25;52;21],3,[NaN;NaN;NaN;1],[85;71;153;3],5,[0;0;0;NaN]},{'A',[143;117;-242;-81],7,[-27;-25;64;3],6,0,[85;71;-153;-42],6,1},{'M',[85;1;153;118],10,[1;1;1;1],0,[NaN;0;NaN;NaN],[85;71;153;3],5,[0;NaN;0;NaN],[181;40;113;118],9,[NaN;NaN;NaN;0]},{'O',[85;1;153;118],10,[85;1;153;118],10,0},{'M',[-7;-100;-242;-81],8,[-7;-6;9;5],2,[0;NaN;NaN;NaN],[-27;-25;52;21],3,[NaN;2;NaN;NaN],[143;117;-242;-81],7,[NaN;NaN;0;0]},{'O',[7;100;242;81],8,[7;100;242;81],8,0},{'O',[213;196;171;173],7,[213;196;171;173],7,0},{'M',[181;40;113;96],10,[85;71;153;3],5,[NaN;NaN;NaN;5],[181;40;113;118],9,[0;0;0;NaN]},{'O',[181;40;113;96],10,[181;40;113;96],10,0},{'M',[143;117;104;42],8,[-27;-25;52;21],3,[NaN;NaN;1;1],[143;117;-242;-81],7,[0;0;NaN;NaN]},{'O',[143;117;104;42],8,[143;117;104;42],8,0}}
Adder graph: {{'M',[4;4;2;1],1,[1;1;1;1],0,[2;2;1;0]},{'A',[17;17;9;5],2,[4;4;2;1],1,2,[1;1;1;1],0,0},{'M',[17;17;9;128],3,[1;1;1;1],0,[NaN;NaN;NaN;7],[17;17;9;5],2,[0;0;0;NaN]},{'M',[68;1;144;10],3,[1;1;1;1],0,[NaN;0;NaN;NaN],[17;17;9;5],2,[2;NaN;4;1]},{'A',[85;18;153;118],4,[17;17;9;128],3,0,[68;1;144;-10],3,0},{'M',[85;68;72;40],5,[17;17;9;5],2,[NaN;2;3;3],[85;18;153;118],4,[0;NaN;NaN;NaN]},{'M',[64;64;16;1],1,[1;1;1;1],0,[6;6;4;0]},{'A',[213;196;104;42],6,[85;68;72;40],5,0,[64;64;16;1],1,1},{'M',[213;8;104;8],7,[1;1;1;1],0,[NaN;3;NaN;3],[213;196;104;42],6,[0;NaN;0;NaN]},{'M',[32;32;9;5],3,[1;1;1;1],0,[5;5;NaN;NaN],[17;17;9;5],2,[NaN;NaN;0;0]},{'A',[181;40;113;3],8,[213;8;104;8],7,0,[-32;32;9;-5],3,0},{'M',[4;18;153;40],5,[1;1;1;1],0,[2;NaN;NaN;NaN],[17;17;9;5],2,[NaN;NaN;NaN;3],[85;18;153;118],4,[NaN;0;0;NaN]},{'M',[1;64;64;1],1,[1;1;1;1],0,[0;6;6;0]},{'A',[7;100;242;81],6,[4;18;153;40],5,1,[-1;64;-64;1],1,0},{'M',[136;17;18;5],3,[17;17;9;5],2,[3;0;1;0]},{'M',[7;100;153;168],7,[85;18;153;118],4,[NaN;NaN;0;NaN],[213;196;104;42],6,[NaN;NaN;NaN;2],[7;100;242;81],6,[0;0;NaN;NaN]},{'A',[143;117;171;173],8,[136;17;18;5],3,0,[7;100;153;168],7,0},{'M',[85;1;153;118],5,[1;1;1;1],0,[NaN;0;NaN;NaN],[85;18;153;118],4,[0;NaN;0;0]},{'O',[85;1;153;118],5,[85;1;153;118],5,0},{'O',[7;100;242;81],6,[7;100;242;81],6,0},{'M',[213;196;171;173],9,[213;196;104;42],6,[0;0;NaN;NaN],[143;117;171;173],8,[NaN;NaN;0;0]},{'O',[213;196;171;173],9,[213;196;171;173],9,0},{'M',[181;40;113;96],9,[181;40;113;3],8,[0;0;0;5]},{'O',[181;40;113;96],9,[181;40;113;96],9,0},{'M',[143;117;104;42],9,[213;196;104;42],6,[NaN;NaN;0;0],[143;117;171;173],8,[0;0;NaN;NaN]},{'O',[143;117;104;42],9,[143;117;104;42],9,0}}
Adder graph: {{'M',[2;1;2;1],1,[1;1;1;1],0,[1;0;1;0]},{'A',[7;5;9;5],2,[2;1;2;1],1,2,[-1;1;1;1],0,0},{'M',[32;32;72;1],3,[1;1;1;1],0,[5;5;NaN;0],[7;5;9;5],2,[NaN;NaN;3;NaN]},{'M',[7;5;9;40],3,[7;5;9;5],2,[0;0;0;3]},{'A',[71;59;153;42],4,[32;32;72;1],3,1,[7;-5;9;40],3,0},{'M',[7;118;9;80],5,[7;5;9;5],2,[0;NaN;0;4],[71;59;153;42],4,[NaN;1;NaN;NaN]},{'M',[71;40;153;42],5,[7;5;9;5],2,[NaN;3;NaN;NaN],[71;59;153;42],4,[0;NaN;0;0]},{'A',[85;196;171;118],6,[7;118;9;80],5,1,[71;-40;153;-42],5,0},{'M',[71;59;16;40],5,[1;1;1;1],0,[NaN;NaN;4;NaN],[7;5;9;5],2,[NaN;NaN;NaN;3],[71;59;153;42],4,[0;0;NaN;NaN]},{'M',[1;1;72;1],3,[1;1;1;1],0,[0;0;NaN;0],[7;5;9;5],2,[NaN;NaN;3;NaN]},{'A',[143;117;104;81],6,[71;59;16;40],5,1,[1;-1;72;1],3,0},{'M',[284;117;104;168],7,[71;59;153;42],4,[2;NaN;NaN;2],[143;117;104;81],6,[NaN;0;0;NaN]},{'M',[71;59;9;5],5,[7;5;9;5],2,[NaN;NaN;0;0],[71;59;153;42],4,[0;0;NaN;NaN]},{'A',[213;58;113;173],8,[284;117;104;168],7,0,[-71;-59;9;5],5,0},{'M',[213;58;113;64],9,[1;1;1;1],0,[NaN;NaN;NaN;6],[213;58;113;173],8,[0;0;0;NaN]},{'M',[4;1;1;4],1,[1;1;1;1],0,[2;0;0;2]},{'A',[181;50;121;96],10,[213;58;113;64],9,0,[-4;-1;1;4],1,3},{'M',[85;1;153;118],7,[1;1;1;1],0,[NaN;0;NaN;NaN],[71;59;153;42],4,[NaN;NaN;0;NaN],[85;196;171;118],6,[0;NaN;NaN;0]},{'O',[85;1;153;118],7,[85;1;153;118],7,0},{'M',[7;100;242;81],11,[7;5;9;5],2,[0;NaN;NaN;NaN],[143;117;104;81],6,[NaN;NaN;NaN;0],[181;50;121;96],10,[NaN;1;1;NaN]},{'O',[7;100;242;81],11,[7;100;242;81],11,0},{'M',[213;196;171;173],9,[85;196;171;118],6,[NaN;0;0;NaN],[213;58;113;173],8,[0;NaN;NaN;0]},{'O',[213;196;171;173],9,[213;196;171;173],9,0},{'M',[181;40;113;96],11,[7;5;9;5],2,[NaN;3;NaN;NaN],[213;58;113;173],8,[NaN;NaN;0;NaN],[181;50;121;96],10,[0;NaN;NaN;0]},{'O',[181;40;113;96],11,[181;40;113;96],11,0},{'M',[143;117;104;42],7,[71;59;153;42],4,[NaN;NaN;NaN;0],[143;117;104;81],6,[0;0;0;NaN]},{'O',[143;117;104;42],7,[143;117;104;42],7,0}}
Adder graph: {{'M',[2;1;2;1],1,[1;1;1;1],0,[1;0;1;0]},{'A',[7;3;9;5],2,[2;1;2;1],1,2,[-1;-1;1;1],0,0},{'M',[1;1;16;1],1,[1;1;1;1],0,[0;0;4;0]},{'M',[4;3;9;5],3,[1;1;1;1],0,[2;NaN;NaN;NaN],[7;3;9;5],2,[NaN;0;0;0]},{'A',[17;13;52;21],4,[1;1;16;1],1,0,[4;3;9;5],3,2},{'M',[68;52;9;1],5,[1;1;1;1],0,[NaN;NaN;NaN;0],[7;3;9;5],2,[NaN;NaN;0;NaN],[17;13;52;21],4,[2;2;NaN;NaN]},{'M',[17;48;144;80],5,[7;3;9;5],2,[NaN;4;4;4],[17;13;52;21],4,[0;NaN;NaN;NaN]},{'A',[85;100;153;81],6,[68;52;9;1],5,0,[17;48;144;80],5,0},{'M',[85;100;153;128],7,[1;1;1;1],0,[NaN;NaN;NaN;7],[85;100;153;81],6,[0;0;0;NaN]},{'M',[64;48;9;5],3,[1;1;1;1],0,[6;NaN;NaN;NaN],[7;3;9;5],2,[NaN;4;0;0]},{'A',[213;196;171;118],8,[85;100;153;128],7,0,[64;48;9;-5],3,1},{'M',[213;8;153;128],9,[1;1;1;1],0,[NaN;3;NaN;7],[85;100;153;81],6,[NaN;NaN;0;NaN],[213;196;171;118],8,[0;NaN;NaN;NaN]},{'A',[181;40;121;96],10,[213;8;153;128],9,0,[-1;1;-1;-1],0,5},{'M',[7;13;9;5],5,[7;3;9;5],2,[0;NaN;0;0],[17;13;52;21],4,[NaN;0;NaN;NaN]},{'M',[68;52;52;84],5,[17;13;52;21],4,[2;2;0;2]},{'A',[143;117;113;173],6,[7;13;9;5],5,0,[68;52;52;84],5,1},{'M',[85;1;153;118],9,[1;1;1;1],0,[NaN;0;NaN;NaN],[85;100;153;81],6,[0;NaN;0;NaN],[213;196;171;118],8,[NaN;NaN;NaN;0]},{'O',[85;1;153;118],9,[85;1;153;118],9,0},{'M',[7;100;242;81],11,[7;3;9;5],2,[0;NaN;NaN;NaN],[85;100;153;81],6,[NaN;0;NaN;0],[181;40;121;96],10,[NaN;NaN;1;NaN]},{'O',[7;100;242;81],11,[7;100;242;81],11,0},{'M',[213;196;171;173],9,[213;196;171;118],8,[0;0;0;NaN],[143;117;113;173],6,[NaN;NaN;NaN;0]},{'O',[213;196;171;173],9,[213;196;171;173],9,0},{'M',[181;40;113;96],11,[181;40;121;96],10,[0;0;NaN;0],[143;117;113;173],6,[NaN;NaN;0;NaN]},{'O',[181;40;113;96],11,[181;40;113;96],11,0},{'M',[143;117;104;42],7,[17;13;52;21],4,[NaN;NaN;1;1],[143;117;113;173],6,[0;0;NaN;NaN]},{'O',[143;117;104;42],7,[143;117;104;42],7,0}}
Adder graph: {{'M',[2;1;2;1],1,[1;1;1;1],0,[1;0;1;0]},{'A',[7;5;9;3],2,[2;1;2;1],1,2,[-1;1;1;-1],0,0},{'M',[14;10;9;6],3,[7;5;9;3],2,[1;1;0;1]},{'M',[1;8;8;1],1,[1;1;1;1],0,[0;3;3;0]},{'A',[29;28;26;11],4,[14;10;9;6],3,1,[1;8;8;-1],1,0},{'M',[29;28;9;11],5,[7;5;9;3],2,[NaN;NaN;0;NaN],[29;28;26;11],4,[0;0;NaN;0]},{'M',[7;5;18;6],3,[7;5;9;3],2,[0;0;1;1]},{'A',[85;68;153;59],6,[29;28;9;11],5,0,[7;5;18;6],3,3},{'M',[29;16;16;11],5,[1;1;1;1],0,[NaN;4;4;NaN],[29;28;26;11],4,[0;NaN;NaN;0]},{'A',[143;100;121;81],7,[85;68;153;59],6,0,[29;16;-16;11],5,1},{'M',[64;64;9;88],5,[1;1;1;1],0,[6;6;NaN;NaN],[7;5;9;3],2,[NaN;NaN;0;NaN],[29;28;26;11],4,[NaN;NaN;NaN;3]},{'M',[85;68;153;3],7,[7;5;9;3],2,[NaN;NaN;NaN;0],[85;68;153;59],6,[0;0;0;NaN]},{'A',[213;196;171;173],8,[64;64;9;88],5,1,[85;68;153;-3],7,0},{'M',[213;112;104;44],9,[29;28;26;11],4,[NaN;2;2;2],[213;196;171;173],8,[0;NaN;NaN;NaN]},{'M',[32;5;9;2],3,[1;1;1;1],0,[5;NaN;NaN;1],[7;5;9;3],2,[NaN;0;0;NaN]},{'A',[181;117;113;42],10,[213;112;104;44],9,0,[-32;5;9;-2],3,0},{'M',[85;1;153;118],7,[1;1;1;1],0,[NaN;0;NaN;NaN],[85;68;153;59],6,[0;NaN;0;1]},{'O',[85;1;153;118],7,[85;1;153;118],7,0},{'M',[7;100;242;81],8,[7;5;9;3],2,[0;NaN;NaN;NaN],[143;100;121;81],7,[NaN;0;1;0]},{'O',[7;100;242;81],8,[7;100;242;81],8,0},{'O',[213;196;171;173],8,[213;196;171;173],8,0},{'M',[181;40;113;96],11,[7;5;9;3],2,[NaN;3;NaN;5],[181;117;113;42],10,[0;NaN;0;NaN]},{'O',[181;40;113;96],11,[181;40;113;96],11,0},{'M',[143;117;104;42],11,[29;28;26;11],4,[NaN;NaN;2;NaN],[143;100;121;81],7,[0;NaN;NaN;NaN],[181;117;113;42],10,[NaN;0;NaN;0]},{'O',[143;117;104;42],11,[143;117;104;42],11,0}}
Finished solving after 1824.37 seconds
Adder graph: {{'M',[2;1;2;1],1,[1;1;1;1],0,[1;0;1;0]},{'A',[7;5;9;3],2,[2;1;2;1],1,2,[-1;1;1;-1],0,0},{'M',[14;10;9;6],3,[7;5;9;3],2,[1;1;0;1]},{'M',[1;8;8;1],1,[1;1;1;1],0,[0;3;3;0]},{'A',[29;28;26;11],4,[14;10;9;6],3,1,[1;8;8;-1],1,0},{'M',[29;28;9;11],5,[7;5;9;3],2,[NaN;NaN;0;NaN],[29;28;26;11],4,[0;0;NaN;0]},{'M',[7;5;18;6],3,[7;5;9;3],2,[0;0;1;1]},{'A',[85;68;153;59],6,[29;28;9;11],5,0,[7;5;18;6],3,3},{'M',[29;16;16;11],5,[1;1;1;1],0,[NaN;4;4;NaN],[29;28;26;11],4,[0;NaN;NaN;0]},{'A',[143;100;121;81],7,[85;68;153;59],6,0,[29;16;-16;11],5,1},{'M',[64;64;9;88],5,[1;1;1;1],0,[6;6;NaN;NaN],[7;5;9;3],2,[NaN;NaN;0;NaN],[29;28;26;11],4,[NaN;NaN;NaN;3]},{'M',[85;68;153;3],7,[7;5;9;3],2,[NaN;NaN;NaN;0],[85;68;153;59],6,[0;0;0;NaN]},{'A',[213;196;171;173],8,[64;64;9;88],5,1,[85;68;153;-3],7,0},{'M',[213;112;104;44],9,[29;28;26;11],4,[NaN;2;2;2],[213;196;171;173],8,[0;NaN;NaN;NaN]},{'M',[32;5;9;2],3,[1;1;1;1],0,[5;NaN;NaN;1],[7;5;9;3],2,[NaN;0;0;NaN]},{'A',[181;117;113;42],10,[213;112;104;44],9,0,[-32;5;9;-2],3,0},{'M',[85;1;153;118],7,[1;1;1;1],0,[NaN;0;NaN;NaN],[85;68;153;59],6,[0;NaN;0;1]},{'O',[85;1;153;118],7,[85;1;153;118],7,0},{'M',[7;100;242;81],8,[7;5;9;3],2,[0;NaN;NaN;NaN],[143;100;121;81],7,[NaN;0;1;0]},{'O',[7;100;242;81],8,[7;100;242;81],8,0},{'O',[213;196;171;173],8,[213;196;171;173],8,0},{'M',[181;40;113;96],11,[7;5;9;3],2,[NaN;3;NaN;5],[181;117;113;42],10,[0;NaN;0;NaN]},{'O',[181;40;113;96],11,[181;40;113;96],11,0},{'M',[143;117;104;42],11,[29;28;26;11],4,[NaN;NaN;2;NaN],[143;100;121;81],7,[0;NaN;NaN;NaN],[181;117;113;42],10,[NaN;0;NaN;0]},{'O',[143;117;104;42],11,[143;117;104;42],11,0}}
# Add optimal = 1
# Mux optimal = 1
# FAs optimal = 0
