Adder graph: {{'A',[-14;-14;-14],1,[1;1;1],0,1,[-1;-1;-1],0,4},{'M',[1;8;16],1,[1;1;1],0,[0;3;4]},{'A',[15;-6;2],2,[1;8;16],1,0,[14;-14;-14],1,0},{'M',[64;1;16],1,[1;1;1],0,[6;0;4]},{'M',[1;16;1],1,[1;1;1],0,[0;4;0]},{'A',[63;17;15],2,[64;1;16],1,0,[-1;16;-1],1,0},{'M',[8;64;1],1,[1;1;1],0,[3;6;0]},{'A',[-30;114;-12],2,[-14;-14;-14],1,0,[-8;64;1],1,1},{'M',[2;1;1],1,[1;1;1],0,[1;0;0]},{'A',[-110;113;113],2,[2;1;1],1,0,[-14;14;14],1,3},{'A',[-1;3;-1],1,[1;1;1],0,0,[-1;1;-1],0,1},{'A',[-3;5;5],1,[1;1;1],0,0,[-1;1;1],0,2},{'M',[-14;6;-112],2,[-14;-14;-14],1,[0;NaN;3],[-1;3;-1],1,[NaN;1;NaN]},{'A',[91;5;-209],3,[63;17;15],2,0,[14;-6;-112],2,1},{'M',[15;114;60],3,[15;-6;2],2,[0;NaN;NaN],[63;17;15],2,[NaN;NaN;2],[-30;114;-12],2,[NaN;0;NaN]},{'M',[-110;113;-24],3,[-30;114;-12],2,[NaN;NaN;1],[-110;113;113],2,[0;0;NaN]},{'A',[455;566;156],4,[15;114;60],3,0,[110;113;24],3,2},{'M',[128;1;32],1,[1;1;1],0,[7;0;5]},{'A',[515;9;123],2,[128;1;32],1,2,[3;5;-5],1,0},{'M',[252;114;113],3,[63;17;15],2,[2;NaN;NaN],[-30;114;-12],2,[NaN;0;NaN],[-110;113;113],2,[NaN;NaN;0]},{'M',[-60;17;-384],3,[63;17;15],2,[NaN;0;NaN],[-30;114;-12],2,[1;NaN;5]},{'A',[564;211;610],4,[252;114;113],3,1,[60;-17;384],3,0},{'M',[-3;20;-2],2,[-1;3;-1],1,[NaN;NaN;1],[-3;5;5],1,[0;2;NaN]},{'A',[963;-404;126],3,[15;-6;2],2,6,[3;-20;-2],2,0},{'A',[-955;461;329],3,[-110;113;113],2,2,[-515;9;-123],2,0},{'M',[963;20;252],4,[91;5;-209],3,[NaN;2;NaN],[963;-404;126],3,[0;NaN;1]},{'O',[963;20;252],4,[963;20;252],4,0},{'M',[-955;-808;-209],4,[91;5;-209],3,[NaN;NaN;0],[963;-404;126],3,[NaN;1;NaN],[-955;461;329],3,[0;NaN;NaN]},{'O',[955;808;209],4,[955;808;209],4,0},{'O',[564;211;610],4,[564;211;610],4,0},{'M',[91;922;658],4,[91;5;-209],3,[0;NaN;NaN],[-955;461;329],3,[NaN;1;1]},{'O',[91;922;658],4,[91;922;658],4,0},{'O',[455;566;156],4,[455;566;156],4,0}}
Adder graph: {{'M',[1;512;1],1,[1;1;1],0,[0;9;0]},{'M',[2;1;16],1,[1;1;1],0,[1;0;4]},{'A',[-31;528;257],2,[1;512;1],1,0,[-2;1;16],1,4},{'A',[17;17;17],1,[1;1;1],0,4,[1;1;1],0,0},{'M',[128;1;4],1,[1;1;1],0,[7;0;2]},{'A',[60;-67;72],2,[128;1;4],1,0,[-17;-17;17],1,2},{'A',[91;461;329],3,[60;-67;72],2,0,[31;528;257],2,0},{'M',[1;4;512],1,[1;1;1],0,[0;2;9]},{'A',[67;72;580],2,[17;17;17],1,2,[-1;4;512],1,0},{'M',[32;1;8],1,[1;1;1],0,[5;0;3]},{'A',[-111;21;-15],2,[17;17;17],1,0,[-32;1;-8],1,2},{'M',[2;16;1],1,[1;1;1],0,[1;4;0]},{'M',[2;32;1],1,[1;1;1],0,[1;5;0]},{'A',[14;96;7],2,[2;16;1],1,3,[-2;-32;-1],1,0},{'M',[67;1344;224],3,[67;72;580],2,[0;NaN;NaN],[-111;21;-15],2,[NaN;6;NaN],[14;96;7],2,[NaN;NaN;5]},{'M',[-888;-536;-15],3,[60;-67;72],2,[NaN;3;NaN],[-111;21;-15],2,[3;NaN;0]},{'A',[955;808;209],4,[67;1344;224],3,0,[888;-536;-15],3,0},{'M',[67;288;224],3,[67;72;580],2,[0;2;NaN],[14;96;7],2,[NaN;NaN;5]},{'M',[224;-67;7],3,[60;-67;72],2,[NaN;0;NaN],[14;96;7],2,[4;NaN;0]},{'A',[963;20;252],4,[67;288;224],3,0,[224;-67;7],3,2},{'A',[704;1000;464],3,[60;-67;72],2,3,[14;96;-7],2,4},{'M',[17;68;68],2,[17;17;17],1,[0;2;2]},{'A',[-206;-132;-152],3,[17;68;68],2,1,[-60;-67;-72],2,2},{'M',[-444;-67;-30],3,[60;-67;72],2,[NaN;0;NaN],[-111;21;-15],2,[2;NaN;1]},{'M',[120;144;580],3,[60;-67;72],2,[1;NaN;NaN],[67;72;580],2,[NaN;1;0]},{'A',[-564;-211;-610],4,[-444;-67;-30],3,0,[-120;-144;-580],3,0},{'A',[455;566;156],4,[704;1000;464],3,-1,[206;132;-152],3,-1},{'O',[963;20;252],4,[963;20;252],4,0},{'O',[955;808;209],4,[955;808;209],4,0},{'O',[564;211;610],4,[564;211;610],4,0},{'M',[91;922;658],4,[91;461;329],3,[0;1;1]},{'O',[91;922;658],4,[91;922;658],4,0},{'O',[455;566;156],4,[455;566;156],4,0}}
Adder graph: {{'A',[-3;5;5],1,[1;1;1],0,0,[-1;1;1],0,2},{'A',[30;34;30],1,[1;1;1],0,5,[-1;1;-1],0,1},{'M',[2;256;1],1,[1;1;1],0,[1;8;0]},{'M',[1;2;32],1,[1;1;1],0,[0;1;5]},{'A',[1;254;-31],2,[2;256;1],1,0,[-1;-2;-32],1,0},{'A',[-144;400;240],2,[-3;5;5],1,6,[3;5;-5],1,4},{'M',[1;1;2],1,[1;1;1],0,[0;0;1]},{'A',[25;-39;42],2,[1;1;2],1,0,[3;-5;5],1,3},{'M',[-3;320;240],2,[-3;5;5],1,[0;6;NaN],[30;34;30],1,[NaN;NaN;3]},{'M',[60;10;30],2,[-3;5;5],1,[NaN;1;NaN],[30;34;30],1,[1;NaN;0]},{'A',[-963;480;-240],3,[-3;320;240],2,0,[-60;10;-30],2,4},{'A',[199;-566;305],3,[25;-39;42],2,3,[-1;-254;-31],2,0},{'M',[1;1;256],1,[1;1;1],0,[0;0;8]},{'A',[-760;1288;-768],2,[-3;5;5],1,8,[1;1;-256],1,3},{'M',[-3;34;960],2,[-3;5;5],1,[0;NaN;NaN],[30;34;30],1,[NaN;0;5]},{'A',[141;-366;720],3,[-3;34;960],2,0,[144;-400;-240],2,0},{'M',[480;34;120],2,[30;34;30],1,[4;0;2]},{'A',[-455;-5;-78],3,[25;-39;42],2,0,[-480;34;-120],2,0},{'A',[-77;211;-126],3,[-760;1288;-768],2,-3,[144;400;-240],2,-3},{'M',[50;1288;-62],3,[1;254;-31],2,[NaN;NaN;1],[25;-39;42],2,[1;NaN;NaN],[-760;1288;-768],2,[NaN;0;NaN]},{'A',[91;922;658],4,[141;-366;720],3,0,[-50;1288;-62],3,0},{'M',[8;1288;-31],3,[1;254;-31],2,[3;NaN;0],[-760;1288;-768],2,[NaN;0;NaN]},{'A',[-955;-808;-209],4,[-963;480;-240],3,0,[8;-1288;31],3,0},{'M',[-963;-20;-252],4,[-963;480;-240],3,[0;NaN;NaN],[-455;-5;-78],3,[NaN;2;NaN],[-77;211;-126],3,[NaN;NaN;1]},{'O',[963;20;252],4,[963;20;252],4,0},{'O',[955;808;209],4,[955;808;209],4,0},{'M',[564;211;610],4,[199;-566;305],3,[NaN;NaN;1],[141;-366;720],3,[2;NaN;NaN],[-77;211;-126],3,[NaN;0;NaN]},{'O',[564;211;610],4,[564;211;610],4,0},{'O',[91;922;658],4,[91;922;658],4,0},{'M',[-455;-566;-156],4,[199;-566;305],3,[NaN;0;NaN],[-455;-5;-78],3,[0;NaN;1]},{'O',[455;566;156],4,[455;566;156],4,0}}
Adder graph: {{'A',[63;63;65],1,[1;1;1],0,6,[-1;-1;1],0,0},{'M',[128;128;1],1,[1;1;1],0,[7;7;0]},{'M',[1;2;128],1,[1;1;1],0,[0;1;7]},{'A',[513;514;132],2,[128;128;1],1,2,[1;2;128],1,0},{'A',[-508;-508;-508],1,[1;1;1],0,2,[-1;-1;-1],0,9},{'M',[4;4;1],1,[1;1;1],0,[2;2;0]},{'M',[1;16;16],1,[1;1;1],0,[0;4;4]},{'A',[7;24;18],2,[4;4;1],1,1,[-1;16;16],1,0},{'M',[1;32;4],1,[1;1;1],0,[0;5;2]},{'A',[-125;158;134],2,[1;32;4],1,0,[-63;63;65],1,1},{'M',[63;1008;65],2,[63;63;65],1,[0;4;0]},{'A',[-963;-20;329],3,[63;1008;65],2,0,[-513;-514;132],2,1},{'A',[-6;10;-6],1,[1;1;1],0,1,[-1;1;-1],0,3},{'M',[1;1;64],1,[1;1;1],0,[0;0;6]},{'A',[-176;-304;1216],2,[1;1;64],1,4,[-6;-10;6],1,5},{'M',[1;1;16],1,[1;1;1],0,[0;0;4]},{'A',[540;540;4],2,[1;1;16],1,5,[508;508;-508],1,0},{'M',[-508;10;65],2,[63;63;65],1,[NaN;NaN;0],[-508;-508;-508],1,[0;NaN;NaN],[-6;10;-6],1,[NaN;0;NaN]},{'A',[564;202;209],3,[7;24;18],2,3,[508;10;65],2,0},{'A',[955;922;-126],3,[540;540;4],2,1,[-125;-158;-134],2,0},{'A',[91;211;305],3,[540;540;4],2,-2,[-176;304;1216],2,-2},{'M',[224;540;144],3,[7;24;18],2,[5;NaN;3],[540;540;4],2,[NaN;0;NaN]},{'M',[7;514;132],3,[513;514;132],2,[NaN;0;0],[7;24;18],2,[0;NaN;NaN]},{'A',[455;566;156],4,[224;540;144],3,1,[7;-514;-132],3,0},{'M',[-963;-20;-252],4,[-963;-20;329],3,[0;0;NaN],[955;922;-126],3,[NaN;NaN;1]},{'O',[963;20;252],4,[963;20;252],4,0},{'M',[955;808;209],4,[564;202;209],3,[NaN;2;0],[955;922;-126],3,[0;NaN;NaN]},{'O',[955;808;209],4,[955;808;209],4,0},{'M',[564;211;610],4,[564;202;209],3,[0;NaN;NaN],[91;211;305],3,[NaN;0;1]},{'O',[564;211;610],4,[564;211;610],4,0},{'M',[91;922;658],4,[-963;-20;329],3,[NaN;NaN;1],[955;922;-126],3,[NaN;0;NaN],[91;211;305],3,[0;NaN;NaN]},{'O',[91;922;658],4,[91;922;658],4,0},{'O',[455;566;156],4,[455;566;156],4,0}}
Adder graph: {{'A',[7;7;9],1,[1;1;1],0,3,[-1;-1;1],0,0},{'R',[1;1;1],1,[1;1;1],0},{'A',[71;57;73],2,[1;1;1],1,6,[7;-7;9],1,0},{'M',[16;4;1],1,[1;1;1],0,[4;2;0]},{'A',[60;-20;-34],2,[16;4;1],1,1,[7;-7;-9],1,2},{'A',[1;3;3],1,[1;1;1],0,1,[-1;1;1],0,0},{'A',[63;65;65],1,[1;1;1],0,6,[-1;1;1],0,0},{'M',[128;64;1],1,[1;1;1],0,[7;6;0]},{'A',[1026;518;-2],2,[1;3;3],1,1,[128;64;-1],1,3},{'A',[955;461;-75],3,[1026;518;-2],2,0,[-71;-57;-73],2,0},{'M',[1;4;1],1,[1;1;1],0,[0;2;0]},{'A',[59;81;69],2,[63;65;65],1,0,[-1;4;1],1,2},{'M',[63;48;65],2,[1;3;3],1,[NaN;4;NaN],[63;65;65],1,[0;NaN;0]},{'A',[963;566;63],3,[1026;518;-2],2,0,[-63;48;65],2,0},{'M',[112;3;3],2,[7;7;9],1,[4;NaN;NaN],[1;3;3],1,[NaN;0;0]},{'M',[7;7;144],2,[7;7;9],1,[0;0;4]},{'A',[455;5;156],3,[112;3;3],2,2,[7;-7;144],2,0},{'M',[63;48;72],2,[7;7;9],1,[NaN;NaN;3],[1;3;3],1,[NaN;4;NaN],[63;65;65],1,[0;NaN;NaN]},{'A',[564;404;610],3,[63;48;72],2,3,[60;20;34],2,0},{'A',[311;137;209],3,[71;57;73],2,0,[60;20;34],2,2},{'M',[16;65;130],2,[1;3;3],1,[4;NaN;NaN],[63;65;65],1,[NaN;0;1]},{'A',[91;211;329],3,[59;81;69],2,0,[16;65;130],2,1},{'M',[963;20;252],4,[963;566;63],3,[0;NaN;2],[455;5;156],3,[NaN;2;NaN]},{'O',[963;20;252],4,[963;20;252],4,0},{'M',[955;808;209],4,[955;461;-75],3,[0;NaN;NaN],[564;404;610],3,[NaN;1;NaN],[311;137;209],3,[NaN;NaN;0]},{'O',[955;808;209],4,[955;808;209],4,0},{'M',[564;211;610],4,[564;404;610],3,[0;NaN;0],[91;211;329],3,[NaN;0;NaN]},{'O',[564;211;610],4,[564;211;610],4,0},{'M',[91;922;658],4,[955;461;-75],3,[NaN;1;NaN],[91;211;329],3,[0;NaN;1]},{'O',[91;922;658],4,[91;922;658],4,0},{'M',[455;566;156],4,[963;566;63],3,[NaN;0;NaN],[455;5;156],3,[0;NaN;0]},{'O',[455;566;156],4,[455;566;156],4,0}}
Adder graph: {{'A',[30;30;34],1,[1;1;1],0,5,[-1;-1;1],0,1},{'M',[1;1;256],1,[1;1;1],0,[0;0;8]},{'A',[481;481;800],2,[30;30;34],1,4,[1;1;256],1,0},{'M',[1;2;2],1,[1;1;1],0,[0;1;1]},{'A',[241;238;274],2,[30;30;34],1,3,[1;-2;2],1,0},{'M',[64;1;8],1,[1;1;1],0,[6;0;3]},{'M',[1;1;4],1,[1;1;1],0,[0;0;2]},{'A',[255;5;36],2,[64;1;8],1,2,[-1;1;4],1,0},{'A',[963;5;252],3,[481;481;800],2,0,[241;-238;-274],2,1},{'M',[4;8;1],1,[1;1;1],0,[2;3;0]},{'A',[26;38;33],2,[30;30;34],1,0,[-4;8;-1],1,0},{'A',[2;6;2],1,[1;1;1],0,2,[-1;1;-1],0,1},{'R',[1;1;1],1,[1;1;1],0},{'A',[65;191;65],2,[2;6;2],1,5,[1;-1;1],1,0},{'M',[32;30;34],2,[30;30;34],1,[NaN;0;0],[2;6;2],1,[4;NaN;NaN]},{'A',[564;404;610],3,[32;30;34],2,4,[26;-38;33],2,1},{'A',[955;211;209],3,[255;5;36],2,2,[-65;191;65],2,0},{'M',[26;962;528],3,[481;481;800],2,[NaN;1;NaN],[26;38;33],2,[0;NaN;4]},{'M',[65;40;130],3,[255;5;36],2,[NaN;3;NaN],[65;191;65],2,[0;NaN;1]},{'A',[91;922;658],4,[26;962;528],3,0,[65;-40;130],3,0},{'M',[65;191;36],3,[255;5;36],2,[NaN;NaN;0],[65;191;65],2,[0;0;NaN]},{'M',[65;962;132],3,[481;481;800],2,[NaN;1;NaN],[26;38;33],2,[NaN;NaN;2],[65;191;65],2,[0;NaN;NaN]},{'A',[455;566;156],4,[65;191;36],3,3,[-65;-962;-132],3,0},{'M',[1;4096;4096],1,[1;1;1],0,[0;12;12]},{'A',[-1;4102;4094],2,[1;4096;4096],1,0,[-2;6;-2],1,0},{'M',[963;20;252],4,[963;5;252],3,[0;2;0]},{'O',[963;20;252],4,[963;20;252],4,0},{'M',[955;808;209],4,[564;404;610],3,[NaN;1;NaN],[955;211;209],3,[0;NaN;0]},{'O',[955;808;209],4,[955;808;209],4,0},{'M',[564;211;610],4,[564;404;610],3,[0;NaN;0],[955;211;209],3,[NaN;0;NaN]},{'O',[564;211;610],4,[564;211;610],4,0},{'O',[91;922;658],4,[91;922;658],4,0},{'O',[455;566;156],4,[455;566;156],4,0}}
Adder graph: {{'M',[4;1;1],1,[1;1;1],0,[2;0;0]},{'M',[32;1;1],1,[1;1;1],0,[5;0;0]},{'A',[-252;-7;9],2,[4;1;1],1,0,[-32;-1;1],1,3},{'A',[3;3;1],1,[1;1;1],0,1,[1;1;-1],0,0},{'M',[1;4;8],1,[1;1;1],0,[0;2;3]},{'M',[1;1;2],1,[1;1;1],0,[0;0;1]},{'A',[17;20;40],2,[1;4;8],1,0,[1;1;2],1,4},{'A',[45;51;15],2,[3;3;1],1,4,[-3;3;-1],1,0},{'M',[-252;51;9],3,[-252;-7;9],2,[0;NaN;0],[45;51;15],2,[NaN;0;NaN]},{'M',[45;-224;288],3,[-252;-7;9],2,[NaN;5;5],[45;51;15],2,[0;NaN;NaN]},{'A',[-963;-20;-252],4,[-252;51;9],3,2,[45;-224;-288],3,0},{'A',[91;211;305],3,[17;20;40],2,3,[-45;51;-15],2,0},{'A',[388;153;329],3,[17;20;40],2,3,[252;-7;9],2,0},{'M',[1;1024;16],1,[1;1;1],0,[0;10;4]},{'A',[-95;928;-16],2,[1;1024;16],1,0,[-3;-3;-1],1,5},{'M',[192;12;1],2,[3;3;1],1,[6;2;0]},{'A',[282;114;31],3,[192;12;1],2,0,[45;51;15],2,1},{'M',[384;3;128],2,[3;3;1],1,[7;0;7]},{'A',[673;922;240],3,[-95;928;-16],2,0,[384;-3;128],2,1},{'M',[1;256;1],1,[1;1;1],0,[0;8;0]},{'A',[7;250;3],2,[1;256;1],1,0,[3;-3;1],1,1},{'M',[28;51;12],3,[45;51;15],2,[NaN;0;NaN],[7;250;3],2,[2;NaN;2]},{'M',[7;250;36],3,[-252;-7;9],2,[NaN;NaN;2],[7;250;3],2,[0;0;NaN]},{'A',[455;566;156],4,[28;51;12],3,4,[7;-250;-36],3,0},{'A',[955;808;209],4,[673;922;240],3,0,[282;-114;-31],3,0},{'O',[963;20;252],4,[963;20;252],4,0},{'O',[955;808;209],4,[955;808;209],4,0},{'M',[564;211;610],4,[91;211;305],3,[NaN;0;1],[282;114;31],3,[1;NaN;NaN]},{'O',[564;211;610],4,[564;211;610],4,0},{'M',[91;922;658],4,[91;211;305],3,[0;NaN;NaN],[388;153;329],3,[NaN;NaN;1],[673;922;240],3,[NaN;0;NaN]},{'O',[91;922;658],4,[91;922;658],4,0},{'O',[455;566;156],4,[455;566;156],4,0}}
Adder graph: {{'A',[12;-4;-4],1,[1;1;1],0,2,[1;-1;-1],0,3},{'A',[5;5;5],1,[1;1;1],0,2,[1;1;1],0,0},{'A',[248;264;248],1,[1;1;1],0,8,[-1;1;-1],0,3},{'M',[128;1;128],1,[1;1;1],0,[7;0;7]},{'A',[-251;7;-251],2,[5;5;5],1,0,[-128;1;-128],1,1},{'M',[320;320;-4],2,[12;-4;-4],1,[NaN;NaN;0],[5;5;5],1,[6;6;NaN]},{'M',[5;40;5],2,[5;5;5],1,[0;3;0]},{'A',[160;-960;156],3,[320;320;-4],2,0,[-5;-40;5],2,5},{'M',[1;2;1],1,[1;1;1],0,[0;1;0]},{'A',[41;38;39],2,[5;5;5],1,3,[1;-2;-1],1,0},{'M',[496;528;248],2,[248;264;248],1,[1;1;0]},{'A',[455;566;209],3,[496;528;248],2,0,[-41;38;-39],2,0},{'A',[-187;-59;-59],2,[5;5;5],1,0,[-12;-4;-4],1,4},{'M',[80;5;10],2,[5;5;5],1,[4;0;1]},{'M',[12;-256;-4],2,[12;-4;-4],1,[0;6;0]},{'A',[92;261;14],3,[80;5;10],2,0,[12;256;4],2,0},{'M',[82;-59;78],3,[41;38;39],2,[1;NaN;1],[-187;-59;-59],2,[NaN;0;NaN]},{'A',[-564;-211;-610],4,[92;261;14],3,0,[-82;-59;-78],3,3},{'M',[768;160;-4],2,[12;-4;-4],1,[6;NaN;0],[5;5;5],1,[NaN;5;NaN]},{'A',[955;101;-63],3,[768;160;-4],2,0,[187;-59;-59],2,0},{'M',[-251;38;-502],3,[-251;7;-251],2,[0;NaN;1],[41;38;39],2,[NaN;0;NaN]},{'A',[-91;-922;-658],4,[-251;38;-502],3,0,[160;-960;-156],3,0},{'A',[-963;-10;-1043],3,[-251;7;-251],2,2,[41;-38;-39],2,0},{'M',[-963;-20;-252],4,[955;101;-63],3,[NaN;NaN;2],[-963;-10;-1043],3,[0;1;NaN]},{'O',[963;20;252],4,[963;20;252],4,0},{'M',[955;808;209],4,[455;566;209],3,[NaN;NaN;0],[955;101;-63],3,[0;3;NaN]},{'O',[955;808;209],4,[955;808;209],4,0},{'O',[564;211;610],4,[564;211;610],4,0},{'O',[91;922;658],4,[91;922;658],4,0},{'M',[455;566;156],4,[160;-960;156],3,[NaN;NaN;0],[455;566;209],3,[0;0;NaN]},{'O',[455;566;156],4,[455;566;156],4,0}}
Adder graph: {{'A',[9;-7;9],1,[1;1;1],0,0,[1;-1;1],0,3},{'A',[144;112;144],1,[1;1;1],0,7,[1;-1;1],0,4},{'M',[1;1;16],1,[1;1;1],0,[0;0;4]},{'A',[17;-13;34],2,[9;-7;9],1,1,[-1;1;16],1,0},{'A',[33;31;33],1,[1;1;1],0,5,[1;-1;1],0,0},{'R',[1;1;1],1,[1;1;1],0},{'A',[35;33;31],2,[33;31;33],1,0,[1;1;-1],1,1},{'M',[8;1;8],1,[1;1;1],0,[3;0;3]},{'A',[116;126;116],2,[33;31;33],1,2,[-8;1;-8],1,1},{'M',[35;33;136],3,[17;-13;34],2,[NaN;NaN;2],[35;33;31],2,[0;0;NaN]},{'M',[928;-13;116],3,[17;-13;34],2,[NaN;0;NaN],[116;126;116],2,[3;NaN;0]},{'A',[963;20;252],4,[35;33;136],3,0,[928;-13;116],3,0},{'M',[33;31;18],2,[9;-7;9],1,[NaN;NaN;1],[33;31;33],1,[0;0;NaN]},{'M',[33;124;33],2,[33;31;33],1,[0;2;0]},{'A',[165;248;39],3,[33;31;18],2,2,[33;124;-33],2,0},{'M',[9;62;66],2,[9;-7;9],1,[0;NaN;NaN],[33;31;33],1,[NaN;1;1]},{'A',[455;566;398],3,[116;126;116],2,2,[-9;62;-66],2,0},{'M',[9;-7;18],2,[9;-7;9],1,[0;0;1]},{'A',[305;211;610],3,[17;-13;34],2,0,[9;7;18],2,5},{'M',[33;224;288],2,[144;112;144],1,[NaN;1;1],[33;31;33],1,[0;NaN;NaN]},{'M',[9;-7;528],2,[9;-7;9],1,[0;0;NaN],[33;31;33],1,[NaN;NaN;4]},{'A',[141;889;624],3,[33;224;288],2,2,[9;-7;-528],2,0},{'M',[232;33;34],3,[17;-13;34],2,[NaN;NaN;0],[35;33;31],2,[NaN;0;NaN],[116;126;116],2,[1;NaN;NaN]},{'A',[91;922;658],4,[232;33;34],3,0,[-141;889;624],3,0},{'M',[140;132;31],3,[35;33;31],2,[2;2;0]},{'A',[-955;-808;-209],4,[165;248;39],3,0,[-140;-132;-31],3,3},{'O',[963;20;252],4,[963;20;252],4,0},{'O',[955;808;209],4,[955;808;209],4,0},{'M',[564;211;610],4,[305;211;610],3,[NaN;0;0],[141;889;624],3,[2;NaN;NaN]},{'O',[564;211;610],4,[564;211;610],4,0},{'O',[91;922;658],4,[91;922;658],4,0},{'M',[455;566;156],4,[165;248;39],3,[NaN;NaN;2],[455;566;398],3,[0;0;NaN]},{'O',[455;566;156],4,[455;566;156],4,0}}
Adder graph: {{'A',[5;-3;5],1,[1;1;1],0,0,[1;-1;1],0,2},{'A',[15;3;15],2,[5;-3;5],1,0,[5;3;5],1,1},{'A',[15;17;17],1,[1;1;1],0,4,[-1;1;1],0,0},{'M',[256;256;1],1,[1;1;1],0,[8;8;0]},{'A',[-16;528;271],2,[15;17;17],1,4,[-256;256;-1],1,0},{'M',[120;-3;20],2,[5;-3;5],1,[NaN;0;2],[15;17;17],1,[3;NaN;NaN]},{'M',[5;34;34],2,[5;-3;5],1,[0;NaN;NaN],[15;17;17],1,[NaN;1;1]},{'A',[955;10;126],3,[120;-3;20],2,3,[-5;34;-34],2,0},{'M',[1;8;8],1,[1;1;1],0,[0;3;3]},{'A',[3;-19;21],2,[5;-3;5],1,0,[-1;-8;8],1,1},{'R',[15;17;17],2,[15;17;17],1},{'A',[28;988;610],3,[-16;528;271],2,1,[15;-17;17],2,2},{'M',[1;1;8],1,[1;1;1],0,[0;0;3]},{'M',[2;1;1],1,[1;1;1],0,[1;0;0]},{'A',[-63;33;-24],2,[1;1;8],1,0,[-2;1;-1],1,5},{'A',[250;-278;282],2,[5;-3;5],1,1,[15;-17;17],1,4},{'M',[250;-278;15],3,[15;3;15],2,[NaN;NaN;0],[250;-278;282],2,[0;0;NaN]},{'A',[455;566;156],4,[955;10;126],3,0,[-250;278;15],3,1},{'A',[963;211;939],3,[15;3;15],2,6,[3;19;-21],2,0},{'M',[60;544;17],2,[15;17;17],1,[2;5;0]},{'A',[564;808;209],3,[60;544;17],2,0,[63;33;24],2,3},{'M',[-63;66;-48],3,[-63;33;-24],2,[0;1;1]},{'A',[91;922;658],4,[28;988;610],3,0,[63;-66;48],3,0},{'M',[963;20;252],4,[955;10;126],3,[NaN;1;1],[963;211;939],3,[0;NaN;NaN]},{'O',[963;20;252],4,[963;20;252],4,0},{'M',[955;808;209],4,[955;10;126],3,[0;NaN;NaN],[564;808;209],3,[NaN;0;0]},{'O',[955;808;209],4,[955;808;209],4,0},{'M',[564;211;610],4,[28;988;610],3,[NaN;NaN;0],[963;211;939],3,[NaN;0;NaN],[564;808;209],3,[0;NaN;NaN]},{'O',[564;211;610],4,[564;211;610],4,0},{'O',[91;922;658],4,[91;922;658],4,0},{'O',[455;566;156],4,[455;566;156],4,0}}
Adder graph: {{'A',[14;14;18],1,[1;1;1],0,4,[-1;-1;1],0,1},{'M',[1;1;64],1,[1;1;1],0,[0;0;6]},{'A',[449;447;640],2,[14;14;18],1,5,[1;-1;64],1,0},{'A',[3;1;1],1,[1;1;1],0,1,[1;-1;-1],0,0},{'M',[4;1;1],1,[1;1;1],0,[2;0;0]},{'A',[35;-7;9],2,[3;1;1],1,0,[4;-1;1],1,3},{'M',[1;1;16],1,[1;1;1],0,[0;0;4]},{'A',[4;4;-30],2,[3;1;1],1,1,[-1;1;-16],1,1},{'A',[-60;-60;68],1,[1;1;1],0,2,[-1;-1;1],0,6},{'M',[6;14;18],2,[14;14;18],1,[NaN;0;0],[3;1;1],1,[1;NaN;NaN]},{'A',[455;461;658],3,[449;447;640],2,0,[6;14;18],2,0},{'M',[-60;-60;2],2,[3;1;1],1,[NaN;NaN;1],[-60;-60;68],1,[0;0;NaN]},{'M',[3;-120;1],2,[3;1;1],1,[0;NaN;0],[-60;-60;68],1,[NaN;1;NaN]},{'A',[-963;-840;31],3,[-60;-60;2],2,4,[-3;120;-1],2,0},{'A',[126;-118;138],2,[3;1;1],1,1,[60;-60;68],1,1},{'M',[4;-236;-30],3,[4;4;-30],2,[0;NaN;0],[126;-118;138],2,[NaN;1;NaN]},{'M',[560;447;640],3,[449;447;640],2,[NaN;0;0],[35;-7;9],2,[4;NaN;NaN]},{'A',[564;211;610],4,[4;-236;-30],3,0,[560;447;640],3,0},{'M',[28;1;36],2,[14;14;18],1,[1;NaN;1],[3;1;1],1,[NaN;0;NaN]},{'A',[91;-5;-63],3,[35;-7;9],2,0,[28;1;-36],2,1},{'M',[4;16;-120],3,[4;4;-30],2,[0;2;2]},{'A',[-955;-808;-209],4,[4;16;-120],3,1,[-963;-840;31],3,0},{'M',[448;448;18],2,[14;14;18],1,[5;5;0]},{'A',[574;566;156],3,[448;448;18],2,0,[126;118;138],2,0},{'M',[-963;-20;-252],4,[-963;-840;31],3,[0;NaN;NaN],[91;-5;-63],3,[NaN;2;2]},{'O',[963;20;252],4,[963;20;252],4,0},{'O',[955;808;209],4,[955;808;209],4,0},{'O',[564;211;610],4,[564;211;610],4,0},{'M',[91;922;658],4,[455;461;658],3,[NaN;1;0],[91;-5;-63],3,[0;NaN;NaN]},{'O',[91;922;658],4,[91;922;658],4,0},{'M',[455;566;156],4,[455;461;658],3,[0;NaN;NaN],[574;566;156],3,[NaN;0;0]},{'O',[455;566;156],4,[455;566;156],4,0}}
Adder graph: {{'A',[34;34;34],1,[1;1;1],0,5,[1;1;1],0,1},{'M',[1;1;2],1,[1;1;1],0,[0;0;1]},{'A',[67;67;66],2,[34;34;34],1,1,[-1;-1;-2],1,0},{'A',[65;65;65],1,[1;1;1],0,0,[1;1;1],0,6},{'A',[7;9;9],1,[1;1;1],0,3,[-1;1;1],0,0},{'A',[10;10;-6],1,[1;1;1],0,1,[1;1;-1],0,3},{'M',[7;144;-6],2,[7;9;9],1,[0;4;NaN],[10;10;-6],1,[NaN;NaN;0]},{'A',[141;10;126],3,[7;144;-6],2,0,[67;-67;66],2,1},{'M',[34;34;68],2,[34;34;34],1,[0;0;1]},{'M',[20;320;-6],2,[10;10;-6],1,[1;5;0]},{'A',[232;912;532],3,[34;34;68],2,3,[-20;320;-6],2,1},{'A',[45;85;53],2,[65;65;65],1,0,[-10;10;-6],1,1},{'A',[91;922;658],4,[232;912;532],3,0,[-141;10;126],3,0},{'M',[56;9;34],2,[34;34;34],1,[NaN;NaN;0],[7;9;9],1,[3;0;NaN]},{'A',[963;211;610],3,[67;67;66],2,0,[56;9;34],2,4},{'A',[252;324;324],2,[7;9;9],1,2,[7;9;9],1,5},{'M',[56;72;9],2,[7;9;9],1,[3;3;0]},{'M',[7;10;-6],2,[7;9;9],1,[0;NaN;NaN],[10;10;-6],1,[NaN;0;0]},{'A',[455;566;78],3,[56;72;9],2,3,[7;-10;6],2,0},{'M',[45;324;53],3,[45;85;53],2,[0;NaN;0],[252;324;324],2,[NaN;0;NaN]},{'A',[955;808;209],4,[455;566;78],3,1,[45;-324;53],3,0},{'M',[963;20;252],4,[141;10;126],3,[NaN;1;1],[963;211;610],3,[0;NaN;NaN]},{'O',[963;20;252],4,[963;20;252],4,0},{'O',[955;808;209],4,[955;808;209],4,0},{'M',[564;211;610],4,[141;10;126],3,[2;NaN;NaN],[963;211;610],3,[NaN;0;0]},{'O',[564;211;610],4,[564;211;610],4,0},{'O',[91;922;658],4,[91;922;658],4,0},{'M',[455;566;156],4,[455;566;78],3,[0;0;1]},{'O',[455;566;156],4,[455;566;156],4,0}}
Finished solving after 259194 seconds
Adder graph: {{'A',[34;34;34],1,[1;1;1],0,5,[1;1;1],0,1},{'M',[1;1;2],1,[1;1;1],0,[0;0;1]},{'A',[67;67;66],2,[34;34;34],1,1,[-1;-1;-2],1,0},{'A',[65;65;65],1,[1;1;1],0,0,[1;1;1],0,6},{'A',[7;9;9],1,[1;1;1],0,3,[-1;1;1],0,0},{'A',[10;10;-6],1,[1;1;1],0,1,[1;1;-1],0,3},{'M',[7;144;-6],2,[7;9;9],1,[0;4;NaN],[10;10;-6],1,[NaN;NaN;0]},{'A',[141;10;126],3,[7;144;-6],2,0,[67;-67;66],2,1},{'M',[34;34;68],2,[34;34;34],1,[0;0;1]},{'M',[20;320;-6],2,[10;10;-6],1,[1;5;0]},{'A',[232;912;532],3,[34;34;68],2,3,[-20;320;-6],2,1},{'A',[45;85;53],2,[65;65;65],1,0,[-10;10;-6],1,1},{'A',[91;922;658],4,[232;912;532],3,0,[-141;10;126],3,0},{'M',[56;9;34],2,[34;34;34],1,[NaN;NaN;0],[7;9;9],1,[3;0;NaN]},{'A',[963;211;610],3,[67;67;66],2,0,[56;9;34],2,4},{'A',[252;324;324],2,[7;9;9],1,2,[7;9;9],1,5},{'M',[56;72;9],2,[7;9;9],1,[3;3;0]},{'M',[7;10;-6],2,[7;9;9],1,[0;NaN;NaN],[10;10;-6],1,[NaN;0;0]},{'A',[455;566;78],3,[56;72;9],2,3,[7;-10;6],2,0},{'M',[45;324;53],3,[45;85;53],2,[0;NaN;0],[252;324;324],2,[NaN;0;NaN]},{'A',[955;808;209],4,[455;566;78],3,1,[45;-324;53],3,0},{'M',[963;20;252],4,[141;10;126],3,[NaN;1;1],[963;211;610],3,[0;NaN;NaN]},{'O',[963;20;252],4,[963;20;252],4,0},{'O',[955;808;209],4,[955;808;209],4,0},{'M',[564;211;610],4,[141;10;126],3,[2;NaN;NaN],[963;211;610],3,[NaN;0;0]},{'O',[564;211;610],4,[564;211;610],4,0},{'O',[91;922;658],4,[91;922;658],4,0},{'M',[455;566;156],4,[455;566;78],3,[0;0;1]},{'O',[455;566;156],4,[455;566;156],4,0}}
# Add optimal = 1
# Mux optimal = 0
# Mux registers optimal = 0
# FAs optimal = 0
