Adder graph: {{'A',[0,33],1,0,[0,1],0,5,[0,1],0,0},{'A',[64,-1],1,0,[1,0],0,6,[0,-1],0,0},{'A',[-8,1],1,0,[0,1],0,0,[-1,0],0,3},{'A',[-72,2],2,0,[-8,1],1,0,[-64,1],1,0},{'A',[-1,-4],2,3,[-8,1],1,0,[0,-33],1,0},{'A',[-8,34],2,0,[-8,1],1,0,[0,33],1,0},{'A',[-38,-7],3,1,[-1,-4],2,2,[-72,2],2,0},{'A',[-7,38],3,0,[-8,34],2,0,[1,4],2,0},{'O',[-7,38],3,[-7,38],3,0},{'O',[38,7],3,[38,7],3,0}}
Adder graph: {{'A',[2,1],1,0,[0,1],0,0,[1,0],0,1},{'A',[5,0],1,0,[1,0],0,2,[1,0],0,0},{'A',[1,4],1,0,[0,1],0,2,[1,0],0,0},{'A',[15,4],2,0,[2,1],1,3,[-1,-4],1,0},{'A',[9,36],2,0,[1,4],1,0,[1,4],1,3},{'A',[-8,1],2,0,[2,1],1,0,[-5,0],1,1},{'A',[-7,38],3,0,[9,36],2,0,[-8,1],2,1},{'A',[-38,-7],3,0,[-8,1],2,0,[-15,-4],2,1},{'O',[-7,38],3,[-7,38],3,0},{'O',[38,7],3,[38,7],3,0}}
Adder graph: {{'A',[4,1],1,0,[0,1],0,0,[1,0],0,2},{'A',[1,0],1,0,[1,0],0,1,[-1,0],0,0},{'A',[17,4],2,0,[4,1],1,2,[1,0],1,0},{'A',[4,-1],2,0,[1,0],1,3,[-4,-1],1,0},{'A',[38,7],3,0,[17,4],2,1,[4,-1],2,0},{'A',[0,9],1,0,[0,1],0,0,[0,1],0,3},{'A',[1,36],2,0,[1,0],1,0,[0,9],1,2},{'A',[-7,38],3,0,[1,36],2,0,[-4,1],2,1},{'O',[-7,38],3,[-7,38],3,0},{'O',[38,7],3,[38,7],3,0}}
Adder graph: {{'A',[0,1],1,1,[0,1],0,0,[0,1],0,0},{'A',[-15,0],1,0,[1,0],0,0,[-1,0],0,4},{'A',[-45,0],2,0,[-15,0],1,2,[15,0],1,0},{'A',[1,-1],1,0,[1,0],0,0,[0,-1],0,0},{'A',[7,-7],2,0,[1,-1],1,3,[-1,1],1,0},{'A',[-38,-7],3,0,[7,-7],2,0,[-45,0],2,0},{'A',[0,31],2,0,[0,1],1,5,[0,-1],1,0},{'A',[-7,38],3,0,[0,31],2,0,[-7,7],2,0},{'O',[-7,38],3,[-7,38],3,0},{'O',[38,7],3,[38,7],3,0}}
Adder graph: {{'A',[1,-1],1,0,[1,0],0,0,[0,-1],0,0},{'A',[8,1],1,0,[0,1],0,0,[1,0],0,3},{'A',[0,5],1,0,[0,1],0,2,[0,1],0,0},{'A',[10,-1],2,0,[1,-1],1,1,[8,1],1,0},{'A',[-7,-2],2,0,[1,-1],1,0,[-8,-1],1,0},{'A',[0,5],2,0,[0,5],1,1,[0,-5],1,0},{'A',[-38,-7],3,0,[-7,-2],2,2,[-10,1],2,0},{'A',[-7,38],3,0,[-7,-2],2,0,[0,5],2,3},{'O',[-7,38],3,[-7,38],3,0},{'O',[38,7],3,[38,7],3,0}}
Adder graph: {{'A',[5,0],1,0,[1,0],0,0,[1,0],0,2},{'A',[-1,2],1,0,[0,1],0,1,[-1,0],0,0},{'A',[0,1],1,0,[0,1],0,1,[0,-1],0,0},{'A',[-40,1],2,0,[0,1],1,0,[-5,0],1,3},{'A',[-1,4],2,0,[-1,2],1,0,[0,1],1,1},{'A',[38,7],3,0,[-1,4],2,1,[40,-1],2,0},{'A',[1,6],2,0,[0,1],1,3,[1,-2],1,0},{'A',[-7,38],3,0,[1,6],2,0,[-1,4],2,3},{'O',[-7,38],3,[-7,38],3,0},{'O',[38,7],3,[38,7],3,0}}
Adder graph: {{'A',[-1,0],1,0,[1,0],0,0,[-1,0],0,1},{'A',[-5,0],2,0,[-1,0],1,0,[-1,0],1,2},{'A',[1,-2],1,0,[1,0],0,0,[0,-1],0,1},{'A',[0,3],1,0,[0,1],0,2,[0,-1],0,0},{'A',[-2,7],2,0,[0,3],1,0,[-1,2],1,1},{'A',[-38,-7],3,0,[-5,0],2,3,[2,-7],2,0},{'A',[1,10],2,0,[1,-2],1,0,[0,3],1,2},{'A',[-7,38],3,0,[-2,7],2,2,[1,10],2,0},{'O',[-7,38],3,[-7,38],3,0},{'O',[38,7],3,[38,7],3,0}}
Adder graph: {{'A',[0,2],1,0,[0,1],0,0,[0,1],0,0},{'A',[2,-1],1,0,[1,0],0,1,[0,-1],0,0},{'A',[2,-9],2,0,[2,-1],1,0,[0,-2],1,2},{'A',[1,0],1,0,[1,0],0,1,[-1,0],0,0},{'A',[34,-1],2,0,[1,0],1,5,[2,-1],1,0},{'A',[1,2],2,0,[1,0],1,0,[0,2],1,0},{'A',[38,7],3,0,[34,-1],2,0,[1,2],2,2},{'A',[-7,38],3,0,[1,2],2,0,[-2,9],2,2},{'O',[-7,38],3,[-7,38],3,0},{'O',[38,7],3,[38,7],3,0}}
Adder graph: {{'A',[1,-2],1,0,[1,0],0,0,[0,-1],0,1},{'A',[2,1],1,0,[0,1],0,0,[1,0],0,1},{'A',[1,0],1,0,[1,0],0,1,[-1,0],0,0},{'A',[1,2],2,0,[1,0],1,1,[-1,2],1,0},{'A',[2,-9],2,0,[1,-2],1,2,[-2,-1],1,0},{'A',[7,-38],3,0,[2,-9],2,2,[-1,-2],2,0},{'A',[9,4],2,0,[2,1],1,2,[1,0],1,0},{'A',[38,7],3,0,[2,-9],2,0,[9,4],2,2},{'O',[-7,38],3,[-7,38],3,0},{'O',[38,7],3,[38,7],3,0}}
Finished solving after 29431.7 seconds
Adder graph: {{'A',[1,-2],1,0,[1,0],0,0,[0,-1],0,1},{'A',[2,1],1,0,[0,1],0,0,[1,0],0,1},{'A',[1,0],1,0,[1,0],0,1,[-1,0],0,0},{'A',[1,2],2,0,[1,0],1,1,[-1,2],1,0},{'A',[2,-9],2,0,[1,-2],1,2,[-2,-1],1,0},{'A',[7,-38],3,0,[2,-9],2,2,[-1,-2],2,0},{'A',[9,4],2,0,[2,1],1,2,[1,0],1,0},{'A',[38,7],3,0,[2,-9],2,0,[9,4],2,2},{'O',[-7,38],3,[-7,38],3,0},{'O',[38,7],3,[38,7],3,0}}
#Add optimal = 1
#FAs optimal = 1
