Adder graph: {{'A',[1,4],1,0,[1,0],0,0,[0,1],0,2},{'A',[9,36],2,0,[1,4],1,0,[1,4],1,3},{'A',[8,1],1,0,[0,1],0,0,[1,0],0,3},{'A',[12,17],2,0,[8,1],1,0,[1,4],1,2},{'A',[33,0],1,0,[1,0],0,5,[1,0],0,0},{'A',[65,-4],2,0,[33,0],1,1,[-1,-4],1,0},{'A',[21,53],3,0,[12,17],2,0,[9,36],2,0},{'A',[-53,21],3,0,[12,17],2,0,[-65,4],2,0},{'O',[21,53],3,[21,53],3,0},{'O',[53,-21],3,[53,-21],3,0}}
Adder graph: {{'A',[1,8],1,0,[0,1],0,3,[1,0],0,0},{'A',[4,-1],1,0,[1,0],0,2,[0,-1],0,0},{'A',[-1,8],1,0,[0,1],0,3,[-1,0],0,0},{'A',[-12,3],2,0,[4,-1],1,0,[-4,1],1,2},{'A',[-65,24],2,0,[-1,8],1,0,[-4,1],1,4},{'A',[9,56],2,0,[1,8],1,3,[1,-8],1,0},{'A',[21,53],3,0,[9,56],2,0,[12,-3],2,0},{'A',[53,-21],3,0,[-12,3],2,0,[65,-24],2,0},{'O',[21,53],3,[21,53],3,0},{'O',[53,-21],3,[53,-21],3,0}}
Adder graph: {{'A',[1,1],1,0,[0,1],0,0,[1,0],0,0},{'A',[1,2],1,0,[0,1],0,1,[1,0],0,0},{'A',[-15,-15],2,0,[1,1],1,0,[-1,-1],1,4},{'A',[9,17],2,0,[1,1],1,0,[1,2],1,3},{'A',[33,0],1,0,[1,0],0,5,[1,0],0,0},{'A',[31,-2],2,0,[33,0],1,0,[-1,-1],1,1},{'A',[21,53],3,0,[-15,-15],2,0,[9,17],2,2},{'A',[53,-21],3,0,[31,-2],2,1,[-9,-17],2,0},{'O',[21,53],3,[21,53],3,0},{'O',[53,-21],3,[53,-21],3,0}}
Adder graph: {{'A',[5,0],1,0,[1,0],0,0,[1,0],0,2},{'A',[2,1],1,0,[0,1],0,0,[1,0],0,1},{'A',[37,16],2,0,[2,1],1,4,[5,0],1,0},{'A',[0,5],1,0,[0,1],0,0,[0,1],0,2},{'A',[1,-2],1,0,[1,0],0,0,[0,-1],0,1},{'A',[-16,37],2,0,[0,5],1,0,[-1,2],1,4},{'A',[21,53],3,0,[37,16],2,0,[-16,37],2,0},{'A',[-53,21],3,0,[-16,37],2,0,[-37,-16],2,0},{'O',[21,53],3,[21,53],3,0},{'O',[53,-21],3,[53,-21],3,0}}
Adder graph: {{'A',[1,-1],1,0,[1,0],0,0,[0,-1],0,0},{'A',[3,-3],2,0,[1,-1],1,1,[1,-1],1,0},{'A',[2,-1],1,0,[1,0],0,1,[0,-1],0,0},{'A',[7,-3],2,0,[2,-1],1,2,[-1,1],1,0},{'A',[-53,21],3,0,[3,-3],2,0,[-7,3],2,3},{'A',[1,4],1,0,[1,0],0,0,[0,1],0,2},{'A',[-7,-28],2,0,[1,4],1,0,[-1,-4],1,3},{'A',[21,53],3,0,[7,-3],2,0,[7,28],2,1},{'O',[21,53],3,[21,53],3,0},{'O',[53,-21],3,[53,-21],3,0}}
Adder graph: {{'A',[1,1],1,0,[1,0],0,0,[0,1],0,0},{'A',[1,-1],1,0,[1,0],0,0,[0,-1],0,0},{'A',[5,-5],2,0,[1,-1],1,0,[1,-1],1,2},{'A',[3,-1],2,0,[1,1],1,0,[1,-1],1,1},{'A',[9,9],2,0,[1,1],1,0,[1,1],1,3},{'A',[53,-21],3,0,[5,-5],2,0,[3,-1],2,4},{'A',[-15,17],2,0,[1,1],1,0,[-1,1],1,4},{'A',[21,53],3,0,[9,9],2,2,[-15,17],2,0},{'O',[21,53],3,[21,53],3,0},{'O',[53,-21],3,[53,-21],3,0}}
Adder graph: {{'A',[1,1],1,0,[0,1],0,0,[1,0],0,0},{'A',[1,-1],1,0,[1,0],0,0,[0,-1],0,0},{'A',[5,5],2,0,[1,1],1,0,[1,1],1,2},{'A',[-1,-3],2,0,[1,-1],1,0,[-1,-1],1,1},{'A',[5,-5],2,0,[1,-1],1,0,[1,-1],1,2},{'A',[3,-1],2,0,[1,-1],1,1,[1,1],1,0},{'A',[21,53],3,0,[5,5],2,0,[1,3],2,4},{'A',[53,-21],3,0,[3,-1],2,4,[5,-5],2,0},{'O',[21,53],3,[21,53],3,0},{'O',[53,-21],3,[53,-21],3,0}}
Adder graph: {{'A',[1,-1],1,0,[1,0],0,0,[0,-1],0,0},{'A',[5,-5],2,0,[1,-1],1,0,[1,-1],1,2},{'A',[1,1],1,0,[1,0],0,0,[0,1],0,0},{'A',[3,-1],2,0,[1,1],1,0,[1,-1],1,1},{'A',[5,5],2,0,[1,1],1,2,[1,1],1,0},{'A',[53,-21],3,0,[3,-1],2,4,[5,-5],2,0},{'A',[1,3],2,0,[1,1],1,1,[-1,1],1,0},{'A',[21,53],3,0,[5,5],2,0,[1,3],2,4},{'O',[21,53],3,[21,53],3,0},{'O',[53,-21],3,[53,-21],3,0}}
Finished solving after 14709.2 seconds
Adder graph: {{'A',[1,-1],1,0,[1,0],0,0,[0,-1],0,0},{'A',[5,-5],2,0,[1,-1],1,0,[1,-1],1,2},{'A',[1,1],1,0,[1,0],0,0,[0,1],0,0},{'A',[3,-1],2,0,[1,1],1,0,[1,-1],1,1},{'A',[5,5],2,0,[1,1],1,2,[1,1],1,0},{'A',[53,-21],3,0,[3,-1],2,4,[5,-5],2,0},{'A',[1,3],2,0,[1,1],1,1,[-1,1],1,0},{'A',[21,53],3,0,[5,5],2,0,[1,3],2,4},{'O',[21,53],3,[21,53],3,0},{'O',[53,-21],3,[53,-21],3,0}}
#Add optimal = 1
#FAs optimal = 1
