Adder graph: {{'M',[4;1;16],1,[1;1;1],0,[2;0;4]},{'M',[1;8;1],1,[1;1;1],0,[0;3;0]},{'A',[7;-6;31],2,[4;1;16],1,1,[-1;-8;-1],1,0},{'M',[7;-12;2],3,[1;1;1],0,[NaN;NaN;1],[7;-6;31],2,[0;1;NaN]},{'M',[14;8;1],3,[1;1;1],0,[NaN;3;0],[7;-6;31],2,[1;NaN;NaN]},{'A',[-105;52;-6],4,[7;-12;2],3,0,[-14;8;-1],3,3},{'M',[1;1;128],1,[1;1;1],0,[0;0;7]},{'M',[32;128;-6],5,[1;1;1],0,[5;7;NaN],[-105;52;-6],4,[NaN;NaN;0]},{'A',[-31;-127;134],6,[1;1;128],1,0,[-32;-128;6],5,0},{'M',[4;16;134],7,[1;1;1],0,[2;4;NaN],[-31;-127;134],6,[NaN;NaN;0]},{'M',[7;-127;31],7,[7;-6;31],2,[0;NaN;0],[-31;-127;134],6,[NaN;0;NaN]},{'A',[9;191;505],8,[4;16;134],7,2,[-7;127;-31],7,0},{'M',[144;-6;-192],9,[7;-6;31],2,[NaN;0;NaN],[-105;52;-6],4,[NaN;NaN;5],[9;191;505],8,[4;NaN;NaN]},{'M',[-62;64;-6],7,[1;1;1],0,[NaN;6;NaN],[-105;52;-6],4,[NaN;NaN;0],[-31;-127;134],6,[1;NaN;NaN]},{'A',[268;-134;-180],10,[144;-6;-192],9,0,[62;-64;6],7,1},{'M',[36;256;-180],11,[1;1;1],0,[NaN;8;NaN],[9;191;505],8,[2;NaN;NaN],[268;-134;-180],10,[NaN;NaN;0]},{'M',[896;-6;505],9,[7;-6;31],2,[7;0;NaN],[9;191;505],8,[NaN;NaN;0]},{'A',[-860;262;-685],12,[36;256;-180],11,0,[-896;6;-505],9,0},{'M',[9;-508;31],9,[7;-6;31],2,[NaN;NaN;0],[-31;-127;134],6,[NaN;2;NaN],[9;191;505],8,[0;NaN;NaN]},{'M',[-105;52;-685],13,[-105;52;-6],4,[0;0;NaN],[-860;262;-685],12,[NaN;NaN;0]},{'A',[123;-964;747],14,[9;-508;31],9,1,[105;52;685],13,0},{'M',[128;-536;134],11,[1;1;1],0,[7;NaN;NaN],[-31;-127;134],6,[NaN;NaN;0],[268;-134;-180],10,[NaN;2;NaN]},{'M',[-105;-127;-48],7,[-105;52;-6],4,[0;NaN;3],[-31;-127;134],6,[NaN;0;NaN]},{'A',[23;-663;182],12,[128;-536;134],11,0,[-105;-127;48],7,0},{'M',[-105;-964;-768],15,[-105;52;-6],4,[0;NaN;7],[123;-964;747],14,[NaN;0;NaN]},{'O',[105;964;768],15,[105;964;768],15,0},{'M',[-860;-663;-685],13,[-860;262;-685],12,[0;NaN;0],[23;-663;182],12,[NaN;0;NaN]},{'O',[860;663;685],13,[860;663;685],13,0},{'M',[246;52;364],15,[-105;52;-6],4,[NaN;0;NaN],[123;-964;747],14,[1;NaN;NaN],[23;-663;182],12,[NaN;NaN;1]},{'O',[246;52;364],15,[246;52;364],15,0},{'M',[268;262;747],15,[268;-134;-180],10,[0;NaN;NaN],[-860;262;-685],12,[NaN;0;NaN],[123;-964;747],14,[NaN;NaN;0]},{'O',[268;262;747],15,[268;262;747],15,0},{'M',[184;382;505],13,[9;191;505],8,[NaN;1;0],[23;-663;182],12,[3;NaN;NaN]},{'O',[368;764;1010],13,[184;382;505],13,1}}
Adder graph: {{'M',[8;8;1],1,[1;1;1],0,[3;3;0]},{'M',[2;1;1],1,[1;1;1],0,[1;0;0]},{'A',[124;130;14],2,[8;8;1],1,4,[-2;1;-1],1,1},{'M',[8;1;256],1,[1;1;1],0,[3;0;8]},{'M',[16;2;14],3,[1;1;1],0,[4;1;NaN],[124;130;14],2,[NaN;NaN;0]},{'A',[136;-15;368],4,[8;1;256],1,0,[16;-2;14],3,3},{'M',[32;1;1],1,[1;1;1],0,[5;0;0]},{'M',[124;130;4],3,[1;1;1],0,[NaN;NaN;2],[124;130;14],2,[0;0;NaN]},{'A',[-92;131;-3],4,[32;1;1],1,0,[-124;130;-4],3,0},{'M',[136;2;2],5,[1;1;1],0,[NaN;1;1],[136;-15;368],4,[0;NaN;NaN]},{'M',[4;262;368],5,[1;1;1],0,[2;NaN;NaN],[136;-15;368],4,[NaN;NaN;0],[-92;131;-3],4,[NaN;1;NaN]},{'A',[268;266;-364],6,[136;2;2],5,1,[-4;262;-368],5,0},{'M',[1;131;-3],5,[1;1;1],0,[0;NaN;NaN],[-92;131;-3],4,[NaN;0;0]},{'M',[4;266;368],7,[1;1;1],0,[2;NaN;NaN],[136;-15;368],4,[NaN;NaN;0],[268;266;-364],6,[NaN;0;NaN]},{'A',[-7;663;733],8,[1;131;-3],5,0,[-4;266;368],7,1},{'M',[2;130;14],3,[1;1;1],0,[1;NaN;NaN],[124;130;14],2,[NaN;0;0]},{'M',[124;256;512],3,[1;1;1],0,[NaN;8;9],[124;130;14],2,[0;NaN;NaN]},{'A',[-246;-382;-1010],4,[2;130;14],3,0,[-124;-256;-512],3,1},{'M',[-112;-15;733],9,[136;-15;368],4,[NaN;0;NaN],[-7;663;733],8,[4;NaN;0]},{'M',[-7;2;-48],9,[1;1;1],0,[NaN;1;NaN],[-92;131;-3],4,[NaN;NaN;4],[-7;663;733],8,[0;NaN;NaN]},{'A',[-105;-13;685],10,[-112;-15;733],9,0,[7;2;-48],9,0},{'M',[124;-240;14],5,[124;130;14],2,[0;NaN;0],[136;-15;368],4,[NaN;4;NaN]},{'M',[-736;1;733],9,[1;1;1],0,[NaN;0;NaN],[-92;131;-3],4,[3;NaN;NaN],[-7;663;733],8,[NaN;NaN;0]},{'A',[860;-241;747],10,[124;-240;14],5,0,[736;-1;733],9,0},{'M',[-105;-964;-768],11,[-92;131;-3],4,[NaN;NaN;8],[-105;-13;685],10,[0;NaN;NaN],[860;-241;747],10,[NaN;2;NaN]},{'O',[105;964;768],11,[105;964;768],11,0},{'M',[860;663;685],11,[-7;663;733],8,[NaN;0;NaN],[-105;-13;685],10,[NaN;NaN;0],[860;-241;747],10,[0;NaN;NaN]},{'O',[860;663;685],11,[860;663;685],11,0},{'M',[-246;-52;-364],11,[268;266;-364],6,[NaN;NaN;0],[-246;-382;-1010],4,[0;NaN;NaN],[-105;-13;685],10,[NaN;2;NaN]},{'O',[246;52;364],11,[246;52;364],11,0},{'M',[268;262;747],11,[-92;131;-3],4,[NaN;1;NaN],[268;266;-364],6,[0;NaN;NaN],[860;-241;747],10,[NaN;NaN;0]},{'O',[268;262;747],11,[268;262;747],11,0},{'M',[-368;-764;-1010],5,[-92;131;-3],4,[2;NaN;NaN],[-246;-382;-1010],4,[NaN;1;0]},{'O',[368;764;1010],5,[368;764;1010],5,0}}
Adder graph: {{'M',[1;1;32],1,[1;1;1],0,[0;0;5]},{'M',[4;4;1],1,[1;1;1],0,[2;2;0]},{'A',[-3;-3;31],2,[1;1;32],1,0,[-4;-4;-1],1,0},{'M',[-3;-12;1],3,[1;1;1],0,[NaN;NaN;0],[-3;-3;31],2,[0;2;NaN]},{'M',[128;1;8],1,[1;1;1],0,[7;0;3]},{'A',[-134;-25;-6],4,[-3;-12;1],3,1,[-128;-1;-8],1,0},{'M',[-3;-3;-6],5,[-3;-3;31],2,[0;0;NaN],[-134;-25;-6],4,[NaN;NaN;0]},{'M',[-3;8;8],3,[1;1;1],0,[NaN;3;3],[-3;-3;31],2,[0;NaN;NaN]},{'A',[-51;-131;-134],6,[-3;-3;-6],5,0,[-3;-8;-8],3,4},{'M',[1;-50;-12],5,[1;1;1],0,[0;NaN;NaN],[-134;-25;-6],4,[NaN;1;1]},{'M',[-24;-24;31],3,[-3;-3;31],2,[3;3;0]},{'A',[-23;-26;-43],6,[1;-50;-12],5,0,[-24;24;-31],3,0},{'M',[-51;-131;-268],7,[-51;-131;-134],6,[0;0;1]},{'M',[-3;-96;31],3,[-3;-3;31],2,[0;5;0]},{'A',[-105;-166;-505],8,[-51;-131;-268],7,1,[-3;96;31],3,0},{'M',[128;-384;-134],7,[1;1;1],0,[7;NaN;NaN],[-3;-3;31],2,[NaN;7;NaN],[-51;-131;-134],6,[NaN;NaN;0]},{'M',[-3;2;-43],7,[1;1;1],0,[NaN;1;NaN],[-3;-3;31],2,[0;NaN;NaN],[-23;-26;-43],6,[NaN;NaN;0]},{'A',[125;-382;-91],8,[128;-384;-134],7,0,[-3;2;43],7,0},{'M',[-92;-382;-728],9,[-23;-26;-43],6,[2;NaN;NaN],[125;-382;-91],8,[NaN;0;3]},{'M',[-768;-100;-43],7,[-3;-3;31],2,[8;NaN;NaN],[-134;-25;-6],4,[NaN;2;NaN],[-23;-26;-43],6,[NaN;NaN;0]},{'A',[-860;-482;-685],10,[-92;-382;-728],9,0,[-768;-100;43],7,0},{'M',[2;1;-685],11,[1;1;1],0,[1;0;NaN],[-860;-482;-685],10,[NaN;NaN;0]},{'M',[125;-664;62],9,[-3;-3;31],2,[NaN;NaN;1],[-105;-166;-505],8,[NaN;2;NaN],[125;-382;-91],8,[0;NaN;NaN]},{'A',[-123;-663;-747],12,[2;1;-685],11,0,[-125;-664;-62],9,0},{'M',[-105;-964;-768],11,[-134;-25;-6],4,[NaN;NaN;7],[-105;-166;-505],8,[0;NaN;NaN],[-860;-482;-685],10,[NaN;1;NaN]},{'O',[105;964;768],11,[105;964;768],11,0},{'M',[-860;-663;-685],13,[-860;-482;-685],10,[0;NaN;0],[-123;-663;-747],12,[NaN;0;NaN]},{'O',[860;663;685],13,[860;663;685],13,0},{'M',[-123;-26;-182],13,[-23;-26;-43],6,[NaN;0;NaN],[125;-382;-91],8,[NaN;NaN;1],[-123;-663;-747],12,[0;NaN;NaN]},{'O',[246;52;364],13,[123;26;182],13,1},{'M',[-268;-262;-747],13,[-134;-25;-6],4,[1;NaN;NaN],[-51;-131;-134],6,[NaN;1;NaN],[-123;-663;-747],12,[NaN;NaN;0]},{'O',[268;262;747],13,[268;262;747],13,0},{'M',[-184;-382;-505],9,[-23;-26;-43],6,[3;NaN;NaN],[-105;-166;-505],8,[NaN;NaN;0],[125;-382;-91],8,[NaN;0;NaN]},{'O',[368;764;1010],9,[184;382;505],9,1}}
Adder graph: {{'M',[1;1;2],1,[1;1;1],0,[0;0;1]},{'M',[2;1;32],1,[1;1;1],0,[1;0;5]},{'A',[-7;-3;-126],2,[1;1;2],1,0,[-2;-1;-32],1,2},{'M',[1;-6;1],3,[1;1;1],0,[0;NaN;0],[-7;-3;-126],2,[NaN;1;NaN]},{'A',[31;-191;31],4,[1;-6;1],3,5,[-1;1;-1],0,0},{'M',[-7;-48;2],3,[1;1;1],0,[NaN;NaN;1],[-7;-3;-126],2,[0;4;NaN]},{'M',[-7;4;16],3,[1;1;1],0,[NaN;2;4],[-7;-3;-126],2,[0;NaN;NaN]},{'A',[-7;-100;-12],4,[-7;-48;2],3,1,[7;-4;-16],3,0},{'M',[-28;-191;62],5,[-7;-3;-126],2,[2;NaN;NaN],[31;-191;31],4,[NaN;0;1]},{'M',[-7;-100;-126],5,[-7;-3;-126],2,[NaN;NaN;0],[-7;-100;-12],4,[0;0;NaN]},{'A',[-105;-664;374],6,[-28;-191;62],5,2,[7;100;126],5,0},{'M',[124;-6;374],7,[-7;-3;-126],2,[NaN;1;NaN],[31;-191;31],4,[2;NaN;NaN],[-105;-664;374],6,[NaN;NaN;0]},{'M',[1;32;-192],5,[1;1;1],0,[0;5;NaN],[-7;-100;-12],4,[NaN;NaN;4]},{'A',[123;26;182],8,[124;-6;374],7,0,[-1;32;-192],5,0},{'M',[-56;64;374],7,[1;1;1],0,[NaN;6;NaN],[-7;-3;-126],2,[3;NaN;NaN],[-105;-664;374],6,[NaN;NaN;0]},{'M',[246;-3;1],9,[1;1;1],0,[NaN;NaN;0],[-7;-3;-126],2,[NaN;0;NaN],[123;26;182],8,[1;NaN;NaN]},{'A',[134;131;747],10,[-56;64;374],7,1,[246;3;-1],9,0},{'M',[492;-100;747],11,[-7;-100;-12],4,[NaN;0;NaN],[123;26;182],8,[2;NaN;NaN],[134;131;747],10,[NaN;NaN;0]},{'A',[-430;-482;-685],12,[31;-191;31],4,1,[-492;-100;-747],11,0},{'M',[-430;-664;-504],13,[-7;-3;-126],2,[NaN;NaN;2],[-105;-664;374],6,[NaN;0;NaN],[-430;-482;-685],12,[0;NaN;NaN]},{'M',[246;1;1],9,[1;1;1],0,[NaN;0;0],[123;26;182],8,[1;NaN;NaN]},{'A',[-184;-663;-505],14,[-430;-664;-504],13,0,[246;1;-1],9,0},{'M',[-105;-964;-768],13,[-7;-100;-12],4,[NaN;NaN;6],[-105;-664;374],6,[0;NaN;NaN],[-430;-482;-685],12,[NaN;1;NaN]},{'O',[105;964;768],13,[105;964;768],13,0},{'M',[-860;-663;-685],15,[-430;-482;-685],12,[1;NaN;0],[-184;-663;-505],14,[NaN;0;NaN]},{'O',[860;663;685],15,[860;663;685],15,0},{'O',[246;52;364],8,[123;26;182],8,1},{'M',[268;262;747],11,[134;131;747],10,[1;1;0]},{'O',[268;262;747],11,[268;262;747],11,0},{'M',[-184;-382;-505],15,[31;-191;31],4,[NaN;1;NaN],[-184;-663;-505],14,[0;NaN;0]},{'O',[368;764;1010],15,[184;382;505],15,1}}
Adder graph: {{'M',[1;1;32],1,[1;1;1],0,[0;0;5]},{'M',[64;128;1],1,[1;1;1],0,[6;7;0]},{'A',[65;-127;31],2,[1;1;32],1,0,[64;-128;-1],1,0},{'M',[1;1;62],3,[1;1;1],0,[0;0;NaN],[65;-127;31],2,[NaN;NaN;1]},{'M',[65;32;32],3,[1;1;1],0,[NaN;5;5],[65;-127;31],2,[0;NaN;NaN]},{'A',[67;-30;92],4,[1;1;62],3,1,[65;-32;-32],3,0},{'M',[1;-480;1],5,[1;1;1],0,[0;NaN;0],[67;-30;92],4,[NaN;4;NaN]},{'M',[1;-127;31],3,[1;1;1],0,[0;NaN;NaN],[65;-127;31],2,[NaN;0;0]},{'A',[-7;536;249],6,[1;-480;1],5,0,[-1;127;31],3,3},{'M',[260;536;249],7,[65;-127;31],2,[2;NaN;NaN],[-7;536;249],6,[NaN;0;0]},{'M',[536;-127;498],7,[65;-127;31],2,[NaN;0;NaN],[67;-30;92],4,[3;NaN;NaN],[-7;536;249],6,[NaN;NaN;1]},{'A',[796;663;747],8,[260;536;249],7,0,[536;127;498],7,0},{'M',[8;8;1],1,[1;1;1],0,[3;3;0]},{'M',[-28;-127;32],7,[1;1;1],0,[NaN;NaN;5],[65;-127;31],2,[NaN;0;NaN],[-7;536;249],6,[2;NaN;NaN]},{'A',[184;382;-48],8,[8;8;1],1,4,[28;127;-32],7,1},{'M',[-56;4;1],7,[1;1;1],0,[NaN;2;0],[-7;536;249],6,[3;NaN;NaN]},{'M',[67;-127;92],5,[65;-127;31],2,[NaN;0;NaN],[67;-30;92],4,[0;NaN;0]},{'A',[-246;262;-182],8,[-56;4;1],7,1,[-67;127;-92],5,1},{'M',[-7;-60;16],7,[1;1;1],0,[NaN;NaN;4],[67;-30;92],4,[NaN;1;NaN],[-7;536;249],6,[0;NaN;NaN]},{'M',[-7;4;249],7,[1;1;1],0,[NaN;2;NaN],[-7;536;249],6,[0;NaN;0]},{'A',[-105;-964;505],8,[-7;-60;16],7,4,[7;-4;249],7,0},{'M',[796;-30;747],9,[67;-30;92],4,[NaN;0;NaN],[796;663;747],8,[0;NaN;0]},{'M',[32;2;31],3,[1;1;1],0,[5;1;NaN],[65;-127;31],2,[NaN;NaN;0]},{'A',[860;-26;685],10,[796;-30;747],9,0,[32;2;-31],3,1},{'M',[-105;-964;-768],9,[184;382;-48],8,[NaN;NaN;4],[-105;-964;505],8,[0;0;NaN]},{'O',[105;964;768],9,[105;964;768],9,0},{'M',[860;663;685],11,[796;663;747],8,[NaN;0;NaN],[860;-26;685],10,[0;NaN;0]},{'O',[860;663;685],11,[860;663;685],11,0},{'M',[-246;-52;-364],11,[-246;262;-182],8,[0;NaN;1],[860;-26;685],10,[NaN;1;NaN]},{'O',[246;52;364],11,[246;52;364],11,0},{'M',[268;262;747],9,[67;-30;92],4,[2;NaN;NaN],[796;663;747],8,[NaN;NaN;0],[-246;262;-182],8,[NaN;0;NaN]},{'O',[268;262;747],9,[268;262;747],9,0},{'M',[184;382;505],9,[184;382;-48],8,[0;0;NaN],[-105;-964;505],8,[NaN;NaN;0]},{'O',[368;764;1010],9,[184;382;505],9,1}}
Adder graph: {{'M',[1;1;32],1,[1;1;1],0,[0;0;5]},{'M',[4;1;4],1,[1;1;1],0,[2;0;2]},{'A',[-7;3;24],2,[1;1;32],1,0,[-4;1;-4],1,1},{'M',[-7;64;8],3,[1;1;1],0,[NaN;6;3],[-7;3;24],2,[0;NaN;NaN]},{'M',[-28;12;1],3,[1;1;1],0,[NaN;NaN;0],[-7;3;24],2,[2;2;NaN]},{'A',[21;52;7],4,[-7;64;8],3,0,[28;-12;-1],3,0},{'M',[4;4;7],5,[1;1;1],0,[2;2;NaN],[21;52;7],4,[NaN;NaN;0]},{'M',[1;24;16],3,[1;1;1],0,[0;NaN;4],[-7;3;24],2,[NaN;3;NaN]},{'A',[36;772;-505],6,[4;4;7],5,0,[1;24;-16],3,5},{'M',[21;1;7],5,[1;1;1],0,[NaN;0;NaN],[21;52;7],4,[0;NaN;0]},{'M',[21;48;7],5,[-7;3;24],2,[NaN;4;NaN],[21;52;7],4,[0;NaN;0]},{'A',[105;-191;-21],6,[21;1;7],5,0,[21;-48;-7],5,2},{'M',[36;1;1],7,[1;1;1],0,[NaN;0;0],[36;772;-505],6,[0;NaN;NaN]},{'M',[-28;24;-21],7,[-7;3;24],2,[2;3;NaN],[105;-191;-21],6,[NaN;NaN;0]},{'A',[-860;-767;-671],8,[36;1;1],7,0,[-28;-24;-21],7,5},{'M',[105;772;-21],7,[36;772;-505],6,[NaN;0;NaN],[105;-191;-21],6,[0;NaN;0]},{'M',[4;6;24],3,[1;1;1],0,[2;NaN;NaN],[-7;3;24],2,[NaN;1;0]},{'A',[-23;964;747],8,[105;772;-21],7,0,[-4;6;24],3,5},{'M',[288;-767;-671],9,[36;772;-505],6,[3;NaN;NaN],[-860;-767;-671],8,[NaN;0;0]},{'A',[246;-663;-685],10,[288;-767;-671],9,0,[-21;52;-7],4,1},{'M',[42;3;14],5,[-7;3;24],2,[NaN;0;NaN],[21;52;7],4,[1;NaN;1]},{'M',[-23;32;-42],9,[1;1;1],0,[NaN;5;NaN],[105;-191;-21],6,[NaN;NaN;1],[-23;964;747],8,[0;NaN;NaN]},{'A',[134;131;182],10,[42;3;14],5,0,[23;32;42],9,2},{'M',[105;964;768],9,[-7;3;24],2,[NaN;NaN;5],[105;-191;-21],6,[0;NaN;NaN],[-23;964;747],8,[NaN;0;NaN]},{'O',[105;964;768],9,[105;964;768],9,0},{'M',[-860;-663;-685],11,[-860;-767;-671],8,[0;NaN;NaN],[246;-663;-685],10,[NaN;0;0]},{'O',[860;663;685],11,[860;663;685],11,0},{'M',[246;52;364],11,[21;52;7],4,[NaN;0;NaN],[246;-663;-685],10,[0;NaN;NaN],[134;131;182],10,[NaN;NaN;1]},{'O',[246;52;364],11,[246;52;364],11,0},{'M',[268;262;747],11,[-23;964;747],8,[NaN;NaN;0],[134;131;182],10,[1;1;NaN]},{'O',[268;262;747],11,[268;262;747],11,0},{'M',[-184;-382;-505],9,[36;772;-505],6,[NaN;NaN;0],[105;-191;-21],6,[NaN;1;NaN],[-23;964;747],8,[3;NaN;NaN]},{'O',[368;764;1010],9,[184;382;505],9,1}}
Adder graph: {{'M',[128;1;1],1,[1;1;1],0,[7;0;0]},{'A',[124;-3;-3],2,[128;1;1],1,0,[-1;-1;-1],0,2},{'M',[1;32;32],1,[1;1;1],0,[0;5;5]},{'M',[128;-3;-768],3,[1;1;1],0,[7;NaN;NaN],[124;-3;-3],2,[NaN;0;8]},{'A',[-127;35;-736],4,[1;32;32],1,0,[-128;3;-768],3,0},{'M',[8;35;512],5,[1;1;1],0,[3;NaN;9],[-127;35;-736],4,[NaN;0;NaN]},{'M',[1;4;-3],3,[1;1;1],0,[0;2;NaN],[124;-3;-3],2,[NaN;NaN;0]},{'A',[7;39;509],6,[8;35;512],5,0,[-1;4;-3],3,0},{'M',[64;35;8],5,[1;1;1],0,[6;NaN;3],[-127;35;-736],4,[NaN;0;NaN]},{'M',[28;156;-3],7,[124;-3;-3],2,[NaN;NaN;0],[7;39;509],6,[2;2;NaN]},{'A',[92;191;11],8,[64;35;8],5,0,[28;156;3],7,0},{'M',[-127;35;176],9,[-127;35;-736],4,[0;0;NaN],[92;191;11],8,[NaN;NaN;4]},{'M',[7;-48;509],7,[124;-3;-3],2,[NaN;4;NaN],[7;39;509],6,[0;NaN;0]},{'A',[-134;-13;685],10,[-127;35;176],9,0,[-7;-48;509],7,0},{'M',[28;70;1],7,[1;1;1],0,[NaN;NaN;0],[-127;35;-736],4,[NaN;1;NaN],[7;39;509],6,[2;NaN;NaN]},{'A',[-105;-241;505],8,[7;39;509],6,0,[-28;-70;-1],7,2},{'M',[124;624;-3],7,[124;-3;-3],2,[0;NaN;0],[7;39;509],6,[NaN;4;NaN]},{'M',[736;39;88],9,[7;39;509],6,[NaN;0;NaN],[92;191;11],8,[3;NaN;3]},{'A',[860;663;-91],10,[124;624;-3],7,0,[736;39;-88],9,0},{'M',[8;-192;-736],5,[1;1;1],0,[3;NaN;NaN],[124;-3;-3],2,[NaN;6;NaN],[-127;35;-736],4,[NaN;NaN;0]},{'M',[-254;70;11],9,[-127;35;-736],4,[1;1;NaN],[92;191;11],8,[NaN;NaN;0]},{'A',[-246;-262;-747],10,[8;-192;-736],5,0,[-254;-70;-11],9,0},{'M',[-105;-964;-768],9,[124;-3;-3],2,[NaN;NaN;8],[-105;-241;505],8,[0;2;NaN]},{'O',[105;964;768],9,[105;964;768],9,0},{'M',[860;663;685],11,[-134;-13;685],10,[NaN;NaN;0],[860;663;-91],10,[0;0;NaN]},{'O',[860;663;685],11,[860;663;685],11,0},{'M',[-246;-52;-364],11,[-134;-13;685],10,[NaN;2;NaN],[860;663;-91],10,[NaN;NaN;2],[-246;-262;-747],10,[0;NaN;NaN]},{'O',[246;52;364],11,[246;52;364],11,0},{'M',[-268;-262;-747],11,[-134;-13;685],10,[1;NaN;NaN],[-246;-262;-747],10,[NaN;0;0]},{'O',[268;262;747],11,[268;262;747],11,0},{'M',[184;382;505],9,[92;191;11],8,[1;1;NaN],[-105;-241;505],8,[NaN;NaN;0]},{'O',[368;764;1010],9,[184;382;505],9,1}}
Adder graph: {{'M',[16;1;4],1,[1;1;1],0,[4;0;2]},{'M',[4;8;1],1,[1;1;1],0,[2;3;0]},{'A',[36;-6;7],2,[16;1;4],1,1,[4;-8;-1],1,0},{'M',[1;2;7],3,[1;1;1],0,[0;1;NaN],[36;-6;7],2,[NaN;NaN;0]},{'M',[36;-384;512],3,[1;1;1],0,[NaN;NaN;9],[36;-6;7],2,[0;6;NaN]},{'A',[-35;-382;-505],4,[1;2;7],3,0,[-36;-384;-512],3,0},{'M',[-35;-768;896],5,[36;-6;7],2,[NaN;7;7],[-35;-382;-505],4,[0;NaN;NaN]},{'M',[-140;1;128],5,[1;1;1],0,[NaN;0;7],[-35;-382;-505],4,[2;NaN;NaN]},{'A',[105;-767;768],6,[-35;-768;896],5,0,[140;1;-128],5,0},{'M',[36;64;7],3,[1;1;1],0,[NaN;6;NaN],[36;-6;7],2,[0;NaN;0]},{'M',[105;-6;7],7,[36;-6;7],2,[NaN;0;0],[105;-767;768],6,[0;NaN;NaN]},{'A',[246;52;21],8,[36;64;7],3,0,[105;-6;7],7,1},{'M',[4;-6;21],9,[1;1;1],0,[2;NaN;NaN],[36;-6;7],2,[NaN;0;NaN],[246;52;21],8,[NaN;NaN;0]},{'M',[-35;-24;28],5,[36;-6;7],2,[NaN;2;2],[-35;-382;-505],4,[0;NaN;NaN]},{'A',[99;-120;364],10,[4;-6;21],9,4,[35;-24;28],5,0},{'M',[144;1;1],3,[1;1;1],0,[NaN;0;0],[36;-6;7],2,[2;NaN;NaN]},{'M',[256;-120;364],11,[1;1;1],0,[8;NaN;NaN],[99;-120;364],10,[NaN;0;0]},{'A',[-368;241;-727],12,[144;1;1],3,0,[-256;120;-364],11,1},{'M',[-368;-767;-727],13,[105;-767;768],6,[NaN;0;NaN],[-368;241;-727],12,[0;NaN;0]},{'A',[-860;-663;-685],14,[-368;-767;-727],13,0,[-246;52;21],8,1},{'M',[-35;-382;21],9,[-35;-382;-505],4,[0;0;NaN],[246;52;21],8,[NaN;NaN;0]},{'M',[99;-120;768],11,[105;-767;768],6,[NaN;NaN;0],[99;-120;364],10,[0;0;NaN]},{'A',[-134;-262;-747],12,[-35;-382;21],9,0,[-99;120;-768],11,0},{'M',[105;964;768],13,[105;-767;768],6,[0;NaN;0],[-368;241;-727],12,[NaN;2;NaN]},{'O',[105;964;768],13,[105;964;768],13,0},{'O',[860;663;685],14,[860;663;685],14,0},{'M',[246;52;364],11,[246;52;21],8,[0;0;NaN],[99;-120;364],10,[NaN;NaN;0]},{'O',[246;52;364],11,[246;52;364],11,0},{'M',[-268;-262;-747],13,[-134;-262;-747],12,[1;0;0]},{'O',[268;262;747],13,[268;262;747],13,0},{'M',[-368;-764;-1010],13,[-35;-382;-505],4,[NaN;1;1],[-368;241;-727],12,[0;NaN;NaN]},{'O',[368;764;1010],13,[368;764;1010],13,0}}
Adder graph: {{'M',[1;16;1],1,[1;1;1],0,[0;4;0]},{'A',[3;48;3],2,[1;16;1],1,2,[-1;-16;-1],1,0},{'M',[12;96;3],3,[3;48;3],2,[2;1;0]},{'A',[23;191;5],4,[12;96;3],3,1,[-1;-1;-1],0,0},{'M',[1;1;8],1,[1;1;1],0,[0;0;3]},{'M',[1;2;1],1,[1;1;1],0,[0;1;0]},{'A',[31;30;255],2,[1;1;8],1,5,[-1;-2;-1],1,0},{'M',[62;191;510],5,[23;191;5],4,[NaN;0;NaN],[31;30;255],2,[1;NaN;1]},{'M',[23;60;5],5,[23;191;5],4,[0;NaN;0],[31;30;255],2,[NaN;1;NaN]},{'A',[39;131;505],6,[62;191;510],5,0,[-23;-60;-5],5,0},{'M',[23;1;5],5,[1;1;1],0,[NaN;0;NaN],[23;191;5],4,[0;NaN;0]},{'A',[123;26;235],6,[31;30;255],2,0,[23;-1;-5],5,2},{'M',[6;26;235],7,[3;48;3],2,[1;NaN;NaN],[123;26;235],6,[NaN;0;0]},{'M',[128;131;512],7,[1;1;1],0,[7;NaN;9],[39;131;505],6,[NaN;0;NaN]},{'A',[134;-105;747],8,[6;26;235],7,0,[128;-131;512],7,0},{'M',[4;30;3],3,[1;1;1],0,[2;NaN;NaN],[3;48;3],2,[NaN;NaN;0],[31;30;255],2,[NaN;0;NaN]},{'M',[23;4;5],5,[1;1;1],0,[NaN;2;NaN],[23;191;5],4,[0;NaN;0]},{'A',[105;964;91],6,[4;30;3],3,5,[-23;4;-5],5,0},{'M',[492;-105;940],9,[123;26;235],6,[2;NaN;2],[134;-105;747],8,[NaN;0;NaN]},{'M',[368;768;255],5,[3;48;3],2,[NaN;4;NaN],[23;191;5],4,[4;NaN;NaN],[31;30;255],2,[NaN;NaN;0]},{'A',[860;663;685],10,[492;-105;940],9,0,[368;768;-255],5,0},{'M',[105;964;768],7,[3;48;3],2,[NaN;NaN;8],[105;964;91],6,[0;0;NaN]},{'O',[105;964;768],7,[105;964;768],7,0},{'O',[860;663;685],10,[860;663;685],10,0},{'M',[123;26;182],7,[123;26;235],6,[0;0;NaN],[105;964;91],6,[NaN;NaN;1]},{'O',[246;52;364],7,[123;26;182],7,1},{'M',[268;262;747],9,[39;131;505],6,[NaN;1;NaN],[134;-105;747],8,[1;NaN;0]},{'O',[268;262;747],9,[268;262;747],9,0},{'M',[184;382;505],7,[23;191;5],4,[3;1;NaN],[39;131;505],6,[NaN;NaN;0]},{'O',[368;764;1010],7,[184;382;505],7,1}}
Adder graph: {{'M',[1;2;2],1,[1;1;1],0,[0;1;1]},{'M',[1;1;8],1,[1;1;1],0,[0;0;3]},{'A',[28;68;96],2,[1;2;2],1,5,[-1;1;8],1,2},{'M',[56;68;4],3,[1;1;1],0,[NaN;NaN;2],[28;68;96],2,[1;0;NaN]},{'A',[448;2720;3104],4,[28;68;96],2,5,[-56;68;4],3,3},{'M',[2;2;1],1,[1;1;1],0,[1;1;0]},{'A',[31;33;15],2,[2;2;1],1,4,[-1;1;-1],0,0},{'M',[248;68;120],3,[28;68;96],2,[NaN;0;NaN],[31;33;15],2,[3;NaN;3]},{'M',[2;16;1],1,[1;1;1],0,[1;4;0]},{'A',[246;52;121],4,[248;68;120],3,0,[-2;-16;1],1,0},{'M',[246;264;121],5,[31;33;15],2,[NaN;3;NaN],[246;52;121],4,[0;NaN;0]},{'M',[56;1;192],3,[1;1;1],0,[NaN;0;NaN],[28;68;96],2,[1;NaN;1]},{'A',[134;262;505],6,[246;264;121],5,0,[-56;-1;192],3,1},{'M',[246;208;121],5,[246;52;121],4,[0;2;0]},{'M',[31;33;30],3,[31;33;15],2,[0;0;1]},{'A',[860;964;364],6,[246;208;121],5,2,[-31;33;-30],3,2},{'M',[28;68;364],7,[28;68;96],2,[0;0;NaN],[860;964;364],6,[NaN;NaN;0]},{'A',[105;663;685],8,[448;2720;3104],4,-2,[-28;-68;-364],7,-2},{'M',[246;416;121],5,[246;52;121],4,[0;3;0]},{'M',[124;68;505],7,[28;68;96],2,[NaN;0;NaN],[31;33;15],2,[2;NaN;NaN],[134;262;505],6,[NaN;NaN;0]},{'A',[368;764;747],8,[246;416;121],5,1,[-124;-68;505],7,0},{'M',[105;964;768],9,[28;68;96],2,[NaN;NaN;3],[860;964;364],6,[NaN;0;NaN],[105;663;685],8,[0;NaN;NaN]},{'O',[105;964;768],9,[105;964;768],9,0},{'M',[860;663;685],9,[860;964;364],6,[0;NaN;NaN],[105;663;685],8,[NaN;0;0]},{'O',[860;663;685],9,[860;663;685],9,0},{'M',[246;52;364],7,[246;52;121],4,[0;0;NaN],[860;964;364],6,[NaN;NaN;0]},{'O',[246;52;364],7,[246;52;364],7,0},{'M',[268;262;747],9,[134;262;505],6,[1;0;NaN],[368;764;747],8,[NaN;NaN;0]},{'O',[268;262;747],9,[268;262;747],9,0},{'M',[368;764;1010],9,[134;262;505],6,[NaN;NaN;1],[368;764;747],8,[0;0;NaN]},{'O',[368;764;1010],9,[368;764;1010],9,0}}
Adder graph: {{'M',[1;32;1],1,[1;1;1],0,[0;5;0]},{'A',[3;30;3],2,[1;32;1],1,0,[1;-1;1],0,1},{'M',[32;1;4],1,[1;1;1],0,[5;0;2]},{'A',[131;34;19],3,[3;30;3],2,0,[32;1;4],1,2},{'M',[1;512;1],1,[1;1;1],0,[0;9;0]},{'A',[5;-452;7],3,[3;30;3],2,1,[-1;-512;1],1,0},{'A',[246;52;22],4,[131;34;19],3,1,[-1;-1;-1],0,4},{'M',[24;240;19],4,[3;30;3],2,[3;3;NaN],[131;34;19],3,[NaN;NaN;0]},{'M',[1;1;704],5,[1;1;1],0,[0;0;NaN],[246;52;22],4,[NaN;NaN;5]},{'A',[23;241;-685],6,[24;240;19],4,0,[-1;1;-704],5,0},{'M',[16;52;64],5,[1;1;1],0,[4;NaN;6],[246;52;22],4,[NaN;0;NaN]},{'M',[23;34;7],7,[131;34;19],3,[NaN;0;NaN],[5;-452;7],3,[NaN;NaN;0],[23;241;-685],6,[0;NaN;NaN]},{'A',[105;382;505],8,[16;52;64],5,3,[-23;-34;-7],7,0},{'M',[420;241;88],9,[246;52;22],4,[NaN;NaN;2],[23;241;-685],6,[NaN;0;NaN],[105;382;505],8,[2;NaN;NaN]},{'M',[1280;-904;3],4,[3;30;3],2,[NaN;NaN;0],[5;-452;7],3,[8;1;NaN]},{'A',[-860;-663;91],10,[420;241;88],9,0,[-1280;-904;3],4,0},{'M',[256;382;19],9,[1;1;1],0,[8;NaN;NaN],[131;34;19],3,[NaN;NaN;0],[105;382;505],8,[NaN;0;NaN]},{'M',[3;30;182],11,[3;30;3],2,[0;0;NaN],[-860;-663;91],10,[NaN;NaN;1]},{'A',[268;262;747],12,[256;382;19],9,0,[3;-30;182],11,2},{'M',[105;964;768],9,[3;30;3],2,[NaN;NaN;8],[23;241;-685],6,[NaN;2;NaN],[105;382;505],8,[0;NaN;NaN]},{'O',[105;964;768],9,[105;964;768],9,0},{'M',[-860;-663;-685],11,[23;241;-685],6,[NaN;NaN;0],[-860;-663;91],10,[0;0;NaN]},{'O',[860;663;685],11,[860;663;685],11,0},{'M',[246;52;364],11,[246;52;22],4,[0;0;NaN],[-860;-663;91],10,[NaN;NaN;2]},{'O',[246;52;364],11,[246;52;364],11,0},{'O',[268;262;747],12,[268;262;747],12,0},{'M',[184;382;505],9,[23;241;-685],6,[3;NaN;NaN],[105;382;505],8,[NaN;0;0]},{'O',[368;764;1010],9,[184;382;505],9,1}}
Adder graph: {{'M',[1;4;1],1,[1;1;1],0,[0;2;0]},{'A',[5;17;3],2,[1;4;1],1,2,[1;1;-1],0,0},{'M',[1;1;768],3,[1;1;1],0,[0;0;NaN],[5;17;3],2,[NaN;NaN;8]},{'M',[64;128;3],3,[1;1;1],0,[6;7;NaN],[5;17;3],2,[NaN;NaN;0]},{'A',[65;-127;771],4,[1;1;768],3,0,[64;-128;3],3,0},{'M',[65;2;771],5,[1;1;1],0,[NaN;1;NaN],[65;-127;771],4,[0;NaN;0]},{'A',[105;-134;747],6,[65;2;771],5,0,[5;-17;-3],2,3},{'M',[1;64;1],1,[1;1;1],0,[0;6;0]},{'M',[65;-127;96],5,[5;17;3],2,[NaN;NaN;5],[65;-127;771],4,[0;0;NaN]},{'A',[-64;191;-95],6,[1;64;1],1,0,[-65;127;-96],5,0},{'M',[5;8;8],3,[1;1;1],0,[NaN;3;3],[5;17;3],2,[0;NaN;NaN]},{'M',[-64;17;-95],7,[5;17;3],2,[NaN;0;NaN],[-64;191;-95],6,[0;NaN;0]},{'A',[-246;-52;-364],8,[5;8;8],3,1,[-64;-17;-95],7,2},{'M',[1;1;512],1,[1;1;1],0,[0;0;9]},{'M',[130;-127;1542],5,[65;-127;771],4,[1;0;1]},{'A',[268;262;1012],6,[1;1;512],1,3,[130;127;-1542],5,1},{'M',[105;-134;-364],9,[105;-134;747],6,[0;0;NaN],[-246;-52;-364],8,[NaN;NaN;0]},{'M',[1280;-127;771],5,[5;17;3],2,[8;NaN;NaN],[65;-127;771],4,[NaN;0;0]},{'A',[-860;-663;-685],10,[105;-134;-364],9,2,[-1280;-127;771],5,0},{'M',[-492;-52;1012],9,[-246;-52;-364],8,[1;0;NaN],[268;262;1012],6,[NaN;NaN;0]},{'M',[-860;-1016;2],11,[1;1;1],0,[NaN;NaN;1],[65;-127;771],4,[NaN;3;NaN],[-860;-663;-685],10,[0;NaN;NaN]},{'A',[368;964;1010],12,[-492;-52;1012],9,0,[860;1016;-2],11,0},{'M',[105;964;768],13,[5;17;3],2,[NaN;NaN;8],[105;-134;747],6,[0;NaN;NaN],[368;964;1010],12,[NaN;0;NaN]},{'O',[105;964;768],13,[105;964;768],13,0},{'O',[860;663;685],10,[860;663;685],10,0},{'O',[246;52;364],8,[246;52;364],8,0},{'M',[268;262;747],7,[105;-134;747],6,[NaN;NaN;0],[268;262;1012],6,[0;0;NaN]},{'O',[268;262;747],7,[268;262;747],7,0},{'M',[368;764;1010],13,[-64;191;-95],6,[NaN;2;NaN],[368;964;1010],12,[0;NaN;0]},{'O',[368;764;1010],13,[368;764;1010],13,0}}
Adder graph: {{'M',[1;2;2],1,[1;1;1],0,[0;1;1]},{'A',[7;6;6],2,[1;1;1],0,3,[-1;-2;-2],1,0},{'M',[16;4;6],3,[1;1;1],0,[4;2;NaN],[7;6;6],2,[NaN;NaN;0]},{'A',[-254;-60;-92],4,[1;2;2],1,1,[-16;-4;-6],3,4},{'M',[1;6;1],3,[1;1;1],0,[0;NaN;0],[7;6;6],2,[NaN;0;NaN]},{'M',[28;1;1],3,[1;1;1],0,[NaN;0;0],[7;6;6],2,[2;NaN;NaN]},{'A',[92;385;63],4,[1;6;1],3,6,[28;1;-1],3,0},{'M',[8;8;1],1,[1;1;1],0,[3;3;0]},{'A',[-246;-52;-91],5,[8;8;1],1,0,[-254;-60;-92],4,0},{'M',[56;385;504],5,[7;6;6],2,[3;NaN;NaN],[92;385;63],4,[NaN;0;3]},{'M',[7;6;2],3,[1;1;1],0,[NaN;NaN;1],[7;6;6],2,[0;0;NaN]},{'A',[105;764;1010],6,[56;385;504],5,1,[-7;-6;2],3,0},{'M',[7;1;6],3,[1;1;1],0,[NaN;0;NaN],[7;6;6],2,[0;NaN;0]},{'M',[1;-240;-368],5,[1;1;1],0,[0;NaN;NaN],[-254;-60;-92],4,[NaN;2;2]},{'A',[12;482;748],6,[7;1;6],3,1,[-1;240;368],5,1},{'M',[12;6;748],7,[7;6;6],2,[NaN;0;NaN],[12;482;748],6,[0;NaN;0]},{'M',[256;256;1],1,[1;1;1],0,[8;8;0]},{'A',[268;262;747],8,[12;6;748],7,0,[256;256;-1],1,0},{'M',[768;1048;748],9,[12;482;748],6,[6;NaN;0],[268;262;747],8,[NaN;2;NaN]},{'A',[860;663;685],10,[768;1048;748],9,0,[92;-385;-63],4,0},{'M',[105;964;768],7,[7;6;6],2,[NaN;NaN;7],[105;764;1010],6,[0;NaN;NaN],[12;482;748],6,[NaN;1;NaN]},{'O',[105;964;768],7,[105;964;768],7,0},{'O',[860;663;685],10,[860;663;685],10,0},{'M',[-246;-52;-364],6,[-246;-52;-91],5,[0;0;2]},{'O',[246;52;364],6,[246;52;364],6,0},{'O',[268;262;747],8,[268;262;747],8,0},{'M',[368;764;1010],7,[92;385;63],4,[2;NaN;NaN],[105;764;1010],6,[NaN;0;0]},{'O',[368;764;1010],7,[368;764;1010],7,0}}
Adder graph: {{'M',[1;2;1],1,[1;1;1],0,[0;1;0]},{'A',[5;6;3],2,[1;1;1],0,2,[1;2;-1],1,0},{'M',[5;32;3],3,[1;1;1],0,[NaN;5;NaN],[5;6;3],2,[0;NaN;0]},{'A',[35;262;27],4,[5;32;3],3,3,[-5;6;3],2,0},{'M',[64;64;3],3,[1;1;1],0,[6;6;NaN],[5;6;3],2,[NaN;NaN;0]},{'M',[1;1;128],1,[1;1;1],0,[0;0;7]},{'A',[68;60;-509],4,[64;64;3],3,0,[1;-1;-128],1,2},{'M',[68;1;1],5,[1;1;1],0,[NaN;0;0],[68;60;-509],4,[0;NaN;NaN]},{'M',[640;768;-509],5,[5;6;3],2,[7;7;NaN],[68;60;-509],4,[NaN;NaN;0]},{'A',[-368;-764;-505],6,[68;1;1],5,2,[-640;-768;-509],5,0},{'M',[35;192;96],5,[5;6;3],2,[NaN;5;5],[35;262;27],4,[0;NaN;NaN]},{'M',[35;262;3],5,[5;6;3],2,[NaN;NaN;0],[35;262;27],4,[0;0;NaN]},{'A',[105;-332;90],6,[35;192;96],5,0,[35;-262;-3],5,1},{'M',[4;1;4],1,[1;1;1],0,[2;0;2]},{'M',[5;6;54],5,[5;6;3],2,[0;0;NaN],[35;262;27],4,[NaN;NaN;1]},{'A',[246;52;364],6,[4;1;4],1,6,[-5;-6;54],5,1},{'M',[68;240;180],7,[68;60;-509],4,[0;2;NaN],[105;-332;90],6,[NaN;NaN;1]},{'M',[4;4;27],5,[1;1;1],0,[2;2;NaN],[35;262;27],4,[NaN;NaN;0]},{'A',[268;964;747],8,[68;240;180],7,2,[-4;4;27],5,0},{'M',[-368;1;-505],7,[1;1;1],0,[NaN;0;NaN],[-368;-764;-505],6,[0;NaN;0]},{'M',[246;-332;90],7,[105;-332;90],6,[NaN;0;0],[246;52;364],6,[0;NaN;NaN]},{'A',[-860;-663;-685],8,[-368;1;-505],7,0,[-246;-332;-90],7,1},{'M',[105;964;768],9,[5;6;3],2,[NaN;NaN;8],[105;-332;90],6,[0;NaN;NaN],[268;964;747],8,[NaN;0;NaN]},{'O',[105;964;768],9,[105;964;768],9,0},{'O',[860;663;685],8,[860;663;685],8,0},{'O',[246;52;364],6,[246;52;364],6,0},{'M',[268;262;747],9,[35;262;27],4,[NaN;0;NaN],[268;964;747],8,[0;NaN;0]},{'O',[268;262;747],9,[268;262;747],9,0},{'M',[-368;-764;-1010],7,[-368;-764;-505],6,[0;0;1]},{'O',[368;764;1010],7,[368;764;1010],7,0}}
Adder graph: {{'A',[5;5;5],1,[1;1;1],0,2,[1;1;1],0,0},{'A',[13;-3;-3],2,[5;5;5],1,0,[1;-1;-1],0,3},{'M',[5;10;5],2,[5;5;5],1,[0;1;0]},{'M',[4;4;-3],3,[1;1;1],0,[2;2;NaN],[13;-3;-3],2,[NaN;NaN;0]},{'A',[-123;-118;-91],4,[5;10;5],2,0,[-4;-4;-3],3,5},{'M',[-123;1;1],5,[1;1;1],0,[NaN;0;0],[-123;-118;-91],4,[0;NaN;NaN]},{'M',[1;-3;1],3,[1;1;1],0,[0;NaN;0],[13;-3;-3],2,[NaN;0;NaN]},{'A',[-59;-191;-63],6,[-123;1;1],5,0,[1;-3;-1],3,6},{'M',[-59;-472;-364],7,[-123;-118;-91],4,[NaN;2;2],[-59;-191;-63],6,[0;NaN;NaN]},{'M',[13;20;20],3,[5;5;5],1,[NaN;2;2],[13;-3;-3],2,[0;NaN;NaN]},{'A',[-105;-964;-748],8,[-59;-472;-364],7,1,[13;-20;-20],3,0},{'M',[13;-3;-126],7,[13;-3;-3],2,[0;0;NaN],[-59;-191;-63],6,[NaN;NaN;1]},{'M',[-236;1;1],7,[1;1;1],0,[NaN;0;0],[-59;-191;-63],6,[2;NaN;NaN]},{'A',[-368;-26;-1010],8,[13;-3;-126],7,3,[-236;-1;-1],7,1},{'M',[-492;-472;-748],9,[-123;-118;-91],4,[2;2;NaN],[-105;-964;-748],8,[NaN;NaN;0]},{'M',[-368;-191;-63],9,[-59;-191;-63],6,[NaN;0;0],[-368;-26;-1010],8,[0;NaN;NaN]},{'A',[-860;-663;-685],10,[-492;-472;-748],9,0,[-368;-191;63],9,0},{'M',[26;-6;-748],9,[13;-3;-3],2,[1;1;NaN],[-105;-964;-748],8,[NaN;NaN;0]},{'M',[160;256;1],2,[1;1;1],0,[NaN;8;0],[5;5;5],1,[5;NaN;NaN]},{'A',[-134;-262;-747],10,[26;-6;-748],9,0,[-160;-256;1],2,0},{'M',[-105;-964;-768],9,[13;-3;-3],2,[NaN;NaN;8],[-105;-964;-748],8,[0;0;NaN]},{'O',[105;964;768],9,[105;964;768],9,0},{'O',[860;663;685],10,[860;663;685],10,0},{'M',[-123;-26;-182],9,[-123;-118;-91],4,[0;NaN;1],[-368;-26;-1010],8,[NaN;0;NaN]},{'O',[246;52;364],9,[123;26;182],9,1},{'M',[-268;-262;-747],11,[-134;-262;-747],10,[1;0;0]},{'O',[268;262;747],11,[268;262;747],11,0},{'M',[-368;-764;-1010],9,[-59;-191;-63],6,[NaN;2;NaN],[-368;-26;-1010],8,[0;NaN;0]},{'O',[368;764;1010],9,[368;764;1010],9,0}}
Adder graph: {{'A',[3;5;5],1,[1;1;1],0,2,[-1;1;1],0,0},{'M',[3;1;5],2,[1;1;1],0,[NaN;0;NaN],[3;5;5],1,[0;NaN;0]},{'A',[27;39;45],3,[3;5;5],1,3,[3;-1;5],2,0},{'M',[864;39;45],4,[27;39;45],3,[5;0;0]},{'M',[1;156;160],4,[1;1;1],0,[0;NaN;NaN],[3;5;5],1,[NaN;NaN;5],[27;39;45],3,[NaN;2;NaN]},{'A',[860;663;685],5,[864;39;45],4,0,[-1;156;160],4,2},{'M',[48;64;1],2,[1;1;1],0,[NaN;6;0],[3;5;5],1,[4;NaN;NaN]},{'M',[27;10;10],4,[3;5;5],1,[NaN;1;1],[27;39;45],3,[0;NaN;NaN]},{'A',[123;118;12],5,[48;64;1],2,1,[27;-10;10],4,0},{'M',[1720;1326;685],6,[860;663;685],5,[1;1;0]},{'M',[384;236;45],6,[3;5;5],1,[7;NaN;NaN],[27;39;45],3,[NaN;NaN;0],[123;118;12],5,[NaN;1;NaN]},{'A',[368;764;1010],7,[1720;1326;685],6,1,[-384;-236;-45],6,3},{'M',[3;5;384],6,[3;5;5],1,[0;0;NaN],[123;118;12],5,[NaN;NaN;5]},{'A',[11;13;376],7,[3;5;384],6,0,[1;1;-1],0,3},{'M',[246;236;5],6,[3;5;5],1,[NaN;NaN;0],[123;118;12],5,[1;1;NaN]},{'A',[268;262;747],8,[11;13;376],7,1,[246;236;-5],6,0},{'M',[27;236;24],6,[27;39;45],3,[0;NaN;NaN],[123;118;12],5,[NaN;1;1]},{'M',[3;20;5],2,[3;5;5],1,[0;2;0]},{'A',[105;964;91],7,[27;236;24],6,2,[-3;20;-5],2,0},{'M',[105;964;768],8,[123;118;12],5,[NaN;NaN;6],[105;964;91],7,[0;0;NaN]},{'O',[105;964;768],8,[105;964;768],8,0},{'O',[860;663;685],5,[860;663;685],5,0},{'M',[123;26;182],8,[123;118;12],5,[0;NaN;NaN],[11;13;376],7,[NaN;1;NaN],[105;964;91],7,[NaN;NaN;1]},{'O',[246;52;364],8,[123;26;182],8,1},{'O',[268;262;747],8,[268;262;747],8,0},{'O',[368;764;1010],7,[368;764;1010],7,0}}
Adder graph: {{'A',[3;5;3],1,[1;1;1],0,2,[-1;1;-1],0,0},{'M',[24;1;24],2,[1;1;1],0,[NaN;0;NaN],[3;5;3],1,[3;NaN;3]},{'M',[3;1;1],2,[1;1;1],0,[NaN;0;0],[3;5;3],1,[0;NaN;NaN]},{'A',[93;3;95],3,[24;1;24],2,2,[-3;-1;-1],2,0},{'M',[3;5;1],2,[1;1;1],0,[NaN;NaN;0],[3;5;3],1,[0;0;NaN]},{'A',[67;59;63],3,[1;1;1],0,6,[3;-5;-1],2,0},{'M',[93;192;504],4,[93;3;95],3,[0;6;NaN],[67;59;63],3,[NaN;NaN;3]},{'A',[92;191;505],5,[93;192;504],4,0,[-1;-1;1],0,0},{'M',[93;944;95],4,[93;3;95],3,[0;NaN;0],[67;59;63],3,[NaN;4;NaN]},{'A',[105;964;83],5,[93;944;95],4,0,[3;5;-3],1,2},{'M',[96;59;96],4,[3;5;3],1,[5;NaN;5],[67;59;63],3,[NaN;0;NaN]},{'M',[92;191;83],6,[92;191;505],5,[0;0;NaN],[105;964;83],5,[NaN;NaN;0]},{'A',[860;663;685],7,[96;59;96],4,3,[92;191;-83],6,0},{'M',[105;256;83],6,[1;1;1],0,[NaN;8;NaN],[105;964;83],5,[0;NaN;0]},{'M',[6;3;332],6,[3;5;3],1,[1;NaN;NaN],[93;3;95],3,[NaN;0;NaN],[105;964;83],5,[NaN;NaN;2]},{'A',[117;262;747],7,[105;256;83],6,0,[6;3;332],6,1},{'M',[3;5;83],6,[3;5;3],1,[0;0;NaN],[105;964;83],5,[NaN;NaN;0]},{'M',[117;16;16],8,[1;1;1],0,[NaN;4;4],[117;262;747],7,[0;NaN;NaN]},{'A',[246;52;364],9,[3;5;83],6,2,[117;16;16],8,1},{'M',[105;964;768],6,[3;5;3],1,[NaN;NaN;8],[105;964;83],5,[0;0;NaN]},{'O',[105;964;768],6,[105;964;768],6,0},{'O',[860;663;685],7,[860;663;685],7,0},{'O',[246;52;364],9,[246;52;364],9,0},{'M',[268;262;747],8,[67;59;63],3,[2;NaN;NaN],[117;262;747],7,[NaN;0;0]},{'O',[268;262;747],8,[268;262;747],8,0},{'M',[184;382;505],6,[92;191;505],5,[1;1;0]},{'O',[368;764;1010],6,[184;382;505],6,1}}
Adder graph: {{'A',[8;24;24],1,[1;1;1],0,4,[-1;1;1],0,3},{'M',[1;1;2],1,[1;1;1],0,[0;0;1]},{'A',[6;26;20],2,[8;24;24],1,0,[-1;1;-2],1,1},{'M',[1;1;4],1,[1;1;1],0,[0;0;2]},{'A',[15;15;63],2,[1;1;4],1,4,[-1;-1;-1],0,0},{'M',[15;15;24],3,[8;24;24],1,[NaN;NaN;0],[15;15;63],2,[0;0;NaN]},{'M',[6;1;20],3,[1;1;1],0,[NaN;0;NaN],[6;26;20],2,[0;NaN;0]},{'A',[246;241;364],4,[15;15;24],3,4,[6;1;-20],3,0},{'M',[120;120;20],3,[6;26;20],2,[NaN;NaN;0],[15;15;63],2,[3;3;NaN]},{'A',[105;105;83],4,[120;120;20],3,0,[-15;-15;63],2,0},{'M',[256;210;83],5,[8;24;24],1,[5;NaN;NaN],[105;105;83],4,[NaN;1;0]},{'M',[6;26;332],5,[6;26;20],2,[0;0;NaN],[105;105;83],4,[NaN;NaN;2]},{'A',[268;262;747],6,[256;210;83],5,0,[6;26;332],5,1},{'M',[64;262;1],7,[1;1;1],0,[NaN;NaN;0],[8;24;24],1,[3;NaN;NaN],[268;262;747],6,[NaN;0;NaN]},{'A',[184;382;505],8,[15;15;63],2,3,[64;262;1],7,0},{'M',[246;384;384],5,[8;24;24],1,[NaN;4;4],[246;241;364],4,[0;NaN;NaN]},{'M',[368;105;83],9,[105;105;83],4,[NaN;0;0],[184;382;505],8,[1;NaN;NaN]},{'A',[860;663;685],10,[246;384;384],5,1,[368;-105;-83],9,0},{'M',[105;964;768],5,[8;24;24],1,[NaN;NaN;5],[246;241;364],4,[NaN;2;NaN],[105;105;83],4,[0;NaN;NaN]},{'O',[105;964;768],5,[105;964;768],5,0},{'O',[860;663;685],10,[860;663;685],10,0},{'M',[246;52;364],5,[6;26;20],2,[NaN;1;NaN],[246;241;364],4,[0;NaN;0]},{'O',[246;52;364],5,[246;52;364],5,0},{'O',[268;262;747],6,[268;262;747],6,0},{'O',[368;764;1010],8,[184;382;505],8,1}}
Finished solving after 259192 seconds
Adder graph: {{'A',[8;24;24],1,[1;1;1],0,4,[-1;1;1],0,3},{'M',[1;1;2],1,[1;1;1],0,[0;0;1]},{'A',[6;26;20],2,[8;24;24],1,0,[-1;1;-2],1,1},{'M',[1;1;4],1,[1;1;1],0,[0;0;2]},{'A',[15;15;63],2,[1;1;4],1,4,[-1;-1;-1],0,0},{'M',[15;15;24],3,[8;24;24],1,[NaN;NaN;0],[15;15;63],2,[0;0;NaN]},{'M',[6;1;20],3,[1;1;1],0,[NaN;0;NaN],[6;26;20],2,[0;NaN;0]},{'A',[246;241;364],4,[15;15;24],3,4,[6;1;-20],3,0},{'M',[120;120;20],3,[6;26;20],2,[NaN;NaN;0],[15;15;63],2,[3;3;NaN]},{'A',[105;105;83],4,[120;120;20],3,0,[-15;-15;63],2,0},{'M',[256;210;83],5,[8;24;24],1,[5;NaN;NaN],[105;105;83],4,[NaN;1;0]},{'M',[6;26;332],5,[6;26;20],2,[0;0;NaN],[105;105;83],4,[NaN;NaN;2]},{'A',[268;262;747],6,[256;210;83],5,0,[6;26;332],5,1},{'M',[64;262;1],7,[1;1;1],0,[NaN;NaN;0],[8;24;24],1,[3;NaN;NaN],[268;262;747],6,[NaN;0;NaN]},{'A',[184;382;505],8,[15;15;63],2,3,[64;262;1],7,0},{'M',[246;384;384],5,[8;24;24],1,[NaN;4;4],[246;241;364],4,[0;NaN;NaN]},{'M',[368;105;83],9,[105;105;83],4,[NaN;0;0],[184;382;505],8,[1;NaN;NaN]},{'A',[860;663;685],10,[246;384;384],5,1,[368;-105;-83],9,0},{'M',[105;964;768],5,[8;24;24],1,[NaN;NaN;5],[246;241;364],4,[NaN;2;NaN],[105;105;83],4,[0;NaN;NaN]},{'O',[105;964;768],5,[105;964;768],5,0},{'O',[860;663;685],10,[860;663;685],10,0},{'M',[246;52;364],5,[6;26;20],2,[NaN;1;NaN],[246;241;364],4,[0;NaN;0]},{'O',[246;52;364],5,[246;52;364],5,0},{'O',[268;262;747],6,[268;262;747],6,0},{'O',[368;764;1010],8,[184;382;505],8,1}}
# Add optimal = 1
# Mux optimal = 0
# FAs optimal = 0
