Adder graph: {{'M',[4;2;1],1,[1;1;1],0,[2;1;0]},{'M',[32;8;1],1,[1;1;1],0,[5;3;0]},{'A',[-24;12;3],2,[4;2;1],1,1,[-32;8;1],1,0},{'M',[1;128;3],3,[1;1;1],0,[0;7;NaN],[-24;12;3],2,[NaN;NaN;0]},{'M',[4;1;24],3,[1;1;1],0,[2;0;NaN],[-24;12;3],2,[NaN;NaN;3]},{'A',[-15;124;99],4,[1;128;3],3,0,[-4;-1;24],3,2},{'M',[-60;124;3],5,[-24;12;3],2,[NaN;NaN;0],[-15;124;99],4,[2;0;NaN]},{'M',[256;128;1],1,[1;1;1],0,[8;7;0]},{'A',[-572;-132;5],6,[-60;124;3],5,0,[-256;-128;1],1,1},{'M',[-96;24;99],5,[-24;12;3],2,[2;1;NaN],[-15;124;99],4,[NaN;NaN;0]},{'M',[-15;124;1536],5,[-24;12;3],2,[NaN;NaN;9],[-15;124;99],4,[0;0;NaN]},{'A',[-177;-76;1734],6,[-96;24;99],5,1,[15;-124;1536],5,0},{'M',[-177;8;768],7,[1;1;1],0,[NaN;3;NaN],[-24;12;3],2,[NaN;NaN;8],[-177;-76;1734],6,[0;NaN;NaN]},{'M',[-572;16;5],7,[1;1;1],0,[NaN;4;NaN],[-572;-132;5],6,[0;NaN;0]},{'A',[395;24;773],8,[-177;8;768],7,0,[572;16;5],7,0},{'M',[-177;124;773],9,[-15;124;99],4,[NaN;0;NaN],[-177;-76;1734],6,[0;NaN;NaN],[395;24;773],8,[NaN;NaN;0]},{'M',[-30;1;1734],7,[1;1;1],0,[NaN;0;NaN],[-15;124;99],4,[1;NaN;NaN],[-177;-76;1734],6,[NaN;NaN;0]},{'A',[-147;123;-961],10,[-177;124;773],9,0,[30;-1;-1734],7,0},{'M',[-147;-264;96],11,[-24;12;3],2,[NaN;NaN;5],[-572;-132;5],6,[NaN;1;NaN],[-147;123;-961],10,[0;NaN;NaN]},{'M',[-1144;1;773],9,[1;1;1],0,[NaN;0;NaN],[-572;-132;5],6,[1;NaN;NaN],[395;24;773],8,[NaN;NaN;0]},{'A',[997;-265;-677],12,[-147;-264;96],11,0,[1144;-1;-773],9,0},{'M',[-354;123;40],11,[-572;-132;5],6,[NaN;NaN;3],[-177;-76;1734],6,[1;NaN;NaN],[-147;123;-961],10,[NaN;0;NaN]},{'M',[-384;248;1],5,[1;1;1],0,[NaN;NaN;0],[-24;12;3],2,[4;NaN;NaN],[-15;124;99],4,[NaN;1;NaN]},{'A',[30;371;41],12,[-354;123;40],11,0,[384;248;1],5,0},{'M',[30;742;773],13,[395;24;773],8,[NaN;NaN;0],[30;371;41],12,[0;1;NaN]},{'O',[30;742;773],13,[30;742;773],13,0},{'M',[-147;-265;-961],13,[-147;123;-961],10,[0;NaN;0],[997;-265;-677],12,[NaN;0;NaN]},{'O',[147;265;961],13,[147;265;961],13,0},{'M',[997;24;768],13,[-24;12;3],2,[NaN;NaN;8],[395;24;773],8,[NaN;0;NaN],[997;-265;-677],12,[0;NaN;NaN]},{'O',[997;24;768],13,[997;24;768],13,0},{'M',[-708;-152;-677],13,[-177;-76;1734],6,[2;1;NaN],[997;-265;-677],12,[NaN;NaN;0]},{'O',[708;152;677],13,[708;152;677],13,0},{'M',[395;123;41],13,[395;24;773],8,[0;NaN;NaN],[-147;123;-961],10,[NaN;0;NaN],[30;371;41],12,[NaN;NaN;0]},{'O',[395;123;41],13,[395;123;41],13,0}}
Adder graph: {{'M',[1;1;16],1,[1;1;1],0,[0;0;4]},{'M',[128;1;1],1,[1;1;1],0,[7;0;0]},{'A',[-124;5;63],2,[1;1;16],1,2,[-128;1;-1],1,0},{'M',[16;5;32],3,[1;1;1],0,[4;NaN;5],[-124;5;63],2,[NaN;0;NaN]},{'M',[1;128;8],1,[1;1;1],0,[0;7;3]},{'A',[15;-123;24],4,[16;5;32],3,0,[-1;-128;-8],1,0},{'M',[4;-246;63],5,[1;1;1],0,[2;NaN;NaN],[-124;5;63],2,[NaN;NaN;0],[15;-123;24],4,[NaN;1;NaN]},{'M',[-992;-123;128],5,[1;1;1],0,[NaN;NaN;7],[-124;5;63],2,[3;NaN;NaN],[15;-123;24],4,[NaN;0;NaN]},{'A',[996;-369;-65],6,[4;-246;63],5,0,[992;-123;-128],5,0},{'M',[-124;1;63],3,[1;1;1],0,[NaN;0;NaN],[-124;5;63],2,[0;NaN;0]},{'M',[15;20;1024],5,[1;1;1],0,[NaN;NaN;10],[-124;5;63],2,[NaN;2;NaN],[15;-123;24],4,[0;NaN;NaN]},{'A',[-139;-19;-961],6,[-124;1;63],3,0,[-15;-20;-1024],5,0},{'M',[-139;16;32],7,[1;1;1],0,[NaN;4;5],[-139;-19;-961],6,[0;NaN;NaN]},{'M',[64;1;63],3,[1;1;1],0,[6;0;NaN],[-124;5;63],2,[NaN;NaN;0]},{'A',[-395;12;284],8,[-139;16;32],7,0,[-64;-1;63],3,2},{'M',[-139;10;284],9,[-124;5;63],2,[NaN;1;NaN],[-139;-19;-961],6,[0;NaN;NaN],[-395;12;284],8,[NaN;NaN;0]},{'M',[8;12;-961],9,[1;1;1],0,[3;NaN;NaN],[-139;-19;-961],6,[NaN;NaN;0],[-395;12;284],8,[NaN;0;NaN]},{'A',[-147;22;-677],10,[-139;10;284],9,0,[-8;12;-961],9,0},{'M',[1;704;96],11,[1;1;1],0,[0;NaN;NaN],[15;-123;24],4,[NaN;NaN;2],[-147;22;-677],10,[NaN;5;NaN]},{'M',[996;-38;-677],11,[996;-369;-65],6,[0;NaN;NaN],[-139;-19;-961],6,[NaN;1;NaN],[-147;22;-677],10,[NaN;NaN;0]},{'A',[997;742;773],12,[1;704;96],11,0,[996;38;677],11,0},{'M',[-147;-19;-65],11,[996;-369;-65],6,[NaN;NaN;0],[-139;-19;-961],6,[NaN;0;NaN],[-147;22;-677],10,[0;NaN;NaN]},{'M',[30;-246;24],5,[15;-123;24],4,[1;1;0]},{'A',[-177;-265;-41],12,[-147;-19;-65],11,0,[-30;-246;24],5,0},{'M',[30;742;773],13,[15;-123;24],4,[1;NaN;NaN],[997;742;773],12,[NaN;0;0]},{'O',[30;742;773],13,[30;742;773],13,0},{'M',[-147;-265;-961],13,[-139;-19;-961],6,[NaN;NaN;0],[-147;22;-677],10,[0;NaN;NaN],[-177;-265;-41],12,[NaN;0;NaN]},{'O',[147;265;961],13,[147;265;961],13,0},{'M',[997;24;768],13,[15;-123;24],4,[NaN;NaN;5],[-395;12;284],8,[NaN;1;NaN],[997;742;773],12,[0;NaN;NaN]},{'O',[997;24;768],13,[997;24;768],13,0},{'M',[-708;-152;-677],13,[-139;-19;-961],6,[NaN;3;NaN],[-147;22;-677],10,[NaN;NaN;0],[-177;-265;-41],12,[2;NaN;NaN]},{'O',[708;152;677],13,[708;152;677],13,0},{'M',[-395;-123;-41],13,[15;-123;24],4,[NaN;0;NaN],[-395;12;284],8,[0;NaN;NaN],[-177;-265;-41],12,[NaN;NaN;0]},{'O',[395;123;41],13,[395;123;41],13,0}}
Adder graph: {{'M',[1;8;2],1,[1;1;1],0,[0;3;1]},{'M',[1;4;2],1,[1;1;1],0,[0;2;1]},{'A',[15;124;30],2,[1;8;2],1,4,[-1;-4;-2],1,0},{'M',[15;2;2],3,[1;1;1],0,[NaN;1;1],[15;124;30],2,[0;NaN;NaN]},{'M',[32;4;30],3,[1;1;1],0,[5;2;NaN],[15;124;30],2,[NaN;NaN;0]},{'A',[79;10;-58],4,[15;2;2],3,0,[32;4;-30],3,1},{'M',[256;124;960],3,[1;1;1],0,[8;NaN;NaN],[15;124;30],2,[NaN;0;5]},{'M',[79;1;1],5,[1;1;1],0,[NaN;0;0],[79;10;-58],4,[0;NaN;NaN]},{'A',[177;123;961],6,[256;124;960],3,0,[-79;-1;1],5,0},{'M',[316;1;1024],5,[1;1;1],0,[NaN;0;10],[79;10;-58],4,[2;NaN;NaN]},{'M',[16;16;-58],5,[1;1;1],0,[4;4;NaN],[79;10;-58],4,[NaN;NaN;0]},{'A',[572;-255;96],6,[316;1;1024],5,0,[16;-16;-58],5,4},{'M',[177;10;4],7,[1;1;1],0,[NaN;NaN;2],[79;10;-58],4,[NaN;0;NaN],[177;123;961],6,[0;NaN;NaN]},{'M',[30;-255;1],7,[1;1;1],0,[NaN;NaN;0],[15;124;30],2,[1;NaN;NaN],[572;-255;96],6,[NaN;0;NaN]},{'A',[147;265;5],8,[177;10;4],7,0,[-30;255;1],7,0},{'M',[147;248;768],9,[15;124;30],2,[NaN;1;NaN],[572;-255;96],6,[NaN;NaN;3],[147;265;5],8,[0;NaN;NaN]},{'M',[1144;123;5],9,[177;123;961],6,[NaN;0;NaN],[572;-255;96],6,[1;NaN;NaN],[147;265;5],8,[NaN;NaN;0]},{'A',[-997;371;773],10,[147;248;768],9,0,[-1144;123;5],9,0},{'M',[-997;8;773],11,[1;1;1],0,[NaN;3;NaN],[-997;371;773],10,[0;NaN;0]},{'M',[-1994;2;96],11,[1;1;1],0,[NaN;1;NaN],[572;-255;96],6,[NaN;NaN;0],[-997;371;773],10,[1;NaN;NaN]},{'A',[997;6;677],12,[-997;8;773],11,0,[1994;-2;-96],11,0},{'M',[316;124;40],9,[15;124;30],2,[NaN;0;NaN],[79;10;-58],4,[2;NaN;NaN],[147;265;5],8,[NaN;NaN;3]},{'M',[79;48;1],13,[1;1;1],0,[NaN;NaN;0],[79;10;-58],4,[0;NaN;NaN],[997;6;677],12,[NaN;3;NaN]},{'A',[395;76;41],14,[316;124;40],9,0,[79;-48;1],13,0},{'M',[30;742;773],11,[15;124;30],2,[1;NaN;NaN],[-997;371;773],10,[NaN;1;0]},{'O',[30;742;773],11,[30;742;773],11,0},{'M',[147;265;961],9,[177;123;961],6,[NaN;NaN;0],[147;265;5],8,[0;0;NaN]},{'O',[147;265;961],9,[147;265;961],9,0},{'M',[997;24;768],13,[572;-255;96],6,[NaN;NaN;3],[997;6;677],12,[0;2;NaN]},{'O',[997;24;768],13,[997;24;768],13,0},{'M',[708;152;677],15,[177;123;961],6,[2;NaN;NaN],[997;6;677],12,[NaN;NaN;0],[395;76;41],14,[NaN;1;NaN]},{'O',[708;152;677],15,[708;152;677],15,0},{'M',[395;123;41],15,[177;123;961],6,[NaN;0;NaN],[395;76;41],14,[0;NaN;0]},{'O',[395;123;41],15,[395;123;41],15,0}}
Adder graph: {{'M',[8;256;1],1,[1;1;1],0,[3;8;0]},{'A',[31;1023;3],2,[8;256;1],1,2,[-1;-1;-1],0,0},{'M',[1;2;256],1,[1;1;1],0,[0;1;8]},{'M',[31;2;1],3,[1;1;1],0,[NaN;1;0],[31;1023;3],2,[0;NaN;NaN]},{'A',[-29;6;513],4,[1;2;256],1,1,[-31;2;1],3,0},{'M',[31;32;3],3,[1;1;1],0,[NaN;5;NaN],[31;1023;3],2,[0;NaN;0]},{'M',[4;1;8],1,[1;1;1],0,[2;0;3]},{'A',[27;31;-5],4,[31;32;3],3,0,[-4;-1;-8],1,0},{'M',[-29;48;16],5,[1;1;1],0,[NaN;NaN;4],[-29;6;513],4,[0;3;NaN]},{'M',[31;31;1026],5,[31;1023;3],2,[0;NaN;NaN],[-29;6;513],4,[NaN;NaN;1],[27;31;-5],4,[NaN;0;NaN]},{'A',[-147;161;-962],6,[-29;48;16],5,2,[-31;-31;-1026],5,0},{'M',[1;1023;1],3,[1;1;1],0,[0;NaN;0],[31;1023;3],2,[NaN;0;NaN]},{'M',[-29;1288;-962],7,[-29;6;513],4,[0;NaN;NaN],[-147;161;-962],6,[NaN;3;0]},{'A',[30;-265;-961],8,[1;1023;1],3,0,[29;-1288;-962],7,0},{'M',[32;1;24],3,[1;1;1],0,[5;0;NaN],[31;1023;3],2,[NaN;NaN;3]},{'M',[27;6;-5],5,[-29;6;513],4,[NaN;0;NaN],[27;31;-5],4,[0;NaN;0]},{'A',[997;38;773],6,[32;1;24],3,5,[-27;6;5],5,0},{'M',[-147;1;-40],7,[1;1;1],0,[NaN;0;NaN],[27;31;-5],4,[NaN;NaN;3],[-147;161;-962],6,[0;NaN;NaN]},{'M',[248;124;1],5,[1;1;1],0,[NaN;NaN;0],[31;1023;3],2,[3;NaN;NaN],[27;31;-5],4,[NaN;2;NaN]},{'A',[-395;-123;-41],8,[-147;1;-40],7,0,[-248;-124;-1],5,0},{'M',[60;496;513],9,[-29;6;513],4,[NaN;NaN;0],[27;31;-5],4,[NaN;4;NaN],[30;-265;-961],8,[1;NaN;NaN]},{'M',[-147;-123;-82],9,[-147;161;-962],6,[0;NaN;NaN],[-395;-123;-41],8,[NaN;0;1]},{'A',[354;742;677],10,[60;496;513],9,0,[147;123;82],9,1},{'M',[30;742;773],11,[30;-265;-961],8,[0;NaN;NaN],[997;38;773],6,[NaN;NaN;0],[354;742;677],10,[NaN;0;NaN]},{'O',[30;742;773],11,[30;742;773],11,0},{'M',[-147;-265;-961],9,[-147;161;-962],6,[0;NaN;NaN],[30;-265;-961],8,[NaN;0;0]},{'O',[147;265;961],9,[147;265;961],9,0},{'M',[997;24;768],7,[31;1023;3],2,[NaN;NaN;8],[-29;6;513],4,[NaN;2;NaN],[997;38;773],6,[0;NaN;NaN]},{'O',[997;24;768],7,[997;24;768],7,0},{'M',[708;152;677],11,[997;38;773],6,[NaN;2;NaN],[354;742;677],10,[1;NaN;0]},{'O',[708;152;677],11,[708;152;677],11,0},{'O',[395;123;41],8,[395;123;41],8,0}}
Adder graph: {{'M',[4;8;1],1,[1;1;1],0,[2;3;0]},{'M',[1;1;16],1,[1;1;1],0,[0;0;4]},{'A',[6;18;-30],2,[4;8;1],1,1,[-1;1;-16],1,1},{'M',[1;1;32],1,[1;1;1],0,[0;0;5]},{'M',[12;18;16],3,[1;1;1],0,[NaN;NaN;4],[6;18;-30],2,[1;0;NaN]},{'A',[-11;19;48],4,[1;1;32],1,0,[-12;18;16],3,0},{'M',[64;1;2],1,[1;1;1],0,[6;0;1]},{'M',[1;1;256],1,[1;1;1],0,[0;0;8]},{'A',[126;4;516],2,[64;1;2],1,1,[-1;1;256],1,1},{'M',[16;16;1],1,[1;1;1],0,[4;4;0]},{'M',[1;8;-960],3,[1;1;1],0,[0;NaN;NaN],[6;18;-30],2,[NaN;NaN;5],[126;4;516],2,[NaN;1;NaN]},{'A',[15;24;961],4,[16;16;1],1,0,[-1;8;960],3,0},{'M',[1;2;1032],3,[1;1;1],0,[0;1;NaN],[126;4;516],2,[NaN;NaN;1]},{'M',[-176;24;961],5,[-11;19;48],4,[4;NaN;NaN],[15;24;961],4,[NaN;0;0]},{'A',[177;26;71],6,[1;2;1032],3,0,[176;24;-961],5,0},{'M',[-11;19;961],5,[-11;19;48],4,[0;0;NaN],[15;24;961],4,[NaN;NaN;0]},{'M',[252;26;71],7,[126;4;516],2,[1;NaN;NaN],[177;26;71],6,[NaN;0;0]},{'A',[997;123;677],8,[-11;19;961],5,0,[252;26;-71],7,2},{'M',[384;246;-30],9,[6;18;-30],2,[6;NaN;0],[997;123;677],8,[NaN;1;NaN]},{'M',[-11;19;71],7,[-11;19;48],4,[0;0;NaN],[177;26;71],6,[NaN;NaN;0]},{'A',[395;265;41],10,[384;246;-30],9,0,[11;19;71],7,0},{'M',[177;768;677],9,[15;24;961],4,[NaN;5;NaN],[177;26;71],6,[0;NaN;NaN],[997;123;677],8,[NaN;NaN;0]},{'M',[30;26;96],7,[-11;19;48],4,[NaN;NaN;1],[15;24;961],4,[1;NaN;NaN],[177;26;71],6,[NaN;0;NaN]},{'A',[147;742;773],10,[177;768;677],9,0,[-30;-26;96],7,0},{'M',[30;742;773],11,[15;24;961],4,[1;NaN;NaN],[147;742;773],10,[NaN;0;0]},{'O',[30;742;773],11,[30;742;773],11,0},{'M',[147;265;961],11,[15;24;961],4,[NaN;NaN;0],[395;265;41],10,[NaN;0;NaN],[147;742;773],10,[0;NaN;NaN]},{'O',[147;265;961],11,[147;265;961],11,0},{'M',[997;24;768],9,[-11;19;48],4,[NaN;NaN;4],[15;24;961],4,[NaN;0;NaN],[997;123;677],8,[0;NaN;NaN]},{'O',[997;24;768],9,[997;24;768],9,0},{'M',[708;152;677],9,[-11;19;48],4,[NaN;3;NaN],[177;26;71],6,[2;NaN;NaN],[997;123;677],8,[NaN;NaN;0]},{'O',[708;152;677],9,[708;152;677],9,0},{'M',[395;123;41],11,[997;123;677],8,[NaN;0;NaN],[395;265;41],10,[0;NaN;0]},{'O',[395;123;41],11,[395;123;41],11,0}}
Adder graph: {{'M',[8;1;4],1,[1;1;1],0,[3;0;2]},{'A',[-63;9;-31],2,[1;1;1],0,0,[-8;1;-4],1,3},{'M',[1;128;4],1,[1;1;1],0,[0;7;2]},{'M',[32;18;1],3,[1;1;1],0,[5;NaN;0],[-63;9;-31],2,[NaN;1;NaN]},{'A',[-30;274;7],4,[1;128;4],1,1,[-32;18;-1],3,0},{'M',[-60;1;4],5,[1;1;1],0,[NaN;0;2],[-30;274;7],4,[1;NaN;NaN]},{'M',[-63;128;64],3,[1;1;1],0,[NaN;7;6],[-63;9;-31],2,[0;NaN;NaN]},{'A',[-177;-124;-48],6,[-60;1;4],5,2,[63;-128;-64],3,0},{'M',[-177;9;-48],7,[-63;9;-31],2,[NaN;0;NaN],[-177;-124;-48],6,[0;NaN;0]},{'A',[-147;-265;-41],8,[-177;9;-48],7,0,[30;-274;7],4,0},{'M',[-147;8;-41],9,[1;1;1],0,[NaN;3;NaN],[-147;-265;-41],8,[0;NaN;0]},{'M',[1;1;4],1,[1;1;1],0,[0;0;2]},{'A',[-179;-24;-169],10,[-147;8;-41],9,0,[-1;-1;-4],1,5},{'M',[128;-124;-338],11,[1;1;1],0,[7;NaN;NaN],[-177;-124;-48],6,[NaN;0;NaN],[-179;-24;-169],10,[NaN;NaN;1]},{'M',[-147;-96;1],11,[1;1;1],0,[NaN;NaN;0],[-147;-265;-41],8,[0;NaN;NaN],[-179;-24;-169],10,[NaN;2;NaN]},{'A',[403;-152;-677],12,[128;-124;-338],11,1,[147;96;-1],11,0},{'M',[8;1;-96],7,[1;1;1],0,[3;0;NaN],[-177;-124;-48],6,[NaN;NaN;1]},{'M',[403;-124;-677],13,[-177;-124;-48],6,[NaN;0;NaN],[403;-152;-677],12,[0;NaN;0]},{'A',[-395;-123;-773],14,[8;1;-96],7,0,[-403;-124;-677],13,0},{'M',[-1176;-123;-992],15,[-63;9;-31],2,[NaN;NaN;5],[-147;-265;-41],8,[3;NaN;NaN],[-395;-123;-773],14,[NaN;0;NaN]},{'M',[-179;-248;-31],11,[-63;9;-31],2,[NaN;NaN;0],[-177;-124;-48],6,[NaN;1;NaN],[-179;-24;-169],10,[0;NaN;NaN]},{'A',[-997;-371;-961],16,[-1176;-123;-992],15,0,[179;-248;31],11,0},{'M',[-30;-742;-773],17,[-30;274;7],4,[0;NaN;NaN],[-395;-123;-773],14,[NaN;NaN;0],[-997;-371;-961],16,[NaN;1;NaN]},{'O',[30;742;773],17,[30;742;773],17,0},{'M',[-147;-265;-961],17,[-147;-265;-41],8,[0;0;NaN],[-997;-371;-961],16,[NaN;NaN;0]},{'O',[147;265;961],17,[147;265;961],17,0},{'M',[-997;-24;-768],17,[-177;-124;-48],6,[NaN;NaN;4],[-179;-24;-169],10,[NaN;0;NaN],[-997;-371;-961],16,[0;NaN;NaN]},{'O',[997;24;768],17,[997;24;768],17,0},{'M',[-708;-152;-677],13,[-177;-124;-48],6,[2;NaN;NaN],[403;-152;-677],12,[NaN;0;0]},{'O',[708;152;677],13,[708;152;677],13,0},{'M',[-395;-123;-41],15,[-147;-265;-41],8,[NaN;NaN;0],[-395;-123;-773],14,[0;0;NaN]},{'O',[395;123;41],15,[395;123;41],15,0}}
Adder graph: {{'M',[2;1;2],1,[1;1;1],0,[1;0;1]},{'M',[1;8;1],1,[1;1;1],0,[0;3;0]},{'A',[3;-6;5],2,[2;1;2],1,1,[-1;-8;1],1,0},{'M',[3;-6;640],3,[3;-6;5],2,[0;0;7]},{'M',[96;32;1],3,[1;1;1],0,[NaN;5;0],[3;-6;5],2,[5;NaN;NaN]},{'A',[99;26;641],4,[3;-6;640],3,0,[96;32;1],3,0},{'M',[48;1;320],3,[1;1;1],0,[NaN;0;NaN],[3;-6;5],2,[4;NaN;6]},{'M',[99;52;641],5,[99;26;641],4,[0;1;0]},{'A',[147;53;961],6,[48;1;320],3,0,[99;52;641],5,0},{'M',[396;53;961],7,[99;26;641],4,[2;NaN;NaN],[147;53;961],6,[NaN;0;0]},{'M',[1;424;1282],7,[1;1;1],0,[0;NaN;NaN],[99;26;641],4,[NaN;NaN;1],[147;53;961],6,[NaN;3;NaN]},{'A',[395;-371;-321],8,[396;53;961],7,0,[-1;-424;-1282],7,0},{'M',[96;1;1],3,[1;1;1],0,[NaN;0;0],[3;-6;5],2,[5;NaN;NaN]},{'M',[198;1;1],5,[1;1;1],0,[NaN;0;0],[99;26;641],4,[1;NaN;NaN]},{'A',[-696;5;-3],6,[96;1;1],3,0,[-198;1;-1],5,2},{'M',[-696;106;-384],7,[147;53;961],6,[NaN;1;NaN],[-696;5;-3],6,[0;NaN;7]},{'M',[395;53;5],9,[3;-6;5],2,[NaN;NaN;0],[147;53;961],6,[NaN;0;NaN],[395;-371;-321],8,[0;NaN;NaN]},{'A',[-997;265;-773],10,[-696;106;-384],7,1,[395;53;-5],9,0},{'M',[1;128;1],1,[1;1;1],0,[0;7;0]},{'M',[16;5;40],7,[1;1;1],0,[4;NaN;NaN],[3;-6;5],2,[NaN;NaN;3],[-696;5;-3],6,[NaN;0;NaN]},{'A',[-15;123;41],8,[1;128;1],1,0,[-16;-5;40],7,0},{'M',[3;26;-24],7,[3;-6;5],2,[0;NaN;NaN],[99;26;641],4,[NaN;0;NaN],[-696;5;-3],6,[NaN;NaN;3]},{'M',[-696;-48;-773],11,[3;-6;5],2,[NaN;3;NaN],[-696;5;-3],6,[0;NaN;NaN],[-997;265;-773],10,[NaN;NaN;0]},{'A',[708;152;677],12,[3;26;-24],7,2,[696;48;773],11,0},{'M',[-30;-742;-773],11,[395;-371;-321],8,[NaN;1;NaN],[-997;265;-773],10,[NaN;NaN;0],[-15;123;41],8,[1;NaN;NaN]},{'O',[30;742;773],11,[30;742;773],11,0},{'M',[147;265;961],11,[147;53;961],6,[0;NaN;0],[-997;265;-773],10,[NaN;0;NaN]},{'O',[147;265;961],11,[147;265;961],11,0},{'M',[-997;-24;-768],11,[3;-6;5],2,[NaN;2;NaN],[-696;5;-3],6,[NaN;NaN;8],[-997;265;-773],10,[0;NaN;NaN]},{'O',[997;24;768],11,[997;24;768],11,0},{'O',[708;152;677],12,[708;152;677],12,0},{'M',[395;123;41],9,[395;-371;-321],8,[0;NaN;NaN],[-15;123;41],8,[NaN;0;0]},{'O',[395;123;41],9,[395;123;41],9,0}}
Adder graph: {{'M',[1;1;32],1,[1;1;1],0,[0;0;5]},{'M',[4;1;16],1,[1;1;1],0,[2;0;4]},{'A',[-15;-3;96],2,[1;1;32],1,0,[-4;-1;16],1,2},{'M',[1;-6;1],3,[1;1;1],0,[0;NaN;0],[-15;-3;96],2,[NaN;1;NaN]},{'M',[1;8;1],1,[1;1;1],0,[0;3;0]},{'A',[-3;-38;-3],4,[1;-6;1],3,0,[-1;-8;-1],1,2},{'M',[-6;-12;-3],5,[-15;-3;96],2,[NaN;2;NaN],[-3;-38;-3],4,[1;NaN;0]},{'M',[-15;-3;384],3,[-15;-3;96],2,[0;0;2]},{'A',[-177;-387;-480],6,[-6;-12;-3],5,5,[15;-3;-384],3,0},{'M',[-177;32;-3],7,[1;1;1],0,[NaN;5;NaN],[-3;-38;-3],4,[NaN;NaN;0],[-177;-387;-480],6,[0;NaN;NaN]},{'M',[2;1;2],1,[1;1;1],0,[1;0;1]},{'A',[-179;33;-5],8,[-177;32;-3],7,0,[-2;1;-2],1,0},{'M',[-60;33;384],9,[-15;-3;96],2,[2;NaN;2],[-179;33;-5],8,[NaN;0;NaN]},{'A',[-299;-33;-773],10,[-179;33;-5],8,0,[-60;-33;-384],9,1},{'M',[-299;-387;-773],11,[-177;-387;-480],6,[NaN;0;NaN],[-299;-33;-773],10,[0;NaN;0]},{'M',[-6;1;-6],5,[1;1;1],0,[NaN;0;NaN],[-3;-38;-3],4,[1;NaN;1]},{'A',[-395;-371;-677],12,[-299;-387;-773],11,0,[-6;1;6],5,4},{'M',[-177;-264;-960],11,[-177;-387;-480],6,[0;NaN;1],[-299;-33;-773],10,[NaN;3;NaN]},{'M',[-30;1;1],3,[1;1;1],0,[NaN;0;0],[-15;-3;96],2,[1;NaN;NaN]},{'A',[-147;-265;-961],12,[-177;-264;-960],11,0,[30;-1;-1],3,0},{'M',[-1176;-387;-40],13,[-177;-387;-480],6,[NaN;0;NaN],[-179;33;-5],8,[NaN;NaN;3],[-147;-265;-961],12,[3;NaN;NaN]},{'M',[-179;264;1],9,[1;1;1],0,[NaN;NaN;0],[-179;33;-5],8,[0;3;NaN]},{'A',[-997;-123;-41],14,[-1176;-387;-40],13,0,[179;264;-1],9,0},{'M',[-30;-742;-773],13,[-15;-3;96],2,[1;NaN;NaN],[-299;-33;-773],10,[NaN;NaN;0],[-395;-371;-677],12,[NaN;1;NaN]},{'O',[30;742;773],13,[30;742;773],13,0},{'O',[147;265;961],12,[147;265;961],12,0},{'M',[-997;-24;-768],15,[-15;-3;96],2,[NaN;3;NaN],[-3;-38;-3],4,[NaN;NaN;8],[-997;-123;-41],14,[0;NaN;NaN]},{'O',[997;24;768],15,[997;24;768],15,0},{'M',[-708;-152;-677],13,[-3;-38;-3],4,[NaN;2;NaN],[-177;-387;-480],6,[2;NaN;NaN],[-395;-371;-677],12,[NaN;NaN;0]},{'O',[708;152;677],13,[708;152;677],13,0},{'M',[-395;-123;-41],15,[-395;-371;-677],12,[0;NaN;NaN],[-997;-123;-41],14,[NaN;0;0]},{'O',[395;123;41],15,[395;123;41],15,0}}
Adder graph: {{'M',[64;1;1],1,[1;1;1],0,[6;0;0]},{'M',[1;2;2],1,[1;1;1],0,[0;1;1]},{'A',[132;-6;-6],2,[64;1;1],1,1,[1;-2;-2],1,2},{'M',[132;-6;1],3,[1;1;1],0,[NaN;NaN;0],[132;-6;-6],2,[0;0;NaN]},{'M',[1;1;1024],1,[1;1;1],0,[0;0;10]},{'A',[131;-5;1025],4,[132;-6;1],3,0,[-1;1;1024],1,0},{'M',[132;64;-6],3,[1;1;1],0,[NaN;6;NaN],[132;-6;-6],2,[0;NaN;0]},{'A',[395;123;1013],5,[132;64;-6],3,1,[131;-5;1025],4,0},{'M',[16;16;1],1,[1;1;1],0,[4;4;0]},{'M',[131;4;4],5,[1;1;1],0,[NaN;2;2],[131;-5;1025],4,[0;NaN;NaN]},{'A',[147;20;5],6,[16;16;1],1,0,[131;4;4],5,0},{'M',[132;1;-768],3,[1;1;1],0,[NaN;0;NaN],[132;-6;-6],2,[0;NaN;7]},{'A',[15;19;773],7,[147;20;5],6,0,[-132;-1;768],3,0},{'M',[147;19;1025],8,[131;-5;1025],4,[NaN;NaN;0],[147;20;5],6,[0;NaN;NaN],[15;19;773],7,[NaN;0;NaN]},{'M',[395;123;32],6,[1;1;1],0,[NaN;NaN;5],[395;123;1013],5,[0;0;NaN]},{'A',[-643;265;961],9,[147;19;1025],8,0,[-395;123;-32],6,1},{'M',[15;32;-48],8,[1;1;1],0,[NaN;5;NaN],[132;-6;-6],2,[NaN;NaN;3],[15;19;773],7,[0;NaN;NaN]},{'M',[147;20;773],8,[147;20;5],6,[0;0;NaN],[15;19;773],7,[NaN;NaN;0]},{'A',[177;44;677],9,[15;32;-48],8,1,[147;-20;773],8,0},{'M',[-643;352;40],10,[147;20;5],6,[NaN;NaN;3],[-643;265;961],9,[0;NaN;NaN],[177;44;677],9,[NaN;3;NaN]},{'M',[354;19;1],10,[1;1;1],0,[NaN;NaN;0],[15;19;773],7,[NaN;0;NaN],[177;44;677],9,[1;NaN;NaN]},{'A',[-997;371;41],11,[-643;352;40],10,0,[-354;19;1],10,0},{'M',[30;742;773],12,[15;19;773],7,[1;NaN;0],[-997;371;41],11,[NaN;1;NaN]},{'O',[30;742;773],12,[30;742;773],12,0},{'M',[147;265;961],10,[147;20;5],6,[0;NaN;NaN],[-643;265;961],9,[NaN;0;0]},{'O',[147;265;961],10,[147;265;961],10,0},{'M',[-997;-24;-768],12,[132;-6;-6],2,[NaN;2;7],[-997;371;41],11,[0;NaN;NaN]},{'O',[997;24;768],12,[997;24;768],12,0},{'M',[708;152;677],10,[15;19;773],7,[NaN;3;NaN],[177;44;677],9,[2;NaN;0]},{'O',[708;152;677],10,[708;152;677],10,0},{'M',[395;123;41],12,[395;123;1013],5,[0;0;NaN],[-997;371;41],11,[NaN;NaN;0]},{'O',[395;123;41],12,[395;123;41],12,0}}
Adder graph: {{'M',[2;2;1],1,[1;1;1],0,[1;1;0]},{'A',[5;-3;3],2,[1;1;1],0,0,[2;-2;1],1,1},{'M',[1;8;32],1,[1;1;1],0,[0;3;5]},{'A',[31;24;64],2,[1;1;1],0,5,[-1;-8;32],1,0},{'M',[124;2;3],3,[1;1;1],0,[NaN;1;NaN],[5;-3;3],2,[NaN;NaN;0],[31;24;64],2,[2;NaN;NaN]},{'A',[997;13;21],4,[124;2;3],3,3,[5;-3;-3],2,0},{'M',[31;384;1024],3,[31;24;64],2,[0;4;4]},{'M',[1;13;1],5,[1;1;1],0,[0;NaN;0],[997;13;21],4,[NaN;0;NaN]},{'A',[30;371;1025],6,[31;384;1024],3,0,[-1;-13;1],5,0},{'M',[5;-3;1],3,[1;1;1],0,[NaN;NaN;0],[5;-3;3],2,[0;0;NaN]},{'M',[16;13;21],5,[1;1;1],0,[4;NaN;NaN],[997;13;21],4,[NaN;0;0]},{'A',[-27;-29;-41],6,[5;-3;1],3,0,[-16;-13;-21],5,1},{'M',[-27;-6;-656],7,[5;-3;3],2,[NaN;1;NaN],[-27;-29;-41],6,[0;NaN;4]},{'M',[120;13;21],7,[997;13;21],4,[NaN;0;0],[30;371;1025],6,[2;NaN;NaN]},{'A',[-147;-19;-677],8,[-27;-6;-656],7,0,[-120;-13;-21],7,0},{'M',[-147;-152;96],9,[5;-3;3],2,[NaN;NaN;5],[-147;-19;-677],8,[0;3;NaN]},{'M',[248;-29;-677],9,[31;24;64],2,[3;NaN;NaN],[-27;-29;-41],6,[NaN;0;NaN],[-147;-19;-677],8,[NaN;NaN;0]},{'A',[-395;-123;773],10,[-147;-152;96],9,0,[-248;29;677],9,0},{'M',[-147;-19;64],9,[31;24;64],2,[NaN;NaN;0],[-147;-19;-677],8,[0;0;NaN]},{'M',[30;-246;1025],11,[30;371;1025],6,[0;NaN;0],[-395;-123;773],10,[NaN;1;NaN]},{'A',[-177;-265;-961],12,[-147;-19;64],9,0,[-30;-246;-1025],11,0},{'M',[30;742;773],11,[30;371;1025],6,[0;1;NaN],[-395;-123;773],10,[NaN;NaN;0]},{'O',[30;742;773],11,[30;742;773],11,0},{'M',[-147;-265;-961],13,[-147;-19;-677],8,[0;NaN;NaN],[-177;-265;-961],12,[NaN;0;0]},{'O',[147;265;961],13,[147;265;961],13,0},{'M',[997;24;768],5,[5;-3;3],2,[NaN;NaN;8],[31;24;64],2,[NaN;0;NaN],[997;13;21],4,[0;NaN;NaN]},{'O',[997;24;768],5,[997;24;768],5,0},{'M',[-708;-152;-677],13,[-147;-19;-677],8,[NaN;3;0],[-177;-265;-961],12,[2;NaN;NaN]},{'O',[708;152;677],13,[708;152;677],13,0},{'M',[-395;-123;-41],11,[-27;-29;-41],6,[NaN;NaN;0],[-395;-123;773],10,[0;0;NaN]},{'O',[395;123;41],11,[395;123;41],11,0}}
Adder graph: {{'M',[1;2;1],1,[1;1;1],0,[0;1;0]},{'A',[3;6;5],2,[1;1;1],0,2,[-1;2;1],1,0},{'M',[3;16;40],3,[1;1;1],0,[NaN;4;NaN],[3;6;5],2,[0;NaN;3]},{'M',[3;1;16],3,[1;1;1],0,[NaN;0;4],[3;6;5],2,[0;NaN;NaN]},{'A',[27;129;336],4,[3;16;40],3,3,[3;1;16],3,0},{'M',[256;6;64],3,[1;1;1],0,[8;NaN;6],[3;6;5],2,[NaN;0;NaN]},{'M',[27;128;128],5,[1;1;1],0,[NaN;7;7],[27;129;336],4,[0;NaN;NaN]},{'A',[997;152;384],6,[256;6;64],3,2,[-27;128;128],5,0},{'M',[6;1;10],3,[1;1;1],0,[NaN;0;NaN],[3;6;5],2,[1;NaN;1]},{'M',[3;48;40],3,[3;6;5],2,[0;3;3]},{'A',[15;-46;60],4,[6;1;10],3,1,[3;-48;40],3,0},{'M',[768;6;5],3,[3;6;5],2,[8;0;0]},{'M',[30;-368;384],7,[997;152;384],6,[NaN;NaN;0],[15;-46;60],4,[1;3;NaN]},{'A',[708;742;773],8,[768;6;5],3,0,[-30;368;384],7,1},{'M',[24;129;336],5,[3;6;5],2,[3;NaN;NaN],[27;129;336],4,[NaN;0;0]},{'M',[1;6;5],3,[1;1;1],0,[0;NaN;NaN],[3;6;5],2,[NaN;0;0]},{'A',[49;264;677],6,[24;129;336],5,1,[1;6;5],3,0},{'M',[49;264;960],7,[15;-46;60],4,[NaN;NaN;4],[49;264;677],6,[0;0;NaN]},{'M',[98;1;1],7,[1;1;1],0,[NaN;0;0],[49;264;677],6,[1;NaN;NaN]},{'A',[147;265;961],8,[49;264;960],7,0,[98;1;1],7,0},{'M',[392;129;40],7,[3;6;5],2,[NaN;NaN;3],[27;129;336],4,[NaN;0;NaN],[49;264;677],6,[3;NaN;NaN]},{'M',[3;6;1],3,[1;1;1],0,[NaN;NaN;0],[3;6;5],2,[0;0;NaN]},{'A',[395;123;41],8,[392;129;40],7,0,[3;-6;1],3,0},{'M',[30;742;773],9,[15;-46;60],4,[1;NaN;NaN],[708;742;773],8,[NaN;0;0]},{'O',[30;742;773],9,[30;742;773],9,0},{'O',[147;265;961],8,[147;265;961],8,0},{'M',[997;24;768],7,[3;6;5],2,[NaN;2;NaN],[997;152;384],6,[0;NaN;1]},{'O',[997;24;768],7,[997;24;768],7,0},{'M',[708;152;677],9,[997;152;384],6,[NaN;0;NaN],[708;742;773],8,[0;NaN;NaN],[49;264;677],6,[NaN;NaN;0]},{'O',[708;152;677],9,[708;152;677],9,0},{'O',[395;123;41],8,[395;123;41],8,0}}
Adder graph: {{'M',[1;1;64],1,[1;1;1],0,[0;0;6]},{'A',[-15;-15;1025],2,[1;1;1],0,0,[-1;-1;64],1,4},{'M',[-15;-15;2],3,[1;1;1],0,[NaN;NaN;1],[-15;-15;1025],2,[0;0;NaN]},{'M',[128;1;8],1,[1;1;1],0,[7;0;3]},{'A',[-143;-14;-6],4,[-15;-15;2],3,0,[-128;1;-8],1,0},{'M',[-143;-30;1],5,[1;1;1],0,[NaN;NaN;0],[-15;-15;1025],2,[NaN;1;NaN],[-143;-14;-6],4,[0;NaN;NaN]},{'M',[1;1;-12],5,[1;1;1],0,[0;0;NaN],[-143;-14;-6],4,[NaN;NaN;1]},{'A',[-147;-26;-47],6,[-143;-30;1],5,0,[-1;1;-12],5,2},{'M',[-143;2;-6],5,[1;1;1],0,[NaN;1;NaN],[-143;-14;-6],4,[0;NaN;0]},{'A',[-290;-24;-41],7,[-147;-26;-47],6,0,[-143;2;6],5,0},{'M',[16;1;16],1,[1;1;1],0,[4;0;4]},{'M',[-143;-15;1025],5,[-15;-15;1025],2,[NaN;0;0],[-143;-14;-6],4,[0;NaN;NaN]},{'A',[-79;19;-961],6,[16;1;16],1,2,[-143;15;-1025],5,0},{'M',[-1144;-768;-961],8,[-143;-14;-6],4,[3;NaN;NaN],[-290;-24;-41],7,[NaN;5;NaN],[-79;19;-961],6,[NaN;NaN;0]},{'M',[-147;-26;-188],7,[-147;-26;-47],6,[0;0;2]},{'A',[-997;-742;-773],9,[-1144;-768;-961],8,0,[147;26;188],7,0},{'M',[-79;-26;-47],7,[-147;-26;-47],6,[NaN;0;0],[-79;19;-961],6,[0;NaN;NaN]},{'A',[-395;-123;773],8,[-79;-26;-47],7,2,[-79;-19;961],6,0},{'M',[-1580;-246;773],9,[-395;-123;773],8,[2;1;0]},{'M',[-2288;19;-96],7,[-143;-14;-6],4,[4;NaN;4],[-79;19;-961],6,[NaN;0;NaN]},{'A',[708;-265;677],10,[-1580;-246;773],9,0,[2288;-19;-96],7,0},{'M',[-30;-742;-773],10,[-15;-15;1025],2,[1;NaN;NaN],[-997;-742;-773],9,[NaN;0;0]},{'O',[30;742;773],10,[30;742;773],10,0},{'M',[-147;-265;-961],11,[-147;-26;-47],6,[0;NaN;NaN],[-79;19;-961],6,[NaN;NaN;0],[708;-265;677],10,[NaN;0;NaN]},{'O',[147;265;961],11,[147;265;961],11,0},{'M',[-997;-24;-768],10,[-143;-14;-6],4,[NaN;NaN;7],[-290;-24;-41],7,[NaN;0;NaN],[-997;-742;-773],9,[0;NaN;NaN]},{'O',[997;24;768],10,[997;24;768],10,0},{'M',[708;152;677],11,[-79;19;-961],6,[NaN;3;NaN],[708;-265;677],10,[0;NaN;0]},{'O',[708;152;677],11,[708;152;677],11,0},{'M',[-395;-123;-41],9,[-290;-24;-41],7,[NaN;NaN;0],[-395;-123;773],8,[0;0;NaN]},{'O',[395;123;41],9,[395;123;41],9,0}}
Adder graph: {{'M',[1;2;1],1,[1;1;1],0,[0;1;0]},{'A',[5;9;-3],2,[1;1;1],0,0,[1;2;-1],1,2},{'M',[16;16;-3],3,[1;1;1],0,[4;4;NaN],[5;9;-3],2,[NaN;NaN;0]},{'A',[31;33;-5],4,[16;16;-3],3,1,[-1;1;1],0,0},{'M',[5;132;-3],5,[5;9;-3],2,[0;NaN;0],[31;33;-5],4,[NaN;2;NaN]},{'M',[10;9;-6],3,[5;9;-3],2,[1;0;1]},{'A',[15;123;3],6,[5;132;-3],5,0,[10;-9;6],3,0},{'M',[5;9;192],7,[5;9;-3],2,[0;0;NaN],[15;123;3],6,[NaN;NaN;6]},{'M',[1;33;-5],5,[1;1;1],0,[0;NaN;NaN],[31;33;-5],4,[NaN;0;0]},{'A',[19;3;773],8,[5;9;192],7,2,[-1;-33;5],5,0},{'M',[4;4;-3],3,[1;1;1],0,[2;2;NaN],[5;9;-3],2,[NaN;NaN;0]},{'M',[19;24;773],9,[19;3;773],8,[0;3;0]},{'A',[147;152;677],10,[4;4;-3],3,5,[19;24;773],9,0},{'M',[248;1;1],5,[1;1;1],0,[NaN;0;0],[31;33;-5],4,[3;NaN;NaN]},{'M',[147;264;-40],11,[31;33;-5],4,[NaN;3;3],[147;152;677],10,[0;NaN;NaN]},{'A',[395;265;41],12,[248;1;1],5,0,[147;264;40],11,0},{'M',[496;152;-80],11,[31;33;-5],4,[4;NaN;4],[147;152;677],10,[NaN;0;NaN]},{'M',[5;9;-640],5,[5;9;-3],2,[0;0;NaN],[31;33;-5],4,[NaN;NaN;7]},{'A',[997;295;480],12,[496;152;-80],11,1,[5;-9;640],5,0},{'M',[294;295;480],13,[147;152;677],10,[1;NaN;NaN],[997;295;480],12,[NaN;0;0]},{'M',[120;152;1],11,[1;1;1],0,[NaN;NaN;0],[15;123;3],6,[3;NaN;NaN],[147;152;677],10,[NaN;0;NaN]},{'A',[708;742;961],14,[294;295;480],13,1,[120;152;1],11,0},{'M',[30;742;773],15,[15;123;3],6,[1;NaN;NaN],[19;3;773],8,[NaN;NaN;0],[708;742;961],14,[NaN;0;NaN]},{'O',[30;742;773],15,[30;742;773],15,0},{'M',[147;265;961],15,[147;152;677],10,[0;NaN;NaN],[395;265;41],12,[NaN;0;NaN],[708;742;961],14,[NaN;NaN;0]},{'O',[147;265;961],15,[147;265;961],15,0},{'M',[997;24;768],13,[15;123;3],6,[NaN;NaN;8],[19;3;773],8,[NaN;3;NaN],[997;295;480],12,[0;NaN;NaN]},{'O',[997;24;768],13,[997;24;768],13,0},{'M',[708;152;677],15,[147;152;677],10,[NaN;0;0],[708;742;961],14,[0;NaN;NaN]},{'O',[708;152;677],15,[708;152;677],15,0},{'M',[395;123;41],13,[15;123;3],6,[NaN;0;NaN],[395;265;41],12,[0;NaN;0]},{'O',[395;123;41],13,[395;123;41],13,0}}
Adder graph: {{'M',[1;2;1],1,[1;1;1],0,[0;1;0]},{'M',[4;1;4],1,[1;1;1],0,[2;0;2]},{'A',[40;62;40],2,[1;2;1],1,5,[4;-1;4],1,1},{'M',[40;2;2],3,[1;1;1],0,[NaN;1;1],[40;62;40],2,[0;NaN;NaN]},{'M',[8;8;1],1,[1;1;1],0,[3;3;0]},{'A',[176;24;6],4,[40;2;2],3,2,[8;8;-1],1,1},{'M',[1;62;1],3,[1;1;1],0,[0;NaN;0],[40;62;40],2,[NaN;0;NaN]},{'M',[176;24;40],5,[40;62;40],2,[NaN;NaN;0],[176;24;6],4,[0;0;NaN]},{'A',[177;38;41],6,[1;62;1],3,0,[176;-24;40],5,0},{'M',[40;32;32],3,[1;1;1],0,[NaN;5;5],[40;62;40],2,[0;NaN;NaN]},{'M',[177;8;512],7,[1;1;1],0,[NaN;3;9],[177;38;41],6,[0;NaN;NaN]},{'A',[143;264;768],8,[40;32;32],3,3,[-177;8;512],7,0},{'M',[4;1;1],1,[1;1;1],0,[2;0;0]},{'A',[147;265;769],9,[4;1;1],1,0,[143;264;768],8,0},{'M',[286;1;1],9,[1;1;1],0,[NaN;0;0],[143;264;768],8,[1;NaN;NaN]},{'A',[997;-261;773],10,[286;1;1],9,2,[-147;-265;769],9,0},{'M',[572;-261;773],11,[143;264;768],8,[2;NaN;NaN],[997;-261;773],10,[NaN;0;0]},{'M',[177;384;96],7,[176;24;6],4,[NaN;4;4],[177;38;41],6,[0;NaN;NaN]},{'A',[395;123;677],12,[572;-261;773],11,0,[-177;384;-96],7,0},{'M',[177;246;192],13,[176;24;6],4,[NaN;NaN;5],[177;38;41],6,[0;NaN;NaN],[395;123;677],12,[NaN;1;NaN]},{'M',[147;496;769],10,[40;62;40],2,[NaN;3;NaN],[147;265;769],9,[0;NaN;0]},{'A',[30;742;961],14,[177;246;192],13,0,[-147;496;769],10,0},{'M',[30;742;773],15,[997;-261;773],10,[NaN;NaN;0],[30;742;961],14,[0;0;NaN]},{'O',[30;742;773],15,[30;742;773],15,0},{'M',[147;265;961],15,[147;265;769],9,[0;0;NaN],[30;742;961],14,[NaN;NaN;0]},{'O',[147;265;961],15,[147;265;961],15,0},{'M',[997;24;768],11,[176;24;6],4,[NaN;0;7],[997;-261;773],10,[0;NaN;NaN]},{'O',[997;24;768],11,[997;24;768],11,0},{'M',[708;152;677],13,[177;38;41],6,[2;2;NaN],[395;123;677],12,[NaN;NaN;0]},{'O',[708;152;677],13,[708;152;677],13,0},{'M',[395;123;41],13,[177;38;41],6,[NaN;NaN;0],[395;123;677],12,[0;0;NaN]},{'O',[395;123;41],13,[395;123;41],13,0}}
Adder graph: {{'A',[5;3;5],1,[1;1;1],0,2,[1;-1;1],0,0},{'M',[1;1;10],2,[1;1;1],0,[0;0;NaN],[5;3;5],1,[NaN;NaN;1]},{'A',[15;17;159],3,[1;1;10],2,4,[-1;1;-1],0,0},{'M',[32;32;5],2,[1;1;1],0,[5;5;NaN],[5;3;5],1,[NaN;NaN;0]},{'A',[62;62;12],3,[32;32;5],2,1,[-1;-1;1],0,1},{'M',[60;6;1],4,[1;1;1],0,[NaN;NaN;0],[5;3;5],1,[NaN;1;NaN],[15;17;159],3,[2;NaN;NaN]},{'A',[100;30;41],5,[5;3;5],1,3,[60;6;1],4,0},{'M',[5;3;1024],2,[1;1;1],0,[NaN;NaN;10],[5;3;5],1,[0;0;NaN]},{'M',[62;1;4],4,[1;1;1],0,[NaN;0;2],[62;62;12],3,[0;NaN;NaN]},{'A',[997;19;960],5,[5;3;1024],2,0,[62;1;-4],4,4},{'M',[100;30;192],6,[62;62;12],3,[NaN;NaN;4],[100;30;41],5,[0;0;NaN]},{'A',[395;123;773],7,[100;30;192],6,2,[-5;3;5],1,0},{'M',[395;123;636],8,[15;17;159],3,[NaN;NaN;2],[395;123;773],7,[0;0;NaN]},{'M',[248;248;41],6,[62;62;12],3,[2;2;NaN],[100;30;41],5,[NaN;NaN;0]},{'A',[147;371;677],9,[395;123;636],8,0,[-248;248;41],6,0},{'M',[147;19;960],10,[997;19;960],5,[NaN;0;0],[147;371;677],9,[0;NaN;NaN]},{'M',[30;246;1],8,[1;1;1],0,[NaN;NaN;0],[15;17;159],3,[1;NaN;NaN],[395;123;773],7,[NaN;1;NaN]},{'A',[177;265;961],11,[147;19;960],10,0,[30;246;1],8,0},{'M',[30;742;773],10,[15;17;159],3,[1;NaN;NaN],[395;123;773],7,[NaN;NaN;0],[147;371;677],9,[NaN;1;NaN]},{'O',[30;742;773],10,[30;742;773],10,0},{'M',[147;265;961],12,[147;371;677],9,[0;NaN;NaN],[177;265;961],11,[NaN;0;0]},{'O',[147;265;961],12,[147;265;961],12,0},{'M',[997;24;768],6,[5;3;5],1,[NaN;3;NaN],[62;62;12],3,[NaN;NaN;6],[997;19;960],5,[0;NaN;NaN]},{'O',[997;24;768],6,[997;24;768],6,0},{'M',[708;152;677],12,[997;19;960],5,[NaN;3;NaN],[147;371;677],9,[NaN;NaN;0],[177;265;961],11,[2;NaN;NaN]},{'O',[708;152;677],12,[708;152;677],12,0},{'M',[395;123;41],8,[100;30;41],5,[NaN;NaN;0],[395;123;773],7,[0;0;NaN]},{'O',[395;123;41],8,[395;123;41],8,0}}
Adder graph: {{'M',[8;8;1],1,[1;1;1],0,[3;3;0]},{'A',[-248;264;40],2,[1;1;1],0,3,[-8;8;1],1,5},{'A',[3;3;3],1,[1;1;1],0,2,[-1;-1;-1],0,0},{'M',[12;264;40],3,[-248;264;40],2,[NaN;0;0],[3;3;3],1,[2;NaN;NaN]},{'A',[15;-261;-37],4,[3;3;3],1,0,[12;-264;-40],3,0},{'M',[3;6;3],2,[3;3;3],1,[0;1;0]},{'M',[15;-261;768],5,[3;3;3],1,[NaN;NaN;8],[15;-261;-37],4,[0;0;NaN]},{'A',[177;123;960],6,[3;6;3],2,6,[-15;-261;768],5,0},{'M',[1;64;320],3,[1;1;1],0,[0;6;NaN],[-248;264;40],2,[NaN;NaN;3]},{'M',[177;24;-37],7,[3;3;3],1,[NaN;3;NaN],[15;-261;-37],4,[NaN;NaN;0],[177;123;960],6,[0;NaN;NaN]},{'A',[179;152;677],8,[1;64;320],3,1,[177;24;37],7,0},{'M',[177;264;960],7,[-248;264;40],2,[NaN;0;NaN],[177;123;960],6,[0;NaN;0]},{'M',[30;1;1],5,[1;1;1],0,[NaN;0;0],[15;-261;-37],4,[1;NaN;NaN]},{'A',[147;265;961],8,[177;264;960],7,0,[-30;1;1],5,0},{'M',[147;123;1],9,[1;1;1],0,[NaN;NaN;0],[177;123;960],6,[NaN;0;NaN],[147;265;961],8,[0;NaN;NaN]},{'A',[395;-141;41],10,[147;123;1],9,0,[248;-264;40],2,0},{'M',[147;128;12],9,[1;1;1],0,[NaN;7;NaN],[3;3;3],1,[NaN;NaN;2],[147;265;961],8,[0;NaN;NaN]},{'M',[179;-282;677],11,[179;152;677],8,[0;NaN;0],[395;-141;41],10,[NaN;1;NaN]},{'A',[997;742;773],12,[147;128;12],9,3,[-179;-282;677],11,0},{'M',[30;742;773],13,[15;-261;-37],4,[1;NaN;NaN],[997;742;773],12,[NaN;0;0]},{'O',[30;742;773],13,[30;742;773],13,0},{'O',[147;265;961],8,[147;265;961],8,0},{'M',[997;24;768],13,[3;3;3],1,[NaN;3;8],[997;742;773],12,[0;NaN;NaN]},{'O',[997;24;768],13,[997;24;768],13,0},{'M',[708;152;677],9,[177;123;960],6,[2;NaN;NaN],[179;152;677],8,[NaN;0;0]},{'O',[708;152;677],9,[708;152;677],9,0},{'M',[395;123;41],11,[177;123;960],6,[NaN;0;NaN],[395;-141;41],10,[0;NaN;0]},{'O',[395;123;41],11,[395;123;41],11,0}}
Adder graph: {{'A',[5;-3;5],1,[1;1;1],0,0,[1;-1;1],0,2},{'M',[1;2;1],1,[1;1;1],0,[0;1;0]},{'A',[-31;-63;-31],2,[1;1;1],0,0,[-1;-2;-1],1,5},{'A',[21;13;21],2,[5;-3;5],1,0,[1;1;1],0,4},{'M',[21;4;4],3,[1;1;1],0,[NaN;2;2],[21;13;21],2,[0;NaN;NaN]},{'M',[21;13;128],3,[1;1;1],0,[NaN;NaN;7],[21;13;21],2,[0;0;NaN]},{'A',[147;19;-96],4,[21;4;4],3,3,[-21;-13;-128],3,0},{'M',[-496;-63;-31],3,[-31;-63;-31],2,[4;0;0]},{'M',[5;-3;21],3,[5;-3;5],1,[0;0;NaN],[21;13;21],2,[NaN;NaN;0]},{'A',[-997;-123;-41],4,[-496;-63;-31],3,1,[-5;3;21],3,0},{'M',[-248;13;-31],3,[-31;-63;-31],2,[3;NaN;0],[21;13;21],2,[NaN;0;NaN]},{'M',[147;-252;-992],5,[-31;-63;-31],2,[NaN;2;5],[147;19;-96],4,[0;NaN;NaN]},{'A',[-395;265;961],6,[-248;13;-31],3,0,[-147;252;992],5,0},{'M',[5;-384;-384],5,[5;-3;5],1,[0;7;NaN],[147;19;-96],4,[NaN;NaN;2]},{'M',[40;26;5],3,[5;-3;5],1,[3;NaN;0],[21;13;21],2,[NaN;1;NaN]},{'A',[-30;-742;-773],6,[5;-384;-384],5,1,[-40;26;-5],3,0},{'M',[-30;19;-773],7,[147;19;-96],4,[NaN;0;NaN],[-30;-742;-773],6,[0;NaN;0]},{'A',[177;38;677],8,[147;19;-96],4,0,[30;19;773],7,0},{'O',[30;742;773],6,[30;742;773],6,0},{'M',[147;265;961],7,[147;19;-96],4,[0;NaN;NaN],[-395;265;961],6,[NaN;0;0]},{'O',[147;265;961],7,[147;265;961],7,0},{'M',[-997;-24;-768],5,[5;-3;5],1,[NaN;3;NaN],[147;19;-96],4,[NaN;NaN;3],[-997;-123;-41],4,[0;NaN;NaN]},{'O',[997;24;768],5,[997;24;768],5,0},{'M',[708;152;677],9,[177;38;677],8,[2;2;0]},{'O',[708;152;677],9,[708;152;677],9,0},{'M',[-395;-123;-41],7,[-997;-123;-41],4,[NaN;0;0],[-395;265;961],6,[0;NaN;NaN]},{'O',[395;123;41],7,[395;123;41],7,0}}
Adder graph: {{'A',[15;15;17],1,[1;1;1],0,4,[-1;-1;1],0,0},{'A',[3;5;3],1,[1;1;1],0,2,[-1;1;-1],0,0},{'M',[3;2;2],2,[1;1;1],0,[NaN;1;1],[3;5;3],1,[0;NaN;NaN]},{'A',[387;251;259],3,[3;2;2],2,7,[3;-5;3],1,0},{'M',[387;251;518],4,[387;251;259],3,[0;0;1]},{'M',[8;128;17],2,[1;1;1],0,[3;7;NaN],[15;15;17],1,[NaN;NaN;0]},{'A',[395;123;501],5,[387;251;518],4,0,[8;-128;-17],2,0},{'M',[24;15;17],2,[15;15;17],1,[NaN;0;0],[3;5;3],1,[3;NaN;NaN]},{'M',[30;502;501],6,[15;15;17],1,[1;NaN;NaN],[387;251;259],3,[NaN;1;NaN],[395;123;501],5,[NaN;NaN;0]},{'A',[354;742;773],7,[24;15;17],2,4,[-30;502;501],6,0},{'M',[3;15;17],2,[15;15;17],1,[NaN;0;0],[3;5;3],1,[0;NaN;NaN]},{'M',[6;1;6],2,[1;1;1],0,[NaN;0;NaN],[3;5;3],1,[1;NaN;1]},{'A',[27;19;41],3,[3;15;17],2,0,[6;1;6],2,2},{'M',[60;123;501],6,[15;15;17],1,[2;NaN;NaN],[395;123;501],5,[NaN;0;0]},{'A',[147;265;961],7,[60;123;501],6,1,[27;19;-41],3,0},{'M',[1024;5;773],8,[1;1;1],0,[10;NaN;NaN],[3;5;3],1,[NaN;0;NaN],[354;742;773],7,[NaN;NaN;0]},{'M',[27;19;96],4,[3;5;3],1,[NaN;NaN;5],[27;19;41],3,[0;0;NaN]},{'A',[997;24;677],9,[1024;5;773],8,0,[-27;19;-96],4,0},{'M',[30;742;773],8,[15;15;17],1,[1;NaN;NaN],[354;742;773],7,[NaN;0;0]},{'O',[30;742;773],8,[30;742;773],8,0},{'O',[147;265;961],7,[147;265;961],7,0},{'M',[997;24;768],10,[3;5;3],1,[NaN;NaN;8],[997;24;677],9,[0;0;NaN]},{'O',[997;24;768],10,[997;24;768],10,0},{'M',[708;152;677],10,[354;742;773],7,[1;NaN;NaN],[27;19;41],3,[NaN;3;NaN],[997;24;677],9,[NaN;NaN;0]},{'O',[708;152;677],10,[708;152;677],10,0},{'M',[395;123;41],6,[395;123;501],5,[0;0;NaN],[27;19;41],3,[NaN;NaN;0]},{'O',[395;123;41],6,[395;123;41],6,0}}
Adder graph: {{'A',[5;3;3],1,[1;1;1],0,2,[1;-1;-1],0,0},{'M',[64;64;3],2,[1;1;1],0,[6;6;NaN],[5;3;3],1,[NaN;NaN;0]},{'A',[-62;66;5],3,[1;1;1],0,1,[-64;64;3],2,0},{'A',[200;120;120],2,[5;3;3],1,3,[5;3;3],1,5},{'M',[400;120;40],4,[-62;66;5],3,[NaN;NaN;3],[200;120;120],2,[1;0;NaN]},{'M',[5;3;1],2,[1;1;1],0,[NaN;NaN;0],[5;3;3],1,[0;0;NaN]},{'A',[395;123;41],5,[400;120;40],4,0,[-5;3;1],2,0},{'M',[-62;66;240],4,[-62;66;5],3,[0;0;NaN],[200;120;120],2,[NaN;NaN;1]},{'M',[395;1;1],6,[1;1;1],0,[NaN;0;0],[395;123;41],5,[0;NaN;NaN]},{'A',[147;265;961],7,[-62;66;240],4,2,[395;1;1],6,0},{'M',[4;3;3],2,[1;1;1],0,[2;NaN;NaN],[5;3;3],1,[NaN;0;0]},{'M',[2;2;3],2,[1;1;1],0,[1;1;NaN],[5;3;3],1,[NaN;NaN;0]},{'A',[30;26;21],3,[4;3;3],2,3,[-2;2;-3],2,0},{'M',[120;2120;21],8,[147;265;961],7,[NaN;3;NaN],[30;26;21],3,[2;NaN;0]},{'M',[147;492;164],8,[395;123;41],5,[NaN;2;2],[147;265;961],7,[0;NaN;NaN]},{'A',[708;152;677],9,[120;2120;21],8,0,[147;-492;164],8,2},{'M',[5;768;768],2,[5;3;3],1,[0;8;8]},{'M',[-992;26;5],4,[-62;66;5],3,[4;NaN;0],[30;26;21],3,[NaN;0;NaN]},{'A',[997;742;773],5,[5;768;768],2,0,[992;-26;5],4,0},{'M',[30;742;773],6,[30;26;21],3,[0;NaN;NaN],[997;742;773],5,[NaN;0;0]},{'O',[30;742;773],6,[30;742;773],6,0},{'O',[147;265;961],7,[147;265;961],7,0},{'M',[997;24;768],6,[5;3;3],1,[NaN;3;8],[997;742;773],5,[0;NaN;NaN]},{'O',[997;24;768],6,[997;24;768],6,0},{'O',[708;152;677],9,[708;152;677],9,0},{'O',[395;123;41],5,[395;123;41],5,0}}
Adder graph: {{'A',[6;10;10],1,[1;1;1],0,3,[-1;1;1],0,1},{'M',[6;10;20],2,[6;10;10],1,[0;0;1]},{'A',[11;19;41],3,[6;10;20],2,1,[-1;-1;1],0,0},{'M',[11;19;80],4,[6;10;10],1,[NaN;NaN;3],[11;19;41],3,[0;0;NaN]},{'A',[27;3;96],5,[11;19;80],4,0,[1;-1;1],0,4},{'M',[12;3;20],6,[6;10;10],1,[1;NaN;1],[27;3;96],5,[NaN;0;NaN]},{'A',[395;115;681],7,[12;3;20],6,5,[11;19;41],3,0},{'M',[704;115;681],8,[11;19;41],3,[6;NaN;NaN],[395;115;681],7,[NaN;0;0]},{'M',[1;2;1],1,[1;1;1],0,[0;1;0]},{'A',[708;123;677],9,[704;115;681],8,0,[1;2;-1],1,2},{'M',[6;19;10],4,[6;10;10],1,[0;NaN;0],[11;19;41],3,[NaN;0;NaN]},{'A',[30;-66;-30],5,[6;10;10],1,0,[6;-19;-10],4,2},{'M',[1024;512;677],10,[1;1;1],0,[10;9;NaN],[708;123;677],9,[NaN;NaN;0]},{'M',[27;230;96],8,[27;3;96],5,[0;NaN;0],[395;115;681],7,[NaN;1;NaN]},{'A',[997;742;773],11,[1024;512;677],10,0,[-27;230;96],8,0},{'M',[27;1;1],6,[1;1;1],0,[NaN;0;0],[27;3;96],5,[0;NaN;NaN]},{'M',[30;-66;-240],6,[30;-66;-30],5,[0;0;3]},{'A',[147;265;961],7,[27;1;1],6,0,[30;66;240],6,2},{'M',[30;742;773],12,[30;-66;-30],5,[0;NaN;NaN],[997;742;773],11,[NaN;0;0]},{'O',[30;742;773],12,[30;742;773],12,0},{'O',[147;265;961],7,[147;265;961],7,0},{'M',[997;24;768],12,[27;3;96],5,[NaN;3;3],[997;742;773],11,[0;NaN;NaN]},{'O',[997;24;768],12,[997;24;768],12,0},{'M',[708;152;677],10,[11;19;41],3,[NaN;3;NaN],[708;123;677],9,[0;NaN;0]},{'O',[708;152;677],10,[708;152;677],10,0},{'M',[395;123;41],10,[11;19;41],3,[NaN;NaN;0],[395;115;681],7,[0;NaN;NaN],[708;123;677],9,[NaN;0;NaN]},{'O',[395;123;41],10,[395;123;41],10,0}}
Adder graph: {{'A',[3;3;3],1,[1;1;1],0,0,[1;1;1],0,1},{'M',[3;1;1],2,[1;1;1],0,[NaN;0;0],[3;3;3],1,[0;NaN;NaN]},{'M',[1;1;3],2,[1;1;1],0,[0;0;NaN],[3;3;3],1,[NaN;NaN;0]},{'A',[49;15;19],3,[3;1;1],2,4,[1;-1;3],2,0},{'M',[49;4;19],4,[1;1;1],0,[NaN;2;NaN],[49;15;19],3,[0;NaN;0]},{'M',[49;15;384],4,[3;3;3],1,[NaN;NaN;7],[49;15;19],3,[0;0;NaN]},{'A',[147;-26;-749],5,[49;4;19],4,0,[49;-15;-384],4,1},{'M',[196;60;19],4,[49;15;19],3,[2;2;0]},{'A',[395;123;41],5,[3;3;3],1,0,[196;60;19],4,1},{'M',[3;96;3],2,[3;3;3],1,[0;5;0]},{'M',[6;-26;-749],6,[3;3;3],1,[1;NaN;NaN],[147;-26;-749],5,[NaN;0;0]},{'A',[30;742;773],7,[3;96;3],2,3,[6;-26;749],6,0},{'A',[741;261;63],6,[395;123;41],5,1,[-49;15;-19],3,0},{'M',[64;1;256],1,[1;1;1],0,[6;0;8]},{'A',[997;265;961],7,[64;1;256],1,2,[741;261;-63],6,0},{'M',[30;12;773],8,[3;3;3],1,[NaN;2;NaN],[30;742;773],7,[0;NaN;0]},{'M',[147;-26;96],6,[3;3;3],1,[NaN;NaN;5],[147;-26;-749],5,[0;0;NaN]},{'A',[177;38;677],9,[30;12;773],8,0,[147;26;-96],6,0},{'O',[30;742;773],7,[30;742;773],7,0},{'M',[147;265;961],8,[147;-26;-749],5,[0;NaN;NaN],[997;265;961],7,[NaN;0;0]},{'O',[147;265;961],8,[147;265;961],8,0},{'M',[997;24;768],8,[3;3;3],1,[NaN;3;8],[997;265;961],7,[0;NaN;NaN]},{'O',[997;24;768],8,[997;24;768],8,0},{'M',[708;152;677],10,[177;38;677],9,[2;2;0]},{'O',[708;152;677],10,[708;152;677],10,0},{'O',[395;123;41],5,[395;123;41],5,0}}
Adder graph: {{'M',[16;16;1],1,[1;1;1],0,[4;4;0]},{'A',[33;31;3],2,[16;16;1],1,1,[1;-1;1],0,0},{'M',[33;62;3],3,[33;31;3],2,[0;1;0]},{'A',[37;66;1],4,[1;1;1],0,2,[33;62;-3],3,0},{'A',[147;265;5],5,[37;66;1],4,2,[-1;1;1],0,0},{'A',[15;15;15],1,[1;1;1],0,4,[-1;-1;-1],0,0},{'M',[33;31;10],6,[33;31;3],2,[0;0;NaN],[147;265;5],5,[NaN;NaN;1]},{'A',[133;123;41],7,[33;31;10],6,2,[1;-1;1],0,0},{'M',[33;31;48],3,[33;31;3],2,[0;0;4]},{'M',[133;246;5],8,[147;265;5],5,[NaN;NaN;0],[133;123;41],7,[0;1;NaN]},{'A',[395;742;773],9,[33;31;48],3,4,[-133;246;5],8,0},{'M',[37;984;1],8,[37;66;1],4,[0;NaN;0],[133;123;41],7,[NaN;3;NaN]},{'A',[997;24;961],9,[37;984;1],8,0,[15;-15;15],1,6},{'M',[588;32;773],10,[1;1;1],0,[NaN;5;NaN],[147;265;5],5,[2;NaN;NaN],[395;742;773],9,[NaN;NaN;0]},{'M',[15;15;12],3,[33;31;3],2,[NaN;NaN;2],[15;15;15],1,[0;0;NaN]},{'A',[708;152;677],11,[588;32;773],10,0,[15;15;-12],3,3},{'M',[30;742;773],10,[15;15;15],1,[1;NaN;NaN],[395;742;773],9,[NaN;0;0]},{'O',[30;742;773],10,[30;742;773],10,0},{'M',[147;265;961],10,[147;265;5],5,[0;0;NaN],[997;24;961],9,[NaN;NaN;0]},{'O',[147;265;961],10,[147;265;961],10,0},{'M',[997;24;768],10,[33;31;3],2,[NaN;NaN;8],[997;24;961],9,[0;0;NaN]},{'O',[997;24;768],10,[997;24;768],10,0},{'O',[708;152;677],11,[708;152;677],11,0},{'M',[395;123;41],10,[133;123;41],7,[NaN;0;0],[395;742;773],9,[0;NaN;NaN]},{'O',[395;123;41],10,[395;123;41],10,0}}
Finished solving after 259190 seconds
Adder graph: {{'M',[16;16;1],1,[1;1;1],0,[4;4;0]},{'A',[33;31;3],2,[16;16;1],1,1,[1;-1;1],0,0},{'M',[33;62;3],3,[33;31;3],2,[0;1;0]},{'A',[37;66;1],4,[1;1;1],0,2,[33;62;-3],3,0},{'A',[147;265;5],5,[37;66;1],4,2,[-1;1;1],0,0},{'A',[15;15;15],1,[1;1;1],0,4,[-1;-1;-1],0,0},{'M',[33;31;10],6,[33;31;3],2,[0;0;NaN],[147;265;5],5,[NaN;NaN;1]},{'A',[133;123;41],7,[33;31;10],6,2,[1;-1;1],0,0},{'M',[33;31;48],3,[33;31;3],2,[0;0;4]},{'M',[133;246;5],8,[147;265;5],5,[NaN;NaN;0],[133;123;41],7,[0;1;NaN]},{'A',[395;742;773],9,[33;31;48],3,4,[-133;246;5],8,0},{'M',[37;984;1],8,[37;66;1],4,[0;NaN;0],[133;123;41],7,[NaN;3;NaN]},{'A',[997;24;961],9,[37;984;1],8,0,[15;-15;15],1,6},{'M',[588;32;773],10,[1;1;1],0,[NaN;5;NaN],[147;265;5],5,[2;NaN;NaN],[395;742;773],9,[NaN;NaN;0]},{'M',[15;15;12],3,[33;31;3],2,[NaN;NaN;2],[15;15;15],1,[0;0;NaN]},{'A',[708;152;677],11,[588;32;773],10,0,[15;15;-12],3,3},{'M',[30;742;773],10,[15;15;15],1,[1;NaN;NaN],[395;742;773],9,[NaN;0;0]},{'O',[30;742;773],10,[30;742;773],10,0},{'M',[147;265;961],10,[147;265;5],5,[0;0;NaN],[997;24;961],9,[NaN;NaN;0]},{'O',[147;265;961],10,[147;265;961],10,0},{'M',[997;24;768],10,[33;31;3],2,[NaN;NaN;8],[997;24;961],9,[0;0;NaN]},{'O',[997;24;768],10,[997;24;768],10,0},{'O',[708;152;677],11,[708;152;677],11,0},{'M',[395;123;41],10,[133;123;41],7,[NaN;0;0],[395;742;773],9,[0;NaN;NaN]},{'O',[395;123;41],10,[395;123;41],10,0}}
# Add optimal = 1
# Mux optimal = 0
# FAs optimal = 0
