Adder graph: {{'A',[0,1,0,2],1,0,[0,0,0,1],0,1,[0,1,0,0],0,0},{'A',[-1,0,0,1],1,0,[0,0,0,1],0,0,[-1,0,0,0],0,0},{'A',[0,0,8,1],1,0,[0,0,1,0],0,3,[0,0,0,1],0,0},{'A',[4,0,8,-3],2,0,[0,0,8,1],1,0,[1,0,0,-1],1,2},{'A',[0,4,8,9],2,0,[0,1,0,2],1,2,[0,0,8,1],1,0},{'A',[2,2,8,3],3,1,[4,0,8,-3],2,0,[0,4,8,9],2,0},{'O',[-2,-2,-8,-3],3,[-2,-2,-8,-3],3,0}}
Adder graph: {{'A',[1,0,0,1],1,0,[1,0,0,0],0,0,[0,0,0,1],0,0},{'A',[-3,0,0,-3],2,0,[1,0,0,1],1,0,[-1,0,0,-1],1,2},{'A',[0,0,1,0],1,1,[0,0,1,0],0,0,[0,0,1,0],0,0},{'A',[1,-2,0,0],1,0,[1,0,0,0],0,0,[0,-1,0,0],0,1},{'A',[-1,2,8,0],2,0,[0,0,1,0],1,3,[-1,2,0,0],1,0},{'A',[2,2,8,3],3,0,[-1,2,8,0],2,0,[3,0,0,3],2,0},{'O',[-2,-2,-8,-3],3,[-2,-2,-8,-3],3,0}}
Adder graph: {{'A',[0,1,0,1],1,0,[0,0,0,1],0,0,[0,1,0,0],0,0},{'A',[0,2,0,2],2,0,[0,1,0,1],1,0,[0,1,0,1],1,0},{'A',[2,0,0,1],1,0,[0,0,0,1],0,0,[1,0,0,0],0,1},{'A',[0,0,1,0],1,1,[0,0,1,0],0,0,[0,0,1,0],0,0},{'A',[2,0,8,1],2,0,[2,0,0,1],1,0,[0,0,1,0],1,3},{'A',[2,2,8,3],3,0,[2,0,8,1],2,0,[0,2,0,2],2,0},{'O',[-2,-2,-8,-3],3,[-2,-2,-8,-3],3,0}}
Adder graph: {{'A',[0,0,0,-1],1,0,[0,0,0,1],0,0,[0,0,0,-1],0,1},{'A',[0,0,0,3],2,0,[0,0,0,-1],1,0,[0,0,0,1],1,2},{'A',[1,1,0,0],1,0,[1,0,0,0],0,0,[0,1,0,0],0,0},{'A',[0,0,2,0],1,0,[0,0,1,0],0,0,[0,0,1,0],0,0},{'A',[1,1,4,0],2,0,[0,0,2,0],1,1,[1,1,0,0],1,0},{'A',[2,2,8,3],3,0,[1,1,4,0],2,1,[0,0,0,3],2,0},{'O',[-2,-2,-8,-3],3,[-2,-2,-8,-3],3,0}}
Adder graph: {{'A',[0,0,0,2],1,0,[0,0,0,1],0,0,[0,0,0,1],0,0},{'A',[0,0,0,1],2,1,[0,0,0,2],1,1,[0,0,0,-2],1,0},{'A',[0,0,2,1],1,0,[0,0,1,0],0,1,[0,0,0,1],0,0},{'A',[1,1,0,0],1,0,[1,0,0,0],0,0,[0,1,0,0],0,0},{'A',[1,1,4,2],2,0,[1,1,0,0],1,0,[0,0,2,1],1,1},{'A',[-2,-2,-8,-3],3,0,[0,0,0,1],2,0,[-1,-1,-4,-2],2,1},{'O',[-2,-2,-8,-3],3,[-2,-2,-8,-3],3,0}}
Adder graph: {{'A',[0,0,0,1],1,1,[0,0,0,1],0,0,[0,0,0,1],0,0},{'A',[0,0,1,0],1,1,[0,0,1,0],0,0,[0,0,1,0],0,0},{'A',[1,1,0,0],1,0,[0,1,0,0],0,0,[1,0,0,0],0,0},{'A',[0,0,0,3],2,0,[0,0,0,1],1,2,[0,0,0,-1],1,0},{'A',[1,1,4,0],2,0,[1,1,0,0],1,0,[0,0,1,0],1,2},{'A',[2,2,8,3],3,0,[1,1,4,0],2,1,[0,0,0,3],2,0},{'O',[-2,-2,-8,-3],3,[-2,-2,-8,-3],3,0}}
Finished solving after 25.98 seconds
Adder graph: {{'A',[0,0,0,1],1,1,[0,0,0,1],0,0,[0,0,0,1],0,0},{'A',[0,0,1,0],1,1,[0,0,1,0],0,0,[0,0,1,0],0,0},{'A',[1,1,0,0],1,0,[0,1,0,0],0,0,[1,0,0,0],0,0},{'A',[0,0,0,3],2,0,[0,0,0,1],1,2,[0,0,0,-1],1,0},{'A',[1,1,4,0],2,0,[1,1,0,0],1,0,[0,0,1,0],1,2},{'A',[2,2,8,3],3,0,[1,1,4,0],2,1,[0,0,0,3],2,0},{'O',[-2,-2,-8,-3],3,[-2,-2,-8,-3],3,0}}
#Add optimal = 1
#FAs optimal = 1
