Adder graph: {{'A',[0,0,-1,4],1,0,[0,0,0,1],0,2,[0,0,-1,0],0,0},{'A',[-1,4,0,0],1,0,[0,1,0,0],0,2,[-1,0,0,0],0,0},{'A',[1,0,0,4],1,0,[0,0,0,1],0,2,[1,0,0,0],0,0},{'A',[2,0,1,4],2,0,[1,0,0,4],1,1,[0,0,1,-4],1,0},{'A',[-1,4,2,-8],2,0,[-1,4,0,0],1,0,[0,0,1,-4],1,1},{'A',[7,4,6,8],3,0,[-1,4,2,-8],2,0,[2,0,1,4],2,2},{'O',[-7,-4,-6,-8],3,[-7,-4,-6,-8],3,0}}
Adder graph: {{'A',[2,1,0,0],1,0,[0,1,0,0],0,0,[1,0,0,0],0,1},{'A',[0,0,1,-4],1,0,[0,0,1,0],0,0,[0,0,0,-1],0,2},{'A',[2,1,0,0],2,0,[2,1,0,0],1,1,[-2,-1,0,0],1,0},{'A',[1,0,-8,0],1,0,[1,0,0,0],0,0,[0,0,-1,0],0,3},{'A',[1,0,-6,-8],2,0,[0,0,1,-4],1,1,[1,0,-8,0],1,0},{'A',[7,4,6,8],3,0,[2,1,0,0],2,2,[-1,0,6,8],2,0},{'O',[-7,-4,-6,-8],3,[-7,-4,-6,-8],3,0}}
Adder graph: {{'A',[0,0,1,1],1,0,[0,0,1,0],0,0,[0,0,0,1],0,0},{'A',[0,0,2,2],2,0,[0,0,1,1],1,0,[0,0,1,1],1,0},{'A',[1,0,2,0],1,0,[1,0,0,0],0,0,[0,0,1,0],0,1},{'A',[2,1,0,0],1,0,[1,0,0,0],0,1,[0,1,0,0],0,0},{'A',[-7,-4,2,0],2,0,[1,0,2,0],1,0,[-2,-1,0,0],1,2},{'A',[-7,-4,-6,-8],3,0,[-7,-4,2,0],2,0,[0,0,-2,-2],2,2},{'O',[-7,-4,-6,-8],3,[-7,-4,-6,-8],3,0}}
Adder graph: {{'A',[1,0,0,0],1,0,[1,0,0,0],0,1,[-1,0,0,0],0,0},{'A',[0,0,1,1],1,0,[0,0,1,0],0,0,[0,0,0,1],0,0},{'A',[7,0,0,0],2,0,[1,0,0,0],1,3,[-1,0,0,0],1,0},{'A',[0,-2,1,0],1,0,[0,0,1,0],0,0,[0,-1,0,0],0,1},{'A',[0,2,3,4],2,0,[0,0,1,1],1,2,[0,2,-1,0],1,0},{'A',[7,4,6,8],3,0,[0,2,3,4],2,1,[7,0,0,0],2,0},{'O',[-7,-4,-6,-8],3,[-7,-4,-6,-8],3,0}}
Adder graph: {{'A',[1,0,0,1],1,0,[1,0,0,0],0,0,[0,0,0,1],0,0},{'A',[0,1,1,0],1,0,[0,0,1,0],0,0,[0,1,0,0],0,0},{'A',[-1,0,2,0],1,0,[0,0,1,0],0,1,[-1,0,0,0],0,0},{'A',[-1,-4,-2,0],2,0,[-1,0,2,0],1,0,[0,-1,-1,0],1,2},{'A',[1,1,1,1],2,0,[1,0,0,1],1,0,[0,1,1,0],1,0},{'A',[7,4,6,8],3,0,[-1,-4,-2,0],2,0,[1,1,1,1],2,3},{'O',[-7,-4,-6,-8],3,[-7,-4,-6,-8],3,0}}
Adder graph: {{'A',[1,0,0,0],1,0,[1,0,0,0],0,1,[-1,0,0,0],0,0},{'A',[1,0,1,0],1,0,[0,0,1,0],0,0,[1,0,0,0],0,0},{'A',[-1,0,-2,0],2,0,[1,0,0,0],1,0,[-1,0,-1,0],1,1},{'A',[0,1,0,2],1,0,[0,1,0,0],0,0,[0,0,0,1],0,1},{'A',[2,1,2,2],2,0,[1,0,1,0],1,1,[0,1,0,2],1,0},{'A',[7,4,6,8],3,0,[2,1,2,2],2,2,[-1,0,-2,0],2,0},{'O',[-7,-4,-6,-8],3,[-7,-4,-6,-8],3,0}}
Finished solving after 54.514 seconds
Adder graph: {{'A',[1,0,0,0],1,0,[1,0,0,0],0,1,[-1,0,0,0],0,0},{'A',[1,0,1,0],1,0,[0,0,1,0],0,0,[1,0,0,0],0,0},{'A',[-1,0,-2,0],2,0,[1,0,0,0],1,0,[-1,0,-1,0],1,1},{'A',[0,1,0,2],1,0,[0,1,0,0],0,0,[0,0,0,1],0,1},{'A',[2,1,2,2],2,0,[1,0,1,0],1,1,[0,1,0,2],1,0},{'A',[7,4,6,8],3,0,[2,1,2,2],2,2,[-1,0,-2,0],2,0},{'O',[-7,-4,-6,-8],3,[-7,-4,-6,-8],3,0}}
#Add optimal = 1
#FAs optimal = 1
