Adder graph: {{'A',[8,0,-1,0],1,0,[1,0,0,0],0,3,[0,0,-1,0],0,0},{'A',[0,1,-2,0],1,0,[0,1,0,0],0,0,[0,0,-1,0],0,1},{'A',[8,1,-3,0],2,0,[0,1,-2,0],1,0,[8,0,-1,0],1,0},{'A',[0,0,0,5],1,0,[0,0,0,1],0,2,[0,0,0,1],0,0},{'A',[0,4,-8,5],2,0,[0,1,-2,0],1,2,[0,0,0,5],1,0},{'A',[8,-3,5,-5],3,0,[8,1,-3,0],2,0,[0,-4,8,-5],2,0},{'O',[-8,3,-5,5],3,[-8,3,-5,5],3,0}}
Adder graph: {{'A',[0,1,1,0],1,0,[0,1,0,0],0,0,[0,0,1,0],0,0},{'A',[0,3,3,0],2,0,[0,1,1,0],1,1,[0,1,1,0],1,0},{'A',[1,0,1,0],1,0,[1,0,0,0],0,0,[0,0,1,0],0,0},{'A',[0,0,0,5],1,0,[0,0,0,1],0,0,[0,0,0,1],0,2},{'A',[-8,0,-8,5],2,0,[0,0,0,5],1,0,[-1,0,-1,0],1,3},{'A',[-8,3,-5,5],3,0,[-8,0,-8,5],2,0,[0,3,3,0],2,0},{'O',[-8,3,-5,5],3,[-8,3,-5,5],3,0}}
Adder graph: {{'A',[-1,0,0,0],1,0,[1,0,0,0],0,0,[-1,0,0,0],0,1},{'A',[0,3,0,0],1,0,[0,1,0,0],0,1,[0,1,0,0],0,0},{'A',[0,0,1,-1],1,0,[0,0,1,0],0,0,[0,0,0,-1],0,0},{'A',[-8,3,0,0],2,0,[-1,0,0,0],1,3,[0,3,0,0],1,0},{'A',[0,0,5,-5],2,0,[0,0,1,-1],1,0,[0,0,1,-1],1,2},{'A',[-8,3,-5,5],3,0,[-8,3,0,0],2,0,[0,0,-5,5],2,0},{'O',[-8,3,-5,5],3,[-8,3,-5,5],3,0}}
Adder graph: {{'A',[0,0,-1,1],1,0,[0,0,0,1],0,0,[0,0,-1,0],0,0},{'A',[0,-3,0,0],1,0,[0,1,0,0],0,0,[0,-1,0,0],0,2},{'A',[0,0,-5,5],2,0,[0,0,-1,1],1,0,[0,0,-1,1],1,2},{'A',[1,0,0,0],1,1,[1,0,0,0],0,0,[1,0,0,0],0,0},{'A',[8,-3,0,0],2,0,[0,-3,0,0],1,0,[1,0,0,0],1,3},{'A',[8,-3,5,-5],3,0,[8,-3,0,0],2,0,[0,0,5,-5],2,0},{'O',[-8,3,-5,5],3,[-8,3,-5,5],3,0}}
Adder graph: {{'A',[-1,1,0,0],1,0,[0,1,0,0],0,0,[-1,0,0,0],0,0},{'A',[0,0,1,-1],1,0,[0,0,1,0],0,0,[0,0,0,-1],0,0},{'A',[1,-1,1,-1],2,0,[0,0,1,-1],1,0,[1,-1,0,0],1,0},{'A',[4,1,0,0],1,0,[1,0,0,0],0,2,[0,1,0,0],0,0},{'A',[4,1,1,-1],2,0,[0,0,1,-1],1,0,[4,1,0,0],1,0},{'A',[8,-3,5,-5],3,0,[4,1,1,-1],2,0,[1,-1,1,-1],2,2},{'O',[-8,3,-5,5],3,[-8,3,-5,5],3,0}}
Adder graph: {{'A',[0,0,1,-1],1,0,[0,0,1,0],0,0,[0,0,0,-1],0,0},{'A',[-1,0,0,0],1,0,[1,0,0,0],0,0,[-1,0,0,0],0,1},{'A',[2,0,1,-1],2,0,[0,0,1,-1],1,0,[1,0,0,0],1,1},{'A',[0,-3,0,0],1,0,[0,1,0,0],0,0,[0,-1,0,0],0,2},{'A',[0,-3,1,-1],2,0,[0,-3,0,0],1,0,[0,0,1,-1],1,0},{'A',[8,-3,5,-5],3,0,[2,0,1,-1],2,2,[0,-3,1,-1],2,0},{'O',[-8,3,-5,5],3,[-8,3,-5,5],3,0}}
Adder graph: {{'A',[0,3,0,0],1,0,[0,1,0,0],0,2,[0,-1,0,0],0,0},{'A',[0,0,-1,1],1,0,[0,0,0,1],0,0,[0,0,-1,0],0,0},{'A',[1,0,0,0],1,0,[1,0,0,0],0,1,[-1,0,0,0],0,0},{'A',[0,3,-1,1],2,0,[0,3,0,0],1,0,[0,0,-1,1],1,0},{'A',[2,0,1,-1],2,0,[1,0,0,0],1,1,[0,0,1,-1],1,0},{'A',[-8,3,-5,5],3,0,[0,3,-1,1],2,0,[-2,0,-1,1],2,2},{'O',[-8,3,-5,5],3,[-8,3,-5,5],3,0}}
Finished solving after 88.409 seconds
Adder graph: {{'A',[0,3,0,0],1,0,[0,1,0,0],0,2,[0,-1,0,0],0,0},{'A',[0,0,-1,1],1,0,[0,0,0,1],0,0,[0,0,-1,0],0,0},{'A',[1,0,0,0],1,0,[1,0,0,0],0,1,[-1,0,0,0],0,0},{'A',[0,3,-1,1],2,0,[0,3,0,0],1,0,[0,0,-1,1],1,0},{'A',[2,0,1,-1],2,0,[1,0,0,0],1,1,[0,0,1,-1],1,0},{'A',[-8,3,-5,5],3,0,[0,3,-1,1],2,0,[-2,0,-1,1],2,2},{'O',[-8,3,-5,5],3,[-8,3,-5,5],3,0}}
#Add optimal = 1
#FAs optimal = 1
