Adder graph: {{'A',[0,4,0,-1],1,0,[0,1,0,0],0,2,[0,0,0,-1],0,0},{'A',[-2,1,0,0],1,0,[0,1,0,0],0,0,[-1,0,0,0],0,1},{'A',[0,0,1,-2],1,0,[0,0,1,0],0,0,[0,0,0,-1],0,1},{'A',[0,4,-2,3],2,0,[0,4,0,-1],1,0,[0,0,-1,2],1,1},{'A',[-6,3,0,0],2,0,[-2,1,0,0],1,0,[-2,1,0,0],1,1},{'A',[6,5,-4,6],3,0,[0,4,-2,3],2,1,[6,-3,0,0],2,0},{'O',[6,5,-4,6],3,[6,5,-4,6],3,0}}
Adder graph: {{'A',[-1,0,4,0],1,0,[0,0,1,0],0,2,[-1,0,0,0],0,0},{'A',[0,0,0,-3],1,0,[0,0,0,1],0,0,[0,0,0,-1],0,2},{'A',[1,1,0,0],1,0,[0,1,0,0],0,0,[1,0,0,0],0,0},{'A',[1,1,0,6],2,0,[1,1,0,0],1,0,[0,0,0,3],1,1},{'A',[-5,-4,4,0],2,0,[-1,0,4,0],1,0,[-1,-1,0,0],1,2},{'A',[6,5,-4,6],3,0,[1,1,0,6],2,0,[5,4,-4,0],2,0},{'O',[6,5,-4,6],3,[6,5,-4,6],3,0}}
Adder graph: {{'A',[1,0,0,2],1,0,[1,0,0,0],0,0,[0,0,0,1],0,1},{'A',[1,1,0,0],1,0,[0,1,0,0],0,0,[1,0,0,0],0,0},{'A',[0,0,-1,1],1,0,[0,0,0,1],0,0,[0,0,-1,0],0,0},{'A',[1,0,-4,6],2,0,[0,0,-1,1],1,2,[1,0,0,2],1,0},{'A',[5,5,0,0],2,0,[1,1,0,0],1,0,[1,1,0,0],1,2},{'A',[6,5,-4,6],3,0,[5,5,0,0],2,0,[1,0,-4,6],2,0},{'O',[6,5,-4,6],3,[6,5,-4,6],3,0}}
Adder graph: {{'A',[1,0,-1,0],1,0,[1,0,0,0],0,0,[0,0,-1,0],0,0},{'A',[0,1,0,2],1,0,[0,1,0,0],0,0,[0,0,0,1],0,1},{'A',[1,1,0,0],1,0,[0,1,0,0],0,0,[1,0,0,0],0,0},{'A',[0,-3,0,-6],2,0,[0,1,0,2],1,0,[0,-1,0,-2],1,2},{'A',[3,1,-2,0],2,0,[1,1,0,0],1,0,[1,0,-1,0],1,1},{'A',[6,5,-4,6],3,0,[3,1,-2,0],2,1,[0,3,0,6],2,0},{'O',[6,5,-4,6],3,[6,5,-4,6],3,0}}
Adder graph: {{'A',[1,0,0,1],1,0,[0,0,0,1],0,0,[1,0,0,0],0,0},{'A',[-3,0,0,-3],2,0,[1,0,0,1],1,0,[-1,0,0,-1],1,2},{'A',[0,-1,1,0],1,0,[0,0,1,0],0,0,[0,-1,0,0],0,0},{'A',[0,1,0,0],1,0,[0,1,0,0],0,1,[0,-1,0,0],0,0},{'A',[0,5,-4,0],2,0,[0,1,0,0],1,0,[0,1,-1,0],1,2},{'A',[6,5,-4,6],3,0,[0,5,-4,0],2,0,[3,0,0,3],2,1},{'O',[6,5,-4,6],3,[6,5,-4,6],3,0}}
Adder graph: {{'A',[0,-1,1,0],1,0,[0,0,1,0],0,0,[0,-1,0,0],0,0},{'A',[1,0,0,1],1,0,[0,0,0,1],0,0,[1,0,0,0],0,0},{'A',[2,1,-1,2],2,0,[1,0,0,1],1,1,[0,1,-1,0],1,0},{'A',[0,1,0,0],1,1,[0,1,0,0],0,0,[0,1,0,0],0,0},{'A',[2,-1,0,2],2,0,[1,0,0,1],1,1,[0,-1,0,0],1,0},{'A',[6,5,-4,6],3,0,[2,1,-1,2],2,2,[-2,1,0,-2],2,0},{'O',[6,5,-4,6],3,[6,5,-4,6],3,0}}
Adder graph: {{'A',[0,1,0,0],1,1,[0,1,0,0],0,0,[0,1,0,0],0,0},{'A',[1,0,0,1],1,0,[0,0,0,1],0,0,[1,0,0,0],0,0},{'A',[0,1,-1,0],1,0,[0,1,0,0],0,0,[0,0,-1,0],0,0},{'A',[2,1,0,2],2,0,[1,0,0,1],1,1,[0,1,0,0],1,0},{'A',[1,1,-1,1],2,0,[0,1,-1,0],1,0,[1,0,0,1],1,0},{'A',[6,5,-4,6],3,0,[2,1,0,2],2,0,[1,1,-1,1],2,2},{'O',[6,5,-4,6],3,[6,5,-4,6],3,0}}
Finished solving after 50.634 seconds
Adder graph: {{'A',[0,1,0,0],1,1,[0,1,0,0],0,0,[0,1,0,0],0,0},{'A',[1,0,0,1],1,0,[0,0,0,1],0,0,[1,0,0,0],0,0},{'A',[0,1,-1,0],1,0,[0,1,0,0],0,0,[0,0,-1,0],0,0},{'A',[2,1,0,2],2,0,[1,0,0,1],1,1,[0,1,0,0],1,0},{'A',[1,1,-1,1],2,0,[0,1,-1,0],1,0,[1,0,0,1],1,0},{'A',[6,5,-4,6],3,0,[2,1,0,2],2,0,[1,1,-1,1],2,2},{'O',[6,5,-4,6],3,[6,5,-4,6],3,0}}
#Add optimal = 1
#FAs optimal = 1
