Adder graph: {{'A',[0,0,1,2],1,0,[0,0,0,1],0,1,[0,0,1,0],0,0},{'A',[0,1,0,1],1,0,[0,1,0,0],0,0,[0,0,0,1],0,0},{'A',[7,0,0,0],1,0,[1,0,0,0],0,3,[-1,0,0,0],0,0},{'A',[0,2,0,2],2,0,[0,1,0,1],1,0,[0,1,0,1],1,0},{'A',[-7,0,4,8],2,0,[0,0,1,2],1,2,[-7,0,0,0],1,0},{'A',[-7,-2,4,6],3,0,[-7,0,4,8],2,0,[0,-2,0,-2],2,0},{'O',[7,2,-4,-6],3,[7,2,-4,-6],3,0}}
Adder graph: {{'A',[-1,0,0,2],1,0,[0,0,0,1],0,1,[-1,0,0,0],0,0},{'A',[-1,0,0,1],1,0,[0,0,0,1],0,0,[-1,0,0,0],0,0},{'A',[-3,0,0,2],2,0,[-1,0,0,1],1,2,[1,0,0,-2],1,0},{'A',[0,-1,2,0],1,0,[0,0,1,0],0,1,[0,-1,0,0],0,0},{'A',[-1,-2,4,2],2,0,[-1,0,0,2],1,0,[0,-1,2,0],1,1},{'A',[-7,-2,4,6],3,0,[-3,0,0,2],2,1,[-1,-2,4,2],2,0},{'O',[7,2,-4,-6],3,[7,2,-4,-6],3,0}}
Adder graph: {{'A',[0,0,1,0],1,0,[0,0,1,0],0,1,[0,0,-1,0],0,0},{'A',[1,2,0,0],1,0,[0,1,0,0],0,1,[1,0,0,0],0,0},{'A',[1,0,0,-1],1,0,[1,0,0,0],0,0,[0,0,0,-1],0,0},{'A',[1,0,2,-1],2,0,[0,0,1,0],1,1,[1,0,0,-1],1,0},{'A',[9,2,0,-8],2,0,[1,0,0,-1],1,3,[1,2,0,0],1,0},{'A',[-7,-2,4,6],3,0,[1,0,2,-1],2,1,[-9,-2,0,8],2,0},{'O',[7,2,-4,-6],3,[7,2,-4,-6],3,0}}
Adder graph: {{'A',[0,0,0,1],1,0,[0,0,0,1],0,1,[0,0,0,-1],0,0},{'A',[2,0,-1,0],1,0,[1,0,0,0],0,1,[0,0,-1,0],0,0},{'A',[-2,0,1,1],2,0,[0,0,0,1],1,0,[-2,0,1,0],1,0},{'A',[-1,2,0,0],1,0,[0,1,0,0],0,1,[-1,0,0,0],0,0},{'A',[1,-2,0,2],2,0,[0,0,0,1],1,1,[1,-2,0,0],1,0},{'A',[-7,-2,4,6],3,0,[-2,0,1,1],2,2,[1,-2,0,2],2,0},{'O',[7,2,-4,-6],3,[7,2,-4,-6],3,0}}
Adder graph: {{'A',[1,0,0,-1],1,0,[1,0,0,0],0,0,[0,0,0,-1],0,0},{'A',[0,0,1,0],1,1,[0,0,1,0],0,0,[0,0,1,0],0,0},{'A',[-1,0,1,1],2,0,[0,0,1,0],1,0,[-1,0,0,1],1,0},{'A',[1,2,0,0],1,0,[0,1,0,0],0,1,[1,0,0,0],0,0},{'A',[3,2,0,-2],2,0,[1,0,0,-1],1,1,[1,2,0,0],1,0},{'A',[7,2,-4,-6],3,0,[3,2,0,-2],2,0,[1,0,-1,-1],2,2},{'O',[7,2,-4,-6],3,[7,2,-4,-6],3,0}}
Adder graph: {{'A',[0,-1,0,1],1,0,[0,0,0,1],0,0,[0,-1,0,0],0,0},{'A',[1,0,0,0],1,0,[1,0,0,0],0,1,[-1,0,0,0],0,0},{'A',[0,0,1,1],1,0,[0,0,0,1],0,0,[0,0,1,0],0,0},{'A',[1,-2,0,2],2,0,[0,-1,0,1],1,1,[1,0,0,0],1,0},{'A',[2,0,-1,-1],2,0,[1,0,0,0],1,1,[0,0,-1,-1],1,0},{'A',[-7,-2,4,6],3,0,[1,-2,0,2],2,0,[-2,0,1,1],2,2},{'O',[7,2,-4,-6],3,[7,2,-4,-6],3,0}}
Finished solving after 37.346 seconds
Adder graph: {{'A',[0,-1,0,1],1,0,[0,0,0,1],0,0,[0,-1,0,0],0,0},{'A',[1,0,0,0],1,0,[1,0,0,0],0,1,[-1,0,0,0],0,0},{'A',[0,0,1,1],1,0,[0,0,0,1],0,0,[0,0,1,0],0,0},{'A',[1,-2,0,2],2,0,[0,-1,0,1],1,1,[1,0,0,0],1,0},{'A',[2,0,-1,-1],2,0,[1,0,0,0],1,1,[0,0,-1,-1],1,0},{'A',[-7,-2,4,6],3,0,[1,-2,0,2],2,0,[-2,0,1,1],2,2},{'O',[7,2,-4,-6],3,[7,2,-4,-6],3,0}}
#Add optimal = 1
#FAs optimal = 1
