Adder graph: {{'A',[0,0,-2,0,0,1,0],1,0,[0,0,0,0,0,1,0],0,0,[0,0,-1,0,0,0,0],0,1},{'A',[0,2,-2,0,0,1,0],2,0,[0,0,-2,0,0,1,0],1,0,[0,1,0,0,0,0,0],0,1},{'A',[0,-2,2,0,1,-1,0],3,0,[0,0,0,0,1,0,0],0,0,[0,-2,2,0,0,-1,0],2,0},{'A',[1,1,0,0,0,0,0],1,0,[0,1,0,0,0,0,0],0,0,[1,0,0,0,0,0,0],0,0},{'A',[1,1,0,0,0,0,8],2,0,[1,1,0,0,0,0,0],1,0,[0,0,0,0,0,0,1],0,3},{'A',[0,-2,2,-1,1,-1,0],4,0,[0,-2,2,0,1,-1,0],3,0,[0,0,0,-1,0,0,0],0,0},{'A',[0,-6,6,-4,3,-3,0],5,0,[0,-2,2,-1,1,-1,0],4,2,[0,2,-2,0,-1,1,0],3,0},{'A',[-1,-7,6,-4,3,-3,-8],6,0,[0,-6,6,-4,3,-3,0],5,0,[-1,-1,0,0,0,0,-8],2,0},{'O',[-1,-7,6,-4,3,-3,-8],6,[-1,-7,6,-4,3,-3,-8],6,0}}
Adder graph: {{'A',[0,0,-2,0,0,1,0],1,0,[0,0,0,0,0,1,0],0,0,[0,0,-1,0,0,0,0],0,1},{'A',[0,1,0,0,0,0,-8],1,0,[0,1,0,0,0,0,0],0,0,[0,0,0,0,0,0,-1],0,3},{'A',[0,-7,0,0,0,0,-8],2,0,[0,1,0,0,0,0,-8],1,0,[0,-1,0,0,0,0,0],0,3},{'A',[0,0,-2,0,-1,1,0],2,0,[0,0,-2,0,0,1,0],1,0,[0,0,0,0,-1,0,0],0,0},{'A',[0,0,6,0,3,-3,0],3,0,[0,0,-2,0,-1,1,0],2,0,[0,0,2,0,1,-1,0],2,2},{'A',[1,7,0,0,0,0,8],3,0,[1,0,0,0,0,0,0],0,0,[0,7,0,0,0,0,8],2,0},{'A',[1,7,0,4,0,0,8],4,0,[1,7,0,0,0,0,8],3,0,[0,0,0,1,0,0,0],0,2},{'A',[1,7,-6,4,-3,3,8],5,0,[1,7,0,4,0,0,8],4,0,[0,0,-6,0,-3,3,0],3,0},{'O',[-1,-7,6,-4,3,-3,-8],5,[-1,-7,6,-4,3,-3,-8],5,0}}
Adder graph: {{'A',[0,0,0,0,1,-1,0],1,0,[0,0,0,0,1,0,0],0,0,[0,0,0,0,0,-1,0],0,0},{'A',[0,1,0,0,0,0,1],1,0,[0,1,0,0,0,0,0],0,0,[0,0,0,0,0,0,1],0,0},{'A',[1,0,0,4,0,0,0],1,0,[1,0,0,0,0,0,0],0,0,[0,0,0,1,0,0,0],0,2},{'A',[1,8,0,4,0,0,8],2,0,[1,0,0,4,0,0,0],1,0,[0,1,0,0,0,0,1],1,3},{'A',[-1,-7,0,-4,0,0,-8],3,0,[0,1,0,0,0,0,0],0,0,[-1,-8,0,-4,0,0,-8],2,0},{'A',[0,0,2,0,1,-1,0],2,0,[0,0,0,0,1,-1,0],1,0,[0,0,1,0,0,0,0],0,1},{'A',[0,0,-6,0,-3,3,0],3,0,[0,0,2,0,1,-1,0],2,0,[0,0,-2,0,-1,1,0],2,2},{'A',[1,7,-6,4,-3,3,8],4,0,[0,0,-6,0,-3,3,0],3,0,[1,7,0,4,0,0,8],3,0},{'O',[-1,-7,6,-4,3,-3,-8],4,[-1,-7,6,-4,3,-3,-8],4,0}}
Adder graph: {{'A',[0,1,0,-4,0,0,0],1,0,[0,1,0,0,0,0,0],0,0,[0,0,0,-1,0,0,0],0,2},{'A',[0,-7,0,-4,0,0,0],2,0,[0,1,0,-4,0,0,0],1,0,[0,-1,0,0,0,0,0],0,3},{'A',[0,0,2,0,1,0,0],1,0,[0,0,1,0,0,0,0],0,1,[0,0,0,0,1,0,0],0,0},{'A',[0,0,2,0,1,-1,0],2,0,[0,0,2,0,1,0,0],1,0,[0,0,0,0,0,-1,0],0,0},{'A',[1,0,2,0,1,-1,0],3,0,[0,0,2,0,1,-1,0],2,0,[1,0,0,0,0,0,0],0,0},{'A',[1,0,-6,0,-3,3,0],4,0,[1,0,2,0,1,-1,0],3,0,[0,0,-2,0,-1,1,0],2,2},{'A',[0,-7,0,-4,0,0,-8],3,0,[0,-7,0,-4,0,0,0],2,0,[0,0,0,0,0,0,-1],0,3},{'A',[1,7,-6,4,-3,3,8],5,0,[1,0,-6,0,-3,3,0],4,0,[0,7,0,4,0,0,8],3,0},{'O',[-1,-7,6,-4,3,-3,-8],5,[-1,-7,6,-4,3,-3,-8],5,0}}
Adder graph: {{'A',[1,0,0,4,0,0,0],1,0,[1,0,0,0,0,0,0],0,0,[0,0,0,1,0,0,0],0,2},{'A',[0,0,0,0,1,-1,0],1,0,[0,0,0,0,1,0,0],0,0,[0,0,0,0,0,-1,0],0,0},{'A',[0,0,2,0,1,-1,0],2,0,[0,0,0,0,1,-1,0],1,0,[0,0,1,0,0,0,0],0,1},{'A',[1,0,0,4,0,0,8],2,0,[1,0,0,4,0,0,0],1,0,[0,0,0,0,0,0,1],0,3},{'A',[0,-7,0,0,0,0,0],1,0,[0,1,0,0,0,0,0],0,0,[0,-1,0,0,0,0,0],0,3},{'A',[0,-7,-2,0,-1,1,0],3,0,[0,-7,0,0,0,0,0],1,0,[0,0,-2,0,-1,1,0],2,0},{'A',[-1,-7,-2,-4,-1,1,-8],4,0,[0,-7,-2,0,-1,1,0],3,0,[-1,0,0,-4,0,0,-8],2,0},{'A',[-1,-7,6,-4,3,-3,-8],5,0,[-1,-7,-2,-4,-1,1,-8],4,0,[0,0,2,0,1,-1,0],2,2},{'O',[-1,-7,6,-4,3,-3,-8],5,[-1,-7,6,-4,3,-3,-8],5,0}}
Adder graph: {{'A',[0,0,0,0,-1,1,0],1,0,[0,0,0,0,0,1,0],0,0,[0,0,0,0,-1,0,0],0,0},{'A',[0,0,-2,0,-1,1,0],2,0,[0,0,0,0,-1,1,0],1,0,[0,0,-1,0,0,0,0],0,1},{'A',[1,0,0,0,0,0,8],1,0,[1,0,0,0,0,0,0],0,0,[0,0,0,0,0,0,1],0,3},{'A',[0,0,-2,-4,-1,1,0],3,0,[0,0,-2,0,-1,1,0],2,0,[0,0,0,-1,0,0,0],0,2},{'A',[0,0,6,-4,3,-3,0],4,0,[0,0,-2,-4,-1,1,0],3,0,[0,0,2,0,1,-1,0],2,2},{'A',[0,-7,0,0,0,0,0],1,0,[0,1,0,0,0,0,0],0,0,[0,-1,0,0,0,0,0],0,3},{'A',[1,7,0,0,0,0,8],2,0,[1,0,0,0,0,0,8],1,0,[0,7,0,0,0,0,0],1,0},{'A',[1,7,-6,4,-3,3,8],5,0,[1,7,0,0,0,0,8],2,0,[0,0,-6,4,-3,3,0],4,0},{'O',[-1,-7,6,-4,3,-3,-8],5,[-1,-7,6,-4,3,-3,-8],5,0}}
Adder graph: {{'A',[-1,1,0,0,0,0,0],1,0,[0,1,0,0,0,0,0],0,0,[-1,0,0,0,0,0,0],0,0},{'A',[-1,1,0,-4,0,0,0],2,0,[-1,1,0,0,0,0,0],1,0,[0,0,0,-1,0,0,0],0,2},{'A',[-1,-7,0,-4,0,0,0],3,0,[-1,1,0,-4,0,0,0],2,0,[0,-1,0,0,0,0,0],0,3},{'A',[0,0,0,0,1,-1,0],1,0,[0,0,0,0,1,0,0],0,0,[0,0,0,0,0,-1,0],0,0},{'A',[0,0,2,0,1,-1,0],2,0,[0,0,1,0,0,0,0],0,1,[0,0,0,0,1,-1,0],1,0},{'A',[0,0,2,0,1,-1,8],3,0,[0,0,2,0,1,-1,0],2,0,[0,0,0,0,0,0,1],0,3},{'A',[-1,-7,-2,-4,-1,1,-8],4,0,[-1,-7,0,-4,0,0,0],3,0,[0,0,-2,0,-1,1,-8],3,0},{'A',[-1,-7,6,-4,3,-3,-8],5,0,[-1,-7,-2,-4,-1,1,-8],4,0,[0,0,2,0,1,-1,0],2,2},{'O',[-1,-7,6,-4,3,-3,-8],5,[-1,-7,6,-4,3,-3,-8],5,0}}
Adder graph: {{'A',[0,0,0,0,-1,1,0],1,0,[0,0,0,0,0,1,0],0,0,[0,0,0,0,-1,0,0],0,0},{'A',[1,-1,0,0,0,0,0],1,0,[1,0,0,0,0,0,0],0,0,[0,-1,0,0,0,0,0],0,0},{'A',[0,0,-2,0,-1,1,0],2,0,[0,0,0,0,-1,1,0],1,0,[0,0,-1,0,0,0,0],0,1},{'A',[1,7,0,0,0,0,0],2,0,[1,-1,0,0,0,0,0],1,0,[0,1,0,0,0,0,0],0,3},{'A',[0,0,-2,-4,-1,1,0],3,0,[0,0,-2,0,-1,1,0],2,0,[0,0,0,-1,0,0,0],0,2},{'A',[-1,-7,-2,-4,-1,1,0],4,0,[0,0,-2,-4,-1,1,0],3,0,[-1,-7,0,0,0,0,0],2,0},{'A',[0,0,-2,0,-1,1,2],3,0,[0,0,0,0,0,0,1],0,1,[0,0,-2,0,-1,1,0],2,0},{'A',[-1,-7,6,-4,3,-3,-8],5,0,[-1,-7,-2,-4,-1,1,0],4,0,[0,0,2,0,1,-1,-2],3,2},{'O',[-1,-7,6,-4,3,-3,-8],5,[-1,-7,6,-4,3,-3,-8],5,0}}
Finished solving after 56267 seconds
Adder graph: {{'A',[0,0,0,0,-1,1,0],1,0,[0,0,0,0,0,1,0],0,0,[0,0,0,0,-1,0,0],0,0},{'A',[1,-1,0,0,0,0,0],1,0,[1,0,0,0,0,0,0],0,0,[0,-1,0,0,0,0,0],0,0},{'A',[0,0,-2,0,-1,1,0],2,0,[0,0,0,0,-1,1,0],1,0,[0,0,-1,0,0,0,0],0,1},{'A',[1,7,0,0,0,0,0],2,0,[1,-1,0,0,0,0,0],1,0,[0,1,0,0,0,0,0],0,3},{'A',[0,0,-2,-4,-1,1,0],3,0,[0,0,-2,0,-1,1,0],2,0,[0,0,0,-1,0,0,0],0,2},{'A',[-1,-7,-2,-4,-1,1,0],4,0,[0,0,-2,-4,-1,1,0],3,0,[-1,-7,0,0,0,0,0],2,0},{'A',[0,0,-2,0,-1,1,2],3,0,[0,0,0,0,0,0,1],0,1,[0,0,-2,0,-1,1,0],2,0},{'A',[-1,-7,6,-4,3,-3,-8],5,0,[-1,-7,-2,-4,-1,1,0],4,0,[0,0,2,0,1,-1,-2],3,2},{'O',[-1,-7,6,-4,3,-3,-8],5,[-1,-7,6,-4,3,-3,-8],5,0}}
#Add optimal = 1
#FAs optimal = 0
