Adder graph: {{'A',[0,0,1,0,-1,0,0],1,0,[0,0,1,0,0,0,0],0,0,[0,0,0,0,-1,0,0],0,0},{'A',[-1,0,1,0,-1,0,0],2,0,[0,0,1,0,-1,0,0],1,0,[-1,0,0,0,0,0,0],0,0},{'A',[0,1,0,0,0,2,0],1,0,[0,1,0,0,0,0,0],0,0,[0,0,0,0,0,1,0],0,1},{'A',[-1,-2,1,0,-1,0,0],3,0,[-1,0,1,0,-1,0,0],2,0,[0,-1,0,0,0,0,0],0,1},{'A',[0,0,0,0,-1,0,1],1,0,[0,0,0,0,0,0,1],0,0,[0,0,0,0,-1,0,0],0,0},{'A',[-2,-4,2,0,-3,0,1],4,0,[0,0,0,0,-1,0,1],1,0,[-1,-2,1,0,-1,0,0],3,1},{'A',[0,1,0,-4,0,2,0],2,0,[0,1,0,0,0,2,0],1,0,[0,0,0,-1,0,0,0],0,2},{'A',[-4,-7,4,-4,-6,2,2],5,0,[0,1,0,-4,0,2,0],2,0,[-2,-4,2,0,-3,0,1],4,1},{'A',[3,7,-3,4,5,-2,-2],6,0,[-1,0,1,0,-1,0,0],2,0,[4,7,-4,4,6,-2,-2],5,0},{'O',[-3,-7,3,-4,-5,2,2],6,[-3,-7,3,-4,-5,2,2],6,0}}
Adder graph: {{'A',[-1,0,1,0,0,0,0],1,0,[0,0,1,0,0,0,0],0,0,[-1,0,0,0,0,0,0],0,0},{'A',[-1,0,1,0,0,-2,0],2,0,[-1,0,1,0,0,0,0],1,0,[0,0,0,0,0,-1,0],0,1},{'A',[1,0,-1,0,1,0,0],2,0,[0,0,0,0,1,0,0],0,0,[1,0,-1,0,0,0,0],1,0},{'A',[-1,0,1,0,0,-2,-2],3,0,[-1,0,1,0,0,-2,0],2,0,[0,0,0,0,0,0,-1],0,1},{'A',[1,0,-1,1,1,0,0],3,0,[1,0,-1,0,1,0,0],2,0,[0,0,0,1,0,0,0],0,0},{'A',[-1,0,1,0,1,-2,-2],4,0,[0,0,0,0,1,0,0],0,0,[-1,0,1,0,0,-2,-2],3,0},{'A',[3,0,-3,4,5,-2,-2],5,0,[-1,0,1,0,1,-2,-2],4,0,[1,0,-1,1,1,0,0],3,2},{'A',[0,-7,0,0,0,0,0],1,0,[0,1,0,0,0,0,0],0,0,[0,-1,0,0,0,0,0],0,3},{'A',[3,7,-3,4,5,-2,-2],6,0,[3,0,-3,4,5,-2,-2],5,0,[0,7,0,0,0,0,0],1,0},{'O',[-3,-7,3,-4,-5,2,2],6,[-3,-7,3,-4,-5,2,2],6,0}}
Adder graph: {{'A',[0,1,0,0,1,0,0],1,0,[0,0,0,0,1,0,0],0,0,[0,1,0,0,0,0,0],0,0},{'A',[-1,0,1,0,0,0,0],1,0,[0,0,1,0,0,0,0],0,0,[-1,0,0,0,0,0,0],0,0},{'A',[-1,0,1,0,-2,0,0],2,0,[-1,0,1,0,0,0,0],1,0,[0,0,0,0,-1,0,0],0,1},{'A',[-4,1,4,0,-7,0,0],3,0,[0,1,0,0,1,0,0],1,0,[-1,0,1,0,-2,0,0],2,2},{'A',[-1,0,1,4,-2,0,0],3,0,[-1,0,1,0,-2,0,0],2,0,[0,0,0,1,0,0,0],0,2},{'A',[0,0,0,0,0,1,1],1,0,[0,0,0,0,0,0,1],0,0,[0,0,0,0,0,1,0],0,0},{'A',[-4,-7,4,0,-7,0,0],4,0,[-4,1,4,0,-7,0,0],3,0,[0,-1,0,0,0,0,0],0,3},{'A',[3,7,-3,4,5,0,0],5,0,[-1,0,1,4,-2,0,0],3,0,[4,7,-4,0,7,0,0],4,0},{'A',[3,7,-3,4,5,-2,-2],6,0,[3,7,-3,4,5,0,0],5,0,[0,0,0,0,0,-1,-1],1,1},{'O',[-3,-7,3,-4,-5,2,2],6,[-3,-7,3,-4,-5,2,2],6,0}}
Adder graph: {{'A',[0,1,0,0,1,0,0],1,0,[0,1,0,0,0,0,0],0,0,[0,0,0,0,1,0,0],0,0},{'A',[0,0,0,-2,0,1,0],1,0,[0,0,0,0,0,1,0],0,0,[0,0,0,-1,0,0,0],0,1},{'A',[1,0,-1,0,0,0,0],1,0,[1,0,0,0,0,0,0],0,0,[0,0,-1,0,0,0,0],0,0},{'A',[-1,1,1,0,1,0,0],2,0,[0,1,0,0,1,0,0],1,0,[-1,0,1,0,0,0,0],1,0},{'A',[0,1,0,0,0,0,-1],1,0,[0,1,0,0,0,0,0],0,0,[0,0,0,0,0,0,-1],0,0},{'A',[-1,-3,1,0,-3,0,0],3,0,[-1,1,1,0,1,0,0],2,0,[0,-1,0,0,-1,0,0],1,2},{'A',[0,-1,0,-2,0,1,1],2,0,[0,0,0,-2,0,1,0],1,0,[0,-1,0,0,0,0,1],1,0},{'A',[-1,-1,1,-4,1,2,2],3,0,[-1,1,1,0,1,0,0],2,0,[0,-1,0,-2,0,1,1],2,1},{'A',[-3,-7,3,-4,-5,2,2],4,0,[-1,-3,1,0,-3,0,0],3,1,[-1,-1,1,-4,1,2,2],3,0},{'O',[-3,-7,3,-4,-5,2,2],4,[-3,-7,3,-4,-5,2,2],4,0}}
Adder graph: {{'A',[1,0,0,0,-1,0,0],1,0,[1,0,0,0,0,0,0],0,0,[0,0,0,0,-1,0,0],0,0},{'A',[0,-1,1,0,0,0,0],1,0,[0,0,1,0,0,0,0],0,0,[0,-1,0,0,0,0,0],0,0},{'A',[1,1,-1,0,-1,0,0],2,0,[1,0,0,0,-1,0,0],1,0,[0,1,-1,0,0,0,0],1,0},{'A',[0,1,0,1,0,0,0],1,0,[0,0,0,1,0,0,0],0,0,[0,1,0,0,0,0,0],0,0},{'A',[0,1,0,1,2,0,0],2,0,[0,0,0,0,1,0,0],0,1,[0,1,0,1,0,0,0],1,0},{'A',[0,0,0,0,0,1,1],1,0,[0,0,0,0,0,1,0],0,0,[0,0,0,0,0,0,1],0,0},{'A',[-2,-2,2,0,2,1,1],3,0,[0,0,0,0,0,1,1],1,0,[-1,-1,1,0,1,0,0],2,1},{'A',[-3,-3,3,0,3,2,2],4,0,[-2,-2,2,0,2,1,1],3,1,[1,1,-1,0,-1,0,0],2,0},{'A',[-3,-7,3,-4,-5,2,2],5,0,[-3,-3,3,0,3,2,2],4,0,[0,-1,0,-1,-2,0,0],2,2},{'O',[-3,-7,3,-4,-5,2,2],5,[-3,-7,3,-4,-5,2,2],5,0}}
Adder graph: {{'A',[0,1,0,0,-2,0,0],1,0,[0,1,0,0,0,0,0],0,0,[0,0,0,0,-1,0,0],0,1},{'A',[0,0,1,0,-1,0,0],1,0,[0,0,1,0,0,0,0],0,0,[0,0,0,0,-1,0,0],0,0},{'A',[-1,0,1,0,-1,0,0],2,0,[0,0,1,0,-1,0,0],1,0,[-1,0,0,0,0,0,0],0,0},{'A',[-1,-1,1,0,1,0,0],3,0,[-1,0,1,0,-1,0,0],2,0,[0,-1,0,0,2,0,0],1,0},{'A',[0,0,0,0,0,1,1],1,0,[0,0,0,0,0,0,1],0,0,[0,0,0,0,0,1,0],0,0},{'A',[-1,-1,1,4,1,0,0],4,0,[-1,-1,1,0,1,0,0],3,0,[0,0,0,1,0,0,0],0,2},{'A',[-2,0,2,0,-2,1,1],3,0,[0,0,0,0,0,1,1],1,0,[-1,0,1,0,-1,0,0],2,1},{'A',[-1,7,1,4,1,0,0],5,0,[-1,-1,1,4,1,0,0],4,0,[0,1,0,0,0,0,0],0,3},{'A',[3,7,-3,4,5,-2,-2],6,0,[-1,7,1,4,1,0,0],5,0,[2,0,-2,0,2,-1,-1],3,1},{'O',[-3,-7,3,-4,-5,2,2],6,[-3,-7,3,-4,-5,2,2],6,0}}
Adder graph: {{'A',[1,0,-1,0,0,0,0],1,0,[1,0,0,0,0,0,0],0,0,[0,0,-1,0,0,0,0],0,0},{'A',[0,-1,0,0,1,0,0],1,0,[0,0,0,0,1,0,0],0,0,[0,-1,0,0,0,0,0],0,0},{'A',[1,1,-1,0,-1,0,0],2,0,[1,0,-1,0,0,0,0],1,0,[0,1,0,0,-1,0,0],1,0},{'A',[-3,1,3,0,-1,0,0],3,0,[1,1,-1,0,-1,0,0],2,0,[-1,0,1,0,0,0,0],1,2},{'A',[0,0,0,1,1,0,0],1,0,[0,0,0,0,1,0,0],0,0,[0,0,0,1,0,0,0],0,0},{'A',[0,0,0,0,0,1,1],1,0,[0,0,0,0,0,0,1],0,0,[0,0,0,0,0,1,0],0,0},{'A',[0,2,0,1,1,0,0],2,0,[0,0,0,1,1,0,0],1,0,[0,1,0,0,0,0,0],0,1},{'A',[-3,1,3,0,-1,2,2],4,0,[0,0,0,0,0,1,1],1,1,[-3,1,3,0,-1,0,0],3,0},{'A',[-3,-7,3,-4,-5,2,2],5,0,[-3,1,3,0,-1,2,2],4,0,[0,-2,0,-1,-1,0,0],2,2},{'O',[-3,-7,3,-4,-5,2,2],5,[-3,-7,3,-4,-5,2,2],5,0}}
Finished solving after 94113 seconds
Adder graph: {{'A',[1,0,-1,0,0,0,0],1,0,[1,0,0,0,0,0,0],0,0,[0,0,-1,0,0,0,0],0,0},{'A',[0,-1,0,0,1,0,0],1,0,[0,0,0,0,1,0,0],0,0,[0,-1,0,0,0,0,0],0,0},{'A',[1,1,-1,0,-1,0,0],2,0,[1,0,-1,0,0,0,0],1,0,[0,1,0,0,-1,0,0],1,0},{'A',[-3,1,3,0,-1,0,0],3,0,[1,1,-1,0,-1,0,0],2,0,[-1,0,1,0,0,0,0],1,2},{'A',[0,0,0,1,1,0,0],1,0,[0,0,0,0,1,0,0],0,0,[0,0,0,1,0,0,0],0,0},{'A',[0,0,0,0,0,1,1],1,0,[0,0,0,0,0,0,1],0,0,[0,0,0,0,0,1,0],0,0},{'A',[0,2,0,1,1,0,0],2,0,[0,0,0,1,1,0,0],1,0,[0,1,0,0,0,0,0],0,1},{'A',[-3,1,3,0,-1,2,2],4,0,[0,0,0,0,0,1,1],1,1,[-3,1,3,0,-1,0,0],3,0},{'A',[-3,-7,3,-4,-5,2,2],5,0,[-3,1,3,0,-1,2,2],4,0,[0,-2,0,-1,-1,0,0],2,2},{'O',[-3,-7,3,-4,-5,2,2],5,[-3,-7,3,-4,-5,2,2],5,0}}
#Add optimal = 0
#FAs optimal = 0
