Adder graph: {{'A',[0,0,-2,0,1,0,0],1,0,[0,0,0,0,1,0,0],0,0,[0,0,-1,0,0,0,0],0,1},{'A',[0,0,0,1,0,2,0],1,0,[0,0,0,1,0,0,0],0,0,[0,0,0,0,0,1,0],0,1},{'A',[0,-1,0,1,0,2,0],2,0,[0,0,0,1,0,2,0],1,0,[0,-1,0,0,0,0,0],0,0},{'A',[0,-1,0,1,0,2,4],3,0,[0,-1,0,1,0,2,0],2,0,[0,0,0,0,0,0,1],0,2},{'A',[0,-1,-2,1,1,2,4],4,0,[0,0,-2,0,1,0,0],1,0,[0,-1,0,1,0,2,4],3,0},{'A',[2,-1,-2,1,1,2,4],5,0,[1,0,0,0,0,0,0],0,1,[0,-1,-2,1,1,2,4],4,0},{'A',[4,-3,-4,3,2,6,8],6,0,[0,-1,0,1,0,2,0],2,0,[2,-1,-2,1,1,2,4],5,1},{'A',[4,5,-4,3,2,6,8],7,0,[4,-3,-4,3,2,6,8],6,0,[0,1,0,0,0,0,0],0,3},{'O',[-4,-5,4,-3,-2,-6,-8],7,[-4,-5,4,-3,-2,-6,-8],7,0}}
Adder graph: {{'A',[0,1,0,0,2,0,0],1,0,[0,1,0,0,0,0,0],0,0,[0,0,0,0,1,0,0],0,1},{'A',[0,1,-4,0,2,0,0],2,0,[0,1,0,0,2,0,0],1,0,[0,0,-1,0,0,0,0],0,2},{'A',[0,0,0,1,0,2,0],1,0,[0,0,0,0,0,1,0],0,1,[0,0,0,1,0,0,0],0,0},{'A',[0,5,-4,0,2,0,0],3,0,[0,1,0,0,0,0,0],0,2,[0,1,-4,0,2,0,0],2,0},{'A',[0,5,-4,-1,2,-2,0],4,0,[0,5,-4,0,2,0,0],3,0,[0,0,0,-1,0,-2,0],1,0},{'A',[0,5,-4,3,2,6,0],5,0,[0,5,-4,-1,2,-2,0],4,0,[0,0,0,1,0,2,0],1,2},{'A',[4,5,-4,3,2,6,0],6,0,[0,5,-4,3,2,6,0],5,0,[1,0,0,0,0,0,0],0,2},{'A',[4,5,-4,3,2,6,8],7,0,[4,5,-4,3,2,6,0],6,0,[0,0,0,0,0,0,1],0,3},{'O',[-4,-5,4,-3,-2,-6,-8],7,[-4,-5,4,-3,-2,-6,-8],7,0}}
Adder graph: {{'A',[0,5,0,0,0,0,0],1,0,[0,1,0,0,0,0,0],0,0,[0,1,0,0,0,0,0],0,2},{'A',[0,0,0,1,0,2,0],1,0,[0,0,0,0,0,1,0],0,1,[0,0,0,1,0,0,0],0,0},{'A',[1,0,-1,0,0,0,0],1,0,[1,0,0,0,0,0,0],0,0,[0,0,-1,0,0,0,0],0,0},{'A',[0,0,0,1,-2,2,0],2,0,[0,0,0,1,0,2,0],1,0,[0,0,0,0,-1,0,0],0,1},{'A',[4,5,-4,0,0,0,0],2,0,[0,5,0,0,0,0,0],1,0,[1,0,-1,0,0,0,0],1,2},{'A',[0,0,0,-3,-2,-6,0],3,0,[0,0,0,1,-2,2,0],2,0,[0,0,0,-1,0,-2,0],1,2},{'A',[4,5,-4,0,0,0,8],3,0,[4,5,-4,0,0,0,0],2,0,[0,0,0,0,0,0,1],0,3},{'A',[-4,-5,4,-3,-2,-6,-8],4,0,[0,0,0,-3,-2,-6,0],3,0,[-4,-5,4,0,0,0,-8],3,0},{'O',[-4,-5,4,-3,-2,-6,-8],4,[-4,-5,4,-3,-2,-6,-8],4,0}}
Adder graph: {{'A',[0,0,1,0,0,0,-2],1,0,[0,0,1,0,0,0,0],0,0,[0,0,0,0,0,0,-1],0,1},{'A',[0,1,0,0,1,0,0],1,0,[0,0,0,0,1,0,0],0,0,[0,1,0,0,0,0,0],0,0},{'A',[-1,0,1,0,0,0,-2],2,0,[0,0,1,0,0,0,-2],1,0,[-1,0,0,0,0,0,0],0,0},{'A',[0,1,0,0,0,2,0],1,0,[0,0,0,0,0,1,0],0,1,[0,1,0,0,0,0,0],0,0},{'A',[0,1,0,1,0,2,0],2,0,[0,0,0,1,0,0,0],0,0,[0,1,0,0,0,2,0],1,0},{'A',[1,1,-1,1,0,2,2],3,0,[0,1,0,1,0,2,0],2,0,[1,0,-1,0,0,0,2],2,0},{'A',[0,-1,0,1,-2,2,0],3,0,[0,1,0,1,0,2,0],2,0,[0,-1,0,0,-1,0,0],1,1},{'A',[-4,-5,4,-3,-2,-6,-8],4,0,[0,-1,0,1,-2,2,0],3,0,[-1,-1,1,-1,0,-2,-2],3,2},{'O',[-4,-5,4,-3,-2,-6,-8],4,[-4,-5,4,-3,-2,-6,-8],4,0}}
Adder graph: {{'A',[0,1,0,-1,0,0,0],1,0,[0,1,0,0,0,0,0],0,0,[0,0,0,-1,0,0,0],0,0},{'A',[0,1,0,-1,0,-2,0],2,0,[0,1,0,-1,0,0,0],1,0,[0,0,0,0,0,-1,0],0,1},{'A',[0,-3,0,-1,0,-2,0],3,0,[0,1,0,-1,0,-2,0],2,0,[0,-1,0,0,0,0,0],0,2},{'A',[2,0,0,0,1,0,0],1,0,[1,0,0,0,0,0,0],0,1,[0,0,0,0,1,0,0],0,0},{'A',[0,1,4,-1,0,-2,0],3,0,[0,0,1,0,0,0,0],0,2,[0,1,0,-1,0,-2,0],2,0},{'A',[0,1,4,-1,0,-2,-8],4,0,[0,1,4,-1,0,-2,0],3,0,[0,0,0,0,0,0,-1],0,3},{'A',[-4,1,4,-1,-2,-2,-8],5,0,[0,1,4,-1,0,-2,-8],4,0,[-2,0,0,0,-1,0,0],1,1},{'A',[-4,-5,4,-3,-2,-6,-8],6,0,[-4,1,4,-1,-2,-2,-8],5,0,[0,-3,0,-1,0,-2,0],3,1},{'O',[-4,-5,4,-3,-2,-6,-8],6,[-4,-5,4,-3,-2,-6,-8],6,0}}
Adder graph: {{'A',[0,0,0,1,0,2,0],1,0,[0,0,0,1,0,0,0],0,0,[0,0,0,0,0,1,0],0,1},{'A',[0,1,0,-1,0,-2,0],2,0,[0,1,0,0,0,0,0],0,0,[0,0,0,-1,0,-2,0],1,0},{'A',[1,0,-1,0,0,0,0],1,0,[1,0,0,0,0,0,0],0,0,[0,0,-1,0,0,0,0],0,0},{'A',[0,1,0,-1,2,-2,0],3,0,[0,1,0,-1,0,-2,0],2,0,[0,0,0,0,1,0,0],0,1},{'A',[0,1,0,1,0,2,0],3,0,[0,1,0,-1,0,-2,0],2,0,[0,0,0,1,0,2,0],1,1},{'A',[0,5,0,3,2,6,0],4,0,[0,1,0,-1,2,-2,0],3,0,[0,1,0,1,0,2,0],3,2},{'A',[1,0,-1,0,0,0,2],2,0,[1,0,-1,0,0,0,0],1,0,[0,0,0,0,0,0,1],0,1},{'A',[4,5,-4,3,2,6,8],5,0,[0,5,0,3,2,6,0],4,0,[1,0,-1,0,0,0,2],2,2},{'O',[-4,-5,4,-3,-2,-6,-8],5,[-4,-5,4,-3,-2,-6,-8],5,0}}
Adder graph: {{'A',[0,1,0,-1,0,0,0],1,0,[0,1,0,0,0,0,0],0,0,[0,0,0,-1,0,0,0],0,0},{'A',[0,1,0,-1,0,-2,0],2,0,[0,1,0,-1,0,0,0],1,0,[0,0,0,0,0,-1,0],0,1},{'A',[0,1,0,-1,2,-2,0],3,0,[0,1,0,-1,0,-2,0],2,0,[0,0,0,0,1,0,0],0,1},{'A',[0,-3,0,3,2,6,0],4,0,[0,1,0,-1,2,-2,0],3,0,[0,-1,0,1,0,2,0],2,2},{'A',[1,0,-1,0,0,0,0],1,0,[1,0,0,0,0,0,0],0,0,[0,0,-1,0,0,0,0],0,0},{'A',[0,5,0,3,2,6,0],5,0,[0,-3,0,3,2,6,0],4,0,[0,1,0,0,0,0,0],0,3},{'A',[1,0,-1,0,0,0,2],2,0,[1,0,-1,0,0,0,0],1,0,[0,0,0,0,0,0,1],0,1},{'A',[4,5,-4,3,2,6,8],6,0,[0,5,0,3,2,6,0],5,0,[1,0,-1,0,0,0,2],2,2},{'O',[-4,-5,4,-3,-2,-6,-8],6,[-4,-5,4,-3,-2,-6,-8],6,0}}
Finished solving after 48720.5 seconds
Adder graph: {{'A',[0,1,0,-1,0,0,0],1,0,[0,1,0,0,0,0,0],0,0,[0,0,0,-1,0,0,0],0,0},{'A',[0,1,0,-1,0,-2,0],2,0,[0,1,0,-1,0,0,0],1,0,[0,0,0,0,0,-1,0],0,1},{'A',[0,1,0,-1,2,-2,0],3,0,[0,1,0,-1,0,-2,0],2,0,[0,0,0,0,1,0,0],0,1},{'A',[0,-3,0,3,2,6,0],4,0,[0,1,0,-1,2,-2,0],3,0,[0,-1,0,1,0,2,0],2,2},{'A',[1,0,-1,0,0,0,0],1,0,[1,0,0,0,0,0,0],0,0,[0,0,-1,0,0,0,0],0,0},{'A',[0,5,0,3,2,6,0],5,0,[0,-3,0,3,2,6,0],4,0,[0,1,0,0,0,0,0],0,3},{'A',[1,0,-1,0,0,0,2],2,0,[1,0,-1,0,0,0,0],1,0,[0,0,0,0,0,0,1],0,1},{'A',[4,5,-4,3,2,6,8],6,0,[0,5,0,3,2,6,0],5,0,[1,0,-1,0,0,0,2],2,2},{'O',[-4,-5,4,-3,-2,-6,-8],6,[-4,-5,4,-3,-2,-6,-8],6,0}}
#Add optimal = 1
#FAs optimal = 0
