Adder graph: {{'A',[0,0,1,0,2,0,0],1,0,[0,0,1,0,0,0,0],0,0,[0,0,0,0,1,0,0],0,1},{'A',[2,0,0,0,0,0,1],1,0,[0,0,0,0,0,0,1],0,0,[1,0,0,0,0,0,0],0,1},{'A',[0,2,0,0,0,-1,0],1,0,[0,1,0,0,0,0,0],0,1,[0,0,0,0,0,-1,0],0,0},{'A',[2,0,0,1,0,0,1],2,0,[2,0,0,0,0,0,1],1,0,[0,0,0,1,0,0,0],0,0},{'A',[2,0,2,1,4,0,1],3,0,[0,0,1,0,2,0,0],1,1,[2,0,0,1,0,0,1],2,0},{'A',[6,0,2,3,4,0,3],4,0,[2,0,2,1,4,0,1],3,0,[2,0,0,1,0,0,1],2,1},{'A',[-6,0,-2,-3,-4,8,-3],5,0,[0,0,0,0,0,1,0],0,3,[-6,0,-2,-3,-4,0,-3],4,0},{'A',[-6,2,-2,-3,-4,7,-3],6,0,[0,2,0,0,0,-1,0],1,0,[-6,0,-2,-3,-4,8,-3],5,0},{'O',[-6,2,-2,-3,-4,7,-3],6,[-6,2,-2,-3,-4,7,-3],6,0}}
Adder graph: {{'A',[0,2,0,0,0,1,0],1,0,[0,1,0,0,0,0,0],0,1,[0,0,0,0,0,1,0],0,0},{'A',[0,0,1,0,2,0,0],1,0,[0,0,1,0,0,0,0],0,0,[0,0,0,0,1,0,0],0,1},{'A',[2,0,0,0,0,0,1],1,0,[0,0,0,0,0,0,1],0,0,[1,0,0,0,0,0,0],0,1},{'A',[2,0,0,0,0,-2,1],2,0,[2,0,0,0,0,0,1],1,0,[0,0,0,0,0,-1,0],0,1},{'A',[2,0,0,1,0,-2,1],3,0,[0,0,0,1,0,0,0],0,0,[2,0,0,0,0,-2,1],2,0},{'A',[2,-2,0,1,0,-3,1],4,0,[2,0,0,1,0,-2,1],3,0,[0,-2,0,0,0,-1,0],1,0},{'A',[2,0,1,1,2,-2,1],4,0,[0,0,1,0,2,0,0],1,0,[2,0,0,1,0,-2,1],3,0},{'A',[6,-2,2,3,4,-7,3],5,0,[2,0,1,1,2,-2,1],4,1,[2,-2,0,1,0,-3,1],4,0},{'O',[-6,2,-2,-3,-4,7,-3],5,[-6,2,-2,-3,-4,7,-3],5,0}}
Adder graph: {{'A',[0,0,0,0,0,-7,0],1,0,[0,0,0,0,0,1,0],0,0,[0,0,0,0,0,-1,0],0,3},{'A',[2,0,0,1,0,0,0],1,0,[0,0,0,1,0,0,0],0,0,[1,0,0,0,0,0,0],0,1},{'A',[2,0,0,1,0,0,1],2,0,[2,0,0,1,0,0,0],1,0,[0,0,0,0,0,0,1],0,0},{'A',[0,-2,0,0,0,-7,0],2,0,[0,0,0,0,0,-7,0],1,0,[0,-1,0,0,0,0,0],0,1},{'A',[2,0,0,1,2,0,1],3,0,[0,0,0,0,1,0,0],0,1,[2,0,0,1,0,0,1],2,0},{'A',[6,0,0,3,4,0,3],4,0,[2,0,0,1,0,0,1],2,0,[2,0,0,1,2,0,1],3,1},{'A',[0,-2,2,0,0,-7,0],3,0,[0,0,1,0,0,0,0],0,1,[0,-2,0,0,0,-7,0],2,0},{'A',[6,-2,2,3,4,-7,3],5,0,[0,-2,2,0,0,-7,0],3,0,[6,0,0,3,4,0,3],4,0},{'O',[-6,2,-2,-3,-4,7,-3],5,[-6,2,-2,-3,-4,7,-3],5,0}}
Adder graph: {{'A',[0,0,0,0,1,-2,0],1,0,[0,0,0,0,1,0,0],0,0,[0,0,0,0,0,-1,0],0,1},{'A',[0,0,0,0,4,-7,0],2,0,[0,0,0,0,1,-2,0],1,2,[0,0,0,0,0,1,0],0,0},{'A',[0,1,-1,0,0,0,0],1,0,[0,1,0,0,0,0,0],0,0,[0,0,-1,0,0,0,0],0,0},{'A',[2,0,0,1,0,0,0],1,0,[1,0,0,0,0,0,0],0,1,[0,0,0,1,0,0,0],0,0},{'A',[0,-2,2,0,4,-7,0],3,0,[0,0,0,0,4,-7,0],2,0,[0,-1,1,0,0,0,0],1,1},{'A',[2,0,0,1,0,0,1],2,0,[2,0,0,1,0,0,0],1,0,[0,0,0,0,0,0,1],0,0},{'A',[-6,0,0,-3,0,0,-3],3,0,[2,0,0,1,0,0,1],2,0,[-2,0,0,-1,0,0,-1],2,2},{'A',[6,-2,2,3,4,-7,3],4,0,[0,-2,2,0,4,-7,0],3,0,[6,0,0,3,0,0,3],3,0},{'O',[-6,2,-2,-3,-4,7,-3],4,[-6,2,-2,-3,-4,7,-3],4,0}}
Adder graph: {{'A',[2,0,0,1,0,0,0],1,0,[0,0,0,1,0,0,0],0,0,[1,0,0,0,0,0,0],0,1},{'A',[0,1,-1,0,0,0,0],1,0,[0,1,0,0,0,0,0],0,0,[0,0,-1,0,0,0,0],0,0},{'A',[2,0,0,1,0,0,1],2,0,[2,0,0,1,0,0,0],1,0,[0,0,0,0,0,0,1],0,0},{'A',[2,2,-2,1,0,0,1],3,0,[2,0,0,1,0,0,1],2,0,[0,1,-1,0,0,0,0],1,1},{'A',[0,0,0,0,0,-7,0],1,0,[0,0,0,0,0,1,0],0,0,[0,0,0,0,0,-1,0],0,3},{'A',[2,2,-2,1,0,7,1],4,0,[2,2,-2,1,0,0,1],3,0,[0,0,0,0,0,7,0],1,0},{'A',[2,2,-2,1,-4,7,1],5,0,[2,2,-2,1,0,7,1],4,0,[0,0,0,0,-1,0,0],0,2},{'A',[-6,2,-2,-3,-4,7,-3],6,0,[2,2,-2,1,-4,7,1],5,0,[-2,0,0,-1,0,0,-1],2,2},{'O',[-6,2,-2,-3,-4,7,-3],6,[-6,2,-2,-3,-4,7,-3],6,0}}
Adder graph: {{'A',[0,0,0,0,1,-1,0],1,0,[0,0,0,0,1,0,0],0,0,[0,0,0,0,0,-1,0],0,0},{'A',[0,0,0,1,0,0,1],1,0,[0,0,0,0,0,0,1],0,0,[0,0,0,1,0,0,0],0,0},{'A',[0,0,0,-1,0,1,-1],2,0,[0,0,0,0,0,1,0],0,0,[0,0,0,-1,0,0,-1],1,0},{'A',[-2,0,0,-1,0,1,-1],3,0,[0,0,0,-1,0,1,-1],2,0,[-1,0,0,0,0,0,0],0,1},{'A',[6,0,0,3,0,-3,3],4,0,[-2,0,0,-1,0,1,-1],3,0,[2,0,0,1,0,-1,1],3,2},{'A',[0,1,-1,0,0,0,0],1,0,[0,1,0,0,0,0,0],0,0,[0,0,-1,0,0,0,0],0,0},{'A',[0,1,-1,0,-2,2,0],2,0,[0,1,-1,0,0,0,0],1,0,[0,0,0,0,-1,1,0],1,1},{'A',[6,-2,2,3,4,-7,3],5,0,[6,0,0,3,0,-3,3],4,0,[0,-1,1,0,2,-2,0],2,1},{'O',[-6,2,-2,-3,-4,7,-3],5,[-6,2,-2,-3,-4,7,-3],5,0}}
Adder graph: {{'A',[0,1,-1,0,0,0,0],1,0,[0,1,0,0,0,0,0],0,0,[0,0,-1,0,0,0,0],0,0},{'A',[2,0,0,0,0,0,1],1,0,[0,0,0,0,0,0,1],0,0,[1,0,0,0,0,0,0],0,1},{'A',[0,0,0,-1,0,1,0],1,0,[0,0,0,0,0,1,0],0,0,[0,0,0,-1,0,0,0],0,0},{'A',[-2,0,0,-1,0,1,-1],2,0,[0,0,0,-1,0,1,0],1,0,[-2,0,0,0,0,0,-1],1,0},{'A',[0,1,-1,0,-2,0,0],2,0,[0,1,-1,0,0,0,0],1,0,[0,0,0,0,-1,0,0],0,1},{'A',[-2,0,0,-1,0,-3,-1],3,0,[-2,0,0,-1,0,1,-1],2,0,[0,0,0,0,0,-1,0],0,2},{'A',[-2,-2,2,-1,4,-3,-1],4,0,[-2,0,0,-1,0,-3,-1],3,0,[0,-1,1,0,2,0,0],2,1},{'A',[6,-2,2,3,4,-7,3],5,0,[-2,-2,2,-1,4,-3,-1],4,0,[2,0,0,1,0,-1,1],2,2},{'O',[-6,2,-2,-3,-4,7,-3],5,[-6,2,-2,-3,-4,7,-3],5,0}}
Finished solving after 48137.4 seconds
Adder graph: {{'A',[0,1,-1,0,0,0,0],1,0,[0,1,0,0,0,0,0],0,0,[0,0,-1,0,0,0,0],0,0},{'A',[2,0,0,0,0,0,1],1,0,[0,0,0,0,0,0,1],0,0,[1,0,0,0,0,0,0],0,1},{'A',[0,0,0,-1,0,1,0],1,0,[0,0,0,0,0,1,0],0,0,[0,0,0,-1,0,0,0],0,0},{'A',[-2,0,0,-1,0,1,-1],2,0,[0,0,0,-1,0,1,0],1,0,[-2,0,0,0,0,0,-1],1,0},{'A',[0,1,-1,0,-2,0,0],2,0,[0,1,-1,0,0,0,0],1,0,[0,0,0,0,-1,0,0],0,1},{'A',[-2,0,0,-1,0,-3,-1],3,0,[-2,0,0,-1,0,1,-1],2,0,[0,0,0,0,0,-1,0],0,2},{'A',[-2,-2,2,-1,4,-3,-1],4,0,[-2,0,0,-1,0,-3,-1],3,0,[0,-1,1,0,2,0,0],2,1},{'A',[6,-2,2,3,4,-7,3],5,0,[-2,-2,2,-1,4,-3,-1],4,0,[2,0,0,1,0,-1,1],2,2},{'O',[-6,2,-2,-3,-4,7,-3],5,[-6,2,-2,-3,-4,7,-3],5,0}}
#Add optimal = 1
#FAs optimal = 0
