Adder graph: {{'A',[-1,0,0,0,2,0,0],1,0,[0,0,0,0,1,0,0],0,1,[-1,0,0,0,0,0,0],0,0},{'A',[-1,0,0,0,2,0,1],2,0,[-1,0,0,0,2,0,0],1,0,[0,0,0,0,0,0,1],0,0},{'A',[0,0,1,0,1,0,0],1,0,[0,0,1,0,0,0,0],0,0,[0,0,0,0,1,0,0],0,0},{'A',[1,0,0,2,-2,0,-1],3,0,[0,0,0,1,0,0,0],0,1,[1,0,0,0,-2,0,-1],2,0},{'A',[0,1,-1,0,-1,0,0],2,0,[0,1,0,0,0,0,0],0,0,[0,0,-1,0,-1,0,0],1,0},{'A',[0,4,-4,0,-4,1,0],3,0,[0,0,0,0,0,1,0],0,0,[0,1,-1,0,-1,0,0],2,2},{'A',[0,5,-5,0,-5,1,0],4,0,[0,4,-4,0,-4,1,0],3,0,[0,1,-1,0,-1,0,0],2,0},{'A',[-2,5,-5,0,-1,1,2],5,0,[-1,0,0,0,2,0,1],2,1,[0,5,-5,0,-5,1,0],4,0},{'A',[6,-5,5,8,-7,-1,-6],6,0,[1,0,0,2,-2,0,-1],3,2,[2,-5,5,0,1,-1,-2],5,0},{'O',[-6,5,-5,-8,7,1,6],6,[-6,5,-5,-8,7,1,6],6,0}}
Adder graph: {{'A',[1,0,0,0,-2,0,0],1,0,[1,0,0,0,0,0,0],0,0,[0,0,0,0,-1,0,0],0,1},{'A',[0,1,0,0,-1,0,0],1,0,[0,1,0,0,0,0,0],0,0,[0,0,0,0,-1,0,0],0,0},{'A',[0,1,-1,0,-1,0,0],2,0,[0,1,0,0,-1,0,0],1,0,[0,0,-1,0,0,0,0],0,0},{'A',[0,1,-1,0,-1,1,0],3,0,[0,1,-1,0,-1,0,0],2,0,[0,0,0,0,0,1,0],0,0},{'A',[0,5,-5,0,-5,1,0],4,0,[0,1,-1,0,-1,1,0],3,0,[0,1,-1,0,-1,0,0],2,2},{'A',[1,0,0,0,-2,0,-1],2,0,[1,0,0,0,-2,0,0],1,0,[0,0,0,0,0,0,-1],0,0},{'A',[2,5,-5,0,-9,1,-2],5,0,[0,5,-5,0,-5,1,0],4,0,[1,0,0,0,-2,0,-1],2,1},{'A',[2,5,-5,-8,-9,1,-2],6,0,[2,5,-5,0,-9,1,-2],5,0,[0,0,0,-1,0,0,0],0,3},{'A',[6,-5,5,8,-7,-1,-6],7,0,[1,0,0,0,-2,0,-1],2,3,[-2,-5,5,8,9,-1,2],6,0},{'O',[-6,5,-5,-8,7,1,6],7,[-6,5,-5,-8,7,1,6],7,0}}
Adder graph: {{'A',[0,1,-1,0,0,0,0],1,0,[0,1,0,0,0,0,0],0,0,[0,0,-1,0,0,0,0],0,0},{'A',[1,0,0,0,0,0,-1],1,0,[1,0,0,0,0,0,0],0,0,[0,0,0,0,0,0,-1],0,0},{'A',[0,0,0,-1,1,0,0],1,0,[0,0,0,0,1,0,0],0,0,[0,0,0,-1,0,0,0],0,0},{'A',[0,0,0,0,1,-1,0],1,0,[0,0,0,0,1,0,0],0,0,[0,0,0,0,0,-1,0],0,0},{'A',[-2,0,0,0,1,-1,2],2,0,[0,0,0,0,1,-1,0],1,0,[-1,0,0,0,0,0,1],1,1},{'A',[0,5,-5,0,0,0,0],2,0,[0,1,-1,0,0,0,0],1,0,[0,1,-1,0,0,0,0],1,2},{'A',[0,5,-5,-8,8,0,0],3,0,[0,5,-5,0,0,0,0],2,0,[0,0,0,-1,1,0,0],1,3},{'A',[-8,5,-5,-8,8,0,8],4,0,[0,5,-5,-8,8,0,0],3,0,[-1,0,0,0,0,0,1],1,3},{'A',[6,-5,5,8,-7,-1,-6],5,0,[-2,0,0,0,1,-1,2],2,0,[8,-5,5,8,-8,0,-8],4,0},{'O',[-6,5,-5,-8,7,1,6],5,[-6,5,-5,-8,7,1,6],5,0}}
Adder graph: {{'A',[1,0,0,0,0,0,-1],1,0,[1,0,0,0,0,0,0],0,0,[0,0,0,0,0,0,-1],0,0},{'A',[0,-1,1,0,0,0,0],1,0,[0,0,1,0,0,0,0],0,0,[0,-1,0,0,0,0,0],0,0},{'A',[0,-1,1,0,1,0,0],2,0,[0,0,0,0,1,0,0],0,0,[0,-1,1,0,0,0,0],1,0},{'A',[1,0,0,0,-2,0,-1],2,0,[1,0,0,0,0,0,-1],1,0,[0,0,0,0,-1,0,0],0,1},{'A',[2,-1,1,0,1,0,-2],3,0,[0,-1,1,0,1,0,0],2,0,[1,0,0,0,0,0,-1],1,1},{'A',[0,-1,1,2,0,0,0],2,0,[0,-1,1,0,0,0,0],1,0,[0,0,0,1,0,0,0],0,1},{'A',[1,-1,1,2,-2,0,-1],3,0,[1,0,0,0,-2,0,-1],2,0,[0,-1,1,2,0,0,0],2,0},{'A',[-2,1,-1,0,-1,1,2],4,0,[0,0,0,0,0,1,0],0,0,[-2,1,-1,0,-1,0,2],3,0},{'A',[-6,5,-5,-8,7,1,6],5,0,[-2,1,-1,0,-1,1,2],4,0,[-1,1,-1,-2,2,0,1],3,2},{'O',[-6,5,-5,-8,7,1,6],5,[-6,5,-5,-8,7,1,6],5,0}}
Adder graph: {{'A',[-1,0,0,0,0,0,1],1,0,[0,0,0,0,0,0,1],0,0,[-1,0,0,0,0,0,0],0,0},{'A',[0,0,0,0,-1,1,0],1,0,[0,0,0,0,0,1,0],0,0,[0,0,0,0,-1,0,0],0,0},{'A',[0,0,0,0,7,1,0],2,0,[0,0,0,0,1,0,0],0,3,[0,0,0,0,-1,1,0],1,0},{'A',[0,1,-1,0,0,0,0],1,0,[0,1,0,0,0,0,0],0,0,[0,0,-1,0,0,0,0],0,0},{'A',[2,1,-1,0,0,0,-2],2,0,[0,1,-1,0,0,0,0],1,0,[1,0,0,0,0,0,-1],1,1},{'A',[0,1,-1,-2,0,0,0],2,0,[0,1,-1,0,0,0,0],1,0,[0,0,0,-1,0,0,0],0,1},{'A',[0,4,-4,-8,7,1,0],3,0,[0,1,-1,-2,0,0,0],2,2,[0,0,0,0,7,1,0],2,0},{'A',[2,5,-5,-8,7,1,-2],4,0,[0,4,-4,-8,7,1,0],3,0,[2,1,-1,0,0,0,-2],2,0},{'A',[-6,5,-5,-8,7,1,6],5,0,[-1,0,0,0,0,0,1],1,3,[2,5,-5,-8,7,1,-2],4,0},{'O',[-6,5,-5,-8,7,1,6],5,[-6,5,-5,-8,7,1,6],5,0}}
Adder graph: {{'A',[0,-1,1,0,0,0,0],1,0,[0,0,1,0,0,0,0],0,0,[0,-1,0,0,0,0,0],0,0},{'A',[1,0,0,0,0,0,-1],1,0,[1,0,0,0,0,0,0],0,0,[0,0,0,0,0,0,-1],0,0},{'A',[-3,0,0,0,0,0,3],2,0,[1,0,0,0,0,0,-1],1,0,[-1,0,0,0,0,0,1],1,2},{'A',[0,0,0,-1,1,0,0],1,0,[0,0,0,0,1,0,0],0,0,[0,0,0,-1,0,0,0],0,0},{'A',[0,0,0,0,1,-1,0],1,0,[0,0,0,0,1,0,0],0,0,[0,0,0,0,0,-1,0],0,0},{'A',[0,-1,1,0,1,-1,0],2,0,[0,0,0,0,1,-1,0],1,0,[0,-1,1,0,0,0,0],1,0},{'A',[0,-5,5,0,1,-1,0],3,0,[0,-1,1,0,1,-1,0],2,0,[0,-1,1,0,0,0,0],1,2},{'A',[6,-5,5,0,1,-1,-6],4,0,[0,-5,5,0,1,-1,0],3,0,[3,0,0,0,0,0,-3],2,1},{'A',[6,-5,5,8,-7,-1,-6],5,0,[6,-5,5,0,1,-1,-6],4,0,[0,0,0,1,-1,0,0],1,3},{'O',[-6,5,-5,-8,7,1,6],5,[-6,5,-5,-8,7,1,6],5,0}}
Adder graph: {{'A',[-1,0,0,0,0,0,1],1,0,[0,0,0,0,0,0,1],0,0,[-1,0,0,0,0,0,0],0,0},{'A',[0,1,-1,0,0,0,0],1,0,[0,1,0,0,0,0,0],0,0,[0,0,-1,0,0,0,0],0,0},{'A',[0,0,0,0,1,-1,0],1,0,[0,0,0,0,1,0,0],0,0,[0,0,0,0,0,-1,0],0,0},{'A',[0,-1,1,0,1,-1,0],2,0,[0,0,0,0,1,-1,0],1,0,[0,-1,1,0,0,0,0],1,0},{'A',[0,0,0,1,-1,0,0],1,0,[0,0,0,1,0,0,0],0,0,[0,0,0,0,-1,0,0],0,0},{'A',[-2,-1,1,0,1,-1,2],3,0,[0,-1,1,0,1,-1,0],2,0,[-1,0,0,0,0,0,1],1,1},{'A',[-2,-5,5,0,1,-1,2],4,0,[-2,-1,1,0,1,-1,2],3,0,[0,-1,1,0,0,0,0],1,2},{'A',[-1,0,0,-1,1,0,1],2,0,[-1,0,0,0,0,0,1],1,0,[0,0,0,-1,1,0,0],1,0},{'A',[6,-5,5,8,-7,-1,-6],5,0,[-2,-5,5,0,1,-1,2],4,0,[1,0,0,1,-1,0,-1],2,3},{'O',[-6,5,-5,-8,7,1,6],5,[-6,5,-5,-8,7,1,6],5,0}}
Finished solving after 93155.5 seconds
Adder graph: {{'A',[-1,0,0,0,0,0,1],1,0,[0,0,0,0,0,0,1],0,0,[-1,0,0,0,0,0,0],0,0},{'A',[0,1,-1,0,0,0,0],1,0,[0,1,0,0,0,0,0],0,0,[0,0,-1,0,0,0,0],0,0},{'A',[0,0,0,0,1,-1,0],1,0,[0,0,0,0,1,0,0],0,0,[0,0,0,0,0,-1,0],0,0},{'A',[0,-1,1,0,1,-1,0],2,0,[0,0,0,0,1,-1,0],1,0,[0,-1,1,0,0,0,0],1,0},{'A',[0,0,0,1,-1,0,0],1,0,[0,0,0,1,0,0,0],0,0,[0,0,0,0,-1,0,0],0,0},{'A',[-2,-1,1,0,1,-1,2],3,0,[0,-1,1,0,1,-1,0],2,0,[-1,0,0,0,0,0,1],1,1},{'A',[-2,-5,5,0,1,-1,2],4,0,[-2,-1,1,0,1,-1,2],3,0,[0,-1,1,0,0,0,0],1,2},{'A',[-1,0,0,-1,1,0,1],2,0,[-1,0,0,0,0,0,1],1,0,[0,0,0,-1,1,0,0],1,0},{'A',[6,-5,5,8,-7,-1,-6],5,0,[-2,-5,5,0,1,-1,2],4,0,[1,0,0,1,-1,0,-1],2,3},{'O',[-6,5,-5,-8,7,1,6],5,[-6,5,-5,-8,7,1,6],5,0}}
#Add optimal = 0
#FAs optimal = 0
