Adder graph: {{'A',[0,4,0,0,0,-1,0],1,0,[0,1,0,0,0,0,0],0,2,[0,0,0,0,0,-1,0],0,0},{'A',[1,0,1,0,0,0,0],1,0,[1,0,0,0,0,0,0],0,0,[0,0,1,0,0,0,0],0,0},{'A',[0,0,0,0,1,0,1],1,0,[0,0,0,0,0,0,1],0,0,[0,0,0,0,1,0,0],0,0},{'A',[7,0,7,0,0,0,0],2,0,[1,0,1,0,0,0,0],1,3,[-1,0,-1,0,0,0,0],1,0},{'A',[0,0,0,0,5,0,5],2,0,[0,0,0,0,1,0,1],1,0,[0,0,0,0,1,0,1],1,2},{'A',[0,-4,0,0,5,1,5],3,0,[0,0,0,0,5,0,5],2,0,[0,-4,0,0,0,1,0],1,0},{'A',[7,0,7,-2,0,0,0],3,0,[7,0,7,0,0,0,0],2,0,[0,0,0,-1,0,0,0],0,1},{'A',[7,4,7,-2,-5,-1,-5],4,0,[7,0,7,-2,0,0,0],3,0,[0,4,0,0,-5,-1,-5],3,0},{'O',[-7,-4,-7,2,5,1,5],4,[-7,-4,-7,2,5,1,5],4,0}}
Adder graph: {{'A',[1,0,1,0,0,0,0],1,0,[1,0,0,0,0,0,0],0,0,[0,0,1,0,0,0,0],0,0},{'A',[0,0,0,0,1,0,1],1,0,[0,0,0,0,0,0,1],0,0,[0,0,0,0,1,0,0],0,0},{'A',[2,0,2,0,-1,0,-1],2,0,[1,0,1,0,0,0,0],1,1,[0,0,0,0,-1,0,-1],1,0},{'A',[0,0,0,2,1,0,1],2,0,[0,0,0,1,0,0,0],0,1,[0,0,0,0,1,0,1],1,0},{'A',[0,4,0,0,0,-1,0],1,0,[0,1,0,0,0,0,0],0,2,[0,0,0,0,0,-1,0],0,0},{'A',[-7,0,-7,0,4,0,4],3,0,[1,0,1,0,0,0,0],1,0,[-2,0,-2,0,1,0,1],2,2},{'A',[7,4,7,0,-4,-1,-4],4,0,[0,4,0,0,0,-1,0],1,0,[7,0,7,0,-4,0,-4],3,0},{'A',[7,4,7,-2,-5,-1,-5],5,0,[7,4,7,0,-4,-1,-4],4,0,[0,0,0,-2,-1,0,-1],2,0},{'O',[-7,-4,-7,2,5,1,5],5,[-7,-4,-7,2,5,1,5],5,0}}
Adder graph: {{'A',[0,0,0,0,1,0,1],1,0,[0,0,0,0,1,0,0],0,0,[0,0,0,0,0,0,1],0,0},{'A',[0,0,0,0,1,1,1],2,0,[0,0,0,0,0,1,0],0,0,[0,0,0,0,1,0,1],1,0},{'A',[1,0,1,0,0,0,0],1,0,[0,0,1,0,0,0,0],0,0,[1,0,0,0,0,0,0],0,0},{'A',[-2,0,-2,0,1,0,1],2,0,[0,0,0,0,1,0,1],1,0,[-1,0,-1,0,0,0,0],1,1},{'A',[1,0,1,0,1,1,1],3,0,[0,0,0,0,1,1,1],2,0,[1,0,1,0,0,0,0],1,0},{'A',[1,0,1,2,1,1,1],4,0,[0,0,0,1,0,0,0],0,1,[1,0,1,0,1,1,1],3,0},{'A',[-1,4,-1,-2,-1,-1,-1],5,0,[0,1,0,0,0,0,0],0,2,[-1,0,-1,-2,-1,-1,-1],4,0},{'A',[7,4,7,-2,-5,-1,-5],6,0,[-1,4,-1,-2,-1,-1,-1],5,0,[2,0,2,0,-1,0,-1],2,2},{'O',[-7,-4,-7,2,5,1,5],6,[-7,-4,-7,2,5,1,5],6,0}}
Adder graph: {{'A',[0,0,0,0,1,0,1],1,0,[0,0,0,0,1,0,0],0,0,[0,0,0,0,0,0,1],0,0},{'A',[1,0,1,0,0,0,0],1,0,[0,0,1,0,0,0,0],0,0,[1,0,0,0,0,0,0],0,0},{'A',[1,0,1,0,0,1,0],2,0,[1,0,1,0,0,0,0],1,0,[0,0,0,0,0,1,0],0,0},{'A',[1,0,1,2,0,1,0],3,0,[0,0,0,1,0,0,0],0,1,[1,0,1,0,0,1,0],2,0},{'A',[0,1,0,0,-1,0,-1],2,0,[0,1,0,0,0,0,0],0,0,[0,0,0,0,-1,0,-1],1,0},{'A',[-7,0,-7,2,0,1,0],4,0,[1,0,1,2,0,1,0],3,0,[-1,0,-1,0,0,0,0],1,3},{'A',[0,-4,0,0,5,0,5],3,0,[0,0,0,0,1,0,1],1,0,[0,-1,0,0,1,0,1],2,2},{'A',[-7,-4,-7,2,5,1,5],5,0,[0,-4,0,0,5,0,5],3,0,[-7,0,-7,2,0,1,0],4,0},{'O',[-7,-4,-7,2,5,1,5],5,[-7,-4,-7,2,5,1,5],5,0}}
Adder graph: {{'A',[1,0,1,0,0,0,0],1,0,[1,0,0,0,0,0,0],0,0,[0,0,1,0,0,0,0],0,0},{'A',[0,0,0,0,1,0,1],1,0,[0,0,0,0,0,0,1],0,0,[0,0,0,0,1,0,0],0,0},{'A',[0,-4,0,0,1,0,1],2,0,[0,0,0,0,1,0,1],1,0,[0,-1,0,0,0,0,0],0,2},{'A',[1,0,1,0,0,1,0],2,0,[0,0,0,0,0,1,0],0,0,[1,0,1,0,0,0,0],1,0},{'A',[0,-4,0,2,1,0,1],3,0,[0,-4,0,0,1,0,1],2,0,[0,0,0,1,0,0,0],0,1},{'A',[-7,0,-7,0,0,1,0],3,0,[1,0,1,0,0,1,0],2,0,[-1,0,-1,0,0,0,0],1,3},{'A',[0,-4,0,2,5,0,5],4,0,[0,-4,0,2,1,0,1],3,0,[0,0,0,0,1,0,1],1,2},{'A',[-7,-4,-7,2,5,1,5],5,0,[-7,0,-7,0,0,1,0],3,0,[0,-4,0,2,5,0,5],4,0},{'O',[-7,-4,-7,2,5,1,5],5,[-7,-4,-7,2,5,1,5],5,0}}
Adder graph: {{'A',[1,0,1,0,0,0,0],1,0,[0,0,1,0,0,0,0],0,0,[1,0,0,0,0,0,0],0,0},{'A',[0,0,0,0,1,0,1],1,0,[0,0,0,0,1,0,0],0,0,[0,0,0,0,0,0,1],0,0},{'A',[0,0,0,0,1,1,1],2,0,[0,0,0,0,0,1,0],0,0,[0,0,0,0,1,0,1],1,0},{'A',[0,-4,0,0,1,1,1],3,0,[0,0,0,0,1,1,1],2,0,[0,-1,0,0,0,0,0],0,2},{'A',[1,0,1,2,0,0,0],2,0,[1,0,1,0,0,0,0],1,0,[0,0,0,1,0,0,0],0,1},{'A',[0,-4,0,0,5,1,5],4,0,[0,0,0,0,1,0,1],1,2,[0,-4,0,0,1,1,1],3,0},{'A',[-7,0,-7,2,0,0,0],3,0,[1,0,1,2,0,0,0],2,0,[-1,0,-1,0,0,0,0],1,3},{'A',[-7,-4,-7,2,5,1,5],5,0,[0,-4,0,0,5,1,5],4,0,[-7,0,-7,2,0,0,0],3,0},{'O',[-7,-4,-7,2,5,1,5],5,[-7,-4,-7,2,5,1,5],5,0}}
Finished solving after 53490.6 seconds
Adder graph: {{'A',[1,0,1,0,0,0,0],1,0,[0,0,1,0,0,0,0],0,0,[1,0,0,0,0,0,0],0,0},{'A',[0,0,0,0,1,0,1],1,0,[0,0,0,0,1,0,0],0,0,[0,0,0,0,0,0,1],0,0},{'A',[0,0,0,0,1,1,1],2,0,[0,0,0,0,0,1,0],0,0,[0,0,0,0,1,0,1],1,0},{'A',[0,-4,0,0,1,1,1],3,0,[0,0,0,0,1,1,1],2,0,[0,-1,0,0,0,0,0],0,2},{'A',[1,0,1,2,0,0,0],2,0,[1,0,1,0,0,0,0],1,0,[0,0,0,1,0,0,0],0,1},{'A',[0,-4,0,0,5,1,5],4,0,[0,0,0,0,1,0,1],1,2,[0,-4,0,0,1,1,1],3,0},{'A',[-7,0,-7,2,0,0,0],3,0,[1,0,1,2,0,0,0],2,0,[-1,0,-1,0,0,0,0],1,3},{'A',[-7,-4,-7,2,5,1,5],5,0,[0,-4,0,0,5,1,5],4,0,[-7,0,-7,2,0,0,0],3,0},{'O',[-7,-4,-7,2,5,1,5],5,[-7,-4,-7,2,5,1,5],5,0}}
#Add optimal = 1
#FAs optimal = 0
