Adder graph: {{'M',[0,8;32,0;8,0],1,[8,0;8,0;8,0],0,[NaN;2;0],[0,8;0,8;0,8],0,[0;NaN;NaN]},{'M',[8,0;16384,0;0,8],1,[8,0;8,0;8,0],0,[0;11;NaN],[0,8;0,8;0,8],0,[NaN;NaN;0]},{'A',[8,8;16416,0;8,-8],2,[0,8;32,0;8,0],1,0,[8,0;16384,0;0,-8],1,0},{'M',[1024,0;0,8;256,-256],3,[8,0;8,0;8,0],0,[7;NaN;NaN],[0,8;0,8;0,8],0,[NaN;0;NaN],[8,8;16416,0;8,-8],2,[NaN;NaN;5]},{'M',[512,0;128,0;8,-8],3,[8,0;8,0;8,0],0,[6;4;NaN],[8,8;16416,0;8,-8],2,[NaN;NaN;0]},{'A',[3584,0;-128,32;1032,-1032],4,[1024,0;0,8;256,-256],3,2,[-512,0;-128,0;8,-8],3,0},{'M',[0,16;1024,0;1032,-1032],5,[8,0;8,0;8,0],0,[NaN;7;NaN],[0,8;0,8;0,8],0,[1;NaN;NaN],[3584,0;-128,32;1032,-1032],4,[NaN;NaN;0]},{'M',[0,8;8192,0;4128,-4128],5,[8,0;8,0;8,0],0,[NaN;10;NaN],[0,8;0,8;0,8],0,[0;NaN;NaN],[3584,0;-128,32;1032,-1032],4,[NaN;NaN;2]},{'A',[0,40;-6144,0;6192,-6192],6,[0,16;1024,0;1032,-1032],5,1,[0,8;-8192,0;4128,-4128],5,0},{'M',[0,65536;-6144,0;0,2048],7,[0,8;0,8;0,8],0,[13;NaN;8],[0,40;-6144,0;6192,-6192],6,[NaN;0;NaN]},{'M',[0,40;32832,0;0,16],7,[0,8;0,8;0,8],0,[NaN;NaN;1],[8,8;16416,0;8,-8],2,[NaN;1;NaN],[0,40;-6144,0;6192,-6192],6,[0;NaN;NaN]},{'A',[0,65496;-38976,0;0,2064],8,[0,65536;-6144,0;0,2048],7,0,[0,-40;-32832,0;0,16],7,0},{'M',[3584,0;-2048,512;0,8256],9,[3584,0;-128,32;1032,-1032],4,[0;4;NaN],[0,65496;-38976,0;0,2064],8,[NaN;NaN;2]},{'M',[8,0;-4096,1024;0,33024],9,[8,0;8,0;8,0],0,[0;NaN;NaN],[3584,0;-128,32;1032,-1032],4,[NaN;5;NaN],[0,65496;-38976,0;0,2064],8,[NaN;NaN;4]},{'A',[3568,0;6144,-1536;0,-57792],10,[3584,0;-2048,512;0,8256],9,0,[-8,0;4096,-1024;0,-33024],9,1},{'M',[3568,0;0,8192;6192,-6192],11,[0,8;0,8;0,8],0,[NaN;10;NaN],[0,40;-6144,0;6192,-6192],6,[NaN;NaN;0],[3568,0;6144,-1536;0,-57792],10,[0;NaN;NaN]},{'M',[8,0;6144,-1536;1032,-1032],11,[8,0;8,0;8,0],0,[0;NaN;NaN],[3584,0;-128,32;1032,-1032],4,[NaN;NaN;0],[3568,0;6144,-1536;0,-57792],10,[NaN;0;NaN]},{'A',[7128,0;6144,14848;11352,-11352],12,[3568,0;0,8192;6192,-6192],11,1,[-8,0;6144,-1536;-1032,1032],11,0},{'M',[14272,0;6144,14848;0,8256],13,[0,65496;-38976,0;0,2064],8,[NaN;NaN;2],[3568,0;6144,-1536;0,-57792],10,[2;NaN;NaN],[7128,0;6144,14848;11352,-11352],12,[NaN;0;NaN]},{'M',[7128,0;0,64;45408,-45408],13,[0,8;0,8;0,8],0,[NaN;3;NaN],[7128,0;6144,14848;11352,-11352],12,[0;NaN;2]},{'A',[64216,0;24576,59328;45408,-12384],14,[14272,0;6144,14848;0,8256],13,2,[7128,0;0,-64;45408,-45408],13,0},{'M',[0,65496;-38976,0;45408,-12384],15,[0,65496;-38976,0;0,2064],8,[0;0;NaN],[64216,0;24576,59328;45408,-12384],14,[NaN;NaN;0]},{'M',[0,1280;98304,-24576;0,-57792],11,[0,40;-6144,0;6192,-6192],6,[5;NaN;NaN],[3568,0;6144,-1536;0,-57792],10,[NaN;4;0]},{'A',[0,64216;59328,-24576;45408,45408],16,[0,65496;-38976,0;45408,-12384],15,0,[0,-1280;98304,-24576;0,57792],11,0},{'M',[64216,0;59328,-24576;45408,-45408],17,[7128,0;6144,14848;11352,-11352],12,[NaN;NaN;2],[64216,0;24576,59328;45408,-12384],14,[0;NaN;NaN],[0,64216;59328,-24576;45408,45408],16,[NaN;0;NaN]},{'O',[64216,0;59328,-24576;45408,-45408],17,[64216,0;59328,-24576;45408,-45408],17,0},{'M',[0,64216;24576,59328;45408,45408],17,[64216,0;24576,59328;45408,-12384],14,[NaN;0;NaN],[0,64216;59328,-24576;45408,45408],16,[0;NaN;0]},{'O',[0,64216;24576,59328;45408,45408],17,[0,64216;24576,59328;45408,45408],17,0}}
Adder graph: {{'M',[8,0;8,0;0,64],1,[8,0;8,0;8,0],0,[0;0;NaN],[0,8;0,8;0,8],0,[NaN;NaN;3]},{'M',[64,0;0,8;32,0],1,[8,0;8,0;8,0],0,[3;NaN;2],[0,8;0,8;0,8],0,[NaN;0;NaN]},{'A',[264,0;8,32;128,64],2,[8,0;8,0;0,64],1,0,[64,0;0,8;32,0],1,2},{'M',[0,256;16,64;0,8],3,[0,8;0,8;0,8],0,[5;NaN;0],[264,0;8,32;128,64],2,[NaN;1;NaN]},{'M',[0,8;0,8;8,0],1,[8,0;8,0;8,0],0,[NaN;NaN;0],[0,8;0,8;0,8],0,[0;0;NaN]},{'A',[0,264;16,56;-8,8],4,[0,256;16,64;0,8],3,0,[0,8;0,-8;-8,0],1,0},{'M',[8,0;256,1024;-128,128],5,[8,0;8,0;8,0],0,[0;NaN;NaN],[264,0;8,32;128,64],2,[NaN;5;NaN],[0,264;16,56;-8,8],4,[NaN;NaN;4]},{'M',[0,264;512,2048;-8,8],5,[264,0;8,32;128,64],2,[NaN;6;NaN],[0,264;16,56;-8,8],4,[0;NaN;0]},{'A',[64,-264;1536,6144;-1032,1032],6,[8,0;256,1024;-128,128],5,3,[0,-264;-512,-2048;-8,8],5,0},{'M',[32768,0;0,256;-1032,1032],7,[8,0;8,0;8,0],0,[12;NaN;NaN],[0,8;0,8;0,8],0,[NaN;5;NaN],[64,-264;1536,6144;-1032,1032],6,[NaN;NaN;0]},{'M',[2112,0;0,16;-1032,1032],7,[0,8;0,8;0,8],0,[NaN;1;NaN],[264,0;8,32;128,64],2,[3;NaN;NaN],[64,-264;1536,6144;-1032,1032],6,[NaN;NaN;0]},{'A',[63424,0;0,496;-3096,3096],8,[32768,0;0,256;-1032,1032],7,1,[-2112,0;0,-16;-1032,1032],7,0},{'M',[264,0;8,0;-2064,2064],7,[8,0;8,0;8,0],0,[NaN;0;NaN],[264,0;8,32;128,64],2,[0;NaN;NaN],[64,-264;1536,6144;-1032,1032],6,[NaN;NaN;1]},{'M',[63424,0;1536,6144;-49536,49536],9,[64,-264;1536,6144;-1032,1032],6,[NaN;0;NaN],[63424,0;0,496;-3096,3096],8,[0;NaN;4]},{'A',[63952,0;1552,6144;45408,-45408],10,[264,0;8,0;-2064,2064],7,1,[63424,0;1536,6144;49536,-49536],9,0},{'M',[0,32768;0,496;256,128],9,[0,8;0,8;0,8],0,[12;NaN;NaN],[264,0;8,32;128,64],2,[NaN;NaN;1],[63424,0;0,496;-3096,3096],8,[NaN;0;NaN]},{'M',[0,264;2048,7168;16,0],5,[8,0;8,0;8,0],0,[NaN;NaN;1],[0,264;16,56;-8,8],4,[0;7;NaN]},{'A',[0,32240;4096,14832;224,128],10,[0,32768;0,496;256,128],9,0,[0,-264;2048,7168;-16,0],5,1},{'M',[0,32240;8192,29664;-3096,3096],11,[63424,0;0,496;-3096,3096],8,[NaN;NaN;0],[0,32240;4096,14832;224,128],10,[0;1;NaN]},{'M',[0,264;8192,0;28672,16384],11,[8,0;8,0;8,0],0,[NaN;10;NaN],[0,264;16,56;-8,8],4,[0;NaN;NaN],[0,32240;4096,14832;224,128],10,[NaN;NaN;7]},{'A',[0,64216;24576,59328;22480,22576],12,[0,32240;8192,29664;-3096,3096],11,1,[0,-264;8192,0;28672,16384],11,0},{'M',[63952,0;16384,0;448,256],11,[8,0;8,0;8,0],0,[NaN;11;NaN],[63952,0;1552,6144;45408,-45408],10,[0;NaN;NaN],[0,32240;4096,14832;224,128],10,[NaN;NaN;1]},{'M',[264,0;1552,6144;44960,45152],13,[264,0;8,32;128,64],2,[0;NaN;NaN],[63952,0;1552,6144;45408,-45408],10,[NaN;0;NaN],[0,64216;24576,59328;22480,22576],12,[NaN;NaN;1]},{'A',[64216,0;14832,-6144;45408,45408],14,[63952,0;16384,0;448,256],11,0,[264,0;-1552,-6144;44960,45152],13,0},{'M',[64216,0;59328,-24576;45408,-45408],15,[63952,0;1552,6144;45408,-45408],10,[NaN;NaN;0],[64216,0;14832,-6144;45408,45408],14,[0;2;NaN]},{'O',[64216,0;59328,-24576;45408,-45408],15,[64216,0;59328,-24576;45408,-45408],15,0},{'M',[0,64216;24576,59328;45408,45408],15,[0,64216;24576,59328;22480,22576],12,[0;0;NaN],[64216,0;14832,-6144;45408,45408],14,[NaN;NaN;0]},{'O',[0,64216;24576,59328;45408,45408],15,[0,64216;24576,59328;45408,45408],15,0}}
Adder graph: {{'M',[0,1024;8,0;0,128],1,[8,0;8,0;8,0],0,[NaN;0;NaN],[0,8;0,8;0,8],0,[7;NaN;4]},{'A',[0,992;8,32;0,96],2,[0,1024;8,0;0,128],1,0,[0,-8;0,8;0,-8],0,2},{'M',[0,3968;32,0;0,96],3,[8,0;8,0;8,0],0,[NaN;2;NaN],[0,992;8,32;0,96],2,[2;NaN;0]},{'M',[0,16;32768,0;0,8],1,[8,0;8,0;8,0],0,[NaN;12;NaN],[0,8;0,8;0,8],0,[1;NaN;0]},{'A',[0,3952;-32736,0;0,88],4,[0,3968;32,0;0,96],3,0,[0,-16;-32768,0;0,-8],1,0},{'M',[8,0;1024,4096;0,176],5,[8,0;8,0;8,0],0,[0;NaN;NaN],[0,992;8,32;0,96],2,[NaN;7;NaN],[0,3952;-32736,0;0,88],4,[NaN;NaN;1]},{'M',[32,0;-32736,0;16,0],5,[8,0;8,0;8,0],0,[2;NaN;1],[0,3952;-32736,0;0,88],4,[NaN;0;NaN]},{'A',[40,0;33760,4096;16,176],6,[8,0;1024,4096;0,176],5,0,[32,0;32736,0;16,0],5,0},{'M',[0,8;32,0;32,0],1,[8,0;8,0;8,0],0,[NaN;2;2],[0,8;0,8;0,8],0,[0;NaN;NaN]},{'M',[0,7904;8,32;16,0],5,[8,0;8,0;8,0],0,[NaN;NaN;1],[0,992;8,32;0,96],2,[NaN;0;NaN],[0,3952;-32736,0;0,88],4,[1;NaN;NaN]},{'A',[0,-63224;96,256;160,0],6,[0,8;32,0;32,0],1,0,[0,-7904;8,32;16,0],5,3},{'M',[512,0;0,64;0,88],5,[8,0;8,0;8,0],0,[6;NaN;NaN],[0,8;0,8;0,8],0,[NaN;3;NaN],[0,3952;-32736,0;0,88],4,[NaN;NaN;0]},{'M',[1280,0;0,64;0,88],7,[0,8;0,8;0,8],0,[NaN;3;NaN],[0,3952;-32736,0;0,88],4,[NaN;NaN;0],[40,0;33760,4096;16,176],6,[5;NaN;NaN]},{'A',[64256,0;0,8256;0,11352],8,[512,0;0,64;0,88],5,7,[-1280,0;0,64;0,88],7,0},{'M',[64256,0;24576,65536;320,0],9,[0,-63224;96,256;160,0],6,[NaN;8;1],[64256,0;0,8256;0,11352],8,[0;NaN;NaN]},{'M',[40,0;0,8256;32,352],9,[40,0;33760,4096;16,176],6,[0;NaN;1],[64256,0;0,8256;0,11352],8,[NaN;0;NaN]},{'A',[64216,0;24576,57280;352,352],10,[64256,0;24576,65536;320,0],9,0,[-40,0;0,-8256;32,352],9,0},{'M',[0,7904;24576,57280;352,352],11,[0,3952;-32736,0;0,88],4,[1;NaN;NaN],[64216,0;24576,57280;352,352],10,[NaN;0;0]},{'M',[0,-63224;0,256;5632,5632],11,[0,8;0,8;0,8],0,[NaN;5;NaN],[0,-63224;96,256;160,0],6,[0;NaN;NaN],[64216,0;24576,57280;352,352],10,[NaN;NaN;4]},{'A',[0,513696;24576,59328;45408,45408],12,[0,7904;24576,57280;352,352],11,0,[0,63224;0,256;5632,5632],11,3},{'M',[0,992;67520,8192;45408,45408],13,[0,992;8,32;0,96],2,[0;NaN;NaN],[40,0;33760,4096;16,176],6,[NaN;1;NaN],[0,513696;24576,59328;45408,45408],12,[NaN;NaN;0]},{'M',[0,-63224;8192,32768;0,90816],9,[0,992;8,32;0,96],2,[NaN;10;NaN],[0,-63224;96,256;160,0],6,[0;NaN;NaN],[64256,0;0,8256;0,11352],8,[NaN;NaN;3]},{'A',[0,64216;59328,-24576;45408,-45408],14,[0,992;67520,8192;45408,45408],13,0,[0,63224;-8192,-32768;0,-90816],9,0},{'M',[64216,0;59328,-24576;45408,-45408],15,[64216,0;24576,57280;352,352],10,[0;NaN;NaN],[0,64216;59328,-24576;45408,-45408],14,[NaN;0;0]},{'O',[64216,0;59328,-24576;45408,-45408],15,[64216,0;59328,-24576;45408,-45408],15,0},{'M',[0,64216;24576,59328;45408,45408],15,[0,513696;24576,59328;45408,45408],12,[NaN;0;0],[0,64216;59328,-24576;45408,-45408],14,[0;NaN;NaN]},{'O',[0,64216;24576,59328;45408,45408],15,[0,64216;24576,59328;45408,45408],15,0}}
Adder graph: {{'M',[32,0;256,0;0,8],1,[8,0;8,0;8,0],0,[2;5;NaN],[0,8;0,8;0,8],0,[NaN;NaN;0]},{'M',[8,0;0,1024;8,0],1,[8,0;8,0;8,0],0,[0;NaN;0],[0,8;0,8;0,8],0,[NaN;7;NaN]},{'A',[40,0;256,1024;8,8],2,[32,0;256,0;0,8],1,0,[8,0;0,1024;8,0],1,0},{'M',[0,512;32,0;8,0],1,[8,0;8,0;8,0],0,[NaN;2;0],[0,8;0,8;0,8],0,[6;NaN;NaN]},{'M',[0,8;0,8;256,0],1,[8,0;8,0;8,0],0,[NaN;NaN;5],[0,8;0,8;0,8],0,[0;0;NaN]},{'A',[0,480;32,-32;1032,0],2,[0,512;32,0;8,0],1,0,[0,-8;0,-8;256,0],1,2},{'M',[0,480;0,128;128,128],3,[0,8;0,8;0,8],0,[NaN;4;NaN],[40,0;256,1024;8,8],2,[NaN;NaN;4],[0,480;32,-32;1032,0],2,[0;NaN;NaN]},{'M',[0,32;256,1024;8,8],3,[0,8;0,8;0,8],0,[2;NaN;NaN],[40,0;256,1024;8,8],2,[NaN;0;0]},{'A',[0,352;1024,4224;96,96],4,[0,480;0,128;128,128],3,0,[0,-32;256,1024;-8,-8],3,2},{'M',[0,8;4096,0;192,192],5,[8,0;8,0;8,0],0,[NaN;9;NaN],[0,8;0,8;0,8],0,[0;NaN;NaN],[0,352;1024,4224;96,96],4,[NaN;NaN;1]},{'M',[0,2816;256,1024;16,16],5,[40,0;256,1024;8,8],2,[NaN;0;1],[0,352;1024,4224;96,96],4,[3;NaN;NaN]},{'A',[0,-2808;3840,-1024;176,176],6,[0,8;4096,0;192,192],5,0,[0,-2816;-256,-1024;-16,-16],5,0},{'M',[0,3840;256,-256;1032,0],3,[0,480;32,-32;1032,0],2,[3;3;0]},{'M',[0,8;0,8;8256,0],3,[0,8;0,8;0,8],0,[0;0;NaN],[0,480;32,-32;1032,0],2,[NaN;NaN;3]},{'A',[0,30704;2048,-2064;24768,0],4,[0,3840;256,-256;1032,0],3,3,[0,-8;0,-8;8256,0],3,1},{'M',[0,30704;30720,-8192;11264,11264],7,[0,-2808;3840,-1024;176,176],6,[NaN;3;6],[0,30704;2048,-2064;24768,0],4,[0;NaN;NaN]},{'M',[0,-2808;2048,8192;176,176],7,[40,0;256,1024;8,8],2,[NaN;3;NaN],[0,-2808;3840,-1024;176,176],6,[0;NaN;0]},{'A',[0,64216;59392,-24576;22704,22704],8,[0,30704;30720,-8192;11264,11264],7,1,[0,2808;-2048,-8192;176,176],7,0},{'M',[32768,0;4096,-4128;24768,0],5,[8,0;8,0;8,0],0,[12;NaN;NaN],[0,30704;2048,-2064;24768,0],4,[NaN;1;0]},{'M',[320,0;4096,16896;22704,22704],9,[40,0;256,1024;8,8],2,[3;NaN;NaN],[0,352;1024,4224;96,96],4,[NaN;2;NaN],[0,64216;59392,-24576;22704,22704],8,[NaN;NaN;0]},{'A',[32128,0;12288,29664;-20640,-45408],10,[32768,0;4096,-4128;24768,0],5,0,[-320,0;4096,16896;-22704,-22704],9,1},{'M',[64256,0;59392,-24576;-20640,-45408],11,[0,64216;59392,-24576;22704,22704],8,[NaN;0;NaN],[32128,0;12288,29664;-20640,-45408],10,[1;NaN;0]},{'M',[40,0;64,0;66048,0],3,[8,0;8,0;8,0],0,[NaN;3;NaN],[40,0;256,1024;8,8],2,[0;NaN;NaN],[0,480;32,-32;1032,0],2,[NaN;NaN;6]},{'A',[64216,0;59328,-24576;45408,-45408],12,[64256,0;59392,-24576;-20640,-45408],11,0,[-40,0;-64,0;66048,0],3,0},{'O',[64216,0;59328,-24576;45408,-45408],12,[64216,0;59328,-24576;45408,-45408],12,0},{'M',[0,64216;24576,59328;45408,45408],11,[0,64216;59392,-24576;22704,22704],8,[0;NaN;1],[32128,0;12288,29664;-20640,-45408],10,[NaN;1;NaN]},{'O',[0,64216;24576,59328;45408,45408],11,[0,64216;24576,59328;45408,45408],11,0}}
Adder graph: {{'M',[0,8;0,32;0,8],1,[0,8;0,8;0,8],0,[0;2;0]},{'M',[0,512;8,0;8,0],1,[8,0;8,0;8,0],0,[NaN;0;0],[0,8;0,8;0,8],0,[6;NaN;NaN]},{'A',[0,520;8,32;8,8],2,[0,8;0,32;0,8],1,0,[0,512;8,0;8,0],1,0},{'M',[0,520;8,32;256,256],3,[0,520;8,32;8,8],2,[0;0;5]},{'A',[0,2600;-24,-96;1032,1032],4,[0,520;8,32;8,8],2,0,[0,520;-8,-32;256,256],3,2},{'M',[8,0;0,8;2048,0],1,[8,0;8,0;8,0],0,[0;NaN;8],[0,8;0,8;0,8],0,[NaN;0;NaN]},{'M',[16,0;512,0;8,0],1,[8,0;8,0;8,0],0,[1;6;0]},{'A',[40,0;-1024,8;2064,0],2,[8,0;0,8;2048,0],1,0,[16,0;-512,0;8,0],1,1},{'M',[40,0;0,16;1032,1032],5,[0,8;0,8;0,8],0,[NaN;1;NaN],[0,2600;-24,-96;1032,1032],4,[NaN;NaN;0],[40,0;-1024,8;2064,0],2,[0;NaN;NaN]},{'M',[65536,0;0,64;2064,0],3,[8,0;8,0;8,0],0,[13;NaN;NaN],[0,8;0,8;0,8],0,[NaN;3;NaN],[40,0;-1024,8;2064,0],2,[NaN;NaN;0]},{'A',[65576,0;0,-48;-1032,1032],6,[40,0;0,16;1032,1032],5,0,[65536,0;0,-64;-2064,0],3,0},{'M',[0,2600;256,1024;2064,2064],5,[0,520;8,32;8,8],2,[NaN;5;NaN],[0,2600;-24,-96;1032,1032],4,[0;NaN;1]},{'M',[0,66560;0,-96;1032,1032],7,[0,520;8,32;8,8],2,[7;NaN;NaN],[0,2600;-24,-96;1032,1032],4,[NaN;NaN;0],[65576,0;0,-48;-1032,1032],6,[NaN;1;NaN]},{'A',[0,-63960;256,928;3096,3096],8,[0,2600;256,1024;2064,2064],5,0,[0,-66560;0,-96;1032,1032],7,0},{'M',[0,32;-384,-1536;-1032,1032],7,[0,8;0,8;0,8],0,[2;NaN;NaN],[0,2600;-24,-96;1032,1032],4,[NaN;4;NaN],[65576,0;0,-48;-1032,1032],6,[NaN;NaN;0]},{'M',[0,-63960;32,0;-2064,2064],9,[8,0;8,0;8,0],0,[NaN;2;NaN],[65576,0;0,-48;-1032,1032],6,[NaN;NaN;1],[0,-63960;256,928;3096,3096],8,[0;NaN;NaN]},{'A',[0,64216;-3104,-12288;-6192,6192],10,[0,32;-384,-1536;-1032,1032],7,3,[0,63960;-32,0;2064,-2064],9,0},{'M',[1280,0;4096,14848;3096,3096],9,[40,0;-1024,8;2064,0],2,[5;NaN;NaN],[0,-63960;256,928;3096,3096],8,[NaN;4;0]},{'M',[40,0;-1024,8;4128,4128],5,[0,2600;-24,-96;1032,1032],4,[NaN;NaN;2],[40,0;-1024,8;2064,0],2,[0;0;NaN]},{'A',[1360,0;6144,14832;11352,11352],10,[1280,0;4096,14848;3096,3096],9,0,[40,0;1024,-8;4128,4128],5,1},{'M',[65576,0;65536,0;-1032,1032],7,[8,0;8,0;8,0],0,[NaN;13;NaN],[65576,0;0,-48;-1032,1032],6,[0;NaN;0]},{'M',[1360,0;-6208,-24576;-12384,12384],11,[0,64216;-3104,-12288;-6192,6192],10,[NaN;1;1],[1360,0;6144,14832;11352,11352],10,[0;NaN;NaN]},{'A',[64216,0;59328,-24576;11352,-11352],12,[65576,0;65536,0;-1032,1032],7,0,[-1360,0;-6208,-24576;12384,-12384],11,0},{'M',[64216,0;59328,-24576;45408,-45408],13,[64216,0;59328,-24576;11352,-11352],12,[0;0;2]},{'O',[64216,0;59328,-24576;45408,-45408],13,[64216,0;59328,-24576;45408,-45408],13,0},{'M',[0,64216;24576,59328;45408,45408],11,[0,64216;-3104,-12288;-6192,6192],10,[0;NaN;NaN],[1360,0;6144,14832;11352,11352],10,[NaN;2;2]},{'O',[0,64216;24576,59328;45408,45408],11,[0,64216;24576,59328;45408,45408],11,0}}
Adder graph: {{'M',[8,0;32,0;32,0],1,[8,0;8,0;8,0],0,[0;2;2]},{'M',[8,0;0,512;8,0],1,[8,0;8,0;8,0],0,[0;NaN;0],[0,8;0,8;0,8],0,[NaN;6;NaN]},{'A',[24,0;64,512;56,0],2,[8,0;32,0;32,0],1,1,[8,0;0,512;-8,0],1,0},{'M',[0,8;0,8;112,0],3,[0,8;0,8;0,8],0,[0;0;NaN],[24,0;64,512;56,0],2,[NaN;NaN;1]},{'M',[0,32;8,0;8,0],1,[8,0;8,0;8,0],0,[NaN;0;0],[0,8;0,8;0,8],0,[2;NaN;NaN]},{'A',[0,264;-64,8;176,0],4,[0,8;0,8;112,0],3,0,[0,32;-8,0;8,0],1,3},{'M',[24,0;64,512;0,16],3,[0,8;0,8;0,8],0,[NaN;NaN;1],[24,0;64,512;56,0],2,[0;0;NaN]},{'M',[1024,0;-64,8;0,1024],5,[8,0;8,0;8,0],0,[7;NaN;NaN],[0,8;0,8;0,8],0,[NaN;NaN;7],[0,264;-64,8;176,0],4,[NaN;0;NaN]},{'A',[-4048,0;384,992;0,4128],6,[24,0;64,512;0,16],3,1,[-1024,0;64,-8;0,1024],5,2},{'M',[8,0;-1024,128;0,4128],7,[8,0;8,0;8,0],0,[0;NaN;NaN],[0,264;-64,8;176,0],4,[NaN;4;NaN],[-4048,0;384,992;0,4128],6,[NaN;NaN;0]},{'M',[-8096,0;768,1984;0,4128],7,[-4048,0;384,992;0,4128],6,[1;1;0]},{'A',[-8032,0;-7424,3008;0,37152],8,[8,0;-1024,128;0,4128],7,3,[-8096,0;768,1984;0,4128],7,0},{'M',[-32128,0;64,512;0,8256],9,[24,0;64,512;56,0],2,[NaN;0;NaN],[-4048,0;384,992;0,4128],6,[NaN;NaN;1],[-8032,0;-7424,3008;0,37152],8,[2;NaN;NaN]},{'M',[32,0;128,1024;0,37152],9,[8,0;8,0;8,0],0,[2;NaN;NaN],[24,0;64,512;56,0],2,[NaN;1;NaN],[-8032,0;-7424,3008;0,37152],8,[NaN;NaN;0]},{'A',[-32096,0;-64,-512;0,45408],10,[-32128,0;64,512;0,8256],9,0,[32,0;-128,-1024;0,37152],9,0},{'M',[0,1056;-256,32;0,45408],11,[0,264;-64,8;176,0],4,[2;2;NaN],[-32096,0;-64,-512;0,45408],10,[NaN;NaN;0]},{'M',[0,264;-256,-2048;352,0],11,[0,264;-64,8;176,0],4,[0;NaN;1],[-32096,0;-64,-512;0,45408],10,[NaN;2;NaN]},{'A',[0,1320;0,2080;352,45408],12,[0,1056;-256,32;0,45408],11,0,[0,264;256,2048;352,0],11,0},{'M',[0,65536;24576,63488;352,45408],13,[0,8;0,8;0,8],0,[13;NaN;NaN],[-4048,0;384,992;0,4128],6,[NaN;6;NaN],[0,1320;0,2080;352,45408],12,[NaN;NaN;0]},{'M',[0,1320;0,4160;45056,0],13,[0,264;-64,8;176,0],4,[NaN;NaN;8],[0,1320;0,2080;352,45408],12,[0;1;NaN]},{'A',[0,64216;24576,59328;45408,45408],14,[0,65536;24576,63488;352,45408],13,0,[0,-1320;0,-4160;45056,0],13,0},{'M',[24,0;-64,-512;45408,45408],15,[24,0;64,512;56,0],2,[0;NaN;NaN],[-32096,0;-64,-512;0,45408],10,[NaN;0;NaN],[0,64216;24576,59328;45408,45408],14,[NaN;NaN;0]},{'M',[-32096,0;-29696,12032;0,45408],11,[-8032,0;-7424,3008;0,37152],8,[NaN;2;NaN],[-32096,0;-64,-512;0,45408],10,[0;NaN;0]},{'A',[64216,0;59328,-24576;45408,-45408],16,[24,0;-64,-512;45408,45408],15,0,[32096,0;29696,-12032;0,-45408],11,1},{'O',[64216,0;59328,-24576;45408,-45408],16,[64216,0;59328,-24576;45408,-45408],16,0},{'O',[0,64216;24576,59328;45408,45408],14,[0,64216;24576,59328;45408,45408],14,0}}
Adder graph: {{'M',[8,0;64,0;8,0],1,[8,0;8,0;8,0],0,[0;3;0]},{'M',[8,0;0,4096;8,0],1,[8,0;8,0;8,0],0,[0;NaN;0],[0,8;0,8;0,8],0,[NaN;9;NaN]},{'A',[1016,0;8192,-4096;1032,0],2,[8,0;64,0;8,0],1,7,[-8,0;0,-4096;8,0],1,0},{'M',[4064,0;0,16;1032,0],3,[0,8;0,8;0,8],0,[NaN;1;NaN],[1016,0;8192,-4096;1032,0],2,[2;NaN;0]},{'M',[8,0;0,512;8256,0],3,[8,0;8,0;8,0],0,[0;NaN;NaN],[0,8;0,8;0,8],0,[NaN;6;NaN],[1016,0;8192,-4096;1032,0],2,[NaN;NaN;3]},{'A',[4072,0;0,528;9288,0],4,[4064,0;0,16;1032,0],3,0,[8,0;0,512;8256,0],3,0},{'M',[16,0;16,0;0,8],1,[8,0;8,0;8,0],0,[1;1;NaN],[0,8;0,8;0,8],0,[NaN;NaN;0]},{'M',[16288,0;8192,-4096;1032,0],5,[1016,0;8192,-4096;1032,0],2,[NaN;0;0],[4072,0;0,528;9288,0],4,[2;NaN;NaN]},{'A',[32608,0;-16352,8192;2064,16],6,[16,0;16,0;0,8],1,1,[16288,0;-8192,4096;1032,0],5,1},{'M',[0,8;0,8;0,4096],1,[0,8;0,8;0,8],0,[0;0;9]},{'M',[0,128;0,4224;2064,16],7,[0,8;0,8;0,8],0,[4;NaN;NaN],[4072,0;0,528;9288,0],4,[NaN;3;NaN],[32608,0;-16352,8192;2064,16],6,[NaN;NaN;0]},{'A',[0,264;0,-8440;4128,4128],8,[0,8;0,8;0,4096],1,0,[0,128;0,-4224;2064,16],7,1},{'M',[0,32768;8192,-4096;16512,16512],9,[0,8;0,8;0,8],0,[12;NaN;NaN],[1016,0;8192,-4096;1032,0],2,[NaN;0;NaN],[0,264;0,-8440;4128,4128],8,[NaN;NaN;2]},{'M',[0,264;8192,0;4128,4128],9,[8,0;8,0;8,0],0,[NaN;10;NaN],[0,264;0,-8440;4128,4128],8,[0;NaN;0]},{'A',[0,65272;24576,-8192;28896,28896],10,[0,32768;8192,-4096;16512,16512],9,1,[0,-264;8192,0;-4128,-4128],9,0},{'M',[32608,0;1024,0;37152,0],7,[8,0;8,0;8,0],0,[NaN;7;NaN],[4072,0;0,528;9288,0],4,[NaN;NaN;2],[32608,0;-16352,8192;2064,16],6,[0;NaN;NaN]},{'M',[1016,0;-32704,16384;16512,0],7,[1016,0;8192,-4096;1032,0],2,[0;NaN;4],[32608,0;-16352,8192;2064,16],6,[NaN;1;NaN]},{'A',[64200,0;34752,-16384;90816,0],8,[32608,0;1024,0;37152,0],7,1,[-1016,0;32704,-16384;16512,0],7,0},{'M',[0,264;0,-16880;4128,4128],9,[0,264;0,-8440;4128,4128],8,[0;1;0]},{'A',[0,64216;24576,59328;45408,45408],11,[0,65272;24576,-8192;28896,28896],10,0,[0,-264;0,16880;4128,4128],9,2},{'M',[64200,0;24576,-8192;90816,0],11,[0,65272;24576,-8192;28896,28896],10,[NaN;0;NaN],[64200,0;34752,-16384;90816,0],8,[0;NaN;0]},{'M',[16,0;34752,-16384;45408,45408],12,[8,0;8,0;8,0],0,[1;NaN;NaN],[64200,0;34752,-16384;90816,0],8,[NaN;0;NaN],[0,64216;24576,59328;45408,45408],11,[NaN;NaN;0]},{'A',[64216,0;59328,-24576;45408,-45408],13,[64200,0;24576,-8192;90816,0],11,0,[16,0;34752,-16384;-45408,-45408],12,0},{'O',[64216,0;59328,-24576;45408,-45408],13,[64216,0;59328,-24576;45408,-45408],13,0},{'O',[0,64216;24576,59328;45408,45408],11,[0,64216;24576,59328;45408,45408],11,0}}
Adder graph: {{'M',[8,0;0,8;8,0],1,[8,0;8,0;8,0],0,[0;NaN;0],[0,8;0,8;0,8],0,[NaN;0;NaN]},{'M',[8,0;8,0;16,0],1,[8,0;8,0;8,0],0,[0;0;1]},{'A',[40,0;-32,8;72,0],2,[8,0;0,8;8,0],1,0,[8,0;-8,0;16,0],1,2},{'M',[128,0;32,0;0,8],1,[8,0;8,0;8,0],0,[4;2;NaN],[0,8;0,8;0,8],0,[NaN;NaN;0]},{'M',[40,0;0,128;0,128],3,[0,8;0,8;0,8],0,[NaN;4;4],[40,0;-32,8;72,0],2,[0;NaN;NaN]},{'A',[552,0;128,128;0,-96],4,[128,0;32,0;0,8],1,2,[40,0;0,128;0,-128],3,0},{'M',[0,8;-1024,256;0,-384],5,[0,8;0,8;0,8],0,[0;NaN;NaN],[40,0;-32,8;72,0],2,[NaN;5;NaN],[552,0;128,128;0,-96],4,[NaN;NaN;2]},{'M',[0,8;-64,16;0,8],3,[0,8;0,8;0,8],0,[0;NaN;0],[40,0;-32,8;72,0],2,[NaN;1;NaN]},{'A',[0,40;-768,192;0,-352],6,[0,8;-1024,256;0,-384],5,0,[0,8;64,-16;0,8],3,2},{'M',[40,0;32,0;32,0],3,[8,0;8,0;8,0],0,[NaN;2;2],[40,0;-32,8;72,0],2,[0;NaN;NaN]},{'M',[8832,0;2048,2048;72,0],5,[40,0;-32,8;72,0],2,[NaN;NaN;0],[552,0;128,128;0,-96],4,[4;4;NaN]},{'A',[17704,0;4128,4096;176,0],6,[40,0;32,0;32,0],3,0,[8832,0;2048,2048;72,0],5,1},{'M',[0,512;0,64;0,-352],7,[0,8;0,8;0,8],0,[6;3;NaN],[0,40;-768,192;0,-352],6,[NaN;NaN;0]},{'M',[0,40;0,8;0,-352],7,[0,8;0,8;0,8],0,[NaN;0;NaN],[0,40;-768,192;0,-352],6,[0;NaN;0]},{'A',[0,65496;0,8184;0,-45408],8,[0,512;0,64;0,-352],7,7,[0,-40;0,-8;0,-352],7,0},{'M',[17704,0;2048,0;176,0],7,[8,0;8,0;8,0],0,[NaN;8;NaN],[17704,0;4128,4096;176,0],6,[0;NaN;0]},{'M',[17704,0;4128,4096;11264,0],7,[17704,0;4128,4096;176,0],6,[0;0;6]},{'A',[-17704,0;-6208,-8192;22704,0],8,[17704,0;2048,0;176,0],7,0,[-17704,0;-4128,-4096;11264,0],7,1},{'M',[-17704,0;-6208,-8192;45408,0],9,[-17704,0;-6208,-8192;22704,0],8,[0;0;1]},{'M',[81920,0;-65536,16384;0,-45408],9,[40,0;-32,8;72,0],2,[11;11;NaN],[0,65496;0,8184;0,-45408],8,[NaN;NaN;0]},{'A',[64216,0;59328,-24576;45408,45408],10,[-17704,0;-6208,-8192;45408,0],9,0,[81920,0;65536,-16384;0,45408],9,0},{'M',[0,65496;0,65472;0,-45408],9,[0,65496;0,8184;0,-45408],8,[0;3;0]},{'M',[0,640;-12288,3072;22704,0],9,[0,40;-768,192;0,-352],6,[4;4;NaN],[-17704,0;-6208,-8192;22704,0],8,[NaN;NaN;0]},{'A',[0,64216;24576,59328;45408,-45408],10,[0,65496;0,65472;0,-45408],9,0,[0,-640;12288,-3072;22704,0],9,1},{'M',[64216,0;59328,-24576;45408,-45408],11,[64216,0;59328,-24576;45408,45408],10,[0;0;NaN],[0,64216;24576,59328;45408,-45408],10,[NaN;NaN;0]},{'O',[64216,0;59328,-24576;45408,-45408],11,[64216,0;59328,-24576;45408,-45408],11,0},{'M',[0,64216;24576,59328;45408,45408],11,[64216,0;59328,-24576;45408,45408],10,[NaN;NaN;0],[0,64216;24576,59328;45408,-45408],10,[0;0;NaN]},{'O',[0,64216;24576,59328;45408,45408],11,[0,64216;24576,59328;45408,45408],11,0}}
Adder graph: {{'M',[8,0;8,0;0,128],1,[8,0;8,0;8,0],0,[0;0;NaN],[0,8;0,8;0,8],0,[NaN;NaN;4]},{'A',[64,8;64,8;0,1032],2,[0,8;0,8;0,8],0,0,[8,0;8,0;0,128],1,3},{'M',[256,32;8,0;0,4128],3,[8,0;8,0;8,0],0,[NaN;0;NaN],[64,8;64,8;0,1032],2,[2;NaN;2]},{'M',[0,64;0,64;0,1032],3,[0,8;0,8;0,8],0,[3;3;NaN],[64,8;64,8;0,1032],2,[NaN;NaN;0]},{'A',[256,-32;8,64;0,5160],4,[256,32;8,0;0,4128],3,0,[0,-64;0,64;0,1032],3,0},{'M',[0,8;2048,16384;8,0],5,[8,0;8,0;8,0],0,[NaN;NaN;0],[0,8;0,8;0,8],0,[0;NaN;NaN],[256,-32;8,64;0,5160],4,[NaN;8;NaN]},{'M',[0,8;0,64;32,0],1,[8,0;8,0;8,0],0,[NaN;NaN;2],[0,8;0,8;0,8],0,[0;3;NaN]},{'A',[0,264;2048,14336;1032,0],6,[0,8;2048,16384;8,0],5,0,[0,8;0,-64;32,0],1,5},{'M',[0,8192;2048,256;1032,0],7,[0,8;0,8;0,8],0,[10;NaN;NaN],[64,8;64,8;0,1032],2,[NaN;5;NaN],[0,264;2048,14336;1032,0],6,[NaN;NaN;0]},{'M',[0,264;0,64;1032,0],7,[0,8;0,8;0,8],0,[NaN;3;NaN],[0,264;2048,14336;1032,0],6,[0;NaN;0]},{'A',[0,65272;16384,1984;9288,0],8,[0,8192;2048,256;1032,0],7,3,[0,-264;0,-64;1032,0],7,0},{'M',[0,528;4096,28672;1032,0],7,[0,264;2048,14336;1032,0],6,[1;1;0]},{'A',[0,64216;24576,59328;11352,0],9,[0,65272;16384,1984;9288,0],8,0,[0,-528;4096,28672;1032,0],7,1},{'M',[8,0;64,512;0,41280],5,[8,0;8,0;8,0],0,[0;NaN;NaN],[256,-32;8,64;0,5160],4,[NaN;3;3]},{'M',[8,0;8,0;0,1032],3,[8,0;8,0;8,0],0,[0;0;NaN],[64,8;64,8;0,1032],2,[NaN;NaN;0]},{'A',[40,0;96,512;0,45408],6,[8,0;64,512;0,41280],5,0,[8,0;8,0;0,1032],3,2},{'M',[1024,0;512,64;11352,0],10,[8,0;8,0;8,0],0,[7;NaN;NaN],[64,8;64,8;0,1032],2,[NaN;3;NaN],[0,64216;24576,59328;11352,0],9,[NaN;NaN;0]},{'M',[80,0;192,1024;0,45408],7,[40,0;96,512;0,45408],6,[1;1;0]},{'A',[4016,0;1856,-768;45408,45408],11,[1024,0;512,64;11352,0],10,2,[-80,0;-192,-1024;0,45408],7,0},{'M',[16064,0;7424,-3072;11352,0],12,[0,64216;24576,59328;11352,0],9,[NaN;NaN;0],[4016,0;1856,-768;45408,45408],11,[2;2;NaN]},{'M',[40,0;32,0;0,45408],7,[8,0;8,0;8,0],0,[NaN;2;NaN],[40,0;96,512;0,45408],6,[0;NaN;0]},{'A',[64216,0;29664,-12288;45408,-45408],13,[16064,0;7424,-3072;11352,0],12,2,[-40,0;-32,0;0,-45408],7,0},{'M',[64216,0;59328,-24576;45408,-45408],14,[64216,0;29664,-12288;45408,-45408],13,[0;1;0]},{'O',[64216,0;59328,-24576;45408,-45408],14,[64216,0;59328,-24576;45408,-45408],14,0},{'M',[0,64216;24576,59328;45408,45408],12,[0,64216;24576,59328;11352,0],9,[0;0;NaN],[4016,0;1856,-768;45408,45408],11,[NaN;NaN;0]},{'O',[0,64216;24576,59328;45408,45408],12,[0,64216;24576,59328;45408,45408],12,0}}
Adder graph: {{'M',[0,8;0,256;0,8],1,[0,8;0,8;0,8],0,[0;5;0]},{'M',[0,8;0,8;16,0],1,[8,0;8,0;8,0],0,[NaN;NaN;1],[0,8;0,8;0,8],0,[0;0;NaN]},{'A',[0,24;0,520;16,16],2,[0,8;0,256;0,8],1,1,[0,8;0,8;16,0],1,0},{'M',[0,384;4096,0;16,16],3,[8,0;8,0;8,0],0,[NaN;9;NaN],[0,24;0,520;16,16],2,[4;NaN;0]},{'M',[0,128;0,256;16,16],3,[0,8;0,8;0,8],0,[4;5;NaN],[0,24;0,520;16,16],2,[NaN;NaN;0]},{'A',[0,-16000;4096,32768;2064,2064],4,[0,384;4096,0;16,16],3,0,[0,-128;0,256;16,16],3,7},{'M',[8,0;16,0;256,0],1,[8,0;8,0;8,0],0,[0;1;5]},{'M',[8,0;8,0;4128,4128],5,[8,0;8,0;8,0],0,[0;0;NaN],[0,-16000;4096,32768;2064,2064],4,[NaN;NaN;1]},{'A',[248,0;520,0;4064,-4128],6,[8,0;16,0;256,0],1,5,[-8,0;8,0;-4128,-4128],5,0},{'M',[64,0;64,0;8,0],1,[8,0;8,0;8,0],0,[3;3;0]},{'M',[248,0;0,64;4064,-4128],7,[0,8;0,8;0,8],0,[NaN;3;NaN],[248,0;520,0;4064,-4128],6,[0;NaN;0]},{'A',[264,0;512,-64;4128,-4128],8,[64,0;64,0;8,0],1,3,[-248,0;0,-64;4064,-4128],7,0},{'M',[0,-16000;4096,-512;8256,8256],9,[0,-16000;4096,32768;2064,2064],4,[0;NaN;2],[264,0;512,-64;4128,-4128],8,[NaN;3;NaN]},{'M',[0,48;0,1040;2064,2064],5,[0,24;0,520;16,16],2,[1;1;NaN],[0,-16000;4096,32768;2064,2064],4,[NaN;NaN;0]},{'A',[0,-32096;8192,-3104;20640,20640],10,[0,-16000;4096,-512;8256,8256],9,1,[0,-48;0,-1040;2064,2064],5,1},{'M',[8192,0;8192,-3104;4128,-4128],11,[8,0;8,0;8,0],0,[10;NaN;NaN],[264,0;512,-64;4128,-4128],8,[NaN;NaN;0],[0,-32096;8192,-3104;20640,20640],10,[NaN;0;NaN]},{'A',[64480,0;63488,-24576;49536,-49536],12,[8192,0;8192,-3104;4128,-4128],11,3,[-264,0;-512,64;4128,-4128],8,2},{'M',[264,0;4160,0;4128,-4128],9,[248,0;520,0;4064,-4128],6,[NaN;3;NaN],[264,0;512,-64;4128,-4128],8,[0;NaN;0]},{'A',[64216,0;59328,-24576;45408,-45408],13,[64480,0;63488,-24576;49536,-49536],12,0,[-264,0;-4160,0;-4128,4128],9,0},{'M',[0,24;8192,65536;4128,4128],5,[0,24;0,520;16,16],2,[0;NaN;NaN],[0,-16000;4096,32768;2064,2064],4,[NaN;1;1]},{'A',[0,64216;24576,59328;45408,45408],11,[0,24;8192,65536;4128,4128],5,0,[0,32096;8192,-3104;20640,20640],10,1},{'O',[64216,0;59328,-24576;45408,-45408],13,[64216,0;59328,-24576;45408,-45408],13,0},{'O',[0,64216;24576,59328;45408,45408],11,[0,64216;24576,59328;45408,45408],11,0}}
Adder graph: {{'A',[24,0;24,0;40,0],1,[8,0;8,0;8,0],0,2,[-8,0;-8,0;8,0],0,0},{'M',[8,0;8,0;512,0],1,[8,0;8,0;8,0],0,[0;0;6]},{'M',[24,0;2048,0;40,0],2,[8,0;8,0;8,0],0,[NaN;8;NaN],[24,0;24,0;40,0],1,[0;NaN;0]},{'A',[-88,0;-8184,0;352,0],3,[8,0;8,0;512,0],1,0,[-24,0;-2048,0;-40,0],2,2},{'M',[-88,0;48,0;2816,0],4,[24,0;24,0;40,0],1,[NaN;1;NaN],[-88,0;-8184,0;352,0],3,[0;NaN;3]},{'A',[-1320,0;-7416,0;45408,0],5,[-88,0;48,0;2816,0],4,4,[88,0;-8184,0;352,0],3,0},{'M',[6144,0;6144,0;0,8],2,[0,8;0,8;0,8],0,[NaN;NaN;0],[24,0;24,0;40,0],1,[8;8;NaN]},{'A',[12288,32;-12288,32;0,48],3,[0,8;0,8;0,8],0,2,[6144,0;-6144,0;0,8],2,1},{'M',[0,8;0,64;0,8],1,[0,8;0,8;0,8],0,[0;3;0]},{'M',[0,8;0,8192;0,96],4,[0,8;0,8;0,8],0,[0;10;NaN],[12288,32;-12288,32;0,48],3,[NaN;NaN;1]},{'A',[0,264;0,-6144;0,352],5,[0,8;0,64;0,8],1,5,[0,8;0,-8192;0,96],4,0},{'M',[0,264;0,-6144;0,11264],6,[0,264;0,-6144;0,352],5,[0;0;5]},{'M',[0,264;-59328,0;0,352],6,[-1320,0;-7416,0;45408,0],5,[NaN;3;NaN],[0,264;0,-6144;0,352],5,[0;NaN;0]},{'A',[0,1320;59328,-24576;0,45408],7,[0,264;0,-6144;0,11264],6,2,[0,264;59328,0;0,352],6,0},{'M',[-1320,0;0,65536;45408,0],6,[0,8;0,8;0,8],0,[NaN;13;NaN],[-1320,0;-7416,0;45408,0],5,[0;NaN;0]},{'M',[65536,0;0,-6144;0,45408],8,[8,0;8,0;8,0],0,[13;NaN;NaN],[0,264;0,-6144;0,352],5,[NaN;0;NaN],[0,1320;59328,-24576;0,45408],7,[NaN;NaN;0]},{'A',[64216,0;0,59392;45408,-45408],9,[-1320,0;0,65536;45408,0],6,0,[65536,0;0,-6144;0,-45408],8,0},{'M',[0,65536;0,59392;45408,0],10,[0,8;0,8;0,8],0,[13;NaN;NaN],[-1320,0;-7416,0;45408,0],5,[NaN;NaN;0],[64216,0;0,59392;45408,-45408],9,[NaN;0;NaN]},{'M',[0,1320;-24576,64;0,45408],8,[12288,32;-12288,32;0,48],3,[NaN;1;NaN],[0,1320;59328,-24576;0,45408],7,[0;NaN;0]},{'A',[0,64216;24576,59328;45408,45408],11,[0,65536;0,59392;45408,0],10,0,[0,-1320;24576,-64;0,45408],8,0},{'M',[64216,0;59328,-24576;45408,-45408],10,[0,1320;59328,-24576;0,45408],7,[NaN;0;NaN],[64216,0;0,59392;45408,-45408],9,[0;NaN;0]},{'O',[64216,0;59328,-24576;45408,-45408],10,[64216,0;59328,-24576;45408,-45408],10,0},{'O',[0,64216;24576,59328;45408,45408],11,[0,64216;24576,59328;45408,45408],11,0}}
Adder graph: {{'M',[8,0;8,0;256,0],1,[8,0;8,0;8,0],0,[0;0;5]},{'A',[40,0;-24,0;1032,0],2,[8,0;8,0;8,0],0,0,[8,0;-8,0;256,0],1,2},{'M',[0,8;0,8;0,512],1,[0,8;0,8;0,8],0,[0;0;6]},{'A',[0,24;0,24;0,1032],2,[0,8;0,8;0,512],1,1,[0,8;0,8;0,8],0,0},{'M',[0,24;-1536,0;0,1032],3,[40,0;-24,0;1032,0],2,[NaN;6;NaN],[0,24;0,24;0,1032],2,[0;NaN;0]},{'A',[0,-1440;-6144,1536;0,-61920],4,[0,24;-1536,0;0,1032],3,2,[0,-24;0,24;0,-1032],2,6},{'M',[8192,0;1024,0;1032,0],3,[8,0;8,0;8,0],0,[10;7;NaN],[40,0;-24,0;1032,0],2,[NaN;NaN;0]},{'A',[32128,0;3712,0;-12384,0],4,[8192,0;1024,0;1032,0],3,2,[-40,0;-24,0;-1032,0],2,4},{'M',[64256,0;3712,0;-12384,0],5,[32128,0;3712,0;-12384,0],4,[1;0;0]},{'M',[40,0;0,1536;1032,0],3,[40,0;-24,0;1032,0],2,[0;NaN;0],[0,24;0,24;0,1032],2,[NaN;6;NaN]},{'A',[64216,0;3712,-1536;-11352,0],6,[64256,0;3712,0;-12384,0],5,0,[-40,0;0,-1536;1032,0],3,0},{'M',[0,48;0,8;0,8256],3,[0,8;0,8;0,8],0,[NaN;0;NaN],[0,24;0,24;0,1032],2,[1;NaN;3]},{'A',[0,-1344;-6144,1552;0,-45408],5,[0,-1440;-6144,1536;0,-61920],4,0,[0,48;0,8;0,8256],3,1},{'M',[0,-1344;59392,-24576;0,-45408],7,[64216,0;3712,-1536;-11352,0],6,[NaN;4;NaN],[0,-1344;-6144,1552;0,-45408],5,[0;NaN;0]},{'M',[0,16384;16,0;-11352,0],7,[8,0;8,0;8,0],0,[NaN;1;NaN],[0,8;0,8;0,8],0,[11;NaN;NaN],[64216,0;3712,-1536;-11352,0],6,[NaN;NaN;0]},{'A',[0,64192;59328,-24576;45408,-45408],8,[0,-1344;59392,-24576;0,-45408],7,0,[0,16384;-16,0;11352,0],7,2},{'M',[0,64192;0,32768;45408,-45408],9,[0,8;0,8;0,8],0,[NaN;12;NaN],[0,64192;59328,-24576;45408,-45408],8,[0;NaN;0]},{'M',[0,24;-12288,3104;0,-90816],6,[0,24;0,24;0,1032],2,[0;NaN;NaN],[0,-1344;-6144,1552;0,-45408],5,[NaN;1;1]},{'A',[0,64216;12288,29664;45408,45408],10,[0,64192;0,32768;45408,-45408],9,0,[0,24;12288,-3104;0,90816],6,0},{'M',[64216,0;59328,-24576;45408,-45408],9,[64216,0;3712,-1536;-11352,0],6,[0;NaN;NaN],[0,64192;59328,-24576;45408,-45408],8,[NaN;0;0]},{'O',[64216,0;59328,-24576;45408,-45408],9,[64216,0;59328,-24576;45408,-45408],9,0},{'M',[0,64216;24576,59328;45408,45408],11,[0,64216;12288,29664;45408,45408],10,[0;1;0]},{'O',[0,64216;24576,59328;45408,45408],11,[0,64216;24576,59328;45408,45408],11,0}}
Adder graph: {{'M',[256,0;0,8;0,8],1,[8,0;8,0;8,0],0,[5;NaN;NaN],[0,8;0,8;0,8],0,[NaN;0;0]},{'A',[264,0;8,-8;8,-8],2,[8,0;8,0;8,0],0,0,[256,0;0,-8;0,-8],1,0},{'M',[128,0;8,0;64,-64],3,[8,0;8,0;8,0],0,[4;0;NaN],[264,0;8,-8;8,-8],2,[NaN;NaN;3]},{'M',[264,0;64,-64;8,-8],3,[264,0;8,-8;8,-8],2,[0;3;0]},{'A',[7136,0;768,-256;4128,-4128],4,[128,0;8,0;64,-64],3,6,[-264,0;64,-64;8,-8],3,2},{'M',[8,0;8,0;8256,-8256],5,[8,0;8,0;8,0],0,[0;0;NaN],[7136,0;768,-256;4128,-4128],4,[NaN;NaN;1]},{'M',[7136,0;256,0;4128,-4128],5,[8,0;8,0;8,0],0,[NaN;5;NaN],[7136,0;768,-256;4128,-4128],4,[0;NaN;0]},{'A',[-7128,0;-248,0;12384,-12384],6,[8,0;8,0;8256,-8256],5,0,[-7136,0;-256,0;4128,-4128],5,0},{'A',[64216,0;6392,-2048;45408,-45408],7,[7136,0;768,-256;4128,-4128],4,3,[7128,0;248,0;12384,-12384],6,0},{'M',[0,8;0,32768;0,8],1,[0,8;0,8;0,8],0,[0;12;0]},{'A',[0,48;0,-65472;0,80],2,[0,8;0,8;0,8],0,3,[0,-8;0,-32768;0,8],1,1},{'M',[0,8;24576,-8192;0,8],5,[0,8;0,8;0,8],0,[0;NaN;0],[7136,0;768,-256;4128,-4128],4,[NaN;5;NaN]},{'A',[0,-40;24576,57280;0,88],6,[0,8;24576,-8192;0,8],5,0,[0,-48;0,65472;0,80],2,0},{'M',[0,16384;12784,-4096;45408,-45408],8,[0,8;0,8;0,8],0,[11;NaN;NaN],[64216,0;6392,-2048;45408,-45408],7,[NaN;1;0]},{'M',[0,-40;256,-256;0,88],7,[264,0;8,-8;8,-8],2,[NaN;5;NaN],[0,-40;24576,57280;0,88],6,[0;NaN;0]},{'A',[0,16064;14832,-6144;45408,-44704],9,[0,16384;12784,-4096;45408,-45408],8,0,[0,-40;256,-256;0,88],7,3},{'M',[0,64256;0,2048;45408,-44704],10,[0,8;0,8;0,8],0,[NaN;8;NaN],[0,16064;14832,-6144;45408,-44704],9,[2;NaN;0]},{'M',[0,-40;24576,57280;0,90112],7,[0,-40;24576,57280;0,88],6,[0;0;10]},{'A',[0,64216;24576,59328;45408,45408],11,[0,64256;0,2048;45408,-44704],10,0,[0,-40;24576,57280;0,90112],7,0},{'M',[64216,0;59328,-24576;45408,-45408],10,[64216,0;6392,-2048;45408,-45408],7,[0;NaN;0],[0,16064;14832,-6144;45408,-44704],9,[NaN;2;NaN]},{'O',[64216,0;59328,-24576;45408,-45408],10,[64216,0;59328,-24576;45408,-45408],10,0},{'O',[0,64216;24576,59328;45408,45408],11,[0,64216;24576,59328;45408,45408],11,0}}
Adder graph: {{'A',[0,40;0,24;0,24],1,[0,8;0,8;0,8],0,2,[0,8;0,-8;0,-8],0,0},{'M',[0,8192;0,8192;0,8],1,[0,8;0,8;0,8],0,[10;10;0]},{'M',[0,40;0,192;0,24],2,[0,40;0,24;0,24],1,[0;3;0]},{'A',[0,8032;0,7424;0,-88],3,[0,8192;0,8192;0,8],1,0,[0,-40;0,-192;0,-24],2,2},{'A',[24,0;24,0;24,0],1,[8,0;8,0;8,0],0,1,[8,0;8,0;8,0],0,0},{'M',[24,0;0,24576;24,0],2,[0,40;0,24;0,24],1,[NaN;10;NaN],[24,0;24,0;24,0],1,[0;NaN;0]},{'M',[6144,0;6144,0;0,-88],4,[0,8032;0,7424;0,-88],3,[NaN;NaN;0],[24,0;24,0;24,0],1,[8;8;NaN]},{'A',[6168,0;6144,24576;24,88],5,[24,0;0,24576;24,0],2,0,[6144,0;6144,0;0,88],4,0},{'M',[0,40;0,64;0,-90112],4,[0,8;0,8;0,8],0,[NaN;3;NaN],[0,40;0,24;0,24],1,[0;NaN;NaN],[0,8032;0,7424;0,-88],3,[NaN;NaN;10]},{'A',[0,64216;0,59328;0,-90816],5,[0,8032;0,7424;0,-88],3,3,[0,-40;0,-64;0,-90112],4,0},{'M',[24,0;6144,24576;24,88],6,[24,0;24,0;24,0],1,[0;NaN;NaN],[6168,0;6144,24576;24,88],5,[NaN;0;0]},{'A',[-40,0;6208,24576;88,88],7,[24,0;6144,24576;24,88],6,0,[-8,0;8,0;8,0],0,3},{'M',[128,0;128,0;88,88],8,[8,0;8,0;8,0],0,[4;4;NaN],[-40,0;6208,24576;88,88],7,[NaN;NaN;0]},{'M',[-40,0;6208,24576;352,352],8,[-40,0;6208,24576;88,88],7,[0;0;2]},{'A',[65496,0;59328,-24576;45408,45408],9,[128,0;128,0;88,88],8,9,[-40,0;-6208,-24576;352,352],8,0},{'M',[-1280,0;0,59328;0,-90816],8,[0,64216;0,59328;0,-90816],5,[NaN;0;0],[-40,0;6208,24576;88,88],7,[5;NaN;NaN]},{'M',[65496,0;24576,0;45408,45408],10,[24,0;24,0;24,0],1,[NaN;10;NaN],[65496,0;59328,-24576;45408,45408],9,[0;NaN;0]},{'A',[64216,0;24576,59328;45408,-45408],11,[-1280,0;0,59328;0,-90816],8,0,[65496,0;24576,0;45408,45408],10,0},{'M',[64216,0;59328,-24576;45408,-45408],12,[65496,0;59328,-24576;45408,45408],9,[NaN;0;NaN],[64216,0;24576,59328;45408,-45408],11,[0;NaN;0]},{'O',[64216,0;59328,-24576;45408,-45408],12,[64216,0;59328,-24576;45408,-45408],12,0},{'M',[0,64216;24576,59328;45408,45408],12,[0,64216;0,59328;0,-90816],5,[0;NaN;NaN],[65496,0;59328,-24576;45408,45408],9,[NaN;NaN;0],[64216,0;24576,59328;45408,-45408],11,[NaN;0;NaN]},{'O',[0,64216;24576,59328;45408,45408],12,[0,64216;24576,59328;45408,45408],12,0}}
Adder graph: {{'M',[0,8;0,32;0,32],1,[0,8;0,8;0,8],0,[0;2;2]},{'A',[0,264;0,1032;0,1032],2,[0,8;0,32;0,32],1,5,[0,8;0,8;0,8],0,0},{'A',[40,0;24,0;40,0],1,[8,0;8,0;8,0],0,2,[8,0;-8,0;8,0],0,0},{'M',[0,264;6144,0;32,0],3,[8,0;8,0;8,0],0,[NaN;NaN;2],[0,264;0,1032;0,1032],2,[0;NaN;NaN],[40,0;24,0;40,0],1,[NaN;8;NaN]},{'M',[0,2048;0,2048;40,0],2,[0,8;0,8;0,8],0,[8;8;NaN],[40,0;24,0;40,0],1,[NaN;NaN;0]},{'A',[0,16648;6144,16384;352,0],4,[0,264;6144,0;32,0],3,0,[0,2048;0,2048;40,0],2,3},{'M',[0,64;0,64;352,0],5,[0,8;0,8;0,8],0,[3;3;NaN],[0,16648;6144,16384;352,0],4,[NaN;NaN;0]},{'A',[0,-8456;6144,24576;45408,0],6,[0,64;0,64;352,0],5,7,[0,-16648;6144,16384;352,0],4,0},{'M',[40,0;6144,24576;45408,0],7,[40,0;24,0;40,0],1,[0;NaN;NaN],[0,-8456;6144,24576;45408,0],6,[NaN;0;0]},{'M',[160,0;8,0;0,4128],3,[8,0;8,0;8,0],0,[NaN;0;NaN],[0,264;0,1032;0,1032],2,[NaN;NaN;2],[40,0;24,0;40,0],1,[2;NaN;NaN]},{'A',[1320,0;6208,24576;45408,-33024],8,[40,0;6144,24576;45408,0],7,0,[160,0;8,0;0,-4128],3,3},{'M',[0,264;0,2048;0,2064],3,[0,8;0,8;0,8],0,[NaN;8;NaN],[0,264;0,1032;0,1032],2,[0;NaN;1]},{'A',[0,2376;0,-6208;0,-6192],4,[0,264;0,2048;0,2064],3,0,[0,264;0,-1032;0,-1032],2,3},{'M',[32768,0;32768,0;0,-6192],5,[8,0;8,0;8,0],0,[12;12;NaN],[0,2376;0,-6208;0,-6192],4,[NaN;NaN;0]},{'A',[64216,0;59328,-24576;45408,-45408],9,[32768,0;32768,0;0,-6192],5,1,[-1320,0;-6208,-24576;45408,-33024],8,0},{'M',[0,33296;12288,32768;45408,0],7,[0,16648;6144,16384;352,0],4,[1;1;NaN],[0,-8456;6144,24576;45408,0],6,[NaN;NaN;0]},{'M',[0,2376;0,-6208;45408,-45408],10,[0,2376;0,-6208;0,-6192],4,[0;0;NaN],[64216,0;59328,-24576;45408,-45408],9,[NaN;NaN;0]},{'A',[0,64216;24576,59328;45408,45408],11,[0,33296;12288,32768;45408,0],7,1,[0,-2376;0,-6208;-45408,45408],10,0},{'O',[64216,0;59328,-24576;45408,-45408],9,[64216,0;59328,-24576;45408,-45408],9,0},{'O',[0,64216;24576,59328;45408,45408],11,[0,64216;24576,59328;45408,45408],11,0}}
Finished solving after 1.20959e+06 seconds
Adder graph: {{'M',[0,8;0,32;0,32],1,[0,8;0,8;0,8],0,[0;2;2]},{'A',[0,264;0,1032;0,1032],2,[0,8;0,32;0,32],1,5,[0,8;0,8;0,8],0,0},{'A',[40,0;24,0;40,0],1,[8,0;8,0;8,0],0,2,[8,0;-8,0;8,0],0,0},{'M',[0,264;6144,0;32,0],3,[8,0;8,0;8,0],0,[NaN;NaN;2],[0,264;0,1032;0,1032],2,[0;NaN;NaN],[40,0;24,0;40,0],1,[NaN;8;NaN]},{'M',[0,2048;0,2048;40,0],2,[0,8;0,8;0,8],0,[8;8;NaN],[40,0;24,0;40,0],1,[NaN;NaN;0]},{'A',[0,16648;6144,16384;352,0],4,[0,264;6144,0;32,0],3,0,[0,2048;0,2048;40,0],2,3},{'M',[0,64;0,64;352,0],5,[0,8;0,8;0,8],0,[3;3;NaN],[0,16648;6144,16384;352,0],4,[NaN;NaN;0]},{'A',[0,-8456;6144,24576;45408,0],6,[0,64;0,64;352,0],5,7,[0,-16648;6144,16384;352,0],4,0},{'M',[40,0;6144,24576;45408,0],7,[40,0;24,0;40,0],1,[0;NaN;NaN],[0,-8456;6144,24576;45408,0],6,[NaN;0;0]},{'M',[160,0;8,0;0,4128],3,[8,0;8,0;8,0],0,[NaN;0;NaN],[0,264;0,1032;0,1032],2,[NaN;NaN;2],[40,0;24,0;40,0],1,[2;NaN;NaN]},{'A',[1320,0;6208,24576;45408,-33024],8,[40,0;6144,24576;45408,0],7,0,[160,0;8,0;0,-4128],3,3},{'M',[0,264;0,2048;0,2064],3,[0,8;0,8;0,8],0,[NaN;8;NaN],[0,264;0,1032;0,1032],2,[0;NaN;1]},{'A',[0,2376;0,-6208;0,-6192],4,[0,264;0,2048;0,2064],3,0,[0,264;0,-1032;0,-1032],2,3},{'M',[32768,0;32768,0;0,-6192],5,[8,0;8,0;8,0],0,[12;12;NaN],[0,2376;0,-6208;0,-6192],4,[NaN;NaN;0]},{'A',[64216,0;59328,-24576;45408,-45408],9,[32768,0;32768,0;0,-6192],5,1,[-1320,0;-6208,-24576;45408,-33024],8,0},{'M',[0,33296;12288,32768;45408,0],7,[0,16648;6144,16384;352,0],4,[1;1;NaN],[0,-8456;6144,24576;45408,0],6,[NaN;NaN;0]},{'M',[0,2376;0,-6208;45408,-45408],10,[0,2376;0,-6208;0,-6192],4,[0;0;NaN],[64216,0;59328,-24576;45408,-45408],9,[NaN;NaN;0]},{'A',[0,64216;24576,59328;45408,45408],11,[0,33296;12288,32768;45408,0],7,1,[0,-2376;0,-6208;-45408,45408],10,0},{'O',[64216,0;59328,-24576;45408,-45408],9,[64216,0;59328,-24576;45408,-45408],9,0},{'O',[0,64216;24576,59328;45408,45408],11,[0,64216;24576,59328;45408,45408],11,0}}
# Add optimal = 1
# Mux optimal = 0
# FAs optimal = 0
