<graph>
{{'A',[144],2,[3],1,4,[3],1,5},{'A',[104],2,[3],1,3,[5],1,4},{'A',[248],2,[3],1,3,[7],1,5},{'A',[3],1,[1],0,0,[1],0,1},{'A',[5],1,[1],0,0,[1],0,2},{'A',[7],1,[1],0,3,[-1],0,0}}
</graph>
<graph>
{{'A',[66],2,[5],1,1,[7],1,3},{'A',[174],2,[5],1,5,[7],1,1},{'A',[218],2,[7],1,5,[-3],1,1},{'A',[3],1,[1],0,0,[1],0,1},{'A',[5],1,[1],0,0,[1],0,2},{'A',[7],1,[1],0,3,[-1],0,0}}
</graph>
<graph>
{{'A',[19],2,[3],1,3,[-5],1,0},{'A',[148],2,[5],1,5,[-3],1,2},{'A',[155],2,[5],1,5,[-5],1,0},{'A',[3],1,[1],0,0,[1],0,1},{'A',[5],1,[1],0,0,[1],0,2}}
</graph>
<graph>
{{'R',[56],2,[7],1,3},{'A',[16],2,[3],1,5,[-5],1,4},{'A',[21],2,[3],1,3,[-3],1,0},{'A',[3],1,[1],0,0,[1],0,1},{'A',[5],1,[1],0,0,[1],0,2},{'A',[7],1,[1],0,3,[-1],0,0}}
</graph>
<merge>
104;174;19;16
</merge>
<merge>
248;218;155;56
</merge>
<merge>
144;66;148;21
</merge>