<graph>
{{'R',[1],3,[1],2},{'A',[63],3,[1],2,6,[-1],2,0},{'A',[183],3,[3],2,6,[-9],2,0},{'R',[1],2,[1],1},{'R',[3],2,[3],1},{'A',[9],2,[1],1,0,[1],1,3},{'R',[1],1,[1],0},{'A',[3],1,[1],0,0,[1],0,1}}
</graph>
<graph>
{{'A',[138],3,[9],2,4,[-3],2,1},{'A',[174],3,[3],2,6,[-9],2,1},{'A',[211],3,[3],2,6,[19],2,0},{'R',[3],2,[3],1},{'A',[9],2,[1],1,0,[1],1,3},{'A',[19],2,[1],1,4,[3],1,0},{'R',[1],1,[1],0},{'A',[3],1,[1],0,0,[1],0,1}}
</graph>
<graph>
{{'A',[26],3,[1],2,1,[3],2,3},{'A',[155],3,[3],2,0,[19],2,3},{'A',[173],3,[3],2,6,[-19],2,0},{'R',[1],2,[1],1},{'R',[3],2,[3],1},{'A',[19],2,[1],1,4,[3],1,0},{'R',[1],1,[1],0},{'A',[3],1,[1],0,0,[1],0,1}}
</graph>
<graph>
{{'R',[192],3,[3],2,6},{'A',[35],3,[1],2,5,[3],2,0},{'A',[254],3,[1],2,8,[-1],2,1},{'R',[1],2,[1],1},{'R',[3],2,[3],1},{'R',[1],1,[1],0},{'A',[3],1,[1],0,0,[1],0,1}}
</graph>
<merge>
1;138;173;192
</merge>
<merge>
63;211;155;35
</merge>
<merge>
183;174;26;254
</merge>