<graph>
{{'A',[30],3,[5],2,1,[5],2,2},{'A',[156],3,[13],2,2,[13],2,3},{'A',[57],3,[5],2,0,[13],2,2},{'A',[5],2,[1],1,0,[1],1,2},{'A',[13],2,[7],1,1,[-1],1,0},{'R',[1],1,[1],0},{'A',[7],1,[1],0,3,[-1],0,0}}
</graph>
<graph>
{{'A',[132],3,[5],2,4,[13],2,2},{'A',[129],3,[71],2,1,[-13],2,0},{'A',[151],3,[5],2,4,[71],2,0},{'A',[5],2,[1],1,0,[1],1,2},{'A',[13],2,[7],1,1,[-1],1,0},{'A',[71],2,[1],1,6,[7],1,0},{'R',[1],1,[1],0},{'A',[7],1,[1],0,3,[-1],0,0}}
</graph>
<graph>
{{'A',[50],3,[5],2,1,[5],2,3},{'A',[81],3,[5],2,1,[71],2,0},{'A',[173],3,[5],2,5,[13],2,0},{'A',[5],2,[1],1,0,[1],1,2},{'A',[13],2,[7],1,1,[-1],1,0},{'A',[71],2,[1],1,6,[7],1,0},{'R',[1],1,[1],0},{'A',[7],1,[1],0,3,[-1],0,0}}
</graph>
<graph>
{{'A',[92],3,[5],2,3,[13],2,2},{'A',[218],3,[5],2,1,[13],2,4},{'A',[165],3,[5],2,0,[5],2,5},{'A',[5],2,[1],1,0,[1],1,2},{'A',[13],2,[7],1,1,[-1],1,0},{'R',[1],1,[1],0},{'A',[7],1,[1],0,3,[-1],0,0}}
</graph>
<merge>
30;132;50;218
</merge>
<merge>
156;129;173;165
</merge>
<merge>
57;151;81;92
</merge>