<graph>
{{'A',[2368],3,[9],2,5,[65],2,5},{'A',[772],3,[61],2,4,[-51],2,2},{'A',[1697],3,[51],2,5,[65],2,0},{'A',[2743],3,[39],2,6,[247],2,0},{'A',[3983],3,[31],2,0,[247],2,4},{'R',[31],2,[31],1},{'A',[9],2,[1],1,0,[1],1,3},{'A',[39],2,[5],1,3,[-1],1,0},{'A',[51],2,[5],1,2,[31],1,0},{'A',[61],2,[31],1,1,[-1],1,0},{'A',[65],2,[1],1,0,[1],1,6},{'A',[247],2,[31],1,3,[-1],1,0},{'R',[1],1,[1],0},{'A',[5],1,[1],0,0,[1],0,2},{'A',[31],1,[1],0,5,[-1],0,0}}
</graph>
<graph>
{{'A',[1944],3,[39],2,3,[51],2,5},{'A',[2120],3,[9],2,4,[247],2,3},{'A',[1191],3,[9],2,7,[39],2,0},{'A',[2369],3,[9],2,8,[65],2,0},{'A',[3513],3,[111],2,5,[-39],2,0},{'A',[9],2,[1],1,0,[1],1,3},{'A',[39],2,[5],1,3,[-1],1,0},{'A',[51],2,[5],1,2,[31],1,0},{'A',[65],2,[1],1,0,[1],1,6},{'A',[111],2,[5],1,4,[31],1,0},{'A',[247],2,[31],1,3,[-1],1,0},{'R',[1],1,[1],0},{'A',[5],1,[1],0,0,[1],0,2},{'A',[31],1,[1],0,5,[-1],0,0}}
</graph>
<graph>
{{'A',[83],3,[9],2,4,[-61],2,0},{'A',[3416],3,[61],2,6,[-61],2,3},{'A',[3468],3,[51],2,2,[51],2,6},{'A',[2014],3,[31],2,1,[61],2,5},{'A',[2547],3,[39],2,6,[51],2,0},{'R',[31],2,[31],1},{'A',[9],2,[1],1,0,[1],1,3},{'A',[39],2,[5],1,3,[-1],1,0},{'A',[51],2,[5],1,2,[31],1,0},{'A',[61],2,[31],1,1,[-1],1,0},{'R',[1],1,[1],0},{'A',[5],1,[1],0,0,[1],0,2},{'A',[31],1,[1],0,5,[-1],0,0}}
</graph>
<merge>
1697;2120;83
</merge>
<merge>
3983;1944;3468
</merge>
<merge>
2743;2369;2547
</merge>
<merge>
772;3513;2014
</merge>
<merge>
2368;1191;3416
</merge>