<graph>
{{'A',[1758],3,[15],2,1,[27],2,6},{'A',[3426],3,[27],2,7,[-15],2,1},{'A',[1959],3,[85],2,1,[1789],2,0},{'A',[4067],3,[183],2,5,[-1789],2,0},{'A',[644],3,[15],2,5,[41],2,2},{'A',[15],2,[3],1,0,[3],1,2},{'A',[27],2,[3],1,0,[3],1,3},{'A',[41],2,[3],1,4,[-7],1,0},{'A',[85],2,[5],1,0,[5],1,4},{'A',[183],2,[3],1,6,[-9],1,0},{'A',[1789],2,[7],1,8,[-3],1,0},{'A',[3],1,[1],0,0,[1],0,1},{'A',[5],1,[1],0,0,[1],0,2},{'A',[7],1,[1],0,3,[-1],0,0},{'A',[9],1,[1],0,0,[1],0,3}}
</graph>
<graph>
{{'R',[183],3,[183],2},{'A',[336],3,[15],2,3,[27],2,3},{'A',[979],3,[15],2,6,[19],2,0},{'A',[2735],3,[15],2,0,[85],2,5},{'A',[2745],3,[183],2,4,[-183],2,0},{'A',[15],2,[3],1,0,[3],1,2},{'A',[19],2,[3],1,3,[-5],1,0},{'A',[27],2,[3],1,0,[3],1,3},{'A',[85],2,[5],1,0,[5],1,4},{'A',[183],2,[3],1,6,[-9],1,0},{'A',[3],1,[1],0,0,[1],0,1},{'A',[5],1,[1],0,0,[1],0,2},{'A',[9],1,[1],0,0,[1],0,3}}
</graph>
<graph>
{{'A',[322],3,[15],2,4,[41],2,1},{'A',[1398],3,[19],2,1,[85],2,4},{'A',[1033],3,[19],2,6,[-183],2,0},{'A',[1935],3,[15],2,0,[15],2,7},{'A',[2539],3,[41],2,6,[-85],2,0},{'A',[15],2,[3],1,0,[3],1,2},{'A',[19],2,[3],1,3,[-5],1,0},{'A',[41],2,[3],1,4,[-7],1,0},{'A',[85],2,[5],1,0,[5],1,4},{'A',[183],2,[3],1,6,[-9],1,0},{'A',[3],1,[1],0,0,[1],0,1},{'A',[5],1,[1],0,0,[1],0,2},{'A',[7],1,[1],0,3,[-1],0,0},{'A',[9],1,[1],0,0,[1],0,3}}
</graph>
<merge>
1758;336;1935
</merge>
<merge>
1959;979;1398
</merge>
<merge>
644;2735;1033
</merge>
<merge>
3426;183;2539
</merge>
<merge>
4067;2745;322
</merge>