Adder graph: {{'A',[-31,0],1,0,[1,0],0,0,[-1,0],0,5},{'A',[32,1],1,0,[1,0],0,5,[0,1],0,0},{'A',[-30,1],2,0,[32,1],1,0,[-31,0],1,1},{'O',[-30,1],2,[-30,1],2,0}}
Adder graph: {{'A',[-16,1],1,0,[0,1],0,0,[-1,0],0,4},{'A',[-2,1],1,0,[0,1],0,0,[-1,0],0,1},{'A',[-30,1],2,0,[-16,1],1,1,[2,-1],1,0},{'O',[-30,1],2,[-30,1],2,0}}
Adder graph: {{'A',[32,-1],1,0,[1,0],0,5,[0,-1],0,0},{'A',[1,0],1,0,[1,0],0,1,[-1,0],0,0},{'A',[30,-1],2,0,[32,-1],1,0,[-1,0],1,1},{'O',[-30,1],2,[-30,1],2,0}}
Adder graph: {{'A',[7,0],1,0,[1,0],0,3,[-1,0],0,0},{'A',[-2,1],1,0,[0,1],0,0,[-1,0],0,1},{'A',[30,-1],2,0,[7,0],1,2,[2,-1],1,0},{'O',[-30,1],2,[-30,1],2,0}}
Adder graph: {{'A',[-15,0],1,0,[1,0],0,0,[-1,0],0,4},{'A',[0,1],1,1,[0,1],0,0,[0,1],0,0},{'A',[-30,1],2,0,[0,1],1,0,[-15,0],1,1},{'O',[-30,1],2,[-30,1],2,0}}
Adder graph: {{'A',[2,1],1,0,[0,1],0,0,[1,0],0,1},{'A',[1,0],1,0,[1,0],0,1,[-1,0],0,0},{'A',[-30,1],2,0,[2,1],1,0,[-1,0],1,5},{'O',[-30,1],2,[-30,1],2,0}}
Finished solving after 0.2 seconds
Adder graph: {{'A',[2,1],1,0,[0,1],0,0,[1,0],0,1},{'A',[1,0],1,0,[1,0],0,1,[-1,0],0,0},{'A',[-30,1],2,0,[2,1],1,0,[-1,0],1,5},{'O',[-30,1],2,[-30,1],2,0}}
#Add optimal = 1
#FAs optimal = 1
