<graph>
{{'R',[392],3,[49],2,3},{'A',[95],3,[9],2,4,[-49],2,0},{'A',[3092],3,[49],2,6,[-11],2,2},{'A',[2114],3,[17],2,7,[-31],2,1},{'A',[3154],3,[9],2,1,[49],2,6},{'A',[9],2,[1],1,0,[1],1,3},{'A',[11],2,[1],1,3,[3],1,0},{'A',[17],2,[1],1,0,[1],1,4},{'A',[31],2,[1],1,5,[-1],1,0},{'A',[49],2,[1],1,0,[3],1,4},{'R',[1],1,[1],0},{'A',[3],1,[1],0,0,[1],0,1}}
</graph>
<graph>
{{'A',[127],3,[17],2,3,[-9],2,0},{'A',[405],3,[9],2,1,[387],2,0},{'A',[882],3,[49],2,1,[49],2,4},{'A',[3074],3,[387],2,3,[-11],2,1},{'A',[3965],3,[17],2,8,[-387],2,0},{'A',[9],2,[1],1,0,[1],1,3},{'A',[11],2,[1],1,3,[3],1,0},{'A',[17],2,[1],1,0,[1],1,4},{'A',[49],2,[1],1,0,[3],1,4},{'A',[387],2,[3],1,0,[3],1,7},{'R',[1],1,[1],0},{'A',[3],1,[1],0,0,[1],0,1}}
</graph>
<merge>
3154;882
</merge>
<merge>
392;3965
</merge>
<merge>
2114;127
</merge>
<merge>
95;3074
</merge>
<merge>
3092;405
</merge>