<graph>
{{'A',[231],3,[15],2,4,[-9],2,0},{'A',[623],3,[15],2,0,[19],2,5},{'A',[993],3,[9],2,0,[123],2,3},{'A',[9],2,[1],1,0,[1],1,3},{'A',[15],2,[1],1,4,[-1],1,0},{'A',[19],2,[5],1,2,[-1],1,0},{'A',[123],2,[1],1,7,[-5],1,0},{'R',[1],1,[1],0},{'A',[5],1,[1],0,0,[1],0,2}}
</graph>
<graph>
{{'A',[358],3,[19],2,2,[141],2,1},{'A',[614],3,[9],2,6,[19],2,1},{'A',[573],3,[9],2,0,[141],2,2},{'A',[9],2,[1],1,0,[1],1,3},{'A',[19],2,[5],1,2,[-1],1,0},{'A',[141],2,[5],1,0,[17],1,3},{'R',[1],1,[1],0},{'A',[5],1,[1],0,0,[1],0,2},{'A',[17],1,[1],0,0,[1],0,4}}
</graph>
<graph>
{{'A',[600],3,[9],2,2,[141],2,2},{'A',[540],3,[9],2,6,[-9],2,2},{'A',[699],3,[9],2,6,[123],2,0},{'A',[9],2,[1],1,0,[1],1,3},{'A',[123],2,[1],1,7,[-5],1,0},{'A',[141],2,[5],1,0,[17],1,3},{'R',[1],1,[1],0},{'A',[5],1,[1],0,0,[1],0,2},{'A',[17],1,[1],0,0,[1],0,4}}
</graph>
<graph>
{{'A',[301],3,[19],2,0,[141],2,1},{'A',[819],3,[15],2,6,[-141],2,0},{'A',[987],3,[141],2,3,[-141],2,0},{'A',[15],2,[1],1,4,[-1],1,0},{'A',[19],2,[5],1,2,[-1],1,0},{'A',[141],2,[5],1,0,[17],1,3},{'R',[1],1,[1],0},{'A',[5],1,[1],0,0,[1],0,2},{'A',[17],1,[1],0,0,[1],0,4}}
</graph>
<merge>
993;573;600;987
</merge>
<merge>
623;358;699;819
</merge>
<merge>
231;614;540;301
</merge>