Adder graph: {{'A',[-1,0,0,4,0,0,0,0],1,0,[0,0,0,1,0,0,0,0],0,2,[-1,0,0,0,0,0,0,0],0,0},{'A',[0,-1,0,0,0,0,2,0],1,0,[0,0,0,0,0,0,1,0],0,1,[0,-1,0,0,0,0,0,0],0,0},{'A',[-1,-1,0,4,0,0,2,0],2,0,[0,-1,0,0,0,0,2,0],1,0,[-1,0,0,4,0,0,0,0],1,0},{'A',[0,-1,-1,0,0,0,2,0],2,0,[0,-1,0,0,0,0,2,0],1,0,[0,0,-1,0,0,0,0,0],0,0},{'A',[0,0,0,0,4,0,0,-1],1,0,[0,0,0,0,1,0,0,0],0,2,[0,0,0,0,0,0,0,-1],0,0},{'A',[0,0,0,0,-4,1,0,1],2,0,[0,0,0,0,0,1,0,0],0,0,[0,0,0,0,-4,0,0,1],1,0},{'A',[-4,0,0,0,-4,1,0,1],3,0,[0,0,0,0,-4,1,0,1],2,0,[-1,0,0,0,0,0,0,0],0,2},{'A',[-4,0,0,0,-5,1,0,1],4,0,[-4,0,0,0,-4,1,0,1],3,0,[0,0,0,0,-1,0,0,0],0,0},{'A',[-8,-1,-1,0,-10,2,2,2],5,0,[0,-1,-1,0,0,0,2,0],2,0,[-4,0,0,0,-5,1,0,1],4,1},{'A',[-8,-1,15,0,-10,2,2,2],6,0,[-8,-1,-1,0,-10,2,2,2],5,0,[0,0,1,0,0,0,0,0],0,4},{'A',[4,1,-15,16,10,-2,-2,-2],7,0,[-1,0,0,4,0,0,0,0],1,2,[8,1,-15,0,10,-2,-2,-2],6,0},{'A',[-9,-3,30,-28,-20,4,6,4],8,0,[-1,-1,0,4,0,0,2,0],2,0,[-4,-1,15,-16,-10,2,2,2],7,1},{'O',[-9,-3,30,-28,-20,4,6,4],8,[-9,-3,30,-28,-20,4,6,4],8,0}}
Adder graph: {{'A',[0,0,0,0,-1,0,0,1],1,0,[0,0,0,0,0,0,0,1],0,0,[0,0,0,0,-1,0,0,0],0,0},{'A',[1,0,2,0,0,0,0,0],1,0,[1,0,0,0,0,0,0,0],0,0,[0,0,1,0,0,0,0,0],0,1},{'A',[1,0,-30,0,0,0,0,0],2,0,[1,0,2,0,0,0,0,0],1,0,[0,0,-1,0,0,0,0,0],0,5},{'A',[0,0,0,0,-1,1,0,1],2,0,[0,0,0,0,0,1,0,0],0,0,[0,0,0,0,-1,0,0,1],1,0},{'A',[9,0,-30,0,0,0,0,0],3,0,[1,0,-30,0,0,0,0,0],2,0,[1,0,0,0,0,0,0,0],0,3},{'A',[9,0,-30,0,4,-4,0,-4],4,0,[9,0,-30,0,0,0,0,0],3,0,[0,0,0,0,1,-1,0,-1],2,2},{'A',[0,-1,0,0,0,0,2,0],1,0,[0,0,0,0,0,0,1,0],0,1,[0,-1,0,0,0,0,0,0],0,0},{'A',[0,1,0,8,0,0,-2,0],2,0,[0,0,0,1,0,0,0,0],0,3,[0,1,0,0,0,0,-2,0],1,0},{'A',[-18,1,60,8,-8,8,-2,8],5,0,[0,1,0,8,0,0,-2,0],2,0,[-9,0,30,0,-4,4,0,4],4,1},{'A',[-18,-7,60,-56,-8,8,14,8],6,0,[-18,1,60,8,-8,8,-2,8],5,0,[0,-1,0,-8,0,0,2,0],2,3},{'A',[-18,-7,60,-56,-40,8,14,8],7,0,[-18,-7,60,-56,-8,8,14,8],6,0,[0,0,0,0,-1,0,0,0],0,5},{'A',[9,3,-30,28,20,-4,-6,-4],8,1,[0,-1,0,0,0,0,2,0],1,0,[18,7,-60,56,40,-8,-14,-8],7,0},{'O',[-9,-3,30,-28,-20,4,6,4],8,[-9,-3,30,-28,-20,4,6,4],8,0}}
Adder graph: {{'A',[0,0,0,0,-1,1,0,0],1,0,[0,0,0,0,0,1,0,0],0,0,[0,0,0,0,-1,0,0,0],0,0},{'A',[0,0,8,1,0,0,0,0],1,0,[0,0,1,0,0,0,0,0],0,3,[0,0,0,1,0,0,0,0],0,0},{'A',[0,0,-8,7,0,0,0,0],2,0,[0,0,0,1,0,0,0,0],0,3,[0,0,-8,-1,0,0,0,0],1,0},{'A',[0,1,0,0,0,0,-2,0],1,0,[0,1,0,0,0,0,0,0],0,0,[0,0,0,0,0,0,-1,0],0,1},{'A',[0,-1,0,0,0,0,2,1],2,0,[0,0,0,0,0,0,0,1],0,0,[0,-1,0,0,0,0,2,0],1,0},{'A',[8,-1,0,0,0,0,2,0],2,0,[1,0,0,0,0,0,0,0],0,3,[0,-1,0,0,0,0,2,0],1,0},{'A',[0,0,1,0,2,-2,0,0],2,0,[0,0,1,0,0,0,0,0],0,0,[0,0,0,0,1,-1,0,0],1,1},{'A',[8,-1,0,0,16,0,2,0],3,0,[0,0,0,0,1,0,0,0],0,4,[8,-1,0,0,0,0,2,0],2,0},{'A',[9,-1,0,0,16,0,2,0],4,0,[1,0,0,0,0,0,0,0],0,0,[8,-1,0,0,16,0,2,0],3,0},{'A',[9,-1,2,0,20,-4,2,0],5,0,[0,0,1,0,2,-2,0,0],2,1,[9,-1,0,0,16,0,2,0],4,0},{'A',[0,-1,8,-7,0,0,2,1],3,0,[0,-1,0,0,0,0,2,1],2,0,[0,0,8,-7,0,0,0,0],2,0},{'A',[9,3,-30,28,20,-4,-6,-4],6,0,[9,-1,2,0,20,-4,2,0],5,0,[0,1,-8,7,0,0,-2,-1],3,2},{'O',[-9,-3,30,-28,-20,4,6,4],6,[-9,-3,30,-28,-20,4,6,4],6,0}}
Adder graph: {{'A',[2,0,0,0,0,0,0,-1],1,0,[1,0,0,0,0,0,0,0],0,1,[0,0,0,0,0,0,0,-1],0,0},{'A',[0,1,0,0,-4,0,0,0],1,0,[0,1,0,0,0,0,0,0],0,0,[0,0,0,0,-1,0,0,0],0,2},{'A',[9,0,0,0,0,0,0,-4],2,0,[2,0,0,0,0,0,0,-1],1,2,[1,0,0,0,0,0,0,0],0,0},{'A',[0,-1,0,0,4,0,2,0],2,0,[0,0,0,0,0,0,1,0],0,1,[0,-1,0,0,4,0,0,0],1,0},{'A',[9,0,0,-4,0,0,0,-4],3,0,[9,0,0,0,0,0,0,-4],2,0,[0,0,0,-1,0,0,0,0],0,2},{'A',[0,1,1,0,-4,0,-2,0],3,0,[0,0,1,0,0,0,0,0],0,0,[0,1,0,0,-4,0,-2,0],2,0},{'A',[0,-1,0,0,4,4,2,0],3,0,[0,0,0,0,0,1,0,0],0,2,[0,-1,0,0,4,0,2,0],2,0},{'A',[9,0,-32,-4,0,0,0,-4],4,0,[9,0,0,-4,0,0,0,-4],3,0,[0,0,-1,0,0,0,0,0],0,5},{'A',[9,2,-30,-4,-8,0,-4,-4],5,0,[9,0,-32,-4,0,0,0,-4],4,0,[0,1,1,0,-4,0,-2,0],3,1},{'A',[0,0,0,1,1,0,0,0],1,0,[0,0,0,0,1,0,0,0],0,0,[0,0,0,1,0,0,0,0],0,0},{'A',[9,3,-30,-4,-12,-4,-6,-4],6,0,[9,2,-30,-4,-8,0,-4,-4],5,0,[0,1,0,0,-4,-4,-2,0],3,0},{'A',[9,3,-30,28,20,-4,-6,-4],7,0,[9,3,-30,-4,-12,-4,-6,-4],6,0,[0,0,0,1,1,0,0,0],1,5},{'O',[-9,-3,30,-28,-20,4,6,4],7,[-9,-3,30,-28,-20,4,6,4],7,0}}
Adder graph: {{'A',[0,0,1,0,0,-2,0,0],1,0,[0,0,1,0,0,0,0,0],0,0,[0,0,0,0,0,-1,0,0],0,1},{'A',[0,1,0,0,0,0,-2,0],1,0,[0,1,0,0,0,0,0,0],0,0,[0,0,0,0,0,0,-1,0],0,1},{'A',[0,1,1,0,0,-2,-2,0],2,0,[0,1,0,0,0,0,-2,0],1,0,[0,0,1,0,0,-2,0,0],1,0},{'A',[0,3,2,0,0,-4,-6,0],3,0,[0,1,1,0,0,-2,-2,0],2,1,[0,1,0,0,0,0,-2,0],1,0},{'A',[1,3,2,0,0,-4,-6,0],4,0,[1,0,0,0,0,0,0,0],0,0,[0,3,2,0,0,-4,-6,0],3,0},{'A',[9,3,2,0,0,-4,-6,0],5,0,[1,3,2,0,0,-4,-6,0],4,0,[1,0,0,0,0,0,0,0],0,3},{'A',[0,0,1,-1,0,0,0,0],1,0,[0,0,1,0,0,0,0,0],0,0,[0,0,0,-1,0,0,0,0],0,0},{'A',[0,0,8,-8,0,0,0,1],2,0,[0,0,1,-1,0,0,0,0],1,3,[0,0,0,0,0,0,0,1],0,0},{'A',[0,0,0,0,5,0,0,0],1,0,[0,0,0,0,1,0,0,0],0,2,[0,0,0,0,1,0,0,0],0,0},{'A',[0,0,8,-8,-5,0,0,1],3,0,[0,0,8,-8,0,0,0,1],2,0,[0,0,0,0,-5,0,0,0],1,0},{'A',[9,3,2,-4,0,-4,-6,0],6,0,[9,3,2,0,0,-4,-6,0],5,0,[0,0,0,-1,0,0,0,0],0,2},{'A',[9,3,-30,28,20,-4,-6,-4],7,0,[9,3,2,-4,0,-4,-6,0],6,0,[0,0,-8,8,5,0,0,-1],3,2},{'O',[-9,-3,30,-28,-20,4,6,4],7,[-9,-3,30,-28,-20,4,6,4],7,0}}
Adder graph: {{'A',[0,0,0,2,1,0,0,0],1,0,[0,0,0,0,1,0,0,0],0,0,[0,0,0,1,0,0,0,0],0,1},{'A',[1,2,0,0,0,0,0,0],1,0,[1,0,0,0,0,0,0,0],0,0,[0,1,0,0,0,0,0,0],0,1},{'A',[1,2,0,0,0,0,-4,0],2,0,[1,2,0,0,0,0,0,0],1,0,[0,0,0,0,0,0,-1,0],0,2},{'A',[0,0,0,1,0,1,0,0],1,0,[0,0,0,1,0,0,0,0],0,0,[0,0,0,0,0,1,0,0],0,0},{'A',[0,0,0,0,1,0,0,-1],1,0,[0,0,0,0,1,0,0,0],0,0,[0,0,0,0,0,0,0,-1],0,0},{'A',[1,0,-4,0,0,0,0,0],1,0,[1,0,0,0,0,0,0,0],0,0,[0,0,-1,0,0,0,0,0],0,2},{'A',[-2,0,8,1,0,1,0,0],2,0,[0,0,0,1,0,1,0,0],1,0,[-1,0,4,0,0,0,0,0],1,1},{'A',[-15,0,60,8,0,8,0,0],3,0,[1,0,-4,0,0,0,0,0],1,0,[-2,0,8,1,0,1,0,0],2,3},{'A',[1,2,0,0,4,0,-4,-4],3,0,[0,0,0,0,1,0,0,-1],1,2,[1,2,0,0,0,0,-4,0],2,0},{'A',[3,6,0,0,8,0,-12,-8],4,0,[1,2,0,0,4,0,-4,-4],3,1,[1,2,0,0,0,0,-4,0],2,0},{'A',[18,6,-60,-8,8,-8,-12,-8],5,0,[3,6,0,0,8,0,-12,-8],4,0,[15,0,-60,-8,0,-8,0,0],3,0},{'A',[9,3,-30,28,20,-4,-6,-4],6,1,[18,6,-60,-8,8,-8,-12,-8],5,0,[0,0,0,2,1,0,0,0],1,5},{'O',[-9,-3,30,-28,-20,4,6,4],6,[-9,-3,30,-28,-20,4,6,4],6,0}}
Finished solving after 199102 seconds
Adder graph: {{'A',[0,0,0,2,1,0,0,0],1,0,[0,0,0,0,1,0,0,0],0,0,[0,0,0,1,0,0,0,0],0,1},{'A',[1,2,0,0,0,0,0,0],1,0,[1,0,0,0,0,0,0,0],0,0,[0,1,0,0,0,0,0,0],0,1},{'A',[1,2,0,0,0,0,-4,0],2,0,[1,2,0,0,0,0,0,0],1,0,[0,0,0,0,0,0,-1,0],0,2},{'A',[0,0,0,1,0,1,0,0],1,0,[0,0,0,1,0,0,0,0],0,0,[0,0,0,0,0,1,0,0],0,0},{'A',[0,0,0,0,1,0,0,-1],1,0,[0,0,0,0,1,0,0,0],0,0,[0,0,0,0,0,0,0,-1],0,0},{'A',[1,0,-4,0,0,0,0,0],1,0,[1,0,0,0,0,0,0,0],0,0,[0,0,-1,0,0,0,0,0],0,2},{'A',[-2,0,8,1,0,1,0,0],2,0,[0,0,0,1,0,1,0,0],1,0,[-1,0,4,0,0,0,0,0],1,1},{'A',[-15,0,60,8,0,8,0,0],3,0,[1,0,-4,0,0,0,0,0],1,0,[-2,0,8,1,0,1,0,0],2,3},{'A',[1,2,0,0,4,0,-4,-4],3,0,[0,0,0,0,1,0,0,-1],1,2,[1,2,0,0,0,0,-4,0],2,0},{'A',[3,6,0,0,8,0,-12,-8],4,0,[1,2,0,0,4,0,-4,-4],3,1,[1,2,0,0,0,0,-4,0],2,0},{'A',[18,6,-60,-8,8,-8,-12,-8],5,0,[3,6,0,0,8,0,-12,-8],4,0,[15,0,-60,-8,0,-8,0,0],3,0},{'A',[9,3,-30,28,20,-4,-6,-4],6,1,[18,6,-60,-8,8,-8,-12,-8],5,0,[0,0,0,2,1,0,0,0],1,5},{'O',[-9,-3,30,-28,-20,4,6,4],6,[-9,-3,30,-28,-20,4,6,4],6,0}}
#Add optimal = 0
#FAs optimal = 0
