Adder graph: {{'A',[0,0,0,-2,0,0,0,1],1,0,[0,0,0,0,0,0,0,1],0,0,[0,0,0,-1,0,0,0,0],0,1},{'A',[0,0,0,-2,2,0,0,1],2,0,[0,0,0,0,1,0,0,0],0,1,[0,0,0,-2,0,0,0,1],1,0},{'A',[0,0,8,2,-2,0,0,-1],3,0,[0,0,1,0,0,0,0,0],0,3,[0,0,0,2,-2,0,0,-1],2,0},{'A',[0,1,0,0,0,0,-1,0],1,0,[0,1,0,0,0,0,0,0],0,0,[0,0,0,0,0,0,-1,0],0,0},{'A',[-1,2,0,0,0,0,-2,0],2,0,[0,1,0,0,0,0,-1,0],1,1,[-1,0,0,0,0,0,0,0],0,0},{'A',[0,0,-8,-2,2,0,0,17],4,0,[0,0,0,0,0,0,0,1],0,4,[0,0,-8,-2,2,0,0,1],3,0},{'A',[-4,8,-8,-2,2,0,-8,17],5,0,[0,0,-8,-2,2,0,0,17],4,0,[-1,2,0,0,0,0,-2,0],2,2},{'A',[-4,8,-7,-2,2,0,-8,17],6,0,[-4,8,-8,-2,2,0,-8,17],5,0,[0,0,1,0,0,0,0,0],0,0},{'A',[0,2,0,0,-1,0,-2,0],2,0,[0,1,0,0,0,0,-1,0],1,1,[0,0,0,0,-1,0,0,0],0,0},{'A',[0,4,0,0,-2,-1,-4,0],3,0,[0,2,0,0,-1,0,-2,0],2,1,[0,0,0,0,0,-1,0,0],0,0},{'A',[4,24,7,2,-18,-8,-24,-17],7,0,[0,4,0,0,-2,-1,-4,0],3,3,[4,-8,7,2,-2,0,8,-17],6,0},{'O',[4,24,7,2,-18,-8,-24,-17],7,[4,24,7,2,-18,-8,-24,-17],7,0}}
Adder graph: {{'A',[0,-1,0,0,0,0,1,0],1,0,[0,0,0,0,0,0,1,0],0,0,[0,-1,0,0,0,0,0,0],0,0},{'A',[0,-1,0,0,0,-1,1,0],2,0,[0,-1,0,0,0,0,1,0],1,0,[0,0,0,0,0,-1,0,0],0,0},{'A',[0,-3,0,0,0,1,3,0],3,0,[0,-1,0,0,0,0,1,0],1,2,[0,1,0,0,0,1,-1,0],2,0},{'A',[-1,0,0,0,4,0,0,0],1,0,[0,0,0,0,1,0,0,0],0,2,[-1,0,0,0,0,0,0,0],0,0},{'A',[0,0,0,2,0,0,0,-1],1,0,[0,0,0,1,0,0,0,0],0,1,[0,0,0,0,0,0,0,-1],0,0},{'A',[-1,0,0,0,4,0,0,4],2,0,[0,0,0,0,0,0,0,1],0,2,[-1,0,0,0,4,0,0,0],1,0},{'A',[-1,0,-2,0,4,0,0,4],3,0,[-1,0,0,0,4,0,0,4],2,0,[0,0,-1,0,0,0,0,0],0,1},{'A',[0,-24,0,-2,0,8,24,1],4,0,[0,-3,0,0,0,1,3,0],3,3,[0,0,0,-2,0,0,0,1],1,0},{'A',[0,0,1,0,2,0,0,0],1,0,[0,0,0,0,1,0,0,0],0,1,[0,0,1,0,0,0,0,0],0,0},{'A',[-4,0,-7,0,18,0,0,16],4,0,[-1,0,-2,0,4,0,0,4],3,2,[0,0,1,0,2,0,0,0],1,0},{'A',[-4,-24,-7,-2,18,8,24,17],5,0,[-4,0,-7,0,18,0,0,16],4,0,[0,-24,0,-2,0,8,24,1],4,0},{'O',[4,24,7,2,-18,-8,-24,-17],5,[4,24,7,2,-18,-8,-24,-17],5,0}}
Adder graph: {{'A',[0,0,0,0,1,0,0,1],1,0,[0,0,0,0,1,0,0,0],0,0,[0,0,0,0,0,0,0,1],0,0},{'A',[0,0,1,0,-2,0,0,-2],2,0,[0,0,1,0,0,0,0,0],0,0,[0,0,0,0,-1,0,0,-1],1,1},{'A',[2,0,0,1,0,0,0,0],1,0,[1,0,0,0,0,0,0,0],0,1,[0,0,0,1,0,0,0,0],0,0},{'A',[4,0,-1,2,0,0,0,0],2,0,[2,0,0,1,0,0,0,0],1,1,[0,0,-1,0,0,0,0,0],0,0},{'A',[0,-1,0,0,0,0,1,0],1,0,[0,0,0,0,0,0,1,0],0,0,[0,-1,0,0,0,0,0,0],0,0},{'A',[0,-1,0,0,0,1,1,0],2,0,[0,-1,0,0,0,0,1,0],1,0,[0,0,0,0,0,1,0,0],0,0},{'A',[4,16,-1,2,0,0,-16,0],3,0,[4,0,-1,2,0,0,0,0],2,0,[0,1,0,0,0,0,-1,0],1,4},{'A',[0,-1,-1,0,2,1,1,2],3,0,[0,-1,0,0,0,1,1,0],2,0,[0,0,-1,0,2,0,0,2],2,0},{'A',[0,-8,-8,0,17,8,8,16],4,0,[0,-1,-1,0,2,1,1,2],3,3,[0,0,0,0,1,0,0,0],0,0},{'A',[0,-8,-8,0,18,8,8,17],5,0,[0,0,0,0,1,0,0,1],1,0,[0,-8,-8,0,17,8,8,16],4,0},{'A',[-4,-24,-7,-2,18,8,24,17],6,0,[0,-8,-8,0,18,8,8,17],5,0,[-4,-16,1,-2,0,0,16,0],3,0},{'O',[4,24,7,2,-18,-8,-24,-17],6,[4,24,7,2,-18,-8,-24,-17],6,0}}
Adder graph: {{'A',[0,-1,0,0,0,0,1,0],1,0,[0,0,0,0,0,0,1,0],0,0,[0,-1,0,0,0,0,0,0],0,0},{'A',[0,0,0,0,2,0,0,1],1,0,[0,0,0,0,0,0,0,1],0,0,[0,0,0,0,1,0,0,0],0,1},{'A',[1,0,2,0,0,0,0,0],1,0,[0,0,1,0,0,0,0,0],0,1,[1,0,0,0,0,0,0,0],0,0},{'A',[0,0,1,0,0,0,0,16],1,0,[0,0,1,0,0,0,0,0],0,0,[0,0,0,0,0,0,0,1],0,4},{'A',[0,0,0,0,2,8,0,1],2,0,[0,0,0,0,0,1,0,0],0,3,[0,0,0,0,2,0,0,1],1,0},{'A',[0,0,0,2,-2,-8,0,-1],3,0,[0,0,0,1,0,0,0,0],0,1,[0,0,0,0,-2,-8,0,-1],2,0},{'A',[1,-2,2,0,0,0,2,0],2,0,[0,-1,0,0,0,0,1,0],1,1,[1,0,2,0,0,0,0,0],1,0},{'A',[-1,-6,-2,0,0,0,6,0],3,0,[0,-1,0,0,0,0,1,0],1,3,[-1,2,-2,0,0,0,-2,0],2,0},{'A',[0,0,-1,2,-2,-8,0,-17],4,0,[0,0,0,2,-2,-8,0,-1],3,0,[0,0,-1,0,0,0,0,-16],1,0},{'A',[-1,-6,-2,0,4,0,6,0],4,0,[-1,-6,-2,0,0,0,6,0],3,0,[0,0,0,0,1,0,0,0],0,2},{'A',[-4,-24,-7,-2,18,8,24,17],5,0,[-1,-6,-2,0,4,0,6,0],4,2,[0,0,1,-2,2,8,0,17],4,0},{'O',[4,24,7,2,-18,-8,-24,-17],5,[4,24,7,2,-18,-8,-24,-17],5,0}}
Adder graph: {{'A',[0,0,1,-2,0,0,0,0],1,0,[0,0,1,0,0,0,0,0],0,0,[0,0,0,-1,0,0,0,0],0,1},{'A',[0,0,1,-2,16,0,0,0],2,0,[0,0,0,0,1,0,0,0],0,4,[0,0,1,-2,0,0,0,0],1,0},{'A',[0,0,-8,0,0,0,0,1],1,0,[0,0,0,0,0,0,0,1],0,0,[0,0,-1,0,0,0,0,0],0,3},{'A',[0,0,1,-2,18,0,0,0],3,0,[0,0,0,0,1,0,0,0],0,1,[0,0,1,-2,16,0,0,0],2,0},{'A',[0,-1,0,0,0,0,1,0],1,0,[0,0,0,0,0,0,1,0],0,0,[0,-1,0,0,0,0,0,0],0,0},{'A',[0,-32,-8,0,0,0,32,1],2,0,[0,0,-8,0,0,0,0,1],1,0,[0,-1,0,0,0,0,1,0],1,5},{'A',[0,-32,-8,0,0,0,32,17],3,0,[0,0,0,0,0,0,0,1],0,4,[0,-32,-8,0,0,0,32,1],2,0},{'A',[0,-32,-7,-2,18,0,32,17],4,0,[0,0,1,-2,18,0,0,0],3,0,[0,-32,-8,0,0,0,32,17],3,0},{'A',[1,-2,0,0,0,0,2,0],2,0,[0,-1,0,0,0,0,1,0],1,1,[1,0,0,0,0,0,0,0],0,0},{'A',[1,-2,0,0,0,-2,2,0],3,0,[1,-2,0,0,0,0,2,0],2,0,[0,0,0,0,0,-1,0,0],0,1},{'A',[-4,-24,-7,-2,18,8,24,17],5,0,[0,-32,-7,-2,18,0,32,17],4,0,[-1,2,0,0,0,2,-2,0],3,2},{'O',[4,24,7,2,-18,-8,-24,-17],5,[4,24,7,2,-18,-8,-24,-17],5,0}}
Adder graph: {{'A',[0,-1,0,0,0,0,1,0],1,0,[0,0,0,0,0,0,1,0],0,0,[0,-1,0,0,0,0,0,0],0,0},{'A',[0,0,0,0,16,0,0,1],1,0,[0,0,0,0,1,0,0,0],0,4,[0,0,0,0,0,0,0,1],0,0},{'A',[-4,0,1,0,0,0,0,0],1,0,[0,0,1,0,0,0,0,0],0,0,[-1,0,0,0,0,0,0,0],0,2},{'A',[-4,0,1,0,16,0,0,1],2,0,[0,0,0,0,16,0,0,1],1,0,[-4,0,1,0,0,0,0,0],1,0},{'A',[0,0,-1,0,0,1,0,0],1,0,[0,0,0,0,0,1,0,0],0,0,[0,0,-1,0,0,0,0,0],0,0},{'A',[0,1,-1,0,0,1,-1,0],2,0,[0,0,-1,0,0,1,0,0],1,0,[0,1,0,0,0,0,-1,0],1,0},{'A',[0,0,0,1,0,0,0,-8],1,0,[0,0,0,1,0,0,0,0],0,0,[0,0,0,0,0,0,0,-1],0,3},{'A',[-4,0,1,0,18,0,0,1],3,0,[0,0,0,0,1,0,0,0],0,1,[-4,0,1,0,16,0,0,1],2,0},{'A',[4,0,-1,2,-18,0,0,-17],4,0,[0,0,0,1,0,0,0,-8],1,1,[4,0,-1,0,-18,0,0,-1],3,0},{'A',[4,32,-1,2,-18,0,-32,-17],5,0,[4,0,-1,2,-18,0,0,-17],4,0,[0,1,0,0,0,0,-1,0],1,5},{'A',[4,24,7,2,-18,-8,-24,-17],6,0,[4,32,-1,2,-18,0,-32,-17],5,0,[0,-1,1,0,0,-1,1,0],2,3},{'O',[4,24,7,2,-18,-8,-24,-17],6,[4,24,7,2,-18,-8,-24,-17],6,0}}
Adder graph: {{'A',[0,-1,0,0,0,0,1,0],1,0,[0,0,0,0,0,0,1,0],0,0,[0,-1,0,0,0,0,0,0],0,0},{'A',[0,-1,0,0,0,-1,1,0],2,0,[0,-1,0,0,0,0,1,0],1,0,[0,0,0,0,0,-1,0,0],0,0},{'A',[0,0,0,2,0,0,0,-1],1,0,[0,0,0,1,0,0,0,0],0,1,[0,0,0,0,0,0,0,-1],0,0},{'A',[0,0,1,0,2,0,0,0],1,0,[0,0,0,0,1,0,0,0],0,1,[0,0,1,0,0,0,0,0],0,0},{'A',[0,3,0,0,0,-1,-3,0],3,0,[0,-1,0,0,0,-1,1,0],2,0,[0,1,0,0,0,0,-1,0],1,2},{'A',[0,0,1,-2,2,0,0,1],2,0,[0,0,1,0,2,0,0,0],1,0,[0,0,0,-2,0,0,0,1],1,0},{'A',[1,6,0,0,0,-2,-6,0],4,0,[1,0,0,0,0,0,0,0],0,0,[0,3,0,0,0,-1,-3,0],3,1},{'A',[0,0,-1,0,0,0,0,1],1,0,[0,0,0,0,0,0,0,1],0,0,[0,0,-1,0,0,0,0,0],0,0},{'A',[0,0,-15,-2,2,0,0,17],3,0,[0,0,1,-2,2,0,0,1],2,0,[0,0,-1,0,0,0,0,1],1,4},{'A',[-4,-24,-15,-2,2,8,24,17],5,0,[0,0,-15,-2,2,0,0,17],3,0,[-1,-6,0,0,0,2,6,0],4,2},{'A',[-4,-24,-7,-2,18,8,24,17],6,0,[0,0,1,0,2,0,0,0],1,3,[-4,-24,-15,-2,2,8,24,17],5,0},{'O',[4,24,7,2,-18,-8,-24,-17],6,[4,24,7,2,-18,-8,-24,-17],6,0}}
Adder graph: {{'A',[0,-1,0,0,0,0,1,0],1,0,[0,0,0,0,0,0,1,0],0,0,[0,-1,0,0,0,0,0,0],0,0},{'A',[-2,0,1,0,0,0,0,0],1,0,[0,0,1,0,0,0,0,0],0,0,[-1,0,0,0,0,0,0,0],0,1},{'A',[0,0,1,0,-2,0,0,0],1,0,[0,0,1,0,0,0,0,0],0,0,[0,0,0,0,-1,0,0,0],0,1},{'A',[0,0,0,-2,0,0,0,1],1,0,[0,0,0,0,0,0,0,1],0,0,[0,0,0,-1,0,0,0,0],0,1},{'A',[0,0,-1,-2,2,0,0,1],2,0,[0,0,0,-2,0,0,0,1],1,0,[0,0,-1,0,2,0,0,0],1,0},{'A',[0,0,1,0,-2,-1,0,0],2,0,[0,0,1,0,-2,0,0,0],1,0,[0,0,0,0,0,-1,0,0],0,0},{'A',[0,-1,1,0,-2,-1,1,0],3,0,[0,0,1,0,-2,-1,0,0],2,0,[0,-1,0,0,0,0,1,0],1,0},{'A',[-4,0,1,-2,2,0,0,1],3,0,[0,0,-1,-2,2,0,0,1],2,0,[-2,0,1,0,0,0,0,0],1,1},{'A',[-4,0,1,-2,2,0,0,17],4,0,[0,0,0,0,0,0,0,1],0,4,[-4,0,1,-2,2,0,0,1],3,0},{'A',[0,-3,-1,0,2,1,3,0],4,0,[0,-1,0,0,0,0,1,0],1,2,[0,1,-1,0,2,1,-1,0],3,0},{'A',[-4,-24,-7,-2,18,8,24,17],5,0,[-4,0,1,-2,2,0,0,17],4,0,[0,-3,-1,0,2,1,3,0],4,3},{'O',[4,24,7,2,-18,-8,-24,-17],5,[4,24,7,2,-18,-8,-24,-17],5,0}}
Finished solving after 144427 seconds
Adder graph: {{'A',[0,-1,0,0,0,0,1,0],1,0,[0,0,0,0,0,0,1,0],0,0,[0,-1,0,0,0,0,0,0],0,0},{'A',[-2,0,1,0,0,0,0,0],1,0,[0,0,1,0,0,0,0,0],0,0,[-1,0,0,0,0,0,0,0],0,1},{'A',[0,0,1,0,-2,0,0,0],1,0,[0,0,1,0,0,0,0,0],0,0,[0,0,0,0,-1,0,0,0],0,1},{'A',[0,0,0,-2,0,0,0,1],1,0,[0,0,0,0,0,0,0,1],0,0,[0,0,0,-1,0,0,0,0],0,1},{'A',[0,0,-1,-2,2,0,0,1],2,0,[0,0,0,-2,0,0,0,1],1,0,[0,0,-1,0,2,0,0,0],1,0},{'A',[0,0,1,0,-2,-1,0,0],2,0,[0,0,1,0,-2,0,0,0],1,0,[0,0,0,0,0,-1,0,0],0,0},{'A',[0,-1,1,0,-2,-1,1,0],3,0,[0,0,1,0,-2,-1,0,0],2,0,[0,-1,0,0,0,0,1,0],1,0},{'A',[-4,0,1,-2,2,0,0,1],3,0,[0,0,-1,-2,2,0,0,1],2,0,[-2,0,1,0,0,0,0,0],1,1},{'A',[-4,0,1,-2,2,0,0,17],4,0,[0,0,0,0,0,0,0,1],0,4,[-4,0,1,-2,2,0,0,1],3,0},{'A',[0,-3,-1,0,2,1,3,0],4,0,[0,-1,0,0,0,0,1,0],1,2,[0,1,-1,0,2,1,-1,0],3,0},{'A',[-4,-24,-7,-2,18,8,24,17],5,0,[-4,0,1,-2,2,0,0,17],4,0,[0,-3,-1,0,2,1,3,0],4,3},{'O',[4,24,7,2,-18,-8,-24,-17],5,[4,24,7,2,-18,-8,-24,-17],5,0}}
#Add optimal = 0
#FAs optimal = 0
