Adder graph: {{'A',[1,4],1,0,[1,0],0,0,[0,1],0,2},{'A',[1,20],2,0,[1,4],1,0,[0,1],0,4},{'A',[0,129],1,0,[0,1],0,7,[0,1],0,0},{'A',[64,-129],2,0,[1,0],0,6,[0,-129],1,0},{'A',[66,-121],3,0,[1,4],1,1,[64,-129],2,0},{'A',[17,84],3,0,[1,20],2,0,[1,4],1,4},{'A',[67,-101],4,0,[1,20],2,0,[66,-121],3,0},{'A',[101,67],5,0,[67,-101],4,0,[17,84],3,1},{'O',[-101,-67],5,[-101,-67],5,0},{'O',[67,-101],4,[67,-101],4,0}}
Adder graph: {{'A',[1,-1],1,0,[1,0],0,0,[0,-1],0,0},{'A',[9,-9],2,0,[1,-1],1,3,[1,-1],1,0},{'A',[23,9],3,0,[1,0],0,5,[-9,9],2,0},{'A',[23,11],4,0,[0,1],0,1,[23,9],3,0},{'A',[-5,-29],5,0,[9,-9],2,1,[-23,-11],4,0},{'A',[67,-101],6,0,[-5,-29],5,0,[9,-9],2,3},{'A',[9,23],3,0,[9,-9],2,0,[0,1],0,5},{'A',[101,67],5,0,[9,23],3,0,[23,11],4,2},{'O',[-101,-67],5,[-101,-67],5,0},{'O',[67,-101],6,[67,-101],6,0}}
Adder graph: {{'A',[1,1],1,0,[0,1],0,0,[1,0],0,0},{'A',[9,1],2,0,[1,1],1,0,[1,0],0,3},{'A',[-1,1],2,0,[1,1],1,0,[-1,0],0,1},{'A',[-65,-63],3,0,[-1,1],2,0,[-1,-1],1,6},{'A',[-101,-67],4,0,[-65,-63],3,0,[-9,-1],2,2},{'A',[-1,9],3,0,[-1,1],2,0,[0,1],0,3},{'A',[-17,25],4,0,[-1,1],2,4,[-1,9],3,0},{'A',[-67,101],5,0,[-17,25],4,2,[1,1],1,0},{'O',[-101,-67],4,[-101,-67],4,0},{'O',[67,-101],5,[67,-101],5,0}}
Adder graph: {{'A',[-1,1],1,0,[0,1],0,0,[-1,0],0,0},{'A',[-129,1],2,0,[-1,1],1,0,[-1,0],0,7},{'A',[1,1],2,0,[0,1],0,1,[1,-1],1,0},{'A',[-7,1],3,0,[1,1],2,0,[-1,0],0,3},{'A',[-7,17],4,0,[0,1],0,4,[-7,1],3,0},{'A',[-39,33],4,0,[-7,1],3,0,[-1,1],1,5},{'A',[-101,-67],5,0,[-129,1],2,0,[7,-17],4,2},{'A',[-67,101],5,0,[-39,33],4,0,[-7,17],4,2},{'O',[-101,-67],5,[-101,-67],5,0},{'O',[67,-101],5,[67,-101],5,0}}
Adder graph: {{'A',[1,-1],1,0,[1,0],0,0,[0,-1],0,0},{'A',[1,1],2,0,[0,1],0,1,[1,-1],1,0},{'A',[3,2],3,0,[1,1],2,1,[1,0],0,0},{'A',[1,33],3,0,[1,1],2,0,[0,1],0,5},{'A',[17,-17],2,0,[1,-1],1,0,[1,-1],1,4},{'A',[5,3],3,0,[1,-1],1,0,[1,1],2,2},{'A',[101,67],4,0,[5,3],3,0,[3,2],3,5},{'A',[-67,101],4,0,[1,33],3,0,[-17,17],2,2},{'O',[-101,-67],4,[-101,-67],4,0},{'O',[67,-101],4,[67,-101],4,0}}
Adder graph: {{'A',[1,1],1,0,[1,0],0,0,[0,1],0,0},{'A',[3,2],2,0,[1,0],0,0,[1,1],1,1},{'A',[-5,-3],3,0,[1,1],1,0,[-3,-2],2,1},{'A',[-101,-67],4,0,[-5,-3],3,0,[-3,-2],2,5},{'A',[-1,1],1,0,[0,1],0,0,[-1,0],0,0},{'A',[-3,5],2,0,[1,1],1,0,[-1,1],1,2},{'A',[-3,37],3,0,[0,1],0,5,[-3,5],2,0},{'A',[-67,101],4,0,[-3,37],3,0,[-1,1],1,6},{'O',[-101,-67],4,[-101,-67],4,0},{'O',[67,-101],4,[67,-101],4,0}}
Adder graph: {{'A',[1,-1],1,0,[1,0],0,0,[0,-1],0,0},{'A',[-1,-1],2,0,[1,-1],1,0,[-1,0],0,1},{'A',[-1,-33],3,0,[-1,-1],2,0,[0,-1],0,5},{'A',[5,3],3,0,[1,-1],1,0,[1,1],2,2},{'A',[37,3],4,0,[5,3],3,0,[1,0],0,5},{'A',[101,67],5,0,[37,3],4,0,[1,1],2,6},{'A',[3,-37],4,0,[-1,-33],3,0,[1,-1],1,2},{'A',[67,-101],5,0,[3,-37],4,0,[1,-1],1,6},{'O',[-101,-67],5,[-101,-67],5,0},{'O',[67,-101],5,[67,-101],5,0}}
Adder graph: {{'A',[-1,1],1,0,[0,1],0,0,[-1,0],0,0},{'A',[-33,1],2,0,[-1,1],1,0,[-1,0],0,5},{'A',[1,1],2,0,[1,0],0,1,[-1,1],1,0},{'A',[-37,-3],3,0,[-33,1],2,0,[-1,-1],2,2},{'A',[-101,-67],4,0,[-37,-3],3,0,[-1,-1],2,6},{'A',[-3,5],3,0,[1,1],2,0,[-1,1],1,2},{'A',[-3,37],4,0,[0,1],0,5,[-3,5],3,0},{'A',[-67,101],5,0,[-1,1],1,6,[-3,37],4,0},{'O',[-101,-67],4,[-101,-67],4,0},{'O',[67,-101],5,[67,-101],5,0}}
Adder graph: {{'A',[-1,1],1,0,[0,1],0,0,[-1,0],0,0},{'A',[-1,-1],2,0,[-1,1],1,0,[0,-1],0,1},{'A',[-5,-3],3,0,[-1,1],1,0,[-1,-1],2,2},{'A',[3,-5],3,0,[-1,-1],2,0,[1,-1],1,2},{'A',[-37,-3],4,0,[-5,-3],3,0,[-1,0],0,5},{'A',[-101,-67],5,0,[-1,-1],2,6,[-37,-3],4,0},{'A',[3,-37],4,0,[3,-5],3,0,[0,-1],0,5},{'A',[67,-101],5,0,[3,-37],4,0,[1,-1],1,6},{'O',[-101,-67],5,[-101,-67],5,0},{'O',[67,-101],5,[67,-101],5,0}}
Adder graph: {{'A',[1,1],1,0,[0,1],0,0,[1,0],0,0},{'A',[1,-1],2,0,[1,1],1,0,[0,-1],0,1},{'A',[5,3],3,0,[1,-1],2,0,[1,1],1,2},{'A',[37,3],4,0,[5,3],3,0,[1,0],0,5},{'A',[-3,5],3,0,[1,1],1,0,[-1,1],2,2},{'A',[-3,37],4,0,[-3,5],3,0,[0,1],0,5},{'A',[101,67],5,0,[1,1],1,6,[37,3],4,0},{'A',[-67,101],5,0,[-3,37],4,0,[-1,1],2,6},{'O',[-101,-67],5,[-101,-67],5,0},{'O',[67,-101],5,[67,-101],5,0}}
Finished solving after 96585.4 seconds
Adder graph: {{'A',[1,1],1,0,[0,1],0,0,[1,0],0,0},{'A',[1,-1],2,0,[1,1],1,0,[0,-1],0,1},{'A',[5,3],3,0,[1,-1],2,0,[1,1],1,2},{'A',[37,3],4,0,[5,3],3,0,[1,0],0,5},{'A',[-3,5],3,0,[1,1],1,0,[-1,1],2,2},{'A',[-3,37],4,0,[-3,5],3,0,[0,1],0,5},{'A',[101,67],5,0,[1,1],1,6,[37,3],4,0},{'A',[-67,101],5,0,[-3,37],4,0,[-1,1],2,6},{'O',[-101,-67],5,[-101,-67],5,0},{'O',[67,-101],5,[67,-101],5,0}}
#Add optimal = 0
#FAs optimal = 0
