Adder graph: {{'A',[-4,1],1,0,[0,1],0,0,[-1,0],0,2},{'A',[33,-8],2,0,[1,0],0,0,[4,-1],1,3},{'A',[-16,5],2,0,[-4,1],1,2,[0,1],0,0},{'A',[0,9],1,0,[0,1],0,3,[0,1],0,0},{'A',[16,67],3,0,[0,9],1,3,[16,-5],2,0},{'A',[67,-16],3,0,[1,0],0,0,[33,-8],2,1},{'O',[-16,-67],3,[-16,-67],3,0},{'O',[67,-16],3,[67,-16],3,0}}
Adder graph: {{'A',[1,8],1,0,[1,0],0,0,[0,1],0,3},{'A',[-3,8],2,0,[1,8],1,0,[-1,0],0,2},{'A',[-8,1],1,0,[0,1],0,0,[-1,0],0,3},{'A',[-67,16],3,0,[-3,8],2,0,[-8,1],1,3},{'A',[16,63],2,0,[1,8],1,3,[8,-1],1,0},{'A',[16,67],3,0,[16,63],2,0,[0,1],0,2},{'O',[-16,-67],3,[-16,-67],3,0},{'O',[67,-16],3,[67,-16],3,0}}
Adder graph: {{'A',[8,1],1,0,[1,0],0,3,[0,1],0,0},{'A',[1,-8],1,0,[1,0],0,0,[0,-1],0,3},{'A',[65,0],1,0,[1,0],0,6,[1,0],0,0},{'A',[16,3],2,0,[0,1],0,0,[8,1],1,1},{'A',[67,-16],2,0,[65,0],1,0,[1,-8],1,1},{'A',[16,67],3,0,[0,1],0,6,[16,3],2,0},{'O',[-16,-67],3,[-16,-67],3,0},{'O',[67,-16],2,[67,-16],2,0}}
Adder graph: {{'A',[1,-4],1,0,[1,0],0,0,[0,-1],0,2},{'A',[-16,1],1,0,[0,1],0,0,[-1,0],0,4},{'A',[16,3],2,0,[0,1],0,2,[16,-1],1,0},{'A',[16,67],3,0,[0,1],0,6,[16,3],2,0},{'A',[-3,16],2,0,[1,0],0,0,[-1,4],1,2},{'A',[-67,16],3,0,[-3,16],2,0,[-1,0],0,6},{'O',[-16,-67],3,[-16,-67],3,0},{'O',[67,-16],3,[67,-16],3,0}}
Adder graph: {{'A',[-7,0],1,0,[1,0],0,0,[-1,0],0,3},{'A',[1,4],1,0,[0,1],0,2,[1,0],0,0},{'A',[0,-3],1,0,[0,1],0,0,[0,-1],0,2},{'A',[-16,-67],2,0,[0,-3],1,0,[-1,-4],1,4},{'A',[-3,16],2,0,[1,4],1,2,[-7,0],1,0},{'A',[-67,16],3,0,[-3,16],2,0,[-1,0],0,6},{'O',[-16,-67],2,[-16,-67],2,0},{'O',[67,-16],3,[67,-16],3,0}}
Adder graph: {{'A',[3,0],1,0,[1,0],0,0,[1,0],0,1},{'A',[0,-3],1,0,[0,1],0,0,[0,-1],0,2},{'A',[3,-16],2,0,[3,0],1,0,[0,-1],0,4},{'A',[1,4],1,0,[1,0],0,0,[0,1],0,2},{'A',[67,-16],3,0,[3,-16],2,0,[1,0],0,6},{'A',[-16,-67],2,0,[0,-3],1,0,[-1,-4],1,4},{'O',[-16,-67],2,[-16,-67],2,0},{'O',[67,-16],3,[67,-16],3,0}}
Adder graph: {{'A',[0,-3],1,0,[0,1],0,0,[0,-1],0,2},{'A',[-16,-3],2,0,[0,-3],1,0,[-1,0],0,4},{'A',[-3,0],1,0,[1,0],0,0,[-1,0],0,2},{'A',[-16,-67],3,0,[-16,-3],2,0,[0,-1],0,6},{'A',[-3,16],2,0,[0,1],0,4,[-3,0],1,0},{'A',[-67,16],3,0,[-3,16],2,0,[-1,0],0,6},{'O',[-16,-67],3,[-16,-67],3,0},{'O',[67,-16],3,[67,-16],3,0}}
Finished solving after 423.882 seconds
Adder graph: {{'A',[0,-3],1,0,[0,1],0,0,[0,-1],0,2},{'A',[-16,-3],2,0,[0,-3],1,0,[-1,0],0,4},{'A',[-3,0],1,0,[1,0],0,0,[-1,0],0,2},{'A',[-16,-67],3,0,[-16,-3],2,0,[0,-1],0,6},{'A',[-3,16],2,0,[0,1],0,4,[-3,0],1,0},{'A',[-67,16],3,0,[-3,16],2,0,[-1,0],0,6},{'O',[-16,-67],3,[-16,-67],3,0},{'O',[67,-16],3,[67,-16],3,0}}
#Add optimal = 1
#FAs optimal = 1
