Adder graph: {{'A',[1,4],1,0,[0,1],0,2,[1,0],0,0},{'A',[-15,4],2,0,[1,4],1,0,[-1,0],0,4},{'A',[-2,1],1,0,[0,1],0,0,[-1,0],0,1},{'A',[-32,9],3,0,[-15,4],2,1,[-2,1],1,0},{'A',[-79,22],4,0,[-15,4],2,0,[-32,9],3,1},{'A',[5,20],2,0,[1,4],1,2,[1,4],1,0},{'A',[22,79],3,0,[5,20],2,2,[2,-1],1,0},{'O',[-22,-79],3,[-22,-79],3,0},{'O',[79,-22],4,[79,-22],4,0}}
Adder graph: {{'A',[1,-2],1,0,[1,0],0,0,[0,-1],0,1},{'A',[-31,-2],2,0,[1,-2],1,0,[-1,0],0,5},{'A',[3,2],2,0,[1,0],0,2,[-1,2],1,0},{'A',[-45,-30],3,0,[3,2],2,0,[-3,-2],2,4},{'A',[-22,-15],4,1,[1,0],0,0,[-45,-30],3,0},{'A',[-22,-79],5,0,[-22,-15],4,0,[0,-1],0,6},{'A',[79,-22],4,0,[-45,-30],3,0,[31,2],2,2},{'O',[-22,-79],5,[-22,-79],5,0},{'O',[79,-22],4,[79,-22],4,0}}
Adder graph: {{'A',[1,-2],1,0,[1,0],0,0,[0,-1],0,1},{'A',[1,-10],2,0,[1,-2],1,0,[0,-1],0,3},{'A',[5,-2],2,0,[1,-2],1,0,[1,0],0,2},{'A',[3,10],3,0,[1,0],0,2,[-1,10],2,0},{'A',[2,1],1,0,[1,0],0,1,[0,1],0,0},{'A',[-79,22],3,0,[1,-10],2,0,[-5,2],2,4},{'A',[22,79],4,0,[3,10],3,3,[-2,-1],1,0},{'O',[-22,-79],4,[-22,-79],4,0},{'O',[79,-22],3,[79,-22],3,0}}
Adder graph: {{'A',[8,1],1,0,[0,1],0,0,[1,0],0,3},{'A',[1,-2],1,0,[1,0],0,0,[0,-1],0,1},{'A',[10,-3],2,0,[1,-2],1,1,[8,1],1,0},{'A',[0,9],1,0,[0,1],0,0,[0,1],0,3},{'A',[-22,-7],3,0,[10,-3],2,0,[-8,-1],1,2},{'A',[-79,22],3,0,[1,-2],1,0,[-10,3],2,3},{'A',[-22,-79],4,0,[-22,-7],3,0,[0,-9],1,3},{'O',[-22,-79],4,[-22,-79],4,0},{'O',[79,-22],3,[79,-22],3,0}}
Adder graph: {{'A',[1,-8],1,0,[1,0],0,0,[0,-1],0,3},{'A',[5,-8],2,0,[1,-8],1,0,[1,0],0,2},{'A',[-32,1],1,0,[0,1],0,0,[-1,0],0,5},{'A',[-22,-15],3,0,[5,-8],2,1,[-32,1],1,0},{'A',[-22,-79],4,0,[-22,-15],3,0,[0,-1],0,6},{'A',[42,-15],4,0,[-22,-15],3,0,[1,0],0,6},{'A',[-79,22],5,0,[5,-8],2,0,[-42,15],4,1},{'O',[-22,-79],4,[-22,-79],4,0},{'O',[79,-22],5,[79,-22],5,0}}
Adder graph: {{'A',[1,-2],1,0,[1,0],0,0,[0,-1],0,1},{'A',[2,1],1,0,[0,1],0,0,[1,0],0,1},{'A',[2,5],2,0,[2,1],1,0,[0,1],0,2},{'A',[10,1],2,0,[1,0],0,3,[2,1],1,0},{'A',[1,30],2,0,[0,1],0,5,[1,-2],1,0},{'A',[79,-22],3,0,[10,1],2,3,[-1,-30],2,0},{'A',[-22,-79],3,0,[10,1],2,0,[-2,-5],2,4},{'O',[-22,-79],3,[-22,-79],3,0},{'O',[79,-22],3,[79,-22],3,0}}
Adder graph: {{'A',[2,1],1,0,[0,1],0,0,[1,0],0,1},{'A',[10,1],2,0,[2,1],1,0,[1,0],0,3},{'A',[10,-63],3,0,[10,1],2,0,[0,-1],0,6},{'A',[1,-2],1,0,[1,0],0,0,[0,-1],0,1},{'A',[-22,-79],4,0,[10,-63],3,0,[-2,-1],1,4},{'A',[1,30],2,0,[1,-2],1,0,[0,1],0,5},{'A',[-79,22],3,0,[1,30],2,0,[-10,-1],2,3},{'O',[-22,-79],4,[-22,-79],4,0},{'O',[79,-22],3,[79,-22],3,0}}
Adder graph: {{'A',[1,-2],1,0,[1,0],0,0,[0,-1],0,1},{'A',[2,1],1,0,[0,1],0,0,[1,0],0,1},{'A',[1,30],2,0,[1,-2],1,0,[0,1],0,5},{'A',[10,1],2,0,[2,1],1,0,[1,0],0,3},{'A',[-22,-15],3,0,[10,1],2,0,[-2,-1],1,4},{'A',[-79,22],3,0,[1,30],2,0,[-10,-1],2,3},{'A',[-22,-79],4,0,[-22,-15],3,0,[0,-1],0,6},{'O',[-22,-79],4,[-22,-79],4,0},{'O',[79,-22],3,[79,-22],3,0}}
Finished solving after 56693.9 seconds
Adder graph: {{'A',[1,-2],1,0,[1,0],0,0,[0,-1],0,1},{'A',[2,1],1,0,[0,1],0,0,[1,0],0,1},{'A',[1,30],2,0,[1,-2],1,0,[0,1],0,5},{'A',[10,1],2,0,[2,1],1,0,[1,0],0,3},{'A',[-22,-15],3,0,[10,1],2,0,[-2,-1],1,4},{'A',[-79,22],3,0,[1,30],2,0,[-10,-1],2,3},{'A',[-22,-79],4,0,[-22,-15],3,0,[0,-1],0,6},{'O',[-22,-79],4,[-22,-79],4,0},{'O',[79,-22],3,[79,-22],3,0}}
#Add optimal = 1
#FAs optimal = 0
