Adder graph: {{'A',[-1,1],1,0,[0,1],0,0,[-1,0],0,0},{'A',[-17,1],2,0,[-1,1],1,0,[-1,0],0,4},{'A',[-1,5],2,0,[-1,1],1,0,[0,1],0,2},{'A',[-15,0],1,0,[1,0],0,0,[-1,0],0,4},{'A',[-1,-79],3,0,[-17,1],2,0,[1,-5],2,4},{'A',[-1,-77],4,0,[0,1],0,1,[-1,-79],3,0},{'A',[-77,1],3,0,[-17,1],2,0,[-15,0],1,2},{'O',[-77,1],3,[-77,1],3,0},{'O',[-1,-77],4,[-1,-77],4,0}}
Adder graph: {{'A',[1,-1],1,0,[1,0],0,0,[0,-1],0,0},{'A',[3,1],2,0,[1,0],0,2,[-1,1],1,0},{'A',[1,31],2,0,[1,-1],1,0,[0,1],0,5},{'A',[-13,1],3,0,[3,1],2,0,[-1,0],0,4},{'A',[2,-30],3,0,[3,1],2,0,[-1,-31],2,0},{'A',[-77,1],4,0,[-13,1],3,0,[-1,0],0,6},{'A',[-1,-77],4,1,[2,-30],3,0,[-1,-31],2,2},{'O',[-77,1],4,[-77,1],4,0},{'O',[-1,-77],4,[-1,-77],4,0}}
Adder graph: {{'A',[-1,1],1,0,[0,1],0,0,[-1,0],0,0},{'A',[-1,3],2,0,[-1,1],1,0,[0,1],0,1},{'A',[-65,1],2,0,[-1,1],1,0,[-1,0],0,6},{'A',[3,0],1,0,[1,0],0,1,[1,0],0,0},{'A',[77,-1],3,0,[3,0],1,2,[65,-1],2,0},{'A',[-1,-13],3,0,[-1,3],2,0,[0,-1],0,4},{'A',[-1,-77],4,0,[-1,-13],3,0,[0,-1],0,6},{'O',[-77,1],3,[-77,1],3,0},{'O',[-1,-77],4,[-1,-77],4,0}}
Adder graph: {{'A',[1,1],1,0,[1,0],0,0,[0,1],0,0},{'A',[5,0],1,0,[1,0],0,0,[1,0],0,2},{'A',[3,1],2,0,[1,1],1,0,[1,0],0,1},{'A',[1,5],2,0,[1,1],1,0,[0,1],0,2},{'A',[1,13],3,0,[1,5],2,0,[0,1],0,3},{'A',[-77,1],3,0,[3,1],2,0,[-5,0],1,4},{'A',[1,77],4,0,[1,13],3,0,[0,1],0,6},{'O',[-77,1],3,[-77,1],3,0},{'O',[-1,-77],4,[-1,-77],4,0}}
Adder graph: {{'A',[1,-1],1,0,[1,0],0,0,[0,-1],0,0},{'A',[-1,3],2,0,[0,1],0,1,[-1,1],1,0},{'A',[-1,-13],3,0,[-1,3],2,0,[0,-1],0,4},{'A',[3,0],1,0,[1,0],0,0,[1,0],0,1},{'A',[-1,-77],4,0,[-1,-13],3,0,[0,-1],0,6},{'A',[13,-1],2,0,[3,0],1,2,[1,-1],1,0},{'A',[77,-1],3,0,[13,-1],2,0,[1,0],0,6},{'O',[-77,1],3,[-77,1],3,0},{'O',[-1,-77],4,[-1,-77],4,0}}
Adder graph: {{'A',[1,1],1,0,[0,1],0,0,[1,0],0,0},{'A',[3,1],2,0,[1,0],0,1,[1,1],1,0},{'A',[-13,1],3,0,[3,1],2,0,[-1,0],0,4},{'A',[1,-3],2,0,[1,1],1,0,[0,-1],0,2},{'A',[-77,1],4,0,[-13,1],3,0,[-1,0],0,6},{'A',[0,5],1,0,[0,1],0,2,[0,1],0,0},{'A',[1,77],3,0,[1,-3],2,0,[0,5],1,4},{'O',[-77,1],4,[-77,1],4,0},{'O',[-1,-77],3,[-1,-77],3,0}}
Adder graph: {{'A',[-1,1],1,0,[0,1],0,0,[-1,0],0,0},{'A',[-1,3],2,0,[-1,1],1,0,[0,1],0,1},{'A',[3,1],2,0,[1,0],0,2,[-1,1],1,0},{'A',[-1,-13],3,0,[-1,3],2,0,[0,-1],0,4},{'A',[-1,-77],4,0,[-1,-13],3,0,[0,-1],0,6},{'A',[-61,1],3,0,[3,1],2,0,[-1,0],0,6},{'A',[-77,1],4,0,[-61,1],3,0,[-1,0],0,4},{'O',[-77,1],4,[-77,1],4,0},{'O',[-1,-77],4,[-1,-77],4,0}}
Adder graph: {{'A',[1,-1],1,0,[1,0],0,0,[0,-1],0,0},{'A',[-3,-1],2,0,[1,-1],1,0,[-1,0],0,2},{'A',[13,-1],3,0,[-3,-1],2,0,[1,0],0,4},{'A',[77,-1],4,0,[13,-1],3,0,[1,0],0,6},{'A',[1,-3],2,0,[1,-1],1,0,[0,-1],0,1},{'A',[1,13],3,0,[1,-3],2,0,[0,1],0,4},{'A',[1,77],4,0,[1,13],3,0,[0,1],0,6},{'O',[-77,1],4,[-77,1],4,0},{'O',[-1,-77],4,[-1,-77],4,0}}
Adder graph: {{'A',[-1,1],1,0,[0,1],0,0,[-1,0],0,0},{'A',[3,1],2,0,[-1,1],1,0,[1,0],0,2},{'A',[-13,1],3,0,[3,1],2,0,[-1,0],0,4},{'A',[-77,1],4,0,[-13,1],3,0,[-1,0],0,6},{'A',[-1,3],2,0,[-1,1],1,0,[0,1],0,1},{'A',[-1,-13],3,0,[-1,3],2,0,[0,-1],0,4},{'A',[-1,-77],4,0,[-1,-13],3,0,[0,-1],0,6},{'O',[-77,1],4,[-77,1],4,0},{'O',[-1,-77],4,[-1,-77],4,0}}
Finished solving after 33487.9 seconds
Adder graph: {{'A',[-1,1],1,0,[0,1],0,0,[-1,0],0,0},{'A',[3,1],2,0,[-1,1],1,0,[1,0],0,2},{'A',[-13,1],3,0,[3,1],2,0,[-1,0],0,4},{'A',[-77,1],4,0,[-13,1],3,0,[-1,0],0,6},{'A',[-1,3],2,0,[-1,1],1,0,[0,1],0,1},{'A',[-1,-13],3,0,[-1,3],2,0,[0,-1],0,4},{'A',[-1,-77],4,0,[-1,-13],3,0,[0,-1],0,6},{'O',[-77,1],4,[-77,1],4,0},{'O',[-1,-77],4,[-1,-77],4,0}}
#Add optimal = 1
#FAs optimal = 1
