Adder graph: {{'A',[-1,1],1,0,[0,1],0,0,[-1,0],0,0},{'A',[-33,1],2,0,[-1,1],1,0,[-1,0],0,5},{'A',[-1,-31],2,0,[-1,1],1,0,[0,-1],0,5},{'A',[-1,-30],3,0,[0,1],0,0,[-1,-31],2,0},{'A',[-41,1],3,0,[-33,1],2,0,[-1,0],0,3},{'A',[91,-3],4,0,[-41,1],3,0,[33,-1],2,2},{'A',[-3,-91],4,0,[-1,-30],3,1,[-1,-31],2,0},{'O',[-91,3],4,[-91,3],4,0},{'O',[3,91],4,[3,91],4,0}}
Adder graph: {{'A',[1,1],1,0,[1,0],0,0,[0,1],0,0},{'A',[1,9],2,0,[1,1],1,0,[0,1],0,3},{'A',[-31,1],2,0,[1,1],1,0,[-1,0],0,5},{'A',[-30,1],3,0,[-31,1],2,0,[1,0],0,0},{'A',[3,27],3,0,[1,9],2,2,[-1,-9],2,0},{'A',[-91,3],4,0,[-30,1],3,1,[-31,1],2,0},{'A',[3,91],4,0,[0,1],0,6,[3,27],3,0},{'O',[-91,3],4,[-91,3],4,0},{'O',[3,91],4,[3,91],4,0}}
Adder graph: {{'A',[-1,1],1,0,[0,1],0,0,[-1,0],0,0},{'A',[-1,-31],2,0,[-1,1],1,0,[0,-1],0,5},{'A',[-1,-33],3,0,[-1,-31],2,0,[0,-1],0,1},{'A',[-9,1],2,0,[-1,1],1,0,[-1,0],0,3},{'A',[-27,3],3,0,[-9,1],2,0,[-9,1],2,1},{'A',[3,91],4,0,[-1,-33],3,0,[1,31],2,2},{'A',[-91,3],4,0,[-27,3],3,0,[-1,0],0,6},{'O',[-91,3],4,[-91,3],4,0},{'O',[3,91],4,[3,91],4,0}}
Adder graph: {{'A',[1,4],1,0,[0,1],0,2,[1,0],0,0},{'A',[-7,0],1,0,[1,0],0,0,[-1,0],0,3},{'A',[1,3],2,0,[1,4],1,0,[0,-1],0,0},{'A',[-27,3],3,0,[1,3],2,0,[-7,0],1,2},{'A',[5,99],4,0,[-27,3],3,0,[1,3],2,5},{'A',[-3,-91],5,0,[1,4],1,1,[-5,-99],4,0},{'A',[-91,3],4,0,[-27,3],3,0,[-1,0],0,6},{'O',[-91,3],4,[-91,3],4,0},{'O',[3,91],5,[3,91],5,0}}
Adder graph: {{'A',[3,0],1,0,[1,0],0,2,[-1,0],0,0},{'A',[11,0],2,0,[3,0],1,0,[1,0],0,3},{'A',[0,3],1,0,[0,1],0,1,[0,1],0,0},{'A',[-3,3],2,0,[0,3],1,0,[-3,0],1,0},{'A',[-91,3],3,0,[-3,3],2,0,[-11,0],2,3},{'A',[-3,5],3,0,[-3,3],2,0,[0,1],0,1},{'A',[-3,-91],4,0,[-3,5],3,0,[0,-3],1,5},{'O',[-91,3],3,[-91,3],3,0},{'O',[3,91],4,[3,91],4,0}}
Adder graph: {{'A',[-4,1],1,0,[0,1],0,0,[-1,0],0,2},{'A',[-3,1],2,0,[1,0],0,0,[-4,1],1,0},{'A',[44,-15],3,0,[-4,1],1,0,[3,-1],2,4},{'A',[-3,5],3,0,[-3,1],2,0,[0,1],0,2},{'A',[-3,-27],4,0,[-3,5],3,0,[0,-1],0,5},{'A',[-91,3],5,0,[-3,-27],4,0,[-44,15],3,1},{'A',[-3,-91],5,0,[-3,-27],4,0,[0,-1],0,6},{'O',[-91,3],5,[-91,3],5,0},{'O',[3,91],5,[3,91],5,0}}
Adder graph: {{'A',[0,-3],1,0,[0,1],0,0,[0,-1],0,2},{'A',[-3,0],1,0,[1,0],0,0,[-1,0],0,2},{'A',[-11,0],2,0,[-3,0],1,0,[-1,0],0,3},{'A',[-3,3],2,0,[-3,0],1,0,[0,3],1,0},{'A',[-3,5],3,0,[0,1],0,1,[-3,3],2,0},{'A',[-91,3],3,0,[-3,3],2,0,[-11,0],2,3},{'A',[-3,-91],4,0,[0,-3],1,5,[-3,5],3,0},{'O',[-91,3],3,[-91,3],3,0},{'O',[3,91],4,[3,91],4,0}}
Adder graph: {{'A',[0,-3],1,0,[0,1],0,0,[0,-1],0,2},{'A',[-3,0],1,0,[1,0],0,0,[-1,0],0,2},{'A',[3,-3],2,0,[0,-3],1,0,[3,0],1,0},{'A',[-3,5],3,0,[0,1],0,1,[-3,3],2,0},{'A',[-5,-3],3,0,[3,-3],2,0,[-1,0],0,3},{'A',[-3,-91],4,0,[-3,5],3,0,[0,-3],1,5},{'A',[91,-3],4,0,[-5,-3],3,0,[3,0],1,5},{'O',[-91,3],4,[-91,3],4,0},{'O',[3,91],4,[3,91],4,0}}
Adder graph: {{'A',[-3,0],1,0,[1,0],0,0,[-1,0],0,2},{'A',[0,-3],1,0,[0,1],0,0,[0,-1],0,2},{'A',[-3,-3],2,0,[-3,0],1,0,[0,-3],1,0},{'A',[5,3],3,0,[1,0],0,1,[3,3],2,0},{'A',[-3,5],3,0,[-3,-3],2,0,[0,1],0,3},{'A',[-91,3],4,0,[5,3],3,0,[-3,0],1,5},{'A',[-3,-91],4,0,[-3,5],3,0,[0,-3],1,5},{'O',[-91,3],4,[-91,3],4,0},{'O',[3,91],4,[3,91],4,0}}
Adder graph: {{'A',[0,-3],1,0,[0,1],0,0,[0,-1],0,2},{'A',[-3,0],1,0,[1,0],0,0,[-1,0],0,2},{'A',[-3,3],2,0,[-3,0],1,0,[0,3],1,0},{'A',[-3,5],3,0,[-3,3],2,0,[0,1],0,1},{'A',[5,3],3,0,[-3,3],2,0,[1,0],0,3},{'A',[-91,3],4,0,[5,3],3,0,[-3,0],1,5},{'A',[-3,-91],4,0,[-3,5],3,0,[0,-3],1,5},{'O',[-91,3],4,[-91,3],4,0},{'O',[3,91],4,[3,91],4,0}}
Finished solving after 58612.8 seconds
Adder graph: {{'A',[0,-3],1,0,[0,1],0,0,[0,-1],0,2},{'A',[-3,0],1,0,[1,0],0,0,[-1,0],0,2},{'A',[-3,3],2,0,[-3,0],1,0,[0,3],1,0},{'A',[-3,5],3,0,[-3,3],2,0,[0,1],0,1},{'A',[5,3],3,0,[-3,3],2,0,[1,0],0,3},{'A',[-91,3],4,0,[5,3],3,0,[-3,0],1,5},{'A',[-3,-91],4,0,[-3,5],3,0,[0,-3],1,5},{'O',[-91,3],4,[-91,3],4,0},{'O',[3,91],4,[3,91],4,0}}
#Add optimal = 1
#FAs optimal = 0
