Adder graph: {{'A',[1,-1],1,0,[1,0],0,0,[0,-1],0,0},{'A',[17,-17],2,0,[1,-1],1,0,[1,-1],1,4},{'A',[19,-17],3,0,[1,0],0,1,[17,-17],2,0},{'A',[23,-17],4,0,[19,-17],3,0,[1,0],0,2},{'A',[23,-145],5,0,[23,-17],4,0,[0,-1],0,7},{'A',[69,77],6,0,[23,-17],4,2,[-23,145],5,0},{'A',[77,-69],4,0,[19,-17],3,2,[1,-1],1,0},{'O',[-77,69],4,[-77,69],4,0},{'O',[69,77],6,[69,77],6,0}}
Adder graph: {{'A',[1,1],1,0,[1,0],0,0,[0,1],0,0},{'A',[17,17],2,0,[1,1],1,0,[1,1],1,4},{'A',[17,19],3,0,[0,1],0,1,[17,17],2,0},{'A',[-8,1],1,0,[0,1],0,0,[-1,0],0,3},{'A',[-111,35],4,0,[17,19],3,0,[-8,1],1,4},{'A',[69,77],4,0,[17,19],3,2,[1,1],1,0},{'A',[-77,69],5,0,[-111,35],4,0,[17,17],2,1},{'O',[-77,69],5,[-77,69],5,0},{'O',[69,77],4,[69,77],4,0}}
Adder graph: {{'A',[1,-1],1,0,[1,0],0,0,[0,-1],0,0},{'A',[17,-17],2,0,[1,-1],1,0,[1,-1],1,4},{'A',[25,-17],3,0,[1,0],0,3,[17,-17],2,0},{'A',[25,47],4,0,[25,-17],3,0,[0,1],0,6},{'A',[19,-17],3,0,[1,0],0,1,[17,-17],2,0},{'A',[77,-69],4,0,[19,-17],3,2,[1,-1],1,0},{'A',[69,77],5,0,[19,-17],3,0,[25,47],4,1},{'O',[-77,69],4,[-77,69],4,0},{'O',[69,77],5,[69,77],5,0}}
Adder graph: {{'A',[1,1],1,0,[0,1],0,0,[1,0],0,0},{'A',[17,17],2,0,[1,1],1,0,[1,1],1,4},{'A',[69,69],3,0,[17,17],2,2,[1,1],1,0},{'A',[9,0],1,0,[1,0],0,0,[1,0],0,3},{'A',[69,77],4,0,[0,1],0,3,[69,69],3,0},{'A',[-59,69],4,0,[69,69],3,0,[-1,0],0,7},{'A',[-77,69],5,0,[-59,69],4,0,[-9,0],1,1},{'O',[-77,69],5,[-77,69],5,0},{'O',[69,77],4,[69,77],4,0}}
Adder graph: {{'A',[-1,1],1,0,[0,1],0,0,[-1,0],0,0},{'A',[-3,1],2,0,[-1,1],1,0,[-1,0],0,1},{'A',[-19,17],3,0,[-3,1],2,0,[-1,1],1,4},{'A',[-77,69],4,0,[-1,1],1,0,[-19,17],3,2},{'A',[-23,17],4,0,[-19,17],3,0,[-1,0],0,2},{'A',[-69,51],5,0,[-23,17],4,0,[-23,17],4,1},{'A',[-69,-77],6,0,[-69,51],5,0,[0,-1],0,7},{'O',[-77,69],4,[-77,69],4,0},{'O',[69,77],6,[69,77],6,0}}
Adder graph: {{'A',[1,1],1,0,[1,0],0,0,[0,1],0,0},{'A',[5,5],2,0,[1,1],1,0,[1,1],1,2},{'A',[9,0],1,0,[1,0],0,0,[1,0],0,3},{'A',[69,69],3,0,[5,5],2,0,[1,1],1,6},{'A',[69,77],4,0,[0,1],0,3,[69,69],3,0},{'A',[-51,-69],4,0,[9,0],1,1,[-69,-69],3,0},{'A',[77,-69],5,0,[-51,-69],4,0,[1,0],0,7},{'O',[-77,69],5,[-77,69],5,0},{'O',[69,77],4,[69,77],4,0}}
Adder graph: {{'A',[1,-1],1,0,[1,0],0,0,[0,-1],0,0},{'A',[5,-5],2,0,[1,-1],1,0,[1,-1],1,2},{'A',[69,-69],3,0,[5,-5],2,0,[1,-1],1,6},{'A',[0,9],1,0,[0,1],0,0,[0,1],0,3},{'A',[69,-51],4,0,[69,-69],3,0,[0,9],1,1},{'A',[77,-69],4,0,[69,-69],3,0,[1,0],0,3},{'A',[69,77],5,0,[69,-51],4,0,[0,1],0,7},{'O',[-77,69],4,[-77,69],4,0},{'O',[69,77],5,[69,77],5,0}}
Adder graph: {{'A',[1,-4],1,0,[1,0],0,0,[0,-1],0,2},{'A',[5,-4],2,0,[1,-4],1,0,[1,0],0,2},{'A',[5,-3],3,0,[0,1],0,0,[5,-4],2,0},{'A',[3,5],4,0,[5,-3],3,0,[-1,4],1,1},{'A',[21,-3],4,0,[5,-3],3,0,[1,0],0,4},{'A',[69,77],5,0,[21,-3],4,0,[3,5],4,4},{'A',[-77,69],5,0,[3,5],4,0,[-5,4],2,4},{'O',[-77,69],5,[-77,69],5,0},{'O',[69,77],5,[69,77],5,0}}
Finished solving after 54557.6 seconds
Adder graph: {{'A',[1,-4],1,0,[1,0],0,0,[0,-1],0,2},{'A',[5,-4],2,0,[1,-4],1,0,[1,0],0,2},{'A',[5,-3],3,0,[0,1],0,0,[5,-4],2,0},{'A',[3,5],4,0,[5,-3],3,0,[-1,4],1,1},{'A',[21,-3],4,0,[5,-3],3,0,[1,0],0,4},{'A',[69,77],5,0,[21,-3],4,0,[3,5],4,4},{'A',[-77,69],5,0,[3,5],4,0,[-5,4],2,4},{'O',[-77,69],5,[-77,69],5,0},{'O',[69,77],5,[69,77],5,0}}
#Add optimal = 1
#FAs optimal = 0
