Adder graph: {{'A',[8,1],1,0,[1,0],0,3,[0,1],0,0},{'A',[-1,16],1,0,[0,1],0,4,[-1,0],0,0},{'A',[-1,80],2,0,[-1,16],1,0,[0,1],0,6},{'A',[-9,80],3,0,[-1,80],2,0,[-1,0],0,3},{'A',[63,88],3,0,[-1,80],2,0,[8,1],1,3},{'A',[71,89],4,0,[8,1],1,0,[63,88],3,0},{'A',[-89,71],5,0,[-9,80],3,1,[-71,-89],4,0},{'O',[-89,71],5,[-89,71],5,0},{'O',[71,89],4,[71,89],4,0}}
Adder graph: {{'A',[1,1],1,0,[1,0],0,0,[0,1],0,0},{'A',[-1,1],2,0,[0,1],0,1,[-1,-1],1,0},{'A',[-1,17],3,0,[-1,1],2,0,[0,1],0,4},{'A',[9,9],2,0,[1,1],1,3,[1,1],1,0},{'A',[-73,55],3,0,[-1,1],2,6,[-9,-9],2,0},{'A',[71,89],4,0,[9,9],2,3,[-1,17],3,0},{'A',[-89,71],4,0,[-1,1],2,4,[-73,55],3,0},{'O',[-89,71],4,[-89,71],4,0},{'O',[71,89],4,[71,89],4,0}}
Adder graph: {{'A',[1,-1],1,0,[1,0],0,0,[0,-1],0,0},{'A',[5,-4],2,0,[1,0],0,0,[1,-1],1,2},{'A',[1,-17],2,0,[1,-1],1,0,[0,-1],0,4},{'A',[-79,47],3,0,[1,-17],2,0,[-5,4],2,4},{'A',[9,-7],3,0,[5,-4],2,1,[-1,1],1,0},{'A',[89,-71],4,0,[9,-7],3,0,[5,-4],2,4},{'A',[-71,-89],4,0,[-79,47],3,0,[1,-17],2,3},{'O',[-89,71],4,[-89,71],4,0},{'O',[71,89],4,[71,89],4,0}}
Adder graph: {{'A',[1,1],1,0,[1,0],0,0,[0,1],0,0},{'A',[4,5],2,0,[0,1],0,0,[1,1],1,2},{'A',[7,9],3,0,[4,5],2,1,[-1,-1],1,0},{'A',[71,89],4,0,[4,5],2,4,[7,9],3,0},{'A',[-9,9],4,0,[7,9],3,0,[-1,0],0,4},{'A',[17,1],2,0,[1,1],1,0,[1,0],0,4},{'A',[89,-71],5,0,[17,1],2,0,[9,-9],4,3},{'O',[-89,71],5,[-89,71],5,0},{'O',[71,89],4,[71,89],4,0}}
Adder graph: {{'A',[1,-1],1,0,[1,0],0,0,[0,-1],0,0},{'A',[1,1],2,0,[1,-1],1,0,[0,1],0,1},{'A',[5,-5],2,0,[1,-1],1,0,[1,-1],1,2},{'A',[9,9],3,0,[1,1],2,0,[1,1],2,3},{'A',[1,-17],2,0,[1,-1],1,0,[0,-1],0,4},{'A',[89,-71],4,0,[9,9],3,0,[5,-5],2,4},{'A',[-71,-89],4,0,[1,-17],2,0,[-9,-9],3,3},{'O',[-89,71],4,[-89,71],4,0},{'O',[71,89],4,[71,89],4,0}}
Adder graph: {{'A',[-1,1],1,0,[0,1],0,0,[-1,0],0,0},{'A',[-1,17],2,0,[0,1],0,4,[-1,1],1,0},{'A',[-1,-1],2,0,[-1,1],1,0,[0,-1],0,1},{'A',[-9,-9],3,0,[-1,-1],2,0,[-1,-1],2,3},{'A',[71,89],4,0,[-1,17],2,0,[9,9],3,3},{'A',[-25,7],4,0,[-9,-9],3,0,[-1,1],1,4},{'A',[-89,71],5,0,[-25,7],4,0,[-1,1],1,6},{'O',[-89,71],5,[-89,71],5,0},{'O',[71,89],4,[71,89],4,0}}
Adder graph: {{'A',[1,1],1,0,[1,0],0,0,[0,1],0,0},{'A',[17,1],2,0,[1,1],1,0,[1,0],0,4},{'A',[-1,1],2,0,[1,1],1,0,[-1,0],0,1},{'A',[-9,9],3,0,[-1,1],2,0,[-1,1],2,3},{'A',[7,25],4,0,[-9,9],3,0,[1,1],1,4},{'A',[71,89],5,0,[7,25],4,0,[1,1],1,6},{'A',[89,-71],4,0,[17,1],2,0,[9,-9],3,3},{'O',[-89,71],4,[-89,71],4,0},{'O',[71,89],5,[71,89],5,0}}
Finished solving after 57662.9 seconds
Adder graph: {{'A',[1,1],1,0,[1,0],0,0,[0,1],0,0},{'A',[17,1],2,0,[1,1],1,0,[1,0],0,4},{'A',[-1,1],2,0,[1,1],1,0,[-1,0],0,1},{'A',[-9,9],3,0,[-1,1],2,0,[-1,1],2,3},{'A',[7,25],4,0,[-9,9],3,0,[1,1],1,4},{'A',[71,89],5,0,[7,25],4,0,[1,1],1,6},{'A',[89,-71],4,0,[17,1],2,0,[9,-9],3,3},{'O',[-89,71],4,[-89,71],4,0},{'O',[71,89],5,[71,89],5,0}}
#Add optimal = 1
#FAs optimal = 0
