Adder graph: {{'A',[-1,2],1,0,[0,1],0,1,[-1,0],0,0},{'A',[31,2],2,0,[-1,2],1,0,[1,0],0,5},{'A',[31,-14],3,0,[31,2],2,0,[0,-1],0,4},{'A',[27,-14],4,0,[31,-14],3,0,[-1,0],0,2},{'A',[-93,-22],4,0,[31,-14],3,0,[-31,-2],2,2},{'A',[-93,-86],5,0,[-93,-22],4,0,[0,-1],0,6},{'A',[-32,65],2,0,[0,1],0,0,[-1,2],1,5},{'A',[86,-93],5,0,[27,-14],4,1,[32,-65],2,0},{'O',[86,-93],5,[86,-93],5,0},{'O',[93,86],5,[93,86],5,0}}
Adder graph: {{'A',[1,1],1,0,[0,1],0,0,[1,0],0,0},{'A',[-3,1],2,0,[1,1],1,0,[-1,0],0,2},{'A',[-5,2],3,0,[1,0],0,0,[-3,1],2,1},{'A',[-96,33],3,0,[0,1],0,0,[-3,1],2,5},{'A',[11,7],3,0,[1,1],1,3,[3,-1],2,0},{'A',[-5,-30],4,0,[-5,2],3,0,[0,-1],0,5},{'A',[-93,-86],5,0,[-5,-30],4,0,[-11,-7],3,3},{'A',[-86,93],5,0,[-96,33],3,0,[5,30],4,1},{'O',[86,-93],5,[86,-93],5,0},{'O',[93,86],5,[93,86],5,0}}
Adder graph: {{'A',[-3,0],1,0,[1,0],0,0,[-1,0],0,2},{'A',[-128,1],1,0,[0,1],0,0,[-1,0],0,7},{'A',[-3,-2],2,0,[-3,0],1,0,[0,-1],0,1},{'A',[-3,30],3,0,[-3,-2],2,0,[0,1],0,5},{'A',[3,-22],4,0,[0,1],0,3,[3,-30],3,0},{'A',[-93,-86],5,0,[3,-22],4,0,[-3,-2],2,5},{'A',[21,46],4,0,[-3,30],3,0,[3,2],2,3},{'A',[-86,93],5,0,[-128,1],1,0,[21,46],4,1},{'O',[86,-93],5,[86,-93],5,0},{'O',[93,86],5,[93,86],5,0}}
Adder graph: {{'A',[-2,1],1,0,[0,1],0,0,[-1,0],0,1},{'A',[3,-1],2,0,[1,0],0,0,[2,-1],1,0},{'A',[5,-2],2,0,[1,0],0,0,[2,-1],1,1},{'A',[69,-34],3,0,[5,-2],2,0,[2,-1],1,5},{'A',[3,15],3,0,[3,-1],2,0,[0,1],0,4},{'A',[93,86],4,0,[3,15],3,3,[69,-34],3,0},{'A',[10,61],4,0,[-2,1],1,0,[3,15],3,2},{'A',[-86,93],5,0,[10,61],4,0,[-3,1],2,5},{'O',[86,-93],5,[86,-93],5,0},{'O',[93,86],4,[93,86],4,0}}
Adder graph: {{'A',[0,-3],1,0,[0,1],0,0,[0,-1],0,2},{'A',[1,128],1,0,[1,0],0,0,[0,1],0,7},{'A',[2,-3],2,0,[0,-3],1,0,[1,0],0,1},{'A',[-30,-3],3,0,[2,-3],2,0,[-1,0],0,5},{'A',[-46,21],4,0,[-30,-3],3,0,[-2,3],2,3},{'A',[93,86],5,0,[1,128],1,0,[46,-21],4,1},{'A',[-22,-3],4,0,[1,0],0,3,[-30,-3],3,0},{'A',[-86,93],5,0,[-22,-3],4,0,[-2,3],2,5},{'O',[86,-93],5,[86,-93],5,0},{'O',[93,86],5,[93,86],5,0}}
Adder graph: {{'A',[1,1],1,0,[0,1],0,0,[1,0],0,0},{'A',[1,5],2,0,[1,1],1,0,[0,1],0,2},{'A',[3,10],3,0,[1,5],2,1,[1,0],0,0},{'A',[1,-3],2,0,[1,1],1,0,[0,-1],0,2},{'A',[35,-86],4,0,[3,10],3,0,[1,-3],2,5},{'A',[-93,-86],5,0,[35,-86],4,0,[-1,0],0,7},{'A',[43,-46],5,0,[35,-86],4,0,[1,5],2,3},{'A',[-86,93],6,0,[0,1],0,0,[-43,46],5,1},{'O',[86,-93],6,[86,-93],6,0},{'O',[93,86],5,[93,86],5,0}}
Adder graph: {{'A',[2,1],1,0,[0,1],0,0,[1,0],0,1},{'A',[-3,-2],2,0,[1,0],0,0,[-2,-1],1,1},{'A',[-3,-10],3,0,[-3,-2],2,0,[0,-1],0,3},{'A',[-6,-3],3,0,[-3,-2],2,1,[0,1],0,0},{'A',[5,-6],4,0,[-3,-10],3,0,[2,1],1,2},{'A',[-86,93],5,0,[-6,-3],3,0,[-5,6],4,4},{'A',[-3,22],4,0,[-3,-10],3,0,[0,1],0,5},{'A',[93,86],5,0,[-3,22],4,0,[3,2],2,5},{'O',[86,-93],5,[86,-93],5,0},{'O',[93,86],5,[93,86],5,0}}
Finished solving after 97444.1 seconds
Adder graph: {{'A',[2,1],1,0,[0,1],0,0,[1,0],0,1},{'A',[-3,-2],2,0,[1,0],0,0,[-2,-1],1,1},{'A',[-3,-10],3,0,[-3,-2],2,0,[0,-1],0,3},{'A',[-6,-3],3,0,[-3,-2],2,1,[0,1],0,0},{'A',[5,-6],4,0,[-3,-10],3,0,[2,1],1,2},{'A',[-86,93],5,0,[-6,-3],3,0,[-5,6],4,4},{'A',[-3,22],4,0,[-3,-10],3,0,[0,1],0,5},{'A',[93,86],5,0,[-3,22],4,0,[3,2],2,5},{'O',[86,-93],5,[86,-93],5,0},{'O',[93,86],5,[93,86],5,0}}
#Add optimal = 0
#FAs optimal = 0
