Adder graph: {{'A',[-15;17;17],1,[1;1;1],0,0,[-1;1;1],0,4},{'M',[8;1;16],1,[1;1;1],0,[3;0;4]},{'A',[-271;49;529],2,[-15;17;17],1,0,[-8;1;16],1,5},{'M',[1;4;4],1,[1;1;1],0,[0;2;2]},{'A',[-13;9;9],2,[-15;17;17],1,0,[1;-4;-4],1,1},{'M',[1;2;1],1,[1;1;1],0,[0;1;0]},{'M',[16;1;16],1,[1;1;1],0,[4;0;4]},{'A',[36;10;-28],2,[1;2;1],1,2,[16;1;-16],1,1},{'M',[1;128;2],1,[1;1;1],0,[0;7;1]},{'A',[-121;264;138],2,[-15;17;17],1,3,[-1;128;2],1,0},{'M',[128;1;32],1,[1;1;1],0,[7;0;5]},{'A',[-188;67;100],2,[-15;17;17],1,2,[-128;-1;32],1,0},{'M',[-271;67;9],3,[-271;49;529],2,[0;NaN;NaN],[-13;9;9],2,[NaN;NaN;0],[-188;67;100],2,[NaN;0;NaN]},{'M',[-121;288;288],3,[-13;9;9],2,[NaN;5;5],[-121;264;138],2,[0;NaN;NaN]},{'A',[-963;-20;-252],4,[-271;67;9],3,2,[121;-288;-288],3,0},{'M',[-13;1056;1058],3,[-271;49;529],2,[NaN;NaN;1],[-13;9;9],2,[0;NaN;NaN],[-121;264;138],2,[NaN;2;NaN]},{'M',[-52;67;200],3,[-13;9;9],2,[2;NaN;NaN],[-188;67;100],2,[NaN;0;1]},{'A',[91;922;658],4,[-13;1056;1058],3,0,[52;-67;-200],3,1},{'M',[-188;144;-448],3,[-13;9;9],2,[NaN;4;NaN],[36;10;-28],2,[NaN;NaN;4],[-188;67;100],2,[0;NaN;NaN]},{'M',[-752;67;1058],3,[-271;49;529],2,[NaN;NaN;1],[-188;67;100],2,[2;0;NaN]},{'A',[564;211;610],4,[-188;144;-448],3,0,[752;67;1058],3,0},{'M',[-13;1072;9],3,[-13;9;9],2,[0;NaN;0],[-188;67;100],2,[NaN;4;NaN]},{'M',[-968;264;200],3,[-121;264;138],2,[3;0;NaN],[-188;67;100],2,[NaN;NaN;1]},{'A',[955;808;209],4,[-13;1072;9],3,0,[968;-264;200],3,0},{'M',[-121;576;100],3,[-13;9;9],2,[NaN;6;NaN],[-121;264;138],2,[0;NaN;NaN],[-188;67;100],2,[NaN;NaN;0]},{'M',[576;10;-56],3,[36;10;-28],2,[4;0;1]},{'A',[455;566;156],4,[-121;576;100],3,0,[576;-10;56],3,0},{'O',[963;20;252],4,[963;20;252],4,0},{'O',[955;808;209],4,[955;808;209],4,0},{'O',[564;211;610],4,[564;211;610],4,0},{'O',[91;922;658],4,[91;922;658],4,0},{'O',[455;566;156],4,[455;566;156],4,0}}
Adder graph: {{'A',[7;9;9],1,[1;1;1],0,3,[-1;1;1],0,0},{'M',[1;1;128],1,[1;1;1],0,[0;0;7]},{'A',[29;-35;92],2,[1;1;128],1,0,[7;-9;-9],1,2},{'A',[62;62;62],1,[1;1;1],0,6,[-1;-1;-1],0,1},{'M',[62;496;248],2,[62;62;62],1,[0;3;2]},{'A',[91;461;156],3,[62;496;248],2,0,[29;-35;-92],2,0},{'A',[5;5;5],1,[1;1;1],0,0,[1;1;1],0,2},{'M',[64;1;8],1,[1;1;1],0,[6;0;3]},{'A',[1017;25;137],2,[64;1;8],1,4,[-7;9;9],1,0},{'M',[248;62;40],2,[62;62;62],1,[2;0;NaN],[5;5;5],1,[NaN;NaN;3]},{'A',[963;283;252],3,[248;62;40],2,2,[-29;35;92],2,0},{'M',[224;9;320],2,[7;9;9],1,[5;0;NaN],[5;5;5],1,[NaN;NaN;6]},{'M',[7;9;18],2,[7;9;9],1,[0;0;1]},{'A',[455;9;658],3,[224;9;320],2,1,[7;-9;18],2,0},{'M',[7;62;320],2,[7;9;9],1,[0;NaN;NaN],[62;62;62],1,[NaN;0;NaN],[5;5;5],1,[NaN;NaN;6]},{'A',[-109;202;-48],3,[7;62;320],2,0,[-29;35;-92],2,2},{'A',[564;211;610],4,[455;9;658],3,0,[109;202;-48],3,0},{'M',[62;20;72],2,[7;9;9],1,[NaN;NaN;3],[62;62;62],1,[0;NaN;NaN],[5;5;5],1,[NaN;2;NaN]},{'A',[955;5;209],3,[1017;25;137],2,0,[-62;-20;72],2,0},{'M',[963;20;252],4,[963;283;252],3,[0;NaN;0],[955;5;209],3,[NaN;2;NaN]},{'O',[963;20;252],4,[963;20;252],4,0},{'M',[955;808;209],4,[-109;202;-48],3,[NaN;2;NaN],[955;5;209],3,[0;NaN;0]},{'O',[955;808;209],4,[955;808;209],4,0},{'O',[564;211;610],4,[564;211;610],4,0},{'M',[91;922;658],4,[91;461;156],3,[0;1;NaN],[455;9;658],3,[NaN;NaN;0]},{'O',[91;922;658],4,[91;922;658],4,0},{'M',[455;566;156],4,[91;461;156],3,[NaN;NaN;0],[963;283;252],3,[NaN;1;NaN],[455;9;658],3,[0;NaN;NaN]},{'O',[455;566;156],4,[455;566;156],4,0}}
Adder graph: {{'M',[1;1;2],1,[1;1;1],0,[0;0;1]},{'M',[128;1;1],1,[1;1;1],0,[7;0;0]},{'A',[-7680;576;960],2,[1;1;2],1,9,[-128;1;-1],1,6},{'A',[15;17;17],1,[1;1;1],0,4,[-1;1;1],0,0},{'A',[5;3;5],1,[1;1;1],0,2,[1;-1;1],0,0},{'M',[1;32;8],1,[1;1;1],0,[0;5;3]},{'A',[121;104;144],2,[15;17;17],1,3,[1;-32;8],1,0},{'A',[450;578;578],2,[15;17;17],1,5,[-15;17;17],1,1},{'M',[8;32;1],1,[1;1;1],0,[3;5;0]},{'A',[24;232;48],2,[8;32;1],1,3,[-5;-3;5],1,3},{'A',[963;101;126],3,[24;232;48],2,-3,[7680;576;960],2,-3},{'M',[5;12;80],2,[5;3;5],1,[0;2;4]},{'A',[455;566;658],3,[450;578;578],2,0,[5;-12;80],2,0},{'M',[40;3;17],2,[15;17;17],1,[NaN;NaN;0],[5;3;5],1,[3;0;NaN]},{'A',[282;211;305],3,[40;3;17],2,0,[121;104;144],2,1},{'M',[5;6;17],2,[15;17;17],1,[NaN;NaN;0],[5;3;5],1,[0;1;NaN]},{'A',[91;922;209],3,[24;232;48],2,2,[-5;-6;17],2,0},{'M',[480;17;17],2,[15;17;17],1,[5;0;0]},{'M',[5;24;5],2,[5;3;5],1,[0;3;0]},{'A',[955;10;39],3,[480;17;17],2,1,[-5;-24;5],2,0},{'M',[963;20;252],4,[963;101;126],3,[0;NaN;1],[955;10;39],3,[NaN;1;NaN]},{'O',[963;20;252],4,[963;20;252],4,0},{'M',[955;808;209],4,[963;101;126],3,[NaN;3;NaN],[91;922;209],3,[NaN;NaN;0],[955;10;39],3,[0;NaN;NaN]},{'O',[955;808;209],4,[955;808;209],4,0},{'M',[564;211;610],4,[282;211;305],3,[1;0;1]},{'O',[564;211;610],4,[564;211;610],4,0},{'M',[91;922;658],4,[455;566;658],3,[NaN;NaN;0],[91;922;209],3,[0;0;NaN]},{'O',[91;922;658],4,[91;922;658],4,0},{'M',[455;566;156],4,[455;566;658],3,[0;0;NaN],[955;10;39],3,[NaN;NaN;2]},{'O',[455;566;156],4,[455;566;156],4,0}}
Adder graph: {{'A',[9;9;9],1,[1;1;1],0,3,[1;1;1],0,0},{'M',[1;16;1],1,[1;1;1],0,[0;4;0]},{'A',[100;1060;28],2,[1;16;1],1,6,[9;9;-9],1,2},{'M',[1;256;1],1,[1;1;1],0,[0;8;0]},{'M',[1;1;16],1,[1;1;1],0,[0;0;4]},{'A',[-3;260;65],2,[1;256;1],1,0,[-1;1;16],1,2},{'M',[2;1;1],1,[1;1;1],0,[1;0;0]},{'M',[1;1;4],1,[1;1;1],0,[0;0;2]},{'A',[15;7;4],2,[2;1;1],1,3,[-1;-1;-4],1,0},{'M',[8;32;1],1,[1;1;1],0,[3;5;0]},{'A',[55;247;17],2,[8;32;1],1,3,[-9;-9;9],1,0},{'R',[9;9;9],2,[9;9;9],1},{'A',[141;404;209],3,[9;9;9],2,4,[-3;260;65],2,0},{'M',[400;1060;28],3,[100;1060;28],2,[2;0;0]},{'M',[55;494;128],3,[15;7;4],2,[NaN;NaN;5],[55;247;17],2,[0;1;NaN]},{'A',[455;566;156],4,[400;1060;28],3,0,[55;-494;128],3,0},{'M',[9;9;72],2,[9;9;9],1,[0;0;3]},{'A',[91;211;305],3,[55;247;17],2,0,[9;-9;72],2,2},{'A',[-5;13;73],2,[1;1;16],1,2,[-9;9;9],1,0},{'M',[960;13;256],3,[15;7;4],2,[6;NaN;6],[-5;13;73],2,[NaN;0;NaN]},{'M',[-3;7;4],3,[-3;260;65],2,[0;NaN;NaN],[15;7;4],2,[NaN;0;0]},{'A',[963;20;252],4,[960;13;256],3,0,[3;7;-4],3,0},{'A',[955;461;329],3,[-5;13;73],2,0,[15;7;4],2,6},{'O',[963;20;252],4,[963;20;252],4,0},{'M',[955;808;209],4,[141;404;209],3,[NaN;1;0],[955;461;329],3,[0;NaN;NaN]},{'O',[955;808;209],4,[955;808;209],4,0},{'M',[564;211;610],4,[141;404;209],3,[2;NaN;NaN],[91;211;305],3,[NaN;0;1]},{'O',[564;211;610],4,[564;211;610],4,0},{'M',[91;922;658],4,[91;211;305],3,[0;NaN;NaN],[955;461;329],3,[NaN;1;1]},{'O',[91;922;658],4,[91;922;658],4,0},{'O',[455;566;156],4,[455;566;156],4,0}}
Adder graph: {{'A',[9;-7;-7],1,[1;1;1],0,0,[1;-1;-1],0,3},{'A',[33;-31;-31],1,[1;1;1],0,0,[1;-1;-1],0,5},{'M',[8;1;64],1,[1;1;1],0,[3;0;6]},{'A',[116;-126;4],2,[33;-31;-31],1,2,[-8;-1;64],1,1},{'M',[9;-62;-62],2,[9;-7;-7],1,[0;NaN;NaN],[33;-31;-31],1,[NaN;1;1]},{'M',[33;-31;-7],2,[9;-7;-7],1,[NaN;NaN;0],[33;-31;-31],1,[0;0;NaN]},{'A',[141;-186;-34],3,[9;-62;-62],2,0,[33;-31;7],2,2},{'A',[-455;-566;-78],3,[9;-62;-62],2,0,[-116;-126;-4],2,2},{'M',[128;1;1],1,[1;1;1],0,[7;0;0]},{'A',[991;-23;39],2,[128;1;1],1,3,[-33;-31;31],1,0},{'M',[116;-368;312],3,[116;-126;4],2,[0;NaN;NaN],[991;-23;39],2,[NaN;4;3]},{'A',[-91;-922;-658],4,[141;-186;-34],3,0,[-116;-368;-312],3,1},{'M',[1;8;4],1,[1;1;1],0,[0;3;2]},{'A',[14;242;114],2,[1;8;4],1,5,[-9;-7;-7],1,1},{'M',[33;-31;-496],2,[33;-31;-31],1,[0;0;4]},{'A',[47;211;610],3,[14;242;114],2,0,[33;-31;496],2,0},{'M',[9;-31;-62],2,[9;-7;-7],1,[0;NaN;NaN],[33;-31;-31],1,[NaN;0;1]},{'A',[-955;-101;-209],3,[9;-31;-62],2,2,[-991;23;39],2,0},{'M',[28;484;4],3,[116;-126;4],2,[NaN;NaN;0],[14;242;114],2,[1;1;NaN]},{'M',[991;-504;256],3,[116;-126;4],2,[NaN;2;6],[991;-23;39],2,[0;NaN;NaN]},{'A',[-963;-20;-252],4,[28;484;4],3,0,[-991;-504;-256],3,0},{'O',[963;20;252],4,[963;20;252],4,0},{'M',[-955;-808;-209],4,[-955;-101;-209],3,[0;3;0]},{'O',[955;808;209],4,[955;808;209],4,0},{'M',[564;211;610],4,[141;-186;-34],3,[2;NaN;NaN],[47;211;610],3,[NaN;0;0]},{'O',[564;211;610],4,[564;211;610],4,0},{'O',[91;922;658],4,[91;922;658],4,0},{'M',[-455;-566;-156],4,[-455;-566;-78],3,[0;0;1]},{'O',[455;566;156],4,[455;566;156],4,0}}
Adder graph: {{'M',[128;128;1],1,[1;1;1],0,[7;7;0]},{'M',[32;1;1],1,[1;1;1],0,[5;0;0]},{'A',[448;510;6],2,[128;128;1],1,2,[-32;-1;1],1,1},{'A',[7;7;9],1,[1;1;1],0,3,[-1;-1;1],0,0},{'M',[7;56;72],2,[7;7;9],1,[0;3;3]},{'A',[455;566;78],3,[448;510;6],2,0,[7;56;72],2,0},{'M',[1;1;128],1,[1;1;1],0,[0;0;7]},{'M',[64;1;1],1,[1;1;1],0,[6;0;0]},{'A',[-62;3;257],2,[1;1;128],1,1,[-64;1;1],1,0},{'M',[1;2;2],1,[1;1;1],0,[0;1;1]},{'A',[29;26;34],2,[7;7;9],1,2,[1;-2;-2],1,0},{'R',[7;7;9],2,[7;7;9],1},{'M',[29;26;514],3,[-62;3;257],2,[NaN;NaN;1],[29;26;34],2,[0;0;NaN]},{'M',[-62;896;144],3,[-62;3;257],2,[0;NaN;NaN],[7;7;9],2,[NaN;7;4]},{'A',[91;922;658],4,[29;26;514],3,0,[62;896;144],3,0},{'M',[1;4;4],1,[1;1;1],0,[0;2;2]},{'A',[27;24;32],2,[7;7;9],1,2,[-1;-4;-4],1,0},{'M',[29;28;36],3,[29;26;34],2,[0;NaN;NaN],[7;7;9],2,[NaN;2;2]},{'M',[-62;3;18],3,[-62;3;257],2,[0;0;NaN],[7;7;9],2,[NaN;NaN;1]},{'A',[-963;-20;-252],4,[29;28;36],3,0,[-62;-3;-18],3,4},{'M',[928;832;257],3,[-62;3;257],2,[NaN;NaN;0],[29;26;34],2,[5;5;NaN]},{'M',[27;24;48],3,[448;510;6],2,[NaN;NaN;3],[27;24;32],2,[0;0;NaN]},{'A',[955;808;209],4,[928;832;257],3,0,[27;-24;-48],3,0},{'M',[116;208;34],3,[29;26;34],2,[2;3;0]},{'M',[448;3;576],3,[-62;3;257],2,[NaN;0;NaN],[7;7;9],2,[6;NaN;6]},{'A',[564;211;610],4,[116;208;34],3,0,[448;3;576],3,0},{'O',[963;20;252],4,[963;20;252],4,0},{'O',[955;808;209],4,[955;808;209],4,0},{'O',[564;211;610],4,[564;211;610],4,0},{'O',[91;922;658],4,[91;922;658],4,0},{'M',[455;566;156],4,[455;566;78],3,[0;0;1]},{'O',[455;566;156],4,[455;566;156],4,0}}
Adder graph: {{'M',[128;128;1],1,[1;1;1],0,[7;7;0]},{'M',[1;1;8],1,[1;1;1],0,[0;0;3]},{'A',[1028;1028;-24],2,[128;128;1],1,3,[1;1;-8],1,2},{'A',[33;31;33],1,[1;1;1],0,5,[1;-1;1],0,0},{'A',[65;63;63],1,[1;1;1],0,6,[1;-1;-1],0,0},{'M',[260;252;63],2,[65;63;63],1,[2;2;0]},{'M',[65;62;63],2,[33;31;33],1,[NaN;1;NaN],[65;63;63],1,[0;NaN;0]},{'A',[455;566;63],3,[260;252;63],2,1,[-65;62;-63],2,0},{'M',[64;1;1],1,[1;1;1],0,[6;0;0]},{'A',[-191;67;67],2,[65;63;63],1,0,[-64;1;1],1,2},{'M',[8;16;1],1,[1;1;1],0,[3;4;0]},{'A',[-58;-46;-65],2,[8;16;1],1,0,[-33;-31;-33],1,1},{'M',[64;64;1],1,[1;1;1],0,[6;6;0]},{'A',[191;193;-59],2,[64;64;1],1,2,[-65;-63;-63],1,0},{'M',[33;248;264],2,[33;31;33],1,[0;3;3]},{'A',[91;202;329],3,[33;248;264],2,0,[58;-46;65],2,0},{'M',[65;1008;63],2,[65;63;63],1,[0;4;0]},{'A',[963;20;39],3,[1028;1028;-24],2,0,[-65;-1008;63],2,0},{'M',[382;193;-48],3,[1028;1028;-24],2,[NaN;NaN;1],[191;193;-59],2,[1;0;NaN]},{'A',[564;211;610],4,[91;202;329],3,1,[382;-193;-48],3,0},{'A',[955;461;209],3,[191;193;-59],2,0,[191;67;67],2,2},{'M',[963;20;252],4,[455;566;63],3,[NaN;NaN;2],[963;20;39],3,[0;0;NaN]},{'O',[963;20;252],4,[963;20;252],4,0},{'M',[955;808;209],4,[91;202;329],3,[NaN;2;NaN],[955;461;209],3,[0;NaN;0]},{'O',[955;808;209],4,[955;808;209],4,0},{'O',[564;211;610],4,[564;211;610],4,0},{'M',[91;922;658],4,[91;202;329],3,[0;NaN;1],[955;461;209],3,[NaN;1;NaN]},{'O',[91;922;658],4,[91;922;658],4,0},{'M',[455;566;156],4,[455;566;63],3,[0;0;NaN],[963;20;39],3,[NaN;NaN;2]},{'O',[455;566;156],4,[455;566;156],4,0}}
Adder graph: {{'A',[3;5;5],1,[1;1;1],0,2,[-1;1;1],0,0},{'M',[256;256;1],1,[1;1;1],0,[8;8;0]},{'A',[-464;592;82],2,[3;5;5],1,4,[-256;256;1],1,1},{'M',[4;4;1],1,[1;1;1],0,[2;2;0]},{'A',[-4;28;-18],2,[4;4;1],1,1,[-3;5;-5],1,2},{'M',[4;1;4],1,[1;1;1],0,[2;0;2]},{'A',[35;13;37],2,[3;5;5],1,0,[4;1;4],1,3},{'M',[3;1280;5],2,[3;5;5],1,[0;8;0]},{'M',[3;40;5],2,[3;5;5],1,[0;3;0]},{'A',[27;10280;45],3,[3;1280;5],2,3,[3;40;5],2,0},{'M',[1;1;2],1,[1;1;1],0,[0;0;1]},{'A',[7;9;13],2,[1;1;2],1,2,[3;5;5],1,0},{'M',[35;72;104],3,[35;13;37],2,[0;NaN;NaN],[7;9;13],2,[NaN;3;3]},{'M',[-464;26;74],3,[-464;592;82],2,[0;NaN;NaN],[35;13;37],2,[NaN;1;1]},{'A',[963;20;252],4,[35;72;104],3,0,[464;-26;74],3,1},{'M',[-4;13;-18],3,[-4;28;-18],2,[0;NaN;0],[35;13;37],2,[NaN;0;NaN]},{'M',[70;28;74],3,[-4;28;-18],2,[NaN;0;NaN],[35;13;37],2,[1;NaN;1]},{'A',[-564;-211;-610],4,[-4;13;-18],3,0,[-70;-28;-74],3,3},{'M',[-464;4736;82],3,[-464;592;82],2,[0;3;0]},{'A',[955;808;209],4,[27;10280;45],3,0,[464;-4736;82],3,1},{'M',[35;26;82],3,[-464;592;82],2,[NaN;NaN;0],[35;13;37],2,[0;1;NaN]},{'M',[7;112;-72],3,[-4;28;-18],2,[NaN;2;2],[7;9;13],2,[0;NaN;NaN]},{'A',[91;922;658],4,[35;26;82],3,0,[7;112;72],3,3},{'M',[7;592;82],3,[-464;592;82],2,[NaN;0;0],[7;9;13],2,[0;NaN;NaN]},{'M',[224;13;37],3,[35;13;37],2,[NaN;0;0],[7;9;13],2,[5;NaN;NaN]},{'A',[455;566;156],4,[7;592;82],3,0,[224;-13;37],3,1},{'O',[963;20;252],4,[963;20;252],4,0},{'O',[955;808;209],4,[955;808;209],4,0},{'O',[564;211;610],4,[564;211;610],4,0},{'O',[91;922;658],4,[91;922;658],4,0},{'O',[455;566;156],4,[455;566;156],4,0}}
Adder graph: {{'A',[15;15;17],1,[1;1;1],0,4,[-1;-1;1],0,0},{'A',[7;9;7],1,[1;1;1],0,3,[-1;1;-1],0,0},{'M',[28;36;7],2,[7;9;7],1,[2;2;0]},{'M',[480;9;34],2,[15;15;17],1,[5;NaN;1],[7;9;7],1,[NaN;0;NaN]},{'A',[928;567;78],3,[28;36;7],2,4,[480;-9;-34],2,0},{'A',[5;-3;-3],1,[1;1;1],0,0,[1;-1;-1],0,2},{'A',[-3;5;5],1,[1;1;1],0,0,[-1;1;1],0,2},{'M',[120;5;5],2,[15;15;17],1,[3;NaN;NaN],[-3;5;5],1,[NaN;0;0]},{'M',[5;-768;-3],2,[5;-3;-3],1,[0;8;0]},{'A',[955;808;43],3,[120;5;5],2,3,[-5;768;3],2,0},{'M',[5;9;-3],2,[7;9;7],1,[NaN;0;NaN],[5;-3;-3],1,[0;NaN;0]},{'M',[-12;10;17],2,[15;15;17],1,[NaN;NaN;0],[-3;5;5],1,[2;1;NaN]},{'A',[-91;89;133],3,[5;9;-3],2,0,[-12;10;17],2,3},{'A',[564;211;610],4,[928;567;78],3,0,[-91;-89;133],3,2},{'M',[960;15;17],2,[15;15;17],1,[6;0;0]},{'M',[-3;5;-192],2,[5;-3;-3],1,[NaN;NaN;6],[-3;5;5],1,[0;0;NaN]},{'A',[963;20;209],3,[960;15;17],2,0,[3;5;192],2,0},{'M',[56;72;17],2,[15;15;17],1,[NaN;NaN;0],[7;9;7],1,[3;3;NaN]},{'M',[7;10;10],2,[7;9;7],1,[0;NaN;NaN],[-3;5;5],1,[NaN;1;1]},{'A',[455;566;126],3,[56;72;17],2,3,[7;-10;-10],2,0},{'A',[91;922;658],4,[455;566;126],3,0,[-91;89;133],3,2},{'M',[963;20;252],4,[963;20;209],3,[0;0;NaN],[455;566;126],3,[NaN;NaN;1]},{'O',[963;20;252],4,[963;20;252],4,0},{'M',[955;808;209],4,[955;808;43],3,[0;0;NaN],[963;20;209],3,[NaN;NaN;0]},{'O',[955;808;209],4,[955;808;209],4,0},{'O',[564;211;610],4,[564;211;610],4,0},{'O',[91;922;658],4,[91;922;658],4,0},{'M',[455;566;156],4,[928;567;78],3,[NaN;NaN;1],[455;566;126],3,[0;0;NaN]},{'O',[455;566;156],4,[455;566;156],4,0}}
Finished solving after 259195 seconds
Adder graph: {{'A',[15;15;17],1,[1;1;1],0,4,[-1;-1;1],0,0},{'A',[7;9;7],1,[1;1;1],0,3,[-1;1;-1],0,0},{'M',[28;36;7],2,[7;9;7],1,[2;2;0]},{'M',[480;9;34],2,[15;15;17],1,[5;NaN;1],[7;9;7],1,[NaN;0;NaN]},{'A',[928;567;78],3,[28;36;7],2,4,[480;-9;-34],2,0},{'A',[5;-3;-3],1,[1;1;1],0,0,[1;-1;-1],0,2},{'A',[-3;5;5],1,[1;1;1],0,0,[-1;1;1],0,2},{'M',[120;5;5],2,[15;15;17],1,[3;NaN;NaN],[-3;5;5],1,[NaN;0;0]},{'M',[5;-768;-3],2,[5;-3;-3],1,[0;8;0]},{'A',[955;808;43],3,[120;5;5],2,3,[-5;768;3],2,0},{'M',[5;9;-3],2,[7;9;7],1,[NaN;0;NaN],[5;-3;-3],1,[0;NaN;0]},{'M',[-12;10;17],2,[15;15;17],1,[NaN;NaN;0],[-3;5;5],1,[2;1;NaN]},{'A',[-91;89;133],3,[5;9;-3],2,0,[-12;10;17],2,3},{'A',[564;211;610],4,[928;567;78],3,0,[-91;-89;133],3,2},{'M',[960;15;17],2,[15;15;17],1,[6;0;0]},{'M',[-3;5;-192],2,[5;-3;-3],1,[NaN;NaN;6],[-3;5;5],1,[0;0;NaN]},{'A',[963;20;209],3,[960;15;17],2,0,[3;5;192],2,0},{'M',[56;72;17],2,[15;15;17],1,[NaN;NaN;0],[7;9;7],1,[3;3;NaN]},{'M',[7;10;10],2,[7;9;7],1,[0;NaN;NaN],[-3;5;5],1,[NaN;1;1]},{'A',[455;566;126],3,[56;72;17],2,3,[7;-10;-10],2,0},{'A',[91;922;658],4,[455;566;126],3,0,[-91;89;133],3,2},{'M',[963;20;252],4,[963;20;209],3,[0;0;NaN],[455;566;126],3,[NaN;NaN;1]},{'O',[963;20;252],4,[963;20;252],4,0},{'M',[955;808;209],4,[955;808;43],3,[0;0;NaN],[963;20;209],3,[NaN;NaN;0]},{'O',[955;808;209],4,[955;808;209],4,0},{'O',[564;211;610],4,[564;211;610],4,0},{'O',[91;922;658],4,[91;922;658],4,0},{'M',[455;566;156],4,[928;567;78],3,[NaN;NaN;1],[455;566;126],3,[0;0;NaN]},{'O',[455;566;156],4,[455;566;156],4,0}}
# Add optimal = 1
# Mux optimal = 0
# Mux registers optimal = 0
# FAs optimal = 0
