Adder graph: {{'M',[1;4],1,[1;1],0,[0;2]},{'M',[128;1],1,[1;1],0,[7;0]},{'A',[129;3],2,[1;4],1,0,[128;-1],1,0},{'M',[4;3],3,[1;1],0,[2;NaN],[129;3],2,[NaN;0]},{'A',[17;13],4,[1;1],0,0,[4;3],3,2},{'M',[17;96],5,[129;3],2,[NaN;5],[17;13],4,[0;NaN]},{'M',[129;1],3,[1;1],0,[NaN;0],[129;3],2,[0;NaN]},{'A',[146;95],6,[17;96],5,0,[129;-1],3,0},{'M',[1;16],1,[1;1],0,[0;4]},{'M',[68;3],5,[129;3],2,[NaN;0],[17;13],4,[2;NaN]},{'A',[84;253],6,[1;16],1,4,[68;-3],5,0},{'M',[672;253],7,[84;253],6,[3;0]},{'A',[689;157],8,[672;253],7,0,[17;-96],5,0},{'M',[84;1],7,[1;1],0,[NaN;0],[84;253],6,[0;NaN]},{'M',[689;1012],9,[84;253],6,[NaN;2],[689;157],8,[0;NaN]},{'A',[857;1014],10,[84;1],7,1,[689;1012],9,0},{'M',[689;832],9,[17;13],4,[NaN;6],[689;157],8,[0;NaN]},{'M',[34;95],7,[17;13],4,[1;NaN],[146;95],6,[NaN;0]},{'A',[723;737],10,[689;832],9,0,[34;-95],7,0},{'M',[689;190],9,[146;95],6,[NaN;1],[689;157],8,[0;NaN]},{'M',[1;2],1,[1;1],0,[0;1]},{'A',[817;446],10,[689;190],9,0,[1;2],1,7},{'M',[146;157],9,[146;95],6,[0;NaN],[689;157],8,[NaN;0]},{'O',[146;157],9,[146;157],9,0},{'O',[857;1014],10,[857;1014],10,0},{'M',[723;13],11,[17;13],4,[NaN;0],[723;737],10,[0;NaN]},{'O',[723;13],11,[723;13],11,0},{'M',[817;737],11,[723;737],10,[NaN;0],[817;446],10,[0;NaN]},{'O',[817;737],11,[817;737],11,0},{'M',[258;446],11,[129;3],2,[1;NaN],[817;446],10,[NaN;0]},{'O',[258;446],11,[258;446],11,0}}
Adder graph: {{'M',[1;32],1,[1;1],0,[0;5]},{'M',[128;1],1,[1;1],0,[7;0]},{'A',[129;33],2,[1;32],1,0,[128;1],1,0},{'M',[1;4],1,[1;1],0,[0;2]},{'A',[-3;-15],2,[1;1],0,0,[-1;-4],1,2},{'M',[-48;-15],3,[-3;-15],2,[4;0]},{'M',[-3;-120],3,[-3;-15],2,[0;3]},{'A',[-90;-270],4,[-48;-15],3,1,[3;-120],3,1},{'M',[-12;-270],5,[-3;-15],2,[2;NaN],[-90;-270],4,[NaN;0]},{'M',[1;66],3,[1;1],0,[0;NaN],[129;33],2,[NaN;1]},{'A',[-49;-1014],6,[-12;-270],5,2,[-1;66],3,0},{'M',[-49;256],7,[1;1],0,[NaN;8],[-49;-1014],6,[0;NaN]},{'M',[-768;33],3,[129;33],2,[NaN;0],[-3;-15],2,[8;NaN]},{'A',[-817;223],8,[-49;256],7,0,[-768;-33],3,0},{'M',[-360;1],5,[1;1],0,[NaN;0],[-90;-270],4,[2;NaN]},{'A',[-723;-13],6,[-360;1],5,1,[-3;-15],2,0},{'M',[-49;223],9,[-49;-1014],6,[0;NaN],[-817;223],8,[NaN;0]},{'A',[-73;-737],10,[-3;-120],3,3,[-49;223],9,0},{'M',[-73;66],11,[129;33],2,[NaN;1],[-73;-737],10,[0;NaN]},{'M',[-784;223],9,[-49;-1014],6,[4;NaN],[-817;223],8,[NaN;0]},{'A',[-857;-157],12,[-73;66],11,0,[-784;-223],9,0},{'M',[-146;-157],13,[-73;-737],10,[1;NaN],[-857;-157],12,[NaN;0]},{'O',[146;157],13,[146;157],13,0},{'M',[-857;-1014],13,[-49;-1014],6,[NaN;0],[-857;-157],12,[0;NaN]},{'O',[857;1014],13,[857;1014],13,0},{'O',[723;13],6,[723;13],6,0},{'M',[-817;-737],11,[-817;223],8,[0;NaN],[-73;-737],10,[NaN;0]},{'O',[817;737],11,[817;737],11,0},{'M',[129;223],9,[129;33],2,[0;NaN],[-817;223],8,[NaN;0]},{'O',[258;446],9,[129;223],9,1}}
Adder graph: {{'M',[1;2],1,[1;1],0,[0;1]},{'A',[-3;9],2,[1;1],0,0,[-1;2],1,2},{'M',[-3;16],3,[1;1],0,[NaN;4],[-3;9],2,[0;NaN]},{'M',[-192;1],3,[1;1],0,[NaN;0],[-3;9],2,[6;NaN]},{'A',[180;65],4,[-3;16],3,2,[192;1],3,0},{'M',[-24;9],3,[-3;9],2,[3;0]},{'M',[1;64],1,[1;1],0,[0;6]},{'A',[-49;-46],4,[-24;9],3,1,[-1;-64],1,0},{'M',[180;1],5,[1;1],0,[NaN;0],[180;65],4,[0;NaN]},{'A',[723;13],6,[180;1],5,2,[3;9],2,0},{'M',[8;-46],5,[1;1],0,[3;NaN],[-49;-46],4,[NaN;0]},{'A',[129;-737],6,[8;-46],5,4,[1;-1],0,0},{'M',[-49;26],7,[-49;-46],4,[0;NaN],[723;13],6,[NaN;1]},{'M',[-3;130],5,[-3;9],2,[0;NaN],[180;65],4,[NaN;1]},{'A',[-73;-1014],8,[-49;26],7,0,[-3;-130],5,3},{'M',[-392;-46],5,[-49;-46],4,[3;0]},{'M',[-73;65],9,[180;65],4,[NaN;0],[-73;-1014],8,[0;NaN]},{'A',[-857;-157],10,[-392;-46],5,1,[-73;-65],9,0},{'M',[-49;288],5,[-3;9],2,[NaN;5],[-49;-46],4,[0;NaN]},{'M',[-768;65],5,[-3;9],2,[8;NaN],[180;65],4,[NaN;0]},{'A',[-817;223],6,[-49;288],5,0,[-768;-65],5,0},{'M',[-146;-157],11,[-73;-1014],8,[1;NaN],[-857;-157],10,[NaN;0]},{'O',[146;157],11,[146;157],11,0},{'M',[-857;-1014],11,[-73;-1014],8,[NaN;0],[-857;-157],10,[0;NaN]},{'O',[857;1014],11,[857;1014],11,0},{'O',[723;13],6,[723;13],6,0},{'M',[-817;-737],7,[129;-737],6,[NaN;0],[-817;223],6,[0;NaN]},{'O',[817;737],7,[817;737],7,0},{'M',[129;223],7,[129;-737],6,[0;NaN],[-817;223],6,[NaN;0]},{'O',[258;446],7,[129;223],7,1}}
Adder graph: {{'M',[1;64],1,[1;1],0,[0;6]},{'M',[1;2],1,[1;1],0,[0;1]},{'A',[-12;224],2,[1;64],1,2,[-1;-2],1,4},{'M',[-48;224],3,[-12;224],2,[2;0]},{'A',[-49;223],4,[-48;224],3,0,[-1;-1],0,0},{'M',[64;224],3,[1;1],0,[6;NaN],[-12;224],2,[NaN;0]},{'A',[258;-894],4,[1;1],0,1,[64;-224],3,2},{'M',[-49;16],5,[1;1],0,[NaN;4],[-49;223],4,[0;NaN]},{'M',[-24;1],3,[1;1],0,[NaN;0],[-12;224],2,[1;NaN]},{'A',[-73;15],6,[-49;16],5,0,[-24;-1],3,0},{'M',[-73;-894],7,[258;-894],4,[NaN;0],[-73;15],6,[0;NaN]},{'M',[-98;15],7,[-49;223],4,[1;NaN],[-73;15],6,[NaN;0]},{'A',[-857;-1014],8,[-73;-894],7,0,[-98;-15],7,3},{'M',[-49;15],7,[-49;223],4,[0;NaN],[-73;15],6,[NaN;0]},{'M',[-384;1],3,[1;1],0,[NaN;0],[-12;224],2,[5;NaN]},{'A',[-817;13],8,[-49;15],7,0,[-384;-1],3,1},{'M',[-392;223],5,[-49;223],4,[3;0]},{'M',[-73;960],7,[-73;15],6,[0;6]},{'A',[-465;-737],8,[-392;223],5,0,[-73;-960],7,0},{'A',[723;-157],9,[258;-894],4,0,[465;737],8,0},{'M',[-146;-157],10,[-73;15],6,[1;NaN],[723;-157],9,[NaN;0]},{'O',[146;157],10,[146;157],10,0},{'O',[857;1014],8,[857;1014],8,0},{'M',[723;13],10,[-817;13],8,[NaN;0],[723;-157],9,[0;NaN]},{'O',[723;13],10,[723;13],10,0},{'M',[-817;-737],9,[-817;13],8,[0;NaN],[-465;-737],8,[NaN;0]},{'O',[817;737],9,[817;737],9,0},{'M',[258;446],5,[-49;223],4,[NaN;1],[258;-894],4,[0;NaN]},{'O',[258;446],5,[258;446],5,0}}
Adder graph: {{'M',[1;2],1,[1;1],0,[0;1]},{'A',[5;7],2,[1;2],1,2,[1;-1],0,0},{'M',[5;112],3,[5;7],2,[0;4]},{'M',[64;1],1,[1;1],0,[6;0]},{'A',[74;223],4,[5;112],3,1,[64;-1],1,0},{'M',[148;1],5,[1;1],0,[NaN;0],[74;223],4,[1;NaN]},{'A',[301;5],6,[5;7],2,0,[148;-1],5,1},{'M',[301;10],7,[301;5],6,[0;1]},{'A',[723;1014],8,[1;1],0,10,[-301;-10],7,0},{'M',[1;512],1,[1;1],0,[0;9]},{'A',[73;735],5,[74;223],4,0,[-1;512],1,0},{'M',[256;735],6,[1;1],0,[8;NaN],[73;735],5,[NaN;0]},{'A',[258;737],7,[256;735],6,0,[1;1],0,1},{'M',[258;4],8,[1;1],0,[NaN;2],[258;737],7,[0;NaN]},{'A',[817;13],9,[258;4],8,1,[301;5],6,0},{'M',[817;892],10,[74;223],4,[NaN;2],[817;13],9,[0;NaN]},{'M',[40;735],6,[5;7],2,[3;NaN],[73;735],5,[NaN;0]},{'A',[857;157],11,[817;892],10,0,[40;-735],6,0},{'M',[146;157],12,[73;735],5,[1;NaN],[857;157],11,[NaN;0]},{'O',[146;157],12,[146;157],12,0},{'M',[857;1014],12,[723;1014],8,[NaN;0],[857;157],11,[0;NaN]},{'O',[857;1014],12,[857;1014],12,0},{'M',[723;13],10,[723;1014],8,[0;NaN],[817;13],9,[NaN;0]},{'O',[723;13],10,[723;13],10,0},{'M',[817;737],10,[258;737],7,[NaN;0],[817;13],9,[0;NaN]},{'O',[817;737],10,[817;737],10,0},{'M',[258;446],8,[74;223],4,[NaN;1],[258;737],7,[0;NaN]},{'O',[258;446],8,[258;446],8,0}}
Adder graph: {{'M',[4;1],1,[1;1],0,[2;0]},{'A',[17;3],2,[4;1],1,2,[1;-1],0,0},{'M',[32;3],3,[1;1],0,[5;NaN],[17;3],2,[NaN;0]},{'A',[129;13],4,[32;3],3,2,[1;1],0,0},{'A',[73;5],5,[129;13],4,-1,[17;-3],2,-1},{'M',[146;13],6,[129;13],4,[NaN;0],[73;5],5,[1;NaN]},{'A',[398;109],7,[17;3],2,5,[-146;13],6,0},{'M',[136;109],8,[17;3],2,[3;NaN],[398;109],7,[NaN;0]},{'M',[1;5],6,[1;1],0,[0;NaN],[73;5],5,[NaN;0]},{'A',[273;223],9,[136;109],8,1,[1;5],6,0},{'M',[398;80],8,[73;5],5,[NaN;4],[398;109],7,[0;NaN]},{'M',[73;3],6,[17;3],2,[NaN;0],[73;5],5,[0;NaN]},{'A',[723;157],9,[398;80],8,1,[-73;-3],6,0},{'M',[544;109],8,[17;3],2,[5;NaN],[398;109],7,[NaN;0]},{'M',[273;628],10,[273;223],9,[0;NaN],[723;157],9,[NaN;2]},{'A',[817;737],11,[544;109],8,0,[273;628],10,0},{'M',[273;1024],10,[1;1],0,[NaN;10],[273;223],9,[0;NaN]},{'M',[292;5],6,[73;5],5,[2;0]},{'A',[857;1014],11,[273;1024],10,0,[292;-5],6,1},{'M',[146;157],10,[73;5],5,[1;NaN],[723;157],9,[NaN;0]},{'O',[146;157],10,[146;157],10,0},{'O',[857;1014],11,[857;1014],11,0},{'M',[723;13],10,[129;13],4,[NaN;0],[723;157],9,[0;NaN]},{'O',[723;13],10,[723;13],10,0},{'O',[817;737],11,[817;737],11,0},{'M',[129;223],10,[129;13],4,[0;NaN],[273;223],9,[NaN;0]},{'O',[258;446],10,[129;223],10,1}}
Adder graph: {{'M',[8;1],1,[1;1],0,[3;0]},{'A',[-24;33],2,[8;1],1,0,[-1;1],0,5},{'M',[32;1],1,[1;1],0,[5;0]},{'A',[258;10],2,[32;1],1,3,[1;1],0,1},{'M',[1;20],3,[1;1],0,[0;NaN],[258;10],2,[NaN;1]},{'A',[49;-46],4,[1;20],3,0,[24;-33],2,1},{'M',[49;256],5,[1;1],0,[NaN;8],[49;-46],4,[0;NaN]},{'A',[73;223],6,[49;256],5,0,[24;-33],2,0},{'M',[258;66],3,[-24;33],2,[NaN;1],[258;10],2,[0;NaN]},{'A',[331;157],7,[73;223],6,0,[258;-66],3,0},{'M',[49;1],5,[1;1],0,[NaN;0],[49;-46],4,[0;NaN]},{'M',[-48;-46],5,[-24;33],2,[1;NaN],[49;-46],4,[NaN;0]},{'A',[817;737],6,[49;1],5,0,[48;46],5,4},{'M',[49;64],5,[1;1],0,[NaN;6],[49;-46],4,[0;NaN]},{'M',[73;10],7,[258;10],2,[NaN;0],[73;223],6,[0;NaN]},{'A',[857;1014],8,[49;64],5,4,[73;-10],7,0},{'M',[392;33],5,[-24;33],2,[NaN;0],[49;-46],4,[3;NaN]},{'M',[331;20],8,[258;10],2,[NaN;1],[331;157],7,[0;NaN]},{'A',[723;13],9,[392;33],5,0,[331;-20],8,0},{'M',[146;157],8,[73;223],6,[1;NaN],[331;157],7,[NaN;0]},{'O',[146;157],8,[146;157],8,0},{'O',[857;1014],8,[857;1014],8,0},{'O',[723;13],9,[723;13],9,0},{'O',[817;737],6,[817;737],6,0},{'M',[258;446],7,[258;10],2,[0;NaN],[73;223],6,[NaN;1]},{'O',[258;446],7,[258;446],7,0}}
Adder graph: {{'M',[2;1],1,[1;1],0,[1;0]},{'A',[65;33],2,[1;1],0,0,[2;1],1,5},{'M',[1;64],1,[1;1],0,[0;6]},{'M',[1;33],3,[1;1],0,[0;NaN],[65;33],2,[NaN;0]},{'A',[5;223],4,[1;64],1,2,[1;-33],3,0},{'M',[16;223],5,[1;1],0,[4;NaN],[5;223],4,[NaN;0]},{'A',[146;157],6,[16;223],5,0,[65;-33],2,1},{'A',[129;97],3,[1;1],0,6,[65;33],2,0},{'M',[146;4],7,[1;1],0,[NaN;2],[146;157],6,[0;NaN]},{'M',[5;2],5,[1;1],0,[NaN;1],[5;223],4,[0;NaN]},{'A',[297;10],8,[146;4],7,1,[5;2],5,0},{'M',[129;33],4,[65;33],2,[NaN;0],[129;97],3,[0;NaN]},{'A',[723;13],9,[129;33],4,0,[297;-10],8,1},{'M',[297;640],9,[297;10],8,[0;6]},{'M',[520;97],4,[65;33],2,[3;NaN],[129;97],3,[NaN;0]},{'A',[817;737],10,[297;640],9,0,[520;97],4,0},{'M',[5;128],5,[1;1],0,[NaN;7],[5;223],4,[0;NaN]},{'M',[817;10],11,[297;10],8,[NaN;0],[817;737],10,[0;NaN]},{'A',[857;1014],12,[5;128],5,3,[817;-10],11,0},{'O',[146;157],6,[146;157],6,0},{'O',[857;1014],12,[857;1014],12,0},{'O',[723;13],9,[723;13],9,0},{'O',[817;737],10,[817;737],10,0},{'M',[129;223],5,[5;223],4,[NaN;0],[129;97],3,[0;NaN]},{'O',[258;446],5,[129;223],5,1}}
Adder graph: {{'M',[32;1],1,[1;1],0,[5;0]},{'A',[129;5],2,[32;1],1,2,[1;1],0,0},{'M',[64;5],3,[1;1],0,[6;NaN],[129;5],2,[NaN;0]},{'A',[72;13],4,[1;1],0,3,[64;5],3,0},{'M',[1;160],3,[1;1],0,[0;NaN],[129;5],2,[NaN;5]},{'A',[73;147],5,[1;160],3,0,[72;-13],4,0},{'A',[361;95],6,[73;147],5,0,[72;-13],4,2},{'M',[258;5],3,[129;5],2,[1;0]},{'A',[589;157],6,[73;147],5,0,[258;5],3,1},{'M',[1;256],1,[1;1],0,[0;8]},{'A',[723;446],7,[361;95],6,1,[1;256],1,0},{'M',[589;416],7,[72;13],4,[NaN;5],[589;157],6,[0;NaN]},{'A',[-817;-737],8,[361;95],6,0,[-589;-416],7,1},{'M',[723;512],8,[1;1],0,[NaN;9],[723;446],7,[0;NaN]},{'M',[589;10],7,[129;5],2,[NaN;1],[589;157],6,[0;NaN]},{'A',[857;1014],9,[723;512],8,1,[-589;-10],7,0},{'M',[146;157],7,[73;147],5,[1;NaN],[589;157],6,[NaN;0]},{'O',[146;157],7,[146;157],7,0},{'O',[857;1014],9,[857;1014],9,0},{'M',[723;13],8,[72;13],4,[NaN;0],[723;446],7,[0;NaN]},{'O',[723;13],8,[723;13],8,0},{'O',[817;737],8,[817;737],8,0},{'M',[258;446],8,[129;5],2,[1;NaN],[723;446],7,[NaN;0]},{'O',[258;446],8,[258;446],8,0}}
Adder graph: {{'A',[-6;-6],1,[1;1],0,1,[-1;-1],0,3},{'M',[-6;4],2,[1;1],0,[NaN;2],[-6;-6],1,[0;NaN]},{'A',[-49;31],3,[-6;4],2,3,[-1;-1],0,0},{'M',[-384;1],2,[1;1],0,[NaN;0],[-6;-6],1,[6;NaN]},{'M',[1;32],1,[1;1],0,[0;5]},{'A',[-386;-63],3,[-384;1],2,0,[-1;-32],1,1},{'A',[-723;-157],4,[-386;-63],3,1,[49;-31],3,0},{'A',[-817;-737],4,[-6;-6],1,7,[-49;31],3,0},{'M',[-6;-48],2,[-6;-6],1,[0;3]},{'A',[-73;223],4,[-49;31],3,0,[-6;48],2,2},{'M',[-49;-63],4,[-49;31],3,[0;NaN],[-386;-63],3,[NaN;0]},{'M',[-73;-6],5,[-6;-6],1,[NaN;0],[-73;223],4,[0;NaN]},{'A',[-857;-1014],6,[-49;-63],4,4,[-73;-6],5,0},{'M',[64;-6],2,[1;1],0,[6;NaN],[-6;-6],1,[NaN;0]},{'A',[129;-13],3,[64;-6],2,1,[1;-1],0,0},{'M',[-146;-157],5,[-723;-157],4,[NaN;0],[-73;223],4,[1;NaN]},{'O',[146;157],5,[146;157],5,0},{'O',[857;1014],6,[857;1014],6,0},{'M',[-723;-13],5,[-723;-157],4,[0;NaN],[129;-13],3,[NaN;0]},{'O',[723;13],5,[723;13],5,0},{'O',[817;737],4,[817;737],4,0},{'M',[129;223],5,[-73;223],4,[NaN;0],[129;-13],3,[0;NaN]},{'O',[258;446],5,[129;223],5,1}}
Finished solving after 9013.69 seconds
Adder graph: {{'A',[-6;-6],1,[1;1],0,1,[-1;-1],0,3},{'M',[-6;4],2,[1;1],0,[NaN;2],[-6;-6],1,[0;NaN]},{'A',[-49;31],3,[-6;4],2,3,[-1;-1],0,0},{'M',[-384;1],2,[1;1],0,[NaN;0],[-6;-6],1,[6;NaN]},{'M',[1;32],1,[1;1],0,[0;5]},{'A',[-386;-63],3,[-384;1],2,0,[-1;-32],1,1},{'A',[-723;-157],4,[-386;-63],3,1,[49;-31],3,0},{'A',[-817;-737],4,[-6;-6],1,7,[-49;31],3,0},{'M',[-6;-48],2,[-6;-6],1,[0;3]},{'A',[-73;223],4,[-49;31],3,0,[-6;48],2,2},{'M',[-49;-63],4,[-49;31],3,[0;NaN],[-386;-63],3,[NaN;0]},{'M',[-73;-6],5,[-6;-6],1,[NaN;0],[-73;223],4,[0;NaN]},{'A',[-857;-1014],6,[-49;-63],4,4,[-73;-6],5,0},{'M',[64;-6],2,[1;1],0,[6;NaN],[-6;-6],1,[NaN;0]},{'A',[129;-13],3,[64;-6],2,1,[1;-1],0,0},{'M',[-146;-157],5,[-723;-157],4,[NaN;0],[-73;223],4,[1;NaN]},{'O',[146;157],5,[146;157],5,0},{'O',[857;1014],6,[857;1014],6,0},{'M',[-723;-13],5,[-723;-157],4,[0;NaN],[129;-13],3,[NaN;0]},{'O',[723;13],5,[723;13],5,0},{'O',[817;737],4,[817;737],4,0},{'M',[129;223],5,[-73;223],4,[NaN;0],[129;-13],3,[0;NaN]},{'O',[258;446],5,[129;223],5,1}}
# Add optimal = 1
# Mux optimal = 0
# FAs optimal = 0
