Adder graph: {{'M',[1;2],1,[1;1],0,[0;1]},{'A',[72;-48],2,[1;2],1,3,[1;-1],0,6},{'M',[1;-192],3,[1;1],0,[0;NaN],[72;-48],2,[NaN;2]},{'M',[144;1],3,[1;1],0,[NaN;0],[72;-48],2,[1;NaN]},{'A',[145;-193],4,[1;-192],3,0,[144;-1],3,0},{'M',[145;-48],5,[72;-48],2,[NaN;0],[145;-193],4,[0;NaN]},{'M',[290;1],5,[1;1],0,[NaN;0],[145;-193],4,[1;NaN]},{'A',[-435;-50],6,[145;-48],5,0,[-290;-1],5,1},{'M',[1;16],1,[1;1],0,[0;4]},{'M',[16;1],1,[1;1],0,[4;0]},{'A',[20;65],2,[1;16],1,2,[16;1],1,0},{'M',[2;-193],5,[1;1],0,[1;NaN],[145;-193],4,[NaN;0]},{'M',[72;-100],7,[72;-48],2,[0;NaN],[-435;-50],6,[NaN;1]},{'A',[-286;-593],8,[2;-193],5,0,[-72;-100],7,2},{'M',[-572;-193],9,[145;-193],4,[NaN;0],[-286;-593],8,[1;NaN]},{'M',[16;65],3,[1;1],0,[4;NaN],[20;65],2,[NaN;0]},{'A',[-540;-323],10,[-572;-193],9,0,[16;-65],3,1},{'M',[-286;-800],9,[-435;-50],6,[NaN;4],[-286;-593],8,[0;NaN]},{'M',[80;-323],11,[20;65],2,[2;NaN],[-540;-323],10,[NaN;0]},{'A',[-732;-954],12,[-286;-800],9,1,[-80;323],11,1},{'O',[40;130],2,[20;65],2,1},{'M',[-732;-48],13,[72;-48],2,[NaN;0],[-732;-954],12,[0;NaN]},{'O',[732;48],13,[732;48],13,0},{'M',[-540;-954],13,[-540;-323],10,[0;NaN],[-732;-954],12,[NaN;0]},{'O',[540;954],13,[540;954],13,0},{'M',[-286;-323],11,[-286;-593],8,[0;NaN],[-540;-323],10,[NaN;0]},{'O',[286;323],11,[286;323],11,0},{'M',[-435;-593],9,[-435;-50],6,[0;NaN],[-286;-593],8,[NaN;0]},{'O',[435;593],9,[435;593],9,0}}
Adder graph: {{'M',[1;64],1,[1;1],0,[0;6]},{'M',[4;1],1,[1;1],0,[2;0]},{'A',[-15;60],2,[1;64],1,0,[-4;-1],1,2},{'M',[-15;1],3,[1;1],0,[NaN;0],[-15;60],2,[0;NaN]},{'M',[64;1],1,[1;1],0,[6;0]},{'A',[-143;3],4,[-15;1],3,0,[-64;1],1,1},{'M',[1;16],1,[1;1],0,[0;4]},{'M',[16;1],1,[1;1],0,[4;0]},{'A',[20;65],2,[1;16],1,2,[16;1],1,0},{'M',[-15;6],5,[-15;60],2,[0;NaN],[-143;3],4,[NaN;1]},{'A',[225;-954],6,[-15;6],5,0,[15;-60],2,4},{'M',[160;65],3,[20;65],2,[3;0]},{'M',[-143;4],5,[1;1],0,[NaN;2],[-143;3],4,[0;NaN]},{'A',[732;81],6,[160;65],3,0,[143;4],5,2},{'M',[-480;1],3,[1;1],0,[NaN;0],[-15;60],2,[5;NaN]},{'M',[-15;81],7,[-15;60],2,[0;NaN],[732;81],6,[NaN;0]},{'A',[-540;-323],8,[-480;1],3,0,[-15;-81],7,2},{'M',[450;81],7,[225;-954],6,[1;NaN],[732;81],6,[NaN;0]},{'M',[-15;512],3,[1;1],0,[NaN;9],[-15;60],2,[0;NaN]},{'A',[435;593],8,[450;81],7,0,[-15;512],3,0},{'O',[40;130],2,[20;65],2,1},{'M',[732;48],7,[-143;3],4,[NaN;4],[732;81],6,[0;NaN]},{'O',[732;48],7,[732;48],7,0},{'M',[-540;-954],9,[225;-954],6,[NaN;0],[-540;-323],8,[0;NaN]},{'O',[540;954],9,[540;954],9,0},{'M',[-286;-323],9,[-143;3],4,[1;NaN],[-540;-323],8,[NaN;0]},{'O',[286;323],9,[286;323],9,0},{'O',[435;593],8,[435;593],8,0}}
Adder graph: {{'M',[4;1],1,[1;1],0,[2;0]},{'A',[68;65],2,[4;1],1,0,[1;1],0,6},{'M',[32;65],3,[1;1],0,[5;NaN],[68;65],2,[NaN;0]},{'M',[1;2],1,[1;1],0,[0;1]},{'A',[40;81],4,[32;65],3,0,[1;2],1,3},{'M',[16;81],5,[1;1],0,[4;NaN],[40;81],4,[NaN;0]},{'A',[-63;-323],6,[1;1],0,0,[-16;-81],5,2},{'M',[-63;324],7,[40;81],4,[NaN;2],[-63;-323],6,[0;NaN]},{'M',[40;-323],7,[40;81],4,[0;NaN],[-63;-323],6,[NaN;0]},{'A',[-143;970],8,[-63;324],7,0,[-40;323],7,1},{'M',[-143;512],9,[1;1],0,[NaN;9],[-143;970],8,[0;NaN]},{'A',[183;593],10,[40;81],4,0,[143;512],9,0},{'M',[183;970],11,[-143;970],8,[NaN;0],[183;593],10,[0;NaN]},{'M',[-63;4],7,[1;1],0,[NaN;2],[-63;-323],6,[0;NaN]},{'A',[435;954],12,[183;970],11,0,[63;-4],7,2},{'M',[68;2],3,[1;1],0,[NaN;1],[68;65],2,[0;NaN]},{'A',[270;6],4,[68;2],3,2,[-1;-1],0,1},{'M',[40;130],5,[68;65],2,[NaN;1],[40;81],4,[0;NaN]},{'O',[40;130],5,[40;130],5,0},{'M',[183;12],11,[183;593],10,[0;NaN],[270;6],4,[NaN;1]},{'O',[732;48],11,[183;12],11,2},{'M',[540;954],13,[435;954],12,[NaN;0],[270;6],4,[1;NaN]},{'O',[540;954],13,[540;954],13,0},{'M',[-286;-323],9,[-63;-323],6,[NaN;0],[-143;970],8,[1;NaN]},{'O',[286;323],9,[286;323],9,0},{'M',[435;593],13,[183;593],10,[NaN;0],[435;954],12,[0;NaN]},{'O',[435;593],13,[435;593],13,0}}
Adder graph: {{'M',[1;4],1,[1;1],0,[0;2]},{'A',[15;12],2,[1;1],0,4,[-1;-4],1,0},{'A',[63;65],1,[1;1],0,6,[-1;1],0,0},{'M',[15;64],3,[1;1],0,[NaN;6],[15;12],2,[0;NaN]},{'A',[183;577],4,[15;64],3,3,[63;65],1,0},{'M',[15;1],3,[1;1],0,[NaN;0],[15;12],2,[0;NaN]},{'M',[64;12],3,[1;1],0,[6;NaN],[15;12],2,[NaN;0]},{'A',[286;50],4,[15;1],3,1,[64;12],3,2},{'M',[8;50],5,[1;1],0,[3;NaN],[286;50],4,[NaN;0]},{'M',[286;577],5,[183;577],4,[NaN;0],[286;50],4,[0;NaN]},{'A',[-270;-477],6,[8;50],5,1,[-286;-577],5,0},{'M',[183;16],5,[1;1],0,[NaN;4],[183;577],4,[0;NaN]},{'M',[252;577],5,[63;65],1,[2;NaN],[183;577],4,[NaN;0]},{'A',[435;593],6,[183;16],5,0,[252;577],5,0},{'M',[4;-477],7,[1;1],0,[2;NaN],[-270;-477],6,[NaN;0]},{'M',[1;800],5,[1;1],0,[0;NaN],[286;50],4,[NaN;4]},{'A',[5;323],8,[4;-477],7,0,[1;800],5,0},{'M',[20;65],9,[63;65],1,[NaN;0],[5;323],8,[2;NaN]},{'O',[40;130],9,[20;65],9,1},{'M',[183;12],5,[15;12],2,[NaN;0],[183;577],4,[0;NaN]},{'O',[732;48],5,[183;12],5,2},{'O',[540;954],6,[270;477],6,1},{'M',[286;323],9,[286;50],4,[0;NaN],[5;323],8,[NaN;0]},{'O',[286;323],9,[286;323],9,0},{'O',[435;593],6,[435;593],6,0}}
Adder graph: {{'M',[1;4],1,[1;1],0,[0;2]},{'A',[5;-15],2,[1;1],0,0,[1;-4],1,2},{'A',[-63;65],1,[1;1],0,0,[-1;1],0,6},{'M',[5;1],3,[1;1],0,[NaN;0],[5;-15],2,[0;NaN]},{'A',[143;81],4,[5;1],3,4,[63;65],1,0},{'M',[-63;1],2,[1;1],0,[NaN;0],[-63;65],1,[0;NaN]},{'A',[-73;3],4,[-63;1],2,0,[-5;1],3,1},{'M',[4;81],5,[1;1],0,[2;NaN],[143;81],4,[NaN;0]},{'M',[286;1],5,[1;1],0,[NaN;0],[143;81],4,[1;NaN]},{'A',[-270;323],6,[4;81],5,2,[-286;-1],5,0},{'M',[-73;128],5,[1;1],0,[NaN;7],[-73;3],4,[0;NaN]},{'A',[435;593],6,[143;81],4,0,[73;128],5,2},{'M',[8;-15],3,[1;1],0,[3;NaN],[5;-15],2,[NaN;0]},{'A',[183;-477],5,[8;-15],3,5,[-73;3],4,0},{'M',[20;65],3,[5;-15],2,[2;NaN],[-63;65],1,[NaN;0]},{'O',[40;130],3,[20;65],3,1},{'M',[183;12],6,[-73;3],4,[NaN;2],[183;-477],5,[0;NaN]},{'O',[732;48],6,[183;12],6,2},{'M',[-270;-477],7,[-270;323],6,[0;NaN],[183;-477],5,[NaN;0]},{'O',[540;954],7,[270;477],7,1},{'M',[286;323],7,[143;81],4,[1;NaN],[-270;323],6,[NaN;0]},{'O',[286;323],7,[286;323],7,0},{'O',[435;593],6,[435;593],6,0}}
Adder graph: {{'A',[5;3],1,[1;1],0,2,[1;-1],0,0},{'M',[1;12],2,[1;1],0,[0;NaN],[5;3],1,[NaN;2]},{'A',[-3;99],3,[5;3],1,0,[-1;12],2,3},{'M',[10;1],2,[1;1],0,[NaN;0],[5;3],1,[1;NaN]},{'A',[54;65],3,[1;1],0,6,[-10;1],2,0},{'M',[54;4],4,[1;1],0,[NaN;2],[54;65],3,[0;NaN]},{'A',[270;81],5,[54;4],4,2,[54;65],3,0},{'M',[54;64],4,[1;1],0,[NaN;6],[54;65],3,[0;NaN]},{'M',[-3;81],6,[-3;99],3,[0;NaN],[270;81],5,[NaN;0]},{'A',[435;593],7,[54;64],4,3,[3;81],6,0},{'M',[-24;99],4,[-3;99],3,[3;0]},{'A',[366;477],6,[270;81],5,0,[24;99],4,2},{'M',[80;1],2,[1;1],0,[NaN;0],[5;3],1,[4;NaN]},{'M',[366;324],7,[270;81],5,[NaN;2],[366;477],6,[0;NaN]},{'A',[-286;-323],8,[80;1],2,0,[-366;-324],7,0},{'M',[20;65],4,[5;3],1,[2;NaN],[54;65],3,[NaN;0]},{'O',[40;130],4,[20;65],4,1},{'M',[366;24],7,[5;3],1,[NaN;3],[366;477],6,[0;NaN]},{'O',[732;48],7,[366;24],7,1},{'M',[270;477],7,[270;81],5,[0;NaN],[366;477],6,[NaN;0]},{'O',[540;954],7,[270;477],7,1},{'O',[286;323],8,[286;323],8,0},{'O',[435;593],7,[435;593],7,0}}
Adder graph: {{'A',[63;65],1,[1;1],0,6,[-1;1],0,0},{'M',[1;8],1,[1;1],0,[0;3]},{'M',[63;8],2,[1;1],0,[NaN;3],[63;65],1,[0;NaN]},{'A',[-1504;3840],3,[1;8],1,9,[-63;-8],2,5},{'A',[40;-24],1,[1;1],0,3,[1;-1],0,5},{'M',[40;8],2,[1;1],0,[NaN;3],[40;-24],1,[0;NaN]},{'A',[143;81],3,[40;8],2,1,[63;65],1,0},{'M',[32;1],1,[1;1],0,[5;0]},{'A',[540;323],4,[143;81],3,2,[-32;-1],1,0},{'A',[-183;477],4,[-1504;3840],3,-3,[40;-24],1,-3},{'M',[63;128],2,[1;1],0,[NaN;7],[63;65],1,[0;NaN]},{'M',[-183;81],5,[143;81],3,[NaN;0],[-183;477],4,[0;NaN]},{'A',[435;593],6,[63;128],2,2,[183;81],5,0},{'M',[40;130],2,[63;65],1,[NaN;1],[40;-24],1,[0;NaN]},{'O',[40;130],2,[40;130],2,0},{'M',[-366;-24],5,[40;-24],1,[NaN;0],[-183;477],4,[1;NaN]},{'O',[732;48],5,[366;24],5,1},{'M',[540;954],5,[540;323],4,[0;NaN],[-183;477],4,[NaN;1]},{'O',[540;954],5,[540;954],5,0},{'M',[286;323],5,[143;81],3,[1;NaN],[540;323],4,[NaN;0]},{'O',[286;323],5,[286;323],5,0},{'O',[435;593],6,[435;593],6,0}}
Adder graph: {{'M',[2;1],1,[1;1],0,[1;0]},{'A',[127;65],2,[2;1],1,6,[-1;1],0,0},{'A',[5;3],1,[1;1],0,2,[1;-1],0,0},{'M',[20;1],2,[1;1],0,[NaN;0],[5;3],1,[2;NaN]},{'A',[-300;193],3,[20;1],2,0,[-5;3],1,6},{'M',[127;16],3,[1;1],0,[NaN;4],[127;65],2,[0;NaN]},{'M',[1;48],2,[1;1],0,[0;NaN],[5;3],1,[NaN;4]},{'A',[135;400],4,[127;16],3,0,[1;48],2,3},{'M',[32;193],4,[1;1],0,[5;NaN],[-300;193],3,[NaN;0]},{'A',[286;323],5,[127;65],2,1,[32;193],4,0},{'M',[40;400],5,[5;3],1,[3;NaN],[135;400],4,[NaN;0]},{'A',[366;477],6,[40;400],5,1,[286;-323],5,0},{'A',[435;593],5,[135;400],4,0,[300;193],3,0},{'M',[20;65],3,[127;65],2,[NaN;0],[5;3],1,[2;NaN]},{'O',[40;130],3,[20;65],3,1},{'M',[366;24],7,[5;3],1,[NaN;3],[366;477],6,[0;NaN]},{'O',[732;48],7,[366;24],7,1},{'M',[270;477],7,[135;400],4,[1;NaN],[366;477],6,[NaN;0]},{'O',[540;954],7,[270;477],7,1},{'O',[286;323],5,[286;323],5,0},{'O',[435;593],5,[435;593],5,0}}
Adder graph: {{'M',[1;8],1,[1;1],0,[0;3]},{'A',[-30;258],2,[1;1],0,1,[-1;8],1,5},{'A',[63;65],1,[1;1],0,6,[-1;1],0,0},{'M',[256;65],2,[1;1],0,[8;NaN],[63;65],1,[NaN;0]},{'A',[286;323],3,[256;65],2,0,[30;258],2,0},{'A',[10;6],1,[1;1],0,3,[1;-1],0,1},{'M',[-60;6],3,[-30;258],2,[1;NaN],[10;6],1,[NaN;0]},{'A',[183;77],4,[63;65],1,0,[60;6],3,1},{'M',[286;154],5,[286;323],3,[0;NaN],[183;77],4,[NaN;1]},{'M',[16;323],4,[1;1],0,[4;NaN],[286;323],3,[NaN;0]},{'A',[270;477],6,[286;154],5,0,[-16;323],4,0},{'M',[126;258],3,[-30;258],2,[NaN;0],[63;65],1,[1;NaN]},{'A',[435;593],5,[126;258],3,1,[183;77],4,0},{'M',[20;65],2,[63;65],1,[NaN;0],[10;6],1,[1;NaN]},{'O',[40;130],2,[20;65],2,1},{'M',[183;12],5,[10;6],1,[NaN;1],[183;77],4,[0;NaN]},{'O',[732;48],5,[183;12],5,2},{'O',[540;954],6,[270;477],6,1},{'O',[286;323],3,[286;323],3,0},{'O',[435;593],5,[435;593],5,0}}
Adder graph: {{'A',[10;6],1,[1;1],0,3,[1;-1],0,1},{'A',[-63;65],1,[1;1],0,0,[-1;1],0,6},{'M',[10;128],2,[1;1],0,[NaN;7],[10;6],1,[0;NaN]},{'A',[30;116],3,[10;128],2,0,[10;-6],1,1},{'M',[30;16],4,[1;1],0,[NaN;4],[30;116],3,[0;NaN]},{'A',[183;129],5,[30;16],4,2,[63;65],1,0},{'M',[80;65],2,[10;6],1,[3;NaN],[-63;65],1,[NaN;0]},{'A',[286;323],6,[183;129],5,1,[-80;65],2,0},{'M',[-63;116],4,[-63;65],1,[0;NaN],[30;116],3,[NaN;0]},{'A',[435;593],6,[183;129],5,0,[63;116],4,2},{'M',[240;593],7,[30;116],3,[3;NaN],[435;593],6,[NaN;0]},{'A',[540;954],8,[240;593],7,1,[30;-116],3,1},{'M',[20;65],2,[10;6],1,[1;NaN],[-63;65],1,[NaN;0]},{'O',[40;130],2,[20;65],2,1},{'M',[183;12],6,[10;6],1,[NaN;1],[183;129],5,[0;NaN]},{'O',[732;48],6,[183;12],6,2},{'O',[540;954],8,[540;954],8,0},{'O',[286;323],6,[286;323],6,0},{'O',[435;593],6,[435;593],6,0}}
Finished solving after 7301.85 seconds
Adder graph: {{'A',[10;6],1,[1;1],0,3,[1;-1],0,1},{'A',[-63;65],1,[1;1],0,0,[-1;1],0,6},{'M',[10;128],2,[1;1],0,[NaN;7],[10;6],1,[0;NaN]},{'A',[30;116],3,[10;128],2,0,[10;-6],1,1},{'M',[30;16],4,[1;1],0,[NaN;4],[30;116],3,[0;NaN]},{'A',[183;129],5,[30;16],4,2,[63;65],1,0},{'M',[80;65],2,[10;6],1,[3;NaN],[-63;65],1,[NaN;0]},{'A',[286;323],6,[183;129],5,1,[-80;65],2,0},{'M',[-63;116],4,[-63;65],1,[0;NaN],[30;116],3,[NaN;0]},{'A',[435;593],6,[183;129],5,0,[63;116],4,2},{'M',[240;593],7,[30;116],3,[3;NaN],[435;593],6,[NaN;0]},{'A',[540;954],8,[240;593],7,1,[30;-116],3,1},{'M',[20;65],2,[10;6],1,[1;NaN],[-63;65],1,[NaN;0]},{'O',[40;130],2,[20;65],2,1},{'M',[183;12],6,[10;6],1,[NaN;1],[183;129],5,[0;NaN]},{'O',[732;48],6,[183;12],6,2},{'O',[540;954],8,[540;954],8,0},{'O',[286;323],6,[286;323],6,0},{'O',[435;593],6,[435;593],6,0}}
# Add optimal = 1
# Mux optimal = 0
# FAs optimal = 0
