Adder graph: {{'M',[1;4],1,[1;1],0,[0;2]},{'M',[32;1],1,[1;1],0,[5;0]},{'A',[33;3],2,[1;4],1,0,[32;-1],1,0},{'M',[33;192],3,[33;3],2,[0;6]},{'A',[-29;-188],4,[1;1],0,2,[-33;-192],3,0},{'M',[33;128],3,[1;1],0,[NaN;7],[33;3],2,[0;NaN]},{'M',[-29;3],5,[33;3],2,[NaN;0],[-29;-188],4,[0;NaN]},{'A',[103;509],6,[33;128],3,2,[-29;-3],5,0},{'M',[16;509],7,[1;1],0,[4;NaN],[103;509],6,[NaN;0]},{'M',[-29;-1504],5,[-29;-188],4,[0;3]},{'A',[45;-995],8,[16;509],7,0,[29;-1504],5,0},{'M',[33;48],3,[33;3],2,[0;4]},{'M',[360;509],9,[103;509],6,[NaN;0],[45;-995],8,[3;NaN]},{'A',[-687;-970],10,[33;48],3,0,[-360;-509],9,1},{'M',[45;509],9,[103;509],6,[NaN;0],[45;-995],8,[0;NaN]},{'M',[1024;-188],5,[1;1],0,[10;NaN],[-29;-188],4,[NaN;0]},{'A',[-979;697],10,[45;509],9,0,[-1024;188],5,0},{'M',[33;697],11,[33;3],2,[0;NaN],[-979;697],10,[NaN;0]},{'A',[-91;-691],12,[-29;3],5,1,[-33;-697],11,0},{'M',[-91;-752],13,[-29;-188],4,[NaN;2],[-91;-691],12,[0;NaN]},{'O',[91;752],13,[91;752],13,0},{'M',[-687;-691],13,[-687;-970],10,[0;NaN],[-91;-691],12,[NaN;0]},{'O',[687;691],13,[687;691],13,0},{'M',[-979;-995],11,[45;-995],8,[NaN;0],[-979;697],10,[0;NaN]},{'O',[979;995],11,[979;995],11,0},{'M',[103;697],11,[103;509],6,[0;NaN],[-979;697],10,[NaN;0]},{'O',[103;697],11,[103;697],11,0},{'M',[-928;-970],11,[-29;-188],4,[5;NaN],[-687;-970],10,[NaN;0]},{'O',[928;970],11,[928;970],11,0}}
Adder graph: {{'M',[8;1],1,[1;1],0,[3;0]},{'A',[33;3],2,[8;1],1,2,[1;-1],0,0},{'M',[1;128],1,[1;1],0,[0;7]},{'A',[-29;509],3,[1;128],1,2,[-33;-3],2,0},{'M',[33;24],3,[33;3],2,[0;3]},{'M',[-29;2],4,[1;1],0,[NaN;1],[-29;509],3,[0;NaN]},{'A',[103;94],5,[33;24],3,2,[-29;-2],4,0},{'M',[-29;24],4,[33;3],2,[NaN;3],[-29;509],3,[0;NaN]},{'M',[103;1018],6,[-29;509],3,[NaN;1],[103;94],5,[0;NaN]},{'A',[45;-970],7,[-29;24],4,1,[103;-1018],6,0},{'M',[33;509],4,[33;3],2,[0;NaN],[-29;509],3,[NaN;0]},{'M',[45;94],8,[103;94],5,[NaN;0],[45;-970],7,[0;NaN]},{'A',[-687;-995],9,[33;509],4,0,[-45;-94],8,4},{'M',[33;188],6,[33;3],2,[0;NaN],[103;94],5,[NaN;1]},{'M',[-58;509],4,[-29;509],3,[1;0]},{'A',[91;697],7,[33;188],6,0,[58;509],4,0},{'M',[45;6],8,[33;3],2,[NaN;1],[45;-970],7,[0;NaN]},{'M',[1024;697],8,[1;1],0,[10;NaN],[91;697],7,[NaN;0]},{'A',[-979;-691],9,[45;6],8,0,[-1024;-697],8,0},{'M',[91;752],8,[103;94],5,[NaN;3],[91;697],7,[0;NaN]},{'O',[91;752],8,[91;752],8,0},{'M',[-687;-691],10,[-687;-995],9,[0;NaN],[-979;-691],9,[NaN;0]},{'O',[687;691],10,[687;691],10,0},{'M',[-979;-995],10,[-687;-995],9,[NaN;0],[-979;-691],9,[0;NaN]},{'O',[979;995],10,[979;995],10,0},{'M',[103;697],8,[103;94],5,[0;NaN],[91;697],7,[NaN;0]},{'O',[103;697],8,[103;697],8,0},{'M',[-928;-970],8,[-29;509],3,[5;NaN],[45;-970],7,[NaN;0]},{'O',[928;970],8,[928;970],8,0}}
Adder graph: {{'M',[8;1],1,[1;1],0,[3;0]},{'A',[33;3],2,[8;1],1,2,[1;-1],0,0},{'M',[4;3],3,[1;1],0,[2;NaN],[33;3],2,[NaN;0]},{'M',[33;512],3,[1;1],0,[NaN;9],[33;3],2,[0;NaN]},{'A',[-29;-509],4,[4;3],3,0,[-33;-512],3,0},{'M',[-29;12],5,[33;3],2,[NaN;2],[-29;-509],4,[0;NaN]},{'M',[33;-509],5,[33;3],2,[0;NaN],[-29;-509],4,[NaN;0]},{'A',[-91;-485],6,[-29;12],5,1,[-33;-509],5,0},{'M',[-29;4],5,[1;1],0,[NaN;2],[-29;-509],4,[0;NaN]},{'M',[1;12],3,[1;1],0,[0;NaN],[33;3],2,[NaN;2]},{'A',[-45;-188],6,[-29;4],5,0,[-1;-12],3,4},{'M',[1024;-509],5,[1;1],0,[10;NaN],[-29;-509],4,[NaN;0]},{'A',[979;-697],7,[-45;-188],6,0,[1024;-509],5,0},{'M',[-58;-509],5,[-29;-509],4,[1;0]},{'M',[-45;-1504],7,[-45;-188],6,[0;3]},{'A',[-103;995],8,[-58;-509],5,0,[-45;1504],7,0},{'M',[33;-697],8,[33;3],2,[0;NaN],[979;-697],7,[NaN;0]},{'M',[-360;3],7,[33;3],2,[NaN;0],[-45;-188],6,[3;NaN]},{'A',[-687;-691],9,[33;-697],8,0,[-360;3],7,1},{'M',[-91;-752],7,[-91;-485],6,[0;NaN],[-45;-188],6,[NaN;2]},{'O',[91;752],7,[91;752],7,0},{'O',[687;691],9,[687;691],9,0},{'M',[979;995],9,[979;-697],7,[0;NaN],[-103;995],8,[NaN;0]},{'O',[979;995],9,[979;995],9,0},{'M',[-103;-697],9,[979;-697],7,[NaN;0],[-103;995],8,[0;NaN]},{'O',[103;697],9,[103;697],9,0},{'M',[-464;-485],7,[-29;-509],4,[4;NaN],[-91;-485],6,[NaN;0]},{'O',[928;970],7,[464;485],7,1}}
Adder graph: {{'M',[8;1],1,[1;1],0,[3;0]},{'A',[33;3],2,[8;1],1,2,[1;-1],0,0},{'M',[33;512],3,[1;1],0,[NaN;9],[33;3],2,[0;NaN]},{'M',[4;3],3,[1;1],0,[2;NaN],[33;3],2,[NaN;0]},{'A',[29;509],4,[33;512],3,0,[-4;-3],3,0},{'M',[16;509],5,[1;1],0,[4;NaN],[29;509],4,[NaN;0]},{'M',[29;24],5,[33;3],2,[NaN;3],[29;509],4,[0;NaN]},{'A',[45;485],6,[16;509],5,0,[29;-24],5,0},{'M',[45;24],7,[33;3],2,[NaN;3],[45;485],6,[0;NaN]},{'A',[91;47],8,[45;24],7,1,[1;-1],0,0},{'M',[256;47],9,[1;1],0,[8;NaN],[91;47],8,[NaN;0]},{'M',[45;509],7,[29;509],4,[NaN;0],[45;485],6,[0;NaN]},{'A',[979;697],10,[256;47],9,2,[-45;509],7,0},{'M',[33;6],3,[33;3],2,[0;1]},{'M',[720;697],11,[45;485],6,[4;NaN],[979;697],10,[NaN;0]},{'A',[-687;-691],12,[33;6],3,0,[-720;-697],11,0},{'M',[33;376],9,[33;3],2,[0;NaN],[91;47],8,[NaN;3]},{'A',[103;995],10,[33;376],9,2,[-29;-509],4,0},{'M',[91;752],9,[91;47],8,[0;4]},{'O',[91;752],9,[91;752],9,0},{'O',[687;691],12,[687;691],12,0},{'M',[979;995],11,[979;697],10,[0;NaN],[103;995],10,[NaN;0]},{'O',[979;995],11,[979;995],11,0},{'M',[103;697],11,[979;697],10,[NaN;0],[103;995],10,[0;NaN]},{'O',[103;697],11,[103;697],11,0},{'M',[464;485],7,[29;509],4,[4;NaN],[45;485],6,[NaN;0]},{'O',[928;970],7,[464;485],7,1}}
Adder graph: {{'M',[8;1],1,[1;1],0,[3;0]},{'A',[33;3],2,[8;1],1,2,[1;-1],0,0},{'M',[1;48],3,[1;1],0,[0;NaN],[33;3],2,[NaN;4]},{'M',[33;4],3,[1;1],0,[NaN;2],[33;3],2,[0;NaN]},{'A',[-29;188],4,[1;48],3,2,[-33;-4],3,0},{'M',[16;3],3,[1;1],0,[4;NaN],[33;3],2,[NaN;0]},{'M',[-29;512],5,[1;1],0,[NaN;9],[-29;188],4,[0;NaN]},{'A',[45;-509],6,[16;3],3,0,[29;-512],5,0},{'M',[33;188],5,[33;3],2,[0;NaN],[-29;188],4,[NaN;0]},{'M',[-58;-509],7,[-29;188],4,[1;NaN],[45;-509],6,[NaN;0]},{'A',[91;697],8,[33;188],5,0,[58;509],7,0},{'M',[128;188],5,[1;1],0,[7;NaN],[-29;188],4,[NaN;0]},{'A',[979;995],7,[128;188],5,3,[-45;-509],6,0},{'M',[33;6],3,[33;3],2,[0;1]},{'M',[720;697],9,[45;-509],6,[4;NaN],[91;697],8,[NaN;0]},{'A',[-687;-691],10,[33;6],3,0,[-720;-697],9,0},{'M',[-29;12],5,[33;3],2,[NaN;2],[-29;188],4,[0;NaN]},{'A',[103;-485],7,[45;-509],6,0,[29;12],5,1},{'M',[91;752],9,[-29;188],4,[NaN;2],[91;697],8,[0;NaN]},{'O',[91;752],9,[91;752],9,0},{'O',[687;691],10,[687;691],10,0},{'O',[979;995],7,[979;995],7,0},{'M',[103;697],9,[91;697],8,[NaN;0],[103;-485],7,[0;NaN]},{'O',[103;697],9,[103;697],9,0},{'M',[-464;-485],8,[-29;188],4,[4;NaN],[103;-485],7,[NaN;0]},{'O',[928;970],8,[464;485],8,1}}
Adder graph: {{'M',[16;1],1,[1;1],0,[4;0]},{'A',[33;3],2,[1;1],0,0,[16;1],1,1},{'M',[1;128],1,[1;1],0,[0;7]},{'A',[-29;509],3,[1;128],1,2,[-33;-3],2,0},{'M',[33;6],3,[33;3],2,[0;1]},{'A',[103;-485],4,[33;6],3,2,[-29;-509],3,0},{'M',[-29;48],4,[33;3],2,[NaN;4],[-29;509],3,[0;NaN]},{'M',[103;2],5,[1;1],0,[NaN;1],[103;-485],4,[0;NaN]},{'A',[45;94],6,[-29;48],4,1,[103;-2],5,0},{'M',[1;509],4,[1;1],0,[0;NaN],[-29;509],3,[NaN;0]},{'A',[91;697],7,[1;509],4,0,[45;94],6,1},{'M',[45;509],7,[-29;509],3,[NaN;0],[45;94],6,[0;NaN]},{'M',[64;94],7,[1;1],0,[6;NaN],[45;94],6,[NaN;0]},{'A',[-979;-995],8,[45;509],7,0,[-64;-94],7,4},{'M',[720;697],8,[45;94],6,[4;NaN],[91;697],7,[NaN;0]},{'A',[-687;-691],9,[33;6],3,0,[-720;-697],8,0},{'M',[91;752],8,[45;94],6,[NaN;3],[91;697],7,[0;NaN]},{'O',[91;752],8,[91;752],8,0},{'O',[687;691],9,[687;691],9,0},{'O',[979;995],8,[979;995],8,0},{'M',[103;697],8,[103;-485],4,[0;NaN],[91;697],7,[NaN;0]},{'O',[103;697],8,[103;697],8,0},{'M',[-464;-485],5,[-29;509],3,[4;NaN],[103;-485],4,[NaN;0]},{'O',[928;970],5,[464;485],5,1}}
Adder graph: {{'M',[8;1],1,[1;1],0,[3;0]},{'A',[33;3],2,[8;1],1,2,[1;-1],0,0},{'M',[1;128],1,[1;1],0,[0;7]},{'A',[-29;509],3,[1;128],1,2,[-33;-3],2,0},{'M',[2;3],3,[1;1],0,[1;NaN],[33;3],2,[NaN;0]},{'A',[45;-485],4,[2;3],3,3,[29;-509],3,0},{'M',[45;24],5,[33;3],2,[NaN;3],[45;-485],4,[0;NaN]},{'A',[91;47],6,[45;24],5,1,[1;-1],0,0},{'M',[33;47],7,[33;3],2,[0;NaN],[91;47],6,[NaN;0]},{'A',[103;697],8,[33;47],7,2,[-29;509],3,0},{'M',[32;47],7,[1;1],0,[5;NaN],[91;47],6,[NaN;0]},{'M',[45;509],5,[-29;509],3,[NaN;0],[45;-485],4,[0;NaN]},{'A',[979;995],8,[32;47],7,5,[-45;-509],5,0},{'M',[720;697],9,[45;-485],4,[4;NaN],[103;697],8,[NaN;0]},{'M',[33;6],3,[33;3],2,[0;1]},{'A',[687;691],10,[720;697],9,0,[-33;-6],3,0},{'M',[91;752],7,[91;47],6,[0;4]},{'O',[91;752],7,[91;752],7,0},{'O',[687;691],10,[687;691],10,0},{'O',[979;995],8,[979;995],8,0},{'O',[103;697],8,[103;697],8,0},{'M',[-464;-485],5,[-29;509],3,[4;NaN],[45;-485],4,[NaN;0]},{'O',[928;970],5,[464;485],5,1}}
Adder graph: {{'M',[8;1],1,[1;1],0,[3;0]},{'A',[-15;3],2,[1;1],0,0,[-8;1],1,1},{'M',[-15;24],3,[-15;3],2,[0;3]},{'A',[-29;-47],4,[1;1],0,0,[-15;-24],3,1},{'M',[-29;256],5,[1;1],0,[NaN;8],[-29;-47],4,[0;NaN]},{'A',[-73;-509],6,[-15;3],2,0,[-29;-256],5,1},{'M',[-15;-94],5,[-15;3],2,[0;NaN],[-29;-47],4,[NaN;1]},{'A',[-103;-697],7,[-73;-509],6,0,[-15;-94],5,1},{'M',[-292;3],7,[-15;3],2,[NaN;0],[-73;-509],6,[2;NaN]},{'A',[-687;-691],8,[-292;3],7,1,[-103;-697],7,0},{'M',[-73;-376],7,[-29;-47],4,[NaN;3],[-73;-509],6,[0;NaN]},{'M',[-687;-509],9,[-73;-509],6,[NaN;0],[-687;-691],8,[0;NaN]},{'A',[-979;-995],10,[-73;-376],7,2,[-687;509],9,0},{'M',[-29;-509],7,[-29;-47],4,[0;NaN],[-73;-509],6,[NaN;0]},{'A',[-91;-485],8,[-15;3],2,3,[29;-509],7,0},{'M',[-91;-752],9,[-29;-47],4,[NaN;4],[-91;-485],8,[0;NaN]},{'O',[91;752],9,[91;752],9,0},{'O',[687;691],8,[687;691],8,0},{'O',[979;995],10,[979;995],10,0},{'O',[103;697],7,[103;697],7,0},{'M',[-464;-485],9,[-29;-47],4,[4;NaN],[-91;-485],8,[NaN;0]},{'O',[928;970],9,[464;485],9,1}}
Finished solving after 6112.11 seconds
Adder graph: {{'M',[8;1],1,[1;1],0,[3;0]},{'A',[-15;3],2,[1;1],0,0,[-8;1],1,1},{'M',[-15;24],3,[-15;3],2,[0;3]},{'A',[-29;-47],4,[1;1],0,0,[-15;-24],3,1},{'M',[-29;256],5,[1;1],0,[NaN;8],[-29;-47],4,[0;NaN]},{'A',[-73;-509],6,[-15;3],2,0,[-29;-256],5,1},{'M',[-15;-94],5,[-15;3],2,[0;NaN],[-29;-47],4,[NaN;1]},{'A',[-103;-697],7,[-73;-509],6,0,[-15;-94],5,1},{'M',[-292;3],7,[-15;3],2,[NaN;0],[-73;-509],6,[2;NaN]},{'A',[-687;-691],8,[-292;3],7,1,[-103;-697],7,0},{'M',[-73;-376],7,[-29;-47],4,[NaN;3],[-73;-509],6,[0;NaN]},{'M',[-687;-509],9,[-73;-509],6,[NaN;0],[-687;-691],8,[0;NaN]},{'A',[-979;-995],10,[-73;-376],7,2,[-687;509],9,0},{'M',[-29;-509],7,[-29;-47],4,[0;NaN],[-73;-509],6,[NaN;0]},{'A',[-91;-485],8,[-15;3],2,3,[29;-509],7,0},{'M',[-91;-752],9,[-29;-47],4,[NaN;4],[-91;-485],8,[0;NaN]},{'O',[91;752],9,[91;752],9,0},{'O',[687;691],8,[687;691],8,0},{'O',[979;995],10,[979;995],10,0},{'O',[103;697],7,[103;697],7,0},{'M',[-464;-485],9,[-29;-47],4,[4;NaN],[-91;-485],8,[NaN;0]},{'O',[928;970],9,[464;485],9,1}}
# Add optimal = 1
# Mux optimal = 1
# FAs optimal = 0
