Adder graph: {{'M',[1024;1;32],1,[1;1;1],0,[10;0;5]},{'M',[32;8;1],1,[1;1;1],0,[5;3;0]},{'A',[3968;36;124],2,[1024;1;32],1,2,[-32;8;-1],1,2},{'M',[1;64;1],1,[1;1;1],0,[0;6;0]},{'M',[1;4;32],1,[1;1;1],0,[0;2;5]},{'A',[48;896;1040],2,[1;64;1],1,4,[1;-4;32],1,5},{'A',[3776;-3548;4284],3,[3968;36;124],2,0,[-48;-896;1040],2,2},{'R',[48;896;1040],3,[48;896;1040],2},{'A',[956;1111;1331],4,[48;896;1040],3,-2,[3776;3548;4284],3,-2},{'M',[1912;1111;1331],5,[956;1111;1331],4,[1;0;0]},{'O',[1912;1111;1331],5,[1912;1111;1331],5,0}}
Adder graph: {{'A',[-15;-15;17],1,[1;1;1],0,0,[-1;-1;1],0,4},{'M',[1;8192;16],1,[1;1;1],0,[0;13;4]},{'A',[-61;-8252;52],2,[-15;-15;17],1,2,[-1;-8192;-16],1,0},{'M',[1;2;64],1,[1;1;1],0,[0;1;6]},{'A',[-3824;-3808;5376],2,[1;2;64],1,4,[-15;-15;17],1,8},{'M',[-3824;-8252;52],3,[-61;-8252;52],2,[NaN;0;0],[-3824;-3808;5376],2,[0;NaN;NaN]},{'R',[-3824;-3808;5376],3,[-3824;-3808;5376],2},{'A',[-1912;-1111;-1331],4,[-3824;-8252;52],3,-2,[-3824;3808;-5376],3,-2},{'O',[1912;1111;1331],4,[1912;1111;1331],4,0}}
Adder graph: {{'M',[128;1;1],1,[1;1;1],0,[7;0;0]},{'M',[4;1;1],1,[1;1;1],0,[2;0;0]},{'A',[896;40;-24],2,[128;1;1],1,3,[-4;1;-1],1,5},{'M',[1;32;256],1,[1;1;1],0,[0;5;8]},{'M',[1;1;64],1,[1;1;1],0,[0;0;6]},{'A',[64;992;10240],2,[1;32;256],1,5,[1;-1;64],1,5},{'A',[120;119;1283],3,[64;992;10240],2,-3,[896;-40;24],2,-3},{'M',[1792;992;-48],3,[896;40;-24],2,[1;NaN;1],[64;992;10240],2,[NaN;0;NaN]},{'A',[1912;1111;1331],4,[120;119;1283],3,0,[1792;992;48],3,0},{'O',[1912;1111;1331],4,[1912;1111;1331],4,0}}
Adder graph: {{'A',[-7;9;9],1,[1;1;1],0,0,[-1;1;1],0,3},{'M',[1;32;1],1,[1;1;1],0,[0;5;0]},{'M',[1;1;1024],1,[1;1;1],0,[0;0;10]},{'A',[2;31;1025],2,[1;32;1],1,0,[1;-1;1024],1,0},{'A',[-119;135;153],2,[-7;9;9],1,4,[-7;-9;9],1,0},{'M',[4;540;153],3,[2;31;1025],2,[1;NaN;NaN],[-119;135;153],2,[NaN;2;0]},{'M',[-1904;31;1025],3,[2;31;1025],2,[NaN;0;0],[-119;135;153],2,[4;NaN;NaN]},{'A',[1912;1111;1331],4,[4;540;153],3,1,[1904;31;1025],3,0},{'O',[1912;1111;1331],4,[1912;1111;1331],4,0}}
Adder graph: {{'A',[-7;9;9],1,[1;1;1],0,0,[-1;1;1],0,3},{'M',[32;1;32],1,[1;1;1],0,[5;0;5]},{'M',[64;1;1],1,[1;1;1],0,[6;0;0]},{'A',[960;31;1025],2,[32;1;32],1,5,[-64;-1;1],1,0},{'A',[-119;-135;153],2,[-7;9;9],1,0,[-7;-9;9],1,4},{'M',[960;31;306],3,[960;31;1025],2,[0;0;NaN],[-119;-135;153],2,[NaN;NaN;1]},{'M',[-952;-1080;1025],3,[960;31;1025],2,[NaN;NaN;0],[-119;-135;153],2,[3;3;NaN]},{'A',[1912;1111;1331],4,[960;31;306],3,0,[952;1080;1025],3,0},{'O',[1912;1111;1331],4,[1912;1111;1331],4,0}}
Finished solving after 4098.56 seconds
Adder graph: {{'A',[7;9;7],1,[1;1;1],0,3,[-1;1;-1],0,0},{'M',[1;8;1],1,[1;1;1],0,[0;3;0]},{'A',[446;560;446],2,[7;9;7],1,6,[-1;-8;-1],1,1},{'M',[28672;9;7],2,[7;9;7],1,[12;0;0]},{'A',[30456;-2231;-1777],3,[28672;9;7],2,0,[446;-560;-446],2,2},{'M',[28544;1120;446],3,[446;560;446],2,[6;1;0]},{'A',[-1912;-1111;-1331],4,[28544;1120;446],3,0,[-30456;-2231;-1777],3,0},{'O',[1912;1111;1331],4,[1912;1111;1331],4,0}}
# Add optimal = 1
# Mux optimal = 1
# Mux registers optimal = 1
# FAs optimal = 0
