Adder graph: {{'A',[0,-1,0,0,1],1,0,[0,0,0,0,1],0,0,[0,-1,0,0,0],0,0},{'A',[1,0,1,0,0],1,0,[0,0,1,0,0],0,0,[1,0,0,0,0],0,0},{'A',[1,-1,1,0,1],2,0,[1,0,1,0,0],1,0,[0,-1,0,0,1],1,0},{'A',[8,0,0,-1,0],1,0,[1,0,0,0,0],0,3,[0,0,0,-1,0],0,0},{'A',[5,-5,5,0,5],3,0,[1,-1,1,0,1],2,2,[1,-1,1,0,1],2,0},{'A',[-8,-2,0,1,2],2,0,[0,-1,0,0,1],1,1,[-8,0,0,1,0],1,0},{'A',[8,2,0,-1,-2],3,0,[-8,-2,0,1,2],2,0,[8,2,0,-1,-2],2,1},{'A',[3,7,-5,-1,-7],4,0,[8,2,0,-1,-2],3,0,[-5,5,-5,0,-5],3,0},{'O',[-3,-7,5,1,7],4,[-3,-7,5,1,7],4,0}}
Adder graph: {{'A',[-1,0,2,0,0],1,0,[0,0,1,0,0],0,1,[-1,0,0,0,0],0,0},{'A',[-1,0,0,2,0],1,0,[0,0,0,1,0],0,1,[-1,0,0,0,0],0,0},{'A',[1,0,-4,2,0],2,0,[-1,0,0,2,0],1,0,[1,0,-2,0,0],1,1},{'A',[0,1,0,0,-1],1,0,[0,1,0,0,0],0,0,[0,0,0,0,-1],0,0},{'A',[1,2,-2,0,-2],2,0,[0,1,0,0,-1],1,1,[1,0,-2,0,0],1,0},{'A',[2,2,-6,2,-2],3,0,[1,2,-2,0,-2],2,0,[1,0,-4,2,0],2,0},{'A',[2,4,-4,0,-4],3,0,[1,2,-2,0,-2],2,0,[1,2,-2,0,-2],2,0},{'A',[-3,-7,5,1,7],4,1,[2,2,-6,2,-2],3,0,[-2,-4,4,0,4],3,2},{'O',[-3,-7,5,1,7],4,[-3,-7,5,1,7],4,0}}
Adder graph: {{'A',[0,0,2,1,0],1,0,[0,0,0,1,0],0,0,[0,0,1,0,0],0,1},{'A',[0,1,0,0,-1],1,0,[0,1,0,0,0],0,0,[0,0,0,0,-1],0,0},{'A',[0,1,-2,-1,-1],2,0,[0,1,0,0,-1],1,0,[0,0,-2,-1,0],1,0},{'A',[-1,0,1,0,0],1,0,[0,0,1,0,0],0,0,[-1,0,0,0,0],0,0},{'A',[-1,-2,1,0,2],2,0,[-1,0,1,0,0],1,0,[0,-1,0,0,1],1,1},{'A',[2,5,-4,-1,-5],3,0,[0,1,-2,-1,-1],2,0,[1,2,-1,0,-2],2,1},{'A',[-1,-2,1,0,2],3,0,[-1,-2,1,0,2],2,1,[1,2,-1,0,-2],2,0},{'A',[-3,-7,5,1,7],4,0,[-1,-2,1,0,2],3,0,[-2,-5,4,1,5],3,0},{'O',[-3,-7,5,1,7],4,[-3,-7,5,1,7],4,0}}
Adder graph: {{'A',[0,0,-1,1,0],1,0,[0,0,0,1,0],0,0,[0,0,-1,0,0],0,0},{'A',[0,1,0,0,-1],1,0,[0,1,0,0,0],0,0,[0,0,0,0,-1],0,0},{'A',[-1,0,0,2,0],1,0,[0,0,0,1,0],0,1,[-1,0,0,0,0],0,0},{'A',[0,-1,-1,1,1],2,0,[0,0,-1,1,0],1,0,[0,-1,0,0,1],1,0},{'A',[-1,-4,0,2,4],2,0,[-1,0,0,2,0],1,0,[0,-1,0,0,1],1,2},{'A',[-1,-3,1,1,3],3,0,[-1,-4,0,2,4],2,0,[0,1,1,-1,-1],2,0},{'A',[1,2,-2,0,-2],3,0,[0,-1,-1,1,1],2,1,[1,4,0,-2,-4],2,0},{'A',[3,7,-5,-1,-7],4,0,[1,2,-2,0,-2],3,1,[1,3,-1,-1,-3],3,0},{'O',[-3,-7,5,1,7],4,[-3,-7,5,1,7],4,0}}
Adder graph: {{'A',[0,0,2,1,0],1,0,[0,0,0,1,0],0,0,[0,0,1,0,0],0,1},{'A',[-1,0,1,0,0],1,0,[0,0,1,0,0],0,0,[-1,0,0,0,0],0,0},{'A',[0,1,0,0,-1],1,0,[0,1,0,0,0],0,0,[0,0,0,0,-1],0,0},{'A',[1,2,-1,0,-2],2,0,[0,1,0,0,-1],1,1,[1,0,-1,0,0],1,0},{'A',[1,2,-1,0,-2],3,1,[1,2,-1,0,-2],2,0,[1,2,-1,0,-2],2,0},{'A',[1,0,3,2,0],2,0,[0,0,2,1,0],1,1,[1,0,-1,0,0],1,0},{'A',[1,1,1,1,-1],3,1,[1,2,-1,0,-2],2,0,[1,0,3,2,0],2,0},{'A',[-3,-7,5,1,7],4,0,[1,1,1,1,-1],3,0,[-1,-2,1,0,2],3,2},{'O',[-3,-7,5,1,7],4,[-3,-7,5,1,7],4,0}}
Adder graph: {{'A',[1,0,0,-2,0],1,0,[1,0,0,0,0],0,0,[0,0,0,-1,0],0,1},{'A',[0,0,1,-1,0],1,0,[0,0,1,0,0],0,0,[0,0,0,-1,0],0,0},{'A',[0,-1,0,0,1],1,0,[0,0,0,0,1],0,0,[0,-1,0,0,0],0,0},{'A',[-1,0,4,-2,0],2,0,[0,0,1,-1,0],1,2,[-1,0,0,2,0],1,0},{'A',[0,1,1,-1,-1],2,0,[0,0,1,-1,0],1,0,[0,1,0,0,-1],1,0},{'A',[-1,-1,3,-1,1],3,0,[-1,0,4,-2,0],2,0,[0,-1,-1,1,1],2,0},{'A',[-1,-2,2,0,2],3,0,[-1,0,4,-2,0],2,0,[0,-1,-1,1,1],2,1},{'A',[3,7,-5,-1,-7],4,0,[-1,-1,3,-1,1],3,0,[1,2,-2,0,-2],3,2},{'O',[-3,-7,5,1,7],4,[-3,-7,5,1,7],4,0}}
Finished solving after 11494.8 seconds
Adder graph: {{'A',[1,0,0,-2,0],1,0,[1,0,0,0,0],0,0,[0,0,0,-1,0],0,1},{'A',[0,0,1,-1,0],1,0,[0,0,1,0,0],0,0,[0,0,0,-1,0],0,0},{'A',[0,-1,0,0,1],1,0,[0,0,0,0,1],0,0,[0,-1,0,0,0],0,0},{'A',[-1,0,4,-2,0],2,0,[0,0,1,-1,0],1,2,[-1,0,0,2,0],1,0},{'A',[0,1,1,-1,-1],2,0,[0,0,1,-1,0],1,0,[0,1,0,0,-1],1,0},{'A',[-1,-1,3,-1,1],3,0,[-1,0,4,-2,0],2,0,[0,-1,-1,1,1],2,0},{'A',[-1,-2,2,0,2],3,0,[-1,0,4,-2,0],2,0,[0,-1,-1,1,1],2,1},{'A',[3,7,-5,-1,-7],4,0,[-1,-1,3,-1,1],3,0,[1,2,-2,0,-2],3,2},{'O',[-3,-7,5,1,7],4,[-3,-7,5,1,7],4,0}}
#Add optimal = 1
#FAs optimal = 1
