Adder graph: {{'A',[1,0,1,0,0],1,0,[0,0,1,0,0],0,0,[1,0,0,0,0],0,0},{'A',[0,1,0,0,-1],1,0,[0,1,0,0,0],0,0,[0,0,0,0,-1],0,0},{'A',[1,-1,1,0,1],2,0,[1,0,1,0,0],1,0,[0,-1,0,0,1],1,0},{'A',[-3,3,-3,0,-3],3,0,[1,-1,1,0,1],2,0,[-1,1,-1,0,-1],2,2},{'A',[0,0,1,8,0],1,0,[0,0,0,1,0],0,3,[0,0,1,0,0],0,0},{'A',[0,2,1,8,-2],2,0,[0,0,1,8,0],1,0,[0,1,0,0,-1],1,1},{'A',[1,-3,0,-8,3],3,0,[1,-1,1,0,1],2,0,[0,-2,-1,-8,2],2,0},{'A',[-5,3,-6,-8,-3],4,0,[-3,3,-3,0,-3],3,1,[1,-3,0,-8,3],3,0},{'O',[-5,3,-6,-8,-3],4,[-5,3,-6,-8,-3],4,0}}
Adder graph: {{'A',[1,0,0,1,0],1,0,[1,0,0,0,0],0,0,[0,0,0,1,0],0,0},{'A',[-1,0,2,0,0],1,0,[0,0,1,0,0],0,1,[-1,0,0,0,0],0,0},{'A',[0,1,0,0,-1],1,0,[0,1,0,0,0],0,0,[0,0,0,0,-1],0,0},{'A',[2,0,0,2,0],2,0,[1,0,0,1,0],1,0,[1,0,0,1,0],1,0},{'A',[1,1,-2,0,-1],2,0,[0,1,0,0,-1],1,0,[1,0,-2,0,0],1,0},{'A',[-7,1,-2,-8,-1],3,0,[1,1,-2,0,-1],2,0,[-2,0,0,-2,0],2,2},{'A',[2,2,-4,0,-2],3,0,[1,1,-2,0,-1],2,0,[1,1,-2,0,-1],2,0},{'A',[-5,3,-6,-8,-3],4,0,[2,2,-4,0,-2],3,0,[-7,1,-2,-8,-1],3,0},{'O',[-5,3,-6,-8,-3],4,[-5,3,-6,-8,-3],4,0}}
Adder graph: {{'A',[0,0,2,0,1],1,0,[0,0,0,0,1],0,0,[0,0,1,0,0],0,1},{'A',[1,0,0,1,0],1,0,[0,0,0,1,0],0,0,[1,0,0,0,0],0,0},{'A',[0,1,0,-1,0],1,0,[0,1,0,0,0],0,0,[0,0,0,-1,0],0,0},{'A',[2,0,0,2,0],2,0,[1,0,0,1,0],1,0,[1,0,0,1,0],1,0},{'A',[0,-1,2,1,1],2,0,[0,0,2,0,1],1,0,[0,-1,0,1,0],1,0},{'A',[-2,-2,4,0,2],3,0,[0,-1,2,1,1],2,1,[-2,0,0,-2,0],2,0},{'A',[2,-2,4,4,2],3,0,[0,-1,2,1,1],2,1,[2,0,0,2,0],2,0},{'A',[-5,3,-6,-8,-3],4,1,[-2,-2,4,0,2],3,0,[-2,2,-4,-4,-2],3,2},{'O',[-5,3,-6,-8,-3],4,[-5,3,-6,-8,-3],4,0}}
Adder graph: {{'A',[0,-1,0,0,1],1,0,[0,0,0,0,1],0,0,[0,-1,0,0,0],0,0},{'A',[-1,0,2,0,0],1,0,[0,0,1,0,0],0,1,[-1,0,0,0,0],0,0},{'A',[1,0,0,1,0],1,0,[0,0,0,1,0],0,0,[1,0,0,0,0],0,0},{'A',[2,0,0,2,0],2,0,[1,0,0,1,0],1,0,[1,0,0,1,0],1,0},{'A',[-1,-1,2,0,1],2,0,[0,-1,0,0,1],1,0,[-1,0,2,0,0],1,0},{'A',[2,0,0,2,0],3,1,[2,0,0,2,0],2,0,[2,0,0,2,0],2,0},{'A',[-3,-3,6,0,3],3,0,[-1,-1,2,0,1],2,2,[1,1,-2,0,-1],2,0},{'A',[5,-3,6,8,3],4,0,[-3,-3,6,0,3],3,0,[2,0,0,2,0],3,2},{'O',[-5,3,-6,-8,-3],4,[-5,3,-6,-8,-3],4,0}}
Adder graph: {{'A',[1,1,0,0,0],1,0,[0,1,0,0,0],0,0,[1,0,0,0,0],0,0},{'A',[0,0,2,0,1],1,0,[0,0,1,0,0],0,1,[0,0,0,0,1],0,0},{'A',[-1,-1,2,0,1],2,0,[0,0,2,0,1],1,0,[-1,-1,0,0,0],1,0},{'A',[3,3,-6,0,-3],3,0,[-1,-1,2,0,1],2,0,[1,1,-2,0,-1],2,2},{'A',[1,0,0,1,0],1,0,[1,0,0,0,0],0,0,[0,0,0,1,0],0,0},{'A',[2,0,0,2,0],2,0,[1,0,0,1,0],1,0,[1,0,0,1,0],1,0},{'A',[1,0,0,1,0],3,2,[2,0,0,2,0],2,0,[2,0,0,2,0],2,0},{'A',[5,-3,6,8,3],4,0,[1,0,0,1,0],3,3,[-3,-3,6,0,3],3,0},{'O',[-5,3,-6,-8,-3],4,[-5,3,-6,-8,-3],4,0}}
Adder graph: {{'A',[1,0,0,1,0],1,0,[0,0,0,1,0],0,0,[1,0,0,0,0],0,0},{'A',[1,0,0,1,0],2,0,[1,0,0,1,0],1,1,[-1,0,0,-1,0],1,0},{'A',[0,1,0,0,-1],1,0,[0,1,0,0,0],0,0,[0,0,0,0,-1],0,0},{'A',[1,0,0,1,0],3,1,[1,0,0,1,0],2,0,[1,0,0,1,0],2,0},{'A',[-1,0,2,0,0],1,0,[0,0,1,0,0],0,1,[-1,0,0,0,0],0,0},{'A',[-1,-1,2,0,1],2,0,[-1,0,2,0,0],1,0,[0,-1,0,0,1],1,0},{'A',[3,3,-6,0,-3],3,0,[-1,-1,2,0,1],2,0,[1,1,-2,0,-1],2,2},{'A',[5,-3,6,8,3],4,0,[1,0,0,1,0],3,3,[-3,-3,6,0,3],3,0},{'O',[-5,3,-6,-8,-3],4,[-5,3,-6,-8,-3],4,0}}
Finished solving after 11226 seconds
Adder graph: {{'A',[1,0,0,1,0],1,0,[0,0,0,1,0],0,0,[1,0,0,0,0],0,0},{'A',[1,0,0,1,0],2,0,[1,0,0,1,0],1,1,[-1,0,0,-1,0],1,0},{'A',[0,1,0,0,-1],1,0,[0,1,0,0,0],0,0,[0,0,0,0,-1],0,0},{'A',[1,0,0,1,0],3,1,[1,0,0,1,0],2,0,[1,0,0,1,0],2,0},{'A',[-1,0,2,0,0],1,0,[0,0,1,0,0],0,1,[-1,0,0,0,0],0,0},{'A',[-1,-1,2,0,1],2,0,[-1,0,2,0,0],1,0,[0,-1,0,0,1],1,0},{'A',[3,3,-6,0,-3],3,0,[-1,-1,2,0,1],2,0,[1,1,-2,0,-1],2,2},{'A',[5,-3,6,8,3],4,0,[1,0,0,1,0],3,3,[-3,-3,6,0,3],3,0},{'O',[-5,3,-6,-8,-3],4,[-5,3,-6,-8,-3],4,0}}
#Add optimal = 1
#FAs optimal = 1
