Adder graph: {{'A',[0,2,0,0,1],1,0,[0,0,0,0,1],0,0,[0,1,0,0,0],0,1},{'A',[-1,0,1,0,0],1,0,[0,0,1,0,0],0,0,[-1,0,0,0,0],0,0},{'A',[0,-2,0,2,-1],2,0,[0,0,0,1,0],0,1,[0,-2,0,0,-1],1,0},{'A',[1,-2,-1,2,-1],3,0,[0,-2,0,2,-1],2,0,[1,0,-1,0,0],1,0},{'A',[4,-10,-4,8,-5],4,0,[1,-2,-1,2,-1],3,2,[0,-2,0,0,-1],1,0},{'A',[2,-6,-2,5,-3],5,1,[4,-10,-4,8,-5],4,0,[0,-2,0,2,-1],2,0},{'O',[2,-6,-2,5,-3],5,[2,-6,-2,5,-3],5,0}}
Adder graph: {{'A',[0,-1,0,1,0],1,0,[0,0,0,1,0],0,0,[0,-1,0,0,0],0,0},{'A',[0,2,0,-2,1],2,0,[0,0,0,0,1],0,0,[0,1,0,-1,0],1,1},{'A',[-1,0,1,0,0],1,0,[0,0,1,0,0],0,0,[-1,0,0,0,0],0,0},{'A',[-1,2,1,-2,1],3,0,[-1,0,1,0,0],1,0,[0,2,0,-2,1],2,0},{'A',[-2,6,2,-6,3],4,0,[-1,2,1,-2,1],3,1,[0,2,0,-2,1],2,0},{'A',[-2,6,2,-5,3],5,0,[0,0,0,1,0],0,0,[-2,6,2,-6,3],4,0},{'O',[2,-6,-2,5,-3],5,[2,-6,-2,5,-3],5,0}}
Adder graph: {{'A',[0,2,0,1,0],1,0,[0,0,0,1,0],0,0,[0,1,0,0,0],0,1},{'A',[0,2,0,1,1],2,0,[0,0,0,0,1],0,0,[0,2,0,1,0],1,0},{'A',[1,0,0,4,0],1,0,[1,0,0,0,0],0,0,[0,0,0,1,0],0,2},{'A',[0,2,1,1,1],3,0,[0,0,1,0,0],0,0,[0,2,0,1,1],2,0},{'A',[-2,2,0,-7,1],3,0,[0,2,0,1,1],2,0,[-1,0,0,-4,0],1,1},{'A',[-2,6,2,-5,3],4,0,[-2,2,0,-7,1],3,0,[0,2,1,1,1],3,1},{'O',[2,-6,-2,5,-3],4,[2,-6,-2,5,-3],4,0}}
Adder graph: {{'A',[0,0,1,-4,0],1,0,[0,0,1,0,0],0,0,[0,0,0,-1,0],0,2},{'A',[-1,0,1,-4,0],2,0,[0,0,1,-4,0],1,0,[-1,0,0,0,0],0,0},{'A',[0,0,0,1,1],1,0,[0,0,0,1,0],0,0,[0,0,0,0,1],0,0},{'A',[0,2,0,1,1],2,0,[0,0,0,1,1],1,0,[0,1,0,0,0],0,1},{'A',[0,6,0,3,3],3,0,[0,2,0,1,1],2,1,[0,2,0,1,1],2,0},{'A',[-2,6,2,-5,3],4,0,[0,6,0,3,3],3,0,[-1,0,1,-4,0],2,1},{'O',[2,-6,-2,5,-3],4,[2,-6,-2,5,-3],4,0}}
Adder graph: {{'A',[0,0,0,-1,1],1,0,[0,0,0,0,1],0,0,[0,0,0,-1,0],0,0},{'A',[0,2,0,-1,1],2,0,[0,1,0,0,0],0,1,[0,0,0,-1,1],1,0},{'A',[0,6,0,-3,3],3,0,[0,2,0,-1,1],2,1,[0,2,0,-1,1],2,0},{'A',[-1,0,1,0,0],1,0,[0,0,1,0,0],0,0,[-1,0,0,0,0],0,0},{'A',[1,0,-1,1,0],2,0,[0,0,0,1,0],0,0,[1,0,-1,0,0],1,0},{'A',[-2,6,2,-5,3],4,0,[0,6,0,-3,3],3,0,[-1,0,1,-1,0],2,1},{'O',[2,-6,-2,5,-3],4,[2,-6,-2,5,-3],4,0}}
Adder graph: {{'A',[0,0,0,-1,1],1,0,[0,0,0,0,1],0,0,[0,0,0,-1,0],0,0},{'A',[0,2,0,-1,1],2,0,[0,0,0,-1,1],1,0,[0,1,0,0,0],0,1},{'A',[1,0,-1,0,0],1,0,[1,0,0,0,0],0,0,[0,0,-1,0,0],0,0},{'A',[2,2,-2,-1,1],3,0,[0,2,0,-1,1],2,0,[1,0,-1,0,0],1,1},{'A',[2,-6,-2,3,-3],4,0,[2,2,-2,-1,1],3,0,[0,-2,0,1,-1],2,2},{'A',[2,-6,-2,5,-3],5,0,[0,0,0,1,0],0,1,[2,-6,-2,3,-3],4,0},{'O',[2,-6,-2,5,-3],5,[2,-6,-2,5,-3],5,0}}
Adder graph: {{'A',[0,0,0,-1,1],1,0,[0,0,0,0,1],0,0,[0,0,0,-1,0],0,0},{'A',[0,2,0,-1,1],2,0,[0,1,0,0,0],0,1,[0,0,0,-1,1],1,0},{'A',[0,2,0,1,1],3,0,[0,2,0,-1,1],2,0,[0,0,0,1,0],0,1},{'A',[-1,0,1,0,0],1,0,[0,0,1,0,0],0,0,[-1,0,0,0,0],0,0},{'A',[0,-6,0,5,-3],4,0,[0,2,0,1,1],3,0,[0,-2,0,1,-1],2,2},{'A',[2,-6,-2,5,-3],5,0,[0,-6,0,5,-3],4,0,[1,0,-1,0,0],1,1},{'O',[2,-6,-2,5,-3],5,[2,-6,-2,5,-3],5,0}}
Adder graph: {{'A',[0,0,0,1,1],1,0,[0,0,0,1,0],0,0,[0,0,0,0,1],0,0},{'A',[-1,0,1,0,0],1,0,[0,0,1,0,0],0,0,[-1,0,0,0,0],0,0},{'A',[0,2,0,1,1],2,0,[0,0,0,1,1],1,0,[0,1,0,0,0],0,1},{'A',[2,2,-2,1,1],3,0,[0,2,0,1,1],2,0,[1,0,-1,0,0],1,1},{'A',[0,2,0,-1,1],3,0,[0,2,0,1,1],2,0,[0,0,0,-1,0],0,1},{'A',[2,-6,-2,5,-3],4,0,[2,2,-2,1,1],3,0,[0,-2,0,1,-1],3,2},{'O',[2,-6,-2,5,-3],4,[2,-6,-2,5,-3],4,0}}
Finished solving after 3770.25 seconds
Adder graph: {{'A',[0,0,0,1,1],1,0,[0,0,0,1,0],0,0,[0,0,0,0,1],0,0},{'A',[-1,0,1,0,0],1,0,[0,0,1,0,0],0,0,[-1,0,0,0,0],0,0},{'A',[0,2,0,1,1],2,0,[0,0,0,1,1],1,0,[0,1,0,0,0],0,1},{'A',[2,2,-2,1,1],3,0,[0,2,0,1,1],2,0,[1,0,-1,0,0],1,1},{'A',[0,2,0,-1,1],3,0,[0,2,0,1,1],2,0,[0,0,0,-1,0],0,1},{'A',[2,-6,-2,5,-3],4,0,[2,2,-2,1,1],3,0,[0,-2,0,1,-1],3,2},{'O',[2,-6,-2,5,-3],4,[2,-6,-2,5,-3],4,0}}
#Add optimal = 1
#FAs optimal = 1
