<graph>
{{'R',[64],3,[1],2,6},{'A',[42],3,[1],2,1,[5],2,3},{'A',[155],3,[5],2,5,[-5],2,0},{'A',[199],3,[51],2,2,[-5],2,0},{'A',[255],3,[1],2,8,[-1],2,0},{'R',[1],2,[1],1},{'A',[5],2,[1],1,0,[1],1,2},{'A',[51],2,[3],1,0,[3],1,4},{'R',[1],1,[1],0},{'A',[3],1,[1],0,0,[1],0,1}}
</graph>
<graph>
{{'A',[33],3,[1],2,0,[1],2,5},{'A',[75],3,[5],2,4,[-5],2,0},{'A',[182],3,[5],2,4,[51],2,1},{'A',[205],3,[1],2,0,[51],2,2},{'A',[237],3,[9],2,5,[-51],2,0},{'R',[1],2,[1],1},{'A',[5],2,[1],1,0,[1],1,2},{'A',[9],2,[1],1,0,[1],1,3},{'A',[51],2,[3],1,0,[3],1,4},{'R',[1],1,[1],0},{'A',[3],1,[1],0,0,[1],0,1}}
</graph>
<merge>
255;75
</merge>
<merge>
155;237
</merge>
<merge>
64;182
</merge>
<merge>
199;33
</merge>
<merge>
42;205
</merge>