Adder graph: {{'A',[0,1,2,0,0],1,0,[0,1,0,0,0],0,0,[0,0,1,0,0],0,1},{'A',[0,0,0,2,0],1,0,[0,0,0,1,0],0,0,[0,0,0,1,0],0,0},{'A',[1,0,0,0,2],1,0,[1,0,0,0,0],0,0,[0,0,0,0,1],0,1},{'A',[0,1,2,2,0],2,0,[0,0,0,2,0],1,0,[0,1,2,0,0],1,0},{'A',[2,1,2,0,4],2,0,[0,1,2,0,0],1,0,[1,0,0,0,2],1,1},{'A',[1,1,2,1,2],3,1,[0,1,2,2,0],2,0,[2,1,2,0,4],2,0},{'O',[-1,-1,-2,-1,-2],3,[-1,-1,-2,-1,-2],3,0}}
Adder graph: {{'A',[1,0,0,1,0],1,0,[0,0,0,1,0],0,0,[1,0,0,0,0],0,0},{'A',[0,1,0,0,1],1,0,[0,1,0,0,0],0,0,[0,0,0,0,1],0,0},{'A',[1,2,0,1,2],2,0,[1,0,0,1,0],1,0,[0,1,0,0,1],1,1},{'A',[0,0,2,0,1],1,0,[0,0,0,0,1],0,0,[0,0,1,0,0],0,1},{'A',[1,0,4,1,2],2,0,[1,0,0,1,0],1,0,[0,0,2,0,1],1,1},{'A',[1,1,2,1,2],3,1,[1,2,0,1,2],2,0,[1,0,4,1,2],2,0},{'O',[-1,-1,-2,-1,-2],3,[-1,-1,-2,-1,-2],3,0}}
Adder graph: {{'A',[0,0,0,1,1],1,0,[0,0,0,0,1],0,0,[0,0,0,1,0],0,0},{'A',[0,0,0,1,1],2,0,[0,0,0,1,1],1,1,[0,0,0,-1,-1],1,0},{'A',[1,0,0,0,1],1,0,[0,0,0,0,1],0,0,[1,0,0,0,0],0,0},{'A',[0,1,2,0,0],1,0,[0,0,1,0,0],0,1,[0,1,0,0,0],0,0},{'A',[1,1,2,0,1],2,0,[1,0,0,0,1],1,0,[0,1,2,0,0],1,0},{'A',[1,1,2,1,2],3,0,[0,0,0,1,1],2,0,[1,1,2,0,1],2,0},{'O',[-1,-1,-2,-1,-2],3,[-1,-1,-2,-1,-2],3,0}}
Adder graph: {{'A',[1,0,0,0,0],1,1,[1,0,0,0,0],0,0,[1,0,0,0,0],0,0},{'A',[0,0,1,0,1],1,0,[0,0,0,0,1],0,0,[0,0,1,0,0],0,0},{'A',[0,1,0,1,0],1,0,[0,1,0,0,0],0,0,[0,0,0,1,0],0,0},{'A',[2,1,0,1,0],2,0,[1,0,0,0,0],1,1,[0,1,0,1,0],1,0},{'A',[1,0,-2,0,-2],2,0,[1,0,0,0,0],1,0,[0,0,-1,0,-1],1,1},{'A',[-1,-1,-2,-1,-2],3,0,[1,0,-2,0,-2],2,0,[-2,-1,0,-1,0],2,0},{'O',[-1,-1,-2,-1,-2],3,[-1,-1,-2,-1,-2],3,0}}
Adder graph: {{'A',[0,0,1,0,1],1,0,[0,0,1,0,0],0,0,[0,0,0,0,1],0,0},{'A',[0,0,2,0,2],2,0,[0,0,1,0,1],1,0,[0,0,1,0,1],1,0},{'A',[1,1,0,0,0],1,0,[1,0,0,0,0],0,0,[0,1,0,0,0],0,0},{'A',[0,0,0,1,0],1,1,[0,0,0,1,0],0,0,[0,0,0,1,0],0,0},{'A',[1,1,0,1,0],2,0,[1,1,0,0,0],1,0,[0,0,0,1,0],1,0},{'A',[1,1,2,1,2],3,0,[1,1,0,1,0],2,0,[0,0,2,0,2],2,0},{'O',[-1,-1,-2,-1,-2],3,[-1,-1,-2,-1,-2],3,0}}
Adder graph: {{'A',[0,0,1,0,1],1,0,[0,0,0,0,1],0,0,[0,0,1,0,0],0,0},{'A',[0,0,1,0,1],2,1,[0,0,1,0,1],1,0,[0,0,1,0,1],1,0},{'A',[1,0,0,0,0],1,0,[1,0,0,0,0],0,1,[-1,0,0,0,0],0,0},{'A',[0,1,0,1,0],1,0,[0,1,0,0,0],0,0,[0,0,0,1,0],0,0},{'A',[1,1,0,1,0],2,0,[0,1,0,1,0],1,0,[1,0,0,0,0],1,0},{'A',[1,1,2,1,2],3,0,[0,0,1,0,1],2,1,[1,1,0,1,0],2,0},{'O',[-1,-1,-2,-1,-2],3,[-1,-1,-2,-1,-2],3,0}}
Finished solving after 6.088 seconds
Adder graph: {{'A',[0,0,1,0,1],1,0,[0,0,0,0,1],0,0,[0,0,1,0,0],0,0},{'A',[0,0,1,0,1],2,1,[0,0,1,0,1],1,0,[0,0,1,0,1],1,0},{'A',[1,0,0,0,0],1,0,[1,0,0,0,0],0,1,[-1,0,0,0,0],0,0},{'A',[0,1,0,1,0],1,0,[0,1,0,0,0],0,0,[0,0,0,1,0],0,0},{'A',[1,1,0,1,0],2,0,[0,1,0,1,0],1,0,[1,0,0,0,0],1,0},{'A',[1,1,2,1,2],3,0,[0,0,1,0,1],2,1,[1,1,0,1,0],2,0},{'O',[-1,-1,-2,-1,-2],3,[-1,-1,-2,-1,-2],3,0}}
#Add optimal = 1
#FAs optimal = 1
