<graph>
{{'A',[1958],3,[1095],2,1,[-29],2,3},{'A',[1479],3,[3],2,7,[1095],2,0},{'A',[3033],3,[3],2,10,[-39],2,0},{'A',[3],2,[1],1,0,[1],1,1},{'A',[29],2,[1],1,0,[7],1,2},{'A',[39],2,[1],1,5,[7],1,0},{'A',[1095],2,[7],1,0,[17],1,6},{'R',[1],1,[1],0},{'A',[7],1,[1],0,3,[-1],0,0},{'A',[17],1,[1],0,0,[1],0,4}}
</graph>
<graph>
{{'A',[929],3,[3],2,7,[545],2,0},{'A',[2291],3,[145],2,4,[-29],2,0},{'A',[3275],3,[545],2,2,[1095],2,0},{'A',[3],2,[1],1,0,[1],1,1},{'A',[29],2,[1],1,0,[7],1,2},{'A',[145],2,[1],1,7,[17],1,0},{'A',[545],2,[1],1,0,[17],1,5},{'A',[1095],2,[7],1,0,[17],1,6},{'R',[1],1,[1],0},{'A',[7],1,[1],0,3,[-1],0,0},{'A',[17],1,[1],0,0,[1],0,4}}
</graph>
<graph>
{{'A',[2412],3,[29],2,3,[545],2,2},{'A',[725],3,[145],2,0,[145],2,2},{'A',[2622],3,[29],2,7,[-545],2,1},{'A',[29],2,[1],1,0,[7],1,2},{'A',[145],2,[1],1,7,[17],1,0},{'A',[545],2,[1],1,0,[17],1,5},{'R',[1],1,[1],0},{'A',[7],1,[1],0,3,[-1],0,0},{'A',[17],1,[1],0,0,[1],0,4}}
</graph>
<merge>
1479;3275;2622
</merge>
<merge>
1958;929;725
</merge>
<merge>
3033;2291;2412
</merge>