<graph>
{{'A',[594],3,[9],2,1,[9],2,6},{'A',[2660],3,[95],2,5,[-95],2,2},{'A',[2311],3,[95],2,3,[1551],2,0},{'A',[9],2,[1],1,0,[1],1,3},{'A',[95],2,[3],1,5,[-1],1,0},{'A',[1551],2,[3],1,9,[15],1,0},{'R',[1],1,[1],0},{'A',[3],1,[1],0,0,[1],0,1},{'A',[15],1,[1],0,4,[-1],0,0}}
</graph>
<graph>
{{'A',[3760],3,[479],2,3,[-9],2,3},{'A',[3262],3,[9],2,8,[479],2,1},{'A',[1907],3,[479],2,2,[-9],2,0},{'A',[9],2,[1],1,0,[1],1,3},{'A',[479],2,[15],1,5,[-1],1,0},{'R',[1],1,[1],0},{'A',[15],1,[1],0,4,[-1],0,0}}
</graph>
<graph>
{{'A',[1263],3,[1551],2,0,[-9],2,5},{'A',[1447],3,[1551],2,0,[-13],2,3},{'A',[3111],3,[9],2,0,[1551],2,1},{'A',[9],2,[1],1,0,[1],1,3},{'A',[13],2,[1],1,0,[3],1,2},{'A',[1551],2,[3],1,9,[15],1,0},{'R',[1],1,[1],0},{'A',[3],1,[1],0,0,[1],0,1},{'A',[15],1,[1],0,4,[-1],0,0}}
</graph>
<merge>
2311;3760;1447
</merge>
<merge>
2660;3262;1263
</merge>
<merge>
594;1907;3111
</merge>