<graph>
{{'A',[3460],3,[75],2,5,[265],2,2},{'A',[2358],3,[75],2,5,[-21],2,1},{'A',[2313],3,[1],2,11,[265],2,0},{'R',[1],2,[1],1},{'A',[21],2,[3],1,3,[-3],1,0},{'A',[75],2,[3],1,0,[9],1,3},{'A',[265],2,[1],1,8,[9],1,0},{'R',[1],1,[1],0},{'A',[3],1,[1],0,0,[1],0,1},{'A',[9],1,[1],0,0,[1],0,3}}
</graph>
<graph>
{{'A',[17],3,[1],2,0,[1],2,4},{'A',[181],3,[1],2,8,[-75],2,0},{'A',[1986],3,[1],2,1,[31],2,6},{'R',[1],2,[1],1},{'A',[31],2,[1],1,5,[-1],1,0},{'A',[75],2,[3],1,0,[9],1,3},{'R',[1],1,[1],0},{'A',[3],1,[1],0,0,[1],0,1},{'A',[9],1,[1],0,0,[1],0,3}}
</graph>
<graph>
{{'A',[158],3,[1],2,3,[75],2,1},{'A',[621],3,[21],2,0,[75],2,3},{'A',[3059],3,[385],2,3,[-21],2,0},{'R',[1],2,[1],1},{'A',[21],2,[3],1,3,[-3],1,0},{'A',[75],2,[3],1,0,[9],1,3},{'A',[385],2,[1],1,0,[3],1,7},{'R',[1],1,[1],0},{'A',[3],1,[1],0,0,[1],0,1},{'A',[9],1,[1],0,0,[1],0,3}}
</graph>
<merge>
2313;1986;621
</merge>
<merge>
3460;17;158
</merge>
<merge>
2358;181;3059
</merge>