<graph>
{{'A',[1244],3,[39],2,5,[-1],2,2},{'A',[2362],3,[5],2,9,[-99],2,1},{'A',[4015],3,[4093],2,0,[-39],2,1},{'R',[1],2,[1],1},{'R',[5],2,[5],1},{'A',[39],2,[5],1,3,[-1],1,0},{'A',[99],2,[3],1,0,[3],1,5},{'A',[4093],2,[1],1,12,[-3],1,0},{'R',[1],1,[1],0},{'A',[3],1,[1],0,0,[1],0,1},{'A',[5],1,[1],0,0,[1],0,2}}
</graph>
<graph>
{{'A',[838],3,[5],2,7,[99],2,1},{'A',[2595],3,[39],2,6,[99],2,0},{'A',[4073],3,[4093],2,0,[-5],2,2},{'R',[5],2,[5],1},{'A',[39],2,[5],1,3,[-1],1,0},{'A',[99],2,[3],1,0,[3],1,5},{'A',[4093],2,[1],1,12,[-3],1,0},{'R',[1],1,[1],0},{'A',[3],1,[1],0,0,[1],0,1},{'A',[5],1,[1],0,0,[1],0,2}}
</graph>
<graph>
{{'A',[272],3,[1],2,4,[1],2,8},{'A',[70],3,[39],2,1,[-1],2,3},{'A',[3194],3,[4093],2,1,[-39],2,7},{'R',[1],2,[1],1},{'A',[39],2,[5],1,3,[-1],1,0},{'A',[4093],2,[1],1,12,[-3],1,0},{'R',[1],1,[1],0},{'A',[3],1,[1],0,0,[1],0,1},{'A',[5],1,[1],0,0,[1],0,2}}
</graph>
<merge>
2362;4073;3194
</merge>
<merge>
1244;2595;70
</merge>
<merge>
4015;838;272
</merge>