<graph>
{{'R',[161],3,[161],2},{'A',[834],3,[521],2,1,[-13],2,4},{'A',[3239],3,[13],2,8,[-89],2,0},{'A',[13],2,[7],1,1,[-1],1,0},{'A',[89],2,[7],1,3,[33],1,0},{'A',[161],2,[1],1,7,[33],1,0},{'A',[521],2,[33],1,4,[-7],1,0},{'R',[1],1,[1],0},{'A',[7],1,[1],0,3,[-1],0,0},{'A',[33],1,[1],0,0,[1],0,5}}
</graph>
<graph>
{{'A',[1686],3,[161],2,2,[521],2,1},{'A',[1503],3,[13],2,7,[-161],2,0},{'A',[3618],3,[161],2,4,[521],2,1},{'A',[13],2,[7],1,1,[-1],1,0},{'A',[161],2,[1],1,7,[33],1,0},{'A',[521],2,[33],1,4,[-7],1,0},{'R',[1],1,[1],0},{'A',[7],1,[1],0,3,[-1],0,0},{'A',[33],1,[1],0,0,[1],0,5}}
</graph>
<graph>
{{'A',[1486],3,[13],2,7,[-89],2,1},{'A',[1903],3,[2945],2,0,[-521],2,1},{'A',[3589],3,[161],2,2,[2945],2,0},{'A',[13],2,[7],1,1,[-1],1,0},{'A',[89],2,[7],1,3,[33],1,0},{'A',[161],2,[1],1,7,[33],1,0},{'A',[521],2,[33],1,4,[-7],1,0},{'A',[2945],2,[7],1,7,[2049],1,0},{'R',[1],1,[1],0},{'A',[7],1,[1],0,3,[-1],0,0},{'A',[33],1,[1],0,0,[1],0,5},{'A',[2049],1,[1],0,0,[1],0,11}}
</graph>
<merge>
3239;3618;1903
</merge>
<merge>
834;1686;3589
</merge>
<merge>
161;1503;1486
</merge>