<graph>
{{'A',[2656],3,[11],2,4,[155],2,4},{'A',[1563],3,[11],2,7,[155],2,0},{'A',[3919],3,[155],2,5,[-1041],2,0},{'A',[11],2,[1],1,0,[5],1,1},{'A',[155],2,[5],1,5,[-5],1,0},{'A',[1041],2,[1],1,10,[17],1,0},{'R',[1],1,[1],0},{'A',[5],1,[1],0,0,[1],0,2},{'A',[17],1,[1],0,0,[1],0,4}}
</graph>
<graph>
{{'R',[46],3,[23],2,1},{'A',[1592],3,[11],2,7,[23],2,3},{'A',[3032],3,[11],2,3,[23],2,7},{'A',[11],2,[1],1,0,[5],1,1},{'A',[23],2,[5],1,3,[-17],1,0},{'R',[1],1,[1],0},{'A',[5],1,[1],0,0,[1],0,2},{'A',[17],1,[1],0,0,[1],0,4}}
</graph>
<graph>
{{'A',[2568],3,[11],2,3,[155],2,4},{'A',[1409],3,[23],2,4,[1041],2,0},{'A',[3730],3,[59],2,6,[-23],2,1},{'A',[11],2,[1],1,0,[5],1,1},{'A',[23],2,[5],1,3,[-17],1,0},{'A',[59],2,[1],1,6,[-5],1,0},{'A',[155],2,[5],1,5,[-5],1,0},{'A',[1041],2,[1],1,10,[17],1,0},{'R',[1],1,[1],0},{'A',[5],1,[1],0,0,[1],0,2},{'A',[17],1,[1],0,0,[1],0,4}}
</graph>
<merge>
3919;3032;2568
</merge>
<merge>
1563;46;1409
</merge>
<merge>
2656;1592;3730
</merge>