Adder graph: {{'M',[2;1;1],1,[1;1;1],0,[1;0;0]},{'M',[1;4;1],1,[1;1;1],0,[0;2;0]},{'A',[7;8;5],2,[2;1;1],1,2,[-1;4;1],1,0},{'A',[42;16;10],3,[7;8;5],2,2,[7;-8;-5],2,1},{'M',[1;1;8],1,[1;1;1],0,[0;0;3]},{'M',[8;1;2],1,[1;1;1],0,[3;0;1]},{'A',[16;9;62],2,[1;1;8],1,3,[8;1;-2],1,0},{'A',[57;44;243],3,[16;9;62],2,2,[-7;8;-5],2,0},{'M',[16;16;10],3,[7;8;5],2,[NaN;1;1],[16;9;62],2,[0;NaN;NaN]},{'M',[32;9;62],3,[16;9;62],2,[1;0;0]},{'A',[96;55;102],4,[16;16;10],3,2,[32;-9;62],3,0},{'M',[228;16;20],4,[42;16;10],3,[NaN;0;1],[57;44;243],3,[2;NaN;NaN]},{'O',[228;16;20],4,[228;16;20],4,0},{'M',[42;176;243],4,[42;16;10],3,[0;NaN;NaN],[57;44;243],3,[NaN;2;0]},{'O',[42;176;243],4,[42;176;243],4,0},{'O',[96;55;102],4,[96;55;102],4,0}}
Adder graph: {{'M',[2;2;1],1,[1;1;1],0,[1;1;0]},{'M',[1;8;1],1,[1;1;1],0,[0;3;0]},{'A',[7;16;5],2,[2;2;1],1,2,[-1;8;1],1,0},{'M',[4;1;4],1,[1;1;1],0,[2;0;2]},{'M',[32;1;1],1,[1;1;1],0,[5;0;0]},{'A',[64;9;31],2,[4;1;4],1,3,[32;1;-1],1,0},{'M',[28;16;5],3,[7;16;5],2,[2;0;0]},{'M',[64;72;31],3,[64;9;31],2,[0;3;0]},{'A',[96;-16;102],4,[28;16;5],3,3,[-64;-72;31],3,1},{'M',[7;64;5],3,[7;16;5],2,[0;2;0]},{'M',[64;9;10],3,[7;16;5],2,[NaN;NaN;1],[64;9;31],2,[0;0;NaN]},{'A',[-57;55;-5],4,[7;64;5],3,0,[-64;-9;-10],3,0},{'M',[7;16;124],3,[7;16;5],2,[0;0;NaN],[64;9;31],2,[NaN;NaN;2]},{'M',[7;144;5],3,[7;16;5],2,[0;NaN;0],[64;9;31],2,[NaN;4;NaN]},{'A',[21;176;243],4,[7;16;124],3,1,[7;144;-5],3,0},{'M',[-228;-16;-20],5,[96;-16;102],4,[NaN;0;NaN],[-57;55;-5],4,[2;NaN;2]},{'O',[228;16;20],5,[228;16;20],5,0},{'M',[42;176;243],5,[21;176;243],4,[1;0;0]},{'O',[42;176;243],5,[42;176;243],5,0},{'M',[96;55;102],5,[96;-16;102],4,[0;NaN;0],[-57;55;-5],4,[NaN;0;NaN]},{'O',[96;55;102],5,[96;55;102],5,0}}
Adder graph: {{'M',[1;8;32],1,[1;1;1],0,[0;3;5]},{'M',[2;1;1],1,[1;1;1],0,[1;0;0]},{'A',[-1;7;31],2,[1;8;32],1,0,[-2;-1;-1],1,0},{'M',[8;1;2],1,[1;1;1],0,[3;0;1]},{'A',[14;1;5],2,[8;1;2],1,1,[-2;-1;1],1,0},{'A',[-57;11;51],3,[-1;7;31],2,0,[-14;1;5],2,2},{'A',[42;-1;-5],3,[14;1;5],2,0,[14;-1;-5],2,1},{'A',[6;55;243],3,[-1;7;31],2,3,[14;-1;-5],2,0},{'M',[-57;-4;-5],4,[-57;11;51],3,[0;NaN;NaN],[42;-1;-5],3,[NaN;2;0]},{'O',[228;16;20],4,[57;4;5],4,2},{'M',[42;176;243],4,[-57;11;51],3,[NaN;4;NaN],[42;-1;-5],3,[0;NaN;NaN],[6;55;243],3,[NaN;NaN;0]},{'O',[42;176;243],4,[42;176;243],4,0},{'M',[96;55;102],4,[-57;11;51],3,[NaN;NaN;1],[6;55;243],3,[4;0;NaN]},{'O',[96;55;102],4,[96;55;102],4,0}}
Adder graph: {{'M',[16;1;1],1,[1;1;1],0,[4;0;0]},{'M',[1;4;2],1,[1;1;1],0,[0;2;1]},{'A',[18;-7;5],2,[16;1;1],1,0,[1;-4;2],1,1},{'M',[8;1;1],1,[1;1;1],0,[3;0;0]},{'M',[1;1;64],1,[1;1;1],0,[0;0;6]},{'A',[15;1;-62],2,[8;1;1],1,1,[-1;-1;-64],1,0},{'A',[-42;-11;-243],3,[18;-7;5],2,0,[-15;-1;-62],2,2},{'M',[144;-56;5],3,[18;-7;5],2,[3;3;0]},{'M',[30;64;5],3,[18;-7;5],2,[NaN;NaN;0],[15;1;-62],2,[1;6;NaN]},{'A',[114;8;10],4,[144;-56;5],3,0,[-30;64;5],3,0},{'M',[144;1;-62],3,[18;-7;5],2,[3;NaN;NaN],[15;1;-62],2,[NaN;0;0]},{'M',[30;-7;5],3,[18;-7;5],2,[NaN;0;0],[15;1;-62],2,[1;NaN;NaN]},{'A',[-96;-55;-102],4,[144;1;-62],3,0,[-30;-7;-5],3,3},{'O',[228;16;20],4,[114;8;10],4,1},{'M',[-42;-176;-243],4,[-42;-11;-243],3,[0;4;0]},{'O',[42;176;243],4,[42;176;243],4,0},{'O',[96;55;102],4,[96;55;102],4,0}}
Adder graph: {{'M',[1;1;2],1,[1;1;1],0,[0;0;1]},{'M',[8;1;1],1,[1;1;1],0,[3;0;0]},{'A',[-6;1;5],2,[1;1;2],1,1,[-8;-1;1],1,0},{'A',[-24;4;20],3,[-6;1;5],2,3,[6;-1;-5],2,2},{'M',[4;1;1],1,[1;1;1],0,[2;0;0]},{'M',[1;16;64],1,[1;1;1],0,[0;4;6]},{'A',[9;-14;-62],2,[4;1;1],1,1,[1;-16;-64],1,0},{'A',[57;-22;-102],3,[9;-14;-62],2,0,[6;-1;-5],2,3},{'A',[-42;-55;-243],3,[-6;1;5],2,0,[-9;-14;-62],2,2},{'M',[228;16;20],4,[-24;4;20],3,[NaN;2;0],[57;-22;-102],3,[2;NaN;NaN]},{'O',[228;16;20],4,[228;16;20],4,0},{'M',[-42;-176;-243],4,[57;-22;-102],3,[NaN;3;NaN],[-42;-55;-243],3,[0;NaN;0]},{'O',[42;176;243],4,[42;176;243],4,0},{'M',[-96;-55;-102],4,[-24;4;20],3,[2;NaN;NaN],[57;-22;-102],3,[NaN;NaN;0],[-42;-55;-243],3,[NaN;0;NaN]},{'O',[96;55;102],4,[96;55;102],4,0}}
Adder graph: {{'M',[2;16;1],1,[1;1;1],0,[1;4;0]},{'M',[1;2;1],1,[1;1;1],0,[0;1;0]},{'A',[6;8;5],2,[2;16;1],1,0,[1;-2;1],1,2},{'R',[6;8;5],3,[6;8;5],2},{'M',[1;1;8],1,[1;1;1],0,[0;0;3]},{'M',[1;1;2],1,[1;1;1],0,[0;0;1]},{'A',[9;9;62],2,[1;1;8],1,3,[1;1;-2],1,0},{'A',[57;55;102],3,[6;8;5],2,3,[9;-9;62],2,0},{'A',[42;44;243],3,[9;9;62],2,2,[6;8;-5],2,0},{'M',[114;8;10],4,[6;8;5],3,[NaN;0;1],[57;55;102],3,[1;NaN;NaN]},{'O',[228;16;20],4,[114;8;10],4,1},{'M',[42;176;243],4,[42;44;243],3,[0;2;0]},{'O',[42;176;243],4,[42;176;243],4,0},{'M',[96;55;102],4,[6;8;5],3,[4;NaN;NaN],[57;55;102],3,[NaN;0;0]},{'O',[96;55;102],4,[96;55;102],4,0}}
Adder graph: {{'M',[1;2;2],1,[1;1;1],0,[0;1;1]},{'M',[4;4;1],1,[1;1;1],0,[2;2;0]},{'A',[6;8;5],2,[1;2;2],1,1,[4;4;1],1,0},{'M',[1;1;8],1,[1;1;1],0,[0;0;3]},{'M',[1;1;2],1,[1;1;1],0,[0;0;1]},{'A',[9;9;62],2,[1;1;8],1,3,[1;1;-2],1,0},{'A',[57;55;102],3,[6;8;5],2,3,[9;-9;62],2,0},{'A',[12;16;10],3,[6;8;5],2,0,[6;8;5],2,0},{'A',[42;44;243],3,[9;9;62],2,2,[6;8;-5],2,0},{'M',[228;16;20],4,[57;55;102],3,[2;NaN;NaN],[12;16;10],3,[NaN;0;1]},{'O',[228;16;20],4,[228;16;20],4,0},{'M',[42;176;243],4,[42;44;243],3,[0;2;0]},{'O',[42;176;243],4,[42;176;243],4,0},{'M',[96;55;102],4,[57;55;102],3,[NaN;0;0],[12;16;10],3,[3;NaN;NaN]},{'O',[96;55;102],4,[96;55;102],4,0}}
Finished solving after 1537.58 seconds
Adder graph: {{'M',[1;2;2],1,[1;1;1],0,[0;1;1]},{'M',[4;4;1],1,[1;1;1],0,[2;2;0]},{'A',[6;8;5],2,[1;2;2],1,1,[4;4;1],1,0},{'M',[1;1;8],1,[1;1;1],0,[0;0;3]},{'M',[1;1;2],1,[1;1;1],0,[0;0;1]},{'A',[9;9;62],2,[1;1;8],1,3,[1;1;-2],1,0},{'A',[57;55;102],3,[6;8;5],2,3,[9;-9;62],2,0},{'A',[12;16;10],3,[6;8;5],2,0,[6;8;5],2,0},{'A',[42;44;243],3,[9;9;62],2,2,[6;8;-5],2,0},{'M',[228;16;20],4,[57;55;102],3,[2;NaN;NaN],[12;16;10],3,[NaN;0;1]},{'O',[228;16;20],4,[228;16;20],4,0},{'M',[42;176;243],4,[42;44;243],3,[0;2;0]},{'O',[42;176;243],4,[42;176;243],4,0},{'M',[96;55;102],4,[57;55;102],3,[NaN;0;0],[12;16;10],3,[3;NaN;NaN]},{'O',[96;55;102],4,[96;55;102],4,0}}
# Add optimal = 1
# Mux optimal = 1
# Mux registers optimal = 1
# FAs optimal = 0
