<graph>
{{'A',[56],2,[1],1,6,[-1],1,3},{'A',[200],2,[1],1,3,[3],1,6},{'A',[130],2,[1],1,1,[1],1,7},{'A',[71],2,[9],1,3,[-1],1,0},{'A',[7],2,[1],1,3,[-1],1,0},{'R',[1],1,[1],0},{'A',[3],1,[1],0,0,[1],0,1},{'A',[9],1,[1],0,0,[1],0,3}}
</graph>
<graph>
{{'R',[6],2,[3],1,1},{'A',[38],2,[1],1,5,[3],1,1},{'A',[140],2,[1],1,7,[3],1,2},{'A',[182],2,[127],1,1,[-9],1,3},{'A',[194],2,[1],1,1,[3],1,6},{'R',[1],1,[1],0},{'A',[3],1,[1],0,0,[1],0,1},{'A',[9],1,[1],0,0,[1],0,3},{'A',[127],1,[1],0,7,[-1],0,0}}
</graph>
<graph>
{{'A',[232],2,[1],1,8,[-3],1,3},{'A',[124],2,[1],1,7,[-1],1,2},{'A',[230],2,[127],1,1,[-3],1,3},{'A',[141],2,[9],1,4,[-3],1,0},{'A',[151],2,[3],1,3,[127],1,0},{'R',[1],1,[1],0},{'A',[3],1,[1],0,0,[1],0,1},{'A',[9],1,[1],0,0,[1],0,3},{'A',[127],1,[1],0,7,[-1],0,0}}
</graph>
<merge>
200;194;151
</merge>
<merge>
7;38;124
</merge>
<merge>
130;6;141
</merge>
<merge>
71;140;230
</merge>
<merge>
56;182;232
</merge>