<graph>
{{'A',[29],2,[3],1,3,[5],1,0},{'A',[86],2,[3],1,1,[5],1,4},{'A',[236],2,[3],1,2,[7],1,5},{'A',[77],2,[5],1,4,[-3],1,0},{'A',[93],2,[3],1,5,[-3],1,0},{'A',[3],1,[1],0,0,[1],0,1},{'A',[5],1,[1],0,0,[1],0,2},{'A',[7],1,[1],0,3,[-1],0,0}}
</graph>
<graph>
{{'R',[28],2,[7],1,2},{'A',[94],2,[5],1,4,[7],1,1},{'A',[174],2,[5],1,5,[7],1,1},{'A',[143],2,[5],1,5,[-17],1,0},{'A',[199],2,[3],1,6,[7],1,0},{'A',[3],1,[1],0,0,[1],0,1},{'A',[5],1,[1],0,0,[1],0,2},{'A',[7],1,[1],0,3,[-1],0,0},{'A',[17],1,[1],0,0,[1],0,4}}
</graph>
<graph>
{{'R',[24],2,[3],1,3},{'R',[160],2,[5],1,5},{'A',[82],2,[3],1,5,[-7],1,1},{'A',[252],2,[17],1,4,[-5],1,2},{'A',[202],2,[3],1,6,[5],1,1},{'A',[3],1,[1],0,0,[1],0,1},{'A',[5],1,[1],0,0,[1],0,2},{'A',[7],1,[1],0,3,[-1],0,0},{'A',[17],1,[1],0,0,[1],0,4}}
</graph>
<merge>
29;174;24
</merge>
<merge>
93;199;82
</merge>
<merge>
77;28;202
</merge>
<merge>
236;94;252
</merge>
<merge>
86;143;160
</merge>