<graph>
{{'A',[50],3,[1],2,1,[3],2,4},{'A',[108],3,[35],2,2,[-1],2,5},{'A',[98],3,[1],2,1,[3],2,5},{'A',[67],3,[1],2,6,[3],2,0},{'A',[213],3,[3],2,6,[21],2,0},{'R',[1],2,[1],1},{'R',[3],2,[3],1},{'A',[21],2,[3],1,3,[-3],1,0},{'A',[35],2,[1],1,5,[3],1,0},{'R',[1],1,[1],0},{'A',[3],1,[1],0,0,[1],0,1}}
</graph>
<graph>
{{'A',[14],3,[1],2,4,[-1],2,1},{'A',[83],3,[21],2,2,[-1],2,0},{'A',[117],3,[3],2,5,[21],2,0},{'A',[163],3,[1],2,7,[35],2,0},{'A',[27],3,[35],2,0,[-1],2,3},{'R',[1],2,[1],1},{'R',[3],2,[3],1},{'A',[21],2,[3],1,3,[-3],1,0},{'A',[35],2,[1],1,5,[3],1,0},{'R',[1],1,[1],0},{'A',[3],1,[1],0,0,[1],0,1}}
</graph>
<graph>
{{'R',[12],3,[3],2,2},{'A',[80],3,[1],2,4,[1],2,6},{'A',[150],3,[3],2,6,[-21],2,1},{'A',[193],3,[1],2,0,[3],2,6},{'A',[245],3,[35],2,3,[-35],2,0},{'R',[1],2,[1],1},{'R',[3],2,[3],1},{'A',[21],2,[3],1,3,[-3],1,0},{'A',[35],2,[1],1,5,[3],1,0},{'R',[1],1,[1],0},{'A',[3],1,[1],0,0,[1],0,1}}
</graph>
<merge>
98;27;193
</merge>
<merge>
50;163;150
</merge>
<merge>
108;14;80
</merge>
<merge>
213;117;245
</merge>
<merge>
67;83;12
</merge>