<graph>
{{'R',[9],2,[9],1},{'A',[56],2,[5],1,4,[-3],1,3},{'A',[97],2,[5],1,5,[-63],1,0},{'A',[206],2,[5],1,4,[63],1,1},{'A',[243],2,[63],1,2,[-9],1,0},{'A',[3],1,[1],0,0,[1],0,1},{'A',[5],1,[1],0,0,[1],0,2},{'A',[9],1,[1],0,0,[1],0,3},{'A',[63],1,[1],0,6,[-1],0,0}}
</graph>
<graph>
{{'A',[8],2,[3],1,4,[-5],1,3},{'A',[31],2,[9],1,2,[-5],1,0},{'A',[93],2,[3],1,5,[-3],1,0},{'A',[242],2,[63],1,2,[-5],1,1},{'A',[147],2,[3],1,0,[9],1,4},{'A',[3],1,[1],0,0,[1],0,1},{'A',[5],1,[1],0,0,[1],0,2},{'A',[9],1,[1],0,0,[1],0,3},{'A',[63],1,[1],0,6,[-1],0,0}}
</graph>
<graph>
{{'A',[154],2,[5],1,5,[-3],1,1},{'A',[162],2,[9],1,1,[9],1,4},{'A',[165],2,[5],1,0,[5],1,5},{'A',[197],2,[3],1,6,[5],1,0},{'A',[1],2,[3],1,1,[-5],1,0},{'A',[3],1,[1],0,0,[1],0,1},{'A',[5],1,[1],0,0,[1],0,2},{'A',[9],1,[1],0,0,[1],0,3}}
</graph>
<merge>
9;242;165
</merge>
<merge>
97;31;197
</merge>
<merge>
243;93;1
</merge>
<merge>
206;147;162
</merge>
<merge>
56;8;154
</merge>