<graph>
{{'R',[48],3,[3],2,4},{'A',[38],3,[3],2,3,[7],2,1},{'A',[54],3,[3],2,1,[3],2,4},{'A',[142],3,[3],2,1,[17],2,3},{'A',[89],3,[3],2,5,[-7],2,0},{'A',[167],3,[11],2,0,[39],2,2},{'A',[173],3,[11],2,4,[-3],2,0},{'A',[179],3,[3],2,0,[11],2,4},{'A',[183],3,[7],2,0,[11],2,4},{'A',[209],3,[3],2,6,[17],2,0},{'A',[3],2,[1],1,0,[1],1,1},{'A',[7],2,[1],1,3,[-1],1,0},{'A',[11],2,[1],1,0,[5],1,1},{'A',[17],2,[1],1,0,[1],1,4},{'A',[39],2,[5],1,3,[-1],1,0},{'R',[1],1,[1],0},{'A',[5],1,[1],0,0,[1],0,2}}
</graph>
<graph>
{{'A',[9],3,[3],2,0,[3],2,1},{'A',[45],3,[3],2,4,[-3],2,0},{'A',[204],3,[3],2,2,[3],2,6},{'A',[220],3,[3],2,6,[7],2,2},{'A',[234],3,[39],2,1,[39],2,2},{'A',[127],3,[11],2,3,[39],2,0},{'A',[217],3,[7],2,5,[-7],2,0},{'A',[221],3,[7],2,5,[-3],2,0},{'A',[235],3,[7],2,5,[11],2,0},{'A',[144],3,[3],2,4,[3],2,5},{'A',[3],2,[1],1,0,[1],1,1},{'A',[7],2,[1],1,3,[-1],1,0},{'A',[11],2,[1],1,0,[5],1,1},{'A',[39],2,[5],1,3,[-1],1,0},{'R',[1],1,[1],0},{'A',[5],1,[1],0,0,[1],0,2}}
</graph>
<graph>
{{'A',[2],3,[7],2,1,[-3],2,2},{'A',[30],3,[3],2,1,[3],2,3},{'A',[62],3,[3],2,1,[7],2,3},{'A',[85],3,[11],2,3,[-3],2,0},{'A',[137],3,[11],2,4,[-39],2,0},{'A',[143],3,[7],2,0,[17],2,3},{'A',[187],3,[11],2,0,[11],2,4},{'R',[192],3,[3],2,6},{'A',[216],3,[3],2,3,[3],2,6},{'A',[124],3,[3],2,2,[7],2,4},{'A',[3],2,[1],1,0,[1],1,1},{'A',[7],2,[1],1,3,[-1],1,0},{'A',[11],2,[1],1,0,[5],1,1},{'A',[17],2,[1],1,0,[1],1,4},{'A',[39],2,[5],1,3,[-1],1,0},{'R',[1],1,[1],0},{'A',[5],1,[1],0,0,[1],0,2}}
</graph>
<merge>
142;235;216
</merge>
<merge>
173;204;2
</merge>
<merge>
183;221;124
</merge>
<merge>
38;234;143
</merge>
<merge>
54;220;62
</merge>
<merge>
89;144;192
</merge>
<merge>
167;217;85
</merge>
<merge>
209;45;30
</merge>
<merge>
179;9;187
</merge>
<merge>
48;127;137
</merge>