<graph>
{{'R',[8],2,[1],1,3},{'R',[192],2,[3],1,6},{'R',[14],2,[7],1,1},{'A',[17],2,[1],1,0,[1],1,4},{'A',[200],2,[1],1,3,[3],1,6},{'A',[45],2,[3],1,4,[-3],1,0},{'A',[244],2,[1],1,8,[-3],1,2},{'A',[150],2,[5],1,5,[-5],1,1},{'A',[105],2,[7],1,4,[-7],1,0},{'A',[161],2,[1],1,0,[5],1,5},{'R',[1],1,[1],0},{'A',[3],1,[1],0,0,[1],0,1},{'A',[5],1,[1],0,0,[1],0,2},{'A',[7],1,[1],0,3,[-1],0,0}}
</graph>
<graph>
{{'A',[104],2,[1],1,3,[3],1,5},{'A',[140],2,[1],1,7,[3],1,2},{'A',[118],2,[1],1,7,[-5],1,1},{'A',[73],2,[5],1,4,[-7],1,0},{'A',[162],2,[1],1,1,[5],1,5},{'A',[99],2,[3],1,0,[3],1,5},{'A',[101],2,[3],1,5,[5],1,0},{'A',[109],2,[7],1,4,[-3],1,0},{'A',[195],2,[3],1,0,[3],1,6},{'A',[219],2,[7],1,5,[-5],1,0},{'R',[1],1,[1],0},{'A',[3],1,[1],0,0,[1],0,1},{'A',[5],1,[1],0,0,[1],0,2},{'A',[7],1,[1],0,3,[-1],0,0}}
</graph>
<graph>
{{'R',[160],2,[5],1,5},{'A',[62],2,[1],1,6,[-1],1,1},{'A',[78],2,[5],1,4,[-1],1,1},{'A',[86],2,[3],1,1,[5],1,4},{'A',[49],2,[1],1,0,[3],1,4},{'A',[65],2,[1],1,0,[1],1,6},{'A',[95],2,[3],1,5,[-1],1,0},{'A',[103],2,[3],1,5,[7],1,0},{'A',[107],2,[7],1,4,[-5],1,0},{'A',[157],2,[5],1,5,[-3],1,0},{'R',[1],1,[1],0},{'A',[3],1,[1],0,0,[1],0,1},{'A',[5],1,[1],0,0,[1],0,2},{'A',[7],1,[1],0,3,[-1],0,0}}
</graph>
<merge>
14;109;49
</merge>
<merge>
150;195;78
</merge>
<merge>
244;99;95
</merge>
<merge>
105;219;86
</merge>
<merge>
192;104;62
</merge>
<merge>
200;101;65
</merge>
<merge>
161;73;107
</merge>
<merge>
8;140;160
</merge>
<merge>
17;118;103
</merge>
<merge>
45;162;157
</merge>