<graph>
{{'R',[9],2,[9],1},{'A',[66],2,[1],1,1,[1],1,6},{'A',[252],2,[1],1,8,[-1],1,2},{'A',[117],2,[15],1,3,[-3],1,0},{'A',[125],2,[1],1,7,[-3],1,0},{'A',[155],2,[5],1,5,[-5],1,0},{'A',[185],2,[3],1,6,[-7],1,0},{'A',[237],2,[15],1,4,[-3],1,0},{'A',[249],2,[1],1,8,[-7],1,0},{'A',[130],2,[1],1,1,[1],1,7},{'R',[1],1,[1],0},{'A',[3],1,[1],0,0,[1],0,1},{'A',[5],1,[1],0,0,[1],0,2},{'A',[7],1,[1],0,3,[-1],0,0},{'A',[9],1,[1],0,0,[1],0,3},{'A',[15],1,[1],0,4,[-1],0,0}}
</graph>
<graph>
{{'R',[14],2,[7],1,1},{'R',[1],2,[1],1},{'A',[104],2,[1],1,3,[3],1,5},{'A',[47],2,[3],1,4,[-1],1,0},{'A',[55],2,[7],1,3,[-1],1,0},{'A',[236],2,[1],1,8,[-5],1,2},{'A',[65],2,[1],1,0,[1],1,6},{'A',[142],2,[1],1,7,[7],1,1},{'A',[166],2,[3],1,1,[5],1,5},{'A',[94],2,[3],1,5,[-1],1,1},{'R',[1],1,[1],0},{'A',[3],1,[1],0,0,[1],0,1},{'A',[5],1,[1],0,0,[1],0,2},{'A',[7],1,[1],0,3,[-1],0,0}}
</graph>
<graph>
{{'A',[19],2,[1],1,4,[3],1,0},{'A',[140],2,[1],1,7,[3],1,2},{'A',[41],2,[1],1,0,[5],1,3},{'A',[180],2,[3],1,6,[-3],1,2},{'A',[204],2,[3],1,2,[3],1,6},{'A',[57],2,[1],1,0,[7],1,3},{'A',[141],2,[9],1,4,[-3],1,0},{'A',[243],2,[3],1,0,[15],1,4},{'R',[64],2,[1],1,6},{'A',[71],2,[1],1,6,[7],1,0},{'R',[1],1,[1],0},{'A',[3],1,[1],0,0,[1],0,1},{'A',[5],1,[1],0,0,[1],0,2},{'A',[7],1,[1],0,3,[-1],0,0},{'A',[9],1,[1],0,0,[1],0,3},{'A',[15],1,[1],0,4,[-1],0,0}}
</graph>
<merge>
185;94;140
</merge>
<merge>
130;14;71
</merge>
<merge>
125;236;243
</merge>
<merge>
117;166;180
</merge>
<merge>
155;55;41
</merge>
<merge>
237;65;141
</merge>
<merge>
252;47;64
</merge>
<merge>
9;1;19
</merge>
<merge>
66;142;204
</merge>
<merge>
249;104;57
</merge>