Adder graph: {{'M',[256;1],1,[1;1],0,[8;0]},{'M',[4;1],1,[1;1],0,[2;0]},{'A',[224;-7],2,[256;1],1,0,[-4;-1],1,3},{'M',[2;1],1,[1;1],0,[1;0]},{'M',[224;32],3,[1;1],0,[NaN;5],[224;-7],2,[0;NaN]},{'A',[-222;-31],4,[2;1],1,0,[-224;-32],3,0},{'M',[1;-31],5,[1;1],0,[0;NaN],[-222;-31],4,[NaN;0]},{'M',[224;-14],3,[224;-7],2,[0;1]},{'A',[-223;-17],6,[1;-31],5,0,[-224;14],3,0},{'M',[-222;16],5,[1;1],0,[NaN;4],[-222;-31],4,[0;NaN]},{'M',[4;-7],3,[1;1],0,[2;NaN],[224;-7],2,[NaN;0]},{'A',[-218;9],6,[-222;16],5,0,[4;-7],3,0},{'M',[-223;-56],7,[224;-7],2,[NaN;3],[-223;-17],6,[0;NaN]},{'O',[223;56],7,[223;56],7,0},{'M',[-222;-136],7,[-222;-31],4,[0;NaN],[-223;-17],6,[NaN;3]},{'O',[222;136],7,[222;136],7,0},{'M',[-218;-248],7,[-222;-31],4,[NaN;3],[-218;9],6,[0;NaN]},{'O',[218;248],7,[218;248],7,0}}
Adder graph: {{'M',[1;8],1,[1;1],0,[0;3]},{'M',[1;4],1,[1;1],0,[0;2]},{'A',[33;136],2,[1;8],1,0,[1;4],1,5},{'M',[16;1],1,[1;1],0,[4;0]},{'M',[33;2],3,[1;1],0,[NaN;1],[33;136],2,[0;NaN]},{'A',[223;14],4,[16;1],1,4,[-33;-2],3,0},{'M',[223;136],5,[33;136],2,[NaN;0],[223;14],4,[0;NaN]},{'M',[1;136],3,[1;1],0,[0;NaN],[33;136],2,[NaN;0]},{'A',[222;272],6,[223;136],5,0,[-1;136],3,0},{'M',[222;136],7,[33;136],2,[NaN;0],[222;272],6,[0;NaN]},{'M',[1;28],5,[1;1],0,[0;NaN],[223;14],4,[NaN;1]},{'A',[218;248],8,[222;136],7,0,[-1;28],5,2},{'M',[223;56],5,[223;14],4,[0;2]},{'O',[223;56],5,[223;56],5,0},{'O',[222;136],7,[222;136],7,0},{'O',[218;248],8,[218;248],8,0}}
Adder graph: {{'M',[32;1],1,[1;1],0,[5;0]},{'M',[1;2],1,[1;1],0,[0;1]},{'A',[28;-7],2,[32;1],1,0,[-1;-2],1,2},{'M',[1;32],1,[1;1],0,[0;5]},{'A',[-223;-24],3,[1;32],1,0,[-28;-7],2,3},{'M',[112;-7],3,[28;-7],2,[2;0]},{'A',[-222;-34],4,[-223;-24],3,1,[112;7],3,1},{'M',[-222;-7],5,[28;-7],2,[NaN;0],[-222;-34],4,[0;NaN]},{'M',[4;-24],4,[1;1],0,[2;NaN],[-223;-24],3,[NaN;0]},{'A',[-218;-31],6,[-222;-7],5,0,[4;-24],4,0},{'M',[-223;-56],4,[28;-7],2,[NaN;3],[-223;-24],3,[0;NaN]},{'O',[223;56],4,[223;56],4,0},{'M',[-222;-136],5,[-222;-34],4,[0;2]},{'O',[222;136],5,[222;136],5,0},{'M',[-218;-248],7,[-218;-31],6,[0;3]},{'O',[218;248],7,[218;248],7,0}}
Adder graph: {{'M',[2;1],1,[1;1],0,[1;0]},{'A',[14;17],2,[1;1],0,4,[-2;1],1,0},{'A',[222;270],3,[14;17],2,4,[-1;-1],0,1},{'M',[222;64],4,[1;1],0,[NaN;6],[222;270],3,[0;NaN]},{'A',[-218;-62],5,[2;1],1,1,[-222;-64],4,0},{'M',[1;16],1,[1;1],0,[0;4]},{'M',[222;2],4,[1;1],0,[NaN;1],[222;270],3,[0;NaN]},{'A',[223;14],5,[1;16],1,0,[222;-2],4,0},{'M',[223;56],6,[223;14],5,[0;2]},{'O',[223;56],6,[223;56],6,0},{'M',[222;136],4,[14;17],2,[NaN;3],[222;270],3,[0;NaN]},{'O',[222;136],4,[222;136],4,0},{'M',[-218;-248],6,[-218;-62],5,[0;2]},{'O',[218;248],6,[218;248],6,0}}
Adder graph: {{'M',[1;4],1,[1;1],0,[0;2]},{'A',[-14;-62],2,[1;1],0,1,[-1;-4],1,4},{'M',[-14;1],3,[1;1],0,[NaN;0],[-14;-62],2,[0;NaN]},{'A',[-111;9],4,[-14;1],3,3,[1;1],0,0},{'M',[4;1],1,[1;1],0,[2;0]},{'A',[-218;-17],5,[4;1],1,0,[-111;-9],4,1},{'M',[-111;8],5,[1;1],0,[NaN;3],[-111;9],4,[0;NaN]},{'M',[1;72],5,[1;1],0,[0;NaN],[-111;9],4,[NaN;3]},{'A',[-223;-56],6,[-111;8],5,1,[-1;-72],5,0},{'O',[223;56],6,[223;56],6,0},{'M',[-111;-68],6,[-111;9],4,[0;NaN],[-218;-17],5,[NaN;2]},{'O',[222;136],6,[111;68],6,1},{'M',[-218;-248],6,[-14;-62],2,[NaN;2],[-218;-17],5,[0;NaN]},{'O',[218;248],6,[218;248],6,0}}
Adder graph: {{'M',[64;1],1,[1;1],0,[6;0]},{'A',[112;18],2,[64;1],1,1,[-1;1],0,4},{'A',[111;17],3,[112;18],2,0,[-1;-1],0,0},{'M',[111;64],4,[1;1],0,[NaN;6],[111;17],3,[0;NaN]},{'A',[-218;-124],5,[1;1],0,2,[-111;-64],4,1},{'M',[111;32],4,[1;1],0,[NaN;5],[111;17],3,[0;NaN]},{'A',[223;14],5,[111;32],4,0,[112;-18],2,0},{'M',[223;56],6,[223;14],5,[0;2]},{'O',[223;56],6,[223;56],6,0},{'M',[111;68],4,[111;17],3,[0;2]},{'O',[222;136],4,[111;68],4,1},{'M',[-218;-248],6,[-218;-124],5,[0;1]},{'O',[218;248],6,[218;248],6,0}}
Adder graph: {{'A',[-14;-14],1,[1;1],0,1,[-1;-1],0,4},{'M',[-14;2],2,[1;1],0,[NaN;1],[-14;-14],1,[0;NaN]},{'A',[-222;-30],3,[1;1],0,1,[-14;-2],2,4},{'A',[-223;-31],3,[1;1],0,0,[-14;-2],2,4},{'A',[-218;-34],4,[-222;-30],3,0,[1;-1],0,2},{'M',[-223;-56],4,[-14;-14],1,[NaN;2],[-223;-31],3,[0;NaN]},{'O',[223;56],4,[223;56],4,0},{'M',[-222;-136],5,[-222;-30],3,[0;NaN],[-218;-34],4,[NaN;2]},{'O',[222;136],5,[222;136],5,0},{'M',[-218;-248],5,[-223;-31],3,[NaN;3],[-218;-34],4,[0;NaN]},{'O',[218;248],5,[218;248],5,0}}
Adder graph: {{'M',[32;1],1,[1;1],0,[5;0]},{'A',[-255;-7],2,[1;1],0,0,[-32;-1],1,3},{'M',[1;4],1,[1;1],0,[0;2]},{'A',[-223;-135],3,[-255;-7],2,0,[1;-4],1,5},{'A',[-111;-68],4,[-223;-135],3,-1,[1;-1],0,-1},{'M',[1;-28],3,[1;1],0,[0;NaN],[-255;-7],2,[NaN;2]},{'A',[-218;-248],5,[-111;-68],4,1,[1;-28],3,2},{'M',[-223;-56],4,[-255;-7],2,[NaN;3],[-223;-135],3,[0;NaN]},{'O',[223;56],4,[223;56],4,0},{'O',[222;136],4,[111;68],4,1},{'O',[218;248],5,[218;248],5,0}}
Finished solving after 5.806 seconds
Adder graph: {{'M',[32;1],1,[1;1],0,[5;0]},{'A',[-255;-7],2,[1;1],0,0,[-32;-1],1,3},{'M',[1;4],1,[1;1],0,[0;2]},{'A',[-223;-135],3,[-255;-7],2,0,[1;-4],1,5},{'A',[-111;-68],4,[-223;-135],3,-1,[1;-1],0,-1},{'M',[1;-28],3,[1;1],0,[0;NaN],[-255;-7],2,[NaN;2]},{'A',[-218;-248],5,[-111;-68],4,1,[1;-28],3,2},{'M',[-223;-56],4,[-255;-7],2,[NaN;3],[-223;-135],3,[0;NaN]},{'O',[223;56],4,[223;56],4,0},{'O',[222;136],4,[111;68],4,1},{'O',[218;248],5,[218;248],5,0}}
# Add optimal = 1
# Mux optimal = 1
# FAs optimal = 0
