Adder graph: {{'M',[2;1],1,[1;1],0,[1;0]},{'M',[1;32],1,[1;1],0,[0;5]},{'A',[7;-28],2,[2;1],1,2,[-1;-32],1,0},{'M',[7;128],3,[1;1],0,[NaN;7],[7;-28],2,[0;NaN]},{'M',[14;-28],3,[7;-28],2,[1;0]},{'A',[21;156],4,[7;128],3,0,[14;28],3,0},{'M',[7;156],5,[7;-28],2,[0;NaN],[21;156],4,[NaN;0]},{'M',[112;1],3,[1;1],0,[NaN;0],[7;-28],2,[4;NaN]},{'A',[231;154],6,[7;156],5,0,[112;-1],3,1},{'M',[231;1],7,[1;1],0,[NaN;0],[231;154],6,[0;NaN]},{'M',[1;-28],3,[1;1],0,[0;NaN],[7;-28],2,[NaN;0]},{'A',[233;57],8,[231;1],7,0,[1;28],3,1},{'M',[231;4],7,[1;1],0,[NaN;2],[231;154],6,[0;NaN]},{'O',[231;4],7,[231;4],7,0},{'O',[233;57],8,[233;57],8,0},{'M',[42;154],7,[21;156],4,[1;NaN],[231;154],6,[NaN;0]},{'O',[42;154],7,[42;154],7,0}}
Adder graph: {{'M',[2;1],1,[1;1],0,[1;0]},{'M',[1;32],1,[1;1],0,[0;5]},{'A',[7;-28],2,[2;1],1,2,[-1;-32],1,0},{'M',[7;1],3,[1;1],0,[NaN;0],[7;-28],2,[0;NaN]},{'M',[112;-28],3,[7;-28],2,[4;0]},{'A',[231;57],4,[7;1],3,0,[112;28],3,1},{'M',[231;128],5,[1;1],0,[NaN;7],[231;57],4,[0;NaN]},{'A',[233;126],6,[231;128],5,0,[1;-1],0,1},{'M',[14;-28],3,[7;-28],2,[1;0]},{'M',[56;126],7,[7;-28],2,[3;NaN],[233;126],6,[NaN;0]},{'A',[-42;-154],8,[14;-28],3,0,[-56;-126],7,0},{'M',[231;4],5,[1;1],0,[NaN;2],[231;57],4,[0;NaN]},{'O',[231;4],5,[231;4],5,0},{'M',[233;57],7,[231;57],4,[NaN;0],[233;126],6,[0;NaN]},{'O',[233;57],7,[233;57],7,0},{'O',[42;154],8,[42;154],8,0}}
Adder graph: {{'M',[8;1],1,[1;1],0,[3;0]},{'M',[1;8],1,[1;1],0,[0;3]},{'A',[7;-7],2,[8;1],1,0,[-1;-8],1,0},{'M',[7;-112],3,[7;-7],2,[0;4]},{'M',[224;-7],3,[7;-7],2,[5;0]},{'A',[231;-105],4,[7;-112],3,0,[224;7],3,0},{'M',[231;1],5,[1;1],0,[NaN;0],[231;-105],4,[0;NaN]},{'M',[1;-28],3,[1;1],0,[0;NaN],[7;-7],2,[NaN;2]},{'A',[233;57],6,[231;1],5,0,[1;28],3,1},{'M',[7;-105],5,[7;-7],2,[0;NaN],[231;-105],4,[NaN;0]},{'A',[-42;-154],6,[7;-105],5,1,[-7;7],2,3},{'M',[231;4],5,[1;1],0,[NaN;2],[231;-105],4,[0;NaN]},{'O',[231;4],5,[231;4],5,0},{'O',[233;57],6,[233;57],6,0},{'O',[42;154],6,[42;154],6,0}}
Adder graph: {{'M',[1;64],1,[1;1],0,[0;6]},{'A',[7;-56],2,[1;1],0,3,[-1;-64],1,0},{'M',[28;1],3,[1;1],0,[NaN;0],[7;-56],2,[2;NaN]},{'A',[21;57],4,[28;1],3,0,[-7;56],2,0},{'M',[14;1],3,[1;1],0,[NaN;0],[7;-56],2,[1;NaN]},{'A',[231;-40],4,[14;1],3,4,[7;-56],2,0},{'M',[1;57],5,[1;1],0,[0;NaN],[21;57],4,[NaN;0]},{'A',[233;154],6,[1;57],5,1,[231;40],4,0},{'M',[231;4],5,[1;1],0,[NaN;2],[231;-40],4,[0;NaN]},{'O',[231;4],5,[231;4],5,0},{'M',[233;57],7,[21;57],4,[NaN;0],[233;154],6,[0;NaN]},{'O',[233;57],7,[233;57],7,0},{'M',[42;154],7,[21;57],4,[1;NaN],[233;154],6,[NaN;0]},{'O',[42;154],7,[42;154],7,0}}
Adder graph: {{'A',[7;7],1,[1;1],0,3,[-1;-1],0,0},{'M',[56;1],2,[1;1],0,[NaN;0],[7;7],1,[3;NaN]},{'A',[231;11],3,[56;1],2,2,[7;7],1,0},{'M',[14;1],2,[1;1],0,[NaN;0],[7;7],1,[1;NaN]},{'A',[-42;57],3,[14;1],2,0,[-7;7],1,3},{'M',[1;44],4,[1;1],0,[0;NaN],[231;11],3,[NaN;2]},{'A',[233;-77],5,[231;11],3,0,[1;-44],4,1},{'M',[231;4],4,[1;1],0,[NaN;2],[231;11],3,[0;NaN]},{'O',[231;4],4,[231;4],4,0},{'M',[233;57],6,[-42;57],3,[NaN;0],[233;-77],5,[0;NaN]},{'O',[233;57],6,[233;57],6,0},{'M',[-42;-154],6,[-42;57],3,[0;NaN],[233;-77],5,[NaN;1]},{'O',[42;154],6,[42;154],6,0}}
Adder graph: {{'A',[7;7],1,[1;1],0,3,[-1;-1],0,0},{'A',[-21;-21],2,[7;7],1,0,[-7;-7],1,2},{'M',[56;-21],3,[7;7],1,[3;NaN],[-21;-21],2,[NaN;0]},{'A',[231;-77],4,[56;-21],3,2,[7;7],1,0},{'M',[2;1],1,[1;1],0,[1;0]},{'M',[231;56],5,[7;7],1,[NaN;3],[231;-77],4,[0;NaN]},{'A',[233;57],6,[2;1],1,0,[231;56],5,0},{'M',[231;4],5,[1;1],0,[NaN;2],[231;-77],4,[0;NaN]},{'O',[231;4],5,[231;4],5,0},{'O',[233;57],6,[233;57],6,0},{'M',[-21;-77],5,[-21;-21],2,[0;NaN],[231;-77],4,[NaN;0]},{'O',[42;154],5,[21;77],5,1}}
Adder graph: {{'A',[7;7],1,[1;1],0,3,[-1;-1],0,0},{'M',[28;7],2,[7;7],1,[2;0]},{'A',[231;-49],3,[7;7],1,0,[28;-7],2,3},{'M',[7;-49],4,[7;7],1,[0;NaN],[231;-49],3,[NaN;0]},{'A',[42;154],5,[7;7],1,3,[-7;49],4,1},{'M',[1;4],1,[1;1],0,[0;2]},{'A',[233;57],4,[1;4],1,1,[231;49],3,0},{'M',[231;4],4,[1;1],0,[NaN;2],[231;-49],3,[0;NaN]},{'O',[231;4],4,[231;4],4,0},{'O',[233;57],4,[233;57],4,0},{'O',[42;154],5,[42;154],5,0}}
Finished solving after 3.686 seconds
Adder graph: {{'A',[7;7],1,[1;1],0,3,[-1;-1],0,0},{'M',[28;7],2,[7;7],1,[2;0]},{'A',[231;-49],3,[7;7],1,0,[28;-7],2,3},{'M',[7;-49],4,[7;7],1,[0;NaN],[231;-49],3,[NaN;0]},{'A',[42;154],5,[7;7],1,3,[-7;49],4,1},{'M',[1;4],1,[1;1],0,[0;2]},{'A',[233;57],4,[1;4],1,1,[231;49],3,0},{'M',[231;4],4,[1;1],0,[NaN;2],[231;-49],3,[0;NaN]},{'O',[231;4],4,[231;4],4,0},{'O',[233;57],4,[233;57],4,0},{'O',[42;154],5,[42;154],5,0}}
# Add optimal = 1
# Mux optimal = 1
# FAs optimal = 0
