Adder graph: {{'M',[1;2],1,[1;1],0,[0;1]},{'A',[7;14],2,[1;2],1,3,[-1;-2],1,0},{'M',[7;1],3,[1;1],0,[NaN;0],[7;14],2,[0;NaN]},{'M',[4;1],1,[1;1],0,[2;0]},{'A',[71;-15],4,[7;1],3,0,[4;-1],1,4},{'M',[71;-60],5,[71;-15],4,[0;2]},{'M',[56;1],3,[1;1],0,[NaN;0],[7;14],2,[3;NaN]},{'A',[183;-62],6,[71;-60],5,0,[56;-1],3,1},{'M',[1;14],3,[1;1],0,[0;NaN],[7;14],2,[NaN;0]},{'A',[-91;38],7,[1;14],3,-1,[-183;62],6,-1},{'M',[71;76],8,[71;-15],4,[0;NaN],[-91;38],7,[NaN;1]},{'O',[71;76],8,[71;76],8,0},{'M',[-91;-120],8,[71;-15],4,[NaN;3],[-91;38],7,[0;NaN]},{'O',[91;120],8,[91;120],8,0},{'M',[183;224],7,[7;14],2,[NaN;4],[183;-62],6,[0;NaN]},{'O',[183;224],7,[183;224],7,0}}
Adder graph: {{'M',[1;16],1,[1;1],0,[0;4]},{'A',[-7;-112],2,[1;16],1,0,[-1;-16],1,3},{'M',[8;1],1,[1;1],0,[3;0]},{'A',[-71;-120],3,[-7;-112],2,0,[-8;-1],1,3},{'M',[-71;4],4,[1;1],0,[NaN;2],[-71;-120],3,[0;NaN]},{'M',[-7;2],3,[1;1],0,[NaN;1],[-7;-112],2,[0;NaN]},{'A',[-183;36],5,[-71;4],4,0,[-7;2],3,4},{'M',[1;-112],3,[1;1],0,[0;NaN],[-7;-112],2,[NaN;0]},{'A',[-91;-38],6,[-183;36],5,-1,[1;-112],3,-1},{'M',[-71;-76],7,[-71;-120],3,[0;NaN],[-91;-38],6,[NaN;1]},{'O',[71;76],7,[71;76],7,0},{'M',[-91;-120],7,[-71;-120],3,[NaN;0],[-91;-38],6,[0;NaN]},{'O',[91;120],7,[91;120],7,0},{'M',[-183;-224],6,[-7;-112],2,[NaN;1],[-183;36],5,[0;NaN]},{'O',[183;224],6,[183;224],6,0}}
Adder graph: {{'M',[1;4],1,[1;1],0,[0;2]},{'M',[1;8],1,[1;1],0,[0;3]},{'A',[-7;-60],2,[1;4],1,0,[-1;-8],1,3},{'M',[4;1],1,[1;1],0,[2;0]},{'A',[-71;-76],3,[-7;-60],2,0,[-4;-1],1,4},{'M',[-7;1],3,[1;1],0,[NaN;0],[-7;-60],2,[0;NaN]},{'M',[-71;-240],4,[-7;-60],2,[NaN;2],[-71;-76],3,[0;NaN]},{'A',[-183;-224],5,[-7;1],3,4,[-71;-240],4,0},{'M',[1;-224],6,[1;1],0,[0;NaN],[-183;-224],5,[NaN;0]},{'A',[-91;0],7,[1;-224],6,-1,[-183;224],5,-1},{'O',[71;76],3,[71;76],3,0},{'M',[-91;-120],8,[-7;-60],2,[NaN;1],[-91;0],7,[0;NaN]},{'O',[91;120],8,[91;120],8,0},{'O',[183;224],5,[183;224],5,0}}
Adder graph: {{'M',[1;2],1,[1;1],0,[0;1]},{'A',[-7;-15],2,[1;1],0,0,[-1;-2],1,3},{'M',[16;1],1,[1;1],0,[4;0]},{'A',[71;19],3,[16;1],1,2,[7;15],2,0},{'M',[-7;2],3,[1;1],0,[NaN;1],[-7;-15],2,[0;NaN]},{'A',[183;-13],4,[71;19],3,0,[7;-2],3,4},{'A',[-91;7],5,[1;1],0,-1,[-183;13],4,-1},{'M',[71;76],4,[71;19],3,[0;2]},{'O',[71;76],4,[71;76],4,0},{'M',[-91;-120],6,[-7;-15],2,[NaN;3],[-91;7],5,[0;NaN]},{'O',[91;120],6,[91;120],6,0},{'M',[183;224],6,[183;-13],4,[0;NaN],[-91;7],5,[NaN;5]},{'O',[183;224],6,[183;224],6,0}}
Adder graph: {{'A',[7;7],1,[1;1],0,3,[-1;-1],0,0},{'M',[8;1],1,[1;1],0,[3;0]},{'A',[71;15],2,[7;7],1,0,[8;1],1,3},{'M',[28;15],3,[7;7],1,[2;NaN],[71;15],2,[NaN;0]},{'A',[183;75],4,[71;15],2,0,[28;15],3,2},{'A',[91;38],5,[183;75],4,-1,[-1;1],0,-1},{'M',[71;76],6,[71;15],2,[0;NaN],[91;38],5,[NaN;1]},{'O',[71;76],6,[71;76],6,0},{'M',[91;120],6,[71;15],2,[NaN;3],[91;38],5,[0;NaN]},{'O',[91;120],6,[91;120],6,0},{'M',[183;224],5,[7;7],1,[NaN;5],[183;75],4,[0;NaN]},{'O',[183;224],5,[183;224],5,0}}
Finished solving after 2.137 seconds
Adder graph: {{'A',[7;7],1,[1;1],0,3,[-1;-1],0,0},{'M',[8;1],1,[1;1],0,[3;0]},{'A',[71;15],2,[7;7],1,0,[8;1],1,3},{'M',[28;15],3,[7;7],1,[2;NaN],[71;15],2,[NaN;0]},{'A',[183;75],4,[71;15],2,0,[28;15],3,2},{'A',[91;38],5,[183;75],4,-1,[-1;1],0,-1},{'M',[71;76],6,[71;15],2,[0;NaN],[91;38],5,[NaN;1]},{'O',[71;76],6,[71;76],6,0},{'M',[91;120],6,[71;15],2,[NaN;3],[91;38],5,[0;NaN]},{'O',[91;120],6,[91;120],6,0},{'M',[183;224],5,[7;7],1,[NaN;5],[183;75],4,[0;NaN]},{'O',[183;224],5,[183;224],5,0}}
# Add optimal = 1
# Mux optimal = 1
# FAs optimal = 0
