<graph>
{{'R',[608],3,[19],2,5},{'A',[202],3,[51],2,2,[-1],2,1},{'A',[740],3,[51],2,4,[-19],2,2},{'R',[1],2,[1],1},{'A',[19],2,[1],1,4,[3],1,0},{'A',[51],2,[3],1,0,[3],1,4},{'R',[1],1,[1],0},{'A',[3],1,[1],0,0,[1],0,1}}
</graph>
<graph>
{{'A',[536],3,[1],2,7,[51],2,3},{'A',[285],3,[19],2,4,[-19],2,0},{'A',[613],3,[5],2,0,[19],2,5},{'R',[1],2,[1],1},{'A',[5],2,[1],1,0,[1],1,2},{'A',[19],2,[1],1,4,[3],1,0},{'A',[51],2,[3],1,0,[3],1,4},{'R',[1],1,[1],0},{'A',[3],1,[1],0,0,[1],0,1}}
</graph>
<graph>
{{'A',[26],3,[1],2,4,[5],2,1},{'A',[262],3,[5],2,5,[51],2,1},{'A',[532],3,[1],2,9,[5],2,2},{'R',[1],2,[1],1},{'A',[5],2,[1],1,0,[1],1,2},{'A',[51],2,[3],1,0,[3],1,4},{'R',[1],1,[1],0},{'A',[3],1,[1],0,0,[1],0,1}}
</graph>
<merge>
202;285;532
</merge>
<merge>
740;536;26
</merge>
<merge>
608;613;262
</merge>