<graph>
{{'A',[133],3,[3],2,6,[-59],2,0},{'A',[709],3,[3],2,8,[-59],2,0},{'A',[843],3,[49],2,4,[59],2,0},{'A',[3],2,[1],1,0,[1],1,1},{'A',[49],2,[1],1,6,[-15],1,0},{'A',[59],2,[15],1,2,[-1],1,0},{'R',[1],1,[1],0},{'A',[15],1,[1],0,4,[-1],0,0}}
</graph>
<graph>
{{'A',[80],3,[1],2,4,[1],2,6},{'A',[285],3,[49],2,0,[59],2,2},{'A',[453],3,[1],2,9,[-59],2,0},{'R',[1],2,[1],1},{'A',[49],2,[1],1,6,[-15],1,0},{'A',[59],2,[15],1,2,[-1],1,0},{'R',[1],1,[1],0},{'A',[15],1,[1],0,4,[-1],0,0}}
</graph>
<graph>
{{'A',[220],3,[59],2,2,[-1],2,4},{'A',[788],3,[1],2,2,[49],2,4},{'A',[735],3,[49],2,4,[-49],2,0},{'R',[1],2,[1],1},{'A',[49],2,[1],1,6,[-15],1,0},{'A',[59],2,[15],1,2,[-1],1,0},{'R',[1],1,[1],0},{'A',[15],1,[1],0,4,[-1],0,0}}
</graph>
<merge>
843;285;220
</merge>
<merge>
133;80;788
</merge>
<merge>
709;453;735
</merge>