Adder graph: {{'A',[-31;-31;-31],1,[1;1;1],0,0,[-1;-1;-1],0,5},{'M',[1;4;4],1,[1;1;1],0,[0;2;2]},{'M',[1;16;256],1,[1;1;1],0,[0;4;8]},{'A',[496;1792;-2048],2,[1;4;4],1,9,[-1;-16;-256],1,4},{'A',[7;9;9],1,[1;1;1],0,3,[-1;1;1],0,0},{'M',[256;1;16],1,[1;1;1],0,[8;0;4]},{'A',[8136;104;584],2,[256;1;16],1,5,[-7;9;9],1,3},{'M',[1;2;128],1,[1;1;1],0,[0;1;7]},{'A',[-29;35;287],2,[1;2;128],1,1,[-31;31;31],1,0},{'M',[-31;-124;-124],2,[-31;-31;-31],1,[0;2;2]},{'A',[-91;283;39],3,[-29;35;287],2,0,[-31;124;-124],2,1},{'M',[224;-31;36],2,[-31;-31;-31],1,[NaN;0;NaN],[7;9;9],1,[5;NaN;2]},{'A',[282;-101;610],3,[224;-31;36],2,0,[29;-35;287],2,1},{'A',[-955;211;-329],3,[496;1792;-2048],2,-3,[-8136;-104;-584],2,-3},{'M',[-62;-31;-31],2,[-31;-31;-31],1,[1;0;0]},{'A',[963;-461;-209],3,[-29;35;287],2,0,[62;-31;-31],2,4},{'M',[448;-31;72],2,[-31;-31;-31],1,[NaN;0;NaN],[7;9;9],1,[6;NaN;3]},{'M',[7;36;9],2,[7;9;9],1,[0;2;0]},{'A',[455;5;63],3,[448;-31;72],2,0,[7;36;-9],2,0},{'M',[963;20;252],4,[963;-461;-209],3,[0;NaN;NaN],[455;5;63],3,[NaN;2;2]},{'O',[963;20;252],4,[963;20;252],4,0},{'M',[-955;-808;-209],4,[282;-101;610],3,[NaN;3;NaN],[-955;211;-329],3,[0;NaN;NaN],[963;-461;-209],3,[NaN;NaN;0]},{'O',[955;808;209],4,[955;808;209],4,0},{'M',[564;211;610],4,[282;-101;610],3,[1;NaN;0],[-955;211;-329],3,[NaN;0;NaN]},{'O',[564;211;610],4,[564;211;610],4,0},{'M',[-91;-922;-658],4,[-91;283;39],3,[0;NaN;NaN],[-955;211;-329],3,[NaN;NaN;1],[963;-461;-209],3,[NaN;1;NaN]},{'O',[91;922;658],4,[91;922;658],4,0},{'M',[455;566;156],4,[-91;283;39],3,[NaN;1;2],[455;5;63],3,[0;NaN;NaN]},{'O',[455;566;156],4,[455;566;156],4,0}}
Adder graph: {{'A',[15;17;17],1,[1;1;1],0,4,[-1;1;1],0,0},{'R',[1;1;1],1,[1;1;1],0},{'A',[59;67;69],2,[15;17;17],1,2,[-1;-1;1],1,0},{'M',[1;8;4],1,[1;1;1],0,[0;3;2]},{'M',[8;4;1],1,[1;1;1],0,[3;2;0]},{'A',[16;264;130],2,[1;8;4],1,5,[-8;4;1],1,1},{'A',[91;461;329],3,[16;264;130],2,1,[59;-67;69],2,0},{'M',[1;2;4],1,[1;1;1],0,[0;1;2]},{'A',[7;18;28],2,[1;2;4],1,3,[-1;2;-4],1,0},{'M',[64;1;1],1,[1;1;1],0,[6;0;0]},{'A',[113;19;-15],2,[64;1;1],1,1,[-15;17;-17],1,0},{'M',[904;38;28],3,[7;18;28],2,[NaN;NaN;0],[113;19;-15],2,[3;1;NaN]},{'M',[59;18;224],3,[59;67;69],2,[0;NaN;NaN],[7;18;28],2,[NaN;0;3]},{'A',[963;20;252],4,[904;38;28],3,0,[59;-18;224],3,0},{'M',[112;67;130],3,[59;67;69],2,[NaN;0;NaN],[16;264;130],2,[NaN;NaN;0],[7;18;28],2,[4;NaN;NaN]},{'M',[113;36;-120],3,[7;18;28],2,[NaN;1;NaN],[113;19;-15],2,[0;NaN;3]},{'A',[564;211;610],4,[112;67;130],3,0,[113;36;120],3,2},{'M',[7;38;-120],3,[7;18;28],2,[0;NaN;NaN],[113;19;-15],2,[NaN;1;3]},{'M',[224;264;138],3,[59;67;69],2,[NaN;NaN;1],[16;264;130],2,[NaN;0;NaN],[7;18;28],2,[5;NaN;NaN]},{'A',[455;566;156],4,[7;38;-120],3,0,[224;264;138],3,1},{'M',[896;1072;-15],3,[59;67;69],2,[NaN;4;NaN],[7;18;28],2,[7;NaN;NaN],[113;19;-15],2,[NaN;NaN;0]},{'M',[59;264;224],3,[59;67;69],2,[0;NaN;NaN],[16;264;130],2,[NaN;0;NaN],[7;18;28],2,[NaN;NaN;3]},{'A',[955;808;209],4,[896;1072;-15],3,0,[59;-264;224],3,0},{'O',[963;20;252],4,[963;20;252],4,0},{'O',[955;808;209],4,[955;808;209],4,0},{'O',[564;211;610],4,[564;211;610],4,0},{'M',[91;922;658],4,[91;461;329],3,[0;1;1]},{'O',[91;922;658],4,[91;922;658],4,0},{'O',[455;566;156],4,[455;566;156],4,0}}
Adder graph: {{'A',[5;5;3],1,[1;1;1],0,2,[1;1;-1],0,0},{'A',[15;15;17],1,[1;1;1],0,4,[-1;-1;1],0,0},{'A',[7;9;7],1,[1;1;1],0,3,[-1;1;-1],0,0},{'M',[1;256;2],1,[1;1;1],0,[0;8;1]},{'A',[61;-196;66],2,[15;15;17],1,2,[1;-256;-2],1,0},{'M',[7;576;56],2,[7;9;7],1,[0;6;3]},{'M',[448;10;17],2,[5;5;3],1,[NaN;1;NaN],[15;15;17],1,[NaN;NaN;0],[7;9;7],1,[6;NaN;NaN]},{'A',[455;566;39],3,[7;576;56],2,0,[448;-10;-17],2,0},{'M',[960;15;192],2,[5;5;3],1,[NaN;NaN;6],[15;15;17],1,[6;0;NaN]},{'M',[5;5;17],2,[5;5;3],1,[0;0;NaN],[15;15;17],1,[NaN;NaN;0]},{'A',[955;10;209],3,[960;15;192],2,0,[-5;-5;17],2,0},{'M',[30;15;544],2,[15;15;17],1,[1;0;5]},{'A',[91;211;610],3,[30;15;544],2,0,[61;196;66],2,0},{'M',[4;4;1],1,[1;1;1],0,[2;2;0]},{'A',[121;119;39],2,[4;4;1],1,5,[-7;-9;7],1,0},{'M',[5;30;17],2,[5;5;3],1,[0;NaN;NaN],[15;15;17],1,[NaN;1;0]},{'A',[963;922;329],3,[121;119;39],2,3,[-5;-30;17],2,0},{'M',[10;9;12],2,[5;5;3],1,[1;NaN;2],[7;9;7],1,[NaN;0;NaN]},{'A',[564;404;252],3,[121;119;39],2,2,[10;-9;12],2,3},{'M',[963;20;252],4,[955;10;209],3,[NaN;1;NaN],[963;922;329],3,[0;NaN;NaN],[564;404;252],3,[NaN;NaN;0]},{'O',[963;20;252],4,[963;20;252],4,0},{'M',[955;808;209],4,[955;10;209],3,[0;NaN;0],[564;404;252],3,[NaN;1;NaN]},{'O',[955;808;209],4,[955;808;209],4,0},{'M',[564;211;610],4,[91;211;610],3,[NaN;0;0],[564;404;252],3,[0;NaN;NaN]},{'O',[564;211;610],4,[564;211;610],4,0},{'M',[91;922;658],4,[91;211;610],3,[0;NaN;NaN],[963;922;329],3,[NaN;0;1]},{'O',[91;922;658],4,[91;922;658],4,0},{'M',[455;566;156],4,[455;566;39],3,[0;0;2]},{'O',[455;566;156],4,[455;566;156],4,0}}
Adder graph: {{'A',[15;15;17],1,[1;1;1],0,4,[-1;-1;1],0,0},{'M',[1;256;32],1,[1;1;1],0,[0;8;5]},{'A',[13;527;-47],2,[15;15;17],1,0,[-1;256;-32],1,1},{'M',[1;1;2],1,[1;1;1],0,[0;0;1]},{'M',[1;8;1],1,[1;1;1],0,[0;3;0]},{'A',[5;33;-2],2,[1;1;2],1,0,[1;8;-1],1,2},{'M',[1;64;2],1,[1;1;1],0,[0;6;1]},{'A',[481;544;546],2,[15;15;17],1,5,[1;64;2],1,0},{'M',[1;2;2],1,[1;1;1],0,[0;1;1]},{'A',[121;122;-134],2,[1;2;2],1,0,[15;15;-17],1,3},{'M',[121;33;-2],3,[5;33;-2],2,[NaN;0;0],[121;122;-134],2,[0;NaN;NaN]},{'M',[5;244;-268],3,[5;33;-2],2,[0;NaN;NaN],[121;122;-134],2,[NaN;1;1]},{'A',[963;20;252],4,[121;33;-2],3,3,[-5;-244;268],3,0},{'M',[80;244;546],3,[5;33;-2],2,[4;NaN;NaN],[481;544;546],2,[NaN;NaN;0],[121;122;-134],2,[NaN;1;NaN]},{'M',[484;33;-64],3,[5;33;-2],2,[NaN;0;5],[121;122;-134],2,[2;NaN;NaN]},{'A',[564;211;610],4,[80;244;546],3,0,[484;-33;64],3,0},{'M',[13;132;-752],3,[13;527;-47],2,[0;NaN;4],[5;33;-2],2,[NaN;2;NaN]},{'M',[52;527;-47],3,[13;527;-47],2,[2;0;0]},{'A',[-91;-922;-658],4,[13;132;-752],3,0,[-52;-527;47],3,1},{'M',[13;244;-94],3,[13;527;-47],2,[0;NaN;1],[121;122;-134],2,[NaN;1;NaN]},{'M',[481;1054;-32],3,[13;527;-47],2,[NaN;1;NaN],[5;33;-2],2,[NaN;NaN;4],[481;544;546],2,[0;NaN;NaN]},{'A',[-455;-566;-156],4,[13;244;-94],3,1,[-481;-1054;32],3,0},{'M',[968;544;-47],3,[13;527;-47],2,[NaN;NaN;0],[481;544;546],2,[NaN;0;NaN],[121;122;-134],2,[3;NaN;NaN]},{'M',[13;264;-256],3,[13;527;-47],2,[0;NaN;NaN],[5;33;-2],2,[NaN;3;7]},{'A',[955;808;209],4,[968;544;-47],3,0,[-13;264;256],3,0},{'O',[963;20;252],4,[963;20;252],4,0},{'O',[955;808;209],4,[955;808;209],4,0},{'O',[564;211;610],4,[564;211;610],4,0},{'O',[91;922;658],4,[91;922;658],4,0},{'O',[455;566;156],4,[455;566;156],4,0}}
Adder graph: {{'M',[128;1;8],1,[1;1;1],0,[7;0;3]},{'M',[1;16;16],1,[1;1;1],0,[0;4;4]},{'A',[1020;72;128],2,[128;1;8],1,3,[-1;16;16],1,2},{'A',[65;65;65],1,[1;1;1],0,6,[1;1;1],0,0},{'M',[4;1;8],1,[1;1;1],0,[2;0;3]},{'A',[57;67;81],2,[65;65;65],1,0,[-4;1;8],1,1},{'M',[1;1;4],1,[1;1;1],0,[0;0;2]},{'A',[-63;193;577],2,[65;65;65],1,0,[-1;1;4],1,7},{'M',[1;2;2],1,[1;1;1],0,[0;1;1]},{'M',[1;1;2],1,[1;1;1],0,[0;0;1]},{'A',[7;15;14],2,[1;2;2],1,3,[-1;-1;-2],1,0},{'A',[963;5;209],3,[1020;72;128],2,0,[-57;-67;81],2,0},{'M',[28;386;81],3,[57;67;81],2,[NaN;NaN;0],[-63;193;577],2,[NaN;1;NaN],[7;15;14],2,[2;NaN;NaN]},{'M',[-63;536;577],3,[57;67;81],2,[NaN;3;NaN],[-63;193;577],2,[0;NaN;0]},{'A',[91;922;658],4,[28;386;81],3,0,[63;536;577],3,0},{'M',[7;536;128],3,[1020;72;128],2,[NaN;NaN;0],[57;67;81],2,[NaN;3;NaN],[7;15;14],2,[0;NaN;NaN]},{'M',[224;15;14],3,[7;15;14],2,[5;0;0]},{'A',[455;566;156],4,[7;536;128],3,0,[224;15;14],3,1},{'M',[1020;67;162],3,[1020;72;128],2,[0;NaN;NaN],[57;67;81],2,[NaN;0;1]},{'M',[228;72;224],3,[1020;72;128],2,[NaN;0;NaN],[57;67;81],2,[2;NaN;NaN],[7;15;14],2,[NaN;NaN;4]},{'A',[564;211;610],4,[1020;67;162],3,0,[-228;72;224],3,1},{'M',[65;130;65],2,[65;65;65],1,[0;1;0]},{'A',[955;202;63],3,[1020;72;128],2,0,[-65;130;-65],2,0},{'M',[963;20;252],4,[963;5;209],3,[0;2;NaN],[955;202;63],3,[NaN;NaN;2]},{'O',[963;20;252],4,[963;20;252],4,0},{'M',[955;808;209],4,[963;5;209],3,[NaN;NaN;0],[955;202;63],3,[0;2;NaN]},{'O',[955;808;209],4,[955;808;209],4,0},{'O',[564;211;610],4,[564;211;610],4,0},{'O',[91;922;658],4,[91;922;658],4,0},{'O',[455;566;156],4,[455;566;156],4,0}}
Adder graph: {{'M',[64;1;4],1,[1;1;1],0,[6;0;2]},{'M',[32;1;1],1,[1;1;1],0,[5;0;0]},{'A',[224;5;17],2,[64;1;4],1,2,[-32;1;1],1,0},{'A',[7;9;7],1,[1;1;1],0,3,[-1;1;-1],0,0},{'M',[7;576;112],2,[7;9;7],1,[0;6;4]},{'A',[455;566;78],3,[7;576;112],2,0,[224;-5;-17],2,1},{'M',[1;4;4],1,[1;1;1],0,[0;2;2]},{'A',[13;22;18],2,[7;9;7],1,1,[-1;4;4],1,0},{'M',[128;4;1],1,[1;1;1],0,[7;2;0]},{'A',[121;13;-6],2,[128;4;1],1,0,[-7;9;-7],1,0},{'R',[1;1;1],1,[1;1;1],0},{'A',[5;7;5],2,[7;9;7],1,0,[-1;-1;-1],1,1},{'M',[40;112;17],3,[224;5;17],2,[NaN;NaN;0],[5;7;5],2,[3;4;NaN]},{'M',[484;13;576],3,[13;22;18],2,[NaN;NaN;5],[121;13;-6],2,[2;0;NaN]},{'A',[564;211;610],4,[40;112;17],3,1,[484;-13;576],3,0},{'M',[968;13;288],3,[13;22;18],2,[NaN;NaN;4],[121;13;-6],2,[3;0;NaN]},{'M',[5;7;36],3,[13;22;18],2,[NaN;NaN;1],[5;7;5],2,[0;0;NaN]},{'A',[963;20;252],4,[968;13;288],3,0,[-5;7;-36],3,0},{'M',[968;104;17],3,[224;5;17],2,[NaN;NaN;0],[121;13;-6],2,[3;3;NaN]},{'M',[13;704;-192],3,[13;22;18],2,[0;5;NaN],[121;13;-6],2,[NaN;NaN;5]},{'A',[955;808;209],4,[968;104;17],3,0,[-13;704;192],3,0},{'M',[13;112;80],3,[13;22;18],2,[0;NaN;NaN],[5;7;5],2,[NaN;4;4]},{'M',[13;26;18],3,[13;22;18],2,[0;NaN;0],[121;13;-6],2,[NaN;1;NaN]},{'A',[91;922;658],4,[13;112;80],3,3,[-13;26;18],3,0},{'O',[963;20;252],4,[963;20;252],4,0},{'O',[955;808;209],4,[955;808;209],4,0},{'O',[564;211;610],4,[564;211;610],4,0},{'O',[91;922;658],4,[91;922;658],4,0},{'M',[455;566;156],4,[455;566;78],3,[0;0;1]},{'O',[455;566;156],4,[455;566;156],4,0}}
Adder graph: {{'A',[3;3;1],1,[1;1;1],0,1,[1;1;-1],0,0},{'M',[1;16;1],1,[1;1;1],0,[0;4;0]},{'A',[7;22;3],2,[1;16;1],1,0,[3;3;1],1,1},{'M',[1;1;8],1,[1;1;1],0,[0;0;3]},{'M',[2;16;1],1,[1;1;1],0,[1;4;0]},{'A',[3;17;9],2,[1;1;8],1,0,[2;16;1],1,0},{'M',[1;256;16],1,[1;1;1],0,[0;8;4]},{'M',[64;1;1],1,[1;1;1],0,[6;0;0]},{'A',[-511;248;24],2,[1;256;16],1,0,[-64;-1;1],1,3},{'M',[2;1;8],1,[1;1;1],0,[1;0;3]},{'A',[67;35;257],2,[2;1;8],1,5,[3;3;1],1,0},{'M',[67;88;288],3,[7;22;3],2,[NaN;2;NaN],[3;17;9],2,[NaN;NaN;5],[67;35;257],2,[0;NaN;NaN]},{'M',[224;17;9],3,[7;22;3],2,[5;NaN;NaN],[3;17;9],2,[NaN;0;0]},{'A',[963;20;252],4,[67;88;288],3,0,[224;-17;-9],3,2},{'A',[91;-101;329],3,[67;35;257],2,0,[3;-17;9],2,3},{'A',[-955;461;-209],3,[-511;248;24],2,1,[67;-35;-257],2,0},{'M',[14;17;6],3,[7;22;3],2,[1;NaN;1],[3;17;9],2,[NaN;0;NaN]},{'M',[7;22;36],3,[7;22;3],2,[0;0;NaN],[3;17;9],2,[NaN;NaN;2]},{'A',[455;566;156],4,[14;17;6],3,5,[7;22;-36],3,0},{'M',[28;35;96],3,[7;22;3],2,[2;NaN;NaN],[-511;248;24],2,[NaN;NaN;2],[67;35;257],2,[NaN;0;NaN]},{'M',[268;88;257],3,[7;22;3],2,[NaN;2;NaN],[67;35;257],2,[2;NaN;0]},{'A',[564;211;610],4,[28;35;96],3,0,[268;88;257],3,1},{'O',[963;20;252],4,[963;20;252],4,0},{'M',[-955;-808;-209],4,[91;-101;329],3,[NaN;3;NaN],[-955;461;-209],3,[0;NaN;0]},{'O',[955;808;209],4,[955;808;209],4,0},{'O',[564;211;610],4,[564;211;610],4,0},{'M',[91;922;658],4,[91;-101;329],3,[0;NaN;1],[-955;461;-209],3,[NaN;1;NaN]},{'O',[91;922;658],4,[91;922;658],4,0},{'O',[455;566;156],4,[455;566;156],4,0}}
Adder graph: {{'A',[15;15;17],1,[1;1;1],0,4,[-1;-1;1],0,0},{'A',[-7;9;-7],1,[1;1;1],0,0,[-1;1;-1],0,3},{'A',[5;5;3],1,[1;1;1],0,2,[1;1;-1],0,0},{'M',[960;15;17],2,[15;15;17],1,[6;0;0]},{'M',[5;5;192],2,[5;5;3],1,[0;0;6]},{'A',[955;20;209],3,[960;15;17],2,0,[-5;5;192],2,0},{'M',[4;1;1],1,[1;1;1],0,[2;0;0]},{'A',[244;241;273],2,[4;1;1],1,0,[15;15;17],1,4},{'M',[-7;10;17],2,[15;15;17],1,[NaN;NaN;0],[-7;9;-7],1,[0;NaN;NaN],[5;5;3],1,[NaN;1;NaN]},{'M',[-56;72;-7],2,[-7;9;-7],1,[3;3;0]},{'A',[-455;-566;-39],3,[-7;10;17],2,0,[-56;-72;-7],2,3},{'M',[160;15;-28],2,[15;15;17],1,[NaN;0;NaN],[-7;9;-7],1,[NaN;NaN;2],[5;5;3],1,[5;NaN;NaN]},{'A',[564;211;329],3,[244;241;273],2,0,[160;-15;28],2,1},{'M',[4;4;1],1,[1;1;1],0,[2;2;0]},{'A',[121;119;39],2,[4;4;1],1,5,[-7;-9;7],1,0},{'M',[5;30;-7],2,[15;15;17],1,[NaN;1;NaN],[-7;9;-7],1,[NaN;NaN;0],[5;5;3],1,[0;NaN;NaN]},{'A',[963;922;305],3,[121;119;39],2,3,[-5;-30;-7],2,0},{'M',[15;9;12],2,[15;15;17],1,[0;NaN;NaN],[-7;9;-7],1,[NaN;0;NaN],[5;5;3],1,[NaN;NaN;2]},{'A',[91;101;63],3,[121;119;39],2,0,[-15;-9;12],2,1},{'M',[963;20;252],4,[955;20;209],3,[NaN;0;NaN],[963;922;305],3,[0;NaN;NaN],[91;101;63],3,[NaN;NaN;2]},{'O',[963;20;252],4,[963;20;252],4,0},{'M',[955;808;209],4,[955;20;209],3,[0;NaN;0],[91;101;63],3,[NaN;3;NaN]},{'O',[955;808;209],4,[955;808;209],4,0},{'M',[564;211;610],4,[564;211;329],3,[0;0;NaN],[963;922;305],3,[NaN;NaN;1]},{'O',[564;211;610],4,[564;211;610],4,0},{'M',[91;922;658],4,[564;211;329],3,[NaN;NaN;1],[963;922;305],3,[NaN;0;NaN],[91;101;63],3,[0;NaN;NaN]},{'O',[91;922;658],4,[91;922;658],4,0},{'M',[-455;-566;-156],4,[-455;-566;-39],3,[0;0;2]},{'O',[455;566;156],4,[455;566;156],4,0}}
Adder graph: {{'A',[3;5;5],1,[1;1;1],0,2,[-1;1;1],0,0},{'A',[7;7;9],1,[1;1;1],0,3,[-1;-1;1],0,0},{'M',[4;1;32],1,[1;1;1],0,[2;0;5]},{'A',[60;57;40],2,[7;7;9],1,3,[4;1;-32],1,0},{'M',[256;1;1],1,[1;1;1],0,[8;0;0]},{'A',[270;13;17],2,[7;7;9],1,1,[256;-1;-1],1,0},{'M',[1;128;32],1,[1;1;1],0,[0;7;5]},{'A',[5;263;73],2,[7;7;9],1,0,[-1;128;32],1,1},{'M',[120;114;17],3,[60;57;40],2,[1;1;NaN],[270;13;17],2,[NaN;NaN;0]},{'M',[5;104;73],3,[270;13;17],2,[NaN;3;NaN],[5;263;73],2,[0;NaN;0]},{'A',[955;808;209],4,[120;114;17],3,3,[-5;-104;73],3,0},{'M',[96;20;5],2,[3;5;5],1,[5;2;0]},{'A',[91;283;78],3,[96;20;5],2,0,[-5;263;73],2,0},{'M',[3;10;18],2,[3;5;5],1,[0;1;NaN],[7;7;9],1,[NaN;NaN;1]},{'A',[963;922;658],3,[60;57;40],2,4,[3;10;18],2,0},{'M',[224;5;36],2,[3;5;5],1,[NaN;0;NaN],[7;7;9],1,[5;NaN;2]},{'M',[7;5;9],2,[3;5;5],1,[NaN;0;NaN],[7;7;9],1,[0;NaN;0]},{'A',[455;5;63],3,[224;5;36],2,1,[7;-5;-9],2,0},{'M',[3;56;72],2,[3;5;5],1,[0;NaN;NaN],[7;7;9],1,[NaN;3;3]},{'A',[282;211;305],3,[3;56;72],2,2,[270;-13;17],2,0},{'M',[963;20;252],4,[963;922;658],3,[0;NaN;NaN],[455;5;63],3,[NaN;2;2]},{'O',[963;20;252],4,[963;20;252],4,0},{'O',[955;808;209],4,[955;808;209],4,0},{'M',[564;211;610],4,[282;211;305],3,[1;0;1]},{'O',[564;211;610],4,[564;211;610],4,0},{'M',[91;922;658],4,[91;283;78],3,[0;NaN;NaN],[963;922;658],3,[NaN;0;0]},{'O',[91;922;658],4,[91;922;658],4,0},{'M',[455;566;156],4,[91;283;78],3,[NaN;1;1],[455;5;63],3,[0;NaN;NaN]},{'O',[455;566;156],4,[455;566;156],4,0}}
Finished solving after 259195 seconds
Adder graph: {{'A',[3;5;5],1,[1;1;1],0,2,[-1;1;1],0,0},{'A',[7;7;9],1,[1;1;1],0,3,[-1;-1;1],0,0},{'M',[4;1;32],1,[1;1;1],0,[2;0;5]},{'A',[60;57;40],2,[7;7;9],1,3,[4;1;-32],1,0},{'M',[256;1;1],1,[1;1;1],0,[8;0;0]},{'A',[270;13;17],2,[7;7;9],1,1,[256;-1;-1],1,0},{'M',[1;128;32],1,[1;1;1],0,[0;7;5]},{'A',[5;263;73],2,[7;7;9],1,0,[-1;128;32],1,1},{'M',[120;114;17],3,[60;57;40],2,[1;1;NaN],[270;13;17],2,[NaN;NaN;0]},{'M',[5;104;73],3,[270;13;17],2,[NaN;3;NaN],[5;263;73],2,[0;NaN;0]},{'A',[955;808;209],4,[120;114;17],3,3,[-5;-104;73],3,0},{'M',[96;20;5],2,[3;5;5],1,[5;2;0]},{'A',[91;283;78],3,[96;20;5],2,0,[-5;263;73],2,0},{'M',[3;10;18],2,[3;5;5],1,[0;1;NaN],[7;7;9],1,[NaN;NaN;1]},{'A',[963;922;658],3,[60;57;40],2,4,[3;10;18],2,0},{'M',[224;5;36],2,[3;5;5],1,[NaN;0;NaN],[7;7;9],1,[5;NaN;2]},{'M',[7;5;9],2,[3;5;5],1,[NaN;0;NaN],[7;7;9],1,[0;NaN;0]},{'A',[455;5;63],3,[224;5;36],2,1,[7;-5;-9],2,0},{'M',[3;56;72],2,[3;5;5],1,[0;NaN;NaN],[7;7;9],1,[NaN;3;3]},{'A',[282;211;305],3,[3;56;72],2,2,[270;-13;17],2,0},{'M',[963;20;252],4,[963;922;658],3,[0;NaN;NaN],[455;5;63],3,[NaN;2;2]},{'O',[963;20;252],4,[963;20;252],4,0},{'O',[955;808;209],4,[955;808;209],4,0},{'M',[564;211;610],4,[282;211;305],3,[1;0;1]},{'O',[564;211;610],4,[564;211;610],4,0},{'M',[91;922;658],4,[91;283;78],3,[0;NaN;NaN],[963;922;658],3,[NaN;0;0]},{'O',[91;922;658],4,[91;922;658],4,0},{'M',[455;566;156],4,[91;283;78],3,[NaN;1;1],[455;5;63],3,[0;NaN;NaN]},{'O',[455;566;156],4,[455;566;156],4,0}}
# Add optimal = 1
# Mux optimal = 0
# Mux registers optimal = 0
# FAs optimal = 0
