<graph>
{{'A',[65],3,[141],2,0,[-19],2,2},{'A',[107],3,[233],2,-1,[-19],2,-1},{'A',[3784],3,[19],2,8,[-135],2,3},{'A',[1681],3,[141],2,0,[385],2,2},{'A',[95],3,[19],2,0,[19],2,2},{'A',[19],2,[7],1,2,[-9],1,0},{'A',[135],2,[9],1,4,[-9],1,0},{'A',[141],2,[9],1,0,[33],1,2},{'A',[233],2,[7],1,5,[9],1,0},{'A',[385],2,[7],1,6,[-63],1,0},{'A',[7],1,[1],0,3,[-1],0,0},{'A',[9],1,[1],0,0,[1],0,3},{'A',[33],1,[1],0,0,[1],0,5},{'A',[63],1,[1],0,6,[-1],0,0}}
</graph>
<graph>
{{'A',[114],3,[19],2,1,[19],2,2},{'A',[3820],3,[135],2,5,[-125],2,2},{'A',[1147],3,[19],2,0,[141],2,3},{'A',[2025],3,[135],2,4,[-135],2,0},{'A',[2737],3,[125],2,4,[737],2,0},{'A',[19],2,[7],1,2,[-9],1,0},{'A',[125],2,[33],1,2,[-7],1,0},{'A',[135],2,[9],1,4,[-9],1,0},{'A',[141],2,[9],1,0,[33],1,2},{'A',[737],2,[7],1,5,[513],1,0},{'A',[7],1,[1],0,3,[-1],0,0},{'A',[9],1,[1],0,0,[1],0,3},{'A',[33],1,[1],0,0,[1],0,5},{'A',[513],1,[1],0,0,[1],0,9}}
</graph>
<graph>
{{'A',[3040],3,[19],2,5,[19],2,7},{'A',[359],3,[737],2,-1,[-19],2,-1},{'A',[894],3,[233],2,2,[-19],2,1},{'A',[2198],3,[19],2,1,[135],2,4},{'A',[1221],3,[135],2,3,[141],2,0},{'A',[19],2,[7],1,2,[-9],1,0},{'A',[135],2,[9],1,4,[-9],1,0},{'A',[141],2,[9],1,0,[33],1,2},{'A',[233],2,[7],1,5,[9],1,0},{'A',[737],2,[7],1,5,[513],1,0},{'A',[7],1,[1],0,3,[-1],0,0},{'A',[9],1,[1],0,0,[1],0,3},{'A',[33],1,[1],0,0,[1],0,5},{'A',[513],1,[1],0,0,[1],0,9}}
</graph>
<graph>
{{'A',[1270],3,[125],2,3,[135],2,1},{'A',[3156],3,[19],2,2,[385],2,3},{'A',[1723],3,[233],2,3,[-141],2,0},{'A',[2019],3,[19],2,0,[125],2,4},{'A',[3685],3,[737],2,0,[737],2,2},{'A',[19],2,[7],1,2,[-9],1,0},{'A',[125],2,[33],1,2,[-7],1,0},{'A',[135],2,[9],1,4,[-9],1,0},{'A',[141],2,[9],1,0,[33],1,2},{'A',[233],2,[7],1,5,[9],1,0},{'A',[385],2,[7],1,6,[-63],1,0},{'A',[737],2,[7],1,5,[513],1,0},{'A',[7],1,[1],0,3,[-1],0,0},{'A',[9],1,[1],0,0,[1],0,3},{'A',[33],1,[1],0,0,[1],0,5},{'A',[63],1,[1],0,6,[-1],0,0},{'A',[513],1,[1],0,0,[1],0,9}}
</graph>
<merge>
107;114;2198;3156
</merge>
<merge>
95;3820;359;2019
</merge>
<merge>
65;2025;894;3685
</merge>
<merge>
1681;2737;1221;1270
</merge>
<merge>
3784;1147;3040;1723
</merge>