<graph>
{{'A',[3120],3,[59],2,5,[77],2,4},{'A',[4080],3,[1],2,12,[-1],2,4},{'A',[571],3,[1],2,9,[59],2,0},{'A',[2066],3,[1],2,11,[9],2,1},{'A',[2311],3,[1],2,9,[1799],2,0},{'R',[1],2,[1],1},{'A',[9],2,[1],1,0,[1],1,3},{'A',[59],2,[1],1,6,[-5],1,0},{'A',[77],2,[5],1,4,[-3],1,0},{'A',[1799],2,[7],1,0,[7],1,8},{'R',[1],1,[1],0},{'A',[3],1,[1],0,0,[1],0,1},{'A',[5],1,[1],0,0,[1],0,2},{'A',[7],1,[1],0,3,[-1],0,0}}
</graph>
<graph>
{{'A',[104],3,[7],2,4,[-1],2,3},{'A',[1984],3,[1],2,11,[-1],2,6},{'A',[126],3,[1],2,7,[-1],2,1},{'A',[486],3,[7],2,1,[59],2,3},{'A',[4040],3,[1],2,12,[-7],2,3},{'R',[1],2,[1],1},{'R',[7],2,[7],1},{'A',[59],2,[1],1,6,[-5],1,0},{'R',[1],1,[1],0},{'A',[5],1,[1],0,0,[1],0,2},{'A',[7],1,[1],0,3,[-1],0,0}}
</graph>
<graph>
{{'A',[3540],3,[59],2,6,[-59],2,2},{'A',[1309],3,[77],2,0,[77],2,4},{'A',[1715],3,[7],2,8,[-77],2,0},{'A',[2593],3,[1],2,0,[81],2,5},{'A',[3385],3,[81],2,6,[-1799],2,0},{'R',[1],2,[1],1},{'R',[7],2,[7],1},{'A',[59],2,[1],1,6,[-5],1,0},{'A',[77],2,[5],1,4,[-3],1,0},{'A',[81],2,[1],1,0,[5],1,4},{'A',[1799],2,[7],1,0,[7],1,8},{'R',[1],1,[1],0},{'A',[3],1,[1],0,0,[1],0,1},{'A',[5],1,[1],0,0,[1],0,2},{'A',[7],1,[1],0,3,[-1],0,0}}
</graph>
<graph>
{{'A',[4032],3,[1],2,12,[-1],2,6},{'A',[520],3,[1],2,3,[1],2,9},{'A',[594],3,[9],2,1,[9],2,6},{'A',[897],3,[1],2,0,[7],2,7},{'A',[3679],3,[81],2,0,[1799],2,1},{'R',[1],2,[1],1},{'R',[7],2,[7],1},{'A',[9],2,[1],1,0,[1],1,3},{'A',[81],2,[1],1,0,[5],1,4},{'A',[1799],2,[7],1,0,[7],1,8},{'R',[1],1,[1],0},{'A',[5],1,[1],0,0,[1],0,2},{'A',[7],1,[1],0,3,[-1],0,0}}
</graph>
<merge>
571;104;1309;520
</merge>
<merge>
4080;1984;2593;4032
</merge>
<merge>
2066;4040;1715;594
</merge>
<merge>
3120;126;3540;897
</merge>
<merge>
2311;486;3385;3679
</merge>