Adder graph: {{'A',[12;20;12],1,[1;1;1],0,4,[-1;1;-1],0,2},{'A',[7;7;9],1,[1;1;1],0,3,[-1;-1;1],0,0},{'M',[8;1;8],1,[1;1;1],0,[3;0;3]},{'A',[15;6;17],2,[7;7;9],1,0,[8;-1;8],1,0},{'A',[5;13;3],2,[12;20;12],1,0,[-7;-7;-9],1,0},{'M',[4;8;1],1,[1;1;1],0,[2;3;0]},{'A',[-3;1;10],2,[4;8;1],1,0,[-7;-7;9],1,0},{'M',[192;80;9],2,[12;20;12],1,[4;2;NaN],[7;7;9],1,[NaN;NaN;0]},{'A',[288;112;329],3,[192;80;9],2,0,[3;1;10],2,5},{'A',[135;54;153],3,[15;6;17],2,3,[15;6;17],2,0},{'M',[24;112;9],2,[12;20;12],1,[1;NaN;NaN],[7;7;9],1,[NaN;4;0]},{'A',[91;461;39],3,[24;112;9],2,2,[-5;13;3],2,0},{'M',[320;512;3],3,[5;13;3],2,[6;NaN;0],[-3;1;10],2,[NaN;9;NaN]},{'A',[455;566;156],4,[320;512;3],3,0,[135;54;153],3,0},{'M',[960;832;17],3,[15;6;17],2,[6;NaN;0],[5;13;3],2,[NaN;6;NaN]},{'M',[5;24;192],3,[15;6;17],2,[NaN;2;NaN],[5;13;3],2,[0;NaN;6]},{'A',[955;808;209],4,[960;832;17],3,0,[-5;-24;192],3,0},{'M',[-12;13;48],3,[5;13;3],2,[NaN;0;4],[-3;1;10],2,[2;NaN;NaN]},{'A',[564;211;610],4,[288;112;329],3,1,[-12;-13;-48],3,0},{'M',[120;1;40],3,[15;6;17],2,[3;NaN;NaN],[-3;1;10],2,[NaN;0;2]},{'M',[-3;12;68],3,[15;6;17],2,[NaN;1;2],[-3;1;10],2,[0;NaN;NaN]},{'A',[963;20;252],4,[120;1;40],3,3,[3;12;-68],3,0},{'O',[963;20;252],4,[963;20;252],4,0},{'O',[955;808;209],4,[955;808;209],4,0},{'O',[564;211;610],4,[564;211;610],4,0},{'M',[91;922;658],4,[288;112;329],3,[NaN;NaN;1],[91;461;39],3,[0;1;NaN]},{'O',[91;922;658],4,[91;922;658],4,0},{'O',[455;566;156],4,[455;566;156],4,0}}
Adder graph: {{'A',[3;5;5],1,[1;1;1],0,2,[-1;1;1],0,0},{'A',[1;3;1],1,[1;1;1],0,1,[-1;1;-1],0,0},{'A',[-63;65;65],1,[1;1;1],0,0,[-1;1;1],0,6},{'A',[67;77;69],2,[1;3;1],1,2,[63;65;65],1,0},{'A',[-61;-187;-59],2,[3;5;5],1,0,[-1;-3;-1],1,6},{'M',[256;48;1],2,[1;3;1],1,[8;4;0]},{'A',[963;5;63],3,[256;48;1],2,2,[-61;-187;59],2,0},{'M',[256;8;1],1,[1;1;1],0,[8;3;0]},{'M',[1;16;2],1,[1;1;1],0,[0;4;1]},{'A',[254;-24;5],2,[256;8;1],1,0,[-1;-16;2],1,1},{'A',[49;-77;-79],2,[1;3;1],1,0,[3;-5;-5],1,4},{'M',[508;-187;-472],3,[-61;-187;-59],2,[NaN;0;3],[254;-24;5],2,[1;NaN;NaN]},{'M',[1072;-24;138],3,[67;77;69],2,[4;NaN;1],[254;-24;5],2,[NaN;0;NaN]},{'A',[-564;-211;-610],4,[508;-187;-472],3,0,[-1072;-24;-138],3,0},{'M',[-252;12;65],2,[1;3;1],1,[NaN;2;NaN],[-63;65;65],1,[2;NaN;0]},{'A',[-455;101;209],3,[-252;12;65],2,1,[49;77;79],2,0},{'A',[955;-283;-39],3,[254;-24;5],2,2,[-61;-187;-59],2,0},{'M',[6;96;65],2,[3;5;5],1,[1;NaN;NaN],[1;3;1],1,[NaN;5;NaN],[-63;65;65],1,[NaN;NaN;0]},{'A',[91;461;329],3,[6;96;65],2,2,[67;77;69],2,0},{'M',[963;20;252],4,[963;5;63],3,[0;2;2]},{'O',[963;20;252],4,[963;20;252],4,0},{'M',[955;808;209],4,[-455;101;209],3,[NaN;3;0],[955;-283;-39],3,[0;NaN;NaN]},{'O',[955;808;209],4,[955;808;209],4,0},{'O',[564;211;610],4,[564;211;610],4,0},{'M',[91;922;658],4,[91;461;329],3,[0;1;1]},{'O',[91;922;658],4,[91;922;658],4,0},{'M',[-455;-566;-156],4,[-455;101;209],3,[0;NaN;NaN],[955;-283;-39],3,[NaN;1;2]},{'O',[455;566;156],4,[455;566;156],4,0}}
Adder graph: {{'A',[30;30;30],1,[1;1;1],0,5,[-1;-1;-1],0,1},{'A',[18;18;14],1,[1;1;1],0,4,[1;1;-1],0,1},{'A',[63;65;63],1,[1;1;1],0,6,[-1;1;-1],0,0},{'M',[1;1;32],1,[1;1;1],0,[0;0;5]},{'A',[160;128;624],2,[18;18;14],1,3,[1;-1;32],1,4},{'A',[204;276;212],2,[30;30;30],1,3,[-18;18;-14],1,1},{'M',[63;65;56],2,[18;18;14],1,[NaN;NaN;2],[63;65;63],1,[0;0;NaN]},{'A',[141;211;156],3,[204;276;212],2,0,[-63;-65;-56],2,0},{'A',[5;5;5],1,[1;1;1],0,2,[1;1;1],0,0},{'A',[91;101;209],3,[160;128;624],2,-2,[204;276;212],2,-2},{'M',[960;30;640],2,[30;30;30],1,[5;0;NaN],[5;5;5],1,[NaN;NaN;7]},{'M',[5;10;30],2,[30;30;30],1,[NaN;NaN;0],[5;5;5],1,[0;1;NaN]},{'A',[955;20;610],3,[960;30;640],2,0,[-5;-10;-30],2,0},{'A',[450;446;322],2,[18;18;14],1,5,[-63;-65;-63],1,1},{'M',[5;120;448],2,[30;30;30],1,[NaN;2;NaN],[18;18;14],1,[NaN;NaN;5],[5;5;5],1,[0;NaN;NaN]},{'A',[455;566;126],3,[5;120;448],2,0,[450;446;-322],2,0},{'M',[63;30;14],2,[30;30;30],1,[NaN;0;NaN],[18;18;14],1,[NaN;NaN;0],[63;65;63],1,[0;NaN;NaN]},{'A',[963;922;658],3,[63;30;14],2,0,[450;446;322],2,1},{'M',[963;20;252],4,[955;20;610],3,[NaN;0;NaN],[455;566;126],3,[NaN;NaN;1],[963;922;658],3,[0;NaN;NaN]},{'O',[963;20;252],4,[963;20;252],4,0},{'M',[955;808;209],4,[91;101;209],3,[NaN;3;0],[955;20;610],3,[0;NaN;NaN]},{'O',[955;808;209],4,[955;808;209],4,0},{'M',[564;211;610],4,[141;211;156],3,[2;0;NaN],[955;20;610],3,[NaN;NaN;0]},{'O',[564;211;610],4,[564;211;610],4,0},{'M',[91;922;658],4,[91;101;209],3,[0;NaN;NaN],[963;922;658],3,[NaN;0;0]},{'O',[91;922;658],4,[91;922;658],4,0},{'M',[455;566;156],4,[141;211;156],3,[NaN;NaN;0],[455;566;126],3,[0;0;NaN]},{'O',[455;566;156],4,[455;566;156],4,0}}
Adder graph: {{'A',[1;3;1],1,[1;1;1],0,1,[-1;1;-1],0,0},{'M',[1;8;4],1,[1;1;1],0,[0;3;2]},{'A',[-3;-29;17],2,[1;3;1],1,0,[-1;-8;4],1,2},{'A',[9;9;9],1,[1;1;1],0,3,[1;1;1],0,0},{'M',[18;9;36],2,[9;9;9],1,[1;0;2]},{'A',[282;202;610],3,[18;9;36],2,4,[-3;29;17],2,1},{'M',[64;1;64],1,[1;1;1],0,[6;0;6]},{'A',[60;13;60],2,[64;1;64],1,0,[-1;3;-1],1,2},{'A',[5;-3;5],2,[9;9;9],1,0,[-1;-3;-1],1,2},{'A',[955;211;955],3,[60;13;60],2,4,[-5;3;-5],2,0},{'A',[71;75;73],2,[9;9;9],1,3,[-1;3;1],1,0},{'M',[71;150;146],3,[71;75;73],2,[0;1;1]},{'M',[-192;208;5],3,[-3;-29;17],2,[6;NaN;NaN],[60;13;60],2,[NaN;4;NaN],[5;-3;5],2,[NaN;NaN;0]},{'A',[455;566;156],4,[71;150;146],3,0,[192;208;5],3,1},{'A',[47;-307;209],3,[-3;-29;17],2,3,[71;-75;73],2,0},{'M',[60;-6;20],3,[60;13;60],2,[0;NaN;NaN],[5;-3;5],2,[NaN;1;2]},{'M',[-3;-116;68],3,[-3;-29;17],2,[0;2;2]},{'A',[963;20;252],4,[60;-6;20],3,4,[3;116;-68],3,0},{'M',[-3;-1536;240],3,[-3;-29;17],2,[0;NaN;NaN],[60;13;60],2,[NaN;NaN;2],[5;-3;5],2,[NaN;9;NaN]},{'A',[91;922;658],4,[47;-307;209],3,1,[-3;1536;240],3,0},{'O',[963;20;252],4,[963;20;252],4,0},{'M',[955;808;209],4,[282;202;610],3,[NaN;2;NaN],[955;211;955],3,[0;NaN;NaN],[47;-307;209],3,[NaN;NaN;0]},{'O',[955;808;209],4,[955;808;209],4,0},{'M',[564;211;610],4,[282;202;610],3,[1;NaN;0],[955;211;955],3,[NaN;0;NaN]},{'O',[564;211;610],4,[564;211;610],4,0},{'O',[91;922;658],4,[91;922;658],4,0},{'O',[455;566;156],4,[455;566;156],4,0}}
Adder graph: {{'A',[-4;12;12],1,[1;1;1],0,2,[-1;1;1],0,3},{'A',[-124;372;372],2,[-4;12;12],1,5,[4;-12;-12],1,0},{'A',[-7;9;-7],1,[1;1;1],0,0,[-1;1;-1],0,3},{'M',[64;1;1],1,[1;1;1],0,[6;0;0]},{'A',[2034;50;-46],2,[-7;9;-7],1,1,[64;1;-1],1,5},{'M',[512;1;256],1,[1;1;1],0,[9;0;8]},{'A',[-519;10;249],2,[-7;9;-7],1,0,[-512;1;256],1,0},{'M',[1;512;64],1,[1;1;1],0,[0;9;6]},{'A',[-29;548;-92],2,[-7;9;-7],1,2,[-1;512;-64],1,0},{'A',[7;9;7],1,[1;1;1],0,3,[-1;1;-1],0,0},{'M',[-29;40;996],3,[-519;10;249],2,[NaN;2;2],[-29;548;-92],2,[0;NaN;NaN]},{'M',[-496;10;372],3,[-124;372;372],2,[2;NaN;0],[-519;10;249],2,[NaN;0;NaN]},{'A',[963;20;252],4,[-29;40;996],3,0,[496;-10;-372],3,1},{'M',[-8;24;7],2,[-4;12;12],1,[1;1;NaN],[7;9;7],1,[NaN;NaN;0]},{'A',[455;202;305],3,[-8;24;7],2,3,[519;10;249],2,0},{'A',[955;211;209],3,[-124;372;372],2,-1,[2034;50;46],2,-1},{'M',[56;9;-7],2,[-7;9;-7],1,[NaN;0;0],[7;9;7],1,[3;NaN;NaN]},{'A',[141;566;78],3,[56;9;-7],2,1,[29;548;92],2,0},{'M',[-58;372;-184],3,[-124;372;372],2,[NaN;0;NaN],[-29;548;-92],2,[1;NaN;1]},{'A',[-91;-922;-658],4,[141;566;78],3,0,[-58;-372;-184],3,2},{'O',[963;20;252],4,[963;20;252],4,0},{'M',[955;808;209],4,[455;202;305],3,[NaN;2;NaN],[955;211;209],3,[0;NaN;0]},{'O',[955;808;209],4,[955;808;209],4,0},{'M',[564;211;610],4,[455;202;305],3,[NaN;NaN;1],[955;211;209],3,[NaN;0;NaN],[141;566;78],3,[2;NaN;NaN]},{'O',[564;211;610],4,[564;211;610],4,0},{'O',[91;922;658],4,[91;922;658],4,0},{'M',[455;566;156],4,[455;202;305],3,[0;NaN;NaN],[141;566;78],3,[NaN;0;1]},{'O',[455;566;156],4,[455;566;156],4,0}}
Adder graph: {{'A',[2;2;6],1,[1;1;1],0,2,[-1;-1;1],0,1},{'A',[3;3;1],1,[1;1;1],0,1,[1;1;-1],0,0},{'A',[7;9;7],1,[1;1;1],0,3,[-1;1;-1],0,0},{'A',[462;558;434],2,[7;9;7],1,6,[7;-9;-7],1,1},{'M',[7;8;224],2,[2;2;6],1,[NaN;2;NaN],[7;9;7],1,[0;NaN;5]},{'A',[455;566;658],3,[462;558;434],2,0,[-7;8;224],2,0},{'M',[12;12;1],2,[3;3;1],1,[2;2;0]},{'M',[7;384;7],2,[3;3;1],1,[NaN;7;NaN],[7;9;7],1,[0;NaN;0]},{'A',[391;768;39],3,[12;12;1],2,5,[7;384;7],2,0},{'A',[67;67;193],2,[2;2;6],1,5,[3;3;1],1,0},{'M',[1;1024;1],1,[1;1;1],0,[0;10;0]},{'A',[-5;1018;-1],2,[1;1024;1],1,0,[-3;-3;-1],1,1},{'M',[7;144;448],2,[7;9;7],1,[0;4;6]},{'A',[141;10;62],3,[7;144;448],2,0,[67;-67;-193],2,1},{'A',[955;808;209],4,[141;10;62],3,2,[391;768;-39],3,0},{'M',[3;3;2],2,[3;3;1],1,[0;0;1]},{'A',[91;922;63],3,[-5;1018;-1],2,0,[3;-3;2],2,5},{'M',[56;9;7],2,[7;9;7],1,[3;0;0]},{'A',[963;211;305],3,[56;9;7],2,4,[67;67;193],2,0},{'M',[963;20;252],4,[141;10;62],3,[NaN;1;NaN],[91;922;63],3,[NaN;NaN;2],[963;211;305],3,[0;NaN;NaN]},{'O',[963;20;252],4,[963;20;252],4,0},{'O',[955;808;209],4,[955;808;209],4,0},{'M',[564;211;610],4,[141;10;62],3,[2;NaN;NaN],[963;211;305],3,[NaN;0;1]},{'O',[564;211;610],4,[564;211;610],4,0},{'M',[91;922;658],4,[455;566;658],3,[NaN;NaN;0],[91;922;63],3,[0;0;NaN]},{'O',[91;922;658],4,[91;922;658],4,0},{'M',[455;566;156],4,[455;566;658],3,[0;0;NaN],[391;768;39],3,[NaN;NaN;2]},{'O',[455;566;156],4,[455;566;156],4,0}}
Finished solving after 259196 seconds
Adder graph: {{'A',[2;2;6],1,[1;1;1],0,2,[-1;-1;1],0,1},{'A',[3;3;1],1,[1;1;1],0,1,[1;1;-1],0,0},{'A',[7;9;7],1,[1;1;1],0,3,[-1;1;-1],0,0},{'A',[462;558;434],2,[7;9;7],1,6,[7;-9;-7],1,1},{'M',[7;8;224],2,[2;2;6],1,[NaN;2;NaN],[7;9;7],1,[0;NaN;5]},{'A',[455;566;658],3,[462;558;434],2,0,[-7;8;224],2,0},{'M',[12;12;1],2,[3;3;1],1,[2;2;0]},{'M',[7;384;7],2,[3;3;1],1,[NaN;7;NaN],[7;9;7],1,[0;NaN;0]},{'A',[391;768;39],3,[12;12;1],2,5,[7;384;7],2,0},{'A',[67;67;193],2,[2;2;6],1,5,[3;3;1],1,0},{'M',[1;1024;1],1,[1;1;1],0,[0;10;0]},{'A',[-5;1018;-1],2,[1;1024;1],1,0,[-3;-3;-1],1,1},{'M',[7;144;448],2,[7;9;7],1,[0;4;6]},{'A',[141;10;62],3,[7;144;448],2,0,[67;-67;-193],2,1},{'A',[955;808;209],4,[141;10;62],3,2,[391;768;-39],3,0},{'M',[3;3;2],2,[3;3;1],1,[0;0;1]},{'A',[91;922;63],3,[-5;1018;-1],2,0,[3;-3;2],2,5},{'M',[56;9;7],2,[7;9;7],1,[3;0;0]},{'A',[963;211;305],3,[56;9;7],2,4,[67;67;193],2,0},{'M',[963;20;252],4,[141;10;62],3,[NaN;1;NaN],[91;922;63],3,[NaN;NaN;2],[963;211;305],3,[0;NaN;NaN]},{'O',[963;20;252],4,[963;20;252],4,0},{'O',[955;808;209],4,[955;808;209],4,0},{'M',[564;211;610],4,[141;10;62],3,[2;NaN;NaN],[963;211;305],3,[NaN;0;1]},{'O',[564;211;610],4,[564;211;610],4,0},{'M',[91;922;658],4,[455;566;658],3,[NaN;NaN;0],[91;922;63],3,[0;0;NaN]},{'O',[91;922;658],4,[91;922;658],4,0},{'M',[455;566;156],4,[455;566;658],3,[0;0;NaN],[391;768;39],3,[NaN;NaN;2]},{'O',[455;566;156],4,[455;566;156],4,0}}
# Add optimal = 1
# Mux optimal = 0
# Mux registers optimal = 0
# FAs optimal = 0
