Adder graph: {{'M',[0,8;1,0;1,0],1,[1,0;1,0;1,0],0,[NaN;0;0],[0,1;0,1;0,1],0,[3;NaN;NaN]},{'M',[0,1;2,0;0,8],1,[1,0;1,0;1,0],0,[NaN;1;NaN],[0,1;0,1;0,1],0,[0;NaN;3]},{'A',[0,9;3,0;1,-8],2,[0,8;1,0;1,0],1,0,[0,1;2,0;0,-8],1,0},{'M',[0,144;0,1;8,0],3,[1,0;1,0;1,0],0,[NaN;NaN;3],[0,1;0,1;0,1],0,[NaN;0;NaN],[0,9;3,0;1,-8],2,[4;NaN;NaN]},{'M',[0,4;2,0;1,0],1,[1,0;1,0;1,0],0,[NaN;1;0],[0,1;0,1;0,1],0,[2;NaN;NaN]},{'A',[0,148;2,1;9,0],4,[0,144;0,1;8,0],3,0,[0,4;2,0;1,0],1,0},{'M',[4,0;1,0;16,0],1,[1,0;1,0;1,0],0,[2;0;4]},{'M',[2,0;0,2;0,1],1,[1,0;1,0;1,0],0,[1;NaN;NaN],[0,1;0,1;0,1],0,[NaN;1;0]},{'A',[6,0;1,2;16,1],2,[4,0;1,0;16,0],1,0,[2,0;0,2;0,1],1,0},{'M',[6,0;0,2;16,-128],3,[0,1;0,1;0,1],0,[NaN;1;NaN],[0,9;3,0;1,-8],2,[NaN;NaN;4],[6,0;1,2;16,1],2,[0;NaN;NaN]},{'M',[32,0;8,4;16,1],5,[1,0;1,0;1,0],0,[5;NaN;NaN],[0,148;2,1;9,0],4,[NaN;2;NaN],[6,0;1,2;16,1],2,[NaN;NaN;0]},{'A',[-122,0;32,18;80,-124],6,[6,0;0,2;16,-128],3,0,[-32,0;8,4;16,1],5,2},{'M',[16,0;128,256;9,0],5,[1,0;1,0;1,0],0,[4;NaN;NaN],[0,148;2,1;9,0],4,[NaN;NaN;0],[6,0;1,2;16,1],2,[NaN;7;NaN]},{'M',[2,0;2,1;64,4],5,[1,0;1,0;1,0],0,[1;NaN;NaN],[0,148;2,1;9,0],4,[NaN;0;NaN],[6,0;1,2;16,1],2,[NaN;NaN;2]},{'A',[24,0;136,260;265,16],6,[16,0;128,256;9,0],5,0,[2,0;2,1;64,4],5,2},{'M',[48,0;2,1;0,1],7,[0,1;0,1;0,1],0,[NaN;NaN;0],[0,148;2,1;9,0],4,[NaN;0;NaN],[24,0;136,260;265,16],6,[1;NaN;NaN]},{'M',[-122,0;256,0;1,-8],7,[1,0;1,0;1,0],0,[NaN;8;NaN],[0,9;3,0;1,-8],2,[NaN;NaN;0],[-122,0;32,18;80,-124],6,[0;NaN;NaN]},{'A',[170,0;258,1;-1,9],8,[48,0;2,1;0,1],7,0,[122,0;256,0;-1,8],7,0},{'M',[340,0;136,260;265,16],9,[24,0;136,260;265,16],6,[NaN;0;0],[170,0;258,1;-1,9],8,[1;NaN;NaN]},{'M',[-244,0;3,0;-8,72],9,[0,9;3,0;1,-8],2,[NaN;0;NaN],[-122,0;32,18;80,-124],6,[1;NaN;NaN],[170,0;258,1;-1,9],8,[NaN;NaN;3]},{'A',[-148,0;142,260;249,160],10,[340,0;136,260;265,16],9,0,[-244,0;3,0;-8,72],9,1},{'M',[24,0;256,144;0,1],7,[0,1;0,1;0,1],0,[NaN;NaN;0],[-122,0;32,18;80,-124],6,[NaN;3;NaN],[24,0;136,260;265,16],6,[0;NaN;NaN]},{'M',[6,0;516,2;160,-248],9,[6,0;1,2;16,1],2,[0;NaN;NaN],[-122,0;32,18;80,-124],6,[NaN;NaN;1],[170,0;258,1;-1,9],8,[NaN;1;NaN]},{'A',[30,0;-260,142;-160,249],10,[24,0;256,144;0,1],7,0,[6,0;-516,-2;-160,248],9,0},{'M',[-296,0;-260,142;-160,249],11,[-148,0;142,260;249,160],10,[1;NaN;NaN],[30,0;-260,142;-160,249],10,[NaN;0;0]},{'O',[296,0;260,-142;160,-249],11,[296,0;260,-142;160,-249],11,0},{'M',[0,296;142,260;249,160],11,[0,148;2,1;9,0],4,[1;NaN;NaN],[-148,0;142,260;249,160],10,[NaN;0;0]},{'O',[0,296;142,260;249,160],11,[0,296;142,260;249,160],11,0}}
Adder graph: {{'M',[8,0;1,0;0,1],1,[1,0;1,0;1,0],0,[3;0;NaN],[0,1;0,1;0,1],0,[NaN;NaN;0]},{'M',[1,0;32,0;1,0],1,[1,0;1,0;1,0],0,[0;5;0]},{'A',[10,0;-63,0;2,1],2,[8,0;1,0;0,1],1,0,[1,0;-32,0;1,0],1,1},{'M',[2048,0;0,32;0,1],1,[1,0;1,0;1,0],0,[11;NaN;NaN],[0,1;0,1;0,1],0,[NaN;5;0]},{'M',[64,0;1,0;64,0],1,[1,0;1,0;1,0],0,[6;0;6]},{'A',[1920,0;2,32;-128,1],2,[2048,0;0,32;0,1],1,0,[-64,0;1,0;-64,0],1,1},{'M',[1,0;0,16;0,16],1,[1,0;1,0;1,0],0,[0;NaN;NaN],[0,1;0,1;0,1],0,[NaN;4;4]},{'M',[64,0;0,1;2,1],3,[1,0;1,0;1,0],0,[6;NaN;NaN],[0,1;0,1;0,1],0,[NaN;0;NaN],[10,0;-63,0;2,1],2,[NaN;NaN;0]},{'A',[-252,0;0,68;-8,60],4,[1,0;0,16;0,16],1,2,[-64,0;0,1;-2,-1],3,2},{'M',[0,32;0,1;16,8],3,[0,1;0,1;0,1],0,[5;0;NaN],[10,0;-63,0;2,1],2,[NaN;NaN;3]},{'M',[0,2;2,32;0,1],3,[0,1;0,1;0,1],0,[1;NaN;0],[1920,0;2,32;-128,1],2,[NaN;0;NaN]},{'A',[0,36;-4,-63;16,10],4,[0,32;0,1;16,8],3,0,[0,2;-2,-32;0,1],3,1},{'M',[-252,0;0,2;0,2],5,[0,1;0,1;0,1],0,[NaN;1;1],[-252,0;0,68;-8,60],4,[0;NaN;NaN]},{'M',[1920,0;-4,-63;-8,60],5,[1920,0;2,32;-128,1],2,[0;NaN;NaN],[-252,0;0,68;-8,60],4,[NaN;NaN;0],[0,36;-4,-63;16,10],4,[NaN;0;NaN]},{'A',[-2172,0;4,65;-8,62],6,[-252,0;0,2;0,2],5,0,[-1920,0;4,63;-8,60],5,0},{'M',[1280,0;16,260;-128,1],7,[10,0;-63,0;2,1],2,[7;NaN;NaN],[1920,0;2,32;-128,1],2,[NaN;NaN;0],[-2172,0;4,65;-8,62],6,[NaN;2;NaN]},{'M',[20,0;-63,0;-16,124],7,[10,0;-63,0;2,1],2,[1;0;NaN],[-2172,0;4,65;-8,62],6,[NaN;NaN;1]},{'A',[1320,0;142,260;-160,249],8,[1280,0;16,260;-128,1],7,0,[20,0;63,0;-16,124],7,1},{'M',[0,288;4,65;128,80],7,[0,36;-4,-63;16,10],4,[3;NaN;3],[-2172,0;4,65;-8,62],6,[NaN;0;NaN]},{'M',[0,4;-63,0;2,0],3,[1,0;1,0;1,0],0,[NaN;NaN;1],[0,1;0,1;0,1],0,[2;NaN;NaN],[10,0;-63,0;2,1],2,[NaN;0;NaN]},{'A',[0,296;130,65;124,80],8,[0,288;4,65;128,80],7,0,[0,4;63,0;-2,0],3,1},{'M',[1024,0;0,272;1,0],5,[1,0;1,0;1,0],0,[10;NaN;0],[-252,0;0,68;-8,60],4,[NaN;2;NaN]},{'M',[1320,0;260,130;248,160],9,[1320,0;142,260;-160,249],8,[0;NaN;NaN],[0,296;130,65;124,80],8,[NaN;1;1]},{'A',[-296,0;-260,142;249,160],10,[1024,0;0,272;1,0],5,0,[-1320,0;-260,-130;248,160],9,0},{'M',[-296,0;-260,142;-160,249],11,[1320,0;142,260;-160,249],8,[NaN;NaN;0],[-296,0;-260,142;249,160],10,[0;0;NaN]},{'O',[296,0;260,-142;160,-249],11,[296,0;260,-142;160,-249],11,0},{'M',[0,296;142,260;249,160],11,[1320,0;142,260;-160,249],8,[NaN;0;NaN],[0,296;130,65;124,80],8,[0;NaN;NaN],[-296,0;-260,142;249,160],10,[NaN;NaN;0]},{'O',[0,296;142,260;249,160],11,[0,296;142,260;249,160],11,0}}
Adder graph: {{'M',[0,1;0,4;8,0],1,[1,0;1,0;1,0],0,[NaN;NaN;3],[0,1;0,1;0,1],0,[0;2;NaN]},{'A',[0,33;0,36;-8,32],2,[0,1;0,1;0,1],0,5,[0,1;0,4;-8,0],1,0},{'M',[32,0;1,0;0,64],1,[1,0;1,0;1,0],0,[5;0;NaN],[0,1;0,1;0,1],0,[NaN;NaN;6]},{'M',[0,33;0,36;1024,0],3,[1,0;1,0;1,0],0,[NaN;NaN;10],[0,33;0,36;-8,32],2,[0;0;NaN]},{'A',[64,66;2,-72;2048,128],4,[32,0;1,0;0,64],1,1,[0,33;0,-36;1024,0],3,1},{'M',[0,8;0,1;-1024,4096],3,[0,1;0,1;0,1],0,[3;0;NaN],[0,33;0,36;-8,32],2,[NaN;NaN;7]},{'M',[0,66;2,-72;2048,128],5,[0,33;0,36;-8,32],2,[1;NaN;NaN],[64,66;2,-72;2048,128],4,[NaN;0;0]},{'A',[0,74;2,-71;-3072,3968],6,[0,8;0,1;-1024,4096],3,0,[0,66;2,-72;-2048,-128],5,0},{'M',[1,0;0,1024;256,0],1,[1,0;1,0;1,0],0,[0;NaN;8],[0,1;0,1;0,1],0,[NaN;10;NaN]},{'M',[0,296;64,0;-8,32],7,[1,0;1,0;1,0],0,[NaN;6;NaN],[0,33;0,36;-8,32],2,[NaN;NaN;0],[0,74;2,-71;-3072,3968],6,[2;NaN;NaN]},{'A',[1,-296;64,1024;248,32],8,[1,0;0,1024;256,0],1,0,[0,-296;64,0;-8,32],7,0},{'M',[2,0;64,1024;0,16],9,[1,0;1,0;1,0],0,[1;NaN;NaN],[0,1;0,1;0,1],0,[NaN;NaN;4],[1,-296;64,1024;248,32],8,[NaN;0;NaN]},{'M',[128,0;0,1152;248,32],9,[1,0;1,0;1,0],0,[7;NaN;NaN],[0,33;0,36;-8,32],2,[NaN;5;NaN],[1,-296;64,1024;248,32],8,[NaN;NaN;0]},{'A',[144,0;512,9344;248,160],10,[2,0;64,1024;0,16],9,3,[128,0;0,1152;248,32],9,0},{'M',[1,0;4096,0;1,0],1,[1,0;1,0;1,0],0,[0;12;0]},{'M',[1,-296;512,9344;248,160],11,[1,-296;64,1024;248,32],8,[0;NaN;NaN],[144,0;512,9344;248,160],10,[NaN;0;0]},{'A',[0,296;4608,9344;249,160],12,[1,0;4096,0;1,0],1,0,[-1,296;512,9344;248,160],11,0},{'M',[2,0;2,-71;0,32],7,[1,0;1,0;1,0],0,[1;NaN;NaN],[0,1;0,1;0,1],0,[NaN;NaN;5],[0,74;2,-71;-3072,3968],6,[NaN;0;NaN]},{'M',[144,0;256,0;-12288,15872],11,[1,0;1,0;1,0],0,[NaN;8;NaN],[0,74;2,-71;-3072,3968],6,[NaN;NaN;2],[144,0;512,9344;248,160],10,[0;NaN;NaN]},{'A',[148,0;260,-142;12288,-15808],12,[2,0;2,-71;0,32],7,1,[144,0;256,0;12288,-15872],11,0},{'M',[64,66;4608,9344;12288,-15808],13,[64,66;2,-72;2048,128],4,[0;NaN;NaN],[0,296;4608,9344;249,160],12,[NaN;0;NaN],[148,0;260,-142;12288,-15808],12,[NaN;NaN;0]},{'M',[64,66;64,1024;2048,128],9,[64,66;2,-72;2048,128],4,[0;NaN;0],[1,-296;64,1024;248,32],8,[NaN;0;NaN]},{'A',[0,0;71,130;160,-249],14,[64,66;4608,9344;12288,-15808],13,-6,[-64,-66;-64,-1024;-2048,-128],9,-6},{'M',[296,0;260,-142;160,-249],15,[148,0;260,-142;12288,-15808],12,[1;0;NaN],[0,0;71,130;160,-249],14,[NaN;NaN;0]},{'O',[296,0;260,-142;160,-249],15,[296,0;260,-142;160,-249],15,0},{'M',[0,296;142,260;249,160],15,[0,296;4608,9344;249,160],12,[0;NaN;0],[0,0;71,130;160,-249],14,[NaN;1;NaN]},{'O',[0,296;142,260;249,160],15,[0,296;142,260;249,160],15,0}}
Adder graph: {{'M',[0,256;0,2;0,1],1,[0,1;0,1;0,1],0,[8;1;0]},{'M',[0,8;64,0;0,1],1,[1,0;1,0;1,0],0,[NaN;6;NaN],[0,1;0,1;0,1],0,[3;NaN;0]},{'A',[0,288;256,2;0,-3],2,[0,256;0,2;0,1],1,0,[0,8;64,0;0,-1],1,2},{'M',[0,1;1,0;1,0],1,[1,0;1,0;1,0],0,[NaN;0;0],[0,1;0,1;0,1],0,[0;NaN;NaN]},{'M',[1,0;2048,16;0,256],3,[1,0;1,0;1,0],0,[0;NaN;NaN],[0,1;0,1;0,1],0,[NaN;NaN;8],[0,288;256,2;0,-3],2,[NaN;3;NaN]},{'A',[1,32;2080,16;32,-256],4,[0,1;1,0;1,0],1,5,[1,0;2048,16;0,-256],3,0},{'M',[0,288;0,32;256,0],3,[1,0;1,0;1,0],0,[NaN;NaN;8],[0,1;0,1;0,1],0,[NaN;5;NaN],[0,288;256,2;0,-3],2,[0;NaN;NaN]},{'M',[1,0;0,1024;0,-384],3,[1,0;1,0;1,0],0,[0;NaN;NaN],[0,1;0,1;0,1],0,[NaN;10;NaN],[0,288;256,2;0,-3],2,[NaN;NaN;7]},{'A',[-1,1152;0,1152;1024,384],4,[0,288;0,32;256,0],3,2,[-1,0;0,1024;0,384],3,0},{'A',[0,148;-260,142;124,80],5,[-1,1152;0,1152;1024,384],4,-3,[1,32;-2080,-16;-32,256],4,-3},{'M',[1,0;2,0;1,0],1,[1,0;1,0;1,0],0,[0;1;0]},{'M',[1,0;0,128;124,80],6,[1,0;1,0;1,0],0,[0;NaN;NaN],[0,1;0,1;0,1],0,[NaN;7;NaN],[0,148;-260,142;124,80],5,[NaN;NaN;0]},{'A',[3,0;2,-256;249,160],7,[1,0;2,0;1,0],1,0,[1,0;0,-128;124,80],6,1},{'M',[3,0;16,0;0,-3],8,[1,0;1,0;1,0],0,[NaN;4;NaN],[0,288;256,2;0,-3],2,[NaN;NaN;0],[3,0;2,-256;249,160],7,[0;NaN;NaN]},{'A',[-61,0;144,0;-64,-3],9,[3,0;16,0;0,-3],8,0,[-1,0;2,0;-1,0],1,6},{'M',[12,0;0,2;-64,-3],10,[0,1;0,1;0,1],0,[NaN;1;NaN],[3,0;2,-256;249,160],7,[2;NaN;NaN],[-61,0;144,0;-64,-3],9,[NaN;NaN;0]},{'M',[-61,0;144,0;32,-256],10,[1,32;2080,16;32,-256],4,[NaN;NaN;0],[-61,0;144,0;-64,-3],9,[0;0;NaN]},{'A',[-37,0;144,4;-160,250],11,[12,0;0,2;-64,-3],10,1,[-61,0;144,0;-32,256],10,0},{'M',[0,1;2,-256;0,1],8,[0,1;0,1;0,1],0,[0;NaN;0],[3,0;2,-256;249,160],7,[NaN;0;NaN]},{'A',[-37,1;142,260;-160,249],12,[-37,0;144,4;-160,250],11,0,[0,1;-2,256;0,-1],8,0},{'M',[-296,0;-260,142;-160,249],13,[0,148;-260,142;124,80],5,[NaN;0;NaN],[-37,0;144,4;-160,250],11,[3;NaN;NaN],[-37,1;142,260;-160,249],12,[NaN;NaN;0]},{'O',[296,0;260,-142;160,-249],13,[296,0;260,-142;160,-249],13,0},{'M',[0,296;142,260;249,160],13,[0,148;-260,142;124,80],5,[1;NaN;NaN],[3,0;2,-256;249,160],7,[NaN;NaN;0],[-37,1;142,260;-160,249],12,[NaN;0;NaN]},{'O',[0,296;142,260;249,160],13,[0,296;142,260;249,160],13,0}}
Adder graph: {{'M',[1,0;8,0;0,1],1,[1,0;1,0;1,0],0,[0;3;NaN],[0,1;0,1;0,1],0,[NaN;NaN;0]},{'A',[9,0;65,0;-1,8],2,[1,0;8,0;0,1],1,3,[1,0;1,0;-1,0],0,0},{'M',[1,0;0,8;1,0],1,[1,0;1,0;1,0],0,[0;NaN;0],[0,1;0,1;0,1],0,[NaN;3;NaN]},{'M',[18,0;65,0;0,64],3,[0,1;0,1;0,1],0,[NaN;NaN;6],[9,0;65,0;-1,8],2,[1;0;NaN]},{'A',[37,0;-130,8;1,128],4,[1,0;0,8;1,0],1,0,[18,0;-65,0;0,64],3,1},{'M',[0,16;0,1;32,0],1,[1,0;1,0;1,0],0,[NaN;NaN;5],[0,1;0,1;0,1],0,[4;0;NaN]},{'M',[0,1;0,16;0,1],1,[0,1;0,1;0,1],0,[0;4;0]},{'A',[0,40;0,-126;64,8],2,[0,16;0,1;32,0],1,1,[0,1;0,-16;0,1],1,3},{'M',[0,1;2,0;2,0],1,[1,0;1,0;1,0],0,[NaN;1;1],[0,1;0,1;0,1],0,[0;NaN;NaN]},{'M',[0,40;4,0;64,8],3,[1,0;1,0;1,0],0,[NaN;2;NaN],[0,40;0,-126;64,8],2,[0;NaN;0]},{'A',[0,-39;6,0;-62,-8],4,[0,1;2,0;2,0],1,0,[0,-40;4,0;-64,-8],3,0},{'M',[0,8;0,8;-1,8],3,[0,1;0,1;0,1],0,[3;3;NaN],[9,0;65,0;-1,8],2,[NaN;NaN;0]},{'M',[0,1;130,0;0,1],3,[0,1;0,1;0,1],0,[0;NaN;0],[9,0;65,0;-1,8],2,[NaN;1;NaN]},{'A',[0,257;130,256;-32,257],4,[0,8;0,8;-1,8],3,5,[0,1;130,0;0,1],3,0},{'M',[0,257;130,256;1,128],5,[37,0;-130,8;1,128],4,[NaN;NaN;0],[0,257;130,256;-32,257],4,[0;0;NaN]},{'M',[0,-39;0,4;-248,-32],5,[0,1;0,1;0,1],0,[NaN;2;NaN],[0,-39;6,0;-62,-8],4,[0;NaN;2]},{'A',[0,296;130,260;249,160],6,[0,257;130,256;1,128],5,0,[0,39;0,4;248,32],5,0},{'M',[0,40;0,-126;64,0],3,[1,0;1,0;1,0],0,[NaN;NaN;6],[0,40;0,-126;64,8],2,[0;0;NaN]},{'M',[296,0;-260,16;64,8],5,[37,0;-130,8;1,128],4,[3;1;NaN],[0,40;0,-126;64,8],2,[NaN;NaN;0]},{'A',[296,40;260,-142;128,8],6,[0,40;0,-126;64,0],3,0,[296,0;260,-16;64,8],5,0},{'M',[296,40;12,0;128,8],7,[0,-39;6,0;-62,-8],4,[NaN;1;NaN],[296,40;260,-142;128,8],6,[0;NaN;0]},{'M',[4096,0;130,260;-32,257],7,[1,0;1,0;1,0],0,[12;NaN;NaN],[0,257;130,256;-32,257],4,[NaN;NaN;0],[0,296;130,260;249,160],6,[NaN;0;NaN]},{'A',[4392,40;142,260;160,-249],8,[296,40;12,0;128,8],7,0,[4096,0;130,260;32,-257],7,0},{'M',[296,0;260,-142;160,-249],9,[37,0;-130,8;1,128],4,[3;NaN;NaN],[296,40;260,-142;128,8],6,[NaN;0;NaN],[4392,40;142,260;160,-249],8,[NaN;NaN;0]},{'O',[296,0;260,-142;160,-249],9,[296,0;260,-142;160,-249],9,0},{'M',[0,296;142,260;249,160],9,[0,296;130,260;249,160],6,[0;NaN;0],[4392,40;142,260;160,-249],8,[NaN;0;NaN]},{'O',[0,296;142,260;249,160],9,[0,296;142,260;249,160],9,0}}
Adder graph: {{'M',[1,0;1,0;4,0],1,[1,0;1,0;1,0],0,[0;0;2]},{'M',[1,0;0,1;0,1],1,[1,0;1,0;1,0],0,[0;NaN;NaN],[0,1;0,1;0,1],0,[NaN;0;0]},{'A',[6,0;4,-2;16,2],2,[1,0;1,0;4,0],1,2,[1,0;0,-1;0,1],1,1},{'M',[0,64;1,0;0,16],1,[1,0;1,0;1,0],0,[NaN;0;NaN],[0,1;0,1;0,1],0,[6;NaN;4]},{'M',[0,64;4,-2;256,0],3,[1,0;1,0;1,0],0,[NaN;NaN;8],[0,1;0,1;0,1],0,[6;NaN;NaN],[6,0;4,-2;16,2],2,[NaN;0;NaN]},{'A',[0,-64;9,-4;-512,16],4,[0,64;1,0;0,16],1,0,[0,-64;4,-2;-256,0],3,1},{'M',[0,-64;8,0;0,128],5,[1,0;1,0;1,0],0,[NaN;3;NaN],[0,1;0,1;0,1],0,[NaN;NaN;7],[0,-64;9,-4;-512,16],4,[0;NaN;NaN]},{'M',[0,8;9,-4;128,16],5,[0,1;0,1;0,1],0,[3;NaN;NaN],[6,0;4,-2;16,2],2,[NaN;NaN;3],[0,-64;9,-4;-512,16],4,[NaN;0;NaN]},{'A',[0,-272;14,8;-256,480],6,[0,-64;8,0;0,128],5,2,[0,-8;-9,4;-128,-16],5,1},{'M',[6,0;36,-16;0,16],5,[0,1;0,1;0,1],0,[NaN;NaN;4],[6,0;4,-2;16,2],2,[0;NaN;NaN],[0,-64;9,-4;-512,16],4,[NaN;2;NaN]},{'M',[96,0;0,1;128,16],3,[0,1;0,1;0,1],0,[NaN;0;NaN],[6,0;4,-2;16,2],2,[4;NaN;3]},{'A',[-72,0;144,-63;128,80],6,[6,0;36,-16;0,16],5,2,[-96,0;0,1;128,16],3,0},{'M',[-72,0;0,16;128,80],7,[0,1;0,1;0,1],0,[NaN;4;NaN],[-72,0;144,-63;128,80],6,[0;NaN;0]},{'M',[12,0;0,2048;1,0],3,[1,0;1,0;1,0],0,[NaN;NaN;0],[0,1;0,1;0,1],0,[NaN;11;NaN],[6,0;4,-2;16,2],2,[1;NaN;NaN]},{'A',[-156,0;0,-2016;257,160],8,[-72,0;0,16;128,80],7,1,[-12,0;0,-2048;1,0],3,0},{'M',[8,0;14,8;8,0],7,[1,0;1,0;1,0],0,[3;NaN;3],[0,-272;14,8;-256,480],6,[NaN;0;NaN]},{'M',[-156,0;144,-63;257,160],9,[-72,0;144,-63;128,80],6,[NaN;0;NaN],[-156,0;0,-2016;257,160],8,[0;NaN;0]},{'A',[-148,0;-130,71;-249,-160],10,[8,0;14,8;8,0],7,0,[-156,0;-144,63;-257,-160],9,0},{'M',[0,1;8,0;0,1],1,[1,0;1,0;1,0],0,[NaN;3;NaN],[0,1;0,1;0,1],0,[0;NaN;0]},{'A',[0,2304;1136,64;-2048,3968],7,[0,1;8,0;0,1],1,7,[0,272;14,8;-256,480],6,3},{'M',[0,-64;0,-2016;-512,16],9,[0,-64;9,-4;-512,16],4,[0;NaN;0],[-156,0;0,-2016;257,160],8,[NaN;0;NaN]},{'A',[0,-148;-71,-130;-160,249],10,[0,-64;0,-2016;-512,16],9,-4,[0,-2304;-1136,-64;-2048,3968],7,-4},{'M',[-296,0;-260,142;-160,249],11,[-148,0;-130,71;-249,-160],10,[1;1;NaN],[0,-148;-71,-130;-160,249],10,[NaN;NaN;0]},{'O',[296,0;260,-142;160,-249],11,[296,0;260,-142;160,-249],11,0},{'M',[0,-296;-142,-260;-249,-160],11,[-148,0;-130,71;-249,-160],10,[NaN;NaN;0],[0,-148;-71,-130;-160,249],10,[1;1;NaN]},{'O',[0,296;142,260;249,160],11,[0,296;142,260;249,160],11,0}}
Adder graph: {{'M',[0,1;0,4;0,4],1,[0,1;0,1;0,1],0,[0;2;2]},{'A',[128,-2;128,-8;128,8],2,[1,0;1,0;1,0],0,7,[0,-1;0,-4;0,4],1,1},{'M',[0,1;0,32;0,1],1,[0,1;0,1;0,1],0,[0;5;0]},{'M',[1,0;1,0;0,256],1,[1,0;1,0;1,0],0,[0;0;NaN],[0,1;0,1;0,1],0,[NaN;NaN;8]},{'A',[-1,1;-1,32;0,257],2,[0,1;0,32;0,1],1,0,[-1,0;-1,0;0,256],1,0},{'M',[2,0;0,1;32,0],1,[1,0;1,0;1,0],0,[1;NaN;5],[0,1;0,1;0,1],0,[NaN;0;NaN]},{'M',[1,0;1,0;0,8],1,[1,0;1,0;1,0],0,[0;0;NaN],[0,1;0,1;0,1],0,[NaN;NaN;3]},{'A',[10,0;2,4;128,16],2,[2,0;0,1;32,0],1,2,[1,0;1,0;0,8],1,1},{'M',[-1,1;2,4;0,4],3,[0,1;0,1;0,1],0,[NaN;NaN;2],[-1,1;-1,32;0,257],2,[0;NaN;NaN],[10,0;2,4;128,16],2,[NaN;0;NaN]},{'M',[0,2;0,2;128,16],3,[0,1;0,1;0,1],0,[1;1;NaN],[10,0;2,4;128,16],2,[NaN;NaN;0]},{'A',[-16,18;32,66;128,80],4,[-1,1;2,4;0,4],3,4,[0,2;0,2;128,16],3,0},{'M',[0,2;-2,64;0,257],3,[0,1;0,1;0,1],0,[1;NaN;NaN],[-1,1;-1,32;0,257],2,[NaN;1;0]},{'M',[20,0;0,1;128,8],3,[0,1;0,1;0,1],0,[NaN;0;NaN],[128,-2;128,-8;128,8],2,[NaN;NaN;0],[10,0;2,4;128,16],2,[1;NaN;NaN]},{'A',[20,2;-2,63;-128,249],4,[0,2;-2,64;0,257],3,0,[20,0;0,-1;-128,-8],3,0},{'M',[-128,144;8,0;128,80],5,[1,0;1,0;1,0],0,[NaN;3;NaN],[-16,18;32,66;128,80],4,[3;NaN;0]},{'M',[0,2;32,66;2,0],5,[1,0;1,0;1,0],0,[NaN;NaN;1],[0,1;0,1;0,1],0,[1;NaN;NaN],[-16,18;32,66;128,80],4,[NaN;0;NaN]},{'A',[-256,296;144,264;248,160],6,[-128,144;8,0;128,80],5,1,[0,2;32,66;-2,0],5,2},{'M',[256,0;2,4;1,0],3,[1,0;1,0;1,0],0,[8;NaN;0],[10,0;2,4;128,16],2,[NaN;0;NaN]},{'A',[0,296;142,260;249,160],7,[-256,296;144,264;248,160],6,0,[256,0;-2,-4;1,0],3,0},{'M',[128,-2;128,-8;32,0],3,[1,0;1,0;1,0],0,[NaN;NaN;5],[128,-2;128,-8;128,8],2,[0;0;NaN]},{'A',[148,0;130,-71;160,-249],5,[128,-2;128,-8;32,0],3,0,[20,2;2,-63;128,-249],4,0},{'M',[296,0;260,-142;160,-249],6,[148,0;130,-71;160,-249],5,[1;1;0]},{'O',[296,0;260,-142;160,-249],6,[296,0;260,-142;160,-249],6,0},{'O',[0,296;142,260;249,160],7,[0,296;142,260;249,160],7,0}}
Adder graph: {{'M',[0,8;1,0;1,0],1,[1,0;1,0;1,0],0,[NaN;0;0],[0,1;0,1;0,1],0,[3;NaN;NaN]},{'M',[0,1;0,1;0,2],1,[0,1;0,1;0,1],0,[0;0;1]},{'A',[0,6;1,2;1,-4],2,[0,8;1,0;1,0],1,0,[0,-1;0,1;0,-2],1,1},{'M',[1,0;1,2;1,0],3,[1,0;1,0;1,0],0,[0;NaN;0],[0,6;1,2;1,-4],2,[NaN;0;NaN]},{'A',[-3,0;5,2;5,0],4,[1,0;1,2;1,0],3,0,[-1,0;1,0;1,0],0,2},{'M',[0,4;1,2;0,4],3,[0,1;0,1;0,1],0,[2;NaN;2],[0,6;1,2;1,-4],2,[NaN;0;NaN]},{'M',[256,0;1,0;256,0],1,[1,0;1,0;1,0],0,[8;0;8]},{'A',[256,128;33,64;256,128],4,[0,4;1,2;0,4],3,5,[256,0;1,0;256,0],1,0},{'M',[-3,0;0,2;0,1],5,[0,1;0,1;0,1],0,[NaN;1;0],[-3,0;5,2;5,0],4,[0;NaN;NaN]},{'M',[-6,0;1,0;10,0],5,[1,0;1,0;1,0],0,[NaN;0;NaN],[-3,0;5,2;5,0],4,[1;NaN;1]},{'A',[-54,0;-1,32;-10,16],6,[-3,0;0,2;0,1],5,4,[-6,0;-1,0;-10,0],5,0},{'M',[0,256;0,8;0,1],1,[0,1;0,1;0,1],0,[8;3;0]},{'M',[0,8;0,1;0,8],1,[0,1;0,1;0,1],0,[3;0;3]},{'A',[0,248;0,7;0,-7],2,[0,256;0,8;0,1],1,0,[0,-8;0,-1;0,-8],1,0},{'M',[0,248;10,4;1,0],5,[1,0;1,0;1,0],0,[NaN;NaN;0],[-3,0;5,2;5,0],4,[NaN;1;NaN],[0,248;0,7;0,-7],2,[0;NaN;NaN]},{'M',[0,12;33,64;2,-8],5,[0,6;1,2;1,-4],2,[1;NaN;1],[256,128;33,64;256,128],4,[NaN;0;NaN]},{'A',[0,296;142,260;-7,32],6,[0,248;10,4;1,0],5,0,[0,12;33,64;-2,8],5,2},{'M',[-384,0;0,7;0,-7],5,[-3,0;5,2;5,0],4,[7;NaN;NaN],[0,248;0,7;0,-7],2,[NaN;0;0]},{'M',[8,0;8,0;-10,16],7,[1,0;1,0;1,0],0,[3;3;NaN],[-54,0;-1,32;-10,16],6,[NaN;NaN;0]},{'A',[-256,0;-128,7;-160,249],8,[-384,0;0,7;0,-7],5,0,[8,0;-8,0;-10,16],7,4},{'M',[-256,0;-128,7;256,128],9,[256,128;33,64;256,128],4,[NaN;NaN;0],[-256,0;-128,7;-160,249],8,[0;0;NaN]},{'M',[-108,0;-2,64;-7,32],7,[-54,0;-1,32;-10,16],6,[1;1;NaN],[0,296;142,260;-7,32],6,[NaN;NaN;0]},{'A',[-148,0;-130,71;249,160],10,[-256,0;-128,7;256,128],9,0,[108,0;-2,64;-7,32],7,0},{'M',[-296,0;-260,142;-160,249],11,[-256,0;-128,7;-160,249],8,[NaN;NaN;0],[-148,0;-130,71;249,160],10,[1;1;NaN]},{'O',[296,0;260,-142;160,-249],11,[296,0;260,-142;160,-249],11,0},{'M',[0,296;142,260;249,160],11,[0,296;142,260;-7,32],6,[0;0;NaN],[-148,0;-130,71;249,160],10,[NaN;NaN;0]},{'O',[0,296;142,260;249,160],11,[0,296;142,260;249,160],11,0}}
Adder graph: {{'M',[1,0;0,16;1,0],1,[1,0;1,0;1,0],0,[0;NaN;0],[0,1;0,1;0,1],0,[NaN;4;NaN]},{'M',[0,1;64,0;4,0],1,[1,0;1,0;1,0],0,[NaN;6;2],[0,1;0,1;0,1],0,[0;NaN;NaN]},{'A',[4,4;-256,64;-12,0],2,[1,0;0,16;1,0],1,2,[0,1;-64,0;-4,0],1,2},{'M',[0,16;0,1;0,16],1,[0,1;0,1;0,1],0,[4;0;4]},{'A',[8,40;-512,126;-24,32],3,[4,4;-256,64;-12,0],2,1,[0,16;0,-1;0,16],1,1},{'M',[0,16;2,0;1,0],1,[1,0;1,0;1,0],0,[NaN;1;0],[0,1;0,1;0,1],0,[4;NaN;NaN]},{'M',[4,0;4,0;0,1],1,[1,0;1,0;1,0],0,[2;2;NaN],[0,1;0,1;0,1],0,[NaN;NaN;0]},{'A',[-128,16;-126,0;1,-32],2,[0,16;2,0;1,0],1,0,[-4,0;-4,0;0,-1],1,5},{'M',[0,64;0,64;1,-32],3,[0,1;0,1;0,1],0,[6;6;NaN],[-128,16;-126,0;1,-32],2,[NaN;NaN;0]},{'M',[0,2;1,0;2,-64],3,[1,0;1,0;1,0],0,[NaN;0;NaN],[0,1;0,1;0,1],0,[1;NaN;NaN],[-128,16;-126,0;1,-32],2,[NaN;NaN;1]},{'A',[0,72;4,64;-7,224],4,[0,64;0,64;1,-32],3,0,[0,2;1,0;-2,64],3,2},{'M',[8,0;-126,0;8,0],3,[1,0;1,0;1,0],0,[3;NaN;3],[-128,16;-126,0;1,-32],2,[NaN;0;NaN]},{'M',[0,1;0,2;0,1],1,[0,1;0,1;0,1],0,[0;1;0]},{'A',[8,-2;-126,-4;8,-2],4,[8,0;-126,0;8,0],3,0,[0,-1;0,-2;0,-1],1,1},{'M',[32,-8;-504,-16;0,1],5,[0,1;0,1;0,1],0,[NaN;NaN;0],[8,-2;-126,-4;8,-2],4,[2;2;NaN]},{'M',[8,40;-512,126;32,-8],5,[8,40;-512,126;-24,32],3,[0;0;NaN],[8,-2;-126,-4;8,-2],4,[NaN;NaN;2]},{'A',[40,32;8,-142;32,-7],6,[32,-8;-504,-16;0,1],5,0,[8,40;512,-126;32,-8],5,0},{'M',[0,72;4,64;64,-16],5,[0,72;4,64;-7,224],4,[0;0;NaN],[8,-2;-126,-4;8,-2],4,[NaN;NaN;3]},{'M',[0,8;-126,-4;-7,224],5,[0,1;0,1;0,1],0,[3;NaN;NaN],[0,72;4,64;-7,224],4,[NaN;NaN;0],[8,-2;-126,-4;8,-2],4,[NaN;0;NaN]},{'A',[0,296;142,260;249,160],6,[0,72;4,64;64,-16],5,2,[0,8;126,4;-7,224],5,0},{'M',[-128,16;-126,0;-96,128],4,[8,40;-512,126;-24,32],3,[NaN;NaN;2],[-128,16;-126,0;1,-32],2,[0;0;NaN]},{'A',[-296,0;-260,142;-160,249],7,[-128,16;-126,0;-96,128],4,1,[-40,-32;-8,142;32,-7],6,0},{'O',[296,0;260,-142;160,-249],7,[296,0;260,-142;160,-249],7,0},{'O',[0,296;142,260;249,160],6,[0,296;142,260;249,160],6,0}}
Finished solving after 22294.9 seconds
Adder graph: {{'M',[1,0;0,16;1,0],1,[1,0;1,0;1,0],0,[0;NaN;0],[0,1;0,1;0,1],0,[NaN;4;NaN]},{'M',[0,1;64,0;4,0],1,[1,0;1,0;1,0],0,[NaN;6;2],[0,1;0,1;0,1],0,[0;NaN;NaN]},{'A',[4,4;-256,64;-12,0],2,[1,0;0,16;1,0],1,2,[0,1;-64,0;-4,0],1,2},{'M',[0,16;0,1;0,16],1,[0,1;0,1;0,1],0,[4;0;4]},{'A',[8,40;-512,126;-24,32],3,[4,4;-256,64;-12,0],2,1,[0,16;0,-1;0,16],1,1},{'M',[0,16;2,0;1,0],1,[1,0;1,0;1,0],0,[NaN;1;0],[0,1;0,1;0,1],0,[4;NaN;NaN]},{'M',[4,0;4,0;0,1],1,[1,0;1,0;1,0],0,[2;2;NaN],[0,1;0,1;0,1],0,[NaN;NaN;0]},{'A',[-128,16;-126,0;1,-32],2,[0,16;2,0;1,0],1,0,[-4,0;-4,0;0,-1],1,5},{'M',[0,64;0,64;1,-32],3,[0,1;0,1;0,1],0,[6;6;NaN],[-128,16;-126,0;1,-32],2,[NaN;NaN;0]},{'M',[0,2;1,0;2,-64],3,[1,0;1,0;1,0],0,[NaN;0;NaN],[0,1;0,1;0,1],0,[1;NaN;NaN],[-128,16;-126,0;1,-32],2,[NaN;NaN;1]},{'A',[0,72;4,64;-7,224],4,[0,64;0,64;1,-32],3,0,[0,2;1,0;-2,64],3,2},{'M',[8,0;-126,0;8,0],3,[1,0;1,0;1,0],0,[3;NaN;3],[-128,16;-126,0;1,-32],2,[NaN;0;NaN]},{'M',[0,1;0,2;0,1],1,[0,1;0,1;0,1],0,[0;1;0]},{'A',[8,-2;-126,-4;8,-2],4,[8,0;-126,0;8,0],3,0,[0,-1;0,-2;0,-1],1,1},{'M',[32,-8;-504,-16;0,1],5,[0,1;0,1;0,1],0,[NaN;NaN;0],[8,-2;-126,-4;8,-2],4,[2;2;NaN]},{'M',[8,40;-512,126;32,-8],5,[8,40;-512,126;-24,32],3,[0;0;NaN],[8,-2;-126,-4;8,-2],4,[NaN;NaN;2]},{'A',[40,32;8,-142;32,-7],6,[32,-8;-504,-16;0,1],5,0,[8,40;512,-126;32,-8],5,0},{'M',[0,72;4,64;64,-16],5,[0,72;4,64;-7,224],4,[0;0;NaN],[8,-2;-126,-4;8,-2],4,[NaN;NaN;3]},{'M',[0,8;-126,-4;-7,224],5,[0,1;0,1;0,1],0,[3;NaN;NaN],[0,72;4,64;-7,224],4,[NaN;NaN;0],[8,-2;-126,-4;8,-2],4,[NaN;0;NaN]},{'A',[0,296;142,260;249,160],6,[0,72;4,64;64,-16],5,2,[0,8;126,4;-7,224],5,0},{'M',[-128,16;-126,0;-96,128],4,[8,40;-512,126;-24,32],3,[NaN;NaN;2],[-128,16;-126,0;1,-32],2,[0;0;NaN]},{'A',[-296,0;-260,142;-160,249],7,[-128,16;-126,0;-96,128],4,1,[-40,-32;-8,142;32,-7],6,0},{'O',[296,0;260,-142;160,-249],7,[296,0;260,-142;160,-249],7,0},{'O',[0,296;142,260;249,160],6,[0,296;142,260;249,160],6,0}}
# Add optimal = 0
# Mux optimal = 0
# FAs optimal = 0
