Adder graph: {{'M',[64,0;1,0;32,0],1,[1,0;1,0;1,0],0,[6;0;5]},{'M',[16,0;0,16;0,1],1,[1,0;1,0;1,0],0,[4;NaN;NaN],[0,1;0,1;0,1],0,[NaN;4;0]},{'A',[32,0;1,32;32,-2],2,[64,0;1,0;32,0],1,0,[-16,0;0,16;0,-1],1,1},{'M',[0,2;1,0;0,1],1,[1,0;1,0;1,0],0,[NaN;0;NaN],[0,1;0,1;0,1],0,[1;NaN;0]},{'M',[0,32;0,1;2,0],1,[1,0;1,0;1,0],0,[NaN;NaN;1],[0,1;0,1;0,1],0,[5;0;NaN]},{'A',[0,32;32,-1;2,32],2,[0,2;1,0;0,1],1,5,[0,-32;0,-1;2,0],1,0},{'M',[32,0;32,-1;32,-2],3,[32,0;1,32;32,-2],2,[0;NaN;0],[0,32;32,-1;2,32],2,[NaN;0;NaN]},{'O',[32,0;32,-1;32,-2],3,[32,0;32,-1;32,-2],3,0},{'M',[0,32;1,32;2,32],3,[32,0;1,32;32,-2],2,[NaN;0;NaN],[0,32;32,-1;2,32],2,[0;NaN;0]},{'O',[0,32;1,32;2,32],3,[0,32;1,32;2,32],3,0}}
Adder graph: {{'M',[2,0;0,1;0,1],1,[1,0;1,0;1,0],0,[1;NaN;NaN],[0,1;0,1;0,1],0,[NaN;0;0]},{'M',[1,0;8,0;4,0],1,[1,0;1,0;1,0],0,[0;3;2]},{'A',[-2,0;-32,1;-16,1],2,[2,0;0,1;0,1],1,0,[-1,0;-8,0;-4,0],1,2},{'M',[0,32;0,32;1,0],1,[1,0;1,0;1,0],0,[NaN;NaN;0],[0,1;0,1;0,1],0,[5;5;NaN]},{'M',[0,16;1,0;0,16],1,[1,0;1,0;1,0],0,[NaN;0;NaN],[0,1;0,1;0,1],0,[4;NaN;4]},{'A',[0,16;1,32;1,16],2,[0,32;0,32;1,0],1,0,[0,-16;1,0;0,16],1,0},{'M',[-32,0;-32,1;-32,2],3,[-2,0;-32,1;-16,1],2,[4;0;1]},{'O',[32,0;32,-1;32,-2],3,[32,0;32,-1;32,-2],3,0},{'M',[0,32;1,32;2,32],3,[0,16;1,32;1,16],2,[1;0;1]},{'O',[0,32;1,32;2,32],3,[0,32;1,32;2,32],3,0}}
Adder graph: {{'M',[8,0;0,1;0,1],1,[1,0;1,0;1,0],0,[3;NaN;NaN],[0,1;0,1;0,1],0,[NaN;0;0]},{'M',[1,0;2,0;1,0],1,[1,0;1,0;1,0],0,[0;1;0]},{'A',[-8,0;-32,1;-16,1],2,[8,0;0,1;0,1],1,0,[-1,0;-2,0;-1,0],1,4},{'M',[0,16;1,0;2,0],1,[1,0;1,0;1,0],0,[NaN;0;1],[0,1;0,1;0,1],0,[4;NaN;NaN]},{'M',[0,1;0,2;0,2],1,[0,1;0,1;0,1],0,[0;1;1]},{'A',[0,32;1,32;2,32],2,[0,16;1,0;2,0],1,0,[0,1;0,2;0,2],1,4},{'M',[-32,0;-32,1;-32,2],3,[-8,0;-32,1;-16,1],2,[2;0;1]},{'O',[32,0;32,-1;32,-2],3,[32,0;32,-1;32,-2],3,0},{'O',[0,32;1,32;2,32],2,[0,32;1,32;2,32],2,0}}
Adder graph: {{'M',[1,0;1,0;0,16],1,[1,0;1,0;1,0],0,[0;0;NaN],[0,1;0,1;0,1],0,[NaN;NaN;4]},{'M',[1,0;0,32;1,0],1,[1,0;1,0;1,0],0,[0;NaN;0],[0,1;0,1;0,1],0,[NaN;5;NaN]},{'A',[0,0;1,32;1,16],2,[1,0;1,0;0,16],1,0,[-1,0;0,32;1,0],1,0},{'M',[0,0;0,1;0,2],3,[0,1;0,1;0,1],0,[NaN;0;1],[0,0;1,32;1,16],2,[1;NaN;NaN]},{'A',[-32,0;-32,1;-32,2],4,[0,0;0,1;0,2],3,0,[-1,0;-1,0;-1,0],0,5},{'O',[32,0;32,-1;32,-2],4,[32,0;32,-1;32,-2],4,0},{'M',[0,32;1,32;2,32],3,[0,1;0,1;0,1],0,[5;NaN;NaN],[0,0;1,32;1,16],2,[NaN;0;1]},{'O',[0,32;1,32;2,32],3,[0,32;1,32;2,32],3,0}}
Adder graph: {{'M',[1,0;1,0;2,0],1,[1,0;1,0;1,0],0,[0;0;1]},{'A',[1,-32;1,32;2,32],2,[1,0;1,0;2,0],1,0,[0,-1;0,1;0,1],0,5},{'M',[16,0;0,1;0,2],1,[1,0;1,0;1,0],0,[4;NaN;NaN],[0,1;0,1;0,1],0,[NaN;0;1]},{'A',[16,0;32,-1;32,-2],2,[1,0;1,0;1,0],0,5,[-16,0;0,-1;0,-2],1,0},{'M',[32,0;32,-1;32,-2],3,[16,0;32,-1;32,-2],2,[1;0;0]},{'O',[32,0;32,-1;32,-2],3,[32,0;32,-1;32,-2],3,0},{'M',[0,32;1,32;2,32],3,[0,1;0,1;0,1],0,[5;NaN;NaN],[1,-32;1,32;2,32],2,[NaN;0;0]},{'O',[0,32;1,32;2,32],3,[0,32;1,32;2,32],3,0}}
Adder graph: {{'M',[0,2;0,1;0,2],1,[0,1;0,1;0,1],0,[1;0;1]},{'A',[32,-2;32,-1;32,-2],2,[1,0;1,0;1,0],0,5,[0,-2;0,-1;0,-2],1,0},{'M',[2,0;1,0;2,0],1,[1,0;1,0;1,0],0,[1;0;1]},{'A',[-2,32;1,32;2,32],2,[0,1;0,1;0,1],0,5,[-2,0;1,0;2,0],1,0},{'M',[32,0;32,-1;32,-2],3,[1,0;1,0;1,0],0,[5;NaN;NaN],[32,-2;32,-1;32,-2],2,[NaN;0;0]},{'O',[32,0;32,-1;32,-2],3,[32,0;32,-1;32,-2],3,0},{'M',[0,32;1,32;2,32],3,[0,1;0,1;0,1],0,[5;NaN;NaN],[-2,32;1,32;2,32],2,[NaN;0;0]},{'O',[0,32;1,32;2,32],3,[0,32;1,32;2,32],3,0}}
Finished solving after 0.291 seconds
Adder graph: {{'M',[0,2;0,1;0,2],1,[0,1;0,1;0,1],0,[1;0;1]},{'A',[32,-2;32,-1;32,-2],2,[1,0;1,0;1,0],0,5,[0,-2;0,-1;0,-2],1,0},{'M',[2,0;1,0;2,0],1,[1,0;1,0;1,0],0,[1;0;1]},{'A',[-2,32;1,32;2,32],2,[0,1;0,1;0,1],0,5,[-2,0;1,0;2,0],1,0},{'M',[32,0;32,-1;32,-2],3,[1,0;1,0;1,0],0,[5;NaN;NaN],[32,-2;32,-1;32,-2],2,[NaN;0;0]},{'O',[32,0;32,-1;32,-2],3,[32,0;32,-1;32,-2],3,0},{'M',[0,32;1,32;2,32],3,[0,1;0,1;0,1],0,[5;NaN;NaN],[-2,32;1,32;2,32],2,[NaN;0;0]},{'O',[0,32;1,32;2,32],3,[0,32;1,32;2,32],3,0}}
# Add optimal = 1
# Mux optimal = 1
# FAs optimal = 0
